request_idx,request_sent_at_utc,first_token_at_utc,full_response_received_at_utc,successful_request,records_in_request,response_token_count,input_token_count,output_token_count,first_token_ms,request_duration_ms,token_generation_duration_sum_ms,token_generation_duration_avg_ms,token_generation_duration_min_ms,token_generation_duration_max_ms,token_generation_duration_stdev_ms,token_generation_duration_p95_ms,inter_token_interval_avg_ms,inter_token_interval_stdev_ms,tokens_per_second,worker_idx,exp_num_users,workload_profile,exclude,consistent,error,response_char_count,success_rate
0,2026-09-19T05:45:20.767+00:00,2026-09-19T05:45:20.860+00:00,2026-09-19T05:45:26.894+00:00,True,68,68.0,,68.0,92.733815,6126.753143,6126.75318,90.09931147058823,28.787903999999997,160.70281599999998,25.531707878102896,112.10764605,90.05998997014925,25.722335633869168,11.098864017018874,0,64,,False,True,,291,56.69694568066818
1,2026-09-19T05:45:21.325+00:00,2026-09-19T05:45:21.551+00:00,2026-09-19T05:45:22.410+00:00,True,10,10.0,,10.0,225.314888,1084.538696,1084.538837,108.4538837,41.842262000000005,225.314888,51.82826946330043,194.26845110000002,95.469312,33.54407840630378,9.220510099715243,0,64,,False,True,,43,56.69694568066818
2,2026-09-19T05:45:21.819+00:00,2026-09-19T05:45:23.505+00:00,2026-09-19T05:45:31.995+00:00,True,88,88.0,,88.0,1685.456544,10175.716768,10175.716715,115.63314448863636,47.783438000000004,1685.456544,170.34239801086588,110.67211220000002,97.58919797701148,19.2193749155805,8.648039445902942,0,64,,False,True,,416,56.69694568066818
3,2026-09-19T05:45:22.387+00:00,2026-09-19T05:45:27.257+00:00,2026-09-19T05:45:28.439+00:00,True,13,13.0,,13.0,4869.8811749999995,6051.965015,6051.965020999999,465.5357708461538,60.075199999999995,4869.8811749999995,1323.4058878850449,2015.6179847999997,98.50698666666668,13.67728266020558,2.1480626487065044,0,64,,False,True,,57,56.69694568066818
4,2026-09-19T05:45:22.815+00:00,2026-09-19T05:45:29.528+00:00,2026-09-19T05:45:33.370+00:00,True,40,40.0,,40.0,6713.203031,10555.174231,10555.17433,263.87935825,0.0,6713.203031,1046.4147525998396,148.97922215,98.51208205128205,34.06134927690955,3.789610585727905,0,64,,False,True,,184,56.69694568066818
5,2026-09-19T05:45:23.282+00:00,2026-09-19T05:45:31.683+00:00,2026-09-19T05:45:39.704+00:00,True,82,82.0,,82.0,8400.90414,16421.398476000002,16421.398432,200.2609564878049,0.0,8400.90414,918.0636393934295,234.46740929999999,99.01844859259259,48.64490665958247,4.993484575619038,0,64,,False,True,,369,56.69694568066818
6,2026-09-19T05:45:23.859+00:00,2026-09-19T05:45:34.504+00:00,2026-09-19T05:45:41.584+00:00,True,73,73.0,,73.0,10644.189951999999,17724.589055999997,17724.588835,242.8025867808219,0.0,10644.189951999999,1235.1401839527446,166.851369,98.33887644444445,45.910136979423996,4.1185722145297685,0,64,,False,True,,147,56.69694568066818
7,2026-09-19T05:45:24.205+00:00,2026-09-19T05:45:36.864+00:00,2026-09-19T05:45:43.641+00:00,True,70,70.0,,70.0,12659.119216,19435.932016,19435.931927999998,277.6561704,0.0,12659.119216,1502.125323863007,199.00716635,98.21467826086956,49.687020444100405,3.6015767055768038,0,64,,False,True,,210,56.69694568066818
8,2026-09-19T05:45:24.742+00:00,2026-09-19T05:45:39.496+00:00,2026-09-19T05:45:45.840+00:00,True,65,65.0,,65.0,14754.114716,21097.73174,21097.731726,324.5804880923077,0.0,14754.114716,1818.3879024502053,137.6952158,99.119016,49.352974078284234,3.0808999185805366,0,64,,False,True,,230,56.69694568066818
9,2026-09-19T05:45:25.338+00:00,2026-09-19T05:45:42.650+00:00,2026-09-19T05:45:47.426+00:00,True,50,50.0,,50.0,17312.372156,22088.583868,22088.583908,441.77167816,0.0,17312.372156,2434.9783522398307,114.97356684999998,97.47370840816326,45.91324975024516,2.2636127466929015,0,64,,False,True,,226,56.69694568066818
10,2026-09-19T05:45:25.783+00:00,2026-09-19T05:45:45.338+00:00,2026-09-19T05:45:47.128+00:00,True,20,20.0,,20.0,19555.599559000002,21345.094087,21345.094159,1067.25470795,0.0,19555.599559000002,4352.257650595768,1304.75758805,94.1839225263158,71.26747125315583,0.9369834547686902,0,64,,False,True,,91,56.69694568066818
11,2026-09-19T05:45:26.137+00:00,2026-09-19T05:45:47.629+00:00,2026-09-19T05:45:54.298+00:00,True,66,66.0,,66.0,21491.950007,28160.420023,28160.420241,426.6730339545455,0.0,21491.950007,2634.1932184588677,316.2330925,102.59184640000001,84.82987318299972,2.3437150421085535,0,64,,False,True,,314,56.69694568066818
12,2026-09-19T05:45:26.499+00:00,2026-09-19T05:45:49.789+00:00,2026-09-19T05:45:52.711+00:00,True,32,32.0,,32.0,23290.394547,26212.038323,26212.03841,819.1262003125,0.0,23290.394547,4101.291246983247,276.35350465,94.24657341935485,79.87928883732096,1.2208131090637577,0,64,,False,True,,187,56.69694568066818
13,2026-09-19T05:45:26.850+00:00,2026-09-19T05:45:51.360+00:00,2026-09-19T05:45:54.944+00:00,True,36,36.0,,36.0,24510.252215,28093.996215,28093.996226,780.3887840555556,0.0,24510.252215,4069.0750344089683,443.2598495,102.39268571428572,95.92180198824208,1.2814125738644049,0,64,,False,True,,162,56.69694568066818
14,2026-09-19T05:45:27.223+00:00,2026-09-19T05:45:53.396+00:00,2026-09-19T05:45:55.980+00:00,True,29,29.0,,29.0,26172.929491,28756.645587,28756.645391,991.6084617586207,0.0,26172.929491,4843.742645431774,330.768945,92.27557485714286,83.06169676643364,1.0084625451972054,0,64,,False,True,,107,56.69694568066818
15,2026-09-19T05:45:27.702+00:00,2026-09-19T05:45:55.722+00:00,2026-09-19T05:45:59.017+00:00,True,37,37.0,,37.0,28020.807575,31315.753110999998,31315.753027,846.3717034324324,45.341415,28020.807575,4591.608035073693,113.977176,91.52626488888889,24.291441860755604,1.1815139769703749,0,64,,False,True,,122,56.69694568066818
16,2026-09-19T05:45:28.194+00:00,2026-09-19T05:45:59.015+00:00,2026-09-19T05:46:00.659+00:00,True,18,18.0,,18.0,30821.413149,32464.828957,32464.829051,1803.6016139444444,0.0,30821.413149,7242.908709187938,5088.04284145,96.67151811764705,125.1473321271274,0.5544461676924645,0,64,,False,True,,50,56.69694568066818
17,2026-09-19T05:45:28.776+00:00,2026-09-19T05:46:01.708+00:00,2026-09-19T05:46:05.999+00:00,True,43,43.0,,43.0,32932.129192,37222.672552,37222.672398,865.6435441395349,0.0,32932.129192,5007.243450784231,113.8544686,102.15579428571428,85.90722766840311,1.155209904391714,0,64,,False,True,,207,56.69694568066818
18,2026-09-19T05:45:29.197+00:00,2026-09-19T05:46:04.306+00:00,2026-09-19T05:46:10.753+00:00,True,66,66.0,,66.0,35109.310521,41556.342841,41556.342942999996,629.6415597424242,0.0,35109.310521,4310.528500467831,115.886852,99.18511261538461,97.23542103952478,1.5882052049797701,0,64,,False,True,,316,56.69694568066818
19,2026-09-19T05:45:29.546+00:00,2026-09-19T05:46:06.521+00:00,2026-09-19T05:46:09.964+00:00,True,36,36.0,,36.0,36975.168294,40418.187558000005,40418.187454000006,1122.727429277778,0.01795,36975.168294,6146.756207045525,225.61006925,98.37197897142858,88.8250283649014,0.8906881326219807,0,64,,False,True,,124,56.69694568066818
20,2026-09-19T05:45:30.048+00:00,2026-09-19T05:46:08.657+00:00,2026-09-19T05:46:13.172+00:00,True,47,47.0,,47.0,38608.31946,43123.835876,43123.835850999996,917.5284223617022,0.0,38608.31946,5618.212472799723,107.6304796,98.1634003478261,103.28805101116804,1.0898844930016356,0,64,,False,True,,224,56.69694568066818
21,2026-09-19T05:45:30.469+00:00,2026-09-19T05:46:10.655+00:00,2026-09-19T05:46:12.586+00:00,True,15,15.0,,15.0,40186.062684,42117.230939999994,42117.230805,2807.8153869999996,0.0,40186.062684,10341.786402803535,12577.823282599998,137.9405897142857,176.94684454692828,0.356148770116652,0,64,,False,True,,42,56.69694568066818
22,2026-09-19T05:45:30.958+00:00,2026-09-19T05:46:13.473+00:00,2026-09-19T05:46:17.445+00:00,True,43,43.0,,43.0,42514.518950000005,46486.18640600001,46486.186399000006,1081.0741023023256,42.584951000000004,42514.518950000005,6469.012666003441,113.03517169999999,94.56351085714284,19.975924717329338,0.9250059711168296,0,64,,False,True,,168,56.69694568066818
23,2026-09-19T05:45:31.401+00:00,2026-09-19T05:46:15.719+00:00,2026-09-19T05:46:16.296+00:00,True,7,7.0,,7.0,44317.57585,44894.718890000004,44894.718915,6413.531273571429,55.892589,44317.57585,16714.122482002414,31054.537429,96.19050666666668,19.904362066259733,0.1559203437079367,0,64,,False,True,,29,56.69694568066818
24,2026-09-19T05:45:31.751+00:00,2026-09-19T05:46:17.649+00:00,2026-09-19T05:46:25.297+00:00,True,77,77.0,,77.0,45897.47256,53545.660464,53545.660505,695.3981883766234,0.0,45897.47256,5220.437061354619,113.7163464,100.63405136842105,121.82480925323384,1.43802503009126,0,64,,False,True,,386,56.69694568066818
25,2026-09-19T05:45:32.253+00:00,2026-09-19T05:46:20.587+00:00,2026-09-19T05:46:28.594+00:00,True,79,79.0,,79.0,48333.826185000005,56340.97524100001,56340.975295000004,713.1769024683545,0.015710000000000002,48333.826185000005,5427.356440989013,115.88675509999999,102.65575712820514,100.89132559544919,1.4021766513993663,0,64,,False,True,,317,56.69694568066818
26,2026-09-19T05:45:32.706+00:00,2026-09-19T05:46:23.538+00:00,2026-09-19T05:46:29.560+00:00,True,59,59.0,,59.0,50831.925876,56854.595188,56854.595083,963.6372047966101,0.0,50831.925876,6604.981887819377,118.03237720000001,103.83912606896553,100.23649696318775,1.0377349412990424,0,64,,False,True,,257,56.69694568066818
27,2026-09-19T05:45:33.069+00:00,2026-09-19T05:46:25.296+00:00,2026-09-19T05:46:34.088+00:00,True,86,86.0,,86.0,52226.206609,61018.130065000005,61018.130019000004,709.513139755814,0.0,52226.206609,5621.159892962579,116.3504515,103.43439359999999,83.76534546299939,1.409417166805798,0,64,,False,True,,334,56.69694568066818
28,2026-09-19T05:45:33.479+00:00,2026-09-19T05:46:27.258+00:00,2026-09-19T05:46:31.403+00:00,True,42,42.0,,42.0,53779.114795,57923.953707,57923.953892000005,1379.1417593333333,0.0,53779.114795,8283.568851533604,116.08896584999998,101.093632,121.56978739621876,0.7250886258982072,0,64,,False,True,,183,56.69694568066818
29,2026-09-19T05:45:34.063+00:00,2026-09-19T05:46:30.548+00:00,2026-09-19T05:46:37.800+00:00,True,70,70.0,,70.0,56485.668538000005,63737.20645800001,63737.20639600001,910.5315199428572,0.01806,56485.668538000005,6739.321711730632,116.29418484999998,105.0947524637681,87.0622494808276,1.0982596177340607,0,64,,False,True,,378,56.69694568066818
30,2026-09-19T05:45:34.388+00:00,2026-09-19T05:46:32.319+00:00,2026-09-19T05:46:36.046+00:00,True,37,37.0,,37.0,57930.984342,61657.843094,61657.843049,1666.4281905135135,44.930644,57930.984342,9506.786516845495,116.60495660000001,103.52385422222223,14.380327647642778,0.600085863263039,0,64,,False,True,,120,56.69694568066818
31,2026-09-19T05:45:34.737+00:00,2026-09-19T05:46:34.193+00:00,2026-09-19T05:46:34.502+00:00,True,4,4.0,,4.0,59456.978726,59765.219366000005,59765.219423,14941.30485575,102.016791,59456.978726,29677.115922007393,50553.9884135,102.74688,0.8702992506396866,0.06692855882455893,0,64,,False,True,,18,56.69694568066818
32,2026-09-19T05:45:35.188+00:00,2026-09-19T05:46:36.876+00:00,2026-09-19T05:46:39.362+00:00,True,22,22.0,,22.0,61688.443314000004,64173.89176200001,64173.891673000006,2916.995076045455,0.0,61688.443314000004,13128.6715241281,885.22674715,118.354688,227.9318894757728,0.34281854187043553,0,64,,False,True,,44,56.69694568066818
33,2026-09-19T05:45:35.713+00:00,2026-09-19T05:46:39.601+00:00,2026-09-19T05:46:40.660+00:00,True,11,11.0,,11.0,63887.491086999995,64946.966030999996,64946.966131999994,5904.2696483636355,101.459662,63887.491086999995,19230.85946453664,32000.781335,105.94749440000001,4.6212278479868,0.16936895858614184,0,64,,False,True,,29,56.69694568066818
34,2026-09-19T05:45:36.113+00:00,2026-09-19T05:46:41.536+00:00,2026-09-19T05:46:43.769+00:00,True,24,24.0,,24.0,65422.269971,67656.190995,67656.19103,2819.0079595833336,47.864017,65422.269971,13334.456391906715,114.35019329999999,97.12700104347826,22.039184017757634,0.3547347204600045,0,64,,False,True,,92,56.69694568066818
35,2026-09-19T05:45:36.568+00:00,2026-09-19T05:46:44.235+00:00,2026-09-19T05:46:50.302+00:00,True,63,63.0,,63.0,67667.39747699999,73733.94749299999,73733.947464,1170.3801184761903,43.713437,67667.39747699999,8512.978187169443,109.95263499999999,97.8475809032258,16.154897102144353,0.8544232628529888,0,64,,False,True,,257,56.69694568066818
36,2026-09-19T05:45:37.135+00:00,2026-09-19T05:46:45.684+00:00,2026-09-19T05:46:53.704+00:00,True,83,83.0,,83.0,68548.784199,76569.024327,76569.024403,922.5183663012049,0.0,68548.784199,7514.273144725155,113.2568123,97.80780643902439,110.48418620479445,1.0839892597499414,0,64,,False,True,,386,56.69694568066818
37,2026-09-19T05:45:37.482+00:00,2026-09-19T05:46:48.787+00:00,2026-09-19T05:46:56.817+00:00,True,82,82.0,,82.0,71305.428927,79335.752895,79335.752977,967.5091826463415,0.0,71305.428927,7864.641369870252,113.82693375,99.13980207407407,139.51006409953416,1.0335819224974911,0,64,,False,True,,374,56.69694568066818
38,2026-09-19T05:45:37.947+00:00,2026-09-19T05:46:51.509+00:00,2026-09-19T05:46:55.785+00:00,True,42,42.0,,42.0,73561.852445,77837.811229,77837.81116299999,1853.2812181666666,0.01925,73561.852445,11335.422157716517,251.1814641,104.29167765853659,125.18854315818197,0.5395835177897715,0,64,,False,True,,194,56.69694568066818
39,2026-09-19T05:45:38.522+00:00,2026-09-19T05:46:54.070+00:00,2026-09-19T05:46:55.732+00:00,True,11,11.0,,11.0,75548.156944,77210.280464,77210.280335,7019.116394090909,0.06423999999999999,75548.156944,22729.689989155882,38200.69878100001,166.212352,243.97891462799367,0.14246807463843952,0,64,,False,True,,44,56.69694568066818
40,2026-09-19T05:45:38.918+00:00,2026-09-19T05:46:56.448+00:00,2026-09-19T05:46:57.561+00:00,True,12,12.0,,12.0,77529.40397,78642.313026,78642.312959,6553.526079916666,48.597586,77529.40397,22351.611407005632,34952.3424133,101.17355054545455,17.970729052224478,0.152589611600471,0,64,,False,True,,42,56.69694568066818
41,2026-09-19T05:45:39.474+00:00,2026-09-19T05:47:00.232+00:00,2026-09-19T05:47:03.404+00:00,True,33,33.0,,33.0,80757.859458,83930.11341,83930.11337600001,2543.336768969697,45.008944,80757.859458,14040.895417836633,113.72471900000001,99.132936,19.68835371027038,0.39318426556621516,0,64,,False,True,,99,56.69694568066818
42,2026-09-19T05:45:40.027+00:00,2026-09-19T05:47:03.511+00:00,2026-09-19T05:47:05.255+00:00,True,20,20.0,,20.0,83484.17404299999,85228.20322699999,85228.203042,4261.410152099999,0.0,83484.17404299999,18648.999260944955,5320.4633587,91.79100968421052,273.1730285567261,0.23466410463601173,0,64,,False,True,,55,56.69694568066818
43,2026-09-19T05:45:40.458+00:00,2026-09-19T05:47:05.775+00:00,2026-09-19T05:47:11.695+00:00,True,61,61.0,,61.0,85316.922407,91236.652583,91236.65255900001,1495.6828288360657,46.121332,85316.922407,10911.092908561239,113.465954,98.6621696,16.823952364202672,0.66859094753073,0,64,,False,True,,263,56.69694568066818
44,2026-09-19T05:45:41.009+00:00,2026-09-19T05:47:09.152+00:00,2026-09-19T05:47:11.592+00:00,True,25,25.0,,25.0,88142.971618,90583.86813,90583.86805199999,3623.3547220799996,51.1314,88142.971618,17608.257121673123,110.50405860000001,101.70402133333333,11.504445426928644,0.27598733103472295,0,64,,False,True,,87,56.69694568066818
45,2026-09-19T05:45:41.517+00:00,2026-09-19T05:47:11.689+00:00,2026-09-19T05:47:20.777+00:00,True,95,95.0,,95.0,90171.91871,99259.84626199999,99259.84619699999,1044.8404862842106,0.0,90171.91871,9242.940106112066,131.6369149,96.68008034042553,162.62927837074162,0.9570838922039434,0,64,,False,True,,461,56.69694568066818
46,2026-09-19T05:45:42.042+00:00,2026-09-19T05:47:14.987+00:00,2026-09-19T05:47:18.980+00:00,True,41,41.0,,41.0,92944.897206,96938.171318,96938.171277,2364.345640902439,0.016280000000000003,92944.897206,14500.881702554072,128.224469,99.8318528,165.29509729296046,0.42295000454982695,0,64,,False,True,,165,56.69694568066818
47,2026-09-19T05:45:42.573+00:00,2026-09-19T05:47:17.748+00:00,2026-09-19T05:47:24.799+00:00,True,73,73.0,,73.0,95175.534954,102226.307178,102226.307281,1400.3603737123287,0.0,95175.534954,11129.011962616018,112.46255079999999,97.927392,151.70744862686078,0.7141018981825281,0,64,,False,True,,367,56.69694568066818
48,2026-09-19T05:45:43.142+00:00,2026-09-19T05:47:20.672+00:00,2026-09-19T05:47:27.345+00:00,True,68,68.0,,68.0,97530.774127,104202.870383,104202.87054399999,1532.3951550588235,43.518678,97530.774127,11815.28155295061,111.79550985,99.58352620895523,18.455105370844127,0.6525731944817303,0,64,,False,True,,235,56.69694568066818
49,2026-09-19T05:45:43.726+00:00,2026-09-19T05:47:23.460+00:00,2026-09-19T05:47:32.843+00:00,True,97,97.0,,97.0,99733.62028,109116.608568,109116.60853700001,1124.913490072165,44.833914,99733.62028,10116.507553348963,111.08699460000001,97.73946133333332,18.424804761147612,0.888957247416198,0,64,,False,True,,414,56.69694568066818
50,2026-09-19T05:45:44.282+00:00,2026-09-19T05:47:26.979+00:00,2026-09-19T05:47:28.076+00:00,True,12,12.0,,12.0,102697.701327,103794.951375,103794.951443,8649.579286916667,51.969028,102697.701327,29617.48142623471,46274.36219825,99.75000436363636,16.186081555605973,0.11561255958052612,0,64,,True,True,,74,56.69694568066818
51,2026-09-19T05:45:44.685+00:00,2026-09-19T05:47:29.045+00:00,2026-09-19T05:47:36.441+00:00,True,76,76.0,,76.0,104359.498531,111755.347747,111755.34767,1470.4651009210527,45.972481,104359.498531,11959.555053050148,111.32392575,98.61132287999999,16.386595675919768,0.680056941633383,0,64,,True,True,,152,56.69694568066818
52,2026-09-19T05:45:45.250+00:00,2026-09-19T05:47:32.476+00:00,2026-09-19T05:47:35.301+00:00,True,30,30.0,,30.0,107225.903663,110051.01982300001,110051.019755,3668.367325166667,49.539553,107225.903663,19558.904721649888,111.98284345,97.41779862068967,18.703946198614307,0.2726008359418236,0,64,,True,True,,146,56.69694568066818
53,2026-09-19T05:45:45.816+00:00,2026-09-19T05:47:35.504+00:00,2026-09-19T05:47:43.345+00:00,True,81,81.0,,81.0,109688.07746500001,117529.49442500001,117529.494367,1450.9814119382718,45.210662,109688.07746500001,12176.688990781777,112.15353599999999,98.017712,19.667575433490683,0.6891887044718732,0,64,,True,True,,297,56.69694568066818
54,2026-09-19T05:45:46.337+00:00,2026-09-19T05:47:37.860+00:00,2026-09-19T05:47:45.946+00:00,True,84,84.0,,84.0,111522.138631,119608.783111,119608.78315399999,1423.9140851666666,46.059292,111522.138631,12157.44842556648,112.34107064999998,97.42945156626506,19.811047490880977,0.7022895628161844,0,64,,True,True,,216,56.69694568066818
55,2026-09-19T05:45:46.837+00:00,2026-09-19T05:47:40.740+00:00,2026-09-19T05:47:47.904+00:00,True,71,71.0,,71.0,113903.08116500001,121066.97031700001,121066.97032600001,1705.1685961408452,48.754266,113903.08116500001,13505.66829004736,111.81063549999999,102.3412736,11.949578996690278,0.5864522735977833,0,64,,True,True,,333,56.69694568066818
56,2026-09-19T05:45:47.242+00:00,2026-09-19T05:47:43.131+00:00,2026-09-19T05:47:50.229+00:00,True,72,72.0,,72.0,115888.844595,122986.896179,122986.896211,1708.1513362638889,48.796645,115888.844595,13645.857889316907,111.5900137,99.97255752112676,15.299008408933958,0.5854282223303559,0,64,,True,True,,271,56.69694568066818
57,2026-09-19T05:45:47.645+00:00,2026-09-19T05:47:45.218+00:00,2026-09-19T05:47:49.385+00:00,True,42,42.0,,42.0,117572.428929,121739.442817,121739.442774,2898.5581612857145,49.510863,117572.428929,18126.14123936895,110.04102055000001,101.63448507317074,12.393790566077612,0.3449991147333805,0,64,,True,True,,197,56.69694568066818
58,2026-09-19T05:45:48.085+00:00,2026-09-19T05:47:47.692+00:00,2026-09-19T05:47:55.493+00:00,True,80,80.0,,80.0,119607.250333,127408.865693,127408.86564,1592.6108205,43.922097,119607.250333,13361.46671374245,109.79411144999999,98.75462481012659,17.016931714800513,0.6278997898997487,0,64,,True,True,,273,56.69694568066818
59,2026-09-19T05:45:48.488+00:00,2026-09-19T05:47:49.804+00:00,2026-09-19T05:47:59.018+00:00,True,94,94.0,,94.0,121315.41156000001,130530.06781600001,130530.067651,1388.6177409680852,47.422307999999994,121315.41156000001,12502.51944886402,111.33769065,99.08232533333333,15.668139363226857,0.7201405896188291,0,64,,True,True,,380,56.69694568066818
60,2026-09-19T05:45:48.973+00:00,2026-09-19T05:47:52.576+00:00,2026-09-19T05:47:56.807+00:00,True,45,45.0,,45.0,123603.414735,127833.812943,127833.81287,2840.751397111111,43.384878,123603.414735,18411.385148339523,109.0888244,96.14541381818181,17.882392402952206,0.352019539775952,0,64,,True,True,,248,56.69694568066818
61,2026-09-19T05:45:49.562+00:00,2026-09-19T05:47:54.868+00:00,2026-09-19T05:48:01.508+00:00,True,68,68.0,,68.0,125306.193338,131946.037946,131946.037917,1940.3829105441175,46.685219,125306.193338,15183.598639990863,111.41315725,99.1021583283582,16.264172320032284,0.5153621969901784,0,64,,True,True,,297,56.69694568066818
62,2026-09-19T05:45:49.948+00:00,2026-09-19T05:47:56.903+00:00,2026-09-19T05:48:04.487+00:00,True,77,77.0,,77.0,126955.168675,134539.675043,134539.674955,1747.268505909091,43.804466,126955.168675,14456.52088281511,112.28748759999999,99.79613642105264,16.684435291863707,0.5723218818195462,0,64,,True,True,,386,56.69694568066818
63,2026-09-19T05:45:50.387+00:00,2026-09-19T05:47:59.943+00:00,2026-09-19T05:48:05.922+00:00,True,62,62.0,,62.0,129555.978753,135535.317761,135535.317762,2186.0535122903225,47.062849,129555.978753,16441.186809028397,111.19282099999998,98.02195095081967,18.149993030820596,0.4574453435770109,0,64,,True,True,,222,56.69694568066818
64,2026-09-19T05:45:50.857+00:00,2026-09-19T05:48:02.328+00:00,2026-09-19T05:48:05.447+00:00,True,33,33.0,,33.0,131470.73086,134589.49233200002,134589.492321,4078.4694642727277,48.512155,131470.73086,22869.15961951376,112.04122020000001,97.461296,20.38162837302726,0.24519001764711995,0,64,,True,True,,110,56.69694568066818
65,2026-09-19T05:45:51.206+00:00,2026-09-19T05:48:03.854+00:00,2026-09-19T05:48:04.809+00:00,True,11,11.0,,11.0,132648.238981,133602.422661,133602.422669,12145.67478809091,44.210855,132648.238981,39966.187283042,66380.611897,95.418368,26.842510488647186,0.08233383632504308,0,64,,True,True,,39,56.69694568066818
66,2026-09-19T05:45:51.658+00:00,2026-09-19T05:48:06.133+00:00,2026-09-19T05:48:09.044+00:00,True,29,29.0,,29.0,134475.274366,137386.531966,137386.531975,4737.466619827586,49.515982,134475.274366,24952.126666752334,114.66861999999999,103.97348571428572,11.394039794861818,0.21108328149062552,0,64,,True,True,,168,56.69694568066818
67,2026-09-19T05:45:52.239+00:00,2026-09-19T05:48:08.937+00:00,2026-09-19T05:48:11.641+00:00,True,28,28.0,,28.0,136698.330002,139402.990226,139402.99024800002,4978.678223142857,50.99977,136698.330002,25814.631108051344,115.08807114999999,100.1726008888889,17.6648533013547,0.20085652362697837,0,64,,True,True,,78,56.69694568066818
68,2026-09-19T05:45:52.712+00:00,2026-09-19T05:48:12.270+00:00,2026-09-19T05:48:17.590+00:00,True,54,54.0,,54.0,139558.25605700002,144878.051001,144878.05101000002,2682.926870555556,47.534368,139558.25605700002,18977.82000906137,110.05903029999999,100.37348950943395,15.18330633491491,0.37272726701456843,0,64,,True,True,,258,56.69694568066818
69,2026-09-19T05:45:53.266+00:00,2026-09-19T05:48:15.324+00:00,2026-09-19T05:48:20.667+00:00,True,54,54.0,,54.0,142057.68068000002,147401.10032800003,147401.100238,2729.650004407408,43.910837,142057.68068000002,19317.88991737863,114.31584315,100.81923864150943,17.655794140127952,0.3663473330920737,0,64,,True,True,,238,56.69694568066818
70,2026-09-19T05:45:53.745+00:00,2026-09-19T05:48:17.910+00:00,2026-09-19T05:48:21.858+00:00,True,40,40.0,,40.0,144164.768632,148112.779896,148112.779923,3702.819498075,43.821997,144164.768632,22778.451400040754,115.52261049999998,101.23105805128205,16.852710927793787,0.27006447403179323,0,64,,True,True,,147,56.69694568066818
71,2026-09-19T05:45:54.086+00:00,2026-09-19T05:48:19.884+00:00,2026-09-19T05:48:22.169+00:00,True,24,24.0,,24.0,145797.596847,148082.395055,148082.394925,6170.099788541667,50.092341999999995,145797.596847,29740.536106637344,111.4081548,99.33905252173912,15.314171683733864,0.16207193293359445,0,64,,True,True,,67,56.69694568066818
72,2026-09-19T05:45:54.533+00:00,2026-09-19T05:48:22.271+00:00,2026-09-19T05:48:26.990+00:00,True,51,51.0,,51.0,147738.230303,152456.997919,152456.99779599998,2989.352897960784,48.306947,147738.230303,20674.28660863669,111.6540865,94.37535231999999,22.167546382975292,0.33452055790247276,0,64,,True,True,,208,56.69694568066818
73,2026-09-19T05:45:55.094+00:00,2026-09-19T05:48:25.618+00:00,2026-09-19T05:48:26.568+00:00,True,10,10.0,,10.0,150524.39435,151473.705838,151473.70572899998,15147.3705729,102.345588,150524.39435,47566.63764753831,82838.17217749999,105.47905422222222,3.1557306519733976,0.06601805867676418,0,64,,True,True,,45,56.69694568066818
74,2026-09-19T05:45:55.652+00:00,2026-09-19T05:48:28.532+00:00,2026-09-19T05:48:35.628+00:00,True,72,72.0,,72.0,152879.956273,159976.124721,159976.12451999998,2221.8906183333334,48.124916,152879.956273,18005.30502542072,112.45951055000002,99.94603447887324,17.250051248004734,0.45006715924372304,0,64,,True,True,,261,56.69694568066818
75,2026-09-19T05:45:56.073+00:00,2026-09-19T05:48:30.922+00:00,2026-09-19T05:48:40.785+00:00,True,98,98.0,,98.0,154849.443752,164712.5114,164712.511348,1680.7399117142857,46.35421100000001,154849.443752,15631.893469909068,113.06624535,101.68110977319587,16.72040345144597,0.5949760535312925,0,64,,True,True,,336,56.69694568066818
76,2026-09-19T05:45:56.442+00:00,2026-09-19T05:48:32.443+00:00,2026-09-19T05:48:41.428+00:00,True,89,89.0,,89.0,156000.441284,164986.25146,164986.251395,1853.7781055617977,48.023697,156000.441284,16525.19774300345,112.81573840000001,102.11147927272727,16.183066482874214,0.5394388878613776,0,64,,True,True,,433,56.69694568066818
77,2026-09-19T05:45:56.779+00:00,2026-09-19T05:48:34.257+00:00,2026-09-19T05:48:37.771+00:00,True,37,37.0,,37.0,157478.013867,160992.229547,160992.229524,4351.141338486486,49.388143,157478.013867,25873.1865843227,111.6646352,97.61710222222223,21.56119843596712,0.22982475678553316,0,64,,True,True,,161,56.69694568066818
78,2026-09-19T05:45:57.148+00:00,2026-09-19T05:48:36.593+00:00,2026-09-19T05:48:43.677+00:00,True,70,70.0,,70.0,159444.87831600002,166529.10436400003,166529.10421900003,2378.9872031285718,48.942175000000006,159444.87831600002,19045.04253639763,115.25606594999999,102.66994272463769,15.131442532691276,0.42034694336068545,0,64,,True,True,,337,56.69694568066818
79,2026-09-19T05:45:57.711+00:00,2026-09-19T05:48:39.722+00:00,2026-09-19T05:48:46.042+00:00,True,63,63.0,,63.0,162010.420528,168330.519856,168330.519988,2671.9130156825395,44.689115,162010.420528,20398.55546498404,110.5465351,101.93708593548388,12.757933809895363,0.37426368108346586,0,64,,True,True,,189,56.69694568066818
80,2026-09-19T05:45:58.229+00:00,2026-09-19T05:48:42.275+00:00,2026-09-19T05:48:50.220+00:00,True,82,82.0,,82.0,164045.50605899998,171990.70874699997,171990.70864599998,2097.4476664146337,42.536370000000005,164045.50605899998,18104.972196170504,113.48217070000001,98.08892207407408,17.885813074754317,0.47676994064035644,0,64,,True,True,,389,56.69694568066818
81,2026-09-19T05:45:58.595+00:00,2026-09-19T05:48:44.188+00:00,2026-09-19T05:48:48.028+00:00,True,41,41.0,,41.0,165593.506967,169433.07355899998,169433.073675,4132.513992073171,44.280616,165593.506967,25846.37736208956,114.031311,95.9891648,19.83972686592973,0.24198345186557088,0,64,,True,True,,165,56.69694568066818
82,2026-09-19T05:45:59.109+00:00,2026-09-19T05:48:47.249+00:00,2026-09-19T05:48:49.742+00:00,True,26,26.0,,26.0,168139.36455700002,170633.05722900003,170633.05709000002,6562.809888076924,45.709492,168139.36455700002,32955.2841840473,110.91422025,99.74770688,16.522490531742946,0.15237375700950143,0,64,,True,True,,83,56.69694568066818
83,2026-09-19T05:45:59.505+00:00,2026-09-19T05:48:48.954+00:00,2026-09-19T05:48:51.994+00:00,True,31,31.0,,31.0,169449.597955,172489.207811,172489.207665,5564.167989193548,47.647678,169449.597955,30415.851996591784,111.15957850000001,101.32032853333334,14.72360866204767,0.1797213889112839,0,64,,True,True,,111,56.69694568066818
84,2026-09-19T05:46:00.034+00:00,2026-09-19T05:48:52.100+00:00,2026-09-19T05:48:53.939+00:00,True,19,19.0,,19.0,172065.709508,173905.59226,173905.59227,9152.925908947369,48.855815,172065.709508,39451.13336053416,17306.3048738,102.21570844444445,13.65442800148171,0.10925468096272478,0,64,,True,True,,117,56.69694568066818
85,2026-09-19T05:46:00.509+00:00,2026-09-19T05:48:54.567+00:00,2026-09-19T05:48:54.770+00:00,True,3,3.0,,3.0,174057.76068099999,174261.54180099998,174261.541912,58087.18063733333,93.226651,174057.76068099999,100433.4687831335,156663.0400709,101.89056,12.252836814068488,0.0172155024510565,0,64,,True,True,,14,56.69694568066818
86,2026-09-19T05:46:00.882+00:00,2026-09-19T05:48:56.603+00:00,2026-09-19T05:49:01.003+00:00,True,45,45.0,,45.0,175721.02391,180121.022374,180121.02217799998,4002.689381733333,47.672568,175721.02391,26180.041535748638,111.929495,99.9999650909091,16.38994786136317,0.24983202630597343,0,64,,True,True,,176,56.69694568066818
87,2026-09-19T05:46:01.408+00:00,2026-09-19T05:48:59.394+00:00,2026-09-19T05:49:08.525+00:00,True,92,92.0,,92.0,177986.811147,187117.475595,187117.475595,2033.8856042934783,47.252529,177986.811147,18545.954787108443,111.34373055,100.33697195604395,17.127065261753614,0.49166973692572813,0,64,,True,True,,429,56.69694568066818
88,2026-09-19T05:46:01.917+00:00,2026-09-19T05:49:02.206+00:00,2026-09-19T05:49:09.816+00:00,True,76,76.0,,76.0,180288.528271,187899.105423,187899.10529399998,2472.356648605263,46.81817899999999,180288.528271,20668.87952818447,113.0551415,101.47436202666667,17.032947668158556,0.40447238867320934,0,64,,True,True,,337,56.69694568066818
89,2026-09-19T05:46:02.256+00:00,2026-09-19T05:49:04.416+00:00,2026-09-19T05:49:11.425+00:00,True,71,71.0,,71.0,182159.80145,189168.782698,189168.782789,2664.349053366197,48.262716,182159.80145,21606.516905459936,114.57003549999999,100.12830354285714,19.671466445745917,0.37532619805112616,0,64,,True,True,,301,56.69694568066818
90,2026-09-19T05:46:02.819+00:00,2026-09-19T05:49:07.345+00:00,2026-09-19T05:49:11.637+00:00,True,44,44.0,,44.0,184525.330421,188817.585653,188817.58560299998,4291.3087637045455,49.245364,184525.330421,27803.198807495548,113.13399925000002,99.81988911627907,19.934041948633325,0.23302914210999984,0,64,,True,True,,196,56.69694568066818
91,2026-09-19T05:46:03.313+00:00,2026-09-19T05:49:10.031+00:00,2026-09-19T05:49:19.355+00:00,True,94,94.0,,94.0,186717.68769,196041.746058,196041.74617499998,2085.550491223404,45.468193,186717.68769,19248.12636061857,113.3299691,100.25869212903226,17.908732704974017,0.4794897101772884,0,64,,True,True,,334,56.69694568066818
92,2026-09-19T05:46:03.870+00:00,2026-09-19T05:49:12.665+00:00,2026-09-19T05:49:21.539+00:00,True,90,90.0,,90.0,188795.841239,197669.319895,197669.319964,2196.3257773777777,47.500089,188795.841239,19890.32747519486,112.25959139999999,99.70200737078652,17.888313342606562,0.4553058615662113,0,64,,True,True,,299,56.69694568066818
93,2026-09-19T05:46:04.323+00:00,2026-09-19T05:49:15.365+00:00,2026-09-19T05:49:22.674+00:00,True,74,74.0,,74.0,191041.576434,198350.37515399998,198350.37497099998,2680.4104725810807,45.189814,191041.576434,22196.500058429756,114.07105,100.1205304109589,17.328031665090524,0.3730771869856365,0,64,,True,True,,297,56.69694568066818
94,2026-09-19T05:46:04.812+00:00,2026-09-19T05:49:18.132+00:00,2026-09-19T05:49:23.851+00:00,True,59,59.0,,59.0,193319.203615,199039.03823900002,199039.038359,3373.5430230338984,45.952172,193319.203615,25155.184730235516,110.99697900000001,98.61783834482759,19.05033573135025,0.2964242619036101,0,64,,True,True,,337,56.69694568066818
95,2026-09-19T05:46:05.194+00:00,2026-09-19T05:49:20.074+00:00,2026-09-19T05:49:21.746+00:00,True,17,17.0,,17.0,194880.01008399998,196551.880292,196551.88016299997,11561.875303705881,97.889911,194880.01008399998,47240.002174311456,39063.91465839999,104.491888,3.548029383377464,0.08649115935571099,0,64,,True,True,,69,56.69694568066818
96,2026-09-19T05:46:05.589+00:00,2026-09-19T05:49:22.261+00:00,2026-09-19T05:49:24.692+00:00,True,25,25.0,,25.0,196672.53229899998,199103.444043,199103.44402899998,7964.137761159999,49.349464,196672.53229899998,39314.252086607295,113.99840520000002,101.28798933333333,16.265428483471524,0.12556287069851388,0,64,,True,True,,94,56.69694568066818
97,2026-09-19T05:46:06.120+00:00,2026-09-19T05:49:25.443+00:00,2026-09-19T05:49:30.703+00:00,True,52,52.0,,52.0,199323.86400799998,204583.81715999998,204583.81707399996,3934.3041744999996,49.979772,199323.86400799998,27626.947293993573,112.27904085,103.13633631372548,13.241024712072518,0.2541745516427239,0,64,,True,True,,264,56.69694568066818
98,2026-09-19T05:46:06.547+00:00,2026-09-19T05:49:27.834+00:00,2026-09-19T05:49:37.492+00:00,True,94,94.0,,94.0,201287.05349000002,210944.86213000002,210944.862308,2244.094279872341,49.827733,201287.05349000002,20750.468220037503,113.43134165,103.84740473118279,14.345645343017415,0.44561407682956583,0,64,,True,True,,382,56.69694568066818
99,2026-09-19T05:46:07.351+00:00,2026-09-19T05:49:31.355+00:00,2026-09-19T05:49:34.710+00:00,True,33,33.0,,33.0,204003.96776899998,207358.962201,207358.962286,6283.604917757575,49.758223,204003.96776899998,35494.28455271879,116.79162360000001,104.843576,14.73327987193489,0.15914431500680445,0,64,,True,True,,164,56.69694568066818
100,2026-09-19T05:46:07.661+00:00,2026-09-19T05:49:34.282+00:00,2026-09-19T05:49:42.991+00:00,True,88,88.0,,88.0,206620.990205,215330.319869,215330.31992900002,2446.9354537386366,47.283328999999995,206620.990205,22015.20633187898,111.92521105,100.10723751724137,16.666884680445925,0.40867444981058104,0,64,,True,True,,306,56.69694568066818
101,2026-09-19T05:46:08.203+00:00,2026-09-19T05:49:37.649+00:00,2026-09-19T05:49:43.102+00:00,True,56,56.0,,56.0,209445.684346,214899.468922,214899.468936,3837.4905167142856,49.244796,209445.684346,27975.110669316073,111.48413425000001,99.15971956363636,16.170396449783297,0.26058696320150415,0,64,,True,True,,293,56.69694568066818
102,2026-09-19T05:46:08.715+00:00,2026-09-19T05:49:40.208+00:00,2026-09-19T05:49:43.685+00:00,True,37,37.0,,37.0,211493.34627399998,214970.45654599997,214970.456537,5810.012338837837,51.431042,211493.34627399998,34753.418925233265,110.84572059999999,96.58639644444445,20.15441145210201,0.17211667405136033,0,64,,True,True,,173,56.69694568066818
103,2026-09-19T05:46:09.298+00:00,2026-09-19T05:49:43.414+00:00,2026-09-19T05:49:44.685+00:00,True,15,15.0,,15.0,214116.316479,215387.182143,215387.182152,14359.1454768,47.425561,214116.316479,55261.16316168455,64316.5691461,90.77611885714285,27.30362991213944,0.06964202721237696,0,64,,True,True,,43,56.69694568066818
104,2026-09-19T05:46:09.690+00:00,2026-09-19T05:49:45.314+00:00,2026-09-19T05:49:53.193+00:00,True,83,83.0,,83.0,215624.440837,223503.23661300002,223503.236647,2692.810080084337,43.873548,215624.440837,23657.31862430759,112.32535630000001,96.08287531707316,19.459756517903294,0.37135927540823954,0,64,,True,True,,350,56.69694568066818
105,2026-09-19T05:46:10.154+00:00,2026-09-19T05:49:47.496+00:00,2026-09-19T05:49:55.542+00:00,True,84,84.0,,84.0,217341.407866,225387.240058,225387.240063,2683.1814293214284,43.26033,217341.407866,23703.321907635218,111.22652095,96.93773725301205,18.247606998860665,0.3726919056215599,0,64,,True,True,,368,56.69694568066818
106,2026-09-19T05:46:10.519+00:00,2026-09-19T05:49:49.561+00:00,2026-09-19T05:49:50.845+00:00,True,14,14.0,,14.0,219042.841589,220326.39461299998,220326.39456299998,15737.599611642856,49.235116000000005,219042.841589,58515.27567872815,76735.46829065,98.734848,15.10949506368319,0.06354209183421165,0,64,,True,True,,42,56.69694568066818
107,2026-09-19T05:46:11.019+00:00,2026-09-19T05:49:52.114+00:00,2026-09-19T05:49:59.966+00:00,True,80,80.0,,80.0,221095.486676,228947.583444,228947.583457,2861.8447932125,48.832428,221095.486676,24708.119848973016,111.76692195,99.39362997468353,16.60397078740942,0.3494249591831477,0,64,,True,True,,433,56.69694568066818
108,2026-09-19T05:46:11.392+00:00,2026-09-19T05:49:54.372+00:00,2026-09-19T05:49:54.691+00:00,True,5,5.0,,5.0,222980.524197,223298.75165299998,223298.751453,44659.7502906,44.736227,222980.524197,99684.34784211215,178406.79794,79.556864,35.639821188790194,0.022391526880409345,0,64,,True,True,,26,56.69694568066818
109,2026-09-19T05:46:11.920+00:00,2026-09-19T05:49:57.026+00:00,2026-09-19T05:49:59.550+00:00,True,27,27.0,,27.0,225105.774558,227630.19670200002,227630.196705,8430.74802611111,44.906807,225105.774558,43302.94585889973,114.58321109999999,97.09315938461539,21.08039855371616,0.11861343701840579,0,64,,True,True,,91,56.69694568066818
110,2026-09-19T05:46:12.318+00:00,2026-09-19T05:49:59.439+00:00,2026-09-19T05:50:04.320+00:00,True,50,50.0,,50.0,227121.117038,232002.221166,232002.22122,4640.0444244,47.885259,227121.117038,32105.694176726254,113.98943000000001,99.61436995918368,18.769540821243233,0.2155151780388537,0,64,,True,True,,223,56.69694568066818
111,2026-09-19T05:46:12.835+00:00,2026-09-19T05:50:02.492+00:00,2026-09-19T05:50:04.320+00:00,True,19,19.0,,19.0,229657.622873,231485.272665,231485.27268499997,12183.435404473683,44.468188000000005,229657.622873,52663.7800836885,23067.482555299997,101.53609955555555,14.831163465036427,0.08207865572293382,0,64,,True,True,,96,56.69694568066818
112,2026-09-19T05:46:13.207+00:00,2026-09-19T05:50:04.316+00:00,2026-09-19T05:50:07.143+00:00,True,31,31.0,,31.0,231109.26271,233936.535926,233936.536041,7546.339872290323,47.607211,231109.26271,41491.5268444385,109.9911115,94.24244053333334,19.339504200575405,0.1325145722847075,0,64,,True,True,,97,56.69694568066818
113,2026-09-19T05:46:13.663+00:00,2026-09-19T05:50:06.984+00:00,2026-09-19T05:50:12.248+00:00,True,56,56.0,,56.0,233320.982759,238584.219879,238584.219801,4260.432496446429,50.189783000000006,233320.982759,31166.04615020539,111.62707125000001,95.69522036363637,19.765249475360744,0.23471795422346403,0,64,,True,True,,182,56.69694568066818
114,2026-09-19T05:46:14.245+00:00,2026-09-19T05:50:10.417+00:00,2026-09-19T05:50:15.115+00:00,True,46,46.0,,46.0,236172.13647,240870.012694,240870.012695,5236.304623804348,46.211534,236172.13647,34806.29174169374,114.059487,104.39724942222223,13.303628861775971,0.19097437445830237,0,64,,True,True,,217,56.69694568066818
115,2026-09-19T05:46:14.773+00:00,2026-09-19T05:50:13.323+00:00,2026-09-19T05:50:18.623+00:00,True,54,54.0,,54.0,238550.1069,243849.922068,243849.92195800002,4515.739295518519,48.467329,238550.1069,32448.95577587574,117.5365848,99.99651260377358,19.58700055362747,0.22144768200886097,0,64,,True,True,,220,56.69694568066818
116,2026-09-19T05:46:15.301+00:00,2026-09-19T05:50:16.339+00:00,2026-09-19T05:50:24.081+00:00,True,81,81.0,,81.0,241037.50183599998,248779.503244,248779.50316199998,3071.3518908888886,44.351548,241037.50183599998,26771.19847742964,112.148652,96.7750176,18.929314405313907,0.32558952383049083,0,64,,True,True,,287,56.69694568066818
117,2026-09-19T05:46:15.636+00:00,2026-09-19T05:50:18.621+00:00,2026-09-19T05:50:24.288+00:00,True,59,59.0,,59.0,242985.489771,248652.33085899998,248652.330883,4214.446286152543,45.501036,242985.489771,31621.300678326636,110.48200190000001,97.70415668965516,16.786276018171563,0.23727909485576612,0,64,,True,True,,208,56.69694568066818
118,2026-09-19T05:46:16.038+00:00,2026-09-19T05:50:20.355+00:00,2026-09-19T05:50:24.637+00:00,True,45,45.0,,45.0,244317.131556,248598.784036,248598.784068,5524.417423733334,44.318318,244317.131556,36406.14499265287,110.49859919999999,97.31028363636364,16.236343029716693,0.181014561975828,0,64,,True,True,,152,56.69694568066818
119,2026-09-19T05:46:16.376+00:00,2026-09-19T05:50:21.979+00:00,2026-09-19T05:50:25.650+00:00,True,39,39.0,,39.0,245603.119674,249274.32888999998,249274.32881099998,6391.6494566923075,46.030194,245603.119674,39312.507641033444,109.86047849999999,96.61076884210527,17.10335619442384,0.15645413698901164,0,64,,True,True,,154,56.69694568066818
120,2026-09-19T05:46:16.700+00:00,2026-09-19T05:50:23.672+00:00,2026-09-19T05:50:24.340+00:00,True,8,8.0,,8.0,246972.037861,247639.41782899998,247639.41779399998,30954.927224249997,51.409711,246972.037861,87284.09545565663,160569.04893175,95.33999542857143,19.489406829058215,0.03230503475631719,0,64,,True,True,,34,56.69694568066818
121,2026-09-19T05:46:17.100+00:00,2026-09-19T05:50:25.652+00:00,2026-09-19T05:50:33.501+00:00,True,80,80.0,,80.0,248551.67683500002,256401.075875,256401.07586200003,3205.0134482750004,47.669290000000004,248551.67683500002,27777.817819674354,111.3414515,99.35948151898734,15.520696731445852,0.31201117127527733,0,64,,True,True,,391,56.69694568066818
122,2026-09-19T05:46:17.563+00:00,2026-09-19T05:50:28.406+00:00,2026-09-19T05:50:29.045+00:00,True,7,7.0,,7.0,250842.458254,251482.227086,251482.22706,35926.03243714286,102.570384,250842.458254,94769.23596627187,175623.7571545,106.62813866666667,4.006070943607198,0.027834969019922797,0,64,,True,True,,33,56.69694568066818
123,2026-09-19T05:46:18.104+00:00,2026-09-19T05:50:31.344+00:00,2026-09-19T05:50:40.287+00:00,True,90,90.0,,90.0,253240.043626,262183.231338,262183.231414,2913.147015711111,47.122400999999996,253240.043626,26683.257328793756,112.17941049999999,100.48525519101123,16.40155502440371,0.3432713813949996,0,64,,True,True,,372,56.69694568066818
124,2026-09-19T05:46:18.484+00:00,2026-09-19T05:50:32.685+00:00,2026-09-19T05:50:38.246+00:00,True,57,57.0,,57.0,254200.24923500002,259762.063251,259762.06316900003,4557.22917840351,49.512845999999996,254200.24923500002,33656.49470561041,112.6617544,99.31810742857144,16.92894761069999,0.21943158014156466,0,64,,True,True,,161,56.69694568066818
125,2026-09-19T05:46:19.049+00:00,2026-09-19T05:50:36.161+00:00,2026-09-19T05:50:38.515+00:00,True,25,25.0,,25.0,257112.51593599998,259466.680672,259466.68075499998,10378.667230199999,47.917059,257112.51593599998,51402.889405492046,117.2582778,98.09019733333332,21.373498004386636,0.09635148503558069,0,64,,True,True,,119,56.69694568066818
126,2026-09-19T05:46:19.568+00:00,2026-09-19T05:50:38.622+00:00,2026-09-19T05:50:43.581+00:00,True,50,50.0,,50.0,259054.28542899998,264013.294197,264013.294101,5280.2658820199995,46.587832999999996,259054.28542899998,36621.500153084846,112.53996240000001,101.20426057142856,17.74649517952267,0.1893844026001633,0,64,,True,True,,206,56.69694568066818
127,2026-09-19T05:46:20.086+00:00,2026-09-19T05:50:41.563+00:00,2026-09-19T05:50:44.101+00:00,True,26,26.0,,26.0,261477.899873,264015.04803299997,264015.047901,10154.42491926923,50.821073,261477.899873,51260.13433631195,120.6647825,101.48592640000001,15.382788446736697,0.09847923515613469,0,64,,True,True,,95,56.69694568066818
128,2026-09-19T05:46:20.640+00:00,2026-09-19T05:50:44.403+00:00,2026-09-19T05:50:49.787+00:00,True,58,58.0,,58.0,263762.819998,269146.809246,269146.809313,4640.4622295344825,46.221523999999995,263762.819998,34621.35865084719,110.9228292,94.45595171929824,21.088678458733686,0.21549577408137888,0,64,,True,True,,265,56.69694568066818
129,2026-09-19T05:46:21.175+00:00,2026-09-19T05:50:47.544+00:00,2026-09-19T05:50:50.735+00:00,True,34,34.0,,34.0,266369.02040599997,269559.62879,269559.628834,7928.224377470588,47.109231,266369.02040599997,45665.332996807476,114.75108479999999,96.68510254545454,19.959760829869825,0.12613164720777847,0,64,,True,True,,140,56.69694568066818
130,2026-09-19T05:46:21.735+00:00,2026-09-19T05:50:50.530+00:00,2026-09-19T05:50:58.962+00:00,True,87,87.0,,87.0,268795.561817,277227.224665,277227.224758,3186.5198248045976,46.669603,268795.561817,28807.403012802162,109.87968,98.04259125581396,17.357970493049027,0.3138219924292442,0,64,,True,True,,289,56.69694568066818
131,2026-09-19T05:46:22.739+00:00,2026-09-19T05:50:54.245+00:00,2026-09-19T05:50:55.127+00:00,True,10,10.0,,10.0,271505.58599299996,272387.37005699996,272387.37016899994,27238.737016899995,54.589715,271505.58599299996,85826.62360248753,149377.76872834997,97.9760071111111,16.563052681522425,0.036712421717304274,0,64,,True,True,,28,56.69694568066818
132,2026-09-19T05:46:22.770+00:00,2026-09-19T05:50:55.915+00:00,2026-09-19T05:50:59.533+00:00,True,37,37.0,,37.0,273144.48222299997,276762.850735,276762.85073999997,7480.077047027026,43.57288,273144.48222299997,44888.15543227757,113.2054664,100.51023644444444,16.498813255053303,0.1336884625293423,0,64,,True,True,,178,56.69694568066818
133,2026-09-19T05:46:23.134+00:00,2026-09-19T05:50:58.232+00:00,2026-09-19T05:50:58.533+00:00,True,4,4.0,,4.0,275098.224733,275399.65039699996,275399.65032099996,68849.91258024999,97.808555,275098.224733,137498.874789006,233849.0274835,100.47522133333332,2.9082876629256145,0.014524346687564181,0,64,,True,True,,14,56.69694568066818
134,2026-09-19T05:46:23.489+00:00,2026-09-19T05:50:59.935+00:00,2026-09-19T05:51:01.872+00:00,True,21,21.0,,21.0,276446.47443199996,278383.248576,278383.24858699995,13256.345170809522,48.955398,276446.47443199996,60304.437694359396,109.27956900000001,96.8387072,20.2160614112009,0.07543557346722642,0,64,,True,True,,101,56.69694568066818
135,2026-09-19T05:46:23.922+00:00,2026-09-19T05:51:02.278+00:00,2026-09-19T05:51:06.938+00:00,True,48,48.0,,48.0,278355.28890600003,283015.47425,283015.474272,5896.155714,43.39095,278355.28890600003,40162.818707099264,112.28306365,99.15287965957447,20.150801830223816,0.16960203369515933,0,64,,True,True,,144,56.69694568066818
136,2026-09-19T05:46:24.509+00:00,2026-09-19T05:51:05.108+00:00,2026-09-19T05:51:14.117+00:00,True,95,95.0,,95.0,280598.461599,289607.818911,289607.818864,3048.5033564631576,47.758211,280598.461599,28778.968324220128,110.6858277,95.84422672340426,20.19665162260045,0.3280298175554254,0,64,,True,True,,397,56.69694568066818
137,2026-09-19T05:46:25.045+00:00,2026-09-19T05:51:08.488+00:00,2026-09-19T05:51:11.616+00:00,True,32,32.0,,32.0,283442.94179,286571.351902,286571.351771,8955.35474284375,46.843193,283442.94179,50088.26876470642,110.1153485,100.91645522580644,13.974811362376407,0.1116650348599506,0,64,,True,True,,137,56.69694568066818
138,2026-09-19T05:46:25.389+00:00,2026-09-19T05:51:10.261+00:00,2026-09-19T05:51:16.254+00:00,True,61,61.0,,61.0,284872.399732,290865.49054800003,290865.490509,4768.286729655738,47.84945,284872.399732,36461.38745839088,110.692096,99.88484693333334,15.312507306482239,0.20971893188522991,0,64,,True,True,,233,56.69694568066818
139,2026-09-19T05:46:25.775+00:00,2026-09-19T05:51:11.980+00:00,2026-09-19T05:51:20.242+00:00,True,84,84.0,,84.0,286204.66154,294467.027748,294467.02775,3505.559854166667,44.149508999999995,286204.66154,31216.631766115937,110.80918230000002,99.54658081927711,16.82604803618264,0.2852611399055714,0,64,,True,True,,325,56.69694568066818
140,2026-09-19T05:46:26.111+00:00,2026-09-19T05:51:13.957+00:00,2026-09-19T05:51:23.721+00:00,True,99,99.0,,99.0,287845.23651200003,297609.91696000006,297609.916955,3006.1607773232327,44.648797,287845.23651200003,28919.526406930454,113.11250380000001,99.63959640816327,18.40910605863241,0.33265020538044093,0,64,,True,True,,373,56.69694568066818
141,2026-09-19T05:46:26.581+00:00,2026-09-19T05:51:16.562+00:00,2026-09-19T05:51:17.731+00:00,True,13,13.0,,13.0,289981.393134,291150.18571,291150.18566200003,22396.168127846155,46.583633,289981.393134,80399.357200524,116058.9615612,97.39938133333332,23.284843240246285,0.04465049530467634,0,64,,True,True,,52,56.69694568066818
142,2026-09-19T05:46:27.148+00:00,2026-09-19T05:51:19.365+00:00,2026-09-19T05:51:19.365+00:00,True,1,1.0,,1.0,292216.924683,292216.924683,292216.924683,292216.924683,292216.924683,292216.924683,nan,292216.924683,nan,nan,0.003422115269623108,0,64,,True,True,,4,56.69694568066818
143,2026-09-19T05:46:27.653+00:00,2026-09-19T05:51:22.310+00:00,2026-09-19T05:51:25.876+00:00,True,37,37.0,,37.0,294656.567561,298222.829321,298222.829147,8060.076463432432,50.618474,294656.567561,48424.9599152243,116.2621888,99.06282666666667,21.01409470968792,0.1240683018273362,0,64,,True,True,,158,56.69694568066818
144,2026-09-19T05:46:28.091+00:00,2026-09-19T05:51:25.141+00:00,2026-09-19T05:51:25.446+00:00,True,4,4.0,,4.0,297050.29944,297355.524912,297355.52481,74338.8812025,93.896005,297050.29944,148474.2789466385,252509.02884314998,101.741824,7.36085384181156,0.013451910810077492,0,64,,True,True,,9,56.69694568066818
145,2026-09-19T05:46:28.650+00:00,2026-09-19T05:51:28.093+00:00,2026-09-19T05:51:29.490+00:00,False,15,14.0,,14.0,299443.289328,300839.35255999997,300839.352485,20055.956832333333,0.023629999999999998,299443.289328,77290.18261116746,89916.3596173,99.71880228571429,28.98608020261353,0.046536464996572595,0,64,,True,False,Request timeout: 300.0s exceeded,60,56.69694568066818
146,2026-09-19T05:46:29.047+00:00,2026-09-19T05:51:29.279+00:00,2026-09-19T05:51:29.604+00:00,False,5,4.0,,4.0,300231.80866900005,300557.42914900003,300557.42927200004,60111.48585440001,0.02419,300231.80866900005,134231.34947841516,240208.675194,81.40512,54.60607554535819,0.013308604652780076,0,64,,True,False,Request timeout: 300.0s exceeded,9,56.69694568066818
147,2026-09-19T05:46:29.384+00:00,2026-09-19T05:51:29.622+00:00,2026-09-19T05:51:29.622+00:00,False,1,0.0,,0.0,300237.568493,300237.568493,300237.568493,300237.568493,300237.568493,300237.568493,nan,300237.568493,nan,nan,0.0,0,64,,True,False,"HTTPConnectionPool(host='gpu03', port=9002): Read timed out.",0,56.69694568066818
148,2026-09-19T05:46:29.778+00:00,2026-09-19T05:51:29.789+00:00,2026-09-19T05:51:29.789+00:00,False,1,0.0,,0.0,300011.448152,300011.448152,300011.448152,300011.448152,300011.448152,300011.448152,nan,300011.448152,nan,nan,0.0,0,64,,True,False,"HTTPConnectionPool(host='gpu03', port=9002): Read timed out.",0,56.69694568066818
149,2026-09-19T05:46:30.288+00:00,2026-09-19T05:51:30.334+00:00,2026-09-19T05:51:30.334+00:00,False,1,0.0,,0.0,300045.42725999997,300045.42725999997,300045.42725999997,300045.42725999997,300045.42725999997,300045.42725999997,nan,300045.42725999997,nan,nan,0.0,0,64,,True,False,"HTTPConnectionPool(host='gpu03', port=9002): Read timed out.",0,56.69694568066818
150,2026-09-19T05:46:30.688+00:00,2026-09-19T05:51:30.789+00:00,2026-09-19T05:51:30.789+00:00,False,1,0.0,,0.0,300100.228455,300100.228455,300100.228455,300100.228455,300100.228455,300100.228455,nan,300100.228455,nan,nan,0.0,0,64,,True,False,TTFT timeout: 300.0s exceeded (TTFT: 300.095s),0,56.69694568066818
151,2026-09-19T05:46:31.060+00:00,2026-09-19T05:51:30.984+00:00,2026-09-19T05:51:31.099+00:00,False,3,2.0,,2.0,299923.87187800003,300039.079558,300039.079335,100013.02644500001,0.047369999999999995,299923.87187800003,173127.88020430744,269943.0006989,57.60384,81.3971546184558,0.006665798345156513,0,64,,True,False,Request timeout: 300.0s exceeded,5,56.69694568066818
152,2026-09-19T05:46:31.398+00:00,2026-09-19T05:51:31.095+00:00,2026-09-19T05:51:31.530+00:00,False,7,6.0,,6.0,299697.341226,300132.630314,300132.63047599996,42876.090068,0.03705,299697.341226,113247.53533736322,209824.5276555,72.54818133333333,47.62186774276155,0.01999116188640594,0,64,,True,False,Request timeout: 300.0s exceeded,26,56.69694568066818
153,2026-09-19T05:46:31.934+00:00,2026-09-19T05:51:32.040+00:00,2026-09-19T05:51:32.040+00:00,False,1,0.0,,0.0,300105.92613599997,300105.92613599997,300105.92613599997,300105.92613599997,300105.92613599997,300105.92613599997,nan,300105.92613599997,nan,nan,0.0,0,64,,True,False,"HTTPConnectionPool(host='gpu03', port=9002): Read timed out.",0,56.69694568066818
154,2026-09-19T05:46:32.328+00:00,2026-09-19T05:51:32.413+00:00,2026-09-19T05:51:32.413+00:00,False,1,0.0,,0.0,300085.164594,300085.164594,300085.164594,300085.164594,300085.164594,300085.164594,nan,300085.164594,nan,nan,0.0,0,64,,True,False,TTFT timeout: 300.0s exceeded (TTFT: 300.079s),0,56.69694568066818
155,2026-09-19T05:46:32.812+00:00,2026-09-19T05:51:32.776+00:00,2026-09-19T05:51:32.911+00:00,False,3,2.0,,2.0,299964.34451599995,300099.564484,300099.564416,100033.18813866665,0.05002,299964.34451599995,173145.47361143294,269981.42705239996,67.609984,95.54399674492232,0.006664454856636859,0,64,,True,False,Request timeout: 300.0s exceeded,4,56.69694568066818
156,2026-09-19T05:46:33.238+00:00,2026-09-19T05:51:33.141+00:00,2026-09-19T05:51:33.141+00:00,True,1,1.0,,1.0,299902.37477999995,299902.37477999995,299902.37477999995,299902.37477999995,299902.37477999995,299902.37477999995,nan,299902.37477999995,nan,nan,0.003334418411103187,0,64,,True,True,,1,56.69694568066818
157,2026-09-19T05:46:33.685+00:00,2026-09-19T05:51:33.790+00:00,2026-09-19T05:51:33.790+00:00,False,1,0.0,,0.0,300105.802154,300105.802154,300105.802154,300105.802154,300105.802154,300105.802154,nan,300105.802154,nan,nan,0.0,0,64,,True,False,"HTTPConnectionPool(host='gpu03', port=9002): Read timed out.",0,56.69694568066818
158,2026-09-19T05:46:34.227+00:00,2026-09-19T05:51:34.278+00:00,2026-09-19T05:51:34.278+00:00,False,1,0.0,,0.0,300051.252257,300051.252257,300051.252257,300051.252257,300051.252257,300051.252257,nan,300051.252257,nan,nan,0.0,0,64,,True,False,TTFT timeout: 300.0s exceeded (TTFT: 300.044s),0,56.69694568066818
159,2026-09-19T05:46:34.792+00:00,2026-09-19T05:51:34.551+00:00,2026-09-19T05:51:34.852+00:00,False,5,4.0,,4.0,299758.493908,300059.63566800003,300059.635777,60011.9271554,0.04127,299758.493908,134022.41239115503,239828.06999559997,75.28544,50.844574963541696,0.013330683385971268,0,64,,True,False,Request timeout: 300.0s exceeded,14,56.69694568066818
160,2026-09-19T05:46:35.229+00:00,2026-09-19T05:51:35.298+00:00,2026-09-19T05:51:35.298+00:00,False,1,0.0,,0.0,300069.10621600004,300069.10621600004,300069.10621600004,300069.10621600004,300069.10621600004,300069.10621600004,nan,300069.10621600004,nan,nan,0.0,0,64,,True,False,"HTTPConnectionPool(host='gpu03', port=9002): Read timed out.",0,56.69694568066818
161,2026-09-19T05:46:35.681+00:00,2026-09-19T05:51:35.752+00:00,2026-09-19T05:51:35.752+00:00,False,1,0.0,,0.0,300071.038285,300071.038285,300071.038285,300071.038285,300071.038285,300071.038285,nan,300071.038285,nan,nan,0.0,0,64,,True,False,TTFT timeout: 300.0s exceeded (TTFT: 300.065s),0,56.69694568066818
162,2026-09-19T05:46:36.157+00:00,2026-09-19T05:51:36.013+00:00,2026-09-19T05:51:36.255+00:00,False,4,3.0,,3.0,299856.356432,300098.661712,300098.661636,75024.665409,0.02886,299856.356432,149887.80561493593,254898.78517520003,80.76842666666667,72.22129917347156,0.009996712357481466,0,64,,True,False,Request timeout: 300.0s exceeded,10,56.69694568066818
163,2026-09-19T05:46:36.518+00:00,2026-09-19T05:51:36.450+00:00,2026-09-19T05:51:36.555+00:00,False,3,2.0,,2.0,299931.91857599997,300036.183792,300036.183697,100012.06123233332,0.04131,299931.91857599997,173135.68301691132,269949.1490995,52.132608,73.66835304929334,0.006665862679371031,0,64,,True,False,Request timeout: 300.0s exceeded,4,56.69694568066818
164,2026-09-19T05:46:36.989+00:00,2026-09-19T05:51:37.033+00:00,2026-09-19T05:51:37.033+00:00,False,1,0.0,,0.0,300044.501971,300044.501971,300044.501971,300044.501971,300044.501971,300044.501971,nan,300044.501971,nan,nan,0.0,0,64,,True,False,"HTTPConnectionPool(host='gpu03', port=9002): Read timed out.",0,56.69694568066818
165,2026-09-19T05:46:37.770+00:00,2026-09-19T05:51:37.570+00:00,2026-09-19T05:51:37.997+00:00,False,6,5.0,,5.0,299800.053733,300226.49827700004,300226.49828400003,50037.749714,0.03843,299800.053733,122358.04781848876,224877.51261175,85.2889088,47.74701284216975,0.01665409292216044,0,64,,True,False,Request timeout: 300.0s exceeded,16,56.69694568066818
166,2026-09-19T05:46:37.923+00:00,2026-09-19T05:51:37.897+00:00,2026-09-19T05:51:37.996+00:00,False,3,2.0,,2.0,299974.753509,300073.605093,300073.604972,100024.53499066667,0.02871,299974.753509,173161.97577474298,269987.16043339996,49.425792,69.85807704617126,0.006665031399146727,0,64,,True,False,Request timeout: 300.0s exceeded,4,56.69694568066818
167,2026-09-19T05:46:38.496+00:00,2026-09-19T05:51:38.575+00:00,2026-09-19T05:51:38.575+00:00,False,1,0.0,,0.0,300079.356398,300079.356398,300079.356398,300079.356398,300079.356398,300079.356398,nan,300079.356398,nan,nan,0.0,0,64,,True,False,"HTTPConnectionPool(host='gpu03', port=9002): Read timed out.",0,56.69694568066818
169,2026-09-19T05:46:39.386+00:00,2026-09-19T05:51:39.360+00:00,2026-09-19T05:51:39.685+00:00,False,7,6.0,,6.0,299974.60234399996,300299.72874399996,300299.72865799995,42899.96123685714,0.027190000000000002,299974.60234399996,113359.26582472568,210014.6453834,54.187733333333334,34.46600764286135,0.01998003802765633,0,64,,True,False,Request timeout: 300.0s exceeded,31,56.69694568066818
168,2026-09-19T05:46:39.038+00:00,2026-09-19T05:51:39.361+00:00,2026-09-19T05:51:39.525+00:00,False,5,4.0,,4.0,300322.78270700003,300486.41483500006,300486.41473200003,60097.28294640001,0.024120000000000003,300322.78270700003,134290.13914841978,240271.67463680002,40.908032,28.69949147774304,0.013311749891243629,0,64,,True,False,Request timeout: 300.0s exceeded,13,56.69694568066818
170,2026-09-19T05:46:39.838+00:00,2026-09-19T05:51:39.945+00:00,2026-09-19T05:51:39.945+00:00,False,1,0.0,,0.0,300106.751473,300106.751473,300106.751473,300106.751473,300106.751473,300106.751473,nan,300106.751473,nan,nan,0.0,0,64,,True,False,"HTTPConnectionPool(host='gpu03', port=9002): Read timed out.",0,56.69694568066818
171,2026-09-19T05:46:40.369+00:00,2026-09-19T05:51:40.476+00:00,2026-09-19T05:51:40.476+00:00,False,1,0.0,,0.0,300107.493259,300107.493259,300107.493259,300107.493259,300107.493259,300107.493259,nan,300107.493259,nan,nan,0.0,0,64,,True,False,"HTTPConnectionPool(host='gpu03', port=9002): Read timed out.",0,56.69694568066818
172,2026-09-19T05:46:40.757+00:00,2026-09-19T05:51:40.768+00:00,2026-09-19T05:51:40.768+00:00,False,1,0.0,,0.0,300010.72220099997,300010.72220099997,300010.72220099997,300010.72220099997,300010.72220099997,300010.72220099997,nan,300010.72220099997,nan,nan,0.0,0,64,,True,False,"HTTPConnectionPool(host='gpu03', port=9002): Read timed out.",0,56.69694568066818
173,2026-09-19T05:46:41.299+00:00,2026-09-19T05:51:41.080+00:00,2026-09-19T05:51:41.319+00:00,False,5,4.0,,4.0,299781.227565,300019.803437,300019.803508,60003.9607016,0.019530000000000002,299781.227565,134039.57287295038,239844.71764500003,59.643968,45.65538179253765,0.013332453238674108,0,64,,True,False,Request timeout: 300.0s exceeded,16,56.69694568066818
174,2026-09-19T05:46:41.748+00:00,2026-09-19T05:51:41.622+00:00,2026-09-19T05:51:41.820+00:00,False,4,3.0,,3.0,299874.60224299994,300072.33357099997,300072.3336789999,75018.08341974998,0.07187,299874.60224299994,149904.35312150462,254908.55749174996,65.91044266666667,57.05799457317557,0.009997589462176031,0,64,,True,False,Request timeout: 300.0s exceeded,8,56.69694568066818
175,2026-09-19T05:46:42.223+00:00,2026-09-19T05:51:42.338+00:00,2026-09-19T05:51:42.338+00:00,False,1,0.0,,0.0,300115.530974,300115.530974,300115.530974,300115.530974,300115.530974,300115.530974,nan,300115.530974,nan,nan,0.0,0,64,,True,False,"HTTPConnectionPool(host='gpu03', port=9002): Read timed out.",0,56.69694568066818
176,2026-09-19T05:46:42.718+00:00,2026-09-19T05:51:42.685+00:00,2026-09-19T05:51:42.817+00:00,False,3,2.0,,2.0,299967.13007,300099.38427800004,300099.384166,100033.12805533333,0.023579999999999997,299967.13007,173147.9374433003,269983.6401146,66.127104,93.48453975943514,0.00666445885856027,0,64,,True,False,Request timeout: 300.0s exceeded,4,56.69694568066818
177,2026-09-19T05:46:43.081+00:00,2026-09-19T05:51:42.817+00:00,2026-09-19T05:51:43.138+00:00,False,5,4.0,,4.0,299735.904149,300056.623765,300056.623823,60011.3247646,0.05877,299735.904149,134010.12185838041,239810.8557144,80.179904,53.51240863155406,0.01333081719646603,0,64,,True,False,Request timeout: 300.0s exceeded,16,56.69694568066818
178,2026-09-19T05:46:43.447+00:00,2026-09-19T05:51:43.557+00:00,2026-09-19T05:51:43.557+00:00,False,1,0.0,,0.0,300110.448248,300110.448248,300110.448248,300110.448248,300110.448248,300110.448248,nan,300110.448248,nan,nan,0.0,0,64,,True,False,"HTTPConnectionPool(host='gpu03', port=9002): Read timed out.",0,56.69694568066818
179,2026-09-19T05:46:44.033+00:00,2026-09-19T05:51:44.139+00:00,2026-09-19T05:51:44.139+00:00,False,1,0.0,,0.0,300106.471088,300106.471088,300106.471088,300106.471088,300106.471088,300106.471088,nan,300106.471088,nan,nan,0.0,0,64,,True,False,"HTTPConnectionPool(host='gpu03', port=9002): Read timed out.",0,56.69694568066818
180,2026-09-19T05:46:44.424+00:00,2026-09-19T05:51:44.349+00:00,2026-09-19T05:51:44.481+00:00,False,3,2.0,,2.0,299925.09554400004,300056.94834400003,300056.94829100004,100018.98276366667,0.03419,299925.09554400004,173123.7845790906,269945.7678453001,65.9264,93.18549581638996,0.006665401388096175,0,64,,True,False,Request timeout: 300.0s exceeded,4,56.69694568066818
181,2026-09-19T05:46:44.759+00:00,2026-09-19T05:51:44.479+00:00,2026-09-19T05:51:44.839+00:00,False,5,4.0,,4.0,299719.812592,300079.77624,300079.776126,60015.9552252,0.05171,299719.812592,133998.5411122212,239805.49052159998,89.990912,63.33814158127201,0.013329788665267635,0,64,,True,False,Request timeout: 300.0s exceeded,24,56.69694568066818
182,2026-09-19T05:46:45.175+00:00,2026-09-19T05:51:45.260+00:00,2026-09-19T05:51:45.260+00:00,False,1,0.0,,0.0,300085.32933499996,300085.32933499996,300085.32933499996,300085.32933499996,300085.32933499996,300085.32933499996,nan,300085.32933499996,nan,nan,0.0,0,64,,True,False,"HTTPConnectionPool(host='gpu03', port=9002): Read timed out.",0,56.69694568066818
183,2026-09-19T05:46:45.643+00:00,2026-09-19T05:51:45.750+00:00,2026-09-19T05:51:45.750+00:00,False,1,0.0,,0.0,300106.90010900004,300106.90010900004,300106.90010900004,300106.90010900004,300106.90010900004,300106.90010900004,nan,300106.90010900004,nan,nan,0.0,0,64,,True,False,"HTTPConnectionPool(host='gpu03', port=9002): Read timed out.",0,56.69694568066818
184,2026-09-19T05:46:46.221+00:00,2026-09-19T05:51:46.170+00:00,2026-09-19T05:51:46.286+00:00,False,3,2.0,,2.0,299948.977311,300064.274335,300064.274246,100021.42474866667,0.036520000000000004,299948.977311,173142.34902042281,269965.6056214,57.648512,81.47553599093678,0.006665238654059645,0,64,,True,False,Request timeout: 300.0s exceeded,4,56.69694568066818
185,2026-09-19T05:46:46.804+00:00,2026-09-19T05:51:46.893+00:00,2026-09-19T05:51:46.893+00:00,False,1,0.0,,0.0,300089.176088,300089.176088,300089.176088,300089.176088,300089.176088,300089.176088,nan,300089.176088,nan,nan,0.0,0,64,,True,False,TTFT timeout: 300.0s exceeded (TTFT: 300.083s),0,56.69694568066818
186,2026-09-19T05:46:47.253+00:00,2026-09-19T05:51:47.305+00:00,2026-09-19T05:51:47.305+00:00,False,1,0.0,,0.0,300051.771097,300051.771097,300051.771097,300051.771097,300051.771097,300051.771097,nan,300051.771097,nan,nan,0.0,0,64,,True,False,"HTTPConnectionPool(host='gpu03', port=9002): Read timed out.",0,56.69694568066818
187,2026-09-19T05:46:47.638+00:00,2026-09-19T05:51:47.678+00:00,2026-09-19T05:51:47.678+00:00,False,1,0.0,,0.0,300040.626192,300040.626192,300040.626192,300040.626192,300040.626192,300040.626192,nan,300040.626192,nan,nan,0.0,0,64,,True,False,TTFT timeout: 300.0s exceeded (TTFT: 300.031s),0,56.69694568066818
188,2026-09-19T05:46:48.103+00:00,2026-09-19T05:51:47.930+00:00,2026-09-19T05:51:48.164+00:00,False,4,3.0,,3.0,299826.475828,300060.570164,300060.570211,75015.14255275,0.04728,299826.475828,149874.23334752655,254873.26970409998,78.03144533333332,70.84909387809076,0.009997981402089356,0,64,,True,False,Request timeout: 300.0s exceeded,13,56.69694568066818
189,2026-09-19T05:46:48.494+00:00,2026-09-19T05:51:48.592+00:00,2026-09-19T05:51:48.592+00:00,False,1,0.0,,0.0,300097.384305,300097.384305,300097.384305,300097.384305,300097.384305,300097.384305,nan,300097.384305,nan,nan,0.0,0,64,,True,False,"HTTPConnectionPool(host='gpu03', port=9002): Read timed out.",0,56.69694568066818
190,2026-09-19T05:46:48.888+00:00,2026-09-19T05:51:48.953+00:00,2026-09-19T05:51:48.953+00:00,False,1,0.0,,0.0,300064.27053100005,300064.27053100005,300064.27053100005,300064.27053100005,300064.27053100005,300064.27053100005,nan,300064.27053100005,nan,nan,0.0,0,64,,True,False,"HTTPConnectionPool(host='gpu03', port=9002): Read timed out.",0,56.69694568066818
191,2026-09-19T05:46:49.343+00:00,2026-09-19T05:51:49.393+00:00,2026-09-19T05:51:49.393+00:00,False,1,0.0,,0.0,300049.57563599997,300049.57563599997,300049.57563599997,300049.57563599997,300049.57563599997,300049.57563599997,nan,300049.57563599997,nan,nan,0.0,0,64,,True,False,TTFT timeout: 300.0s exceeded (TTFT: 300.044s),0,56.69694568066818
192,2026-09-19T05:46:49.939+00:00,2026-09-19T05:51:49.750+00:00,2026-09-19T05:51:49.962+00:00,False,5,4.0,,4.0,299811.795274,300023.627338,300023.62730299996,60004.72546059999,0.089759,299811.795274,134056.2334907707,239872.18969919998,52.958016,46.67372655493041,0.013332283312119577,0,64,,True,False,Request timeout: 300.0s exceeded,12,56.69694568066818
193,2026-09-19T05:46:50.312+00:00,2026-09-19T05:51:50.412+00:00,2026-09-19T05:51:50.412+00:00,False,1,0.0,,0.0,300100.461923,300100.461923,300100.461923,300100.461923,300100.461923,300100.461923,nan,300100.461923,nan,nan,0.0,0,64,,True,False,"HTTPConnectionPool(host='gpu03', port=9002): Read timed out.",0,56.69694568066818
194,2026-09-19T05:46:50.804+00:00,2026-09-19T05:51:51.000+00:00,2026-09-19T05:51:51.464+00:00,False,6,5.0,,5.0,300196.526802,300659.83125,300659.831144,50109.97185733334,0.02591,300196.526802,122516.90017979285,225184.50478,92.66088959999999,55.20741923402467,0.016630089823480538,0,64,,True,False,Request timeout: 300.0s exceeded,18,56.69694568066818
195,2026-09-19T05:46:51.212+00:00,2026-09-19T05:51:51.252+00:00,2026-09-19T05:51:51.565+00:00,False,5,4.0,,4.0,300040.123682,300353.311778,300353.31188199995,60070.662376399996,0.03726,300040.123682,134147.01466041707,240054.15472939998,78.297024,52.34535048923539,0.013317649059107158,0,64,,True,False,Request timeout: 300.0s exceeded,14,56.69694568066818
196,2026-09-19T05:46:51.600+00:00,2026-09-19T05:51:51.635+00:00,2026-09-19T05:51:51.635+00:00,False,1,0.0,,0.0,300035.028941,300035.028941,300035.028941,300035.028941,300035.028941,300035.028941,nan,300035.028941,nan,nan,0.0,0,64,,True,False,"HTTPConnectionPool(host='gpu03', port=9002): Read timed out.",0,56.69694568066818
197,2026-09-19T05:46:51.990+00:00,2026-09-19T05:51:52.007+00:00,2026-09-19T05:51:52.007+00:00,False,1,0.0,,0.0,300017.471662,300017.471662,300017.471662,300017.471662,300017.471662,300017.471662,nan,300017.471662,nan,nan,0.0,0,64,,True,False,"HTTPConnectionPool(host='gpu03', port=9002): Read timed out.",0,56.69694568066818
198,2026-09-19T05:46:52.455+00:00,2026-09-19T05:51:52.514+00:00,2026-09-19T05:51:52.514+00:00,False,1,0.0,,0.0,300059.421187,300059.421187,300059.421187,300059.421187,300059.421187,300059.421187,nan,300059.421187,nan,nan,0.0,0,64,,True,False,"HTTPConnectionPool(host='gpu03', port=9002): Read timed out.",0,56.69694568066818
199,2026-09-19T05:46:52.894+00:00,2026-09-19T05:51:52.989+00:00,2026-09-19T05:51:52.989+00:00,False,1,0.0,,0.0,300094.89829000004,300094.89829000004,300094.89829000004,300094.89829000004,300094.89829000004,300094.89829000004,nan,300094.89829000004,nan,nan,0.0,0,64,,True,False,TTFT timeout: 300.0s exceeded (TTFT: 300.071s),0,56.69694568066818
200,2026-09-19T05:46:53.333+00:00,2026-09-19T05:51:52.992+00:00,2026-09-19T05:51:53.369+00:00,True,5,5.0,,5.0,299658.846373,300036.606629,300036.606644,60007.321328800004,75.93695299999999,299658.846373,133969.2756577359,239747.3945724,94.440064,12.396622843738477,0.016664633213181814,0,64,,True,True,,13,56.69694568066818
201,2026-09-19T05:46:53.881+00:00,2026-09-19T05:51:53.952+00:00,2026-09-19T05:51:53.952+00:00,False,1,0.0,,0.0,300070.6082,300070.6082,300070.6082,300070.6082,300070.6082,300070.6082,nan,300070.6082,nan,nan,0.0,0,64,,True,False,"HTTPConnectionPool(host='gpu03', port=9002): Read timed out.",0,56.69694568066818
202,2026-09-19T05:46:54.216+00:00,2026-09-19T05:51:54.286+00:00,2026-09-19T05:51:54.286+00:00,False,1,0.0,,0.0,300069.830195,300069.830195,300069.830195,300069.830195,300069.830195,300069.830195,nan,300069.830195,nan,nan,0.0,0,64,,True,False,TTFT timeout: 300.0s exceeded (TTFT: 300.061s),0,56.69694568066818
203,2026-09-19T05:46:54.634+00:00,2026-09-19T05:51:54.645+00:00,2026-09-19T05:51:54.645+00:00,False,1,0.0,,0.0,300011.056454,300011.056454,300011.056454,300011.056454,300011.056454,300011.056454,nan,300011.056454,nan,nan,0.0,0,64,,True,False,TTFT timeout: 300.0s exceeded (TTFT: 300.006s),0,56.69694568066818
204,2026-09-19T05:46:55.646+00:00,2026-09-19T05:51:54.778+00:00,2026-09-19T05:51:55.808+00:00,False,12,11.0,,11.0,299131.59456199995,300161.593922,300161.59397199994,25013.46616433333,0.02608,299131.59456199995,86324.83005296047,134680.299587,93.63630545454545,36.99255044972981,0.036646926931159826,0,64,,True,False,Request timeout: 300.0s exceeded,57,56.69694568066818
205,2026-09-19T05:46:55.806+00:00,2026-09-19T05:51:56.006+00:00,2026-09-19T05:51:56.006+00:00,False,1,0.0,,0.0,300199.96792,300199.96792,300199.96792,300199.96792,300199.96792,300199.96792,nan,300199.96792,nan,nan,0.0,0,64,,True,False,"HTTPConnectionPool(host='gpu03', port=9002): Read timed out.",0,56.69694568066818
206,2026-09-19T05:46:56.394+00:00,2026-09-19T05:51:56.403+00:00,2026-09-19T05:51:56.403+00:00,False,1,0.0,,0.0,300008.270856,300008.270856,300008.270856,300008.270856,300008.270856,300008.270856,nan,300008.270856,nan,nan,0.0,0,64,,True,False,"HTTPConnectionPool(host='gpu03', port=9002): Read timed out.",0,56.69694568066818
207,2026-09-19T05:46:56.979+00:00,2026-09-19T05:51:57.094+00:00,2026-09-19T05:51:57.094+00:00,False,1,0.0,,0.0,300115.517956,300115.517956,300115.517956,300115.517956,300115.517956,300115.517956,nan,300115.517956,nan,nan,0.0,0,64,,True,False,"HTTPConnectionPool(host='gpu03', port=9002): Read timed out.",0,56.69694568066818
208,2026-09-19T05:46:57.407+00:00,2026-09-19T05:51:57.291+00:00,2026-09-19T05:51:57.509+00:00,False,4,3.0,,3.0,299883.840468,300102.073812,300102.073712,75025.518428,0.02334,299883.840468,149905.55705002305,254919.06644564998,72.744448,63.70212519722512,0.009996598696879917,0,64,,True,False,Request timeout: 300.0s exceeded,11,56.69694568066818
209,2026-09-19T05:46:57.972+00:00,2026-09-19T05:51:57.508+00:00,2026-09-19T05:51:58.015+00:00,False,7,6.0,,6.0,299535.819251,300043.111923,300043.111974,42863.30171057143,0.028069,299535.819251,113181.94794772765,209705.7582674,84.54877866666668,41.41690758414419,0.019997126284771297,0,64,,True,False,Request timeout: 300.0s exceeded,16,56.69694568066818
210,2026-09-19T05:46:58.397+00:00,2026-09-19T05:51:58.406+00:00,2026-09-19T05:51:58.406+00:00,False,1,0.0,,0.0,300009.51617799996,300009.51617799996,300009.51617799996,300009.51617799996,300009.51617799996,300009.51617799996,nan,300009.51617799996,nan,nan,0.0,0,64,,True,False,"HTTPConnectionPool(host='gpu03', port=9002): Read timed out.",0,56.69694568066818
211,2026-09-19T05:46:58.791+00:00,2026-09-19T05:51:58.853+00:00,2026-09-19T05:51:58.853+00:00,False,1,0.0,,0.0,300062.819263,300062.819263,300062.819263,300062.819263,300062.819263,300062.819263,nan,300062.819263,nan,nan,0.0,0,64,,True,False,"HTTPConnectionPool(host='gpu03', port=9002): Read timed out.",0,56.69694568066818
212,2026-09-19T05:46:59.230+00:00,2026-09-19T05:51:59.076+00:00,2026-09-19T05:51:59.310+00:00,False,4,3.0,,3.0,299845.55235799996,300080.204262,300080.20412199997,75020.05103049999,0.05085,299845.55235799996,149883.677840488,254887.30830319994,78.21730133333332,68.01743978661348,0.009997327239156037,0,64,,True,False,Request timeout: 300.0s exceeded,11,56.69694568066818
213,2026-09-19T05:46:59.783+00:00,2026-09-19T05:51:59.622+00:00,2026-09-19T05:51:59.822+00:00,False,5,4.0,,4.0,299838.621745,300038.154545,300038.154434,60007.630886800005,0.02277,299838.621745,134069.6044373589,239891.1253304,49.8832,41.29539577289381,0.013331637791419878,0,64,,True,False,Request timeout: 300.0s exceeded,24,56.69694568066818
214,2026-09-19T05:47:00.244+00:00,2026-09-19T05:52:00.319+00:00,2026-09-19T05:52:00.319+00:00,False,1,0.0,,0.0,300074.703483,300074.703483,300074.703483,300074.703483,300074.703483,300074.703483,nan,300074.703483,nan,nan,0.0,0,64,,True,False,TTFT timeout: 300.0s exceeded (TTFT: 300.069s),0,56.69694568066818
215,2026-09-19T05:47:00.741+00:00,2026-09-19T05:52:00.801+00:00,2026-09-19T05:52:00.801+00:00,False,1,0.0,,0.0,300060.021744,300060.021744,300060.021744,300060.021744,300060.021744,300060.021744,nan,300060.021744,nan,nan,0.0,0,64,,True,False,TTFT timeout: 300.0s exceeded (TTFT: 300.052s),0,56.69694568066818
216,2026-09-19T05:47:01.159+00:00,2026-09-19T05:52:01.016+00:00,2026-09-19T05:52:01.245+00:00,False,4,3.0,,3.0,299857.540494,300086.09473400004,300086.09460300003,75021.52365075001,0.03434,299857.540494,149890.68757430767,254896.31381865003,76.18474666666667,65.97195214563344,0.009997130998886291,0,64,,True,False,Request timeout: 300.0s exceeded,14,56.69694568066818
217,2026-09-19T05:47:01.748+00:00,2026-09-19T05:52:01.820+00:00,2026-09-19T05:52:01.820+00:00,False,1,0.0,,0.0,300072.856481,300072.856481,300072.856481,300072.856481,300072.856481,300072.856481,nan,300072.856481,nan,nan,0.0,0,64,,True,False,"HTTPConnectionPool(host='gpu03', port=9002): Read timed out.",0,56.69694568066818
218,2026-09-19T05:47:02.194+00:00,2026-09-19T05:52:02.182+00:00,2026-09-19T05:52:02.336+00:00,False,3,2.0,,2.0,299988.316139,300141.939947,300141.940041,100047.313347,0.04124,299988.316139,173154.00469479468,270004.84279130003,76.811904,108.57014816231342,0.006663513937283027,0,64,,True,False,Request timeout: 300.0s exceeded,7,56.69694568066818
219,2026-09-19T05:47:02.597+00:00,2026-09-19T05:52:02.335+00:00,2026-09-19T05:52:02.685+00:00,False,5,4.0,,4.0,299738.265019,300088.182715,300088.182559,60017.636511799996,0.02229,299738.265019,134007.91607968096,239817.81238639998,87.479424,62.244733121129364,0.013329415253245354,0,64,,True,False,Request timeout: 300.0s exceeded,24,56.69694568066818
220,2026-09-19T05:47:03.110+00:00,2026-09-19T05:52:03.201+00:00,2026-09-19T05:52:03.201+00:00,False,1,0.0,,0.0,300090.510216,300090.510216,300090.510216,300090.510216,300090.510216,300090.510216,nan,300090.510216,nan,nan,0.0,0,64,,True,False,TTFT timeout: 300.0s exceeded (TTFT: 300.083s),0,56.69694568066818
221,2026-09-19T05:47:03.538+00:00,2026-09-19T05:52:03.619+00:00,2026-09-19T05:52:03.619+00:00,False,1,0.0,,0.0,300081.630611,300081.630611,300081.630611,300081.630611,300081.630611,300081.630611,nan,300081.630611,nan,nan,0.0,0,64,,True,False,"HTTPConnectionPool(host='gpu03', port=9002): Read timed out.",0,56.69694568066818
222,2026-09-19T05:47:04.127+00:00,2026-09-19T05:52:04.080+00:00,2026-09-19T05:52:05.053+00:00,False,11,10.0,,10.0,299952.748162,300926.298242,300926.29803999997,27356.936185454542,0.03975,299952.748162,90409.80895006537,150040.487458,97.355008,35.223059388897276,0.03323072811655087,0,64,,True,False,Request timeout: 300.0s exceeded,44,56.69694568066818
223,2026-09-19T05:47:04.525+00:00,2026-09-19T05:52:04.431+00:00,2026-09-19T05:52:05.149+00:00,False,9,8.0,,8.0,299906.784491,300624.680427,300624.680457,33402.742272999996,0.039450000000000006,299906.784491,99939.0216307121,179987.3898082,89.736992,36.39601030450196,0.026611254899754053,0,64,,True,False,Request timeout: 300.0s exceeded,36,56.69694568066818
224,2026-09-19T05:47:05.094+00:00,2026-09-19T05:52:05.281+00:00,2026-09-19T05:52:05.281+00:00,False,1,0.0,,0.0,300187.802948,300187.802948,300187.802948,300187.802948,300187.802948,300187.802948,nan,300187.802948,nan,nan,0.0,0,64,,True,False,"HTTPConnectionPool(host='gpu03', port=9002): Read timed out.",0,56.69694568066818
225,2026-09-19T05:47:05.569+00:00,2026-09-19T05:52:05.605+00:00,2026-09-19T05:52:05.605+00:00,False,1,0.0,,0.0,300036.10263599997,300036.10263599997,300036.10263599997,300036.10263599997,300036.10263599997,300036.10263599997,nan,300036.10263599997,nan,nan,0.0,0,64,,True,False,"HTTPConnectionPool(host='gpu03', port=9002): Read timed out.",0,56.69694568066818
226,2026-09-19T05:47:06.015+00:00,2026-09-19T05:52:06.129+00:00,2026-09-19T05:52:06.129+00:00,False,1,0.0,,0.0,300113.98182499997,300113.98182499997,300113.98182499997,300113.98182499997,300113.98182499997,300113.98182499997,nan,300113.98182499997,nan,nan,0.0,0,64,,True,False,"HTTPConnectionPool(host='gpu03', port=9002): Read timed out.",0,56.69694568066818
227,2026-09-19T05:47:06.406+00:00,2026-09-19T05:52:06.345+00:00,2026-09-19T05:52:06.545+00:00,False,3,2.0,,2.0,299939.136462,300139.24987,300139.24982,100046.41660666668,0.025079999999999998,299939.136462,173112.202327545,269965.23164360004,100.056704,141.4660680132975,0.006663573660780003,0,64,,True,False,Request timeout: 300.0s exceeded,3,56.69694568066818
228,2026-09-19T05:47:06.814+00:00,2026-09-19T05:52:06.544+00:00,2026-09-19T05:52:06.842+00:00,False,5,4.0,,4.0,299729.768471,300028.128279,300028.12823800003,60005.625647600005,0.02386,299729.768471,134009.87676783084,239804.78493720002,74.589952,49.89927506094888,0.013332083304803838,0,64,,True,False,Request timeout: 300.0s exceeded,11,56.69694568066818
229,2026-09-19T05:47:07.142+00:00,2026-09-19T05:52:06.743+00:00,2026-09-19T05:52:07.198+00:00,False,9,8.0,,8.0,299601.30817000003,300056.03124200006,300056.031152,33339.559016888896,0.039189999999999996,299601.30817000003,99848.16039839311,179801.6619136,56.840384,31.925642272905726,0.026661687041870757,0,64,,True,False,Request timeout: 300.0s exceeded,21,56.69694568066818
230,2026-09-19T05:47:07.555+00:00,2026-09-19T05:52:07.661+00:00,2026-09-19T05:52:07.661+00:00,False,1,0.0,,0.0,300105.629855,300105.629855,300105.629855,300105.629855,300105.629855,300105.629855,nan,300105.629855,nan,nan,0.0,0,64,,True,False,"HTTPConnectionPool(host='gpu03', port=9002): Read timed out.",0,56.69694568066818
231,2026-09-19T05:47:07.923+00:00,2026-09-19T05:52:07.990+00:00,2026-09-19T05:52:07.990+00:00,False,1,0.0,,0.0,300066.66737800004,300066.66737800004,300066.66737800004,300066.66737800004,300066.66737800004,300066.66737800004,nan,300066.66737800004,nan,nan,0.0,0,64,,True,False,TTFT timeout: 300.0s exceeded (TTFT: 300.061s),0,56.69694568066818
232,2026-09-19T05:47:08.336+00:00,2026-09-19T05:52:08.269+00:00,2026-09-19T05:52:08.384+00:00,False,3,2.0,,2.0,299932.413724,300048.19151599996,300048.191529,100016.063843,0.06247,299932.413724,173132.64728584007,269950.74388509995,57.888896,81.77892439804555,0.006665595916092534,0,64,,True,False,Request timeout: 300.0s exceeded,6,56.69694568066818
233,2026-09-19T05:47:08.799+00:00,2026-09-19T05:52:08.872+00:00,2026-09-19T05:52:08.872+00:00,False,1,0.0,,0.0,300072.843227,300072.843227,300072.843227,300072.843227,300072.843227,300072.843227,nan,300072.843227,nan,nan,0.0,0,64,,True,False,"HTTPConnectionPool(host='gpu03', port=9002): Read timed out.",0,56.69694568066818
234,2026-09-19T05:47:09.228+00:00,2026-09-19T05:52:09.291+00:00,2026-09-19T05:52:09.291+00:00,False,1,0.0,,0.0,300062.64353299997,300062.64353299997,300062.64353299997,300062.64353299997,300062.64353299997,300062.64353299997,nan,300062.64353299997,nan,nan,0.0,0,64,,True,False,"HTTPConnectionPool(host='gpu03', port=9002): Read timed out.",0,56.69694568066818
235,2026-09-19T05:47:09.607+00:00,2026-09-19T05:52:09.600+00:00,2026-09-19T05:52:09.731+00:00,False,3,2.0,,2.0,299993.029792,300123.71216,300123.712171,100041.23739033334,0.041979999999999996,299993.029792,173163.34406411237,270006.7908527,65.341184,92.34701425211321,0.006663918640769621,0,64,,True,False,Request timeout: 300.0s exceeded,4,56.69694568066818
236,2026-09-19T05:47:10.081+00:00,2026-09-19T05:52:09.864+00:00,2026-09-19T05:52:10.204+00:00,False,5,4.0,,4.0,299782.369997,300122.46676499996,300122.466722,60024.4933444,0.0371,299782.369997,134028.73705377654,239852.22327479997,85.024192,58.17708947900129,0.01332789258703533,0,64,,True,False,Request timeout: 300.0s exceeded,15,56.69694568066818
237,2026-09-19T05:47:10.442+00:00,2026-09-19T05:52:10.405+00:00,2026-09-19T05:52:10.508+00:00,False,3,2.0,,2.0,299962.844694,300065.38549400005,300065.385513,100021.795171,0.05895,299962.844694,173154.03571930583,269976.8084115,51.2704,72.42402613374101,0.006665213972306016,0,64,,True,False,Request timeout: 300.0s exceeded,3,56.69694568066818
238,2026-09-19T05:47:10.960+00:00,2026-09-19T05:52:11.015+00:00,2026-09-19T05:52:11.015+00:00,False,1,0.0,,0.0,300054.75442,300054.75442,300054.75442,300054.75442,300054.75442,300054.75442,nan,300054.75442,nan,nan,0.0,0,64,,True,False,"HTTPConnectionPool(host='gpu03', port=9002): Read timed out.",0,56.69694568066818
239,2026-09-19T05:47:11.291+00:00,2026-09-19T05:52:11.324+00:00,2026-09-19T05:52:11.324+00:00,False,1,0.0,,0.0,300033.091276,300033.091276,300033.091276,300033.091276,300033.091276,300033.091276,nan,300033.091276,nan,nan,0.0,0,64,,True,False,"HTTPConnectionPool(host='gpu03', port=9002): Read timed out.",0,56.69694568066818
240,2026-09-19T05:47:11.711+00:00,2026-09-19T05:52:11.505+00:00,2026-09-19T05:52:11.733+00:00,False,4,3.0,,3.0,299794.523736,300022.44386400003,300022.444086,75005.6110215,0.048310000000000006,299794.523736,149859.28512450735,254844.3564828,75.973376,66.98862969704922,0.009999251927165482,0,64,,True,False,Request timeout: 300.0s exceeded,6,56.69694568066818
241,2026-09-19T05:47:12.074+00:00,2026-09-19T05:52:11.835+00:00,2026-09-19T05:52:12.128+00:00,False,5,4.0,,4.0,299761.246237,300054.078237,300054.07822799997,60010.8156456,0.08721999999999999,299761.246237,134024.57179442403,239829.4980732,73.208,48.87995496721897,0.013330930289307949,0,64,,True,False,Request timeout: 300.0s exceeded,15,56.69694568066818
242,2026-09-19T05:47:12.569+00:00,2026-09-19T05:52:12.653+00:00,2026-09-19T05:52:12.653+00:00,False,1,0.0,,0.0,300083.78951,300083.78951,300083.78951,300083.78951,300083.78951,300083.78951,nan,300083.78951,nan,nan,0.0,0,64,,True,False,"HTTPConnectionPool(host='gpu03', port=9002): Read timed out.",0,56.69694568066818
243,2026-09-19T05:47:12.947+00:00,2026-09-19T05:52:12.944+00:00,2026-09-19T05:52:13.095+00:00,False,3,2.0,,2.0,299996.306653,300147.733725,300147.733741,100049.24458033334,0.038520000000000006,299996.306653,173159.25170295514,270011.81484450004,75.713536,107.02044162695648,0.006663385310889706,0,64,,True,False,Request timeout: 300.0s exceeded,3,56.69694568066818
244,2026-09-19T05:47:13.429+00:00,2026-09-19T05:52:13.220+00:00,2026-09-19T05:52:13.468+00:00,False,4,3.0,,3.0,299791.757412,300039.56566799997,300039.565433,75009.89135825,0.029199000000000003,299791.757412,149854.5891019792,254843.47968944997,82.602752,72.62664164534047,0.009998681318315073,0,64,,True,False,Request timeout: 300.0s exceeded,17,56.69694568066818
245,2026-09-19T05:47:13.936+00:00,2026-09-19T05:52:13.964+00:00,2026-09-19T05:52:13.964+00:00,False,1,0.0,,0.0,300028.561094,300028.561094,300028.561094,300028.561094,300028.561094,300028.561094,nan,300028.561094,nan,nan,0.0,0,64,,True,False,"HTTPConnectionPool(host='gpu03', port=9002): Read timed out.",0,56.69694568066818
246,2026-09-19T05:47:14.436+00:00,2026-09-19T05:52:14.483+00:00,2026-09-19T05:52:14.483+00:00,False,1,0.0,,0.0,300046.326874,300046.326874,300046.326874,300046.326874,300046.326874,300046.326874,nan,300046.326874,nan,nan,0.0,0,64,,True,False,"HTTPConnectionPool(host='gpu03', port=9002): Read timed out.",0,56.69694568066818
247,2026-09-19T05:47:14.920+00:00,2026-09-19T05:52:14.784+00:00,2026-09-19T05:52:15.023+00:00,False,4,3.0,,3.0,299863.42558,300102.275116,300102.27521299996,75025.56880324999,0.039899000000000004,299863.42558,149891.91547325093,254903.8183951,79.616512,70.18814858983941,0.009996591991314946,0,64,,True,False,Request timeout: 300.0s exceeded,13,56.69694568066818
248,2026-09-19T05:47:15.247+00:00,2026-09-19T05:52:15.024+00:00,2026-09-19T05:52:15.347+00:00,False,5,4.0,,4.0,299777.622015,300100.667135,300100.66722199996,60020.133444399995,0.02562,299777.622015,134028.51901588505,239845.23746319994,80.76128,54.71522278570706,0.013328860739255217,0,64,,True,False,Request timeout: 300.0s exceeded,13,56.69694568066818
249,2026-09-19T05:47:15.793+00:00,2026-09-19T05:52:15.823+00:00,2026-09-19T05:52:15.823+00:00,False,1,0.0,,0.0,300029.368125,300029.368125,300029.368125,300029.368125,300029.368125,300029.368125,nan,300029.368125,nan,nan,0.0,0,64,,True,False,"HTTPConnectionPool(host='gpu03', port=9002): Read timed out.",0,56.69694568066818
250,2026-09-19T05:47:16.123+00:00,2026-09-19T05:52:16.186+00:00,2026-09-19T05:52:16.186+00:00,False,1,0.0,,0.0,300063.227526,300063.227526,300063.227526,300063.227526,300063.227526,300063.227526,nan,300063.227526,nan,nan,0.0,0,64,,True,False,"HTTPConnectionPool(host='gpu03', port=9002): Read timed out.",0,56.69694568066818
251,2026-09-19T05:47:17.613+00:00,2026-09-19T05:52:16.882+00:00,2026-09-19T05:52:17.866+00:00,False,12,11.0,,11.0,299268.858113,300252.818177,300252.818154,25021.0681795,0.04131,299268.858113,86365.66237891196,134743.6400426,89.45091490909091,35.77903748631999,0.036635792685600924,0,64,,True,False,Request timeout: 300.0s exceeded,41,56.69694568066818
252,2026-09-19T05:47:17.796+00:00,2026-09-19T05:52:17.866+00:00,2026-09-19T05:52:17.961+00:00,False,3,2.0,,2.0,300069.115655,300164.436231,300164.43611099996,100054.812037,0.024030000000000003,300069.115655,173217.47460361055,270071.7337321,47.660288,67.36779404104273,0.0066630145300119546,0,64,,True,False,Request timeout: 300.0s exceeded,6,56.69694568066818
254,2026-09-19T05:47:17.965+00:00,2026-09-19T05:52:17.980+00:00,2026-09-19T05:52:17.980+00:00,False,1,0.0,,0.0,300014.532921,300014.532921,300014.532921,300014.532921,300014.532921,300014.532921,nan,300014.532921,nan,nan,0.0,0,64,,True,False,"HTTPConnectionPool(host='gpu03', port=9002): Read timed out.",0,56.69694568066818
253,2026-09-19T05:47:17.802+00:00,2026-09-19T05:52:18.001+00:00,2026-09-19T05:52:18.001+00:00,False,1,0.0,,0.0,300198.734996,300198.734996,300198.734996,300198.734996,300198.734996,300198.734996,nan,300198.734996,nan,nan,0.0,0,64,,True,False,"HTTPConnectionPool(host='gpu03', port=9002): Read timed out.",0,56.69694568066818
255,2026-09-19T05:47:18.377+00:00,2026-09-19T05:52:18.408+00:00,2026-09-19T05:52:18.408+00:00,False,1,0.0,,0.0,300030.212596,300030.212596,300030.212596,300030.212596,300030.212596,300030.212596,nan,300030.212596,nan,nan,0.0,0,64,,True,False,"HTTPConnectionPool(host='gpu03', port=9002): Read timed out.",0,56.69694568066818
256,2026-09-19T05:47:18.849+00:00,2026-09-19T05:52:18.886+00:00,2026-09-19T05:52:18.886+00:00,False,1,0.0,,0.0,300036.938607,300036.938607,300036.938607,300036.938607,300036.938607,300036.938607,nan,300036.938607,nan,nan,0.0,0,64,,True,False,"HTTPConnectionPool(host='gpu03', port=9002): Read timed out.",0,56.69694568066818
257,2026-09-19T05:47:19.276+00:00,2026-09-19T05:52:19.397+00:00,2026-09-19T05:52:20.585+00:00,False,16,15.0,,15.0,300120.974884,301309.503524,301309.50342300005,18831.843963937503,0.03739,300120.974884,75010.44225961229,75110.80768225,79.23524266666668,34.36608212029645,0.049782697938716744,0,64,,True,False,Request timeout: 300.0s exceeded,56,56.69694568066818
258,2026-09-19T05:47:19.852+00:00,2026-09-19T05:52:19.424+00:00,2026-09-19T05:52:20.687+00:00,False,16,15.0,,15.0,299571.67666,300834.654708,300834.654607,18802.1659129375,0.03234,299571.67666,74871.87568921816,74973.35102275,84.19853653333332,31.428820542986205,0.04986127683514219,0,64,,True,False,Request timeout: 300.0s exceeded,66,56.69694568066818
259,2026-09-19T05:47:20.453+00:00,2026-09-19T05:52:20.768+00:00,2026-09-19T05:52:20.768+00:00,False,1,0.0,,0.0,300314.75252700003,300314.75252700003,300314.75252700003,300314.75252700003,300314.75252700003,300314.75252700003,nan,300314.75252700003,nan,nan,0.0,0,64,,True,False,"HTTPConnectionPool(host='gpu03', port=9002): Read timed out.",0,56.69694568066818
0,2026-09-19T05:45:20.767+00:00,2026-09-19T05:45:20.831+00:00,2026-09-19T05:45:27.311+00:00,True,73,73.0,,73.0,63.491093,6543.832085,6543.832158,89.6415364109589,29.047603,161.944213,27.65190367024055,110.03355800000001,90.004736,27.67006106231298,11.155542968061962,1,64,,False,True,,279,56.69694568066818
1,2026-09-19T05:45:21.107+00:00,2026-09-19T05:45:21.230+00:00,2026-09-19T05:45:21.656+00:00,True,6,6.0,,6.0,123.253955,549.437891,549.437857,91.57297616666668,64.386981,123.253955,22.8028387365437,119.46504575,85.23678720000001,18.677742513500586,10.920251584905706,1,64,,False,True,,21,56.69694568066818
2,2026-09-19T05:45:21.488+00:00,2026-09-19T05:45:21.754+00:00,2026-09-19T05:45:21.850+00:00,True,2,2.0,,2.0,265.508111,361.922063,361.921997,180.9609985,96.413886,265.508111,119.56767315698382,257.05339975,96.413952,nan,5.526051612940768,1,64,,False,True,,5,56.69694568066818
3,2026-09-19T05:45:21.882+00:00,2026-09-19T05:45:24.019+00:00,2026-09-19T05:45:24.595+00:00,True,7,7.0,,7.0,2136.687942,2713.31463,2713.314409,387.61634414285714,50.755172,2136.687942,771.5428046352304,1528.897575,96.104448,22.552544399832566,2.5798703632095923,1,64,,False,True,,45,56.69694568066818
4,2026-09-19T05:45:22.494+00:00,2026-09-19T05:45:27.516+00:00,2026-09-19T05:45:29.325+00:00,True,19,19.0,,19.0,5022.807079,6831.355175000001,6831.355096,359.5450050526316,50.871362,5022.807079,1129.331539198566,602.3252938,100.47489422222222,13.038523689752372,2.7812929518775897,1,64,,False,True,,86,56.69694568066818
5,2026-09-19T05:45:22.990+00:00,2026-09-19T05:45:29.885+00:00,2026-09-19T05:45:32.709+00:00,True,29,29.0,,29.0,6895.256927,9719.551839,9719.552038,335.15696682758625,48.540087,6895.256927,1261.7674951159156,127.8462542,100.86767542857143,14.567033198598914,2.983676663324806,1,64,,False,True,,141,56.69694568066818
6,2026-09-19T05:45:23.333+00:00,2026-09-19T05:45:32.199+00:00,2026-09-19T05:45:38.926+00:00,True,69,69.0,,69.0,8865.968896,15593.2672,15593.267181000001,225.98937943478262,0.0,8865.968896,1056.2982177100278,203.2427906,98.9308574117647,43.202719743943085,4.424986701953007,1,64,,False,True,,242,56.69694568066818
7,2026-09-19T05:45:23.794+00:00,2026-09-19T05:45:34.197+00:00,2026-09-19T05:45:43.437+00:00,True,95,95.0,,95.0,10403.743942,19643.191749999998,19643.191725,206.77043921052632,0.0,10403.743942,1058.3668959522906,170.8146477,98.29199795744681,47.381470079920135,4.836281252510809,1,64,,False,True,,531,56.69694568066818
8,2026-09-19T05:45:24.191+00:00,2026-09-19T05:45:36.659+00:00,2026-09-19T05:45:37.596+00:00,True,10,10.0,,10.0,12468.58679,13405.472038,13405.472146999999,1340.5472147,0.03797,12468.58679,3910.519720431188,6973.53681395,104.09836088888889,67.97423231675349,0.7459640340641022,1,64,,False,True,,42,56.69694568066818
9,2026-09-19T05:45:24.764+00:00,2026-09-19T05:45:39.600+00:00,2026-09-19T05:45:41.788+00:00,True,23,23.0,,23.0,14836.757504000001,17024.153088,17024.153177,740.1805729130435,48.217427,14836.757504000001,3072.9695291083117,111.0953955,99.427072,12.355571475860511,1.3510216855493542,1,64,,False,True,,60,56.69694568066818
10,2026-09-19T05:45:25.254+00:00,2026-09-19T05:45:42.451+00:00,2026-09-19T05:45:48.247+00:00,True,61,61.0,,61.0,17196.911375,22992.934415,22992.934441,376.93335149180325,0.0,17196.911375,2189.894812764432,116.951928,96.600384,43.472666673261884,2.652988909506268,1,64,,False,True,,232,56.69694568066818
11,2026-09-19T05:45:25.834+00:00,2026-09-19T05:45:45.861+00:00,2026-09-19T05:45:47.126+00:00,True,14,14.0,,14.0,20026.540590999997,21291.818798999997,21291.818822999998,1520.844201642857,49.904523,20026.540590999997,5326.344080188944,7082.7226169,97.32909292307693,21.014211773251112,0.6575295484224922,1,64,,False,True,,62,56.69694568066818
12,2026-09-19T05:45:26.253+00:00,2026-09-19T05:45:48.347+00:00,2026-09-19T05:45:55.516+00:00,True,73,73.0,,73.0,22093.840325,29262.947269,29262.947162,400.862289890411,0.0,22093.840325,2575.5081561936568,224.4428112,99.57092977777778,81.555307228682,2.4946222719450164,1,64,,False,True,,352,56.69694568066818
13,2026-09-19T05:45:26.621+00:00,2026-09-19T05:45:50.211+00:00,2026-09-19T05:45:56.853+00:00,True,71,71.0,,71.0,23589.59906,30232.036692,30232.036583,425.8033321549296,0.0,23589.59906,2789.2010064242713,114.5011635,94.89196617142858,71.05437592294109,2.3485020451429928,1,64,,False,True,,350,56.69694568066818
14,2026-09-19T05:45:27.239+00:00,2026-09-19T05:45:53.606+00:00,2026-09-19T05:45:54.277+00:00,True,4,4.0,,4.0,26366.846138999997,27038.000826999996,27038.000774999997,6759.500193749999,94.037981,26366.846138999997,13072.767848613268,22483.004352750002,223.71822933333334,217.28367254109196,0.14793993186085053,1,64,,False,True,,13,56.69694568066818
15,2026-09-19T05:45:27.780+00:00,2026-09-19T05:45:56.185+00:00,2026-09-19T05:46:03.568+00:00,True,77,77.0,,77.0,28404.97489,35788.448554,35788.448698,464.78504802597405,0.0,28404.97489,3226.517505832116,112.7066996,97.15096926315789,59.507098152169085,2.1515322153129173,1,64,,False,True,,269,56.69694568066818
16,2026-09-19T05:45:28.347+00:00,2026-09-19T05:45:59.805+00:00,2026-09-19T05:46:03.880+00:00,True,42,42.0,,42.0,31458.260094999998,35532.793727,35532.793763999995,846.0188991428571,43.722448,31458.260094999998,4838.820434126889,113.93374109999999,99.37886907317073,19.92185945479313,1.1820066928226312,1,64,,False,True,,124,56.69694568066818
17,2026-09-19T05:45:28.868+00:00,2026-09-19T05:46:02.253+00:00,2026-09-19T05:46:09.058+00:00,True,69,69.0,,69.0,33384.538089,40189.867241,40189.867116,582.4618422608696,0.0,33384.538089,4007.9875792477023,113.88423340000001,100.07836988235294,90.61942667520586,1.7168506575609963,1,64,,False,True,,244,56.69694568066818
18,2026-09-19T05:45:29.295+00:00,2026-09-19T05:46:04.892+00:00,2026-09-19T05:46:13.472+00:00,True,88,88.0,,88.0,35597.040773999994,44177.233541999994,44177.23370599999,502.01401938636354,0.0,35597.040773999994,3785.6563495821024,113.343464,98.62290537931034,107.61435891934505,1.9919762498558675,1,64,,False,True,,393,56.69694568066818
19,2026-09-19T05:45:29.698+00:00,2026-09-19T05:46:07.341+00:00,2026-09-19T05:46:09.462+00:00,True,23,23.0,,23.0,37642.727939000004,39763.208963000005,39763.20892900001,1728.835170826087,48.614456,37642.727939000004,7828.969012381214,116.8316483,96.38550109090909,15.903458380585715,0.5784241413061428,1,64,,False,True,,63,56.69694568066818
20,2026-09-19T05:45:30.302+00:00,2026-09-19T05:46:10.073+00:00,2026-09-19T05:46:12.577+00:00,True,24,24.0,,24.0,39770.600633,42274.908345,42274.908439,1761.4545182916668,0.0,39770.600633,8097.110797705191,643.5539709,108.882944,142.32687285854976,0.5677126442034868,1,64,,False,True,,133,56.69694568066818
21,2026-09-19T05:45:30.676+00:00,2026-09-19T05:46:11.650+00:00,2026-09-19T05:46:15.163+00:00,True,38,38.0,,38.0,40974.112178,44486.493618,44486.493546000005,1170.6971985789473,0.0,40974.112178,6632.462189436038,206.67805780000003,94.9292281081081,115.7632417558152,0.854191843625647,1,64,,False,True,,185,56.69694568066818
22,2026-09-19T05:45:31.040+00:00,2026-09-19T05:46:13.771+00:00,2026-09-19T05:46:14.560+00:00,True,9,9.0,,9.0,42731.080426,43520.371946,43520.371878,4835.596875333334,89.320932,42731.080426,14210.80730822995,25680.816425599995,98.66144,5.632504381778322,0.20679970316354798,1,64,,False,True,,25,56.69694568066818
23,2026-09-19T05:45:31.644+00:00,2026-09-19T05:46:16.970+00:00,2026-09-19T05:46:19.242+00:00,True,24,24.0,,24.0,45325.444792999995,47597.873081,47597.873079,1983.2447116249998,43.533309,45325.444792999995,9231.86950963202,113.16588925,98.80122991304349,19.426363497179427,0.5042242110095516,1,64,,False,True,,89,56.69694568066818
24,2026-09-19T05:45:32.154+00:00,2026-09-19T05:46:20.398+00:00,2026-09-19T05:46:22.859+00:00,True,26,26.0,,26.0,48244.040525,50705.601869,50705.601891,1950.2154573461537,0.0,48244.040525,9444.07089628779,783.42727025,98.46245376,195.67282057690838,0.5127638572789662,1,64,,False,True,,126,56.69694568066818
25,2026-09-19T05:45:32.672+00:00,2026-09-19T05:46:23.224+00:00,2026-09-19T05:46:30.877+00:00,True,75,75.0,,75.0,50552.150058,58205.193258,58205.193305,776.0692440666667,0.0,50552.150058,5825.991191178446,119.1131931,103.4195027027027,89.19267725893334,1.2885448153664818,1,64,,False,True,,318,56.69694568066818
26,2026-09-19T05:45:33.087+00:00,2026-09-19T05:46:25.396+00:00,2026-09-19T05:46:34.504+00:00,True,89,89.0,,89.0,52308.683467,61417.382347000006,61417.382373,690.082948011236,0.0,52308.683467,5534.354245339518,116.55319279999999,103.50794181818182,83.09167631632549,1.4491011599478774,1,64,,False,True,,454,56.69694568066818
27,2026-09-19T05:45:33.583+00:00,2026-09-19T05:46:28.071+00:00,2026-09-19T05:46:35.934+00:00,True,78,78.0,,78.0,54487.765552000004,62350.26308800001,62350.262927,799.3623452179488,0.0,54487.765552000004,6158.579100750114,114.00218854999999,102.1103576103896,87.6932904402456,1.2509971271478397,1,64,,False,True,,372,56.69694568066818
28,2026-09-19T05:45:34.042+00:00,2026-09-19T05:46:30.345+00:00,2026-09-19T05:46:30.985+00:00,True,7,7.0,,7.0,56302.918107,56943.313626999996,56943.313704,8134.7591005714285,99.157307,56302.918107,21240.162037711827,39445.3667946,106.73258666666668,4.500024615625948,0.12292927042940667,1,64,,False,True,,15,56.69694568066818
29,2026-09-19T05:45:34.574+00:00,2026-09-19T05:46:33.334+00:00,2026-09-19T05:46:33.552+00:00,True,3,3.0,,3.0,58760.180532,58978.365236,58978.365270999995,19659.455090333333,107.66127800000001,58760.180532,33862.22156912438,52895.214824899995,109.092352,2.023796176298394,0.0508661097674647,1,64,,False,True,,6,56.69694568066818
30,2026-09-19T05:45:35.188+00:00,2026-09-19T05:46:36.873+00:00,2026-09-19T05:46:44.236+00:00,True,76,76.0,,76.0,61684.259514,69047.31359399999,69047.31357099999,908.5172838289474,0.0,61684.259514,7065.515229628674,114.247117,98.1740544,125.89433237542292,1.1006945244369968,1,64,,False,True,,114,56.69694568066818
31,2026-09-19T05:45:35.790+00:00,2026-09-19T05:46:39.914+00:00,2026-09-19T05:46:47.306+00:00,True,76,76.0,,76.0,64123.635523000004,71515.377219,71515.377221,940.9918055394737,44.446615,64123.635523000004,7344.205570928515,113.67479599999999,98.55655594666668,19.41952487327531,1.0627085104685505,1,64,,False,True,,315,56.69694568066818
32,2026-09-19T05:45:36.170+00:00,2026-09-19T05:46:42.006+00:00,2026-09-19T05:46:44.963+00:00,True,31,31.0,,31.0,65836.001559,68793.171223,68793.171332,2219.134559096774,45.528883,65836.001559,11806.806416679343,113.74691299999999,98.57232213333334,19.51159210048652,0.4506261224607654,1,64,,False,True,,130,56.69694568066818
33,2026-09-19T05:45:36.625+00:00,2026-09-19T05:46:44.233+00:00,2026-09-19T05:46:48.683+00:00,True,46,46.0,,46.0,67608.139065,72057.856313,72057.85610599999,1566.4751327391302,48.215057,67608.139065,9953.70939657585,112.1455765,98.88260551111111,15.99436263135223,0.6383759156002135,1,64,,False,True,,241,56.69694568066818
34,2026-09-19T05:45:37.236+00:00,2026-09-19T05:46:47.558+00:00,2026-09-19T05:46:55.713+00:00,True,83,83.0,,83.0,70322.49624699999,78477.22674299999,78477.226875,945.5087575301203,0.0,70322.49624699999,7709.182123080611,112.650823,99.44793287804877,136.9218244288567,1.0576316651939213,1,64,,False,True,,358,56.69694568066818
35,2026-09-19T05:45:37.759+00:00,2026-09-19T05:46:51.334+00:00,2026-09-19T05:46:52.900+00:00,True,24,24.0,,24.0,73574.269498,75140.79058599999,75140.79065299999,3130.866277208333,0.0,73574.269498,15004.512097178062,229.6951553,68.10961252173912,63.873281555400936,0.3194004190378003,1,64,,False,True,,89,56.69694568066818
36,2026-09-19T05:45:38.300+00:00,2026-09-19T05:46:53.010+00:00,2026-09-19T05:46:55.725+00:00,True,25,25.0,,25.0,74709.919717,77425.773797,77425.773795,3097.0309518,0.01668,74709.919717,14920.197131866089,702.2504008,113.16058666666667,162.2350879839649,0.3228898953667114,1,64,,False,True,,135,56.69694568066818
37,2026-09-19T05:45:38.741+00:00,2026-09-19T05:46:55.835+00:00,2026-09-19T05:46:59.111+00:00,True,33,33.0,,33.0,77093.961135,80370.66795100001,80370.66779800001,2435.474781757576,54.431472,77093.961135,13402.518346645596,118.0365152,102.397088,14.259093666681768,0.4105975580558727,1,64,,False,True,,128,56.69694568066818
38,2026-09-19T05:45:39.340+00:00,2026-09-19T05:46:59.224+00:00,2026-09-19T05:47:05.101+00:00,True,61,61.0,,61.0,79883.95809100001,85760.69281100002,85760.69278400001,1405.9129964590165,0.0,79883.95809100001,10216.64868094804,113.34544500000001,97.94557866666668,150.94776872421923,0.7112815673543147,1,64,,False,True,,217,56.69694568066818
39,2026-09-19T05:45:39.961+00:00,2026-09-19T05:47:02.777+00:00,2026-09-19T05:47:12.199+00:00,True,98,98.0,,98.0,82815.976772,92238.61305999999,92238.613116,941.2103379183673,0.0,82815.976772,8356.680279483919,112.95329035,97.14058028865979,117.3855901944682,1.0624617689801157,1,64,,False,True,,409,56.69694568066818
40,2026-09-19T05:45:40.321+00:00,2026-09-19T05:47:05.099+00:00,2026-09-19T05:47:14.634+00:00,True,99,99.0,,99.0,84777.500594,94312.866994,94312.867074,952.655222969697,47.275608999999996,84777.500594,8510.699124218043,109.6327809,97.29965714285714,17.937375175265366,1.0496977046228295,1,64,,False,True,,413,56.69694568066818
41,2026-09-19T05:45:40.792+00:00,2026-09-19T05:47:07.477+00:00,2026-09-19T05:47:15.498+00:00,True,83,83.0,,83.0,86685.206882,94706.398306,94706.398393,1141.040944493976,45.336374000000006,86685.206882,9504.216404278844,110.40970610000001,97.8194076097561,17.488461785493016,0.8763927409827562,1,64,,False,True,,352,56.69694568066818
42,2026-09-19T05:45:41.242+00:00,2026-09-19T05:47:10.188+00:00,2026-09-19T05:47:17.567+00:00,True,72,72.0,,72.0,88946.75809,96325.36058600001,96325.360688,1337.852231777778,0.01762,88946.75809,10470.889249853939,110.38362105,103.92397881690141,118.47541010445923,0.7474667061922685,1,64,,False,True,,338,56.69694568066818
43,2026-09-19T05:45:41.805+00:00,2026-09-19T05:47:13.498+00:00,2026-09-19T05:47:14.781+00:00,True,16,16.0,,16.0,91692.65431700001,92975.35102100001,92975.35108800001,5810.959443000001,47.526989,91692.65431700001,22901.79766312941,23005.069424,85.5131136,24.632034748959146,0.17208862160021463,1,64,,False,True,,61,56.69694568066818
44,2026-09-19T05:45:42.372+00:00,2026-09-19T05:47:17.479+00:00,2026-09-19T05:47:18.563+00:00,True,21,21.0,,21.0,95106.919208,96190.388776,96190.38871500001,4580.494700714286,0.01587,95106.919208,20742.272866409796,141.819887,54.1734784,52.54698684448202,0.21831703008190365,1,64,,False,True,,61,56.69694568066818
45,2026-09-19T05:45:42.877+00:00,2026-09-19T05:47:20.411+00:00,2026-09-19T05:47:20.571+00:00,True,14,14.0,,14.0,97534.131044,97694.107748,97694.10790799999,6978.150564857143,0.0,97534.131044,26063.814589922364,34183.6313237,12.305900307692308,24.341010635183327,0.14330444611984913,1,64,,False,True,,50,56.69694568066818
46,2026-09-19T05:45:43.321+00:00,2026-09-19T05:47:21.601+00:00,2026-09-19T05:47:26.872+00:00,True,54,54.0,,54.0,98280.13690700001,103551.76775500001,103551.767829,1917.6253301666668,43.906147,98280.13690700001,13360.711171703417,113.32183294999999,99.46473298113207,19.513721270567252,0.521478301826408,1,64,,False,True,,231,56.69694568066818
47,2026-09-19T05:45:43.841+00:00,2026-09-19T05:47:24.687+00:00,2026-09-19T05:47:30.068+00:00,True,56,56.0,,56.0,100845.2097,106227.02986000001,106227.02976300001,1896.9112457678573,45.628811999999996,100845.2097,13462.945251307056,112.34653125000001,97.85127563636364,19.01565904562196,0.5271727927798056,1,64,,False,True,,241,56.69694568066818
48,2026-09-19T05:45:44.454+00:00,2026-09-19T05:47:27.966+00:00,2026-09-19T05:47:30.017+00:00,True,22,22.0,,22.0,103511.796384,105563.245472,105563.245521,4798.329341863637,48.494246,103511.796384,22047.96788929926,111.09782720000001,97.68805180952381,16.54498514828865,0.20840586988049137,1,64,,True,True,,134,56.69694568066818
49,2026-09-19T05:45:45.081+00:00,2026-09-19T05:47:31.350+00:00,2026-09-19T05:47:33.821+00:00,True,26,26.0,,26.0,106268.84812800001,108739.89017600002,108739.89024500002,4182.303470961539,46.87332,106268.84812800001,20821.657082090787,110.94684774999998,98.84168192,15.794384703621098,0.23910268768818804,1,64,,True,True,,136,56.69694568066818
50,2026-09-19T05:45:45.636+00:00,2026-09-19T05:47:34.455+00:00,2026-09-19T05:47:42.606+00:00,True,85,85.0,,85.0,108819.287572,116969.834004,116969.83401400001,1376.115694282353,44.483815,108819.287572,11792.602893660616,111.5395502,97.03031466666667,20.941455070743416,0.7266830864878654,1,64,,True,True,,320,56.69694568066818
51,2026-09-19T05:45:46.111+00:00,2026-09-19T05:47:36.655+00:00,2026-09-19T05:47:44.184+00:00,True,78,78.0,,78.0,110544.67520499999,118073.134213,118073.13419499999,1513.758130705128,44.549395,110544.67520499999,12505.66447696319,112.8897337,97.77219490909091,19.690225808565646,0.6606075168572267,1,64,,True,True,,322,56.69694568066818
52,2026-09-19T05:45:46.598+00:00,2026-09-19T05:47:39.218+00:00,2026-09-19T05:47:41.443+00:00,True,25,25.0,,25.0,112620.185391,114845.14539100001,114845.14524900001,4593.80580996,44.844285000000006,112620.185391,22505.510058137123,114.9820104,92.70666666666668,25.927009440649922,0.21768442988935566,1,64,,True,True,,112,56.69694568066818
53,2026-09-19T05:45:46.951+00:00,2026-09-19T05:47:41.663+00:00,2026-09-19T05:47:48.904+00:00,True,72,72.0,,72.0,114711.824393,121952.777481,121952.777542,1693.7885769722222,45.256513,114711.824393,13506.904395555888,109.90429060000001,101.98525476056338,12.074997434083762,0.590392457533142,1,64,,True,True,,334,56.69694568066818
54,2026-09-19T05:45:47.341+00:00,2026-09-19T05:47:43.653+00:00,2026-09-19T05:47:45.737+00:00,True,22,22.0,,22.0,116311.772584,118395.70372,118395.703616,5381.622891636364,47.964767,116311.772584,24776.601671697037,110.3953392,99.234816,16.713837000404283,0.18581755341417552,1,64,,True,True,,86,56.69694568066818
55,2026-09-19T05:45:47.829+00:00,2026-09-19T05:47:45.945+00:00,2026-09-19T05:47:50.812+00:00,True,50,50.0,,50.0,118115.44000300001,122982.38246700002,122982.382425,2459.6476485000003,47.698798000000004,118115.44000300001,16690.00715032583,113.78331644999999,99.32535640816326,16.673990225388287,0.40656229776176717,1,64,,True,True,,187,56.69694568066818
56,2026-09-19T05:45:48.252+00:00,2026-09-19T05:47:48.329+00:00,2026-09-19T05:47:52.274+00:00,True,41,41.0,,41.0,120076.665529,124021.771961,124021.771938,3024.9212667804877,45.890581,120076.665529,18737.431004373728,113.090813,98.6276608,19.094953395732528,0.33058711669506624,1,64,,True,True,,83,56.69694568066818
57,2026-09-19T05:45:48.873+00:00,2026-09-19T05:47:52.077+00:00,2026-09-19T05:47:53.706+00:00,True,17,17.0,,17.0,123203.86915099999,124833.00681499999,124833.00705599999,7343.118062117646,92.35467200000001,123203.86915099999,29856.632555010263,24727.869313399995,101.821104,4.99892539165513,0.13618193163602682,1,64,,True,True,,67,56.69694568066818
58,2026-09-19T05:45:49.280+00:00,2026-09-19T05:47:53.807+00:00,2026-09-19T05:48:00.364+00:00,True,68,68.0,,68.0,124526.151897,131083.682009,131083.68189100001,1927.7012042794117,42.758669000000005,124526.151897,15089.154561065785,111.11401004999999,97.87358376119404,17.000825289368212,0.5187525934412739,1,64,,True,True,,244,56.69694568066818
59,2026-09-19T05:45:49.786+00:00,2026-09-19T05:47:55.997+00:00,2026-09-19T05:48:00.575+00:00,True,47,47.0,,47.0,126210.92056700001,130789.50693500001,130789.50691000001,2782.755466170213,47.749097,126210.92056700001,18395.243362424575,112.1694713,99.53448626086956,16.345126677197232,0.35935604546133915,1,64,,True,True,,208,56.69694568066818
60,2026-09-19T05:45:50.232+00:00,2026-09-19T05:47:59.017+00:00,2026-09-19T05:48:06.459+00:00,True,76,76.0,,76.0,128784.97096699999,136227.12187899998,136227.12179499998,1792.4621288815788,47.82478699999999,128784.97096699999,14761.276845851728,113.193438,99.22867882666667,17.161385222084455,0.5578918423271463,1,64,,True,True,,336,56.69694568066818
61,2026-09-19T05:45:50.656+00:00,2026-09-19T05:48:01.195+00:00,2026-09-19T05:48:04.384+00:00,True,34,34.0,,34.0,130539.736574,133728.01331,133728.013409,3933.176864970588,46.203430999999995,130539.736574,22370.82025548926,113.02760334999999,96.61444654545454,20.792056158134383,0.2542474023089186,1,64,,True,True,,136,56.69694568066818
62,2026-09-19T05:45:51.173+00:00,2026-09-19T05:48:03.693+00:00,2026-09-19T05:48:08.409+00:00,True,49,49.0,,49.0,132520.065876,137235.180116,137235.180158,2800.717962408163,47.770817,132520.065876,18917.415521906187,113.1478628,98.23154666666667,20.25516533899263,0.35705130389002326,1,64,,True,True,,220,56.69694568066818
63,2026-09-19T05:45:51.731+00:00,2026-09-19T05:48:06.457+00:00,2026-09-19T05:48:12.056+00:00,True,56,56.0,,56.0,134726.007433,140324.25792899998,140324.257949,2505.790320517857,44.912713000000004,134726.007433,17989.924842908786,112.8930515,101.78637265454546,15.536561400951438,0.39907568959555356,1,64,,True,True,,226,56.69694568066818
64,2026-09-19T05:45:52.221+00:00,2026-09-19T05:48:08.620+00:00,2026-09-19T05:48:18.068+00:00,True,95,95.0,,95.0,136399.627197,145847.58470099999,145847.584737,1535.2377340736841,45.008564,136399.627197,13984.00322638169,111.453931,100.51018621276596,15.844069161686097,0.6513649176622165,1,64,,True,True,,405,56.69694568066818
65,2026-09-19T05:45:52.487+00:00,2026-09-19T05:48:11.057+00:00,2026-09-19T05:48:21.033+00:00,True,100,100.0,,100.0,138570.828575,148545.95535899999,148545.95530899998,1485.4595530899999,45.268383,138570.828575,13847.01550767242,111.53966765000001,100.75885640404042,15.453218707109485,0.6731923448088772,1,64,,True,True,,566,56.69694568066818
66,2026-09-19T05:45:52.856+00:00,2026-09-19T05:48:12.681+00:00,2026-09-19T05:48:20.458+00:00,True,78,78.0,,78.0,139824.736873,147601.909353,147601.90938499998,1892.332171602564,47.636648,139824.736873,15820.604995672898,112.84268949999999,101.00224,15.413304166282268,0.5284484485458634,1,64,,True,True,,295,56.69694568066818
67,2026-09-19T05:45:53.403+00:00,2026-09-19T05:48:16.055+00:00,2026-09-19T05:48:22.582+00:00,True,65,65.0,,65.0,142652.410012,149179.453596,149179.45366600002,2295.068517938462,47.070828999999996,142652.410012,17681.20947197473,112.4038724,101.985056,13.859603427049644,0.43571683923732285,1,64,,True,True,,215,56.69694568066818
68,2026-09-19T05:45:53.746+00:00,2026-09-19T05:48:17.907+00:00,2026-09-19T05:48:19.994+00:00,True,21,21.0,,21.0,144160.82944,146247.845888,146247.845854,6964.183135904762,55.365709,144160.82944,31435.70312077772,112.917063,104.35082240000001,12.288187066758548,0.1435918585500554,1,64,,True,True,,102,56.69694568066818
69,2026-09-19T05:45:54.250+00:00,2026-09-19T05:48:21.035+00:00,2026-09-19T05:48:29.831+00:00,True,92,92.0,,92.0,146784.960511,155580.88908700002,155580.88909100002,1691.096620554348,42.802059,146784.960511,15293.325569115692,111.6501845,96.65855578021979,19.976493047442908,0.591332267991823,1,64,,True,True,,320,56.69694568066818
70,2026-09-19T05:45:54.663+00:00,2026-09-19T05:48:22.949+00:00,2026-09-19T05:48:25.246+00:00,True,27,27.0,,27.0,148286.221396,150582.509396,150582.509316,5577.129974666667,46.684029,148286.221396,28520.711735594545,114.05700690000002,88.31876923076923,26.766160189742408,0.17930369276152608,1,64,,True,True,,125,56.69694568066818
71,2026-09-19T05:45:55.276+00:00,2026-09-19T05:48:26.573+00:00,2026-09-19T05:48:36.486+00:00,True,100,100.0,,100.0,151297.65792899998,161209.940809,161209.94097599998,1612.0994097599998,47.550267999999996,151297.65792899998,15119.76316955639,111.5818634,100.1240694949495,17.288048754115753,0.620309141596169,1,64,,True,True,,485,56.69694568066818
72,2026-09-19T05:45:55.630+00:00,2026-09-19T05:48:28.380+00:00,2026-09-19T05:48:34.369+00:00,True,61,61.0,,61.0,152750.727609,158739.226553,158739.226574,2602.2824028524587,46.166461000000005,152750.727609,19544.95478371134,112.137065,99.80831573333333,17.103252546566747,0.3842780472388989,1,64,,True,True,,255,56.69694568066818
73,2026-09-19T05:45:56.056+00:00,2026-09-19T05:48:30.658+00:00,2026-09-19T05:48:33.940+00:00,True,33,33.0,,33.0,154602.08920500003,157883.73451700003,157883.73442100003,4784.355588515153,52.898824999999995,154602.08920500003,26894.920467934036,112.28774299999999,102.551416,13.08341897937845,0.2090145644258671,1,64,,True,True,,173,56.69694568066818
74,2026-09-19T05:45:56.636+00:00,2026-09-19T05:48:33.511+00:00,2026-09-19T05:48:41.967+00:00,True,84,84.0,,84.0,156875.000614,165330.194214,165330.19436199998,1968.216599547619,45.806521999999994,156875.000614,17105.35981606856,113.25659029999998,101.86980240963855,17.5459932659694,0.5080741627344376,1,64,,True,True,,358,56.69694568066818
75,2026-09-19T05:45:56.981+00:00,2026-09-19T05:48:35.263+00:00,2026-09-19T05:48:39.935+00:00,True,48,48.0,,48.0,158281.479877,162954.092485,162954.092504,3394.876927166667,47.746748,158281.479877,22831.623589540377,114.114277,99.41728953191489,21.037106557364154,0.29456148825730427,1,64,,True,True,,157,56.69694568066818
76,2026-09-19T05:45:57.462+00:00,2026-09-19T05:48:38.036+00:00,2026-09-19T05:48:44.556+00:00,True,64,64.0,,64.0,160574.240292,167093.48586000002,167093.485924,2610.8357175625,47.266339,160574.240292,20058.848910882924,112.81750044999998,103.48008838095238,12.58544709490406,0.3830191205276708,1,64,,True,True,,292,56.69694568066818
77,2026-09-19T05:45:57.967+00:00,2026-09-19T05:48:40.788+00:00,2026-09-19T05:48:45.076+00:00,True,43,43.0,,43.0,162821.071025,167108.574385,167108.574457,3886.2459176046514,48.935265,162821.071025,24814.416135411037,111.216364,102.08341333333333,12.672726183729019,0.25731773583881257,1,64,,True,True,,233,56.69694568066818
78,2026-09-19T05:45:58.594+00:00,2026-09-19T05:48:44.192+00:00,2026-09-19T05:48:53.945+00:00,True,99,99.0,,99.0,165598.436846,175350.669038,175350.668894,1771.2188777171716,45.855922,165598.436846,16633.27544667709,110.3205128,99.5125733877551,16.10653107417542,0.564582961348986,1,64,,True,True,,458,56.69694568066818
79,2026-09-19T05:45:59.044+00:00,2026-09-19T05:48:46.517+00:00,2026-09-19T05:48:52.951+00:00,True,65,65.0,,65.0,167473.562215,173907.48195900003,173907.48211900002,2675.4997249076923,47.539338,167473.562215,20760.075152674774,109.8281838,100.529996,15.264708576572502,0.3737619524347103,1,64,,True,True,,304,56.69694568066818
80,2026-09-19T05:45:59.601+00:00,2026-09-19T05:48:49.530+00:00,2026-09-19T05:48:51.264+00:00,True,18,18.0,,18.0,169929.411945,171663.593065,171663.593075,9536.866281944445,47.306129,169929.411945,40028.70509391801,25586.088889450002,102.01065411764705,15.246214584749232,0.10485624632815617,1,64,,True,True,,91,56.69694568066818
81,2026-09-19T05:46:00.017+00:00,2026-09-19T05:48:51.889+00:00,2026-09-19T05:48:54.773+00:00,True,29,29.0,,29.0,171872.728183,174756.131959,174756.13199,6026.073516896552,49.166294,171872.728183,31896.843656149736,111.9985008,102.97870628571428,11.32503696008931,0.1659455360731134,1,64,,True,True,,140,56.69694568066818
82,2026-09-19T05:46:00.464+00:00,2026-09-19T05:48:54.462+00:00,2026-09-19T05:49:01.777+00:00,True,75,75.0,,75.0,173997.963113,181313.00106500002,181313.001064,2417.5066808533334,47.887987,173997.963113,20080.146921040137,111.66521619999999,98.85186421621623,17.100113612456468,0.4136493222188341,1,64,,True,True,,253,56.69694568066818
83,2026-09-19T05:46:00.864+00:00,2026-09-19T05:48:56.391+00:00,2026-09-19T05:49:01.207+00:00,True,49,49.0,,49.0,175526.410238,180343.11859,180343.11840600002,3680.4718042040818,44.522434999999994,175526.410238,25060.871062061695,113.8314244,100.34809066666668,16.06275576384112,0.27170429558445625,1,64,,True,True,,176,56.69694568066818
84,2026-09-19T05:46:01.279+00:00,2026-09-19T05:48:58.579+00:00,2026-09-19T05:49:03.888+00:00,True,55,55.0,,55.0,177299.25483700001,182608.79595700002,182608.795767,3320.159923036364,47.372979,177299.25483700001,23893.7746454552,111.31255969999998,98.32483555555555,17.25908245776722,0.30119031075015235,1,64,,True,True,,179,56.69694568066818
85,2026-09-19T05:46:01.889+00:00,2026-09-19T05:49:01.780+00:00,2026-09-19T05:49:03.679+00:00,True,20,20.0,,20.0,179890.548797,181789.23910099998,181789.23931,9089.4619655,51.450639,179890.548797,40202.407530873395,9099.987375899998,99.93106863157895,16.57652220186757,0.11001751313172191,1,64,,True,True,,42,56.69694568066818
86,2026-09-19T05:46:02.498+00:00,2026-09-19T05:49:05.746+00:00,2026-09-19T05:49:10.837+00:00,True,52,52.0,,52.0,183248.28147299998,188339.239297,188339.23924499998,3621.9084470192306,48.530305999999996,183248.28147299998,25398.129017203257,113.19946705000001,99.82270243137255,19.72911273455323,0.2760975365202523,1,64,,True,True,,219,56.69694568066818
87,2026-09-19T05:46:02.857+00:00,2026-09-19T05:49:07.502+00:00,2026-09-19T05:49:09.816+00:00,True,24,24.0,,24.0,184645.195099,186959.306587,186959.30677300002,7789.971115541667,48.597336000000006,184645.195099,37670.01032186522,118.2038415,100.61354295652174,20.53968246390161,0.12837018085982146,1,64,,True,True,,109,56.69694568066818
88,2026-09-19T05:46:03.410+00:00,2026-09-19T05:49:10.673+00:00,2026-09-19T05:49:15.257+00:00,True,47,47.0,,47.0,187263.082636,191846.253452,191846.253441,4081.8351795957446,51.674878,187263.082636,27300.599927350413,111.3520046,99.63414817391305,16.879856095203404,0.24498784393388956,1,64,,True,True,,60,56.69694568066818
89,2026-09-19T05:46:03.950+00:00,2026-09-19T05:49:13.298+00:00,2026-09-19T05:49:22.050+00:00,True,89,89.0,,89.0,189348.70241600001,198100.15585600003,198100.155919,2225.84444852809,44.072736,189348.70241600001,20060.38916864077,112.42132099999999,99.44833454545454,18.41559437841239,0.4492676929779628,1,64,,True,True,,372,56.69694568066818
90,2026-09-19T05:46:04.501+00:00,2026-09-19T05:49:16.435+00:00,2026-09-19T05:49:24.277+00:00,True,80,80.0,,80.0,191934.45401,199776.49612199998,199776.496111,2497.2062013874997,49.698423000000005,191934.45401,21447.83313775846,112.20731749999999,99.26635584810127,17.605365877441933,0.4004475078547049,1,64,,True,True,,273,56.69694568066818
91,2026-09-19T05:46:04.956+00:00,2026-09-19T05:49:18.773+00:00,2026-09-19T05:49:26.468+00:00,True,78,78.0,,78.0,193817.15258000002,201511.64269200002,201511.64281800002,2583.4826002307695,46.555631,193817.15258000002,21934.16345852141,112.21908020000001,99.92844301298702,17.711289719977156,0.38707440899193557,1,64,,True,True,,327,56.69694568066818
92,2026-09-19T05:46:05.355+00:00,2026-09-19T05:49:21.124+00:00,2026-09-19T05:49:29.800+00:00,True,85,85.0,,85.0,195769.372639,204445.193183,204445.193127,2405.2375662,46.97754,195769.372639,21222.97063460317,112.4839312,103.28357790476191,12.252533734816618,0.41575934692637184,1,64,,True,True,,325,56.69694568066818
93,2026-09-19T05:46:05.964+00:00,2026-09-19T05:49:24.586+00:00,2026-09-19T05:49:27.628+00:00,True,30,30.0,,30.0,198622.141643,201664.46458700002,201664.46458600002,6722.148819533334,52.333497,198622.141643,36244.12390851772,113.09685324999998,104.90768772413793,10.769693295021858,0.14876195497029526,1,64,,True,True,,110,56.69694568066818
94,2026-09-19T05:46:06.313+00:00,2026-09-19T05:49:26.468+00:00,2026-09-19T05:49:36.020+00:00,True,92,92.0,,92.0,200155.507867,209706.877595,209706.877606,2279.422582673913,46.046692,200155.507867,20856.71551511012,114.9985952,104.96010690109891,13.215893415361625,0.43870759535925463,1,64,,True,True,,435,56.69694568066818
95,2026-09-19T05:46:07.349+00:00,2026-09-19T05:49:30.014+00:00,2026-09-19T05:49:36.233+00:00,True,60,60.0,,60.0,202664.673311,208884.01897499998,208884.01909,3481.4003181666667,48.541126,202664.673311,26150.29134621684,114.29964814999998,105.41263837288135,13.128457377388532,0.28724073911648085,1,64,,True,True,,228,56.69694568066818
96,2026-09-19T05:46:07.506+00:00,2026-09-19T05:49:33.418+00:00,2026-09-19T05:49:42.148+00:00,True,88,88.0,,88.0,205912.533306,214641.58009,214641.579981,2439.1088634204543,45.467773,205912.533306,21939.660576428512,112.59803649999999,100.33387108045977,16.85396607270297,0.409985800342605,1,64,,True,True,,306,56.69694568066818
97,2026-09-19T05:46:07.880+00:00,2026-09-19T05:49:35.579+00:00,2026-09-19T05:49:43.102+00:00,True,77,77.0,,77.0,207699.017734,215221.831942,215221.83194499998,2795.0887265584415,46.636533,207699.017734,23658.22529618665,112.35143360000001,98.98439747368421,16.710791241361566,0.3577703958060848,1,64,,True,True,,269,56.69694568066818
98,2026-09-19T05:46:08.367+00:00,2026-09-19T05:49:38.678+00:00,2026-09-19T05:49:45.414+00:00,True,70,70.0,,70.0,210311.714694,217047.583622,217047.583475,3100.6797639285714,47.269451000000004,210311.714694,25125.39699318293,111.47548245,97.6212888115942,19.081348507864256,0.32250992538994927,1,64,,True,True,,279,56.69694568066818
99,2026-09-19T05:46:08.947+00:00,2026-09-19T05:49:41.460+00:00,2026-09-19T05:49:44.060+00:00,True,27,27.0,,27.0,212512.922192,215113.446736,215113.446665,7967.164691296296,48.079519,212512.922192,40878.885913248734,112.53695390000001,100.02017476923076,18.115872812614345,0.12551516611202834,1,64,,True,True,,91,56.69694568066818
100,2026-09-19T05:46:09.337+00:00,2026-09-19T05:49:43.680+00:00,2026-09-19T05:49:48.637+00:00,True,53,53.0,,53.0,214342.48269,219300.116738,219300.116725,4137.738051415095,46.901483,214342.48269,29429.116667690065,112.68838299999999,95.33911630769231,22.18603376175601,0.2416779379252206,1,64,,True,True,,178,56.69694568066818
101,2026-09-19T05:46:09.715+00:00,2026-09-19T05:49:45.515+00:00,2026-09-19T05:49:45.622+00:00,True,2,2.0,,2.0,215800.652013,215907.81719700003,215907.816985,107953.9084925,107.16497199999999,215800.652013,152518.32734446382,205015.97766095,107.165184,nan,0.009263212541189034,1,64,,True,True,,10,56.69694568066818
102,2026-09-19T05:46:10.155+00:00,2026-09-19T05:49:47.650+00:00,2026-09-19T05:49:57.135+00:00,True,97,97.0,,97.0,217494.735634,226980.203282,226980.203305,2340.002095927835,50.216254,217494.735634,22073.217611730623,110.4933958,98.80695466666667,15.465876144254507,0.4273500446181524,1,64,,True,True,,332,56.69694568066818
103,2026-09-19T05:46:10.663+00:00,2026-09-19T05:49:50.078+00:00,2026-09-19T05:49:56.391+00:00,True,65,65.0,,65.0,219415.235646,225727.45043,225727.450383,3472.7300058923074,47.61264,219415.235646,27202.88201577461,109.93519440000001,98.628356,16.35461994735377,0.287957888489761,1,64,,True,True,,229,56.69694568066818
104,2026-09-19T05:46:11.009+00:00,2026-09-19T05:49:52.114+00:00,2026-09-19T05:49:52.428+00:00,True,4,4.0,,4.0,221104.33872600002,221418.221862,221418.22203200002,55354.555508000005,103.634981,221104.33872600002,110499.85548437976,187954.61772435,104.627712,1.3762795950358342,0.018065360503585922,1,64,,True,True,,14,56.69694568066818
105,2026-09-19T05:46:11.474+00:00,2026-09-19T05:49:54.801+00:00,2026-09-19T05:50:03.077+00:00,True,84,84.0,,84.0,223326.757651,231603.080467,231603.08062599998,2757.1795312619047,46.254805,223326.757651,24356.074251550566,113.49950215000001,99.71473272289157,18.680104759202738,0.36268947645525274,1,64,,True,True,,369,56.69694568066818
106,2026-09-19T05:46:11.896+00:00,2026-09-19T05:49:56.814+00:00,2026-09-19T05:50:03.694+00:00,True,71,71.0,,71.0,224917.335991,231797.885879,231797.885729,3264.7589539295773,47.77779,224917.335991,26681.11874746866,112.00172750000002,98.29356982857142,19.67599919167366,0.3063013268251396,1,64,,True,True,,277,56.69694568066818
107,2026-09-19T05:46:12.410+00:00,2026-09-19T05:49:59.864+00:00,2026-09-19T05:50:02.070+00:00,True,23,23.0,,23.0,227454.198073,229659.78552900002,229659.78541500002,9985.20806152174,46.007023999999994,227454.198073,47406.57876484501,115.51304490000001,100.25397527272726,20.730615332792127,0.10014813846064358,1,64,,True,True,,108,56.69694568066818
108,2026-09-19T05:46:12.922+00:00,2026-09-19T05:50:02.806+00:00,2026-09-19T05:50:11.928+00:00,True,96,96.0,,96.0,229883.53069400002,239005.873094,239005.87316000002,2489.6445120833337,46.844142999999995,229883.53069400002,23452.597111118757,110.93993175,96.02465684210527,19.454174995230435,0.4016637698364994,1,64,,True,True,,401,56.69694568066818
109,2026-09-19T05:46:13.353+00:00,2026-09-19T05:50:05.139+00:00,2026-09-19T05:50:10.418+00:00,True,58,58.0,,58.0,231785.55018700002,237064.732779,237064.73271100002,4087.3229777758625,44.465999000000004,231785.55018700002,30422.7805064216,110.95850574999999,92.61723845614036,22.205934588083608,0.2446589137072093,1,64,,True,True,,183,56.69694568066818
110,2026-09-19T05:46:13.863+00:00,2026-09-19T05:50:08.522+00:00,2026-09-19T05:50:16.237+00:00,True,77,77.0,,77.0,234659.70649200003,242374.29081200002,242374.29092900004,3147.7180640129873,47.89129,234659.70649200003,26730.392093093244,114.54444799999999,101.50768842105263,15.69013045134226,0.3176904602465688,1,64,,True,True,,312,56.69694568066818
111,2026-09-19T05:46:14.378+00:00,2026-09-19T05:50:11.188+00:00,2026-09-19T05:50:15.010+00:00,True,37,37.0,,37.0,236809.451666,240631.43003400002,240631.429856,6503.55215827027,52.435729,236809.451666,38913.78169344808,114.1306762,106.16606577777777,9.995630187682202,0.15376212490102428,1,64,,True,True,,178,56.69694568066818
112,2026-09-19T05:46:14.732+00:00,2026-09-19T05:50:12.993+00:00,2026-09-19T05:50:21.331+00:00,True,85,85.0,,85.0,238261.517942,246599.204726,246599.204765,2901.167114882353,44.637258,238261.517942,25832.33135983479,113.86555100000001,99.258176,19.58621829952148,0.34468886505309193,1,64,,True,True,,289,56.69694568066818
113,2026-09-19T05:46:15.324+00:00,2026-09-19T05:50:16.443+00:00,2026-09-19T05:50:24.290+00:00,True,82,82.0,,82.0,241118.699391,248965.892223,248965.892273,3036.1694179634146,43.3082,241118.699391,26616.414255194268,111.42148655,96.87892385185185,19.149651064486,0.32936238481435115,1,64,,True,True,,288,56.69694568066818
114,2026-09-19T05:46:15.737+00:00,2026-09-19T05:50:19.316+00:00,2026-09-19T05:50:22.899+00:00,True,37,37.0,,37.0,243579.139616,247162.14992,247162.149837,6680.058103702702,44.652887,243579.139616,40027.80378037581,108.422984,99.528064,13.494046156287158,0.1496992966438265,1,64,,True,True,,144,56.69694568066818
115,2026-09-19T05:46:16.122+00:00,2026-09-19T05:50:20.814+00:00,2026-09-19T05:50:23.458+00:00,True,28,28.0,,28.0,244691.801294,247335.41883,247335.41867800002,8833.40780992857,51.95914,244691.801294,46223.902182163074,108.67269019999999,97.9117605925926,13.511878256027561,0.1132065926200611,1,64,,True,True,,84,56.69694568066818
116,2026-09-19T05:46:16.583+00:00,2026-09-19T05:50:22.901+00:00,2026-09-19T05:50:32.681+00:00,True,100,100.0,,100.0,246317.285995,256097.66154700003,256097.66146600002,2560.97661466,46.973651,246317.285995,24621.85432729971,111.87127139999998,98.79167224242426,15.60464741168508,0.39047603713338713,1,64,,True,True,,250,56.69694568066818
117,2026-09-19T05:46:17.130+00:00,2026-09-19T05:50:26.123+00:00,2026-09-19T05:50:30.098+00:00,True,41,41.0,,41.0,248992.579339,252967.773451,252967.77331699998,6169.9456906585365,44.709557000000004,248992.579339,38870.59106729143,112.16481100000001,99.3798528,17.394085882418164,0.16207598082821298,1,64,,True,True,,185,56.69694568066818
118,2026-09-19T05:46:17.476+00:00,2026-09-19T05:50:27.675+00:00,2026-09-19T05:50:34.123+00:00,True,64,64.0,,64.0,250198.261673,256646.575017,256646.575116,4010.1027361875,45.494155,250198.261673,31261.990210521042,110.92284910000001,102.35418006349207,10.616649326932254,0.24937016983671306,1,64,,True,True,,222,56.69694568066818
119,2026-09-19T05:46:18.078+00:00,2026-09-19T05:50:31.134+00:00,2026-09-19T05:50:40.074+00:00,True,90,90.0,,90.0,253056.105209,261996.816121,261996.816023,2911.075733588889,45.518775,253056.105209,26663.871322132734,112.047997,100.45742597752809,16.182447993730367,0.3435156248556647,1,64,,True,True,,372,56.69694568066818
120,2026-09-19T05:46:18.499+00:00,2026-09-19T05:50:32.678+00:00,2026-09-19T05:50:32.885+00:00,True,3,3.0,,3.0,254178.891925,254386.162581,254386.162558,84795.38751933334,101.834576,254178.891925,146690.41780839348,228771.5463382,103.635328,2.546761037955466,0.011793094284539786,1,64,,True,True,,11,56.69694568066818
121,2026-09-19T05:46:18.945+00:00,2026-09-19T05:50:35.319+00:00,2026-09-19T05:50:42.839+00:00,True,76,76.0,,76.0,256374.24401199998,263893.88407599996,263893.884208,3472.287950105263,48.309847999999995,256374.24401199998,29396.64722106332,111.4606105,100.26186752,17.902239850195656,0.28799454851372164,1,64,,True,True,,327,56.69694568066818
122,2026-09-19T05:46:19.401+00:00,2026-09-19T05:50:37.965+00:00,2026-09-19T05:50:40.075+00:00,True,22,22.0,,22.0,258564.58290200002,260674.07845400003,260674.07849500002,11848.82174977273,48.471748,258564.58290200002,55104.741872488186,115.76107400000001,100.45216914285714,21.644499147972173,0.0843965772526256,1,64,,True,True,,112,56.69694568066818
123,2026-09-19T05:46:19.904+00:00,2026-09-19T05:50:41.032+00:00,2026-09-19T05:50:50.001+00:00,True,93,93.0,,93.0,261128.77164199998,270097.34405799996,270097.344117,2904.2725173870967,46.430003,261128.77164199998,27067.690027886816,113.03717840000002,97.48448278260871,18.815063988220125,0.3443203054230309,1,64,,True,True,,150,56.69694568066818
124,2026-09-19T05:46:20.366+00:00,2026-09-19T05:50:43.051+00:00,2026-09-19T05:50:44.202+00:00,True,12,12.0,,12.0,262685.39717899996,263835.799227,263835.79926099995,21986.31660508333,95.460091,262685.39717899996,75800.55239391576,118273.62771989997,104.58200436363636,6.223429704443416,0.045482834532532095,1,64,,True,True,,74,56.69694568066818
125,2026-09-19T05:46:20.708+00:00,2026-09-19T05:50:44.977+00:00,2026-09-19T05:50:46.407+00:00,True,15,15.0,,15.0,264269.121818,265699.93244199996,265699.932505,17713.328833666666,93.961344,264269.121818,68207.60582851927,79356.4442558,102.20075885714284,3.9140662664956514,0.056454662453760206,1,64,,True,True,,63,56.69694568066818
126,2026-09-19T05:46:21.056+00:00,2026-09-19T05:50:47.138+00:00,2026-09-19T05:50:50.535+00:00,True,36,36.0,,36.0,266082.09465,269479.075386,269479.075304,7485.529869555555,46.150774,266082.09465,44330.8439103341,113.37514024999999,97.05659245714286,19.657219431191006,0.13359107733479436,1,64,,True,True,,160,56.69694568066818
127,2026-09-19T05:46:21.623+00:00,2026-09-19T05:50:50.003+00:00,2026-09-19T05:50:58.961+00:00,True,92,92.0,,92.0,268379.803257,277338.197113,277338.19705,3014.5456201086954,42.329153,268379.803257,27970.27047021441,110.05674755,98.44388852747252,17.223352458017402,0.33172495154901105,1,64,,True,True,,432,56.69694568066818
129,2026-09-19T05:46:22.748+00:00,2026-09-19T05:50:52.163+00:00,2026-09-19T05:50:53.831+00:00,True,19,19.0,,19.0,269414.67468199995,271083.05740199995,271083.057483,14267.529341210524,44.118738,269414.67468199995,61786.704363518846,27039.051202099992,92.68792888888889,20.224411713490714,0.07008921982100909,1,64,,True,True,,75,56.69694568066818
128,2026-09-19T05:46:22.743+00:00,2026-09-19T05:50:52.358+00:00,2026-09-19T05:50:54.444+00:00,True,23,23.0,,23.0,269614.525663,271701.219295,271701.219495,11813.096499782609,47.446501,269614.525663,56198.740637050956,111.13754440000001,94.84971054545454,19.804285431091255,0.0846518100274983,1,64,,True,True,,74,56.69694568066818
130,2026-09-19T05:46:22.989+00:00,2026-09-19T05:50:57.602+00:00,2026-09-19T05:51:02.763+00:00,True,53,53.0,,53.0,274612.577672,279774.263432,279774.26342699997,5278.7596873018865,45.386726,274612.577672,37707.30735910048,111.20499619999998,99.2631876923077,16.79899637240209,0.18943843994028356,1,64,,True,True,,258,56.69694568066818
131,2026-09-19T05:46:23.458+00:00,2026-09-19T05:50:59.834+00:00,2026-09-19T05:51:04.899+00:00,True,51,51.0,,51.0,276376.60042000003,281441.508708,281441.508778,5518.460956431373,42.855702,276376.60042000003,38686.28374632847,112.19688249999999,101.29816576,16.386340897990895,0.18120994388540357,1,64,,True,True,,175,56.69694568066818
132,2026-09-19T05:46:23.933+00:00,2026-09-19T05:51:02.389+00:00,2026-09-19T05:51:04.047+00:00,True,17,17.0,,17.0,278455.940606,280114.68569400004,280114.685789,16477.334458176472,47.694739999999996,278455.940606,67510.34319184563,55781.6333612,103.671568,15.37742727583973,0.06068942782446959,1,64,,True,True,,71,56.69694568066818
133,2026-09-19T05:46:24.292+00:00,2026-09-19T05:51:04.264+00:00,2026-09-19T05:51:10.054+00:00,True,62,62.0,,62.0,279972.68492699997,285762.33254299994,285762.332541,4609.069879693548,43.85885,279972.68492699997,35544.51920604437,111.6386845,94.912256,21.72820525769402,0.2169635145691239,1,64,,True,True,,296,56.69694568066818
134,2026-09-19T05:46:24.655+00:00,2026-09-19T05:51:05.947+00:00,2026-09-19T05:51:08.598+00:00,True,31,31.0,,31.0,281291.273384,283942.744744,283942.744709,9159.443377709678,45.850864,281291.273384,50505.53651542704,113.666024,88.38237866666667,25.749898740726426,0.1091769399776328,1,64,,True,True,,118,56.69694568066818
135,2026-09-19T05:46:25.076+00:00,2026-09-19T05:51:08.487+00:00,2026-09-19T05:51:11.511+00:00,True,31,31.0,,31.0,283411.30637400004,286435.10387800005,286435.10391500004,9239.842061774194,47.763061,283411.30637400004,50884.07229575644,111.46829399999999,100.79325013333334,14.579264492308528,0.10822695814966758,1,64,,True,True,,98,56.69694568066818
136,2026-09-19T05:46:25.436+00:00,2026-09-19T05:51:10.574+00:00,2026-09-19T05:51:16.934+00:00,True,65,65.0,,65.0,285138.05360399996,291497.87542799994,291497.87546899996,4484.582699523076,47.551981,285138.05360399996,35354.700723809416,110.5564222,99.372216,15.92438242284623,0.22298618782233637,1,64,,True,True,,267,56.69694568066818
137,2026-09-19T05:46:25.835+00:00,2026-09-19T05:51:12.393+00:00,2026-09-19T05:51:15.625+00:00,True,34,34.0,,34.0,286557.787212,289790.495052,289790.495054,8523.249854529411,46.288163999999995,286557.787212,49127.45829936613,113.6071687,97.96084363636363,18.498108647589795,0.11732613933351763,1,64,,True,True,,132,56.69694568066818
138,2026-09-19T05:46:26.270+00:00,2026-09-19T05:51:14.741+00:00,2026-09-19T05:51:22.312+00:00,True,76,76.0,,76.0,288471.49760299997,296042.17997099995,296042.179961,3895.291841592105,42.850102,288471.49760299997,33078.37522872979,112.6782895,100.94243157333334,16.29082215689583,0.2567201741570911,1,64,,True,True,,401,56.69694568066818
139,2026-09-19T05:46:26.782+00:00,2026-09-19T05:51:17.831+00:00,2026-09-19T05:51:22.093+00:00,True,43,43.0,,43.0,291049.347573,295310.882293,295310.882294,6867.694937069768,48.01054,291049.347573,44369.13856799019,112.39469000000001,101.46511238095239,14.927921158851845,0.1456092632486753,1,64,,True,True,,200,56.69694568066818
140,2026-09-19T05:46:27.278+00:00,2026-09-19T05:51:19.781+00:00,2026-09-19T05:51:25.350+00:00,True,57,57.0,,57.0,292502.920973,298071.909133,298071.909314,5229.331742350877,48.099858999999995,292502.920973,38729.791680252485,114.21256199999999,99.44621714285715,20.47865898391898,0.19122902310987827,1,64,,True,True,,193,56.69694568066818
141,2026-09-19T05:46:27.682+00:00,2026-09-19T05:51:22.633+00:00,2026-09-19T05:51:23.611+00:00,True,11,11.0,,11.0,294950.947347,295929.44949100004,295929.44955200003,26902.677232000002,49.472627,294950.947347,88901.55709368784,147534.525293,97.85021440000001,25.634264583901892,0.037171021738188106,1,64,,True,True,,59,56.69694568066818
142,2026-09-19T05:46:28.118+00:00,2026-09-19T05:51:25.344+00:00,2026-09-19T05:51:26.613+00:00,True,13,13.0,,13.0,297226.576287,298495.696543,298495.696374,22961.207413384614,98.550314,297226.576287,82406.4876098444,118957.58052119998,105.76002133333333,3.375136540811062,0.04355171665976523,1,64,,True,True,,59,56.69694568066818
143,2026-09-19T05:46:28.529+00:00,2026-09-19T05:51:27.251+00:00,2026-09-19T05:51:27.673+00:00,True,5,5.0,,5.0,298721.69089800003,299143.66773000004,299143.667849,59828.7335698,100.55073900000001,298721.69089800003,133545.22302645035,238999.38844180002,105.494208,3.935790587122914,0.0167143768676156,1,64,,True,True,,11,56.69694568066818
144,2026-09-19T05:46:28.990+00:00,2026-09-19T05:51:29.068+00:00,2026-09-19T05:51:29.604+00:00,False,7,6.0,,6.0,300078.638188,300614.77182,300614.771918,42944.967416857144,0.022,300078.638188,113385.29815913786,210088.57498480004,89.35560533333333,43.84867142162993,0.019959099027883558,1,64,,True,False,Request timeout: 300.0s exceeded,18,56.69694568066818
145,2026-09-19T05:46:29.405+00:00,2026-09-19T05:51:29.664+00:00,2026-09-19T05:51:29.664+00:00,False,1,0.0,,0.0,300259.16695499996,300259.16695499996,300259.16695499996,300259.16695499996,300259.16695499996,300259.16695499996,nan,300259.16695499996,nan,nan,0.0,1,64,,True,False,"HTTPConnectionPool(host='gpu03', port=9002): Read timed out.",0,56.69694568066818
146,2026-09-19T05:46:29.886+00:00,2026-09-19T05:51:29.923+00:00,2026-09-19T05:51:29.923+00:00,False,1,0.0,,0.0,300036.75047,300036.75047,300036.75047,300036.75047,300036.75047,300036.75047,nan,300036.75047,nan,nan,0.0,1,64,,True,False,"HTTPConnectionPool(host='gpu03', port=9002): Read timed out.",0,56.69694568066818
147,2026-09-19T05:46:30.270+00:00,2026-09-19T05:51:30.333+00:00,2026-09-19T05:51:30.333+00:00,False,1,0.0,,0.0,300063.36950800003,300063.36950800003,300063.36950800003,300063.36950800003,300063.36950800003,300063.36950800003,nan,300063.36950800003,nan,nan,0.0,1,64,,True,False,"HTTPConnectionPool(host='gpu03', port=9002): Read timed out.",0,56.69694568066818
148,2026-09-19T05:46:30.655+00:00,2026-09-19T05:51:30.771+00:00,2026-09-19T05:51:30.771+00:00,False,1,0.0,,0.0,300116.143237,300116.143237,300116.143237,300116.143237,300116.143237,300116.143237,nan,300116.143237,nan,nan,0.0,1,64,,True,False,"HTTPConnectionPool(host='gpu03', port=9002): Read timed out.",0,56.69694568066818
149,2026-09-19T05:46:31.282+00:00,2026-09-19T05:51:30.984+00:00,2026-09-19T05:51:31.310+00:00,False,5,4.0,,4.0,299701.746399,300028.582879,300028.583009,60005.7166018,0.03567,299701.746399,133994.1625211952,239784.203343,81.70912,54.721601743057,0.013332063104178242,1,64,,True,False,Request timeout: 300.0s exceeded,17,56.69694568066818
150,2026-09-19T05:46:31.635+00:00,2026-09-19T05:51:31.311+00:00,2026-09-19T05:51:31.740+00:00,False,7,6.0,,6.0,299675.53542900004,300104.477765,300104.477834,42872.06826200001,0.047740000000000005,299675.53542900004,113239.69267120757,209808.54254640004,71.49038933333333,45.68831018621138,0.01999303724051183,1,64,,True,False,Request timeout: 300.0s exceeded,25,56.69694568066818
151,2026-09-19T05:46:32.183+00:00,2026-09-19T05:51:32.287+00:00,2026-09-19T05:51:32.287+00:00,False,1,0.0,,0.0,300104.484802,300104.484802,300104.484802,300104.484802,300104.484802,300104.484802,nan,300104.484802,nan,nan,0.0,1,64,,True,False,"HTTPConnectionPool(host='gpu03', port=9002): Read timed out.",0,56.69694568066818
152,2026-09-19T05:46:32.636+00:00,2026-09-19T05:51:32.667+00:00,2026-09-19T05:51:32.667+00:00,False,1,0.0,,0.0,300030.937644,300030.937644,300030.937644,300030.937644,300030.937644,300030.937644,nan,300030.937644,nan,nan,0.0,1,64,,True,False,TTFT timeout: 300.0s exceeded (TTFT: 300.024s),0,56.69694568066818
153,2026-09-19T05:46:33.078+00:00,2026-09-19T05:51:33.023+00:00,2026-09-19T05:51:33.140+00:00,False,3,2.0,,2.0,299944.679104,300062.01209599996,300062.01206499996,100020.67068833332,0.026170000000000002,299944.679104,173139.28004478556,269961.9418727,58.666496,82.93002635556626,0.006665288904881876,1,64,,True,False,Request timeout: 300.0s exceeded,5,56.69694568066818
154,2026-09-19T05:46:33.599+00:00,2026-09-19T05:51:33.689+00:00,2026-09-19T05:51:33.689+00:00,False,1,0.0,,0.0,300090.13421600003,300090.13421600003,300090.13421600003,300090.13421600003,300090.13421600003,300090.13421600003,nan,300090.13421600003,nan,nan,0.0,1,64,,True,False,"HTTPConnectionPool(host='gpu03', port=9002): Read timed out.",0,56.69694568066818
155,2026-09-19T05:46:34.121+00:00,2026-09-19T05:51:34.141+00:00,2026-09-19T05:51:34.141+00:00,False,1,0.0,,0.0,300020.291073,300020.291073,300020.291073,300020.291073,300020.291073,300020.291073,nan,300020.291073,nan,nan,0.0,1,64,,True,False,TTFT timeout: 300.0s exceeded (TTFT: 300.012s),0,56.69694568066818
156,2026-09-19T05:46:34.649+00:00,2026-09-19T05:51:34.550+00:00,2026-09-19T05:51:34.658+00:00,False,3,2.0,,2.0,299900.587505,300008.442865,300008.442668,100002.81422266667,0.04397,299900.587505,173116.55820824864,269921.3098738,53.92768,76.2029857917379,0.0066664790527244415,1,64,,True,False,Request timeout: 300.0s exceeded,5,56.69694568066818
157,2026-09-19T05:46:35.221+00:00,2026-09-19T05:51:35.298+00:00,2026-09-19T05:51:35.298+00:00,False,1,0.0,,0.0,300076.231449,300076.231449,300076.231449,300076.231449,300076.231449,300076.231449,nan,300076.231449,nan,nan,0.0,1,64,,True,False,"HTTPConnectionPool(host='gpu03', port=9002): Read timed out.",0,56.69694568066818
158,2026-09-19T05:46:35.843+00:00,2026-09-19T05:51:35.890+00:00,2026-09-19T05:51:35.890+00:00,False,1,0.0,,0.0,300047.417737,300047.417737,300047.417737,300047.417737,300047.417737,300047.417737,nan,300047.417737,nan,nan,0.0,1,64,,True,False,TTFT timeout: 300.0s exceeded (TTFT: 300.041s),0,56.69694568066818
159,2026-09-19T05:46:36.273+00:00,2026-09-19T05:51:36.151+00:00,2026-09-19T05:51:36.349+00:00,False,4,3.0,,3.0,299877.076479,300075.342335,300075.34225399996,75018.83556349999,0.03612,299877.076479,149905.50124659494,254910.9029394,66.08861866666666,57.30838738414046,0.009997489219393578,1,64,,True,False,Request timeout: 300.0s exceeded,5,56.69694568066818
160,2026-09-19T05:46:36.809+00:00,2026-09-19T05:51:36.914+00:00,2026-09-19T05:51:36.914+00:00,False,1,0.0,,0.0,300105.531293,300105.531293,300105.531293,300105.531293,300105.531293,300105.531293,nan,300105.531293,nan,nan,0.0,1,64,,True,False,"HTTPConnectionPool(host='gpu03', port=9002): Read timed out.",0,56.69694568066818
162,2026-09-19T05:46:37.777+00:00,2026-09-19T05:51:37.186+00:00,2026-09-19T05:51:37.898+00:00,False,8,7.0,,7.0,299408.536341,300120.538389,300120.538357,37515.067294625,0.02309,299408.536341,105820.95056515631,194666.8713312,101.71457828571428,46.88234422614448,0.023323961890695327,1,64,,True,False,Request timeout: 300.0s exceeded,23,56.69694568066818
161,2026-09-19T05:46:37.751+00:00,2026-09-19T05:51:37.787+00:00,2026-09-19T05:51:37.992+00:00,False,4,3.0,,3.0,300035.775261,300241.035805,300241.03579999995,75060.25894999999,0.09454000000000001,300035.775261,149983.68536733722,255046.47265095,68.42018133333333,59.34329147782018,0.009991971923346396,1,64,,True,False,Request timeout: 300.0s exceeded,11,56.69694568066818
163,2026-09-19T05:46:38.271+00:00,2026-09-19T05:51:38.322+00:00,2026-09-19T05:51:38.322+00:00,False,1,0.0,,0.0,300051.240861,300051.240861,300051.240861,300051.240861,300051.240861,300051.240861,nan,300051.240861,nan,nan,0.0,1,64,,True,False,"HTTPConnectionPool(host='gpu03', port=9002): Read timed out.",0,56.69694568066818
164,2026-09-19T05:46:38.771+00:00,2026-09-19T05:51:39.172+00:00,2026-09-19T05:51:39.474+00:00,False,5,4.0,,4.0,300400.884364,300702.230412,300702.230613,60140.4461226,0.04156,300400.884364,134309.686160063,240358.44422280003,75.336512,80.53095811245986,0.013302195978125922,1,64,,True,False,Request timeout: 300.0s exceeded,9,56.69694568066818
165,2026-09-19T05:46:39.392+00:00,2026-09-19T05:51:39.359+00:00,2026-09-19T05:51:39.686+00:00,False,7,6.0,,6.0,299967.033552,300293.949648,300293.949532,42899.13564742857,0.05658,299967.033552,113356.29243913606,210009.05841360003,54.486016,34.8081616392485,0.01998042253942548,1,64,,True,False,Request timeout: 300.0s exceeded,30,56.69694568066818
166,2026-09-19T05:46:39.890+00:00,2026-09-19T05:51:39.990+00:00,2026-09-19T05:51:39.990+00:00,False,1,0.0,,0.0,300099.62130299996,300099.62130299996,300099.62130299996,300099.62130299996,300099.62130299996,300099.62130299996,nan,300099.62130299996,nan,nan,0.0,1,64,,True,False,"HTTPConnectionPool(host='gpu03', port=9002): Read timed out.",0,56.69694568066818
167,2026-09-19T05:46:40.269+00:00,2026-09-19T05:51:40.334+00:00,2026-09-19T05:51:40.334+00:00,False,1,0.0,,0.0,300064.312653,300064.312653,300064.312653,300064.312653,300064.312653,300064.312653,nan,300064.312653,nan,nan,0.0,1,64,,True,False,"HTTPConnectionPool(host='gpu03', port=9002): Read timed out.",0,56.69694568066818
168,2026-09-19T05:46:40.764+00:00,2026-09-19T05:51:40.775+00:00,2026-09-19T05:51:40.775+00:00,False,1,0.0,,0.0,300011.65224900004,300011.65224900004,300011.65224900004,300011.65224900004,300011.65224900004,300011.65224900004,nan,300011.65224900004,nan,nan,0.0,1,64,,True,False,TTFT timeout: 300.0s exceeded (TTFT: 300.002s),0,56.69694568066818
169,2026-09-19T05:46:41.112+00:00,2026-09-19T05:51:40.953+00:00,2026-09-19T05:51:41.174+00:00,False,4,3.0,,3.0,299841.106988,300062.48708399996,300062.48696,75015.62174,0.040490000000000005,299841.106988,149883.66672632264,254884.42429609998,73.79336533333333,66.70080404330315,0.009997917530958063,1,64,,True,False,Request timeout: 300.0s exceeded,10,56.69694568066818
170,2026-09-19T05:46:41.685+00:00,2026-09-19T05:51:41.173+00:00,2026-09-19T05:51:41.724+00:00,False,8,7.0,,7.0,299487.657519,300038.280239,300038.280175,37504.785021875,0.06185,299487.657519,105857.07256760928,194702.84767810002,78.66038857142857,39.9290301622359,0.02333035636127512,1,64,,True,False,Request timeout: 300.0s exceeded,25,56.69694568066818
171,2026-09-19T05:46:42.166+00:00,2026-09-19T05:51:42.265+00:00,2026-09-19T05:51:42.265+00:00,False,1,0.0,,0.0,300098.088271,300098.088271,300098.088271,300098.088271,300098.088271,300098.088271,nan,300098.088271,nan,nan,0.0,1,64,,True,False,TTFT timeout: 300.0s exceeded (TTFT: 300.091s),0,56.69694568066818
172,2026-09-19T05:46:42.668+00:00,2026-09-19T05:51:42.685+00:00,2026-09-19T05:51:42.685+00:00,False,1,0.0,,0.0,300017.617671,300017.617671,300017.617671,300017.617671,300017.617671,300017.617671,nan,300017.617671,nan,nan,0.0,1,64,,True,False,TTFT timeout: 300.0s exceeded (TTFT: 300.009s),0,56.69694568066818
173,2026-09-19T05:46:43.149+00:00,2026-09-19T05:51:42.924+00:00,2026-09-19T05:51:43.237+00:00,False,5,4.0,,4.0,299775.244843,300088.765995,300088.76601300004,60017.753202600004,0.06454,299775.244843,134028.52005350747,239842.35330940003,78.380288,52.45257200154293,0.013329389344973503,1,64,,True,False,Request timeout: 300.0s exceeded,17,56.69694568066818
174,2026-09-19T05:46:43.566+00:00,2026-09-19T05:51:43.643+00:00,2026-09-19T05:51:43.643+00:00,False,1,0.0,,0.0,300076.846961,300076.846961,300076.846961,300076.846961,300076.846961,300076.846961,nan,300076.846961,nan,nan,0.0,1,64,,True,False,"HTTPConnectionPool(host='gpu03', port=9002): Read timed out.",0,56.69694568066818
175,2026-09-19T05:46:44.036+00:00,2026-09-19T05:51:44.141+00:00,2026-09-19T05:51:44.141+00:00,False,1,0.0,,0.0,300104.748512,300104.748512,300104.748512,300104.748512,300104.748512,300104.748512,nan,300104.748512,nan,nan,0.0,1,64,,True,False,"HTTPConnectionPool(host='gpu03', port=9002): Read timed out.",0,56.69694568066818
176,2026-09-19T05:46:44.524+00:00,2026-09-19T05:51:44.350+00:00,2026-09-19T05:51:44.627+00:00,False,4,3.0,,3.0,299826.17315600003,300102.89379600005,300102.89368100005,75025.72342025001,0.126969,299826.17315600003,149866.98071624895,254873.84390225,92.24021333333333,79.97446321096947,0.009996571382744813,1,64,,True,False,Request timeout: 300.0s exceeded,15,56.69694568066818
177,2026-09-19T05:46:45.095+00:00,2026-09-19T05:51:45.098+00:00,2026-09-19T05:51:45.147+00:00,False,3,2.0,,2.0,300002.869989,300051.538149,300051.538187,100017.17939566668,0.0798,300002.869989,173192.690145515,270007.4418299,24.33408,34.30099193688999,0.006665521571187005,1,64,,True,False,Request timeout: 300.0s exceeded,8,56.69694568066818
178,2026-09-19T05:46:45.443+00:00,2026-09-19T05:51:45.548+00:00,2026-09-19T05:51:45.548+00:00,False,1,0.0,,0.0,300105.406272,300105.406272,300105.406272,300105.406272,300105.406272,300105.406272,nan,300105.406272,nan,nan,0.0,1,64,,True,False,"HTTPConnectionPool(host='gpu03', port=9002): Read timed out.",0,56.69694568066818
179,2026-09-19T05:46:45.831+00:00,2026-09-19T05:51:45.865+00:00,2026-09-19T05:51:45.865+00:00,False,1,0.0,,0.0,300034.229825,300034.229825,300034.229825,300034.229825,300034.229825,300034.229825,nan,300034.229825,nan,nan,0.0,1,64,,True,False,TTFT timeout: 300.0s exceeded (TTFT: 300.024s),0,56.69694568066818
180,2026-09-19T05:46:46.319+00:00,2026-09-19T05:51:46.170+00:00,2026-09-19T05:51:46.393+00:00,False,4,3.0,,3.0,299851.03655,300073.36359,300073.36348,75018.34087,0.04265,299851.03655,149888.4729487552,254890.4044475,74.10901333333332,64.18618813635287,0.009997555144877828,1,64,,True,False,Request timeout: 300.0s exceeded,10,56.69694568066818
181,2026-09-19T05:46:46.940+00:00,2026-09-19T05:51:47.051+00:00,2026-09-19T05:51:47.051+00:00,False,1,0.0,,0.0,300111.306704,300111.306704,300111.306704,300111.306704,300111.306704,300111.306704,nan,300111.306704,nan,nan,0.0,1,64,,True,False,"HTTPConnectionPool(host='gpu03', port=9002): Read timed out.",0,56.69694568066818
182,2026-09-19T05:46:47.286+00:00,2026-09-19T05:51:47.405+00:00,2026-09-19T05:51:47.405+00:00,False,1,0.0,,0.0,300118.71292400005,300118.71292400005,300118.71292400005,300118.71292400005,300118.71292400005,300118.71292400005,nan,300118.71292400005,nan,nan,0.0,1,64,,True,False,"HTTPConnectionPool(host='gpu03', port=9002): Read timed out.",0,56.69694568066818
183,2026-09-19T05:46:47.761+00:00,2026-09-19T05:51:47.788+00:00,2026-09-19T05:51:47.788+00:00,False,1,0.0,,0.0,300027.69229900005,300027.69229900005,300027.69229900005,300027.69229900005,300027.69229900005,300027.69229900005,nan,300027.69229900005,nan,nan,0.0,1,64,,True,False,"HTTPConnectionPool(host='gpu03', port=9002): Read timed out.",0,56.69694568066818
184,2026-09-19T05:46:48.247+00:00,2026-09-19T05:51:48.067+00:00,2026-09-19T05:51:48.263+00:00,False,4,3.0,,3.0,299819.65438,300016.018156,300016.01816000004,75004.00454000001,0.038189999999999995,299819.65438,149877.1070319715,254861.50942660004,65.454592,56.65474004826413,0.00999946608997418,1,64,,True,False,Request timeout: 300.0s exceeded,16,56.69694568066818
185,2026-09-19T05:46:48.719+00:00,2026-09-19T05:51:48.829+00:00,2026-09-19T05:51:48.829+00:00,False,1,0.0,,0.0,300109.847138,300109.847138,300109.847138,300109.847138,300109.847138,300109.847138,nan,300109.847138,nan,nan,0.0,1,64,,True,False,"HTTPConnectionPool(host='gpu03', port=9002): Read timed out.",0,56.69694568066818
186,2026-09-19T05:46:49.296+00:00,2026-09-19T05:51:49.243+00:00,2026-09-19T05:51:49.392+00:00,False,3,2.0,,2.0,299946.381666,300095.519586,300095.519518,100031.83983933333,0.03016,299946.381666,173131.08785354576,269966.6542686,74.56896,105.41371400076467,0.006664544684836086,1,64,,True,False,Request timeout: 300.0s exceeded,10,56.69694568066818
187,2026-09-19T05:46:49.748+00:00,2026-09-19T05:51:49.523+00:00,2026-09-19T05:51:49.863+00:00,False,5,4.0,,4.0,299774.43246700004,300114.486227,300114.48619100003,60022.89723820001,0.054469000000000004,299774.43246700004,134025.19217429176,239845.80282320004,85.01344,58.43428843681166,0.013328246997629056,1,64,,True,False,Request timeout: 300.0s exceeded,22,56.69694568066818
188,2026-09-19T05:46:50.305+00:00,2026-09-19T05:51:50.419+00:00,2026-09-19T05:51:50.419+00:00,False,1,0.0,,0.0,300114.49052,300114.49052,300114.49052,300114.49052,300114.49052,300114.49052,nan,300114.49052,nan,nan,0.0,1,64,,True,False,"HTTPConnectionPool(host='gpu03', port=9002): Read timed out.",0,56.69694568066818
189,2026-09-19T05:46:50.722+00:00,2026-09-19T05:51:50.753+00:00,2026-09-19T05:51:50.753+00:00,True,1,1.0,,1.0,300031.483817,300031.483817,300031.483817,300031.483817,300031.483817,300031.483817,nan,300031.483817,nan,nan,0.0033329835498528415,1,64,,True,True,,3,56.69694568066818
190,2026-09-19T05:46:51.253+00:00,2026-09-19T05:51:51.366+00:00,2026-09-19T05:51:51.565+00:00,False,4,3.0,,3.0,300113.151708,300312.94204399997,300312.942157,75078.23553925,0.03756,300113.151708,150023.28483134386,255111.33755895,66.59677866666667,57.65400762034949,0.009989579468607979,1,64,,True,False,Request timeout: 300.0s exceeded,6,56.69694568066818
191,2026-09-19T05:46:51.615+00:00,2026-09-19T05:51:51.701+00:00,2026-09-19T05:51:51.701+00:00,False,1,0.0,,0.0,300086.755193,300086.755193,300086.755193,300086.755193,300086.755193,300086.755193,nan,300086.755193,nan,nan,0.0,1,64,,True,False,"HTTPConnectionPool(host='gpu03', port=9002): Read timed out.",0,56.69694568066818
192,2026-09-19T05:46:51.973+00:00,2026-09-19T05:51:51.986+00:00,2026-09-19T05:51:51.986+00:00,False,1,0.0,,0.0,300013.174803,300013.174803,300013.174803,300013.174803,300013.174803,300013.174803,nan,300013.174803,nan,nan,0.0,1,64,,True,False,"HTTPConnectionPool(host='gpu03', port=9002): Read timed out.",0,56.69694568066818
193,2026-09-19T05:46:52.346+00:00,2026-09-19T05:51:52.409+00:00,2026-09-19T05:51:52.409+00:00,False,1,0.0,,0.0,300063.908228,300063.908228,300063.908228,300063.908228,300063.908228,300063.908228,nan,300063.908228,nan,nan,0.0,1,64,,True,False,"HTTPConnectionPool(host='gpu03', port=9002): Read timed out.",0,56.69694568066818
194,2026-09-19T05:46:52.907+00:00,2026-09-19T05:51:52.992+00:00,2026-09-19T05:51:52.992+00:00,False,1,0.0,,0.0,300084.676494,300084.676494,300084.676494,300084.676494,300084.676494,300084.676494,nan,300084.676494,nan,nan,0.0,1,64,,True,False,TTFT timeout: 300.0s exceeded (TTFT: 300.067s),0,56.69694568066818
195,2026-09-19T05:46:53.461+00:00,2026-09-19T05:51:53.069+00:00,2026-09-19T05:51:53.473+00:00,False,6,5.0,,5.0,299607.782974,300011.92633399996,300011.926421,50001.987736833325,0.04051,299607.782974,122281.37376412624,224732.55108724997,80.828672,45.35704549744765,0.016666004118894778,1,64,,True,False,Request timeout: 300.0s exceeded,15,56.69694568066818
196,2026-09-19T05:46:53.932+00:00,2026-09-19T05:51:54.009+00:00,2026-09-19T05:51:54.009+00:00,False,1,0.0,,0.0,300076.95761000004,300076.95761000004,300076.95761000004,300076.95761000004,300076.95761000004,300076.95761000004,nan,300076.95761000004,nan,nan,0.0,1,64,,True,False,"HTTPConnectionPool(host='gpu03', port=9002): Read timed out.",0,56.69694568066818
197,2026-09-19T05:46:54.409+00:00,2026-09-19T05:51:54.495+00:00,2026-09-19T05:51:54.495+00:00,False,1,0.0,,0.0,300085.926844,300085.926844,300085.926844,300085.926844,300085.926844,300085.926844,nan,300085.926844,nan,nan,0.0,1,64,,True,False,"HTTPConnectionPool(host='gpu03', port=9002): Read timed out.",0,56.69694568066818
198,2026-09-19T05:46:54.865+00:00,2026-09-19T05:51:54.779+00:00,2026-09-19T05:51:55.701+00:00,False,11,10.0,,10.0,299913.468667,300835.934715,300835.934631,27348.72133009091,0.04453,299913.468667,90399.50741823479,150021.7380035,92.2466048,39.12183024876849,0.03324070978912011,1,64,,True,False,Request timeout: 300.0s exceeded,43,56.69694568066818
199,2026-09-19T05:46:55.667+00:00,2026-09-19T05:51:55.013+00:00,2026-09-19T05:51:55.381+00:00,True,5,5.0,,5.0,299345.93439300003,299713.465145,299713.46507000003,59942.693014000004,45.588207000000004,299345.93439300003,133830.48311140368,239498.43904520004,91.882688,30.88075528812286,0.016682600488373195,1,64,,True,True,,15,56.69694568066818
200,2026-09-19T05:46:55.944+00:00,2026-09-19T05:51:56.106+00:00,2026-09-19T05:51:56.106+00:00,False,1,0.0,,0.0,300162.405197,300162.405197,300162.405197,300162.405197,300162.405197,300162.405197,nan,300162.405197,nan,nan,0.0,1,64,,True,False,"HTTPConnectionPool(host='gpu03', port=9002): Read timed out.",0,56.69694568066818
201,2026-09-19T05:46:56.443+00:00,2026-09-19T05:51:56.546+00:00,2026-09-19T05:51:56.546+00:00,False,1,0.0,,0.0,300102.418658,300102.418658,300102.418658,300102.418658,300102.418658,300102.418658,nan,300102.418658,nan,nan,0.0,1,64,,True,False,"HTTPConnectionPool(host='gpu03', port=9002): Read timed out.",0,56.69694568066818
202,2026-09-19T05:46:57.005+00:00,2026-09-19T05:51:57.106+00:00,2026-09-19T05:51:57.106+00:00,False,1,0.0,,0.0,300101.039609,300101.039609,300101.039609,300101.039609,300101.039609,300101.039609,nan,300101.039609,nan,nan,0.0,1,64,,True,False,TTFT timeout: 300.0s exceeded (TTFT: 300.090s),0,56.69694568066818
203,2026-09-19T05:46:57.493+00:00,2026-09-19T05:51:57.291+00:00,2026-09-19T05:51:57.507+00:00,False,4,3.0,,3.0,299798.406908,300014.738684,300014.738747,75003.68468675,0.02569,299798.406908,149863.1570496803,254846.40696815,72.110592,63.26397640345134,0.00999950873466868,1,64,,True,False,Request timeout: 300.0s exceeded,10,56.69694568066818
204,2026-09-19T05:46:58.011+00:00,2026-09-19T05:51:57.509+00:00,2026-09-19T05:51:58.116+00:00,False,8,7.0,,7.0,299497.99898900004,300104.15527700004,300104.15539900004,37513.019424875005,0.06028,299497.99898900004,105857.92340430983,194710.06031610005,86.59375542857143,38.20016058938024,0.023325235178896172,1,64,,True,False,Request timeout: 300.0s exceeded,18,56.69694568066818
205,2026-09-19T05:46:58.614+00:00,2026-09-19T05:51:58.721+00:00,2026-09-19T05:51:58.721+00:00,False,1,0.0,,0.0,300107.21392400004,300107.21392400004,300107.21392400004,300107.21392400004,300107.21392400004,300107.21392400004,nan,300107.21392400004,nan,nan,0.0,1,64,,True,False,"HTTPConnectionPool(host='gpu03', port=9002): Read timed out.",0,56.69694568066818
206,2026-09-19T05:46:59.160+00:00,2026-09-19T05:51:59.077+00:00,2026-09-19T05:51:59.200+00:00,False,3,2.0,,2.0,299916.904781,300039.742285,300039.742319,100013.24743966667,0.02053,299916.904781,173121.65645457144,269937.49600369995,61.418752,86.83026896867226,0.0066657836217585194,1,64,,True,False,Request timeout: 300.0s exceeded,4,56.69694568066818
207,2026-09-19T05:46:59.666+00:00,2026-09-19T05:51:59.424+00:00,2026-09-19T05:51:59.720+00:00,False,6,5.0,,5.0,299757.766156,300053.28359600005,300053.28343,50008.88057166667,0.03716,299757.766156,122351.47225349586,224843.31015075,59.103488,41.20761030120063,0.016663706992562484,1,64,,True,False,Request timeout: 300.0s exceeded,23,56.69694568066818
208,2026-09-19T05:47:00.041+00:00,2026-09-19T05:52:00.107+00:00,2026-09-19T05:52:00.107+00:00,False,1,0.0,,0.0,300066.07135600003,300066.07135600003,300066.07135600003,300066.07135600003,300066.07135600003,300066.07135600003,nan,300066.07135600003,nan,nan,0.0,1,64,,True,False,"HTTPConnectionPool(host='gpu03', port=9002): Read timed out.",0,56.69694568066818
209,2026-09-19T05:47:00.423+00:00,2026-09-19T05:52:00.527+00:00,2026-09-19T05:52:00.527+00:00,False,1,0.0,,0.0,300104.50263,300104.50263,300104.50263,300104.50263,300104.50263,300104.50263,nan,300104.50263,nan,nan,0.0,1,64,,True,False,"HTTPConnectionPool(host='gpu03', port=9002): Read timed out.",0,56.69694568066818
210,2026-09-19T05:47:01.000+00:00,2026-09-19T05:52:00.911+00:00,2026-09-19T05:52:01.017+00:00,False,3,2.0,,2.0,299910.565222,300017.004134,300017.004241,100005.66808033333,0.04094,299910.565222,173122.7274331002,269930.1485077,53.219456,75.20611230847535,0.006666288818438829,1,64,,True,False,Request timeout: 300.0s exceeded,9,56.69694568066818
211,2026-09-19T05:47:01.628+00:00,2026-09-19T05:52:01.683+00:00,2026-09-19T05:52:01.683+00:00,False,1,0.0,,0.0,300054.911267,300054.911267,300054.911267,300054.911267,300054.911267,300054.911267,nan,300054.911267,nan,nan,0.0,1,64,,True,False,"HTTPConnectionPool(host='gpu03', port=9002): Read timed out.",0,56.69694568066818
212,2026-09-19T05:47:02.121+00:00,2026-09-19T05:52:02.172+00:00,2026-09-19T05:52:02.172+00:00,False,1,0.0,,0.0,300051.473072,300051.473072,300051.473072,300051.473072,300051.473072,300051.473072,nan,300051.473072,nan,nan,0.0,1,64,,True,False,"HTTPConnectionPool(host='gpu03', port=9002): Read timed out.",0,56.69694568066818
213,2026-09-19T05:47:02.725+00:00,2026-09-19T05:52:02.464+00:00,2026-09-19T05:52:02.736+00:00,False,5,4.0,,4.0,299738.704333,300011.107277,300011.107405,60002.221481,0.02618,299738.704333,134016.77749959848,239818.49155679997,68.100736,58.00201677135415,0.013332839694854378,1,64,,True,False,Request timeout: 300.0s exceeded,9,56.69694568066818
214,2026-09-19T05:47:03.077+00:00,2026-09-19T05:52:02.687+00:00,2026-09-19T05:52:03.201+00:00,False,9,8.0,,8.0,299610.321639,300124.29130299995,300124.29125699995,33347.143473,0.09445999999999999,299610.321639,99848.69796195655,179809.08395380003,64.246208,37.463579142484164,0.026655623126231216,1,64,,True,False,Request timeout: 300.0s exceeded,32,56.69694568066818
215,2026-09-19T05:47:03.667+00:00,2026-09-19T05:52:03.754+00:00,2026-09-19T05:52:03.754+00:00,False,1,0.0,,0.0,300087.23144199996,300087.23144199996,300087.23144199996,300087.23144199996,300087.23144199996,300087.23144199996,nan,300087.23144199996,nan,nan,0.0,1,64,,True,False,"HTTPConnectionPool(host='gpu03', port=9002): Read timed out.",0,56.69694568066818
216,2026-09-19T05:47:04.260+00:00,2026-09-19T05:52:04.079+00:00,2026-09-19T05:52:05.150+00:00,False,12,11.0,,11.0,299818.799336,300889.700584,300889.700425,25074.141702083332,0.038,299818.799336,86522.13422968896,134987.8612257,97.3546589090909,33.34805037080217,0.03655824702091825,1,64,,True,False,Request timeout: 300.0s exceeded,31,56.69694568066818
218,2026-09-19T05:47:05.341+00:00,2026-09-19T05:52:05.363+00:00,2026-09-19T05:52:05.363+00:00,False,1,0.0,,0.0,300022.776515,300022.776515,300022.776515,300022.776515,300022.776515,300022.776515,nan,300022.776515,nan,nan,0.0,1,64,,True,False,"HTTPConnectionPool(host='gpu03', port=9002): Read timed out.",0,56.69694568066818
217,2026-09-19T05:47:04.751+00:00,2026-09-19T05:52:05.791+00:00,2026-09-19T05:52:05.791+00:00,False,1,0.0,,0.0,301039.139702,301039.139702,301039.139702,301039.139702,301039.139702,301039.139702,nan,301039.139702,nan,nan,0.0,1,64,,True,False,"HTTPConnectionPool(host='gpu03', port=9002): Read timed out.",0,56.69694568066818
219,2026-09-19T05:47:05.881+00:00,2026-09-19T05:52:05.967+00:00,2026-09-19T05:52:05.967+00:00,False,1,0.0,,0.0,300086.220629,300086.220629,300086.220629,300086.220629,300086.220629,300086.220629,nan,300086.220629,nan,nan,0.0,1,64,,True,False,"HTTPConnectionPool(host='gpu03', port=9002): Read timed out.",0,56.69694568066818
220,2026-09-19T05:47:06.305+00:00,2026-09-19T05:52:06.344+00:00,2026-09-19T05:52:06.344+00:00,False,1,0.0,,0.0,300039.235437,300039.235437,300039.235437,300039.235437,300039.235437,300039.235437,nan,300039.235437,nan,nan,0.0,1,64,,True,False,TTFT timeout: 300.0s exceeded (TTFT: 300.033s),0,56.69694568066818
221,2026-09-19T05:47:06.816+00:00,2026-09-19T05:52:06.548+00:00,2026-09-19T05:52:06.842+00:00,False,5,4.0,,4.0,299731.750786,300026.237058,300026.23709199997,60005.247418399995,0.03015,299731.750786,134011.19612530994,239805.3196176,73.621568,49.08058930816997,0.013332167343840446,1,64,,True,False,Request timeout: 300.0s exceeded,22,56.69694568066818
222,2026-09-19T05:47:07.302+00:00,2026-09-19T05:52:07.386+00:00,2026-09-19T05:52:07.386+00:00,False,1,0.0,,0.0,300084.030676,300084.030676,300084.030676,300084.030676,300084.030676,300084.030676,nan,300084.030676,nan,nan,0.0,1,64,,True,False,"HTTPConnectionPool(host='gpu03', port=9002): Read timed out.",0,56.69694568066818
223,2026-09-19T05:47:07.689+00:00,2026-09-19T05:52:07.787+00:00,2026-09-19T05:52:07.787+00:00,False,1,0.0,,0.0,300098.114248,300098.114248,300098.114248,300098.114248,300098.114248,300098.114248,nan,300098.114248,nan,nan,0.0,1,64,,True,False,"HTTPConnectionPool(host='gpu03', port=9002): Read timed out.",0,56.69694568066818
224,2026-09-19T05:47:08.052+00:00,2026-09-19T05:52:08.128+00:00,2026-09-19T05:52:08.128+00:00,False,1,0.0,,0.0,300075.893652,300075.893652,300075.893652,300075.893652,300075.893652,300075.893652,nan,300075.893652,nan,nan,0.0,1,64,,True,False,TTFT timeout: 300.0s exceeded (TTFT: 300.064s),0,56.69694568066818
225,2026-09-19T05:47:08.551+00:00,2026-09-19T05:52:08.385+00:00,2026-09-19T05:52:08.604+00:00,False,4,3.0,,3.0,299833.417783,300053.004343,300053.004493,75013.25112325,0.04089,299833.417783,149880.12046766793,254876.9681218,73.19552,64.87810709752817,0.009998233500673788,1,64,,True,False,Request timeout: 300.0s exceeded,11,56.69694568066818
226,2026-09-19T05:47:08.916+00:00,2026-09-19T05:52:09.010+00:00,2026-09-19T05:52:09.010+00:00,False,1,0.0,,0.0,300094.068101,300094.068101,300094.068101,300094.068101,300094.068101,300094.068101,nan,300094.068101,nan,nan,0.0,1,64,,True,False,"HTTPConnectionPool(host='gpu03', port=9002): Read timed out.",0,56.69694568066818
227,2026-09-19T05:47:09.347+00:00,2026-09-19T05:52:09.466+00:00,2026-09-19T05:52:09.466+00:00,False,1,0.0,,0.0,300118.505792,300118.505792,300118.505792,300118.505792,300118.505792,300118.505792,nan,300118.505792,nan,nan,0.0,1,64,,True,False,TTFT timeout: 300.0s exceeded (TTFT: 300.099s),0,56.69694568066818
228,2026-09-19T05:47:09.863+00:00,2026-09-19T05:52:09.732+00:00,2026-09-19T05:52:09.997+00:00,False,4,3.0,,3.0,299868.925998,300133.536046,300133.53604800004,75033.38401200001,0.046560000000000004,299868.925998,149890.37428618397,254908.4398059,88.20334933333334,76.34602323699491,0.009995550778904643,1,64,,True,False,Request timeout: 300.0s exceeded,4,56.69694568066818
229,2026-09-19T05:47:10.251+00:00,2026-09-19T05:52:09.997+00:00,2026-09-19T05:52:10.304+00:00,False,5,4.0,,4.0,299745.997858,300052.950818,300052.950764,60010.590152799996,0.03925,299745.997858,134016.17439785806,239818.00782819997,76.73824,51.20707816433818,0.013330980378947309,1,64,,True,False,Request timeout: 300.0s exceeded,13,56.69694568066818
230,2026-09-19T05:47:10.637+00:00,2026-09-19T05:52:10.746+00:00,2026-09-19T05:52:10.746+00:00,False,1,0.0,,0.0,300108.738593,300108.738593,300108.738593,300108.738593,300108.738593,300108.738593,nan,300108.738593,nan,nan,0.0,1,64,,True,False,"HTTPConnectionPool(host='gpu03', port=9002): Read timed out.",0,56.69694568066818
231,2026-09-19T05:47:11.116+00:00,2026-09-19T05:52:11.223+00:00,2026-09-19T05:52:11.223+00:00,False,1,0.0,,0.0,300107.603133,300107.603133,300107.603133,300107.603133,300107.603133,300107.603133,nan,300107.603133,nan,nan,0.0,1,64,,True,False,"HTTPConnectionPool(host='gpu03', port=9002): Read timed out.",0,56.69694568066818
232,2026-09-19T05:47:11.535+00:00,2026-09-19T05:52:11.508+00:00,2026-09-19T05:52:11.631+00:00,False,3,2.0,,2.0,299972.652598,300096.136246,300096.136214,100032.04540466667,0.0423,299972.652598,173153.65607014598,269987.7314698,61.741824,87.25638848557801,0.0066645309900308924,1,64,,True,False,Request timeout: 300.0s exceeded,8,56.69694568066818
233,2026-09-19T05:47:11.915+00:00,2026-09-19T05:52:11.633+00:00,2026-09-19T05:52:11.933+00:00,False,5,4.0,,4.0,299717.841842,300018.309298,300018.30923300004,60003.66184660001,0.064079,299717.841842,134004.30742651818,239794.80812320003,75.116864,50.07270849360441,0.013332519636416285,1,64,,True,False,Request timeout: 300.0s exceeded,19,56.69694568066818
234,2026-09-19T05:47:12.308+00:00,2026-09-19T05:52:12.406+00:00,2026-09-19T05:52:12.406+00:00,False,1,0.0,,0.0,300097.980154,300097.980154,300097.980154,300097.980154,300097.980154,300097.980154,nan,300097.980154,nan,nan,0.0,1,64,,True,False,"HTTPConnectionPool(host='gpu03', port=9002): Read timed out.",0,56.69694568066818
235,2026-09-19T05:47:12.915+00:00,2026-09-19T05:52:12.943+00:00,2026-09-19T05:52:12.943+00:00,False,1,0.0,,0.0,300027.90916900005,300027.90916900005,300027.90916900005,300027.90916900005,300027.90916900005,300027.90916900005,nan,300027.90916900005,nan,nan,0.0,1,64,,True,False,TTFT timeout: 300.0s exceeded (TTFT: 300.010s),0,56.69694568066818
236,2026-09-19T05:47:13.387+00:00,2026-09-19T05:52:13.219+00:00,2026-09-19T05:52:13.470+00:00,False,4,3.0,,3.0,299832.586046,300083.626558,300083.62646,75020.906615,0.031170000000000003,299832.586046,149874.4648958365,254878.17700984998,83.68017066666667,73.27567947011258,0.0099972132248947,1,64,,True,False,Request timeout: 300.0s exceeded,10,56.69694568066818
237,2026-09-19T05:47:13.989+00:00,2026-09-19T05:52:14.098+00:00,2026-09-19T05:52:14.098+00:00,False,1,0.0,,0.0,300108.94541000004,300108.94541000004,300108.94541000004,300108.94541000004,300108.94541000004,300108.94541000004,nan,300108.94541000004,nan,nan,0.0,1,64,,True,False,"HTTPConnectionPool(host='gpu03', port=9002): Read timed out.",0,56.69694568066818
238,2026-09-19T05:47:14.355+00:00,2026-09-19T05:52:14.474+00:00,2026-09-19T05:52:14.474+00:00,False,1,0.0,,0.0,300119.341734,300119.341734,300119.341734,300119.341734,300119.341734,300119.341734,nan,300119.341734,nan,nan,0.0,1,64,,True,False,"HTTPConnectionPool(host='gpu03', port=9002): Read timed out.",0,56.69694568066818
239,2026-09-19T05:47:14.826+00:00,2026-09-19T05:52:14.784+00:00,2026-09-19T05:52:14.912+00:00,False,3,2.0,,2.0,299957.478159,300085.860879,300085.860764,100028.62025466666,0.11372,299957.478159,173143.48175179714,269974.5572316,64.19136,90.61954672882023,0.006664759193057869,1,64,,True,False,Request timeout: 300.0s exceeded,5,56.69694568066818
240,2026-09-19T05:47:15.449+00:00,2026-09-19T05:52:15.252+00:00,2026-09-19T05:52:15.554+00:00,False,5,4.0,,4.0,299803.608078,300104.89063800004,300104.89047800004,60020.9780956,0.05904,299803.608078,134042.57220799345,239863.80152500005,75.32064,50.34856478398003,0.013328673156563048,1,64,,True,False,Request timeout: 300.0s exceeded,17,56.69694568066818
241,2026-09-19T05:47:16.071+00:00,2026-09-19T05:52:16.157+00:00,2026-09-19T05:52:16.157+00:00,False,1,0.0,,0.0,300086.25327499997,300086.25327499997,300086.25327499997,300086.25327499997,300086.25327499997,300086.25327499997,nan,300086.25327499997,nan,nan,0.0,1,64,,True,False,"HTTPConnectionPool(host='gpu03', port=9002): Read timed out.",0,56.69694568066818
242,2026-09-19T05:47:17.612+00:00,2026-09-19T05:52:16.882+00:00,2026-09-19T05:52:17.867+00:00,False,12,11.0,,11.0,299269.46976099996,300254.69011299993,300254.69015,25021.224179166664,0.02696,299269.46976099996,86365.80586005819,134743.5940248,89.56548654545455,35.750100805382786,0.036635564279979056,1,64,,True,False,Request timeout: 300.0s exceeded,33,56.69694568066818
243,2026-09-19T05:47:17.656+00:00,2026-09-19T05:52:16.979+00:00,2026-09-19T05:52:17.864+00:00,False,11,10.0,,10.0,299322.216276,300207.57000400004,300207.570031,27291.597275545457,0.09309,299322.216276,90222.35618738004,149725.19489550003,88.53537279999999,36.695306251664796,0.03331028594604312,1,64,,True,False,Request timeout: 300.0s exceeded,31,56.69694568066818
244,2026-09-19T05:47:17.717+00:00,2026-09-19T05:52:17.539+00:00,2026-09-19T05:52:17.865+00:00,False,5,4.0,,4.0,299822.317861,300148.457253,300148.45728900004,60029.69145780001,0.027899999999999998,299822.317861,134048.16222833568,239883.92160660002,81.534848,56.54051248070273,0.013326738496704432,1,64,,True,False,Request timeout: 300.0s exceeded,22,56.69694568066818
245,2026-09-19T05:47:18.102+00:00,2026-09-19T05:52:18.166+00:00,2026-09-19T05:52:18.166+00:00,False,1,0.0,,0.0,300063.261545,300063.261545,300063.261545,300063.261545,300063.261545,300063.261545,nan,300063.261545,nan,nan,0.0,1,64,,True,False,"HTTPConnectionPool(host='gpu03', port=9002): Read timed out.",0,56.69694568066818
246,2026-09-19T05:47:18.534+00:00,2026-09-19T05:52:18.557+00:00,2026-09-19T05:52:18.557+00:00,False,1,0.0,,0.0,300023.006026,300023.006026,300023.006026,300023.006026,300023.006026,300023.006026,nan,300023.006026,nan,nan,0.0,1,64,,True,False,"HTTPConnectionPool(host='gpu03', port=9002): Read timed out.",0,56.69694568066818
247,2026-09-19T05:47:18.965+00:00,2026-09-19T05:52:19.081+00:00,2026-09-19T05:52:19.081+00:00,False,1,0.0,,0.0,300115.97971,300115.97971,300115.97971,300115.97971,300115.97971,300115.97971,nan,300115.97971,nan,nan,0.0,1,64,,True,False,"HTTPConnectionPool(host='gpu03', port=9002): Read timed out.",0,56.69694568066818
248,2026-09-19T05:47:19.353+00:00,2026-09-19T05:52:19.393+00:00,2026-09-19T05:52:20.585+00:00,False,16,15.0,,15.0,300040.131344,301232.445456,301232.445374,18827.027835875,0.022609999999999998,300040.131344,74990.16802494621,75090.12825875,79.48760746666667,33.75236398080916,0.04979543281698385,1,64,,True,False,Request timeout: 300.0s exceeded,55,56.69694568066818
249,2026-09-19T05:47:19.877+00:00,2026-09-19T05:52:19.429+00:00,2026-09-19T05:52:20.687+00:00,False,16,15.0,,15.0,299551.491586,300809.30765000003,300809.307756,18800.58173475,0.020579999999999998,299551.491586,74866.91551020785,74967.11662900001,83.85440426666666,31.58030388960611,0.04986547828983043,1,64,,True,False,Request timeout: 300.0s exceeded,50,56.69694568066818
251,2026-09-19T05:47:20.674+00:00,2026-09-19T05:52:20.768+00:00,2026-09-19T05:52:20.768+00:00,False,1,0.0,,0.0,300093.631406,300093.631406,300093.631406,300093.631406,300093.631406,300093.631406,nan,300093.631406,nan,nan,0.0,1,64,,True,False,"HTTPConnectionPool(host='gpu03', port=9002): Read timed out.",0,56.69694568066818
250,2026-09-19T05:47:20.290+00:00,2026-09-19T05:52:21.342+00:00,2026-09-19T05:52:21.342+00:00,False,1,0.0,,0.0,301051.737175,301051.737175,301051.737175,301051.737175,301051.737175,301051.737175,nan,301051.737175,nan,nan,0.0,1,64,,True,False,"HTTPConnectionPool(host='gpu03', port=9002): Read timed out.",0,56.69694568066818
0,2026-09-19T05:45:20.769+00:00,2026-09-19T05:45:20.860+00:00,2026-09-19T05:45:27.420+00:00,True,73,73.0,,73.0,91.315909,6651.3358769999995,6651.335818,91.11418928767124,28.773473000000003,159.68143799999999,27.119800047707674,111.7554782,91.11138844444444,27.31010757325961,10.975238861779706,2,64,,False,True,,418,56.69694568066818
1,2026-09-19T05:45:21.263+00:00,2026-09-19T05:45:21.448+00:00,2026-09-19T05:45:28.697+00:00,True,76,76.0,,76.0,184.730563,7433.885635,7433.885626,97.81428455263158,44.052447,184.730563,24.602447776668413,111.25006825,96.65540096,22.583460898823315,10.223455637006179,2,64,,False,True,,310,56.69694568066818
2,2026-09-19T05:45:21.721+00:00,2026-09-19T05:45:22.621+00:00,2026-09-19T05:45:27.313+00:00,True,50,50.0,,50.0,900.204663,5591.334263000001,5591.334454,111.82668908,46.99845,900.204663,116.04402847745476,115.82809470000001,95.73733877551021,23.103180012809293,8.942409387124133,2,64,,False,True,,251,56.69694568066818
3,2026-09-19T05:45:22.117+00:00,2026-09-19T05:45:25.808+00:00,2026-09-19T05:45:30.499+00:00,True,48,48.0,,48.0,3690.6249019999996,8382.085254,8382.085153,174.62677402083332,46.104811999999995,3690.6249019999996,518.5670477312688,111.7319342,99.81830536170213,17.18473514153066,5.726498662978166,2,64,,False,True,,163,56.69694568066818
4,2026-09-19T05:45:22.540+00:00,2026-09-19T05:45:27.726+00:00,2026-09-19T05:45:29.682+00:00,True,21,21.0,,21.0,5185.6595990000005,7141.688271000001,7141.6884230000005,340.08040109523813,47.33948,5185.6595990000005,1110.390082278717,113.383576,97.8014336,17.325153365645132,2.9404811863987335,2,64,,False,True,,68,56.69694568066818
5,2026-09-19T05:45:23.056+00:00,2026-09-19T05:45:30.494+00:00,2026-09-19T05:45:34.408+00:00,True,40,40.0,,40.0,7437.870893,11351.680045000001,11351.680224,283.7920056,0.0,7437.870893,1160.5952278130817,146.30771775000002,100.35408082051282,32.07553960418999,3.523707490118922,2,64,,False,True,,230,56.69694568066818
6,2026-09-19T05:45:23.432+00:00,2026-09-19T05:45:32.597+00:00,2026-09-19T05:45:36.756+00:00,True,43,43.0,,43.0,9165.249517999999,13324.590062,13324.590105999998,309.8741885116279,0.0,9165.249517999999,1383.201694571538,227.93570030000004,99.03191771428571,41.79255965037186,3.22711616642004,2,64,,False,True,,129,56.69694568066818
7,2026-09-19T05:45:23.822+00:00,2026-09-19T05:45:34.403+00:00,2026-09-19T05:45:38.099+00:00,True,39,39.0,,39.0,10580.92454,14276.59942,14276.599398,366.06665123076925,0.0,10580.92454,1679.3389954033094,243.12301970000001,97.25460210526316,45.802439193069496,2.731742962919107,2,64,,False,True,,199,56.69694568066818
8,2026-09-19T05:45:24.405+00:00,2026-09-19T05:45:37.754+00:00,2026-09-19T05:45:44.353+00:00,True,68,68.0,,68.0,13348.605811000001,19948.292211,19948.292025000002,293.3572356617647,0.0,13348.605811000001,1607.4150395284753,131.60789115,98.50278208955224,44.394845246738655,3.4088131094501946,2,64,,False,True,,313,56.69694568066818
9,2026-09-19T05:45:24.765+00:00,2026-09-19T05:45:39.596+00:00,2026-09-19T05:45:44.154+00:00,True,47,47.0,,47.0,14830.530337999999,19389.16893,19389.168976999998,412.53551014893617,0.0,14830.530337999999,2149.1258783262433,134.3864308,99.10083895652174,37.84749412680764,2.42403375666499,2,64,,False,True,,208,56.69694568066818
10,2026-09-19T05:45:25.120+00:00,2026-09-19T05:45:41.784+00:00,2026-09-19T05:45:44.823+00:00,True,32,32.0,,32.0,16663.217257,19702.735465,19702.735266,615.7104770625,0.0,16663.217257,2928.6715568151003,202.75976689999996,98.0489744516129,45.08485444214535,1.624139960506748,2,64,,False,True,,163,56.69694568066818
11,2026-09-19T05:45:25.510+00:00,2026-09-19T05:45:43.845+00:00,2026-09-19T05:45:51.260+00:00,True,77,77.0,,77.0,18335.222453000002,25750.658997000002,25750.658885,334.4241413636364,0.0,18335.222453000002,2079.04432355899,115.73608480000001,97.57153347368421,53.172261863872116,2.9902147362120184,2,64,,False,True,,271,56.69694568066818
12,2026-09-19T05:45:25.918+00:00,2026-09-19T05:45:46.452+00:00,2026-09-19T05:45:52.706+00:00,True,64,64.0,,64.0,20534.827557,26788.323621,26788.323816,418.567559625,0.0,20534.827557,2555.4092999981185,116.8175964,99.26184228571428,70.73332114828334,2.3891005986589207,2,64,,False,True,,284,56.69694568066818
13,2026-09-19T05:45:26.312+00:00,2026-09-19T05:45:48.554+00:00,2026-09-19T05:45:53.192+00:00,True,47,47.0,,47.0,22242.157969,26879.822481,26879.822474,571.9111164680851,0.0,22242.157969,3230.631273674034,302.5043724,100.81879373913044,80.6531740197071,1.7485234522371549,2,64,,False,True,,201,56.69694568066818
14,2026-09-19T05:45:26.755+00:00,2026-09-19T05:45:50.950+00:00,2026-09-19T05:45:52.498+00:00,True,16,16.0,,16.0,24195.145138,25743.00997,25743.009832,1608.9381145,0.027120000000000002,24195.145138,6023.803382926737,6383.0007985,103.1909888,102.55438081050224,0.6215279417071212,2,64,,False,True,,100,56.69694568066818
15,2026-09-19T05:45:27.231+00:00,2026-09-19T05:45:53.495+00:00,2026-09-19T05:45:55.157+00:00,True,18,18.0,,18.0,26263.957028999997,27925.823012999997,27925.823136999996,1551.434618722222,0.0,26263.957028999997,6168.269395632253,4341.63430465,97.7568225882353,104.73059577910601,0.6445647095743843,2,64,,False,True,,101,56.69694568066818
16,2026-09-19T05:45:27.745+00:00,2026-09-19T05:45:56.082+00:00,2026-09-19T05:46:01.551+00:00,True,58,58.0,,58.0,28337.292377,33806.773849000005,33806.773744,582.8754093793103,0.0,28337.292377,3708.895916087076,114.3901388,95.95581529824561,68.78766756128165,1.7156325019080645,2,64,,False,True,,197,56.69694568066818
17,2026-09-19T05:45:28.130+00:00,2026-09-19T05:45:58.328+00:00,2026-09-19T05:46:04.359+00:00,True,63,63.0,,63.0,30198.41734,36228.957372,36228.957392,575.0628157460318,0.0,30198.41734,3792.933642945935,114.5419319,97.2667747096774,64.82935810032771,1.7389404655815555,2,64,,False,True,,267,56.69694568066818
18,2026-09-19T05:45:28.605+00:00,2026-09-19T05:46:01.342+00:00,2026-09-19T05:46:04.575+00:00,True,33,33.0,,33.0,32736.294399,35969.956351,35969.956286,1089.9986753333333,50.070994,32736.294399,5681.089551922334,114.15401259999999,101.051936,16.43938071782605,0.917432305949478,2,64,,False,True,,110,56.69694568066818
19,2026-09-19T05:45:29.041+00:00,2026-09-19T05:46:03.467+00:00,2026-09-19T05:46:11.056+00:00,True,77,77.0,,77.0,34425.980123,42015.230939,42015.230944,545.652349922078,0.0,34425.980123,3912.710859769418,113.77482140000001,99.85856336842104,83.82736366907967,1.832668731769981,2,64,,False,True,,427,56.69694568066818
20,2026-09-19T05:45:29.501+00:00,2026-09-19T05:46:06.310+00:00,2026-09-19T05:46:09.661+00:00,True,35,35.0,,35.0,36809.277409999995,40160.02736199999,40160.027265,1147.4293504285713,0.016989999999999998,36809.277409999995,6205.9051487979805,250.9731433,98.55146917647059,91.86049856771496,0.8715133504395346,2,64,,False,True,,156,56.69694568066818
21,2026-09-19T05:45:30.062+00:00,2026-09-19T05:46:08.853+00:00,2026-09-19T05:46:15.620+00:00,True,71,71.0,,71.0,38791.229423,45558.482927,45558.483079,641.6687757605633,0.0,38791.229423,4592.958134431604,107.26017949999999,96.67505005714285,84.12043509834227,1.5584364412170146,2,64,,False,True,,313,56.69694568066818
22,2026-09-19T05:45:30.629+00:00,2026-09-19T05:46:11.344+00:00,2026-09-19T05:46:16.652+00:00,True,57,57.0,,57.0,40714.640692,46023.571764,46023.571656,807.4310816842105,0.0,40714.640692,5381.035222006968,113.681361,94.80234057142857,93.98644184490936,1.238495792814278,2,64,,False,True,,285,56.69694568066818
23,2026-09-19T05:45:31.239+00:00,2026-09-19T05:46:14.758+00:00,2026-09-19T05:46:18.500+00:00,True,41,41.0,,41.0,43518.321772,47260.631404,47260.631374000004,1152.698326195122,41.173154000000004,43518.321772,6781.846577489201,112.732967,93.55774079999999,22.937390489694273,0.8675296707214513,2,64,,False,True,,184,56.69694568066818
24,2026-09-19T05:45:31.725+00:00,2026-09-19T05:46:17.443+00:00,2026-09-19T05:46:27.358+00:00,True,98,98.0,,98.0,45718.711107,55633.177155000005,55633.177014,567.6854797346939,0.0,45718.711107,4609.32100465522,116.27945984999998,102.21099018556701,112.48733012696647,1.7615387977386494,2,64,,False,True,,398,56.69694568066818
25,2026-09-19T05:45:32.081+00:00,2026-09-19T05:46:19.242+00:00,2026-09-19T05:46:28.180+00:00,True,88,88.0,,88.0,47160.812287,56098.976511,56098.976455,637.4883688068182,0.0,47160.812287,5017.770591176369,116.66168085,102.73751981609196,117.62341786490032,1.5686560695585021,2,64,,False,True,,362,56.69694568066818
26,2026-09-19T05:45:32.698+00:00,2026-09-19T05:46:23.432+00:00,2026-09-19T05:46:31.083+00:00,True,75,75.0,,75.0,50733.995424,58385.102752,58385.102792,778.4680372266666,0.0,50733.995424,5846.983995453869,117.8697248,103.39334227027027,88.82700876379513,1.2845742572137693,2,64,,False,True,,259,56.69694568066818
27,2026-09-19T05:45:33.238+00:00,2026-09-19T05:46:25.836+00:00,2026-09-19T05:46:35.239+00:00,True,92,92.0,,92.0,52597.210582,62000.318677999996,62000.318853,673.9165092717391,0.0,52597.210582,5473.453201249883,116.81811249999998,103.3308581978022,80.66607606567244,1.4838633407322308,2,64,,False,True,,396,56.69694568066818
28,2026-09-19T05:45:33.852+00:00,2026-09-19T05:46:29.407+00:00,2026-09-19T05:46:31.085+00:00,True,22,22.0,,22.0,55554.469165,57232.304429,57232.304479000006,2601.468385409091,0.0,55554.469165,11827.293803770375,110.63054405000001,79.89691733333333,43.23525552582308,0.38439829078160354,2,64,,False,True,,88,56.69694568066818
29,2026-09-19T05:45:34.411+00:00,2026-09-19T05:46:32.587+00:00,2026-09-19T05:46:36.774+00:00,True,41,41.0,,41.0,58176.564483999995,62362.668035999995,62362.66817499999,1521.0406871951218,47.357669,58176.564483999995,9069.314997923175,115.975518,104.6525888,10.615843064559849,0.6574446105534163,2,64,,False,True,,122,56.69694568066818
30,2026-09-19T05:45:34.951+00:00,2026-09-19T05:46:35.353+00:00,2026-09-19T05:46:41.225+00:00,True,60,60.0,,60.0,60402.173166,66274.065902,66274.065781,1104.5677630166667,0.0,60402.173166,7786.366151102358,149.470989,99.52360569491525,145.01213983079612,0.9053315076326007,2,64,,False,True,,336,56.69694568066818
31,2026-09-19T05:45:35.543+00:00,2026-09-19T05:46:39.367+00:00,2026-09-19T05:46:46.678+00:00,True,78,78.0,,78.0,63823.57773,71134.87936199999,71134.879308,911.9856321538462,0.0,63823.57773,7215.896438289464,114.07235,94.95196924675325,27.173816855240155,1.096508501870987,2,64,,False,True,,267,56.69694568066818
32,2026-09-19T05:45:36.045+00:00,2026-09-19T05:46:41.219+00:00,2026-09-19T05:46:47.350+00:00,True,64,64.0,,64.0,65173.135016,71305.044136,71305.04419,1114.14131546875,46.653589999999994,65173.135016,8134.498446400344,111.54045450000001,97.33189079365079,19.522950861869553,0.8975522107234505,2,64,,False,True,,235,56.69694568066818
33,2026-09-19T05:45:36.650+00:00,2026-09-19T05:46:44.342+00:00,2026-09-19T05:46:50.102+00:00,True,60,60.0,,60.0,67692.56110600001,73452.37013000001,73452.37014300001,1224.2061690500002,45.208424,67692.56110600001,8726.484859820832,111.69316849999997,97.62388176271186,16.847760317361693,0.8168558740011892,2,64,,False,True,,287,56.69694568066818
34,2026-09-19T05:45:37.144+00:00,2026-09-19T05:46:46.680+00:00,2026-09-19T05:46:46.680+00:00,True,1,1.0,,1.0,69536.29801299999,69536.29801299999,69536.29801299999,69536.29801299999,69536.29801299999,69536.29801299999,nan,69536.29801299999,nan,nan,0.014380978403725883,2,64,,False,True,,1,56.69694568066818
35,2026-09-19T05:45:37.497+00:00,2026-09-19T05:46:48.788+00:00,2026-09-19T05:46:57.981+00:00,True,93,93.0,,93.0,71291.06301000001,80484.48790600001,80484.48791100002,865.4246011935485,0.0,71291.06301000001,7383.398981860531,115.436841,99.92853147826088,135.07483345421943,1.1555021646980868,2,64,,False,True,,438,56.69694568066818
36,2026-09-19T05:45:37.977+00:00,2026-09-19T05:46:51.821+00:00,2026-09-19T05:46:56.927+00:00,True,51,51.0,,51.0,73843.730773,78949.818709,78949.818754,1548.0356618431374,0.01811,73843.730773,10326.45701875017,186.9594165,102.12175872,109.25028844621144,0.645979950732758,2,64,,False,True,,204,56.69694568066818
37,2026-09-19T05:45:38.434+00:00,2026-09-19T05:46:53.545+00:00,2026-09-19T05:47:01.837+00:00,True,83,83.0,,83.0,75111.742501,83403.793957,83403.793917,1004.8649869518073,0.017249,75111.742501,8233.907566947173,112.9402923,101.12257873170732,83.91284241352498,0.99515856608144,2,64,,False,True,,296,56.69694568066818
38,2026-09-19T05:45:38.952+00:00,2026-09-19T05:46:56.921+00:00,2026-09-19T05:47:06.449+00:00,True,97,97.0,,97.0,77968.879479,87496.462967,87496.46295799999,902.0253913195876,0.0,77968.879479,7907.36026228117,114.6407932,99.24566133333333,119.71629714724773,1.108616242425529,2,64,,False,True,,389,56.69694568066818
39,2026-09-19T05:45:39.380+00:00,2026-09-19T05:46:59.437+00:00,2026-09-19T05:47:04.863+00:00,True,47,47.0,,47.0,80056.829904,85483.76392,85483.764023,1818.803489851064,0.0,80056.829904,11661.431297551315,114.17141,117.97682643478261,165.66214045409862,0.5498120092604364,2,64,,False,True,,208,56.69694568066818
40,2026-09-19T05:45:39.993+00:00,2026-09-19T05:47:03.093+00:00,2026-09-19T05:47:10.605+00:00,True,79,79.0,,79.0,83100.09074500001,90612.565369,90612.56531100001,1146.9944976075951,0.0,83100.09074500001,9339.581616097305,109.85124470000001,96.31377723076923,132.44400684405602,0.8718437633708928,2,64,,False,True,,295,56.69694568066818
41,2026-09-19T05:45:40.396+00:00,2026-09-19T05:47:05.361+00:00,2026-09-19T05:47:08.473+00:00,True,33,33.0,,33.0,84964.91214399999,88077.25441599998,88077.25443199999,2669.007710060606,46.030612,84964.91214399999,14773.573949742406,113.5184456,97.260696,19.22604204326833,0.37467107959720036,2,64,,False,True,,171,56.69694568066818
42,2026-09-19T05:45:40.904+00:00,2026-09-19T05:47:08.257+00:00,2026-09-19T05:47:12.621+00:00,True,44,44.0,,44.0,87353.27683300001,91717.01648100001,91717.016585,2084.477649659091,51.484079,87353.27683300001,13153.707674661655,110.27396979999999,101.48231739534883,11.292277967947744,0.479736494798814,2,64,,False,True,,63,56.69694568066818
43,2026-09-19T05:45:41.394+00:00,2026-09-19T05:47:11.284+00:00,2026-09-19T05:47:16.002+00:00,True,50,50.0,,50.0,89890.101793,94607.744033,94607.744035,1892.1548807,41.370103,89890.101793,12698.777272790217,111.1140109,96.27841306122448,18.350826544565574,0.5284979629422256,2,64,,False,True,,64,56.69694568066818
44,2026-09-19T05:45:41.769+00:00,2026-09-19T05:47:13.294+00:00,2026-09-19T05:47:18.196+00:00,True,52,52.0,,52.0,91524.62759199999,96426.80717599999,96426.80733099999,1854.3616794423076,0.016489999999999998,91524.62759199999,12679.718376173216,111.39124034999999,96.12116831372549,149.6449461050868,0.5392691257016179,2,64,,False,True,,219,56.69694568066818
45,2026-09-19T05:45:42.279+00:00,2026-09-19T05:47:16.299+00:00,2026-09-19T05:47:24.793+00:00,True,87,87.0,,87.0,94020.166999,102513.97896699999,102513.978741,1178.3215947241379,0.0,94020.166999,10071.216610168198,111.77144899999999,98.76525544186046,190.7410718932887,0.84866474676596,2,64,,False,True,,336,56.69694568066818
46,2026-09-19T05:45:42.722+00:00,2026-09-19T05:47:18.564+00:00,2026-09-19T05:47:18.664+00:00,True,2,2.0,,2.0,95841.926727,95942.203463,95942.203301,47971.1016505,100.276574,95841.926727,67699.57006517635,91054.84421935,100.276736,nan,0.020845883540409803,2,64,,False,True,,17,56.69694568066818
47,2026-09-19T05:45:43.292+00:00,2026-09-19T05:47:21.498+00:00,2026-09-19T05:47:27.763+00:00,True,64,64.0,,64.0,98206.184931,104470.881251,104470.881253,1632.357519578125,46.52693,98206.184931,12263.356757719666,113.88015375,99.43962412698413,18.40661137342132,0.6126108943815135,2,64,,False,True,,253,56.69694568066818
48,2026-09-19T05:45:43.789+00:00,2026-09-19T05:47:24.147+00:00,2026-09-19T05:47:33.250+00:00,True,93,93.0,,93.0,100358.36697300001,109461.71289300002,109461.71296,1177.0076662365593,46.235552000000006,100358.36697300001,10396.430972179543,113.4923378,98.94941217391305,16.95610455972442,0.8496121387293518,2,64,,False,True,,519,56.69694568066818
49,2026-09-19T05:45:44.394+00:00,2026-09-19T05:47:27.451+00:00,2026-09-19T05:47:31.042+00:00,True,38,38.0,,38.0,103057.17307199999,106648.46036799999,106648.460532,2806.5384350526315,48.490536,103057.17307199999,16702.34318741425,109.43118199999999,97.0618188108108,16.175410841426984,0.35631081657323155,2,64,,True,True,,145,56.69694568066818
50,2026-09-19T05:45:44.995+00:00,2026-09-19T05:47:30.937+00:00,2026-09-19T05:47:38.852+00:00,True,81,81.0,,81.0,105942.04995100001,113856.871071,113856.870911,1405.640381617284,44.924383,105942.04995100001,11760.358106406538,110.871418,98.935264,16.927263792157888,0.711419515028559,2,64,,True,True,,393,56.69694568066818
51,2026-09-19T05:45:45.543+00:00,2026-09-19T05:47:33.927+00:00,2026-09-19T05:47:36.133+00:00,True,23,23.0,,23.0,108383.82326100001,110589.57353300002,110589.573545,4808.242328043479,45.677561999999995,108383.82326100001,22578.689799109387,111.9308643,100.261376,17.319576569298167,0.2079762066641552,2,64,,True,True,,92,56.69694568066818
52,2026-09-19T05:45:46.122+00:00,2026-09-19T05:47:36.655+00:00,2026-09-19T05:47:40.851+00:00,True,46,46.0,,46.0,110532.721282,114729.42605,114729.425916,2494.1179546956523,47.480148,110532.721282,16283.425996862468,111.01501075,93.26010595555556,22.943006257798906,0.40094334630378814,2,64,,True,True,,176,56.69694568066818
53,2026-09-19T05:45:46.552+00:00,2026-09-19T05:47:39.067+00:00,2026-09-19T05:47:40.901+00:00,True,22,22.0,,22.0,112515.23559,114349.753094,114349.752969,5197.7160440454545,47.260338000000004,112515.23559,23969.71875858037,113.42686655,87.3579763809524,27.21277204106542,0.19239219503967914,2,64,,True,True,,100,56.69694568066818
54,2026-09-19T05:45:46.968+00:00,2026-09-19T05:47:41.765+00:00,2026-09-19T05:47:50.121+00:00,True,84,84.0,,84.0,114796.883212,123152.288012,123152.287971,1466.0986663214285,45.653681,114796.883212,12514.391076938104,110.4117215,100.66752771084337,14.213619087678639,0.6820823336373175,2,64,,True,True,,372,56.69694568066818
55,2026-09-19T05:45:47.551+00:00,2026-09-19T05:47:44.592+00:00,2026-09-19T05:47:48.588+00:00,True,41,41.0,,41.0,117040.524948,121037.02363600001,121037.02356500001,2952.1225259756097,46.59154,117040.524948,18263.06192374267,112.845953,99.91246720000001,15.670342238955746,0.3387393275903835,2,64,,True,True,,185,56.69694568066818
56,2026-09-19T05:45:47.888+00:00,2026-09-19T05:47:46.461+00:00,2026-09-19T05:47:47.278+00:00,True,9,9.0,,9.0,118573.28371999999,119390.382472,119390.38253199999,13265.598059111111,94.869876,118573.28371999999,39490.382494899546,71189.3730052,102.137344,5.795193759428682,0.07538295642959954,2,64,,True,True,,31,56.69694568066818
57,2026-09-19T05:45:48.275+00:00,2026-09-19T05:47:48.485+00:00,2026-09-19T05:47:53.600+00:00,True,52,52.0,,52.0,120210.250573,125324.390221,125324.39025299999,2410.0844279423077,49.737432999999996,120210.250573,16656.26310156066,110.37276259999999,100.277248,15.041684246866973,0.4149232237101012,2,64,,True,True,,176,56.69694568066818
58,2026-09-19T05:45:48.694+00:00,2026-09-19T05:47:51.019+00:00,2026-09-19T05:47:58.809+00:00,True,80,80.0,,80.0,122325.60445900001,130114.76925900001,130114.769146,1626.4346143250002,47.336158000000005,122325.60445900001,13665.403266926816,109.5284369,98.59702278481012,15.249668402843076,0.6148418081636525,2,64,,True,True,,376,56.69694568066818
59,2026-09-19T05:45:49.113+00:00,2026-09-19T05:47:53.091+00:00,2026-09-19T05:47:53.603+00:00,True,6,6.0,,6.0,123977.728947,124489.888179,124489.888169,20748.314694833334,94.190888,123977.728947,50571.87848410703,93010.20133675,102.43184640000001,5.168275214388336,0.04819668559242975,2,64,,True,True,,23,56.69694568066818
60,2026-09-19T05:45:49.609+00:00,2026-09-19T05:47:55.180+00:00,2026-09-19T05:47:56.298+00:00,True,13,13.0,,13.0,125571.72958,126689.192876,126689.192913,9745.32253176923,46.534699999999994,125571.72958,34801.509992682084,50293.2509176,93.12194133333333,21.082980413139026,0.10261333034715954,2,64,,True,True,,51,56.69694568066818
61,2026-09-19T05:45:50.231+00:00,2026-09-19T05:47:59.015+00:00,2026-09-19T05:47:59.532+00:00,True,6,6.0,,6.0,128783.93923,129301.11811000001,129301.11812,21550.186353333334,98.75817699999999,128783.93923,52533.595697313314,96615.62626724999,103.435776,4.393829855138225,0.04640331102856849,2,64,,True,True,,17,56.69694568066818
62,2026-09-19T05:45:50.664+00:00,2026-09-19T05:48:01.301+00:00,2026-09-19T05:48:07.403+00:00,True,63,63.0,,63.0,130637.576501,136738.83934900002,136738.839344,2170.4577673650792,44.715004,130637.576501,16446.40044309162,111.77794909999999,98.40746529032259,19.205194596447413,0.4607323003466807,2,64,,True,True,,212,56.69694568066818
63,2026-09-19T05:45:51.257+00:00,2026-09-19T05:48:04.120+00:00,2026-09-19T05:48:06.561+00:00,True,26,26.0,,26.0,132862.876884,135303.756244,135303.756424,5203.990631692308,47.998216,132862.876884,26037.414241702823,113.446842,97.63517440000001,21.036808353033532,0.19216022320262052,2,64,,True,True,,142,56.69694568066818
64,2026-09-19T05:45:51.603+00:00,2026-09-19T05:48:06.031+00:00,2026-09-19T05:48:14.705+00:00,True,86,86.0,,86.0,134427.75562,143101.96285200003,143101.962776,1663.9763113488373,49.503133,134427.75562,14484.719791092368,113.69337250000001,102.04949684705882,13.683438002409943,0.6009700935335427,2,64,,True,True,,441,56.69694568066818
65,2026-09-19T05:45:52.219+00:00,2026-09-19T05:48:08.141+00:00,2026-09-19T05:48:09.523+00:00,True,15,15.0,,15.0,135921.697456,137303.388848,137303.389005,9153.559266999999,52.288236,135921.697456,35069.35390827942,40853.0494642,98.69224228571429,18.967328200730837,0.10924712147203856,2,64,,True,True,,55,56.69694568066818
66,2026-09-19T05:45:52.517+00:00,2026-09-19T05:48:11.213+00:00,2026-09-19T05:48:14.599+00:00,True,34,34.0,,34.0,138695.98349900002,142081.717899,142081.71802600002,4178.874059588236,53.652564,138695.98349900002,23768.571462835574,110.43639055,102.59801212121212,9.758095271948953,0.2392989084223291,2,64,,True,True,,170,56.69694568066818
67,2026-09-19T05:45:52.859+00:00,2026-09-19T05:48:12.779+00:00,2026-09-19T05:48:21.033+00:00,True,83,83.0,,83.0,139920.63203600002,148174.88765200003,148174.88774300003,1785.2396113614461,44.023486,139920.63203600002,15347.244062079579,112.32523510000001,100.66165385365854,16.23414633615165,0.56014889780063,2,64,,True,True,,363,56.69694568066818
68,2026-09-19T05:45:53.365+00:00,2026-09-19T05:48:15.944+00:00,2026-09-19T05:48:18.826+00:00,True,29,29.0,,29.0,142579.018846,145460.421982,145460.42207499998,5015.876623275862,47.749047,142579.018846,26457.154361475623,113.7396618,102.90725485714285,15.953276154627899,0.1993669453508708,2,64,,True,True,,187,56.69694568066818
69,2026-09-19T05:45:53.721+00:00,2026-09-19T05:48:17.698+00:00,2026-09-19T05:48:18.287+00:00,True,7,7.0,,7.0,143976.918396,144565.945212,144565.94516499998,20652.277880714286,53.613664,143976.918396,54381.058580041994,100816.98410490001,98.171136,21.95054147939302,0.048420808854635775,2,64,,True,True,,19,56.69694568066818
70,2026-09-19T05:45:54.172+00:00,2026-09-19T05:48:20.357+00:00,2026-09-19T05:48:24.463+00:00,True,44,44.0,,44.0,146184.79478099998,150291.33609299996,150291.33618899997,3415.7121861136357,44.261236,146184.79478099998,22023.799548890394,111.97767329999999,95.50096074418605,21.070814687367925,0.29276471381406105,2,64,,True,True,,198,56.69694568066818
71,2026-09-19T05:45:54.518+00:00,2026-09-19T05:48:22.168+00:00,2026-09-19T05:48:25.458+00:00,True,37,37.0,,37.0,147650.012952,150939.53564,150939.53554799999,4079.4469067027026,46.029211000000004,147650.012952,24258.50268648774,112.376335,91.37563022222223,24.615739036377136,0.24513126957172615,2,64,,True,True,,133,56.69694568066818
72,2026-09-19T05:45:54.979+00:00,2026-09-19T05:48:24.931+00:00,2026-09-19T05:48:33.305+00:00,True,84,84.0,,84.0,149951.93173500002,158325.215831,158325.21561200003,1884.8239953809525,46.58253,149951.93173500002,16350.097478058688,112.17940565,100.88294091566264,15.880242119764336,0.530553516438364,2,64,,True,True,,344,56.69694568066818
73,2026-09-19T05:45:55.603+00:00,2026-09-19T05:48:28.271+00:00,2026-09-19T05:48:35.845+00:00,True,77,77.0,,77.0,152668.24608399998,160242.315076,160242.31497399998,2081.069025636363,46.256631,152668.24608399998,17386.812866753415,110.8038882,99.6588025263158,17.51938028888546,0.48052226381951796,2,64,,True,True,,375,56.69694568066818
74,2026-09-19T05:45:56.191+00:00,2026-09-19T05:48:31.444+00:00,2026-09-19T05:48:35.421+00:00,True,40,40.0,,40.0,155252.490787,159229.64662699998,159229.646464,3980.7411615999995,45.594242,155252.490787,24531.455049514567,113.82108034999999,101.97835487179486,15.989709628592006,0.2512095005379315,2,64,,True,True,,183,56.69694568066818
75,2026-09-19T05:45:56.746+00:00,2026-09-19T05:48:34.153+00:00,2026-09-19T05:48:39.233+00:00,True,52,52.0,,52.0,157406.77049599998,162487.66291199997,162487.66291599997,3124.762748384615,47.375648,157406.77049599998,21814.585252166933,114.3908725,99.62534149019608,20.213083852577846,0.3200242964178896,2,64,,True,True,,249,56.69694568066818
76,2026-09-19T05:45:57.295+00:00,2026-09-19T05:48:37.123+00:00,2026-09-19T05:48:40.789+00:00,True,37,37.0,,37.0,159827.97550200002,163494.37371,163494.373687,4418.766856405406,47.329267,159827.97550200002,26258.820273133446,113.872863,101.84439466666667,18.111891295017955,0.2263074817830072,2,64,,True,True,,167,56.69694568066818
77,2026-09-19T05:45:57.670+00:00,2026-09-19T05:48:39.503+00:00,2026-09-19T05:48:48.753+00:00,True,93,93.0,,93.0,161833.061765,171083.212677,171083.21287299998,1839.6044394946236,42.38197,161833.061765,16770.887572456762,112.07335179999998,100.54511860869566,15.240629627696826,0.5435951227756123,2,64,,True,True,,380,56.69694568066818
78,2026-09-19T05:45:58.114+00:00,2026-09-19T05:48:41.751+00:00,2026-09-19T05:48:45.585+00:00,True,39,39.0,,39.0,163637.333782,167470.673686,167470.673573,4294.119835205128,50.882771,163637.333782,26186.79369228291,110.35901989999998,100.87736589473684,12.37284483641041,0.2328765935051008,2,64,,True,True,,172,56.69694568066818
79,2026-09-19T05:45:58.696+00:00,2026-09-19T05:48:44.655+00:00,2026-09-19T05:48:47.818+00:00,True,34,34.0,,34.0,165958.923106,169122.489442,169122.489584,4974.190870117647,48.704755,165958.923106,28445.28628196031,114.69759174999999,95.86564654545455,19.67917439948429,0.20103772190309552,2,64,,True,True,,150,56.69694568066818
80,2026-09-19T05:45:59.171+00:00,2026-09-19T05:48:47.666+00:00,2026-09-19T05:48:51.467+00:00,True,39,39.0,,39.0,168494.206891,172296.057003,172296.056986,4417.847615025641,48.718705,168494.206891,26964.649931132855,110.631702,100.04868715789473,15.371983969668912,0.22635457060587835,2,64,,True,True,,130,56.69694568066818
81,2026-09-19T05:45:59.757+00:00,2026-09-19T05:48:50.640+00:00,2026-09-19T05:48:58.370+00:00,True,77,77.0,,77.0,170882.942357,178612.921493,178612.921291,2319.648328454545,49.730313,170882.942357,19462.332461000708,112.3092278,101.71025178947369,13.761852085817912,0.43109982948807934,2,64,,True,True,,270,56.69694568066818
82,2026-09-19T05:46:00.342+00:00,2026-09-19T05:48:53.634+00:00,2026-09-19T05:49:01.780+00:00,True,83,83.0,,83.0,173292.039097,181437.895609,181437.895633,2185.9987425662653,48.060767,173292.039097,19010.3758261935,111.3573979,99.33971356097561,16.811453181991755,0.4574568048279484,2,64,,True,True,,317,56.69694568066818
83,2026-09-19T05:46:00.881+00:00,2026-09-19T05:48:56.496+00:00,2026-09-19T05:49:00.587+00:00,True,42,42.0,,42.0,175614.971518,179705.806974,179705.807015,4278.709690833333,43.975196000000004,175614.971518,27082.588013580036,114.13690985,99.77647453658535,17.39364972881185,0.23371531898285622,2,64,,True,True,,193,56.69694568066818
84,2026-09-19T05:46:01.225+00:00,2026-09-19T05:48:58.156+00:00,2026-09-19T05:49:03.889+00:00,True,59,59.0,,59.0,176931.380924,182663.934396,182663.934568,3095.998890983051,43.973375999999995,176931.380924,23021.64299542453,111.9158149,98.8371288275862,17.70820954560507,0.32299753202563225,2,64,,True,True,,284,56.69694568066818
85,2026-09-19T05:46:01.591+00:00,2026-09-19T05:49:00.122+00:00,2026-09-19T05:49:00.539+00:00,True,5,5.0,,5.0,178530.565973,178947.739221,178947.739212,35789.547842399996,102.592659,178530.565973,79794.65494777913,142845.877404,104.293312,1.9782431251134596,0.02794111857331158,2,64,,True,True,,11,56.69694568066818
86,2026-09-19T05:46:02.010+00:00,2026-09-19T05:49:02.931+00:00,2026-09-19T05:49:12.873+00:00,True,99,99.0,,99.0,180921.00794100002,190863.77146100003,190863.77151700002,1927.9168840101013,47.707775999999996,180921.00794100002,18173.056199905415,112.8429947,101.45677061224491,16.632405579221366,0.5186945602205554,2,64,,True,True,,366,56.69694568066818
87,2026-09-19T05:46:02.528+00:00,2026-09-19T05:49:06.117+00:00,2026-09-19T05:49:08.043+00:00,True,20,20.0,,20.0,183589.24999,185515.779526,185515.779397,9275.78896985,53.550665,183589.24999,41029.134794456295,9287.565309900001,101.39629136842105,17.164402230876746,0.10780754096013168,2,64,,True,True,,71,56.69694568066818
88,2026-09-19T05:46:03.091+00:00,2026-09-19T05:49:08.750+00:00,2026-09-19T05:49:17.769+00:00,True,90,90.0,,90.0,185658.89768700002,194677.42338300002,194677.42326,2163.082480666667,47.557478,185658.89768700002,19559.491329763405,113.84452150000001,101.33174939325842,16.013608202380954,0.46230322158588394,2,64,,True,True,,460,56.69694568066818
89,2026-09-19T05:46:03.676+00:00,2026-09-19T05:49:11.837+00:00,2026-09-19T05:49:12.664+00:00,True,9,9.0,,9.0,188161.327137,188988.116001,188988.116052,20998.67956133333,97.30765099999999,188161.327137,62685.99290035544,112939.84202499999,103.348608,2.919302093761844,0.047622042012167465,2,64,,True,True,,22,56.69694568066818
90,2026-09-19T05:46:04.286+00:00,2026-09-19T05:49:15.140+00:00,2026-09-19T05:49:25.120+00:00,True,100,100.0,,100.0,190853.798687,200834.101535,200834.10148800001,2008.34101488,44.782824999999995,190853.798687,19075.30543789344,112.25791835,100.81113987878787,16.048911474634618,0.49792340661116596,2,64,,True,True,,531,56.69694568066818
91,2026-09-19T05:46:04.744+00:00,2026-09-19T05:49:17.657+00:00,2026-09-19T05:49:21.018+00:00,True,36,36.0,,36.0,192913.397391,196273.87611100002,196273.876266,5452.0521185,48.328256,192913.397391,32136.23740854972,113.14244125,96.01367771428572,21.19603073907659,0.18341717559824766,2,64,,True,True,,116,56.69694568066818
92,2026-09-19T05:46:05.334+00:00,2026-09-19T05:49:20.802+00:00,2026-09-19T05:49:25.880+00:00,True,50,50.0,,50.0,195468.133748,200546.01611599998,200546.01595,4010.920319,48.659405,195468.133748,27628.715475688852,111.07785700000001,103.63025240816326,11.708382388662358,0.24931933811678894,2,64,,True,True,,178,56.69694568066818
93,2026-09-19T05:46:05.913+00:00,2026-09-19T05:49:24.278+00:00,2026-09-19T05:49:34.495+00:00,True,99,99.0,,99.0,198364.58703999998,208582.07593599998,208582.075762,2106.889654161616,46.80407,198364.58703999998,19925.917022080957,114.22475979999999,104.2600907755102,13.365762320814978,0.47463330468710335,2,64,,True,True,,462,56.69694568066818
94,2026-09-19T05:46:06.526+00:00,2026-09-19T05:49:27.633+00:00,2026-09-19T05:49:31.140+00:00,True,35,35.0,,35.0,201106.441715,204613.571571,204613.571784,5846.102050971428,47.992596,201106.441715,33975.76031650471,114.5156612,103.15087811764705,14.55157657888737,0.17105414724582507,2,64,,True,True,,143,56.69694568066818
95,2026-09-19T05:46:07.361+00:00,2026-09-19T05:49:30.012+00:00,2026-09-19T05:49:40.000+00:00,True,98,98.0,,98.0,202651.15039199998,212638.99218399997,212638.992229,2169.7856349897957,44.895353,202651.15039199998,20460.461181882063,114.6023195,102.96744115463918,14.294249374359048,0.4608750210553999,2,64,,True,True,,324,56.69694568066818
96,2026-09-19T05:46:07.378+00:00,2026-09-19T05:49:32.164+00:00,2026-09-19T05:49:37.124+00:00,True,48,48.0,,48.0,204786.567638,209745.83778200002,209745.83793,4369.704956875,44.766364,204786.567638,29543.167854073745,116.7508535,105.51638604255318,13.105406902301311,0.22884840294132056,2,64,,True,True,,187,56.69694568066818
97,2026-09-19T05:46:07.879+00:00,2026-09-19T05:49:35.582+00:00,2026-09-19T05:49:39.997+00:00,True,45,45.0,,45.0,207703.648074,212118.110282,212118.110272,4713.735783822222,50.37622,207703.648074,30947.678718709732,112.54910980000001,100.32868654545454,13.978143917604289,0.2121459593439468,2,64,,True,True,,199,56.69694568066818
98,2026-09-19T05:46:08.257+00:00,2026-09-19T05:49:37.749+00:00,2026-09-19T05:49:41.149+00:00,True,36,36.0,,36.0,209491.91219600002,212891.640324,212891.640321,5913.656675583334,45.540665000000004,209491.91219600002,34899.13361769121,108.6834525,97.13508937142856,17.163415661311955,0.16910011095415284,2,64,,True,True,,175,56.69694568066818
99,2026-09-19T05:46:08.682+00:00,2026-09-19T05:49:40.209+00:00,2026-09-19T05:49:41.046+00:00,True,11,11.0,,11.0,211526.972805,212364.171909,212364.171837,19305.833803363636,52.400538999999995,211526.972805,63752.54422190076,105817.86827699999,83.7199104,25.907274316752435,0.05179781458010536,2,64,,True,True,,38,56.69694568066818
100,2026-09-19T05:46:09.138+00:00,2026-09-19T05:49:42.670+00:00,2026-09-19T05:49:46.915+00:00,True,44,44.0,,44.0,213532.492549,217777.39725299997,217777.39734499998,4949.4863032954545,48.254608999999995,213532.492549,32176.3575847416,115.13515665000001,98.71871404651164,19.07298034856573,0.20204116935461208,2,64,,True,True,,140,56.69694568066818
101,2026-09-19T05:46:09.552+00:00,2026-09-19T05:49:44.634+00:00,2026-09-19T05:49:53.598+00:00,True,94,94.0,,94.0,215081.72883399998,224046.302018,224046.30211299998,2383.471299074468,45.486515,215081.72883399998,22174.052194357922,111.7021733,96.39326004301076,18.84283800562739,0.41955613260891045,2,64,,True,True,,434,56.69694568066818
102,2026-09-19T05:46:10.171+00:00,2026-09-19T05:49:47.651+00:00,2026-09-19T05:49:48.631+00:00,True,11,11.0,,11.0,217480.41561700002,218460.743553,218460.74359000003,19860.06759909091,45.593765,217480.41561700002,65543.25700025688,108795.8277105,98.03279359999999,18.962577787278438,0.05035229589123562,2,64,,True,True,,49,56.69694568066818
103,2026-09-19T05:46:10.780+00:00,2026-09-19T05:49:50.639+00:00,2026-09-19T05:49:58.654+00:00,True,82,82.0,,82.0,219858.776167,227873.709415,227873.709424,2778.947675902439,48.288899,219858.776167,24268.418617775496,110.75604600000001,98.94979318518519,16.620903277908194,0.35984844504665037,2,64,,True,True,,388,56.69694568066818
104,2026-09-19T05:46:11.402+00:00,2026-09-19T05:49:54.376+00:00,2026-09-19T05:49:57.815+00:00,True,35,35.0,,35.0,222974.60193,226413.74689,226413.746821,6468.964194885714,45.090816,222974.60193,37672.49280740835,112.4301988,101.15132235294116,17.16984277451667,0.15458425330068085,2,64,,True,True,,129,56.69694568066818
105,2026-09-19T05:46:11.804+00:00,2026-09-19T05:49:56.597+00:00,2026-09-19T05:50:06.316+00:00,True,100,100.0,,100.0,224792.38590700002,234511.465331,234511.46524900003,2345.11465249,46.111724,224792.38590700002,22469.429112108643,112.60422989999999,98.17251943434343,18.785261138746478,0.42641838367627577,2,64,,True,True,,399,56.69694568066818
106,2026-09-19T05:46:12.192+00:00,2026-09-19T05:49:58.496+00:00,2026-09-19T05:50:01.420+00:00,True,30,30.0,,30.0,226304.670174,229227.940062,229227.940113,7640.9313371,48.394868,226304.670174,41298.990644424994,115.23084790000001,100.80240993103448,17.682670185962188,0.13087409847109302,2,64,,True,True,,110,56.69694568066818
107,2026-09-19T05:46:12.532+00:00,2026-09-19T05:50:00.512+00:00,2026-09-19T05:50:09.496+00:00,True,95,95.0,,95.0,227979.196188,236963.512348,236963.512431,2494.352762431579,43.31208,227979.196188,23380.37547661896,113.0142384,95.5778314893617,21.249686548590066,0.40090560381500784,2,64,,True,True,,417,56.69694568066818
108,2026-09-19T05:46:12.881+00:00,2026-09-19T05:50:02.698+00:00,2026-09-19T05:50:04.832+00:00,True,22,22.0,,22.0,229817.401295,231951.624911,231951.62505099998,10543.255684136364,50.493104,229817.401295,48975.568700928816,114.0304568,101.629696,12.984428531533792,0.09484736314497222,2,64,,True,True,,103,56.69694568066818
109,2026-09-19T05:46:13.443+00:00,2026-09-19T05:50:05.763+00:00,2026-09-19T05:50:12.786+00:00,True,74,74.0,,74.0,232319.844539,239342.612667,239342.612709,3234.359631202703,45.645964,232319.844539,26995.45707382716,109.49180165,96.20230312328768,19.580000289789012,0.3091802131489097,2,64,,True,True,,335,56.69694568066818
110,2026-09-19T05:46:13.878+00:00,2026-09-19T05:50:08.833+00:00,2026-09-19T05:50:09.757+00:00,True,11,11.0,,11.0,234954.963923,235879.110355,235879.110294,21443.555481272728,50.033525000000004,234954.963923,70813.72622161455,117532.82219349999,92.4146432,22.424339721153494,0.04663405751973928,2,64,,True,True,,40,56.69694568066818
111,2026-09-19T05:46:14.286+00:00,2026-09-19T05:50:10.518+00:00,2026-09-19T05:50:11.828+00:00,True,14,14.0,,14.0,236232.539842,237542.018498,237542.018488,16967.28703485714,49.677165,236232.539842,63108.88281488248,82754.03757464999,100.7291273846154,15.810199749901356,0.05893694129789452,2,64,,True,True,,52,56.69694568066818
112,2026-09-19T05:46:14.843+00:00,2026-09-19T05:50:13.876+00:00,2026-09-19T05:50:22.391+00:00,True,88,88.0,,88.0,239033.64161000002,247548.45325800002,247548.45324400003,2813.0506050454546,43.174011,239033.64161000002,25470.64628686424,113.133865,97.87139825287358,19.791311566126907,0.3554859618059686,2,64,,True,True,,355,56.69694568066818
113,2026-09-19T05:46:15.422+00:00,2026-09-19T05:50:17.020+00:00,2026-09-19T05:50:18.626+00:00,True,18,18.0,,18.0,241597.78576,243203.762848,243203.762882,13511.32016011111,52.218968999999994,241597.78576,56922.88211819755,36335.27550785,94.46924047058823,23.38772312676349,0.0740120127633462,2,64,,True,True,,54,56.69694568066818
114,2026-09-19T05:46:15.794+00:00,2026-09-19T05:50:19.524+00:00,2026-09-19T05:50:25.090+00:00,True,58,58.0,,58.0,243729.81484,249295.57484000002,249295.57499700002,4298.199568913793,46.204585,243729.81484,31990.474759085602,109.28360405,97.64491228070176,15.303853293633766,0.23265555370256724,2,64,,True,True,,223,56.69694568066818
115,2026-09-19T05:46:16.217+00:00,2026-09-19T05:50:21.481+00:00,2026-09-19T05:50:26.807+00:00,True,57,57.0,,57.0,245264.685988,250589.76451600002,250589.764388,4396.311655929825,45.33635700000001,245264.685988,32473.511470283447,108.673596,95.090688,18.67798259975807,0.2274634006304778,2,64,,True,True,,190,56.69694568066818
116,2026-09-19T05:46:16.576+00:00,2026-09-19T05:50:22.895+00:00,2026-09-19T05:50:22.895+00:00,True,1,1.0,,1.0,246318.602572,246318.602572,246318.602572,246318.602572,246318.602572,246318.602572,nan,246318.602572,nan,nan,0.004059782694275783,2,64,,True,True,,3,56.69694568066818
117,2026-09-19T05:46:17.036+00:00,2026-09-19T05:50:25.297+00:00,2026-09-19T05:50:32.075+00:00,True,69,69.0,,69.0,248261.360062,255039.73855799998,255039.73860399998,3696.2280957101448,49.116397,248261.360062,29875.15927109108,110.61140139999999,99.68203670588235,15.494403769819355,0.27054607407507336,2,64,,True,True,,265,56.69694568066818
118,2026-09-19T05:46:17.618+00:00,2026-09-19T05:50:28.722+00:00,2026-09-19T05:50:33.497+00:00,True,48,48.0,,48.0,251104.251331,255878.336451,255878.336409,5330.7986751875005,47.809779999999996,251104.251331,36229.11750010047,110.5953355,101.57627914893617,12.161703877230503,0.18758915141373003,2,64,,True,True,,242,56.69694568066818
119,2026-09-19T05:46:18.060+00:00,2026-09-19T05:50:31.138+00:00,2026-09-19T05:50:38.408+00:00,True,74,74.0,,74.0,253077.879938,260347.883906,260347.884019,3518.2146489054053,46.352993999999995,253077.879938,29408.13352554967,111.7084556,99.58909545205479,16.493521178450234,0.28423507381653274,2,64,,True,True,,224,56.69694568066818
120,2026-09-19T05:46:18.652+00:00,2026-09-19T05:50:33.805+00:00,2026-09-19T05:50:39.218+00:00,True,55,55.0,,55.0,255153.26392599999,260566.31506199998,260566.31499199997,4737.5693634909085,49.427496,255153.26392599999,34391.34700332288,111.68352999999999,100.2416877037037,17.759175629624863,0.2110787036571213,2,64,,True,True,,259,56.69694568066818
121,2026-09-19T05:46:19.014+00:00,2026-09-19T05:50:36.061+00:00,2026-09-19T05:50:41.135+00:00,True,52,52.0,,52.0,257046.907356,262120.996316,262120.996323,5040.788390826923,49.497916,257046.907356,35632.20042081242,112.36350205,99.49194039215686,19.032197932739784,0.19838166621841843,2,64,,True,True,,176,56.69694568066818
122,2026-09-19T05:46:19.403+00:00,2026-09-19T05:50:37.968+00:00,2026-09-19T05:50:44.311+00:00,True,64,64.0,,64.0,258565.10541,264907.38509,264907.38494899997,4139.1778898281245,46.403493000000005,258565.10541,32308.059451518224,113.51154565,100.67110603174604,18.41220744358722,0.241593868658122,2,64,,True,True,,249,56.69694568066818
123,2026-09-19T05:46:19.769+00:00,2026-09-19T05:50:40.072+00:00,2026-09-19T05:50:45.381+00:00,True,54,54.0,,54.0,260303.087249,265611.507601,265611.507486,4918.731620111112,44.916246,260303.087249,35409.13732826819,111.8329421,100.15887456603772,16.48971902906806,0.203304444478808,2,64,,True,True,,239,56.69694568066818
124,2026-09-19T05:46:20.393+00:00,2026-09-19T05:50:43.470+00:00,2026-09-19T05:50:50.737+00:00,True,76,76.0,,76.0,263076.598579,270343.98110699997,270343.981147,3557.1576466710526,45.784025,263076.598579,30165.846163809452,114.09884975000001,96.89843370666667,18.690343151444495,0.2811233292074655,2,64,,True,True,,268,56.69694568066818
125,2026-09-19T05:46:20.930+00:00,2026-09-19T05:50:46.197+00:00,2026-09-19T05:50:50.536+00:00,True,47,47.0,,47.0,265267.203325,269606.112765,269606.112609,5736.300268276596,47.469291,265267.203325,38679.44588623771,110.84068660000001,94.32411826086957,21.989647412724697,0.17432839158571736,2,64,,True,True,,151,56.69694568066818
126,2026-09-19T05:46:21.519+00:00,2026-09-19T05:50:49.475+00:00,2026-09-19T05:50:58.022+00:00,True,89,89.0,,89.0,267955.286938,276502.756506,276502.756443,3106.772544303371,44.715947,267955.286938,28392.913752287568,112.107685,97.130336,18.468321342820417,0.32187744210813585,2,64,,True,True,,401,56.69694568066818
127,2026-09-19T05:46:22.755+00:00,2026-09-19T05:50:54.138+00:00,2026-09-19T05:51:01.133+00:00,True,72,72.0,,72.0,271383.295615,278377.923711,278377.923864,3866.3600536666668,40.445878,271383.295615,31971.223115109773,111.60943404999998,98.51588867605633,18.398190388457614,0.25864119913024175,2,64,,True,True,,179,56.69694568066818
128,2026-09-19T05:46:22.826+00:00,2026-09-19T05:50:54.543+00:00,2026-09-19T05:51:02.764+00:00,True,84,84.0,,84.0,271717.29240100004,279938.91953700007,279938.9196140001,3332.606185880953,42.926321,271717.29240100004,29635.984917320224,110.2667538,99.05574862650603,18.39724298127075,0.3000654576324374,2,64,,True,True,,313,56.69694568066818
129,2026-09-19T05:46:22.870+00:00,2026-09-19T05:50:56.221+00:00,2026-09-19T05:50:56.595+00:00,True,5,5.0,,5.0,273350.784194,273724.684226,273724.684115,54744.936823000004,48.080619,273350.784194,122204.38658730387,218702.82497020002,93.475008,30.406833583550043,0.018266529429518914,2,64,,True,True,,22,56.69694568066818
130,2026-09-19T05:46:23.271+00:00,2026-09-19T05:50:58.854+00:00,2026-09-19T05:51:01.344+00:00,True,27,27.0,,27.0,275582.60939600004,278073.176564,278073.17660000006,10299.006540740742,44.843417,275582.60939600004,53017.46675188933,111.25169800000002,95.79104492307692,20.581063731165457,0.09709674386298027,2,64,,True,True,,131,56.69694568066818
131,2026-09-19T05:46:23.817+00:00,2026-09-19T05:51:01.658+00:00,2026-09-19T05:51:03.086+00:00,True,15,15.0,,15.0,277840.38817299996,279268.22510099993,279268.22518699995,18617.88167913333,49.803886,277840.38817299996,71711.74806813251,83433.56796399999,101.988352,15.699643519896407,0.05371180339107721,2,64,,True,True,,53,56.69694568066818
132,2026-09-19T05:46:24.354+00:00,2026-09-19T05:51:04.580+00:00,2026-09-19T05:51:13.338+00:00,True,92,92.0,,92.0,280226.18545700004,288983.87940900004,288983.87931100006,3141.129122945653,45.550926,280226.18545700004,29205.57267737602,111.1704295,96.23839507692307,20.027711522858695,0.31835685847995704,2,64,,True,True,,92,56.69694568066818
133,2026-09-19T05:46:24.695+00:00,2026-09-19T05:51:06.426+00:00,2026-09-19T05:51:07.156+00:00,True,9,9.0,,9.0,281731.045716,282461.37813200004,282461.37826,31384.597584444447,48.264729,281731.045716,93879.92136841458,169083.2437756,91.291552,26.687341935226318,0.03186276318383646,2,64,,True,True,,35,56.69694568066818
134,2026-09-19T05:46:25.040+00:00,2026-09-19T05:51:08.384+00:00,2026-09-19T05:51:17.413+00:00,True,92,92.0,,92.0,283343.99850700004,292372.68253900006,292372.682618,3177.9639415000006,46.051334000000004,283343.99850700004,29530.314504075606,109.27408355,99.21630804395605,16.58607153017193,0.3146668806437755,2,64,,True,True,,409,56.69694568066818
135,2026-09-19T05:46:25.513+00:00,2026-09-19T05:51:10.881+00:00,2026-09-19T05:51:15.524+00:00,True,48,48.0,,48.0,285367.39297000004,290010.56762600003,290010.567655,6041.886826145835,44.882947,285367.39297000004,41174.979738940456,110.57841135000001,98.79095012765957,17.63742609342661,0.16551121013597406,2,64,,True,True,,198,56.69694568066818
136,2026-09-19T05:46:25.970+00:00,2026-09-19T05:51:13.340+00:00,2026-09-19T05:51:23.016+00:00,True,98,98.0,,98.0,287369.861186,297045.892162,297045.892182,3031.080532469388,44.772527000000004,287369.861186,29018.668406573215,112.82094885000001,99.7528966597938,17.66340806594785,0.32991535175498643,2,64,,True,True,,427,56.69694568066818
137,2026-09-19T05:46:26.349+00:00,2026-09-19T05:51:15.526+00:00,2026-09-19T05:51:25.346+00:00,True,99,99.0,,99.0,289177.573327,298996.924623,298996.924514,3020.1709546868688,46.294633999999995,289177.573327,29053.375248338318,114.320745,100.19746220408165,18.48462009445948,0.33110708454552623,2,64,,True,True,,397,56.69694568066818
138,2026-09-19T05:46:26.946+00:00,2026-09-19T05:51:18.524+00:00,2026-09-19T05:51:19.673+00:00,True,12,12.0,,12.0,291577.58743,292727.08784600004,292727.08792300004,24393.923993583336,99.230533,291577.58743,84141.03287792469,131272.75990540002,104.50003781818181,5.202970056022499,0.040993814710830745,2,64,,True,True,,44,56.69694568066818
139,2026-09-19T05:46:27.476+00:00,2026-09-19T05:51:21.039+00:00,2026-09-19T05:51:27.571+00:00,False,67,66.0,,66.0,293562.94884100003,300095.15824900003,300095.15824200003,4479.032212567165,0.022,293562.94884100003,35852.33759241411,115.73095359999999,98.9728698181818,22.1019870240693,0.2199302394117181,2,64,,True,False,Request timeout: 300.0s exceeded,295,56.69694568066818
140,2026-09-19T05:46:27.922+00:00,2026-09-19T05:51:24.046+00:00,2026-09-19T05:51:27.994+00:00,False,41,40.0,,40.0,296124.446476,300071.812108,300071.812158,7318.824686780488,0.026629999999999997,296124.446476,46231.46288296729,114.622697,98.6841408,23.780796414138216,0.1333014244790292,2,64,,True,False,Request timeout: 300.0s exceeded,132,56.69694568066818
141,2026-09-19T05:46:28.533+00:00,2026-09-19T05:51:27.256+00:00,2026-09-19T05:51:28.623+00:00,False,15,14.0,,14.0,298723.16147399996,300089.89478599996,300089.89487799996,20005.992991866664,0.05911,298723.16147399996,77104.78708809239,89694.0193991,97.623808,28.275708843760707,0.046652687222219456,2,64,,True,False,Request timeout: 300.0s exceeded,52,56.69694568066818
142,2026-09-19T05:46:29.024+00:00,2026-09-19T05:51:29.171+00:00,2026-09-19T05:51:29.602+00:00,False,6,5.0,,5.0,300146.900403,300577.802163,300577.802134,50096.300355666666,0.03857,300146.900403,122499.28360012893,225138.03194325,86.180352,48.249016494065536,0.016634628252716267,2,64,,True,False,Request timeout: 300.0s exceeded,29,56.69694568066818
143,2026-09-19T05:46:29.387+00:00,2026-09-19T05:51:29.622+00:00,2026-09-19T05:51:29.622+00:00,False,1,0.0,,0.0,300235.10502899997,300235.10502899997,300235.10502899997,300235.10502899997,300235.10502899997,300235.10502899997,nan,300235.10502899997,nan,nan,0.0,2,64,,True,False,"HTTPConnectionPool(host='gpu03', port=9002): Read timed out.",0,56.69694568066818
144,2026-09-19T05:46:29.818+00:00,2026-09-19T05:51:29.832+00:00,2026-09-19T05:51:29.832+00:00,False,1,0.0,,0.0,300013.59749,300013.59749,300013.59749,300013.59749,300013.59749,300013.59749,nan,300013.59749,nan,nan,0.0,2,64,,True,False,"HTTPConnectionPool(host='gpu03', port=9002): Read timed out.",0,56.69694568066818
145,2026-09-19T05:46:30.228+00:00,2026-09-19T05:51:30.319+00:00,2026-09-19T05:51:30.319+00:00,False,1,0.0,,0.0,300091.41981199995,300091.41981199995,300091.41981199995,300091.41981199995,300091.41981199995,300091.41981199995,nan,300091.41981199995,nan,nan,0.0,2,64,,True,False,TTFT timeout: 300.0s exceeded (TTFT: 300.075s),0,56.69694568066818
146,2026-09-19T05:46:30.614+00:00,2026-09-19T05:51:30.719+00:00,2026-09-19T05:51:30.719+00:00,False,1,0.0,,0.0,300105.03229,300105.03229,300105.03229,300105.03229,300105.03229,300105.03229,nan,300105.03229,nan,nan,0.0,2,64,,True,False,"HTTPConnectionPool(host='gpu03', port=9002): Read timed out.",0,56.69694568066818
147,2026-09-19T05:46:31.009+00:00,2026-09-19T05:51:30.986+00:00,2026-09-19T05:51:31.097+00:00,False,3,2.0,,2.0,299976.73754500004,300087.70100100007,300087.700971,100029.23365700002,0.02693,299976.73754500004,173159.62667005925,269990.15744010004,55.481728,78.42463610226653,0.006664718325105016,2,64,,True,False,Request timeout: 300.0s exceeded,8,56.69694568066818
148,2026-09-19T05:46:31.374+00:00,2026-09-19T05:51:31.099+00:00,2026-09-19T05:51:31.411+00:00,False,6,5.0,,5.0,299724.56019199995,300037.13619199995,300037.13632399996,50006.189387333325,0.0386,299724.56019199995,122336.52416026856,224820.29640974995,62.5152,44.88120940601062,0.01666460380024557,2,64,,True,False,Request timeout: 300.0s exceeded,18,56.69694568066818
149,2026-09-19T05:46:31.731+00:00,2026-09-19T05:51:31.532+00:00,2026-09-19T05:51:31.841+00:00,False,5,4.0,,4.0,299800.410627,300109.128707,300109.128738,60021.82574759999,0.088619,299800.410627,134040.311250422,239861.74998039997,77.17952,51.4845839092289,0.013328484932243586,2,64,,True,False,Request timeout: 300.0s exceeded,13,56.69694568066818
150,2026-09-19T05:46:32.128+00:00,2026-09-19T05:51:32.227+00:00,2026-09-19T05:51:32.227+00:00,False,1,0.0,,0.0,300099.85967000003,300099.85967000003,300099.85967000003,300099.85967000003,300099.85967000003,300099.85967000003,nan,300099.85967000003,nan,nan,0.0,2,64,,True,False,"HTTPConnectionPool(host='gpu03', port=9002): Read timed out.",0,56.69694568066818
151,2026-09-19T05:46:32.548+00:00,2026-09-19T05:51:32.528+00:00,2026-09-19T05:51:32.668+00:00,False,3,2.0,,2.0,299980.11272699997,300119.795031,300119.79509599996,100039.93169866665,0.04217,299980.11272699997,173153.29007597416,269996.0654742,69.841152,98.71093002795814,0.006664005617468238,2,64,,True,False,Request timeout: 300.0s exceeded,8,56.69694568066818
152,2026-09-19T05:46:32.946+00:00,2026-09-19T05:51:32.910+00:00,2026-09-19T05:51:33.023+00:00,False,3,2.0,,2.0,299964.340602,300077.23199400003,300077.232073,100025.74402433334,0.04306,299964.340602,173151.91301959968,269979.19138290006,56.445696,79.76544632389823,0.006664950841855238,2,64,,True,False,Request timeout: 300.0s exceeded,5,56.69694568066818
153,2026-09-19T05:46:33.317+00:00,2026-09-19T05:51:33.330+00:00,2026-09-19T05:51:33.330+00:00,False,1,0.0,,0.0,300012.83545,300012.83545,300012.83545,300012.83545,300012.83545,300012.83545,nan,300012.83545,nan,nan,0.0,2,64,,True,False,TTFT timeout: 300.0s exceeded (TTFT: 300.008s),0,56.69694568066818
154,2026-09-19T05:46:33.840+00:00,2026-09-19T05:51:33.932+00:00,2026-09-19T05:51:33.932+00:00,False,1,0.0,,0.0,300092.181245,300092.181245,300092.181245,300092.181245,300092.181245,300092.181245,nan,300092.181245,nan,nan,0.0,2,64,,True,False,"HTTPConnectionPool(host='gpu03', port=9002): Read timed out.",0,56.69694568066818
155,2026-09-19T05:46:34.423+00:00,2026-09-19T05:51:34.276+00:00,2026-09-19T05:51:34.549+00:00,False,4,3.0,,3.0,299852.69851300004,300125.13934500003,300125.13953800005,75031.28488450001,0.03066,299852.69851300004,149880.95620755947,254895.87421060004,90.81361066666668,78.73973422411201,0.009995830427758463,2,64,,True,False,Request timeout: 300.0s exceeded,8,56.69694568066818
156,2026-09-19T05:46:34.903+00:00,2026-09-19T05:51:34.657+00:00,2026-09-19T05:51:35.006+00:00,False,6,5.0,,5.0,299754.081964,300103.490988,300103.490941,50017.24849016667,0.079589,299754.081964,122345.56896587316,224841.67706050002,69.8818048,44.82089748670996,0.016660919150053907,2,64,,True,False,Request timeout: 300.0s exceeded,16,56.69694568066818
157,2026-09-19T05:46:35.508+00:00,2026-09-19T05:51:35.592+00:00,2026-09-19T05:51:35.592+00:00,False,1,0.0,,0.0,300084.739585,300084.739585,300084.739585,300084.739585,300084.739585,300084.739585,nan,300084.739585,nan,nan,0.0,2,64,,True,False,"HTTPConnectionPool(host='gpu03', port=9002): Read timed out.",0,56.69694568066818
158,2026-09-19T05:46:36.088+00:00,2026-09-19T05:51:36.015+00:00,2026-09-19T05:51:36.151+00:00,False,3,2.0,,2.0,299927.23051599995,300063.51851599995,300063.51858299994,100021.17286099998,0.04199,299927.23051599995,173123.73769434812,269948.13207209995,68.144,96.31079465214951,0.006665255442885025,2,64,,True,False,Request timeout: 300.0s exceeded,4,56.69694568066818
159,2026-09-19T05:46:36.425+00:00,2026-09-19T05:51:36.152+00:00,2026-09-19T05:51:36.451+00:00,False,5,4.0,,4.0,299727.60328,300025.939792,300025.939775,60005.187954999994,0.03662,299727.60328,134008.91102486567,239802.44218519997,74.584128,49.74843740066445,0.013332180553365132,2,64,,True,False,Request timeout: 300.0s exceeded,13,56.69694568066818
160,2026-09-19T05:46:37.032+00:00,2026-09-19T05:51:37.050+00:00,2026-09-19T05:51:37.050+00:00,False,1,0.0,,0.0,300018.04767400003,300018.04767400003,300018.04767400003,300018.04767400003,300018.04767400003,300018.04767400003,nan,300018.04767400003,nan,nan,0.0,2,64,,True,False,TTFT timeout: 300.0s exceeded (TTFT: 300.009s),0,56.69694568066818
161,2026-09-19T05:46:37.809+00:00,2026-09-19T05:51:37.784+00:00,2026-09-19T05:51:37.996+00:00,False,4,3.0,,3.0,299974.71425300004,300187.18247700005,300187.18257600005,75046.79564400001,0.02498,299974.71425300004,149951.95428061613,254995.80775595002,70.82274133333333,61.98677289473287,0.009993764474703565,2,64,,True,False,Request timeout: 300.0s exceeded,10,56.69694568066818
162,2026-09-19T05:46:37.971+00:00,2026-09-19T05:51:38.099+00:00,2026-09-19T05:51:38.099+00:00,False,1,0.0,,0.0,300127.86738,300127.86738,300127.86738,300127.86738,300127.86738,300127.86738,nan,300127.86738,nan,nan,0.0,2,64,,True,False,"HTTPConnectionPool(host='gpu03', port=9002): Read timed out.",0,56.69694568066818
163,2026-09-19T05:46:38.354+00:00,2026-09-19T05:51:38.370+00:00,2026-09-19T05:51:38.370+00:00,False,1,0.0,,0.0,300016.097606,300016.097606,300016.097606,300016.097606,300016.097606,300016.097606,nan,300016.097606,nan,nan,0.0,2,64,,True,False,"HTTPConnectionPool(host='gpu03', port=9002): Read timed out.",0,56.69694568066818
164,2026-09-19T05:46:38.964+00:00,2026-09-19T05:51:39.357+00:00,2026-09-19T05:51:39.525+00:00,False,5,4.0,,4.0,300392.973282,300561.15965,300561.159667,60112.2319334,0.02188,300392.973282,134321.0203697732,240328.72706879998,42.046592,30.132640523820896,0.013308439469218026,2,64,,True,False,Request timeout: 300.0s exceeded,20,56.69694568066818
165,2026-09-19T05:46:39.570+00:00,2026-09-19T05:51:39.635+00:00,2026-09-19T05:51:39.635+00:00,False,1,0.0,,0.0,300064.982186,300064.982186,300064.982186,300064.982186,300064.982186,300064.982186,nan,300064.982186,nan,nan,0.0,2,64,,True,False,"HTTPConnectionPool(host='gpu03', port=9002): Read timed out.",0,56.69694568066818
166,2026-09-19T05:46:39.936+00:00,2026-09-19T05:51:40.011+00:00,2026-09-19T05:51:40.011+00:00,False,1,0.0,,0.0,300074.944011,300074.944011,300074.944011,300074.944011,300074.944011,300074.944011,nan,300074.944011,nan,nan,0.0,2,64,,True,False,"HTTPConnectionPool(host='gpu03', port=9002): Read timed out.",0,56.69694568066818
167,2026-09-19T05:46:40.478+00:00,2026-09-19T05:51:40.582+00:00,2026-09-19T05:51:40.582+00:00,False,1,0.0,,0.0,300104.59791,300104.59791,300104.59791,300104.59791,300104.59791,300104.59791,nan,300104.59791,nan,nan,0.0,2,64,,True,False,"HTTPConnectionPool(host='gpu03', port=9002): Read timed out.",0,56.69694568066818
168,2026-09-19T05:46:41.000+00:00,2026-09-19T05:51:40.950+00:00,2026-09-19T05:51:41.081+00:00,False,3,2.0,,2.0,299950.183782,300081.719398,300081.71946999995,100027.23982333332,0.0237,299950.183782,173138.36074977028,269968.3166026,65.767808,92.97605644465676,0.006664851174580847,2,64,,True,False,Request timeout: 300.0s exceeded,4,56.69694568066818
169,2026-09-19T05:46:41.427+00:00,2026-09-19T05:51:41.080+00:00,2026-09-19T05:51:41.520+00:00,False,7,6.0,,6.0,299652.566477,300092.83374100004,300092.833697,42870.404813857145,0.036899999999999995,299652.566477,113230.29633976046,209787.89580050003,73.37787733333333,41.02522621150343,0.019993812998474986,2,64,,True,False,Request timeout: 300.0s exceeded,23,56.69694568066818
170,2026-09-19T05:46:41.997+00:00,2026-09-19T05:51:42.112+00:00,2026-09-19T05:51:42.112+00:00,False,1,0.0,,0.0,300115.39318300004,300115.39318300004,300115.39318300004,300115.39318300004,300115.39318300004,300115.39318300004,nan,300115.39318300004,nan,nan,0.0,2,64,,True,False,"HTTPConnectionPool(host='gpu03', port=9002): Read timed out.",0,56.69694568066818
171,2026-09-19T05:46:42.357+00:00,2026-09-19T05:51:42.400+00:00,2026-09-19T05:51:42.400+00:00,False,1,0.0,,0.0,300042.945228,300042.945228,300042.945228,300042.945228,300042.945228,300042.945228,nan,300042.945228,nan,nan,0.0,2,64,,True,False,TTFT timeout: 300.0s exceeded (TTFT: 300.037s),0,56.69694568066818
172,2026-09-19T05:46:42.904+00:00,2026-09-19T05:51:42.814+00:00,2026-09-19T05:51:42.924+00:00,False,3,2.0,,2.0,299910.41172000003,300020.16429600003,300020.16435800004,100006.72145266668,0.02479,299910.41172000003,173121.68277129153,269930.3433328,54.876288,77.57203502978304,0.006666218601316407,2,64,,True,False,Request timeout: 300.0s exceeded,4,56.69694568066818
173,2026-09-19T05:46:43.490+00:00,2026-09-19T05:51:43.589+00:00,2026-09-19T05:51:43.589+00:00,False,1,0.0,,0.0,300099.094576,300099.094576,300099.094576,300099.094576,300099.094576,300099.094576,nan,300099.094576,nan,nan,0.0,2,64,,True,False,"HTTPConnectionPool(host='gpu03', port=9002): Read timed out.",0,56.69694568066818
174,2026-09-19T05:46:43.903+00:00,2026-09-19T05:51:43.945+00:00,2026-09-19T05:51:43.945+00:00,False,1,0.0,,0.0,300041.441439,300041.441439,300041.441439,300041.441439,300041.441439,300041.441439,nan,300041.441439,nan,nan,0.0,2,64,,True,False,"HTTPConnectionPool(host='gpu03', port=9002): Read timed out.",0,56.69694568066818
175,2026-09-19T05:46:44.425+00:00,2026-09-19T05:51:44.351+00:00,2026-09-19T05:51:44.481+00:00,False,3,2.0,,2.0,299926.110042,300056.573786,300056.57390200003,100018.85796733334,0.02912,299926.110042,173124.77097584758,269946.5425118,65.231872,92.21052567278146,0.006665409708458504,2,64,,True,False,Request timeout: 300.0s exceeded,4,56.69694568066818
176,2026-09-19T05:46:44.839+00:00,2026-09-19T05:51:44.627+00:00,2026-09-19T05:51:44.841+00:00,True,3,3.0,,3.0,299788.628148,300002.04331599997,300002.043188,100000.68106266667,103.313363,299788.628148,173021.4375791314,269820.7755009,106.707584,4.800089732281262,0.009999931889930569,2,64,,True,True,,11,56.69694568066818
177,2026-09-19T05:46:45.258+00:00,2026-09-19T05:51:45.370+00:00,2026-09-19T05:51:45.370+00:00,False,1,0.0,,0.0,300111.44407800003,300111.44407800003,300111.44407800003,300111.44407800003,300111.44407800003,300111.44407800003,nan,300111.44407800003,nan,nan,0.0,2,64,,True,False,"HTTPConnectionPool(host='gpu03', port=9002): Read timed out.",0,56.69694568066818
178,2026-09-19T05:46:45.621+00:00,2026-09-19T05:51:45.678+00:00,2026-09-19T05:51:45.678+00:00,False,1,0.0,,0.0,300056.092184,300056.092184,300056.092184,300056.092184,300056.092184,300056.092184,nan,300056.092184,nan,nan,0.0,2,64,,True,False,"HTTPConnectionPool(host='gpu03', port=9002): Read timed out.",0,56.69694568066818
179,2026-09-19T05:46:46.022+00:00,2026-09-19T05:51:46.012+00:00,2026-09-19T05:51:46.170+00:00,False,3,2.0,,2.0,299989.78542699997,300147.91125099995,300147.91121399996,100049.30373799999,0.026199999999999998,299989.78542699997,173153.55442589367,270006.616843,79.062912,111.77491448656984,0.006663381369752366,2,64,,True,False,Request timeout: 300.0s exceeded,4,56.69694568066818
180,2026-09-19T05:46:46.515+00:00,2026-09-19T05:51:46.283+00:00,2026-09-19T05:51:46.583+00:00,False,5,4.0,,4.0,299768.39164,300068.051416,300068.051272,60013.610254399995,0.04782,299768.39164,134027.00435723914,239836.38892620002,74.914944,50.30350644282386,0.013330309511873329,2,64,,True,False,Request timeout: 300.0s exceeded,21,56.69694568066818
181,2026-09-19T05:46:46.942+00:00,2026-09-19T05:51:47.044+00:00,2026-09-19T05:51:47.044+00:00,False,1,0.0,,0.0,300101.698787,300101.698787,300101.698787,300101.698787,300101.698787,300101.698787,nan,300101.698787,nan,nan,0.0,2,64,,True,False,"HTTPConnectionPool(host='gpu03', port=9002): Read timed out.",0,56.69694568066818
182,2026-09-19T05:46:47.501+00:00,2026-09-19T05:51:47.545+00:00,2026-09-19T05:51:47.545+00:00,False,1,0.0,,0.0,300043.05926,300043.05926,300043.05926,300043.05926,300043.05926,300043.05926,nan,300043.05926,nan,nan,0.0,2,64,,True,False,TTFT timeout: 300.0s exceeded (TTFT: 300.038s),0,56.69694568066818
183,2026-09-19T05:46:47.992+00:00,2026-09-19T05:51:47.827+00:00,2026-09-19T05:51:48.067+00:00,False,4,3.0,,3.0,299834.87913300004,300074.72374100005,300074.72384200006,75018.68096050002,0.039520000000000007,299834.87913300004,149877.47671213598,254880.12246495005,79.94820266666667,71.16582790922254,0.009997509828883004,2,64,,True,False,Request timeout: 300.0s exceeded,9,56.69694568066818
184,2026-09-19T05:46:48.339+00:00,2026-09-19T05:51:48.069+00:00,2026-09-19T05:51:48.370+00:00,False,5,4.0,,4.0,299730.31639999995,300031.41668799997,300031.41672,60006.28334399999,0.023969999999999998,299730.31639999995,134009.81555719688,239805.79981279996,75.275072,50.43769880692486,0.013331937182297028,2,64,,True,False,Request timeout: 300.0s exceeded,20,56.69694568066818
185,2026-09-19T05:46:48.830+00:00,2026-09-19T05:51:48.938+00:00,2026-09-19T05:51:48.938+00:00,False,1,0.0,,0.0,300107.708249,300107.708249,300107.708249,300107.708249,300107.708249,300107.708249,nan,300107.708249,nan,nan,0.0,2,64,,True,False,"HTTPConnectionPool(host='gpu03', port=9002): Read timed out.",0,56.69694568066818
186,2026-09-19T05:46:49.193+00:00,2026-09-19T05:51:49.242+00:00,2026-09-19T05:51:49.242+00:00,False,1,0.0,,0.0,300049.01238599996,300049.01238599996,300049.01238599996,300049.01238599996,300049.01238599996,300049.01238599996,nan,300049.01238599996,nan,nan,0.0,2,64,,True,False,TTFT timeout: 300.0s exceeded (TTFT: 300.040s),0,56.69694568066818
187,2026-09-19T05:46:49.792+00:00,2026-09-19T05:51:49.524+00:00,2026-09-19T05:51:49.864+00:00,False,5,4.0,,4.0,299731.688928,300071.81180799997,300071.811782,60014.3623564,0.027579999999999997,299731.688928,134006.0690312764,239811.75886159998,85.03072,58.667266895051185,0.013330142461229873,2,64,,True,False,Request timeout: 300.0s exceeded,19,56.69694568066818
188,2026-09-19T05:46:50.370+00:00,2026-09-19T05:51:50.603+00:00,2026-09-19T05:51:51.258+00:00,True,6,6.0,,6.0,300232.72963200003,300887.758112,300887.75823200005,50147.95970533334,110.944958,300232.72963200003,122516.01697363064,225212.36893850003,131.005696,19.340811418342096,0.019940990745680683,2,64,,True,True,,19,56.69694568066818
189,2026-09-19T05:46:50.765+00:00,2026-09-19T05:51:50.867+00:00,2026-09-19T05:51:51.467+00:00,False,7,6.0,,6.0,300101.72625,300702.208042,300702.207955,42957.45827928572,0.03755,300101.72625,113389.97405480417,210116.12129130002,100.08029866666668,52.2589589900723,0.01995329545156503,2,64,,True,False,Request timeout: 300.0s exceeded,32,56.69694568066818
190,2026-09-19T05:46:51.269+00:00,2026-09-19T05:51:51.366+00:00,2026-09-19T05:51:51.566+00:00,False,4,3.0,,3.0,300097.213955,300297.36294699996,300297.362823,75074.34070575,0.04075,300097.213955,150015.25628792014,255098.32587469998,66.71633066666666,57.923569411635306,0.009990097717006844,2,64,,True,False,Request timeout: 300.0s exceeded,6,56.69694568066818
191,2026-09-19T05:46:51.828+00:00,2026-09-19T05:51:51.840+00:00,2026-09-19T05:51:51.840+00:00,False,1,0.0,,0.0,300011.815023,300011.815023,300011.815023,300011.815023,300011.815023,300011.815023,nan,300011.815023,nan,nan,0.0,2,64,,True,False,"HTTPConnectionPool(host='gpu03', port=9002): Read timed out.",0,56.69694568066818
192,2026-09-19T05:46:52.258+00:00,2026-09-19T05:51:52.349+00:00,2026-09-19T05:51:52.349+00:00,False,1,0.0,,0.0,300091.282741,300091.282741,300091.282741,300091.282741,300091.282741,300091.282741,nan,300091.282741,nan,nan,0.0,2,64,,True,False,"HTTPConnectionPool(host='gpu03', port=9002): Read timed out.",0,56.69694568066818
193,2026-09-19T05:46:52.729+00:00,2026-09-19T05:51:52.767+00:00,2026-09-19T05:51:52.767+00:00,False,1,0.0,,0.0,300037.57436,300037.57436,300037.57436,300037.57436,300037.57436,300037.57436,nan,300037.57436,nan,nan,0.0,2,64,,True,False,TTFT timeout: 300.0s exceeded (TTFT: 300.031s),0,56.69694568066818
194,2026-09-19T05:46:53.336+00:00,2026-09-19T05:51:52.989+00:00,2026-09-19T05:51:53.370+00:00,False,6,5.0,,5.0,299652.93287699996,300033.1394689999,300033.13933199993,50005.523221999996,0.045509999999999995,299652.93287699996,122301.76002572577,224765.33076475,76.04131840000001,43.445373683029366,0.016664825788407986,2,64,,True,False,Request timeout: 300.0s exceeded,16,56.69694568066818
195,2026-09-19T05:46:53.830+00:00,2026-09-19T05:51:53.926+00:00,2026-09-19T05:51:53.926+00:00,False,1,0.0,,0.0,300095.939873,300095.939873,300095.939873,300095.939873,300095.939873,300095.939873,nan,300095.939873,nan,nan,0.0,2,64,,True,False,"HTTPConnectionPool(host='gpu03', port=9002): Read timed out.",0,56.69694568066818
196,2026-09-19T05:46:54.327+00:00,2026-09-19T05:51:54.391+00:00,2026-09-19T05:51:54.391+00:00,False,1,0.0,,0.0,300063.96719700005,300063.96719700005,300063.96719700005,300063.96719700005,300063.96719700005,300063.96719700005,nan,300063.96719700005,nan,nan,0.0,2,64,,True,False,"HTTPConnectionPool(host='gpu03', port=9002): Read timed out.",0,56.69694568066818
197,2026-09-19T05:46:54.822+00:00,2026-09-19T05:51:54.780+00:00,2026-09-19T05:51:54.883+00:00,False,3,2.0,,2.0,299958.38944199996,300060.92128199997,300060.92128999997,100020.30709666666,0.10245900000000001,299958.38944199996,173151.46605399306,269972.79343669995,51.26592,72.35578184407512,0.006665313135262895,2,64,,True,False,Request timeout: 300.0s exceeded,8,56.69694568066818
198,2026-09-19T05:46:55.643+00:00,2026-09-19T05:51:54.884+00:00,2026-09-19T05:51:55.926+00:00,False,12,11.0,,11.0,299240.829814,300282.67378199997,300282.673815,25023.55615125,0.04307,299240.829814,86356.05303368309,134730.4168592,94.713088,37.81075140699635,0.03663215017189374,2,64,,True,False,Request timeout: 300.0s exceeded,35,56.69694568066818
199,2026-09-19T05:46:55.894+00:00,2026-09-19T05:51:56.106+00:00,2026-09-19T05:51:56.106+00:00,False,1,0.0,,0.0,300211.836681,300211.836681,300211.836681,300211.836681,300211.836681,300211.836681,nan,300211.836681,nan,nan,0.0,2,64,,True,False,"HTTPConnectionPool(host='gpu03', port=9002): Read timed out.",0,56.69694568066818
200,2026-09-19T05:46:56.346+00:00,2026-09-19T05:51:56.361+00:00,2026-09-19T05:51:56.361+00:00,False,1,0.0,,0.0,300014.355166,300014.355166,300014.355166,300014.355166,300014.355166,300014.355166,nan,300014.355166,nan,nan,0.0,2,64,,True,False,"HTTPConnectionPool(host='gpu03', port=9002): Read timed out.",0,56.69694568066818
201,2026-09-19T05:46:56.738+00:00,2026-09-19T05:51:56.838+00:00,2026-09-19T05:51:56.838+00:00,False,1,0.0,,0.0,300099.241673,300099.241673,300099.241673,300099.241673,300099.241673,300099.241673,nan,300099.241673,nan,nan,0.0,2,64,,True,False,"HTTPConnectionPool(host='gpu03', port=9002): Read timed out.",0,56.69694568066818
202,2026-09-19T05:46:57.183+00:00,2026-09-19T05:51:57.290+00:00,2026-09-19T05:51:57.290+00:00,False,1,0.0,,0.0,300106.896435,300106.896435,300106.896435,300106.896435,300106.896435,300106.896435,nan,300106.896435,nan,nan,0.0,2,64,,True,False,"HTTPConnectionPool(host='gpu03', port=9002): Read timed out.",0,56.69694568066818
203,2026-09-19T05:46:57.801+00:00,2026-09-19T05:51:57.406+00:00,2026-09-19T05:51:57.811+00:00,False,6,5.0,,5.0,299605.090769,300009.81780900003,300009.817984,50001.63633066667,0.07178,299605.090769,122280.22698294248,224729.98131250002,80.945408,45.260234802986865,0.016666121250682633,2,64,,True,False,Request timeout: 300.0s exceeded,23,56.69694568066818
204,2026-09-19T05:46:58.318+00:00,2026-09-19T05:51:58.424+00:00,2026-09-19T05:51:58.424+00:00,False,1,0.0,,0.0,300106.15292900003,300106.15292900003,300106.15292900003,300106.15292900003,300106.15292900003,300106.15292900003,nan,300106.15292900003,nan,nan,0.0,2,64,,True,False,"HTTPConnectionPool(host='gpu03', port=9002): Read timed out.",0,56.69694568066818
205,2026-09-19T05:46:58.783+00:00,2026-09-19T05:51:58.795+00:00,2026-09-19T05:51:58.929+00:00,False,3,2.0,,2.0,300012.310389,300146.272117,300146.272119,100048.757373,0.020980000000000002,300012.310389,173173.529688325,270024.4734251,66.980864,94.69555911716645,0.006663417759259658,2,64,,True,False,Request timeout: 300.0s exceeded,9,56.69694568066818
206,2026-09-19T05:46:59.389+00:00,2026-09-19T05:51:59.202+00:00,2026-09-19T05:51:59.423+00:00,False,4,3.0,,3.0,299813.344209,300034.873041,300034.87302400003,75008.71825600001,0.027549,299813.344209,149869.75973038422,254858.20097925,73.842944,63.9471420884848,0.009998837700409739,2,64,,True,False,Request timeout: 300.0s exceeded,12,56.69694568066818
207,2026-09-19T05:46:59.972+00:00,2026-09-19T05:52:00.080+00:00,2026-09-19T05:52:00.080+00:00,False,1,0.0,,0.0,300108.019231,300108.019231,300108.019231,300108.019231,300108.019231,300108.019231,nan,300108.019231,nan,nan,0.0,2,64,,True,False,"HTTPConnectionPool(host='gpu03', port=9002): Read timed out.",0,56.69694568066818
208,2026-09-19T05:47:00.563+00:00,2026-09-19T05:52:00.556+00:00,2026-09-19T05:52:00.661+00:00,False,3,2.0,,2.0,299992.95416799997,300098.563384,300098.563408,100032.85446933332,0.088979,299992.95416799997,173170.5341060203,270004.21077729994,52.804608,74.5513653702221,0.006664477088618518,2,64,,True,False,Request timeout: 300.0s exceeded,7,56.69694568066818
209,2026-09-19T05:47:01.176+00:00,2026-09-19T05:52:01.129+00:00,2026-09-19T05:52:01.244+00:00,False,3,2.0,,2.0,299953.41315700003,300068.495141,300068.49513500003,100022.83171166667,0.06626,299953.41315700003,173144.97206429727,269969.57341310004,57.540992,81.28184530143415,0.00666514489986766,2,64,,True,False,Request timeout: 300.0s exceeded,4,56.69694568066818
210,2026-09-19T05:47:01.697+00:00,2026-09-19T05:52:01.804+00:00,2026-09-19T05:52:01.804+00:00,False,1,0.0,,0.0,300106.973992,300106.973992,300106.973992,300106.973992,300106.973992,300106.973992,nan,300106.973992,nan,nan,0.0,2,64,,True,False,"HTTPConnectionPool(host='gpu03', port=9002): Read timed out.",0,56.69694568066818
211,2026-09-19T05:47:02.063+00:00,2026-09-19T05:52:02.141+00:00,2026-09-19T05:52:02.141+00:00,False,1,0.0,,0.0,300078.316202,300078.316202,300078.316202,300078.316202,300078.316202,300078.316202,nan,300078.316202,nan,nan,0.0,2,64,,True,False,"HTTPConnectionPool(host='gpu03', port=9002): Read timed out.",0,56.69694568066818
212,2026-09-19T05:47:02.484+00:00,2026-09-19T05:52:02.333+00:00,2026-09-19T05:52:02.598+00:00,False,4,3.0,,3.0,299849.273328,300113.37060799997,300113.370559,75028.34263975,0.08429,299849.273328,149880.63337336484,254892.04330979998,88.03242666666667,76.20295920869565,0.009996222407293275,2,64,,True,False,Request timeout: 300.0s exceeded,8,56.69694568066818
213,2026-09-19T05:47:03.090+00:00,2026-09-19T05:52:03.097+00:00,2026-09-19T05:52:03.201+00:00,False,3,2.0,,2.0,300007.066274,300111.277986,300111.277857,100037.09261899999,0.059489,300007.066274,173179.08500019176,270016.774856,52.105856,73.60445322369108,0.006664194739436946,2,64,,True,False,Request timeout: 300.0s exceeded,5,56.69694568066818
214,2026-09-19T05:47:03.480+00:00,2026-09-19T05:52:03.510+00:00,2026-09-19T05:52:03.510+00:00,False,1,0.0,,0.0,300030.616053,300030.616053,300030.616053,300030.616053,300030.616053,300030.616053,nan,300030.616053,nan,nan,0.0,2,64,,True,False,"HTTPConnectionPool(host='gpu03', port=9002): Read timed out.",0,56.69694568066818
215,2026-09-19T05:47:04.105+00:00,2026-09-19T05:52:04.080+00:00,2026-09-19T05:52:04.318+00:00,True,3,3.0,,3.0,299974.94792,300213.47976,300213.479893,100071.15996433333,111.074937,299974.94792,173121.7588761199,269990.1988316,119.26592,11.583970367608508,0.009992889068133426,2,64,,True,True,,11,56.69694568066818
217,2026-09-19T05:47:05.052+00:00,2026-09-19T05:52:05.280+00:00,2026-09-19T05:52:05.280+00:00,False,1,0.0,,0.0,300228.33548199997,300228.33548199997,300228.33548199997,300228.33548199997,300228.33548199997,300228.33548199997,nan,300228.33548199997,nan,nan,0.0,2,64,,True,False,"HTTPConnectionPool(host='gpu03', port=9002): Read timed out.",0,56.69694568066818
218,2026-09-19T05:47:05.577+00:00,2026-09-19T05:52:05.604+00:00,2026-09-19T05:52:05.604+00:00,False,1,0.0,,0.0,300027.04767799994,300027.04767799994,300027.04767799994,300027.04767799994,300027.04767799994,300027.04767799994,nan,300027.04767799994,nan,nan,0.0,2,64,,True,False,"HTTPConnectionPool(host='gpu03', port=9002): Read timed out.",0,56.69694568066818
216,2026-09-19T05:47:04.662+00:00,2026-09-19T05:52:05.769+00:00,2026-09-19T05:52:05.769+00:00,False,1,0.0,,0.0,301107.411045,301107.411045,301107.411045,301107.411045,301107.411045,301107.411045,nan,301107.411045,nan,nan,0.0,2,64,,True,False,"HTTPConnectionPool(host='gpu03', port=9002): Read timed out.",0,56.69694568066818
219,2026-09-19T05:47:06.070+00:00,2026-09-19T05:52:06.170+00:00,2026-09-19T05:52:06.170+00:00,False,1,0.0,,0.0,300099.89136400004,300099.89136400004,300099.89136400004,300099.89136400004,300099.89136400004,300099.89136400004,nan,300099.89136400004,nan,nan,0.0,2,64,,True,False,"HTTPConnectionPool(host='gpu03', port=9002): Read timed out.",0,56.69694568066818
220,2026-09-19T05:47:06.501+00:00,2026-09-19T05:52:06.546+00:00,2026-09-19T05:52:06.546+00:00,False,1,0.0,,0.0,300044.291143,300044.291143,300044.291143,300044.291143,300044.291143,300044.291143,nan,300044.291143,nan,nan,0.0,2,64,,True,False,TTFT timeout: 300.0s exceeded (TTFT: 300.023s),0,56.69694568066818
221,2026-09-19T05:47:07.099+00:00,2026-09-19T05:52:06.648+00:00,2026-09-19T05:52:07.148+00:00,False,9,8.0,,8.0,299548.375464,300048.921256,300048.921285,33338.76903166666,0.026449999999999998,299548.375464,99828.60771949036,179769.94305,62.568224,34.799915722259854,0.026662318819584908,2,64,,True,False,Request timeout: 300.0s exceeded,34,56.69694568066818
222,2026-09-19T05:47:07.637+00:00,2026-09-19T05:52:07.743+00:00,2026-09-19T05:52:07.743+00:00,False,1,0.0,,0.0,300106.14434500004,300106.14434500004,300106.14434500004,300106.14434500004,300106.14434500004,300106.14434500004,nan,300106.14434500004,nan,nan,0.0,2,64,,True,False,"HTTPConnectionPool(host='gpu03', port=9002): Read timed out.",0,56.69694568066818
223,2026-09-19T05:47:07.989+00:00,2026-09-19T05:52:07.990+00:00,2026-09-19T05:52:08.128+00:00,False,3,2.0,,2.0,300001.56170099997,300139.894117,300139.894161,100046.63138699999,0.028859000000000003,300001.56170099997,173166.06306558312,270015.235891,69.166208,97.77487904158613,0.006663559357492022,2,64,,True,False,Request timeout: 300.0s exceeded,3,56.69694568066818
224,2026-09-19T05:47:08.368+00:00,2026-09-19T05:52:08.270+00:00,2026-09-19T05:52:08.385+00:00,False,3,2.0,,2.0,299902.298464,300017.586784,300017.5867,100005.86223333333,0.0212,299902.298464,173115.4014918702,269923.5953212,57.64416,81.49110365383136,0.00666627587215384,2,64,,True,False,Request timeout: 300.0s exceeded,8,56.69694568066818
225,2026-09-19T05:47:08.906+00:00,2026-09-19T05:52:09.010+00:00,2026-09-19T05:52:09.010+00:00,False,1,0.0,,0.0,300103.19954,300103.19954,300103.19954,300103.19954,300103.19954,300103.19954,nan,300103.19954,nan,nan,0.0,2,64,,True,False,"HTTPConnectionPool(host='gpu03', port=9002): Read timed out.",0,56.69694568066818
226,2026-09-19T05:47:09.486+00:00,2026-09-19T05:52:09.529+00:00,2026-09-19T05:52:09.529+00:00,False,1,0.0,,0.0,300043.259512,300043.259512,300043.259512,300043.259512,300043.259512,300043.259512,nan,300043.259512,nan,nan,0.0,2,64,,True,False,"HTTPConnectionPool(host='gpu03', port=9002): Read timed out.",0,56.69694568066818
227,2026-09-19T05:47:10.050+00:00,2026-09-19T05:52:09.863+00:00,2026-09-19T05:52:10.103+00:00,False,4,3.0,,3.0,299813.236044,300053.233996,300053.234004,75013.308501,0.03716,299813.236044,149866.6294250436,254861.2516587,79.99931733333332,70.52597667536436,0.009998225848283951,2,64,,True,False,Request timeout: 300.0s exceeded,19,56.69694568066818
228,2026-09-19T05:47:10.580+00:00,2026-09-19T05:52:10.619+00:00,2026-09-19T05:52:10.619+00:00,False,1,0.0,,0.0,300039.742528,300039.742528,300039.742528,300039.742528,300039.742528,300039.742528,nan,300039.742528,nan,nan,0.0,2,64,,True,False,"HTTPConnectionPool(host='gpu03', port=9002): Read timed out.",0,56.69694568066818
229,2026-09-19T05:47:11.137+00:00,2026-09-19T05:52:11.226+00:00,2026-09-19T05:52:11.226+00:00,False,1,0.0,,0.0,300088.72001700004,300088.72001700004,300088.72001700004,300088.72001700004,300088.72001700004,300088.72001700004,nan,300088.72001700004,nan,nan,0.0,2,64,,True,False,TTFT timeout: 300.0s exceeded (TTFT: 300.081s),0,56.69694568066818
230,2026-09-19T05:47:11.530+00:00,2026-09-19T05:52:11.507+00:00,2026-09-19T05:52:11.634+00:00,False,3,2.0,,2.0,299976.695579,300103.83081099996,300103.830826,100034.61027533333,0.038450000000000005,299976.695579,173154.93681278604,269991.73570079997,63.567616,89.84387887412983,0.006664360113615359,2,64,,True,False,Request timeout: 300.0s exceeded,8,56.69694568066818
231,2026-09-19T05:47:12.024+00:00,2026-09-19T05:52:11.733+00:00,2026-09-19T05:52:12.129+00:00,False,6,5.0,,5.0,299709.03394199995,300104.99144599994,300104.99126899993,50017.498544833325,0.04997,299709.03394199995,122323.37739344723,224807.343681,79.1915008,44.344879811139094,0.016660835849175427,2,64,,True,False,Request timeout: 300.0s exceeded,18,56.69694568066818
232,2026-09-19T05:47:12.568+00:00,2026-09-19T05:52:12.674+00:00,2026-09-19T05:52:12.674+00:00,False,1,0.0,,0.0,300105.77641600004,300105.77641600004,300105.77641600004,300105.77641600004,300105.77641600004,300105.77641600004,nan,300105.77641600004,nan,nan,0.0,2,64,,True,False,"HTTPConnectionPool(host='gpu03', port=9002): Read timed out.",0,56.69694568066818
233,2026-09-19T05:47:13.179+00:00,2026-09-19T05:52:13.097+00:00,2026-09-19T05:52:13.219+00:00,False,3,2.0,,2.0,299918.05564,300040.50197599997,300040.502009,100013.50066966665,0.02158,299918.05564,173122.43375441455,269938.4925549,61.223168,86.55222326860121,0.00666576674425101,2,64,,True,False,Request timeout: 300.0s exceeded,4,56.69694568066818
234,2026-09-19T05:47:13.623+00:00,2026-09-19T05:52:13.354+00:00,2026-09-19T05:52:13.714+00:00,False,6,5.0,,5.0,299731.05736000004,300091.22913600004,300091.22911500005,50015.20485250001,0.08320999999999999,299731.05736000004,122335.29103327997,224826.44816075,72.03435520000001,46.82074516009283,0.016661599922115758,2,64,,True,False,Request timeout: 300.0s exceeded,15,56.69694568066818
235,2026-09-19T05:47:14.040+00:00,2026-09-19T05:52:14.115+00:00,2026-09-19T05:52:14.115+00:00,False,1,0.0,,0.0,300074.211579,300074.211579,300074.211579,300074.211579,300074.211579,300074.211579,nan,300074.211579,nan,nan,0.0,2,64,,True,False,"HTTPConnectionPool(host='gpu03', port=9002): Read timed out.",0,56.69694568066818
236,2026-09-19T05:47:14.396+00:00,2026-09-19T05:52:14.482+00:00,2026-09-19T05:52:14.482+00:00,False,1,0.0,,0.0,300086.51666900003,300086.51666900003,300086.51666900003,300086.51666900003,300086.51666900003,300086.51666900003,nan,300086.51666900003,nan,nan,0.0,2,64,,True,False,"HTTPConnectionPool(host='gpu03', port=9002): Read timed out.",0,56.69694568066818
237,2026-09-19T05:47:14.773+00:00,2026-09-19T05:52:14.783+00:00,2026-09-19T05:52:14.915+00:00,False,3,2.0,,2.0,300009.733226,300141.91728999995,300141.917312,100047.30577066666,0.027719999999999998,300009.733226,173172.55458029962,270021.97553999996,66.092032,93.42878580395212,0.0066635144402958585,2,64,,True,False,Request timeout: 300.0s exceeded,3,56.69694568066818
238,2026-09-19T05:47:15.113+00:00,2026-09-19T05:52:14.912+00:00,2026-09-19T05:52:15.137+00:00,False,4,3.0,,3.0,299798.92311699997,300023.84727699996,300023.84751399996,75005.96187849999,0.03762,299798.92311699997,149861.9835617909,254846.54506989996,74.97472,65.01832200519678,0.009999205153949715,2,64,,True,False,Request timeout: 300.0s exceeded,11,56.69694568066818
239,2026-09-19T05:47:15.700+00:00,2026-09-19T05:52:15.812+00:00,2026-09-19T05:52:15.812+00:00,False,1,0.0,,0.0,300112.439492,300112.439492,300112.439492,300112.439492,300112.439492,300112.439492,nan,300112.439492,nan,nan,0.0,2,64,,True,False,"HTTPConnectionPool(host='gpu03', port=9002): Read timed out.",0,56.69694568066818
240,2026-09-19T05:47:16.115+00:00,2026-09-19T05:52:16.181+00:00,2026-09-19T05:52:16.181+00:00,False,1,0.0,,0.0,300066.08256999997,300066.08256999997,300066.08256999997,300066.08256999997,300066.08256999997,300066.08256999997,nan,300066.08256999997,nan,nan,0.0,2,64,,True,False,"HTTPConnectionPool(host='gpu03', port=9002): Read timed out.",0,56.69694568066818
241,2026-09-19T05:47:16.516+00:00,2026-09-19T05:52:16.527+00:00,2026-09-19T05:52:16.527+00:00,False,1,0.0,,0.0,300011.19387099997,300011.19387099997,300011.19387099997,300011.19387099997,300011.19387099997,300011.19387099997,nan,300011.19387099997,nan,nan,0.0,2,64,,True,False,TTFT timeout: 300.0s exceeded (TTFT: 300.001s),0,56.69694568066818
242,2026-09-19T05:47:17.605+00:00,2026-09-19T05:52:16.659+00:00,2026-09-19T05:52:17.735+00:00,False,13,12.0,,12.0,299053.83944199997,300129.82152199995,300129.821648,23086.909357538458,0.02463,299053.83944199997,82917.7490557054,119690.52687759999,89.66517333333333,32.92735977728012,0.03998269795099446,2,64,,True,False,Request timeout: 300.0s exceeded,36,56.69694568066818
243,2026-09-19T05:47:17.612+00:00,2026-09-19T05:52:17.539+00:00,2026-09-19T05:52:17.866+00:00,False,5,4.0,,4.0,299926.823275,300253.631595,300253.63159199996,60050.7263184,0.04373,299926.823275,134094.8235891076,239967.06329899997,81.70208,56.24247520669083,0.013322070340169734,2,64,,True,False,Request timeout: 300.0s exceeded,17,56.69694568066818
244,2026-09-19T05:47:17.774+00:00,2026-09-19T05:52:18.001+00:00,2026-09-19T05:52:18.001+00:00,False,1,0.0,,0.0,300227.237439,300227.237439,300227.237439,300227.237439,300227.237439,300227.237439,nan,300227.237439,nan,nan,0.0,2,64,,True,False,"HTTPConnectionPool(host='gpu03', port=9002): Read timed out.",0,56.69694568066818
245,2026-09-19T05:47:18.304+00:00,2026-09-19T05:52:18.374+00:00,2026-09-19T05:52:18.374+00:00,False,1,0.0,,0.0,300070.192286,300070.192286,300070.192286,300070.192286,300070.192286,300070.192286,nan,300070.192286,nan,nan,0.0,2,64,,True,False,"HTTPConnectionPool(host='gpu03', port=9002): Read timed out.",0,56.69694568066818
246,2026-09-19T05:47:18.680+00:00,2026-09-19T05:52:18.773+00:00,2026-09-19T05:52:18.773+00:00,False,1,0.0,,0.0,300093.441857,300093.441857,300093.441857,300093.441857,300093.441857,300093.441857,nan,300093.441857,nan,nan,0.0,2,64,,True,False,"HTTPConnectionPool(host='gpu03', port=9002): Read timed out.",0,56.69694568066818
247,2026-09-19T05:47:19.114+00:00,2026-09-19T05:52:19.141+00:00,2026-09-19T05:52:20.071+00:00,True,11,11.0,,11.0,300026.717213,300956.717853,300956.717718,27359.701610727272,33.897497,300026.717213,90433.43763943358,150139.609141,93.000064,62.26789072048083,0.03655010620288884,2,64,,True,True,,33,56.69694568066818
248,2026-09-19T05:47:19.723+00:00,2026-09-19T05:52:19.395+00:00,2026-09-19T05:52:20.687+00:00,False,17,16.0,,16.0,299672.497426,300964.469778,300964.469732,17703.79233717647,0.02343,299672.497426,72661.67941177434,60018.38265480001,80.748272,33.57971517075553,0.05316242150378102,2,64,,True,False,Request timeout: 300.0s exceeded,56,56.69694568066818
250,2026-09-19T05:47:20.718+00:00,2026-09-19T05:52:20.730+00:00,2026-09-19T05:52:20.730+00:00,False,1,0.0,,0.0,300011.590983,300011.590983,300011.590983,300011.590983,300011.590983,300011.590983,nan,300011.590983,nan,nan,0.0,2,64,,True,False,"HTTPConnectionPool(host='gpu03', port=9002): Read timed out.",0,56.69694568066818
249,2026-09-19T05:47:20.301+00:00,2026-09-19T05:52:21.355+00:00,2026-09-19T05:52:21.355+00:00,False,1,0.0,,0.0,301053.672889,301053.672889,301053.672889,301053.672889,301053.672889,301053.672889,nan,301053.672889,nan,nan,0.0,2,64,,True,False,"HTTPConnectionPool(host='gpu03', port=9002): Read timed out.",0,56.69694568066818
0,2026-09-19T05:45:20.770+00:00,2026-09-19T05:45:20.905+00:00,2026-09-19T05:45:25.913+00:00,True,57,57.0,,57.0,134.909098,5142.70481,5142.704573,90.22288724561403,29.258293000000002,153.540832,26.770600278559222,112.4833864,89.42492342857143,26.319945915939563,11.08366163446974,3,64,,False,True,,277,56.69694568066818
1,2026-09-19T05:45:21.124+00:00,2026-09-19T05:45:21.297+00:00,2026-09-19T05:45:23.088+00:00,True,20,20.0,,20.0,172.97637,1964.11877,1964.118721,98.20593605,44.673736,172.97637,31.592574225998476,163.6507995,94.27065263157895,26.955578494114047,10.18268360624648,3,64,,False,True,,26,56.69694568066818
2,2026-09-19T05:45:21.693+00:00,2026-09-19T05:45:22.410+00:00,2026-09-19T05:45:23.393+00:00,True,11,11.0,,11.0,717.000359,1699.8568070000001,1699.85697,154.5324518181818,49.502935,717.000359,187.3094767625153,413.0647575,98.2856448,17.767721893693135,6.471133306465618,3,64,,False,True,,27,56.69694568066818
3,2026-09-19T05:45:22.082+00:00,2026-09-19T05:45:25.333+00:00,2026-09-19T05:45:34.908+00:00,True,97,97.0,,97.0,3251.111366,12825.459397999999,12825.45943,132.22123123711341,0.0,3251.111366,320.94491996963035,114.17022379999999,99.732792,25.076319728730205,7.563081913083454,3,64,,False,True,,350,56.69694568066818
4,2026-09-19T05:45:22.595+00:00,2026-09-19T05:45:28.023+00:00,2026-09-19T05:45:31.894+00:00,True,40,40.0,,40.0,5427.866836,9298.3229,9298.322759,232.458068975,49.045765,5427.866836,842.6517839291654,110.72719245,99.24246317948719,14.54333894538816,4.301851035954022,3,64,,False,True,,165,56.69694568066818
5,2026-09-19T05:45:23.042+00:00,2026-09-19T05:45:30.400+00:00,2026-09-19T05:45:38.413+00:00,True,82,82.0,,82.0,7358.004669,15371.351997,15371.352188,187.4555144878049,0.0,7358.004669,802.5616221948306,138.13601285,98.93021392592593,38.88565668206723,5.33459906558667,3,64,,False,True,,378,56.69694568066818
6,2026-09-19T05:45:23.461+00:00,2026-09-19T05:45:32.602+00:00,2026-09-19T05:45:32.754+00:00,True,3,3.0,,3.0,9140.822265,9292.665081000001,9292.664831,3097.554943666667,48.964275,9140.822265,5233.692445883866,8237.0278676,75.921408,38.123034196851016,0.32283526564772785,3,64,,False,True,,14,56.69694568066818
7,2026-09-19T05:45:24.034+00:00,2026-09-19T05:45:35.742+00:00,2026-09-19T05:45:40.770+00:00,True,52,52.0,,52.0,11707.706134,16735.116822,16735.11676,321.8291684615385,0.0,11707.706134,1610.7593724109233,251.54819365,98.57668015686275,53.23793047153466,3.1072385423471176,3,64,,False,True,,249,56.69694568066818
8,2026-09-19T05:45:24.624+00:00,2026-09-19T05:45:38.921+00:00,2026-09-19T05:45:48.351+00:00,True,98,98.0,,98.0,14296.911571,23726.996179,23726.996061,242.11220470408165,0.0,14296.911571,1435.2292028446216,118.92030749999998,97.2173670927835,49.45377071374986,4.130316339273348,3,64,,False,True,,403,56.69694568066818
9,2026-09-19T05:45:25.025+00:00,2026-09-19T05:45:41.172+00:00,2026-09-19T05:45:47.217+00:00,True,63,63.0,,63.0,16146.890061,22192.072781,22192.072626,352.25512104761907,0.0,16146.890061,2022.664327665724,137.08476349999998,97.5029470967742,50.95646505563234,2.838851540444576,3,64,,False,True,,283,56.69694568066818
10,2026-09-19T05:45:25.421+00:00,2026-09-19T05:45:43.219+00:00,2026-09-19T05:45:46.450+00:00,True,34,34.0,,34.0,17797.239446,21028.211094,21028.210866999998,618.4767902058824,0.0,17797.239446,3035.897246047472,197.26181225,97.90823175757575,55.21793597509159,1.6168755320180923,3,64,,False,True,,114,56.69694568066818
11,2026-09-19T05:45:25.952+00:00,2026-09-19T05:45:46.713+00:00,2026-09-19T05:45:50.374+00:00,True,38,38.0,,38.0,20760.9843,24422.463724,24422.463789,642.6964155000001,0.0,20760.9843,3352.284290458359,156.65202774999997,98.95890335135135,56.370191276638664,1.555944577477551,3,64,,False,True,,121,56.69694568066818
12,2026-09-19T05:45:26.344+00:00,2026-09-19T05:45:48.667+00:00,2026-09-19T05:45:50.750+00:00,True,22,22.0,,22.0,22322.957081,24405.326105,24405.32613,1109.3330059090908,0.0,22322.957081,4738.6896874087915,370.77930949999995,99.16042971428571,74.66973925304903,0.901442574680155,3,64,,False,True,,67,56.69694568066818
13,2026-09-19T05:45:26.865+00:00,2026-09-19T05:45:51.461+00:00,2026-09-19T05:45:56.552+00:00,True,55,55.0,,55.0,24596.630463,29687.922879,29687.922881000002,539.7804160181819,0.0,24596.630463,3304.884409530235,216.912234,94.28319288888889,81.58777350973868,1.8526051897994085,3,64,,False,True,,225,56.69694568066818
14,2026-09-19T05:45:27.275+00:00,2026-09-19T05:45:53.703+00:00,2026-09-19T05:45:55.406+00:00,True,19,19.0,,19.0,26427.524528,28130.329520000003,28130.329380000003,1480.5436515789474,0.0,26427.524528,6042.036921918677,3074.4476066,94.60027733333332,104.26918369490096,0.6754275660543345,3,64,,False,True,,67,56.69694568066818
15,2026-09-19T05:45:27.707+00:00,2026-09-19T05:45:55.872+00:00,2026-09-19T05:46:01.128+00:00,True,57,57.0,,57.0,28164.85343,33421.368502,33421.368582999996,586.3397997017544,0.0,28164.85343,3718.7287975699173,115.5900204,93.86634057142857,69.3812689135685,1.7054956919729067,3,64,,False,True,,320,56.69694568066818
16,2026-09-19T05:45:28.143+00:00,2026-09-19T05:45:58.332+00:00,2026-09-19T05:46:02.776+00:00,True,47,47.0,,47.0,30189.299681,34633.231585,34633.23164,736.8772689361703,0.0,30189.299681,4390.112969960801,117.5821616,96.60721530434783,75.94398274437845,1.3570780966439229,3,64,,False,True,,272,56.69694568066818
17,2026-09-19T05:45:28.564+00:00,2026-09-19T05:46:01.020+00:00,2026-09-19T05:46:09.566+00:00,True,86,86.0,,86.0,32456.205711,41001.868943,41001.869173,476.76592061627906,0.0,32456.205711,3489.88387788131,114.38242100000001,100.53721449411765,78.94042167259533,2.097465364799725,3,64,,False,True,,412,56.69694568066818
18,2026-09-19T05:45:28.997+00:00,2026-09-19T05:46:03.198+00:00,2026-09-19T05:46:12.981+00:00,True,100,100.0,,100.0,34200.589417999996,43983.902826,43983.903007999994,439.83903008,0.0,34200.589417999996,3411.748155014701,111.39301915,98.82134755555555,104.06249361461398,2.2735590426251915,3,64,,False,True,,354,56.69694568066818
19,2026-09-19T05:45:29.375+00:00,2026-09-19T05:46:05.752+00:00,2026-09-19T05:46:08.752+00:00,True,33,33.0,,33.0,36376.694188,39377.017004,39377.017178,1193.2429447878787,0.0,36376.694188,6316.786983218721,301.2991136,93.760088,98.15830695890129,0.8380523084480419,3,64,,False,True,,99,56.69694568066818
20,2026-09-19T05:45:29.858+00:00,2026-09-19T05:46:07.949+00:00,2026-09-19T05:46:15.214+00:00,True,76,76.0,,76.0,38091.121674,45355.764234,45355.764242000005,596.7863716052632,0.0,38091.121674,4358.972890310073,108.24742024999999,96.8619008,80.44084176203819,1.6756414820374297,3,64,,False,True,,333,56.69694568066818
21,2026-09-19T05:45:30.257+00:00,2026-09-19T05:46:09.761+00:00,2026-09-19T05:46:11.054+00:00,True,14,14.0,,14.0,39504.343833,40797.150489,40797.150281,2914.0821629285715,89.367442,39504.343833,10531.403307283912,13895.30226515,99.44666584615383,5.944582132023662,0.3431612216096998,3,64,,False,True,,60,56.69694568066818
22,2026-09-19T05:45:30.635+00:00,2026-09-19T05:46:11.347+00:00,2026-09-19T05:46:17.121+00:00,True,62,62.0,,62.0,40711.878479,46486.027343,46486.027509,749.7746372419355,0.0,40711.878479,5159.16400240489,109.77579605000001,94.65817809836065,89.98058620473591,1.3337341034227166,3,64,,False,True,,208,56.69694568066818
23,2026-09-19T05:45:31.098+00:00,2026-09-19T05:46:14.061+00:00,2026-09-19T05:46:16.650+00:00,True,29,29.0,,29.0,42962.471637,45551.793621000004,45551.793645000005,1570.7515050000002,43.180730000000004,42962.471637,7960.78732489517,114.64798619999998,92.47578514285715,21.862360871698627,0.6366379388106158,3,64,,False,True,,80,56.69694568066818
24,2026-09-19T05:45:31.520+00:00,2026-09-19T05:46:16.239+00:00,2026-09-19T05:46:20.586+00:00,True,45,45.0,,45.0,44719.061445,49066.805189,49066.805217,1090.3734492666667,0.0,44719.061445,6652.275570828637,117.06681100000002,98.81235781818181,96.32385723004971,0.917116976062837,3,64,,False,True,,181,56.69694568066818
25,2026-09-19T05:45:31.968+00:00,2026-09-19T05:46:18.813+00:00,2026-09-19T05:46:24.234+00:00,True,55,55.0,,55.0,46844.304455,52266.026310999994,52266.026335999995,950.2913879272727,0.0,46844.304455,6304.674930021773,283.662013,100.4022565925926,149.00578297171197,1.052308810942159,3,64,,False,True,,212,56.69694568066818
26,2026-09-19T05:45:32.376+00:00,2026-09-19T05:46:21.211+00:00,2026-09-19T05:46:23.221+00:00,True,22,22.0,,22.0,48835.072787,50845.452563,50845.452504,2311.156932,0.016739999999999998,48835.072787,10393.092715757732,899.2371398,95.73237028571428,199.86594827035591,0.43268372865284116,3,64,,False,True,,96,56.69694568066818
27,2026-09-19T05:45:32.791+00:00,2026-09-19T05:46:23.751+00:00,2026-09-19T05:46:27.849+00:00,True,40,40.0,,40.0,50960.016788,55057.93218,55057.932086,1376.44830215,53.672095,50960.016788,8040.882780350965,117.33288315,105.07475364102565,13.117171551938899,0.7265074879533916,3,64,,False,True,,170,56.69694568066818
28,2026-09-19T05:45:33.203+00:00,2026-09-19T05:46:25.718+00:00,2026-09-19T05:46:26.710+00:00,True,10,10.0,,10.0,52515.070695,53507.455719000005,53507.455527000006,5350.7455527,104.50543499999999,52515.070695,16571.854974302107,28934.720701650003,110.26500266666667,3.5339097526541337,0.18688984302516728,3,64,,False,True,,27,56.69694568066818
29,2026-09-19T05:45:33.541+00:00,2026-09-19T05:46:27.684+00:00,2026-09-19T05:46:36.671+00:00,True,89,89.0,,89.0,54142.829702,63129.767302,63129.767429,709.3232295393259,0.0,54142.829702,5728.907401708382,114.886865,102.1242909090909,83.67007765488799,1.4097945201388444,3,64,,False,True,,423,56.69694568066818
30,2026-09-19T05:45:33.951+00:00,2026-09-19T05:46:29.775+00:00,2026-09-19T05:46:30.765+00:00,True,11,11.0,,11.0,55823.612162,56813.770242,56813.770129,5164.888193545455,47.324079,55823.612162,16801.607311528984,27968.143668999997,99.015808,18.669667132982383,0.1936150329954369,3,64,,False,True,,39,56.69694568066818
31,2026-09-19T05:45:34.410+00:00,2026-09-19T05:46:32.420+00:00,2026-09-19T05:46:39.355+00:00,True,69,69.0,,69.0,58010.264034,64945.388258,64945.388106,941.2375087826086,0.0,58010.264034,6972.538688113291,116.47354299999999,101.98712094117647,130.39093696521576,1.0624310955828424,3,64,,False,True,,306,56.69694568066818
32,2026-09-19T05:45:34.867+00:00,2026-09-19T05:46:35.032+00:00,2026-09-19T05:46:36.671+00:00,True,17,17.0,,17.0,60165.520851,61804.194515,61804.194308,3635.540841647059,47.662938000000004,60165.520851,14567.449916436393,12124.0045406,102.417104,15.271433567337557,0.2750622370116654,3,64,,False,True,,78,56.69694568066818
33,2026-09-19T05:45:35.206+00:00,2026-09-19T05:46:36.973+00:00,2026-09-19T05:46:41.901+00:00,True,51,51.0,,51.0,61766.718291000005,66694.29333100001,66694.293321,1307.7312415882354,0.0,61766.718291000005,8636.713771971496,439.134565,98.5515008,159.48521746247587,0.7646831153437653,3,64,,False,True,,214,56.69694568066818
34,2026-09-19T05:45:35.583+00:00,2026-09-19T05:46:39.369+00:00,2026-09-19T05:46:44.129+00:00,True,53,53.0,,53.0,63786.549446000005,68546.646726,68546.64670900001,1293.332956773585,0.0,63786.549446000005,8749.237190533811,114.80684020000001,91.54033230769231,31.273557332039534,0.7731961012163837,3,64,,False,True,,177,56.69694568066818
35,2026-09-19T05:45:36.095+00:00,2026-09-19T05:46:41.532+00:00,2026-09-19T05:46:41.740+00:00,True,3,3.0,,3.0,65437.038827,65644.590571,65644.59047,21881.530156666664,99.97683500000001,65437.038827,37720.17717456945,58904.0924251,103.775872,5.372472872661898,0.04570064302183825,3,64,,False,True,,13,56.69694568066818
36,2026-09-19T05:45:36.449+00:00,2026-09-19T05:46:43.560+00:00,2026-09-19T05:46:49.638+00:00,True,63,63.0,,63.0,67110.929845,73189.370293,73189.370345,1161.7360372222224,44.492185,67110.929845,8442.846680558028,110.57981509999999,98.03936206451613,16.60657060439072,0.8607807356149021,3,64,,False,True,,274,56.69694568066818
37,2026-09-19T05:45:37.121+00:00,2026-09-19T05:46:45.380+00:00,2026-09-19T05:46:46.101+00:00,True,8,8.0,,8.0,68258.92453,68980.188146,68980.188328,8622.523541,92.584202,68258.92453,24096.745479838028,44406.99245785001,103.03765942857143,5.793874435946723,0.11597532878668874,3,64,,False,True,,35,56.69694568066818
38,2026-09-19T05:45:37.471+00:00,2026-09-19T05:46:48.684+00:00,2026-09-19T05:46:51.711+00:00,True,33,33.0,,33.0,71213.118504,74240.067112,74240.067112,2249.699003393939,0.0,71213.118504,12381.347833945494,476.2797068,94.592144,175.2423185682261,0.44450390851904215,3,64,,False,True,,110,56.69694568066818
39,2026-09-19T05:45:38.048+00:00,2026-09-19T05:46:51.928+00:00,2026-09-19T05:46:53.598+00:00,True,17,17.0,,17.0,73880.137837,75550.407789,75550.407688,4444.141628705883,9.707668,73880.137837,17893.3076674961,14979.902609,104.391872,48.25698193045458,0.2250153307905132,3,64,,False,True,,77,56.69694568066818
40,2026-09-19T05:45:38.569+00:00,2026-09-19T05:46:54.506+00:00,2026-09-19T05:46:55.709+00:00,True,9,9.0,,9.0,75936.15322499999,77139.21344899999,77139.21352199999,8571.023724666666,0.02409,75936.15322499999,25263.266265206326,45893.17095739999,150.382528,278.4452946072478,0.11667217745161847,3,64,,False,True,,39,56.69694568066818
41,2026-09-19T05:45:39.123+00:00,2026-09-19T05:46:57.655+00:00,2026-09-19T05:47:05.359+00:00,True,79,79.0,,79.0,78531.785756,86235.669532,86235.66961299999,1091.5907545949367,0.0,78531.785756,8825.36291358994,114.35427599999998,98.76774071794873,130.93935662851277,0.9160942383671641,3,64,,False,True,,333,56.69694568066818
42,2026-09-19T05:45:39.627+00:00,2026-09-19T05:47:01.085+00:00,2026-09-19T05:47:02.045+00:00,True,10,10.0,,10.0,81458.722011,82418.150875,82418.150731,8241.8150731,99.101288,81458.722011,25725.799102134868,44852.32743555,106.6032071111111,4.215302766476343,0.12133249646872764,3,64,,False,True,,42,56.69694568066818
43,2026-09-19T05:45:40.123+00:00,2026-09-19T05:47:04.860+00:00,2026-09-19T05:47:04.860+00:00,True,6,6.0,,6.0,84736.935943,84736.935943,84736.935943,14122.822657166667,0.0,84736.935943,34593.70923787562,63552.70195725001,0.0,0.0,0.07080737500393004,3,64,,False,True,,34,56.69694568066818
44,2026-09-19T05:45:40.597+00:00,2026-09-19T05:47:06.974+00:00,2026-09-19T05:47:14.888+00:00,True,82,82.0,,82.0,86376.548349,94291.023101,94291.02296100001,1149.8905239146343,45.320403,86376.548349,9527.920907548354,112.4250725,97.70956483950619,18.149281188535646,0.8696480036298424,3,64,,False,True,,413,56.69694568066818
45,2026-09-19T05:45:41.119+00:00,2026-09-19T05:47:09.456+00:00,2026-09-19T05:47:13.808+00:00,True,45,45.0,,45.0,88337.76643999999,92689.09315999999,92689.093111,2059.757624688889,51.733818,88337.76643999999,13153.882989875827,109.9814942,98.8937890909091,15.117182154940823,0.4854940151622906,3,64,,False,True,,176,56.69694568066818
46,2026-09-19T05:45:41.651+00:00,2026-09-19T05:47:12.408+00:00,2026-09-19T05:47:16.414+00:00,True,43,43.0,,43.0,90756.669716,94762.968852,94762.968896,2203.7899743255816,43.453548000000005,90756.669716,13825.728080412357,113.03986730000001,95.38807466666667,18.62444959045188,0.45376374886646953,3,64,,False,True,,193,56.69694568066818
47,2026-09-19T05:45:41.998+00:00,2026-09-19T05:47:14.785+00:00,2026-09-19T05:47:17.535+00:00,True,25,25.0,,25.0,92786.844298,95537.65569,95537.655694,3821.50622776,0.018269999999999998,92786.844298,18535.477983137866,844.9557752,114.61714133333332,199.85196951439357,0.26167692539075743,3,64,,False,True,,137,56.69694568066818
48,2026-09-19T05:45:42.575+00:00,2026-09-19T05:47:17.787+00:00,2026-09-19T05:47:20.566+00:00,True,31,31.0,,31.0,95211.775618,97991.171202,97991.171296,3161.0055256774194,0.0,95211.775618,17085.502607358267,722.2608355,92.64651946666667,238.0159829077961,0.3163550309659661,3,64,,False,True,,93,56.69694568066818
49,2026-09-19T05:45:43.030+00:00,2026-09-19T05:47:20.408+00:00,2026-09-19T05:47:25.549+00:00,True,54,54.0,,54.0,97377.596619,102518.599627,102518.599757,1898.4925880925928,0.0,97377.596619,13238.23434745399,112.9980168,97.00005675471698,24.328963308208202,0.5267336873159765,3,64,,False,True,,279,56.69694568066818
50,2026-09-19T05:45:43.412+00:00,2026-09-19T05:47:22.030+00:00,2026-09-19T05:47:31.355+00:00,True,96,96.0,,96.0,98617.838183,107942.773351,107942.773217,1124.4038876770833,48.250786,98617.838183,10055.138821942619,111.817377,98.15721229473685,18.02643773273424,0.8893601398199636,3,64,,False,True,,468,56.69694568066818
51,2026-09-19T05:45:43.754+00:00,2026-09-19T05:47:23.615+00:00,2026-09-19T05:47:26.876+00:00,True,34,34.0,,34.0,99861.030721,103122.132545,103122.13241,3033.0038944117646,47.285799,99861.030721,17109.089859241158,113.07513465,98.8212673939394,20.651976624879183,0.32970613738193616,3,64,,False,True,,157,56.69694568066818
52,2026-09-19T05:45:44.252+00:00,2026-09-19T05:47:26.668+00:00,2026-09-19T05:47:35.404+00:00,True,91,91.0,,91.0,102415.907027,111151.37173099999,111151.37153799999,1221.4436432747252,44.448016,102415.907027,10725.94472291346,109.91339650000002,97.06071893333333,18.166367357331644,0.818703346461897,3,64,,True,True,,306,56.69694568066818
53,2026-09-19T05:45:44.688+00:00,2026-09-19T05:47:29.045+00:00,2026-09-19T05:47:30.679+00:00,True,18,18.0,,18.0,104356.947867,105990.88655499999,105990.886395,5888.3825775,52.245927,104356.947867,24574.51964424123,15747.018177749998,96.11404047058824,16.85227302710337,0.1698259216905368,3,64,,True,True,,79,56.69694568066818
54,2026-09-19T05:45:45.079+00:00,2026-09-19T05:47:31.352+00:00,2026-09-19T05:47:40.535+00:00,True,96,96.0,,96.0,106273.676287,115456.269311,115456.269133,1202.6694701354165,45.702122,106273.676287,10836.664617684724,110.69964625,96.6588739368421,19.942174409166398,0.8314836480763863,3,64,,True,True,,374,56.69694568066818
55,2026-09-19T05:45:45.631+00:00,2026-09-19T05:47:34.351+00:00,2026-09-19T05:47:40.334+00:00,True,64,64.0,,64.0,108720.31000499999,114702.96830899999,114702.96839499999,1792.2338811718748,46.265370000000004,108720.31000499999,13578.185112292635,111.35340545,94.96283022222222,21.47687361319928,0.5579628927090141,3,64,,True,True,,213,56.69694568066818
56,2026-09-19T05:45:46.227+00:00,2026-09-19T05:47:37.433+00:00,2026-09-19T05:47:46.866+00:00,True,97,97.0,,97.0,111206.234059,120639.712971,120639.713003,1243.7083814742268,45.269042999999996,111206.234059,11281.319334722932,111.01072860000001,98.26540533333333,18.085615329533432,0.8040470058422418,3,64,,True,True,,195,56.69694568066818
57,2026-09-19T05:45:46.699+00:00,2026-09-19T05:47:39.846+00:00,2026-09-19T05:47:43.444+00:00,True,37,37.0,,37.0,113147.461463,116744.832087,116744.832182,3155.2657346486485,47.222018,113147.461463,18584.90896316641,115.5969046,99.92696177777778,18.31542217358968,0.31693051708213554,3,64,,True,True,,126,56.69694568066818
58,2026-09-19T05:45:47.056+00:00,2026-09-19T05:47:42.186+00:00,2026-09-19T05:47:50.757+00:00,True,86,86.0,,86.0,115129.70756299999,123700.95569099998,123700.95577199999,1438.3832066511627,41.830940999999996,115129.70756299999,12403.891026370122,112.439159,100.83821327058823,15.069288654958982,0.6952250248965299,3,64,,True,True,,364,56.69694568066818
59,2026-09-19T05:45:47.438+00:00,2026-09-19T05:47:44.081+00:00,2026-09-19T05:47:45.217+00:00,True,13,13.0,,13.0,116642.59926,117778.54934,117778.54947900001,9059.88842146154,48.918634,116642.59926,32324.587731949923,46725.0226038,94.66250666666667,20.642349446753748,0.11037663541322745,3,64,,True,True,,63,56.69694568066818
60,2026-09-19T05:45:48.041+00:00,2026-09-19T05:47:47.276+00:00,2026-09-19T05:47:48.327+00:00,True,11,11.0,,11.0,119235.040914,120286.526354,120286.52626099999,10935.138751,99.29273500000001,119235.040914,35919.01432411,59674.921340999994,105.148544,4.839517268485728,0.09144831373405278,3,64,,True,True,,66,56.69694568066818
61,2026-09-19T05:45:48.400+00:00,2026-09-19T05:47:49.274+00:00,2026-09-19T05:47:58.326+00:00,True,93,93.0,,93.0,120874.490173,129925.567037,129925.567061,1397.0491081827956,44.932684,120874.490173,12523.910096757267,110.8000402,98.38127026086956,16.701921251811246,0.7157944515532928,3,64,,True,True,,363,56.69694568066818
62,2026-09-19T05:45:48.917+00:00,2026-09-19T05:47:52.373+00:00,2026-09-19T05:47:55.688+00:00,True,35,35.0,,35.0,123456.75567299999,126771.11548099999,126771.11554999999,3622.031872857143,46.843849,123456.75567299999,20851.528619029763,108.12639609999998,97.48117082352941,15.342138915324824,0.2760881283342946,3,64,,True,True,,201,56.69694568066818
63,2026-09-19T05:45:49.430+00:00,2026-09-19T05:47:54.460+00:00,2026-09-19T05:48:00.266+00:00,True,60,60.0,,60.0,125029.574115,130836.090595,130836.09069099999,2180.6015115166665,46.131531,125029.574115,16128.552108175172,109.68055680000002,98.41553355932203,17.07767229043708,0.4585890615283559,3,64,,True,True,,338,56.69694568066818
64,2026-09-19T05:45:49.956+00:00,2026-09-19T05:47:57.008+00:00,2026-09-19T05:47:57.008+00:00,True,1,1.0,,1.0,127052.401445,127052.401445,127052.401445,127052.401445,127052.401445,127052.401445,nan,127052.401445,nan,nan,0.007870768191917192,3,64,,True,True,,3,56.69694568066818
65,2026-09-19T05:45:50.469+00:00,2026-09-19T05:48:00.270+00:00,2026-09-19T05:48:07.295+00:00,True,72,72.0,,72.0,129800.25927400001,136825.543114,136825.543225,1900.354767013889,45.877562,129800.25927400001,15285.456401593397,111.76199755000002,98.94765971830986,17.818975100140275,0.5262175348356645,3,64,,True,True,,261,56.69694568066818
66,2026-09-19T05:45:50.991+00:00,2026-09-19T05:48:02.958+00:00,2026-09-19T05:48:06.248+00:00,True,35,35.0,,35.0,131966.737276,135256.491132,135256.490883,3864.4711680857145,45.449452,131966.737276,22290.105405205682,112.2709081,96.75746635294117,21.963457568188673,0.25876761778362767,3,64,,True,True,,45,56.69694568066818
67,2026-09-19T05:45:51.513+00:00,2026-09-19T05:48:05.658+00:00,2026-09-19T05:48:09.940+00:00,True,43,43.0,,43.0,134145.00540999998,138427.08361799998,138427.08348399997,3219.2344996279066,46.273821000000005,134145.00540999998,20441.378746531165,112.29860489999999,101.95424304761904,14.58606324125176,0.31063285360155213,3,64,,True,True,,191,56.69694568066818
68,2026-09-19T05:45:52.229+00:00,2026-09-19T05:48:07.717+00:00,2026-09-19T05:48:15.430+00:00,True,77,77.0,,77.0,135487.890129,143200.736209,143200.736433,1859.7498238051949,43.165098,135487.890129,15428.719625828684,112.7899242,101.48481684210527,14.616016392748776,0.5377067327895528,3,64,,True,True,,264,56.69694568066818
69,2026-09-19T05:45:52.485+00:00,2026-09-19T05:48:11.056+00:00,2026-09-19T05:48:16.790+00:00,True,58,58.0,,58.0,138570.827305,144305.09392900002,144305.093709,2488.0188570517244,45.821622000000005,138570.827305,18182.037710188986,110.71416885,100.60116884210527,15.219944791303787,0.40192621355789937,3,64,,True,True,,248,56.69694568066818
70,2026-09-19T05:45:53.049+00:00,2026-09-19T05:48:13.875+00:00,2026-09-19T05:48:18.292+00:00,True,45,45.0,,45.0,140826.206993,145242.952465,145242.952568,3227.6211681777777,45.136084000000004,140826.206993,20978.17450287521,113.7600934,100.3805789090909,17.211054024472688,0.3098257040102782,3,64,,True,True,,221,56.69694568066818
71,2026-09-19T05:45:53.542+00:00,2026-09-19T05:48:16.682+00:00,2026-09-19T05:48:23.829+00:00,True,72,72.0,,72.0,143139.727266,150286.64029,150286.640328,2087.314449,48.604275,143139.727266,16857.322639394664,111.31414565000001,100.66074681690142,15.45814658770253,0.47908450053221957,3,64,,True,True,,240,56.69694568066818
72,2026-09-19T05:45:53.908+00:00,2026-09-19T05:48:18.929+00:00,2026-09-19T05:48:21.132+00:00,True,23,23.0,,23.0,145020.72827700002,147223.693013,147223.692947,6401.0301281304355,51.840398,145020.72827700002,30218.036716245628,111.941071,100.13476072727273,16.06010742379195,0.15622485436477318,3,64,,True,True,,102,56.69694568066818
73,2026-09-19T05:45:54.313+00:00,2026-09-19T05:48:21.235+00:00,2026-09-19T05:48:29.935+00:00,True,91,91.0,,91.0,146922.588755,155622.263379,155622.263142,1710.1347598021978,47.632777000000004,146922.588755,15391.551487058437,110.34403450000002,96.66305137777779,19.592515169937997,0.5847492384709766,3,64,,True,True,,368,56.69694568066818
74,2026-09-19T05:45:54.713+00:00,2026-09-19T05:48:23.052+00:00,2026-09-19T05:48:29.674+00:00,True,70,70.0,,70.0,148338.70634,154961.079204,154961.07924,2213.7297034285716,45.562202,148338.70634,17718.40797132318,111.68851435,95.97641831884057,21.43574396575146,0.45172633257056644,3,64,,True,True,,325,56.69694568066818
75,2026-09-19T05:45:55.265+00:00,2026-09-19T05:48:26.464+00:00,2026-09-19T05:48:29.937+00:00,True,36,36.0,,36.0,151198.823672,154672.511736,154672.511763,4296.458660083334,45.898481,151198.823672,25183.26948248756,113.12842799999999,99.24823040000001,18.926623928907446,0.23274982474873077,3,64,,True,True,,181,56.69694568066818
76,2026-09-19T05:45:55.612+00:00,2026-09-19T05:48:28.274+00:00,2026-09-19T05:48:32.444+00:00,True,44,44.0,,44.0,152662.007499,156831.336139,156831.336048,3564.3485465454546,46.853449,152662.007499,23000.053477996316,110.37778165,96.9611311627907,18.598430822182547,0.2805561763562525,3,64,,True,True,,164,56.69694568066818
77,2026-09-19T05:45:56.163+00:00,2026-09-19T05:48:31.444+00:00,2026-09-19T05:48:33.305+00:00,True,19,19.0,,19.0,155281.27261,157142.75741000002,157142.75753700003,8270.67144931579,53.285264000000005,155281.27261,35600.24425112113,15630.553868800002,103.41582222222222,13.330999654394589,0.12090916764574289,3,64,,True,True,,60,56.69694568066818
78,2026-09-19T05:45:56.571+00:00,2026-09-19T05:48:33.299+00:00,2026-09-19T05:48:38.585+00:00,True,54,54.0,,54.0,156728.023743,162014.047423,162014.047384,3000.2601367407406,45.581243,156728.023743,21314.418735219788,114.75440585,99.7362958490566,19.261470247537805,0.33330443167691637,3,64,,True,True,,221,56.69694568066818
79,2026-09-19T05:45:57.011+00:00,2026-09-19T05:48:35.524+00:00,2026-09-19T05:48:38.042+00:00,True,27,27.0,,27.0,158512.90347299998,161030.304305,161030.30425,5964.085342592592,49.989272,158512.90347299998,30487.196803988343,114.09270690000001,96.82310892307693,22.414651807622516,0.16767030352784132,3,64,,True,True,,142,56.69694568066818
80,2026-09-19T05:45:57.549+00:00,2026-09-19T05:48:38.799+00:00,2026-09-19T05:48:41.213+00:00,True,24,24.0,,24.0,161250.08369,163664.754538,163664.754329,6819.364763708333,46.80395,161250.08369,32893.60789436126,114.4270401,104.98568904347826,13.125172432439403,0.14664122442090996,3,64,,True,True,,34,56.69694568066818
81,2026-09-19T05:45:57.934+00:00,2026-09-19T05:48:40.675+00:00,2026-09-19T05:48:44.194+00:00,True,35,35.0,,35.0,162741.265644,166259.715308,166259.715204,4750.277577257143,44.110496,162741.265644,27490.804938664052,112.4374064,103.48381364705882,11.363308210349398,0.21051401378356555,3,64,,True,True,,173,56.69694568066818
82,2026-09-19T05:45:58.463+00:00,2026-09-19T05:48:43.470+00:00,2026-09-19T05:48:45.375+00:00,True,20,20.0,,20.0,165006.725151,166912.20636699998,166912.206248,8345.6103124,48.966226,165006.725151,36874.20261559896,8357.96997885,100.28848505263157,13.619976688134127,0.11982347148431306,3,64,,True,True,,77,56.69694568066818
83,2026-09-19T05:45:59.046+00:00,2026-09-19T05:48:46.618+00:00,2026-09-19T05:48:50.428+00:00,True,40,40.0,,40.0,167572.048254,171382.002558,171382.00276,4284.550069,43.628148,167572.048254,26480.027649937685,109.08396995000001,97.691136,19.143659756760737,0.23339673596393523,3,64,,True,True,,200,56.69694568066818
84,2026-09-19T05:45:59.373+00:00,2026-09-19T05:48:48.545+00:00,2026-09-19T05:48:52.630+00:00,True,41,41.0,,41.0,169171.683903,173256.455999,173256.455983,4225.767219097561,50.497421,169171.683903,26404.232675468138,110.959139,102.11930240000001,12.206252998669058,0.23664341835687003,3,64,,True,True,,159,56.69694568066818
85,2026-09-19T05:45:59.793+00:00,2026-09-19T05:48:51.051+00:00,2026-09-19T05:48:56.926+00:00,True,59,59.0,,59.0,171257.913714,177132.743794,177132.74384399998,3002.249895661017,49.337434,171257.913714,22282.698925801647,110.55617790000001,101.29017379310343,14.285129705985478,0.333083532362685,3,64,,True,True,,193,56.69694568066818
86,2026-09-19T05:46:00.384+00:00,2026-09-19T05:48:53.838+00:00,2026-09-19T05:48:53.838+00:00,True,1,1.0,,1.0,173453.877565,173453.877565,173453.877565,173453.877565,173453.877565,173453.877565,nan,173453.877565,nan,nan,0.0057652213605040945,3,64,,True,True,,3,56.69694568066818
87,2026-09-19T05:46:00.934+00:00,2026-09-19T05:48:56.927+00:00,2026-09-19T05:49:03.674+00:00,True,69,69.0,,69.0,175992.33124,182740.154856,182740.154815,2648.4080407971014,45.212233999999995,175992.33124,21175.047318179088,111.678491,99.23270023529412,16.840962627848796,0.37758532083094865,3,64,,True,True,,88,56.69694568066818
88,2026-09-19T05:46:01.388+00:00,2026-09-19T05:48:59.298+00:00,2026-09-19T05:49:03.351+00:00,True,42,42.0,,42.0,177909.586199,181963.24251900002,181963.242403,4332.458152452381,44.689184999999995,177909.586199,27436.79447400592,110.3008096,98.86966634146341,17.189552576486197,0.23081584730286664,3,64,,True,True,,183,56.69694568066818
89,2026-09-19T05:46:01.794+00:00,2026-09-19T05:49:01.213+00:00,2026-09-19T05:49:04.415+00:00,True,33,33.0,,33.0,179418.788859,182620.641531,182620.641487,5533.958832939394,46.244061,179418.788859,31215.389133431723,112.7472004,100.057896,17.54795033170091,0.18070246453711108,3,64,,True,True,,106,56.69694568066818
90,2026-09-19T05:46:02.174+00:00,2026-09-19T05:49:03.888+00:00,2026-09-19T05:49:13.603+00:00,True,97,97.0,,97.0,181713.603082,191428.667402,191428.66737399998,1973.491416226804,46.393761,181713.603082,18439.953589078814,112.9412818,101.19858666666667,16.988960616321442,0.5067161638664083,3,64,,True,True,,483,56.69694568066818
91,2026-09-19T05:46:02.531+00:00,2026-09-19T05:49:06.117+00:00,2026-09-19T05:49:08.750+00:00,True,27,27.0,,27.0,183586.504726,186219.76911000002,186219.769101,6897.028485222223,52.133218,183586.504726,35311.752466777216,113.087215,101.27939938461539,17.953512988193737,0.1449899767841034,3,64,,True,True,,84,56.69694568066818
92,2026-09-19T05:46:03.022+00:00,2026-09-19T05:49:08.309+00:00,2026-09-19T05:49:16.010+00:00,True,77,77.0,,77.0,185286.690435,192987.504515,192987.504516,2506.3312274805194,49.942772,185286.690435,21103.836985059548,113.0261046,101.32650105263157,16.230644276199236,0.39898956252898304,3,64,,True,True,,374,56.69694568066818
93,2026-09-19T05:46:03.424+00:00,2026-09-19T05:49:10.833+00:00,2026-09-19T05:49:18.878+00:00,True,80,80.0,,80.0,187408.229494,195453.591414,195453.591525,2443.1698940625,44.878425,187408.229494,20941.49670916695,113.31204595,101.84002430379746,15.598215084483018,0.4093043234521489,3,64,,True,True,,361,56.69694568066818
94,2026-09-19T05:46:03.856+00:00,2026-09-19T05:49:12.662+00:00,2026-09-19T05:49:17.342+00:00,True,47,47.0,,47.0,188805.918646,193486.58219800002,193486.582074,4116.735788808511,46.113192000000005,188805.918646,27525.33660702197,113.81688630000001,101.75355547826088,17.057021862967748,0.24291090093215684,3,64,,True,True,,190,56.69694568066818
95,2026-09-19T05:46:04.348+00:00,2026-09-19T05:49:15.471+00:00,2026-09-19T05:49:22.945+00:00,True,76,76.0,,76.0,191123.70172,198597.133784,198597.13387000002,2613.1201825000003,47.125828999999996,191123.70172,21911.968697747358,111.86132425,99.64576085333334,17.257797640133358,0.38268427419833667,3,64,,True,True,,317,56.69694568066818
96,2026-09-19T05:46:04.704+00:00,2026-09-19T05:49:17.558+00:00,2026-09-19T05:49:25.550+00:00,True,81,81.0,,81.0,192853.951852,200846.489452,200846.489509,2479.586290234568,48.008326999999994,192853.951852,21417.122507763263,112.527836,99.90672,16.638258423089322,0.40329308329463265,3,64,,True,True,,372,56.69694568066818
97,2026-09-19T05:46:05.161+00:00,2026-09-19T05:49:19.767+00:00,2026-09-19T05:49:23.633+00:00,True,39,39.0,,39.0,194606.222439,198472.043623,198472.043665,5089.026760641026,47.940366999999995,194606.222439,31145.647670408503,111.5477015,101.73213642105263,13.219534563519256,0.19650122651067653,3,64,,True,True,,163,56.69694568066818
98,2026-09-19T05:46:05.487+00:00,2026-09-19T05:49:21.947+00:00,2026-09-19T05:49:24.908+00:00,True,30,30.0,,30.0,196459.648862,199421.093214,199421.093164,6647.369772133334,48.628144999999996,196459.648862,35849.81914020535,111.83319735,102.1187707586207,14.803175605522528,0.15043544048676344,3,64,,True,True,,152,56.69694568066818
99,2026-09-19T05:46:05.858+00:00,2026-09-19T05:49:23.953+00:00,2026-09-19T05:49:25.226+00:00,True,13,13.0,,13.0,198095.01899399998,199367.269106,199367.26906199998,15335.943774,98.593279,198095.01899399998,54912.26819749933,79304.4525576,106.02084266666667,4.006653530063152,0.06520629017137279,3,64,,True,True,,75,56.69694568066818
100,2026-09-19T05:46:06.394+00:00,2026-09-19T05:49:26.892+00:00,2026-09-19T05:49:30.600+00:00,True,37,37.0,,37.0,200497.431181,204205.287821,204205.287737,5519.061830729729,47.307899,200497.431181,32944.64519255034,113.4326312,102.99601777777778,14.2344077790035,0.18119021497833615,3,64,,True,True,,125,56.69694568066818
102,2026-09-19T05:46:07.367+00:00,2026-09-19T05:49:30.013+00:00,2026-09-19T05:49:35.366+00:00,True,52,52.0,,52.0,202646.467832,207999.609592,207999.609678,3999.9924938076924,44.726534,202646.467832,28087.45710937951,115.13435755,104.96356392156864,15.269704643005856,0.2500004692412654,3,64,,True,True,,204,56.69694568066818
101,2026-09-19T05:46:07.347+00:00,2026-09-19T05:49:31.941+00:00,2026-09-19T05:49:41.984+00:00,True,100,100.0,,100.0,204594.56506999998,214637.58638199998,214637.586406,2146.37586406,46.032584,204594.56506999998,20449.317980918604,114.14932315,101.44465971717172,15.66568057178446,0.4659016236887122,3,64,,True,True,,386,56.69694568066818
103,2026-09-19T05:46:07.666+00:00,2026-09-19T05:49:34.281+00:00,2026-09-19T05:49:39.697+00:00,True,54,54.0,,54.0,206614.53126,212030.793404,212030.79336699998,3926.496173462963,47.920677000000005,206614.53126,28102.772877468284,114.50009030000001,102.19362535849056,13.702805492407615,0.2546799883784299,3,64,,True,True,,207,56.69694568066818
104,2026-09-19T05:46:08.206+00:00,2026-09-19T05:49:37.750+00:00,2026-09-19T05:49:38.982+00:00,True,13,13.0,,13.0,209544.03651499999,210775.70601899998,210775.706106,16213.51585430769,94.917177,209544.03651499999,58088.5922249714,83882.1908522,102.63912533333333,3.769577019527627,0.06167693727866407,3,64,,True,True,,62,56.69694568066818
105,2026-09-19T05:46:08.738+00:00,2026-09-19T05:49:40.525+00:00,2026-09-19T05:49:46.639+00:00,True,63,63.0,,63.0,211787.434197,217901.055701,217901.055671,3458.7469154126984,46.835592,211787.434197,26670.29209470474,111.9909841,98.6067984516129,19.103509529918913,0.28912205036054295,3,64,,True,True,,305,56.69694568066818
106,2026-09-19T05:46:09.240+00:00,2026-09-19T05:49:43.308+00:00,2026-09-19T05:49:47.276+00:00,True,43,43.0,,43.0,214067.92588999998,218036.34291399998,218036.342942,5070.612626558139,45.668845000000005,214067.92588999998,32630.65241769055,113.65359929999998,94.48611961904761,24.204933648269954,0.19721482861671588,3,64,,True,True,,148,56.69694568066818
107,2026-09-19T05:46:09.708+00:00,2026-09-19T05:49:45.515+00:00,2026-09-19T05:49:52.428+00:00,True,73,73.0,,73.0,215807.554167,222719.917687,222719.91769,3050.9577765753425,44.808337,215807.554167,25247.135018794273,112.39286680000001,96.0050488888889,20.04463359922745,0.3277659257336415,3,64,,True,True,,108,56.69694568066818
108,2026-09-19T05:46:10.242+00:00,2026-09-19T05:49:48.264+00:00,2026-09-19T05:49:54.906+00:00,True,70,70.0,,70.0,218021.248333,224663.600717,224663.60061999998,3209.480008857143,44.627677000000006,218021.248333,26047.023765437723,109.82947895,96.26597657971014,18.400471547003754,0.31157695228154153,3,64,,True,True,,306,56.69694568066818
109,2026-09-19T05:46:10.575+00:00,2026-09-19T05:49:49.974+00:00,2026-09-19T05:49:57.442+00:00,True,76,76.0,,76.0,219399.48217899998,226867.664963,226867.66495399998,2985.1008546578946,46.224494,219399.48217899998,25155.428999675503,110.64929550000001,99.57577045333333,15.17550799582683,0.33499705659858975,3,64,,True,True,,309,56.69694568066818
110,2026-09-19T05:46:10.897+00:00,2026-09-19T05:49:51.512+00:00,2026-09-19T05:50:00.395+00:00,True,90,90.0,,90.0,220614.968669,229497.925469,229497.925377,2549.9769486333334,45.781494,220614.968669,23244.344553284132,111.81176934999999,99.80850337078651,16.412431870850373,0.3921604076205777,3,64,,True,True,,326,56.69694568066818
111,2026-09-19T05:46:11.414+00:00,2026-09-19T05:49:54.479+00:00,2026-09-19T05:49:58.384+00:00,True,40,40.0,,40.0,223065.805111,226970.43307899998,226970.432922,5674.26082305,45.775995,223065.805111,35253.97474612012,111.1382164,100.11866584615385,17.606959071325164,0.17623440840894675,3,64,,True,True,,146,56.69694568066818
112,2026-09-19T05:46:11.816+00:00,2026-09-19T05:49:56.598+00:00,2026-09-19T05:50:05.862+00:00,True,95,95.0,,95.0,224781.29231299998,234045.886745,234045.886492,2463.640910442105,45.153427,224781.29231299998,23051.969405840795,112.4189927,98.55951523404255,18.58456888445624,0.4059033094800993,3,64,,True,True,,398,56.69694568066818
113,2026-09-19T05:46:12.406+00:00,2026-09-19T05:49:59.861+00:00,2026-09-19T05:50:09.041+00:00,True,96,96.0,,96.0,227455.14328999998,236635.31967399997,236635.319543,2464.951245239583,46.144394999999996,227455.14328999998,23204.68962252396,113.3822295,96.63343562105264,20.408060514494423,0.40568753697568966,3,64,,True,True,,404,56.69694568066818
114,2026-09-19T05:46:12.960+00:00,2026-09-19T05:50:02.963+00:00,2026-09-19T05:50:08.117+00:00,True,55,55.0,,55.0,230003.311639,235157.293335,235157.293263,4275.587150236363,44.325228,230003.311639,31000.777071792185,113.88892950000002,95.44410548148147,20.322058132983628,0.23388600549015587,3,64,,True,True,,253,56.69694568066818
115,2026-09-19T05:46:13.556+00:00,2026-09-19T05:50:06.518+00:00,2026-09-19T05:50:09.858+00:00,True,37,37.0,,37.0,232961.90350400002,236301.685648,236301.685723,6386.532046567568,46.366833,232961.90350400002,38283.455804569196,119.03953999999997,92.77172622222223,22.39083437358597,0.15657950089749245,3,64,,True,True,,175,56.69694568066818
116,2026-09-19T05:46:14.106+00:00,2026-09-19T05:50:09.754+00:00,2026-09-19T05:50:19.316+00:00,True,97,97.0,,97.0,235647.496064,245209.433472,245209.433469,2527.932303804124,47.456011,235647.496064,23916.272545415377,114.261147,99.60351466666667,19.172646004519663,0.3955802133162069,3,64,,True,True,,567,56.69694568066818
117,2026-09-19T05:46:14.667+00:00,2026-09-19T05:50:12.677+00:00,2026-09-19T05:50:21.481+00:00,True,90,90.0,,90.0,238010.302849,246813.87046499999,246813.870669,2742.3763407666665,45.227906000000004,238010.302849,25078.070051081722,113.9973205,98.91649006741572,20.11770213338638,0.36464725353740873,3,64,,True,True,,335,56.69694568066818
118,2026-09-19T05:46:15.185+00:00,2026-09-19T05:50:15.329+00:00,2026-09-19T05:50:22.696+00:00,True,77,77.0,,77.0,240143.597661,247511.103069,247511.10299800002,3214.429909064935,45.234756000000004,240143.597661,27355.862279168643,112.7042444,96.94086063157896,19.54864507387935,0.31109715501746316,3,64,,True,True,,312,56.69694568066818
119,2026-09-19T05:46:15.682+00:00,2026-09-19T05:50:18.994+00:00,2026-09-19T05:50:21.331+00:00,True,25,25.0,,25.0,243312.381889,245649.70233700002,245649.702307,9825.98809228,46.487362999999995,243312.381889,48643.00222647735,116.28502479999999,97.388352,18.900139384256548,0.1017709354506084,3,64,,True,True,,105,56.69694568066818
120,2026-09-19T05:46:16.143+00:00,2026-09-19T05:50:20.922+00:00,2026-09-19T05:50:23.464+00:00,True,27,27.0,,27.0,244779.116445,247320.451997,247320.451893,9160.016736777778,44.771087,244779.116445,47088.95433622315,106.24773689999998,97.74367507692307,14.647997666112248,0.10917010615979107,3,64,,True,True,,120,56.69694568066818
121,2026-09-19T05:46:16.721+00:00,2026-09-19T05:50:23.882+00:00,2026-09-19T05:50:23.882+00:00,True,1,1.0,,1.0,247161.223186,247161.223186,247161.223186,247161.223186,247161.223186,247161.223186,nan,247161.223186,nan,nan,0.004045942106571688,3,64,,True,True,,2,56.69694568066818
122,2026-09-19T05:46:17.112+00:00,2026-09-19T05:50:25.860+00:00,2026-09-19T05:50:26.274+00:00,True,6,6.0,,6.0,248747.916943,249162.575247,249162.57506899998,41527.09584483333,46.994792000000004,248747.916943,101517.05890201851,186587.87949500003,82.9316608,30.840880182922717,0.024080662972968857,3,64,,True,True,,27,56.69694568066818
123,2026-09-19T05:46:17.485+00:00,2026-09-19T05:50:27.881+00:00,2026-09-19T05:50:28.824+00:00,True,10,10.0,,10.0,250396.509277,251339.255133,251339.255177,25133.9255177,99.52588,250396.509277,79149.20415071101,137769.1944949,104.74953955555556,4.58530856420566,0.03978686096888585,3,64,,True,True,,37,56.69694568066818
124,2026-09-19T05:46:18.057+00:00,2026-09-19T05:50:31.027+00:00,2026-09-19T05:50:34.803+00:00,True,39,39.0,,39.0,252969.873007,256746.708847,256746.708991,6583.248948487179,50.563002999999995,252969.873007,40491.686191148554,111.37602860000001,99.39041684210527,14.88185940346882,0.1519006813179475,3,64,,True,True,,146,56.69694568066818
125,2026-09-19T05:46:18.596+00:00,2026-09-19T05:50:33.338+00:00,2026-09-19T05:50:42.943+00:00,True,97,97.0,,97.0,254741.961171,264346.884051,264346.884266,2725.2256109896907,48.574028,254741.961171,25854.9745090797,112.496647,100.05128,17.469405088405914,0.36694209711693043,3,64,,True,True,,436,56.69694568066818
126,2026-09-19T05:46:19.036+00:00,2026-09-19T05:50:36.063+00:00,2026-09-19T05:50:42.838+00:00,True,69,69.0,,69.0,257026.612953,263802.093017,263802.093022,3823.2187394492753,46.713193,257026.612953,30930.3788237363,113.7413162,99.63941270588235,19.300768534817184,0.2615597139919337,3,64,,True,True,,377,56.69694568066818
127,2026-09-19T05:46:19.569+00:00,2026-09-19T05:50:38.625+00:00,2026-09-19T05:50:43.262+00:00,True,47,47.0,,47.0,259056.43960299998,263693.05067499995,263693.05067699996,5610.490439936169,49.459396,259056.43960299998,37772.56671201959,111.27205730000001,100.79589286956522,17.45179716793928,0.17823753746899917,3,64,,True,True,,152,56.69694568066818
128,2026-09-19T05:46:19.954+00:00,2026-09-19T05:50:41.246+00:00,2026-09-19T05:50:41.988+00:00,True,9,9.0,,9.0,261291.898896,262034.166288,262034.166107,29114.907345222222,48.771317,261291.898896,87066.37504781951,156819.67907920002,92.783424,25.29959905941495,0.034346666037848514,3,64,,True,True,,25,56.69694568066818
129,2026-09-19T05:46:20.481+00:00,2026-09-19T05:50:43.793+00:00,2026-09-19T05:50:44.973+00:00,True,13,13.0,,13.0,263312.830318,264492.426862,264492.426829,20345.571294538462,48.741778,263312.830318,73002.57760367735,105390.78653859999,98.299712,16.52609593079692,0.04915074565360922,3,64,,True,True,,50,56.69694568066818
130,2026-09-19T05:46:21.071+00:00,2026-09-19T05:50:47.138+00:00,2026-09-19T05:50:54.346+00:00,True,76,76.0,,76.0,266066.822375,273274.218727,273274.218736,3595.7134044210525,42.588582,266066.822375,30508.939914414073,111.17688500000003,96.09861802666667,18.484617820200647,0.2781089279260688,3,64,,True,True,,308,56.69694568066818
131,2026-09-19T05:46:21.408+00:00,2026-09-19T05:50:48.904+00:00,2026-09-19T05:50:58.534+00:00,True,100,100.0,,100.0,267495.856238,277125.499502,277125.49944,2771.2549943999998,43.41575099999999,267495.856238,26739.864943411205,110.455171,97.26912387878788,18.34894145561799,0.3608473423762952,3,64,,True,True,,453,56.69694568066818
133,2026-09-19T05:46:22.791+00:00,2026-09-19T05:50:53.325+00:00,2026-09-19T05:51:03.195+00:00,True,100,100.0,,100.0,270533.615035,280404.48581900005,280404.48570400005,2804.0448570400004,45.401306,270533.615035,27043.395893212986,111.28226795,99.70576549494949,16.47252223832871,0.3566276755805882,3,64,,True,True,,424,56.69694568066818
132,2026-09-19T05:46:22.771+00:00,2026-09-19T05:50:55.697+00:00,2026-09-19T05:51:04.584+00:00,True,89,89.0,,89.0,272926.70898299996,281813.32402299996,281813.32418099995,3166.4418447303365,46.616073,272926.70898299996,28919.473281936363,112.4164284,100.9842618181818,15.861859584373503,0.3158118953692067,3,64,,True,True,,382,56.69694568066818
134,2026-09-19T05:46:23.091+00:00,2026-09-19T05:50:58.126+00:00,2026-09-19T05:51:00.403+00:00,True,24,24.0,,24.0,275034.73902700003,277312.51489900006,277312.515,11554.688125,43.47311,275034.73902700003,56121.01812240891,110.1210253,99.03373356521739,16.380294918133124,0.08654495816296295,3,64,,True,True,,103,56.69694568066818
135,2026-09-19T05:46:23.547+00:00,2026-09-19T05:51:00.400+00:00,2026-09-19T05:51:01.661+00:00,True,14,14.0,,14.0,276852.442942,278114.02451,278114.024547,19865.28746764286,49.453966,276852.442942,73965.99423476457,96969.55864789998,97.044736,21.202182947029204,0.050339065153820056,3,64,,True,True,,58,56.69694568066818
136,2026-09-19T05:46:24.087+00:00,2026-09-19T05:51:03.294+00:00,2026-09-19T05:51:06.160+00:00,True,29,29.0,,29.0,279206.73398799996,282073.00393999997,282073.00400099996,9726.655310379309,50.781414,279206.73398799996,51828.381917426705,114.96943579999999,102.366784,14.89243104659915,0.10281026399168854,3,64,,True,True,,135,56.69694568066818
137,2026-09-19T05:46:24.432+00:00,2026-09-19T05:51:04.791+00:00,2026-09-19T05:51:11.619+00:00,True,72,72.0,,72.0,280359.047486,287187.264318,287187.26436699997,3988.712005097222,43.877589,280359.047486,33029.30290170473,112.25094010000001,96.17206805633803,20.514922418368663,0.2507074962776727,3,64,,True,True,,301,56.69694568066818
138,2026-09-19T05:46:24.912+00:00,2026-09-19T05:51:07.610+00:00,2026-09-19T05:51:10.576+00:00,True,31,31.0,,31.0,282697.449176,285663.384536,285663.38441,9214.947884193549,46.492714,282697.449176,50756.20701855203,112.21086749999999,98.864512,17.35104123511638,0.10851933316673737,3,64,,True,True,,149,56.69694568066818
139,2026-09-19T05:46:25.384+00:00,2026-09-19T05:51:10.261+00:00,2026-09-19T05:51:16.042+00:00,True,59,59.0,,59.0,284877.22053,290658.541234,290658.541203,4926.41595259322,45.807455000000004,284877.22053,37074.88172136835,112.09417499999998,99.67794317241379,16.435415441676742,0.20298732577929293,3,64,,True,True,,285,56.69694568066818
140,2026-09-19T05:46:25.945+00:00,2026-09-19T05:51:13.234+00:00,2026-09-19T05:51:18.314+00:00,True,52,52.0,,52.0,287289.512049,292369.753457,292369.75352100004,5622.495260019231,47.923019999999994,287289.512049,39826.07689308873,111.44320354999999,99.61257662745099,16.851958953971554,0.1778569752347787,3,64,,True,True,,204,56.69694568066818
141,2026-09-19T05:46:26.416+00:00,2026-09-19T05:51:15.937+00:00,2026-09-19T05:51:23.939+00:00,True,81,81.0,,81.0,289521.153222,297522.86279,297522.86277,3673.1217625925924,45.530756000000004,289521.153222,32157.908612720134,112.64331200000001,100.0213696,18.178003146577026,0.27224798538313366,3,64,,True,True,,353,56.69694568066818
142,2026-09-19T05:46:26.760+00:00,2026-09-19T05:51:17.516+00:00,2026-09-19T05:51:21.041+00:00,True,36,36.0,,36.0,290756.139195,294281.171387,294281.171416,8174.476983777778,51.363091999999995,290756.139195,48442.57298456339,113.231595,100.71520548571429,15.210613238187575,0.12233198553045556,3,64,,True,True,,163,56.69694568066818
143,2026-09-19T05:46:27.110+00:00,2026-09-19T05:51:19.164+00:00,2026-09-19T05:51:27.141+00:00,False,82,81.0,,81.0,292054.306245,300031.665605,300031.665629,3658.9227515731704,0.020460000000000002,292054.306245,32241.13424488132,114.56350305,98.48591802469136,22.06888405370166,0.26997150396331415,3,64,,True,False,Request timeout: 300.0s exceeded,437,56.69694568066818
144,2026-09-19T05:46:27.432+00:00,2026-09-19T05:51:20.666+00:00,2026-09-19T05:51:22.470+00:00,True,19,19.0,,19.0,293234.522063,295038.385359,295038.385514,15528.336079684212,51.615021,293234.522063,67249.62449201116,29426.187339500004,100.21462755555555,17.82486369017495,0.0643984001501397,3,64,,True,True,,86,56.69694568066818
145,2026-09-19T05:46:27.813+00:00,2026-09-19T05:51:23.727+00:00,2026-09-19T05:51:26.192+00:00,True,25,25.0,,25.0,295914.064463,298379.344719,298379.344926,11935.173797039999,49.502286,295914.064463,59162.27112985919,114.48383740000001,102.72001066666667,16.634546018595636,0.08378596053136271,3,64,,True,True,,78,56.69694568066818
146,2026-09-19T05:46:28.292+00:00,2026-09-19T05:51:26.399+00:00,2026-09-19T05:51:26.829+00:00,True,5,5.0,,5.0,298107.22423500003,298536.78276300005,298536.78280900005,59707.35656180001,103.873432,298107.22423500003,133269.5775045861,238507.78385540005,107.389632,2.5661734917166714,0.01674835493879278,3,64,,True,True,,18,56.69694568066818
147,2026-09-19T05:46:28.749+00:00,2026-09-19T05:51:28.406+00:00,2026-09-19T05:51:29.491+00:00,False,12,11.0,,11.0,299656.974343,300742.07591099996,300742.075893,25061.83965775,0.02127,299656.974343,86475.04657942413,134910.4575983,98.64559709090909,32.956846640442244,0.03657619229593694,3,64,,True,False,Request timeout: 300.0s exceeded,58,56.69694568066818
148,2026-09-19T05:46:29.178+00:00,2026-09-19T05:51:29.383+00:00,2026-09-19T05:51:29.603+00:00,False,4,3.0,,3.0,300204.470198,300424.936118,300424.936203,75106.23405075,0.023899999999999998,300204.470198,150065.49980143728,255191.0110385,73.48864,63.78287281581124,0.009985855497766235,3,64,,True,False,Request timeout: 300.0s exceeded,20,56.69694568066818
149,2026-09-19T05:46:29.652+00:00,2026-09-19T05:51:29.748+00:00,2026-09-19T05:51:29.748+00:00,False,1,0.0,,0.0,300095.97658200003,300095.97658200003,300095.97658200003,300095.97658200003,300095.97658200003,300095.97658200003,nan,300095.97658200003,nan,nan,0.0,3,64,,True,False,"HTTPConnectionPool(host='gpu03', port=9002): Read timed out.",0,56.69694568066818
150,2026-09-19T05:46:30.232+00:00,2026-09-19T05:51:30.319+00:00,2026-09-19T05:51:30.319+00:00,False,1,0.0,,0.0,300087.031022,300087.031022,300087.031022,300087.031022,300087.031022,300087.031022,nan,300087.031022,nan,nan,0.0,3,64,,True,False,TTFT timeout: 300.0s exceeded (TTFT: 300.075s),0,56.69694568066818
151,2026-09-19T05:46:30.557+00:00,2026-09-19T05:51:30.671+00:00,2026-09-19T05:51:30.671+00:00,False,1,0.0,,0.0,300113.999256,300113.999256,300113.999256,300113.999256,300113.999256,300113.999256,nan,300113.999256,nan,nan,0.0,3,64,,True,False,"HTTPConnectionPool(host='gpu03', port=9002): Read timed out.",0,56.69694568066818
152,2026-09-19T05:46:31.014+00:00,2026-09-19T05:51:30.982+00:00,2026-09-19T05:51:31.098+00:00,False,3,2.0,,2.0,299968.494014,300084.610494,300084.610698,100028.203566,0.03459,299968.494014,173153.38048989614,269983.25282199995,58.05824,82.05787519479651,0.006664786963608681,3,64,,True,False,Request timeout: 300.0s exceeded,8,56.69694568066818
153,2026-09-19T05:46:31.346+00:00,2026-09-19T05:51:31.096+00:00,2026-09-19T05:51:31.361+00:00,False,5,4.0,,4.0,299750.014103,300014.382231,300014.38216599997,60002.8764332,0.09223999999999999,299750.014103,134022.73174429793,239822.02832779998,66.092032,51.545326718586885,0.01333269415370943,3,64,,True,False,Request timeout: 300.0s exceeded,16,56.69694568066818
154,2026-09-19T05:46:31.826+00:00,2026-09-19T05:51:31.851+00:00,2026-09-19T05:51:31.851+00:00,False,1,0.0,,0.0,300024.952297,300024.952297,300024.952297,300024.952297,300024.952297,300024.952297,nan,300024.952297,nan,nan,0.0,3,64,,True,False,"HTTPConnectionPool(host='gpu03', port=9002): Read timed out.",0,56.69694568066818
155,2026-09-19T05:46:32.299+00:00,2026-09-19T05:51:32.413+00:00,2026-09-19T05:51:32.413+00:00,False,1,0.0,,0.0,300113.215148,300113.215148,300113.215148,300113.215148,300113.215148,300113.215148,nan,300113.215148,nan,nan,0.0,3,64,,True,False,TTFT timeout: 300.0s exceeded (TTFT: 300.093s),0,56.69694568066818
156,2026-09-19T05:46:32.717+00:00,2026-09-19T05:51:32.667+00:00,2026-09-19T05:51:32.777+00:00,False,3,2.0,,2.0,299950.386873,300060.540857,300060.54091,100020.18030333334,0.04382,299950.386873,173144.6466192216,269966.3592074,55.076992,77.82872044820802,0.006665321585730065,3,64,,True,False,Request timeout: 300.0s exceeded,4,56.69694568066818
157,2026-09-19T05:46:33.052+00:00,2026-09-19T05:51:32.912+00:00,2026-09-19T05:51:33.140+00:00,False,4,3.0,,3.0,299860.14931699994,300088.07610099996,300088.07622399996,75022.01905599999,0.04624,299860.14931699994,149892.09648717896,254898.77626144994,75.97559466666667,65.86191924130694,0.009997064991646975,3,64,,True,False,Request timeout: 300.0s exceeded,10,56.69694568066818
158,2026-09-19T05:46:33.489+00:00,2026-09-19T05:51:33.550+00:00,2026-09-19T05:51:33.550+00:00,False,1,0.0,,0.0,300060.593268,300060.593268,300060.593268,300060.593268,300060.593268,300060.593268,nan,300060.593268,nan,nan,0.0,3,64,,True,False,"HTTPConnectionPool(host='gpu03', port=9002): Read timed out.",0,56.69694568066818
159,2026-09-19T05:46:34.072+00:00,2026-09-19T05:51:34.139+00:00,2026-09-19T05:51:34.139+00:00,False,1,0.0,,0.0,300067.087644,300067.087644,300067.087644,300067.087644,300067.087644,300067.087644,nan,300067.087644,nan,nan,0.0,3,64,,True,False,TTFT timeout: 300.0s exceeded (TTFT: 300.047s),0,56.69694568066818
160,2026-09-19T05:46:34.406+00:00,2026-09-19T05:51:34.278+00:00,2026-09-19T05:51:34.548+00:00,False,4,3.0,,3.0,299871.975608,300141.6862,300141.686139,75035.42153475,0.02469,299871.975608,149891.0495665453,254912.0748473,89.90353066666667,77.96518291904871,0.009995279356166955,3,64,,True,False,Request timeout: 300.0s exceeded,10,56.69694568066818
161,2026-09-19T05:46:34.779+00:00,2026-09-19T05:51:34.547+00:00,2026-09-19T05:51:34.853+00:00,False,5,4.0,,4.0,299768.006985,300073.305161,300073.304964,60014.660992799996,0.05607,299768.006985,134026.20223487387,239836.06087039996,76.324544,51.31261492124712,0.013330076122079095,3,64,,True,False,Request timeout: 300.0s exceeded,13,56.69694568066818
162,2026-09-19T05:46:35.251+00:00,2026-09-19T05:51:35.319+00:00,2026-09-19T05:51:35.319+00:00,False,1,0.0,,0.0,300068.224559,300068.224559,300068.224559,300068.224559,300068.224559,300068.224559,nan,300068.224559,nan,nan,0.0,3,64,,True,False,"HTTPConnectionPool(host='gpu03', port=9002): Read timed out.",0,56.69694568066818
163,2026-09-19T05:46:35.701+00:00,2026-09-19T05:51:35.752+00:00,2026-09-19T05:51:35.752+00:00,False,1,0.0,,0.0,300051.61859100003,300051.61859100003,300051.61859100003,300051.61859100003,300051.61859100003,300051.61859100003,nan,300051.61859100003,nan,nan,0.0,3,64,,True,False,TTFT timeout: 300.0s exceeded (TTFT: 300.027s),0,56.69694568066818
164,2026-09-19T05:46:36.171+00:00,2026-09-19T05:51:36.019+00:00,2026-09-19T05:51:36.255+00:00,False,4,3.0,,3.0,299847.796332,300084.633964,300084.633978,75021.1584945,0.044969,299847.796332,149884.43604378312,254890.48464959997,78.94587733333333,69.74756855461689,0.009997179663520855,3,64,,True,False,Request timeout: 300.0s exceeded,17,56.69694568066818
165,2026-09-19T05:46:36.737+00:00,2026-09-19T05:51:36.796+00:00,2026-09-19T05:51:36.796+00:00,False,1,0.0,,0.0,300058.997356,300058.997356,300058.997356,300058.997356,300058.997356,300058.997356,nan,300058.997356,nan,nan,0.0,3,64,,True,False,"HTTPConnectionPool(host='gpu03', port=9002): Read timed out.",0,56.69694568066818
166,2026-09-19T05:46:37.696+00:00,2026-09-19T05:51:37.185+00:00,2026-09-19T05:51:37.185+00:00,True,1,1.0,,1.0,299489.20241100003,299489.20241100003,299489.20241100003,299489.20241100003,299489.20241100003,299489.20241100003,nan,299489.20241100003,nan,nan,0.003339018542069718,3,64,,True,True,,1,56.69694568066818
167,2026-09-19T05:46:37.716+00:00,2026-09-19T05:51:37.332+00:00,2026-09-19T05:51:37.893+00:00,False,7,6.0,,6.0,299616.23878200003,300177.325246,300177.325014,42882.47500200001,0.07161,299616.23878200003,113208.95658025885,209769.05187,93.51441066666668,46.31311659279332,0.019988185300415035,3,64,,True,False,Request timeout: 300.0s exceeded,13,56.69694568066818
168,2026-09-19T05:46:38.145+00:00,2026-09-19T05:51:38.177+00:00,2026-09-19T05:51:38.177+00:00,False,1,0.0,,0.0,300031.163652,300031.163652,300031.163652,300031.163652,300031.163652,300031.163652,nan,300031.163652,nan,nan,0.0,3,64,,True,False,"HTTPConnectionPool(host='gpu03', port=9002): Read timed out.",0,56.69694568066818
169,2026-09-19T05:46:38.473+00:00,2026-09-19T05:51:38.575+00:00,2026-09-19T05:51:38.575+00:00,False,1,0.0,,0.0,300101.941555,300101.941555,300101.941555,300101.941555,300101.941555,300101.941555,nan,300101.941555,nan,nan,0.0,3,64,,True,False,"HTTPConnectionPool(host='gpu03', port=9002): Read timed out.",0,56.69694568066818
170,2026-09-19T05:46:38.842+00:00,2026-09-19T05:51:39.173+00:00,2026-09-19T05:51:39.478+00:00,False,5,4.0,,4.0,300331.762167,300636.41189499997,300636.411728,60127.2823456,0.039200000000000006,300331.762167,134278.404253755,240303.11132499998,76.162432,80.07901356476751,0.013305108236180774,3,64,,True,False,Request timeout: 300.0s exceeded,22,56.69694568066818
171,2026-09-19T05:46:39.334+00:00,2026-09-19T05:51:39.359+00:00,2026-09-19T05:51:39.685+00:00,False,7,6.0,,6.0,300025.12639499997,300351.191803,300351.191917,42907.313130999995,0.03694,300025.12639499997,113378.30283970066,210049.46485829997,54.344234666666665,34.00471184521229,0.019976614589015493,3,64,,True,False,Request timeout: 300.0s exceeded,18,56.69694568066818
172,2026-09-19T05:46:39.736+00:00,2026-09-19T05:51:39.782+00:00,2026-09-19T05:51:39.782+00:00,False,1,0.0,,0.0,300045.749249,300045.749249,300045.749249,300045.749249,300045.749249,300045.749249,nan,300045.749249,nan,nan,0.0,3,64,,True,False,"HTTPConnectionPool(host='gpu03', port=9002): Read timed out.",0,56.69694568066818
173,2026-09-19T05:46:40.266+00:00,2026-09-19T05:51:40.312+00:00,2026-09-19T05:51:40.312+00:00,False,1,0.0,,0.0,300046.450383,300046.450383,300046.450383,300046.450383,300046.450383,300046.450383,nan,300046.450383,nan,nan,0.0,3,64,,True,False,"HTTPConnectionPool(host='gpu03', port=9002): Read timed out.",0,56.69694568066818
174,2026-09-19T05:46:40.630+00:00,2026-09-19T05:51:40.706+00:00,2026-09-19T05:51:40.706+00:00,False,1,0.0,,0.0,300076.152374,300076.152374,300076.152374,300076.152374,300076.152374,300076.152374,nan,300076.152374,nan,nan,0.0,3,64,,True,False,"HTTPConnectionPool(host='gpu03', port=9002): Read timed out.",0,56.69694568066818
175,2026-09-19T05:46:40.955+00:00,2026-09-19T05:51:40.954+00:00,2026-09-19T05:51:41.082+00:00,False,3,2.0,,2.0,299999.27912699996,300127.56175099994,300127.561833,100042.52061099999,0.03742,299999.27912699996,173167.64439837966,270012.17574289994,64.141312,90.6566556926969,0.006663833165909951,3,64,,True,False,Request timeout: 300.0s exceeded,3,56.69694568066818
176,2026-09-19T05:46:41.403+00:00,2026-09-19T05:51:41.080+00:00,2026-09-19T05:51:41.423+00:00,False,6,5.0,,5.0,299676.47638999997,300019.30263,300019.30262399995,50003.217103999996,0.02188,299676.47638999997,122314.42374681699,224782.86056399997,68.565248,43.587698239384196,0.016665594367327327,3,64,,True,False,Request timeout: 300.0s exceeded,36,56.69694568066818
177,2026-09-19T05:46:41.895+00:00,2026-09-19T05:51:41.955+00:00,2026-09-19T05:51:41.955+00:00,False,1,0.0,,0.0,300059.37070599996,300059.37070599996,300059.37070599996,300059.37070599996,300059.37070599996,300059.37070599996,nan,300059.37070599996,nan,nan,0.0,3,64,,True,False,"HTTPConnectionPool(host='gpu03', port=9002): Read timed out.",0,56.69694568066818
178,2026-09-19T05:46:42.411+00:00,2026-09-19T05:51:42.520+00:00,2026-09-19T05:51:42.520+00:00,False,1,0.0,,0.0,300108.947368,300108.947368,300108.947368,300108.947368,300108.947368,300108.947368,nan,300108.947368,nan,nan,0.0,3,64,,True,False,"HTTPConnectionPool(host='gpu03', port=9002): Read timed out.",0,56.69694568066818
179,2026-09-19T05:46:42.775+00:00,2026-09-19T05:51:42.683+00:00,2026-09-19T05:51:42.818+00:00,False,3,2.0,,2.0,299907.43133999995,300043.09572399996,300043.09579899994,100014.36526633332,0.04567,299907.43133999995,173112.4865319255,269930.25008489995,67.832192,95.86476300828554,0.006665709121464791,3,64,,True,False,Request timeout: 300.0s exceeded,11,56.69694568066818
180,2026-09-19T05:46:43.120+00:00,2026-09-19T05:51:42.923+00:00,2026-09-19T05:51:43.138+00:00,False,4,3.0,,3.0,299802.742858,300018.27565799997,300018.275793,75004.56894825,0.02176,299802.742858,149865.45790172374,254848.98102354995,71.84426666666667,62.284533781176506,0.009999390848508814,3,64,,True,False,Request timeout: 300.0s exceeded,9,56.69694568066818
181,2026-09-19T05:46:43.577+00:00,2026-09-19T05:51:43.686+00:00,2026-09-19T05:51:43.686+00:00,False,1,0.0,,0.0,300109.350347,300109.350347,300109.350347,300109.350347,300109.350347,300109.350347,nan,300109.350347,nan,nan,0.0,3,64,,True,False,"HTTPConnectionPool(host='gpu03', port=9002): Read timed out.",0,56.69694568066818
182,2026-09-19T05:46:44.046+00:00,2026-09-19T05:51:44.156+00:00,2026-09-19T05:51:44.156+00:00,False,1,0.0,,0.0,300109.404491,300109.404491,300109.404491,300109.404491,300109.404491,300109.404491,nan,300109.404491,nan,nan,0.0,3,64,,True,False,"HTTPConnectionPool(host='gpu03', port=9002): Read timed out.",0,56.69694568066818
183,2026-09-19T05:46:44.504+00:00,2026-09-19T05:51:44.350+00:00,2026-09-19T05:51:44.629+00:00,False,4,3.0,,3.0,299846.400028,300125.241884,300125.241738,75031.3104345,0.027989999999999998,299846.400028,149876.74093975214,254891.55077409997,92.94728533333333,80.86680484431227,0.009995827012642662,3,64,,True,False,Request timeout: 300.0s exceeded,11,56.69694568066818
184,2026-09-19T05:46:45.011+00:00,2026-09-19T05:51:44.737+00:00,2026-09-19T05:51:45.099+00:00,False,6,5.0,,5.0,299725.867561,300088.180009,300088.17986,50014.69664333333,0.03678,299725.867561,122332.99757101995,224821.0876295,72.4624896,46.9474617097928,0.016661769216801688,3,64,,True,False,Request timeout: 300.0s exceeded,24,56.69694568066818
185,2026-09-19T05:46:45.534+00:00,2026-09-19T05:51:45.642+00:00,2026-09-19T05:51:45.642+00:00,False,1,0.0,,0.0,300108.605829,300108.605829,300108.605829,300108.605829,300108.605829,300108.605829,nan,300108.605829,nan,nan,0.0,3,64,,True,False,"HTTPConnectionPool(host='gpu03', port=9002): Read timed out.",0,56.69694568066818
186,2026-09-19T05:46:46.119+00:00,2026-09-19T05:51:46.011+00:00,2026-09-19T05:51:46.169+00:00,False,3,2.0,,2.0,299891.311517,300049.551005,300049.551104,100016.51703466667,0.07791,299891.311517,173096.66764451473,269917.996533,79.119744,111.78215526000919,0.006665565715066416,3,64,,True,False,Request timeout: 300.0s exceeded,3,56.69694568066818
187,2026-09-19T05:46:46.637+00:00,2026-09-19T05:51:46.390+00:00,2026-09-19T05:51:46.683+00:00,False,5,4.0,,4.0,299752.23705299996,300045.416445,300045.41643999994,60009.083287999994,0.05589,299752.23705299996,134020.5039287522,239821.72043259998,73.294848,48.89358407680397,0.013331315130198706,3,64,,True,False,Request timeout: 300.0s exceeded,13,56.69694568066818
188,2026-09-19T05:46:47.047+00:00,2026-09-19T05:51:47.065+00:00,2026-09-19T05:51:47.065+00:00,False,1,0.0,,0.0,300018.01354400004,300018.01354400004,300018.01354400004,300018.01354400004,300018.01354400004,300018.01354400004,nan,300018.01354400004,nan,nan,0.0,3,64,,True,False,"HTTPConnectionPool(host='gpu03', port=9002): Read timed out.",0,56.69694568066818
189,2026-09-19T05:46:47.514+00:00,2026-09-19T05:51:47.543+00:00,2026-09-19T05:51:47.543+00:00,False,1,0.0,,0.0,300029.447902,300029.447902,300029.447902,300029.447902,300029.447902,300029.447902,nan,300029.447902,nan,nan,0.0,3,64,,True,False,TTFT timeout: 300.0s exceeded (TTFT: 300.024s),0,56.69694568066818
190,2026-09-19T05:46:47.860+00:00,2026-09-19T05:51:47.827+00:00,2026-09-19T05:51:47.932+00:00,False,3,2.0,,2.0,299966.856133,300072.195781,300072.195831,100024.065277,0.02247,299966.856133,173155.54418848717,269980.7022425,52.669824,74.4545200254708,0.0066650627019760565,3,64,,True,False,Request timeout: 300.0s exceeded,4,56.69694568066818
191,2026-09-19T05:46:48.346+00:00,2026-09-19T05:51:48.066+00:00,2026-09-19T05:51:48.370+00:00,False,5,4.0,,4.0,299720.456403,300023.992019,300023.992197,60004.7984394,0.037079,299720.456403,134005.13383934196,239797.9581912,75.883904,50.79397676889684,0.013332267106647549,3,64,,True,False,Request timeout: 300.0s exceeded,13,56.69694568066818
192,2026-09-19T05:46:48.690+00:00,2026-09-19T05:51:48.719+00:00,2026-09-19T05:51:48.719+00:00,False,1,0.0,,0.0,300029.090031,300029.090031,300029.090031,300029.090031,300029.090031,300029.090031,nan,300029.090031,nan,nan,0.0,3,64,,True,False,"HTTPConnectionPool(host='gpu03', port=9002): Read timed out.",0,56.69694568066818
193,2026-09-19T05:46:49.082+00:00,2026-09-19T05:51:49.184+00:00,2026-09-19T05:51:49.184+00:00,False,1,0.0,,0.0,300101.551158,300101.551158,300101.551158,300101.551158,300101.551158,300101.551158,nan,300101.551158,nan,nan,0.0,3,64,,True,False,"HTTPConnectionPool(host='gpu03', port=9002): Read timed out.",0,56.69694568066818
194,2026-09-19T05:46:49.445+00:00,2026-09-19T05:51:49.391+00:00,2026-09-19T05:51:49.522+00:00,False,3,2.0,,2.0,299946.197979,300076.555995,300076.55589899997,100025.518633,0.08244,299946.197979,173136.39929310512,269964.6057291,65.179008,92.06046064325093,0.006664965856357419,3,64,,True,False,Request timeout: 300.0s exceeded,5,56.69694568066818
195,2026-09-19T05:46:49.971+00:00,2026-09-19T05:51:49.864+00:00,2026-09-19T05:51:50.012+00:00,False,5,4.0,,4.0,299892.630292,300040.34562000004,300040.345549,60008.0691098,0.06591899999999999,299892.630292,134099.54808302113,239924.15317099998,36.928832,24.612497500239073,0.01333154043578521,3,64,,True,False,Request timeout: 300.0s exceeded,13,56.69694568066818
196,2026-09-19T05:46:50.432+00:00,2026-09-19T05:51:50.755+00:00,2026-09-19T05:51:51.463+00:00,False,8,7.0,,7.0,300322.17026499996,301031.06396099995,301031.064043,37628.883005375,0.038450000000000005,300322.17026499996,106144.12631618799,195261.98465524998,101.270528,47.97067670071101,0.02325341414235869,3,64,,True,False,Request timeout: 300.0s exceeded,48,56.69694568066818
197,2026-09-19T05:46:50.803+00:00,2026-09-19T05:51:51.000+00:00,2026-09-19T05:51:51.466+00:00,False,6,5.0,,5.0,300197.62619,300662.792014,300662.79200699995,50110.4653345,0.02305,300197.62619,122517.19673209391,225183.71873999998,93.0331648,54.41904062084435,0.01662992605938144,3,64,,True,False,Request timeout: 300.0s exceeded,19,56.69694568066818
198,2026-09-19T05:46:51.214+00:00,2026-09-19T05:51:51.363+00:00,2026-09-19T05:51:51.568+00:00,False,4,3.0,,3.0,300148.545765,300353.351653,300353.35177199997,75088.33794299999,0.022690000000000002,300148.545765,150040.14634988917,255142.27051094998,68.26862933333332,59.26046253415946,0.00998823546828909,3,64,,True,False,Request timeout: 300.0s exceeded,9,56.69694568066818
199,2026-09-19T05:46:51.800+00:00,2026-09-19T05:51:51.819+00:00,2026-09-19T05:51:51.819+00:00,False,1,0.0,,0.0,300018.97622899996,300018.97622899996,300018.97622899996,300018.97622899996,300018.97622899996,300018.97622899996,nan,300018.97622899996,nan,nan,0.0,3,64,,True,False,"HTTPConnectionPool(host='gpu03', port=9002): Read timed out.",0,56.69694568066818
200,2026-09-19T05:46:52.221+00:00,2026-09-19T05:51:52.247+00:00,2026-09-19T05:51:52.247+00:00,False,1,0.0,,0.0,300026.320734,300026.320734,300026.320734,300026.320734,300026.320734,300026.320734,nan,300026.320734,nan,nan,0.0,3,64,,True,False,"HTTPConnectionPool(host='gpu03', port=9002): Read timed out.",0,56.69694568066818
201,2026-09-19T05:46:52.653+00:00,2026-09-19T05:51:52.767+00:00,2026-09-19T05:51:52.767+00:00,False,1,0.0,,0.0,300113.648071,300113.648071,300113.648071,300113.648071,300113.648071,300113.648071,nan,300113.648071,nan,nan,0.0,3,64,,True,False,"HTTPConnectionPool(host='gpu03', port=9002): Read timed out.",0,56.69694568066818
202,2026-09-19T05:46:53.144+00:00,2026-09-19T05:51:52.988+00:00,2026-09-19T05:51:53.167+00:00,False,4,3.0,,3.0,299843.37786,300022.625732,300022.62578,75005.656445,0.02262,299843.37786,149891.82045343315,254881.82861625002,59.74929066666667,52.70245709189132,0.009999245865809461,3,64,,True,False,Request timeout: 300.0s exceeded,6,56.69694568066818
203,2026-09-19T05:46:53.513+00:00,2026-09-19T05:51:53.068+00:00,2026-09-19T05:51:53.577+00:00,False,7,6.0,,6.0,299555.532557,300064.386573,300064.386536,42866.34093371429,0.045519,299555.532557,113189.30058041694,209720.3012345,84.80900266666667,41.59257206333009,0.01999570848285361,3,64,,True,False,Request timeout: 300.0s exceeded,13,56.69694568066818
204,2026-09-19T05:46:53.988+00:00,2026-09-19T05:51:54.091+00:00,2026-09-19T05:51:54.091+00:00,False,1,0.0,,0.0,300103.11301800003,300103.11301800003,300103.11301800003,300103.11301800003,300103.11301800003,300103.11301800003,nan,300103.11301800003,nan,nan,0.0,3,64,,True,False,"HTTPConnectionPool(host='gpu03', port=9002): Read timed out.",0,56.69694568066818
205,2026-09-19T05:46:54.532+00:00,2026-09-19T05:51:54.531+00:00,2026-09-19T05:51:54.643+00:00,False,3,2.0,,2.0,299999.36517400004,300111.31448600005,300111.31453900004,100037.10484633334,0.05096,299999.36517400004,173172.40627182755,270010.6184971,55.974656,79.088071968647,0.006664193928927324,3,64,,True,False,Request timeout: 300.0s exceeded,4,56.69694568066818
207,2026-09-19T05:46:55.687+00:00,2026-09-19T05:51:55.121+00:00,2026-09-19T05:51:55.926+00:00,False,10,9.0,,9.0,299433.59101599996,300238.46704799996,300238.46693799994,30023.846693799995,0.04058,299433.59101599996,94660.94246387,164742.37452205,89.43067022222222,39.602586531690434,0.029976172235655418,3,64,,True,False,Request timeout: 300.0s exceeded,29,56.69694568066818
206,2026-09-19T05:46:55.657+00:00,2026-09-19T05:51:55.924+00:00,2026-09-19T05:51:56.026+00:00,False,3,2.0,,2.0,300267.51265,300369.081418,300369.08154,100123.02717999999,0.03972,300267.51265,173330.21627248204,270250.914302,50.784384,71.76384861540824,0.006658474935430379,3,64,,True,False,Request timeout: 300.0s exceeded,4,56.69694568066818
208,2026-09-19T05:46:55.865+00:00,2026-09-19T05:51:56.106+00:00,2026-09-19T05:51:56.106+00:00,False,1,0.0,,0.0,300241.339981,300241.339981,300241.339981,300241.339981,300241.339981,300241.339981,nan,300241.339981,nan,nan,0.0,3,64,,True,False,"HTTPConnectionPool(host='gpu03', port=9002): Read timed out.",0,56.69694568066818
209,2026-09-19T05:46:56.206+00:00,2026-09-19T05:51:56.214+00:00,2026-09-19T05:51:56.214+00:00,False,1,0.0,,0.0,300007.648018,300007.648018,300007.648018,300007.648018,300007.648018,300007.648018,nan,300007.648018,nan,nan,0.0,3,64,,True,False,"HTTPConnectionPool(host='gpu03', port=9002): Read timed out.",0,56.69694568066818
210,2026-09-19T05:46:56.557+00:00,2026-09-19T05:51:56.567+00:00,2026-09-19T05:51:56.567+00:00,False,1,0.0,,0.0,300009.648943,300009.648943,300009.648943,300009.648943,300009.648943,300009.648943,nan,300009.648943,nan,nan,0.0,3,64,,True,False,"HTTPConnectionPool(host='gpu03', port=9002): Read timed out.",0,56.69694568066818
211,2026-09-19T05:46:57.115+00:00,2026-09-19T05:51:57.221+00:00,2026-09-19T05:51:57.221+00:00,False,1,0.0,,0.0,300105.692455,300105.692455,300105.692455,300105.692455,300105.692455,300105.692455,nan,300105.692455,nan,nan,0.0,3,64,,True,False,"HTTPConnectionPool(host='gpu03', port=9002): Read timed out.",0,56.69694568066818
212,2026-09-19T05:46:57.659+00:00,2026-09-19T05:51:57.407+00:00,2026-09-19T05:51:57.711+00:00,False,5,4.0,,4.0,299747.559635,300052.391123,300052.39106600004,60010.478213200004,0.02225,299747.559635,134017.10992039542,239818.75471720003,76.207872,50.809633869120844,0.013331005245548222,3,64,,True,False,Request timeout: 300.0s exceeded,21,56.69694568066818
213,2026-09-19T05:46:58.100+00:00,2026-09-19T05:51:57.812+00:00,2026-09-19T05:51:58.117+00:00,False,5,4.0,,4.0,299711.360274,300016.295954,300016.295955,60003.259191,0.04165,299711.360274,134000.909415347,239789.473699,76.23392,50.79558366983209,0.013332609108050918,3,64,,True,False,Request timeout: 300.0s exceeded,7,56.69694568066818
214,2026-09-19T05:46:58.557+00:00,2026-09-19T05:51:58.630+00:00,2026-09-19T05:51:58.630+00:00,False,1,0.0,,0.0,300073.33593400003,300073.33593400003,300073.33593400003,300073.33593400003,300073.33593400003,300073.33593400003,nan,300073.33593400003,nan,nan,0.0,3,64,,True,False,"HTTPConnectionPool(host='gpu03', port=9002): Read timed out.",0,56.69694568066818
215,2026-09-19T05:46:59.052+00:00,2026-09-19T05:51:59.074+00:00,2026-09-19T05:51:59.074+00:00,False,1,0.0,,0.0,300021.75243500003,300021.75243500003,300021.75243500003,300021.75243500003,300021.75243500003,300021.75243500003,nan,300021.75243500003,nan,nan,0.0,3,64,,True,False,TTFT timeout: 300.0s exceeded (TTFT: 300.015s),0,56.69694568066818
216,2026-09-19T05:46:59.605+00:00,2026-09-19T05:51:59.423+00:00,2026-09-19T05:51:59.621+00:00,False,4,3.0,,3.0,299817.627344,300015.595728,300015.595729,75003.89893225,0.02942,299817.627344,149875.82619939296,254859.9295778,65.98946133333334,57.12701724882157,0.009999480169423787,3,64,,True,False,Request timeout: 300.0s exceeded,11,56.69694568066818
217,2026-09-19T05:47:00.083+00:00,2026-09-19T05:52:00.095+00:00,2026-09-19T05:52:00.095+00:00,False,1,0.0,,0.0,300012.220874,300012.220874,300012.220874,300012.220874,300012.220874,300012.220874,nan,300012.220874,nan,nan,0.0,3,64,,True,False,"HTTPConnectionPool(host='gpu03', port=9002): Read timed out.",0,56.69694568066818
218,2026-09-19T05:47:00.501+00:00,2026-09-19T05:52:00.542+00:00,2026-09-19T05:52:00.542+00:00,False,1,0.0,,0.0,300041.55477600003,300041.55477600003,300041.55477600003,300041.55477600003,300041.55477600003,300041.55477600003,nan,300041.55477600003,nan,nan,0.0,3,64,,True,False,"HTTPConnectionPool(host='gpu03', port=9002): Read timed out.",0,56.69694568066818
219,2026-09-19T05:47:00.857+00:00,2026-09-19T05:52:00.801+00:00,2026-09-19T05:52:00.909+00:00,False,3,2.0,,2.0,299943.505857,300051.790273,300051.79045100004,100017.26348366667,0.035499,299943.505857,173141.21323268535,269959.9801808,54.142208,76.51868351369357,0.0066655159703606975,3,64,,True,False,Request timeout: 300.0s exceeded,7,56.69694568066818
220,2026-09-19T05:47:01.260+00:00,2026-09-19T05:52:01.130+00:00,2026-09-19T05:52:01.278+00:00,False,4,3.0,,3.0,299869.64513300004,300017.94977300003,300017.94999900006,75004.48749975002,0.06235,299869.64513300004,149910.1128522356,254906.43389825005,49.43488,59.08844628970696,0.009999401710030562,3,64,,True,False,Request timeout: 300.0s exceeded,13,56.69694568066818
221,2026-09-19T05:47:01.672+00:00,2026-09-19T05:52:01.704+00:00,2026-09-19T05:52:01.704+00:00,False,1,0.0,,0.0,300032.524718,300032.524718,300032.524718,300032.524718,300032.524718,300032.524718,nan,300032.524718,nan,nan,0.0,3,64,,True,False,"HTTPConnectionPool(host='gpu03', port=9002): Read timed out.",0,56.69694568066818
222,2026-09-19T05:47:02.041+00:00,2026-09-19T05:52:02.151+00:00,2026-09-19T05:52:02.151+00:00,False,1,0.0,,0.0,300110.431616,300110.431616,300110.431616,300110.431616,300110.431616,300110.431616,nan,300110.431616,nan,nan,0.0,3,64,,True,False,"HTTPConnectionPool(host='gpu03', port=9002): Read timed out.",0,56.69694568066818
223,2026-09-19T05:47:02.452+00:00,2026-09-19T05:52:02.335+00:00,2026-09-19T05:52:02.602+00:00,False,4,3.0,,3.0,299883.578378,300150.353162,300150.353202,75037.5883005,0.02595,299883.578378,149897.3399902377,254922.0082112,88.924928,77.25464260855618,0.00999499073846104,3,64,,True,False,Request timeout: 300.0s exceeded,6,56.69694568066818
224,2026-09-19T05:47:03.006+00:00,2026-09-19T05:52:02.602+00:00,2026-09-19T05:52:03.098+00:00,False,9,8.0,,8.0,299595.87730299996,300092.12715899997,300092.127175,33343.56968611111,0.0868,299595.87730299996,99844.62073415193,179800.31450059998,62.031232,35.03292724788159,0.0266584800998838,3,64,,True,False,Request timeout: 300.0s exceeded,35,56.69694568066818
225,2026-09-19T05:47:03.462+00:00,2026-09-19T05:52:03.511+00:00,2026-09-19T05:52:03.511+00:00,False,1,0.0,,0.0,300048.75065,300048.75065,300048.75065,300048.75065,300048.75065,300048.75065,nan,300048.75065,nan,nan,0.0,3,64,,True,False,"HTTPConnectionPool(host='gpu03', port=9002): Read timed out.",0,56.69694568066818
226,2026-09-19T05:47:04.023+00:00,2026-09-19T05:52:04.083+00:00,2026-09-19T05:52:05.053+00:00,False,11,10.0,,10.0,300060.148849,301030.661233,301030.661335,27366.423757727272,0.02209,300060.148849,90442.28295086499,150093.5379435,97.0512384,34.92703392002716,0.033219207502121935,3,64,,True,False,Request timeout: 300.0s exceeded,30,56.69694568066818
227,2026-09-19T05:47:04.522+00:00,2026-09-19T05:52:04.430+00:00,2026-09-19T05:52:05.047+00:00,True,7,7.0,,7.0,299908.07065899996,300525.03833899996,300525.03826199996,42932.14832314285,98.440988,299908.07065899996,113315.73065020908,209968.31142219997,102.82794666666668,4.6112300250366465,0.023292568361987266,3,64,,True,True,,24,56.69694568066818
228,2026-09-19T05:47:05.075+00:00,2026-09-19T05:52:04.737+00:00,2026-09-19T05:52:04.737+00:00,True,1,1.0,,1.0,299662.18774,299662.18774,299662.18774,299662.18774,299662.18774,299662.18774,nan,299662.18774,nan,nan,0.0033370910342136444,3,64,,True,True,,3,56.69694568066818
229,2026-09-19T05:47:05.546+00:00,2026-09-19T05:52:05.592+00:00,2026-09-19T05:52:05.592+00:00,False,1,0.0,,0.0,300046.101325,300046.101325,300046.101325,300046.101325,300046.101325,300046.101325,nan,300046.101325,nan,nan,0.0,3,64,,True,False,"HTTPConnectionPool(host='gpu03', port=9002): Read timed out.",0,56.69694568066818
230,2026-09-19T05:47:06.082+00:00,2026-09-19T05:52:06.169+00:00,2026-09-19T05:52:06.169+00:00,False,1,0.0,,0.0,300086.86344499997,300086.86344499997,300086.86344499997,300086.86344499997,300086.86344499997,300086.86344499997,nan,300086.86344499997,nan,nan,0.0,3,64,,True,False,"HTTPConnectionPool(host='gpu03', port=9002): Read timed out.",0,56.69694568066818
232,2026-09-19T05:47:06.974+00:00,2026-09-19T05:52:06.547+00:00,2026-09-19T05:52:06.995+00:00,False,8,7.0,,7.0,299572.70922799996,300021.02948399994,300021.029527,37502.628690875,0.03617,299572.70922799996,105892.30908327557,194758.18602265,64.04575085714286,37.20104946201253,0.023331697821446576,3,64,,True,False,Request timeout: 300.0s exceeded,45,56.69694568066818
231,2026-09-19T05:47:06.450+00:00,2026-09-19T05:52:06.549+00:00,2026-09-19T05:52:06.549+00:00,False,1,0.0,,0.0,300098.503055,300098.503055,300098.503055,300098.503055,300098.503055,300098.503055,nan,300098.503055,nan,nan,0.0,3,64,,True,False,TTFT timeout: 300.0s exceeded (TTFT: 300.089s),0,56.69694568066818
233,2026-09-19T05:47:07.409+00:00,2026-09-19T05:52:07.427+00:00,2026-09-19T05:52:07.427+00:00,False,1,0.0,,0.0,300018.247046,300018.247046,300018.247046,300018.247046,300018.247046,300018.247046,nan,300018.247046,nan,nan,0.0,3,64,,True,False,"HTTPConnectionPool(host='gpu03', port=9002): Read timed out.",0,56.69694568066818
234,2026-09-19T05:47:07.852+00:00,2026-09-19T05:52:07.955+00:00,2026-09-19T05:52:07.955+00:00,False,1,0.0,,0.0,300103.07235699997,300103.07235699997,300103.07235699997,300103.07235699997,300103.07235699997,300103.07235699997,nan,300103.07235699997,nan,nan,0.0,3,64,,True,False,"HTTPConnectionPool(host='gpu03', port=9002): Read timed out.",0,56.69694568066818
235,2026-09-19T05:47:08.411+00:00,2026-09-19T05:52:08.268+00:00,2026-09-19T05:52:08.509+00:00,False,4,3.0,,3.0,299857.49936,300098.788832,300098.78881600004,75024.69720400001,0.053899999999999997,299857.49936,149888.5455871825,254897.61402245003,80.429824,69.74118699800489,0.009996708122935636,3,64,,True,False,Request timeout: 300.0s exceeded,9,56.69694568066818
236,2026-09-19T05:47:08.774+00:00,2026-09-19T05:52:08.603+00:00,2026-09-19T05:52:08.865+00:00,False,5,4.0,,4.0,299829.102218,300090.75521,300090.755195,60018.151039,0.02991,299829.102218,134058.40437878625,239884.6551658,65.413248,50.84820889471167,0.013329300988298846,3,64,,True,False,Request timeout: 300.0s exceeded,9,56.69694568066818
237,2026-09-19T05:47:09.291+00:00,2026-09-19T05:52:09.398+00:00,2026-09-19T05:52:09.398+00:00,False,1,0.0,,0.0,300106.947737,300106.947737,300106.947737,300106.947737,300106.947737,300106.947737,nan,300106.947737,nan,nan,0.0,3,64,,True,False,"HTTPConnectionPool(host='gpu03', port=9002): Read timed out.",0,56.69694568066818
238,2026-09-19T05:47:09.645+00:00,2026-09-19T05:52:09.599+00:00,2026-09-19T05:52:09.732+00:00,False,3,2.0,,2.0,299953.666985,300086.64695300005,300086.646948,100028.882316,0.023719999999999998,299953.666985,173139.95512727107,269971.59591080004,66.489984,93.99736753827712,0.006664741734787161,3,64,,True,False,Request timeout: 300.0s exceeded,8,56.69694568066818
239,2026-09-19T05:47:10.174+00:00,2026-09-19T05:52:09.995+00:00,2026-09-19T05:52:10.205+00:00,False,4,3.0,,3.0,299821.284301,300031.185101,300031.184996,75007.796249,0.039479999999999994,299821.284301,149875.66686178336,254864.0311297,69.96693333333333,60.573440997716396,0.009998960604678827,3,64,,True,False,Request timeout: 300.0s exceeded,11,56.69694568066818
240,2026-09-19T05:47:10.706+00:00,2026-09-19T05:52:10.822+00:00,2026-09-19T05:52:10.822+00:00,False,1,0.0,,0.0,300116.052938,300116.052938,300116.052938,300116.052938,300116.052938,300116.052938,nan,300116.052938,nan,nan,0.0,3,64,,True,False,"HTTPConnectionPool(host='gpu03', port=9002): Read timed out.",0,56.69694568066818
241,2026-09-19T05:47:11.162+00:00,2026-09-19T05:52:11.225+00:00,2026-09-19T05:52:11.225+00:00,False,1,0.0,,0.0,300062.993258,300062.993258,300062.993258,300062.993258,300062.993258,300062.993258,nan,300062.993258,nan,nan,0.0,3,64,,True,False,TTFT timeout: 300.0s exceeded (TTFT: 300.058s),0,56.69694568066818
242,2026-09-19T05:47:11.490+00:00,2026-09-19T05:52:11.506+00:00,2026-09-19T05:52:11.506+00:00,False,1,0.0,,0.0,300016.441216,300016.441216,300016.441216,300016.441216,300016.441216,300016.441216,nan,300016.441216,nan,nan,0.0,3,64,,True,False,TTFT timeout: 300.0s exceeded (TTFT: 300.004s),0,56.69694568066818
243,2026-09-19T05:47:12.080+00:00,2026-09-19T05:52:11.833+00:00,2026-09-19T05:52:12.128+00:00,False,5,4.0,,4.0,299752.885527,300047.415575,300047.415713,60009.4831426,0.02427,299752.885527,134020.6429823284,239822.69836540002,73.632512,49.152859162268825,0.013331226307463922,3,64,,True,False,Request timeout: 300.0s exceeded,13,56.69694568066818
244,2026-09-19T05:47:12.463+00:00,2026-09-19T05:52:12.531+00:00,2026-09-19T05:52:12.531+00:00,False,1,0.0,,0.0,300067.698271,300067.698271,300067.698271,300067.698271,300067.698271,300067.698271,nan,300067.698271,nan,nan,0.0,3,64,,True,False,"HTTPConnectionPool(host='gpu03', port=9002): Read timed out.",0,56.69694568066818
245,2026-09-19T05:47:12.951+00:00,2026-09-19T05:52:12.943+00:00,2026-09-19T05:52:13.096+00:00,False,3,2.0,,2.0,299991.810193,300144.191889,300144.19186900003,100048.06395633334,0.04022,299991.810193,173156.38031352192,270007.86331930006,76.190848,107.6932904988081,0.00666346394182315,3,64,,True,False,Request timeout: 300.0s exceeded,4,56.69694568066818
246,2026-09-19T05:47:13.304+00:00,2026-09-19T05:52:13.095+00:00,2026-09-19T05:52:13.355+00:00,False,4,3.0,,3.0,299791.214917,300051.123269,300051.12305899995,75012.78076474999,0.04276,299791.214917,149852.30198747432,254842.68203995,86.63611733333333,75.1208062922187,0.009998296181382593,3,64,,True,False,Request timeout: 300.0s exceeded,10,56.69694568066818
247,2026-09-19T05:47:13.671+00:00,2026-09-19T05:52:13.467+00:00,2026-09-19T05:52:13.715+00:00,False,5,4.0,,4.0,299795.859625,300043.362729,300043.36288699997,60008.67257739999,0.03755,299795.859625,134045.11893076965,239856.7938406,61.875776,47.59704031461721,0.013331406379459931,3,64,,True,False,Request timeout: 300.0s exceeded,25,56.69694568066818
248,2026-09-19T05:47:14.192+00:00,2026-09-19T05:52:14.239+00:00,2026-09-19T05:52:14.239+00:00,False,1,0.0,,0.0,300046.80344,300046.80344,300046.80344,300046.80344,300046.80344,300046.80344,nan,300046.80344,nan,nan,0.0,3,64,,True,False,"HTTPConnectionPool(host='gpu03', port=9002): Read timed out.",0,56.69694568066818
249,2026-09-19T05:47:14.702+00:00,2026-09-19T05:52:14.643+00:00,2026-09-19T05:52:14.781+00:00,False,3,2.0,,2.0,299941.411922,300078.982226,300078.982264,100026.32742133334,0.0362,299941.411922,173131.5554270871,269961.024144,68.785152,97.2258473955474,0.006664911968055564,3,64,,True,False,Request timeout: 300.0s exceeded,7,56.69694568066818
250,2026-09-19T05:47:15.051+00:00,2026-09-19T05:52:14.914+00:00,2026-09-19T05:52:15.138+00:00,False,4,3.0,,3.0,299862.451918,300087.17051,300087.17049600004,75021.79262400001,0.02314,299862.451918,149893.78222811135,254900.29946050004,74.90619733333332,64.89567879258838,0.009997095160387834,3,64,,True,False,Request timeout: 300.0s exceeded,19,56.69694568066818
251,2026-09-19T05:47:15.483+00:00,2026-09-19T05:52:15.252+00:00,2026-09-19T05:52:15.553+00:00,False,5,4.0,,4.0,299768.74816,300070.18048000004,300070.180569,60014.0361138,0.02668,299768.74816,134026.9655974002,239835.68528300003,75.35808,50.31085900765382,0.013330214930392272,3,64,,True,False,Request timeout: 300.0s exceeded,29,56.69694568066818
252,2026-09-19T05:47:15.807+00:00,2026-09-19T05:52:15.823+00:00,2026-09-19T05:52:15.823+00:00,False,1,0.0,,0.0,300015.71212800004,300015.71212800004,300015.71212800004,300015.71212800004,300015.71212800004,300015.71212800004,nan,300015.71212800004,nan,nan,0.0,3,64,,True,False,"HTTPConnectionPool(host='gpu03', port=9002): Read timed out.",0,56.69694568066818
253,2026-09-19T05:47:16.389+00:00,2026-09-19T05:52:16.393+00:00,2026-09-19T05:52:16.530+00:00,False,3,2.0,,2.0,300004.096772,300140.791556,300140.79150600004,100046.930502,0.03524,300004.096772,173167.99913261403,270017.3530442,68.347392,96.60784738249886,0.0066635394330491786,3,64,,True,False,Request timeout: 300.0s exceeded,5,56.69694568066818
255,2026-09-19T05:47:17.529+00:00,2026-09-19T05:52:16.528+00:00,2026-09-19T05:52:17.738+00:00,False,14,13.0,,13.0,298998.806185,300208.991657,300208.991591,21443.49939935714,0.04039,298998.806185,79885.91907428538,104737.0678871,93.09119015384616,33.46100241941326,0.04330316666481791,3,64,,True,False,Request timeout: 300.0s exceeded,63,56.69694568066818
254,2026-09-19T05:47:17.498+00:00,2026-09-19T05:52:16.531+00:00,2026-09-19T05:52:17.736+00:00,False,14,13.0,,13.0,299032.41164600005,300238.37516600004,300238.3752620001,21445.598233000004,0.021929999999999998,299032.41164600005,79894.98721614276,104745.56911375001,92.76642461538461,33.2311653054979,0.04329892870227657,3,64,,True,False,Request timeout: 300.0s exceeded,43,56.69694568066818
256,2026-09-19T05:47:17.679+00:00,2026-09-19T05:52:17.634+00:00,2026-09-19T05:52:17.867+00:00,False,4,3.0,,3.0,299955.02372899995,300187.75793699996,300187.7580169999,75046.93950424998,0.02291,299955.02372899995,149938.73336015828,254981.50629919994,77.57806933333333,68.86741813676959,0.009993745316654807,3,64,,True,False,Request timeout: 300.0s exceeded,10,56.69694568066818
257,2026-09-19T05:47:17.943+00:00,2026-09-19T05:52:18.001+00:00,2026-09-19T05:52:18.001+00:00,False,1,0.0,,0.0,300058.346636,300058.346636,300058.346636,300058.346636,300058.346636,300058.346636,nan,300058.346636,nan,nan,0.0,3,64,,True,False,"HTTPConnectionPool(host='gpu03', port=9002): Read timed out.",0,56.69694568066818
258,2026-09-19T05:47:18.357+00:00,2026-09-19T05:52:18.373+00:00,2026-09-19T05:52:18.373+00:00,False,1,0.0,,0.0,300015.98997399997,300015.98997399997,300015.98997399997,300015.98997399997,300015.98997399997,300015.98997399997,nan,300015.98997399997,nan,nan,0.0,3,64,,True,False,"HTTPConnectionPool(host='gpu03', port=9002): Read timed out.",0,56.69694568066818
259,2026-09-19T05:47:18.902+00:00,2026-09-19T05:52:18.993+00:00,2026-09-19T05:52:18.993+00:00,False,1,0.0,,0.0,300090.53599,300090.53599,300090.53599,300090.53599,300090.53599,300090.53599,nan,300090.53599,nan,nan,0.0,3,64,,True,False,TTFT timeout: 300.0s exceeded (TTFT: 300.082s),0,56.69694568066818
260,2026-09-19T05:47:19.289+00:00,2026-09-19T05:52:19.397+00:00,2026-09-19T05:52:20.585+00:00,False,16,15.0,,15.0,300107.669074,301295.866962,301295.86697499995,18830.991685937497,0.027440000000000003,300107.669074,75007.12092003779,75106.11984925,79.21319253333333,33.42236111894875,0.04978495108893023,3,64,,True,False,Request timeout: 300.0s exceeded,90,56.69694568066818
261,2026-09-19T05:47:19.879+00:00,2026-09-19T05:52:19.426+00:00,2026-09-19T05:52:20.077+00:00,True,9,9.0,,9.0,299546.408199,300197.484807,300197.484809,33355.27608988889,51.013203999999995,299546.408199,99821.67701277981,179769.7055838,81.384576,23.748455788996278,0.0299802645108309,3,64,,True,True,,29,56.69694568066818
262,2026-09-19T05:47:20.434+00:00,2026-09-19T05:52:20.376+00:00,2026-09-19T05:52:20.686+00:00,False,5,4.0,,4.0,299942.489204,300252.254324,300252.254363,60050.4508726,0.05389,299942.489204,134103.73381340888,239975.8225816,77.44128,52.032917199505974,0.013322131449123541,3,64,,True,False,Request timeout: 300.0s exceeded,12,56.69694568066818
0,2026-09-19T05:45:20.770+00:00,2026-09-19T05:45:20.905+00:00,2026-09-19T05:45:27.258+00:00,True,70,70.0,,70.0,134.735618,6487.547393999999,6487.547339,92.6792477,29.347033,163.990908,26.81537223374821,115.52671354999998,92.06973588405796,26.518893427784356,10.78990190726613,4,64,,False,True,,238,56.69694568066818
1,2026-09-19T05:45:21.277+00:00,2026-09-19T05:45:21.451+00:00,2026-09-19T05:45:28.438+00:00,True,73,73.0,,73.0,173.572078,7161.13227,7161.132171,98.09770097260274,46.806491,173.572078,23.786730443111303,116.53407059999999,97.0494471111111,22.19083301189062,10.193918677611578,4,64,,False,True,,395,56.69694568066818
2,2026-09-19T05:45:21.719+00:00,2026-09-19T05:45:22.616+00:00,2026-09-19T05:45:31.784+00:00,True,95,95.0,,95.0,897.05938,10065.096756,10065.096833,105.94838771578948,45.490195,897.05938,84.19093565701488,111.41260040000002,97.53231251063829,19.05510009567933,9.438558048969439,4,64,,False,True,,440,56.69694568066818
3,2026-09-19T05:45:22.161+00:00,2026-09-19T05:45:26.115+00:00,2026-09-19T05:45:29.682+00:00,True,37,37.0,,37.0,3953.6159700000003,7520.7583700000005,7520.7583,203.26373783783785,45.343655,3953.6159700000003,634.0063653559871,121.1681974,99.08728888888889,20.609497972294378,4.919716626928409,4,64,,False,True,,127,56.69694568066818
4,2026-09-19T05:45:22.624+00:00,2026-09-19T05:45:28.126+00:00,2026-09-19T05:45:33.270+00:00,True,53,53.0,,53.0,5502.541741,10646.330796999999,10646.330697,200.87416409433962,0.0,5502.541741,742.8043247745719,125.5079378,98.9190203076923,29.110469302044624,4.978240955553882,4,64,,False,True,,174,56.69694568066818
5,2026-09-19T05:45:23.132+00:00,2026-09-19T05:45:31.008+00:00,2026-09-19T05:45:33.101+00:00,True,22,22.0,,22.0,7876.592191,9969.357119,9969.357155,453.15259795454546,0.0,7876.592191,1658.62505414382,240.84943165,99.65547276190476,44.80986852398997,2.206762155011131,4,64,,False,True,,88,56.69694568066818
6,2026-09-19T05:45:23.550+00:00,2026-09-19T05:45:32.860+00:00,2026-09-19T05:45:38.411+00:00,True,57,57.0,,57.0,9310.53508,14861.599144,14861.598995999999,260.7298069473684,0.0,9310.53508,1220.8710797913234,239.70638959999997,99.126144,44.314961298248306,3.8353880660959914,4,64,,False,True,,189,56.69694568066818
7,2026-09-19T05:45:23.837+00:00,2026-09-19T05:45:34.503+00:00,2026-09-19T05:45:35.271+00:00,True,9,9.0,,9.0,10666.770399,11434.523615,11434.52344,1270.5026044444446,50.942741000000005,10666.770399,3523.6437947917425,6443.701321800001,95.969152,18.69002644324232,0.7870900706517978,4,64,,False,True,,30,56.69694568066818
8,2026-09-19T05:45:24.118+00:00,2026-09-19T05:45:36.360+00:00,2026-09-19T05:45:44.926+00:00,True,88,88.0,,88.0,12242.111568,20808.266064,20808.265841,236.457566375,0.0,12242.111568,1295.3285716623122,132.12491409999998,98.46154593103448,46.09908395094338,4.229088561696508,4,64,,False,True,,407,56.69694568066818
9,2026-09-19T05:45:24.618+00:00,2026-09-19T05:45:38.818+00:00,2026-09-19T05:45:43.226+00:00,True,46,46.0,,46.0,14200.265716,18608.30514,18608.305357,404.52837732608697,0.0,14200.265716,2079.9596240216983,249.2590695,97.95643164444445,54.08052345348244,2.472014493201717,4,64,,False,True,,147,56.69694568066818
10,2026-09-19T05:45:24.914+00:00,2026-09-19T05:45:40.260+00:00,2026-09-19T05:45:43.017+00:00,True,29,29.0,,29.0,15345.637628,18102.621692,18102.621584,624.2283304827587,0.0,15345.637628,2831.715527051529,227.98127480000002,98.46371657142856,47.637218691528844,1.6019779064827844,4,64,,False,True,,179,56.69694568066818
11,2026-09-19T05:45:25.395+00:00,2026-09-19T05:45:43.021+00:00,2026-09-19T05:45:52.713+00:00,True,99,99.0,,99.0,17626.742363,27318.689883,27318.689912,275.9463627474748,0.0,17626.742363,1762.7401813206511,116.2876443,98.89742367346939,63.30476384700735,3.623892669231045,4,64,,False,True,,439,56.69694568066818
12,2026-09-19T05:45:25.796+00:00,2026-09-19T05:45:45.496+00:00,2026-09-19T05:45:47.123+00:00,True,18,18.0,,18.0,19700.859570999997,21327.694258999996,21327.69433,1184.871907222222,0.0,19700.859570999997,4621.564957397042,3248.7052719,95.69615811764706,75.70557177354827,0.8439730887648225,4,64,,False,True,,58,56.69694568066818
13,2026-09-19T05:45:26.134+00:00,2026-09-19T05:45:47.628+00:00,2026-09-19T05:45:54.946+00:00,True,74,74.0,,74.0,21494.545201,28811.771185,28811.771203,389.3482595,0.0,21494.545201,2488.3302219539682,211.0396507,100.23597238356164,80.73986754597988,2.5683946857986264,4,64,,False,True,,422,56.69694568066818
14,2026-09-19T05:45:26.465+00:00,2026-09-19T05:45:49.411+00:00,2026-09-19T05:45:51.664+00:00,True,24,24.0,,24.0,22946.536337999998,25199.851153999996,25199.851036999997,1049.9937932083333,0.0,22946.536337999998,4664.447225223187,338.74905025,97.97020939130434,70.05249297472145,0.9523865777354187,4,64,,False,True,,106,56.69694568066818
15,2026-09-19T05:45:26.784+00:00,2026-09-19T05:45:51.058+00:00,2026-09-19T05:45:57.491+00:00,True,68,68.0,,68.0,24274.175714,30707.630818,30707.630885000002,451.58280713235297,0.0,24274.175714,2933.0086438532944,116.32766835000001,96.02171797014925,76.26116332606713,2.2144332919405882,4,64,,False,True,,323,56.69694568066818
16,2026-09-19T05:45:27.117+00:00,2026-09-19T05:45:52.914+00:00,2026-09-19T05:45:55.155+00:00,True,24,24.0,,24.0,25796.803497,28037.875113000002,28037.874896,1168.2447873333333,0.0,25796.803497,5246.599758599981,419.65728405000004,97.4378963478261,90.0183692573815,0.8559849811468841,4,64,,False,True,,95,56.69694568066818
17,2026-09-19T05:45:27.544+00:00,2026-09-19T05:45:54.950+00:00,2026-09-19T05:46:01.551+00:00,True,72,72.0,,72.0,27406.215796999997,34006.833268999995,34006.833137999995,472.3171269166666,0.0,27406.215796999997,3219.494904640759,116.1792526,92.96644326760563,62.470315203804134,2.117221542813687,4,64,,False,True,,293,56.69694568066818
18,2026-09-19T05:45:27.909+00:00,2026-09-19T05:45:56.752+00:00,2026-09-19T05:46:01.929+00:00,True,54,54.0,,54.0,28842.339721,34019.288457,34019.28861,629.9868261111111,0.0,28842.339721,3912.2519720588666,115.5639753,97.67827803773585,69.11371541383372,1.5873347870945447,4,64,,False,True,,199,56.69694568066818
19,2026-09-19T05:45:28.348+00:00,2026-09-19T05:45:59.801+00:00,2026-09-19T05:46:09.157+00:00,True,95,95.0,,95.0,31452.817918,40808.274942000004,40808.274745,429.5607867894737,0.0,31452.817918,3217.653036543785,116.0848299,99.52613855319149,75.35770989874253,2.3279592223641314,4,64,,False,True,,376,56.69694568066818
20,2026-09-19T05:45:28.756+00:00,2026-09-19T05:46:01.711+00:00,2026-09-19T05:46:07.642+00:00,True,60,60.0,,60.0,32954.09061,38885.382258,38885.382364,648.0897060666666,0.0,32954.09061,4242.478807230712,136.30380665,100.53036691525423,97.53977879923596,1.542996275616039,4,64,,False,True,,221,56.69694568066818
21,2026-09-19T05:45:29.245+00:00,2026-09-19T05:46:04.574+00:00,2026-09-19T05:46:08.258+00:00,True,38,38.0,,38.0,35329.167699,39012.567123,39012.567087999996,1026.6465023157893,0.0,35329.167699,5716.24543259499,537.78740805,99.55133578378378,121.04018337077486,0.9740451039838637,4,64,,False,True,,216,56.69694568066818
22,2026-09-19T05:45:29.714+00:00,2026-09-19T05:46:07.489+00:00,2026-09-19T05:46:16.751+00:00,True,97,97.0,,97.0,37775.443329,47037.524865,47037.524674,484.9229347835052,0.0,37775.443329,3826.388287116591,110.44078080000001,96.480016,71.9351303018648,2.0621833372056617,4,64,,False,True,,333,56.69694568066818
23,2026-09-19T05:45:30.208+00:00,2026-09-19T05:46:09.558+00:00,2026-09-19T05:46:16.753+00:00,True,76,76.0,,76.0,39350.478849,46545.328129,46545.3281,612.438527631579,0.0,39350.478849,4503.528791715178,110.03357625000001,95.93132373333333,81.25898409321032,1.6328169346957147,4,64,,False,True,,259,56.69694568066818
24,2026-09-19T05:45:30.681+00:00,2026-09-19T05:46:11.841+00:00,2026-09-19T05:46:15.621+00:00,True,41,41.0,,41.0,41159.578586999996,44940.334554999994,44940.33442,1096.1057175609756,0.0,41159.578586999996,6414.244255146618,108.543017,94.5188992,112.34902166100612,0.9123207560865477,4,64,,False,True,,198,56.69694568066818
25,2026-09-19T05:45:31.172+00:00,2026-09-19T05:46:14.465+00:00,2026-09-19T05:46:19.507+00:00,True,54,54.0,,54.0,43293.461475000004,48335.020515000004,48335.020651000006,895.0929750185186,36.905634,43293.461475000004,5878.585132033268,114.75480195,95.12375547169812,20.757793276702962,1.1172023808956895,4,64,,False,True,,220,56.69694568066818
26,2026-09-19T05:45:31.538+00:00,2026-09-19T05:46:16.503+00:00,2026-09-19T05:46:16.754+00:00,True,4,4.0,,4.0,44964.372603,45215.286139,45215.28601900001,11303.821504750002,41.190993999999996,44964.372603,22440.387546071954,38235.78251220001,83.63784533333333,36.82833527784417,0.08846565711656171,4,64,,False,True,,16,56.69694568066818
27,2026-09-19T05:45:32.018+00:00,2026-09-19T05:46:19.029+00:00,2026-09-19T05:46:26.154+00:00,True,71,71.0,,71.0,47011.024647,54135.223047,54135.223204,762.4679324507042,0.0,47011.024647,5568.76663070846,117.437876,101.77426285714284,137.06014392310968,1.3115305711100158,4,64,,False,True,,246,56.69694568066818
28,2026-09-19T05:45:32.315+00:00,2026-09-19T05:46:20.801+00:00,2026-09-19T05:46:27.683+00:00,True,68,68.0,,68.0,48486.070491,55368.615387,55368.615475,814.2443452205882,0.01651,48486.070491,5868.333545551024,117.8404204,102.72455068656716,108.65779481025974,1.2281325715789115,4,64,,False,True,,286,56.69694568066818
29,2026-09-19T05:45:32.649+00:00,2026-09-19T05:46:23.226+00:00,2026-09-19T05:46:24.961+00:00,True,18,18.0,,18.0,50577.003331,52311.188803,52311.188661,2906.1771478333335,49.681915000000004,50577.003331,11897.077669943026,7681.185403500001,102.01091011764706,14.09730732640231,0.3440946461336722,4,64,,False,True,,75,56.69694568066818
30,2026-09-19T05:45:32.950+00:00,2026-09-19T05:46:24.550+00:00,2026-09-19T05:46:29.402+00:00,True,44,44.0,,44.0,51600.143757,56452.209549,56452.209383,1283.0047587045453,0.0,51600.143757,7762.815668895828,120.46615275,112.83873934883721,113.63289350432564,0.7794203336152574,4,64,,False,True,,219,56.69694568066818
31,2026-09-19T05:45:33.450+00:00,2026-09-19T05:46:27.147+00:00,2026-09-19T05:46:28.491+00:00,True,14,14.0,,14.0,53696.903119,55040.955087,55040.955026,3931.4967875714287,41.935832000000005,53696.903119,14323.481124408965,18870.1943879,103.38861292307693,19.199413434497224,0.25435605137794254,4,64,,False,True,,58,56.69694568066818
32,2026-09-19T05:45:33.867+00:00,2026-09-19T05:46:29.402+00:00,2026-09-19T05:46:29.982+00:00,True,8,8.0,,8.0,55535.744419,56115.678883,56115.678878,7014.45985975,0.0,55535.744419,19605.598174213424,36137.231747000005,82.84778057142857,41.99387541389094,0.14256265199392545,4,64,,False,True,,31,56.69694568066818
33,2026-09-19T05:45:34.155+00:00,2026-09-19T05:46:30.976+00:00,2026-09-19T05:46:37.024+00:00,True,60,60.0,,60.0,56821.370808,62869.761207999996,62869.761179,1047.8293529833334,47.922547,56821.370808,7322.38682472469,114.42135494999998,102.51509152542374,14.461161588799763,0.9543538713546947,4,64,,False,True,,277,56.69694568066818
34,2026-09-19T05:45:34.628+00:00,2026-09-19T05:46:33.448+00:00,2026-09-19T05:46:42.227+00:00,True,88,88.0,,88.0,58819.348283,67598.603835,67598.603878,768.1659531590909,0.0,58819.348283,6260.511178679836,112.76635605,100.91098335632184,118.28764224464925,1.3018020344739267,4,64,,False,True,,384,56.69694568066818
35,2026-09-19T05:45:34.935+00:00,2026-09-19T05:46:35.139+00:00,2026-09-19T05:46:39.359+00:00,True,43,43.0,,43.0,60203.064053,64423.815413000004,64423.815352000005,1498.228264,0.0,60203.064053,9167.016625690669,634.9871394,100.49408,165.62075467298837,0.6674550354452164,4,64,,False,True,,137,56.69694568066818
36,2026-09-19T05:45:35.400+00:00,2026-09-19T05:46:37.853+00:00,2026-09-19T05:46:40.911+00:00,True,32,32.0,,32.0,62453.109217,65511.084000999996,65511.083834,2047.2213698125,0.0,62453.109217,11023.885338265409,469.3025452,98.64434787096775,156.0635179420607,0.4884669592631307,4,64,,False,True,,100,56.69694568066818
37,2026-09-19T05:45:35.829+00:00,2026-09-19T05:46:40.331+00:00,2026-09-19T05:46:46.729+00:00,True,66,66.0,,66.0,64502.439364,70899.631044,70899.631095,1074.2368347727272,41.993101,64502.439364,7927.609427635071,111.94541774999999,98.41833353846154,19.01515076542434,0.930893419727963,4,64,,False,True,,230,56.69694568066818
38,2026-09-19T05:45:36.161+00:00,2026-09-19T05:46:42.007+00:00,2026-09-19T05:46:43.921+00:00,True,21,21.0,,21.0,65845.443398,67759.718726,67759.718827,3226.6532774761904,46.452751,65845.443398,14347.786656440254,119.40285,95.71376640000001,24.19089858634841,0.3099186418544284,4,64,,False,True,,84,56.69694568066818
39,2026-09-19T05:45:36.643+00:00,2026-09-19T05:46:44.335+00:00,2026-09-19T05:46:45.378+00:00,True,11,11.0,,11.0,67691.624858,68734.92777,68734.927891,6248.629808272727,92.868262,67691.624858,20378.336776650132,33901.250214499996,104.3302912,5.706444921123811,0.16003508488156226,4,64,,False,True,,28,56.69694568066818
40,2026-09-19T05:45:37.116+00:00,2026-09-19T05:46:45.985+00:00,2026-09-19T05:46:47.351+00:00,True,16,16.0,,16.0,68868.890138,70235.427098,70235.427132,4389.71419575,45.795373,68868.890138,17194.46594383869,17303.831559500002,91.102464,26.476694713856755,0.22780526382611846,4,64,,False,True,,64,56.69694568066818
41,2026-09-19T05:45:37.451+00:00,2026-09-19T05:46:48.480+00:00,2026-09-19T05:46:58.246+00:00,True,99,99.0,,99.0,71029.62096500001,80795.36074100001,80795.36092300001,816.1147567979799,0.0,71029.62096500001,7129.915590232424,113.65581700000001,99.65040587755102,130.67279166625613,1.2253178783043908,4,64,,False,True,,353,56.69694568066818
42,2026-09-19T05:45:37.815+00:00,2026-09-19T05:46:51.338+00:00,2026-09-19T05:46:55.932+00:00,True,53,53.0,,53.0,73523.111948,78116.617484,78116.61731100001,1473.8984398301889,0.0,73523.111948,10087.62808747443,172.59399059999998,88.33664492307693,109.78564411713533,0.6784727975562378,4,64,,False,True,,262,56.69694568066818
43,2026-09-19T05:45:38.191+00:00,2026-09-19T05:46:52.454+00:00,2026-09-19T05:46:56.238+00:00,True,38,38.0,,38.0,74262.951816,78047.429256,78047.429217,2053.8797162368423,0.01617,74262.951816,12031.19829026897,343.3067376000001,102.28317405405406,136.11944939111527,0.48688342924605293,4,64,,False,True,,163,56.69694568066818
44,2026-09-19T05:45:38.469+00:00,2026-09-19T05:46:53.816+00:00,2026-09-19T05:46:54.287+00:00,True,6,6.0,,6.0,75346.50733,75818.119234,75818.119303,12636.353217166665,50.104892,75346.50733,30721.584137127433,56537.78024949999,94.32238079999999,25.223237466224578,0.07913675597098366,4,64,,False,True,,27,56.69694568066818
45,2026-09-19T05:45:38.919+00:00,2026-09-19T05:46:56.441+00:00,2026-09-19T05:46:59.441+00:00,True,30,30.0,,30.0,77522.40138699999,80522.312811,80522.31283899999,2684.077094633333,51.964218,77522.40138699999,14134.710292042337,114.9100525,103.44522151724138,14.721670806737214,0.372567540011118,4,64,,False,True,,146,56.69694568066818
46,2026-09-19T05:45:39.311+00:00,2026-09-19T05:46:58.996+00:00,2026-09-19T05:46:59.225+00:00,True,3,3.0,,3.0,79685.22932700001,79914.543887,79914.544099,26638.181366333338,111.687668,79685.22932700001,45940.09122569499,71728.46910470001,114.65728,4.1996485948231435,0.037540100388260125,4,64,,False,True,,6,56.69694568066818
47,2026-09-19T05:45:39.700+00:00,2026-09-19T05:47:01.516+00:00,2026-09-19T05:47:03.666+00:00,True,23,23.0,,23.0,81816.79742,83966.186732,83966.186777,3650.7037729130434,46.657931,81816.79742,17039.620178572633,108.873783,97.69951418181819,19.233863328428864,0.27391978718064813,4,64,,False,True,,114,56.69694568066818
48,2026-09-19T05:45:40.046+00:00,2026-09-19T05:47:04.854+00:00,2026-09-19T05:47:05.253+00:00,True,17,17.0,,17.0,84807.733628,85207.099516,85207.099531,5012.182325352941,0.0,84807.733628,20562.881898264888,17044.581675200003,24.960368,41.35876748948865,0.19951389140769635,4,64,,False,True,,70,56.69694568066818
49,2026-09-19T05:45:40.502+00:00,2026-09-19T05:47:06.031+00:00,2026-09-19T05:47:08.632+00:00,True,28,28.0,,28.0,85529.579368,88130.72548000001,88130.725256,3147.5259020000003,41.362623,85529.579368,16145.378497775673,117.67656149999999,96.3387448888889,21.364206001370118,0.31770985484913766,4,64,,False,True,,116,56.69694568066818
50,2026-09-19T05:45:41.000+00:00,2026-09-19T05:47:09.055+00:00,2026-09-19T05:47:17.509+00:00,True,80,80.0,,80.0,88054.717815,96508.851575,96508.851541,1206.3606442625,0.02087,88054.717815,9833.397938086182,111.93952945,107.01435139240506,104.26317072725611,0.8289395085986444,4,64,,False,True,,285,56.69694568066818
51,2026-09-19T05:45:41.386+00:00,2026-09-19T05:47:11.126+00:00,2026-09-19T05:47:11.795+00:00,True,8,8.0,,8.0,89740.59273399999,90409.22761399999,90409.22755499999,11301.153444374999,56.725046999999996,89740.59273399999,31694.32388813776,58368.98125789999,95.51926857142857,17.648056418428318,0.08848654292408964,4,64,,False,True,,35,56.69694568066818
52,2026-09-19T05:45:41.841+00:00,2026-09-19T05:47:13.759+00:00,2026-09-19T05:47:21.186+00:00,True,78,78.0,,78.0,91917.774169,99345.474649,99345.474532,1273.6599298974359,0.0,91917.774169,10398.334926966098,121.82231739999999,96.4636425974026,184.67863295702153,0.7851389333594083,4,64,,False,True,,436,56.69694568066818
53,2026-09-19T05:45:42.348+00:00,2026-09-19T05:47:16.507+00:00,2026-09-19T05:47:17.484+00:00,True,4,4.0,,4.0,94158.97030300001,95135.945407,95135.94546100001,23783.986365250003,0.02128,94158.97030300001,46918.915968103145,80181.66240025,325.658368,564.0069562732649,0.042045096444752246,4,64,,False,True,,13,56.69694568066818
54,2026-09-19T05:45:42.628+00:00,2026-09-19T05:47:17.994+00:00,2026-09-19T05:47:24.901+00:00,True,71,71.0,,71.0,95365.767786,102273.270122,102273.26993,1440.4685905633803,0.0,95365.767786,11307.175869667903,113.882648,98.6786048,155.38523729702405,0.6942185374077248,4,64,,False,True,,346,56.69694568066818
55,2026-09-19T05:45:42.909+00:00,2026-09-19T05:47:20.402+00:00,2026-09-19T05:47:25.343+00:00,True,58,58.0,,58.0,97492.9593,102433.646916,102433.647008,1766.0973622068966,0.0,97492.9593,12790.126453965648,113.45874955000001,86.67873010526316,37.9159273256628,0.5662201995752675,4,64,,False,True,,223,56.69694568066818
56,2026-09-19T05:45:43.305+00:00,2026-09-19T05:47:21.500+00:00,2026-09-19T05:47:23.036+00:00,True,16,16.0,,16.0,98194.86063699999,99731.026269,99731.026353,6233.1891470625,52.991865,98194.86063699999,24523.116035071802,24630.48943225,102.41104213333334,13.826112480918406,0.16043151864138971,4,64,,False,True,,49,56.69694568066818
57,2026-09-19T05:45:43.613+00:00,2026-09-19T05:47:23.036+00:00,2026-09-19T05:47:26.458+00:00,True,35,35.0,,35.0,99422.84611,102845.124766,102845.124731,2938.4321351714284,45.795542000000005,99422.84611,16788.525107456662,116.055605,100.6552545882353,19.211851482153126,0.34031754134806397,4,64,,False,True,,123,56.69694568066818
58,2026-09-19T05:45:44.040+00:00,2026-09-19T05:47:25.708+00:00,2026-09-19T05:47:33.142+00:00,True,77,77.0,,77.0,101668.000157,109102.77622100001,109102.77644,1416.9191745454546,44.112885999999996,101668.000157,11575.007730535459,110.35956159999999,97.82600084210527,16.870743634310646,0.7057565597050234,4,64,,False,True,,319,56.69694568066818
59,2026-09-19T05:45:44.537+00:00,2026-09-19T05:47:28.537+00:00,2026-09-19T05:47:30.730+00:00,True,24,24.0,,24.0,103999.89101800001,106193.586506,106193.58653200002,4424.732772166667,50.570831,103999.89101800001,21209.42671072948,109.13913129999999,95.37806469565217,17.389219709333343,0.22600234900856264,4,64,,True,True,,71,56.69694568066818
60,2026-09-19T05:45:44.932+00:00,2026-09-19T05:47:30.374+00:00,2026-09-19T05:47:34.030+00:00,True,38,38.0,,38.0,105442.686682,109097.931226,109097.931435,2870.998195657895,46.132481,105442.686682,17089.043041902674,112.82242685000001,98.79039308108108,15.086564223597769,0.34831091270907544,4,64,,True,True,,55,56.69694568066818
61,2026-09-19T05:45:45.331+00:00,2026-09-19T05:47:33.041+00:00,2026-09-19T05:47:41.661+00:00,True,90,90.0,,90.0,107710.597397,116329.881877,116329.88175300001,1292.5542417000001,43.70794600000001,107710.597397,11343.5037707354,112.0229679,96.84589303370787,20.52494743483793,0.7736619220086582,4,64,,True,True,,363,56.69694568066818
62,2026-09-19T05:45:45.813+00:00,2026-09-19T05:47:35.408+00:00,2026-09-19T05:47:39.642+00:00,True,45,45.0,,45.0,109595.033235,113828.995987,113828.99599099999,2529.533244244444,46.892729,109595.033235,16323.130990470778,109.95664420000001,96.22642618181818,20.53654733186319,0.3953298507977641,4,64,,True,True,,201,56.69694568066818
63,2026-09-19T05:45:46.124+00:00,2026-09-19T05:47:36.755+00:00,2026-09-19T05:47:38.636+00:00,True,21,21.0,,21.0,110631.478749,112512.494301,112512.494449,5357.737830904762,45.885182,110631.478749,24121.25431023009,111.69616599999999,94.05077759999999,22.520982848070062,0.1866459376842146,4,64,,True,True,,85,56.69694568066818
64,2026-09-19T05:45:46.533+00:00,2026-09-19T05:47:38.855+00:00,2026-09-19T05:47:46.971+00:00,True,83,83.0,,83.0,112321.588367,120437.547663,120437.547791,1451.0547926626507,45.707983,112321.588367,12318.044608282793,111.72959100000001,98.97511336585366,17.663972758683943,0.6891538528519764,4,64,,True,True,,389,56.69694568066818
65,2026-09-19T05:45:46.885+00:00,2026-09-19T05:47:41.117+00:00,2026-09-19T05:47:50.760+00:00,True,96,96.0,,96.0,114232.058017,123875.024801,123875.024747,1290.3648411145834,47.47994799999999,114232.058017,11648.409094775236,112.60649949999998,101.50491351578948,13.976077732430351,0.7749746177990272,4,64,,True,True,,352,56.69694568066818
66,2026-09-19T05:45:47.227+00:00,2026-09-19T05:47:43.026+00:00,2026-09-19T05:47:45.319+00:00,True,24,24.0,,24.0,115799.242949,118091.60442100001,118091.604628,4920.483526166667,48.169207,115799.242949,23617.081818850023,110.3658108,99.66789008695652,15.647239471707037,0.20323205970205385,4,64,,True,True,,112,56.69694568066818
67,2026-09-19T05:45:47.701+00:00,2026-09-19T05:47:45.532+00:00,2026-09-19T05:47:53.402+00:00,True,79,79.0,,79.0,117831.106277,125701.325285,125701.325392,1591.1560176202531,46.695879999999995,117831.106277,13245.690163036596,111.778814,100.9002436923077,13.827646103564513,0.6284738829991247,4,64,,True,True,,342,56.69694568066818
68,2026-09-19T05:45:48.145+00:00,2026-09-19T05:47:47.902+00:00,2026-09-19T05:47:52.782+00:00,True,50,50.0,,50.0,119756.912288,124637.212832,124637.21291900001,2492.7442583800002,46.058021000000004,119756.912288,16922.108489202063,111.69875205,99.59797028571428,17.45132282218079,0.401164298076816,4,64,,True,True,,247,56.69694568066818
69,2026-09-19T05:45:48.653+00:00,2026-09-19T05:47:50.917+00:00,2026-09-19T05:47:56.554+00:00,True,58,58.0,,58.0,122264.549034,127900.97143399999,127900.971532,2205.1891643448275,43.354328,122264.549034,16041.14407191097,110.42470365,98.88460350877193,14.521772522351672,0.453475836420284,4,64,,True,True,,270,56.69694568066818
70,2026-09-19T05:45:49.088+00:00,2026-09-19T05:47:52.992+00:00,2026-09-19T05:47:55.900+00:00,True,31,31.0,,31.0,123903.925781,126812.061717,126812.06182799999,4090.7116718709676,43.457778,123903.925781,22236.39793050258,111.709077,96.93786453333333,17.257392299819713,0.2444562416245634,4,64,,True,True,,177,56.69694568066818
71,2026-09-19T05:45:49.464+00:00,2026-09-19T05:47:54.763+00:00,2026-09-19T05:48:02.646+00:00,True,81,81.0,,81.0,125298.791698,133182.078994,133182.078963,1644.223197074074,45.187663,125298.791698,13911.148865978863,111.143197,98.5410912,16.709228424633896,0.6081899352513421,4,64,,True,True,,366,56.69694568066818
72,2026-09-19T05:45:49.932+00:00,2026-09-19T05:47:56.907+00:00,2026-09-19T05:47:59.743+00:00,True,29,29.0,,29.0,126974.937149,129810.769725,129810.769696,4476.233437793104,49.116263,126974.937149,23559.85143884608,113.152624,101.27973485714286,15.185904622870908,0.22340211109937627,4,64,,True,True,,80,56.69694568066818
73,2026-09-19T05:45:50.230+00:00,2026-09-19T05:47:58.908+00:00,2026-09-19T05:47:59.431+00:00,True,6,6.0,,6.0,128678.45154899999,129201.14850899999,129201.14838599999,21533.524730999998,98.764978,128678.45154899999,52490.07994666037,96535.96858774999,104.539392,3.6273677879145367,0.04643921566674036,4,64,,True,True,,20,56.69694568066818
74,2026-09-19T05:45:50.621+00:00,2026-09-19T05:48:00.986+00:00,2026-09-19T05:48:10.474+00:00,True,96,96.0,,96.0,130364.56427799999,139852.382774,139852.382907,1456.79565528125,42.966989,130364.56427799999,13295.095643118464,110.76631650000002,99.87177364210527,17.300311568590192,0.686438072028669,4,64,,True,True,,343,56.69694568066818
75,2026-09-19T05:45:51.124+00:00,2026-09-19T05:48:03.592+00:00,2026-09-19T05:48:05.401+00:00,True,20,20.0,,20.0,132467.77479999998,134276.983632,134276.98369999998,6713.849184999999,47.241228,132467.77479999998,29599.411625553614,6730.4412987999995,95.2215174736842,23.551982369148753,0.1489458540028876,4,64,,True,True,,42,56.69694568066818
76,2026-09-19T05:45:51.453+00:00,2026-09-19T05:48:05.124+00:00,2026-09-19T05:48:07.082+00:00,True,21,21.0,,21.0,133671.287609,135628.787513,135628.78753,6458.513691904762,48.126205999999996,133671.287609,29148.11519148184,111.338727,97.8749952,20.576256020551828,0.15483438571613828,4,64,,True,True,,64,56.69694568066818
77,2026-09-19T05:45:51.793+00:00,2026-09-19T05:48:06.981+00:00,2026-09-19T05:48:08.728+00:00,True,18,18.0,,18.0,135188.095099,136935.28178699999,136935.281847,7607.515658166667,52.027767,135188.095099,31839.917809292638,20373.982527250002,102.77568752941177,13.462236324555432,0.13144895723805228,4,64,,True,True,,76,56.69694568066818
78,2026-09-19T05:45:52.225+00:00,2026-09-19T05:48:07.716+00:00,2026-09-19T05:48:15.430+00:00,True,77,77.0,,77.0,135491.76587099998,143205.06763099998,143205.067774,1859.8060749870128,47.643347999999996,135491.76587099998,15429.160420097662,112.76670119999999,101.49081263157895,14.395965862056817,0.5376904691557969,4,64,,True,True,,334,56.69694568066818
79,2026-09-19T05:45:52.412+00:00,2026-09-19T05:48:10.574+00:00,2026-09-19T05:48:13.567+00:00,True,31,31.0,,31.0,138161.997952,141154.801536,141154.80156700002,4553.380695709678,45.260003,138161.997952,24796.716103143066,112.4039445,99.76011946666667,17.804484812335886,0.21961704215987143,4,64,,True,True,,135,56.69694568066818
80,2026-09-19T05:45:52.875+00:00,2026-09-19T05:48:12.885+00:00,2026-09-19T05:48:15.636+00:00,True,29,29.0,,29.0,140009.555576,142760.127096,142760.12715400002,4922.763005310345,45.028854,140009.555576,25980.886518986357,110.9840056,98.23469714285714,18.677752152806296,0.2031379530819467,4,64,,True,True,,127,56.69694568066818
81,2026-09-19T05:45:53.373+00:00,2026-09-19T05:48:15.941+00:00,2026-09-19T05:48:22.796+00:00,True,68,68.0,,68.0,142568.247561,149422.865929,149422.86601199998,2197.395088411765,44.585605,142568.247561,17276.538452756566,114.01837900000001,102.3077368358209,13.980333010487806,0.45508429768915687,4,64,,True,True,,376,56.69694568066818
82,2026-09-19T05:45:53.845+00:00,2026-09-19T05:48:18.713+00:00,2026-09-19T05:48:19.667+00:00,True,10,10.0,,10.0,144868.032939,145822.086827,145822.086707,14582.2086707,98.461508,144868.032939,45777.77254548585,79727.5857126,106.00598755555555,3.987190940228694,0.06857671713245862,4,64,,True,True,,25,56.69694568066818
83,2026-09-19T05:45:54.337+00:00,2026-09-19T05:48:21.344+00:00,2026-09-19T05:48:24.936+00:00,True,40,40.0,,40.0,147007.45231400002,150599.46204200003,150599.46193600004,3764.9865484000006,44.845684999999996,147007.45231400002,23229.367888525685,110.21545344999998,92.10281353846153,23.421660804766418,0.26560519843586544,4,64,,True,True,,148,56.69694568066818
84,2026-09-19T05:45:54.660+00:00,2026-09-19T05:48:22.895+00:00,2026-09-19T05:48:28.065+00:00,True,55,55.0,,55.0,148234.857477,153404.598277,153404.598235,2789.1745133636364,47.159468999999994,148234.857477,19975.087214632727,112.78616339999999,95.73594074074074,22.230741029097327,0.358529018150339,4,64,,True,True,,181,56.69694568066818
85,2026-09-19T05:45:55.160+00:00,2026-09-19T05:48:26.145+00:00,2026-09-19T05:48:35.265+00:00,True,91,91.0,,91.0,150985.07919100003,160104.29224700003,160104.29239900003,1759.3878285604399,47.664867,150985.07919100003,15816.922325522723,111.509122,101.32458951111111,15.091887550678988,0.5683795151451045,4,64,,True,True,,424,56.69694568066818
86,2026-09-19T05:45:55.533+00:00,2026-09-19T05:48:27.949+00:00,2026-09-19T05:48:28.638+00:00,True,8,8.0,,8.0,152416.47824,153105.32431999999,153105.324475,19138.165559375,49.106694000000005,152416.47824,53852.57472688008,99111.5920229,98.40658285714285,22.563668278703,0.052251611990184514,4,64,,True,True,,26,56.69694568066818
87,2026-09-19T05:45:55.820+00:00,2026-09-19T05:48:29.355+00:00,2026-09-19T05:48:34.050+00:00,True,47,47.0,,47.0,153535.46019100002,158229.804383,158229.80440100003,3366.5915830000004,44.630854,153535.46019100002,22380.567483754887,112.22284189999999,102.05096069565217,14.430264058543363,0.29703632753179093,4,64,,True,True,,147,56.69694568066818
88,2026-09-19T05:45:56.160+00:00,2026-09-19T05:48:31.339+00:00,2026-09-19T05:48:38.694+00:00,True,74,74.0,,74.0,155178.753783,162533.158135,162533.158242,2196.3940302972974,47.023119,155178.753783,18027.46123537213,114.65179950000001,100.74526509589042,18.06187421068295,0.4552917130825429,4,64,,True,True,,248,56.69694568066818
89,2026-09-19T05:45:56.538+00:00,2026-09-19T05:48:32.986+00:00,2026-09-19T05:48:35.314+00:00,True,24,24.0,,24.0,156448.699964,158776.676412,158776.676322,6615.69484675,48.373116,156448.699964,31914.30054194628,110.7712793,101.21636730434783,16.526075296753667,0.15115570209898996,4,64,,True,True,,103,56.69694568066818
90,2026-09-19T05:45:56.922+00:00,2026-09-19T05:48:34.942+00:00,2026-09-19T05:48:44.355+00:00,True,94,94.0,,94.0,158019.826714,167432.299802,167432.299698,1781.194677638298,48.368057,158019.826714,16288.06998217407,112.5213898,101.20938804301076,16.5055770999291,0.5614209451292335,4,64,,True,True,,511,56.69694568066818
91,2026-09-19T05:45:57.332+00:00,2026-09-19T05:48:37.286+00:00,2026-09-19T05:48:45.938+00:00,True,86,86.0,,86.0,159953.629525,168605.119317,168605.11926,1960.5246425581395,46.77078,159953.629525,17237.27472633563,111.96866200000001,101.78223284705882,15.323597245053545,0.5100675492439146,4,64,,True,True,,260,56.69694568066818
92,2026-09-19T05:45:57.730+00:00,2026-09-19T05:48:39.823+00:00,2026-09-19T05:48:44.450+00:00,True,46,46.0,,46.0,162092.500634,166719.99529,166719.995466,3624.347727521739,47.00573,162092.500634,23884.07675861625,111.9054475,102.83321457777777,12.731691521132415,0.2759117160481297,4,64,,True,True,,147,56.69694568066818
93,2026-09-19T05:45:58.095+00:00,2026-09-19T05:48:41.537+00:00,2026-09-19T05:48:48.337+00:00,True,70,70.0,,70.0,163442.40808000002,170241.82721600003,170241.82724300004,2432.026103471429,45.438963,163442.40808000002,19523.333313239073,111.98552895,98.54230631884057,16.843073414393487,0.4111797972608996,4,64,,True,True,,387,56.69694568066818
94,2026-09-19T05:45:58.387+00:00,2026-09-19T05:48:43.005+00:00,2026-09-19T05:48:45.733+00:00,True,29,29.0,,29.0,164618.065528,167346.22092,167346.220959,5770.559343413794,48.674456,164618.065528,30550.718900248277,107.59451700000001,97.43412114285715,17.099233787880312,0.17329342629053737,4,64,,True,True,,38,56.69694568066818
95,2026-09-19T05:45:58.804+00:00,2026-09-19T05:48:45.477+00:00,2026-09-19T05:48:46.614+00:00,True,13,13.0,,13.0,166673.23547299998,167810.498833,167810.498707,12908.49990053846,42.29338,166673.23547299998,46200.559259785114,66741.45592939999,94.77194666666666,24.70408068085679,0.07746833535687903,4,64,,True,True,,32,56.69694568066818
96,2026-09-19T05:45:59.299+00:00,2026-09-19T05:48:48.444+00:00,2026-09-19T05:48:49.326+00:00,True,10,10.0,,10.0,169144.886297,170026.579993,170026.57987299998,17002.657987299997,51.476379,169144.886297,53457.332601987015,93078.67171565,97.96596622222222,17.784295193700213,0.058814333620141636,4,64,,True,True,,37,56.69694568066818
97,2026-09-19T05:45:59.756+00:00,2026-09-19T05:48:50.533+00:00,2026-09-19T05:48:53.420+00:00,True,29,29.0,,29.0,170777.377286,173664.452358,173664.452344,5988.4293911724135,48.386736,170777.377286,31693.41778103003,109.47735300000001,103.109824,11.36946198428412,0.16698869346167658,4,64,,True,True,,118,56.69694568066818
98,2026-09-19T05:46:00.056+00:00,2026-09-19T05:48:52.307+00:00,2026-09-19T05:48:52.413+00:00,True,2,2.0,,2.0,172251.76054,172357.00700399998,172357.00684299998,86178.50342149999,105.246303,172251.76054,121725.96757460924,163644.43482815,105.246464,nan,0.011603821827525613,4,64,,True,True,,4,56.69694568066818
99,2026-09-19T05:46:00.507+00:00,2026-09-19T05:48:54.466+00:00,2026-09-19T05:48:57.146+00:00,True,28,28.0,,28.0,173958.527496,176638.929928,176638.929769,6308.533206035714,47.992777000000004,173958.527496,32856.31556238526,113.79791465,99.27416414814815,18.526178979730645,0.15851545302846384,4,64,,True,True,,101,56.69694568066818
100,2026-09-19T05:46:00.876+00:00,2026-09-19T05:48:56.498+00:00,2026-09-19T05:49:02.042+00:00,True,57,57.0,,57.0,175622.88514899998,181166.22006099997,181166.22027899997,3178.354741736842,47.222688999999995,175622.88514899998,23248.714617362166,112.00338260000001,98.98812342857143,17.559745480584116,0.31462819051370444,4,64,,True,True,,261,56.69694568066818
101,2026-09-19T05:46:01.282+00:00,2026-09-19T05:48:58.632+00:00,2026-09-19T05:49:00.226+00:00,True,17,17.0,,17.0,177349.628158,178943.132158,178943.1322,10526.0666,55.11733,177349.628158,42989.44946306173,35556.7419076,99.594,12.26951280578472,0.09500224901053841,4,64,,True,True,,63,56.69694568066818
102,2026-09-19T05:46:01.796+00:00,2026-09-19T05:49:01.310+00:00,2026-09-19T05:49:07.830+00:00,True,66,66.0,,66.0,179514.043305,186033.897897,186033.897776,2818.695420848485,44.607915,179514.043305,22084.311767208634,111.65304225,100.30545526153846,18.062485336300416,0.354774053256368,4,64,,True,True,,229,56.69694568066818
103,2026-09-19T05:46:02.197+00:00,2026-09-19T05:49:04.100+00:00,2026-09-19T05:49:12.456+00:00,True,84,84.0,,84.0,181902.44433700002,190258.30840100002,190258.30823700002,2264.979859964286,48.526405,181902.44433700002,19836.206927397758,114.45156864999998,100.6730610120482,17.287838235793277,0.44150502916780104,4,64,,True,True,,168,56.69694568066818
104,2026-09-19T05:46:02.489+00:00,2026-09-19T05:49:05.633+00:00,2026-09-19T05:49:10.031+00:00,True,45,45.0,,45.0,183144.09275799998,187542.890582,187542.89042799998,4167.619787288889,45.686582,183144.09275799998,27286.613556807744,113.68261899999999,99.97267781818181,20.048137996158143,0.23994511261051776,4,64,,True,True,,213,56.69694568066818
105,2026-09-19T05:46:02.873+00:00,2026-09-19T05:49:07.612+00:00,2026-09-19T05:49:09.817+00:00,True,23,23.0,,23.0,184738.827688,186944.82474399998,186944.82465599998,8128.035854608695,50.680930000000004,184738.827688,38499.80523656553,114.6707251,100.27259345454546,20.29856918179704,0.12303095328525904,4,64,,True,True,,75,56.69694568066818
106,2026-09-19T05:46:03.193+00:00,2026-09-19T05:49:09.062+00:00,2026-09-19T05:49:14.603+00:00,True,57,57.0,,57.0,185869.69136899998,191410.631401,191410.63134199998,3358.0812516140345,48.743964999999996,185869.69136899998,24605.94331929055,112.29053479999999,98.94535771428572,18.607912361533305,0.2977891018006548,4,64,,True,True,,213,56.69694568066818
107,2026-09-19T05:46:03.553+00:00,2026-09-19T05:49:11.206+00:00,2026-09-19T05:49:12.249+00:00,True,11,11.0,,11.0,187653.081805,188696.365773,188696.36565,17154.215059090908,97.73360000000001,187653.081805,56548.07694303773,93882.41204600001,104.3283968,3.968722314506236,0.05829471041976982,4,64,,True,True,,36,56.69694568066818
108,2026-09-19T05:46:03.898+00:00,2026-09-19T05:49:12.877+00:00,2026-09-19T05:49:16.329+00:00,True,35,35.0,,35.0,188978.80738800002,192430.73494000002,192430.73496700003,5498.020999057143,49.753803,188978.80738800002,31926.091543585084,113.9786995,101.52728094117647,16.548884001863424,0.18188362691081034,4,64,,True,True,,161,56.69694568066818
109,2026-09-19T05:46:04.400+00:00,2026-09-19T05:49:15.902+00:00,2026-09-19T05:49:22.943+00:00,True,72,72.0,,72.0,191501.52441999997,198542.96569999997,198542.96550599998,2757.541187583333,47.304128,191501.52441999997,22556.990006803313,113.32760505000002,99.17522929577466,17.680936952924053,0.36264190849648426,4,64,,True,True,,303,56.69694568066818
110,2026-09-19T05:46:04.752+00:00,2026-09-19T05:49:17.768+00:00,2026-09-19T05:49:17.925+00:00,True,3,3.0,,3.0,193015.160332,193172.532236,193172.532151,64390.84405033333,51.11876,193015.160332,111391.92885547137,173724.26960470004,78.685952,38.985772352149596,0.015530158274960555,4,64,,True,True,,7,56.69694568066818
111,2026-09-19T05:46:05.053+00:00,2026-09-19T05:49:19.503+00:00,2026-09-19T05:49:24.485+00:00,True,50,50.0,,50.0,194450.107939,199431.910179,199431.910168,3988.6382033600003,49.536263,194450.107939,27485.023144613664,112.77293695,101.66943346938776,13.789397461317751,0.2507121350596428,4,64,,True,True,,251,56.69694568066818
112,2026-09-19T05:46:05.397+00:00,2026-09-19T05:49:21.329+00:00,2026-09-19T05:49:31.245+00:00,True,97,97.0,,97.0,195932.70145300002,205848.060941,205848.061015,2122.144958917526,49.839473,195932.70145300002,19883.468858383636,113.09506719999999,103.28499466666668,12.923802574951926,0.47122134430890783,4,64,,True,True,,389,56.69694568066818
113,2026-09-19T05:46:05.756+00:00,2026-09-19T05:49:23.421+00:00,2026-09-19T05:49:33.308+00:00,True,96,96.0,,96.0,197665.801018,207552.482106,207552.482169,2162.00502259375,49.466273,197665.801018,20163.563931244415,113.97383000000002,104.07032724210526,13.126061852974063,0.46253361571928314,4,64,,True,True,,367,56.69694568066818
114,2026-09-19T05:46:06.039+00:00,2026-09-19T05:49:25.123+00:00,2026-09-19T05:49:33.738+00:00,True,84,84.0,,84.0,199083.90452500002,207699.09786900002,207699.09774700002,2472.608306511905,51.334159,199083.90452500002,21710.51386883573,115.00848330000001,103.79751016867469,13.735772504925858,0.40443122219519934,4,64,,True,True,,358,56.69694568066818
115,2026-09-19T05:46:06.459+00:00,2026-09-19T05:49:27.417+00:00,2026-09-19T05:49:36.922+00:00,True,92,92.0,,92.0,200957.47382800002,210462.69110800003,210462.69113500003,2287.6379471195655,47.716087,200957.47382800002,20940.379496113477,113.80179550000001,104.45293714285715,13.826979965194607,0.437132108858143,4,64,,True,True,,355,56.69694568066818
116,2026-09-19T05:46:06.837+00:00,2026-09-19T05:49:29.310+00:00,2026-09-19T05:49:38.269+00:00,True,88,88.0,,88.0,202473.269173,211432.13458100002,211432.13461500002,2402.637893352273,47.13265,202473.269173,21572.752336841957,114.57961885,102.97546445977011,16.899198919235282,0.4162092019474317,4,64,,True,True,,382,56.69694568066818
117,2026-09-19T05:46:07.336+00:00,2026-09-19T05:49:32.266+00:00,2026-09-19T05:49:34.817+00:00,True,25,25.0,,25.0,204930.73672999998,207481.40808999998,207481.40790899997,8299.256316359999,51.410359,204930.73672999998,40964.89358779454,115.53001019999999,106.27797333333334,12.524892767346719,0.12049272380663456,4,64,,True,True,,107,56.69694568066818
118,2026-09-19T05:46:07.505+00:00,2026-09-19T05:49:33.309+00:00,2026-09-19T05:49:37.122+00:00,True,37,37.0,,37.0,205803.798903,209616.38821499998,209616.388282,5665.307791405405,50.251491,205803.798903,33816.52702069284,116.03416299999998,105.90525866666667,10.599507943722692,0.17651291635675798,4,64,,True,True,,144,56.69694568066818
119,2026-09-19T05:46:07.824+00:00,2026-09-19T05:49:35.036+00:00,2026-09-19T05:49:37.491+00:00,True,25,25.0,,25.0,207211.66865200002,209667.06142,209667.06135400003,8386.682454160002,48.552045,207211.66865200002,41421.87546191622,114.38143539999999,102.308032,16.985317378253573,0.11923665944800267,4,64,,True,True,,107,56.69694568066818
120,2026-09-19T05:46:08.260+00:00,2026-09-19T05:49:37.857+00:00,2026-09-19T05:49:45.103+00:00,True,75,75.0,,75.0,209596.59379100002,216843.30022300003,216843.300163,2891.2440021733337,46.003304,209596.59379100002,24190.829012197006,112.36999019999999,97.9284652972973,18.326319463369995,0.3458718803987514,4,64,,True,True,,151,56.69694568066818
121,2026-09-19T05:46:08.619+00:00,2026-09-19T05:49:39.792+00:00,2026-09-19T05:49:47.964+00:00,True,86,86.0,,86.0,211172.253809,219344.68286499998,219344.682962,2550.5195693255814,45.898115,211172.253809,22760.932422444544,112.39961125000002,96.1462241882353,21.871410704085353,0.3920769761851506,4,64,,True,True,,460,56.69694568066818
122,2026-09-19T05:46:08.956+00:00,2026-09-19T05:49:41.457+00:00,2026-09-19T05:49:49.150+00:00,True,80,80.0,,80.0,212500.233791,220193.377343,220193.377398,2752.417217475,45.625385,212500.233791,23747.36989209601,113.54425389999999,97.38156394936709,20.902104854227495,0.36331701237036873,4,64,,True,True,,308,56.69694568066818
123,2026-09-19T05:46:09.367+00:00,2026-09-19T05:49:43.955+00:00,2026-09-19T05:49:49.772+00:00,True,62,62.0,,62.0,214587.68774700002,220405.00128300002,220405.00117200002,3554.919373741936,45.208675,214587.68774700002,27240.56039416607,110.56048860000001,95.36579567213116,21.39678445676514,0.2813003318395303,4,64,,True,True,,268,56.69694568066818
124,2026-09-19T05:46:09.851+00:00,2026-09-19T05:49:46.314+00:00,2026-09-19T05:49:46.427+00:00,True,2,2.0,,2.0,216462.79810100002,216575.04130100002,216575.04127200003,108287.52063600002,112.243171,216462.79810100002,152982.94450447566,205645.2703545,112.2432,nan,0.009234674448106708,4,64,,True,True,,5,56.69694568066818
125,2026-09-19T05:46:10.326+00:00,2026-09-19T05:49:48.631+00:00,2026-09-19T05:49:50.841+00:00,True,24,24.0,,24.0,218305.498872,220514.919672,220514.919544,9188.121647666667,48.338008,218305.498872,44541.81851580301,112.12535740000001,96.06177391304348,18.52669634722026,0.10883617324260085,4,64,,True,True,,110,56.69694568066818
126,2026-09-19T05:46:10.610+00:00,2026-09-19T05:49:49.980+00:00,2026-09-19T05:49:52.218+00:00,True,24,24.0,,24.0,219370.086627,221608.152035,221608.15197500002,9233.672998958335,48.557238,219370.086627,44758.87097417652,111.17284155000002,97.30719165217391,14.667441379231308,0.10829926507491261,4,64,,True,True,,124,56.69694568066818
127,2026-09-19T05:46:11.086+00:00,2026-09-19T05:49:52.525+00:00,2026-09-19T05:49:52.629+00:00,True,2,2.0,,2.0,221438.857777,221543.309361,221543.309366,110771.654683,104.45158900000001,221438.857777,156507.05952543253,210372.1374676,104.451584,nan,0.009027580231461848,4,64,,True,True,,7,56.69694568066818
128,2026-09-19T05:46:11.594+00:00,2026-09-19T05:49:55.433+00:00,2026-09-19T05:50:00.074+00:00,True,47,47.0,,47.0,223838.882806,228480.097782,228480.097699,4861.2786744468085,48.805138,223838.882806,32635.543267894758,113.01430489999998,100.89597773913044,15.756956041782624,0.2057071948771843,4,64,,True,True,,216,56.69694568066818
129,2026-09-19T05:46:12.099+00:00,2026-09-19T05:49:57.810+00:00,2026-09-19T05:49:57.810+00:00,True,1,1.0,,1.0,225711.45938800002,225711.45938800002,225711.45938800002,225711.45938800002,225711.45938800002,225711.45938800002,nan,225711.45938800002,nan,nan,0.004430435223410572,4,64,,True,True,,3,56.69694568066818
130,2026-09-19T05:46:12.452+00:00,2026-09-19T05:50:00.078+00:00,2026-09-19T05:50:07.147+00:00,True,74,74.0,,74.0,227625.910149,234695.644293,234695.644332,3171.562761243243,44.04218,227625.910149,26449.723813177283,112.70675855000002,96.84567320547946,19.817370138796104,0.31530197427787165,4,64,,True,True,,298,56.69694568066818
131,2026-09-19T05:46:12.754+00:00,2026-09-19T05:50:02.067+00:00,2026-09-19T05:50:04.110+00:00,True,22,22.0,,22.0,229313.15360299998,231355.789891,231355.78981999998,10516.172264545454,45.887375999999996,229313.15360299998,48868.99490076351,112.86437300000001,97.26839466666667,20.193688929625484,0.0950916335846403,4,64,,True,True,,83,56.69694568066818
132,2026-09-19T05:46:13.066+00:00,2026-09-19T05:50:03.692+00:00,2026-09-19T05:50:07.454+00:00,True,41,41.0,,41.0,230625.658419,234387.92785900002,234387.927747,5716.778725536586,48.993036999999994,230625.658419,36002.993198901044,109.65812799999999,94.056736,20.570127887764595,0.1749236847414097,4,64,,True,True,,128,56.69694568066818
133,2026-09-19T05:46:13.447+00:00,2026-09-19T05:50:05.859+00:00,2026-09-19T05:50:08.835+00:00,True,33,33.0,,33.0,232411.958238,235388.40086199998,235388.400914,7132.981845878788,44.678017,232411.958238,40441.543743078655,125.14679400000001,93.013832,23.236784971012856,0.1401938238211948,4,64,,True,True,,173,56.69694568066818
134,2026-09-19T05:46:13.787+00:00,2026-09-19T05:50:08.213+00:00,2026-09-19T05:50:09.547+00:00,True,15,15.0,,15.0,234426.005369,235760.088953,235760.08884699998,15717.339256466666,50.688803,234426.005369,60503.93296541507,70407.6234983,95.29168457142856,19.293663458740365,0.06362400042608708,4,64,,True,True,,66,56.69694568066818
135,2026-09-19T05:46:14.121+00:00,2026-09-19T05:50:09.852+00:00,2026-09-19T05:50:16.026+00:00,True,61,61.0,,61.0,235731.479841,241905.300513,241905.300337,3965.660661262295,47.182571,235731.479841,30169.15256586678,115.54985400000001,102.89701120000001,15.66068761741251,0.2521647928782026,4,64,,True,True,,211,56.69694568066818
136,2026-09-19T05:46:14.424+00:00,2026-09-19T05:50:11.510+00:00,2026-09-19T05:50:18.036+00:00,True,65,65.0,,65.0,237085.911971,243611.609507,243611.609577,3747.8709165692308,44.712546,237085.911971,29394.24623404517,116.0548748,101.964024,17.535315715761307,0.2668181542396167,4,64,,True,True,,282,56.69694568066818
137,2026-09-19T05:46:14.827+00:00,2026-09-19T05:50:13.870+00:00,2026-09-19T05:50:22.798+00:00,True,92,92.0,,92.0,239043.05626800001,247971.02734000003,247971.02729000003,2695.337253152174,45.895744,239043.05626800001,24911.740276817447,113.582396,98.10957221978022,19.43865578323788,0.37101108539529587,4,64,,True,True,,386,56.69694568066818
138,2026-09-19T05:46:15.291+00:00,2026-09-19T05:50:16.235+00:00,2026-09-19T05:50:19.835+00:00,True,39,39.0,,39.0,240943.489332,244543.246644,244543.246564,6270.33965548718,44.738116000000005,240943.489332,38566.67461943788,116.3641222,94.73045557894737,24.39759167095056,0.15948099379237912,4,64,,True,True,,178,56.69694568066818
139,2026-09-19T05:46:15.735+00:00,2026-09-19T05:50:19.318+00:00,2026-09-19T05:50:23.776+00:00,True,46,46.0,,46.0,243582.342599,248040.603847,248040.603905,5392.1870414130435,48.282319,243582.342599,35899.652205572595,109.10530574999999,99.07247217777778,13.73019626373329,0.1854535075570707,4,64,,True,True,,225,56.69694568066818
140,2026-09-19T05:46:16.018+00:00,2026-09-19T05:50:20.247+00:00,2026-09-19T05:50:22.590+00:00,True,25,25.0,,25.0,244228.97672799998,246571.19931999999,246571.19945699998,9862.847978279999,51.442312,244228.97672799998,48826.27904837707,109.66726039999999,97.592608,15.059117801786792,0.10139059253045614,4,64,,True,True,,120,56.69694568066818
141,2026-09-19T05:46:16.476+00:00,2026-09-19T05:50:22.393+00:00,2026-09-19T05:50:24.439+00:00,True,22,22.0,,22.0,245916.617565,247963.190621,247963.190512,11271.054114181818,54.289274,245916.617565,52408.82334214035,112.94305379999997,97.4558598095238,14.730464425285414,0.08872284610027445,4,64,,True,True,,104,56.69694568066818
142,2026-09-19T05:46:16.908+00:00,2026-09-19T05:50:24.545+00:00,2026-09-19T05:50:30.617+00:00,True,63,63.0,,63.0,247636.274958,253709.031182,253709.03122499998,4027.127479761905,45.955743999999996,247636.274958,31186.90273990954,111.63570829999999,97.94768103225806,17.685575751948093,0.24831595354130886,4,64,,True,True,,127,56.69694568066818
143,2026-09-19T05:46:17.288+00:00,2026-09-19T05:50:26.750+00:00,2026-09-19T05:50:27.575+00:00,True,10,10.0,,10.0,249462.250654,250287.24675,250287.24673400001,25028.7246734,46.144533,249462.250654,78857.90603825443,137252.63019505,91.6662328888889,23.887148989668045,0.039954093266240304,4,64,,True,True,,42,56.69694568066818
144,2026-09-19T05:46:17.691+00:00,2026-09-19T05:50:29.147+00:00,2026-09-19T05:50:33.600+00:00,True,45,45.0,,45.0,251455.92723300002,255909.89024100002,255909.89041800002,5686.886453733334,49.337167,251455.92723300002,37469.74839429366,111.0324444,101.226432,12.063744446994859,0.1758431452478128,4,64,,True,True,,161,56.69694568066818
145,2026-09-19T05:46:18.039+00:00,2026-09-19T05:50:30.923+00:00,2026-09-19T05:50:35.637+00:00,True,48,48.0,,48.0,252883.51086500002,257597.61620900003,257597.61628100002,5366.6170058541675,46.888362,252883.51086500002,36486.116617801206,112.20009705000001,100.30011370212766,14.766546909253796,0.18633712806199082,4,64,,True,True,,172,56.69694568066818
146,2026-09-19T05:46:18.517+00:00,2026-09-19T05:50:32.785+00:00,2026-09-19T05:50:32.883+00:00,True,2,2.0,,2.0,254268.65323,254365.99467,254365.994625,127182.9973125,97.341395,254268.65323,179726.25818160907,241560.08763825003,97.34144,nan,0.007862686215563863,4,64,,True,True,,3,56.69694568066818
147,2026-09-19T05:46:18.896+00:00,2026-09-19T05:50:35.012+00:00,2026-09-19T05:50:43.259+00:00,True,83,83.0,,83.0,256116.785324,264363.25342,264363.253386,3185.0994383855423,48.127129000000004,256116.785324,28101.436429409638,113.08178,100.56668409756097,17.921542782774225,0.3139619403462855,4,64,,True,True,,382,56.69694568066818
148,2026-09-19T05:46:19.348+00:00,2026-09-19T05:50:37.599+00:00,2026-09-19T05:50:43.898+00:00,True,64,64.0,,64.0,258250.29573399998,264549.873846,264549.87384899997,4133.5917788906245,47.60605,258250.29573399998,32268.793278170913,113.39509464999999,99.99330336507936,18.94727595554504,0.2419203572830117,4,64,,True,True,,277,56.69694568066818
149,2026-09-19T05:46:19.661+00:00,2026-09-19T05:50:39.169+00:00,2026-09-19T05:50:40.925+00:00,True,19,19.0,,19.0,259508.092186,261264.328986,261264.328902,13750.754152736841,47.96552,259508.092186,59512.85937974942,26054.106913,97.5687111111111,21.77399806200922,0.07272328401562284,4,64,,True,True,,83,56.69694568066818
150,2026-09-19T05:46:20.035+00:00,2026-09-19T05:50:41.452+00:00,2026-09-19T05:50:45.482+00:00,True,41,41.0,,41.0,261416.60611199998,265447.394208,265447.39425199997,6474.32668907317,50.023065,261416.60611199998,40810.67981537899,115.32845500000002,100.7697024,14.759993542866347,0.15445621578742305,4,64,,True,True,,157,56.69694568066818
151,2026-09-19T05:46:20.379+00:00,2026-09-19T05:50:43.257+00:00,2026-09-19T05:50:43.366+00:00,True,2,2.0,,2.0,262877.562077,262987.386333,262987.386264,131493.693132,109.82418700000001,262877.562077,185804.84933906829,249739.1751825,109.824256,nan,0.007604927475371611,4,64,,True,True,,4,56.69694568066818
152,2026-09-19T05:46:20.787+00:00,2026-09-19T05:50:45.278+00:00,2026-09-19T05:50:53.431+00:00,True,87,87.0,,87.0,264490.352514,272644.22285,272644.222803,3133.8416414137932,44.978427,264490.352514,28346.184546029217,110.4451056,94.81244576744186,20.43429568598578,0.3190971702630375,4,64,,True,True,,300,56.69694568066818
153,2026-09-19T05:46:21.082+00:00,2026-09-19T05:50:47.241+00:00,2026-09-19T05:50:48.590+00:00,True,15,15.0,,15.0,266158.608295,267508.222631,267508.222618,17833.881507866667,49.027837,266158.608295,68696.96918417503,79925.37633399999,96.401024,19.8496077403167,0.056073042736674884,4,64,,True,True,,36,56.69694568066818
154,2026-09-19T05:46:21.428+00:00,2026-09-19T05:50:49.113+00:00,2026-09-19T05:50:54.543+00:00,True,58,58.0,,58.0,267685.54475299997,273115.281713,273115.28169299994,4708.884167120689,46.352323,267685.54475299997,35136.33101514645,110.5899022,95.25854315789474,19.03379215545823,0.21236453572359462,4,64,,True,True,,282,56.69694568066818
155,2026-09-19T05:46:21.893+00:00,2026-09-19T05:50:51.139+00:00,2026-09-19T05:50:59.635+00:00,True,88,88.0,,88.0,269246.216889,277742.042041,277742.042033,3156.1595685568177,45.044745999999996,269246.216889,28691.338667154345,109.41539050000002,97.65316266666667,17.65726926026059,0.31684076113694565,4,64,,True,True,,412,56.69694568066818
156,2026-09-19T05:46:22.737+00:00,2026-09-19T05:50:51.496+00:00,2026-09-19T05:50:53.013+00:00,True,18,18.0,,18.0,268758.416457,270275.234121,270275.23413600004,15015.290785333334,46.069285,268758.416457,63325.93978260265,40404.40663515,89.22456847058824,23.072791958645052,0.06659877683036822,4,64,,True,True,,50,56.69694568066818
157,2026-09-19T05:46:22.909+00:00,2026-09-19T05:50:56.810+00:00,2026-09-19T05:51:06.690+00:00,True,100,100.0,,100.0,273900.525963,283780.736395,283780.736181,2837.80736181,44.062209,273900.525963,27380.077773266836,111.24957995000001,99.80010537373738,16.939746431234237,0.3523847364354148,4,64,,True,True,,438,56.69694568066818
158,2026-09-19T05:46:23.292+00:00,2026-09-19T05:50:59.064+00:00,2026-09-19T05:51:04.157+00:00,True,52,52.0,,52.0,275771.665713,280864.280625,280864.280566,5401.236164730769,50.484394,275771.665713,38228.80526047226,113.96839410000001,99.85519435294117,16.31515035214345,0.1851428023680539,4,64,,True,True,,261,56.69694568066818
159,2026-09-19T05:46:23.638+00:00,2026-09-19T05:51:00.766+00:00,2026-09-19T05:51:09.744+00:00,True,93,93.0,,93.0,277128.613411,286106.494243,286106.494229,3076.4139164408602,42.856111,277128.613411,28726.786161044223,111.87490980000001,97.58566121739129,19.85827849161875,0.3250537889608753,4,64,,True,True,,361,56.69694568066818
160,2026-09-19T05:46:24.068+00:00,2026-09-19T05:51:03.190+00:00,2026-09-19T05:51:04.689+00:00,True,15,15.0,,15.0,279121.621032,280621.034792,280621.034801,18708.06898673333,102.049635,279121.621032,72041.23939229445,83815.1559587,107.10098285714285,3.7872359178965023,0.05345287109755758,4,64,,True,True,,31,56.69694568066818
161,2026-09-19T05:46:24.487+00:00,2026-09-19T05:51:05.106+00:00,2026-09-19T05:51:12.084+00:00,True,74,74.0,,74.0,280619.01101,287597.255362,287597.25518700003,3886.449394418919,46.040655,280619.01101,32610.19151062719,110.03525180000001,95.59238838356164,20.705371326604634,0.2573042635850466,4,64,,True,True,,363,56.69694568066818
162,2026-09-19T05:46:24.967+00:00,2026-09-19T05:51:07.819+00:00,2026-09-19T05:51:12.660+00:00,True,50,50.0,,50.0,282851.929683,287693.500499,287693.50034300005,5753.87000686,46.381364000000005,282851.929683,39987.33365979483,110.6677163,98.80756767346939,17.26106096152022,0.17379607086456855,4,64,,True,True,,263,56.69694568066818
163,2026-09-19T05:46:25.365+00:00,2026-09-19T05:51:10.158+00:00,2026-09-19T05:51:16.154+00:00,True,61,61.0,,61.0,284793.123893,290788.349237,290788.349215,4767.022118278689,48.627627999999994,284793.123893,36451.232859729294,111.678244,99.9204224,15.75765869869765,0.20977456682861606,4,64,,True,True,,275,56.69694568066818
164,2026-09-19T05:46:25.777+00:00,2026-09-19T05:51:12.083+00:00,2026-09-19T05:51:18.315+00:00,True,64,64.0,,64.0,286305.247949,292537.60122899996,292537.60120699997,4570.9000188593745,45.486066,286305.247949,35775.79472425799,110.949138,98.92624253968253,18.10990804259805,0.21877529497447565,4,64,,True,True,,261,56.69694568066818
165,2026-09-19T05:46:26.130+00:00,2026-09-19T05:51:14.065+00:00,2026-09-19T05:51:17.950+00:00,True,40,40.0,,40.0,287934.869848,291819.451736,291819.451954,7295.48629885,44.488887999999996,287934.869848,45510.75504272261,113.06297294999999,99.6046637948718,18.334865699758712,0.13707105459229893,4,64,,True,True,,193,56.69694568066818
166,2026-09-19T05:46:26.562+00:00,2026-09-19T05:51:16.460+00:00,2026-09-19T05:51:23.830+00:00,True,75,75.0,,75.0,289898.250144,297268.108704,297268.108872,3963.5747849599998,47.020342,289898.250144,33463.07195849811,114.0403903,99.59268324324324,19.104127552941698,0.2522974977940875,4,64,,True,True,,312,56.69694568066818
167,2026-09-19T05:46:27.029+00:00,2026-09-19T05:51:18.842+00:00,2026-09-19T05:51:19.578+00:00,True,8,8.0,,8.0,291813.250473,292548.713897,292548.713866,36568.58923325,100.736349,291813.250473,103134.41769826361,189718.22669995,105.06620342857143,4.506235357453598,0.027345873080189386,4,64,,True,True,,23,56.69694568066818
168,2026-09-19T05:46:27.422+00:00,2026-09-19T05:51:20.662+00:00,2026-09-19T05:51:25.238+00:00,True,47,47.0,,47.0,293240.15036900004,297815.80656100006,297815.80661900004,6336.506523808512,46.116834000000004,293240.15036900004,42758.967721200745,117.01118120000001,99.4707867826087,20.87834868777422,0.15781566647763956,4,64,,True,True,,195,56.69694568066818
169,2026-09-19T05:46:27.923+00:00,2026-09-19T05:51:24.050+00:00,2026-09-19T05:51:25.659+00:00,True,17,17.0,,17.0,296126.787061,297735.76856500003,297735.768479,17513.868734058826,47.425692000000005,296126.787061,71796.90838977283,59318.300614600004,100.561344,20.362482003959602,0.05709760732455849,4,64,,True,True,,105,56.69694568066818
170,2026-09-19T05:46:28.264+00:00,2026-09-19T05:51:26.085+00:00,2026-09-19T05:51:28.302+00:00,False,24,23.0,,23.0,297820.671762,300038.065426,300038.06536400004,12501.586056833334,0.023690000000000003,297820.671762,60772.71625993012,112.46496925000001,96.40842017391304,26.412216673982982,0.07665694006973463,4,64,,True,False,Request timeout: 300.0s exceeded,87,56.69694568066818
171,2026-09-19T05:46:28.748+00:00,2026-09-19T05:51:28.407+00:00,2026-09-19T05:51:29.490+00:00,False,12,11.0,,11.0,299659.230257,300741.996337,300741.99628300004,25061.833023583335,0.027710000000000002,299659.230257,86475.75912034036,134912.69611085003,98.43328,33.02339151613062,0.03657620197371377,4,64,,True,False,Request timeout: 300.0s exceeded,34,56.69694568066818
172,2026-09-19T05:46:29.099+00:00,2026-09-19T05:51:29.279+00:00,2026-09-19T05:51:29.600+00:00,False,5,4.0,,4.0,300180.17054,300501.382188,300501.38212300005,60100.2764246,0.06412000000000001,300180.17054,134208.7488497812,240166.56041060004,80.302912,53.613403324918515,0.013311086860484107,4,64,,True,False,Request timeout: 300.0s exceeded,13,56.69694568066818
173,2026-09-19T05:46:29.399+00:00,2026-09-19T05:51:29.643+00:00,2026-09-19T05:51:29.643+00:00,False,1,0.0,,0.0,300243.235121,300243.235121,300243.235121,300243.235121,300243.235121,300243.235121,nan,300243.235121,nan,nan,0.0,4,64,,True,False,"HTTPConnectionPool(host='gpu03', port=9002): Read timed out.",0,56.69694568066818
174,2026-09-19T05:46:29.836+00:00,2026-09-19T05:51:29.852+00:00,2026-09-19T05:51:29.852+00:00,False,1,0.0,,0.0,300016.333384,300016.333384,300016.333384,300016.333384,300016.333384,300016.333384,nan,300016.333384,nan,nan,0.0,4,64,,True,False,"HTTPConnectionPool(host='gpu03', port=9002): Read timed out.",0,56.69694568066818
175,2026-09-19T05:46:30.192+00:00,2026-09-19T05:51:30.210+00:00,2026-09-19T05:51:30.320+00:00,False,3,2.0,,2.0,300018.005608,300128.202856,300128.202765,100042.73425499999,0.020730000000000002,300018.005608,173183.6738786277,270027.22268989997,55.098624,77.89189619646635,0.006663818931270481,4,64,,True,False,Request timeout: 300.0s exceeded,4,56.69694568066818
176,2026-09-19T05:46:30.694+00:00,2026-09-19T05:51:30.789+00:00,2026-09-19T05:51:30.789+00:00,False,1,0.0,,0.0,300095.070398,300095.070398,300095.070398,300095.070398,300095.070398,300095.070398,nan,300095.070398,nan,nan,0.0,4,64,,True,False,TTFT timeout: 300.0s exceeded (TTFT: 300.088s),0,56.69694568066818
177,2026-09-19T05:46:31.198+00:00,2026-09-19T05:51:30.986+00:00,2026-09-19T05:51:31.208+00:00,False,4,3.0,,3.0,299787.713598,300010.008894,300010.008978,75002.5022445,0.04231,299787.713598,149856.8167211852,254836.39767195002,74.098432,64.14481098333327,0.009999666381330513,4,64,,True,False,Request timeout: 300.0s exceeded,10,56.69694568066818
178,2026-09-19T05:46:31.665+00:00,2026-09-19T05:51:31.531+00:00,2026-09-19T05:51:31.739+00:00,False,4,3.0,,3.0,299866.355821,300074.427245,300074.427214,75018.6068035,0.06848,299866.355821,149898.5073712156,254902.44421795,69.35714133333333,60.078014898936374,0.009997519707171205,4,64,,True,False,Request timeout: 300.0s exceeded,8,56.69694568066818
179,2026-09-19T05:46:31.976+00:00,2026-09-19T05:51:32.081+00:00,2026-09-19T05:51:32.081+00:00,False,1,0.0,,0.0,300104.90806,300104.90806,300104.90806,300104.90806,300104.90806,300104.90806,nan,300104.90806,nan,nan,0.0,4,64,,True,False,"HTTPConnectionPool(host='gpu03', port=9002): Read timed out.",0,56.69694568066818
180,2026-09-19T05:46:32.375+00:00,2026-09-19T05:51:32.432+00:00,2026-09-19T05:51:32.432+00:00,False,1,0.0,,0.0,300056.742602,300056.742602,300056.742602,300056.742602,300056.742602,300056.742602,nan,300056.742602,nan,nan,0.0,4,64,,True,False,"HTTPConnectionPool(host='gpu03', port=9002): Read timed out.",0,56.69694568066818
181,2026-09-19T05:46:32.680+00:00,2026-09-19T05:51:32.668+00:00,2026-09-19T05:51:32.778+00:00,False,3,2.0,,2.0,299988.012205,300097.875885,300097.876083,100032.625361,0.04271,299988.012205,173166.45332967272,270000.1931013,54.93184,77.62525471456226,0.0066644923563751466,4,64,,True,False,Request timeout: 300.0s exceeded,4,56.69694568066818
182,2026-09-19T05:46:32.985+00:00,2026-09-19T05:51:32.913+00:00,2026-09-19T05:51:33.024+00:00,False,3,2.0,,2.0,299928.069898,300039.53818599996,300039.53836199996,100013.179454,0.025160000000000002,299928.069898,173131.38268213562,269946.4072386,55.734144,78.78450254220225,0.006665788156093494,4,64,,True,False,Request timeout: 300.0s exceeded,5,56.69694568066818
183,2026-09-19T05:46:33.384+00:00,2026-09-19T05:51:33.466+00:00,2026-09-19T05:51:33.466+00:00,False,1,0.0,,0.0,300082.260924,300082.260924,300082.260924,300082.260924,300082.260924,300082.260924,nan,300082.260924,nan,nan,0.0,4,64,,True,False,"HTTPConnectionPool(host='gpu03', port=9002): Read timed out.",0,56.69694568066818
184,2026-09-19T05:46:33.858+00:00,2026-09-19T05:51:33.932+00:00,2026-09-19T05:51:33.932+00:00,False,1,0.0,,0.0,300074.192986,300074.192986,300074.192986,300074.192986,300074.192986,300074.192986,nan,300074.192986,nan,nan,0.0,4,64,,True,False,"HTTPConnectionPool(host='gpu03', port=9002): Read timed out.",0,56.69694568066818
185,2026-09-19T05:46:34.214+00:00,2026-09-19T05:51:34.252+00:00,2026-09-19T05:51:34.252+00:00,False,1,0.0,,0.0,300037.17723900004,300037.17723900004,300037.17723900004,300037.17723900004,300037.17723900004,300037.17723900004,nan,300037.17723900004,nan,nan,0.0,4,64,,True,False,"HTTPConnectionPool(host='gpu03', port=9002): Read timed out.",0,56.69694568066818
186,2026-09-19T05:46:34.535+00:00,2026-09-19T05:51:34.405+00:00,2026-09-19T05:51:34.551+00:00,False,3,2.0,,2.0,299870.367959,300015.904471,300015.904584,100005.301528,0.03432,299870.367959,173088.24014020912,269897.8813936,72.768256,102.86134136339369,0.006666313252713984,4,64,,True,False,Request timeout: 300.0s exceeded,4,56.69694568066818
187,2026-09-19T05:46:34.840+00:00,2026-09-19T05:51:34.654+00:00,2026-09-19T05:51:34.851+00:00,False,4,3.0,,3.0,299814.75495200005,300010.88730400003,300010.88742100005,75002.72185525001,0.07956999999999999,299814.75495200005,149874.6959470398,254858.26927205003,65.37745066666666,56.96004376812101,0.009999637103036564,4,64,,True,False,Request timeout: 300.0s exceeded,14,56.69694568066818
188,2026-09-19T05:46:35.271+00:00,2026-09-19T05:51:35.298+00:00,2026-09-19T05:51:35.298+00:00,False,1,0.0,,0.0,300027.23099400004,300027.23099400004,300027.23099400004,300027.23099400004,300027.23099400004,300027.23099400004,nan,300027.23099400004,nan,nan,0.0,4,64,,True,False,"HTTPConnectionPool(host='gpu03', port=9002): Read timed out.",0,56.69694568066818
189,2026-09-19T05:46:35.623+00:00,2026-09-19T05:51:35.675+00:00,2026-09-19T05:51:35.675+00:00,False,1,0.0,,0.0,300052.731714,300052.731714,300052.731714,300052.731714,300052.731714,300052.731714,nan,300052.731714,nan,nan,0.0,4,64,,True,False,"HTTPConnectionPool(host='gpu03', port=9002): Read timed out.",0,56.69694568066818
190,2026-09-19T05:46:35.956+00:00,2026-09-19T05:51:35.892+00:00,2026-09-19T05:51:36.019+00:00,False,3,2.0,,2.0,299935.78206,300062.802604,300062.802468,100020.934156,0.053219999999999996,299935.78206,173131.34850785517,269954.9005728,63.510272,89.74178396863499,0.006665271345343819,4,64,,True,False,Request timeout: 300.0s exceeded,4,56.69694568066818
191,2026-09-19T05:46:36.408+00:00,2026-09-19T05:51:36.152+00:00,2026-09-19T05:51:36.450+00:00,False,5,4.0,,4.0,299744.36977100006,300042.51991500007,300042.5199470001,60008.503989400015,0.045759999999999995,299744.36977100006,134016.43008161554,239816.13625540002,74.537536,49.832052036195655,0.013331443827138805,4,64,,True,False,Request timeout: 300.0s exceeded,14,56.69694568066818
192,2026-09-19T05:46:36.727+00:00,2026-09-19T05:51:36.796+00:00,2026-09-19T05:51:36.796+00:00,False,1,0.0,,0.0,300069.168392,300069.168392,300069.168392,300069.168392,300069.168392,300069.168392,nan,300069.168392,nan,nan,0.0,4,64,,True,False,"HTTPConnectionPool(host='gpu03', port=9002): Read timed out.",0,56.69694568066818
193,2026-09-19T05:46:37.029+00:00,2026-09-19T05:51:37.050+00:00,2026-09-19T05:51:37.050+00:00,False,1,0.0,,0.0,300021.395917,300021.395917,300021.395917,300021.395917,300021.395917,300021.395917,nan,300021.395917,nan,nan,0.0,4,64,,True,False,TTFT timeout: 300.0s exceeded (TTFT: 300.010s),0,56.69694568066818
194,2026-09-19T05:46:37.725+00:00,2026-09-19T05:51:37.456+00:00,2026-09-19T05:51:37.995+00:00,False,7,6.0,,6.0,299731.204699,300269.667163,300269.667202,42895.66674314286,0.02429,299731.204699,113253.83415971481,209845.74705099995,89.743744,44.48518341044914,0.019982038334704414,4,64,,True,False,Request timeout: 300.0s exceeded,13,56.69694568066818
195,2026-09-19T05:46:37.824+00:00,2026-09-19T05:51:37.679+00:00,2026-09-19T05:51:37.995+00:00,False,5,4.0,,4.0,299854.42657999997,300171.35227599996,300171.352233,60034.27044659999,0.026940000000000002,299854.42657999997,134063.55071580512,239905.55142759997,79.231424,52.95381763415433,0.013325722024006148,4,64,,True,False,Request timeout: 300.0s exceeded,13,56.69694568066818
196,2026-09-19T05:46:38.272+00:00,2026-09-19T05:51:38.322+00:00,2026-09-19T05:51:38.322+00:00,False,1,0.0,,0.0,300050.699833,300050.699833,300050.699833,300050.699833,300050.699833,300050.699833,nan,300050.699833,nan,nan,0.0,4,64,,True,False,"HTTPConnectionPool(host='gpu03', port=9002): Read timed out.",0,56.69694568066818
197,2026-09-19T05:46:38.574+00:00,2026-09-19T05:51:38.826+00:00,2026-09-19T05:51:39.423+00:00,False,7,6.0,,6.0,300251.72607599996,300848.75033199997,300848.75046699995,42978.392923857136,0.035679999999999996,300251.72607599996,113446.8914838202,210231.98729939997,99.50404266666668,64.05364414696102,0.01994357627671291,4,64,,True,False,Request timeout: 300.0s exceeded,27,56.69694568066818
199,2026-09-19T05:46:39.293+00:00,2026-09-19T05:51:39.361+00:00,2026-09-19T05:51:39.579+00:00,False,6,5.0,,5.0,300067.77595499996,300285.750739,300285.75077499996,50047.62512916666,0.04758,300067.77595499996,122484.3611236491,225067.76495724998,43.5949568,25.57634347764205,0.016650806732237722,4,64,,True,False,Request timeout: 300.0s exceeded,23,56.69694568066818
198,2026-09-19T05:46:39.009+00:00,2026-09-19T05:51:39.361+00:00,2026-09-19T05:51:39.528+00:00,False,5,4.0,,4.0,300352.608107,300519.084395,300519.084355,60103.816871,0.0209,300352.608107,134303.15952272213,240295.55366060004,41.619072,28.97233147681551,0.013310302765139635,4,64,,True,False,Request timeout: 300.0s exceeded,11,56.69694568066818
200,2026-09-19T05:46:39.624+00:00,2026-09-19T05:51:39.635+00:00,2026-09-19T05:51:39.635+00:00,False,1,0.0,,0.0,300011.525471,300011.525471,300011.525471,300011.525471,300011.525471,300011.525471,nan,300011.525471,nan,nan,0.0,4,64,,True,False,"HTTPConnectionPool(host='gpu03', port=9002): Read timed out.",0,56.69694568066818
201,2026-09-19T05:46:39.972+00:00,2026-09-19T05:51:39.990+00:00,2026-09-19T05:51:39.990+00:00,False,1,0.0,,0.0,300017.468465,300017.468465,300017.468465,300017.468465,300017.468465,300017.468465,nan,300017.468465,nan,nan,0.0,4,64,,True,False,"HTTPConnectionPool(host='gpu03', port=9002): Read timed out.",0,56.69694568066818
202,2026-09-19T05:46:40.358+00:00,2026-09-19T05:51:40.426+00:00,2026-09-19T05:51:40.426+00:00,False,1,0.0,,0.0,300067.769,300067.769,300067.769,300067.769,300067.769,300067.769,nan,300067.769,nan,nan,0.0,4,64,,True,False,"HTTPConnectionPool(host='gpu03', port=9002): Read timed out.",0,56.69694568066818
203,2026-09-19T05:46:40.676+00:00,2026-09-19T05:51:40.706+00:00,2026-09-19T05:51:40.706+00:00,False,1,0.0,,0.0,300030.153232,300030.153232,300030.153232,300030.153232,300030.153232,300030.153232,nan,300030.153232,nan,nan,0.0,4,64,,True,False,"HTTPConnectionPool(host='gpu03', port=9002): Read timed out.",0,56.69694568066818
204,2026-09-19T05:46:41.142+00:00,2026-09-19T05:51:40.953+00:00,2026-09-19T05:51:41.171+00:00,False,4,3.0,,3.0,299810.912819,300028.211763,300028.21172,75007.05293,0.046549999999999994,299810.912819,149869.24975944843,254858.89478300003,72.43298133333333,66.49199677341379,0.009999059696325415,4,64,,True,False,Request timeout: 300.0s exceeded,10,56.69694568066818
205,2026-09-19T05:46:41.640+00:00,2026-09-19T05:51:41.174+00:00,2026-09-19T05:51:41.723+00:00,False,8,7.0,,7.0,299533.80118,300083.153628,300083.153569,37510.394196125,0.04068,299533.80118,105873.45078821765,194733.85257245,78.47892114285715,39.35460740163494,0.023326867621091436,4,64,,True,False,Request timeout: 300.0s exceeded,24,56.69694568066818
206,2026-09-19T05:46:41.981+00:00,2026-09-19T05:51:42.086+00:00,2026-09-19T05:51:42.086+00:00,False,1,0.0,,0.0,300105.231765,300105.231765,300105.231765,300105.231765,300105.231765,300105.231765,nan,300105.231765,nan,nan,0.0,4,64,,True,False,"HTTPConnectionPool(host='gpu03', port=9002): Read timed out.",0,56.69694568066818
207,2026-09-19T05:46:42.415+00:00,2026-09-19T05:51:42.523+00:00,2026-09-19T05:51:42.523+00:00,False,1,0.0,,0.0,300108.25222,300108.25222,300108.25222,300108.25222,300108.25222,300108.25222,nan,300108.25222,nan,nan,0.0,4,64,,True,False,"HTTPConnectionPool(host='gpu03', port=9002): Read timed out.",0,56.69694568066818
208,2026-09-19T05:46:42.782+00:00,2026-09-19T05:51:42.685+00:00,2026-09-19T05:51:42.816+00:00,False,3,2.0,,2.0,299903.574089,300034.702665,300034.702578,100011.567526,0.03583,299903.574089,173111.5680993328,269926.325946,65.564288,92.67121988286011,0.006665895585528568,4,64,,True,False,Request timeout: 300.0s exceeded,10,56.69694568066818
209,2026-09-19T05:46:43.073+00:00,2026-09-19T05:51:42.816+00:00,2026-09-19T05:51:43.139+00:00,False,5,4.0,,4.0,299743.42543199996,300066.15771999996,300066.15768099995,60013.23153619999,0.020489999999999998,299743.42543199996,134013.26061319842,239817.56488719996,80.683072,54.00333592491703,0.013330393638500582,4,64,,True,False,Request timeout: 300.0s exceeded,12,56.69694568066818
210,2026-09-19T05:46:43.539+00:00,2026-09-19T05:51:43.643+00:00,2026-09-19T05:51:43.643+00:00,False,1,0.0,,0.0,300104.560816,300104.560816,300104.560816,300104.560816,300104.560816,300104.560816,nan,300104.560816,nan,nan,0.0,4,64,,True,False,"HTTPConnectionPool(host='gpu03', port=9002): Read timed out.",0,56.69694568066818
211,2026-09-19T05:46:44.046+00:00,2026-09-19T05:51:44.155+00:00,2026-09-19T05:51:44.155+00:00,False,1,0.0,,0.0,300109.58154000004,300109.58154000004,300109.58154000004,300109.58154000004,300109.58154000004,300109.58154000004,nan,300109.58154000004,nan,nan,0.0,4,64,,True,False,"HTTPConnectionPool(host='gpu03', port=9002): Read timed out.",0,56.69694568066818
212,2026-09-19T05:46:44.538+00:00,2026-09-19T05:51:44.482+00:00,2026-09-19T05:51:44.628+00:00,False,3,2.0,,2.0,299944.31653500005,300090.66431100003,300090.66419000004,100030.22139666669,0.02475,299944.31653500005,173130.70041740572,269964.517172,73.173888,103.44838706998902,0.00666465251290621,4,64,,True,False,Request timeout: 300.0s exceeded,4,56.69694568066818
213,2026-09-19T05:46:44.905+00:00,2026-09-19T05:51:44.629+00:00,2026-09-19T05:51:44.991+00:00,False,6,5.0,,5.0,299723.290482,300086.06629,300086.066138,50014.34435633333,0.094439,299723.290482,122331.90760910127,224819.96970574997,72.55516159999999,46.81395547902233,0.01666188657745959,4,64,,True,False,Request timeout: 300.0s exceeded,16,56.69694568066818
214,2026-09-19T05:46:45.296+00:00,2026-09-19T05:51:45.370+00:00,2026-09-19T05:51:45.370+00:00,False,1,0.0,,0.0,300073.82943599997,300073.82943599997,300073.82943599997,300073.82943599997,300073.82943599997,300073.82943599997,nan,300073.82943599997,nan,nan,0.0,4,64,,True,False,"HTTPConnectionPool(host='gpu03', port=9002): Read timed out.",0,56.69694568066818
215,2026-09-19T05:46:45.742+00:00,2026-09-19T05:51:45.847+00:00,2026-09-19T05:51:45.847+00:00,False,1,0.0,,0.0,300105.536117,300105.536117,300105.536117,300105.536117,300105.536117,300105.536117,nan,300105.536117,nan,nan,0.0,4,64,,True,False,"HTTPConnectionPool(host='gpu03', port=9002): Read timed out.",0,56.69694568066818
216,2026-09-19T05:46:46.246+00:00,2026-09-19T05:51:46.170+00:00,2026-09-19T05:51:46.285+00:00,False,3,2.0,,2.0,299924.627767,300039.605303,300039.605313,100013.201771,0.02222,299924.627767,173128.38295675366,269943.6605229,57.488768,81.26989802525921,0.006665786664997998,4,64,,True,False,Request timeout: 300.0s exceeded,9,56.69694568066818
217,2026-09-19T05:46:46.631+00:00,2026-09-19T05:51:46.392+00:00,2026-09-19T05:51:46.683+00:00,False,5,4.0,,4.0,299760.409644,300051.54462,300051.544636,60010.3089272,0.0192,299760.409644,134024.3872929285,239828.0930878,72.783744,48.52777065277467,0.013331042854872806,4,64,,True,False,Request timeout: 300.0s exceeded,24,56.69694568066818
218,2026-09-19T05:46:47.106+00:00,2026-09-19T05:51:47.189+00:00,2026-09-19T05:51:47.189+00:00,False,1,0.0,,0.0,300083.441487,300083.441487,300083.441487,300083.441487,300083.441487,300083.441487,nan,300083.441487,nan,nan,0.0,4,64,,True,False,"HTTPConnectionPool(host='gpu03', port=9002): Read timed out.",0,56.69694568066818
219,2026-09-19T05:46:47.542+00:00,2026-09-19T05:51:47.544+00:00,2026-09-19T05:51:47.679+00:00,False,3,2.0,,2.0,300002.19166500005,300137.31051300006,300137.31063500006,100045.77021166668,0.04487,300002.19166500005,173167.35378973876,270015.47990850004,67.559424,95.48009691932006,0.0066636167179000986,4,64,,True,False,Request timeout: 300.0s exceeded,3,56.69694568066818
220,2026-09-19T05:46:48.039+00:00,2026-09-19T05:51:47.826+00:00,2026-09-19T05:51:48.068+00:00,False,4,3.0,,3.0,299787.06097500003,300029.72311900003,300029.723208,75007.430802,0.03651,299787.06097500003,149853.09827888067,254839.64462385004,80.88738133333332,71.8925974001629,0.009999009327519586,4,64,,True,False,Request timeout: 300.0s exceeded,9,56.69694568066818
221,2026-09-19T05:46:48.459+00:00,2026-09-19T05:51:48.521+00:00,2026-09-19T05:51:48.521+00:00,False,1,0.0,,0.0,300062.130214,300062.130214,300062.130214,300062.130214,300062.130214,300062.130214,nan,300062.130214,nan,nan,0.0,4,64,,True,False,TTFT timeout: 300.0s exceeded (TTFT: 300.056s),0,56.69694568066818
222,2026-09-19T05:46:48.956+00:00,2026-09-19T05:51:48.974+00:00,2026-09-19T05:51:48.974+00:00,False,1,0.0,,0.0,300017.961441,300017.961441,300017.961441,300017.961441,300017.961441,300017.961441,nan,300017.961441,nan,nan,0.0,4,64,,True,False,"HTTPConnectionPool(host='gpu03', port=9002): Read timed out.",0,56.69694568066818
223,2026-09-19T05:46:49.428+00:00,2026-09-19T05:51:49.394+00:00,2026-09-19T05:51:49.522+00:00,False,3,2.0,,2.0,299965.250664,300093.875816,300093.875788,100031.29192933333,0.03689,299965.250664,173147.89927356484,269981.584421,64.312576,90.8995836415871,0.006664581190008299,4,64,,True,False,Request timeout: 300.0s exceeded,6,56.69694568066818
224,2026-09-19T05:46:49.758+00:00,2026-09-19T05:51:49.522+00:00,2026-09-19T05:51:49.865+00:00,False,5,4.0,,4.0,299763.838593,300106.104705,300106.104631,60021.2209262,0.023309999999999997,299763.838593,134020.20723972272,239837.49177740005,85.566528,58.84204017630152,0.013328619235959703,4,64,,True,False,Request timeout: 300.0s exceeded,16,56.69694568066818
225,2026-09-19T05:46:50.243+00:00,2026-09-19T05:51:50.285+00:00,2026-09-19T05:51:50.285+00:00,False,1,0.0,,0.0,300041.22338700003,300041.22338700003,300041.22338700003,300041.22338700003,300041.22338700003,300041.22338700003,nan,300041.22338700003,nan,nan,0.0,4,64,,True,False,"HTTPConnectionPool(host='gpu03', port=9002): Read timed out.",0,56.69694568066818
226,2026-09-19T05:46:50.565+00:00,2026-09-19T05:51:50.753+00:00,2026-09-19T05:51:50.864+00:00,True,2,2.0,,2.0,300188.439539,300298.930931,300298.930838,150149.465419,110.491299,300188.439539,212187.1520850498,285184.542127,110.491392,nan,0.0066600303697369545,4,64,,True,True,,11,56.69694568066818
227,2026-09-19T05:46:51.074+00:00,2026-09-19T05:51:51.252+00:00,2026-09-19T05:51:51.566+00:00,False,5,4.0,,4.0,300178.520927,300491.94915099995,300491.94932699995,60098.38986539999,0.0224,300178.520927,134208.88096217072,240165.05422299996,78.357056,52.45090726800138,0.013311504721845188,4,64,,True,False,Request timeout: 300.0s exceeded,13,56.69694568066818
228,2026-09-19T05:46:51.536+00:00,2026-09-19T05:51:51.635+00:00,2026-09-19T05:51:51.635+00:00,False,1,0.0,,0.0,300099.33924,300099.33924,300099.33924,300099.33924,300099.33924,300099.33924,nan,300099.33924,nan,nan,0.0,4,64,,True,False,"HTTPConnectionPool(host='gpu03', port=9002): Read timed out.",0,56.69694568066818
229,2026-09-19T05:46:52.005+00:00,2026-09-19T05:51:52.113+00:00,2026-09-19T05:51:52.113+00:00,False,1,0.0,,0.0,300107.616058,300107.616058,300107.616058,300107.616058,300107.616058,300107.616058,nan,300107.616058,nan,nan,0.0,4,64,,True,False,"HTTPConnectionPool(host='gpu03', port=9002): Read timed out.",0,56.69694568066818
230,2026-09-19T05:46:52.481+00:00,2026-09-19T05:51:52.593+00:00,2026-09-19T05:51:52.593+00:00,False,1,0.0,,0.0,300111.50126499997,300111.50126499997,300111.50126499997,300111.50126499997,300111.50126499997,300111.50126499997,nan,300111.50126499997,nan,nan,0.0,4,64,,True,False,"HTTPConnectionPool(host='gpu03', port=9002): Read timed out.",0,56.69694568066818
231,2026-09-19T05:46:52.972+00:00,2026-09-19T05:51:52.989+00:00,2026-09-19T05:51:52.989+00:00,False,1,0.0,,0.0,300016.903393,300016.903393,300016.903393,300016.903393,300016.903393,300016.903393,nan,300016.903393,nan,nan,0.0,4,64,,True,False,TTFT timeout: 300.0s exceeded (TTFT: 300.012s),0,56.69694568066818
232,2026-09-19T05:46:53.485+00:00,2026-09-19T05:51:53.073+00:00,2026-09-19T05:51:53.577+00:00,False,7,6.0,,6.0,299587.937071,300092.453423,300092.453301,42870.35047157143,0.05489,299587.937071,113201.82154552413,209743.24964199998,84.08605866666667,41.45595038313254,0.01999383833735601,4,64,,True,False,Request timeout: 300.0s exceeded,21,56.69694568066818
233,2026-09-19T05:46:53.944+00:00,2026-09-19T05:51:54.050+00:00,2026-09-19T05:51:54.050+00:00,False,1,0.0,,0.0,300105.358088,300105.358088,300105.358088,300105.358088,300105.358088,300105.358088,nan,300105.358088,nan,nan,0.0,4,64,,True,False,"HTTPConnectionPool(host='gpu03', port=9002): Read timed out.",0,56.69694568066818
234,2026-09-19T05:46:54.236+00:00,2026-09-19T05:51:54.285+00:00,2026-09-19T05:51:54.285+00:00,False,1,0.0,,0.0,300049.086903,300049.086903,300049.086903,300049.086903,300049.086903,300049.086903,nan,300049.086903,nan,nan,0.0,4,64,,True,False,TTFT timeout: 300.0s exceeded (TTFT: 300.043s),0,56.69694568066818
235,2026-09-19T05:46:54.625+00:00,2026-09-19T05:51:54.644+00:00,2026-09-19T05:51:54.644+00:00,False,1,0.0,,0.0,300019.685804,300019.685804,300019.685804,300019.685804,300019.685804,300019.685804,nan,300019.685804,nan,nan,0.0,4,64,,True,False,TTFT timeout: 300.0s exceeded (TTFT: 300.013s),0,56.69694568066818
236,2026-09-19T05:46:55.718+00:00,2026-09-19T05:51:55.014+00:00,2026-09-19T05:51:55.480+00:00,True,6,6.0,,6.0,299296.49196899997,299761.57689699996,299761.57691799995,49960.26281966666,49.11981,299296.49196899997,122149.30918258119,224499.5816625,93.0169856,24.845637366109262,0.020015907515931033,4,64,,True,True,,18,56.69694568066818
237,2026-09-19T05:46:55.753+00:00,2026-09-19T05:51:55.701+00:00,2026-09-19T05:51:55.925+00:00,False,4,3.0,,3.0,299948.18840399996,300171.84049999993,300171.84069499996,75042.96017374999,0.038700000000000005,299948.18840399996,149936.82823762487,254974.00426949997,74.55069866666668,65.0850961659053,0.009994275262472534,4,64,,True,False,Request timeout: 300.0s exceeded,7,56.69694568066818
238,2026-09-19T05:46:55.878+00:00,2026-09-19T05:51:56.106+00:00,2026-09-19T05:51:56.106+00:00,False,1,0.0,,0.0,300227.84687400004,300227.84687400004,300227.84687400004,300227.84687400004,300227.84687400004,300227.84687400004,nan,300227.84687400004,nan,nan,0.0,4,64,,True,False,"HTTPConnectionPool(host='gpu03', port=9002): Read timed out.",0,56.69694568066818
239,2026-09-19T05:46:56.170+00:00,2026-09-19T05:51:56.192+00:00,2026-09-19T05:51:56.192+00:00,False,1,0.0,,0.0,300021.98078600003,300021.98078600003,300021.98078600003,300021.98078600003,300021.98078600003,300021.98078600003,nan,300021.98078600003,nan,nan,0.0,4,64,,True,False,"HTTPConnectionPool(host='gpu03', port=9002): Read timed out.",0,56.69694568066818
240,2026-09-19T05:46:56.647+00:00,2026-09-19T05:51:56.764+00:00,2026-09-19T05:51:56.764+00:00,False,1,0.0,,0.0,300116.85679000005,300116.85679000005,300116.85679000005,300116.85679000005,300116.85679000005,300116.85679000005,nan,300116.85679000005,nan,nan,0.0,4,64,,True,False,"HTTPConnectionPool(host='gpu03', port=9002): Read timed out.",0,56.69694568066818
241,2026-09-19T05:46:57.111+00:00,2026-09-19T05:51:57.221+00:00,2026-09-19T05:51:57.221+00:00,False,1,0.0,,0.0,300110.240815,300110.240815,300110.240815,300110.240815,300110.240815,300110.240815,nan,300110.240815,nan,nan,0.0,4,64,,True,False,"HTTPConnectionPool(host='gpu03', port=9002): Read timed out.",0,56.69694568066818
243,2026-09-19T05:46:57.873+00:00,2026-09-19T05:51:57.411+00:00,2026-09-19T05:51:57.911+00:00,False,7,6.0,,6.0,299538.195955,300038.608115,300038.608105,42862.65830071428,0.08779,299538.195955,113183.27955135745,209707.5914116,83.40202666666667,40.950864027661375,0.0199974264568655,4,64,,True,False,Request timeout: 300.0s exceeded,30,56.69694568066818
242,2026-09-19T05:46:57.581+00:00,2026-09-19T05:51:57.412+00:00,2026-09-19T05:51:57.610+00:00,False,4,3.0,,3.0,299830.55751,300028.57863,300028.578613,75007.14465325,0.02386,299830.55751,149882.282540402,254871.4643439,66.00704,57.30254283072387,0.009999047469740032,4,64,,True,False,Request timeout: 300.0s exceeded,11,56.69694568066818
244,2026-09-19T05:46:58.345+00:00,2026-09-19T05:51:58.455+00:00,2026-09-19T05:51:58.455+00:00,False,1,0.0,,0.0,300110.78221499996,300110.78221499996,300110.78221499996,300110.78221499996,300110.78221499996,300110.78221499996,nan,300110.78221499996,nan,nan,0.0,4,64,,True,False,"HTTPConnectionPool(host='gpu03', port=9002): Read timed out.",0,56.69694568066818
245,2026-09-19T05:46:58.701+00:00,2026-09-19T05:51:58.731+00:00,2026-09-19T05:51:58.731+00:00,False,1,0.0,,0.0,300030.207584,300030.207584,300030.207584,300030.207584,300030.207584,300030.207584,nan,300030.207584,nan,nan,0.0,4,64,,True,False,"HTTPConnectionPool(host='gpu03', port=9002): Read timed out.",0,56.69694568066818
246,2026-09-19T05:46:59.086+00:00,2026-09-19T05:51:59.076+00:00,2026-09-19T05:51:59.200+00:00,False,3,2.0,,2.0,299990.217409,300114.08838499995,300114.088414,100038.02947133333,0.0225,299990.217409,173163.68536449797,270003.58051859995,61.935488,87.55814771866294,0.006664132333015668,4,64,,True,False,Request timeout: 300.0s exceeded,8,56.69694568066818
247,2026-09-19T05:46:59.533+00:00,2026-09-19T05:51:59.422+00:00,2026-09-19T05:51:59.422+00:00,True,1,1.0,,1.0,299889.022477,299889.022477,299889.022477,299889.022477,299889.022477,299889.022477,nan,299889.022477,nan,nan,0.0033345668732395663,4,64,,True,True,,3,56.69694568066818
248,2026-09-19T05:46:59.979+00:00,2026-09-19T05:52:00.090+00:00,2026-09-19T05:52:00.090+00:00,False,1,0.0,,0.0,300110.774474,300110.774474,300110.774474,300110.774474,300110.774474,300110.774474,nan,300110.774474,nan,nan,0.0,4,64,,True,False,"HTTPConnectionPool(host='gpu03', port=9002): Read timed out.",0,56.69694568066818
249,2026-09-19T05:47:00.358+00:00,2026-09-19T05:52:00.415+00:00,2026-09-19T05:52:00.415+00:00,False,1,0.0,,0.0,300056.579795,300056.579795,300056.579795,300056.579795,300056.579795,300056.579795,nan,300056.579795,nan,nan,0.0,4,64,,True,False,TTFT timeout: 300.0s exceeded (TTFT: 300.050s),0,56.69694568066818
250,2026-09-19T05:47:00.721+00:00,2026-09-19T05:52:00.663+00:00,2026-09-19T05:52:00.802+00:00,False,3,2.0,,2.0,299941.939086,300081.46215800004,300081.462283,100027.15409433334,0.03866,299941.939086,173131.29643419874,269961.6936311,69.761536,98.60304250371182,0.006664856887917163,4,64,,True,False,Request timeout: 300.0s exceeded,9,56.69694568066818
251,2026-09-19T05:47:01.075+00:00,2026-09-19T05:52:00.911+00:00,2026-09-19T05:52:01.129+00:00,False,4,3.0,,3.0,299835.462909,300053.229309,300053.229313,75013.30732825,0.041159999999999995,299835.462909,149881.44584028484,254876.74977134998,72.5888,62.855168489524615,0.009998226004461855,4,64,,True,False,Request timeout: 300.0s exceeded,10,56.69694568066818
252,2026-09-19T05:47:01.580+00:00,2026-09-19T05:52:01.682+00:00,2026-09-19T05:52:01.682+00:00,False,1,0.0,,0.0,300102.288537,300102.288537,300102.288537,300102.288537,300102.288537,300102.288537,nan,300102.288537,nan,nan,0.0,4,64,,True,False,"HTTPConnectionPool(host='gpu03', port=9002): Read timed out.",0,56.69694568066818
253,2026-09-19T05:47:01.863+00:00,2026-09-19T05:52:01.931+00:00,2026-09-19T05:52:01.931+00:00,False,1,0.0,,0.0,300067.180472,300067.180472,300067.180472,300067.180472,300067.180472,300067.180472,nan,300067.180472,nan,nan,0.0,4,64,,True,False,"HTTPConnectionPool(host='gpu03', port=9002): Read timed out.",0,56.69694568066818
254,2026-09-19T05:47:02.217+00:00,2026-09-19T05:52:02.182+00:00,2026-09-19T05:52:02.334+00:00,False,3,2.0,,2.0,299964.854584,300116.805176,300116.805161,100038.93505366668,0.03946,299964.854584,173140.94184012932,269983.5602373,75.975296,107.38954005302736,0.0066640720063214165,4,64,,True,False,Request timeout: 300.0s exceeded,5,56.69694568066818
255,2026-09-19T05:47:02.632+00:00,2026-09-19T05:52:02.461+00:00,2026-09-19T05:52:02.688+00:00,False,4,3.0,,3.0,299829.54022,300056.17471600004,300056.17465400003,75014.04366350001,0.038729999999999994,299829.54022,149877.00881915903,254876.13351940003,75.544832,70.69342240465475,0.009998127860023104,4,64,,True,False,Request timeout: 300.0s exceeded,6,56.69694568066818
256,2026-09-19T05:47:03.143+00:00,2026-09-19T05:52:03.204+00:00,2026-09-19T05:52:03.204+00:00,False,1,0.0,,0.0,300061.909444,300061.909444,300061.909444,300061.909444,300061.909444,300061.909444,nan,300061.909444,nan,nan,0.0,4,64,,True,False,"HTTPConnectionPool(host='gpu03', port=9002): Read timed out.",0,56.69694568066818
257,2026-09-19T05:47:03.433+00:00,2026-09-19T05:52:03.511+00:00,2026-09-19T05:52:03.511+00:00,False,1,0.0,,0.0,300077.333812,300077.333812,300077.333812,300077.333812,300077.333812,300077.333812,nan,300077.333812,nan,nan,0.0,4,64,,True,False,"HTTPConnectionPool(host='gpu03', port=9002): Read timed out.",0,56.69694568066818
258,2026-09-19T05:47:03.881+00:00,2026-09-19T05:52:03.938+00:00,2026-09-19T05:52:04.950+00:00,True,10,10.0,,10.0,300057.029343,301069.49270299997,301069.49261599994,30106.9492616,98.443677,300057.029343,94850.79072710294,165095.85786075,112.4959288888889,14.561407472172156,0.0332149229409465,4,64,,True,True,,45,56.69694568066818
259,2026-09-19T05:47:04.192+00:00,2026-09-19T05:52:04.082+00:00,2026-09-19T05:52:05.052+00:00,False,11,10.0,,10.0,299890.331568,300860.64504000003,300860.64507300005,27350.967733909092,0.038229,299890.331568,90391.08721351738,150009.5739705,97.0313472,35.20318793215343,0.03323797965888985,4,64,,True,False,Request timeout: 300.0s exceeded,20,56.69694568066818
260,2026-09-19T05:47:04.605+00:00,2026-09-19T05:52:04.433+00:00,2026-09-19T05:52:05.151+00:00,False,9,8.0,,8.0,299828.361505,300546.94710499997,300546.94691899995,33394.10521322222,0.04086,299828.361505,99912.85199806977,179941.37034619998,89.8232,36.671549733748364,0.026618137622289994,4,64,,True,False,Request timeout: 300.0s exceeded,25,56.69694568066818
261,2026-09-19T05:47:05.046+00:00,2026-09-19T05:52:05.280+00:00,2026-09-19T05:52:05.280+00:00,False,1,0.0,,0.0,300233.793359,300233.793359,300233.793359,300233.793359,300233.793359,300233.793359,nan,300233.793359,nan,nan,0.0,4,64,,True,False,"HTTPConnectionPool(host='gpu03', port=9002): Read timed out.",0,56.69694568066818
262,2026-09-19T05:47:05.547+00:00,2026-09-19T05:52:05.609+00:00,2026-09-19T05:52:05.609+00:00,False,1,0.0,,0.0,300062.213465,300062.213465,300062.213465,300062.213465,300062.213465,300062.213465,nan,300062.213465,nan,nan,0.0,4,64,,True,False,"HTTPConnectionPool(host='gpu03', port=9002): Read timed out.",0,56.69694568066818
263,2026-09-19T05:47:05.844+00:00,2026-09-19T05:52:05.949+00:00,2026-09-19T05:52:05.949+00:00,False,1,0.0,,0.0,300105.29175599996,300105.29175599996,300105.29175599996,300105.29175599996,300105.29175599996,300105.29175599996,nan,300105.29175599996,nan,nan,0.0,4,64,,True,False,"HTTPConnectionPool(host='gpu03', port=9002): Read timed out.",0,56.69694568066818
264,2026-09-19T05:47:06.245+00:00,2026-09-19T05:52:06.324+00:00,2026-09-19T05:52:06.324+00:00,False,1,0.0,,0.0,300078.923386,300078.923386,300078.923386,300078.923386,300078.923386,300078.923386,nan,300078.923386,nan,nan,0.0,4,64,,True,False,"HTTPConnectionPool(host='gpu03', port=9002): Read timed out.",0,56.69694568066818
265,2026-09-19T05:47:06.666+00:00,2026-09-19T05:52:06.545+00:00,2026-09-19T05:52:06.742+00:00,False,4,3.0,,3.0,299879.741869,300076.454573,300076.454496,75019.113624,0.02517,299879.741869,149907.09273371426,254913.38694475003,65.57090133333334,57.049440406340224,0.009997452163545827,4,64,,True,False,Request timeout: 300.0s exceeded,11,56.69694568066818
266,2026-09-19T05:47:07.034+00:00,2026-09-19T05:52:06.650+00:00,2026-09-19T05:52:07.046+00:00,False,8,7.0,,7.0,299615.693416,300011.733096,300011.733104,37501.466638,0.02582,299615.693416,105910.14572129762,194785.25877244998,56.57709714285714,33.214052367807916,0.02333242079488967,4,64,,True,False,Request timeout: 300.0s exceeded,29,56.69694568066818
267,2026-09-19T05:47:07.471+00:00,2026-09-19T05:52:07.567+00:00,2026-09-19T05:52:07.567+00:00,False,1,0.0,,0.0,300096.653966,300096.653966,300096.653966,300096.653966,300096.653966,300096.653966,nan,300096.653966,nan,nan,0.0,4,64,,True,False,"HTTPConnectionPool(host='gpu03', port=9002): Read timed out.",0,56.69694568066818
268,2026-09-19T05:47:07.978+00:00,2026-09-19T05:52:07.991+00:00,2026-09-19T05:52:07.991+00:00,False,1,0.0,,0.0,300012.859395,300012.859395,300012.859395,300012.859395,300012.859395,300012.859395,nan,300012.859395,nan,nan,0.0,4,64,,True,False,TTFT timeout: 300.0s exceeded (TTFT: 300.007s),0,56.69694568066818
269,2026-09-19T05:47:08.279+00:00,2026-09-19T05:52:08.272+00:00,2026-09-19T05:52:08.385+00:00,False,3,2.0,,2.0,299993.003211,300106.332107,300106.332112,100035.44403733333,0.0373,299993.003211,173168.33518184547,270005.03205,56.664448,80.08277321987775,0.006664304568178586,4,64,,True,False,Request timeout: 300.0s exceeded,8,56.69694568066818
270,2026-09-19T05:47:08.791+00:00,2026-09-19T05:52:08.865+00:00,2026-09-19T05:52:08.865+00:00,False,1,0.0,,0.0,300074.140534,300074.140534,300074.140534,300074.140534,300074.140534,300074.140534,nan,300074.140534,nan,nan,0.0,4,64,,True,False,TTFT timeout: 300.0s exceeded (TTFT: 300.062s),0,56.69694568066818
271,2026-09-19T05:47:09.230+00:00,2026-09-19T05:52:09.331+00:00,2026-09-19T05:52:09.331+00:00,False,1,0.0,,0.0,300100.763499,300100.763499,300100.763499,300100.763499,300100.763499,300100.763499,nan,300100.763499,nan,nan,0.0,4,64,,True,False,TTFT timeout: 300.0s exceeded (TTFT: 300.091s),0,56.69694568066818
272,2026-09-19T05:47:09.595+00:00,2026-09-19T05:52:09.600+00:00,2026-09-19T05:52:09.732+00:00,False,3,2.0,,2.0,300004.553135,300136.467119,300136.46707,100045.48902333333,0.028759,300004.553135,173169.64178758033,270017.2863391,65.956992,93.2363622498014,0.006663635442896806,4,64,,True,False,Request timeout: 300.0s exceeded,8,56.69694568066818
273,2026-09-19T05:47:10.048+00:00,2026-09-19T05:52:09.865+00:00,2026-09-19T05:52:10.104+00:00,False,4,3.0,,3.0,299816.408367,300055.626543,300055.626469,75013.90661725,0.04132,299816.408367,149868.34535796597,254863.5150423,79.739392,69.87026319504068,0.009998146125648737,4,64,,True,False,Request timeout: 300.0s exceeded,11,56.69694568066818
274,2026-09-19T05:47:10.514+00:00,2026-09-19T05:52:10.600+00:00,2026-09-19T05:52:10.600+00:00,False,1,0.0,,0.0,300085.955783,300085.955783,300085.955783,300085.955783,300085.955783,300085.955783,nan,300085.955783,nan,nan,0.0,4,64,,True,False,"HTTPConnectionPool(host='gpu03', port=9002): Read timed out.",0,56.69694568066818
275,2026-09-19T05:47:10.818+00:00,2026-09-19T05:52:10.883+00:00,2026-09-19T05:52:10.883+00:00,False,1,0.0,,0.0,300065.21557999996,300065.21557999996,300065.21557999996,300065.21557999996,300065.21557999996,300065.21557999996,nan,300065.21557999996,nan,nan,0.0,4,64,,True,False,"HTTPConnectionPool(host='gpu03', port=9002): Read timed out.",0,56.69694568066818
276,2026-09-19T05:47:11.319+00:00,2026-09-19T05:52:11.358+00:00,2026-09-19T05:52:11.358+00:00,False,1,0.0,,0.0,300038.088451,300038.088451,300038.088451,300038.088451,300038.088451,300038.088451,nan,300038.088451,nan,nan,0.0,4,64,,True,False,TTFT timeout: 300.0s exceeded (TTFT: 300.030s),0,56.69694568066818
277,2026-09-19T05:47:11.638+00:00,2026-09-19T05:52:11.506+00:00,2026-09-19T05:52:11.734+00:00,False,4,3.0,,3.0,299867.989484,300095.07326000003,300095.073256,75023.768314,0.02432,299867.989484,149896.1572886101,254906.53941785003,75.694592,66.52677416071987,0.009996831895340124,4,64,,True,False,Request timeout: 300.0s exceeded,6,56.69694568066818
278,2026-09-19T05:47:11.974+00:00,2026-09-19T05:52:11.731+00:00,2026-09-19T05:52:12.027+00:00,False,5,4.0,,4.0,299757.02615,300053.18871,300053.188732,60010.637746399996,0.03049,299757.02615,134022.31231088532,239826.314465,74.04064,49.49046502609051,0.01333096980970924,4,64,,True,False,Request timeout: 300.0s exceeded,9,56.69694568066818
279,2026-09-19T05:47:12.264+00:00,2026-09-19T05:52:12.374+00:00,2026-09-19T05:52:12.374+00:00,False,1,0.0,,0.0,300110.38916799997,300110.38916799997,300110.38916799997,300110.38916799997,300110.38916799997,300110.38916799997,nan,300110.38916799997,nan,nan,0.0,4,64,,True,False,"HTTPConnectionPool(host='gpu03', port=9002): Read timed out.",0,56.69694568066818
280,2026-09-19T05:47:12.745+00:00,2026-09-19T05:52:12.853+00:00,2026-09-19T05:52:12.853+00:00,False,1,0.0,,0.0,300108.36862900003,300108.36862900003,300108.36862900003,300108.36862900003,300108.36862900003,300108.36862900003,nan,300108.36862900003,nan,nan,0.0,4,64,,True,False,"HTTPConnectionPool(host='gpu03', port=9002): Read timed out.",0,56.69694568066818
281,2026-09-19T05:47:13.052+00:00,2026-09-19T05:52:13.096+00:00,2026-09-19T05:52:13.096+00:00,False,1,0.0,,0.0,300043.817405,300043.817405,300043.817405,300043.817405,300043.817405,300043.817405,nan,300043.817405,nan,nan,0.0,4,64,,True,False,TTFT timeout: 300.0s exceeded (TTFT: 300.038s),0,56.69694568066818
282,2026-09-19T05:47:13.484+00:00,2026-09-19T05:52:13.356+00:00,2026-09-19T05:52:13.566+00:00,False,4,3.0,,3.0,299872.403498,300082.360362,300082.360602,75020.5901505,0.0351,299872.403498,149901.21722210417,254908.57236244998,69.98562133333333,61.18188807298439,0.009997255408085277,4,64,,True,False,Request timeout: 300.0s exceeded,7,56.69694568066818
283,2026-09-19T05:47:13.844+00:00,2026-09-19T05:52:13.715+00:00,2026-09-19T05:52:13.921+00:00,False,4,3.0,,3.0,299871.21966,300077.584332,300077.584313,75019.39607825,0.08174899999999999,299871.21966,149901.22359420732,254906.05561440001,68.788224,59.50247654645645,0.009997414524241365,4,64,,True,False,Request timeout: 300.0s exceeded,10,56.69694568066818
284,2026-09-19T05:47:14.356+00:00,2026-09-19T05:52:14.440+00:00,2026-09-19T05:52:14.440+00:00,False,1,0.0,,0.0,300084.08255,300084.08255,300084.08255,300084.08255,300084.08255,300084.08255,nan,300084.08255,nan,nan,0.0,4,64,,True,False,"HTTPConnectionPool(host='gpu03', port=9002): Read timed out.",0,56.69694568066818
285,2026-09-19T05:47:14.844+00:00,2026-09-19T05:52:14.782+00:00,2026-09-19T05:52:14.914+00:00,False,3,2.0,,2.0,299937.459666,300069.55950599996,300069.559631,100023.18654366666,0.03596,299937.459666,173130.85168846807,269956.9200999,66.04992,93.35800724358249,0.006665121258192834,4,64,,True,False,Request timeout: 300.0s exceeded,17,56.69694568066818
286,2026-09-19T05:47:15.249+00:00,2026-09-19T05:52:15.022+00:00,2026-09-19T05:52:15.253+00:00,True,3,3.0,,3.0,299772.819906,300003.932354,300003.932408,100001.31080266666,114.04999000000001,299772.819906,173007.20184239792,269807.2441666,115.556224,2.130054526520859,0.009999868923251469,4,64,,True,True,,6,56.69694568066818
287,2026-09-19T05:47:15.530+00:00,2026-09-19T05:52:15.553+00:00,2026-09-19T05:52:15.553+00:00,False,1,0.0,,0.0,300023.29143,300023.29143,300023.29143,300023.29143,300023.29143,300023.29143,nan,300023.29143,nan,nan,0.0,4,64,,True,False,TTFT timeout: 300.0s exceeded (TTFT: 300.018s),0,56.69694568066818
288,2026-09-19T05:47:15.871+00:00,2026-09-19T05:52:15.934+00:00,2026-09-19T05:52:15.934+00:00,False,1,0.0,,0.0,300062.214037,300062.214037,300062.214037,300062.214037,300062.214037,300062.214037,nan,300062.214037,nan,nan,0.0,4,64,,True,False,"HTTPConnectionPool(host='gpu03', port=9002): Read timed out.",0,56.69694568066818
289,2026-09-19T05:47:16.309+00:00,2026-09-19T05:52:16.388+00:00,2026-09-19T05:52:16.388+00:00,False,1,0.0,,0.0,300079.68233499996,300079.68233499996,300079.68233499996,300079.68233499996,300079.68233499996,300079.68233499996,nan,300079.68233499996,nan,nan,0.0,4,64,,True,False,"HTTPConnectionPool(host='gpu03', port=9002): Read timed out.",0,56.69694568066818
290,2026-09-19T05:47:17.609+00:00,2026-09-19T05:52:16.878+00:00,2026-09-19T05:52:17.867+00:00,False,12,11.0,,11.0,299268.88276300003,300257.70068300003,300257.70075200003,25021.47506266667,0.034199,299268.88276300003,86365.54216414642,134742.15028795003,89.89253818181818,36.19464212452774,0.03663519694908127,4,64,,True,False,Request timeout: 300.0s exceeded,47,56.69694568066818
291,2026-09-19T05:47:17.620+00:00,2026-09-19T05:52:16.975+00:00,2026-09-19T05:52:17.868+00:00,False,11,10.0,,10.0,299355.10725,300248.012466,300248.012345,27295.273849545454,0.039850000000000003,299355.10725,90232.04557894102,149743.5291375,89.29052159999999,36.89129125456377,0.0333057991553979,4,64,,True,False,Request timeout: 300.0s exceeded,30,56.69694568066818
292,2026-09-19T05:47:17.637+00:00,2026-09-19T05:52:17.959+00:00,2026-09-19T05:52:17.959+00:00,False,1,0.0,,0.0,300322.152212,300322.152212,300322.152212,300322.152212,300322.152212,300322.152212,nan,300322.152212,nan,nan,0.0,4,64,,True,False,"HTTPConnectionPool(host='gpu03', port=9002): Read timed out.",0,56.69694568066818
293,2026-09-19T05:47:18.005+00:00,2026-09-19T05:52:18.020+00:00,2026-09-19T05:52:18.020+00:00,False,1,0.0,,0.0,300015.760893,300015.760893,300015.760893,300015.760893,300015.760893,300015.760893,nan,300015.760893,nan,nan,0.0,4,64,,True,False,"HTTPConnectionPool(host='gpu03', port=9002): Read timed out.",0,56.69694568066818
294,2026-09-19T05:47:18.481+00:00,2026-09-19T05:52:18.537+00:00,2026-09-19T05:52:18.537+00:00,False,1,0.0,,0.0,300055.984451,300055.984451,300055.984451,300055.984451,300055.984451,300055.984451,nan,300055.984451,nan,nan,0.0,4,64,,True,False,"HTTPConnectionPool(host='gpu03', port=9002): Read timed out.",0,56.69694568066818
295,2026-09-19T05:47:18.958+00:00,2026-09-19T05:52:19.078+00:00,2026-09-19T05:52:19.078+00:00,False,1,0.0,,0.0,300119.53457300004,300119.53457300004,300119.53457300004,300119.53457300004,300119.53457300004,300119.53457300004,nan,300119.53457300004,nan,nan,0.0,4,64,,True,False,"HTTPConnectionPool(host='gpu03', port=9002): Read timed out.",0,56.69694568066818
296,2026-09-19T05:47:19.305+00:00,2026-09-19T05:52:19.394+00:00,2026-09-19T05:52:20.581+00:00,False,16,15.0,,15.0,300089.204468,301276.037876,301276.037792,18829.752362,0.037469999999999996,300089.204468,75002.5274175755,75101.43047524999,79.1222272,33.19470646783933,0.0497882277852238,4,64,,True,False,Request timeout: 300.0s exceeded,55,56.69694568066818
297,2026-09-19T05:47:19.711+00:00,2026-09-19T05:52:19.396+00:00,2026-09-19T05:52:20.688+00:00,False,17,16.0,,16.0,299684.651228,300976.703452,300976.703594,17704.511976117647,0.02228,299684.651228,72664.62587731452,60024.5525976,80.753264,33.46286684870629,0.05316026063310144,4,64,,True,False,Request timeout: 300.0s exceeded,72,56.69694568066818
299,2026-09-19T05:47:20.548+00:00,2026-09-19T05:52:20.748+00:00,2026-09-19T05:52:20.748+00:00,False,1,0.0,,0.0,300199.765999,300199.765999,300199.765999,300199.765999,300199.765999,300199.765999,nan,300199.765999,nan,nan,0.0,4,64,,True,False,"HTTPConnectionPool(host='gpu03', port=9002): Read timed out.",0,56.69694568066818
298,2026-09-19T05:47:20.041+00:00,2026-09-19T05:52:21.099+00:00,2026-09-19T05:52:21.099+00:00,False,1,0.0,,0.0,301058.601515,301058.601515,301058.601515,301058.601515,301058.601515,301058.601515,nan,301058.601515,nan,nan,0.0,4,64,,True,False,TTFT timeout: 300.0s exceeded (TTFT: 300.040s),0,56.69694568066818
0,2026-09-19T05:45:20.772+00:00,2026-09-19T05:45:20.905+00:00,2026-09-19T05:45:26.435+00:00,True,62,62.0,,62.0,132.97706200000002,5662.642342,5662.642361,91.33294130645162,29.147873,158.81792000000002,26.135480710908055,111.2693551,90.65025049180328,25.788945461213437,10.948952142031647,5,64,,False,True,,251,56.69694568066818
1,2026-09-19T05:45:21.207+00:00,2026-09-19T05:45:21.366+00:00,2026-09-19T05:45:28.439+00:00,True,74,74.0,,74.0,158.71934299999998,7232.5505109999995,7232.550436,97.73716805405405,46.581061,158.71934299999998,22.699209502061898,111.622089,96.9017968219178,21.680682114226602,10.231522045708946,5,64,,False,True,,204,56.69694568066818
2,2026-09-19T05:45:21.730+00:00,2026-09-19T05:45:22.726+00:00,2026-09-19T05:45:28.698+00:00,True,63,63.0,,63.0,996.217759,6968.865695,6968.865646,110.61691501587302,44.693596,996.217759,115.47327645689633,112.7590979,96.33303122580645,22.09299139479006,9.040208659093693,5,64,,False,True,,308,56.69694568066818
3,2026-09-19T05:45:22.341+00:00,2026-09-19T05:45:27.107+00:00,2026-09-19T05:45:35.057+00:00,True,81,81.0,,81.0,4766.199766,12716.228566,12716.228493,156.99047522222222,0.0,4766.199766,519.2150383526673,116.833768,99.37536,26.71224892322129,6.369813154866817,5,64,,False,True,,272,56.69694568066818
4,2026-09-19T05:45:22.804+00:00,2026-09-19T05:45:29.428+00:00,2026-09-19T05:45:34.706+00:00,True,54,54.0,,54.0,6623.38569,11901.562458,11901.562433,220.39930431481483,0.0,6623.38569,888.2653369140961,125.164321,99.58824090566037,29.750600530349136,4.537219393719372,5,64,,False,True,,238,56.69694568066818
5,2026-09-19T05:45:23.379+00:00,2026-09-19T05:45:32.407+00:00,2026-09-19T05:45:36.758+00:00,True,45,45.0,,45.0,9028.251818,13378.675114000001,13378.674920000001,297.3038871111111,0.0,9028.251818,1331.7303343401618,211.82931100000002,98.87325672727273,41.00785337277817,3.363561759034729,5,64,,False,True,,222,56.69694568066818
6,2026-09-19T05:45:23.825+00:00,2026-09-19T05:45:34.402+00:00,2026-09-19T05:45:38.972+00:00,True,48,48.0,,48.0,10576.987699,15147.096371,15147.09635,315.56450729166664,0.0,10576.987699,1513.2053173380443,199.62059595,97.23635472340426,42.47305147280369,3.1689241835087816,5,64,,False,True,,209,56.69694568066818
7,2026-09-19T05:45:24.234+00:00,2026-09-19T05:45:37.130+00:00,2026-09-19T05:45:38.719+00:00,True,19,19.0,,19.0,12895.711345000002,14484.431729000002,14484.431694,762.3385102105264,0.03004,12895.711345000002,2938.381337816813,1393.1021773000002,88.26224355555556,30.65259714705785,1.311753222734942,5,64,,False,True,,69,56.69694568066818
8,2026-09-19T05:45:24.692+00:00,2026-09-19T05:45:39.387+00:00,2026-09-19T05:45:43.326+00:00,True,42,42.0,,42.0,14694.631854000001,18634.374318000002,18634.374376,443.6755803809524,0.0,14694.631854000001,2253.007281156131,142.01836820000003,96.0912796097561,43.17138829809421,2.2538991265958317,5,64,,False,True,,180,56.69694568066818
9,2026-09-19T05:45:25.217+00:00,2026-09-19T05:45:41.982+00:00,2026-09-19T05:45:49.996+00:00,True,83,83.0,,83.0,16765.436999,24778.889031000002,24778.889269000003,298.54083456626506,0.0,16765.436999,1830.411148078884,133.1003908,97.7250247804878,57.49129774836718,3.3496255581177024,5,64,,False,True,,394,56.69694568066818
10,2026-09-19T05:45:25.591+00:00,2026-09-19T05:45:44.447+00:00,2026-09-19T05:45:44.923+00:00,True,6,6.0,,6.0,18856.020678,19332.638918,19332.638898,3222.106483,50.584823,18856.020678,7659.055570617167,14169.705366499998,95.323648,25.166944677521105,0.3103559749628175,5,64,,False,True,,30,56.69694568066818
11,2026-09-19T05:45:26.223+00:00,2026-09-19T05:45:47.940+00:00,2026-09-19T05:45:48.246+00:00,True,5,5.0,,5.0,21717.672421,22023.156453,22023.156269,4404.6312538,49.371195,21717.672421,9678.313421546347,17394.6847308,76.371008,27.444919030239944,0.22703375924657243,5,64,,False,True,,15,56.69694568066818
12,2026-09-19T05:45:26.873+00:00,2026-09-19T05:45:51.456+00:00,2026-09-19T05:45:56.288+00:00,True,52,52.0,,52.0,24582.561866,29414.558281999998,29414.558468,565.664585923077,0.0,24582.561866,3396.832923919751,260.0565597,94.74502776470588,82.55759909628694,1.7678320885009169,5,64,,False,True,,264,56.69694568066818
13,2026-09-19T05:45:27.421+00:00,2026-09-19T05:45:54.328+00:00,2026-09-19T05:46:00.655+00:00,True,69,69.0,,69.0,26906.95797,33234.216338,33234.216338,481.6553092463768,0.0,26906.95797,3228.6109733523476,114.9166862,93.04791717647059,62.470406033449606,2.0761735224400466,5,64,,False,True,,173,56.69694568066818
14,2026-09-19T05:45:28.104+00:00,2026-09-19T05:45:58.121+00:00,2026-09-19T05:45:59.851+00:00,True,20,20.0,,20.0,30017.207293000003,31747.172093000005,31747.172003000003,1587.3586001500003,0.0,30017.207293000003,6692.672990210861,2014.78987315,91.05077894736843,117.72415348785422,0.629977370627283,5,64,,False,True,,103,56.69694568066818
15,2026-09-19T05:45:28.690+00:00,2026-09-19T05:46:01.549+00:00,2026-09-19T05:46:04.576+00:00,True,31,31.0,,31.0,32858.868213,35886.006005,35886.005932,1157.613094580645,46.462602,32858.868213,5883.532927626275,115.51903050000001,100.90459306666666,18.781318781043606,0.863846480872816,5,64,,False,True,,162,56.69694568066818
16,2026-09-19T05:45:29.176+00:00,2026-09-19T05:46:03.988+00:00,2026-09-19T05:46:10.654+00:00,True,68,68.0,,68.0,34811.903353,41478.065529,41478.065434000004,609.9715505,0.0,34811.903353,4210.516891992661,114.02201649999999,99.49495785074627,93.33004322717986,1.6394207187038847,5,64,,False,True,,254,56.69694568066818
17,2026-09-19T05:45:29.804+00:00,2026-09-19T05:46:07.757+00:00,2026-09-19T05:46:08.048+00:00,True,4,4.0,,4.0,37952.975696999994,38244.069969,38244.070138999996,9561.017534749999,90.460149,37952.975696999994,18927.972776330327,32275.430423099995,97.031424,6.159777666969482,0.1045913785651562,5,64,,False,True,,13,56.69694568066818
18,2026-09-19T05:45:30.174+00:00,2026-09-19T05:46:09.260+00:00,2026-09-19T05:46:12.584+00:00,True,30,30.0,,30.0,39085.619558,42409.306982,42409.306946,1413.6435648666666,0.0,39085.619558,7116.129191462252,455.97194934999993,114.6099111724138,123.1441399977649,0.7073918942540856,5,64,,False,True,,140,56.69694568066818
19,2026-09-19T05:45:30.754+00:00,2026-09-19T05:46:12.585+00:00,2026-09-19T05:46:12.928+00:00,True,8,8.0,,8.0,41830.956453,42173.162661,42173.162705999996,5271.645338249999,0.0,41830.956453,14772.262210646475,27225.9811793,48.88660114285714,49.032704741068464,0.18969409679578217,5,64,,False,True,,34,56.69694568066818
20,2026-09-19T05:45:31.344+00:00,2026-09-19T05:46:15.308+00:00,2026-09-19T05:46:24.235+00:00,True,91,91.0,,91.0,43964.330823,52890.590534999996,52890.590319999996,581.2152782417583,0.0,43964.330823,4599.851757515071,115.157677,99.18066346666667,119.47351940746894,1.720532878901803,5,64,,False,True,,383,56.69694568066818
21,2026-09-19T05:45:31.897+00:00,2026-09-19T05:46:18.612+00:00,2026-09-19T05:46:23.327+00:00,True,48,48.0,,48.0,46714.986926,51430.283438,51430.283412,1071.46423775,0.0,46714.986926,6730.03412000372,486.33557740000003,100.32545770212766,156.76947784748026,0.9333022645668431,5,64,,False,True,,157,56.69694568066818
22,2026-09-19T05:45:32.322+00:00,2026-09-19T05:46:20.796+00:00,2026-09-19T05:46:25.297+00:00,True,46,46.0,,46.0,48473.49186,52974.730644,52974.730715000005,1151.6245807608695,0.01693,48473.49186,7133.442091043514,119.13664200000001,100.02752853333332,130.3111731171191,0.8683385350107491,5,64,,False,True,,225,56.69694568066818
23,2026-09-19T05:45:32.884+00:00,2026-09-19T05:46:24.124+00:00,2026-09-19T05:46:27.469+00:00,True,32,32.0,,32.0,51240.567885,54585.343820999995,54585.343863999995,1705.7919957499998,97.45712300000001,51240.567885,9039.066260214177,116.3431549,107.89599793548388,5.298038135134111,0.5862379488702425,5,64,,False,True,,122,56.69694568066818
24,2026-09-19T05:45:33.280+00:00,2026-09-19T05:46:26.058+00:00,2026-09-19T05:46:26.594+00:00,True,6,6.0,,6.0,52777.178608999995,53313.61764899999,53313.617550999996,8885.602925166666,94.335579,52777.178608999995,21502.393974773044,39611.576694,107.287808,7.648782683699675,0.11254160315103925,5,64,,False,True,,17,56.69694568066818
25,2026-09-19T05:45:33.729+00:00,2026-09-19T05:46:28.388+00:00,2026-09-19T05:46:36.769+00:00,True,83,83.0,,83.0,54658.688489,63039.983593,63039.983737,759.5178763493976,0.0,54658.688489,5988.954922897357,113.0635052,102.21091590243903,85.5451009025958,1.3166247081513578,5,64,,False,True,,311,56.69694568066818
26,2026-09-19T05:45:34.301+00:00,2026-09-19T05:46:31.616+00:00,2026-09-19T05:46:40.333+00:00,True,87,87.0,,87.0,57315.144557,66032.033901,66032.033719,758.9888933218391,0.0,57315.144557,6135.132027269316,113.13202459999998,101.35917841860466,120.53396339793545,1.3175423330203138,5,64,,False,True,,424,56.69694568066818
27,2026-09-19T05:45:34.846+00:00,2026-09-19T05:46:34.824+00:00,2026-09-19T05:46:35.613+00:00,True,9,9.0,,9.0,59977.652902999995,60766.442662999994,60766.442522,6751.826946888888,49.380964,59977.652902999995,19959.693687685205,36031.608560199995,98.59872,20.211508828994916,0.14810806105455962,5,64,,False,True,,42,56.69694568066818
28,2026-09-19T05:45:35.473+00:00,2026-09-19T05:46:38.462+00:00,2026-09-19T05:46:47.666+00:00,True,95,95.0,,95.0,62989.270908,72193.6439,72193.643975,759.9330944736842,0.0,62989.270908,6453.136578856118,113.4094844,97.91886161702128,89.9311670987688,1.315905318916864,5,64,,False,True,,529,56.69694568066818
29,2026-09-19T05:45:36.075+00:00,2026-09-19T05:46:41.422+00:00,2026-09-19T05:46:43.559+00:00,True,23,23.0,,23.0,65347.116847000005,67484.728623,67484.728623,2934.118635782609,45.217344,65347.116847000005,13605.575029059286,113.2469033,97.16417163636363,23.504344103850176,0.3408178482644322,5,64,,False,True,,88,56.69694568066818
30,2026-09-19T05:45:36.666+00:00,2026-09-19T05:46:44.545+00:00,2026-09-19T05:46:51.326+00:00,True,61,61.0,,61.0,67879.278558,74659.72143800001,74659.72153000001,1223.929861147541,47.927116999999996,67879.278558,8677.401030072433,111.69512800000001,113.00738133333333,120.23163615344639,0.8170402839053785,5,64,,False,True,,245,56.69694568066818
31,2026-09-19T05:45:37.209+00:00,2026-09-19T05:46:47.251+00:00,2026-09-19T05:46:56.818+00:00,True,98,98.0,,98.0,70042.382744,79609.168536,79609.168409,812.3384531530612,0.0,70042.382744,7066.497037611828,114.7080902,98.62665764948453,125.93671146469732,1.2310139874866737,5,64,,False,True,,451,56.69694568066818
32,2026-09-19T05:45:37.595+00:00,2026-09-19T05:46:49.537+00:00,2026-09-19T05:46:53.013+00:00,True,36,36.0,,36.0,71941.56990199999,75417.71914999999,75417.71911699999,2094.9366421388886,0.0,71941.56990199999,11974.91751208606,450.46012799999994,99.31854994285715,172.63928504383392,0.4773414047221289,5,64,,False,True,,138,56.69694568066818
33,2026-09-19T05:45:38.079+00:00,2026-09-19T05:46:52.030+00:00,2026-09-19T05:46:59.440+00:00,True,73,73.0,,73.0,73951.08747900001,81360.56255100001,81360.56260700001,1114.528254890411,0.01701,73951.08747900001,8643.822055315079,116.70268159999999,102.909376,97.88625720534279,0.8972406004965946,5,64,,False,True,,251,56.69694568066818
34,2026-09-19T05:45:38.504+00:00,2026-09-19T05:46:53.970+00:00,2026-09-19T05:47:03.356+00:00,True,93,93.0,,93.0,75465.60759900001,84851.627695,84851.62757000001,912.3830921505378,0.02023,75465.60759900001,7815.339022856118,114.578229,102.02195756521739,88.81960293328147,1.0960308308320188,5,64,,False,True,,361,56.69694568066818
35,2026-09-19T05:45:39.176+00:00,2026-09-19T05:46:57.872+00:00,2026-09-19T05:47:03.150+00:00,True,53,53.0,,53.0,78696.190069,83974.105973,83974.105947,1584.4170933396226,50.184881999999995,78696.190069,10795.824190230798,113.92637880000001,101.49838276923077,16.928206875651377,0.6311469397130702,5,64,,False,True,,251,56.69694568066818
36,2026-09-19T05:45:39.827+00:00,2026-09-19T05:47:02.468+00:00,2026-09-19T05:47:10.504+00:00,True,84,84.0,,84.0,82640.721995,90677.026379,90677.026342,1079.4884088333333,0.0,82640.721995,9007.166967371817,113.57248375,96.82294438554217,127.33099821865238,0.9263647403798595,5,64,,False,True,,383,56.69694568066818
37,2026-09-19T05:45:40.223+00:00,2026-09-19T05:47:04.850+00:00,2026-09-19T05:47:12.616+00:00,True,84,84.0,,84.0,84626.77117,92393.32221000001,92393.322339,1099.9205040357144,0.0,84626.77117,9223.367112966283,111.08796279999999,93.57290409638554,26.99300624856771,0.909156614252674,5,64,,False,True,,356,56.69694568066818
38,2026-09-19T05:45:40.907+00:00,2026-09-19T05:47:08.257+00:00,2026-09-19T05:47:11.898+00:00,True,37,37.0,,37.0,87350.064631,90990.895863,90990.895809,2459.213400243243,47.334368999999995,87350.064631,14343.642006220374,110.4663428,101.1342008888889,13.525401338581746,0.4066340884884667,5,64,,False,True,,164,56.69694568066818
39,2026-09-19T05:45:41.397+00:00,2026-09-19T05:47:11.284+00:00,2026-09-19T05:47:12.303+00:00,True,11,11.0,,11.0,89887.11065999999,90905.46918799999,90905.46926099999,8264.133569181817,95.82621499999999,89887.11065999999,27071.279215801747,44997.9355375,101.8358528,4.159588230183603,0.12100482070282367,5,64,,False,True,,69,56.69694568066818
40,2026-09-19T05:45:42.071+00:00,2026-09-19T05:47:15.296+00:00,2026-09-19T05:47:22.240+00:00,True,71,71.0,,71.0,93225.30218799999,100168.85444399998,100168.85454599999,1410.8289372676054,0.0,93225.30218799999,11053.65750181997,116.9884405,99.19360365714286,190.7075354331658,0.7088031543746265,5,64,,False,True,,338,56.69694568066818
41,2026-09-19T05:45:42.542+00:00,2026-09-19T05:47:17.507+00:00,2026-09-19T05:47:18.669+00:00,True,15,15.0,,15.0,94964.958818,96126.955362,96126.955181,6408.463678733333,0.022879999999999998,94964.958818,24498.43739622713,28570.145530399997,82.99975314285714,33.21272662827457,0.15604363982518954,5,64,,False,True,,55,56.69694568066818
42,2026-09-19T05:45:43.025+00:00,2026-09-19T05:47:20.408+00:00,2026-09-19T05:47:22.137+00:00,True,20,20.0,,20.0,97383.569534,99112.306558,99112.306698,4955.6153349,0.0,97383.569534,21755.305294864538,4972.674958449999,90.98615915789473,31.99095291069892,0.20179128803037294,5,64,,False,True,,74,56.69694568066818
43,2026-09-19T05:45:43.648+00:00,2026-09-19T05:47:23.249+00:00,2026-09-19T05:47:30.168+00:00,True,72,72.0,,72.0,99601.521111,106519.722711,106519.722608,1479.4405917777776,48.186536,99601.521111,11726.683890381302,111.9095212,97.43945915492958,19.1451561175809,0.6759311624885103,5,64,,False,True,,403,56.69694568066818
44,2026-09-19T05:45:44.175+00:00,2026-09-19T05:47:26.456+00:00,2026-09-19T05:47:33.459+00:00,True,73,73.0,,73.0,102281.115706,109283.284026,109283.28422,1497.0312906849315,48.280716999999996,102281.115706,11959.72827310727,109.25866760000001,97.25233777777778,16.831848942508067,0.6679887107220561,5,64,,True,True,,272,56.69694568066818
45,2026-09-19T05:45:44.561+00:00,2026-09-19T05:47:28.637+00:00,2026-09-19T05:47:31.762+00:00,True,33,33.0,,33.0,104076.029039,107200.124015,107200.123925,3248.4886037878787,45.777722999999995,104076.029039,18100.323188122384,108.1506746,97.627968,16.00987560406879,0.3078354647741123,5,64,,True,True,,127,56.69694568066818
46,2026-09-19T05:45:45.184+00:00,2026-09-19T05:47:31.963+00:00,2026-09-19T05:47:35.407+00:00,True,36,36.0,,36.0,106779.09468099999,110222.67996099999,110222.67986299998,3061.741107305555,46.52732,106779.09468099999,17780.126603310804,111.03293300000001,98.38815085714285,17.996785953043755,0.3266115468498666,5,64,,True,True,,160,56.69694568066818
47,2026-09-19T05:45:45.614+00:00,2026-09-19T05:47:34.135+00:00,2026-09-19T05:47:34.135+00:00,True,1,1.0,,1.0,108521.379506,108521.379506,108521.379506,108521.379506,108521.379506,108521.379506,nan,108521.379506,nan,nan,0.00921477412609477,5,64,,True,True,,2,56.69694568066818
48,2026-09-19T05:45:46.143+00:00,2026-09-19T05:47:36.865+00:00,2026-09-19T05:47:43.137+00:00,True,66,66.0,,66.0,110722.213144,116993.53397599999,116993.53393199999,1772.6293019999998,46.760159,110722.213144,13617.102231304509,112.61179899999999,96.48185895384616,21.054534424194117,0.5641337410453745,5,64,,True,True,,256,56.69694568066818
49,2026-09-19T05:45:46.804+00:00,2026-09-19T05:47:40.532+00:00,2026-09-19T05:47:42.920+00:00,True,24,24.0,,24.0,113728.645078,116116.570582,116116.570741,4838.190447541667,55.282949,113728.645078,23193.57234968735,114.0593496,103.822848,11.306960925162581,0.20668884621468833,5,64,,True,True,,111,56.69694568066818
50,2026-09-19T05:45:47.249+00:00,2026-09-19T05:47:43.239+00:00,2026-09-19T05:47:48.698+00:00,True,55,55.0,,55.0,115989.439199,121448.338911,121448.338754,2208.1516137090907,47.651848,115989.439199,15626.387502630809,112.15716509999999,101.09073540740741,13.570234150413729,0.45286745371054604,5,64,,True,True,,263,56.69694568066818
51,2026-09-19T05:45:47.664+00:00,2026-09-19T05:47:45.323+00:00,2026-09-19T05:47:52.681+00:00,True,74,74.0,,74.0,117659.623124,125017.52392400001,125017.52403700001,1689.4260005,45.909591,117659.623124,13665.94389126961,111.9411573,100.79316164383562,14.41157027870031,0.5919170183292519,5,64,,True,True,,148,56.69694568066818
52,2026-09-19T05:45:48.328+00:00,2026-09-19T05:47:48.905+00:00,2026-09-19T05:47:51.122+00:00,True,24,24.0,,24.0,120576.992537,122794.111769,122794.11186399999,5116.421327666667,47.654167,120576.992537,24593.008227125534,111.57175950000001,96.3964883478261,22.151561933419778,0.195449111152404,5,64,,True,True,,78,56.69694568066818
53,2026-09-19T05:45:49.003+00:00,2026-09-19T05:47:52.684+00:00,2026-09-19T05:48:00.683+00:00,True,82,82.0,,82.0,123681.114081,131679.919073,131679.919013,1605.852670890244,43.160807999999996,123681.114081,13647.397341515762,109.8632845,98.75067891358026,15.19535899589491,0.6227221324045717,5,64,,True,True,,391,56.69694568066818
54,2026-09-19T05:45:49.683+00:00,2026-09-19T05:47:55.687+00:00,2026-09-19T05:48:04.274+00:00,True,88,88.0,,88.0,126004.15565700001,134590.766857,134590.766821,1529.4405320568183,46.927758999999995,126004.15565700001,13421.577484640175,110.199038,98.6966804597701,16.854533787719294,0.6538338554345131,5,64,,True,True,,386,56.69694568066818
55,2026-09-19T05:45:50.295+00:00,2026-09-19T05:47:59.431+00:00,2026-09-19T05:48:01.299+00:00,True,19,19.0,,19.0,129135.910187,131003.777835,131003.777808,6894.935674105263,96.26634200000001,129135.910187,29602.003322296496,13013.824223,103.7704248888889,4.23081118208969,0.14503398538575435,5,64,,True,True,,75,56.69694568066818
56,2026-09-19T05:45:50.783+00:00,2026-09-19T05:48:01.714+00:00,2026-09-19T05:48:11.321+00:00,True,98,98.0,,98.0,130931.885144,140538.457688,140538.457711,1434.065895010204,44.292245,130931.885144,13216.127162305216,111.43038085,99.03683035051547,19.12752110117712,0.6973180267678989,5,64,,True,True,,196,56.69694568066818
57,2026-09-19T05:45:51.228+00:00,2026-09-19T05:48:04.011+00:00,2026-09-19T05:48:04.120+00:00,True,2,2.0,,2.0,132783.214772,132892.737716,132892.73766400001,66446.36883200001,109.52289200000001,132783.214772,93814.46721340259,126149.53017800002,109.522944,nan,0.015049731342536744,5,64,,True,True,,3,56.69694568066818
58,2026-09-19T05:45:51.712+00:00,2026-09-19T05:48:06.456+00:00,2026-09-19T05:48:06.456+00:00,True,1,1.0,,1.0,134743.84598100002,134743.84598100002,134743.84598100002,134743.84598100002,134743.84598100002,134743.84598100002,nan,134743.84598100002,nan,nan,0.007421489216962147,5,64,,True,True,,1,56.69694568066818
59,2026-09-19T05:45:52.210+00:00,2026-09-19T05:48:07.717+00:00,2026-09-19T05:48:12.891+00:00,True,52,52.0,,52.0,135506.271606,140680.798326,140680.798442,2705.3999700384616,49.991372000000005,135506.271606,18777.274705659376,112.83020375,101.46130823529411,15.154539518458591,0.3696311125524057,5,64,,True,True,,234,56.69694568066818
60,2026-09-19T05:45:52.727+00:00,2026-09-19T05:48:12.466+00:00,2026-09-19T05:48:19.457+00:00,True,70,70.0,,70.0,139739.937647,146730.905455,146730.905296,2096.155789942857,45.496612999999996,139739.937647,16690.014115389527,113.26292845,101.3183740289855,15.224077269247971,0.4770637772794762,5,64,,True,True,,256,56.69694568066818
61,2026-09-19T05:45:53.116+00:00,2026-09-19T05:48:14.389+00:00,2026-09-19T05:48:16.258+00:00,True,20,20.0,,20.0,141273.520765,143142.409853,143142.40989399998,7157.1204947,46.747699,141273.520765,31567.729843012505,7168.49135275,98.36258357894737,17.88668096309479,0.13972099547952968,5,64,,True,True,,65,56.69694568066818
62,2026-09-19T05:45:53.515+00:00,2026-09-19T05:48:16.479+00:00,2026-09-19T05:48:25.142+00:00,True,90,90.0,,90.0,142963.442985,151626.368809,151626.368668,1684.7374296444445,45.604012000000004,142963.442985,15059.423556868185,112.82374705000001,97.33624521348314,20.377638596042104,0.5935643035372744,5,64,,True,True,,346,56.69694568066818
63,2026-09-19T05:45:53.946+00:00,2026-09-19T05:48:19.136+00:00,2026-09-19T05:48:20.877+00:00,True,18,18.0,,18.0,145189.697056,146930.99472000002,146930.994756,8162.833042,49.357964,145189.697056,34197.39983339072,21874.566466449996,102.42927435294116,14.424379425754928,0.12250648703700545,5,64,,True,True,,66,56.69694568066818
64,2026-09-19T05:45:54.572+00:00,2026-09-19T05:48:22.371+00:00,2026-09-19T05:48:24.824+00:00,True,29,29.0,,29.0,147798.50701,150251.609858,150251.610001,5181.090000034483,43.874126,147798.50701,27429.237190927055,112.38623919999998,87.610816,26.52872652169987,0.19300957924781875,5,64,,True,True,,92,56.69694568066818
65,2026-09-19T05:45:55.231+00:00,2026-09-19T05:48:26.255+00:00,2026-09-19T05:48:32.666+00:00,True,65,65.0,,65.0,151024.371526,157435.199302,157435.199205,2422.0799877692307,44.451186,151024.371526,18719.851078590706,113.04722,100.169184,17.110789469380773,0.4128682803349064,5,64,,True,True,,282,56.69694568066818
66,2026-09-19T05:45:55.905+00:00,2026-09-19T05:48:29.934+00:00,2026-09-19T05:48:32.560+00:00,True,27,27.0,,27.0,154028.759984,156654.82974400002,156654.829776,5802.030732444445,46.75022,154028.759984,29623.41516856359,114.48184950000001,101.00268307692308,16.585399197648893,0.17235344766658314,5,64,,True,True,,122,56.69694568066818
67,2026-09-19T05:45:56.370+00:00,2026-09-19T05:48:32.125+00:00,2026-09-19T05:48:39.723+00:00,True,76,76.0,,76.0,155754.757746,163352.678514,163352.67844,2149.377347894737,46.718701,155754.757746,17854.684343197685,112.84867200000001,101.30561024,17.914555951728254,0.4652510181734577,5,64,,True,True,,321,56.69694568066818
68,2026-09-19T05:45:56.948+00:00,2026-09-19T05:48:35.059+00:00,2026-09-19T05:48:40.573+00:00,True,56,56.0,,56.0,158110.98021900002,163624.67519500002,163624.67512800003,2921.869198714286,47.360978,158110.98021900002,21115.08056286665,113.97516925,100.24899956363636,19.044250869062278,0.3422466686840594,5,64,,True,True,,253,56.69694568066818
69,2026-09-19T05:45:57.351+00:00,2026-09-19T05:48:37.554+00:00,2026-09-19T05:48:47.139+00:00,True,96,96.0,,96.0,160203.303498,169787.456074,169787.456,1768.6193333333333,48.008827,160203.303498,16340.392239846371,113.6430775,100.88581658947368,15.906307790919142,0.565412794442008,5,64,,True,True,,471,56.69694568066818
70,2026-09-19T05:45:57.870+00:00,2026-09-19T05:48:40.466+00:00,2026-09-19T05:48:44.350+00:00,True,39,39.0,,39.0,162595.852507,166480.009435,166480.009398,4268.7181896923075,53.962883000000005,162595.852507,26019.808919683368,112.4243396,102.214656,11.980080485781956,0.23426236058225985,5,64,,True,True,,155,56.69694568066818
71,2026-09-19T05:45:58.316+00:00,2026-09-19T05:48:42.593+00:00,2026-09-19T05:48:48.852+00:00,True,65,65.0,,65.0,164277.50535,170536.69075799998,170536.690753,2623.6413961999997,45.327543,164277.50535,20363.993533893732,112.28251399999998,97.799772,17.411905726157617,0.38114965003184104,5,64,,True,True,,313,56.69694568066818
72,2026-09-19T05:45:58.857+00:00,2026-09-19T05:48:45.937+00:00,2026-09-19T05:48:46.040+00:00,True,2,2.0,,2.0,167079.880516,167183.420228,167183.42006200002,83591.71003100001,103.539546,167079.880516,118070.10299760415,158731.0634675,103.539712,nan,0.011962908745810182,5,64,,True,True,,8,56.69694568066818
73,2026-09-19T05:45:59.489+00:00,2026-09-19T05:48:48.956+00:00,2026-09-19T05:48:58.368+00:00,True,94,94.0,,94.0,169467.144274,178879.25281799998,178879.252771,1902.9707741595744,48.209996,169467.144274,17468.769171390075,111.40307499999999,101.20546821505377,15.038595363083642,0.525494144900303,5,64,,True,True,,438,56.69694568066818
74,2026-09-19T05:45:59.897+00:00,2026-09-19T05:48:51.266+00:00,2026-09-19T05:48:54.885+00:00,True,36,36.0,,36.0,171369.08766999998,174987.98430999997,174987.98447599998,4860.777346555555,52.772256,171369.08766999998,28544.28339563431,111.542422,103.39704685714285,9.775007635826551,0.20572841125036448,5,64,,True,True,,191,56.69694568066818
75,2026-09-19T05:46:00.332+00:00,2026-09-19T05:48:53.526+00:00,2026-09-19T05:48:54.257+00:00,True,8,8.0,,8.0,173193.433008,173925.177776,173925.177857,21740.647232125,101.60867200000001,173193.433008,61196.166848154215,112613.95706325,104.53496685714285,3.288718370975712,0.045996790702167806,5,64,,True,True,,41,56.69694568066818
76,2026-09-19T05:46:01.000+00:00,2026-09-19T05:48:57.577+00:00,2026-09-19T05:49:02.833+00:00,True,55,55.0,,55.0,176576.469094,181832.19159,181832.191531,3306.039846018182,49.967093,176576.469094,23796.44904453182,110.95392869999999,97.32819437037037,17.808084408727016,0.3024766930380262,5,64,,True,True,,256,56.69694568066818
77,2026-09-19T05:46:01.505+00:00,2026-09-19T05:48:59.919+00:00,2026-09-19T05:49:00.328+00:00,True,5,5.0,,5.0,178413.867609,178823.38466500002,178823.384536,35764.6769072,97.77957,178413.867609,79743.32189293808,142752.30052740002,102.379264,3.475503286262485,0.027960548948152298,5,64,,True,True,,11,56.69694568066818
78,2026-09-19T05:46:02.041+00:00,2026-09-19T05:49:03.145+00:00,2026-09-19T05:49:10.030+00:00,True,69,69.0,,69.0,181103.75843000002,187988.68643,187988.68631100003,2724.4737146521743,46.584281000000004,181103.75843000002,21790.14862554299,112.91554000000001,101.2489411764706,17.733406439221877,0.3670433647382979,5,64,,True,True,,255,56.69694568066818
79,2026-09-19T05:46:02.633+00:00,2026-09-19T05:49:06.542+00:00,2026-09-19T05:49:13.295+00:00,True,68,68.0,,68.0,183908.714886,190662.239622,190662.239635,2803.8564652205882,49.428393,183908.714886,22289.99074861255,113.55880584999998,100.79887665671642,17.607662173974898,0.3566516376541801,5,64,,True,True,,340,56.69694568066818
80,2026-09-19T05:46:03.224+00:00,2026-09-19T05:49:09.282+00:00,2026-09-19T05:49:10.347+00:00,True,12,12.0,,12.0,186057.438917,187122.165701,187122.165632,15593.513802666666,47.601838,186057.438917,53682.21865229175,83787.60449639999,96.793344,22.430985712811033,0.06412922784986702,5,64,,True,True,,54,56.69694568066818
81,2026-09-19T05:46:03.745+00:00,2026-09-19T05:49:12.145+00:00,2026-09-19T05:49:17.339+00:00,True,52,52.0,,52.0,188400.148143,193593.740975,193593.741124,3722.956560076923,46.274311000000004,188400.148143,26112.28230362682,113.50192064999999,101.83515356862745,15.504940360751933,0.26860372519334236,5,64,,True,True,,281,56.69694568066818
82,2026-09-19T05:46:04.145+00:00,2026-09-19T05:49:14.297+00:00,2026-09-19T05:49:21.643+00:00,True,75,75.0,,75.0,190151.494262,197497.153398,197497.153393,2633.2953785733334,48.051286999999995,190151.494262,21945.34856910905,113.6569447,99.265664,18.268207961322872,0.37975230887940237,5,64,,True,True,,259,56.69694568066818
83,2026-09-19T05:46:04.563+00:00,2026-09-19T05:49:16.808+00:00,2026-09-19T05:49:19.765+00:00,True,32,32.0,,32.0,192245.023198,195202.466782,195202.46679,6100.0770871875,45.577163,192245.023198,33967.58250625553,112.35035505,95.40140593548388,22.735642662384198,0.16393235458308655,5,64,,True,True,,148,56.69694568066818
84,2026-09-19T05:46:05.034+00:00,2026-09-19T05:49:19.134+00:00,2026-09-19T05:49:21.222+00:00,True,23,23.0,,23.0,194099.542205,196187.261885,196187.26200400002,8529.880956695652,48.113186999999996,194099.542205,40452.77039153802,110.2096611,94.8963490909091,21.269977834454888,0.11723493043846045,5,64,,True,True,,87,56.69694568066818
85,2026-09-19T05:46:05.538+00:00,2026-09-19T05:49:22.152+00:00,2026-09-19T05:49:23.631+00:00,True,16,16.0,,16.0,196613.516058,198092.45058600002,198092.450608,12380.778163,46.58798,196613.516058,49128.73375274476,49237.35771149999,98.5956352,19.595472312844006,0.08077036733438636,5,64,,True,True,,44,56.69694568066818
86,2026-09-19T05:46:06.111+00:00,2026-09-19T05:49:25.342+00:00,2026-09-19T05:49:33.314+00:00,True,78,78.0,,78.0,199231.022237,207203.429277,207203.429371,2656.4542227051284,48.712735,199231.022237,22546.752488969938,114.81220934999999,103.53775376623378,14.707098489731715,0.37644164612606706,5,64,,True,True,,415,56.69694568066818
87,2026-09-19T05:46:06.675+00:00,2026-09-19T05:49:28.458+00:00,2026-09-19T05:49:33.204+00:00,True,47,47.0,,47.0,201783.08839,206529.58823,206529.588294,4394.2465594468085,49.545813,201783.08839,29418.042089716964,115.32255560000002,103.18477913043478,16.749181059155646,0.22757029829381556,5,64,,True,True,,155,56.69694568066818
88,2026-09-19T05:46:07.341+00:00,2026-09-19T05:49:30.923+00:00,2026-09-19T05:49:39.490+00:00,True,84,84.0,,84.0,203581.284024,212149.12428,212149.124215,2525.5848120833334,46.255551,203581.284024,22201.28065978648,114.27716260000001,103.22699103614458,14.224815910550245,0.39594789884277154,5,64,,True,True,,356,56.69694568066818
89,2026-09-19T05:46:07.851+00:00,2026-09-19T05:49:35.143+00:00,2026-09-19T05:49:44.638+00:00,True,97,97.0,,97.0,207291.457864,216786.510152,216786.51014199998,2234.9124756907217,43.548790000000004,207291.457864,21037.224003590876,111.87829760000001,98.90679466666667,18.19489671388009,0.44744481532540187,5,64,,True,True,,320,56.69694568066818
90,2026-09-19T05:46:08.402+00:00,2026-09-19T05:49:38.784+00:00,2026-09-19T05:49:47.756+00:00,True,94,94.0,,94.0,210382.782076,219353.885564,219353.885686,2333.551975382979,45.913894,210382.782076,21689.387905485164,113.96170515,96.46347836559138,21.175451788158085,0.42853127382862793,5,64,,True,True,,322,56.69694568066818
91,2026-09-19T05:46:08.919+00:00,2026-09-19T05:49:41.254+00:00,2026-09-19T05:49:50.743+00:00,True,99,99.0,,99.0,212334.415382,221823.524118,221823.524153,2240.641658111111,45.432256,212334.415382,21330.689657872117,111.5795346,96.8276401632653,20.24359530257253,0.44630072664131204,5,64,,True,True,,421,56.69694568066818
92,2026-09-19T05:46:09.383+00:00,2026-09-19T05:49:44.054+00:00,2026-09-19T05:49:47.858+00:00,True,41,41.0,,41.0,214671.019395,218474.846083,218474.84606500002,5328.654782073171,45.688625,214671.019395,33511.136866832145,112.19461199999999,95.09566720000001,22.928011196117208,0.1876646247157617,5,64,,True,True,,201,56.69694568066818
93,2026-09-19T05:46:09.881+00:00,2026-09-19T05:49:46.530+00:00,2026-09-19T05:49:47.072+00:00,True,7,7.0,,7.0,216648.720854,217191.38299800002,217191.38291500002,31027.340416428575,44.197539,216648.720854,81851.34129654232,151689.2365898,90.44369066666667,34.86389550768469,0.03222963960805231,5,64,,True,True,,34,56.69694568066818
94,2026-09-19T05:46:10.525+00:00,2026-09-19T05:49:49.668+00:00,2026-09-19T05:49:54.907+00:00,True,55,55.0,,55.0,219142.901058,224381.299266,224381.29917699998,4079.6599850363637,47.65876,219142.901058,29536.14688902664,109.3620614,97.00737422222223,16.656923680316286,0.24511846655633496,5,64,,True,True,,190,56.69694568066818
95,2026-09-19T05:46:11.048+00:00,2026-09-19T05:49:52.428+00:00,2026-09-19T05:49:54.166+00:00,True,19,19.0,,19.0,221380.72974,223118.53428400002,223118.53438,11743.080756842106,45.269985999999996,221380.72974,50766.07684759446,22240.0897821,96.5446968888889,18.38229844702425,0.08515652929046022,5,64,,True,True,,87,56.69694568066818
96,2026-09-19T05:46:11.444+00:00,2026-09-19T05:49:54.640+00:00,2026-09-19T05:50:03.486+00:00,True,90,90.0,,90.0,223196.378861,232041.755117,232041.755106,2578.2417234,46.941481,223196.378861,23516.495349322493,112.12138045,99.38625006741573,18.8751641329511,0.3878612276252619,5,64,,True,True,,310,56.69694568066818
97,2026-09-19T05:46:11.968+00:00,2026-09-19T05:49:57.238+00:00,2026-09-19T05:50:05.040+00:00,True,80,80.0,,80.0,225270.024191,233071.684863,233071.684919,2913.3960614875,43.919249,225270.024191,25174.919994176238,112.58972945,98.75519837974684,18.610582628007982,0.34324203751744514,5,64,,True,True,,289,56.69694568066818
98,2026-09-19T05:46:12.390+00:00,2026-09-19T05:49:59.750+00:00,2026-09-19T05:49:59.858+00:00,True,2,2.0,,2.0,227360.502808,227468.65487199998,227468.654869,113734.3274345,108.152061,227360.502808,160691.67825378748,215997.88527064997,108.152064,nan,0.008792420217745737,5,64,,True,True,,4,56.69694568066818
99,2026-09-19T05:46:13.072+00:00,2026-09-19T05:50:03.793+00:00,2026-09-19T05:50:12.253+00:00,True,89,89.0,,89.0,230721.362309,239180.994693,239180.99467,2687.4269064044943,45.618233999999994,230721.362309,24446.233397913766,111.239468,96.13218618181818,19.762471029949698,0.37210314353879026,5,64,,True,True,,440,56.69694568066818
100,2026-09-19T05:46:13.498+00:00,2026-09-19T05:50:06.271+00:00,2026-09-19T05:50:14.413+00:00,True,84,84.0,,84.0,232772.444919,240914.550775,240914.550722,2868.030365738095,0.02831,232772.444919,25386.866485850864,113.1128298,98.09766091566264,26.727971112748055,0.34867134313714016,5,64,,True,True,,355,56.69694568066818
101,2026-09-19T05:46:14.162+00:00,2026-09-19T05:50:10.054+00:00,2026-09-19T05:50:15.920+00:00,True,58,58.0,,58.0,235892.022523,241758.211835,241758.211777,4168.2450306379305,45.479765,235892.022523,30960.630542065268,114.904129,102.91560196491228,15.887730136352953,0.23990912060346065,5,64,,True,True,,188,56.69694568066818
102,2026-09-19T05:46:14.768+00:00,2026-09-19T05:50:13.210+00:00,2026-09-19T05:50:14.088+00:00,True,9,9.0,,9.0,238441.595839,239319.946431,239319.946538,26591.105170888888,103.774551,238441.595839,79443.93406986936,143110.7494662,109.793824,3.5480902878329994,0.03760656031483298,5,64,,True,True,,39,56.69694568066818
103,2026-09-19T05:46:15.182+00:00,2026-09-19T05:50:15.325+00:00,2026-09-19T05:50:19.521+00:00,True,45,45.0,,45.0,240142.515524,244338.4697,244338.469743,5429.743772066667,45.615085,240142.515524,35784.124068734156,113.4408252,95.3625949090909,23.098003292155056,0.18417075319842688,5,64,,True,True,,228,56.69694568066818
104,2026-09-19T05:46:15.612+00:00,2026-09-19T05:50:18.514+00:00,2026-09-19T05:50:27.468+00:00,True,95,95.0,,95.0,242901.307033,251855.55829699998,251855.558317,2651.111140178947,44.400417999999995,242901.307033,24911.382888645745,110.7625061,95.25799217021276,19.92241359755558,0.37720033118336627,5,64,,True,True,,345,56.69694568066818
105,2026-09-19T05:46:16.110+00:00,2026-09-19T05:50:20.816+00:00,2026-09-19T05:50:22.077+00:00,True,14,14.0,,14.0,244705.068133,245966.855013,245966.85504999998,17569.061074999998,47.280991,244705.068133,65374.241598026376,85717.14189170001,97.06052923076923,15.539855668235393,0.05691823802544479,5,64,,True,True,,52,56.69694568066818
106,2026-09-19T05:46:16.565+00:00,2026-09-19T05:50:22.797+00:00,2026-09-19T05:50:30.919+00:00,True,84,84.0,,84.0,246232.47176,254354.557392,254354.557569,3028.0304472499997,43.900538999999995,246232.47176,26855.49398169381,111.02332044999999,97.85645339759036,17.67877990244125,0.3302476702650266,5,64,,True,True,,291,56.69694568066818
107,2026-09-19T05:46:16.953+00:00,2026-09-19T05:50:24.642+00:00,2026-09-19T05:50:34.225+00:00,True,98,98.0,,98.0,247688.918007,257272.117495,257272.117292,2625.225686653061,44.756098,247688.918007,25010.384257688802,109.97555784999999,98.79587101030928,16.006628075947006,0.38091963075596247,5,64,,True,True,,436,56.69694568066818
108,2026-09-19T05:46:17.502+00:00,2026-09-19T05:50:28.089+00:00,2026-09-19T05:50:31.867+00:00,True,37,37.0,,37.0,250586.93812900002,254364.96129700003,254364.96141000002,6874.728686756757,97.187677,250586.93812900002,41178.98616193935,111.64190479999999,104.945088,3.7756768848562694,0.14546028592671728,5,64,,True,True,,157,56.69694568066818
109,2026-09-19T05:46:18.030+00:00,2026-09-19T05:50:30.816+00:00,2026-09-19T05:50:33.239+00:00,True,25,25.0,,25.0,252785.682721,255208.779041,255208.77903099998,10208.35116124,52.07401,252785.682721,50536.94528750569,111.70998239999999,100.96234666666668,11.308691676141384,0.09795901259330769,5,64,,True,True,,103,56.69694568066818
110,2026-09-19T05:46:18.504+00:00,2026-09-19T05:50:32.680+00:00,2026-09-19T05:50:38.956+00:00,True,64,64.0,,64.0,254175.627942,260451.765926,260451.765991,4069.558843609375,45.268856,254175.627942,31759.505932810604,112.33796914999999,99.62123784126983,18.134066276582804,0.24572688064700543,5,64,,True,True,,285,56.69694568066818
111,2026-09-19T05:46:18.968+00:00,2026-09-19T05:50:35.640+00:00,2026-09-19T05:50:36.269+00:00,True,7,7.0,,7.0,256671.39574900002,257300.46326900003,257300.46331100003,36757.20904442857,102.149075,256671.39574900002,96973.04131503485,179702.09122150004,104.84458666666667,1.918458065714512,0.0272055475962424,5,64,,True,True,,37,56.69694568066818
112,2026-09-19T05:46:19.370+00:00,2026-09-19T05:50:37.755+00:00,2026-09-19T05:50:43.582+00:00,True,59,59.0,,59.0,258384.921155,264211.661891,264211.661929,4478.163761508475,47.143701,258384.921155,33625.77744451538,113.74249680000001,100.4610471724138,18.236468752874156,0.22330581314136064,5,64,,True,True,,190,56.69694568066818
113,2026-09-19T05:46:19.818+00:00,2026-09-19T05:50:40.494+00:00,2026-09-19T05:50:49.683+00:00,True,96,96.0,,96.0,260675.56248199998,269865.02270599996,269865.022647,2811.0939859062496,45.527775999999996,260675.56248199998,26595.222678232363,112.29860175,96.73116025263157,19.500048093222855,0.3557333923358628,5,64,,True,True,,457,56.69694568066818
114,2026-09-19T05:46:20.453+00:00,2026-09-19T05:50:43.797+00:00,2026-09-19T05:50:44.305+00:00,True,6,6.0,,6.0,263344.16916499997,263851.678157,263851.678028,43975.27967133333,97.395807,263344.16916499997,107468.36899600955,197534.7397175,101.50179840000001,3.8758260780727505,0.02274004865881434,5,64,,True,True,,17,56.69694568066818
115,2026-09-19T05:46:21.101+00:00,2026-09-19T05:50:47.341+00:00,2026-09-19T05:50:48.797+00:00,True,16,16.0,,16.0,266239.37521,267696.015978,267696.015978,16731.000998625,46.733273000000004,266239.37521,66535.56929159246,66642.84098950001,97.10938453333333,20.105653519153766,0.059769286971065434,5,64,,True,True,,100,56.69694568066818
116,2026-09-19T05:46:21.563+00:00,2026-09-19T05:50:49.892+00:00,2026-09-19T05:50:55.594+00:00,True,60,60.0,,60.0,268328.415784,274030.188072,274030.18814,4567.169802333334,46.564794,268328.415784,34628.57762526977,111.14612745000001,96.64020827118644,17.4074817053212,0.21895397883767215,5,64,,True,True,,264,56.69694568066818
117,2026-09-19T05:46:22.774+00:00,2026-09-19T05:50:52.771+00:00,2026-09-19T05:50:58.019+00:00,True,54,54.0,,54.0,269996.35456699994,275244.3376709999,275244.3377549999,5097.117365833332,48.741338000000006,269996.35456699994,36728.378988268516,110.12972529999999,99.01854913207548,16.519967539319428,0.19618932202901954,5,64,,True,True,,252,56.69694568066818
118,2026-09-19T05:46:22.795+00:00,2026-09-19T05:50:55.808+00:00,2026-09-19T05:50:59.429+00:00,True,37,37.0,,37.0,273012.87294599996,276633.91793799994,276633.91787699994,7476.592375054053,50.481525000000005,273012.87294599996,44866.50642888064,112.1124964,100.5845831111111,15.486689841220535,0.13375077169059418,5,64,,True,True,,171,56.69694568066818
119,2026-09-19T05:46:23.052+00:00,2026-09-19T05:50:57.921+00:00,2026-09-19T05:50:57.921+00:00,True,1,1.0,,1.0,274869.660935,274869.660935,274869.660935,274869.660935,274869.660935,274869.660935,nan,274869.660935,nan,nan,0.003638087945386143,5,64,,True,True,,1,56.69694568066818
120,2026-09-19T05:46:23.423+00:00,2026-09-19T05:50:59.533+00:00,2026-09-19T05:51:05.997+00:00,True,65,65.0,,65.0,276110.30676999997,282574.13857799995,282574.13855699997,4347.294439338461,42.369033,276110.30676999997,34234.74521093866,113.63182499999999,100.997372,16.205389448777897,0.23002812758131372,5,64,,True,True,,335,56.69694568066818
121,2026-09-19T05:46:23.927+00:00,2026-09-19T05:51:02.391+00:00,2026-09-19T05:51:09.954+00:00,True,79,79.0,,79.0,278463.412308,286026.38114,286026.38108300004,3620.587102316456,45.613305,278463.412308,31318.67962825421,111.08615470000001,96.96113887179486,21.082189071214167,0.27619829920979294,5,64,,True,True,,363,56.69694568066818
122,2026-09-19T05:46:24.541+00:00,2026-09-19T05:51:05.208+00:00,2026-09-19T05:51:11.825+00:00,True,70,70.0,,70.0,280667.746791,287284.102375,287284.102488,4104.058606971429,45.825165,280667.746791,33534.75747297494,110.96529944999999,95.88921136231885,20.801178522182784,0.24366123785237176,5,64,,True,True,,237,56.69694568066818
123,2026-09-19T05:46:25.214+00:00,2026-09-19T05:51:09.529+00:00,2026-09-19T05:51:15.933+00:00,True,65,65.0,,65.0,284314.766255,290719.175087,290719.174989,4472.602692138462,49.322717,284314.766255,35252.49756003955,109.513069,100.068888,14.672149846347299,0.22358346325297682,5,64,,True,True,,357,56.69694568066818
124,2026-09-19T05:46:25.887+00:00,2026-09-19T05:51:12.870+00:00,2026-09-19T05:51:17.302+00:00,True,46,46.0,,46.0,286982.81468,291415.19663200004,291415.196618,6335.112969956522,48.20212,286982.81468,42298.78836670391,111.07311975,98.49737671111112,17.235108395025758,0.15785038162607878,5,64,,True,True,,197,56.69694568066818
125,2026-09-19T05:46:26.400+00:00,2026-09-19T05:51:15.838+00:00,2026-09-19T05:51:21.671+00:00,True,59,59.0,,59.0,289437.857572,295270.720036,295270.720057,5004.588475542373,44.651158,289437.857572,37668.51045386351,112.1573558,100.56659420689655,16.693781872669994,0.1998166292709504,5,64,,True,True,,347,56.69694568066818
126,2026-09-19T05:46:26.825+00:00,2026-09-19T05:51:18.107+00:00,2026-09-19T05:51:19.265+00:00,True,12,12.0,,12.0,291281.357204,292439.656852,292439.656856,24369.971404666667,97.771936,291281.357204,84055.28761804258,131138.29476694998,105.299968,4.401375569938107,0.041034106417629425,5,64,,True,True,,54,56.69694568066818
127,2026-09-19T05:46:27.406+00:00,2026-09-19T05:51:20.558+00:00,2026-09-19T05:51:21.358+00:00,True,9,9.0,,9.0,293151.612961,293951.675425,293951.675175,32661.297241666667,53.460757,293151.612961,97683.87009815639,175936.19417260002,100.007808,19.5021559510954,0.030617277438502965,5,64,,True,True,,12,56.69694568066818
128,2026-09-19T05:46:27.841+00:00,2026-09-19T05:51:23.830+00:00,2026-09-19T05:51:27.886+00:00,False,42,41.0,,41.0,295989.137193,300045.256745,300045.256775,7143.934685119048,0.02265,295989.137193,45656.85600695462,113.02430405000001,98.9297451707317,23.25291092960601,0.13664605281477502,5,64,,True,False,Request timeout: 300.0s exceeded,139,56.69694568066818
129,2026-09-19T05:46:28.236+00:00,2026-09-19T05:51:25.978+00:00,2026-09-19T05:51:28.303+00:00,False,25,24.0,,24.0,297742.684678,300067.11271,300067.112595,12002.6845038,0.03116,297742.684678,59529.172109767314,112.34156439999998,96.851168,25.91742531728923,0.0799821072800964,5,64,,True,False,Request timeout: 300.0s exceeded,107,56.69694568066818
130,2026-09-19T05:46:28.634+00:00,2026-09-19T05:51:27.882+00:00,2026-09-19T05:51:29.492+00:00,False,17,16.0,,16.0,299247.583827,300857.783123,300857.783112,17697.516653647057,0.02438,299247.583827,72553.79641001258,59944.464771800005,100.637456,27.240226357853285,0.05318127333757127,5,64,,True,False,Request timeout: 300.0s exceeded,67,56.69694568066818
131,2026-09-19T05:46:29.187+00:00,2026-09-19T05:51:29.385+00:00,2026-09-19T05:51:29.601+00:00,False,4,3.0,,3.0,300197.611355,300414.045787,300414.045808,75103.511452,0.02589,300197.611355,150062.74195028745,255184.61132014997,72.14481066666667,62.51693006082206,0.009986217495726098,5,64,,True,False,Request timeout: 300.0s exceeded,11,56.69694568066818
132,2026-09-19T05:46:29.654+00:00,2026-09-19T05:51:29.684+00:00,2026-09-19T05:51:29.684+00:00,False,1,0.0,,0.0,300030.535202,300030.535202,300030.535202,300030.535202,300030.535202,300030.535202,nan,300030.535202,nan,nan,0.0,5,64,,True,False,"HTTPConnectionPool(host='gpu03', port=9002): Read timed out.",0,56.69694568066818
133,2026-09-19T05:46:30.194+00:00,2026-09-19T05:51:30.210+00:00,2026-09-19T05:51:30.320+00:00,False,3,2.0,,2.0,300016.03147399996,300126.20440199994,300126.20443099993,100042.06814366665,0.03263,300016.03147399996,173182.5410901958,270025.4423593,55.086464,77.85768354196541,0.006663863303722481,5,64,,True,False,Request timeout: 300.0s exceeded,8,56.69694568066818
134,2026-09-19T05:46:30.568+00:00,2026-09-19T05:51:30.674+00:00,2026-09-19T05:51:30.674+00:00,False,1,0.0,,0.0,300105.803426,300105.803426,300105.803426,300105.803426,300105.803426,300105.803426,nan,300105.803426,nan,nan,0.0,5,64,,True,False,"HTTPConnectionPool(host='gpu03', port=9002): Read timed out.",0,56.69694568066818
135,2026-09-19T05:46:30.947+00:00,2026-09-19T05:51:30.986+00:00,2026-09-19T05:51:30.986+00:00,False,1,0.0,,0.0,300039.16135799995,300039.16135799995,300039.16135799995,300039.16135799995,300039.16135799995,300039.16135799995,nan,300039.16135799995,nan,nan,0.0,5,64,,True,False,TTFT timeout: 300.0s exceeded (TTFT: 300.034s),0,56.69694568066818
136,2026-09-19T05:46:31.453+00:00,2026-09-19T05:51:31.096+00:00,2026-09-19T05:51:31.532+00:00,False,7,6.0,,6.0,299642.845304,300078.188152,300078.188105,42868.312586428576,0.03939,299642.845304,113226.93418363422,209786.2868327,72.55714133333333,46.875808704404456,0.019994788814709827,5,64,,True,False,Request timeout: 300.0s exceeded,22,56.69694568066818
137,2026-09-19T05:46:32.127+00:00,2026-09-19T05:51:32.235+00:00,2026-09-19T05:51:32.235+00:00,False,1,0.0,,0.0,300108.56554000004,300108.56554000004,300108.56554000004,300108.56554000004,300108.56554000004,300108.56554000004,nan,300108.56554000004,nan,nan,0.0,5,64,,True,False,"HTTPConnectionPool(host='gpu03', port=9002): Read timed out.",0,56.69694568066818
138,2026-09-19T05:46:32.633+00:00,2026-09-19T05:51:32.668+00:00,2026-09-19T05:51:32.668+00:00,False,1,0.0,,0.0,300035.16599400004,300035.16599400004,300035.16599400004,300035.16599400004,300035.16599400004,300035.16599400004,nan,300035.16599400004,nan,nan,0.0,5,64,,True,False,TTFT timeout: 300.0s exceeded (TTFT: 300.028s),0,56.69694568066818
139,2026-09-19T05:46:33.068+00:00,2026-09-19T05:51:33.024+00:00,2026-09-19T05:51:33.140+00:00,False,3,2.0,,2.0,299956.653767,300072.075207,300072.075412,100024.02513733333,0.04265,299956.653767,173146.7450421586,269972.5262898,57.71072,81.5551844987696,0.0066650653801102,5,64,,True,False,Request timeout: 300.0s exceeded,8,56.69694568066818
140,2026-09-19T05:46:33.448+00:00,2026-09-19T05:51:33.550+00:00,2026-09-19T05:51:33.550+00:00,False,1,0.0,,0.0,300101.53274299996,300101.53274299996,300101.53274299996,300101.53274299996,300101.53274299996,300101.53274299996,nan,300101.53274299996,nan,nan,0.0,5,64,,True,False,"HTTPConnectionPool(host='gpu03', port=9002): Read timed out.",0,56.69694568066818
141,2026-09-19T05:46:34.022+00:00,2026-09-19T05:51:34.043+00:00,2026-09-19T05:51:34.043+00:00,False,1,0.0,,0.0,300021.844635,300021.844635,300021.844635,300021.844635,300021.844635,300021.844635,nan,300021.844635,nan,nan,0.0,5,64,,True,False,"HTTPConnectionPool(host='gpu03', port=9002): Read timed out.",0,56.69694568066818
142,2026-09-19T05:46:34.646+00:00,2026-09-19T05:51:34.550+00:00,2026-09-19T05:51:34.657+00:00,False,3,2.0,,2.0,299903.809397,300010.508661,300010.508632,100003.50287733333,0.02053,299903.809397,173118.7518843181,269924.0963278,53.349632,75.41881002825627,0.0066664331490465245,5,64,,True,False,Request timeout: 300.0s exceeded,4,56.69694568066818
143,2026-09-19T05:46:35.037+00:00,2026-09-19T05:51:35.143+00:00,2026-09-19T05:51:35.143+00:00,False,1,0.0,,0.0,300105.815103,300105.815103,300105.815103,300105.815103,300105.815103,300105.815103,nan,300105.815103,nan,nan,0.0,5,64,,True,False,"HTTPConnectionPool(host='gpu03', port=9002): Read timed out.",0,56.69694568066818
144,2026-09-19T05:46:35.517+00:00,2026-09-19T05:51:35.568+00:00,2026-09-19T05:51:35.568+00:00,False,1,0.0,,0.0,300051.79664200003,300051.79664200003,300051.79664200003,300051.79664200003,300051.79664200003,300051.79664200003,nan,300051.79664200003,nan,nan,0.0,5,64,,True,False,"HTTPConnectionPool(host='gpu03', port=9002): Read timed out.",0,56.69694568066818
145,2026-09-19T05:46:35.975+00:00,2026-09-19T05:51:35.891+00:00,2026-09-19T05:51:36.019+00:00,False,3,2.0,,2.0,299916.162806,300043.273718,300043.273673,100014.42455766666,0.025619,299916.162806,173119.9952404869,269937.2550502,63.555456,89.84478397080974,0.0066657051671810815,5,64,,True,False,Request timeout: 300.0s exceeded,3,56.69694568066818
146,2026-09-19T05:46:36.511+00:00,2026-09-19T05:51:36.347+00:00,2026-09-19T05:51:36.554+00:00,False,4,3.0,,3.0,299836.478505,300042.948137,300042.948291,75010.73707275,0.06903000000000001,299836.478505,149883.83551438214,254876.7748461,68.82321066666667,59.57375348164919,0.009998568600353159,5,64,,True,False,Request timeout: 300.0s exceeded,11,56.69694568066818
147,2026-09-19T05:46:36.906+00:00,2026-09-19T05:51:36.992+00:00,2026-09-19T05:51:36.992+00:00,False,1,0.0,,0.0,300085.985113,300085.985113,300085.985113,300085.985113,300085.985113,300085.985113,nan,300085.985113,nan,nan,0.0,5,64,,True,False,"HTTPConnectionPool(host='gpu03', port=9002): Read timed out.",0,56.69694568066818
148,2026-09-19T05:46:37.765+00:00,2026-09-19T05:51:37.784+00:00,2026-09-19T05:51:37.994+00:00,False,4,3.0,,3.0,300018.576751,300228.82647900004,300228.826408,75057.206602,0.05668,300018.576751,149974.25504574497,255032.5880638,70.08324266666668,61.03467385858702,0.009992378264216544,5,64,,True,False,Request timeout: 300.0s exceeded,11,56.69694568066818
149,2026-09-19T05:46:37.917+00:00,2026-09-19T05:51:37.900+00:00,2026-09-19T05:51:37.994+00:00,False,3,2.0,,2.0,299983.295009,300076.761377,300076.761405,100025.587135,0.03402,299983.295009,173168.4609981886,269994.3087457,46.733184,66.04255148230564,0.0066649612946445705,5,64,,True,False,Request timeout: 300.0s exceeded,4,56.69694568066818
150,2026-09-19T05:46:38.568+00:00,2026-09-19T05:51:38.826+00:00,2026-09-19T05:51:39.426+00:00,False,7,6.0,,6.0,300257.751852,300857.492524,300857.492316,42979.641759428574,0.03907,300257.751852,113448.99765329444,210235.93176420004,99.95677866666666,63.49218904980817,0.019942996764560777,5,64,,True,False,Request timeout: 300.0s exceeded,34,56.69694568066818
151,2026-09-19T05:46:39.194+00:00,2026-09-19T05:51:39.359+00:00,2026-09-19T05:51:39.576+00:00,False,6,5.0,,5.0,300164.946958,300381.70855800004,300381.7086,50063.6181,0.028519,300164.946958,122524.13013937265,225141.14384075,43.35232,25.962400550112463,0.016645487583124795,5,64,,True,False,Request timeout: 300.0s exceeded,15,56.69694568066818
152,2026-09-19T05:46:39.717+00:00,2026-09-19T05:51:39.782+00:00,2026-09-19T05:51:39.782+00:00,False,1,0.0,,0.0,300064.921604,300064.921604,300064.921604,300064.921604,300064.921604,300064.921604,nan,300064.921604,nan,nan,0.0,5,64,,True,False,"HTTPConnectionPool(host='gpu03', port=9002): Read timed out.",0,56.69694568066818
153,2026-09-19T05:46:40.375+00:00,2026-09-19T05:51:40.483+00:00,2026-09-19T05:51:40.483+00:00,False,1,0.0,,0.0,300108.382537,300108.382537,300108.382537,300108.382537,300108.382537,300108.382537,nan,300108.382537,nan,nan,0.0,5,64,,True,False,"HTTPConnectionPool(host='gpu03', port=9002): Read timed out.",0,56.69694568066818
154,2026-09-19T05:46:41.025+00:00,2026-09-19T05:51:40.953+00:00,2026-09-19T05:51:41.082+00:00,False,3,2.0,,2.0,299927.587795,300056.610515,300056.610478,100018.87015933334,0.023819,299927.587795,173126.03992090008,269947.7289019,64.51136,91.1991706426402,0.006665408892566354,5,64,,True,False,Request timeout: 300.0s exceeded,8,56.69694568066818
155,2026-09-19T05:46:41.709+00:00,2026-09-19T05:51:41.423+00:00,2026-09-19T05:51:41.723+00:00,False,5,4.0,,4.0,299713.78260000004,300014.249544,300014.24952,60002.84990400001,0.05589,299713.78260000004,134002.49216362674,239791.88127000004,75.116736,50.18891954242331,0.013332700050346646,5,64,,True,False,Request timeout: 300.0s exceeded,13,56.69694568066818
156,2026-09-19T05:46:42.286+00:00,2026-09-19T05:51:42.393+00:00,2026-09-19T05:51:42.393+00:00,False,1,0.0,,0.0,300107.197867,300107.197867,300107.197867,300107.197867,300107.197867,300107.197867,nan,300107.197867,nan,nan,0.0,5,64,,True,False,"HTTPConnectionPool(host='gpu03', port=9002): Read timed out.",0,56.69694568066818
157,2026-09-19T05:46:42.764+00:00,2026-09-19T05:51:42.683+00:00,2026-09-19T05:51:42.817+00:00,False,3,2.0,,2.0,299919.012803,300052.588227,300052.588286,100017.52942866666,0.02291,299919.012803,173119.77573052383,269940.46678,66.787712,94.4198666684632,0.006665498244217551,5,64,,True,False,Request timeout: 300.0s exceeded,9,56.69694568066818
158,2026-09-19T05:46:43.253+00:00,2026-09-19T05:51:43.036+00:00,2026-09-19T05:51:43.344+00:00,False,5,4.0,,4.0,299782.64619999996,300090.53484,300090.53475299996,60018.10695059999,0.023420000000000003,299782.64619999996,134032.45946487942,239847.25286339995,76.97216,51.34506767196055,0.0133293107766051,5,64,,True,False,Request timeout: 300.0s exceeded,13,56.69694568066818
159,2026-09-19T05:46:43.739+00:00,2026-09-19T05:51:43.837+00:00,2026-09-19T05:51:43.837+00:00,False,1,0.0,,0.0,300098.52768,300098.52768,300098.52768,300098.52768,300098.52768,300098.52768,nan,300098.52768,nan,nan,0.0,5,64,,True,False,"HTTPConnectionPool(host='gpu03', port=9002): Read timed out.",0,56.69694568066818
160,2026-09-19T05:46:44.190+00:00,2026-09-19T05:51:44.198+00:00,2026-09-19T05:51:44.198+00:00,False,1,0.0,,0.0,300008.62614,300008.62614,300008.62614,300008.62614,300008.62614,300008.62614,nan,300008.62614,nan,nan,0.0,5,64,,True,False,TTFT timeout: 300.0s exceeded (TTFT: 300.001s),0,56.69694568066818
161,2026-09-19T05:46:44.655+00:00,2026-09-19T05:51:44.481+00:00,2026-09-19T05:51:44.738+00:00,False,4,3.0,,3.0,299825.439384,300082.49871200003,300082.498734,75020.6246835,0.02168,299825.439384,149869.88965857108,254874.00168960006,85.68644266666666,77.01348229237968,0.009997250798951817,5,64,,True,False,Request timeout: 300.0s exceeded,4,56.69694568066818
162,2026-09-19T05:46:45.285+00:00,2026-09-19T05:51:45.370+00:00,2026-09-19T05:51:45.370+00:00,False,1,0.0,,0.0,300084.51256199996,300084.51256199996,300084.51256199996,300084.51256199996,300084.51256199996,300084.51256199996,nan,300084.51256199996,nan,nan,0.0,5,64,,True,False,"HTTPConnectionPool(host='gpu03', port=9002): Read timed out.",0,56.69694568066818
163,2026-09-19T05:46:45.909+00:00,2026-09-19T05:51:46.011+00:00,2026-09-19T05:51:46.011+00:00,False,1,0.0,,0.0,300102.277593,300102.277593,300102.277593,300102.277593,300102.277593,300102.277593,nan,300102.277593,nan,nan,0.0,5,64,,True,False,TTFT timeout: 300.0s exceeded (TTFT: 300.097s),0,56.69694568066818
164,2026-09-19T05:46:46.515+00:00,2026-09-19T05:51:46.285+00:00,2026-09-19T05:51:46.582+00:00,False,5,4.0,,4.0,299770.339436,300067.562348,300067.56253399997,60013.5125068,0.06569,299770.339436,134028.14769406818,239837.14500679998,74.305728,49.743612186292275,0.013330331238406384,5,64,,True,False,Request timeout: 300.0s exceeded,13,56.69694568066818
165,2026-09-19T05:46:47.021+00:00,2026-09-19T05:51:47.044+00:00,2026-09-19T05:51:47.044+00:00,False,1,0.0,,0.0,300023.418681,300023.418681,300023.418681,300023.418681,300023.418681,300023.418681,nan,300023.418681,nan,nan,0.0,5,64,,True,False,"HTTPConnectionPool(host='gpu03', port=9002): Read timed out.",0,56.69694568066818
166,2026-09-19T05:46:47.647+00:00,2026-09-19T05:51:47.679+00:00,2026-09-19T05:51:47.679+00:00,False,1,0.0,,0.0,300031.23990399996,300031.23990399996,300031.23990399996,300031.23990399996,300031.23990399996,300031.23990399996,nan,300031.23990399996,nan,nan,0.0,5,64,,True,False,TTFT timeout: 300.0s exceeded (TTFT: 300.009s),0,56.69694568066818
167,2026-09-19T05:46:48.183+00:00,2026-09-19T05:51:48.066+00:00,2026-09-19T05:51:48.066+00:00,True,1,1.0,,1.0,299882.776073,299882.776073,299882.776073,299882.776073,299882.776073,299882.776073,nan,299882.776073,nan,nan,0.003334636330552614,5,64,,True,True,,2,56.69694568066818
168,2026-09-19T05:46:48.663+00:00,2026-09-19T05:51:48.746+00:00,2026-09-19T05:51:48.746+00:00,False,1,0.0,,0.0,300083.142246,300083.142246,300083.142246,300083.142246,300083.142246,300083.142246,nan,300083.142246,nan,nan,0.0,5,64,,True,False,"HTTPConnectionPool(host='gpu03', port=9002): Read timed out.",0,56.69694568066818
169,2026-09-19T05:46:49.084+00:00,2026-09-19T05:51:49.184+00:00,2026-09-19T05:51:49.184+00:00,False,1,0.0,,0.0,300099.402292,300099.402292,300099.402292,300099.402292,300099.402292,300099.402292,nan,300099.402292,nan,nan,0.0,5,64,,True,False,"HTTPConnectionPool(host='gpu03', port=9002): Read timed out.",0,56.69694568066818
170,2026-09-19T05:46:49.666+00:00,2026-09-19T05:51:49.522+00:00,2026-09-19T05:51:49.751+00:00,False,4,3.0,,3.0,299856.603175,300084.761383,300084.761344,75021.190336,0.02813,299856.603175,149890.2855646565,254897.88125530002,76.052736,68.18349362185965,0.009997175418618082,5,64,,True,False,Request timeout: 300.0s exceeded,11,56.69694568066818
171,2026-09-19T05:46:50.242+00:00,2026-09-19T05:51:50.285+00:00,2026-09-19T05:51:50.285+00:00,False,1,0.0,,0.0,300042.285824,300042.285824,300042.285824,300042.285824,300042.285824,300042.285824,nan,300042.285824,nan,nan,0.0,5,64,,True,False,"HTTPConnectionPool(host='gpu03', port=9002): Read timed out.",0,56.69694568066818
172,2026-09-19T05:46:50.706+00:00,2026-09-19T05:51:50.863+00:00,2026-09-19T05:51:51.467+00:00,False,7,6.0,,6.0,300157.332519,300761.346343,300761.346135,42965.90659071429,0.02265,300157.332519,113410.76877339749,210154.41639509998,100.66897066666667,52.29996916235883,0.019949372061785375,5,64,,True,False,Request timeout: 300.0s exceeded,20,56.69694568066818
173,2026-09-19T05:46:51.123+00:00,2026-09-19T05:51:51.256+00:00,2026-09-19T05:51:51.566+00:00,False,5,4.0,,4.0,300133.526962,300443.02584200003,300443.025931,60088.6051862,0.038259999999999995,300133.526962,134189.19813716135,240128.2539288,77.37472,51.63592039995889,0.013313672330352442,5,64,,True,False,Request timeout: 300.0s exceeded,22,56.69694568066818
174,2026-09-19T05:46:51.755+00:00,2026-09-19T05:51:51.819+00:00,2026-09-19T05:51:51.819+00:00,False,1,0.0,,0.0,300064.199942,300064.199942,300064.199942,300064.199942,300064.199942,300064.199942,nan,300064.199942,nan,nan,0.0,5,64,,True,False,"HTTPConnectionPool(host='gpu03', port=9002): Read timed out.",0,56.69694568066818
175,2026-09-19T05:46:52.357+00:00,2026-09-19T05:51:52.460+00:00,2026-09-19T05:51:52.460+00:00,False,1,0.0,,0.0,300103.07812099997,300103.07812099997,300103.07812099997,300103.07812099997,300103.07812099997,300103.07812099997,nan,300103.07812099997,nan,nan,0.0,5,64,,True,False,"HTTPConnectionPool(host='gpu03', port=9002): Read timed out.",0,56.69694568066818
176,2026-09-19T05:46:52.917+00:00,2026-09-19T05:51:52.992+00:00,2026-09-19T05:51:52.992+00:00,False,1,0.0,,0.0,300075.521555,300075.521555,300075.521555,300075.521555,300075.521555,300075.521555,nan,300075.521555,nan,nan,0.0,5,64,,True,False,TTFT timeout: 300.0s exceeded (TTFT: 300.060s),0,56.69694568066818
177,2026-09-19T05:46:53.483+00:00,2026-09-19T05:51:53.068+00:00,2026-09-19T05:51:53.474+00:00,True,5,5.0,,5.0,299585.47175599996,299991.35617199994,299991.35619799996,59998.27123959999,97.315461,299585.47175599996,133933.316755358,239689.48737679998,101.471104,3.379137528311428,0.016667146893169987,5,64,,True,True,,20,56.69694568066818
178,2026-09-19T05:46:54.106+00:00,2026-09-19T05:51:54.185+00:00,2026-09-19T05:51:54.185+00:00,False,1,0.0,,0.0,300078.964785,300078.964785,300078.964785,300078.964785,300078.964785,300078.964785,nan,300078.964785,nan,nan,0.0,5,64,,True,False,"HTTPConnectionPool(host='gpu03', port=9002): Read timed out.",0,56.69694568066818
179,2026-09-19T05:46:54.541+00:00,2026-09-19T05:51:54.531+00:00,2026-09-19T05:51:54.645+00:00,False,3,2.0,,2.0,299990.100566,300103.376726,300103.376518,100034.45883933333,0.02086,299990.100566,173166.67462084076,270002.4160186,56.63808,80.068653711671,0.006664370197427128,5,64,,True,False,Request timeout: 300.0s exceeded,4,56.69694568066818
180,2026-09-19T05:46:55.727+00:00,2026-09-19T05:51:55.598+00:00,2026-09-19T05:51:55.927+00:00,False,5,4.0,,4.0,299871.392296,300199.702312,300199.702189,60039.940437799996,0.02255,299871.392296,134069.86590607004,239921.04780799997,82.077504,55.229176708571764,0.013324463579390121,5,64,,True,False,Request timeout: 300.0s exceeded,26,56.69694568066818
181,2026-09-19T05:46:55.805+00:00,2026-09-19T05:51:56.024+00:00,2026-09-19T05:51:56.024+00:00,False,1,0.0,,0.0,300218.938143,300218.938143,300218.938143,300218.938143,300218.938143,300218.938143,nan,300218.938143,nan,nan,0.0,5,64,,True,False,TTFT timeout: 300.0s exceeded (TTFT: 300.018s),0,56.69694568066818
182,2026-09-19T05:46:56.166+00:00,2026-09-19T05:51:56.192+00:00,2026-09-19T05:51:56.192+00:00,False,1,0.0,,0.0,300025.769477,300025.769477,300025.769477,300025.769477,300025.769477,300025.769477,nan,300025.769477,nan,nan,0.0,5,64,,True,False,"HTTPConnectionPool(host='gpu03', port=9002): Read timed out.",0,56.69694568066818
183,2026-09-19T05:46:56.715+00:00,2026-09-19T05:51:56.821+00:00,2026-09-19T05:51:56.821+00:00,False,1,0.0,,0.0,300106.542778,300106.542778,300106.542778,300106.542778,300106.542778,300106.542778,nan,300106.542778,nan,nan,0.0,5,64,,True,False,"HTTPConnectionPool(host='gpu03', port=9002): Read timed out.",0,56.69694568066818
184,2026-09-19T05:46:57.373+00:00,2026-09-19T05:51:57.288+00:00,2026-09-19T05:51:57.412+00:00,False,3,2.0,,2.0,299915.13521499996,300038.517999,300038.51808199997,100012.83936066665,0.023989999999999997,299915.13521499996,173120.477468001,269935.95758119994,61.691392,87.21077161291011,0.006665810821018207,5,64,,True,False,Request timeout: 300.0s exceeded,5,56.69694568066818
185,2026-09-19T05:46:58.042+00:00,2026-09-19T05:51:57.609+00:00,2026-09-19T05:51:58.117+00:00,False,7,6.0,,6.0,299567.730134,300074.992086,300074.991967,42867.85599528572,0.0363,299567.730134,113194.01106986967,209728.1351765,84.54365866666667,41.40661067922713,0.01999500177702389,5,64,,True,False,Request timeout: 300.0s exceeded,13,56.69694568066818
186,2026-09-19T05:46:58.560+00:00,2026-09-19T05:51:58.656+00:00,2026-09-19T05:51:58.656+00:00,False,1,0.0,,0.0,300096.339667,300096.339667,300096.339667,300096.339667,300096.339667,300096.339667,nan,300096.339667,nan,nan,0.0,5,64,,True,False,TTFT timeout: 300.0s exceeded (TTFT: 300.083s),0,56.69694568066818
187,2026-09-19T05:46:58.976+00:00,2026-09-19T05:51:59.037+00:00,2026-09-19T05:51:59.037+00:00,False,1,0.0,,0.0,300060.32293900003,300060.32293900003,300060.32293900003,300060.32293900003,300060.32293900003,300060.32293900003,nan,300060.32293900003,nan,nan,0.0,5,64,,True,False,"HTTPConnectionPool(host='gpu03', port=9002): Read timed out.",0,56.69694568066818
188,2026-09-19T05:46:59.464+00:00,2026-09-19T05:51:59.313+00:00,2026-09-19T05:51:59.521+00:00,False,4,3.0,,3.0,299848.411875,300057.089507,300057.08947299997,75014.27236824999,0.07998999999999999,299848.411875,149889.43445579772,254887.61472675,69.55921066666667,60.418583733407765,0.009998097378499078,5,64,,True,False,Request timeout: 300.0s exceeded,10,56.69694568066818
189,2026-09-19T05:46:59.894+00:00,2026-09-19T05:51:59.949+00:00,2026-09-19T05:51:59.949+00:00,False,1,0.0,,0.0,300055.755658,300055.755658,300055.755658,300055.755658,300055.755658,300055.755658,nan,300055.755658,nan,nan,0.0,5,64,,True,False,"HTTPConnectionPool(host='gpu03', port=9002): Read timed out.",0,56.69694568066818
190,2026-09-19T05:47:00.404+00:00,2026-09-19T05:52:00.444+00:00,2026-09-19T05:52:00.444+00:00,False,1,0.0,,0.0,300040.42589,300040.42589,300040.42589,300040.42589,300040.42589,300040.42589,nan,300040.42589,nan,nan,0.0,5,64,,True,False,"HTTPConnectionPool(host='gpu03', port=9002): Read timed out.",0,56.69694568066818
191,2026-09-19T05:47:00.867+00:00,2026-09-19T05:52:00.801+00:00,2026-09-19T05:52:00.910+00:00,False,3,2.0,,2.0,299934.345298,300043.465554,300043.46563,100014.48854333333,0.07128,299934.345298,173135.68324479944,269951.81567339995,54.560128,77.05902623160509,0.006665700905391162,5,64,,True,False,Request timeout: 300.0s exceeded,3,56.69694568066818
192,2026-09-19T05:47:01.243+00:00,2026-09-19T05:52:01.131+00:00,2026-09-19T05:52:01.278+00:00,False,4,3.0,,3.0,299887.778311,300035.43987899995,300035.439868,75008.859967,0.04347,299887.778311,149919.28640649017,254921.61525549996,49.22052266666667,58.11987425507186,0.009998818810237408,5,64,,True,False,Request timeout: 300.0s exceeded,12,56.69694568066818
193,2026-09-19T05:47:01.731+00:00,2026-09-19T05:52:01.821+00:00,2026-09-19T05:52:01.821+00:00,False,1,0.0,,0.0,300090.733949,300090.733949,300090.733949,300090.733949,300090.733949,300090.733949,nan,300090.733949,nan,nan,0.0,5,64,,True,False,"HTTPConnectionPool(host='gpu03', port=9002): Read timed out.",0,56.69694568066818
194,2026-09-19T05:47:02.246+00:00,2026-09-19T05:52:02.184+00:00,2026-09-19T05:52:02.334+00:00,False,3,2.0,,2.0,299937.65961699997,300087.66972899996,300087.669779,100029.22325966666,0.02585,299937.65961699997,173125.80055269224,269958.89208649995,75.005056,106.03660153588477,0.006664719019632293,5,64,,True,False,Request timeout: 300.0s exceeded,4,56.69694568066818
195,2026-09-19T05:47:02.661+00:00,2026-09-19T05:52:02.463+00:00,2026-09-19T05:52:02.686+00:00,False,4,3.0,,3.0,299801.985764,300024.706532,300024.70637699997,75006.17659424999,0.02289,299801.985764,149863.88323508186,254851.9696541,74.240256,68.56081192789898,0.009999176516751385,5,64,,True,False,Request timeout: 300.0s exceeded,13,56.69694568066818
196,2026-09-19T05:47:03.213+00:00,2026-09-19T05:52:03.225+00:00,2026-09-19T05:52:03.225+00:00,False,1,0.0,,0.0,300012.13685799995,300012.13685799995,300012.13685799995,300012.13685799995,300012.13685799995,300012.13685799995,nan,300012.13685799995,nan,nan,0.0,5,64,,True,False,"HTTPConnectionPool(host='gpu03', port=9002): Read timed out.",0,56.69694568066818
197,2026-09-19T05:47:03.587+00:00,2026-09-19T05:52:03.692+00:00,2026-09-19T05:52:03.692+00:00,False,1,0.0,,0.0,300105.626006,300105.626006,300105.626006,300105.626006,300105.626006,300105.626006,nan,300105.626006,nan,nan,0.0,5,64,,True,False,"HTTPConnectionPool(host='gpu03', port=9002): Read timed out.",0,56.69694568066818
198,2026-09-19T05:47:04.066+00:00,2026-09-19T05:52:04.081+00:00,2026-09-19T05:52:05.052+00:00,False,11,10.0,,10.0,300014.73619599995,300986.025284,300986.02507999993,27362.365916363633,0.03662,300014.73619599995,90428.56722065197,150072.44097799997,97.12890879999999,35.236958910670076,0.03322413387985155,5,64,,True,False,Request timeout: 300.0s exceeded,28,56.69694568066818
200,2026-09-19T05:47:05.258+00:00,2026-09-19T05:52:05.280+00:00,2026-09-19T05:52:05.280+00:00,False,1,0.0,,0.0,300022.031007,300022.031007,300022.031007,300022.031007,300022.031007,300022.031007,nan,300022.031007,nan,nan,0.0,5,64,,True,False,"HTTPConnectionPool(host='gpu03', port=9002): Read timed out.",0,56.69694568066818
201,2026-09-19T05:47:05.628+00:00,2026-09-19T05:52:05.641+00:00,2026-09-19T05:52:05.641+00:00,False,1,0.0,,0.0,300013.26372600003,300013.26372600003,300013.26372600003,300013.26372600003,300013.26372600003,300013.26372600003,nan,300013.26372600003,nan,nan,0.0,5,64,,True,False,"HTTPConnectionPool(host='gpu03', port=9002): Read timed out.",0,56.69694568066818
199,2026-09-19T05:47:04.743+00:00,2026-09-19T05:52:05.790+00:00,2026-09-19T05:52:05.790+00:00,False,1,0.0,,0.0,301047.026425,301047.026425,301047.026425,301047.026425,301047.026425,301047.026425,nan,301047.026425,nan,nan,0.0,5,64,,True,False,"HTTPConnectionPool(host='gpu03', port=9002): Read timed out.",0,56.69694568066818
202,2026-09-19T05:47:06.083+00:00,2026-09-19T05:52:06.194+00:00,2026-09-19T05:52:06.194+00:00,False,1,0.0,,0.0,300111.340695,300111.340695,300111.340695,300111.340695,300111.340695,300111.340695,nan,300111.340695,nan,nan,0.0,5,64,,True,False,"HTTPConnectionPool(host='gpu03', port=9002): Read timed out.",0,56.69694568066818
203,2026-09-19T05:47:06.649+00:00,2026-09-19T05:52:06.546+00:00,2026-09-19T05:52:06.741+00:00,False,4,3.0,,3.0,299896.878899,300092.429107,300092.429169,75023.10729225,0.02271,299896.878899,149915.85490563296,254927.95151525002,65.18340266666667,56.77756796707057,0.009996919978712058,5,64,,True,False,Request timeout: 300.0s exceeded,8,56.69694568066818
204,2026-09-19T05:47:07.068+00:00,2026-09-19T05:52:06.648+00:00,2026-09-19T05:52:07.148+00:00,False,9,8.0,,8.0,299579.799291,300079.769851,300079.769973,33342.19666366667,0.06851,299579.799291,99839.10626816025,179788.50955500003,62.49632,34.7214598943318,0.026659577898144476,5,64,,True,False,Request timeout: 300.0s exceeded,24,56.69694568066818
205,2026-09-19T05:47:07.472+00:00,2026-09-19T05:52:07.567+00:00,2026-09-19T05:52:07.567+00:00,False,1,0.0,,0.0,300094.923851,300094.923851,300094.923851,300094.923851,300094.923851,300094.923851,nan,300094.923851,nan,nan,0.0,5,64,,True,False,"HTTPConnectionPool(host='gpu03', port=9002): Read timed out.",0,56.69694568066818
206,2026-09-19T05:47:08.054+00:00,2026-09-19T05:52:08.129+00:00,2026-09-19T05:52:08.129+00:00,False,1,0.0,,0.0,300074.91430400003,300074.91430400003,300074.91430400003,300074.91430400003,300074.91430400003,300074.91430400003,nan,300074.91430400003,nan,nan,0.0,5,64,,True,False,TTFT timeout: 300.0s exceeded (TTFT: 300.065s),0,56.69694568066818
207,2026-09-19T05:47:08.727+00:00,2026-09-19T05:52:08.508+00:00,2026-09-19T05:52:08.758+00:00,False,5,4.0,,4.0,299780.902282,300031.17300199997,300031.172927,60006.2345854,0.05417,299780.902282,134038.1206162457,239845.74349199998,62.56768,48.39790173490571,0.013331948010526682,5,64,,True,False,Request timeout: 300.0s exceeded,13,56.69694568066818
208,2026-09-19T05:47:09.107+00:00,2026-09-19T05:52:09.148+00:00,2026-09-19T05:52:09.148+00:00,False,1,0.0,,0.0,300040.60192000004,300040.60192000004,300040.60192000004,300040.60192000004,300040.60192000004,300040.60192000004,nan,300040.60192000004,nan,nan,0.0,5,64,,True,False,"HTTPConnectionPool(host='gpu03', port=9002): Read timed out.",0,56.69694568066818
209,2026-09-19T05:47:09.610+00:00,2026-09-19T05:52:09.600+00:00,2026-09-19T05:52:09.732+00:00,False,3,2.0,,2.0,299989.80819,300121.05299,300121.052877,100040.350959,0.02572,299989.80819,173161.32185954702,270003.9492677,65.6224,92.76752216960347,0.0066639776852530225,5,64,,True,False,Request timeout: 300.0s exceeded,3,56.69694568066818
210,2026-09-19T05:47:10.253+00:00,2026-09-19T05:52:09.996+00:00,2026-09-19T05:52:10.304+00:00,False,5,4.0,,4.0,299743.558083,300051.092931,300051.092858,60010.2185716,0.04185,299743.558083,134015.01827414788,239816.20224200003,76.883712,51.317466237690574,0.01333106292307305,5,64,,True,False,Request timeout: 300.0s exceeded,20,56.69694568066818
211,2026-09-19T05:47:10.860+00:00,2026-09-19T05:52:10.883+00:00,2026-09-19T05:52:10.883+00:00,False,1,0.0,,0.0,300022.92166000005,300022.92166000005,300022.92166000005,300022.92166000005,300022.92166000005,300022.92166000005,nan,300022.92166000005,nan,nan,0.0,5,64,,True,False,"HTTPConnectionPool(host='gpu03', port=9002): Read timed out.",0,56.69694568066818
212,2026-09-19T05:47:11.305+00:00,2026-09-19T05:52:11.360+00:00,2026-09-19T05:52:11.360+00:00,False,1,0.0,,0.0,300054.62600199995,300054.62600199995,300054.62600199995,300054.62600199995,300054.62600199995,300054.62600199995,nan,300054.62600199995,nan,nan,0.0,5,64,,True,False,TTFT timeout: 300.0s exceeded (TTFT: 300.047s),0,56.69694568066818
213,2026-09-19T05:47:11.676+00:00,2026-09-19T05:52:11.504+00:00,2026-09-19T05:52:11.732+00:00,False,4,3.0,,3.0,299828.588787,300056.870131,300056.870076,75014.217519,0.02096,299828.588787,149876.25768090738,254873.70437924995,76.09378133333333,67.61826678510135,0.009998104688255424,5,64,,True,False,Request timeout: 300.0s exceeded,7,56.69694568066818
214,2026-09-19T05:47:12.247+00:00,2026-09-19T05:52:12.368+00:00,2026-09-19T05:52:12.368+00:00,False,1,0.0,,0.0,300120.987044,300120.987044,300120.987044,300120.987044,300120.987044,300120.987044,nan,300120.987044,nan,nan,0.0,5,64,,True,False,"HTTPConnectionPool(host='gpu03', port=9002): Read timed out.",0,56.69694568066818
215,2026-09-19T05:47:12.801+00:00,2026-09-19T05:52:12.877+00:00,2026-09-19T05:52:12.877+00:00,False,1,0.0,,0.0,300076.121743,300076.121743,300076.121743,300076.121743,300076.121743,300076.121743,nan,300076.121743,nan,nan,0.0,5,64,,True,False,"HTTPConnectionPool(host='gpu03', port=9002): Read timed out.",0,56.69694568066818
216,2026-09-19T05:47:13.207+00:00,2026-09-19T05:52:13.096+00:00,2026-09-19T05:52:13.221+00:00,False,3,2.0,,2.0,299888.284199,300013.213223,300013.213162,100004.40438733333,0.037189,299888.284199,173104.52898058575,269911.94495649997,62.464512,88.2853023913097,0.006666373052420857,5,64,,True,False,Request timeout: 300.0s exceeded,8,56.69694568066818
217,2026-09-19T05:47:13.679+00:00,2026-09-19T05:52:13.354+00:00,2026-09-19T05:52:13.716+00:00,False,6,5.0,,5.0,299674.875232,300037.07990400004,300037.080092,50006.18001533334,0.0362,299674.875232,122312.18884656411,224784.91541075,72.4409344,47.05516736855408,0.01666460692658321,5,64,,True,False,Request timeout: 300.0s exceeded,16,56.69694568066818
218,2026-09-19T05:47:14.246+00:00,2026-09-19T05:52:14.368+00:00,2026-09-19T05:52:14.368+00:00,False,1,0.0,,0.0,300122.139639,300122.139639,300122.139639,300122.139639,300122.139639,300122.139639,nan,300122.139639,nan,nan,0.0,5,64,,True,False,"HTTPConnectionPool(host='gpu03', port=9002): Read timed out.",0,56.69694568066818
219,2026-09-19T05:47:14.865+00:00,2026-09-19T05:52:14.782+00:00,2026-09-19T05:52:14.914+00:00,False,3,2.0,,2.0,299916.92322399997,300049.317208,300049.31724899996,100016.43908299999,0.04212,299916.92322399997,173118.91013498334,269938.46609209996,66.196992,93.5573095325006,0.0066655709088435,5,64,,True,False,Request timeout: 300.0s exceeded,4,56.69694568066818
220,2026-09-19T05:47:15.401+00:00,2026-09-19T05:52:15.138+00:00,2026-09-19T05:52:15.450+00:00,False,5,4.0,,4.0,299737.003408,300048.44584,300048.445933,60009.6891866,0.02493,299737.003408,134011.6503983135,239812.59400379995,77.860608,52.5679677584699,0.013331180532536365,5,64,,True,False,Request timeout: 300.0s exceeded,13,56.69694568066818
221,2026-09-19T05:47:16.069+00:00,2026-09-19T05:52:16.181+00:00,2026-09-19T05:52:16.181+00:00,False,1,0.0,,0.0,300112.577471,300112.577471,300112.577471,300112.577471,300112.577471,300112.577471,nan,300112.577471,nan,nan,0.0,5,64,,True,False,"HTTPConnectionPool(host='gpu03', port=9002): Read timed out.",0,56.69694568066818
222,2026-09-19T05:47:16.519+00:00,2026-09-19T05:52:16.528+00:00,2026-09-19T05:52:16.660+00:00,False,3,2.0,,2.0,300009.127425,300141.29203300003,300141.29213,100047.09737666667,0.019989999999999997,300009.127425,173172.21041501913,270021.429154,66.082304,93.42625153324836,0.006663528321788205,5,64,,True,False,Request timeout: 300.0s exceeded,3,56.69694568066818
224,2026-09-19T05:47:17.716+00:00,2026-09-19T05:52:17.868+00:00,2026-09-19T05:52:17.868+00:00,False,1,0.0,,0.0,300152.09326999995,300152.09326999995,300152.09326999995,300152.09326999995,300152.09326999995,300152.09326999995,nan,300152.09326999995,nan,nan,0.0,5,64,,True,False,TTFT timeout: 300.0s exceeded (TTFT: 300.009s),0,56.69694568066818
223,2026-09-19T05:47:17.653+00:00,2026-09-19T05:52:17.979+00:00,2026-09-19T05:52:17.979+00:00,False,1,0.0,,0.0,300326.387389,300326.387389,300326.387389,300326.387389,300326.387389,300326.387389,nan,300326.387389,nan,nan,0.0,5,64,,True,False,"HTTPConnectionPool(host='gpu03', port=9002): Read timed out.",0,56.69694568066818
225,2026-09-19T05:47:18.155+00:00,2026-09-19T05:52:18.182+00:00,2026-09-19T05:52:18.182+00:00,False,1,0.0,,0.0,300026.4579,300026.4579,300026.4579,300026.4579,300026.4579,300026.4579,nan,300026.4579,nan,nan,0.0,5,64,,True,False,"HTTPConnectionPool(host='gpu03', port=9002): Read timed out.",0,56.69694568066818
226,2026-09-19T05:47:18.779+00:00,2026-09-19T05:52:18.887+00:00,2026-09-19T05:52:18.887+00:00,False,1,0.0,,0.0,300107.88663,300107.88663,300107.88663,300107.88663,300107.88663,300107.88663,nan,300107.88663,nan,nan,0.0,5,64,,True,False,"HTTPConnectionPool(host='gpu03', port=9002): Read timed out.",0,56.69694568066818
227,2026-09-19T05:47:19.179+00:00,2026-09-19T05:52:19.143+00:00,2026-09-19T05:52:20.485+00:00,False,16,15.0,,15.0,299964.350809,301306.52757700003,301306.52754100005,18831.657971312503,0.03261,299964.350809,74968.73736915372,75179.486602,89.47845120000001,55.6519284521161,0.04978318963291192,5,64,,True,False,Request timeout: 300.0s exceeded,74,56.69694568066818
228,2026-09-19T05:47:19.790+00:00,2026-09-19T05:52:19.394+00:00,2026-09-19T05:52:19.922+00:00,True,8,8.0,,8.0,299604.07618699997,300131.72418699996,300131.72411999997,37516.465514999996,29.353598,299604.07618699997,105899.39061579293,194778.68790014996,75.37828571428571,31.001144142901467,0.026654962988902575,5,64,,True,True,,35,56.69694568066818
229,2026-09-19T05:47:20.160+00:00,2026-09-19T05:52:21.304+00:00,2026-09-19T05:52:21.304+00:00,False,1,0.0,,0.0,301144.268942,301144.268942,301144.268942,301144.268942,301144.268942,301144.268942,nan,301144.268942,nan,nan,0.0,5,64,,True,False,"HTTPConnectionPool(host='gpu03', port=9002): Read timed out.",0,56.69694568066818
0,2026-09-19T05:45:20.773+00:00,2026-09-19T05:45:20.905+00:00,2026-09-19T05:45:28.699+00:00,True,85,85.0,,85.0,131.350946,7925.552801999999,7925.553019,93.24180022352941,29.770691,155.512128,25.075908672457746,111.7876494,92.78811733333333,24.873127855675378,10.724803950400835,6,64,,False,True,,373,56.69694568066818
1,2026-09-19T05:45:21.255+00:00,2026-09-19T05:45:21.451+00:00,2026-09-19T05:45:29.219+00:00,True,81,81.0,,81.0,195.624788,7963.7074760000005,7963.7074920000005,98.31737644444445,41.611143,195.624788,24.87213108929513,114.560733,97.1010336,22.47438053075599,10.171142052129289,6,64,,False,True,,372,56.69694568066818
2,2026-09-19T05:45:21.778+00:00,2026-09-19T05:45:23.291+00:00,2026-09-19T05:45:30.598+00:00,True,76,76.0,,76.0,1512.4748359999999,8819.763668,8819.763684,116.04952215789473,46.332921999999996,1512.4748359999999,163.49068478147416,111.60139724999999,97.43051776,19.68899713575947,8.617010938257263,6,64,,False,True,,363,56.69694568066818
3,2026-09-19T05:45:22.211+00:00,2026-09-19T05:45:26.324+00:00,2026-09-19T05:45:29.630+00:00,True,34,34.0,,34.0,4113.634397,7419.631708999999,7419.631555999999,218.22445752941175,47.121031,4113.634397,688.5417866578588,126.073529,100.18173672727274,18.472704011016077,4.582437691450111,6,64,,False,True,,169,56.69694568066818
4,2026-09-19T05:45:22.645+00:00,2026-09-19T05:45:28.231+00:00,2026-09-19T05:45:31.536+00:00,True,34,34.0,,34.0,5585.668748,8891.248524,8891.248537,261.5073099117647,47.12553,5585.668748,940.8534399060967,108.64422914999999,100.16908412121212,13.790487355620195,3.823984888986554,6,64,,False,True,,155,56.69694568066818
5,2026-09-19T05:45:23.107+00:00,2026-09-19T05:45:30.915+00:00,2026-09-19T05:45:39.391+00:00,True,85,85.0,,85.0,7808.340291,16283.995459,16283.995632,191.5764192,0.0,7808.340291,837.2784716093538,218.4854092,100.90065676190476,46.72559761148094,5.219849158888175,6,64,,False,True,,372,56.69694568066818
6,2026-09-19T05:45:23.531+00:00,2026-09-19T05:45:32.712+00:00,2026-09-19T05:45:33.163+00:00,True,6,6.0,,6.0,9180.513503,9631.807455,9631.807441,1605.3012401666667,0.0,9180.513503,3712.0339740687073,6946.51694225,90.25879040000001,94.03731095993732,0.6229360406166882,6,64,,False,True,,27,56.69694568066818
7,2026-09-19T05:45:24.056+00:00,2026-09-19T05:45:36.193+00:00,2026-09-19T05:45:44.922+00:00,True,90,90.0,,90.0,12137.487202,20866.260834,20866.260695,231.84734105555555,0.0,12137.487202,1269.8703485067033,130.82591655,98.0761082247191,45.46474490319849,4.3131829279806455,6,64,,False,True,,457,56.69694568066818
8,2026-09-19T05:45:24.440+00:00,2026-09-19T05:45:37.946+00:00,2026-09-19T05:45:44.712+00:00,True,70,70.0,,70.0,13506.031864,20272.801016,20272.801099,289.6114442714286,0.0,13506.031864,1603.1565045683128,130.99881595,98.06911814492753,44.12067598101357,3.4529022380653545,6,64,,False,True,,249,56.69694568066818
9,2026-09-19T05:45:24.923+00:00,2026-09-19T05:45:40.365+00:00,2026-09-19T05:45:46.457+00:00,True,63,63.0,,63.0,15441.028225,21533.816961,21533.81694,341.8066180952381,0.0,15441.028225,1933.6517535718033,135.336371,98.27078606451613,50.386996889908986,2.9256308862520566,6,64,,False,True,,189,56.69694568066818
10,2026-09-19T05:45:25.243+00:00,2026-09-19T05:45:42.367+00:00,2026-09-19T05:45:48.350+00:00,True,64,64.0,,64.0,17124.588902,23107.628134,23107.628123,361.056689421875,0.0,17124.588902,2129.137457429224,114.50630425000001,94.9688766984127,43.3801317432836,2.7696481711090013,6,64,,False,True,,302,56.69694568066818
11,2026-09-19T05:45:25.699+00:00,2026-09-19T05:45:44.923+00:00,2026-09-19T05:45:49.101+00:00,True,44,44.0,,44.0,19224.243461,23401.904900999998,23401.904886999997,531.8614747045455,0.0,19224.243461,2883.9266307203816,116.81441130000002,97.15491720930233,49.17546690381713,1.8801888216424558,6,64,,False,True,,172,56.69694568066818
12,2026-09-19T05:45:26.003+00:00,2026-09-19T05:45:47.024+00:00,2026-09-19T05:45:49.796+00:00,True,27,27.0,,27.0,21020.594716,23792.585756,23792.585697,881.2068776666666,0.0,21020.594716,4025.3443593471975,302.19188379999997,106.61504,61.18156463462831,1.134807299924984,6,64,,False,True,,89,56.69694568066818
13,2026-09-19T05:45:26.339+00:00,2026-09-19T05:45:48.557+00:00,2026-09-19T05:45:55.406+00:00,True,70,70.0,,70.0,22217.188078000003,29066.779886000004,29066.779989000002,415.23971412857145,0.0,22217.188078000003,2644.8967336147107,263.58731650000004,99.26944649275363,83.51757665552543,2.408247500223286,6,64,,False,True,,299,56.69694568066818
14,2026-09-19T05:45:26.735+00:00,2026-09-19T05:45:50.749+00:00,2026-09-19T05:45:56.748+00:00,True,64,64.0,,64.0,24014.561199,30013.231535,30013.231573,468.956743328125,0.0,24014.561199,2990.8878271231943,112.42767715000002,95.21698946031746,76.77072608615244,2.132392838983908,6,64,,False,True,,278,56.69694568066818
15,2026-09-19T05:45:27.210+00:00,2026-09-19T05:45:53.394+00:00,2026-09-19T05:45:54.533+00:00,True,12,12.0,,12.0,26184.621802999998,27323.387114999998,27323.387168999998,2276.94893075,0.0,26184.621802999998,7530.031641239667,12046.84277345,103.52411927272726,132.96253789476302,0.43918420324295143,6,64,,False,True,,53,56.69694568066818
16,2026-09-19T05:45:27.668+00:00,2026-09-19T05:45:55.512+00:00,2026-09-19T05:45:57.493+00:00,True,23,23.0,,23.0,27843.05688,29824.684016,29824.684002,1296.7253913913044,43.893988,27843.05688,5786.945876634834,110.19377839999999,90.07396072727273,24.35096351131833,0.7711733001986284,6,64,,False,True,,89,56.69694568066818
17,2026-09-19T05:45:28.166+00:00,2026-09-19T05:45:58.540+00:00,2026-09-19T05:46:00.810+00:00,True,25,25.0,,25.0,30373.793952,32643.87344,32643.873324,1305.75493296,0.0,30373.793952,6056.69807551794,454.16710959999995,94.58664533333332,104.0522927129811,0.7658404890568649,6,64,,False,True,,107,56.69694568066818
18,2026-09-19T05:45:28.524+00:00,2026-09-19T05:46:00.920+00:00,2026-09-19T05:46:01.598+00:00,True,8,8.0,,8.0,32395.420763000002,33073.304411000005,33073.304374,4134.16304675,46.101513,32395.420763000002,11419.29161310875,21095.2827397,96.84052114285716,22.532881968338415,0.24188692791577376,6,64,,False,True,,28,56.69694568066818
19,2026-09-19T05:45:28.903+00:00,2026-09-19T05:46:02.561+00:00,2026-09-19T05:46:05.891+00:00,True,34,34.0,,34.0,33658.72382,36988.349164,36988.349114,1087.892621,0.0,33658.72382,5755.902209433066,281.9214234,100.8977376969697,96.37962998449711,0.919208366106036,6,64,,False,True,,154,56.69694568066818
20,2026-09-19T05:45:29.358+00:00,2026-09-19T05:46:05.748+00:00,2026-09-19T05:46:08.657+00:00,True,34,34.0,,34.0,36390.012818,39298.740882000006,39298.740832,1155.8453185882354,0.0,36390.012818,6226.467322802962,274.8986775000001,88.14327466666667,98.01044482236736,0.8651676678927139,6,64,,False,True,,155,56.69694568066818
21,2026-09-19T05:45:29.868+00:00,2026-09-19T05:46:07.951+00:00,2026-09-19T05:46:10.069+00:00,True,22,22.0,,22.0,38083.096653,40201.101901,40201.101789,1827.322808590909,92.076866,38083.096653,8097.841754683259,108.27977755,100.85739276190476,4.392278015589746,0.547248681247037,6,64,,False,True,,71,56.69694568066818
22,2026-09-19T05:45:30.171+00:00,2026-09-19T05:46:09.158+00:00,2026-09-19T05:46:10.073+00:00,True,10,10.0,,10.0,38986.890586999994,39902.11055499999,39902.110625999994,3990.2110625999994,92.907574,38986.890586999994,12296.58052067235,21491.56603745,101.69110755555555,4.587508295421576,0.2506133099455045,6,64,,False,True,,45,56.69694568066818
23,2026-09-19T05:45:30.642+00:00,2026-09-19T05:46:11.442+00:00,2026-09-19T05:46:15.418+00:00,True,43,43.0,,43.0,40799.787414,44775.677846,44775.677813,1041.294832860465,0.0,40799.787414,6208.4252672723105,110.9409601,94.6640579047619,110.04609419968511,0.9603428036956312,6,64,,False,True,,211,56.69694568066818
24,2026-09-19T05:45:30.994+00:00,2026-09-19T05:46:13.474+00:00,2026-09-19T05:46:19.721+00:00,True,66,66.0,,66.0,42479.591001999994,48726.385497999996,48726.38548999999,738.278568030303,40.756945,42479.591001999994,5217.081777510198,111.88285975000001,96.1045307076923,19.323291193669792,1.3545022748036382,6,64,,False,True,,225,56.69694568066818
25,2026-09-19T05:45:31.393+00:00,2026-09-19T05:46:15.621+00:00,2026-09-19T05:46:18.024+00:00,True,26,26.0,,26.0,44228.297268,46631.783988,46631.784009,1793.5301541923077,41.653653,44228.297268,8655.052247539325,112.0744935,96.1394688,20.813483593529778,0.5575596251408849,6,64,,False,True,,127,56.69694568066818
26,2026-09-19T05:45:31.855+00:00,2026-09-19T05:46:18.338+00:00,2026-09-19T05:46:25.186+00:00,True,69,69.0,,69.0,46483.040746,53331.43217,53331.432243999996,772.919307884058,0.0,46483.040746,5585.278383915463,117.16372299999999,100.71163858823529,130.4903649020259,1.2937961197076924,6,64,,False,True,,317,56.69694568066818
27,2026-09-19T05:45:32.219+00:00,2026-09-19T05:46:20.398+00:00,2026-09-19T05:46:22.747+00:00,True,23,23.0,,23.0,48179.565904,50527.981136,50527.981094,2196.8687432173915,0.01636,48179.565904,10025.454498929132,816.5761911,106.74614690909091,182.09378933583298,0.4551933301687575,6,64,,False,True,,76,56.69694568066818
28,2026-09-19T05:45:32.636+00:00,2026-09-19T05:46:23.032+00:00,2026-09-19T05:46:25.508+00:00,True,25,25.0,,25.0,50395.678252,52871.266604,52871.266716,2114.85066864,50.043814,50395.678252,10058.514076464291,115.61472679999999,103.14951466666668,13.22346385845896,0.472846625507334,6,64,,False,True,,109,56.69694568066818
29,2026-09-19T05:45:33.123+00:00,2026-09-19T05:46:25.502+00:00,2026-09-19T05:46:31.513+00:00,True,59,59.0,,59.0,52378.476264,58389.301735999994,58389.301655999996,989.6491806101694,0.0,52378.476264,6806.337950325908,117.38626959999999,103.63492193103447,100.77960616197565,1.010459078047571,6,64,,False,True,,225,56.69694568066818
30,2026-09-19T05:45:33.508+00:00,2026-09-19T05:46:27.571+00:00,2026-09-19T05:46:34.714+00:00,True,71,71.0,,71.0,54062.521850000005,61205.419002,61205.419074000005,862.0481559718311,0.0,54062.521850000005,6404.588216479909,114.991965,102.04138788571429,92.42265662858247,1.1600280033648644,6,64,,False,True,,291,56.69694568066818
31,2026-09-19T05:45:34.031+00:00,2026-09-19T05:46:30.185+00:00,2026-09-19T05:46:33.665+00:00,True,35,35.0,,35.0,56154.473226,59633.919242,59633.919383,1703.8262680857144,50.290110999999996,56154.473226,9474.553586133408,113.8650511,102.33664752941176,16.079794160894618,0.5869143005336734,6,64,,False,True,,155,56.69694568066818
32,2026-09-19T05:45:34.348+00:00,2026-09-19T05:46:31.999+00:00,2026-09-19T05:46:37.779+00:00,True,56,56.0,,56.0,57650.846358999996,63431.062934999994,63431.062978999995,1132.6975531964285,0.0174,57650.846358999996,7690.446051265491,116.93675275,105.09484683636364,94.62192771497912,0.8828482041580343,6,64,,False,True,,250,56.69694568066818
33,2026-09-19T05:45:34.646+00:00,2026-09-19T05:46:33.659+00:00,2026-09-19T05:46:41.535+00:00,True,79,79.0,,79.0,59012.59961,66888.625466,66888.625654,846.6914639746835,0.0,59012.59961,6629.285495670365,116.57898449999999,100.97469046153846,127.4667621314113,1.181067774223531,6,64,,False,True,,343,56.69694568066818
34,2026-09-19T05:45:35.154+00:00,2026-09-19T05:46:36.769+00:00,2026-09-19T05:46:41.122+00:00,True,45,45.0,,45.0,61614.668307,65967.292435,65967.292457,1465.9398323777777,0.0,61614.668307,9171.618335122219,577.8590538,98.92327563636364,161.6630408826451,0.6821562374162948,6,64,,False,True,,180,56.69694568066818
35,2026-09-19T05:45:35.474+00:00,2026-09-19T05:46:38.460+00:00,2026-09-19T05:46:47.358+00:00,True,92,92.0,,92.0,62986.519444,71884.0045,71884.004401,781.347873923913,0.0,62986.519444,6557.232141169373,115.10348454999999,97.77456105494505,91.19757681289106,1.279839661687184,6,64,,False,True,,383,56.69694568066818
36,2026-09-19T05:45:35.797+00:00,2026-09-19T05:46:40.015+00:00,2026-09-19T05:46:44.966+00:00,True,51,51.0,,51.0,64217.658972000005,69169.16079600001,69169.160636,1356.2580516862747,45.209103999999996,64217.658972000005,8978.423611799499,112.55992599999999,99.03003648,18.9991563023088,0.737322809950143,6,64,,False,True,,220,56.69694568066818
37,2026-09-19T05:45:36.142+00:00,2026-09-19T05:46:41.740+00:00,2026-09-19T05:46:49.238+00:00,True,78,78.0,,78.0,65597.57938899999,73096.45529299999,73096.455376,937.1340432820512,47.472288,65597.57938899999,7416.459340198758,112.45625684999999,97.38799875324675,18.630310540740535,1.0670832078976282,6,64,,False,True,,334,56.69694568066818
38,2026-09-19T05:45:36.658+00:00,2026-09-19T05:46:44.448+00:00,2026-09-19T05:46:51.825+00:00,True,77,77.0,,77.0,67789.24571999999,75166.056984,75166.057003,976.1825584805193,0.0,67789.24571999999,7715.062867957759,112.7367096,97.06330610526315,113.41750349485729,1.0243985528786004,6,64,,False,True,,229,56.69694568066818
39,2026-09-19T05:45:37.109+00:00,2026-09-19T05:46:45.891+00:00,2026-09-19T05:46:51.345+00:00,True,58,58.0,,58.0,68781.305194,74236.023658,74236.023507,1279.9314397758621,0.0,68781.305194,9019.809127444238,109.97068900000001,95.69681515789473,131.85545832363078,0.781291846492234,6,64,,False,True,,269,56.69694568066818
40,2026-09-19T05:45:37.522+00:00,2026-09-19T05:46:49.185+00:00,2026-09-19T05:46:56.769+00:00,True,77,77.0,,77.0,71663.075397,79246.65632499999,79246.656374,1029.1773555064933,0.0,71663.075397,8156.71371244486,141.3923406,99.78395957894736,147.69977236058753,0.9716498281544375,6,64,,False,True,,350,56.69694568066818
41,2026-09-19T05:45:37.951+00:00,2026-09-19T05:46:51.507+00:00,2026-09-19T05:46:53.810+00:00,True,23,23.0,,23.0,73556.223089,75859.480689,75859.480815,3298.2382963043483,10.909244000000001,73556.223089,15315.752121062465,236.00534760000002,104.69352727272727,39.845078439450546,0.30319216254976433,6,64,,False,True,,108,56.69694568066818
42,2026-09-19T05:45:38.405+00:00,2026-09-19T05:46:53.327+00:00,2026-09-19T05:46:57.025+00:00,True,38,38.0,,38.0,74922.21119599999,78620.416636,78620.41668899999,2068.958333921052,0.01675,74922.21119599999,12138.366196461433,212.3641884,99.95149837837837,121.62664755473897,0.48333501176843097,6,64,,False,True,,157,56.69694568066818
43,2026-09-19T05:45:38.808+00:00,2026-09-19T05:46:56.026+00:00,2026-09-19T05:47:04.851+00:00,True,89,89.0,,89.0,77218.184433,86043.16798500001,86043.16796,966.7771680898877,0.0,77218.184433,8175.394074427302,114.23549000000001,100.283904,122.87584818631997,1.0343645182324697,6,64,,False,True,,483,56.69694568066818
44,2026-09-19T05:45:39.168+00:00,2026-09-19T05:46:57.763+00:00,2026-09-19T05:47:06.608+00:00,True,91,91.0,,91.0,78594.724667,87439.962683,87439.962558,960.8787094285715,0.0,78594.724667,8229.581265998848,113.10182499999999,98.2804224,123.60876229259661,1.0407140763532385,6,64,,False,True,,411,56.69694568066818
45,2026-09-19T05:45:39.592+00:00,2026-09-19T05:47:00.871+00:00,2026-09-19T05:47:07.791+00:00,True,72,72.0,,72.0,81278.626764,88199.150284,88199.150289,1224.9881984583333,0.0,81278.626764,9568.25824361967,114.88405965,97.47216225352113,137.02785319099516,0.8163343951518924,6,64,,False,True,,401,56.69694568066818
46,2026-09-19T05:45:39.960+00:00,2026-09-19T05:47:02.775+00:00,2026-09-19T05:47:09.153+00:00,True,68,68.0,,68.0,82814.913855,89193.133887,89193.133912,1311.6637340000002,0.0,82814.913855,10032.225995108492,112.35370355,95.19731391044776,141.77804047473035,0.7623905230883593,6,64,,False,True,,306,56.69694568066818
47,2026-09-19T05:45:40.311+00:00,2026-09-19T05:47:05.100+00:00,2026-09-19T05:47:14.695+00:00,True,100,100.0,,100.0,84789.081628,94383.922972,94383.923018,943.83923018,43.756097000000004,84789.081628,8469.236267966118,111.33701099999999,96.91758933333332,18.436399433165775,1.059502475116086,6,64,,False,True,,432,56.69694568066818
48,2026-09-19T05:45:40.731+00:00,2026-09-19T05:47:07.279+00:00,2026-09-19T05:47:17.522+00:00,True,100,100.0,,100.0,86547.524196,96790.693476,96790.693285,967.90693285,0.01726,86547.524196,8644.928563049509,111.1891394,103.46635636363636,95.55484878615735,1.0331571808068074,6,64,,False,True,,354,56.69694568066818
49,2026-09-19T05:45:41.203+00:00,2026-09-19T05:47:10.185+00:00,2026-09-19T05:47:18.673+00:00,True,88,88.0,,88.0,88981.65138699999,97469.28812299999,97469.288074,1107.6055462954544,0.01589,88981.65138699999,9475.610374016856,111.73075370000001,97.55904294252873,101.20755119661665,0.9028484940707646,6,64,,False,True,,410,56.69694568066818
50,2026-09-19T05:45:41.698+00:00,2026-09-19T05:47:12.825+00:00,2026-09-19T05:47:22.457+00:00,True,100,100.0,,100.0,91127.655125,100759.27752500001,100759.277357,1007.5927735700001,0.0,91127.655125,9104.487625827283,110.72908465,97.28911515151516,163.36815242041357,0.9924644405592167,6,64,,False,True,,95,56.69694568066818
51,2026-09-19T05:45:42.055+00:00,2026-09-19T05:47:15.086+00:00,2026-09-19T05:47:15.298+00:00,True,3,3.0,,3.0,93031.408523,93243.100043,93243.100156,31081.033385333336,103.37741700000001,93031.408523,53650.59869997927,83739.0990923,105.84576,3.490776875110754,0.032173962455307896,6,64,,False,True,,15,56.69694568066818
52,2026-09-19T05:45:42.523+00:00,2026-09-19T05:47:17.537+00:00,2026-09-19T05:47:20.412+00:00,True,21,21.0,,21.0,95013.937393,97888.241649,97888.241819,4661.34484852381,0.0,95013.937393,20704.214710364147,1333.5291210000003,143.71521280000002,282.80613983960694,0.21453036285297836,6,64,,False,True,,67,56.69694568066818
53,2026-09-19T05:45:42.944+00:00,2026-09-19T05:47:20.413+00:00,2026-09-19T05:47:20.413+00:00,True,1,1.0,,1.0,97469.100135,97469.100135,97469.100135,97469.100135,97469.100135,97469.100135,nan,97469.100135,nan,nan,0.010259661765779571,6,64,,False,True,,2,56.69694568066818
54,2026-09-19T05:45:43.392+00:00,2026-09-19T05:47:21.821+00:00,2026-09-19T05:47:31.552+00:00,True,100,100.0,,100.0,98429.094165,108159.448085,108159.447916,1081.59447916,47.443588000000005,98429.094165,9833.09754934336,112.1364305,98.28640323232322,18.254510843088266,0.9245609308343764,6,64,,False,True,,492,56.69694568066818
55,2026-09-19T05:45:43.785+00:00,2026-09-19T05:47:24.146+00:00,2026-09-19T05:47:31.249+00:00,True,73,73.0,,73.0,100360.891837,107463.601341,107463.60131700001,1472.104127630137,45.886661999999994,100360.891837,11734.821364670514,111.4165966,98.6487431111111,17.866702419374917,0.6792997730306728,6,64,,False,True,,276,56.69694568066818
56,2026-09-19T05:45:44.130+00:00,2026-09-19T05:47:26.247+00:00,2026-09-19T05:47:33.147+00:00,True,72,72.0,,72.0,102116.67962299999,109016.55418299999,109016.55413099998,1514.118807375,46.033752,102116.67962299999,12023.124698553922,109.04301664999998,97.18133183098593,16.764083235603312,0.6604501540118176,6,64,,True,True,,350,56.69694568066818
57,2026-09-19T05:45:44.497+00:00,2026-09-19T05:47:28.230+00:00,2026-09-19T05:47:31.861+00:00,True,38,38.0,,38.0,103732.29552599999,107363.46147799998,107363.46150199999,2825.3542500526314,46.64713,103732.29552599999,16811.686996196437,111.88711305000001,98.13962032432433,15.49485511556327,0.3539379177690414,6,64,,True,True,,164,56.69694568066818
58,2026-09-19T05:45:44.899+00:00,2026-09-19T05:47:30.270+00:00,2026-09-19T05:47:35.822+00:00,True,57,57.0,,57.0,105370.793802,110922.909002,110922.908918,1946.0159459298245,46.344051,105370.793802,13943.579994368269,109.51012899999998,99.14491428571428,16.398704273048107,0.5138704034436409,6,64,,True,True,,184,56.69694568066818
59,2026-09-19T05:45:45.192+00:00,2026-09-19T05:47:31.960+00:00,2026-09-19T05:47:37.914+00:00,True,61,61.0,,61.0,106767.591508,112722.09518799999,112722.095264,1847.9032010491803,44.573705000000004,106767.591508,13657.493740889251,112.50492400000002,99.241728,17.5179989831429,0.5411538873391509,6,64,,True,True,,207,56.69694568066818
60,2026-09-19T05:45:45.506+00:00,2026-09-19T05:47:33.821+00:00,2026-09-19T05:47:36.345+00:00,True,26,26.0,,26.0,108315.148955,110839.391899,110839.39184699999,4263.053532576923,46.50385,108315.148955,21222.552768782756,114.1948905,100.96971776000001,16.515595725406136,0.23457364349032103,6,64,,True,True,,123,56.69694568066818
61,2026-09-19T05:45:46.022+00:00,2026-09-19T05:47:36.447+00:00,2026-09-19T05:47:44.804+00:00,True,87,87.0,,87.0,110425.25975900001,118782.12913500001,118782.12911400001,1365.3118288965518,44.213316,110425.25975900001,11828.429114141012,110.7833853,97.17289972093023,19.949457839783786,0.7324334109310457,6,64,,True,True,,344,56.69694568066818
62,2026-09-19T05:45:46.508+00:00,2026-09-19T05:47:38.744+00:00,2026-09-19T05:47:45.419+00:00,True,69,69.0,,69.0,112235.71623100001,118910.39066300001,118910.39063700002,1723.3389947391306,46.958129,112235.71623100001,13499.788700760178,112.6370428,98.15697694117648,18.850146910966398,0.5802688866404502,6,64,,True,True,,191,56.69694568066818
63,2026-09-19T05:45:46.986+00:00,2026-09-19T05:47:41.770+00:00,2026-09-19T05:47:48.489+00:00,True,67,67.0,,67.0,114784.54537,121503.69084200001,121503.69095,1813.4879246268658,46.397691,114784.54537,14010.731959207958,111.92983720000001,101.80523442424243,12.30291386239113,0.5514235784584102,6,64,,True,True,,359,56.69694568066818
64,2026-09-19T05:45:47.476+00:00,2026-09-19T05:47:44.280+00:00,2026-09-19T05:47:45.636+00:00,True,15,15.0,,15.0,116803.759889,118159.573265,118159.57315899999,7877.304877266666,48.290347000000004,116803.759889,30133.60272197178,35122.0312136,96.84381257142857,20.639229522244616,0.12694697167159746,6,64,,True,True,,42,56.69694568066818
65,2026-09-19T05:45:47.883+00:00,2026-09-19T05:47:46.464+00:00,2026-09-19T05:47:52.886+00:00,True,65,65.0,,65.0,118581.72463,125003.079894,125003.079954,1923.1243069846153,49.350182999999994,118581.72463,14695.815381067921,111.72668720000001,100.333676,14.964946136995334,0.5199871879566379,6,64,,True,True,,319,56.69694568066818
66,2026-09-19T05:45:48.323+00:00,2026-09-19T05:47:48.797+00:00,2026-09-19T05:47:57.119+00:00,True,86,86.0,,86.0,120473.98065099999,128796.215531,128796.21562899998,1497.6304142906977,46.326531,120473.98065099999,12980.49666954085,111.11504725,97.90864564705883,16.99755326435927,0.6677214826960551,6,64,,True,True,,214,56.69694568066818
67,2026-09-19T05:45:48.669+00:00,2026-09-19T05:47:50.918+00:00,2026-09-19T05:47:52.071+00:00,True,12,12.0,,12.0,122248.95264,123402.323008,123402.32296800001,10283.526914,97.502311,122248.95264,35259.96497886862,55073.00046645001,104.85185163636363,4.339675344613311,0.09724290197699159,6,64,,True,True,,57,56.69694568066818
68,2026-09-19T05:45:49.089+00:00,2026-09-19T05:47:53.088+00:00,2026-09-19T05:47:54.660+00:00,True,17,17.0,,17.0,123999.166976,125570.968576,125570.96865699999,7386.527568058823,44.113776,123999.166976,30050.392892357602,24887.6240128,98.2376,15.074710051547216,0.13538161083555708,6,64,,True,True,,47,56.69694568066818
69,2026-09-19T05:45:49.607+00:00,2026-09-19T05:47:55.070+00:00,2026-09-19T05:48:01.303+00:00,True,64,64.0,,64.0,125463.140596,131696.16664399998,131696.166675,2057.752604296875,43.886886,125463.140596,15670.53420605879,110.4117555,98.9369213968254,16.689965296119627,0.4859670682215397,6,64,,True,True,,278,56.69694568066818
70,2026-09-19T05:45:50.039+00:00,2026-09-19T05:47:57.537+00:00,2026-09-19T05:48:04.122+00:00,True,67,67.0,,67.0,127498.074211,134082.862179,134082.86228,2001.236750447761,48.257246,127498.074211,15564.188288724976,111.52060389999998,99.76951466666667,16.09141719761479,0.499691003840262,6,64,,True,True,,294,56.69694568066818
71,2026-09-19T05:45:50.354+00:00,2026-09-19T05:47:59.636+00:00,2026-09-19T05:48:09.521+00:00,True,100,100.0,,100.0,129282.27152,139167.29808,139167.297982,1391.67297982,45.139334000000005,129282.27152,12918.253091668084,110.9538694,99.84875313131313,16.800883874867253,0.7185596140733812,6,64,,True,True,,474,56.69694568066818
72,2026-09-19T05:45:50.686+00:00,2026-09-19T05:48:01.411+00:00,2026-09-19T05:48:04.913+00:00,True,37,37.0,,37.0,130724.527756,134226.269068,134226.269012,3627.737000324324,47.187238,130724.527756,21474.997647115335,112.0166978,97.270592,19.778048640407086,0.2756539405953058,6,64,,True,True,,161,56.69694568066818
73,2026-09-19T05:45:51.197+00:00,2026-09-19T05:48:03.797+00:00,2026-09-19T05:48:08.518+00:00,True,49,49.0,,49.0,132599.627356,137321.29545200002,137321.29545200002,2802.4754173877554,48.52476600000001,132599.627356,18928.761492351936,115.5711878,98.36808533333333,19.82734136892017,0.35682739402300284,6,64,,True,True,,211,56.69694568066818
74,2026-09-19T05:45:51.543+00:00,2026-09-19T05:48:05.658+00:00,2026-09-19T05:48:09.622+00:00,True,40,40.0,,40.0,134115.353499,138079.442587,138079.44252299998,3451.986063075,50.446421,134115.353499,21189.43349886045,112.7049039,101.64330994871796,15.33145771109512,0.2896883073292907,6,64,,True,True,,206,56.69694568066818
75,2026-09-19T05:45:51.861+00:00,2026-09-19T05:48:07.398+00:00,2026-09-19T05:48:10.787+00:00,True,34,34.0,,34.0,135536.717215,138925.98364700002,138925.98386500002,4086.0583489705887,50.282051,135536.717215,23226.745599235845,113.8584925,102.70504339393939,14.070577759791249,0.24473463572078297,6,64,,True,True,,158,56.69694568066818
76,2026-09-19T05:45:52.315+00:00,2026-09-19T05:48:10.368+00:00,2026-09-19T05:48:13.667+00:00,True,34,34.0,,34.0,138053.370202,141352.05129,141352.051374,4157.413275705882,49.298753,138053.370202,23658.820238932338,113.55120315,99.96003296969697,16.500727755087624,0.24053418178024943,6,64,,True,True,,162,56.69694568066818
77,2026-09-19T05:45:52.650+00:00,2026-09-19T05:48:11.950+00:00,2026-09-19T05:48:13.249+00:00,True,14,14.0,,14.0,139299.942387,140598.74737899998,140598.74719199998,10042.767656571428,50.97524,139299.942387,37202.77683280685,48826.710038799996,99.9080763076923,14.982476234244544,0.09957414458509649,6,64,,True,True,,65,56.69694568066818
78,2026-09-19T05:45:53.156+00:00,2026-09-19T05:48:14.699+00:00,2026-09-19T05:48:15.741+00:00,True,12,12.0,,12.0,141543.558036,142585.06562,142585.065648,11882.088804,49.658643,141543.558036,40832.778510287775,63753.57871455,94.68250763636364,21.880783572350342,0.08416028668795447,6,64,,True,True,,56,56.69694568066818
79,2026-09-19T05:45:53.453+00:00,2026-09-19T05:48:16.157+00:00,2026-09-19T05:48:20.150+00:00,True,40,40.0,,40.0,142703.740619,146696.843979,146696.844074,3667.4211018499996,51.04024,142703.740619,22547.258458128028,111.9006569,102.38726564102565,14.838644699958785,0.2726711694337889,6,64,,True,True,,169,56.69694568066818
80,2026-09-19T05:45:53.947+00:00,2026-09-19T05:48:19.034+00:00,2026-09-19T05:48:24.093+00:00,True,53,53.0,,53.0,145086.845839,150146.279567,150146.279427,2832.948668433962,47.671407,145086.845839,19915.855010375908,110.003404,97.29680246153846,18.891589400620855,0.35298909938257733,6,64,,True,True,,265,56.69694568066818
81,2026-09-19T05:45:54.300+00:00,2026-09-19T05:48:21.236+00:00,2026-09-19T05:48:23.314+00:00,True,22,22.0,,22.0,146935.61004499998,149013.49062099998,149013.49063,6773.340483181817,49.785482,146935.61004499998,31305.685506707392,107.84352314999998,98.94669409523809,15.581800036953041,0.1476376394400066,6,64,,True,True,,101,56.69694568066818
82,2026-09-19T05:45:54.641+00:00,2026-09-19T05:48:22.580+00:00,2026-09-19T05:48:25.145+00:00,True,30,30.0,,30.0,147939.565514,150504.864458,150504.86429,5016.8288096666665,45.995501,147939.565514,26993.80770096268,112.45118030000002,88.45858427586207,26.147754610576477,0.1993291054613841,6,64,,True,True,,98,56.69694568066818
83,2026-09-19T05:45:55.047+00:00,2026-09-19T05:48:25.345+00:00,2026-09-19T05:48:25.618+00:00,True,4,4.0,,4.0,150298.579904,150571.643072,150571.64306,37642.910765,50.007563000000005,150298.579904,75103.78503487243,127770.74268935002,91.021056,35.54916698881952,0.026565427051143283,6,64,,True,True,,16,56.69694568066818
84,2026-09-19T05:45:55.499+00:00,2026-09-19T05:48:27.843+00:00,2026-09-19T05:48:31.130+00:00,True,35,35.0,,35.0,152344.049843,155630.94750699998,155630.94735399997,4446.598495828571,45.979831,152344.049843,25734.51167719578,113.7898014,96.67346070588235,20.715287119423607,0.22489100375377313,6,64,,True,True,,162,56.69694568066818
85,2026-09-19T05:45:55.886+00:00,2026-09-19T05:48:29.832+00:00,2026-09-19T05:48:29.832+00:00,True,1,1.0,,1.0,153946.01684999999,153946.01684999999,153946.01684999999,153946.01684999999,153946.01684999999,153946.01684999999,nan,153946.01684999999,nan,nan,0.006495783525041559,6,64,,True,True,,3,56.69694568066818
86,2026-09-19T05:45:56.199+00:00,2026-09-19T05:48:31.548+00:00,2026-09-19T05:48:34.046+00:00,True,25,25.0,,25.0,155348.50481,157846.37002600002,157846.36982400002,6313.854792960001,54.193622000000005,155348.50481,31048.887469901554,115.06310859999999,104.07771733333333,11.524523294334779,0.15838184936328956,6,64,,True,True,,117,56.69694568066818
87,2026-09-19T05:45:56.506+00:00,2026-09-19T05:48:32.774+00:00,2026-09-19T05:48:38.587+00:00,True,59,59.0,,59.0,156267.26851300002,162080.39516900002,162080.39533000003,2747.1253445762713,49.890543,156267.26851300002,20331.225060765893,113.68856789999998,100.22632165517241,18.0877124893934,0.36401688148946787,6,64,,True,True,,248,56.69694568066818
88,2026-09-19T05:45:56.825+00:00,2026-09-19T05:48:34.527+00:00,2026-09-19T05:48:35.051+00:00,True,6,6.0,,6.0,157701.755507,158226.050931,158226.05086,26371.008476666666,99.131626,157701.755507,64338.663787671365,118304.227632,104.85908479999999,6.1493593196393395,0.03792043070465374,6,64,,True,True,,17,56.69694568066818
89,2026-09-19T05:45:57.220+00:00,2026-09-19T05:48:36.910+00:00,2026-09-19T05:48:37.934+00:00,True,12,12.0,,12.0,159690.370777,160714.225369,160714.225498,13392.852124833335,47.33851799999999,159690.370777,46071.776519384126,71922.8795469,93.07769018181818,25.588400130613458,0.07466669470264994,6,64,,True,True,,33,56.69694568066818
90,2026-09-19T05:45:57.555+00:00,2026-09-19T05:48:38.797+00:00,2026-09-19T05:48:39.508+00:00,True,8,8.0,,8.0,161242.060379,161952.520795,161952.520697,20244.065087125,57.313055,161242.060379,56971.796384265755,104846.66991395,101.49434514285714,19.62061571394248,0.049397193453545714,6,64,,True,True,,38,56.69694568066818
91,2026-09-19T05:45:57.841+00:00,2026-09-19T05:48:40.356+00:00,2026-09-19T05:48:47.242+00:00,True,70,70.0,,70.0,162515.411426,169400.937442,169400.937377,2420.0133911000003,47.693578,162515.411426,19412.386230854518,112.84704245,99.79023211594203,16.03344554505778,0.41322085377459505,6,64,,True,True,,293,56.69694568066818
92,2026-09-19T05:45:58.281+00:00,2026-09-19T05:48:42.485+00:00,2026-09-19T05:48:43.003+00:00,True,6,6.0,,6.0,164204.043575,164721.400631,164721.400458,27453.566743,97.198391,164204.043575,66993.7782055407,123180.45372925,103.4714112,4.866546942097158,0.03642513952052215,6,64,,True,True,,23,56.69694568066818
93,2026-09-19T05:45:58.705+00:00,2026-09-19T05:48:44.869+00:00,2026-09-19T05:48:45.169+00:00,True,4,4.0,,4.0,166163.409615,166463.87860700002,166463.87853800002,41615.969634500005,93.114341,166163.409615,83031.6269452971,141255.34288605,100.15633066666668,8.52315320101788,0.024029237054144878,6,64,,True,True,,14,56.69694568066818
94,2026-09-19T05:45:59.189+00:00,2026-09-19T05:48:47.664+00:00,2026-09-19T05:48:54.363+00:00,True,67,67.0,,67.0,168475.677694,175174.376958,175174.376965,2614.5429397761195,46.115902,168475.677694,20570.184627779152,110.9061262,101.4954433939394,13.461979622399502,0.38247602853506363,6,64,,True,True,,342,56.69694568066818
95,2026-09-19T05:45:59.516+00:00,2026-09-19T05:48:49.062+00:00,2026-09-19T05:48:57.256+00:00,True,82,82.0,,82.0,169546.047788,177740.698924,177740.6989,2167.5694987804877,46.621970000000005,169546.047788,18712.06267826507,112.6712281,101.16853254320988,15.1740010189634,0.46134622231378936,6,64,,True,True,,396,56.69694568066818
96,2026-09-19T05:45:59.869+00:00,2026-09-19T05:48:51.266+00:00,2026-09-19T05:48:53.162+00:00,True,19,19.0,,19.0,171397.06122499998,173293.182825,173293.18294499998,9120.693839210526,96.324863,171397.06122499998,39297.01607130689,17239.4773955,105.3400888888889,3.6766976663923145,0.10964078153718912,6,64,,True,True,,92,56.69694568066818
97,2026-09-19T05:46:00.291+00:00,2026-09-19T05:48:53.265+00:00,2026-09-19T05:49:02.726+00:00,True,97,97.0,,97.0,172974.450075,182435.114651,182435.11488,1880.7743802061855,46.001612,172974.450075,17552.897301803565,110.49955880000002,98.54858933333333,17.808977211649207,0.5316958864282343,6,64,,True,True,,460,56.69694568066818
98,2026-09-19T05:46:00.796+00:00,2026-09-19T05:48:55.500+00:00,2026-09-19T05:49:05.323+00:00,True,100,100.0,,100.0,174703.89775499998,184527.59106699997,184527.591024,1845.2759102399998,47.945427,174703.89775499998,17460.47578305199,111.88950645000001,99.22922537373738,17.749011460999323,0.5419243779305127,6,64,,True,True,,352,56.69694568066818
99,2026-09-19T05:46:01.308+00:00,2026-09-19T05:48:58.890+00:00,2026-09-19T05:49:04.311+00:00,True,55,55.0,,55.0,177581.445963,183002.746699,183002.746629,3327.3226659818183,43.774987,177581.445963,23931.545026032007,112.23791800000001,100.39445807407408,15.49429387497711,0.30054193716809685,6,64,,True,True,,209,56.69694568066818
100,2026-09-19T05:46:01.618+00:00,2026-09-19T05:49:00.224+00:00,2026-09-19T05:49:08.646+00:00,True,85,85.0,,85.0,178606.093515,187027.59469899998,187027.59461099998,2200.324642482353,47.149439,178606.093515,19361.68471864151,113.22017759999999,100.25596647619048,17.91243113633853,0.45447838933499624,6,64,,True,True,,344,56.69694568066818
101,2026-09-19T05:46:01.912+00:00,2026-09-19T05:49:01.939+00:00,2026-09-19T05:49:10.461+00:00,True,85,85.0,,85.0,180026.942246,188549.268262,188549.268235,2218.226685117647,47.957166,180026.942246,19515.66630742948,112.812626,101.45626209523809,16.962043482862466,0.45081055356782207,6,64,,True,True,,394,56.69694568066818
102,2026-09-19T05:46:02.254+00:00,2026-09-19T05:49:04.416+00:00,2026-09-19T05:49:08.092+00:00,True,38,38.0,,38.0,182162.445274,185838.927322,185838.92724299998,4890.498085342105,48.077997,182162.445274,29534.538120220095,112.24158369999999,99.36437967567568,19.7141942987654,0.20447814969442887,6,64,,True,True,,169,56.69694568066818
103,2026-09-19T05:46:02.734+00:00,2026-09-19T05:49:07.128+00:00,2026-09-19T05:49:12.663+00:00,True,56,56.0,,56.0,184393.921641,189929.136745,189929.136779,3391.5917281964284,48.924405,184393.921641,24627.232159001775,114.20482824999999,100.64027461818182,18.102189881649178,0.29484680949814424,6,64,,True,True,,259,56.69694568066818
104,2026-09-19T05:46:03.072+00:00,2026-09-19T05:49:08.418+00:00,2026-09-19T05:49:11.942+00:00,True,36,36.0,,36.0,185346.466253,188869.957069,188869.957253,5246.387701472222,46.008010999999996,185346.466253,30874.304588228624,113.875132,100.67116617142858,18.540654753501116,0.19060733934962507,6,64,,True,True,,175,56.69694568066818
105,2026-09-19T05:46:03.556+00:00,2026-09-19T05:49:11.314+00:00,2026-09-19T05:49:19.399+00:00,True,82,82.0,,82.0,187758.099757,195842.365741,195842.365838,2388.321534609756,44.169556,187758.099757,20723.39941481555,113.508251,99.80575288888889,17.890966327800452,0.41870409239461687,6,64,,True,True,,355,56.69694568066818
106,2026-09-19T05:46:04.033+00:00,2026-09-19T05:49:13.501+00:00,2026-09-19T05:49:19.663+00:00,True,64,64.0,,64.0,189468.05971399997,195629.98457799997,195629.984488,3056.718507625,45.270024,189468.05971399997,23671.291016786337,113.52686879999999,97.80833117460318,21.482981130972174,0.3271482136956487,6,64,,True,True,,313,56.69694568066818
107,2026-09-19T05:46:04.417+00:00,2026-09-19T05:49:16.008+00:00,2026-09-19T05:49:21.751+00:00,True,59,59.0,,59.0,191590.58859,197333.575854,197333.575611,3344.636874762712,45.640832,191590.58859,24930.08582105174,113.9205159,99.01702179310344,18.3764554764614,0.2989861190355764,6,64,,True,True,,236,56.69694568066818
108,2026-09-19T05:46:04.834+00:00,2026-09-19T05:49:18.243+00:00,2026-09-19T05:49:19.872+00:00,True,19,19.0,,19.0,193409.178393,195038.341913,195038.341951,10265.175892157895,49.659583,193409.178393,44350.35109062194,19440.9117894,90.50908444444445,25.08642264757793,0.0974167428498508,6,64,,True,True,,84,56.69694568066818
109,2026-09-19T05:46:05.261+00:00,2026-09-19T05:49:20.272+00:00,2026-09-19T05:49:23.042+00:00,True,28,28.0,,28.0,195011.299004,197781.08102,197781.080818,7063.6100292142855,48.482726,195011.299004,36834.286535289924,113.04886850000001,102.5845191111111,11.591339418608086,0.1415706692247707,6,64,,True,True,,101,56.69694568066818
110,2026-09-19T05:46:05.683+00:00,2026-09-19T05:49:22.673+00:00,2026-09-19T05:49:25.345+00:00,True,27,27.0,,27.0,196990.763257,199662.422009,199662.42190100002,7394.904514851853,51.02702,196990.763257,37891.11785455357,116.02585979999999,102.75610584615384,15.907649327137351,0.13522825040549163,6,64,,True,True,,123,56.69694568066818
111,2026-09-19T05:46:06.029+00:00,2026-09-19T05:49:24.910+00:00,2026-09-19T05:49:31.945+00:00,True,69,69.0,,69.0,198880.441314,205915.423202,205915.423403,2984.2814985942027,48.814735,198880.441314,23929.940848432412,114.11754339999999,103.455616,13.678253818569802,0.3350890328031039,6,64,,True,True,,230,56.69694568066818
112,2026-09-19T05:46:06.540+00:00,2026-09-19T05:49:27.733+00:00,2026-09-19T05:49:29.692+00:00,True,20,20.0,,20.0,201193.344071,203152.471111,203152.471081,10157.62355405,49.325483999999996,201193.344071,44965.14491486724,10166.55495825,103.1119494736842,13.953382308421533,0.09844822408816405,6,64,,True,True,,61,56.69694568066818
114,2026-09-19T05:46:07.358+00:00,2026-09-19T05:49:30.702+00:00,2026-09-19T05:49:37.026+00:00,True,61,61.0,,61.0,203344.203382,209667.950198,209667.95023400002,3437.179512032787,46.442220999999996,203344.203382,26022.06626172424,113.570062,105.39578026666666,13.522943947829912,0.2909362157754422,6,64,,True,True,,217,56.69694568066818
113,2026-09-19T05:46:07.338+00:00,2026-09-19T05:49:32.054+00:00,2026-09-19T05:49:34.815+00:00,True,27,27.0,,27.0,204716.355064,207477.33836,207477.338278,7684.345862148149,52.047538,204716.355064,39377.245998796854,114.15410700000001,106.19166523076923,11.773685003092796,0.13013469429201713,6,64,,True,True,,88,56.69694568066818
115,2026-09-19T05:46:07.817+00:00,2026-09-19T05:49:35.033+00:00,2026-09-19T05:49:36.501+00:00,True,15,15.0,,15.0,207215.889943,208683.332631,208683.332611,13912.222174066666,48.997553999999994,207215.889943,53475.85135964193,62246.5191814,104.81733485714285,16.478300921569343,0.07187924311388798,6,64,,True,True,,57,56.69694568066818
116,2026-09-19T05:46:08.138+00:00,2026-09-19T05:49:37.235+00:00,2026-09-19T05:49:40.421+00:00,True,34,34.0,,34.0,209096.58004,212282.999752,212282.999759,6243.617639970588,44.706777,209096.58004,35843.21274183072,109.96969150000001,96.5581730909091,18.634094305991027,0.16016355544118258,6,64,,True,True,,131,56.69694568066818
117,2026-09-19T05:46:08.534+00:00,2026-09-19T05:49:39.281+00:00,2026-09-19T05:49:46.911+00:00,True,79,79.0,,79.0,210747.341576,218376.68557600002,218376.685629,2764.2618434050632,44.646257,210747.341576,23699.931535713757,111.41749099999998,97.81210256410256,19.40351512465217,0.36176022999720003,6,64,,True,True,,373,56.69694568066818
118,2026-09-19T05:46:08.982+00:00,2026-09-19T05:49:41.558+00:00,2026-09-19T05:49:48.321+00:00,True,71,71.0,,71.0,212576.055207,219338.911655,219338.911736,3089.2804469859157,44.038119,212576.055207,25216.679639047117,114.89383549999998,96.61223497142858,21.545578348791675,0.3236999740004021,6,64,,True,True,,250,56.69694568066818
119,2026-09-19T05:46:09.468+00:00,2026-09-19T05:49:44.269+00:00,2026-09-19T05:49:50.441+00:00,True,66,66.0,,66.0,214801.037697,220972.756865,220972.756817,3348.0720729848485,46.464262000000005,214801.037697,26428.50153116844,112.92265025,94.94952566153847,21.99976935823909,0.2986793527689104,6,64,,True,True,,245,56.69694568066818
120,2026-09-19T05:46:09.904+00:00,2026-09-19T05:49:46.639+00:00,2026-09-19T05:49:52.632+00:00,True,64,64.0,,64.0,216735.721635,222728.703907,222728.703885,3480.135998203125,44.385968,216735.721635,27080.081696052006,113.75629375,95.12670273015873,20.08403550399962,0.28734509238074274,6,64,,True,True,,212,56.69694568066818
121,2026-09-19T05:46:10.310+00:00,2026-09-19T05:49:48.531+00:00,2026-09-19T05:49:57.132+00:00,True,88,88.0,,88.0,218220.94110499998,226821.74084899997,226821.74074399998,2577.519781181818,46.888692000000006,218220.94110499998,23251.897435524414,110.22053149999999,98.8597671724138,15.99508367629953,0.3879698642229515,6,64,,True,True,,342,56.69694568066818
122,2026-09-19T05:46:10.748+00:00,2026-09-19T05:49:50.540+00:00,2026-09-19T05:49:56.175+00:00,True,58,58.0,,58.0,219792.42593,225427.026122,225427.025918,3886.6728606551724,45.339014999999996,219792.42593,28847.183787823145,110.7560305,98.85263494736843,15.993451523531686,0.257289469669048,6,64,,True,True,,174,56.69694568066818
123,2026-09-19T05:46:11.190+00:00,2026-09-19T05:49:52.831+00:00,2026-09-19T05:49:54.484+00:00,True,18,18.0,,18.0,221641.66711399998,223294.30634599997,223294.306249,12405.239236055555,47.83001,221641.66711399998,52218.53142311676,33339.5199772,97.21407247058823,18.43226699475905,0.08061110153032099,6,64,,True,True,,68,56.69694568066818
124,2026-09-19T05:46:11.495+00:00,2026-09-19T05:49:54.909+00:00,2026-09-19T05:50:04.529+00:00,True,97,97.0,,97.0,223414.49572900002,233034.02212900002,233034.022101,2402.4125989793815,46.677152,223414.49572900002,22674.13715083218,111.75489800000001,100.2034,16.742935886732923,0.41624823325713345,6,64,,True,True,,443,56.69694568066818
125,2026-09-19T05:46:11.944+00:00,2026-09-19T05:49:57.130+00:00,2026-09-19T05:50:00.880+00:00,True,39,39.0,,39.0,225185.678416,228935.648848,228935.64900200002,5870.1448462051285,43.774259,225185.678416,36042.77049890425,113.7371959,98.68343242105263,20.26543824081182,0.17035354780370504,6,64,,True,True,,221,56.69694568066818
126,2026-09-19T05:46:12.312+00:00,2026-09-19T05:49:59.444+00:00,2026-09-19T05:50:08.117+00:00,True,91,91.0,,91.0,227131.41821399998,235804.03389399996,235804.033966,2591.2531205054943,45.998416,227131.41821399998,23799.749931885333,113.05361949999998,96.36239644444444,21.146548567675627,0.3859136694875494,6,64,,True,True,,363,56.69694568066818
127,2026-09-19T05:46:12.682+00:00,2026-09-19T05:50:01.634+00:00,2026-09-19T05:50:08.215+00:00,True,71,71.0,,71.0,228952.399391,235532.93775900002,235532.93778900002,3317.3653209718314,47.053921,228952.399391,27160.502367593803,113.07859949999998,94.00769097142857,21.2684394759921,0.3014440386789894,6,64,,True,True,,314,56.69694568066818
128,2026-09-19T05:46:13.111+00:00,2026-09-19T05:50:04.009+00:00,2026-09-19T05:50:04.419+00:00,True,5,5.0,,5.0,230897.614894,231307.641646,231307.641661,46261.5283322,99.37742200000001,230897.614894,103214.71021420025,184739.557612,102.506688,3.7565524808409108,0.021616233533919067,6,64,,True,True,,16,56.69694568066818
129,2026-09-19T05:46:13.533+00:00,2026-09-19T05:50:06.415+00:00,2026-09-19T05:50:10.877+00:00,True,49,49.0,,49.0,232881.518719,237343.357311,237343.35732500002,4843.74198622449,45.555735,232881.518719,33255.516516354415,112.9589344,92.95497066666667,22.434297561490883,0.20645195448126,6,64,,True,True,,178,56.69694568066818
130,2026-09-19T05:46:13.875+00:00,2026-09-19T05:50:08.725+00:00,2026-09-19T05:50:10.212+00:00,True,17,17.0,,17.0,234850.22393399998,236336.81235,236336.81239099998,13902.165434764705,46.725542999999995,234850.22393399998,56937.01557913544,47056.563635599996,92.911776,22.43463980205582,0.0719312401270102,6,64,,True,True,,73,56.69694568066818
131,2026-09-19T05:46:14.266+00:00,2026-09-19T05:50:10.515+00:00,2026-09-19T05:50:19.836+00:00,True,94,94.0,,94.0,236248.59053400002,245569.928902,245569.92873200003,2612.4460503404257,46.082333,236248.59053400002,24356.85086813274,114.21086215,100.2294448172043,18.801100739040987,0.38278302404653436,6,64,,True,True,,367,56.69694568066818
132,2026-09-19T05:46:14.660+00:00,2026-09-19T05:50:12.463+00:00,2026-09-19T05:50:13.656+00:00,True,12,12.0,,12.0,237802.583698,238996.020626,238996.020621,19916.33505175,101.04234600000001,237802.583698,68616.3733645633,107074.8785218,108.49426618181819,3.987163768793798,0.050210041023145545,6,64,,True,True,,52,56.69694568066818
133,2026-09-19T05:46:15.036+00:00,2026-09-19T05:50:14.624+00:00,2026-09-19T05:50:19.943+00:00,True,56,56.0,,56.0,239588.789917,244906.883741,244906.88373,4373.3372094642855,45.912894,239588.789917,32003.485344685923,115.32995725,96.69261498181818,22.3584582277608,0.2286583339128291,6,64,,True,True,,194,56.69694568066818
134,2026-09-19T05:46:15.357+00:00,2026-09-19T05:50:16.645+00:00,2026-09-19T05:50:21.026+00:00,True,47,47.0,,47.0,241288.170361,245668.923513,245668.923464,5226.998371574468,46.597561999999996,241288.170361,35181.61245353373,113.2504204,95.23376417391304,22.127570721188764,0.19131438900741923,6,64,,True,True,,149,56.69694568066818
135,2026-09-19T05:46:15.880+00:00,2026-09-19T05:50:19.946+00:00,2026-09-19T05:50:25.864+00:00,True,62,62.0,,62.0,244066.054359,249983.478743,249983.478605,4031.991590403226,42.365653,244066.054359,30984.10436035778,108.19222970000003,97.0069571147541,16.56583792015196,0.24801639017008884,6,64,,True,True,,209,56.69694568066818
136,2026-09-19T05:46:16.221+00:00,2026-09-19T05:50:21.483+00:00,2026-09-19T05:50:23.457+00:00,True,21,21.0,,21.0,245261.944965,247236.043141,247236.04312000002,11773.14491047619,50.022225,245261.944965,53499.00635510213,108.61134,98.7049088,12.314377347230074,0.08493907171950486,6,64,,True,True,,101,56.69694568066818
137,2026-09-19T05:46:16.739+00:00,2026-09-19T05:50:23.983+00:00,2026-09-19T05:50:30.302+00:00,True,66,66.0,,66.0,247244.018377,253563.051465,253563.051476,3841.8644163030303,45.316675000000004,247244.018377,30421.674181372677,111.10180899999999,97.21589366153847,18.887382441130892,0.2602902892147524,6,64,,True,True,,310,56.69694568066818
138,2026-09-19T05:46:17.109+00:00,2026-09-19T05:50:25.859+00:00,2026-09-19T05:50:34.903+00:00,True,92,92.0,,92.0,248749.40803999998,257793.148712,257793.148677,2802.0994421413043,47.081102,248749.40803999998,25923.56199233455,111.1629644,99.38176562637364,15.73908732980957,0.35687527174269507,6,64,,True,True,,384,56.69694568066818
139,2026-09-19T05:46:17.495+00:00,2026-09-19T05:50:27.990+00:00,2026-09-19T05:50:37.275+00:00,True,92,92.0,,92.0,250495.17451100002,259780.36900700003,259780.36909000002,2823.6996640217394,48.310629,250495.17451100002,26105.292005477284,110.17256300000001,102.03510435164834,11.787339061344122,0.35414531264108323,6,64,,True,True,,423,56.69694568066818
140,2026-09-19T05:46:17.835+00:00,2026-09-19T05:50:29.569+00:00,2026-09-19T05:50:34.123+00:00,True,46,46.0,,46.0,251734.081028,256288.162564,256288.16238199998,5571.481790913043,49.603856,251734.081028,37101.24577436383,110.8816895,101.20181191111112,11.782221435706395,0.17948546487593992,6,64,,True,True,,261,56.69694568066818
141,2026-09-19T05:46:18.136+00:00,2026-09-19T05:50:31.447+00:00,2026-09-19T05:50:35.844+00:00,True,45,45.0,,45.0,253311.358213,257708.223749,257708.223609,5726.849413533333,46.299752999999995,253311.358213,37746.53430587347,111.7360306,99.92876218181819,15.332645178404203,0.17461608071859064,6,64,,True,True,,124,56.69694568066818
142,2026-09-19T05:46:18.534+00:00,2026-09-19T05:50:32.988+00:00,2026-09-19T05:50:41.137+00:00,True,83,83.0,,83.0,254454.460111,262603.019471,262603.019609,3163.8918025180724,45.198266000000004,254454.460111,27919.10412335927,112.31712599999999,99.37267512195122,18.68540424733918,0.31606643429766784,6,64,,True,True,,357,56.69694568066818
143,2026-09-19T05:46:18.927+00:00,2026-09-19T05:50:35.218+00:00,2026-09-19T05:50:37.863+00:00,True,27,27.0,,27.0,256290.992033,258935.563169,258935.563344,9590.206049777777,51.139872000000004,256290.992033,49303.65176398122,112.2269153,101.71427446153847,15.266969768543271,0.1042730464272992,6,64,,True,True,,96,56.69694568066818
144,2026-09-19T05:46:19.250+00:00,2026-09-19T05:50:37.064+00:00,2026-09-19T05:50:42.203+00:00,True,53,53.0,,53.0,257813.928796,262952.986716,262952.986673,4961.377107037736,45.272786,257813.928796,35399.897805887114,113.97957539999999,98.82803692307692,21.202486782788743,0.20155694240979347,6,64,,True,True,,239,56.69694568066818
145,2026-09-19T05:46:19.581+00:00,2026-09-19T05:50:38.846+00:00,2026-09-19T05:50:43.579+00:00,True,48,48.0,,48.0,259265.281854,263998.26387,263998.263966,5499.963832625,45.479086,259265.281854,37407.18963929715,113.15751069999999,100.7017450212766,18.786329430732827,0.18181937750786314,6,64,,True,True,,209,56.69694568066818
146,2026-09-19T05:46:19.907+00:00,2026-09-19T05:50:41.027+00:00,2026-09-19T05:50:42.624+00:00,True,17,17.0,,17.0,261119.820412,262716.426876,262716.426776,15453.907457411764,48.883678,261119.820412,63306.6593992183,52315.8767344,99.787904,18.976461325444863,0.0647085536376599,6,64,,True,True,,76,56.69694568066818
147,2026-09-19T05:46:20.267+00:00,2026-09-19T05:50:42.733+00:00,2026-09-19T05:50:51.500+00:00,True,91,91.0,,91.0,262466.478701,271233.316717,271233.31691299996,2980.585900142857,47.88564,262466.478701,27503.75732044787,111.446764,97.40931128888889,17.671607919140964,0.3355045062364067,6,64,,True,True,,351,56.69694568066818
148,2026-09-19T05:46:20.550+00:00,2026-09-19T05:50:44.105+00:00,2026-09-19T05:50:46.937+00:00,True,31,31.0,,31.0,263554.582493,266386.568925,266386.568894,8593.115125612903,48.10215,263554.582493,47318.849724758235,108.9502045,94.39954773333334,19.775804920202393,0.11637223349923441,6,64,,True,True,,95,56.69694568066818
149,2026-09-19T05:46:21.050+00:00,2026-09-19T05:50:47.036+00:00,2026-09-19T05:50:50.212+00:00,True,34,34.0,,34.0,265985.773451,269161.80673099996,269161.806733,7916.523727441176,47.761970999999996,265985.773451,45599.68245265604,113.74745375,96.24343272727273,19.99350584155689,0.1263180702081539,6,64,,True,True,,162,56.69694568066818
150,2026-09-19T05:46:21.577+00:00,2026-09-19T05:50:49.895+00:00,2026-09-19T05:50:56.018+00:00,True,64,64.0,,64.0,268318.516557,274441.646925,274441.647016,4288.150734625,47.152271,268318.516557,33527.66978888014,112.97984025,97.19254552380953,17.092239538922836,0.2332007576732334,6,64,,True,True,,225,56.69694568066818
152,2026-09-19T05:46:22.811+00:00,2026-09-19T05:50:52.768+00:00,2026-09-19T05:50:52.768+00:00,True,1,1.0,,1.0,269957.156818,269957.156818,269957.156818,269957.156818,269957.156818,269957.156818,nan,269957.156818,nan,nan,0.0037042914949433287,6,64,,True,True,,2,56.69694568066818
153,2026-09-19T05:46:22.836+00:00,2026-09-19T05:50:53.726+00:00,2026-09-19T05:50:56.224+00:00,True,26,26.0,,26.0,270889.90439,273388.142598,273388.142587,10514.928561038461,51.316482,270889.90439,53106.28540505782,111.38075425,99.92952831999999,15.246117673233838,0.09510288102813354,6,64,,True,True,,119,56.69694568066818
151,2026-09-19T05:46:22.756+00:00,2026-09-19T05:50:55.810+00:00,2026-09-19T05:50:55.913+00:00,True,2,2.0,,2.0,273053.882921,273157.179689,273157.179754,136578.589877,103.29683299999999,273053.882921,193005.21035166734,259406.35361660004,103.296768,nan,0.0073217918060110194,6,64,,True,True,,10,56.69694568066818
154,2026-09-19T05:46:23.213+00:00,2026-09-19T05:50:58.746+00:00,2026-09-19T05:51:00.302+00:00,True,17,17.0,,17.0,275533.38853600004,277088.86399200006,277088.86387700005,16299.344933941178,51.049283,275533.38853600004,66803.08620804825,55194.204962400014,97.217216,17.857356396994252,0.0613521588528755,6,64,,True,True,,51,56.69694568066818
155,2026-09-19T05:46:23.648+00:00,2026-09-19T05:51:00.920+00:00,2026-09-19T05:51:01.873+00:00,True,10,10.0,,10.0,277271.691263,278225.270015,278225.269955,27822.5269955,102.18993499999999,277271.691263,87647.50222369675,152549.0945963,105.95319466666668,3.3181667577817726,0.035942098284102185,6,64,,True,True,,41,56.69694568066818
156,2026-09-19T05:46:24.131+00:00,2026-09-19T05:51:03.513+00:00,2026-09-19T05:51:03.833+00:00,True,4,4.0,,4.0,279381.719478,279702.095542,279702.095523,69925.52388075,103.731272,279381.719478,139637.46374832274,237490.73172195,106.79202133333332,2.654727237277181,0.014300929681091217,6,64,,True,True,,14,56.69694568066818
157,2026-09-19T05:46:24.444+00:00,2026-09-19T05:51:04.793+00:00,2026-09-19T05:51:13.446+00:00,True,91,91.0,,91.0,280349.042469,289001.412133,289001.412294,3175.8396955384615,45.023635999999996,280349.042469,29378.49414636602,110.12166799999999,96.13744071111111,20.49251756674689,0.3148773541567379,6,64,,True,True,,434,56.69694568066818
158,2026-09-19T05:46:24.855+00:00,2026-09-19T05:51:07.408+00:00,2026-09-19T05:51:09.112+00:00,True,19,19.0,,19.0,282552.677257,284257.238153,284257.237936,14960.907259789474,48.564129,282552.677257,64800.30763907191,28355.8700794,94.69782755555555,20.282629565854545,0.06684086612342778,6,64,,True,True,,83,56.69694568066818
159,2026-09-19T05:46:25.331+00:00,2026-09-19T05:51:09.954+00:00,2026-09-19T05:51:10.577+00:00,True,7,7.0,,7.0,284622.178454,285245.87150999997,285245.87152299995,40749.41021757143,98.990493,284622.178454,107537.78276814999,199268.50976389996,103.94884266666668,3.6775519821817704,0.024540232477140683,6,64,,True,True,,37,56.69694568066818
160,2026-09-19T05:46:25.804+00:00,2026-09-19T05:51:12.295+00:00,2026-09-19T05:51:18.526+00:00,True,64,64.0,,64.0,286491.584402,292722.553746,292722.55361400003,4573.7899002187505,46.709773,286491.584402,35799.08943662879,111.7459115,98.9042753015873,17.933415875671976,0.21863706496470994,6,64,,True,True,,277,56.69694568066818
161,2026-09-19T05:46:26.191+00:00,2026-09-19T05:51:14.436+00:00,2026-09-19T05:51:15.100+00:00,True,8,8.0,,8.0,288244.75318,288908.123676,288908.123607,36113.515450875,50.157445,288244.75318,101876.40620398163,187396.4942749,94.76721371428572,19.880734424051692,0.027690464007068594,6,64,,True,True,,34,56.69694568066818
162,2026-09-19T05:46:26.698+00:00,2026-09-19T05:51:17.145+00:00,2026-09-19T05:51:21.150+00:00,True,41,41.0,,41.0,290447.142952,294452.30237600004,294452.302241,7181.763469292683,45.703906,290447.142952,45344.58896507654,112.701982,100.1289856,18.146575526598493,0.13924156703534676,6,64,,True,True,,185,56.69694568066818
163,2026-09-19T05:46:27.002+00:00,2026-09-19T05:51:18.632+00:00,2026-09-19T05:51:27.040+00:00,False,85,84.0,,84.0,291629.398514,300037.828338,300037.828369,3529.8568043411765,0.018760000000000002,291629.398514,31620.798410630297,114.68320299999999,100.10035504761905,20.163231113714602,0.2799646980025863,6,64,,True,False,Request timeout: 300.0s exceeded,458,56.69694568066818
164,2026-09-19T05:46:27.501+00:00,2026-09-19T05:51:21.354+00:00,2026-09-19T05:51:22.744+00:00,True,15,15.0,,15.0,293852.974567,295242.985191,295242.985168,19682.865677866666,44.645688,293852.974567,75846.87888180804,88236.63846629999,99.28647314285715,21.220134975647483,0.05080561013260358,6,64,,True,True,,61,56.69694568066818
165,2026-09-19T05:46:28.012+00:00,2026-09-19T05:51:24.651+00:00,2026-09-19T05:51:24.921+00:00,True,4,4.0,,4.0,296638.686551,296908.996183,296908.99618099997,74227.24904524999,50.979543,296638.686551,148274.29428702578,252159.9313442,90.10321066666667,34.116027728974856,0.013472141469012943,6,64,,True,True,,13,56.69694568066818
166,2026-09-19T05:46:28.399+00:00,2026-09-19T05:51:26.832+00:00,2026-09-19T05:51:28.514+00:00,False,19,18.0,,18.0,298433.498382,300115.531534,300115.53165300004,15795.554297526316,0.03614,298433.498382,68443.90793688456,29944.274193,93.44628622222223,29.351391367569093,0.05997690258813141,6,64,,True,False,Request timeout: 300.0s exceeded,65,56.69694568066818
167,2026-09-19T05:46:28.704+00:00,2026-09-19T05:51:28.196+00:00,2026-09-19T05:51:29.490+00:00,False,14,13.0,,13.0,299491.67734,300786.255516,300786.255439,21484.732531357142,0.023289999999999998,299491.67734,80015.90824658224,104898.69151900001,99.58293661538461,30.24377874106474,0.043220059964835994,6,64,,True,False,Request timeout: 300.0s exceeded,56,56.69694568066818
168,2026-09-19T05:46:29.129+00:00,2026-09-19T05:51:29.279+00:00,2026-09-19T05:51:29.603+00:00,False,5,4.0,,4.0,300150.07615100004,300473.67423100007,300473.67426900007,60094.73485380001,0.035590000000000004,300150.07615100004,134195.02351996576,240142.34630580005,80.89952,53.985964613716696,0.013312314332485762,6,64,,True,False,Request timeout: 300.0s exceeded,17,56.69694568066818
169,2026-09-19T05:46:29.572+00:00,2026-09-19T05:51:29.642+00:00,2026-09-19T05:51:29.642+00:00,False,1,0.0,,0.0,300069.947848,300069.947848,300069.947848,300069.947848,300069.947848,300069.947848,nan,300069.947848,nan,nan,0.0,6,64,,True,False,"HTTPConnectionPool(host='gpu03', port=9002): Read timed out.",0,56.69694568066818
170,2026-09-19T05:46:29.981+00:00,2026-09-19T05:51:30.006+00:00,2026-09-19T05:51:30.006+00:00,False,1,0.0,,0.0,300024.37093300006,300024.37093300006,300024.37093300006,300024.37093300006,300024.37093300006,300024.37093300006,nan,300024.37093300006,nan,nan,0.0,6,64,,True,False,"HTTPConnectionPool(host='gpu03', port=9002): Read timed out.",0,56.69694568066818
171,2026-09-19T05:46:30.371+00:00,2026-09-19T05:51:30.396+00:00,2026-09-19T05:51:30.396+00:00,False,1,0.0,,0.0,300025.03766100004,300025.03766100004,300025.03766100004,300025.03766100004,300025.03766100004,300025.03766100004,nan,300025.03766100004,nan,nan,0.0,6,64,,True,False,"HTTPConnectionPool(host='gpu03', port=9002): Read timed out.",0,56.69694568066818
172,2026-09-19T05:46:30.701+00:00,2026-09-19T05:51:30.789+00:00,2026-09-19T05:51:30.789+00:00,False,1,0.0,,0.0,300088.02570399997,300088.02570399997,300088.02570399997,300088.02570399997,300088.02570399997,300088.02570399997,nan,300088.02570399997,nan,nan,0.0,6,64,,True,False,TTFT timeout: 300.0s exceeded (TTFT: 300.080s),0,56.69694568066818
173,2026-09-19T05:46:31.071+00:00,2026-09-19T05:51:30.984+00:00,2026-09-19T05:51:31.098+00:00,False,3,2.0,,2.0,299913.329353,300027.207625,300027.207773,100009.06925766666,0.02176,299913.329353,173122.1769236776,269933.3820837,56.939136,80.4933250738889,0.0066660621076065,6,64,,True,False,Request timeout: 300.0s exceeded,7,56.69694568066818
174,2026-09-19T05:46:31.411+00:00,2026-09-19T05:51:31.098+00:00,2026-09-19T05:51:31.529+00:00,False,7,6.0,,6.0,299686.872321,300117.770241,300117.77009199996,42873.967156,0.02964,299686.872321,113243.85440987555,209816.15011169997,71.81632,45.608051235418756,0.019992151731574877,6,64,,True,False,Request timeout: 300.0s exceeded,27,56.69694568066818
175,2026-09-19T05:46:31.795+00:00,2026-09-19T05:51:31.741+00:00,2026-09-19T05:51:31.840+00:00,False,3,2.0,,2.0,299945.703987,300044.782643,300044.78268,100014.92756,0.06824,299945.703987,173145.1384515825,269961.0346336,49.539328,69.96288724170584,0.006665671645354502,6,64,,True,False,Request timeout: 300.0s exceeded,8,56.69694568066818
176,2026-09-19T05:46:32.230+00:00,2026-09-19T05:51:32.331+00:00,2026-09-19T05:51:32.331+00:00,False,1,0.0,,0.0,300101.678071,300101.678071,300101.678071,300101.678071,300101.678071,300101.678071,nan,300101.678071,nan,nan,0.0,6,64,,True,False,"HTTPConnectionPool(host='gpu03', port=9002): Read timed out.",0,56.69694568066818
177,2026-09-19T05:46:32.610+00:00,2026-09-19T05:51:32.654+00:00,2026-09-19T05:51:32.654+00:00,False,1,0.0,,0.0,300043.698483,300043.698483,300043.698483,300043.698483,300043.698483,300043.698483,nan,300043.698483,nan,nan,0.0,6,64,,True,False,"HTTPConnectionPool(host='gpu03', port=9002): Read timed out.",0,56.69694568066818
178,2026-09-19T05:46:33.039+00:00,2026-09-19T05:51:32.911+00:00,2026-09-19T05:51:33.142+00:00,False,4,3.0,,3.0,299872.379348,300102.88942799997,300102.889369,75025.72234225,0.03922,299872.379348,149897.78118020218,254909.06585810002,76.83669333333333,66.530638164414,0.009996571528244994,6,64,,True,False,Request timeout: 300.0s exceeded,7,56.69694568066818
179,2026-09-19T05:46:33.405+00:00,2026-09-19T05:51:33.446+00:00,2026-09-19T05:51:33.446+00:00,False,1,0.0,,0.0,300040.89126999996,300040.89126999996,300040.89126999996,300040.89126999996,300040.89126999996,300040.89126999996,nan,300040.89126999996,nan,nan,0.0,6,64,,True,False,"HTTPConnectionPool(host='gpu03', port=9002): Read timed out.",0,56.69694568066818
180,2026-09-19T05:46:33.701+00:00,2026-09-19T05:51:33.796+00:00,2026-09-19T05:51:33.796+00:00,False,1,0.0,,0.0,300094.882821,300094.882821,300094.882821,300094.882821,300094.882821,300094.882821,nan,300094.882821,nan,nan,0.0,6,64,,True,False,"HTTPConnectionPool(host='gpu03', port=9002): Read timed out.",0,56.69694568066818
181,2026-09-19T05:46:34.173+00:00,2026-09-19T05:51:34.139+00:00,2026-09-19T05:51:34.277+00:00,False,3,2.0,,2.0,299966.05619,300104.25420599995,300104.25429199997,100034.75143066666,0.034409,299966.05619,173145.60270766867,269983.2669403,69.099008,97.67224107808335,0.006664350711360273,6,64,,True,False,Request timeout: 300.0s exceeded,3,56.69694568066818
182,2026-09-19T05:46:34.477+00:00,2026-09-19T05:51:34.407+00:00,2026-09-19T05:51:34.549+00:00,False,3,2.0,,2.0,299929.81484899996,300071.351361,300071.35123399994,100023.78374466665,0.024239999999999998,299929.81484899996,173123.71576020954,269950.9845786,70.768256,100.04703374685424,0.006665081457889346,6,64,,True,False,Request timeout: 300.0s exceeded,5,56.69694568066818
183,2026-09-19T05:46:34.835+00:00,2026-09-19T05:51:34.658+00:00,2026-09-19T05:51:34.852+00:00,False,4,3.0,,3.0,299822.541433,300017.335929,300017.335876,75004.333969,0.026199999999999998,299822.541433,149878.81211558395,254864.83584654998,64.93149866666667,56.65887517855007,0.009999422169090786,6,64,,True,False,Request timeout: 300.0s exceeded,11,56.69694568066818
184,2026-09-19T05:46:35.142+00:00,2026-09-19T05:51:35.218+00:00,2026-09-19T05:51:35.218+00:00,False,1,0.0,,0.0,300076.040096,300076.040096,300076.040096,300076.040096,300076.040096,300076.040096,nan,300076.040096,nan,nan,0.0,6,64,,True,False,"HTTPConnectionPool(host='gpu03', port=9002): Read timed out.",0,56.69694568066818
185,2026-09-19T05:46:35.599+00:00,2026-09-19T05:51:35.614+00:00,2026-09-19T05:51:35.752+00:00,False,3,2.0,,2.0,300014.72936,300153.492368,300153.492252,100051.164084,0.04247,300014.72936,173173.54124204547,270027.1284662,69.381504,98.06016551509653,0.006663257469441406,6,64,,True,False,Request timeout: 300.0s exceeded,10,56.69694568066818
186,2026-09-19T05:46:35.902+00:00,2026-09-19T05:51:35.893+00:00,2026-09-19T05:51:36.019+00:00,False,3,2.0,,2.0,299990.88718,300116.814604,300116.814551,100038.93818366667,0.0343,299990.88718,173163.47880162773,270004.3877691,62.963712,88.99562226570995,0.006664071796973363,6,64,,True,False,Request timeout: 300.0s exceeded,3,56.69694568066818
187,2026-09-19T05:46:36.341+00:00,2026-09-19T05:51:36.150+00:00,2026-09-19T05:51:36.450+00:00,False,5,4.0,,4.0,299808.88983999996,300109.25694399996,300109.25677,60021.85135399999,0.02471,299808.88983999996,134045.03658911484,239867.67101079997,75.091776,50.18078468849642,0.013328479236968005,6,64,,True,False,Request timeout: 300.0s exceeded,21,56.69694568066818
188,2026-09-19T05:46:36.756+00:00,2026-09-19T05:51:36.872+00:00,2026-09-19T05:51:36.872+00:00,False,1,0.0,,0.0,300115.300208,300115.300208,300115.300208,300115.300208,300115.300208,300115.300208,nan,300115.300208,nan,nan,0.0,6,64,,True,False,"HTTPConnectionPool(host='gpu03', port=9002): Read timed out.",0,56.69694568066818
189,2026-09-19T05:46:37.686+00:00,2026-09-19T05:51:37.186+00:00,2026-09-19T05:51:37.894+00:00,False,8,7.0,,7.0,299499.82525700005,300207.61380100006,300207.613773,37525.951721625,0.07326,299499.82525700005,105853.43877871193,194725.16785455003,101.11264914285715,46.60924905796261,0.023317196760506285,6,64,,True,False,Request timeout: 300.0s exceeded,35,56.69694568066818
190,2026-09-19T05:46:37.731+00:00,2026-09-19T05:51:37.186+00:00,2026-09-19T05:51:37.788+00:00,True,6,6.0,,6.0,299454.998892,300056.469356,300056.469432,50009.411572,108.083152,299454.998892,122202.88229467058,224627.29947650002,120.2940928,15.536371249769852,0.019996236084752896,6,64,,True,True,,21,56.69694568066818
191,2026-09-19T05:46:38.152+00:00,2026-09-19T05:51:38.166+00:00,2026-09-19T05:51:38.166+00:00,False,1,0.0,,0.0,300014.359971,300014.359971,300014.359971,300014.359971,300014.359971,300014.359971,nan,300014.359971,nan,nan,0.0,6,64,,True,False,"HTTPConnectionPool(host='gpu03', port=9002): Read timed out.",0,56.69694568066818
192,2026-09-19T05:46:38.654+00:00,2026-09-19T05:51:39.031+00:00,2026-09-19T05:51:39.480+00:00,False,6,5.0,,5.0,300377.106483,300825.316659,300825.316675,50137.55277916666,0.02944,300377.106483,122591.86186391734,225329.59211,89.64203520000001,73.9777628009822,0.016620941533546995,6,64,,True,False,Request timeout: 300.0s exceeded,27,56.69694568066818
193,2026-09-19T05:46:38.996+00:00,2026-09-19T05:51:39.357+00:00,2026-09-19T05:51:39.524+00:00,False,5,4.0,,4.0,300361.236296,300528.31956000003,300528.319563,60105.6639126,0.02422,300361.236296,134306.95031899083,240302.2157584,41.770816,29.09379093315264,0.013309893742647457,6,64,,True,False,Request timeout: 300.0s exceeded,17,56.69694568066818
194,2026-09-19T05:46:39.382+00:00,2026-09-19T05:51:39.360+00:00,2026-09-19T05:51:39.685+00:00,False,7,6.0,,6.0,299977.841176,300302.784024,300302.78393100004,42900.39770442857,0.03824,299977.841176,113360.50150088647,210016.4930797,54.157141333333335,34.26672562973658,0.019979834750784343,6,64,,True,False,Request timeout: 300.0s exceeded,27,56.69694568066818
195,2026-09-19T05:46:39.672+00:00,2026-09-19T05:51:39.737+00:00,2026-09-19T05:51:39.737+00:00,False,1,0.0,,0.0,300065.799859,300065.799859,300065.799859,300065.799859,300065.799859,300065.799859,nan,300065.799859,nan,nan,0.0,6,64,,True,False,"HTTPConnectionPool(host='gpu03', port=9002): Read timed out.",0,56.69694568066818
196,2026-09-19T05:46:40.123+00:00,2026-09-19T05:51:40.276+00:00,2026-09-19T05:51:40.276+00:00,False,1,0.0,,0.0,300153.67010000005,300153.67010000005,300153.67010000005,300153.67010000005,300153.67010000005,300153.67010000005,nan,300153.67010000005,nan,nan,0.0,6,64,,True,False,"HTTPConnectionPool(host='gpu03', port=9002): Read timed out.",0,56.69694568066818
197,2026-09-19T05:46:40.446+00:00,2026-09-19T05:51:40.555+00:00,2026-09-19T05:51:40.555+00:00,False,1,0.0,,0.0,300109.734747,300109.734747,300109.734747,300109.734747,300109.734747,300109.734747,nan,300109.734747,nan,nan,0.0,6,64,,True,False,"HTTPConnectionPool(host='gpu03', port=9002): Read timed out.",0,56.69694568066818
198,2026-09-19T05:46:40.923+00:00,2026-09-19T05:51:40.953+00:00,2026-09-19T05:51:40.953+00:00,False,1,0.0,,0.0,300030.127654,300030.127654,300030.127654,300030.127654,300030.127654,300030.127654,nan,300030.127654,nan,nan,0.0,6,64,,True,False,TTFT timeout: 300.0s exceeded (TTFT: 300.024s),0,56.69694568066818
199,2026-09-19T05:46:41.317+00:00,2026-09-19T05:51:41.081+00:00,2026-09-19T05:51:41.421+00:00,False,6,5.0,,5.0,299764.300194,300104.100514,300104.100674,50017.35011233333,0.023280000000000002,299764.300194,122350.52473874424,224848.59694475,67.960064,43.67237250589182,0.01666088531091813,6,64,,True,False,Request timeout: 300.0s exceeded,12,56.69694568066818
200,2026-09-19T05:46:41.743+00:00,2026-09-19T05:51:41.519+00:00,2026-09-19T05:51:41.821+00:00,False,5,4.0,,4.0,299775.490751,300077.212095,300077.212168,60015.4424336,0.046740000000000004,299775.490751,134029.94866672633,239841.15817900002,75.430336,50.32210237492516,0.01332990256765535,6,64,,True,False,Request timeout: 300.0s exceeded,7,56.69694568066818
201,2026-09-19T05:46:42.181+00:00,2026-09-19T05:51:42.285+00:00,2026-09-19T05:51:42.285+00:00,False,1,0.0,,0.0,300104.609087,300104.609087,300104.609087,300104.609087,300104.609087,300104.609087,nan,300104.609087,nan,nan,0.0,6,64,,True,False,"HTTPConnectionPool(host='gpu03', port=9002): Read timed out.",0,56.69694568066818
202,2026-09-19T05:46:42.699+00:00,2026-09-19T05:51:42.683+00:00,2026-09-19T05:51:42.817+00:00,False,3,2.0,,2.0,299983.573091,300117.63209900004,300117.631944,100039.21064800001,0.03732,299983.573091,173156.9101782994,269998.61793520005,67.029504,94.74117598983437,0.006664053644606454,6,64,,True,False,Request timeout: 300.0s exceeded,3,56.69694568066818
203,2026-09-19T05:46:43.037+00:00,2026-09-19T05:51:42.818+00:00,2026-09-19T05:51:43.139+00:00,False,5,4.0,,4.0,299780.99111400003,300101.70535400003,300101.70548700006,60020.34109740001,0.02159,299780.99111400003,134030.2859638716,239847.11696800005,80.17856,53.54674402382725,0.013328814627299766,6,64,,True,False,Request timeout: 300.0s exceeded,19,56.69694568066818
204,2026-09-19T05:46:43.483+00:00,2026-09-19T05:51:43.558+00:00,2026-09-19T05:51:43.558+00:00,False,1,0.0,,0.0,300074.961831,300074.961831,300074.961831,300074.961831,300074.961831,300074.961831,nan,300074.961831,nan,nan,0.0,6,64,,True,False,"HTTPConnectionPool(host='gpu03', port=9002): Read timed out.",0,56.69694568066818
205,2026-09-19T05:46:43.805+00:00,2026-09-19T05:51:43.838+00:00,2026-09-19T05:51:43.838+00:00,False,1,0.0,,0.0,300032.63555400004,300032.63555400004,300032.63555400004,300032.63555400004,300032.63555400004,300032.63555400004,nan,300032.63555400004,nan,nan,0.0,6,64,,True,False,"HTTPConnectionPool(host='gpu03', port=9002): Read timed out.",0,56.69694568066818
206,2026-09-19T05:46:44.120+00:00,2026-09-19T05:51:44.180+00:00,2026-09-19T05:51:44.180+00:00,False,1,0.0,,0.0,300060.429588,300060.429588,300060.429588,300060.429588,300060.429588,300060.429588,nan,300060.429588,nan,nan,0.0,6,64,,True,False,"HTTPConnectionPool(host='gpu03', port=9002): Read timed out.",0,56.69694568066818
207,2026-09-19T05:46:44.455+00:00,2026-09-19T05:51:44.349+00:00,2026-09-19T05:51:44.479+00:00,False,3,2.0,,2.0,299893.99774699996,300024.05240299995,300024.052338,100008.01744599998,0.06747,299893.99774699996,173106.34898942252,269917.5966844,65.027328,91.86695097308429,0.00666613221167198,6,64,,True,False,Request timeout: 300.0s exceeded,3,56.69694568066818
208,2026-09-19T05:46:44.761+00:00,2026-09-19T05:51:44.480+00:00,2026-09-19T05:51:44.839+00:00,False,5,4.0,,4.0,299718.946814,300078.22540600004,300078.225609,60015.64512180001,0.066589,299718.946814,133998.23057903163,239805.06415860006,89.819648,63.61488126123481,0.013329857554936141,6,64,,True,False,Request timeout: 300.0s exceeded,26,56.69694568066818
209,2026-09-19T05:46:45.061+00:00,2026-09-19T05:51:44.737+00:00,2026-09-19T05:51:45.098+00:00,False,6,5.0,,5.0,299675.784228,300036.754212,300036.754089,50006.125681499994,0.03465,299675.784228,122312.66077763929,224783.46656225,72.1939968,47.04801861387342,0.016664625016130856,6,64,,True,False,Request timeout: 300.0s exceeded,22,56.69694568066818
210,2026-09-19T05:46:45.522+00:00,2026-09-19T05:51:45.631+00:00,2026-09-19T05:51:45.631+00:00,False,1,0.0,,0.0,300108.459179,300108.459179,300108.459179,300108.459179,300108.459179,300108.459179,nan,300108.459179,nan,nan,0.0,6,64,,True,False,"HTTPConnectionPool(host='gpu03', port=9002): Read timed out.",0,56.69694568066818
211,2026-09-19T05:46:45.836+00:00,2026-09-19T05:51:45.866+00:00,2026-09-19T05:51:45.866+00:00,False,1,0.0,,0.0,300030.013025,300030.013025,300030.013025,300030.013025,300030.013025,300030.013025,nan,300030.013025,nan,nan,0.0,6,64,,True,False,TTFT timeout: 300.0s exceeded (TTFT: 300.022s),0,56.69694568066818
212,2026-09-19T05:46:46.245+00:00,2026-09-19T05:51:46.170+00:00,2026-09-19T05:51:46.286+00:00,False,3,2.0,,2.0,299925.068966,300041.764006,300041.764158,100013.921386,0.02945,299925.068966,173128.14212620244,269944.22864359996,58.34752,82.47421966755914,0.0066657387068288455,6,64,,True,False,Request timeout: 300.0s exceeded,4,56.69694568066818
213,2026-09-19T05:46:46.737+00:00,2026-09-19T05:51:46.390+00:00,2026-09-19T05:51:46.787+00:00,False,6,5.0,,5.0,299652.593047,300049.791127,300049.791154,50008.298525666665,0.04138,299652.593047,122300.23422889416,224765.49794525,79.439616,44.49095016564227,0.016663900951971285,6,64,,True,False,Request timeout: 300.0s exceeded,24,56.69694568066818
214,2026-09-19T05:46:47.237+00:00,2026-09-19T05:51:47.323+00:00,2026-09-19T05:51:47.323+00:00,False,1,0.0,,0.0,300085.56215899996,300085.56215899996,300085.56215899996,300085.56215899996,300085.56215899996,300085.56215899996,nan,300085.56215899996,nan,nan,0.0,6,64,,True,False,"HTTPConnectionPool(host='gpu03', port=9002): Read timed out.",0,56.69694568066818
215,2026-09-19T05:46:47.646+00:00,2026-09-19T05:51:47.678+00:00,2026-09-19T05:51:47.678+00:00,False,1,0.0,,0.0,300032.027392,300032.027392,300032.027392,300032.027392,300032.027392,300032.027392,nan,300032.027392,nan,nan,0.0,6,64,,True,False,TTFT timeout: 300.0s exceeded (TTFT: 300.026s),0,56.69694568066818
216,2026-09-19T05:46:48.159+00:00,2026-09-19T05:51:48.068+00:00,2026-09-19T05:51:48.262+00:00,False,4,3.0,,3.0,299909.746259,300103.88565099996,300103.88542299997,75025.97135574999,0.02503,299909.746259,149922.52358282747,254938.01188024998,64.71313066666666,56.03281371989229,0.009996538343688065,6,64,,True,False,Request timeout: 300.0s exceeded,9,56.69694568066818
217,2026-09-19T05:46:48.571+00:00,2026-09-19T05:51:48.691+00:00,2026-09-19T05:51:48.691+00:00,False,1,0.0,,0.0,300119.763217,300119.763217,300119.763217,300119.763217,300119.763217,300119.763217,nan,300119.763217,nan,nan,0.0,6,64,,True,False,"HTTPConnectionPool(host='gpu03', port=9002): Read timed out.",0,56.69694568066818
218,2026-09-19T05:46:49.018+00:00,2026-09-19T05:51:49.110+00:00,2026-09-19T05:51:49.110+00:00,False,1,0.0,,0.0,300092.195007,300092.195007,300092.195007,300092.195007,300092.195007,300092.195007,nan,300092.195007,nan,nan,0.0,6,64,,True,False,TTFT timeout: 300.0s exceeded (TTFT: 300.078s),0,56.69694568066818
219,2026-09-19T05:46:49.329+00:00,2026-09-19T05:51:49.391+00:00,2026-09-19T05:51:49.391+00:00,False,1,0.0,,0.0,300061.781969,300061.781969,300061.781969,300061.781969,300061.781969,300061.781969,nan,300061.781969,nan,nan,0.0,6,64,,True,False,TTFT timeout: 300.0s exceeded (TTFT: 300.050s),0,56.69694568066818
220,2026-09-19T05:46:49.807+00:00,2026-09-19T05:51:49.654+00:00,2026-09-19T05:51:49.864+00:00,False,4,3.0,,3.0,299847.257133,300056.995117,300056.995087,75014.24877175,0.0181,299847.257133,149888.68053752114,254887.12354335,69.91266133333333,61.07972117698316,0.009998100523636259,6,64,,True,False,Request timeout: 300.0s exceeded,11,56.69694568066818
221,2026-09-19T05:46:50.168+00:00,2026-09-19T05:51:50.264+00:00,2026-09-19T05:51:50.264+00:00,False,1,0.0,,0.0,300095.796341,300095.796341,300095.796341,300095.796341,300095.796341,300095.796341,nan,300095.796341,nan,nan,0.0,6,64,,True,False,"HTTPConnectionPool(host='gpu03', port=9002): Read timed out.",0,56.69694568066818
222,2026-09-19T05:46:50.590+00:00,2026-09-19T05:51:50.754+00:00,2026-09-19T05:51:51.466+00:00,False,8,7.0,,7.0,300164.385876,300875.99906,300875.99904699996,37609.499880874995,0.0249,300164.385876,106088.2034945667,195156.97651985,101.65902628571429,47.26706363426129,0.023265398442778668,6,64,,True,False,Request timeout: 300.0s exceeded,29,56.69694568066818
223,2026-09-19T05:46:50.885+00:00,2026-09-19T05:51:51.109+00:00,2026-09-19T05:51:51.567+00:00,False,6,5.0,,5.0,300224.074177,300681.98368099995,300681.98355099995,50113.663925166664,0.023059999999999997,300224.074177,122528.58666018225,225204.96613199997,91.5819008,54.69259345592969,0.016628864618987643,6,64,,True,False,Request timeout: 300.0s exceeded,16,56.69694568066818
224,2026-09-19T05:46:51.368+00:00,2026-09-19T05:51:51.635+00:00,2026-09-19T05:51:51.635+00:00,False,1,0.0,,0.0,300266.998297,300266.998297,300266.998297,300266.998297,300266.998297,300266.998297,nan,300266.998297,nan,nan,0.0,6,64,,True,False,"HTTPConnectionPool(host='gpu03', port=9002): Read timed out.",0,56.69694568066818
225,2026-09-19T05:46:51.876+00:00,2026-09-19T05:51:51.902+00:00,2026-09-19T05:51:51.902+00:00,False,1,0.0,,0.0,300025.884723,300025.884723,300025.884723,300025.884723,300025.884723,300025.884723,nan,300025.884723,nan,nan,0.0,6,64,,True,False,"HTTPConnectionPool(host='gpu03', port=9002): Read timed out.",0,56.69694568066818
226,2026-09-19T05:46:52.170+00:00,2026-09-19T05:51:52.226+00:00,2026-09-19T05:51:52.226+00:00,False,1,0.0,,0.0,300056.057866,300056.057866,300056.057866,300056.057866,300056.057866,300056.057866,nan,300056.057866,nan,nan,0.0,6,64,,True,False,"HTTPConnectionPool(host='gpu03', port=9002): Read timed out.",0,56.69694568066818
227,2026-09-19T05:46:52.505+00:00,2026-09-19T05:51:52.613+00:00,2026-09-19T05:51:52.613+00:00,False,1,0.0,,0.0,300108.237281,300108.237281,300108.237281,300108.237281,300108.237281,300108.237281,nan,300108.237281,nan,nan,0.0,6,64,,True,False,"HTTPConnectionPool(host='gpu03', port=9002): Read timed out.",0,56.69694568066818
228,2026-09-19T05:46:52.989+00:00,2026-09-19T05:51:52.991+00:00,2026-09-19T05:51:53.070+00:00,False,3,2.0,,2.0,300002.15223799995,300080.84151799994,300080.84134499996,100026.94711499999,0.024399999999999998,300002.15223799995,173183.61222720786,270009.8034849,39.34464,55.60696778217809,0.0066648706724585505,6,64,,True,False,Request timeout: 300.0s exceeded,3,56.69694568066818
229,2026-09-19T05:46:53.465+00:00,2026-09-19T05:51:53.069+00:00,2026-09-19T05:51:53.577+00:00,False,7,6.0,,6.0,299603.59728399996,300111.08451599994,300111.08454699995,42873.01207814285,0.05044,299603.59728399996,113207.55341143554,209753.63352729994,84.58120533333333,41.52008678745417,0.019992597106756046,6,64,,True,False,Request timeout: 300.0s exceeded,25,56.69694568066818
230,2026-09-19T05:46:53.797+00:00,2026-09-19T05:51:53.833+00:00,2026-09-19T05:51:53.833+00:00,False,1,0.0,,0.0,300036.633963,300036.633963,300036.633963,300036.633963,300036.633963,300036.633963,nan,300036.633963,nan,nan,0.0,6,64,,True,False,TTFT timeout: 300.0s exceeded (TTFT: 300.014s),0,56.69694568066818
231,2026-09-19T05:46:54.222+00:00,2026-09-19T05:51:54.286+00:00,2026-09-19T05:51:54.286+00:00,False,1,0.0,,0.0,300063.50107,300063.50107,300063.50107,300063.50107,300063.50107,300063.50107,nan,300063.50107,nan,nan,0.0,6,64,,True,False,TTFT timeout: 300.0s exceeded (TTFT: 300.058s),0,56.69694568066818
232,2026-09-19T05:46:54.637+00:00,2026-09-19T05:51:54.643+00:00,2026-09-19T05:51:54.777+00:00,False,3,2.0,,2.0,300005.949337,300140.692633,300140.692645,100046.89754833335,0.039549999999999995,300005.949337,173169.63165572434,270018.8247791,67.371648,95.22178232687125,0.006663541629276906,6,64,,True,False,Request timeout: 300.0s exceeded,3,56.69694568066818
233,2026-09-19T05:46:55.643+00:00,2026-09-19T05:51:54.777+00:00,2026-09-19T05:51:55.807+00:00,False,12,11.0,,11.0,299134.601645,300164.067245,300164.067216,25013.672268,0.04417,299134.601645,86325.71240771047,134682.3441502,93.58778181818181,37.692153557199354,0.036646624964012026,6,64,,True,False,Request timeout: 300.0s exceeded,46,56.69694568066818
234,2026-09-19T05:46:55.648+00:00,2026-09-19T05:51:55.120+00:00,2026-09-19T05:51:55.925+00:00,False,10,9.0,,9.0,299471.74745599995,300277.48006399994,300277.479977,30027.747997699997,0.0232,299471.74745599995,94672.97846315386,164763.51696155,89.52584533333332,39.52793690504254,0.02997227763494544,6,64,,True,False,Request timeout: 300.0s exceeded,38,56.69694568066818
235,2026-09-19T05:46:55.708+00:00,2026-09-19T05:51:55.270+00:00,2026-09-19T05:51:55.925+00:00,False,8,7.0,,7.0,299561.77462800004,300216.57091600006,300216.57105900004,37527.071382375005,0.04038,299561.77462800004,105878.01601446843,194756.93169815,93.54232685714285,41.93035202458818,0.023316501080010616,6,64,,True,False,Request timeout: 300.0s exceeded,40,56.69694568066818
236,2026-09-19T05:46:55.979+00:00,2026-09-19T05:51:56.112+00:00,2026-09-19T05:51:56.112+00:00,False,1,0.0,,0.0,300133.290824,300133.290824,300133.290824,300133.290824,300133.290824,300133.290824,nan,300133.290824,nan,nan,0.0,6,64,,True,False,"HTTPConnectionPool(host='gpu03', port=9002): Read timed out.",0,56.69694568066818
237,2026-09-19T05:46:56.350+00:00,2026-09-19T05:51:56.361+00:00,2026-09-19T05:51:56.361+00:00,False,1,0.0,,0.0,300011.121954,300011.121954,300011.121954,300011.121954,300011.121954,300011.121954,nan,300011.121954,nan,nan,0.0,6,64,,True,False,"HTTPConnectionPool(host='gpu03', port=9002): Read timed out.",0,56.69694568066818
238,2026-09-19T05:46:56.782+00:00,2026-09-19T05:51:56.871+00:00,2026-09-19T05:51:56.871+00:00,False,1,0.0,,0.0,300089.008964,300089.008964,300089.008964,300089.008964,300089.008964,300089.008964,nan,300089.008964,nan,nan,0.0,6,64,,True,False,"HTTPConnectionPool(host='gpu03', port=9002): Read timed out.",0,56.69694568066818
239,2026-09-19T05:46:57.140+00:00,2026-09-19T05:51:57.257+00:00,2026-09-19T05:51:57.257+00:00,False,1,0.0,,0.0,300117.902133,300117.902133,300117.902133,300117.902133,300117.902133,300117.902133,nan,300117.902133,nan,nan,0.0,6,64,,True,False,"HTTPConnectionPool(host='gpu03', port=9002): Read timed out.",0,56.69694568066818
240,2026-09-19T05:46:57.527+00:00,2026-09-19T05:51:57.292+00:00,2026-09-19T05:51:57.609+00:00,False,5,4.0,,4.0,299764.511408,300081.755056,300081.754878,60016.350975600006,0.03781,299764.511408,134023.3041092542,239835.389096,79.310912,53.66265948965834,0.013329700765224918,6,64,,True,False,Request timeout: 300.0s exceeded,13,56.69694568066818
241,2026-09-19T05:46:57.853+00:00,2026-09-19T05:51:57.408+00:00,2026-09-19T05:51:57.913+00:00,False,7,6.0,,6.0,299554.326778,300059.91525799996,300059.91526499996,42865.70218071428,0.03865,299554.326778,113189.0504949245,209719.99487199998,84.26474666666667,41.427197855790666,0.019996006447049186,6,64,,True,False,Request timeout: 300.0s exceeded,18,56.69694568066818
242,2026-09-19T05:46:58.289+00:00,2026-09-19T05:51:58.332+00:00,2026-09-19T05:51:58.332+00:00,False,1,0.0,,0.0,300042.96003899997,300042.96003899997,300042.96003899997,300042.96003899997,300042.96003899997,300042.96003899997,nan,300042.96003899997,nan,nan,0.0,6,64,,True,False,"HTTPConnectionPool(host='gpu03', port=9002): Read timed out.",0,56.69694568066818
243,2026-09-19T05:46:58.614+00:00,2026-09-19T05:51:58.722+00:00,2026-09-19T05:51:58.722+00:00,False,1,0.0,,0.0,300108.105652,300108.105652,300108.105652,300108.105652,300108.105652,300108.105652,nan,300108.105652,nan,nan,0.0,6,64,,True,False,"HTTPConnectionPool(host='gpu03', port=9002): Read timed out.",0,56.69694568066818
244,2026-09-19T05:46:59.070+00:00,2026-09-19T05:51:59.077+00:00,2026-09-19T05:51:59.077+00:00,False,1,0.0,,0.0,300007.239579,300007.239579,300007.239579,300007.239579,300007.239579,300007.239579,nan,300007.239579,nan,nan,0.0,6,64,,True,False,TTFT timeout: 300.0s exceeded (TTFT: 300.002s),0,56.69694568066818
245,2026-09-19T05:46:59.450+00:00,2026-09-19T05:51:59.311+00:00,2026-09-19T05:51:59.523+00:00,False,4,3.0,,3.0,299860.533897,300073.372553,300073.372615,75018.34315375,0.05735,299860.533897,149894.80231280954,254898.43181625,70.94621866666667,61.76656639968744,0.009997554846257242,6,64,,True,False,Request timeout: 300.0s exceeded,18,56.69694568066818
246,2026-09-19T05:46:59.967+00:00,2026-09-19T05:52:00.062+00:00,2026-09-19T05:52:00.062+00:00,False,1,0.0,,0.0,300095.154534,300095.154534,300095.154534,300095.154534,300095.154534,300095.154534,nan,300095.154534,nan,nan,0.0,6,64,,True,False,"HTTPConnectionPool(host='gpu03', port=9002): Read timed out.",0,56.69694568066818
247,2026-09-19T05:47:00.470+00:00,2026-09-19T05:52:00.542+00:00,2026-09-19T05:52:00.542+00:00,False,1,0.0,,0.0,300072.232763,300072.232763,300072.232763,300072.232763,300072.232763,300072.232763,nan,300072.232763,nan,nan,0.0,6,64,,True,False,"HTTPConnectionPool(host='gpu03', port=9002): Read timed out.",0,56.69694568066818
248,2026-09-19T05:47:00.901+00:00,2026-09-19T05:52:00.801+00:00,2026-09-19T05:52:00.911+00:00,False,3,2.0,,2.0,299900.033089,300010.646081,300010.646087,100003.54869566666,0.02139,299900.033089,173115.4424395868,269921.0889409,55.306496,78.18478548208806,0.006666430095484076,6,64,,True,False,Request timeout: 300.0s exceeded,4,56.69694568066818
249,2026-09-19T05:47:01.286+00:00,2026-09-19T05:52:01.131+00:00,2026-09-19T05:52:01.329+00:00,False,5,4.0,,4.0,299844.422883,300042.813923,300042.813955,60008.562791,0.025629000000000002,299844.422883,134072.32818274625,239898.512606,49.59776,48.32112953491978,0.013331430763832659,6,64,,True,False,Request timeout: 300.0s exceeded,11,56.69694568066818
250,2026-09-19T05:47:01.791+00:00,2026-09-19T05:52:01.820+00:00,2026-09-19T05:52:01.820+00:00,False,1,0.0,,0.0,300028.94361400005,300028.94361400005,300028.94361400005,300028.94361400005,300028.94361400005,300028.94361400005,nan,300028.94361400005,nan,nan,0.0,6,64,,True,False,"HTTPConnectionPool(host='gpu03', port=9002): Read timed out.",0,56.69694568066818
251,2026-09-19T05:47:02.150+00:00,2026-09-19T05:52:02.182+00:00,2026-09-19T05:52:02.182+00:00,False,1,0.0,,0.0,300032.199846,300032.199846,300032.199846,300032.199846,300032.199846,300032.199846,nan,300032.199846,nan,nan,0.0,6,64,,True,False,TTFT timeout: 300.0s exceeded (TTFT: 300.025s),0,56.69694568066818
252,2026-09-19T05:47:02.473+00:00,2026-09-19T05:52:02.335+00:00,2026-09-19T05:52:02.600+00:00,False,4,3.0,,3.0,299862.518927,300127.198095,300127.198177,75031.79954425,0.03754,299862.518927,149887.1593354165,254904.03627364998,88.22638933333333,76.69226594357826,0.00999576186044426,6,64,,True,False,Request timeout: 300.0s exceeded,8,56.69694568066818
253,2026-09-19T05:47:02.868+00:00,2026-09-19T05:52:02.464+00:00,2026-09-19T05:52:02.888+00:00,False,8,7.0,,7.0,299595.871848,300020.054632,300020.054707,37502.506838375,0.02088,299595.871848,105901.71891280223,194785.28795074995,60.597540571428574,41.835544214260636,0.023331773632886285,6,64,,True,False,Request timeout: 300.0s exceeded,33,56.69694568066818
254,2026-09-19T05:47:03.372+00:00,2026-09-19T05:52:03.480+00:00,2026-09-19T05:52:03.480+00:00,False,1,0.0,,0.0,300108.165074,300108.165074,300108.165074,300108.165074,300108.165074,300108.165074,nan,300108.165074,nan,nan,0.0,6,64,,True,False,"HTTPConnectionPool(host='gpu03', port=9002): Read timed out.",0,56.69694568066818
255,2026-09-19T05:47:03.672+00:00,2026-09-19T05:52:03.736+00:00,2026-09-19T05:52:03.736+00:00,False,1,0.0,,0.0,300063.225021,300063.225021,300063.225021,300063.225021,300063.225021,300063.225021,nan,300063.225021,nan,nan,0.0,6,64,,True,False,"HTTPConnectionPool(host='gpu03', port=9002): Read timed out.",0,56.69694568066818
256,2026-09-19T05:47:04.048+00:00,2026-09-19T05:52:04.081+00:00,2026-09-19T05:52:05.049+00:00,False,11,10.0,,10.0,300033.205173,301001.194165,301001.194054,27363.744914,0.044039999999999996,300033.205173,90434.23524432411,150078.885968,96.79889920000001,35.005609283153,0.03322245955781256,6,64,,True,False,Request timeout: 300.0s exceeded,44,56.69694568066818
257,2026-09-19T05:47:04.378+00:00,2026-09-19T05:52:04.207+00:00,2026-09-19T05:52:05.150+00:00,False,11,10.0,,10.0,299828.397179,300771.378043,300771.377952,27342.85254109091,0.02157,299828.397179,90373.2368677634,149970.5998165,94.2980864,33.63083467624439,0.0332478444759805,6,64,,True,False,Request timeout: 300.0s exceeded,48,56.69694568066818
258,2026-09-19T05:47:04.861+00:00,2026-09-19T05:52:04.740+00:00,2026-09-19T05:52:05.148+00:00,False,6,5.0,,5.0,299879.102212,300287.61882,300287.618828,50047.936471333334,0.09598999999999999,299879.102212,122391.78242445011,224936.1115955,81.7033216,45.75684774359017,0.01665070314802798,6,64,,True,False,Request timeout: 300.0s exceeded,27,56.69694568066818
259,2026-09-19T05:47:05.151+00:00,2026-09-19T05:52:05.280+00:00,2026-09-19T05:52:05.280+00:00,False,1,0.0,,0.0,300129.102755,300129.102755,300129.102755,300129.102755,300129.102755,300129.102755,nan,300129.102755,nan,nan,0.0,6,64,,True,False,"HTTPConnectionPool(host='gpu03', port=9002): Read timed out.",0,56.69694568066818
260,2026-09-19T05:47:05.558+00:00,2026-09-19T05:52:05.581+00:00,2026-09-19T05:52:05.581+00:00,False,1,0.0,,0.0,300023.787278,300023.787278,300023.787278,300023.787278,300023.787278,300023.787278,nan,300023.787278,nan,nan,0.0,6,64,,True,False,"HTTPConnectionPool(host='gpu03', port=9002): Read timed out.",0,56.69694568066818
261,2026-09-19T05:47:05.998+00:00,2026-09-19T05:52:06.103+00:00,2026-09-19T05:52:06.103+00:00,False,1,0.0,,0.0,300105.561078,300105.561078,300105.561078,300105.561078,300105.561078,300105.561078,nan,300105.561078,nan,nan,0.0,6,64,,True,False,"HTTPConnectionPool(host='gpu03', port=9002): Read timed out.",0,56.69694568066818
263,2026-09-19T05:47:06.949+00:00,2026-09-19T05:52:06.545+00:00,2026-09-19T05:52:06.996+00:00,False,8,7.0,,7.0,299596.270903,300047.022391,300047.022246,37505.87778075,0.03519,299596.270903,105900.51655264595,194773.83762905002,64.39306971428572,37.02118142574872,0.02332967660941523,6,64,,True,False,Request timeout: 300.0s exceeded,33,56.69694568066818
262,2026-09-19T05:47:06.465+00:00,2026-09-19T05:52:06.549+00:00,2026-09-19T05:52:06.549+00:00,False,1,0.0,,0.0,300083.840449,300083.840449,300083.840449,300083.840449,300083.840449,300083.840449,nan,300083.840449,nan,nan,0.0,6,64,,True,False,TTFT timeout: 300.0s exceeded (TTFT: 300.075s),0,56.69694568066818
264,2026-09-19T05:47:07.297+00:00,2026-09-19T05:52:07.364+00:00,2026-09-19T05:52:07.364+00:00,False,1,0.0,,0.0,300067.44423699996,300067.44423699996,300067.44423699996,300067.44423699996,300067.44423699996,300067.44423699996,nan,300067.44423699996,nan,nan,0.0,6,64,,True,False,"HTTPConnectionPool(host='gpu03', port=9002): Read timed out.",0,56.69694568066818
265,2026-09-19T05:47:07.812+00:00,2026-09-19T05:52:07.850+00:00,2026-09-19T05:52:07.850+00:00,False,1,0.0,,0.0,300038.034953,300038.034953,300038.034953,300038.034953,300038.034953,300038.034953,nan,300038.034953,nan,nan,0.0,6,64,,True,False,TTFT timeout: 300.0s exceeded (TTFT: 300.030s),0,56.69694568066818
266,2026-09-19T05:47:08.201+00:00,2026-09-19T05:52:08.128+00:00,2026-09-19T05:52:08.272+00:00,False,3,2.0,,2.0,299926.628062,300070.113502,300070.11351,100023.37117,0.02129,299926.628062,173121.31362424963,269948.3116716,71.74272,101.42947841576219,0.006665108952900336,6,64,,True,False,Request timeout: 300.0s exceeded,5,56.69694568066818
267,2026-09-19T05:47:08.580+00:00,2026-09-19T05:52:08.384+00:00,2026-09-19T05:52:08.602+00:00,False,4,3.0,,3.0,299803.73524199997,300022.10912999994,300022.10906499997,75005.52726624999,0.039909999999999994,299803.73524199997,149865.48122907177,254851.60152239996,72.791296,64.4719213759322,0.009999263083308625,6,64,,True,False,Request timeout: 300.0s exceeded,10,56.69694568066818
268,2026-09-19T05:47:08.905+00:00,2026-09-19T05:52:09.012+00:00,2026-09-19T05:52:09.012+00:00,False,1,0.0,,0.0,300107.38639999996,300107.38639999996,300107.38639999996,300107.38639999996,300107.38639999996,300107.38639999996,nan,300107.38639999996,nan,nan,0.0,6,64,,True,False,"HTTPConnectionPool(host='gpu03', port=9002): Read timed out.",0,56.69694568066818
269,2026-09-19T05:47:09.309+00:00,2026-09-19T05:52:09.415+00:00,2026-09-19T05:52:09.415+00:00,False,1,0.0,,0.0,300106.07037699997,300106.07037699997,300106.07037699997,300106.07037699997,300106.07037699997,300106.07037699997,nan,300106.07037699997,nan,nan,0.0,6,64,,True,False,"HTTPConnectionPool(host='gpu03', port=9002): Read timed out.",0,56.69694568066818
270,2026-09-19T05:47:09.815+00:00,2026-09-19T05:52:09.732+00:00,2026-09-19T05:52:09.864+00:00,False,3,2.0,,2.0,299917.250985,300049.175721,300049.175691,100016.391897,0.0252,299917.250985,173119.23476551782,269938.7158371,65.962368,93.24903360332027,0.006665574051967053,6,64,,True,False,Request timeout: 300.0s exceeded,4,56.69694568066818
271,2026-09-19T05:47:10.338+00:00,2026-09-19T05:52:10.102+00:00,2026-09-19T05:52:10.405+00:00,False,5,4.0,,4.0,299764.70769199997,300067.65757999994,300067.65766799997,60013.53153359999,0.021079999999999998,299764.70769199997,134024.9890246649,239832.0948558,75.737472,50.482965096735434,0.013330327007780153,6,64,,True,False,Request timeout: 300.0s exceeded,21,56.69694568066818
272,2026-09-19T05:47:10.715+00:00,2026-09-19T05:52:10.767+00:00,2026-09-19T05:52:10.767+00:00,False,1,0.0,,0.0,300052.994551,300052.994551,300052.994551,300052.994551,300052.994551,300052.994551,nan,300052.994551,nan,nan,0.0,6,64,,True,False,"HTTPConnectionPool(host='gpu03', port=9002): Read timed out.",0,56.69694568066818
273,2026-09-19T05:47:11.185+00:00,2026-09-19T05:52:11.225+00:00,2026-09-19T05:52:11.225+00:00,False,1,0.0,,0.0,300039.544332,300039.544332,300039.544332,300039.544332,300039.544332,300039.544332,nan,300039.544332,nan,nan,0.0,6,64,,True,False,"HTTPConnectionPool(host='gpu03', port=9002): Read timed out.",0,56.69694568066818
274,2026-09-19T05:47:11.521+00:00,2026-09-19T05:52:11.506+00:00,2026-09-19T05:52:11.631+00:00,False,3,2.0,,2.0,299985.19291900005,300110.84744700004,300110.84735000005,100036.94911666668,0.06218,299985.19291900005,173160.26995006012,269999.2328522001,62.827264,88.76319343830681,0.006664204299890235,6,64,,True,False,Request timeout: 300.0s exceeded,3,56.69694568066818
275,2026-09-19T05:47:12.018+00:00,2026-09-19T05:52:11.731+00:00,2026-09-19T05:52:12.027+00:00,False,5,4.0,,4.0,299712.24342400004,300009.10051200003,300009.10044500005,60001.82008900001,0.039380000000000005,299712.24342400004,134002.20726654126,239790.7787316,74.214272,49.631678778985446,0.013332928878402489,6,64,,True,False,Request timeout: 300.0s exceeded,17,56.69694568066818
276,2026-09-19T05:47:12.485+00:00,2026-09-19T05:52:12.531+00:00,2026-09-19T05:52:12.531+00:00,False,1,0.0,,0.0,300045.748462,300045.748462,300045.748462,300045.748462,300045.748462,300045.748462,nan,300045.748462,nan,nan,0.0,6,64,,True,False,"HTTPConnectionPool(host='gpu03', port=9002): Read timed out.",0,56.69694568066818
277,2026-09-19T05:47:12.896+00:00,2026-09-19T05:52:12.933+00:00,2026-09-19T05:52:12.933+00:00,False,1,0.0,,0.0,300037.147139,300037.147139,300037.147139,300037.147139,300037.147139,300037.147139,nan,300037.147139,nan,nan,0.0,6,64,,True,False,"HTTPConnectionPool(host='gpu03', port=9002): Read timed out.",0,56.69694568066818
278,2026-09-19T05:47:13.337+00:00,2026-09-19T05:52:13.218+00:00,2026-09-19T05:52:13.355+00:00,False,3,2.0,,2.0,299881.730391,300017.961047,300017.960976,100005.98699199999,0.02169,299881.730391,173097.4847772661,269907.1782414,68.115328,96.29884737597459,0.0066662675561836955,6,64,,True,False,Request timeout: 300.0s exceeded,3,56.69694568066818
279,2026-09-19T05:47:13.754+00:00,2026-09-19T05:52:13.468+00:00,2026-09-19T05:52:13.818+00:00,False,6,5.0,,5.0,299713.090119,300064.038983,300064.038926,50010.67315433333,0.052279000000000006,299713.090119,122328.70834811802,224810.40806149997,70.1897728,44.67934039952071,0.01666310970466965,6,64,,True,False,Request timeout: 300.0s exceeded,29,56.69694568066818
280,2026-09-19T05:47:14.190+00:00,2026-09-19T05:52:14.297+00:00,2026-09-19T05:52:14.297+00:00,False,1,0.0,,0.0,300107.327232,300107.327232,300107.327232,300107.327232,300107.327232,300107.327232,nan,300107.327232,nan,nan,0.0,6,64,,True,False,"HTTPConnectionPool(host='gpu03', port=9002): Read timed out.",0,56.69694568066818
281,2026-09-19T05:47:14.617+00:00,2026-09-19T05:52:14.643+00:00,2026-09-19T05:52:14.643+00:00,False,1,0.0,,0.0,300025.91435399995,300025.91435399995,300025.91435399995,300025.91435399995,300025.91435399995,300025.91435399995,nan,300025.91435399995,nan,nan,0.0,6,64,,True,False,TTFT timeout: 300.0s exceeded (TTFT: 300.004s),0,56.69694568066818
282,2026-09-19T05:47:15.090+00:00,2026-09-19T05:52:14.916+00:00,2026-09-19T05:52:15.137+00:00,False,4,3.0,,3.0,299826.294703,300046.930863,300046.9309,75011.732725,0.042429,299826.294703,149876.38370941675,254869.57357975,73.54538666666667,63.8159129964082,0.0099984358825846,6,64,,True,False,Request timeout: 300.0s exceeded,14,56.69694568066818
283,2026-09-19T05:47:15.519+00:00,2026-09-19T05:52:15.553+00:00,2026-09-19T05:52:15.553+00:00,False,1,0.0,,0.0,300033.794675,300033.794675,300033.794675,300033.794675,300033.794675,300033.794675,nan,300033.794675,nan,nan,0.0,6,64,,True,False,TTFT timeout: 300.0s exceeded (TTFT: 300.027s),0,56.69694568066818
284,2026-09-19T05:47:15.942+00:00,2026-09-19T05:52:15.981+00:00,2026-09-19T05:52:15.981+00:00,False,1,0.0,,0.0,300039.49096499995,300039.49096499995,300039.49096499995,300039.49096499995,300039.49096499995,300039.49096499995,nan,300039.49096499995,nan,nan,0.0,6,64,,True,False,"HTTPConnectionPool(host='gpu03', port=9002): Read timed out.",0,56.69694568066818
285,2026-09-19T05:47:16.366+00:00,2026-09-19T05:52:16.392+00:00,2026-09-19T05:52:16.392+00:00,False,1,0.0,,0.0,300026.48181,300026.48181,300026.48181,300026.48181,300026.48181,300026.48181,nan,300026.48181,nan,nan,0.0,6,64,,True,False,TTFT timeout: 300.0s exceeded (TTFT: 300.015s),0,56.69694568066818
287,2026-09-19T05:47:17.625+00:00,2026-09-19T05:52:16.662+00:00,2026-09-19T05:52:17.736+00:00,False,13,12.0,,12.0,299036.260712,300110.72880800004,300110.728832,23085.440679384617,0.03383,299036.260712,82912.90846542384,119685.56116820002,89.539008,32.58923758925807,0.03998524160619784,6,64,,True,False,Request timeout: 300.0s exceeded,40,56.69694568066818
286,2026-09-19T05:47:17.586+00:00,2026-09-19T05:52:16.773+00:00,2026-09-19T05:52:17.736+00:00,False,12,11.0,,11.0,299186.393728,300149.894528,300149.89438,25012.491198333333,0.0224,299186.393728,86342.39298631877,134697.3566794,87.59098181818182,33.31374108994917,0.036648355373564354,6,64,,True,False,Request timeout: 300.0s exceeded,47,56.69694568066818
288,2026-09-19T05:47:17.715+00:00,2026-09-19T05:52:17.959+00:00,2026-09-19T05:52:17.959+00:00,False,1,0.0,,0.0,300243.772566,300243.772566,300243.772566,300243.772566,300243.772566,300243.772566,nan,300243.772566,nan,nan,0.0,6,64,,True,False,"HTTPConnectionPool(host='gpu03', port=9002): Read timed out.",0,56.69694568066818
289,2026-09-19T05:47:18.089+00:00,2026-09-19T05:52:18.182+00:00,2026-09-19T05:52:18.182+00:00,False,1,0.0,,0.0,300092.110546,300092.110546,300092.110546,300092.110546,300092.110546,300092.110546,nan,300092.110546,nan,nan,0.0,6,64,,True,False,"HTTPConnectionPool(host='gpu03', port=9002): Read timed out.",0,56.69694568066818
290,2026-09-19T05:47:18.544+00:00,2026-09-19T05:52:18.666+00:00,2026-09-19T05:52:18.666+00:00,False,1,0.0,,0.0,300121.775232,300121.775232,300121.775232,300121.775232,300121.775232,300121.775232,nan,300121.775232,nan,nan,0.0,6,64,,True,False,"HTTPConnectionPool(host='gpu03', port=9002): Read timed out.",0,56.69694568066818
291,2026-09-19T05:47:18.953+00:00,2026-09-19T05:52:19.062+00:00,2026-09-19T05:52:19.062+00:00,False,1,0.0,,0.0,300109.043088,300109.043088,300109.043088,300109.043088,300109.043088,300109.043088,nan,300109.043088,nan,nan,0.0,6,64,,True,False,"HTTPConnectionPool(host='gpu03', port=9002): Read timed out.",0,56.69694568066818
293,2026-09-19T05:47:19.788+00:00,2026-09-19T05:52:19.397+00:00,2026-09-19T05:52:20.378+00:00,True,13,13.0,,13.0,299608.81476599997,300590.00183799997,300590.001824,23122.30783261538,24.899378000000002,299608.81476599997,83073.86094140989,119906.3029242,81.76558933333332,28.446660911010476,0.04324827812139348,6,64,,True,True,,44,56.69694568066818
292,2026-09-19T05:47:19.297+00:00,2026-09-19T05:52:19.398+00:00,2026-09-19T05:52:20.585+00:00,False,16,15.0,,15.0,300100.504482,301287.85910600005,301287.859024,18830.491189,0.048530000000000004,300100.504482,75005.3443206648,75108.074064,79.15697493333333,34.58616748273754,0.049786274310916236,6,64,,True,False,Request timeout: 300.0s exceeded,46,56.69694568066818
295,2026-09-19T05:47:20.561+00:00,2026-09-19T05:52:20.730+00:00,2026-09-19T05:52:20.730+00:00,False,1,0.0,,0.0,300168.64854400005,300168.64854400005,300168.64854400005,300168.64854400005,300168.64854400005,300168.64854400005,nan,300168.64854400005,nan,nan,0.0,6,64,,True,False,"HTTPConnectionPool(host='gpu03', port=9002): Read timed out.",0,56.69694568066818
294,2026-09-19T05:47:20.232+00:00,2026-09-19T05:52:21.325+00:00,2026-09-19T05:52:21.325+00:00,False,1,0.0,,0.0,301093.279309,301093.279309,301093.279309,301093.279309,301093.279309,301093.279309,nan,301093.279309,nan,nan,0.0,6,64,,True,False,"HTTPConnectionPool(host='gpu03', port=9002): Read timed out.",0,56.69694568066818
0,2026-09-19T05:45:20.773+00:00,2026-09-19T05:45:20.905+00:00,2026-09-19T05:45:27.003+00:00,True,68,68.0,,68.0,131.55517600000002,6229.927016,6229.92691,91.61657220588235,29.227003,158.89459,25.620617838424312,111.13034404999999,91.02047522388061,25.33441876077756,10.915055637948745,7,64,,False,True,,242,56.69694568066818
1,2026-09-19T05:45:21.499+00:00,2026-09-19T05:45:21.749+00:00,2026-09-19T05:45:30.698+00:00,True,93,93.0,,93.0,249.44418900000002,9199.255133,9199.25532,98.91672387096774,44.234517,249.44418900000002,26.551031970402423,111.9270376,97.28055373913044,21.470997647543197,10.109514156900163,7,64,,False,True,,438,56.69694568066818
2,2026-09-19T05:45:22.001+00:00,2026-09-19T05:45:24.227+00:00,2026-09-19T05:45:31.232+00:00,True,73,73.0,,73.0,2226.609723,9231.014971,9231.015176,126.45226268493151,45.284803999999994,2226.609723,250.01250293762212,112.2105588,97.28340622222223,20.045564961167333,7.908122804408351,7,64,,False,True,,342,56.69694568066818
3,2026-09-19T05:45:22.423+00:00,2026-09-19T05:45:27.316+00:00,2026-09-19T05:45:36.264+00:00,True,91,91.0,,91.0,4892.939230999999,13840.618462999999,13840.618524,152.09470905494504,0.0,4892.939230999999,503.42905722886974,113.39963100000001,99.41865813333334,30.783356214694148,6.57485070073057,7,64,,False,True,,325,56.69694568066818
4,2026-09-19T05:45:22.824+00:00,2026-09-19T05:45:29.529+00:00,2026-09-19T05:45:36.257+00:00,True,69,69.0,,69.0,6705.8637180000005,13433.46359,13433.463582,194.687878,0.0,6705.8637180000005,796.1508583285733,130.455504,98.93529223529411,35.270418841814404,5.136426621304447,7,64,,False,True,,325,56.69694568066818
5,2026-09-19T05:45:23.513+00:00,2026-09-19T05:45:32.707+00:00,2026-09-19T05:45:37.139+00:00,True,45,45.0,,45.0,9194.103040999998,13625.971968999998,13625.971963999998,302.79937697777774,0.0,9194.103040999998,1356.5197759382197,247.35881120000002,100.7242938181818,51.58598313398599,3.3025167013683885,7,64,,False,True,,229,56.69694568066818
6,2026-09-19T05:45:24.041+00:00,2026-09-19T05:45:35.953+00:00,2026-09-19T05:45:36.559+00:00,True,7,7.0,,7.0,11911.518558,12517.732702,12517.732655,1788.2475221428572,0.0,11911.518558,4464.528450056955,8410.5418677,101.03569066666667,79.2042016611974,0.55920670033812,7,64,,False,True,,32,56.69694568066818
7,2026-09-19T05:45:24.744+00:00,2026-09-19T05:45:39.493+00:00,2026-09-19T05:45:45.844+00:00,True,64,64.0,,64.0,14748.651598999999,21099.579726999997,21099.579722,329.68093315625,0.0,14748.651598999999,1831.5923309669722,135.80118865,100.80838298412698,47.72194266857095,3.0332357719003586,7,64,,False,True,,214,56.69694568066818
8,2026-09-19T05:45:25.292+00:00,2026-09-19T05:45:42.592+00:00,2026-09-19T05:45:47.937+00:00,True,56,56.0,,56.0,17299.103296,22644.990016000003,22644.990041,404.3748221607143,0.0,17299.103296,2299.1077138956994,113.445978,97.19794036363636,43.62619107688062,2.472953176858667,7,64,,False,True,,261,56.69694568066818
9,2026-09-19T05:45:25.696+00:00,2026-09-19T05:45:44.922+00:00,2026-09-19T05:45:51.149+00:00,True,65,65.0,,65.0,19225.976287,25453.148639,25453.148638000002,391.5869021230769,0.0,19225.976287,2373.313346677307,116.80454320000001,97.299568,57.80288838820383,2.5537115632289695,7,64,,False,True,,167,56.69694568066818
10,2026-09-19T05:45:26.379+00:00,2026-09-19T05:45:48.774+00:00,2026-09-19T05:45:56.286+00:00,True,79,79.0,,79.0,22395.021843,29907.052562999997,29907.052550999997,378.5702854556962,0.0,22395.021843,2510.0384331907167,144.6643375,96.30808615384616,79.30688144993982,2.6415174090988875,7,64,,False,True,,266,56.69694568066818
11,2026-09-19T05:45:27.042+00:00,2026-09-19T05:45:52.397+00:00,2026-09-19T05:45:53.290+00:00,True,10,10.0,,10.0,25354.345628,26247.533724,26247.533687,2624.7533687,50.997901,25354.345628,7986.3832790709785,13995.0975134,99.24312177777777,18.297477220372333,0.3809881760759977,7,64,,False,True,,61,56.69694568066818
12,2026-09-19T05:45:27.589+00:00,2026-09-19T05:45:55.252+00:00,2026-09-19T05:46:02.031+00:00,True,73,73.0,,73.0,27662.3247,34441.209308000005,34441.209136,471.79738542465753,0.0,27662.3247,3227.2012726224175,112.6699136,94.1511751111111,62.17247857618584,2.119553914242017,7,64,,False,True,,348,56.69694568066818
13,2026-09-19T05:45:28.106+00:00,2026-09-19T05:45:58.225+00:00,2026-09-19T05:46:04.466+00:00,True,65,65.0,,65.0,30119.479833999998,36360.106778,36360.106566999995,559.3862548769231,0.0,30119.479833999998,3724.3424423827823,117.02256399999999,97.509796,65.97982942286885,1.7876735180362235,7,64,,False,True,,313,56.69694568066818
14,2026-09-19T05:45:28.534+00:00,2026-09-19T05:46:00.921+00:00,2026-09-19T05:46:10.269+00:00,True,94,94.0,,94.0,32387.000282,41734.540762000004,41734.540877,443.9844774148936,0.0,32387.000282,3330.938174507193,111.98123015000002,100.51118795698925,75.25587839869132,2.2523310017008398,7,64,,False,True,,457,56.69694568066818
15,2026-09-19T05:45:29.137+00:00,2026-09-19T05:46:03.985+00:00,2026-09-19T05:46:06.311+00:00,True,24,24.0,,24.0,34848.00781,37173.140354,37173.140594000004,1548.8808580833334,0.0,34848.00781,7093.580718680885,520.3516703999999,101.09271930434782,115.30080019134485,0.6456274549701176,7,64,,False,True,,110,56.69694568066818
16,2026-09-19T05:45:29.656+00:00,2026-09-19T05:46:07.350+00:00,2026-09-19T05:46:13.273+00:00,True,65,65.0,,65.0,37693.232192,43616.226624,43616.226404,671.0188677538462,0.0,37693.232192,4664.65214334251,109.63510819999999,92.546788,90.33442481801052,1.4902710534852526,7,64,,False,True,,238,56.69694568066818
17,2026-09-19T05:45:30.312+00:00,2026-09-19T05:46:10.073+00:00,2026-09-19T05:46:18.921+00:00,True,93,93.0,,93.0,39761.744743,48609.441895,48609.441782,522.6821696989248,0.0,39761.744743,4113.779980860321,111.6053056,96.1706212173913,73.6148416565255,1.9132085532042704,7,64,,False,True,,434,56.69694568066818
18,2026-09-19T05:45:30.901+00:00,2026-09-19T05:46:13.171+00:00,2026-09-19T05:46:16.504+00:00,True,36,36.0,,36.0,42270.135889,45602.854224999995,45602.854316,1266.7459532222222,44.060867,42270.135889,7029.174491527118,111.26114825,95.22052388571429,17.815201709314145,0.7894242720505945,7,64,,False,True,,52,56.69694568066818
19,2026-09-19T05:45:31.481+00:00,2026-09-19T05:46:16.133+00:00,2026-09-19T05:46:25.837+00:00,True,98,98.0,,98.0,44651.818342,54355.837285999994,54355.837314,554.6514011632653,0.0,44651.818342,4501.733705631152,115.3339019,100.04143241237112,109.76646671637778,1.8029342365634222,7,64,,False,True,,390,56.69694568066818
20,2026-09-19T05:45:32.008+00:00,2026-09-19T05:46:19.033+00:00,2026-09-19T05:46:21.009+00:00,True,20,20.0,,20.0,47024.502835,49001.326643,49001.32661,2450.0663305,0.0,47024.502835,10492.734341138474,3004.3653787999997,104.04335831578948,148.8779285327662,0.40815221485145375,7,64,,False,True,,64,56.69694568066818
21,2026-09-19T05:45:32.648+00:00,2026-09-19T05:46:23.121+00:00,2026-09-19T05:46:29.403+00:00,True,58,58.0,,58.0,50473.220092,56754.73638,56754.736428000004,978.5299384137932,0.0,50473.220092,6613.704052430559,120.22325075,110.20204014035087,98.16713915459214,1.0219411400603178,7,64,,False,True,,203,56.69694568066818
22,2026-09-19T05:45:33.342+00:00,2026-09-19T05:46:26.600+00:00,2026-09-19T05:46:34.932+00:00,True,82,82.0,,82.0,53257.281063,61589.60208700001,61589.602136,751.0927089756098,0.0,53257.281063,5870.554028372847,113.02598655,102.86816079012347,86.61387394843672,1.3313935667934458,7,64,,False,True,,330,56.69694568066818
23,2026-09-19T05:45:33.989+00:00,2026-09-19T05:46:29.980+00:00,2026-09-19T05:46:38.459+00:00,True,84,84.0,,84.0,55991.598118,64469.866534,64469.866399,767.4984095119048,0.01742,55991.598118,6098.480704107787,114.9516396,102.14781224096386,73.84693753905172,1.3029342934299426,7,64,,False,True,,206,56.69694568066818
24,2026-09-19T05:45:34.528+00:00,2026-09-19T05:46:33.240+00:00,2026-09-19T05:46:40.013+00:00,True,68,68.0,,68.0,58712.443316,65484.66706,65484.666999999994,963.0098088235294,0.0,58712.443316,7108.856519374119,114.35357900000001,101.0779663283582,130.74389030007035,1.0384110212806814,7,64,,False,True,,101,56.69694568066818
25,2026-09-19T05:45:35.011+00:00,2026-09-19T05:46:35.823+00:00,2026-09-19T05:46:37.770+00:00,True,17,17.0,,17.0,60812.732431000004,62759.331855000004,62759.331765,3691.7253979411767,0.01834,60812.732431000004,14720.67366389786,12755.690062200001,121.662464,170.62536009598688,0.2708760513779373,7,64,,False,True,,51,56.69694568066818
26,2026-09-19T05:45:35.632+00:00,2026-09-19T05:46:39.399+00:00,2026-09-19T05:46:40.332+00:00,True,10,10.0,,10.0,63766.638682,64699.854938,64699.854963,6469.9854963,92.029725,63766.638682,20131.992407425467,35120.44811635,103.69069511111111,5.16247761461017,0.15455985194375954,7,64,,False,True,,41,56.69694568066818
27,2026-09-19T05:45:36.204+00:00,2026-09-19T05:46:42.495+00:00,2026-09-19T05:46:43.820+00:00,True,15,15.0,,15.0,66290.166484,67615.162324,67615.162295,4507.677486333333,46.773540000000004,66290.166484,17091.62685297072,19965.447108099997,94.64256,24.32169600279009,0.22184373274329547,7,64,,False,True,,83,56.69694568066818
28,2026-09-19T05:45:37.134+00:00,2026-09-19T05:46:46.838+00:00,2026-09-19T05:46:48.279+00:00,True,16,16.0,,16.0,69703.81313,71145.25056999999,71145.25044799999,4446.5781529999995,51.750969,69703.81313,17401.93802846908,17507.256354499998,96.09582933333333,18.013032366670824,0.2248920324520828,7,64,,False,True,,50,56.69694568066818
29,2026-09-19T05:45:37.370+00:00,2026-09-19T05:46:47.872+00:00,2026-09-19T05:46:48.280+00:00,True,5,5.0,,5.0,70501.51616500001,70910.28032500001,70910.280396,14182.056079200001,96.185014,70501.51616500001,31483.535556604304,56422.59106400001,102.19104,4.623499594791807,0.07051163776371658,7,64,,False,True,,15,56.69694568066818
30,2026-09-19T05:45:37.955+00:00,2026-09-19T05:46:51.713+00:00,2026-09-19T05:46:57.229+00:00,True,55,55.0,,55.0,73758.120635,79274.475195,79274.475323,1441.3540967818183,0.01675,73758.120635,9932.450281934876,155.8995809,102.15471407407408,117.47446538598699,0.6937920416970348,7,64,,False,True,,226,56.69694568066818
31,2026-09-19T05:45:38.669+00:00,2026-09-19T05:46:55.744+00:00,2026-09-19T05:47:03.148+00:00,True,78,78.0,,78.0,77074.417022,84479.210878,84479.21083099999,1083.066805525641,0.01704,77074.417022,8716.11373544343,115.1301677,96.16615397402597,27.614642093136975,0.9233040790667789,7,64,,False,True,,423,56.69694568066818
32,2026-09-19T05:45:39.224+00:00,2026-09-19T05:46:58.350+00:00,2026-09-19T05:47:01.303+00:00,True,30,30.0,,30.0,79125.453681,82079.014001,82079.014192,2735.967139733333,49.509654000000005,79125.453681,14427.680375336226,113.85364399999999,101.8469075862069,17.03338162204928,0.365501466667649,7,64,,False,True,,144,56.69694568066818
33,2026-09-19T05:45:39.664+00:00,2026-09-19T05:47:01.194+00:00,2026-09-19T05:47:04.865+00:00,True,30,30.0,,30.0,81530.270243,85200.911139,85200.91109200001,2840.0303697333334,0.0,81530.270243,14863.649067496443,714.1494162500001,126.573824,210.22495174925294,0.3521089105614946,7,64,,False,True,,133,56.69694568066818
34,2026-09-19T05:45:40.216+00:00,2026-09-19T05:47:04.855+00:00,2026-09-19T05:47:11.181+00:00,True,71,71.0,,71.0,84638.961981,90965.611581,90965.611669,1281.2057981549297,0.0,84638.961981,10034.118568852913,111.54343300000001,90.38070857142857,31.267566006329155,0.7805147326116563,7,64,,False,True,,248,56.69694568066818
35,2026-09-19T05:45:40.747+00:00,2026-09-19T05:47:07.276+00:00,2026-09-19T05:47:08.001+00:00,True,8,8.0,,8.0,86528.760599,87253.713687,87253.713639,10906.714204875,98.12199000000001,86528.760599,30555.921279110218,56282.22663905,103.56472685714284,4.165797174606057,0.09168664188550094,7,64,,False,True,,24,56.69694568066818
36,2026-09-19T05:45:41.312+00:00,2026-09-19T05:47:10.713+00:00,2026-09-19T05:47:17.457+00:00,True,70,70.0,,70.0,89400.721212,96144.59833200001,96144.59834,1373.4942620000002,0.01626,89400.721212,10674.304715491913,111.01534434999999,97.73734956521739,109.80413335004306,0.728070023843469,7,64,,False,True,,282,56.69694568066818
37,2026-09-19T05:45:41.973+00:00,2026-09-19T05:47:14.784+00:00,2026-09-19T05:47:18.875+00:00,True,42,42.0,,42.0,92810.969691,96901.921115,96901.92122300001,2307.188600547619,0.018600000000000002,92810.969691,14306.661886936427,121.72948885,99.77930302439025,172.50136945383016,0.4334279394745516,7,64,,False,True,,202,56.69694568066818
38,2026-09-19T05:45:42.456+00:00,2026-09-19T05:47:17.456+00:00,2026-09-19T05:47:23.037+00:00,True,63,63.0,,63.0,95000.270067,100581.09259500001,100581.092543,1596.5252784603176,0.0,95000.270067,11958.696564999804,110.89380500000001,90.01326658064517,165.601503426542,0.6263602668711892,7,64,,False,True,,224,56.69694568066818
39,2026-09-19T05:45:43.122+00:00,2026-09-19T05:47:20.675+00:00,2026-09-19T05:47:21.294+00:00,True,7,7.0,,7.0,97553.067285,98172.410389,98172.410362,14024.630051714284,97.78401,97553.067285,36832.57884941534,68318.9979438,103.22385066666668,3.379903792568461,0.07130312857006448,7,64,,False,True,,18,56.69694568066818
40,2026-09-19T05:45:43.671+00:00,2026-09-19T05:47:23.357+00:00,2026-09-19T05:47:32.476+00:00,True,94,94.0,,94.0,99685.306324,108804.103636,108804.103696,1157.490464851064,46.403501,99685.306324,10271.655766242191,111.5356428,98.051584,17.48784423715063,0.8639380028760076,7,64,,False,True,,315,56.69694568066818
41,2026-09-19T05:45:44.338+00:00,2026-09-19T05:47:27.185+00:00,2026-09-19T05:47:27.656+00:00,True,6,6.0,,6.0,102847.481034,103318.19847399999,103318.198479,17219.6997465,55.762599,102847.481034,41948.87888682877,77162.27288024999,94.143488,21.710935985483445,0.05807302187435933,7,64,,True,True,,25,56.69694568066818
42,2026-09-19T05:45:44.746+00:00,2026-09-19T05:47:29.499+00:00,2026-09-19T05:47:37.068+00:00,True,77,77.0,,77.0,104752.104839,112321.569671,112321.569591,1458.721683,46.68585,104752.104839,11926.269109418476,110.85953980000001,99.5982214736842,14.852949422210923,0.6855317302414837,7,64,,True,True,,264,56.69694568066818
43,2026-09-19T05:45:45.235+00:00,2026-09-19T05:47:32.275+00:00,2026-09-19T05:47:37.650+00:00,True,55,55.0,,55.0,107039.654884,112414.489828,112414.48983800001,2043.8998152363638,47.028679,107039.654884,14419.812503379475,111.9079033,99.53398044444445,16.744884760350146,0.4892607713129584,7,64,,True,True,,227,56.69694568066818
44,2026-09-19T05:45:45.900+00:00,2026-09-19T05:47:35.821+00:00,2026-09-19T05:47:44.384+00:00,True,88,88.0,,88.0,109920.541344,118484.228256,118484.22841,1346.4116864772727,42.67852,109920.541344,11707.091171272663,111.6953742,98.43318289655173,18.915581735131443,0.7427148853083212,7,64,,True,True,,290,56.69694568066818
45,2026-09-19T05:45:46.347+00:00,2026-09-19T05:47:37.860+00:00,2026-09-19T05:47:45.216+00:00,True,77,77.0,,77.0,111512.397703,118868.862087,118868.86218,1543.7514568831168,46.578480000000006,111512.397703,12697.002491673646,112.5396838,96.795584,20.447412057674086,0.6477726685365574,7,64,,True,True,,312,56.69694568066818
46,2026-09-19T05:45:46.763+00:00,2026-09-19T05:47:40.532+00:00,2026-09-19T05:47:50.338+00:00,True,98,98.0,,98.0,113768.15879700001,123574.76846100001,123574.768519,1260.9670257040818,46.389891000000006,113768.15879700001,11482.116142934587,110.94310899999999,101.09906870103093,14.59586695984055,0.7930421494653953,7,64,,True,True,,409,56.69694568066818
47,2026-09-19T05:45:47.325+00:00,2026-09-19T05:47:43.653+00:00,2026-09-19T05:47:52.888+00:00,True,93,93.0,,93.0,116328.127116,125562.98382000001,125562.98394,1350.1396122580645,44.902203,116328.127116,12052.26532097466,111.35764759999998,100.37887721739129,15.030122913511914,0.7406641445644485,7,64,,True,True,,321,56.69694568066818
48,2026-09-19T05:45:47.961+00:00,2026-09-19T05:47:46.763+00:00,2026-09-19T05:47:48.008+00:00,True,13,13.0,,13.0,118802.523466,120047.393098,120047.392928,9234.414840615385,95.089906,118802.523466,32921.11974268732,47586.6174316,103.739136,4.313016538819206,0.1082905647887541,7,64,,True,True,,56,56.69694568066818
49,2026-09-19T05:45:48.358+00:00,2026-09-19T05:47:48.905+00:00,2026-09-19T05:47:55.897+00:00,True,72,72.0,,72.0,120546.90446699999,127538.86529899998,127538.86529499998,1771.373129097222,48.257176,120546.90446699999,14194.99221188781,109.71461804999998,98.47832157746478,16.152140674668498,0.564533797844323,7,64,,True,True,,338,56.69694568066818
50,2026-09-19T05:45:48.910+00:00,2026-09-19T05:47:52.375+00:00,2026-09-19T05:47:53.903+00:00,True,16,16.0,,16.0,123464.345255,124993.10762299999,124993.10775699999,7812.069234812499,97.66751,123464.345255,30840.60718274321,30950.94067175,101.9174912,4.015890607626572,0.1280070581832293,7,64,,True,True,,44,56.69694568066818
51,2026-09-19T05:45:49.581+00:00,2026-09-19T05:47:54.864+00:00,2026-09-19T05:48:01.093+00:00,True,64,64.0,,64.0,125282.829493,131511.539381,131511.539342,2054.86780221875,44.862854,125282.829493,15648.004096403778,110.99486065,98.86841092063493,16.881015360125847,0.48664931078471074,7,64,,True,True,,258,56.69694568066818
52,2026-09-19T05:45:50.175+00:00,2026-09-19T05:47:58.430+00:00,2026-09-19T05:48:01.972+00:00,True,36,36.0,,36.0,128255.01609100001,131797.41634700002,131797.416349,3661.039343027778,46.210311999999995,128255.01609100001,21358.971812583066,112.31462400000001,101.2114358857143,13.862585232092707,0.27314647735747843,7,64,,True,True,,175,56.69694568066818
53,2026-09-19T05:45:50.845+00:00,2026-09-19T05:48:02.068+00:00,2026-09-19T05:48:11.536+00:00,True,96,96.0,,96.0,131223.362095,140690.74385499998,140690.74404999998,1465.5285838541665,46.396521,131223.362095,13382.76940933927,112.13704825,99.65665010526315,18.212921038543307,0.6823476610440018,7,64,,True,True,,526,56.69694568066818
54,2026-09-19T05:45:51.285+00:00,2026-09-19T05:48:04.271+00:00,2026-09-19T05:48:13.459+00:00,True,92,92.0,,92.0,132986.47755,142174.574574,142174.57440500002,1545.37580875,48.119756,132986.47755,13854.281170219807,112.44205009999997,100.96809916483517,15.967234222559153,0.6470917903265131,7,64,,True,True,,371,56.69694568066818
55,2026-09-19T05:45:51.822+00:00,2026-09-19T05:48:07.292+00:00,2026-09-19T05:48:11.539+00:00,True,43,43.0,,43.0,135470.277554,139716.74309,139716.74303,3249.2265820930234,48.094637000000006,135470.277554,20643.611985069572,113.22863699999999,101.10632228571428,17.089120320126113,0.3077655479866225,7,64,,True,True,,207,56.69694568066818
56,2026-09-19T05:45:52.448+00:00,2026-09-19T05:48:10.944+00:00,2026-09-19T05:48:16.480+00:00,True,56,56.0,,56.0,138495.512254,144032.391614,144032.39159400002,2572.00699275,48.942775000000005,138495.512254,18493.79459339635,112.87653175,100.67053381818181,14.980726320010382,0.3888014312091502,7,64,,True,True,,278,56.69694568066818
57,2026-09-19T05:45:53.025+00:00,2026-09-19T05:48:13.771+00:00,2026-09-19T05:48:21.132+00:00,True,74,74.0,,74.0,140746.670442,148107.224682,148107.224738,2001.448982945946,48.996204,140746.670442,16349.754035428028,111.23197314999999,100.8295101369863,15.372719570769947,0.4996380167063753,7,64,,True,True,,279,56.69694568066818
58,2026-09-19T05:45:53.749+00:00,2026-09-19T05:48:17.910+00:00,2026-09-19T05:48:18.017+00:00,True,2,2.0,,2.0,144161.06701,144268.503298,144268.503276,72134.251638,107.436266,144161.06701,101861.29915362532,136958.3854728,107.436288,nan,0.013863039778466505,7,64,,True,True,,10,56.69694568066818
59,2026-09-19T05:45:54.201+00:00,2026-09-19T05:48:20.667+00:00,2026-09-19T05:48:25.141+00:00,True,49,49.0,,49.0,146465.617127,150940.095463,150940.095567,3080.410113612245,47.223068,146465.617127,20910.354202675782,110.707533,93.21829866666667,22.17513850263848,0.3246320989111299,7,64,,True,True,,149,56.69694568066818
60,2026-09-19T05:45:54.905+00:00,2026-09-19T05:48:24.458+00:00,2026-09-19T05:48:27.739+00:00,True,34,34.0,,34.0,149553.92778600001,152834.40804200002,152834.40816300001,4495.129651852942,49.177944000000004,149553.92778600001,25631.24547241115,113.21160559999998,99.4084926060606,19.058727853926772,0.22246299400496614,7,64,,True,True,,163,56.69694568066818
61,2026-09-19T05:45:55.450+00:00,2026-09-19T05:48:27.741+00:00,2026-09-19T05:48:34.155+00:00,True,65,65.0,,65.0,152291.00338,158705.395188,158705.39522,2441.621464923077,45.618552,152291.00338,18876.95034149287,112.5069044,100.224872,16.985527691533985,0.40956389619270345,7,64,,True,True,,265,56.69694568066818
62,2026-09-19T05:45:56.042+00:00,2026-09-19T05:48:30.560+00:00,2026-09-19T05:48:35.841+00:00,True,53,53.0,,53.0,154517.911796,159799.066356,159799.066328,3015.0767231698114,49.322254,154517.911796,21210.72236135363,111.75800199999999,101.56066461538461,15.122101974423142,0.33166651851348566,7,64,,True,True,,201,56.69694568066818
63,2026-09-19T05:45:56.711+00:00,2026-09-19T05:48:33.942+00:00,2026-09-19T05:48:34.736+00:00,True,9,9.0,,9.0,157231.10330199997,158025.622086,158025.62218599996,17558.402465111107,51.416229,157231.10330199997,52377.266154104946,94384.029898,99.314848,19.997344998536235,0.05695278956156907,7,64,,True,True,,27,56.69694568066818
64,2026-09-19T05:45:57.162+00:00,2026-09-19T05:48:36.695+00:00,2026-09-19T05:48:45.737+00:00,True,90,90.0,,90.0,159533.925047,168575.80997499998,168575.810064,1873.0645562666666,47.913228000000004,159533.925047,16805.65033030757,112.87163649999998,101.5942126741573,15.491925430249413,0.533884428693222,7,64,,True,True,,416,56.69694568066818
65,2026-09-19T05:45:57.652+00:00,2026-09-19T05:48:39.342+00:00,2026-09-19T05:48:44.866+00:00,True,55,55.0,,55.0,161689.727663,167214.049199,167214.049386,3040.255443381818,45.874822,161689.727663,21788.448239258596,112.1729321,102.30225066666667,13.723665401187887,0.32891973050987466,7,64,,True,True,,175,56.69694568066818
66,2026-09-19T05:45:58.062+00:00,2026-09-19T05:48:41.424+00:00,2026-09-19T05:48:43.009+00:00,True,16,16.0,,16.0,163361.522181,164947.231493,164947.231321,10309.2019575625,92.97361199999999,163361.522181,40813.952384215714,40926.289678500005,105.71395413333335,5.328397610045442,0.09700071868547248,7,64,,True,True,,86,56.69694568066818
67,2026-09-19T05:45:58.749+00:00,2026-09-19T05:48:45.164+00:00,2026-09-19T05:48:49.846+00:00,True,49,49.0,,49.0,166414.851402,171096.250698,171096.250809,3491.7602205918365,46.233401,166414.851402,23759.624808824945,110.8220952,97.529152,18.879834883912388,0.2863885082233002,7,64,,True,True,,235,56.69694568066818
68,2026-09-19T05:45:59.152+00:00,2026-09-19T05:48:47.562+00:00,2026-09-19T05:48:52.204+00:00,True,47,47.0,,47.0,168409.356801,173051.93984099998,173051.93969899998,3681.95616380851,46.50047,168409.356801,24550.311911854253,111.77722490000001,100.92571826086956,14.244308942587947,0.2715947596032935,7,64,,True,True,,226,56.69694568066818
69,2026-09-19T05:45:59.784+00:00,2026-09-19T05:48:50.847+00:00,2026-09-19T05:48:55.300+00:00,True,44,44.0,,44.0,171063.398582,175516.608438,175516.608606,3989.0138319545454,51.519129,171063.398582,25773.166550545076,111.45385100000001,103.56301990697675,9.207889468535287,0.25068852680994397,7,64,,True,True,,151,56.69694568066818
70,2026-09-19T05:46:00.251+00:00,2026-09-19T05:48:53.157+00:00,2026-09-19T05:48:54.259+00:00,True,12,12.0,,12.0,172905.81835699998,174007.498741,174007.498695,14500.624891249998,51.576648999999996,172905.81835699998,49884.701254585874,77868.44195874999,100.15276218181819,16.494453228158598,0.0689625452168662,7,64,,True,True,,32,56.69694568066818
71,2026-09-19T05:46:00.965+00:00,2026-09-19T05:48:57.361+00:00,2026-09-19T05:49:00.894+00:00,True,37,37.0,,37.0,176396.369509,179929.303397,179929.30328700002,4862.954142891892,44.311926,176396.369509,28983.25643374859,112.03289099999998,98.13705244444445,18.196835423186577,0.20563632105195437,7,64,,True,True,,163,56.69694568066818
72,2026-09-19T05:46:01.445+00:00,2026-09-19T05:48:59.500+00:00,2026-09-19T05:49:08.861+00:00,True,94,94.0,,94.0,178055.231244,187415.83565999998,187415.835672,1993.7854858723404,46.174262000000006,178055.231244,18354.62098173577,112.03860335000002,100.65166038709678,16.745492204126016,0.5015584711343704,7,64,,True,True,,372,56.69694568066818
73,2026-09-19T05:46:02.118+00:00,2026-09-19T05:49:03.355+00:00,2026-09-19T05:49:08.641+00:00,True,53,53.0,,53.0,181236.30018700002,186522.228635,186522.22883900002,3519.287336584906,46.57148,181236.30018700002,24880.762785945008,112.56154780000001,101.65247015384615,16.5913406146645,0.284148438434725,7,64,,True,True,,231,56.69694568066818
74,2026-09-19T05:46:02.550+00:00,2026-09-19T05:49:06.326+00:00,2026-09-19T05:49:15.582+00:00,True,93,93.0,,93.0,183776.37629,193032.60054599997,193032.600362,2075.6193587311827,46.112481,183776.37629,19046.297786748823,113.2981052,100.6111332173913,17.7602539775097,0.4817839045681714,7,64,,True,True,,450,56.69694568066818
75,2026-09-19T05:46:03.064+00:00,2026-09-19T05:49:08.419+00:00,2026-09-19T05:49:13.299+00:00,True,49,49.0,,49.0,185354.897173,190235.015445,190235.015671,3882.3472585918366,50.585461,185354.897173,26464.75130041925,114.02738240000001,101.66913066666667,15.488481739849387,0.25757613489492787,7,64,,True,True,,165,56.69694568066818
76,2026-09-19T05:46:03.768+00:00,2026-09-19T05:49:12.243+00:00,2026-09-19T05:49:19.871+00:00,True,78,78.0,,78.0,188474.922926,196103.733934,196103.733799,2514.150433320513,46.177561000000004,188474.922926,21329.37302869812,113.22242065,99.07546763636364,19.101441922392333,0.39774867329273506,7,64,,True,True,,368,56.69694568066818
77,2026-09-19T05:46:04.257+00:00,2026-09-19T05:49:15.036+00:00,2026-09-19T05:49:17.558+00:00,True,25,25.0,,25.0,190779.228913,193301.111793,193301.111751,7732.04447004,49.618203,190779.228913,38134.832091752905,114.23229160000001,105.07845333333333,12.614658711564617,0.1293318996880458,7,64,,True,True,,51,56.69694568066818
78,2026-09-19T05:46:04.960+00:00,2026-09-19T05:49:18.882+00:00,2026-09-19T05:49:21.949+00:00,True,33,33.0,,33.0,193922.370143,196989.197919,196989.197969,5969.369635424243,44.659935,193922.370143,33740.87431420175,111.4997338,95.838368,20.445654981859988,0.16752187606535296,7,64,,True,True,,101,56.69694568066818
79,2026-09-19T05:46:05.465+00:00,2026-09-19T05:49:21.752+00:00,2026-09-19T05:49:28.774+00:00,True,69,69.0,,69.0,196286.70289,203308.981034,203308.980816,2946.506968347826,45.254332999999995,196286.70289,23617.713507087923,114.08171020000002,103.26879623529412,12.827023409415402,0.33938490886667183,7,64,,True,True,,274,56.69694568066818
80,2026-09-19T05:46:05.922+00:00,2026-09-19T05:49:24.275+00:00,2026-09-19T05:49:34.066+00:00,True,95,95.0,,95.0,198353.208747,208144.002475,208144.00246299998,2190.9894996105263,48.561724999999996,198353.208747,20339.927694324546,113.9890884,104.15738008510638,13.128610366477973,0.45641478433379495,7,64,,True,True,,389,56.69694568066818
81,2026-09-19T05:46:06.498+00:00,2026-09-19T05:49:27.419+00:00,2026-09-19T05:49:35.364+00:00,True,77,77.0,,77.0,200920.829633,208866.38995299998,208866.38979999998,2712.550516883117,53.209974,200920.829633,22885.142902935833,114.4357286,104.54684631578948,12.838609631334869,0.368656728434512,7,64,,True,True,,269,56.69694568066818
82,2026-09-19T05:46:07.375+00:00,2026-09-19T05:49:31.568+00:00,2026-09-19T05:49:41.258+00:00,True,97,97.0,,97.0,204193.305283,213883.30413099998,213883.304183,2204.9825173505155,46.620131,204193.305283,20722.44697397703,112.44420059999999,100.937488,16.72202290801222,0.4535183351225447,7,64,,True,True,,402,56.69694568066818
83,2026-09-19T05:46:07.800+00:00,2026-09-19T05:49:34.926+00:00,2026-09-19T05:49:35.806+00:00,True,9,9.0,,9.0,207125.94009299998,208006.18124499999,208006.181353,23111.797928111107,106.532099,207125.94009299998,69005.30337186155,124321.61116339998,110.030144,3.0769855065450016,0.043267944953036534,7,64,,True,True,,36,56.69694568066818
84,2026-09-19T05:46:08.518+00:00,2026-09-19T05:49:39.185+00:00,2026-09-19T05:49:46.915+00:00,True,80,80.0,,80.0,210666.374877,218396.255709,218396.255554,2729.9531944249998,44.789657,210666.374877,23542.285470787756,113.43931395,97.8465928101266,19.90977103545917,0.3663066463309482,7,64,,True,True,,361,56.69694568066818
85,2026-09-19T05:46:08.983+00:00,2026-09-19T05:49:41.670+00:00,2026-09-19T05:49:45.003+00:00,True,35,35.0,,35.0,212686.835172,216019.95338,216019.953487,6171.998671057143,48.614118000000005,212686.835172,35934.07146790008,113.35393169999999,98.03288847058823,19.84177083592894,0.16202206996328536,7,64,,True,True,,118,56.69694568066818
86,2026-09-19T05:46:09.646+00:00,2026-09-19T05:49:44.999+00:00,2026-09-19T05:49:50.236+00:00,True,56,56.0,,56.0,215352.870081,220590.017729,220590.017672,3939.1074584285716,46.753282,215352.870081,28765.02114561922,111.15345249999999,95.22086632727273,21.399614765488796,0.2538646153462724,7,64,,True,True,,180,56.69694568066818
87,2026-09-19T05:46:10.321+00:00,2026-09-19T05:49:48.631+00:00,2026-09-19T05:49:50.343+00:00,True,19,19.0,,19.0,218309.69631099998,220021.59775099996,220021.59790999998,11580.084100526316,44.791866,218309.69631099998,50061.8648724988,21932.8850281,95.10563555555555,21.63062898364087,0.08635515873992715,7,64,,True,True,,59,56.69694568066818
88,2026-09-19T05:46:11.035+00:00,2026-09-19T05:49:52.325+00:00,2026-09-19T05:49:54.484+00:00,True,23,23.0,,23.0,221290.673247,223449.660767,223449.660597,9715.202634652174,47.90072,221290.673247,46121.83519722603,107.59881319999998,98.13579636363636,16.61099156956148,0.10293146080889795,7,64,,True,True,,71,56.69694568066818
89,2026-09-19T05:46:11.559+00:00,2026-09-19T05:49:55.121+00:00,2026-09-19T05:49:55.645+00:00,True,6,6.0,,6.0,223561.929502,224085.760542,224085.760576,37347.62676266667,100.04102999999999,223561.929502,91226.0049900134,167698.98871575002,104.766208,4.431530267786061,0.02677546304364766,7,64,,True,True,,24,56.69694568066818
90,2026-09-19T05:46:12.137+00:00,2026-09-19T05:49:58.229+00:00,2026-09-19T05:50:01.100+00:00,True,30,30.0,,30.0,226092.06272299998,228962.665731,228962.66581399998,7632.088860466666,47.63135,226092.06272299998,41260.506544028976,111.86283900000001,98.98631062068966,19.858674742115678,0.13102572816498356,7,64,,True,True,,151,56.69694568066818
91,2026-09-19T05:46:12.705+00:00,2026-09-19T05:50:01.747+00:00,2026-09-19T05:50:08.117+00:00,True,69,69.0,,69.0,229041.72185600002,235411.89632000003,235411.89631900002,3411.766613318841,45.953103999999996,229041.72185600002,27562.114844898202,110.19192279999999,93.67903623529412,22.92975570186875,0.293103284407543,7,64,,True,True,,236,56.69694568066818
92,2026-09-19T05:46:13.305+00:00,2026-09-19T05:50:04.726+00:00,2026-09-19T05:50:10.876+00:00,True,67,67.0,,67.0,231421.797333,237570.853333,237570.853505,3545.833634402985,46.373503,231421.797333,28261.29812500159,110.36382440000001,93.16751515151516,21.369517884246303,0.282021127844698,7,64,,True,True,,135,56.69694568066818
93,2026-09-19T05:46:13.928+00:00,2026-09-19T05:50:09.192+00:00,2026-09-19T05:50:18.296+00:00,True,92,92.0,,92.0,235264.88079,244368.779414,244368.779299,2656.1823836847825,42.625381999999995,235264.88079,24517.635776921827,114.87060005,100.04284202197802,18.063408188491977,0.37648017156945085,7,64,,True,True,,425,56.69694568066818
94,2026-09-19T05:46:14.324+00:00,2026-09-19T05:50:10.823+00:00,2026-09-19T05:50:11.299+00:00,True,6,6.0,,6.0,236499.529089,236974.63360099998,236974.63378499998,39495.7722975,53.927885,236499.529089,96511.7385220251,177401.86406675,95.02090240000001,23.101821741952318,0.025319165637375126,7,64,,True,True,,13,56.69694568066818
95,2026-09-19T05:46:14.813+00:00,2026-09-19T05:50:13.543+00:00,2026-09-19T05:50:17.931+00:00,True,45,45.0,,45.0,238729.880607,243118.610975,243118.610982,5402.6357996,46.727692000000005,238729.880607,35572.88619439721,115.8510222,99.743872,20.394021384926756,0.18509483835701648,7,64,,True,True,,152,56.69694568066818
96,2026-09-19T05:46:15.413+00:00,2026-09-19T05:50:17.022+00:00,2026-09-19T05:50:23.776+00:00,True,71,71.0,,71.0,241608.951854,248363.38308600002,248363.383013,3498.0758170845074,44.484936999999995,241608.951854,28662.262252741017,112.604311,96.49187474285715,19.41217442976977,0.2858714481893454,7,64,,True,True,,308,56.69694568066818
97,2026-09-19T05:46:15.878+00:00,2026-09-19T05:50:19.945+00:00,2026-09-19T05:50:28.199+00:00,True,87,87.0,,87.0,244066.588327,252320.767143,252320.767214,2900.2387036091955,46.116174,244066.588327,26156.401089886087,110.7539776,95.97882344186047,18.16156392518375,0.34479920533331965,7,64,,True,True,,488,56.69694568066818
98,2026-09-19T05:46:16.364+00:00,2026-09-19T05:50:21.981+00:00,2026-09-19T05:50:25.396+00:00,True,36,36.0,,36.0,245616.902462,249032.427582,249032.427618,6917.567433833333,49.108677,245616.902462,40919.8884267978,108.61596325000001,97.586432,14.284359224538475,0.14455948708987357,7,64,,True,True,,168,56.69694568066818
99,2026-09-19T05:46:17.033+00:00,2026-09-19T05:50:25.191+00:00,2026-09-19T05:50:35.010+00:00,True,100,100.0,,100.0,248158.150618,257977.046746,257977.04662,2579.7704662,48.02068,248158.150618,24805.901965719637,110.29737845,99.18076896969697,15.799456246472436,0.3876313852776925,7,64,,True,True,,538,56.69694568066818
100,2026-09-19T05:46:17.472+00:00,2026-09-19T05:50:27.573+00:00,2026-09-19T05:50:27.573+00:00,True,1,1.0,,1.0,250100.835008,250100.835008,250100.835008,250100.835008,250100.835008,250100.835008,nan,250100.835008,nan,nan,0.003998387290342365,7,64,,True,True,,8,56.69694568066818
101,2026-09-19T05:46:18.025+00:00,2026-09-19T05:50:30.709+00:00,2026-09-19T05:50:37.384+00:00,True,67,67.0,,67.0,252683.437616,259358.249008,259358.249157,3871.0186441343285,44.735857,252683.437616,30857.842893324763,110.87972859999999,101.13350593939394,14.041364146790697,0.2583299365116139,7,64,,True,True,,86,56.69694568066818
102,2026-09-19T05:46:18.639+00:00,2026-09-19T05:50:33.701+00:00,2026-09-19T05:50:37.377+00:00,True,37,37.0,,37.0,255062.079055,258738.462543,258738.46262,6992.931422162163,51.446591999999995,255062.079055,41915.16074780465,112.2996936,102.12176355555555,13.020029873109142,0.14300154540746307,7,64,,True,True,,178,56.69694568066818
103,2026-09-19T05:46:19.123+00:00,2026-09-19T05:50:36.480+00:00,2026-09-19T05:50:43.585+00:00,True,72,72.0,,72.0,257357.53599399998,264462.391034,264462.39098499995,3673.088763680555,46.043434,257357.53599399998,30318.089421169523,113.60176265,100.06838084507042,19.38670113531279,0.27225043121818976,7,64,,True,True,,251,56.69694568066818
104,2026-09-19T05:46:19.731+00:00,2026-09-19T05:50:39.535+00:00,2026-09-19T05:50:41.455+00:00,True,20,20.0,,20.0,259803.821037,261724.547821,261724.547975,13086.22739875,49.130167,259803.821037,58071.29868088342,13098.733223,101.09088336842105,18.61360630114234,0.07641621760935663,7,64,,True,True,,26,56.69694568066818
105,2026-09-19T05:46:20.388+00:00,2026-09-19T05:50:43.468+00:00,2026-09-19T05:50:48.324+00:00,True,51,51.0,,51.0,263080.051341,267935.815053,267935.815124,5253.643433803922,46.319724,263080.051341,36824.98125933236,114.985821,97.11527423999999,18.34526313566316,0.19034409412534775,7,64,,True,True,,173,56.69694568066818
106,2026-09-19T05:46:20.886+00:00,2026-09-19T05:50:45.684+00:00,2026-09-19T05:50:48.793+00:00,True,34,34.0,,34.0,264797.575192,267907.01596,267907.015907,7879.618114911766,43.39918,264797.575192,45396.25463354748,109.38058629999999,94.22547781818182,20.921292698803796,0.1269097036453737,7,64,,True,True,,162,56.69694568066818
107,2026-09-19T05:46:21.388+00:00,2026-09-19T05:50:48.534+00:00,2026-09-19T05:50:55.589+00:00,True,75,75.0,,75.0,267146.299849,274200.714953,274200.714951,3656.00953268,44.066559,267146.299849,30836.39612780026,110.04020220000001,95.32993383783784,19.773710844237367,0.2735222627441199,7,64,,True,True,,347,56.69694568066818
108,2026-09-19T05:46:22.785+00:00,2026-09-19T05:50:54.031+00:00,2026-09-19T05:51:02.076+00:00,True,82,82.0,,82.0,271246.359169,279290.543489,279290.54346,3405.982237317073,47.116072,271246.359169,29943.186976454497,110.397876,99.31091753086419,16.786591971616808,0.29360106137367165,7,64,,True,True,,288,56.69694568066818
109,2026-09-19T05:46:22.826+00:00,2026-09-19T05:50:55.020+00:00,2026-09-19T05:51:02.189+00:00,True,73,73.0,,73.0,272194.477825,279362.82470500004,279362.824825,3826.88801130137,44.053079,272194.477825,31846.305665501477,110.3369966,99.56037333333333,16.82148808343335,0.2613089271168636,7,64,,True,True,,299,56.69694568066818
110,2026-09-19T05:46:22.935+00:00,2026-09-19T05:50:57.338+00:00,2026-09-19T05:51:02.187+00:00,True,50,50.0,,50.0,274403.196221,279252.275773,279252.276014,5585.045520279999,42.623473,274403.196221,38792.48101745608,112.38052275000001,98.96080718367347,17.852973144956238,0.17904957036283659,7,64,,True,True,,190,56.69694568066818
111,2026-09-19T05:46:23.543+00:00,2026-09-19T05:51:00.301+00:00,2026-09-19T05:51:09.059+00:00,True,91,91.0,,91.0,276757.42001,285516.157674,285516.157801,3137.5401956153846,45.936055,276757.42001,29001.86592331209,111.12867450000002,97.31930737777779,20.370110157507227,0.31872101649638707,7,64,,True,True,,395,56.69694568066818
112,2026-09-19T05:46:24.194+00:00,2026-09-19T05:51:03.935+00:00,2026-09-19T05:51:07.408+00:00,True,38,38.0,,38.0,279741.715293,283214.106461,283214.106425,7453.002800657894,44.649828,279741.715293,45364.880583261576,114.0308046,93.84840994594595,24.046978098635687,0.13417410762070495,7,64,,True,True,,179,56.69694568066818
113,2026-09-19T05:46:24.744+00:00,2026-09-19T05:51:06.785+00:00,2026-09-19T05:51:13.860+00:00,True,74,74.0,,74.0,282041.112496,289116.114352,289116.114381,3906.974518662162,45.680566,282041.112496,32775.35232998035,110.36375149999999,96.91783364383562,19.019672401497136,0.2559525267758154,7,64,,True,True,,315,56.69694568066818
114,2026-09-19T05:46:25.158+00:00,2026-09-19T05:51:09.319+00:00,2026-09-19T05:51:14.334+00:00,True,51,51.0,,51.0,284160.643717,289175.35475700005,289175.35477900004,5670.1049956666675,49.933355999999996,284160.643717,39776.40786647693,110.83557550000002,100.29422079999999,15.237968643406788,0.17636357718954418,7,64,,True,True,,165,56.69694568066818
115,2026-09-19T05:46:25.664+00:00,2026-09-19T05:51:11.719+00:00,2026-09-19T05:51:12.500+00:00,True,9,9.0,,9.0,286054.587428,286836.018468,286836.018495,31870.668721666665,45.294796000000005,286054.587428,95318.97169948326,171678.329916,97.67888,21.816583653189436,0.03137681260557609,7,64,,True,True,,36,56.69694568066818
116,2026-09-19T05:46:26.315+00:00,2026-09-19T05:51:14.999+00:00,2026-09-19T05:51:20.769+00:00,True,58,58.0,,58.0,288684.423166,294454.345214,294454.345176,5076.7990547586205,45.955324999999995,288684.423166,37892.8332759976,112.41513935,101.22670259649124,15.62524785297708,0.19697450875736766,7,64,,True,True,,218,56.69694568066818
117,2026-09-19T05:46:27.012+00:00,2026-09-19T05:51:18.629+00:00,2026-09-19T05:51:21.879+00:00,True,33,33.0,,33.0,291616.82972399995,294866.29634799995,294866.29650699993,8935.342318393938,48.326389000000006,291616.82972399995,50746.29916220114,114.00244839999999,101.545832,13.988991608285692,0.11191513037845988,7,64,,True,True,,127,56.69694568066818
118,2026-09-19T05:46:27.522+00:00,2026-09-19T05:51:21.465+00:00,2026-09-19T05:51:27.571+00:00,False,63,62.0,,62.0,293943.003841,300048.666305,300048.66633100004,4762.677243349207,0.024460000000000003,293943.003841,37020.937517367274,113.481799,98.47842683870968,23.146408524313323,0.20663314642757613,7,64,,True,False,Request timeout: 300.0s exceeded,363,56.69694568066818
119,2026-09-19T05:46:27.956+00:00,2026-09-19T05:51:24.436+00:00,2026-09-19T05:51:27.992+00:00,False,37,36.0,,36.0,296480.021502,300035.838206,300035.838313,8109.076711162162,0.03786,296480.021502,48724.78267022184,112.9817926,98.77268622222222,23.49887910065535,0.11998566642989814,7,64,,True,False,Request timeout: 300.0s exceeded,182,56.69694568066818
120,2026-09-19T05:46:28.600+00:00,2026-09-19T05:51:27.673+00:00,2026-09-19T05:51:28.727+00:00,False,12,11.0,,11.0,299073.762473,300127.515817,300127.515825,25010.626318749997,0.028829999999999998,299073.762473,86307.51014156762,134643.34806979998,95.79575854545455,31.900784478947735,0.03665108802188983,7,64,,True,False,Request timeout: 300.0s exceeded,40,56.69694568066818
121,2026-09-19T05:46:29.200+00:00,2026-09-19T05:51:29.387+00:00,2026-09-19T05:51:29.602+00:00,False,4,3.0,,3.0,300186.446661,300401.914949,300401.914967,75100.47874175,0.040049999999999995,300186.446661,150057.32057261307,255175.28742780004,71.82276266666668,62.31667848668718,0.009986620759422648,7,64,,True,False,Request timeout: 300.0s exceeded,5,56.69694568066818
122,2026-09-19T05:46:29.805+00:00,2026-09-19T05:51:29.832+00:00,2026-09-19T05:51:29.832+00:00,False,1,0.0,,0.0,300026.11016000004,300026.11016000004,300026.11016000004,300026.11016000004,300026.11016000004,300026.11016000004,nan,300026.11016000004,nan,nan,0.0,7,64,,True,False,"HTTPConnectionPool(host='gpu03', port=9002): Read timed out.",0,56.69694568066818
123,2026-09-19T05:46:30.348+00:00,2026-09-19T05:51:30.355+00:00,2026-09-19T05:51:30.355+00:00,False,1,0.0,,0.0,300006.418333,300006.418333,300006.418333,300006.418333,300006.418333,300006.418333,nan,300006.418333,nan,nan,0.0,7,64,,True,False,"HTTPConnectionPool(host='gpu03', port=9002): Read timed out.",0,56.69694568066818
124,2026-09-19T05:46:30.951+00:00,2026-09-19T05:51:30.987+00:00,2026-09-19T05:51:30.987+00:00,False,1,0.0,,0.0,300035.963596,300035.963596,300035.963596,300035.963596,300035.963596,300035.963596,nan,300035.963596,nan,nan,0.0,7,64,,True,False,TTFT timeout: 300.0s exceeded (TTFT: 300.029s),0,56.69694568066818
125,2026-09-19T05:46:31.483+00:00,2026-09-19T05:51:31.210+00:00,2026-09-19T05:51:31.529+00:00,False,6,5.0,,5.0,299726.692733,300045.62342099997,300045.62364099995,50007.603940166664,0.06342,299726.692733,122336.87663216404,224824.758584,63.7861376,47.306386403747695,0.01666413241757038,7,64,,True,False,Request timeout: 300.0s exceeded,23,56.69694568066818
126,2026-09-19T05:46:31.979+00:00,2026-09-19T05:51:32.085+00:00,2026-09-19T05:51:32.085+00:00,False,1,0.0,,0.0,300106.205078,300106.205078,300106.205078,300106.205078,300106.205078,300106.205078,nan,300106.205078,nan,nan,0.0,7,64,,True,False,"HTTPConnectionPool(host='gpu03', port=9002): Read timed out.",0,56.69694568066818
127,2026-09-19T05:46:32.430+00:00,2026-09-19T05:51:32.529+00:00,2026-09-19T05:51:32.529+00:00,False,1,0.0,,0.0,300099.026247,300099.026247,300099.026247,300099.026247,300099.026247,300099.026247,nan,300099.026247,nan,nan,0.0,7,64,,True,False,TTFT timeout: 300.0s exceeded (TTFT: 300.090s),0,56.69694568066818
128,2026-09-19T05:46:32.871+00:00,2026-09-19T05:51:32.776+00:00,2026-09-19T05:51:32.911+00:00,False,3,2.0,,2.0,299905.495244,300040.508876,300040.508804,100013.50293466667,0.08566,299905.495244,173111.55648209437,269928.4385096,67.506816,95.34777178471593,0.006665766590959073,7,64,,True,False,Request timeout: 300.0s exceeded,4,56.69694568066818
129,2026-09-19T05:46:33.366+00:00,2026-09-19T05:51:33.446+00:00,2026-09-19T05:51:33.446+00:00,False,1,0.0,,0.0,300080.049308,300080.049308,300080.049308,300080.049308,300080.049308,300080.049308,nan,300080.049308,nan,nan,0.0,7,64,,True,False,"HTTPConnectionPool(host='gpu03', port=9002): Read timed out.",0,56.69694568066818
130,2026-09-19T05:46:34.004+00:00,2026-09-19T05:51:34.025+00:00,2026-09-19T05:51:34.025+00:00,False,1,0.0,,0.0,300020.989336,300020.989336,300020.989336,300020.989336,300020.989336,300020.989336,nan,300020.989336,nan,nan,0.0,7,64,,True,False,TTFT timeout: 300.0s exceeded (TTFT: 300.008s),0,56.69694568066818
131,2026-09-19T05:46:34.488+00:00,2026-09-19T05:51:34.408+00:00,2026-09-19T05:51:34.549+00:00,False,3,2.0,,2.0,299919.629004,300060.5611,300060.56091,100020.18697,0.023579999999999997,299919.629004,173118.00933541346,269941.7569362,70.466048,99.6207332106125,0.006665321136067156,7,64,,True,False,Request timeout: 300.0s exceeded,10,56.69694568066818
132,2026-09-19T05:46:34.920+00:00,2026-09-19T05:51:34.747+00:00,2026-09-19T05:51:35.006+00:00,False,5,4.0,,4.0,299827.049077,300086.396533,300086.396551,60017.2793102,0.0856,299827.049077,134057.74380059086,239882.62696899998,64.836864,50.322692561792785,0.013329494592935096,7,64,,True,False,Request timeout: 300.0s exceeded,21,56.69694568066818
133,2026-09-19T05:46:35.369+00:00,2026-09-19T05:51:35.428+00:00,2026-09-19T05:51:35.428+00:00,False,1,0.0,,0.0,300058.59763800004,300058.59763800004,300058.59763800004,300058.59763800004,300058.59763800004,300058.59763800004,nan,300058.59763800004,nan,nan,0.0,7,64,,True,False,"HTTPConnectionPool(host='gpu03', port=9002): Read timed out.",0,56.69694568066818
134,2026-09-19T05:46:35.780+00:00,2026-09-19T05:51:35.752+00:00,2026-09-19T05:51:35.893+00:00,False,3,2.0,,2.0,299971.67123900005,300112.68499900005,300112.68494500004,100037.56164833334,0.03375,299971.67123900005,173148.03233019364,269988.60211070004,70.50688,99.66399683191263,0.006664163495810461,7,64,,True,False,Request timeout: 300.0s exceeded,4,56.69694568066818
135,2026-09-19T05:46:36.391+00:00,2026-09-19T05:51:36.151+00:00,2026-09-19T05:51:36.451+00:00,False,5,4.0,,4.0,299759.589365,300059.88478900003,300059.884796,60011.9769592,0.04267,299759.589365,134022.9967023855,239827.9145776,75.073856,50.041589639458365,0.013330672318336626,7,64,,True,False,Request timeout: 300.0s exceeded,22,56.69694568066818
136,2026-09-19T05:46:36.919+00:00,2026-09-19T05:51:36.992+00:00,2026-09-19T05:51:36.992+00:00,False,1,0.0,,0.0,300073.602143,300073.602143,300073.602143,300073.602143,300073.602143,300073.602143,nan,300073.602143,nan,nan,0.0,7,64,,True,False,"HTTPConnectionPool(host='gpu03', port=9002): Read timed out.",0,56.69694568066818
137,2026-09-19T05:46:37.779+00:00,2026-09-19T05:51:37.332+00:00,2026-09-19T05:51:37.996+00:00,False,8,7.0,,7.0,299553.74453799997,300217.137306,300217.137435,37527.142179375,0.028239999999999998,299553.74453799997,105874.74300780262,194754.23438069999,94.77039542857143,42.648241763772404,0.0233164570910726,7,64,,True,False,Request timeout: 300.0s exceeded,21,56.69694568066818
138,2026-09-19T05:46:37.869+00:00,2026-09-19T05:51:37.897+00:00,2026-09-19T05:51:37.996+00:00,False,3,2.0,,2.0,300028.044124,300127.272796,300127.272736,100042.42424533334,0.04044,300028.044124,173192.63430140182,270035.1585288,49.614336,70.10806474916484,0.006663839581681146,7,64,,True,False,Request timeout: 300.0s exceeded,4,56.69694568066818
139,2026-09-19T05:46:38.286+00:00,2026-09-19T05:51:38.338+00:00,2026-09-19T05:51:38.338+00:00,False,1,0.0,,0.0,300052.01581,300052.01581,300052.01581,300052.01581,300052.01581,300052.01581,nan,300052.01581,nan,nan,0.0,7,64,,True,False,"HTTPConnectionPool(host='gpu03', port=9002): Read timed out.",0,56.69694568066818
140,2026-09-19T05:46:38.894+00:00,2026-09-19T05:51:39.355+00:00,2026-09-19T05:51:39.526+00:00,False,5,4.0,,4.0,300460.55592400004,300631.44386000006,300631.44395200006,60126.28879040001,0.038549999999999994,300460.55592400004,134350.9421177004,240382.17507560004,42.721984,29.68370007809889,0.013305328107537364,7,64,,True,False,Request timeout: 300.0s exceeded,11,56.69694568066818
141,2026-09-19T05:46:39.464+00:00,2026-09-19T05:51:39.635+00:00,2026-09-19T05:51:39.635+00:00,False,1,0.0,,0.0,300171.02581699996,300171.02581699996,300171.02581699996,300171.02581699996,300171.02581699996,300171.02581699996,nan,300171.02581699996,nan,nan,0.0,7,64,,True,False,"HTTPConnectionPool(host='gpu03', port=9002): Read timed out.",0,56.69694568066818
142,2026-09-19T05:46:40.154+00:00,2026-09-19T05:51:40.277+00:00,2026-09-19T05:51:40.277+00:00,False,1,0.0,,0.0,300122.591603,300122.591603,300122.591603,300122.591603,300122.591603,300122.591603,nan,300122.591603,nan,nan,0.0,7,64,,True,False,"HTTPConnectionPool(host='gpu03', port=9002): Read timed out.",0,56.69694568066818
143,2026-09-19T05:46:40.586+00:00,2026-09-19T05:51:40.691+00:00,2026-09-19T05:51:40.691+00:00,False,1,0.0,,0.0,300105.156115,300105.156115,300105.156115,300105.156115,300105.156115,300105.156115,nan,300105.156115,nan,nan,0.0,7,64,,True,False,"HTTPConnectionPool(host='gpu03', port=9002): Read timed out.",0,56.69694568066818
144,2026-09-19T05:46:41.020+00:00,2026-09-19T05:51:40.950+00:00,2026-09-19T05:51:41.082+00:00,False,3,2.0,,2.0,299930.810797,300062.061997,300062.061986,100020.68732866667,0.03493,299930.810797,173127.25782203817,269950.8513432,65.6256,92.7593762994842,0.006665287796429246,7,64,,True,False,Request timeout: 300.0s exceeded,8,56.69694568066818
145,2026-09-19T05:46:41.574+00:00,2026-09-19T05:51:41.084+00:00,2026-09-19T05:51:41.622+00:00,False,8,7.0,,7.0,299509.600062,300048.147006,300048.147036,37506.0183795,0.09606999999999999,299509.600062,105865.43993460259,194716.75720589998,76.93527771428572,38.649500989992326,0.023329589167101317,7,64,,True,False,Request timeout: 300.0s exceeded,29,56.69694568066818
146,2026-09-19T05:46:42.026+00:00,2026-09-19T05:51:42.100+00:00,2026-09-19T05:51:42.100+00:00,False,1,0.0,,0.0,300073.90386,300073.90386,300073.90386,300073.90386,300073.90386,300073.90386,nan,300073.90386,nan,nan,0.0,7,64,,True,False,"HTTPConnectionPool(host='gpu03', port=9002): Read timed out.",0,56.69694568066818
147,2026-09-19T05:46:42.509+00:00,2026-09-19T05:51:42.537+00:00,2026-09-19T05:51:42.537+00:00,False,1,0.0,,0.0,300027.68452,300027.68452,300027.68452,300027.68452,300027.68452,300027.68452,nan,300027.68452,nan,nan,0.0,7,64,,True,False,TTFT timeout: 300.0s exceeded (TTFT: 300.019s),0,56.69694568066818
148,2026-09-19T05:46:43.039+00:00,2026-09-19T05:51:42.819+00:00,2026-09-19T05:51:43.139+00:00,False,5,4.0,,4.0,299779.185028,300099.280516,300099.28040299995,60019.856080599995,0.020730000000000002,299779.185028,134029.5474537772,239845.90271059997,80.023872,53.513317193676365,0.013328922325712598,7,64,,True,False,Request timeout: 300.0s exceeded,17,56.69694568066818
149,2026-09-19T05:46:43.563+00:00,2026-09-19T05:51:43.643+00:00,2026-09-19T05:51:43.643+00:00,False,1,0.0,,0.0,300079.925624,300079.925624,300079.925624,300079.925624,300079.925624,300079.925624,nan,300079.925624,nan,nan,0.0,7,64,,True,False,"HTTPConnectionPool(host='gpu03', port=9002): Read timed out.",0,56.69694568066818
150,2026-09-19T05:46:44.187+00:00,2026-09-19T05:51:44.198+00:00,2026-09-19T05:51:44.198+00:00,False,1,0.0,,0.0,300011.538704,300011.538704,300011.538704,300011.538704,300011.538704,300011.538704,nan,300011.538704,nan,nan,0.0,7,64,,True,False,TTFT timeout: 300.0s exceeded (TTFT: 300.005s),0,56.69694568066818
151,2026-09-19T05:46:44.800+00:00,2026-09-19T05:51:44.629+00:00,2026-09-19T05:51:44.841+00:00,False,4,3.0,,3.0,299828.92285399995,300040.8419579999,300040.84175699996,75010.21043924999,0.02775,299828.92285399995,149879.1499487431,254870.94959224996,70.63970133333333,61.23298098418653,0.009998638786715388,7,64,,True,False,Request timeout: 300.0s exceeded,4,56.69694568066818
152,2026-09-19T05:46:45.464+00:00,2026-09-19T05:51:45.501+00:00,2026-09-19T05:51:45.501+00:00,False,1,0.0,,0.0,300036.811121,300036.811121,300036.811121,300036.811121,300036.811121,300036.811121,nan,300036.811121,nan,nan,0.0,7,64,,True,False,"HTTPConnectionPool(host='gpu03', port=9002): Read timed out.",0,56.69694568066818
153,2026-09-19T05:46:46.139+00:00,2026-09-19T05:51:46.012+00:00,2026-09-19T05:51:46.172+00:00,False,3,2.0,,2.0,299872.98291,300032.936574,300032.936433,100010.97881100001,0.02091,299872.98291,173085.5912685678,269901.67788030003,79.976832,113.07463331893321,0.00666593482314806,7,64,,True,False,Request timeout: 300.0s exceeded,7,56.69694568066818
154,2026-09-19T05:46:46.762+00:00,2026-09-19T05:51:46.487+00:00,2026-09-19T05:51:46.787+00:00,False,5,4.0,,4.0,299724.16069499997,300024.37061499996,300024.37051399995,60004.87410279999,0.040119,299724.16069499997,134007.16210027982,239799.9223908,75.05248,50.071053576097825,0.013332250282870911,7,64,,True,False,Request timeout: 300.0s exceeded,29,56.69694568066818
155,2026-09-19T05:46:47.274+00:00,2026-09-19T05:51:47.305+00:00,2026-09-19T05:51:47.305+00:00,False,1,0.0,,0.0,300031.640584,300031.640584,300031.640584,300031.640584,300031.640584,300031.640584,nan,300031.640584,nan,nan,0.0,7,64,,True,False,"HTTPConnectionPool(host='gpu03', port=9002): Read timed out.",0,56.69694568066818
156,2026-09-19T05:46:47.896+00:00,2026-09-19T05:51:47.826+00:00,2026-09-19T05:51:47.932+00:00,False,3,2.0,,2.0,299930.92500700004,300036.07291100005,300036.072685,100012.02422833335,0.022789999999999998,299930.92500700004,173134.85474630905,269948.3449951,52.573952,74.318574504147,0.006665865142799884,7,64,,True,False,Request timeout: 300.0s exceeded,5,56.69694568066818
157,2026-09-19T05:46:48.599+00:00,2026-09-19T05:51:48.703+00:00,2026-09-19T05:51:48.703+00:00,False,1,0.0,,0.0,300104.50611400005,300104.50611400005,300104.50611400005,300104.50611400005,300104.50611400005,300104.50611400005,nan,300104.50611400005,nan,nan,0.0,7,64,,True,False,"HTTPConnectionPool(host='gpu03', port=9002): Read timed out.",0,56.69694568066818
158,2026-09-19T05:46:49.279+00:00,2026-09-19T05:51:49.243+00:00,2026-09-19T05:51:49.393+00:00,False,3,2.0,,2.0,299963.861845,300113.70837300003,300113.708346,100037.902782,0.02691,299963.861845,173140.97562364343,269982.4576196,74.923264,105.91948202550327,0.006664140771318168,7,64,,True,False,Request timeout: 300.0s exceeded,4,56.69694568066818
159,2026-09-19T05:46:49.848+00:00,2026-09-19T05:51:49.654+00:00,2026-09-19T05:51:49.865+00:00,False,4,3.0,,3.0,299805.20335100003,300016.171671,300016.17185200006,75004.04296300001,0.03601,299805.20335100003,149867.44868071174,254851.59605555,70.32277333333333,61.53521801651725,0.00999946097335654,7,64,,True,False,Request timeout: 300.0s exceeded,10,56.69694568066818
160,2026-09-19T05:46:50.416+00:00,2026-09-19T05:51:50.753+00:00,2026-09-19T05:51:51.460+00:00,False,8,7.0,,7.0,300337.654519,301044.52325499995,301044.523192,37630.565399,0.03563,300337.654519,106149.70297126757,195270.39470854998,100.981248,47.61251616009309,0.023252374513621846,7,64,,True,False,Request timeout: 300.0s exceeded,20,56.69694568066818
161,2026-09-19T05:46:51.060+00:00,2026-09-19T05:51:51.253+00:00,2026-09-19T05:51:51.464+00:00,True,3,3.0,,3.0,300193.527832,300404.48796,300404.488073,100134.82935766666,101.243291,300193.527832,173255.91517862785,270185.1467438,105.480064,5.991559001726345,0.009986535222467986,7,64,,True,True,,6,56.69694568066818
162,2026-09-19T05:46:51.737+00:00,2026-09-19T05:51:51.840+00:00,2026-09-19T05:51:51.840+00:00,False,1,0.0,,0.0,300102.896499,300102.896499,300102.896499,300102.896499,300102.896499,300102.896499,nan,300102.896499,nan,nan,0.0,7,64,,True,False,"HTTPConnectionPool(host='gpu03', port=9002): Read timed out.",0,56.69694568066818
163,2026-09-19T05:46:52.405+00:00,2026-09-19T05:51:52.494+00:00,2026-09-19T05:51:52.494+00:00,False,1,0.0,,0.0,300088.39107099996,300088.39107099996,300088.39107099996,300088.39107099996,300088.39107099996,300088.39107099996,nan,300088.39107099996,nan,nan,0.0,7,64,,True,False,"HTTPConnectionPool(host='gpu03', port=9002): Read timed out.",0,56.69694568066818
164,2026-09-19T05:46:52.855+00:00,2026-09-19T05:51:52.768+00:00,2026-09-19T05:51:52.989+00:00,False,3,2.0,,2.0,299912.856131,300134.195523,300134.195457,100044.731819,0.02428,299912.856131,173090.9084250198,269943.7020225,110.669696,156.47619135307056,0.006663685877295296,7,64,,True,False,Request timeout: 300.0s exceeded,4,56.69694568066818
165,2026-09-19T05:46:53.524+00:00,2026-09-19T05:51:53.072+00:00,2026-09-19T05:51:53.576+00:00,False,7,6.0,,6.0,299548.274164,300052.687092,300052.687084,42864.66958342857,0.05165,299548.274164,113186.83687142734,209715.3931234,84.06882133333333,41.413129973955236,0.01999648814396494,7,64,,True,False,Request timeout: 300.0s exceeded,13,56.69694568066818
166,2026-09-19T05:46:54.245+00:00,2026-09-19T05:51:54.285+00:00,2026-09-19T05:51:54.285+00:00,False,1,0.0,,0.0,300039.983325,300039.983325,300039.983325,300039.983325,300039.983325,300039.983325,nan,300039.983325,nan,nan,0.0,7,64,,True,False,TTFT timeout: 300.0s exceeded (TTFT: 300.035s),0,56.69694568066818
167,2026-09-19T05:46:54.723+00:00,2026-09-19T05:51:54.645+00:00,2026-09-19T05:51:54.780+00:00,False,3,2.0,,2.0,299921.85303399997,300057.20714599994,300057.20713999995,100019.06904666666,0.023710000000000002,299921.85303399997,173120.90243927695,269943.2007702,67.677056,95.67614086019047,0.006665395639128417,7,64,,True,False,Request timeout: 300.0s exceeded,9,56.69694568066818
168,2026-09-19T05:46:55.652+00:00,2026-09-19T05:51:54.780+00:00,2026-09-19T05:51:55.809+00:00,False,12,11.0,,11.0,299128.253,300157.201224,300157.20127200003,25013.100106,0.02634,299128.253,86323.89300937891,134679.54231495003,93.54074763636363,36.9848039350668,0.0366474632464039,7,64,,True,False,Request timeout: 300.0s exceeded,44,56.69694568066818
169,2026-09-19T05:46:55.821+00:00,2026-09-19T05:51:56.109+00:00,2026-09-19T05:51:56.109+00:00,False,1,0.0,,0.0,300288.53458,300288.53458,300288.53458,300288.53458,300288.53458,300288.53458,nan,300288.53458,nan,nan,0.0,7,64,,True,False,"HTTPConnectionPool(host='gpu03', port=9002): Read timed out.",0,56.69694568066818
170,2026-09-19T05:46:56.302+00:00,2026-09-19T05:51:56.318+00:00,2026-09-19T05:51:56.318+00:00,False,1,0.0,,0.0,300016.336466,300016.336466,300016.336466,300016.336466,300016.336466,300016.336466,nan,300016.336466,nan,nan,0.0,7,64,,True,False,"HTTPConnectionPool(host='gpu03', port=9002): Read timed out.",0,56.69694568066818
171,2026-09-19T05:46:56.857+00:00,2026-09-19T05:51:56.944+00:00,2026-09-19T05:51:56.944+00:00,False,1,0.0,,0.0,300087.548069,300087.548069,300087.548069,300087.548069,300087.548069,300087.548069,nan,300087.548069,nan,nan,0.0,7,64,,True,False,"HTTPConnectionPool(host='gpu03', port=9002): Read timed out.",0,56.69694568066818
172,2026-09-19T05:46:57.404+00:00,2026-09-19T05:51:57.289+00:00,2026-09-19T05:51:57.509+00:00,False,4,3.0,,3.0,299884.603057,300104.61611299997,300104.616277,75026.15406925,0.037,299884.603057,149905.64184318148,254919.91648719995,73.33768533333333,64.2690783497285,0.00999651401186843,7,64,,True,False,Request timeout: 300.0s exceeded,22,56.69694568066818
173,2026-09-19T05:46:58.015+00:00,2026-09-19T05:51:57.506+00:00,2026-09-19T05:51:58.117+00:00,False,8,7.0,,7.0,299490.40393699997,300101.49590499996,300101.49577499996,37512.686971874995,0.0378,299490.40393699997,105854.98896358986,194705.05660145,87.29885257142857,38.49719266358595,0.023325441877223824,7,64,,True,False,Request timeout: 300.0s exceeded,42,56.69694568066818
174,2026-09-19T05:46:58.506+00:00,2026-09-19T05:51:58.612+00:00,2026-09-19T05:51:58.612+00:00,False,1,0.0,,0.0,300106.582408,300106.582408,300106.582408,300106.582408,300106.582408,300106.582408,nan,300106.582408,nan,nan,0.0,7,64,,True,False,"HTTPConnectionPool(host='gpu03', port=9002): Read timed out.",0,56.69694568066818
175,2026-09-19T05:46:59.229+00:00,2026-09-19T05:51:59.077+00:00,2026-09-19T05:51:59.313+00:00,False,4,3.0,,3.0,299847.61786299996,300083.73920699995,300083.73932299996,75020.93483074999,0.04147,299847.61786299996,149884.46578209454,254889.21428949997,78.70711466666667,68.47369822283139,0.009997209472022001,7,64,,True,False,Request timeout: 300.0s exceeded,10,56.69694568066818
176,2026-09-19T05:46:59.909+00:00,2026-09-19T05:51:59.949+00:00,2026-09-19T05:51:59.949+00:00,False,1,0.0,,0.0,300040.83305400005,300040.83305400005,300040.83305400005,300040.83305400005,300040.83305400005,300040.83305400005,nan,300040.83305400005,nan,nan,0.0,7,64,,True,False,"HTTPConnectionPool(host='gpu03', port=9002): Read timed out.",0,56.69694568066818
177,2026-09-19T05:47:00.639+00:00,2026-09-19T05:52:00.662+00:00,2026-09-19T05:52:00.662+00:00,False,1,0.0,,0.0,300022.878466,300022.878466,300022.878466,300022.878466,300022.878466,300022.878466,nan,300022.878466,nan,nan,0.0,7,64,,True,False,TTFT timeout: 300.0s exceeded (TTFT: 300.017s),0,56.69694568066818
178,2026-09-19T05:47:01.300+00:00,2026-09-19T05:52:01.425+00:00,2026-09-19T05:52:01.425+00:00,False,1,0.0,,0.0,300125.607371,300125.607371,300125.607371,300125.607371,300125.607371,300125.607371,nan,300125.607371,nan,nan,0.0,7,64,,True,False,"HTTPConnectionPool(host='gpu03', port=9002): Read timed out.",0,56.69694568066818
179,2026-09-19T05:47:01.958+00:00,2026-09-19T05:52:02.037+00:00,2026-09-19T05:52:02.037+00:00,False,1,0.0,,0.0,300078.384383,300078.384383,300078.384383,300078.384383,300078.384383,300078.384383,nan,300078.384383,nan,nan,0.0,7,64,,True,False,"HTTPConnectionPool(host='gpu03', port=9002): Read timed out.",0,56.69694568066818
180,2026-09-19T05:47:02.667+00:00,2026-09-19T05:52:02.459+00:00,2026-09-19T05:52:02.684+00:00,False,4,3.0,,3.0,299791.714549,300016.414965,300016.414927,75004.10373175,0.093619,299791.714549,149858.418557749,254844.3128188,74.90013866666668,71.42113018983906,0.00999945286443737,7,64,,True,False,Request timeout: 300.0s exceeded,8,56.69694568066818
181,2026-09-19T05:47:03.144+00:00,2026-09-19T05:52:03.225+00:00,2026-09-19T05:52:03.225+00:00,False,1,0.0,,0.0,300081.053617,300081.053617,300081.053617,300081.053617,300081.053617,300081.053617,nan,300081.053617,nan,nan,0.0,7,64,,True,False,"HTTPConnectionPool(host='gpu03', port=9002): Read timed out.",0,56.69694568066818
182,2026-09-19T05:47:03.843+00:00,2026-09-19T05:52:03.937+00:00,2026-09-19T05:52:05.054+00:00,False,12,11.0,,11.0,300094.375475,301211.159347,301211.159221,25100.929935083335,0.023039999999999998,300094.375475,86600.48317160553,135122.07440945003,101.52580654545454,36.290917371209815,0.03651923130553017,7,64,,True,False,Request timeout: 300.0s exceeded,52,56.69694568066818
183,2026-09-19T05:47:04.248+00:00,2026-09-19T05:52:04.083+00:00,2026-09-19T05:52:05.152+00:00,False,12,11.0,,11.0,299835.527207,300904.190503,300904.190671,25075.349222583332,0.02222,299835.527207,86527.02181789874,134995.78695555002,97.15120872727273,33.192780432366646,0.03655648657339098,7,64,,True,False,Request timeout: 300.0s exceeded,44,56.69694568066818
185,2026-09-19T05:47:05.203+00:00,2026-09-19T05:52:05.280+00:00,2026-09-19T05:52:05.280+00:00,False,1,0.0,,0.0,300077.612466,300077.612466,300077.612466,300077.612466,300077.612466,300077.612466,nan,300077.612466,nan,nan,0.0,7,64,,True,False,"HTTPConnectionPool(host='gpu03', port=9002): Read timed out.",0,56.69694568066818
186,2026-09-19T05:47:05.609+00:00,2026-09-19T05:52:05.620+00:00,2026-09-19T05:52:05.620+00:00,False,1,0.0,,0.0,300010.82555400004,300010.82555400004,300010.82555400004,300010.82555400004,300010.82555400004,300010.82555400004,nan,300010.82555400004,nan,nan,0.0,7,64,,True,False,"HTTPConnectionPool(host='gpu03', port=9002): Read timed out.",0,56.69694568066818
184,2026-09-19T05:47:04.672+00:00,2026-09-19T05:52:05.770+00:00,2026-09-19T05:52:05.770+00:00,False,1,0.0,,0.0,301097.688288,301097.688288,301097.688288,301097.688288,301097.688288,301097.688288,nan,301097.688288,nan,nan,0.0,7,64,,True,False,"HTTPConnectionPool(host='gpu03', port=9002): Read timed out.",0,56.69694568066818
187,2026-09-19T05:47:06.328+00:00,2026-09-19T05:52:06.345+00:00,2026-09-19T05:52:06.548+00:00,False,3,2.0,,2.0,300016.45410000003,300220.04578000004,300220.04561000003,100073.34853666667,0.03068,300016.45410000003,173155.83863347833,270035.16477300005,101.79584,143.9176128805255,0.006661780344493024,7,64,,True,False,Request timeout: 300.0s exceeded,8,56.69694568066818
188,2026-09-19T05:47:07.027+00:00,2026-09-19T05:52:06.648+00:00,2026-09-19T05:52:07.045+00:00,False,8,7.0,,7.0,299620.851764,300018.186292,300018.186218,37502.27327725,0.0219,299620.851764,105911.90404717934,194787.72750275,56.76207542857143,33.102551211935186,0.023331918929698083,7,64,,True,False,Request timeout: 300.0s exceeded,33,56.69694568066818
189,2026-09-19T05:47:07.671+00:00,2026-09-19T05:52:07.760+00:00,2026-09-19T05:52:07.760+00:00,False,1,0.0,,0.0,300089.188432,300089.188432,300089.188432,300089.188432,300089.188432,300089.188432,nan,300089.188432,nan,nan,0.0,7,64,,True,False,"HTTPConnectionPool(host='gpu03', port=9002): Read timed out.",0,56.69694568066818
190,2026-09-19T05:47:08.367+00:00,2026-09-19T05:52:08.268+00:00,2026-09-19T05:52:08.385+00:00,False,3,2.0,,2.0,299901.697176,300017.829528,300017.82936,100005.94312,0.03517,299901.697176,173114.8108476006,269923.1371598,58.066176,82.0680122776116,0.006666270478479495,7,64,,True,False,Request timeout: 300.0s exceeded,7,56.69694568066818
191,2026-09-19T05:47:08.816+00:00,2026-09-19T05:52:08.872+00:00,2026-09-19T05:52:08.872+00:00,False,1,0.0,,0.0,300055.699457,300055.699457,300055.699457,300055.699457,300055.699457,300055.699457,nan,300055.699457,nan,nan,0.0,7,64,,True,False,"HTTPConnectionPool(host='gpu03', port=9002): Read timed out.",0,56.69694568066818
192,2026-09-19T05:47:09.346+00:00,2026-09-19T05:52:09.405+00:00,2026-09-19T05:52:09.405+00:00,False,1,0.0,,0.0,300059.178279,300059.178279,300059.178279,300059.178279,300059.178279,300059.178279,nan,300059.178279,nan,nan,0.0,7,64,,True,False,"HTTPConnectionPool(host='gpu03', port=9002): Read timed out.",0,56.69694568066818
193,2026-09-19T05:47:10.061+00:00,2026-09-19T05:52:09.862+00:00,2026-09-19T05:52:10.205+00:00,False,5,4.0,,4.0,299801.51292199997,300143.74728999997,300143.747391,60028.74947819999,0.02213,299801.51292199997,134037.05913403965,239867.70246039997,85.558592,58.51888141297029,0.01332694762464995,7,64,,True,False,Request timeout: 300.0s exceeded,13,56.69694568066818
194,2026-09-19T05:47:10.782+00:00,2026-09-19T05:52:10.883+00:00,2026-09-19T05:52:10.883+00:00,False,1,0.0,,0.0,300101.36901599995,300101.36901599995,300101.36901599995,300101.36901599995,300101.36901599995,300101.36901599995,nan,300101.36901599995,nan,nan,0.0,7,64,,True,False,"HTTPConnectionPool(host='gpu03', port=9002): Read timed out.",0,56.69694568066818
195,2026-09-19T05:47:11.299+00:00,2026-09-19T05:52:11.359+00:00,2026-09-19T05:52:11.359+00:00,False,1,0.0,,0.0,300060.376228,300060.376228,300060.376228,300060.376228,300060.376228,300060.376228,nan,300060.376228,nan,nan,0.0,7,64,,True,False,TTFT timeout: 300.0s exceeded (TTFT: 300.052s),0,56.69694568066818
196,2026-09-19T05:47:11.849+00:00,2026-09-19T05:52:11.634+00:00,2026-09-19T05:52:11.933+00:00,False,5,4.0,,4.0,299784.29600599996,300083.41587799997,300083.415901,60016.683180199994,0.023289999999999998,299784.29600599996,134034.17721982932,239847.47206939996,74.779968,49.838926658050525,0.013329626991536963,7,64,,True,False,Request timeout: 300.0s exceeded,12,56.69694568066818
197,2026-09-19T05:47:12.449+00:00,2026-09-19T05:52:12.531+00:00,2026-09-19T05:52:12.531+00:00,False,1,0.0,,0.0,300081.619228,300081.619228,300081.619228,300081.619228,300081.619228,300081.619228,nan,300081.619228,nan,nan,0.0,7,64,,True,False,"HTTPConnectionPool(host='gpu03', port=9002): Read timed out.",0,56.69694568066818
198,2026-09-19T05:47:12.971+00:00,2026-09-19T05:52:12.943+00:00,2026-09-19T05:52:13.094+00:00,False,3,2.0,,2.0,299971.86764,300123.26885600004,300123.268678,100041.08955933334,0.038049,299971.86764,173145.14934806852,269989.8171749,75.700608,107.00288275136606,0.006663928483864426,7,64,,True,False,Request timeout: 300.0s exceeded,4,56.69694568066818
199,2026-09-19T05:47:13.446+00:00,2026-09-19T05:52:13.357+00:00,2026-09-19T05:52:13.357+00:00,True,1,1.0,,1.0,299911.046107,299911.046107,299911.046107,299911.046107,299911.046107,299911.046107,nan,299911.046107,nan,nan,0.003334322003075631,7,64,,True,True,,1,56.69694568066818
200,2026-09-19T05:47:13.967+00:00,2026-09-19T05:52:14.069+00:00,2026-09-19T05:52:14.069+00:00,False,1,0.0,,0.0,300102.517858,300102.517858,300102.517858,300102.517858,300102.517858,300102.517858,nan,300102.517858,nan,nan,0.0,7,64,,True,False,"HTTPConnectionPool(host='gpu03', port=9002): Read timed out.",0,56.69694568066818
201,2026-09-19T05:47:14.553+00:00,2026-09-19T05:52:14.644+00:00,2026-09-19T05:52:14.644+00:00,False,1,0.0,,0.0,300090.408312,300090.408312,300090.408312,300090.408312,300090.408312,300090.408312,nan,300090.408312,nan,nan,0.0,7,64,,True,False,TTFT timeout: 300.0s exceeded (TTFT: 300.077s),0,56.69694568066818
202,2026-09-19T05:47:15.143+00:00,2026-09-19T05:52:14.915+00:00,2026-09-19T05:52:15.254+00:00,False,5,4.0,,4.0,299771.89664999995,300111.05236199993,300111.05223699997,60022.21044739999,0.02091,299771.89664999995,134024.1579506076,239841.00796639998,84.788928,56.611711548134394,0.01332839949917979,7,64,,True,False,Request timeout: 300.0s exceeded,12,56.69694568066818
203,2026-09-19T05:47:15.826+00:00,2026-09-19T05:52:15.933+00:00,2026-09-19T05:52:15.933+00:00,False,1,0.0,,0.0,300107.886129,300107.886129,300107.886129,300107.886129,300107.886129,300107.886129,nan,300107.886129,nan,nan,0.0,7,64,,True,False,"HTTPConnectionPool(host='gpu03', port=9002): Read timed out.",0,56.69694568066818
204,2026-09-19T05:47:16.290+00:00,2026-09-19T05:52:16.392+00:00,2026-09-19T05:52:16.392+00:00,False,1,0.0,,0.0,300101.787073,300101.787073,300101.787073,300101.787073,300101.787073,300101.787073,nan,300101.787073,nan,nan,0.0,7,64,,True,False,TTFT timeout: 300.0s exceeded (TTFT: 300.084s),0,56.69694568066818
205,2026-09-19T05:47:17.648+00:00,2026-09-19T05:52:16.878+00:00,2026-09-19T05:52:17.867+00:00,False,12,11.0,,11.0,299230.114784,300218.130144,300218.129946,25018.177495499996,0.03849,299230.114784,86354.37154504632,134724.99405734998,89.81957818181819,35.29862573932978,0.03664002568640287,7,64,,True,False,Request timeout: 300.0s exceeded,40,56.69694568066818
206,2026-09-19T05:47:17.834+00:00,2026-09-19T05:52:17.980+00:00,2026-09-19T05:52:17.980+00:00,False,1,0.0,,0.0,300145.682152,300145.682152,300145.682152,300145.682152,300145.682152,300145.682152,nan,300145.682152,nan,nan,0.0,7,64,,True,False,"HTTPConnectionPool(host='gpu03', port=9002): Read timed out.",0,56.69694568066818
207,2026-09-19T05:47:17.867+00:00,2026-09-19T05:52:18.000+00:00,2026-09-19T05:52:18.000+00:00,False,1,0.0,,0.0,300132.499152,300132.499152,300132.499152,300132.499152,300132.499152,300132.499152,nan,300132.499152,nan,nan,0.0,7,64,,True,False,"HTTPConnectionPool(host='gpu03', port=9002): Read timed out.",0,56.69694568066818
208,2026-09-19T05:47:18.484+00:00,2026-09-19T05:52:18.558+00:00,2026-09-19T05:52:18.558+00:00,False,1,0.0,,0.0,300073.784347,300073.784347,300073.784347,300073.784347,300073.784347,300073.784347,nan,300073.784347,nan,nan,0.0,7,64,,True,False,"HTTPConnectionPool(host='gpu03', port=9002): Read timed out.",0,56.69694568066818
209,2026-09-19T05:47:19.185+00:00,2026-09-19T05:52:19.142+00:00,2026-09-19T05:52:20.583+00:00,False,17,16.0,,16.0,299956.68859700003,301397.28302900004,301397.283017,17729.251942176474,0.022768999999999998,299956.68859700003,72728.36474751924,60193.788406600004,90.037152,54.3113417010491,0.053086079075439115,7,64,,True,False,Request timeout: 300.0s exceeded,66,56.69694568066818
210,2026-09-19T05:47:19.687+00:00,2026-09-19T05:52:19.397+00:00,2026-09-19T05:52:20.688+00:00,False,17,16.0,,16.0,299710.206298,301000.922714,301000.922687,17705.936628647058,0.023379999999999998,299710.206298,72670.84407277612,60029.426293200006,80.669776,33.29989660467651,0.053155983230000294,7,64,,True,False,Request timeout: 300.0s exceeded,67,56.69694568066818
211,2026-09-19T05:47:20.371+00:00,2026-09-19T05:52:21.501+00:00,2026-09-19T05:52:21.501+00:00,False,1,0.0,,0.0,301129.802743,301129.802743,301129.802743,301129.802743,301129.802743,301129.802743,nan,301129.802743,nan,nan,0.0,7,64,,True,False,"HTTPConnectionPool(host='gpu03', port=9002): Read timed out.",0,56.69694568066818
0,2026-09-19T05:45:20.773+00:00,2026-09-19T05:45:20.905+00:00,2026-09-19T05:45:21.167+00:00,True,6,6.0,,6.0,132.08448499999997,393.94816499999996,393.948179,65.65802983333333,28.489064,132.08448499999997,39.52058062582915,119.69626849999997,52.372736,25.071850813473183,15.230430125242494,8,64,,False,True,,13,56.69694568066818
1,2026-09-19T05:45:21.151+00:00,2026-09-19T05:45:21.294+00:00,2026-09-19T05:45:27.310+00:00,True,64,64.0,,64.0,142.66849,6158.99361,6158.993728,96.234277,44.887945,162.538801,25.039831811721186,116.64075424999999,95.49722412698414,24.531160494661624,10.391308069566254,8,64,,False,True,,288,56.69694568066818
2,2026-09-19T05:45:21.439+00:00,2026-09-19T05:45:21.754+00:00,2026-09-19T05:45:27.519+00:00,True,61,61.0,,61.0,314.59993699999995,6079.323905,6079.323858,99.66104685245902,45.777913999999996,314.59993699999995,36.79333471770637,116.27097900000001,96.0787328,24.095957762028178,10.034010517161283,8,64,,False,True,,208,56.69694568066818
3,2026-09-19T05:45:21.823+00:00,2026-09-19T05:45:23.598+00:00,2026-09-19T05:45:26.117+00:00,True,28,28.0,,28.0,1774.804355,4293.485443,4293.485428,153.3387652857143,47.722849000000004,1774.804355,318.570722568696,112.837168,93.28448474074075,22.8966094594397,6.521508078163059,8,64,,False,True,,87,56.69694568066818
4,2026-09-19T05:45:22.226+00:00,2026-09-19T05:45:26.428+00:00,2026-09-19T05:45:32.501+00:00,True,62,62.0,,62.0,4202.256741,10275.328869,10275.328793,165.73110956451612,48.531597000000005,4202.256741,521.3371236003742,111.07672059999999,99.55855947540984,17.649251744433503,6.033870135976861,8,64,,False,True,,240,56.69694568066818
5,2026-09-19T05:45:22.644+00:00,2026-09-19T05:45:28.337+00:00,2026-09-19T05:45:34.191+00:00,True,60,60.0,,60.0,5692.939068,11546.90822,11546.90815,192.44846916666665,0.0,5692.939068,722.6856998338859,113.2051427,99.21981613559322,28.16285771902703,5.196196146781186,8,64,,False,True,,245,56.69694568066818
6,2026-09-19T05:45:23.104+00:00,2026-09-19T05:45:30.800+00:00,2026-09-19T05:45:40.010+00:00,True,94,94.0,,94.0,7695.851642,16906.004090000002,16906.004083,179.85110726595744,0.0,7695.851642,784.8758840394006,175.00571785,99.03389729032259,45.8160528694129,5.560154812431492,8,64,,False,True,,433,56.69694568066818
7,2026-09-19T05:45:23.494+00:00,2026-09-19T05:45:32.707+00:00,2026-09-19T05:45:39.398+00:00,True,69,69.0,,69.0,9213.501526,15904.481622,15904.481607,230.4997334347826,0.0,9213.501526,1098.57946382214,244.45557219999998,98.39676611764705,52.77700932301771,4.338399807042765,8,64,,False,True,,225,56.69694568066818
8,2026-09-19T05:45:24.026+00:00,2026-09-19T05:45:35.529+00:00,2026-09-19T05:45:41.380+00:00,True,60,60.0,,60.0,11503.282881,17353.676225,17353.676239,289.22793731666667,0.0,11503.282881,1473.0754745973975,245.20199755,99.15920922033898,49.24609872898385,3.4574806641582363,8,64,,False,True,,219,56.69694568066818
9,2026-09-19T05:45:24.357+00:00,2026-09-19T05:45:37.491+00:00,2026-09-19T05:45:43.949+00:00,True,67,67.0,,67.0,13134.32462,19591.903372,19591.903615,292.4164718656716,0.0,13134.32462,1593.3155894631443,131.3429209,97.8421023030303,46.05857773144902,3.4197800350400787,8,64,,False,True,,324,56.69694568066818
10,2026-09-19T05:45:24.883+00:00,2026-09-19T05:45:40.005+00:00,2026-09-19T05:45:47.939+00:00,True,82,82.0,,82.0,15121.968729,23056.049241,23056.049223,281.1713319878049,0.0,15121.968729,1659.7117551277238,113.16957465,97.95161125925925,44.39845373673035,3.55655035009994,8,64,,False,True,,355,56.69694568066818
11,2026-09-19T05:45:25.186+00:00,2026-09-19T05:45:41.983+00:00,2026-09-19T05:45:50.854+00:00,True,92,92.0,,92.0,16797.661784000004,25668.679512000002,25668.679556000003,279.0073864782609,0.0,16797.661784000004,1741.9968545562615,129.87487665,97.48371129670329,55.76305553932456,3.584134507464257,8,64,,False,True,,387,56.69694568066818
12,2026-09-19T05:45:25.567+00:00,2026-09-19T05:45:44.246+00:00,2026-09-19T05:45:47.217+00:00,True,32,32.0,,32.0,18678.726162,21649.117714,21649.11786,676.534933125,0.0,18678.726162,3285.513840364429,220.21500205,95.81908232258066,57.6166351660756,1.4781202829021673,8,64,,False,True,,117,56.69694568066818
13,2026-09-19T05:45:25.937+00:00,2026-09-19T05:45:46.717+00:00,2026-09-19T05:45:54.279+00:00,True,73,73.0,,73.0,20779.316827,28341.290843,28341.291019,388.2368632739726,0.0,20779.316827,2420.976142233882,223.97871640000002,105.0274168888889,77.81760293765484,2.575747181184947,8,64,,False,True,,108,56.69694568066818
14,2026-09-19T05:45:26.230+00:00,2026-09-19T05:45:48.142+00:00,2026-09-19T05:45:52.817+00:00,True,48,48.0,,48.0,21912.249469000002,26587.087229000004,26587.087137000002,553.8976486875,0.0,21912.249469000002,3149.3452060789714,291.72735695,99.46463319148937,77.81012895435121,1.8053876901431967,8,64,,False,True,,261,56.69694568066818
15,2026-09-19T05:45:26.609+00:00,2026-09-19T05:45:50.216+00:00,2026-09-19T05:45:54.740+00:00,True,46,46.0,,46.0,23607.438498,28131.299489999998,28131.299449,611.5499880217391,0.0,23607.438498,3467.055563354531,382.713006,100.53024426666667,90.34042946766321,1.6351893028031605,8,64,,False,True,,232,56.69694568066818
16,2026-09-19T05:45:27.124+00:00,2026-09-19T05:45:52.917+00:00,2026-09-19T05:46:01.925+00:00,True,96,96.0,,96.0,25793.507535,34801.546959,34801.546917,362.51611371875,0.0,25793.507535,2623.79345201747,114.19632874999999,94.82146762105263,70.30953600605926,2.758498066568662,8,64,,False,True,,476,56.69694568066818
17,2026-09-19T05:45:27.515+00:00,2026-09-19T05:45:54.839+00:00,2026-09-19T05:46:00.340+00:00,True,61,61.0,,61.0,27323.853440000003,32824.406144,32824.406163,538.1050190655739,0.0,27323.853440000003,3487.3658721464735,114.615843,91.6758784,67.5210404150177,1.858373301024678,8,64,,False,True,,334,56.69694568066818
18,2026-09-19T05:45:27.816+00:00,2026-09-19T05:45:56.391+00:00,2026-09-19T05:45:59.963+00:00,True,38,38.0,,38.0,28574.790254,32146.97739,32146.977541,845.9730931842105,0.0,28574.790254,4620.541290012585,180.37335965,96.54559827027028,84.95553860115791,1.1820706979381739,8,64,,False,True,,170,56.69694568066818
19,2026-09-19T05:45:28.260+00:00,2026-09-19T05:45:59.661+00:00,2026-09-19T05:46:02.981+00:00,True,39,39.0,,39.0,31400.3963,34720.658956,34720.659016,890.2733081025641,0.0,31400.3963,5014.228168377137,114.2955576,87.37533305263158,36.86197818137505,1.1232505710626928,8,64,,False,True,,163,56.69694568066818
20,2026-09-19T05:45:28.714+00:00,2026-09-19T05:46:01.705+00:00,2026-09-19T05:46:06.417+00:00,True,47,47.0,,47.0,32990.808975,37703.162255,37703.162067,802.1949375957447,0.0,32990.808975,4797.937426282074,117.7812994,102.44246260869565,81.43533685948164,1.2465797877144138,8,64,,False,True,,201,56.69694568066818
21,2026-09-19T05:45:29.193+00:00,2026-09-19T05:46:04.197+00:00,2026-09-19T05:46:07.418+00:00,True,33,33.0,,33.0,35003.887956,38224.678484,38224.678443,1158.323589181818,0.0,35003.887956,6077.393069010071,595.6868808,100.649704,138.0523104684814,0.8633166139988089,8,64,,False,True,,171,56.69694568066818
22,2026-09-19T05:45:29.621+00:00,2026-09-19T05:46:06.827+00:00,2026-09-19T05:46:07.643+00:00,True,10,10.0,,10.0,37205.964696999996,38021.594521,38021.594636999995,3802.1594636999994,0.01896,37205.964696999996,11737.992843635753,20702.264176749995,90.625536,169.8248453691324,0.26300843312809574,8,64,,False,True,,43,56.69694568066818
23,2026-09-19T05:45:29.998+00:00,2026-09-19T05:46:08.551+00:00,2026-09-19T05:46:10.463+00:00,True,20,20.0,,20.0,38552.738599,40464.47184699999,40464.472036,2023.2236017999999,95.619488,38552.738599,8598.156098876223,2026.9650701,100.61753936842105,2.8396836689810714,0.49426074497208067,8,64,,False,True,,58,56.69694568066818
24,2026-09-19T05:45:30.345+00:00,2026-09-19T05:46:10.266+00:00,2026-09-19T05:46:11.844+00:00,True,17,17.0,,17.0,39920.955652000004,41498.676228000004,41498.676197,2441.0985998235296,93.044803,39920.955652000004,9658.33933488309,8075.5172536,98.607536,5.06210927509077,0.40965162133364036,8,64,,False,True,,88,56.69694568066818
25,2026-09-19T05:45:30.837+00:00,2026-09-19T05:46:12.585+00:00,2026-09-19T05:46:17.758+00:00,True,56,56.0,,56.0,41747.421587,46920.741523,46920.741396,837.8703820714285,36.915604,41747.421587,5566.199228547778,110.83782950000001,94.06036247272726,19.836295549338434,1.1935020245268173,8,64,,False,True,,206,56.69694568066818
26,2026-09-19T05:45:31.353+00:00,2026-09-19T05:46:15.416+00:00,2026-09-19T05:46:24.019+00:00,True,88,88.0,,88.0,44063.608452,52665.651588,52665.651605,598.4733136931818,0.0,44063.608452,4688.142926969844,115.01987185000002,98.87405903448276,118.73338684893078,1.6709182806360838,8,64,,False,True,,377,56.69694568066818
27,2026-09-19T05:45:31.819+00:00,2026-09-19T05:46:18.131+00:00,2026-09-19T05:46:21.008+00:00,True,29,29.0,,29.0,46311.996065,49189.248673,49189.248623,1696.180987,0.0,46311.996065,8581.651101600572,453.5258138,102.75902171428572,120.15772360087227,0.5895597266139605,8,64,,False,True,,118,56.69694568066818
28,2026-09-19T05:45:32.229+00:00,2026-09-19T05:46:20.582+00:00,2026-09-19T05:46:30.657+00:00,True,100,100.0,,100.0,48352.554661,58427.512741,58427.512671000004,584.27512671,0.0,48352.554661,4826.461376202116,116.41108385000001,101.76725333333333,116.1065346271508,1.7115224542123557,8,64,,False,True,,465,56.69694568066818
29,2026-09-19T05:45:32.517+00:00,2026-09-19T05:46:22.771+00:00,2026-09-19T05:46:31.403+00:00,True,93,93.0,,93.0,50253.884443,58886.116123,58886.1163,633.1840462365592,0.0,50253.884443,5202.049286009739,117.05367579999998,93.8286052173913,85.4233617350226,1.5793196448165079,8,64,,False,True,,321,56.69694568066818
30,2026-09-19T05:45:32.909+00:00,2026-09-19T05:46:24.330+00:00,2026-09-19T05:46:25.833+00:00,True,15,15.0,,15.0,51420.704995,52923.920867,52923.92081,3528.2613873333335,99.379809,51420.704995,13249.046796329912,15507.874519099998,107.37256228571428,6.165079550472539,0.2834257128774646,8,64,,False,True,,97,56.69694568066818
31,2026-09-19T05:45:33.240+00:00,2026-09-19T05:46:25.830+00:00,2026-09-19T05:46:31.775+00:00,True,59,59.0,,59.0,52589.863279,58535.190895,58535.191061,992.1218823898305,0.0,52589.863279,6833.997978797477,115.10580680000001,102.50564855172414,100.48479591998192,1.0079406780415865,8,64,,False,True,,285,56.69694568066818
32,2026-09-19T05:45:33.672+00:00,2026-09-19T05:46:28.274+00:00,2026-09-19T05:46:29.772+00:00,True,16,16.0,,16.0,54602.536952,56099.795704000004,56099.795709000005,3506.2372318125003,0.0,54602.536952,13627.077546257142,14255.38289975,99.81725013333335,202.01398508743316,0.2852060297050097,8,64,,False,True,,53,56.69694568066818
33,2026-09-19T05:45:34.079+00:00,2026-09-19T05:46:30.548+00:00,2026-09-19T05:46:34.822+00:00,True,42,42.0,,42.0,56469.051176,60743.64548,60743.645558000004,1446.2772751904763,51.763559,56469.051176,8697.28522757473,115.6281279,104.25839765853658,12.584335330535115,0.691430349102584,8,64,,False,True,,196,56.69694568066818
34,2026-09-19T05:45:34.556+00:00,2026-09-19T05:46:33.336+00:00,2026-09-19T05:46:36.773+00:00,True,34,34.0,,34.0,58780.116117,62217.269141,62217.269344,1829.9196865882352,57.772894,58780.116117,10062.848716763488,113.02750814999999,104.15615224242426,9.773021608171852,0.5464720722947103,8,64,,False,True,,129,56.69694568066818
35,2026-09-19T05:45:34.867+00:00,2026-09-19T05:46:35.033+00:00,2026-09-19T05:46:41.224+00:00,True,63,63.0,,63.0,60165.271982,66356.263854,66356.263749,1053.2740277619048,0.0,60165.271982,7568.731103155444,113.7460264,99.85470761290323,135.86325827611608,0.9494205421000705,8,64,,False,True,,242,56.69694568066818
36,2026-09-19T05:45:35.231+00:00,2026-09-19T05:46:37.732+00:00,2026-09-19T05:46:40.658+00:00,True,35,35.0,,35.0,62500.379289,65426.999192999996,65426.999204,1869.3428344,0.0,62500.379289,10551.03588456397,351.2716672,86.077056,154.16892104709845,0.5349473524951857,8,64,,False,True,,203,56.69694568066818
37,2026-09-19T05:45:35.633+00:00,2026-09-19T05:46:39.395+00:00,2026-09-19T05:46:46.938+00:00,True,77,77.0,,77.0,63762.410531999994,71304.697892,71304.697928,926.0350380259739,43.234328,63762.410531999994,7255.112626508319,112.9620434,99.24062315789473,17.607385887325126,1.079872747187377,8,64,,False,True,,374,56.69694568066818
38,2026-09-19T05:45:36.117+00:00,2026-09-19T05:46:41.740+00:00,2026-09-19T05:46:45.181+00:00,True,36,36.0,,36.0,65623.03036,69063.808344,69063.808217,1918.439117138889,47.906968,65623.03036,10920.804074291646,113.258102,98.3079424,19.552998226364608,0.5212570934502707,8,64,,False,True,,112,56.69694568066818
39,2026-09-19T05:45:36.555+00:00,2026-09-19T05:46:44.128+00:00,2026-09-19T05:46:51.333+00:00,True,65,65.0,,65.0,67572.96957799999,74778.079594,74778.07960399998,1150.4319939076922,49.090264000000005,67572.96957799999,8368.240706264633,111.63247419999999,112.579844,117.29007053095054,0.8692386907087065,8,64,,False,True,,262,56.69694568066818
40,2026-09-19T05:45:37.123+00:00,2026-09-19T05:46:45.481+00:00,2026-09-19T05:46:52.236+00:00,True,71,71.0,,71.0,68357.60937899999,75112.47197099999,75112.47175099999,1057.922137338028,0.0,68357.60937899999,8101.951154739374,111.21339400000001,96.49803702857143,118.04146979862932,0.9452491462058689,8,64,,False,True,,305,56.69694568066818
41,2026-09-19T05:45:37.380+00:00,2026-09-19T05:46:48.080+00:00,2026-09-19T05:46:51.329+00:00,True,33,33.0,,33.0,70700.519287,73949.095287,73949.095376,2240.881678060606,0.0,70700.519287,12290.893653226663,474.48986019999995,101.518,173.3999468296291,0.4462529240138153,8,64,,False,True,,149,56.69694568066818
42,2026-09-19T05:45:37.763+00:00,2026-09-19T05:46:51.339+00:00,2026-09-19T05:46:51.821+00:00,True,15,15.0,,15.0,73575.769476,74058.322308,74058.322123,4937.2214748666665,0.0,73575.769476,18988.340326012072,22149.8819672,34.46805942857142,48.68143440468958,0.20254307054940746,8,64,,False,True,,41,56.69694568066818
43,2026-09-19T05:45:38.274+00:00,2026-09-19T05:46:52.917+00:00,2026-09-19T05:46:53.862+00:00,True,11,11.0,,11.0,74643.557622,75588.18149399999,75588.18141599999,6871.652856,48.060087,74643.557622,22477.410029710285,37380.8441075,94.46238720000001,24.57022374460699,0.14552539540686205,8,64,,False,True,,52,56.69694568066818
44,2026-09-19T05:45:38.611+00:00,2026-09-19T05:46:54.879+00:00,2026-09-19T05:46:55.714+00:00,True,3,3.0,,3.0,76267.810535,77103.096039,77103.09617599999,25701.032058666664,0.046799999999999994,76267.810535,43794.10577397674,68724.5533656,417.642752,590.569791028253,0.038908943403291506,8,64,,False,True,,10,56.69694568066818
45,2026-09-19T05:45:38.998+00:00,2026-09-19T05:46:57.025+00:00,2026-09-19T05:47:04.852+00:00,True,72,72.0,,72.0,78026.255134,85853.87830200001,85853.87828100001,1192.414976125,0.0,78026.255134,9183.437716843528,114.5982715,110.24821363380282,132.90639709320536,0.8386342169276554,8,64,,False,True,,302,56.69694568066818
46,2026-09-19T05:45:39.308+00:00,2026-09-19T05:46:58.998+00:00,2026-09-19T05:47:05.001+00:00,True,62,62.0,,62.0,79689.292268,85692.295404,85692.29548500001,1382.1337981451613,0.0,79689.292268,10109.113070873876,115.44075475,98.40988747540983,147.66812283149778,0.7235189547403105,8,64,,False,True,,220,56.69694568066818
47,2026-09-19T05:45:39.666+00:00,2026-09-19T05:47:01.305+00:00,2026-09-19T05:47:06.134+00:00,True,51,51.0,,51.0,81638.528458,86467.91905,86467.918939,1695.4493909607843,0.0,81638.528458,11419.299043853736,113.893853,96.58781184,163.24041379859585,0.5898141248259866,8,64,,False,True,,186,56.69694568066818
48,2026-09-19T05:45:40.161+00:00,2026-09-19T05:47:04.848+00:00,2026-09-19T05:47:11.127+00:00,True,71,71.0,,71.0,84686.72893099999,90966.11325099999,90966.11332899999,1281.2128637887322,0.0,84686.72893099999,10039.871222095382,112.578091,89.70549028571429,32.435716202743436,0.7805104281425315,8,64,,False,True,,350,56.69694568066818
49,2026-09-19T05:45:40.611+00:00,2026-09-19T05:47:07.081+00:00,2026-09-19T05:47:13.805+00:00,True,69,69.0,,69.0,86469.22902099999,93194.02569299999,93194.02579399999,1350.638054985507,47.063489999999994,86469.22902099999,10397.778265307668,112.66659360000001,98.89406870588236,15.788651977964381,0.7403908081758372,8,64,,False,True,,239,56.69694568066818
50,2026-09-19T05:45:41.076+00:00,2026-09-19T05:47:09.254+00:00,2026-09-19T05:47:15.900+00:00,True,69,69.0,,69.0,88177.757086,94824.545438,94824.54554199999,1374.2687759710145,43.146099,88177.757086,10603.600291689258,111.78134200000001,97.74688752941177,16.80723545752078,0.7276596969833607,8,64,,False,True,,298,56.69694568066818
51,2026-09-19T05:45:41.491+00:00,2026-09-19T05:47:11.592+00:00,2026-09-19T05:47:15.797+00:00,True,45,45.0,,45.0,90100.45677799999,94305.710922,94305.710962,2095.682465822222,42.912709,90100.45677799999,13417.149832115581,110.752762,95.57395781818181,19.66204335121723,0.47717152609367824,8,64,,False,True,,188,56.69694568066818
52,2026-09-19T05:45:42.011+00:00,2026-09-19T05:47:14.887+00:00,2026-09-19T05:47:17.801+00:00,True,30,30.0,,30.0,92875.760379,95789.964027,95789.963951,3192.9987983666665,0.01618,92875.760379,16939.656070538316,695.9267390000001,100.48978096551724,212.46951065079182,0.31318521000325256,8,64,,False,True,,150,56.69694568066818
53,2026-09-19T05:45:42.497+00:00,2026-09-19T05:47:17.630+00:00,2026-09-19T05:47:25.816+00:00,True,90,90.0,,90.0,95133.198024,103319.867848,103319.868046,1147.9985338444444,0.0,95133.198024,10019.182418931683,112.67491300000002,91.98505420224718,139.4018996493226,0.8710812535339704,8,64,,False,True,,310,56.69694568066818
54,2026-09-19T05:45:42.939+00:00,2026-09-19T05:47:20.428+00:00,2026-09-19T05:47:27.190+00:00,True,75,75.0,,75.0,97489.780317,104251.347037,104251.34701299999,1390.0179601733332,0.0,97489.780317,11246.6446966043,114.06933769999999,91.37252324324325,32.14053772818495,0.7194151647113167,8,64,,False,True,,325,56.69694568066818
55,2026-09-19T05:45:43.380+00:00,2026-09-19T05:47:21.707+00:00,2026-09-19T05:47:26.723+00:00,True,51,51.0,,51.0,98326.293227,103342.56740300001,103342.567548,2026.324853882353,46.86467,98326.293227,13754.399388358273,113.38070400000001,100.32548351999999,18.919767224891004,0.4935042865842279,8,64,,False,True,,200,56.69694568066818
56,2026-09-19T05:45:43.771+00:00,2026-09-19T05:47:23.833+00:00,2026-09-19T05:47:31.762+00:00,True,82,82.0,,82.0,100061.876539,107990.707771,107990.70792300001,1316.9598527195124,48.549405,100061.876539,11039.190424392582,110.94265505,97.88680533333333,17.995009756715376,0.7593245909072596,8,64,,False,True,,375,56.69694568066818
57,2026-09-19T05:45:44.161+00:00,2026-09-19T05:47:26.351+00:00,2026-09-19T05:47:30.835+00:00,True,48,48.0,,48.0,102190.73693799999,106674.85725799999,106674.857337,2222.3928611875,45.535693,102190.73693799999,14736.204738922812,109.0385685,95.40681531914895,19.904612809372978,0.4499654485959041,8,64,,True,True,,237,56.69694568066818
58,2026-09-19T05:45:44.611+00:00,2026-09-19T05:47:28.840+00:00,2026-09-19T05:47:31.147+00:00,True,25,25.0,,25.0,104228.97156800001,106536.12088,106536.12090000001,4261.444836000001,48.554576000000004,104228.97156800001,20826.57588763195,108.3804664,96.13122133333333,18.43430667659921,0.2346621952582586,8,64,,True,True,,96,56.69694568066818
59,2026-09-19T05:45:44.945+00:00,2026-09-19T05:47:30.577+00:00,2026-09-19T05:47:35.610+00:00,True,52,52.0,,52.0,105632.047565,110665.66420500001,110665.664324,2128.1858523846154,48.373306,105632.047565,14634.8520054516,111.53309405,98.69836549019608,16.954596770364333,0.4698837744620935,8,64,,True,True,,171,56.69694568066818
60,2026-09-19T05:45:45.406+00:00,2026-09-19T05:47:33.346+00:00,2026-09-19T05:47:41.557+00:00,True,86,86.0,,86.0,107939.298605,116150.557229,116150.557434,1350.5878771395348,44.991664,107939.298605,11628.99620941601,113.10650625,96.60304263529413,21.300048315445146,0.7404183161208965,8,64,,True,True,,374,56.69694568066818
61,2026-09-19T05:45:45.797+00:00,2026-09-19T05:47:35.405+00:00,2026-09-19T05:47:40.852+00:00,True,58,58.0,,58.0,109607.97466400001,115055.31597600001,115055.315967,1983.7123442586208,46.052181,109607.97466400001,14379.699288184025,111.41950134999999,95.56739143859649,21.4620570772242,0.5041053471366636,8,64,,True,True,,236,56.69694568066818
62,2026-09-19T05:45:46.125+00:00,2026-09-19T05:47:36.756+00:00,2026-09-19T05:47:38.745+00:00,True,22,22.0,,22.0,110630.96419,112619.693534,112619.693447,5119.076974863637,52.047097,110630.96419,23566.418798476097,110.08816929999999,94.70139733333333,20.37312176727623,0.1953477168125855,8,64,,True,True,,100,56.69694568066818
63,2026-09-19T05:45:46.540+00:00,2026-09-19T05:47:38.956+00:00,2026-09-19T05:47:47.483+00:00,True,87,87.0,,87.0,112415.59558499999,120942.22496099999,120942.22515999999,1390.1405190804596,45.900942,112415.59558499999,12041.599410290146,111.82201990000002,99.14685320930232,17.2098645055375,0.7193517402880155,8,64,,True,True,,381,56.69694568066818
64,2026-09-19T05:45:46.899+00:00,2026-09-19T05:47:41.226+00:00,2026-09-19T05:47:41.770+00:00,True,6,6.0,,6.0,114326.921702,114870.905574,114870.905368,19145.15089466667,107.009467,114326.921702,46629.35428143401,85772.82797599999,108.7967744,1.6350362529989357,0.052232547223498564,8,64,,True,True,,24,56.69694568066818
65,2026-09-19T05:45:47.383+00:00,2026-09-19T05:47:43.865+00:00,2026-09-19T05:47:51.968+00:00,True,82,82.0,,82.0,116481.223133,124584.97327700001,124584.97316600001,1519.3289410487805,46.089261,116481.223133,12852.160232558677,111.01475024999998,100.04629807407407,15.530901857624304,0.6581853159584716,8,64,,True,True,,389,56.69694568066818
66,2026-09-19T05:45:47.690+00:00,2026-09-19T05:47:45.529+00:00,2026-09-19T05:47:53.803+00:00,True,83,83.0,,83.0,117838.5928,126112.658976,126112.658931,1519.4296256746989,47.851687,117838.5928,12923.3973300472,111.876231,100.90324604878049,13.498083750104868,0.6581417018238859,8,64,,True,True,,441,56.69694568066818
67,2026-09-19T05:45:48.146+00:00,2026-09-19T05:47:48.011+00:00,2026-09-19T05:47:49.799+00:00,True,20,20.0,,20.0,119864.387105,121653.043489,121653.043423,6082.65217115,46.35473,119864.387105,26781.451317923835,6102.2315503,94.13980968421052,23.60329409527032,0.164401969949962,8,64,,True,True,,96,56.69694568066818
68,2026-09-19T05:45:48.548+00:00,2026-09-19T05:47:50.227+00:00,2026-09-19T05:47:55.336+00:00,True,52,52.0,,52.0,121679.08472900001,126788.09823300001,126788.09836100001,2438.2326607884615,43.480377,121679.08472900001,16859.9663966925,110.72914399999999,100.17673537254902,13.58628436361976,0.4101331333516729,8,64,,True,True,,167,56.69694568066818
69,2026-09-19T05:45:48.835+00:00,2026-09-19T05:47:51.760+00:00,2026-09-19T05:47:55.896+00:00,True,43,43.0,,43.0,122925.14003,127060.493886,127060.49379,2954.8952044186044,48.546755,122925.14003,18730.898184856636,110.48884100000001,98.46080609523808,14.131967408641597,0.33842147692720326,8,64,,True,True,,188,56.69694568066818
70,2026-09-19T05:45:49.252+00:00,2026-09-19T05:47:53.698+00:00,2026-09-19T05:47:54.258+00:00,True,7,7.0,,7.0,124446.421996,125006.326508,125006.326325,17858.046617857144,50.987610000000004,124446.421996,47001.05952682461,87143.6675347,93.31741866666667,20.911593180690893,0.055997165867857274,8,64,,True,True,,22,56.69694568066818
71,2026-09-19T05:45:49.775+00:00,2026-09-19T05:47:55.898+00:00,2026-09-19T05:47:56.605+00:00,True,9,9.0,,9.0,126123.130384,126829.798672,126829.798806,14092.199867333335,48.586824,126123.130384,42011.60427761325,75715.2653048,88.333536,22.631708756131594,0.07096124171319776,8,64,,True,True,,47,56.69694568066818
72,2026-09-19T05:45:50.197+00:00,2026-09-19T05:47:58.590+00:00,2026-09-19T05:48:07.608+00:00,True,91,91.0,,91.0,128392.73560500001,137411.155829,137411.155842,1510.0127015604396,44.942423000000005,128392.73560500001,13448.721040748318,111.8506065,100.20466915555556,16.122290058934546,0.6622460851231329,8,64,,True,True,,369,56.69694568066818
73,2026-09-19T05:45:50.599+00:00,2026-09-19T05:48:00.991+00:00,2026-09-19T05:48:01.096+00:00,True,2,2.0,,2.0,130391.19091599999,130496.917892,130496.91799599999,65248.458997999995,105.72708,130391.19091599999,92125.7349684703,123876.91772419999,105.726976,nan,0.015326032463503938,8,64,,True,True,,4,56.69694568066818
74,2026-09-19T05:45:50.930+00:00,2026-09-19T05:48:02.751+00:00,2026-09-19T05:48:03.169+00:00,True,5,5.0,,5.0,131821.01748100002,132238.544777,132238.54492600003,26447.708985200003,101.66938,131821.01748100002,58905.47027580389,105478.66799520003,104.381824,3.38947795829702,0.03781045842898326,8,64,,True,True,,11,56.69694568066818
75,2026-09-19T05:45:51.266+00:00,2026-09-19T05:48:04.117+00:00,2026-09-19T05:48:06.132+00:00,True,22,22.0,,22.0,132851.43751000002,134865.99623000002,134865.99627600002,6130.272558000001,49.121704,132851.43751000002,28303.57767484192,111.19822854999998,95.9313676190476,22.69498938908861,0.16312488406997178,8,64,,True,True,,99,56.69694568066818
76,2026-09-19T05:45:51.732+00:00,2026-09-19T05:48:06.556+00:00,2026-09-19T05:48:07.821+00:00,True,13,13.0,,13.0,134823.817621,136088.723861,136088.723847,10468.363372846154,92.36575199999999,134823.817621,37364.16423914011,53996.8631374,105.40885333333333,5.337991265874481,0.09552591596992342,8,64,,True,True,,16,56.69694568066818
77,2026-09-19T05:45:52.264+00:00,2026-09-19T05:48:09.833+00:00,2026-09-19T05:48:18.289+00:00,True,85,85.0,,85.0,137568.664928,146025.14518400002,146025.145156,1717.9428841882354,46.899208,137568.664928,14910.504952141286,111.0920032,100.672384,15.217659577848066,0.5820915287767401,8,64,,True,True,,386,56.69694568066818
78,2026-09-19T05:45:52.693+00:00,2026-09-19T05:48:12.165+00:00,2026-09-19T05:48:21.760+00:00,True,96,96.0,,96.0,139472.03127099999,149067.35568699997,149067.355574,1552.7849538958333,44.661464,139472.03127099999,14224.504006895366,112.90397149999998,101.00341490526316,15.205139451659765,0.6440041788999955,8,64,,True,True,,409,56.69694568066818
79,2026-09-19T05:45:53.073+00:00,2026-09-19T05:48:13.978+00:00,2026-09-19T05:48:15.840+00:00,True,20,20.0,,20.0,140905.042616,142766.897592,142766.897362,7138.3448681,46.88993,140905.042616,31485.418814186436,7151.895297549999,97.99236715789473,18.599805270245053,0.14008849626442194,8,64,,True,True,,73,56.69694568066818
80,2026-09-19T05:45:53.516+00:00,2026-09-19T05:48:16.575+00:00,2026-09-19T05:48:19.560+00:00,True,30,30.0,,30.0,143058.847709,146043.294941,146043.294894,4868.1098298,45.058563,143058.847709,26100.068459291324,116.20098490000001,102.91197351724138,16.245989312698985,0.20541853709969837,8,64,,True,True,,90,56.69694568066818
81,2026-09-19T05:45:53.971+00:00,2026-09-19T05:48:19.353+00:00,2026-09-19T05:48:26.358+00:00,True,74,74.0,,74.0,145381.731852,152387.06253999998,152387.062588,2059.2846295675677,44.723415,145381.731852,16889.139491493814,112.71291744999999,95.96343408219178,20.246922141330224,0.48560552822898456,8,64,,True,True,,248,56.69694568066818
82,2026-09-19T05:45:54.351+00:00,2026-09-19T05:48:21.442+00:00,2026-09-19T05:48:27.207+00:00,True,61,61.0,,61.0,147091.19047600002,152856.22753200002,152856.22758900002,2505.839796540984,47.265389000000006,147091.19047600002,18820.80616283439,110.558938,96.08395093333334,20.851433365390072,0.39906781022205867,8,64,,True,True,,211,56.69694568066818
83,2026-09-19T05:45:54.850+00:00,2026-09-19T05:48:23.835+00:00,2026-09-19T05:48:26.784+00:00,True,33,33.0,,33.0,148984.305713,151933.555761,151933.555881,4604.047147909091,47.459747,148984.305713,25918.80576784249,111.06998180000001,92.164064,23.99513801619107,0.21720020856953318,8,64,,True,True,,75,56.69694568066818
84,2026-09-19T05:45:55.352+00:00,2026-09-19T05:48:26.780+00:00,2026-09-19T05:48:32.669+00:00,True,60,60.0,,60.0,151428.047788,157316.477356,157316.47738,2621.9412896666668,48.769816,151428.047788,19536.39964778433,112.581474,99.80389098305085,17.111798954863147,0.3813967933201476,8,64,,True,True,,200,56.69694568066818
85,2026-09-19T05:45:55.853+00:00,2026-09-19T05:48:29.461+00:00,2026-09-19T05:48:30.354+00:00,True,10,10.0,,10.0,153607.49288,154500.107792,154500.107763,15450.0107763,49.588252999999995,153607.49288,48543.59444134416,84534.4417877,99.17943466666667,19.311626558351215,0.06472487393641675,8,64,,True,True,,46,56.69694568066818
86,2026-09-19T05:45:56.149+00:00,2026-09-19T05:48:31.339+00:00,2026-09-19T05:48:31.913+00:00,True,7,7.0,,7.0,155190.02662599998,155763.69779399998,155763.69771199996,22251.956815999998,50.721391000000004,155190.02662599998,58620.18247274446,108667.05129579999,95.61186133333332,22.890494935766874,0.04493986788409206,8,64,,True,True,,21,56.69694568066818
87,2026-09-19T05:45:56.668+00:00,2026-09-19T05:48:33.617+00:00,2026-09-19T05:48:33.831+00:00,True,3,3.0,,3.0,156949.093478,157163.638886,157163.63892199998,52387.879640666666,105.17273200000001,156949.093478,90552.66745801787,141265.1214014,107.272704,2.9698032261495038,0.01908838470058635,8,64,,True,True,,12,56.69694568066818
88,2026-09-19T05:45:57.143+00:00,2026-09-19T05:48:36.370+00:00,2026-09-19T05:48:46.353+00:00,True,99,99.0,,99.0,159226.71273899998,169210.27395499998,169210.27378099997,1709.1946846565654,48.044707,159226.71273899998,15992.654565189532,112.71984210000001,101.87307363265306,14.430385508793272,0.5850708570233046,8,64,,True,True,,537,56.69694568066818
89,2026-09-19T05:45:57.473+00:00,2026-09-19T05:48:38.146+00:00,2026-09-19T05:48:44.768+00:00,True,65,65.0,,65.0,160673.075539,167294.74261100002,167294.7426,2573.765270769231,47.334599000000004,160673.075539,19916.213306065434,113.1378542,103.463548,12.879876993428603,0.38853581998772324,8,64,,True,True,,245,56.69694568066818
90,2026-09-19T05:45:57.936+00:00,2026-09-19T05:48:40.678+00:00,2026-09-19T05:48:49.167+00:00,True,86,86.0,,86.0,162741.476913,171230.686513,171230.686311,1991.054491988372,43.853086000000005,162741.476913,17538.102702951655,112.2668505,99.87305411764706,16.337850710424732,0.5022464241155209,8,64,,True,True,,323,56.69694568066818
91,2026-09-19T05:45:58.299+00:00,2026-09-19T05:48:42.593+00:00,2026-09-19T05:48:42.899+00:00,True,4,4.0,,4.0,164294.198951,164600.566695,164600.566761,41150.14169025,97.355481,164294.198951,82096.03824637017,139665.88093565,102.12258133333333,4.226637236039702,0.024301252907663932,8,64,,True,True,,17,56.69694568066818
92,2026-09-19T05:45:58.799+00:00,2026-09-19T05:48:45.377+00:00,2026-09-19T05:48:53.631+00:00,True,84,84.0,,84.0,166578.744196,174832.604804,174832.60490900002,2081.3405346309523,44.041946,166578.744196,18164.388180946928,110.20267799999999,99.44410371084336,16.455666046423264,0.48045958071819655,8,64,,True,True,,380,56.69694568066818
93,2026-09-19T05:45:59.257+00:00,2026-09-19T05:48:48.127+00:00,2026-09-19T05:48:54.365+00:00,True,62,62.0,,62.0,168870.510274,175108.365506,175108.365349,2824.328473370968,47.793887000000005,168870.510274,21433.592784625333,110.23397355000002,102.25992183606557,12.44890849593133,0.35406646519052565,8,64,,True,True,,157,56.69694568066818
94,2026-09-19T05:45:59.636+00:00,2026-09-19T05:48:49.847+00:00,2026-09-19T05:48:53.942+00:00,True,41,41.0,,41.0,170210.784032,174305.7992,174305.799068,4251.360952878049,51.1058,170210.784032,26566.472898341617,112.47227600000001,102.3753792,12.329716419816352,0.23521879471695742,8,64,,True,True,,128,56.69694568066818
95,2026-09-19T05:46:00.003+00:00,2026-09-19T05:48:51.785+00:00,2026-09-19T05:48:55.818+00:00,True,41,41.0,,41.0,171781.757947,175814.749435,175814.749599,4288.164624365853,49.335194,171781.757947,26812.06103711926,111.284289,100.8247872,14.573526144087426,0.23320000245575528,8,64,,True,True,,145,56.69694568066818
96,2026-09-19T05:46:00.527+00:00,2026-09-19T05:48:54.568+00:00,2026-09-19T05:48:55.302+00:00,True,8,8.0,,8.0,174040.734211,174774.75763500002,174774.757724,21846.8447155,99.013507,174040.734211,61495.61808327986,113165.83959689998,104.86048914285715,5.188405267722618,0.04577320036516496,8,64,,True,True,,41,56.69694568066818
97,2026-09-19T05:46:00.941+00:00,2026-09-19T05:48:57.036+00:00,2026-09-19T05:49:04.682+00:00,True,78,78.0,,78.0,176094.705089,183740.978113,183740.978271,2355.653567576923,45.191163,176094.705089,19927.562734653675,109.84104185,99.30224706493506,17.355537273180023,0.42451063884089213,8,64,,True,True,,315,56.69694568066818
98,2026-09-19T05:46:01.302+00:00,2026-09-19T05:48:58.735+00:00,2026-09-19T05:48:59.399+00:00,True,8,8.0,,8.0,177432.892002,178097.035106,178097.035219,22262.129402375,53.347044000000004,177432.892002,62698.45865574763,115369.1404109,94.87758628571429,18.67421393288772,0.04491933285266962,8,64,,True,True,,30,56.69694568066818
99,2026-09-19T05:46:01.697+00:00,2026-09-19T05:49:00.691+00:00,2026-09-19T05:49:02.518+00:00,True,20,20.0,,20.0,178993.781211,180820.669403,180820.669615,9041.03348075,47.106899,178993.781211,40002.73116028306,9054.300962,96.15201010526316,20.89936411397086,0.1106068242421194,8,64,,True,True,,53,56.69694568066818
100,2026-09-19T05:46:02.093+00:00,2026-09-19T05:49:03.249+00:00,2026-09-19T05:49:07.934+00:00,True,47,47.0,,47.0,181156.736864,185841.492064,185841.492222,3954.074302595745,43.160737999999995,181156.736864,26409.576159164688,113.55597890000001,101.8425043478261,17.28456717428019,0.2529036948531072,8,64,,True,True,,208,56.69694568066818
101,2026-09-19T05:46:02.532+00:00,2026-09-19T05:49:06.112+00:00,2026-09-19T05:49:07.131+00:00,True,11,11.0,,11.0,183579.734672,184598.62952,184598.629445,16781.69358590909,51.183509,183579.734672,55320.654532785666,91847.2983255,101.88948479999999,18.312639768980528,0.05958874141483389,8,64,,True,True,,49,56.69694568066818
102,2026-09-19T05:46:02.989+00:00,2026-09-19T05:49:08.202+00:00,2026-09-19T05:49:16.919+00:00,True,87,87.0,,87.0,185212.827169,193929.710881,193929.710871,2229.0771364482757,46.005462,185212.827169,19846.03966281418,114.5487526,101.35911293023256,16.931223871867658,0.44861614862812493,8,64,,True,True,,333,56.69694568066818
103,2026-09-19T05:46:03.358+00:00,2026-09-19T05:49:10.244+00:00,2026-09-19T05:49:14.297+00:00,True,41,41.0,,41.0,186886.812882,190939.135186,190939.135087,4657.052075292683,48.949014000000005,186886.812882,29170.998610248218,113.379603,101.3080576,14.78910097543008,0.2147281119717054,8,64,,True,True,,128,56.69694568066818
104,2026-09-19T05:46:03.710+00:00,2026-09-19T05:49:12.044+00:00,2026-09-19T05:49:14.604+00:00,True,27,27.0,,27.0,188334.521069,190894.244845,190894.244696,7070.157210962963,48.811575,188334.521069,36226.052942939976,111.3967373,98.45091446153846,18.104912436761275,0.14143957049057782,8,64,,True,True,,76,56.69694568066818
105,2026-09-19T05:46:04.182+00:00,2026-09-19T05:49:14.719+00:00,2026-09-19T05:49:21.846+00:00,True,72,72.0,,72.0,190537.08538499998,197663.663049,197663.66314,2745.328654722222,45.190984,190537.08538499998,22443.188104668232,113.18799975000002,100.37433329577465,17.17111441738046,0.3642551134051963,8,64,,True,True,,308,56.69694568066818
106,2026-09-19T05:46:04.545+00:00,2026-09-19T05:49:16.705+00:00,2026-09-19T05:49:24.592+00:00,True,80,80.0,,80.0,192159.498959,200046.37511899997,200046.37495499998,2500.5796869375,45.016494,192159.498959,21472.93009739685,111.1252643,99.83387544303797,17.139928891655853,0.399907271263531,8,64,,True,True,,335,56.69694568066818
107,2026-09-19T05:46:04.992+00:00,2026-09-19T05:49:18.928+00:00,2026-09-19T05:49:19.660+00:00,True,10,10.0,,10.0,193936.26021,194668.096626,194668.096628,19466.809662800002,47.11435899999999,193936.26021,61302.32251041105,106714.39263540001,81.31515733333333,29.490133531550377,0.05136948566981772,8,64,,True,True,,45,56.69694568066818
108,2026-09-19T05:46:05.401+00:00,2026-09-19T05:49:21.325+00:00,2026-09-19T05:49:31.355+00:00,True,98,98.0,,98.0,195924.544423,205954.783655,205954.783575,2101.579424234694,50.869440000000004,195924.544423,19780.92608960393,111.63489585,103.40452816494845,12.34964761836612,0.47583259908234155,8,64,,True,True,,467,56.69694568066818
109,2026-09-19T05:46:05.843+00:00,2026-09-19T05:49:23.954+00:00,2026-09-19T05:49:25.340+00:00,True,14,14.0,,14.0,198111.734506,199496.86065000002,199496.860678,14249.775762714286,93.54633100000001,198111.734506,52919.11224807074,69412.26128485001,106.54816492307692,5.267904646683006,0.07017654290090203,8,64,,True,True,,52,56.69694568066818
110,2026-09-19T05:46:06.344+00:00,2026-09-19T05:49:26.573+00:00,2026-09-19T05:49:27.104+00:00,True,6,6.0,,6.0,200228.91843299998,200760.256417,200760.25641399997,33460.04273566666,103.470647,200228.91843299998,81699.73011385991,150199.0384805,106.26759679999999,2.3326008796884223,0.02988639338822807,8,64,,True,True,,31,56.69694568066818
111,2026-09-19T05:46:06.847+00:00,2026-09-19T05:49:29.467+00:00,2026-09-19T05:49:31.243+00:00,True,18,18.0,,18.0,202619.465848,204395.62098399998,204395.620959,11355.3122755,44.760424,202619.465848,47733.24255313548,30493.81350955,104.47971388235295,16.104867322036906,0.08806450898186823,8,64,,True,True,,71,56.69694568066818
112,2026-09-19T05:46:07.346+00:00,2026-09-19T05:49:30.015+00:00,2026-09-19T05:49:38.577+00:00,True,84,84.0,,84.0,202669.09897,211230.79676199998,211230.79684599998,2514.6523434047617,47.022458,202669.09897,22101.762059396508,114.28355099999999,103.15298544578314,15.50966954479689,0.3976692853866631,8,64,,True,True,,395,56.69694568066818
113,2026-09-19T05:46:07.615+00:00,2026-09-19T05:49:33.843+00:00,2026-09-19T05:49:38.787+00:00,True,49,49.0,,49.0,206227.623712,211171.990048,211171.990018,4309.632449346939,42.935099,206227.623712,29446.37760623357,113.9040578,103.007632,15.277163774058552,0.23203834935145592,8,64,,True,True,,219,56.69694568066818
114,2026-09-19T05:46:08.064+00:00,2026-09-19T05:49:36.816+00:00,2026-09-19T05:49:38.785+00:00,True,21,21.0,,21.0,208752.179472,210720.580112,210720.579959,10034.313331380952,45.814872,208752.179472,45531.98637241522,112.040506,98.420032,17.502941265756128,0.09965803999228884,8,64,,True,True,,88,56.69694568066818
115,2026-09-19T05:46:08.487+00:00,2026-09-19T05:49:38.981+00:00,2026-09-19T05:49:40.372+00:00,True,15,15.0,,15.0,210494.238312,211884.654696,211884.654675,14125.643645,48.013759,210494.238312,54323.73746623199,63225.0617022,99.315456,15.205323344967033,0.07079323427891059,8,64,,True,True,,61,56.69694568066818
116,2026-09-19T05:46:08.814+00:00,2026-09-19T05:49:40.835+00:00,2026-09-19T05:49:48.844+00:00,True,84,84.0,,84.0,212021.42556099998,220030.36482499997,220030.36495,2619.4091065476186,42.88063,212021.42556099998,23122.915979730114,113.45209284999999,96.49324414457831,21.819353414941936,0.3817654898077771,8,64,,True,True,,358,56.69694568066818
117,2026-09-19T05:46:09.151+00:00,2026-09-19T05:49:42.780+00:00,2026-09-19T05:49:46.747+00:00,True,41,41.0,,41.0,213628.768828,217596.384572,217596.384703,5307.228895195122,49.011646999999996,213628.768828,33347.72252752894,112.168402,99.1903936,18.47446582234813,0.18842224828617773,8,64,,True,True,,185,56.69694568066818
118,2026-09-19T05:46:09.446+00:00,2026-09-19T05:49:44.267+00:00,2026-09-19T05:49:52.630+00:00,True,88,88.0,,88.0,214820.80043099998,223184.346799,223184.346764,2536.185758681818,45.334495000000004,214820.80043099998,22889.735626445658,113.0530984,96.13271687356321,20.572281457273085,0.39429288506175064,8,64,,True,True,,309,56.69694568066818
119,2026-09-19T05:46:09.847+00:00,2026-09-19T05:49:46.313+00:00,2026-09-19T05:49:55.329+00:00,True,95,95.0,,95.0,216466.09607300002,225482.00237700003,225482.00239500002,2373.494762052632,42.989671,216466.09607300002,22199.120930409732,111.0262997,95.91389685106384,19.685604114163098,0.4213196574383905,8,64,,True,True,,384,56.69694568066818
120,2026-09-19T05:46:10.344+00:00,2026-09-19T05:49:48.735+00:00,2026-09-19T05:49:53.815+00:00,True,53,53.0,,53.0,218391.178374,223470.929542,223470.92967800001,4216.432635433963,47.64528,218391.178374,29984.92142014394,111.5204936,97.68752246153846,16.422620502235954,0.23716731347841363,8,64,,True,True,,123,56.69694568066818
121,2026-09-19T05:46:10.870+00:00,2026-09-19T05:49:51.256+00:00,2026-09-19T05:49:59.965+00:00,True,89,89.0,,89.0,220385.25173699998,229094.60316099998,229094.602975,2574.0966626404493,45.816564,220385.25173699998,23350.305493342625,111.681261,98.96990254545454,17.277232909940906,0.3884857991938544,8,64,,True,True,,342,56.69694568066818
122,2026-09-19T05:46:11.253+00:00,2026-09-19T05:49:53.493+00:00,2026-09-19T05:50:00.184+00:00,True,68,68.0,,68.0,222239.865528,228930.747064,228930.746972,3366.6286319411765,43.609599,222239.865528,26938.43746904308,110.94569500000001,99.86390352238806,17.184112583166208,0.2970330585650423,8,64,,True,True,,323,56.69694568066818
123,2026-09-19T05:46:11.609+00:00,2026-09-19T05:49:55.542+00:00,2026-09-19T05:50:03.490+00:00,True,81,81.0,,81.0,223933.32122,231881.372164,231881.372139,2862.7329893703704,47.66643,223933.32122,24870.448191869018,113.12769999999999,99.3506368,18.798817793021627,0.34931654597382705,8,64,,True,True,,461,56.69694568066818
124,2026-09-19T05:46:11.964+00:00,2026-09-19T05:49:57.236+00:00,2026-09-19T05:50:03.278+00:00,True,63,63.0,,63.0,225272.26175600002,231313.71993200004,231313.71988600004,3671.6463473968256,49.910535,225272.26175600002,28369.367991474242,114.047434,97.44287380645162,20.66741389036266,0.27235738553908645,8,64,,True,True,,231,56.69694568066818
125,2026-09-19T05:46:12.423+00:00,2026-09-19T05:49:59.967+00:00,2026-09-19T05:50:00.986+00:00,True,11,11.0,,11.0,227543.875507,228563.09598699998,228563.09605999998,20778.463278181818,50.137133999999996,227543.875507,68576.3313987385,113826.8074775,101.922048,18.31069047482828,0.04812675446357118,8,64,,True,True,,47,56.69694568066818
126,2026-09-19T05:46:12.874+00:00,2026-09-19T05:50:02.593+00:00,2026-09-19T05:50:04.626+00:00,True,21,21.0,,21.0,229718.313133,231751.94231699998,231751.942292,11035.806775809524,44.847677000000004,229718.313133,50106.45886617543,113.420308,101.6814592,14.301580087064542,0.09061412728647307,8,64,,True,True,,61,56.69694568066818
127,2026-09-19T05:46:13.314+00:00,2026-09-19T05:50:04.728+00:00,2026-09-19T05:50:06.266+00:00,True,17,17.0,,17.0,231414.126511,232952.49604700002,232952.49624900002,13703.088014647059,49.505417,231414.126511,56102.853212608985,46370.9563638,96.148096,18.104629019383818,0.07297625176151844,8,64,,True,True,,98,56.69694568066818
128,2026-09-19T05:46:13.716+00:00,2026-09-19T05:50:07.659+00:00,2026-09-19T05:50:15.812+00:00,True,82,82.0,,82.0,233942.82907,242095.88532600002,242095.88518800001,2952.3888437560977,47.865099,233942.82907,25823.55380201302,114.00019255,100.65501550617283,17.20446513615478,0.33870877189664306,8,64,,True,True,,294,56.69694568066818
129,2026-09-19T05:46:14.096+00:00,2026-09-19T05:50:09.656+00:00,2026-09-19T05:50:19.522+00:00,True,100,100.0,,100.0,235559.944865,245425.697697,245425.69785,2454.2569785,47.76121,235559.944865,23546.036340707782,112.88412045,99.65406901010101,18.585918055087166,0.4074552947729987,8,64,,True,True,,543,56.69694568066818
130,2026-09-19T05:46:14.430+00:00,2026-09-19T05:50:11.618+00:00,2026-09-19T05:50:12.041+00:00,True,5,5.0,,5.0,237188.293225,237611.602025,237611.601941,47522.3203882,97.649005,237188.293225,106026.50229207582,189773.77395879998,105.8272,7.916371544708936,0.02104274352509913,8,64,,True,True,,20,56.69694568066818
131,2026-09-19T05:46:14.822+00:00,2026-09-19T05:50:13.766+00:00,2026-09-19T05:50:23.407+00:00,True,99,99.0,,99.0,238943.801785,248584.558265,248584.558238,2510.9551337171715,42.488152,238943.801785,24004.875891349035,112.5861741,98.37506612244898,18.824733684605455,0.3982548260075852,8,64,,True,True,,456,56.69694568066818
132,2026-09-19T05:46:15.345+00:00,2026-09-19T05:50:16.649+00:00,2026-09-19T05:50:21.876+00:00,True,56,56.0,,56.0,241304.037414,246530.52010199998,246530.52021,4402.330718035714,44.849567,241304.037414,32232.917201472996,112.23770525000002,95.02695796363636,21.97452166068011,0.22715240278092327,8,64,,True,True,,219,56.69694568066818
133,2026-09-19T05:46:15.721+00:00,2026-09-19T05:50:19.155+00:00,2026-09-19T05:50:20.668+00:00,True,16,16.0,,16.0,243434.53294,244947.168844,244947.169086,15309.198067875,49.092206,243434.53294,60833.42437873675,60945.268693000005,100.8423936,15.087287845115611,0.06532020792691812,8,64,,True,True,,60,56.69694568066818
134,2026-09-19T05:46:16.243+00:00,2026-09-19T05:50:21.478+00:00,2026-09-19T05:50:31.023+00:00,True,98,98.0,,98.0,245235.206748,254780.298076,254780.29795,2599.7989586734693,44.518437,245235.206748,24762.56202573597,110.95943600000001,98.4030033814433,16.467315069654305,0.38464512656613253,8,64,,True,True,,474,56.69694568066818
135,2026-09-19T05:46:16.766+00:00,2026-09-19T05:50:24.080+00:00,2026-09-19T05:50:27.058+00:00,True,34,34.0,,34.0,247314.25739500002,250291.77726700003,250291.77723000004,7361.522859705883,45.122116,247314.25739500002,42398.57718720524,108.79080195,90.2278749090909,22.73559904703228,0.1358414582023217,8,64,,True,True,,127,56.69694568066818
136,2026-09-19T05:46:17.252+00:00,2026-09-19T05:50:26.750+00:00,2026-09-19T05:50:28.198+00:00,True,16,16.0,,16.0,249498.33017,250946.648634,250946.648655,15684.1655409375,50.001785000000005,249498.33017,62350.44659223434,62457.929018,96.55456426666666,18.962021627878123,0.06375857213911486,8,64,,True,True,,71,56.69694568066818
137,2026-09-19T05:46:17.544+00:00,2026-09-19T05:50:28.194+00:00,2026-09-19T05:50:31.658+00:00,True,34,34.0,,34.0,250649.629827,254113.431683,254113.431651,7473.924460323529,96.010949,250649.629827,42968.05596826788,112.58283809999999,104.9636926060606,4.324778548714387,0.13379851578414056,8,64,,True,True,,166,56.69694568066818
138,2026-09-19T05:46:17.839+00:00,2026-09-19T05:50:29.779+00:00,2026-09-19T05:50:32.175+00:00,True,24,24.0,,24.0,251939.60399399998,254336.34485799997,254336.34478499996,10597.347699375,92.876596,251939.60399399998,51405.68561466656,114.6147217,104.20612452173913,5.532506746659132,0.09436323390351302,8,64,,True,True,,111,56.69694568066818
139,2026-09-19T05:46:18.205+00:00,2026-09-19T05:50:31.554+00:00,2026-09-19T05:50:32.480+00:00,True,10,10.0,,10.0,253349.034798,254275.156526,254275.156495,25427.5156495,99.407681,253349.034798,80083.45873573776,139390.0846167,102.90241422222222,2.634615244367277,0.039327475545089224,8,64,,True,True,,75,56.69694568066818
140,2026-09-19T05:46:18.685+00:00,2026-09-19T05:50:34.012+00:00,2026-09-19T05:50:35.010+00:00,True,11,11.0,,11.0,255327.525226,256325.16746599998,256325.167679,23302.287970818183,51.403641,255327.525226,76954.06715011744,127718.67682149999,99.764224,17.36473371898445,0.042914240957080754,8,64,,True,True,,35,56.69694568066818
141,2026-09-19T05:46:19.057+00:00,2026-09-19T05:50:36.161+00:00,2026-09-19T05:50:45.484+00:00,True,94,94.0,,94.0,257104.620953,266427.852953,266427.852827,2834.338859861702,44.824726999999996,257104.620953,26507.983040670966,112.86035215,100.2498064516129,18.172885689632846,0.3528159648405167,8,64,,True,True,,384,56.69694568066818
142,2026-09-19T05:46:19.558+00:00,2026-09-19T05:50:38.514+00:00,2026-09-19T05:50:47.143+00:00,True,88,88.0,,88.0,258955.675905,267584.718337,267584.71833,3040.735435568182,47.104532,258955.675905,27594.200443676567,111.98803614999999,99.18439577011495,17.889250365861237,0.3288678088453898,8,64,,True,True,,396,56.69694568066818
143,2026-09-19T05:46:19.937+00:00,2026-09-19T05:50:41.242+00:00,2026-09-19T05:50:46.411+00:00,True,52,52.0,,52.0,261304.917236,266473.640436,266473.640483,5124.493086211539,49.922165,261304.917236,36222.42018347701,113.09633684999999,101.3475137254902,13.14589146845562,0.19514125267669405,8,64,,True,True,,202,56.69694568066818
144,2026-09-19T05:46:20.378+00:00,2026-09-19T05:50:43.262+00:00,2026-09-19T05:50:46.778+00:00,True,37,37.0,,37.0,262884.448081,266400.119633,266400.119767,7200.003236945946,50.297934999999995,262884.448081,43201.88564529002,113.6599392,97.65754311111111,17.39378968558501,0.13888882651769152,8,64,,True,True,,120,56.69694568066818
145,2026-09-19T05:46:20.743+00:00,2026-09-19T05:50:45.074+00:00,2026-09-19T05:50:54.348+00:00,True,98,98.0,,98.0,264330.572569,273605.10978500004,273605.109856,2791.8888760816326,42.213403,264330.572569,26691.76829199003,110.10663719999998,95.61378573195876,19.002762325776615,0.3581804450838246,8,64,,True,True,,423,56.69694568066818
146,2026-09-19T05:46:21.158+00:00,2026-09-19T05:50:47.445+00:00,2026-09-19T05:50:48.539+00:00,True,12,12.0,,12.0,266287.175483,267381.354811,267381.354672,22281.779556,54.975134,266287.175483,76841.77279698192,119889.26176929999,99.470848,14.99653328181726,0.044879718739110536,8,64,,True,True,,50,56.69694568066818
147,2026-09-19T05:46:21.560+00:00,2026-09-19T05:50:49.894+00:00,2026-09-19T05:50:55.128+00:00,True,55,55.0,,55.0,268334.05039,273567.903062,273567.9032,4973.961876363636,44.988547,268334.05039,36169.09089633136,110.1373602,96.92319762962963,17.265410682872293,0.2010469773112787,8,64,,True,True,,142,56.69694568066818
148,2026-09-19T05:46:22.762+00:00,2026-09-19T05:50:53.016+00:00,2026-09-19T05:50:54.440+00:00,True,15,15.0,,15.0,270253.879856,271677.354544,271677.35452,18111.823634666667,88.290398,270253.879856,69752.99913349951,81152.4121638,101.67676342857143,5.901349676715472,0.05521255176080805,8,64,,True,True,,74,56.69694568066818
149,2026-09-19T05:46:22.827+00:00,2026-09-19T05:50:53.727+00:00,2026-09-19T05:50:55.913+00:00,True,23,23.0,,23.0,270899.521717,273085.859253,273085.85909,11873.298221304347,48.09785,270899.521717,56465.7353464239,110.19525640000002,99.3789789090909,16.33455701461135,0.08422259601033272,8,64,,True,True,,105,56.69694568066818
150,2026-09-19T05:46:22.933+00:00,2026-09-19T05:50:57.231+00:00,2026-09-19T05:50:57.597+00:00,True,5,5.0,,5.0,274298.106112,274663.76704,274663.767003,54932.7534006,53.753586999999996,274298.106112,122628.96208735589,219459.8236766,91.415232,25.21732992467183,0.018204075673628393,8,64,,True,True,,26,56.69694568066818
151,2026-09-19T05:46:23.407+00:00,2026-09-19T05:50:59.528+00:00,2026-09-19T05:51:03.299+00:00,True,39,39.0,,39.0,276121.498394,279891.942426,279891.942292,7176.716469025641,44.746358,276121.498394,44198.94113789045,112.1809457,99.22221136842104,18.186490576937885,0.13933948816804942,8,64,,True,True,,129,56.69694568066818
152,2026-09-19T05:46:23.925+00:00,2026-09-19T05:51:02.284+00:00,2026-09-19T05:51:08.288+00:00,True,63,63.0,,63.0,278358.688598,284362.386006,284362.385961,4513.688666047618,46.298684,278358.688598,35057.70470245059,111.4665791,96.83382916129032,21.13878972029162,0.2215482887341883,8,64,,True,True,,308,56.69694568066818
153,2026-09-19T05:46:24.301+00:00,2026-09-19T05:51:04.260+00:00,2026-09-19T05:51:04.900+00:00,True,7,7.0,,7.0,279959.63335799996,280599.53018999996,280599.530139,40085.64716271428,103.240083,279959.63335799996,105774.4856210293,196005.54627389996,106.649472,3.3147914690060367,0.024946584890075015,8,64,,True,True,,18,56.69694568066818
154,2026-09-19T05:46:24.771+00:00,2026-09-19T05:51:07.051+00:00,2026-09-19T05:51:11.975+00:00,True,52,52.0,,52.0,282279.50757,287203.290226,287203.29019100004,5523.14019598077,43.63675,282279.50757,39131.740884743536,110.35003315,96.54475796078431,19.31595960115438,0.1810564215997708,8,64,,True,True,,277,56.69694568066818
155,2026-09-19T05:46:25.175+00:00,2026-09-19T05:51:09.319+00:00,2026-09-19T05:51:12.972+00:00,True,37,37.0,,37.0,284144.077306,287797.848826,287797.848761,7778.320236783784,44.687217,284144.077306,46696.3151480879,112.6408094,101.49365333333333,14.011407055721126,0.1285624619882752,8,64,,True,True,,187,56.69694568066818
156,2026-09-19T05:46:25.473+00:00,2026-09-19T05:51:10.777+00:00,2026-09-19T05:51:16.465+00:00,True,58,58.0,,58.0,285303.868645,290991.19715699996,290991.197024,5017.0896038620685,44.510728,285303.868645,37449.13503148108,111.33054835000002,99.77769319298245,15.646563341231783,0.1993187442323452,8,64,,True,True,,247,56.69694568066818
157,2026-09-19T05:46:25.877+00:00,2026-09-19T05:51:12.662+00:00,2026-09-19T05:51:19.576+00:00,True,70,70.0,,70.0,286785.427752,293698.79735199997,293698.797387,4195.697105528571,46.293444,286785.427752,34265.44300676742,111.03628995000001,100.19376231884058,15.938159472802674,0.23833941654212676,8,64,,True,True,,315,56.69694568066818
158,2026-09-19T05:46:26.169+00:00,2026-09-19T05:51:14.329+00:00,2026-09-19T05:51:17.624+00:00,True,34,34.0,,34.0,288159.948783,291454.842351,291454.842352,8572.201245647058,44.095729,288159.948783,49401.90318369816,111.9920523,99.84525963636364,17.464428491142456,0.11665615066039524,8,64,,True,True,,156,56.69694568066818
159,2026-09-19T05:46:26.660+00:00,2026-09-19T05:51:16.937+00:00,2026-09-19T05:51:23.240+00:00,True,64,64.0,,64.0,290276.31549199997,296579.63478799997,296579.634577,4634.056790265625,44.069589,290276.31549199997,36272.03744461793,113.7516791,100.05268723809525,18.40144412892396,0.21579364357147537,8,64,,True,True,,358,56.69694568066818
160,2026-09-19T05:46:27.027+00:00,2026-09-19T05:51:18.739+00:00,2026-09-19T05:51:20.246+00:00,True,16,16.0,,16.0,291712.56808399997,293219.157524,293219.157617,18326.1973510625,52.1001,291712.56808399997,72903.03338587692,73009.2912125,100.439296,13.63705338210015,0.05456669385147661,8,64,,True,True,,64,56.69694568066818
161,2026-09-19T05:46:27.493+00:00,2026-09-19T05:51:21.248+00:00,2026-09-19T05:51:27.573+00:00,False,65,64.0,,64.0,293754.745452,300079.485548,300079.485609,4616.607470907692,0.03481,293754.745452,36423.541299298005,113.40480819999999,98.824064,22.80804600882182,0.21327682524889793,8,64,,True,False,Request timeout: 300.0s exceeded,281,56.69694568066818
162,2026-09-19T05:46:27.799+00:00,2026-09-19T05:51:23.614+00:00,2026-09-19T05:51:27.883+00:00,False,44,43.0,,43.0,295815.205579,300084.018891,300084.018824,6820.091336909091,0.03743,295815.205579,44580.85951261461,113.3863413,99.27472818604652,22.509302693563782,0.14329320221354058,8,64,,True,False,Request timeout: 300.0s exceeded,138,56.69694568066818
163,2026-09-19T05:46:28.293+00:00,2026-09-19T05:51:26.506+00:00,2026-09-19T05:51:26.506+00:00,True,1,1.0,,1.0,298213.157432,298213.157432,298213.157432,298213.157432,298213.157432,298213.157432,nan,298213.157432,nan,nan,0.0033533061002783715,8,64,,True,True,,2,56.69694568066818
164,2026-09-19T05:46:28.755+00:00,2026-09-19T05:51:28.408+00:00,2026-09-19T05:51:29.492+00:00,False,12,11.0,,11.0,299652.543953,300737.35752099997,300737.35760399996,25061.446466999998,0.0375,299652.543953,86473.77519434558,134908.62576579998,98.61941527272727,32.965181187154805,0.03657676615460681,8,64,,True,False,Request timeout: 300.0s exceeded,39,56.69694568066818
165,2026-09-19T05:46:29.120+00:00,2026-09-19T05:51:29.280+00:00,2026-09-19T05:51:29.602+00:00,False,5,4.0,,4.0,300160.177638,300481.613542,300481.613401,60096.3226802,0.03871,300160.177638,134199.78272711762,240150.84725039997,80.358976,53.741613780095584,0.013311962595145268,8,64,,True,False,Request timeout: 300.0s exceeded,29,56.69694568066818
166,2026-09-19T05:46:29.575+00:00,2026-09-19T05:51:29.622+00:00,2026-09-19T05:51:29.622+00:00,False,1,0.0,,0.0,300046.719721,300046.719721,300046.719721,300046.719721,300046.719721,300046.719721,nan,300046.719721,nan,nan,0.0,8,64,,True,False,"HTTPConnectionPool(host='gpu03', port=9002): Read timed out.",0,56.69694568066818
167,2026-09-19T05:46:30.073+00:00,2026-09-19T05:51:30.130+00:00,2026-09-19T05:51:30.130+00:00,False,1,0.0,,0.0,300056.972403,300056.972403,300056.972403,300056.972403,300056.972403,300056.972403,nan,300056.972403,nan,nan,0.0,8,64,,True,False,"HTTPConnectionPool(host='gpu03', port=9002): Read timed out.",0,56.69694568066818
168,2026-09-19T05:46:30.547+00:00,2026-09-19T05:51:30.661+00:00,2026-09-19T05:51:30.661+00:00,False,1,0.0,,0.0,300114.072496,300114.072496,300114.072496,300114.072496,300114.072496,300114.072496,nan,300114.072496,nan,nan,0.0,8,64,,True,False,"HTTPConnectionPool(host='gpu03', port=9002): Read timed out.",0,56.69694568066818
169,2026-09-19T05:46:30.862+00:00,2026-09-19T05:51:30.980+00:00,2026-09-19T05:51:30.980+00:00,False,1,0.0,,0.0,300117.737584,300117.737584,300117.737584,300117.737584,300117.737584,300117.737584,nan,300117.737584,nan,nan,0.0,8,64,,True,False,"HTTPConnectionPool(host='gpu03', port=9002): Read timed out.",0,56.69694568066818
170,2026-09-19T05:46:31.166+00:00,2026-09-19T05:51:30.984+00:00,2026-09-19T05:51:31.210+00:00,False,4,3.0,,3.0,299818.072297,300044.409833,300044.409758,75011.1024395,0.024739999999999998,299818.072297,149871.32272784124,254862.42498894996,75.44584533333332,65.31927457268573,0.00999851989133793,8,64,,True,False,Request timeout: 300.0s exceeded,10,56.69694568066818
171,2026-09-19T05:46:31.533+00:00,2026-09-19T05:51:31.207+00:00,2026-09-19T05:51:31.634+00:00,True,6,6.0,,6.0,299673.616257,300100.505985,300100.50599700003,50016.7509995,48.554688,299673.616257,122306.3898299566,224785.0233545,85.37794559999999,33.62272252000562,0.01999330184501555,8,64,,True,True,,25,56.69694568066818
172,2026-09-19T05:46:31.961+00:00,2026-09-19T05:51:32.067+00:00,2026-09-19T05:51:32.067+00:00,False,1,0.0,,0.0,300105.661448,300105.661448,300105.661448,300105.661448,300105.661448,300105.661448,nan,300105.661448,nan,nan,0.0,8,64,,True,False,"HTTPConnectionPool(host='gpu03', port=9002): Read timed out.",0,56.69694568066818
173,2026-09-19T05:46:32.350+00:00,2026-09-19T05:51:32.412+00:00,2026-09-19T05:51:32.412+00:00,False,1,0.0,,0.0,300062.121578,300062.121578,300062.121578,300062.121578,300062.121578,300062.121578,nan,300062.121578,nan,nan,0.0,8,64,,True,False,"HTTPConnectionPool(host='gpu03', port=9002): Read timed out.",0,56.69694568066818
174,2026-09-19T05:46:32.767+00:00,2026-09-19T05:51:32.668+00:00,2026-09-19T05:51:32.777+00:00,False,3,2.0,,2.0,299900.27562000003,300009.21309200005,300009.213051,100003.07101700001,0.07579000000000001,299900.27562000003,173116.06587680007,269921.1342221,54.468736,76.92326172961727,0.006666461937576181,8,64,,True,False,Request timeout: 300.0s exceeded,7,56.69694568066818
175,2026-09-19T05:46:33.183+00:00,2026-09-19T05:51:33.023+00:00,2026-09-19T05:51:33.230+00:00,False,4,3.0,,3.0,299839.346371,300047.040963,300047.041054,75011.7602635,0.02541,299839.346371,149885.06580456955,254881.05868135003,69.23153066666667,61.45661173262702,0.00999843221373392,8,64,,True,False,Request timeout: 300.0s exceeded,18,56.69694568066818
176,2026-09-19T05:46:33.562+00:00,2026-09-19T05:51:33.669+00:00,2026-09-19T05:51:33.669+00:00,False,1,0.0,,0.0,300106.849856,300106.849856,300106.849856,300106.849856,300106.849856,300106.849856,nan,300106.849856,nan,nan,0.0,8,64,,True,False,"HTTPConnectionPool(host='gpu03', port=9002): Read timed out.",0,56.69694568066818
177,2026-09-19T05:46:33.960+00:00,2026-09-19T05:51:34.026+00:00,2026-09-19T05:51:34.026+00:00,False,1,0.0,,0.0,300065.874251,300065.874251,300065.874251,300065.874251,300065.874251,300065.874251,nan,300065.874251,nan,nan,0.0,8,64,,True,False,TTFT timeout: 300.0s exceeded (TTFT: 300.060s),0,56.69694568066818
178,2026-09-19T05:46:34.406+00:00,2026-09-19T05:51:34.278+00:00,2026-09-19T05:51:34.550+00:00,False,4,3.0,,3.0,299872.194517,300144.533205,300144.53320299997,75036.13330074999,0.02476,299872.194517,149890.72132635087,254912.85078309997,90.77956266666668,78.91409315170631,0.00999518454647644,8,64,,True,False,Request timeout: 300.0s exceeded,18,56.69694568066818
179,2026-09-19T05:46:34.795+00:00,2026-09-19T05:51:34.550+00:00,2026-09-19T05:51:34.852+00:00,False,5,4.0,,4.0,299755.646305,300057.727585,300057.727531,60011.545506200004,0.03835,299755.646305,134021.03391305322,239826.11570839997,75.52032,50.95654512486873,0.013330768156493769,8,64,,True,False,Request timeout: 300.0s exceeded,19,56.69694568066818
180,2026-09-19T05:46:35.094+00:00,2026-09-19T05:51:35.141+00:00,2026-09-19T05:51:35.141+00:00,False,1,0.0,,0.0,300046.32802200003,300046.32802200003,300046.32802200003,300046.32802200003,300046.32802200003,300046.32802200003,nan,300046.32802200003,nan,nan,0.0,8,64,,True,False,"HTTPConnectionPool(host='gpu03', port=9002): Read timed out.",0,56.69694568066818
181,2026-09-19T05:46:35.441+00:00,2026-09-19T05:51:35.469+00:00,2026-09-19T05:51:35.469+00:00,False,1,0.0,,0.0,300028.34839,300028.34839,300028.34839,300028.34839,300028.34839,300028.34839,nan,300028.34839,nan,nan,0.0,8,64,,True,False,"HTTPConnectionPool(host='gpu03', port=9002): Read timed out.",0,56.69694568066818
182,2026-09-19T05:46:35.804+00:00,2026-09-19T05:51:35.893+00:00,2026-09-19T05:51:35.893+00:00,False,1,0.0,,0.0,300088.82397,300088.82397,300088.82397,300088.82397,300088.82397,300088.82397,nan,300088.82397,nan,nan,0.0,8,64,,True,False,TTFT timeout: 300.0s exceeded (TTFT: 300.080s),0,56.69694568066818
183,2026-09-19T05:46:36.245+00:00,2026-09-19T05:51:36.150+00:00,2026-09-19T05:51:36.348+00:00,False,4,3.0,,3.0,299905.21093400003,300103.39563800005,300103.39550900005,75025.84887725001,0.022,299905.21093400003,149919.58206578135,254935.23882260002,66.061568,57.53958837991832,0.009996554666174962,8,64,,True,False,Request timeout: 300.0s exceeded,13,56.69694568066818
184,2026-09-19T05:46:36.630+00:00,2026-09-19T05:51:36.676+00:00,2026-09-19T05:51:36.676+00:00,False,1,0.0,,0.0,300046.133379,300046.133379,300046.133379,300046.133379,300046.133379,300046.133379,nan,300046.133379,nan,nan,0.0,8,64,,True,False,"HTTPConnectionPool(host='gpu03', port=9002): Read timed out.",0,56.69694568066818
186,2026-09-19T05:46:37.780+00:00,2026-09-19T05:51:37.456+00:00,2026-09-19T05:51:37.998+00:00,False,7,6.0,,6.0,299675.607819,300217.668619,300217.668794,42888.23839914286,0.02588,299675.607819,113232.59380087205,209806.6926846,90.34346666666667,44.3863523117841,0.019985499279905724,8,64,,True,False,Request timeout: 300.0s exceeded,16,56.69694568066818
185,2026-09-19T05:46:37.771+00:00,2026-09-19T05:51:37.456+00:00,2026-09-19T05:51:37.995+00:00,True,6,6.0,,6.0,299685.412916,300224.288308,300224.288298,50037.381383,96.39419899999999,299685.412916,122302.05865886138,224792.2420645,107.77507840000001,6.764309890226851,0.019985058616725244,8,64,,True,True,,25,56.69694568066818
187,2026-09-19T05:46:38.084+00:00,2026-09-19T05:51:38.118+00:00,2026-09-19T05:51:38.118+00:00,False,1,0.0,,0.0,300033.624402,300033.624402,300033.624402,300033.624402,300033.624402,300033.624402,nan,300033.624402,nan,nan,0.0,8,64,,True,False,"HTTPConnectionPool(host='gpu03', port=9002): Read timed out.",0,56.69694568066818
188,2026-09-19T05:46:38.405+00:00,2026-09-19T05:51:38.421+00:00,2026-09-19T05:51:38.421+00:00,False,1,0.0,,0.0,300015.96726999996,300015.96726999996,300015.96726999996,300015.96726999996,300015.96726999996,300015.96726999996,nan,300015.96726999996,nan,nan,0.0,8,64,,True,False,"HTTPConnectionPool(host='gpu03', port=9002): Read timed out.",0,56.69694568066818
189,2026-09-19T05:46:38.748+00:00,2026-09-19T05:51:39.172+00:00,2026-09-19T05:51:39.479+00:00,False,5,4.0,,4.0,300424.527879,300731.136519,300731.136565,60146.227313,0.042699,300424.527879,134319.6702391829,240376.48558059998,76.65216,77.67250148870524,0.013300917378561107,8,64,,True,False,Request timeout: 300.0s exceeded,6,56.69694568066818
190,2026-09-19T05:46:39.269+00:00,2026-09-19T05:51:39.355+00:00,2026-09-19T05:51:39.579+00:00,False,6,5.0,,5.0,300085.719423,300309.58143900003,300309.58158,50051.59693,0.04237,300085.719423,122491.20606077502,225082.53347275,44.77240320000001,27.009796670415778,0.01664948542780883,8,64,,True,False,Request timeout: 300.0s exceeded,36,56.69694568066818
191,2026-09-19T05:46:39.732+00:00,2026-09-19T05:51:39.782+00:00,2026-09-19T05:51:39.782+00:00,False,1,0.0,,0.0,300049.39464,300049.39464,300049.39464,300049.39464,300049.39464,300049.39464,nan,300049.39464,nan,nan,0.0,8,64,,True,False,"HTTPConnectionPool(host='gpu03', port=9002): Read timed out.",0,56.69694568066818
192,2026-09-19T05:46:40.142+00:00,2026-09-19T05:51:40.276+00:00,2026-09-19T05:51:40.276+00:00,False,1,0.0,,0.0,300134.613324,300134.613324,300134.613324,300134.613324,300134.613324,300134.613324,nan,300134.613324,nan,nan,0.0,8,64,,True,False,"HTTPConnectionPool(host='gpu03', port=9002): Read timed out.",0,56.69694568066818
193,2026-09-19T05:46:40.667+00:00,2026-09-19T05:51:40.727+00:00,2026-09-19T05:51:40.727+00:00,False,1,0.0,,0.0,300060.13399299997,300060.13399299997,300060.13399299997,300060.13399299997,300060.13399299997,300060.13399299997,nan,300060.13399299997,nan,nan,0.0,8,64,,True,False,"HTTPConnectionPool(host='gpu03', port=9002): Read timed out.",0,56.69694568066818
194,2026-09-19T05:46:41.021+00:00,2026-09-19T05:51:40.951+00:00,2026-09-19T05:51:41.080+00:00,False,3,2.0,,2.0,299929.98426999996,300058.59022199997,300058.590285,100019.53009499998,0.02893,299929.98426999996,173127.54372859944,269949.84355149994,64.302976,90.8972303902193,0.006665364915966209,8,64,,True,False,Request timeout: 300.0s exceeded,8,56.69694568066818
195,2026-09-19T05:46:41.397+00:00,2026-09-19T05:51:41.078+00:00,2026-09-19T05:51:41.421+00:00,False,6,5.0,,5.0,299680.88908,300023.934456,300023.934543,50003.9890905,0.03853,299680.88908,122316.20760568696,224786.50694075,68.6090752,44.579028886301984,0.016665337080743053,8,64,,True,False,Request timeout: 300.0s exceeded,21,56.69694568066818
196,2026-09-19T05:46:41.758+00:00,2026-09-19T05:51:41.723+00:00,2026-09-19T05:51:41.821+00:00,False,3,2.0,,2.0,299965.017606,300062.888454,300062.88854200003,100020.96284733334,0.039850000000000003,299965.017606,173156.63766019477,269978.298954,48.935424,69.14902430712289,0.006665269438365092,8,64,,True,False,Request timeout: 300.0s exceeded,3,56.69694568066818
197,2026-09-19T05:46:42.132+00:00,2026-09-19T05:51:42.192+00:00,2026-09-19T05:51:42.192+00:00,False,1,0.0,,0.0,300059.350528,300059.350528,300059.350528,300059.350528,300059.350528,300059.350528,nan,300059.350528,nan,nan,0.0,8,64,,True,False,"HTTPConnectionPool(host='gpu03', port=9002): Read timed out.",0,56.69694568066818
198,2026-09-19T05:46:42.529+00:00,2026-09-19T05:51:42.536+00:00,2026-09-19T05:51:42.536+00:00,False,1,0.0,,0.0,300007.365758,300007.365758,300007.365758,300007.365758,300007.365758,300007.365758,nan,300007.365758,nan,nan,0.0,8,64,,True,False,TTFT timeout: 300.0s exceeded (TTFT: 300.002s),0,56.69694568066818
199,2026-09-19T05:46:42.880+00:00,2026-09-19T05:51:42.815+00:00,2026-09-19T05:51:42.923+00:00,False,3,2.0,,2.0,299935.50192,300042.652512,300042.652595,100014.21753166667,0.02675,299935.50192,173136.91931838763,269952.66412050003,53.575296,75.72925818946841,0.00666571896780579,8,64,,True,False,Request timeout: 300.0s exceeded,4,56.69694568066818
200,2026-09-19T05:46:43.290+00:00,2026-09-19T05:51:43.138+00:00,2026-09-19T05:51:43.344+00:00,False,4,3.0,,3.0,299848.392401,300054.06715300004,300054.06719900004,75013.51679975001,0.02531,299848.392401,149889.92492658691,254887.06413725004,68.55825066666667,59.44735877039899,0.009998198086314474,8,64,,True,False,Request timeout: 300.0s exceeded,10,56.69694568066818
201,2026-09-19T05:46:43.693+00:00,2026-09-19T05:51:43.705+00:00,2026-09-19T05:51:43.705+00:00,False,1,0.0,,0.0,300012.890075,300012.890075,300012.890075,300012.890075,300012.890075,300012.890075,nan,300012.890075,nan,nan,0.0,8,64,,True,False,"HTTPConnectionPool(host='gpu03', port=9002): Read timed out.",0,56.69694568066818
202,2026-09-19T05:46:44.109+00:00,2026-09-19T05:51:44.197+00:00,2026-09-19T05:51:44.197+00:00,False,1,0.0,,0.0,300088.826583,300088.826583,300088.826583,300088.826583,300088.826583,300088.826583,nan,300088.826583,nan,nan,0.0,8,64,,True,False,TTFT timeout: 300.0s exceeded (TTFT: 300.084s),0,56.69694568066818
203,2026-09-19T05:46:44.612+00:00,2026-09-19T05:51:44.480+00:00,2026-09-19T05:51:44.627+00:00,False,3,2.0,,2.0,299867.82249500003,300014.988191,300014.98799700005,100004.995999,0.041879,299867.82249500003,173086.30064071366,269895.7526078,73.582848,104.0024872574353,0.00666633361239516,8,64,,True,False,Request timeout: 300.0s exceeded,8,56.69694568066818
204,2026-09-19T05:46:45.129+00:00,2026-09-19T05:51:45.219+00:00,2026-09-19T05:51:45.219+00:00,False,1,0.0,,0.0,300090.210801,300090.210801,300090.210801,300090.210801,300090.210801,300090.210801,nan,300090.210801,nan,nan,0.0,8,64,,True,False,"HTTPConnectionPool(host='gpu03', port=9002): Read timed out.",0,56.69694568066818
205,2026-09-19T05:46:45.457+00:00,2026-09-19T05:51:45.501+00:00,2026-09-19T05:51:45.501+00:00,False,1,0.0,,0.0,300043.80855400005,300043.80855400005,300043.80855400005,300043.80855400005,300043.80855400005,300043.80855400005,nan,300043.80855400005,nan,nan,0.0,8,64,,True,False,"HTTPConnectionPool(host='gpu03', port=9002): Read timed out.",0,56.69694568066818
206,2026-09-19T05:46:45.893+00:00,2026-09-19T05:51:46.000+00:00,2026-09-19T05:51:46.000+00:00,False,1,0.0,,0.0,300107.36099,300107.36099,300107.36099,300107.36099,300107.36099,300107.36099,nan,300107.36099,nan,nan,0.0,8,64,,True,False,"HTTPConnectionPool(host='gpu03', port=9002): Read timed out.",0,56.69694568066818
207,2026-09-19T05:46:46.394+00:00,2026-09-19T05:51:46.171+00:00,2026-09-19T05:51:46.489+00:00,False,5,4.0,,4.0,299776.931814,300094.62755800004,300094.627515,60018.925503,0.026420000000000003,299776.931814,134028.80802215962,239844.36045480001,79.423936,53.32791176858868,0.01332912899024462,8,64,,True,False,Request timeout: 300.0s exceeded,14,56.69694568066818
208,2026-09-19T05:46:46.772+00:00,2026-09-19T05:51:46.584+00:00,2026-09-19T05:51:46.787+00:00,False,4,3.0,,3.0,299812.080142,300015.077902,300015.077866,75003.7694665,0.02143,299812.080142,149872.2147567054,254855.75574565,67.66592,58.60829190259167,0.009999497428525746,8,64,,True,False,Request timeout: 300.0s exceeded,11,56.69694568066818
209,2026-09-19T05:46:47.216+00:00,2026-09-19T05:51:47.323+00:00,2026-09-19T05:51:47.323+00:00,False,1,0.0,,0.0,300106.810908,300106.810908,300106.810908,300106.810908,300106.810908,300106.810908,nan,300106.810908,nan,nan,0.0,8,64,,True,False,"HTTPConnectionPool(host='gpu03', port=9002): Read timed out.",0,56.69694568066818
210,2026-09-19T05:46:47.573+00:00,2026-09-19T05:51:47.677+00:00,2026-09-19T05:51:47.677+00:00,False,1,0.0,,0.0,300103.244945,300103.244945,300103.244945,300103.244945,300103.244945,300103.244945,nan,300103.244945,nan,nan,0.0,8,64,,True,False,"HTTPConnectionPool(host='gpu03', port=9002): Read timed out.",0,56.69694568066818
211,2026-09-19T05:46:47.999+00:00,2026-09-19T05:51:47.826+00:00,2026-09-19T05:51:48.068+00:00,False,4,3.0,,3.0,299826.709901,300068.71770900005,300068.71768600005,75017.17942150001,0.02427,299826.709901,149873.03164731903,254873.05374620002,80.66926933333333,71.36615093015335,0.009997709934260236,8,64,,True,False,Request timeout: 300.0s exceeded,11,56.69694568066818
212,2026-09-19T05:46:48.412+00:00,2026-09-19T05:51:48.166+00:00,2026-09-19T05:51:48.522+00:00,False,6,5.0,,5.0,299753.641301,300110.25928500004,300110.259222,50018.376537000004,0.04242,299753.641301,122344.8007318573,224841.88330225003,71.32359679999999,45.745175650395694,0.01666054340132286,8,64,,True,False,Request timeout: 300.0s exceeded,16,56.69694568066818
213,2026-09-19T05:46:48.920+00:00,2026-09-19T05:51:48.974+00:00,2026-09-19T05:51:48.974+00:00,False,1,0.0,,0.0,300053.958856,300053.958856,300053.958856,300053.958856,300053.958856,300053.958856,nan,300053.958856,nan,nan,0.0,8,64,,True,False,"HTTPConnectionPool(host='gpu03', port=9002): Read timed out.",0,56.69694568066818
214,2026-09-19T05:46:49.213+00:00,2026-09-19T05:51:49.243+00:00,2026-09-19T05:51:49.243+00:00,False,1,0.0,,0.0,300030.17413999996,300030.17413999996,300030.17413999996,300030.17413999996,300030.17413999996,300030.17413999996,nan,300030.17413999996,nan,nan,0.0,8,64,,True,False,TTFT timeout: 300.0s exceeded (TTFT: 300.025s),0,56.69694568066818
215,2026-09-19T05:46:49.505+00:00,2026-09-19T05:51:49.392+00:00,2026-09-19T05:51:49.525+00:00,False,3,2.0,,2.0,299886.30554000003,300019.918596,300019.91867100005,100006.63955700002,0.03145,299886.30554000003,173100.88132075698,269911.0331541,66.806528,94.43416719600592,0.006666224060586971,8,64,,True,False,Request timeout: 300.0s exceeded,10,56.69694568066818
216,2026-09-19T05:46:49.800+00:00,2026-09-19T05:51:49.521+00:00,2026-09-19T05:51:49.865+00:00,False,5,4.0,,4.0,299720.500745,300065.030665,300065.03069800005,60013.0061396,0.02437,299720.500745,134000.57297786363,239803.04114060002,86.13248,59.220196535732775,0.013330443707936424,8,64,,True,False,Request timeout: 300.0s exceeded,9,56.69694568066818
217,2026-09-19T05:46:50.091+00:00,2026-09-19T05:51:50.205+00:00,2026-09-19T05:51:50.205+00:00,False,1,0.0,,0.0,300114.084174,300114.084174,300114.084174,300114.084174,300114.084174,300114.084174,nan,300114.084174,nan,nan,0.0,8,64,,True,False,"HTTPConnectionPool(host='gpu03', port=9002): Read timed out.",0,56.69694568066818
218,2026-09-19T05:46:50.518+00:00,2026-09-19T05:51:50.753+00:00,2026-09-19T05:51:51.463+00:00,False,8,7.0,,7.0,300235.479308,300945.318668,300945.318814,37618.16485175,0.04152,300235.479308,106113.42867875674,195204.7137403,101.40562285714284,47.99172133395819,0.02326003950146948,8,64,,True,False,Request timeout: 300.0s exceeded,25,56.69694568066818
219,2026-09-19T05:46:50.841+00:00,2026-09-19T05:51:50.999+00:00,2026-09-19T05:51:51.566+00:00,False,7,6.0,,6.0,300158.325853,300724.775005,300724.774871,42960.68212442857,0.02402,300158.325853,113413.50950106034,210154.7464441,94.408192,49.45294368407339,0.01995179811806407,8,64,,True,False,Request timeout: 300.0s exceeded,21,56.69694568066818
220,2026-09-19T05:46:51.255+00:00,2026-09-19T05:51:51.366+00:00,2026-09-19T05:51:51.567+00:00,False,4,3.0,,3.0,300110.465154,300311.83680199995,300311.83684899996,75077.95921224999,0.038740000000000004,300110.465154,150021.67813630356,255109.2948261,67.12388266666667,58.13181079894309,0.009989616233401897,8,64,,True,False,Request timeout: 300.0s exceeded,13,56.69694568066818
221,2026-09-19T05:46:51.708+00:00,2026-09-19T05:51:51.819+00:00,2026-09-19T05:51:51.819+00:00,False,1,0.0,,0.0,300110.99378200003,300110.99378200003,300110.99378200003,300110.99378200003,300110.99378200003,300110.99378200003,nan,300110.99378200003,nan,nan,0.0,8,64,,True,False,"HTTPConnectionPool(host='gpu03', port=9002): Read timed out.",0,56.69694568066818
222,2026-09-19T05:46:52.133+00:00,2026-09-19T05:51:52.248+00:00,2026-09-19T05:51:52.248+00:00,False,1,0.0,,0.0,300115.13347500004,300115.13347500004,300115.13347500004,300115.13347500004,300115.13347500004,300115.13347500004,nan,300115.13347500004,nan,nan,0.0,8,64,,True,False,"HTTPConnectionPool(host='gpu03', port=9002): Read timed out.",0,56.69694568066818
223,2026-09-19T05:46:52.462+00:00,2026-09-19T05:51:52.572+00:00,2026-09-19T05:51:52.572+00:00,False,1,0.0,,0.0,300109.298713,300109.298713,300109.298713,300109.298713,300109.298713,300109.298713,nan,300109.298713,nan,nan,0.0,8,64,,True,False,"HTTPConnectionPool(host='gpu03', port=9002): Read timed out.",0,56.69694568066818
224,2026-09-19T05:46:52.908+00:00,2026-09-19T05:51:52.991+00:00,2026-09-19T05:51:52.991+00:00,False,1,0.0,,0.0,300082.42849900003,300082.42849900003,300082.42849900003,300082.42849900003,300082.42849900003,300082.42849900003,nan,300082.42849900003,nan,nan,0.0,8,64,,True,False,TTFT timeout: 300.0s exceeded (TTFT: 300.066s),0,56.69694568066818
225,2026-09-19T05:46:53.331+00:00,2026-09-19T05:51:52.991+00:00,2026-09-19T05:51:53.372+00:00,False,6,5.0,,5.0,299660.39258,300041.00032399996,300041.000304,50006.833384,0.022760000000000002,299660.39258,122304.77276808136,224771.5435555,76.1215488,43.77838909350653,0.016664389182147566,8,64,,True,False,Request timeout: 300.0s exceeded,11,56.69694568066818
226,2026-09-19T05:46:53.708+00:00,2026-09-19T05:51:53.268+00:00,2026-09-19T05:51:53.729+00:00,False,7,6.0,,6.0,299559.84647399996,300021.03175399994,300021.03186099994,42860.14740871428,0.02119,299559.84647399996,113193.93457934266,209723.36140439997,76.86421333333332,43.67242986607203,0.019998597981356375,8,64,,True,False,Request timeout: 300.0s exceeded,31,56.69694568066818
227,2026-09-19T05:46:54.144+00:00,2026-09-19T05:51:54.249+00:00,2026-09-19T05:51:54.249+00:00,False,1,0.0,,0.0,300105.229566,300105.229566,300105.229566,300105.229566,300105.229566,300105.229566,nan,300105.229566,nan,nan,0.0,8,64,,True,False,"HTTPConnectionPool(host='gpu03', port=9002): Read timed out.",0,56.69694568066818
228,2026-09-19T05:46:54.548+00:00,2026-09-19T05:51:54.532+00:00,2026-09-19T05:51:54.643+00:00,False,3,2.0,,2.0,299984.299989,300095.565781,300095.565726,100031.855242,0.03186,299984.299989,173163.90562613998,269996.9933778,55.632896,78.63154120329598,0.006664543658934085,8,64,,True,False,Request timeout: 300.0s exceeded,3,56.69694568066818
229,2026-09-19T05:46:55.675+00:00,2026-09-19T05:51:54.884+00:00,2026-09-19T05:51:55.924+00:00,False,12,11.0,,11.0,299209.47730800003,300249.3383,300249.33812300005,25020.77817691667,0.030719999999999997,299209.47730800003,86347.05432451548,134715.58304165,94.53281745454545,37.644134654353806,0.03663621729287255,8,64,,True,False,Request timeout: 300.0s exceeded,50,56.69694568066818
230,2026-09-19T05:46:55.746+00:00,2026-09-19T05:51:55.598+00:00,2026-09-19T05:51:55.923+00:00,False,5,4.0,,4.0,299851.722472,300177.27741599997,300177.277352,60035.4554704,0.06437999999999999,299851.722472,134061.37716667095,239905.20038099997,81.388736,54.751081029142746,0.013325458990210672,8,64,,True,False,Request timeout: 300.0s exceeded,14,56.69694568066818
231,2026-09-19T05:46:55.985+00:00,2026-09-19T05:51:56.105+00:00,2026-09-19T05:51:56.105+00:00,False,1,0.0,,0.0,300119.811287,300119.811287,300119.811287,300119.811287,300119.811287,300119.811287,nan,300119.811287,nan,nan,0.0,8,64,,True,False,"HTTPConnectionPool(host='gpu03', port=9002): Read timed out.",0,56.69694568066818
232,2026-09-19T05:46:56.316+00:00,2026-09-19T05:51:56.361+00:00,2026-09-19T05:51:56.361+00:00,False,1,0.0,,0.0,300044.884713,300044.884713,300044.884713,300044.884713,300044.884713,300044.884713,nan,300044.884713,nan,nan,0.0,8,64,,True,False,"HTTPConnectionPool(host='gpu03', port=9002): Read timed out.",0,56.69694568066818
233,2026-09-19T05:46:56.807+00:00,2026-09-19T05:51:56.926+00:00,2026-09-19T05:51:56.926+00:00,False,1,0.0,,0.0,300119.088637,300119.088637,300119.088637,300119.088637,300119.088637,300119.088637,nan,300119.088637,nan,nan,0.0,8,64,,True,False,"HTTPConnectionPool(host='gpu03', port=9002): Read timed out.",0,56.69694568066818
234,2026-09-19T05:46:57.146+00:00,2026-09-19T05:51:57.256+00:00,2026-09-19T05:51:57.256+00:00,False,1,0.0,,0.0,300110.24069999997,300110.24069999997,300110.24069999997,300110.24069999997,300110.24069999997,300110.24069999997,nan,300110.24069999997,nan,nan,0.0,8,64,,True,False,"HTTPConnectionPool(host='gpu03', port=9002): Read timed out.",0,56.69694568066818
235,2026-09-19T05:46:57.511+00:00,2026-09-19T05:51:57.289+00:00,2026-09-19T05:51:57.611+00:00,False,5,4.0,,4.0,299777.371569,300099.730865,300099.730866,60019.946173200005,0.023739,299777.371569,134028.48359791457,239845.6162248,80.589824,54.38039298247902,0.0133289023234726,8,64,,True,False,Request timeout: 300.0s exceeded,22,56.69694568066818
236,2026-09-19T05:46:57.800+00:00,2026-09-19T05:51:57.411+00:00,2026-09-19T05:51:57.812+00:00,False,6,5.0,,5.0,299611.085565,300011.789309,300011.7893,50001.964883333334,0.037450000000000004,299611.085565,122283.00274505765,224734.25777500003,80.1407488,44.8575093408449,0.016666011730793028,8,64,,True,False,Request timeout: 300.0s exceeded,16,56.69694568066818
237,2026-09-19T05:46:58.251+00:00,2026-09-19T05:51:58.311+00:00,2026-09-19T05:51:58.311+00:00,False,1,0.0,,0.0,300059.86345099995,300059.86345099995,300059.86345099995,300059.86345099995,300059.86345099995,300059.86345099995,nan,300059.86345099995,nan,nan,0.0,8,64,,True,False,"HTTPConnectionPool(host='gpu03', port=9002): Read timed out.",0,56.69694568066818
238,2026-09-19T05:46:58.588+00:00,2026-09-19T05:51:58.681+00:00,2026-09-19T05:51:58.681+00:00,False,1,0.0,,0.0,300092.766472,300092.766472,300092.766472,300092.766472,300092.766472,300092.766472,nan,300092.766472,nan,nan,0.0,8,64,,True,False,"HTTPConnectionPool(host='gpu03', port=9002): Read timed out.",0,56.69694568066818
239,2026-09-19T05:46:58.959+00:00,2026-09-19T05:51:58.929+00:00,2026-09-19T05:51:59.075+00:00,False,3,2.0,,2.0,299970.284401,300115.787121,300115.787144,100038.59571466668,0.08029,299970.284401,173145.9366742771,269987.7982062,72.75136,102.7722798500897,0.006664094612235926,8,64,,True,False,Request timeout: 300.0s exceeded,10,56.69694568066818
240,2026-09-19T05:46:59.419+00:00,2026-09-19T05:51:59.311+00:00,2026-09-19T05:51:59.425+00:00,True,2,2.0,,2.0,299891.45493400004,300005.30223000003,300005.30221500003,150002.65110750002,113.84728100000001,299891.45493400004,211974.77921931658,284902.57455135003,113.847296,nan,0.006666548841415787,8,64,,True,True,,14,56.69694568066818
241,2026-09-19T05:46:59.788+00:00,2026-09-19T05:51:59.621+00:00,2026-09-19T05:51:59.821+00:00,False,5,4.0,,4.0,299833.718086,300033.561158,300033.561215,60006.712243,0.05268,299833.718086,134067.3768323325,239887.3876348,49.960768,41.66660072487565,0.01333184189315931,8,64,,True,False,Request timeout: 300.0s exceeded,16,56.69694568066818
242,2026-09-19T05:47:00.074+00:00,2026-09-19T05:52:00.128+00:00,2026-09-19T05:52:00.128+00:00,False,1,0.0,,0.0,300053.299614,300053.299614,300053.299614,300053.299614,300053.299614,300053.299614,nan,300053.299614,nan,nan,0.0,8,64,,True,False,"HTTPConnectionPool(host='gpu03', port=9002): Read timed out.",0,56.69694568066818
243,2026-09-19T05:47:00.397+00:00,2026-09-19T05:52:00.465+00:00,2026-09-19T05:52:00.465+00:00,False,1,0.0,,0.0,300068.712131,300068.712131,300068.712131,300068.712131,300068.712131,300068.712131,nan,300068.712131,nan,nan,0.0,8,64,,True,False,"HTTPConnectionPool(host='gpu03', port=9002): Read timed out.",0,56.69694568066818
244,2026-09-19T05:47:00.693+00:00,2026-09-19T05:52:00.662+00:00,2026-09-19T05:52:00.802+00:00,False,3,2.0,,2.0,299969.347382,300109.16127,300109.161288,100036.387096,0.02186,299969.347382,173147.03676490876,269986.3918484,69.906944,98.83257502173923,0.006664241743025815,8,64,,True,False,Request timeout: 300.0s exceeded,8,56.69694568066818
245,2026-09-19T05:47:01.104+00:00,2026-09-19T05:52:01.017+00:00,2026-09-19T05:52:01.130+00:00,False,3,2.0,,2.0,299912.946374,300026.022854,300026.022686,100008.67422866667,0.02891,299912.946374,173122.187225559,269932.95647679997,56.53824,79.91623543077269,0.006666088431180015,8,64,,True,False,Request timeout: 300.0s exceeded,4,56.69694568066818
246,2026-09-19T05:47:01.453+00:00,2026-09-19T05:52:01.560+00:00,2026-09-19T05:52:01.560+00:00,False,1,0.0,,0.0,300107.666728,300107.666728,300107.666728,300107.666728,300107.666728,300107.666728,nan,300107.666728,nan,nan,0.0,8,64,,True,False,"HTTPConnectionPool(host='gpu03', port=9002): Read timed out.",0,56.69694568066818
247,2026-09-19T05:47:01.934+00:00,2026-09-19T05:52:02.042+00:00,2026-09-19T05:52:02.042+00:00,False,1,0.0,,0.0,300108.29679299996,300108.29679299996,300108.29679299996,300108.29679299996,300108.29679299996,300108.29679299996,nan,300108.29679299996,nan,nan,0.0,8,64,,True,False,TTFT timeout: 300.0s exceeded (TTFT: 300.096s),0,56.69694568066818
248,2026-09-19T05:47:02.407+00:00,2026-09-19T05:52:02.332+00:00,2026-09-19T05:52:02.462+00:00,False,3,2.0,,2.0,299925.667069,300055.197181,300055.197171,100018.399057,0.039700000000000006,299925.667069,173124.7845988184,269946.04940230004,64.765056,91.53550456889802,0.006665440288286541,8,64,,True,False,Request timeout: 300.0s exceeded,5,56.69694568066818
249,2026-09-19T05:47:02.854+00:00,2026-09-19T05:52:02.462+00:00,2026-09-19T05:52:02.888+00:00,False,8,7.0,,7.0,299608.23396,300033.69367199996,300033.69382499997,37504.211728124996,0.022420000000000002,299608.23396,105906.02541933507,194794.28523309997,60.77995885714286,42.82439548165936,0.02333071300869453,8,64,,True,False,Request timeout: 300.0s exceeded,34,56.69694568066818
250,2026-09-19T05:47:03.309+00:00,2026-09-19T05:52:03.353+00:00,2026-09-19T05:52:03.353+00:00,False,1,0.0,,0.0,300044.125169,300044.125169,300044.125169,300044.125169,300044.125169,300044.125169,nan,300044.125169,nan,nan,0.0,8,64,,True,False,"HTTPConnectionPool(host='gpu03', port=9002): Read timed out.",0,56.69694568066818
251,2026-09-19T05:47:03.785+00:00,2026-09-19T05:52:03.936+00:00,2026-09-19T05:52:04.634+00:00,True,7,7.0,,7.0,300151.89437,300849.169506,300849.169567,42978.45279528572,99.953205,300151.89437,113402.82946329475,210149.76922820002,116.21252266666667,17.253449783433744,0.023267473237483526,8,64,,True,True,,31,56.69694568066818
252,2026-09-19T05:47:04.290+00:00,2026-09-19T05:52:04.211+00:00,2026-09-19T05:52:05.152+00:00,False,11,10.0,,10.0,299920.99966100004,300862.264557,300862.26466900005,27351.114969909093,0.024300000000000002,299920.99966100004,90401.20923046257,150016.91998700003,94.1264896,33.43107283779789,0.03323780074155975,8,64,,True,False,Request timeout: 300.0s exceeded,36,56.69694568066818
253,2026-09-19T05:47:04.638+00:00,2026-09-19T05:52:04.530+00:00,2026-09-19T05:52:05.148+00:00,False,8,7.0,,7.0,299892.43689300003,300510.758557,300510.75845400005,37563.84480675001,0.08798,299892.43689300003,105996.76407375574,194967.76673220005,88.33166628571428,39.00656856842193,0.02329367518691435,8,64,,True,False,Request timeout: 300.0s exceeded,21,56.69694568066818
254,2026-09-19T05:47:04.992+00:00,2026-09-19T05:52:05.282+00:00,2026-09-19T05:52:05.282+00:00,False,1,0.0,,0.0,300289.72178799997,300289.72178799997,300289.72178799997,300289.72178799997,300289.72178799997,300289.72178799997,nan,300289.72178799997,nan,nan,0.0,8,64,,True,False,"HTTPConnectionPool(host='gpu03', port=9002): Read timed out.",0,56.69694568066818
255,2026-09-19T05:47:05.441+00:00,2026-09-19T05:52:05.567+00:00,2026-09-19T05:52:05.567+00:00,False,1,0.0,,0.0,300126.56154900003,300126.56154900003,300126.56154900003,300126.56154900003,300126.56154900003,300126.56154900003,nan,300126.56154900003,nan,nan,0.0,8,64,,True,False,"HTTPConnectionPool(host='gpu03', port=9002): Read timed out.",0,56.69694568066818
256,2026-09-19T05:47:05.824+00:00,2026-09-19T05:52:05.874+00:00,2026-09-19T05:52:05.874+00:00,False,1,0.0,,0.0,300050.468973,300050.468973,300050.468973,300050.468973,300050.468973,300050.468973,nan,300050.468973,nan,nan,0.0,8,64,,True,False,"HTTPConnectionPool(host='gpu03', port=9002): Read timed out.",0,56.69694568066818
257,2026-09-19T05:47:06.227+00:00,2026-09-19T05:52:06.340+00:00,2026-09-19T05:52:06.340+00:00,False,1,0.0,,0.0,300112.390396,300112.390396,300112.390396,300112.390396,300112.390396,300112.390396,nan,300112.390396,nan,nan,0.0,8,64,,True,False,"HTTPConnectionPool(host='gpu03', port=9002): Read timed out.",0,56.69694568066818
259,2026-09-19T05:47:06.894+00:00,2026-09-19T05:52:06.548+00:00,2026-09-19T05:52:06.945+00:00,False,7,6.0,,6.0,299653.42438,300050.28966,300050.289694,42864.32709914286,0.04157,299653.42438,113233.35442360585,209788.36614579998,66.14421333333334,40.23621959936246,0.01999664791791689,8,64,,True,False,Request timeout: 300.0s exceeded,30,56.69694568066818
258,2026-09-19T05:47:06.532+00:00,2026-09-19T05:52:06.549+00:00,2026-09-19T05:52:06.549+00:00,False,1,0.0,,0.0,300016.678457,300016.678457,300016.678457,300016.678457,300016.678457,300016.678457,nan,300016.678457,nan,nan,0.0,8,64,,True,False,TTFT timeout: 300.0s exceeded (TTFT: 300.007s),0,56.69694568066818
260,2026-09-19T05:47:07.365+00:00,2026-09-19T05:52:07.485+00:00,2026-09-19T05:52:07.485+00:00,False,1,0.0,,0.0,300120.708039,300120.708039,300120.708039,300120.708039,300120.708039,300120.708039,nan,300120.708039,nan,nan,0.0,8,64,,True,False,"HTTPConnectionPool(host='gpu03', port=9002): Read timed out.",0,56.69694568066818
261,2026-09-19T05:47:07.727+00:00,2026-09-19T05:52:07.842+00:00,2026-09-19T05:52:07.842+00:00,False,1,0.0,,0.0,300115.036054,300115.036054,300115.036054,300115.036054,300115.036054,300115.036054,nan,300115.036054,nan,nan,0.0,8,64,,True,False,"HTTPConnectionPool(host='gpu03', port=9002): Read timed out.",0,56.69694568066818
262,2026-09-19T05:47:08.154+00:00,2026-09-19T05:52:08.128+00:00,2026-09-19T05:52:08.270+00:00,False,3,2.0,,2.0,299973.469433,300115.993849,300115.993953,100038.66465100001,0.02971,299973.469433,173148.63469426642,269990.37197070004,71.262208,100.73798455230424,0.006664090021827619,8,64,,True,False,Request timeout: 300.0s exceeded,4,56.69694568066818
263,2026-09-19T05:47:08.502+00:00,2026-09-19T05:52:08.386+00:00,2026-09-19T05:52:08.604+00:00,False,4,3.0,,3.0,299884.226773,300102.208725,300102.20880699996,75025.55220174999,0.026469,299884.226773,149905.7922794518,254920.03391424997,72.66065066666667,64.43431213275726,0.009996594202840619,8,64,,True,False,Request timeout: 300.0s exceeded,8,56.69694568066818
264,2026-09-19T05:47:08.938+00:00,2026-09-19T05:52:09.010+00:00,2026-09-19T05:52:09.010+00:00,False,1,0.0,,0.0,300071.486324,300071.486324,300071.486324,300071.486324,300071.486324,300071.486324,nan,300071.486324,nan,nan,0.0,8,64,,True,False,"HTTPConnectionPool(host='gpu03', port=9002): Read timed out.",0,56.69694568066818
265,2026-09-19T05:47:09.237+00:00,2026-09-19T05:52:09.332+00:00,2026-09-19T05:52:09.332+00:00,False,1,0.0,,0.0,300095.034833,300095.034833,300095.034833,300095.034833,300095.034833,300095.034833,nan,300095.034833,nan,nan,0.0,8,64,,True,False,TTFT timeout: 300.0s exceeded (TTFT: 300.076s),0,56.69694568066818
266,2026-09-19T05:47:09.601+00:00,2026-09-19T05:52:09.600+00:00,2026-09-19T05:52:09.730+00:00,False,3,2.0,,2.0,299998.714689,300128.872001,300128.871958,100042.95731933333,0.056119,299998.714689,173166.77772276435,270011.8533351,65.078656,91.9558314670523,0.006663804074115656,8,64,,True,False,Request timeout: 300.0s exceeded,5,56.69694568066818
267,2026-09-19T05:47:09.903+00:00,2026-09-19T05:52:09.732+00:00,2026-09-19T05:52:09.996+00:00,False,4,3.0,,3.0,299829.53194099996,300093.04528499994,300093.045343,75023.26133575,0.02352,299829.53194099996,149870.85993353132,254874.88478674996,87.83778133333333,76.04948116315528,0.009996899452137867,8,64,,True,False,Request timeout: 300.0s exceeded,8,56.69694568066818
268,2026-09-19T05:47:10.410+00:00,2026-09-19T05:52:10.206+00:00,2026-09-19T05:52:10.508+00:00,False,5,4.0,,4.0,299796.260487,300098.412935,300098.412895,60019.682579,0.03311,299796.260487,134039.1889989698,239857.4941434,75.538112,50.36015927375735,0.013328960859471065,8,64,,True,False,Request timeout: 300.0s exceeded,11,56.69694568066818
269,2026-09-19T05:47:10.887+00:00,2026-09-19T05:52:10.903+00:00,2026-09-19T05:52:10.903+00:00,False,1,0.0,,0.0,300016.825542,300016.825542,300016.825542,300016.825542,300016.825542,300016.825542,nan,300016.825542,nan,nan,0.0,8,64,,True,False,"HTTPConnectionPool(host='gpu03', port=9002): Read timed out.",0,56.69694568066818
270,2026-09-19T05:47:11.352+00:00,2026-09-19T05:52:11.357+00:00,2026-09-19T05:52:11.357+00:00,False,1,0.0,,0.0,300005.08549900004,300005.08549900004,300005.08549900004,300005.08549900004,300005.08549900004,300005.08549900004,nan,300005.08549900004,nan,nan,0.0,8,64,,True,False,TTFT timeout: 300.0s exceeded (TTFT: 300.000s),0,56.69694568066818
271,2026-09-19T05:47:11.742+00:00,2026-09-19T05:52:11.633+00:00,2026-09-19T05:52:11.835+00:00,False,4,3.0,,3.0,299890.411967,300092.413631,300092.41353,75023.1033825,0.024479,299890.411967,149911.5466143335,254922.1614218,67.333888,58.30169583588374,0.009996920494261024,8,64,,True,False,Request timeout: 300.0s exceeded,13,56.69694568066818
272,2026-09-19T05:47:12.254+00:00,2026-09-19T05:52:12.368+00:00,2026-09-19T05:52:12.368+00:00,False,1,0.0,,0.0,300114.631199,300114.631199,300114.631199,300114.631199,300114.631199,300114.631199,nan,300114.631199,nan,nan,0.0,8,64,,True,False,"HTTPConnectionPool(host='gpu03', port=9002): Read timed out.",0,56.69694568066818
273,2026-09-19T05:47:12.587+00:00,2026-09-19T05:52:12.653+00:00,2026-09-19T05:52:12.653+00:00,False,1,0.0,,0.0,300065.591233,300065.591233,300065.591233,300065.591233,300065.591233,300065.591233,nan,300065.591233,nan,nan,0.0,8,64,,True,False,"HTTPConnectionPool(host='gpu03', port=9002): Read timed out.",0,56.69694568066818
274,2026-09-19T05:47:12.979+00:00,2026-09-19T05:52:12.944+00:00,2026-09-19T05:52:13.093+00:00,False,3,2.0,,2.0,299964.729147,300114.012731,300114.01277000003,100038.00425666667,0.08551,299964.729147,173141.63870274927,269983.1760436,74.641792,105.43851364979444,0.006664134012938116,8,64,,True,False,Request timeout: 300.0s exceeded,4,56.69694568066818
275,2026-09-19T05:47:13.435+00:00,2026-09-19T05:52:13.219+00:00,2026-09-19T05:52:13.470+00:00,False,4,3.0,,3.0,299783.396742,300034.549894,300034.54991500004,75008.63747875001,0.02596,299783.396742,149849.8514374753,254836.28984145,83.71771733333333,73.22927582747232,0.00999884846948419,8,64,,True,False,Request timeout: 300.0s exceeded,6,56.69694568066818
276,2026-09-19T05:47:13.730+00:00,2026-09-19T05:52:13.469+00:00,2026-09-19T05:52:13.819+00:00,False,6,5.0,,5.0,299739.296107,300088.69821899995,300088.69828799996,50014.783048,0.03461,299739.296107,122339.53317763141,224830.6039735,69.8804224,44.67537348228705,0.01666174044432383,8,64,,True,False,Request timeout: 300.0s exceeded,18,56.69694568066818
277,2026-09-19T05:47:14.253+00:00,2026-09-19T05:52:14.368+00:00,2026-09-19T05:52:14.368+00:00,False,1,0.0,,0.0,300114.908296,300114.908296,300114.908296,300114.908296,300114.908296,300114.908296,nan,300114.908296,nan,nan,0.0,8,64,,True,False,"HTTPConnectionPool(host='gpu03', port=9002): Read timed out.",0,56.69694568066818
278,2026-09-19T05:47:14.680+00:00,2026-09-19T05:52:14.643+00:00,2026-09-19T05:52:14.782+00:00,False,3,2.0,,2.0,299963.194801,300101.653169,300101.653141,100033.88438033333,0.02379,299963.194801,173143.8756160526,269980.7187759,69.229184,97.87118132832948,0.006664408472530857,8,64,,True,False,Request timeout: 300.0s exceeded,4,56.69694568066818
279,2026-09-19T05:47:15.176+00:00,2026-09-19T05:52:14.916+00:00,2026-09-19T05:52:15.254+00:00,False,5,4.0,,4.0,299739.817355,300077.977739,300077.977694,60015.5955388,0.04231,299739.817355,134009.92287876035,239815.435436,84.540096,56.45993922535872,0.01332986855662929,8,64,,True,False,Request timeout: 300.0s exceeded,11,56.69694568066818
280,2026-09-19T05:47:15.481+00:00,2026-09-19T05:52:15.254+00:00,2026-09-19T05:52:15.554+00:00,False,5,4.0,,4.0,299773.870948,300073.485668,300073.485652,60014.697130399996,0.052950000000000004,299773.870948,134029.45974303715,239839.94090519997,74.90368,50.09644430397671,0.013330068103469771,8,64,,True,False,Request timeout: 300.0s exceeded,17,56.69694568066818
281,2026-09-19T05:47:15.995+00:00,2026-09-19T05:52:16.044+00:00,2026-09-19T05:52:16.044+00:00,False,1,0.0,,0.0,300048.67145599995,300048.67145599995,300048.67145599995,300048.67145599995,300048.67145599995,300048.67145599995,nan,300048.67145599995,nan,nan,0.0,8,64,,True,False,"HTTPConnectionPool(host='gpu03', port=9002): Read timed out.",0,56.69694568066818
282,2026-09-19T05:47:16.320+00:00,2026-09-19T05:52:16.388+00:00,2026-09-19T05:52:16.388+00:00,False,1,0.0,,0.0,300067.665214,300067.665214,300067.665214,300067.665214,300067.665214,300067.665214,nan,300067.665214,nan,nan,0.0,8,64,,True,False,"HTTPConnectionPool(host='gpu03', port=9002): Read timed out.",0,56.69694568066818
283,2026-09-19T05:47:17.453+00:00,2026-09-19T05:52:16.529+00:00,2026-09-19T05:52:17.640+00:00,False,13,12.0,,12.0,299076.05942400004,300186.57104,300186.571095,23091.274699615387,0.024210000000000002,299076.05942400004,82923.11443745604,119710.27169940002,92.54263466666667,34.87652889692719,0.039975139322275,8,64,,True,False,Request timeout: 300.0s exceeded,36,56.69694568066818
284,2026-09-19T05:47:17.546+00:00,2026-09-19T05:52:16.772+00:00,2026-09-19T05:52:17.733+00:00,False,12,11.0,,11.0,299225.775025,300187.159217,300187.15907299996,25015.596589416666,0.09212999999999999,299225.775025,86353.8169250715,134716.24282479996,87.39856290909091,33.29056860329193,0.036643805913257915,8,64,,True,False,Request timeout: 300.0s exceeded,45,56.69694568066818
285,2026-09-19T05:47:17.676+00:00,2026-09-19T05:52:17.869+00:00,2026-09-19T05:52:17.869+00:00,False,1,0.0,,0.0,300192.824644,300192.824644,300192.824644,300192.824644,300192.824644,300192.824644,nan,300192.824644,nan,nan,0.0,8,64,,True,False,TTFT timeout: 300.0s exceeded (TTFT: 300.001s),0,56.69694568066818
286,2026-09-19T05:47:17.903+00:00,2026-09-19T05:52:17.979+00:00,2026-09-19T05:52:17.979+00:00,False,1,0.0,,0.0,300076.634165,300076.634165,300076.634165,300076.634165,300076.634165,300076.634165,nan,300076.634165,nan,nan,0.0,8,64,,True,False,"HTTPConnectionPool(host='gpu03', port=9002): Read timed out.",0,56.69694568066818
287,2026-09-19T05:47:18.186+00:00,2026-09-19T05:52:18.218+00:00,2026-09-19T05:52:18.218+00:00,False,1,0.0,,0.0,300032.366462,300032.366462,300032.366462,300032.366462,300032.366462,300032.366462,nan,300032.366462,nan,nan,0.0,8,64,,True,False,"HTTPConnectionPool(host='gpu03', port=9002): Read timed out.",0,56.69694568066818
288,2026-09-19T05:47:18.587+00:00,2026-09-19T05:52:18.658+00:00,2026-09-19T05:52:18.658+00:00,False,1,0.0,,0.0,300070.024256,300070.024256,300070.024256,300070.024256,300070.024256,300070.024256,nan,300070.024256,nan,nan,0.0,8,64,,True,False,"HTTPConnectionPool(host='gpu03', port=9002): Read timed out.",0,56.69694568066818
289,2026-09-19T05:47:18.920+00:00,2026-09-19T05:52:19.028+00:00,2026-09-19T05:52:19.028+00:00,False,1,0.0,,0.0,300108.213404,300108.213404,300108.213404,300108.213404,300108.213404,300108.213404,nan,300108.213404,nan,nan,0.0,8,64,,True,False,"HTTPConnectionPool(host='gpu03', port=9002): Read timed out.",0,56.69694568066818
290,2026-09-19T05:47:19.434+00:00,2026-09-19T05:52:19.395+00:00,2026-09-19T05:52:19.975+00:00,True,9,9.0,,9.0,299960.949129,300541.095817,300541.095695,33393.45507722222,27.839452,299960.949129,99962.8146304281,180018.7025454,72.518336,31.56626744169527,0.02994598783748401,8,64,,True,True,,52,56.69694568066818
291,2026-09-19T05:47:19.878+00:00,2026-09-19T05:52:19.427+00:00,2026-09-19T05:52:20.687+00:00,False,16,15.0,,15.0,299549.575491,300809.04736300005,300809.04741600004,18800.565463500003,0.022088999999999998,299549.575491,74866.40901998994,74968.69477575002,83.96479146666667,31.90728101573328,0.04986552143792009,8,64,,True,False,Request timeout: 300.0s exceeded,83,56.69694568066818
293,2026-09-19T05:47:20.721+00:00,2026-09-19T05:52:20.750+00:00,2026-09-19T05:52:20.750+00:00,False,1,0.0,,0.0,300028.943601,300028.943601,300028.943601,300028.943601,300028.943601,300028.943601,nan,300028.943601,nan,nan,0.0,8,64,,True,False,"HTTPConnectionPool(host='gpu03', port=9002): Read timed out.",0,56.69694568066818
292,2026-09-19T05:47:20.273+00:00,2026-09-19T05:52:21.362+00:00,2026-09-19T05:52:21.362+00:00,False,1,0.0,,0.0,301089.014515,301089.014515,301089.014515,301089.014515,301089.014515,301089.014515,nan,301089.014515,nan,nan,0.0,8,64,,True,False,"HTTPConnectionPool(host='gpu03', port=9002): Read timed out.",0,56.69694568066818
0,2026-09-19T05:45:20.774+00:00,2026-09-19T05:45:20.905+00:00,2026-09-19T05:45:25.916+00:00,True,57,57.0,,57.0,130.74643700000001,5141.377093,5141.377155,90.19959921052632,29.091903,164.393597,28.036436690596783,112.73371499999999,89.47554742857143,27.74722002378413,11.0865238960211,9,64,,False,True,,200,56.69694568066818
1,2026-09-19T05:45:21.233+00:00,2026-09-19T05:45:21.451+00:00,2026-09-19T05:45:23.592+00:00,True,23,23.0,,23.0,218.004276,2359.7916680000003,2359.791747,102.59964117391304,44.194317000000005,218.004276,33.88511896926598,147.81009550000002,97.35397236363636,23.234631408395263,9.746623107408988,9,64,,False,True,,107,56.69694568066818
2,2026-09-19T05:45:22.002+00:00,2026-09-19T05:45:24.335+00:00,2026-09-19T05:45:33.168+00:00,True,92,92.0,,92.0,2332.962485,11165.991349,11165.991298,121.36947063043478,0.0,2332.962485,234.70270601532366,113.38473699999999,97.06625125274725,27.46217529385368,8.239304252034845,9,64,,False,True,,371,56.69694568066818
3,2026-09-19T05:45:22.525+00:00,2026-09-19T05:45:27.722+00:00,2026-09-19T05:45:27.722+00:00,True,1,1.0,,1.0,5197.043393,5197.043393,5197.043393,5197.043393,5197.043393,5197.043393,nan,5197.043393,nan,nan,0.19241709648738353,9,64,,False,True,,3,56.69694568066818
4,2026-09-19T05:45:23.064+00:00,2026-09-19T05:45:30.599+00:00,2026-09-19T05:45:39.391+00:00,True,89,89.0,,89.0,7535.417297,16327.392721,16327.392761000001,183.453851247191,0.0,7535.417297,789.4791793818266,201.323407,99.90881163636364,45.84110880463093,5.450962166514792,9,64,,False,True,,304,56.69694568066818
5,2026-09-19T05:45:23.812+00:00,2026-09-19T05:45:34.404+00:00,2026-09-19T05:45:40.461+00:00,True,63,63.0,,63.0,10591.952874,16648.897002,16648.896942,264.26820542857143,0.0,10591.952874,1323.0512370577146,231.48796480000001,97.69264722580644,49.15573302254086,3.7840344614079795,9,64,,False,True,,268,56.69694568066818
6,2026-09-19T05:45:24.266+00:00,2026-09-19T05:45:37.179+00:00,2026-09-19T05:45:38.924+00:00,True,19,19.0,,19.0,12912.789235999999,14658.444275999998,14658.444378999999,771.4970725789473,44.248177000000005,12912.789235999999,2940.212769961246,1398.9688933999998,96.98083555555556,20.06807732541324,1.296181207381492,9,64,,False,True,,69,56.69694568066818
7,2026-09-19T05:45:24.866+00:00,2026-09-19T05:45:39.904+00:00,2026-09-19T05:45:45.388+00:00,True,57,57.0,,57.0,15038.332784,20522.600304,20522.600306,360.0456194035088,0.0,15038.332784,1979.2120261800617,118.20615479999998,97.93334857142857,35.21889126781237,2.7774258210783502,9,64,,False,True,,277,56.69694568066818
8,2026-09-19T05:45:25.409+00:00,2026-09-19T05:45:43.120+00:00,2026-09-19T05:45:45.032+00:00,True,20,20.0,,20.0,17710.555528,19622.968968,19622.969162,981.1484581000001,53.005077,17710.555528,3937.7139209590036,992.05478095,100.65333894736843,12.921833162289136,1.0192137608032117,9,64,,False,True,,127,56.69694568066818
9,2026-09-19T05:45:26.105+00:00,2026-09-19T05:45:47.425+00:00,2026-09-19T05:45:55.358+00:00,True,81,81.0,,81.0,21319.911807999997,29252.309375999997,29252.309487,361.13962329629624,0.0,21319.911807999997,2359.0959251049367,121.508707,99.15496959999999,76.77672343664005,2.7690121473437,9,64,,False,True,,317,56.69694568066818
10,2026-09-19T05:45:26.842+00:00,2026-09-19T05:45:51.252+00:00,2026-09-19T05:45:52.607+00:00,True,14,14.0,,14.0,24409.863837,25764.258973,25764.258922,1840.3042087142858,0.02161,24409.863837,6497.109141083004,8866.56547225,104.18424123076923,126.84258943940821,0.543388420938925,9,64,,False,True,,59,56.69694568066818
11,2026-09-19T05:45:27.287+00:00,2026-09-19T05:45:53.710+00:00,2026-09-19T05:46:00.923+00:00,True,78,78.0,,78.0,26422.653008999998,33635.973457,33635.973311999995,431.23042707692304,0.0,26422.653008999998,2982.1345005700496,113.90056550000001,93.67948633766234,76.36810880459014,2.3189458185211933,9,64,,False,True,,421,56.69694568066818
12,2026-09-19T05:45:27.723+00:00,2026-09-19T05:45:55.876+00:00,2026-09-19T05:46:01.820+00:00,True,64,64.0,,64.0,28153.009197,34096.801325,34096.801289,532.762520140625,0.0,28153.009197,3507.9267624418812,115.15058625,94.3459067936508,65.06317193662191,1.8770089132400456,9,64,,False,True,,225,56.69694568066818
13,2026-09-19T05:45:28.428+00:00,2026-09-19T05:46:00.443+00:00,2026-09-19T05:46:00.817+00:00,True,5,5.0,,5.0,32015.503346999998,32388.958706999998,32388.958797,6477.7917594,47.06073000000001,32015.503346999998,14276.0399577778,25634.609598,93.36384,30.962811822618438,0.15437359518814617,9,64,,False,True,,21,56.69694568066818
14,2026-09-19T05:45:28.901+00:00,2026-09-19T05:46:02.454+00:00,2026-09-19T05:46:08.258+00:00,True,59,59.0,,59.0,33553.842634,39357.248202,39357.248135,667.0720022881356,0.0,33553.842634,4356.380873805309,156.829015,100.05871668965517,97.3537425313186,1.4990885464650403,9,64,,False,True,,197,56.69694568066818
15,2026-09-19T05:45:29.614+00:00,2026-09-19T05:46:06.828+00:00,2026-09-19T05:46:08.363+00:00,True,17,17.0,,17.0,37213.929648000005,38748.788400000005,38748.78830200001,2279.3404883529415,0.01738,37213.929648000005,9003.343087493862,7888.3823392,95.928672,131.87705173534903,0.4387233950262042,9,64,,False,True,,60,56.69694568066818
16,2026-09-19T05:45:30.287+00:00,2026-09-19T05:46:09.966+00:00,2026-09-19T05:46:12.587+00:00,True,25,25.0,,25.0,39678.581117,42299.582845000004,42299.582821,1691.98331284,0.0,39678.581117,7915.081436718915,619.9894416,109.20840533333333,141.18946942316552,0.5910223770198507,9,64,,False,True,,113,56.69694568066818
17,2026-09-19T05:45:30.751+00:00,2026-09-19T05:46:12.586+00:00,2026-09-19T05:46:12.631+00:00,True,5,5.0,,5.0,41834.835984,41879.323408,41879.32335,8375.864669999999,0.0,41834.835984,18704.14349872204,33476.7662604,11.121856,22.243712,0.11939065851873039,9,64,,False,True,,21,56.69694568066818
18,2026-09-19T05:45:31.367+00:00,2026-09-19T05:46:15.514+00:00,2026-09-19T05:46:15.619+00:00,True,2,2.0,,2.0,44146.576918,44251.916054,44251.916122999995,22125.958061499998,105.339205,44146.576918,31141.857838711014,41944.51503235,105.339136,nan,0.04519578310596603,9,64,,False,True,,5,56.69694568066818
19,2026-09-19T05:45:32.090+00:00,2026-09-19T05:46:19.449+00:00,2026-09-19T05:46:27.359+00:00,True,78,78.0,,78.0,47359.160534999995,55269.730263,55269.73024,708.5862851282051,0.0,47359.160534999995,5352.177857697732,116.33764355,102.73467179220779,125.0157126290694,1.4112607322098087,9,64,,False,True,,314,56.69694568066818
20,2026-09-19T05:45:32.635+00:00,2026-09-19T05:46:22.920+00:00,2026-09-19T05:46:27.734+00:00,True,47,47.0,,47.0,50285.374719,55099.188223,55099.188132,1172.323151744681,47.29211,50285.374719,7319.623216015558,114.3798837,104.6481196521739,13.376500864316876,0.8530071225329021,9,64,,False,True,,200,56.69694568066818
21,2026-09-19T05:45:33.273+00:00,2026-09-19T05:46:26.054+00:00,2026-09-19T05:46:31.191+00:00,True,51,51.0,,51.0,52780.607901,57917.356957,57917.356941000005,1135.6344498235294,0.0,52780.607901,7377.157047577878,116.1918125,102.73498112,108.32273054540417,0.8805650443935882,9,64,,False,True,,220,56.69694568066818
22,2026-09-19T05:45:33.839+00:00,2026-09-19T05:46:29.410+00:00,2026-09-19T05:46:30.769+00:00,True,20,20.0,,20.0,55571.595924,56930.326676000004,56930.326567000004,2846.51632835,0.0,55571.595924,12410.282861541888,2887.1241570999996,71.51214484210527,47.70176014342074,0.35130660875746134,9,64,,False,True,,119,56.69694568066818
23,2026-09-19T05:45:34.260+00:00,2026-09-19T05:46:31.087+00:00,2026-09-19T05:46:33.016+00:00,True,20,20.0,,20.0,56826.222125,58755.459885000004,58755.459659,2937.77298295,49.794472999999996,56826.222125,12684.037482133803,2949.8627527,101.5388294736842,18.43700801565027,0.34039389767598277,9,64,,False,True,,63,56.69694568066818
24,2026-09-19T05:45:34.731+00:00,2026-09-19T05:46:34.193+00:00,2026-09-19T05:46:37.737+00:00,True,35,35.0,,35.0,59462.773482000004,63006.920682,63006.920508,1800.1977288,0.01868,59462.773482000004,10034.047908763234,293.5801687,104.23962352941176,113.62314856099309,0.5554945333171774,9,64,,False,True,,145,56.69694568066818
25,2026-09-19T05:45:35.167+00:00,2026-09-19T05:46:36.771+00:00,2026-09-19T05:46:42.282+00:00,True,57,57.0,,57.0,61604.327432,67115.24532,67115.245194,1177.460442,0.0,61604.327432,8147.877579099513,226.8906136,98.409248,142.25259560874252,0.849285430280835,9,64,,False,True,,181,56.69694568066818
26,2026-09-19T05:45:35.875+00:00,2026-09-19T05:46:40.539+00:00,2026-09-19T05:46:43.408+00:00,True,30,30.0,,30.0,64664.019494,67532.396582,67532.396424,2251.0798808,42.84476,64664.019494,11787.94066934749,117.9839601,98.9095547586207,21.131727135022327,0.444231235945744,9,64,,False,True,,131,56.69694568066818
27,2026-09-19T05:45:36.296+00:00,2026-09-19T05:46:42.819+00:00,2026-09-19T05:46:51.328+00:00,True,83,83.0,,83.0,66523.394285,75032.674797,75032.674791,904.0081300120482,0.0,66523.394285,7291.265249187482,112.0483931,103.77171356097561,106.23471000412871,1.1061847418415445,9,64,,False,True,,367,56.69694568066818
28,2026-09-19T05:45:37.102+00:00,2026-09-19T05:46:45.380+00:00,2026-09-19T05:46:45.484+00:00,True,2,2.0,,2.0,68277.558117,68381.61136499999,68381.61131299999,34190.80565649999,104.053196,68277.558117,48205.94762689356,64868.882870949994,104.053248,nan,0.02924762900547365,9,64,,False,True,,5,56.69694568066818
29,2026-09-19T05:45:37.595+00:00,2026-09-19T05:46:49.534+00:00,2026-09-19T05:46:52.905+00:00,True,34,34.0,,34.0,71938.62634999999,75309.771566,75309.771501,2214.993279441176,0.0,71938.62634999999,12321.069202113524,527.7759462,102.15591563636364,175.79474558426884,0.4514686380399265,9,64,,False,True,,170,56.69694568066818
30,2026-09-19T05:45:38.158+00:00,2026-09-19T05:46:52.447+00:00,2026-09-19T05:47:00.762+00:00,True,83,83.0,,83.0,74289.07238600001,82603.92269,82603.92255900001,995.2279826385544,0.01709,74289.07238600001,8143.636417824597,114.24904599999999,101.40061346341464,89.1028643210575,1.0047948971078093,9,64,,False,True,,316,56.69694568066818
31,2026-09-19T05:45:38.711+00:00,2026-09-19T05:46:55.691+00:00,2026-09-19T05:47:01.410+00:00,True,58,58.0,,58.0,76980.427392,82699.434368,82699.434456,1425.8523182068966,46.9661,76980.427392,10094.86709491057,114.71135475,100.33345571929824,18.24727810190847,0.7013349056525436,9,64,,False,True,,163,56.69694568066818
32,2026-09-19T05:45:39.194+00:00,2026-09-19T05:46:58.250+00:00,2026-09-19T05:47:07.480+00:00,True,95,95.0,,95.0,79055.130247,88285.45011899999,88285.45001399999,929.3205264631579,0.0,79055.130247,8101.679553434039,114.13064800000001,98.19489225531915,119.28916554677262,1.0760549996851063,9,64,,False,True,,525,56.69694568066818
33,2026-09-19T05:45:39.748+00:00,2026-09-19T05:47:01.726+00:00,2026-09-19T05:47:02.888+00:00,True,12,12.0,,12.0,81977.561492,83140.20418,83140.20405399999,6928.350337833333,92.229134,81977.561492,23634.372957299533,36952.89092695,105.69478981818182,6.506551601490759,0.14433450240295045,9,64,,False,True,,42,56.69694568066818
34,2026-09-19T05:45:40.329+00:00,2026-09-19T05:47:05.103+00:00,2026-09-19T05:47:12.618+00:00,True,77,77.0,,77.0,84774.141602,92288.585634,92288.585453,1198.5530578311689,45.846411999999994,84774.141602,9649.654724738564,109.7984144,98.87426357894736,15.60178180773179,0.8343393657084334,9,64,,False,True,,385,56.69694568066818
35,2026-09-19T05:45:40.938+00:00,2026-09-19T05:47:08.474+00:00,2026-09-19T05:47:13.295+00:00,True,49,49.0,,49.0,87535.963024,92356.638096,92356.638114,1884.829349265306,45.072654,87535.963024,12490.797908904107,110.2965192,100.43073066666668,13.907666465326008,0.5305520102308944,9,64,,False,True,,243,56.69694568066818
36,2026-09-19T05:45:41.397+00:00,2026-09-19T05:47:11.283+00:00,2026-09-19T05:47:13.500+00:00,True,23,23.0,,23.0,89885.744624,92102.811888,92102.812062,4004.470089652174,54.315913,89885.744624,18721.463632791445,110.26441120000001,100.77578472727274,11.6597183890202,0.2497209317340794,9,64,,False,True,,86,56.69694568066818
37,2026-09-19T05:45:42.142+00:00,2026-09-19T05:47:15.795+00:00,2026-09-19T05:47:15.901+00:00,True,2,2.0,,2.0,93653.256072,93759.25415200001,93759.25419400001,46879.627097000004,105.99812200000001,93653.256072,66147.90045785217,88975.8931745,105.99808,nan,0.021331227707482112,9,64,,False,True,,10,56.69694568066818
38,2026-09-19T05:45:42.749+00:00,2026-09-19T05:47:18.673+00:00,2026-09-19T05:47:20.979+00:00,True,25,25.0,,25.0,95924.133464,98230.064472,98230.064413,3929.20257652,0.0,95924.133464,19167.37839241013,1080.4347870000001,96.08045866666667,265.9153671220359,0.2545045667472419,9,64,,False,True,,112,56.69694568066818
39,2026-09-19T05:45:43.504+00:00,2026-09-19T05:47:22.567+00:00,2026-09-19T05:47:23.249+00:00,True,8,8.0,,8.0,99062.759137,99745.183969,99745.183906,12468.14798825,52.656577,99062.759137,34989.51170995675,64429.81343685,97.48926171428572,20.18679587193475,0.08020437360149975,9,64,,False,True,,42,56.69694568066818
40,2026-09-19T05:45:44.011+00:00,2026-09-19T05:47:25.345+00:00,2026-09-19T05:47:28.537+00:00,True,34,34.0,,34.0,101334.19939,104526.03375799999,104526.033841,3074.295112970588,45.581762000000005,101334.19939,17362.095075622514,112.45831265000001,96.72225357575758,19.83234422856244,0.32527781623013874,9,64,,False,True,,114,56.69694568066818
41,2026-09-19T05:45:44.471+00:00,2026-09-19T05:47:28.077+00:00,2026-09-19T05:47:36.552+00:00,True,87,87.0,,87.0,103606.309231,112081.584495,112081.584436,1288.2940739770115,44.264396,103606.309231,11097.20915310166,110.01699630000002,98.54971237209303,16.760440736621696,0.7762202898182716,9,64,,True,True,,343,56.69694568066818
42,2026-09-19T05:45:44.889+00:00,2026-09-19T05:47:30.269+00:00,2026-09-19T05:47:36.343+00:00,True,62,62.0,,62.0,105379.649641,111453.410409,111453.410296,1797.6356499354838,44.025106,105379.649641,13370.593357864,110.74565219999998,99.5698486557377,16.36714744695581,0.5562862524572278,9,64,,True,True,,338,56.69694568066818
43,2026-09-19T05:45:45.421+00:00,2026-09-19T05:47:33.350+00:00,2026-09-19T05:47:37.649+00:00,True,44,44.0,,44.0,107928.37695,112227.44383,112227.443843,2550.6237237045457,44.585175,107928.37695,16255.751508494077,111.514351,99.97829953488372,17.093428187397762,0.39206096564624926,9,64,,True,True,,199,56.69694568066818
44,2026-09-19T05:45:45.832+00:00,2026-09-19T05:47:35.611+00:00,2026-09-19T05:47:43.866+00:00,True,85,85.0,,85.0,109779.343649,118033.99248100001,118033.992476,1388.6352056,44.963014,109779.343649,11896.597879051737,111.46916239999999,98.26962895238096,19.05483810762628,0.7201315334112967,9,64,,True,True,,383,56.69694568066818
45,2026-09-19T05:45:46.568+00:00,2026-09-19T05:47:39.217+00:00,2026-09-19T05:47:42.395+00:00,True,34,34.0,,34.0,112648.847764,115826.84584400001,115826.84576200001,3406.6719341764706,47.276409,112648.847764,19302.614577065604,111.9341456,96.30297212121212,22.21014954568835,0.29354162027162933,9,64,,True,True,,198,56.69694568066818
46,2026-09-19T05:45:47.326+00:00,2026-09-19T05:47:43.654+00:00,2026-09-19T05:47:45.528+00:00,True,20,20.0,,20.0,116327.681257,118201.406953,118201.407165,5910.07035825,49.234864,116327.681257,25989.61449638759,5921.4177814,98.61714189473685,17.632668764128844,0.16920272368629696,9,64,,True,True,,62,56.69694568066818
47,2026-09-19T05:45:48.022+00:00,2026-09-19T05:47:47.280+00:00,2026-09-19T05:47:47.480+00:00,True,3,3.0,,3.0,119258.660339,119458.757875,119458.757816,39819.58593866666,98.85325599999999,119258.660339,68796.25649419778,107342.9187272,100.048768,1.6905395787522988,0.02511326966197957,9,64,,True,True,,22,56.69694568066818
48,2026-09-19T05:45:48.696+00:00,2026-09-19T05:47:51.019+00:00,2026-09-19T05:47:56.701+00:00,True,59,59.0,,59.0,122323.73267299999,128005.608641,128005.60856299999,2169.5865858135594,45.848962,122323.73267299999,15912.447216529596,109.16792369999999,97.96337875862069,15.49911424482917,0.4609173037524419,9,64,,True,True,,203,56.69694568066818
49,2026-09-19T05:45:49.381+00:00,2026-09-19T05:47:54.158+00:00,2026-09-19T05:48:00.886+00:00,True,69,69.0,,69.0,124777.296892,131505.738748,131505.738772,1905.880272057971,49.157324,124777.296892,15009.517540881547,111.237885,98.94767435294116,15.718082957670845,0.5246919309903454,9,64,,True,True,,337,56.69694568066818
50,2026-09-19T05:45:49.979+00:00,2026-09-19T05:47:57.217+00:00,2026-09-19T05:48:03.901+00:00,True,68,68.0,,68.0,127237.522758,133921.98407,133921.984061,1969.4409420735294,49.040175000000005,127237.522758,15417.725252985498,111.21918020000001,99.7680792835821,15.680248079159956,0.5077583077357704,9,64,,True,True,,238,56.69694568066818
51,2026-09-19T05:45:50.696+00:00,2026-09-19T05:48:01.509+00:00,2026-09-19T05:48:04.808+00:00,True,35,35.0,,35.0,130813.271127,134112.432215,134112.432181,3831.7837766,41.871651,130813.271127,22095.085514361526,111.963387,97.03414964705883,19.95434134655763,0.2609750596715028,9,64,,True,True,,152,56.69694568066818
52,2026-09-19T05:45:51.109+00:00,2026-09-19T05:48:03.382+00:00,2026-09-19T05:48:10.368+00:00,True,71,71.0,,71.0,132272.75006999998,139258.77195799997,139258.77189299997,1961.391153422535,45.762212,132272.75006999998,15686.053859341342,112.6417645,99.80031268571429,18.377092963881097,0.5098422095910295,9,64,,True,True,,347,56.69694568066818
53,2026-09-19T05:45:51.812+00:00,2026-09-19T05:48:07.187+00:00,2026-09-19T05:48:16.999+00:00,True,98,98.0,,98.0,135374.925088,145186.29430399998,145186.294279,1481.492798765306,47.430697,135374.925088,13664.72278263609,111.7829145,101.14813624742268,14.65990569010376,0.674994843485719,9,64,,True,True,,415,56.69694568066818
54,2026-09-19T05:45:52.492+00:00,2026-09-19T05:48:11.214+00:00,2026-09-19T05:48:13.768+00:00,True,26,26.0,,26.0,138721.14394,141275.33018000002,141275.33015000002,5433.666544230769,53.313665,138721.14394,27185.420065180726,111.33532375,102.1674496,11.006203658207069,0.18403779320050564,9,64,,True,True,,75,56.69694568066818
55,2026-09-19T05:45:52.920+00:00,2026-09-19T05:48:13.194+00:00,2026-09-19T05:48:21.135+00:00,True,80,80.0,,80.0,140273.75641,148214.50060200001,148214.50077800002,1852.681259725,48.834325,140273.75641,15671.852734771126,111.79047150000001,100.51574926582278,15.934111386133774,0.5397582535788706,9,64,,True,True,,329,56.69694568066818
56,2026-09-19T05:45:53.559+00:00,2026-09-19T05:48:16.783+00:00,2026-09-19T05:48:22.377+00:00,True,56,56.0,,56.0,143224.750866,148818.061586,148818.06150399998,2657.4653839999996,47.808417,143224.750866,19125.628459636057,112.66587450000002,101.69655854545455,15.082847550771787,0.37629841030847144,9,64,,True,True,,189,56.69694568066818
57,2026-09-19T05:45:54.136+00:00,2026-09-19T05:48:20.148+00:00,2026-09-19T05:48:23.414+00:00,True,34,34.0,,34.0,146011.701951,149277.599423,149277.599333,4390.517627441176,47.671258,146011.701951,25023.832377142713,109.2376008,98.96659006060607,15.58806910878176,0.2277635769292887,9,64,,True,True,,121,56.69694568066818
58,2026-09-19T05:45:54.662+00:00,2026-09-19T05:48:22.896+00:00,2026-09-19T05:48:24.046+00:00,True,14,14.0,,14.0,148233.3109,149383.93541200002,149383.935185,10670.281084642858,48.098395,148233.3109,39593.37137759479,51955.5330193,88.50957784615385,25.84867212872752,0.09371824327286653,9,64,,True,True,,56,56.69694568066818
59,2026-09-19T05:45:55.175+00:00,2026-09-19T05:48:26.260+00:00,2026-09-19T05:48:28.788+00:00,True,26,26.0,,26.0,151084.622695,153612.793703,153612.793658,5908.184371461539,46.68985,151084.622695,29610.3036895518,111.38136974999999,101.12684032,15.732951352083347,0.16925673554423631,9,64,,True,True,,138,56.69694568066818
60,2026-09-19T05:45:55.683+00:00,2026-09-19T05:48:28.637+00:00,2026-09-19T05:48:37.773+00:00,True,93,93.0,,93.0,152954.916076,162090.60913199998,162090.609144,1742.9097757419354,46.501349999999995,152954.916076,15850.399781462434,112.65530480000001,99.30101147826088,18.66687347338457,0.5737531649613618,9,64,,True,True,,321,56.69694568066818
61,2026-09-19T05:45:56.433+00:00,2026-09-19T05:48:32.340+00:00,2026-09-19T05:48:41.859+00:00,True,94,94.0,,94.0,155906.767525,165425.63318900001,165425.633071,1759.8471603297874,45.934192,155906.767525,16070.007014994035,113.2106119,102.35339423655914,16.827228130268825,0.5682311633808547,9,64,,True,True,,379,56.69694568066818
62,2026-09-19T05:45:57.131+00:00,2026-09-19T05:48:36.105+00:00,2026-09-19T05:48:42.691+00:00,True,65,65.0,,65.0,158974.44271399998,165560.21858599997,165560.21854899998,2547.0802853692303,48.167877,158974.44271399998,19705.595433074024,113.36125380000001,102.902748,15.678242748837748,0.3926063915301964,9,64,,True,True,,219,56.69694568066818
63,2026-09-19T05:45:57.785+00:00,2026-09-19T05:48:40.034+00:00,2026-09-19T05:48:44.763+00:00,True,47,47.0,,47.0,162248.916585,166978.124905,166978.124698,3552.7260574042552,45.513873,162248.916585,23651.44351638471,112.26718890000001,102.80887652173912,11.828267223275384,0.28147399563110453,9,64,,True,True,,187,56.69694568066818
64,2026-09-19T05:45:58.326+00:00,2026-09-19T05:48:42.587+00:00,2026-09-19T05:48:47.455+00:00,True,51,51.0,,51.0,164260.762709,169128.545109,169128.545067,3316.2459817058825,44.121396,164260.762709,22987.48165265505,110.9359145,97.355648,17.741189716064653,0.30154578558652834,9,64,,True,True,,162,56.69694568066818
65,2026-09-19T05:45:59.045+00:00,2026-09-19T05:48:46.726+00:00,2026-09-19T05:48:48.443+00:00,True,19,19.0,,19.0,167680.932657,169398.114865,169398.114947,8915.690260368421,46.476141000000005,167680.932657,38446.76390146551,16868.504238,95.39901155555555,21.571009029059148,0.11216181487699461,9,64,,True,True,,75,56.69694568066818
66,2026-09-19T05:45:59.733+00:00,2026-09-19T05:48:50.424+00:00,2026-09-19T05:48:57.887+00:00,True,74,74.0,,74.0,170691.0037,178153.701684,178153.701633,2407.4824545,46.354731,170691.0037,19830.546787768508,113.55754165,102.22873950684932,13.45538915921029,0.41537166671539305,9,64,,True,True,,277,56.69694568066818
67,2026-09-19T05:46:00.303+00:00,2026-09-19T05:48:53.372+00:00,2026-09-19T05:48:57.473+00:00,True,42,42.0,,42.0,173068.87471399998,177170.505946,177170.505804,4218.345376285713,47.493428,173068.87471399998,26689.676176847315,111.7759685,100.03978614634146,17.359721254672635,0.23705977344107845,9,64,,True,True,,146,56.69694568066818
68,2026-09-19T05:46:00.816+00:00,2026-09-19T05:48:55.602+00:00,2026-09-19T05:49:02.091+00:00,True,68,68.0,,68.0,174785.90129100002,181274.066667,181274.066568,2665.7950965882355,44.004076999999995,174785.90129100002,21184.16977750046,110.30623335,96.83828919402985,19.931198225075626,0.3751226044093545,9,64,,True,True,,189,56.69694568066818
69,2026-09-19T05:46:01.280+00:00,2026-09-19T05:48:58.581+00:00,2026-09-19T05:49:06.913+00:00,True,85,85.0,,85.0,177300.642914,185632.806754,185632.806831,2183.915374482353,46.151771000000004,177300.642914,19220.203542419556,111.92379919999999,99.19242666666668,17.254075853564824,0.4578932004871409,9,64,,True,True,,342,56.69694568066818
70,2026-09-19T05:46:01.850+00:00,2026-09-19T05:49:01.674+00:00,2026-09-19T05:49:09.064+00:00,True,74,74.0,,74.0,179823.424196,187213.412292,187213.41221900002,2529.9109759324324,44.122446000000004,179823.424196,20892.287851293142,113.1972366,101.23271364383562,17.77934608703976,0.39527082538606223,9,64,,True,True,,410,56.69694568066818
71,2026-09-19T05:46:02.425+00:00,2026-09-19T05:49:05.215+00:00,2026-09-19T05:49:06.111+00:00,True,10,10.0,,10.0,182790.216093,183686.050973,183686.05095499998,18368.6050955,50.339451999999994,182790.216093,57771.86803177235,100584.6221352,99.5372088888889,18.994163246651723,0.05444071526950024,9,64,,True,True,,20,56.69694568066818
72,2026-09-19T05:46:03.026+00:00,2026-09-19T05:49:08.307+00:00,2026-09-19T05:49:16.811+00:00,True,85,85.0,,85.0,185280.899438,193784.36619,193784.36630199998,2279.8160741411766,42.602199999999996,185280.899438,20085.56237656846,114.91155280000001,101.23174704761904,17.264226274246163,0.43863187557999356,9,64,,True,True,,397,56.69694568066818
73,2026-09-19T05:46:03.769+00:00,2026-09-19T05:49:12.351+00:00,2026-09-19T05:49:18.351+00:00,True,60,60.0,,60.0,188581.511745,194581.936961,194581.937018,3243.0322836333335,48.165947,188581.511745,24332.64390783573,112.40920805,101.70212230508476,15.913969316717663,0.30835339054120825,9,64,,True,True,,221,56.69694568066818
74,2026-09-19T05:46:04.434+00:00,2026-09-19T05:49:16.114+00:00,2026-09-19T05:49:16.594+00:00,True,6,6.0,,6.0,191679.592491,192159.80215499998,192159.802211,32026.633701833332,49.519493000000004,191679.592491,78213.66059253988,143788.207911,96.0419328,26.534165077528318,0.031224012164418644,9,64,,True,True,,16,56.69694568066818
75,2026-09-19T05:46:05.039+00:00,2026-09-19T05:49:19.136+00:00,2026-09-19T05:49:28.672+00:00,True,95,95.0,,95.0,194096.242672,203632.287728,203632.287766,2143.4977659578944,47.218447999999995,194096.242672,19903.45142935356,113.0952087,101.44728782978724,14.714451176449202,0.4665271949745779,9,64,,True,True,,461,56.69694568066818
76,2026-09-19T05:46:05.672+00:00,2026-09-19T05:49:22.673+00:00,2026-09-19T05:49:27.415+00:00,True,47,47.0,,47.0,197001.197944,201743.019896,201743.020017,4292.404681212766,49.784752,197001.197944,28720.545360883538,114.9530142,103.08308591304349,14.359284659984393,0.2329696463561854,9,64,,True,True,,212,56.69694568066818
77,2026-09-19T05:46:06.218+00:00,2026-09-19T05:49:25.769+00:00,2026-09-19T05:49:31.357+00:00,True,55,55.0,,55.0,199550.904882,205139.047986,205139.048015,3729.800873,47.176779,199550.904882,26893.488394421285,113.21099399999999,103.48413155555555,14.175529150025566,0.2681108279480441,9,64,,True,True,,238,56.69694568066818
78,2026-09-19T05:46:06.732+00:00,2026-09-19T05:49:28.779+00:00,2026-09-19T05:49:36.232+00:00,True,72,72.0,,72.0,202047.149526,209499.77723799998,209499.77747499998,2909.7191315972223,49.722542999999995,202047.149526,23799.118313391908,114.7710576,104.96658749295774,13.580010907448747,0.34367578309262437,9,64,,True,True,,294,56.69694568066818
79,2026-09-19T05:46:07.449+00:00,2026-09-19T05:49:32.756+00:00,2026-09-19T05:49:40.004+00:00,True,71,71.0,,71.0,205306.82646200003,212555.21609400003,212555.21599300002,2993.735436521127,48.305136,205306.82646200003,24353.151658169525,114.17993150000001,103.54842331428571,12.175736273243976,0.3340308523343934,9,64,,True,True,,305,56.69694568066818
80,2026-09-19T05:46:08.148+00:00,2026-09-19T05:49:37.334+00:00,2026-09-19T05:49:37.541+00:00,True,4,4.0,,4.0,209186.205859,209393.090979,209393.090912,52348.272728,48.022777000000005,209186.205859,104558.62587471533,177824.58642175,68.96170666666667,34.467480298855925,0.019102827038362788,9,64,,True,True,,15,56.69694568066818
81,2026-09-19T05:46:08.677+00:00,2026-09-19T05:49:39.997+00:00,2026-09-19T05:49:48.841+00:00,True,93,93.0,,93.0,211320.173771,220164.336331,220164.336198,2367.3584537419356,44.596967,211320.173771,21902.923191443337,111.31225139999998,96.13220173913044,21.465412524626018,0.42241173820351047,9,64,,True,True,,397,56.69694568066818
82,2026-09-19T05:46:09.143+00:00,2026-09-19T05:49:42.780+00:00,2026-09-19T05:49:43.955+00:00,True,13,13.0,,13.0,213636.76331900002,214812.27512700003,214812.275063,16524.02115869231,48.449298000000006,213636.76331900002,59225.01191705286,85523.82348260003,97.95931733333333,21.791262254212317,0.06051795686403032,9,64,,True,True,,33,56.69694568066818
83,2026-09-19T05:46:09.880+00:00,2026-09-19T05:49:46.531+00:00,2026-09-19T05:49:48.634+00:00,True,24,24.0,,24.0,216651.090738,218753.923634,218753.923527,9114.746813624999,48.836738,216651.090738,44205.06278129717,113.68985124999999,91.4275172173913,24.76180756337153,0.10971231784694617,9,64,,True,True,,112,56.69694568066818
84,2026-09-19T05:46:10.443+00:00,2026-09-19T05:49:49.154+00:00,2026-09-19T05:49:49.307+00:00,True,3,3.0,,3.0,218711.65573,218864.046898,218864.046719,72954.68223966667,47.592949,218711.65573,126229.24506191863,196850.96996100002,76.195584,40.45021878025818,0.013707139397811319,9,64,,True,True,,5,56.69694568066818
85,2026-09-19T05:46:10.970+00:00,2026-09-19T05:49:51.918+00:00,2026-09-19T05:49:53.598+00:00,True,18,18.0,,18.0,220948.036404,222628.213044,222628.21324500002,12368.234069166667,49.139496,220948.036404,52054.657800866815,33233.566105800004,98.83392,13.185139582593731,0.08085228621245097,9,64,,True,True,,73,56.69694568066818
86,2026-09-19T05:46:11.593+00:00,2026-09-19T05:49:55.432+00:00,2026-09-19T05:49:59.440+00:00,True,41,41.0,,41.0,223838.54136700003,227846.86776700002,227846.86792800002,5557.240681170732,47.117061,223838.54136700003,34942.06118333179,114.611696,100.20816,16.949995607131793,0.17994541861302776,9,64,,True,True,,187,56.69694568066818
87,2026-09-19T05:46:12.122+00:00,2026-09-19T05:49:58.017+00:00,2026-09-19T05:50:01.532+00:00,True,36,36.0,,36.0,225895.051065,229410.699065,229410.699001,6372.519416694445,49.332836,225895.051065,37632.43844789369,115.81596074999997,100.44708571428572,18.570400977927108,0.15692380585004867,9,64,,True,True,,152,56.69694568066818
88,2026-09-19T05:46:12.591+00:00,2026-09-19T05:50:00.715+00:00,2026-09-19T05:50:02.067+00:00,True,15,15.0,,15.0,228124.36113600002,229476.46686400002,229476.46689200003,15298.431126133335,48.331678999999994,228124.36113600002,58876.524531378986,68516.5361678,96.57898057142857,23.48093989299762,0.06536617983093577,9,64,,True,True,,58,56.69694568066818
89,2026-09-19T05:46:13.341+00:00,2026-09-19T05:50:05.039+00:00,2026-09-19T05:50:09.042+00:00,True,44,44.0,,44.0,231697.542189,235700.285485,235700.285562,5356.8246718636365,47.009402,231697.542189,34915.69247498644,112.01266665000001,93.08705339534883,22.587479820909447,0.18667775437548279,9,64,,True,True,,254,56.69694568066818
90,2026-09-19T05:46:13.921+00:00,2026-09-19T05:50:09.199+00:00,2026-09-19T05:50:10.625+00:00,True,16,16.0,,16.0,235277.288111,236703.782063,236703.782158,14793.986384875,47.067892,235277.288111,58795.550139892075,58901.21758775,95.0995968,19.483274824275377,0.06759503316994535,9,64,,True,True,,80,56.69694568066818
91,2026-09-19T05:46:14.340+00:00,2026-09-19T05:50:10.979+00:00,2026-09-19T05:50:18.405+00:00,True,74,74.0,,74.0,236639.12785800002,244064.88120200002,244064.88109100002,3298.1740687972974,45.848854,236639.12785800002,27496.92045522601,114.72405914999999,101.7226485479452,17.709571494863567,0.3031980661681268,9,64,,True,True,,259,56.69694568066818
92,2026-09-19T05:46:14.877+00:00,2026-09-19T05:50:13.871+00:00,2026-09-19T05:50:17.613+00:00,True,39,39.0,,39.0,238993.837213,242735.90466899998,242735.904755,6223.997557820512,47.7979,238993.837213,38253.87896756951,113.48142680000001,98.47545936842104,21.23311394561439,0.1606684435628971,9,64,,True,True,,166,56.69694568066818
93,2026-09-19T05:46:15.386+00:00,2026-09-19T05:50:16.756+00:00,2026-09-19T05:50:19.155+00:00,True,27,27.0,,27.0,241369.310794,243769.10497,243769.10493,9028.485367777777,43.257561,241369.310794,46433.790349735464,118.8360024,92.299776,27.67354872502336,0.11076054942779898,9,64,,True,True,,157,56.69694568066818
94,2026-09-19T05:46:15.889+00:00,2026-09-19T05:50:20.049+00:00,2026-09-19T05:50:29.145+00:00,True,95,95.0,,95.0,244160.399912,253256.68253599998,253256.682599,2665.859816831579,44.631678,244160.399912,25040.406807461906,109.45294469999999,96.76896408510639,18.30456293249181,0.3751134976921919,9,64,,True,True,,328,56.69694568066818
95,2026-09-19T05:46:16.619+00:00,2026-09-19T05:50:23.104+00:00,2026-09-19T05:50:31.346+00:00,True,85,85.0,,85.0,246485.13019999999,254726.616536,254726.61644399998,2996.783722870588,45.115007,246485.13019999999,26724.42953138012,109.57730199999997,98.11293257142857,16.936877347419387,0.3336910808768471,9,64,,True,True,,333,56.69694568066818
96,2026-09-19T05:46:17.055+00:00,2026-09-19T05:50:25.292+00:00,2026-09-19T05:50:26.381+00:00,True,13,13.0,,13.0,248236.766958,249326.066158,249326.06607,19178.928159230767,48.906786999999994,248236.766958,68823.31938178146,99362.41713120001,90.77493333333332,24.949561418911358,0.05214055714400031,9,64,,True,True,,66,56.69694568066818
97,2026-09-19T05:46:17.577+00:00,2026-09-19T05:50:28.510+00:00,2026-09-19T05:50:33.187+00:00,True,46,46.0,,46.0,250933.255294,255609.58835,255609.588276,5556.730179913044,91.79835899999999,250933.255294,36982.76843187867,111.64628224999998,103.91851235555555,5.185893921245826,0.17996195016367428,9,64,,True,True,,167,56.69694568066818
98,2026-09-19T05:46:18.267+00:00,2026-09-19T05:50:31.865+00:00,2026-09-19T05:50:33.237+00:00,True,15,15.0,,15.0,253598.245356,254970.360556,254970.360477,16998.0240318,48.659957999999996,253598.245356,65453.481306442816,76154.9242485,98.00822857142856,14.677114875682355,0.05883036744855487,9,64,,True,True,,42,56.69694568066818
99,2026-09-19T05:46:18.824+00:00,2026-09-19T05:50:34.803+00:00,2026-09-19T05:50:40.653+00:00,True,59,59.0,,59.0,255978.78824000002,261829.57582400003,261829.57566800003,4437.789418101695,46.175943,255978.78824000002,33312.47134031115,112.73238459999999,100.875648,17.57381841129343,0.22533741581455022,9,64,,True,True,,255,56.69694568066818
100,2026-09-19T05:46:19.281+00:00,2026-09-19T05:50:37.383+00:00,2026-09-19T05:50:46.199+00:00,True,89,89.0,,89.0,258102.502762,266918.18864999997,266918.18864,2999.080771235955,45.116706,258102.502762,27348.197087548135,112.81821,100.17824872727273,17.261253147249814,0.33343550115538373,9,64,,True,True,,428,56.69694568066818
101,2026-09-19T05:46:19.732+00:00,2026-09-19T05:50:39.534+00:00,2026-09-19T05:50:45.582+00:00,True,61,61.0,,61.0,259802.094901,265850.573877,265850.573786,4358.206127639344,44.781717,259802.094901,33251.34636365623,114.755626,100.80798293333334,16.182024411148596,0.22945220358344087,9,64,,True,True,,302,56.69694568066818
102,2026-09-19T05:46:20.430+00:00,2026-09-19T05:50:43.579+00:00,2026-09-19T05:50:50.110+00:00,True,69,69.0,,69.0,263148.30519499996,269679.495211,269679.495113,3908.3984798985502,45.203306,263148.30519499996,31667.776530391035,110.234437,96.046912,19.656324591692513,0.25585927452887625,9,64,,True,True,,266,56.69694568066818
103,2026-09-19T05:46:21.164+00:00,2026-09-19T05:50:47.545+00:00,2026-09-19T05:50:55.808+00:00,True,87,87.0,,87.0,266380.508759,274643.358039,274643.358198,3156.820209172414,46.581953,266380.508759,28548.693517223466,111.60051250000001,96.07964279069768,18.754642323814668,0.31677445477361876,9,64,,True,True,,303,56.69694568066818
104,2026-09-19T05:46:21.800+00:00,2026-09-19T05:50:50.732+00:00,2026-09-19T05:50:52.612+00:00,True,21,21.0,,21.0,268931.48223699996,270811.72620499996,270811.72628299997,12895.796489666665,48.615468,268931.48223699996,58665.148439029654,106.729235,94.0121984,18.963339121900034,0.07754464806336839,9,64,,True,True,,83,56.69694568066818
105,2026-09-19T05:46:22.802+00:00,2026-09-19T05:50:53.623+00:00,2026-09-19T05:50:55.590+00:00,True,21,21.0,,21.0,270821.39934500004,272788.243505,272788.243352,12989.91635009524,47.692291,270821.39934500004,59076.61668592762,110.684906,98.342208,16.97765532371941,0.07698278976460027,9,64,,True,True,,60,56.69694568066818
106,2026-09-19T05:46:22.863+00:00,2026-09-19T05:50:56.596+00:00,2026-09-19T05:50:57.228+00:00,True,7,7.0,,7.0,273733.04484600003,274365.51767800003,274365.51776500006,39195.07396642858,99.585811,273733.04484600003,103421.52409022795,191646.95728080004,105.41213866666668,4.950068257343798,0.02551341021000794,9,64,,True,True,,21,56.69694568066818
107,2026-09-19T05:46:23.427+00:00,2026-09-19T05:50:59.531+00:00,2026-09-19T05:51:01.973+00:00,True,26,26.0,,26.0,276104.643684,278546.178404,278546.178341,10713.314551576923,48.01361,276104.643684,54129.42559878241,110.82555775,97.6613888,18.268302702731123,0.09334179398537616,9,64,,True,True,,112,56.69694568066818
108,2026-09-19T05:46:23.927+00:00,2026-09-19T05:51:02.384+00:00,2026-09-19T05:51:05.531+00:00,True,31,31.0,,31.0,278457.153012,281603.723508,281603.723652,9083.991085548389,50.491774,278457.153012,49993.54412863091,111.5815895,104.8856832,10.598948384285466,0.1100837716697284,9,64,,True,True,,136,56.69694568066818
109,2026-09-19T05:46:24.625+00:00,2026-09-19T05:51:05.838+00:00,2026-09-19T05:51:06.263+00:00,True,6,6.0,,6.0,281213.88418,281638.28609999997,281638.28604599996,46939.714341,49.886196000000005,281213.88418,114770.43869972201,210937.69813975,84.880384,31.670613351497188,0.02130392171847548,9,64,,True,True,,17,56.69694568066818
110,2026-09-19T05:46:25.176+00:00,2026-09-19T05:51:09.320+00:00,2026-09-19T05:51:13.648+00:00,True,44,44.0,,44.0,284144.534634,288471.938154,288471.938044,6556.1804100909085,43.63619,284144.534634,42821.23111144164,109.15640499999999,100.6372911627907,14.529280603588317,0.1525278343590936,9,64,,True,True,,164,56.69694568066818
111,2026-09-19T05:46:25.776+00:00,2026-09-19T05:51:11.975+00:00,2026-09-19T05:51:13.130+00:00,True,13,13.0,,13.0,286199.324382,287354.51107,287354.51108100003,22104.193160076924,50.999943,286199.324382,79350.7138517457,114546.59610780003,96.26555733333333,20.454710778357384,0.04524028508058876,9,64,,True,True,,38,56.69694568066818
112,2026-09-19T05:46:26.466+00:00,2026-09-19T05:51:16.147+00:00,2026-09-19T05:51:21.150+00:00,True,51,51.0,,51.0,289681.756767,294684.509023,294684.509007,5778.127627588236,47.056032,289681.756767,40549.5525859815,112.096778,100.05504512,17.317466220453312,0.1730664437336252,9,64,,True,True,,206,56.69694568066818
113,2026-09-19T05:46:26.916+00:00,2026-09-19T05:51:18.530+00:00,2026-09-19T05:51:23.728+00:00,True,53,53.0,,53.0,291614.011765,296812.316789,296812.316796,5600.232392377358,45.580895,291614.011765,40042.53815796641,113.99910659999999,99.9674043076923,19.434726339808936,0.17856401841193473,9,64,,True,True,,196,56.69694568066818
114,2026-09-19T05:46:27.513+00:00,2026-09-19T05:51:21.356+00:00,2026-09-19T05:51:21.464+00:00,True,2,2.0,,2.0,293843.64831,293951.297334,293951.297352,146975.648676,107.649042,293843.64831,207702.71696100957,279156.8483466,107.649024,nan,0.006803848182127649,9,64,,True,True,,3,56.69694568066818
115,2026-09-19T05:46:28.164+00:00,2026-09-19T05:51:25.554+00:00,2026-09-19T05:51:27.676+00:00,True,22,22.0,,22.0,297390.093464,299511.971736,299511.97191599995,13614.180541636362,48.423348,297390.093464,63382.24103580452,112.46093465,101.04182247619048,17.355386796127156,0.07345282351315008,9,64,,True,True,,102,56.69694568066818
116,2026-09-19T05:46:28.894+00:00,2026-09-19T05:51:28.954+00:00,2026-09-19T05:51:29.603+00:00,False,8,7.0,,7.0,300060.304605,300709.222109,300709.221926,37588.65274075,0.0399,300060.304605,106054.56961764148,195079.21059805003,92.70250057142857,41.070077783404656,0.023278301712551616,9,64,,True,False,Request timeout: 300.0s exceeded,19,56.69694568066818
117,2026-09-19T05:46:29.408+00:00,2026-09-19T05:51:29.622+00:00,2026-09-19T05:51:29.622+00:00,False,1,0.0,,0.0,300214.192428,300214.192428,300214.192428,300214.192428,300214.192428,300214.192428,nan,300214.192428,nan,nan,0.0,9,64,,True,False,"HTTPConnectionPool(host='gpu03', port=9002): Read timed out.",0,56.69694568066818
118,2026-09-19T05:46:29.899+00:00,2026-09-19T05:51:29.916+00:00,2026-09-19T05:51:29.916+00:00,False,1,0.0,,0.0,300016.542967,300016.542967,300016.542967,300016.542967,300016.542967,300016.542967,nan,300016.542967,nan,nan,0.0,9,64,,True,False,"HTTPConnectionPool(host='gpu03', port=9002): Read timed out.",0,56.69694568066818
119,2026-09-19T05:46:30.556+00:00,2026-09-19T05:51:30.671+00:00,2026-09-19T05:51:30.671+00:00,False,1,0.0,,0.0,300114.94331400003,300114.94331400003,300114.94331400003,300114.94331400003,300114.94331400003,300114.94331400003,nan,300114.94331400003,nan,nan,0.0,9,64,,True,False,"HTTPConnectionPool(host='gpu03', port=9002): Read timed out.",0,56.69694568066818
120,2026-09-19T05:46:31.241+00:00,2026-09-19T05:51:30.986+00:00,2026-09-19T05:51:31.312+00:00,False,5,4.0,,4.0,299745.406638,300071.488686,300071.48871899996,60014.297743799994,0.027599,299745.406638,134013.7722311044,239818.5022696,81.520512,54.39324471457565,0.013330156815350321,9,64,,True,False,Request timeout: 300.0s exceeded,18,56.69694568066818
121,2026-09-19T05:46:31.759+00:00,2026-09-19T05:51:31.740+00:00,2026-09-19T05:51:31.841+00:00,False,3,2.0,,2.0,299981.23572299996,300081.67117899994,300081.671292,100027.22376399998,0.040350000000000004,299981.23572299996,173165.26121497308,269993.1516726,50.217728,70.96175193766423,0.006664852245530824,9,64,,True,False,Request timeout: 300.0s exceeded,3,56.69694568066818
122,2026-09-19T05:46:32.340+00:00,2026-09-19T05:51:32.413+00:00,2026-09-19T05:51:32.413+00:00,False,1,0.0,,0.0,300072.853213,300072.853213,300072.853213,300072.853213,300072.853213,300072.853213,nan,300072.853213,nan,nan,0.0,9,64,,True,False,TTFT timeout: 300.0s exceeded (TTFT: 300.065s),0,56.69694568066818
123,2026-09-19T05:46:32.824+00:00,2026-09-19T05:51:32.777+00:00,2026-09-19T05:51:32.911+00:00,False,3,2.0,,2.0,299953.206162,300086.752402,300086.752515,100028.917505,0.05956,299953.206162,173139.52566344355,269971.2342251,66.77312,94.34709689539773,0.006664739392829893,9,64,,True,False,Request timeout: 300.0s exceeded,4,56.69694568066818
124,2026-09-19T05:46:33.574+00:00,2026-09-19T05:51:33.678+00:00,2026-09-19T05:51:33.678+00:00,False,1,0.0,,0.0,300103.844843,300103.844843,300103.844843,300103.844843,300103.844843,300103.844843,nan,300103.844843,nan,nan,0.0,9,64,,True,False,"HTTPConnectionPool(host='gpu03', port=9002): Read timed out.",0,56.69694568066818
125,2026-09-19T05:46:34.197+00:00,2026-09-19T05:51:34.252+00:00,2026-09-19T05:51:34.252+00:00,False,1,0.0,,0.0,300054.358489,300054.358489,300054.358489,300054.358489,300054.358489,300054.358489,nan,300054.358489,nan,nan,0.0,9,64,,True,False,"HTTPConnectionPool(host='gpu03', port=9002): Read timed out.",0,56.69694568066818
126,2026-09-19T05:46:34.610+00:00,2026-09-19T05:51:34.549+00:00,2026-09-19T05:51:34.658+00:00,False,3,2.0,,2.0,299939.08943500003,300047.826459,300047.826675,100015.942225,0.05168,299939.08943500003,173138.53280853882,269956.0490475,54.368512,76.81555522470693,0.006665604025874487,9,64,,True,False,Request timeout: 300.0s exceeded,3,56.69694568066818
127,2026-09-19T05:46:35.208+00:00,2026-09-19T05:51:35.298+00:00,2026-09-19T05:51:35.298+00:00,False,1,0.0,,0.0,300089.651588,300089.651588,300089.651588,300089.651588,300089.651588,300089.651588,nan,300089.651588,nan,nan,0.0,9,64,,True,False,"HTTPConnectionPool(host='gpu03', port=9002): Read timed out.",0,56.69694568066818
128,2026-09-19T05:46:35.781+00:00,2026-09-19T05:51:35.753+00:00,2026-09-19T05:51:35.891+00:00,False,3,2.0,,2.0,299972.172567,300109.928983,300109.92894099996,100036.64298033333,0.023960000000000002,299972.172567,173149.26143137377,269988.7285517,68.878208,97.37446427039006,0.006664224695189248,9,64,,True,False,Request timeout: 300.0s exceeded,4,56.69694568066818
129,2026-09-19T05:46:36.319+00:00,2026-09-19T05:51:36.152+00:00,2026-09-19T05:51:36.348+00:00,False,4,3.0,,3.0,299832.520334,300029.325454,300029.325392,75007.331348,0.02354,299832.520334,149883.46654376716,254873.0883035,65.60170666666666,56.97693843238927,0.00999902258041091,9,64,,True,False,Request timeout: 300.0s exceeded,13,56.69694568066818
130,2026-09-19T05:46:36.979+00:00,2026-09-19T05:51:37.033+00:00,2026-09-19T05:51:37.033+00:00,False,1,0.0,,0.0,300054.628738,300054.628738,300054.628738,300054.628738,300054.628738,300054.628738,nan,300054.628738,nan,nan,0.0,9,64,,True,False,"HTTPConnectionPool(host='gpu03', port=9002): Read timed out.",0,56.69694568066818
131,2026-09-19T05:46:37.693+00:00,2026-09-19T05:51:37.457+00:00,2026-09-19T05:51:37.997+00:00,False,7,6.0,,6.0,299763.843392,300303.885376,300303.885442,42900.555063142856,0.03786,299763.843392,113266.07086765495,209869.01444420003,90.00699733333333,44.31510546011988,0.019979761475572014,9,64,,True,False,Request timeout: 300.0s exceeded,18,56.69694568066818
132,2026-09-19T05:46:38.311+00:00,2026-09-19T05:51:38.322+00:00,2026-09-19T05:51:38.322+00:00,False,1,0.0,,0.0,300010.998705,300010.998705,300010.998705,300010.998705,300010.998705,300010.998705,nan,300010.998705,nan,nan,0.0,9,64,,True,False,"HTTPConnectionPool(host='gpu03', port=9002): Read timed out.",0,56.69694568066818
133,2026-09-19T05:46:38.877+00:00,2026-09-19T05:51:39.174+00:00,2026-09-19T05:51:39.526+00:00,False,6,5.0,,5.0,300296.686908,300648.497468,300648.497391,50108.0828985,0.02339,300296.686908,122566.89922809615,225268.68041275,70.362112,68.63030857557952,0.016630716741008106,9,64,,True,False,Request timeout: 300.0s exceeded,21,56.69694568066818
134,2026-09-19T05:46:39.459+00:00,2026-09-19T05:51:39.614+00:00,2026-09-19T05:51:39.614+00:00,False,1,0.0,,0.0,300154.92347399995,300154.92347399995,300154.92347399995,300154.92347399995,300154.92347399995,300154.92347399995,nan,300154.92347399995,nan,nan,0.0,9,64,,True,False,"HTTPConnectionPool(host='gpu03', port=9002): Read timed out.",0,56.69694568066818
135,2026-09-19T05:46:40.028+00:00,2026-09-19T05:51:40.135+00:00,2026-09-19T05:51:40.135+00:00,False,1,0.0,,0.0,300106.189105,300106.189105,300106.189105,300106.189105,300106.189105,300106.189105,nan,300106.189105,nan,nan,0.0,9,64,,True,False,"HTTPConnectionPool(host='gpu03', port=9002): Read timed out.",0,56.69694568066818
136,2026-09-19T05:46:40.461+00:00,2026-09-19T05:51:40.545+00:00,2026-09-19T05:51:40.545+00:00,False,1,0.0,,0.0,300084.499366,300084.499366,300084.499366,300084.499366,300084.499366,300084.499366,nan,300084.499366,nan,nan,0.0,9,64,,True,False,"HTTPConnectionPool(host='gpu03', port=9002): Read timed out.",0,56.69694568066818
137,2026-09-19T05:46:41.137+00:00,2026-09-19T05:51:40.952+00:00,2026-09-19T05:51:41.173+00:00,False,4,3.0,,3.0,299815.045639,300035.412487,300035.412483,75008.85312075,0.02389,299815.045639,149870.80506760866,254862.59017870002,73.455616,67.23864349391282,0.00999881972308847,9,64,,True,False,Request timeout: 300.0s exceeded,10,56.69694568066818
138,2026-09-19T05:46:41.647+00:00,2026-09-19T05:51:41.174+00:00,2026-09-19T05:51:41.723+00:00,False,8,7.0,,7.0,299527.59296499996,300076.16563699994,300076.16561599995,37509.520701999994,0.04115,299527.59296499996,105871.29527327373,194729.52556439996,78.36752457142856,39.4726298861886,0.02332741084297862,9,64,,True,False,Request timeout: 300.0s exceeded,40,56.69694568066818
139,2026-09-19T05:46:42.149+00:00,2026-09-19T05:51:42.192+00:00,2026-09-19T05:51:42.192+00:00,False,1,0.0,,0.0,300042.465328,300042.465328,300042.465328,300042.465328,300042.465328,300042.465328,nan,300042.465328,nan,nan,0.0,9,64,,True,False,"HTTPConnectionPool(host='gpu03', port=9002): Read timed out.",0,56.69694568066818
140,2026-09-19T05:46:42.794+00:00,2026-09-19T05:51:42.682+00:00,2026-09-19T05:51:42.818+00:00,False,3,2.0,,2.0,299888.54823400005,300023.91156200005,300023.91172400006,100007.97057466669,0.038619999999999995,299888.54823400005,173101.67119257964,269913.22589760006,67.681664,95.66202135198374,0.006666135340971645,9,64,,True,False,Request timeout: 300.0s exceeded,15,56.69694568066818
141,2026-09-19T05:46:43.438+00:00,2026-09-19T05:51:43.544+00:00,2026-09-19T05:51:43.544+00:00,False,1,0.0,,0.0,300106.201757,300106.201757,300106.201757,300106.201757,300106.201757,300106.201757,nan,300106.201757,nan,nan,0.0,9,64,,True,False,"HTTPConnectionPool(host='gpu03', port=9002): Read timed out.",0,56.69694568066818
142,2026-09-19T05:46:44.004+00:00,2026-09-19T05:51:44.055+00:00,2026-09-19T05:51:44.055+00:00,False,1,0.0,,0.0,300050.246125,300050.246125,300050.246125,300050.246125,300050.246125,300050.246125,nan,300050.246125,nan,nan,0.0,9,64,,True,False,"HTTPConnectionPool(host='gpu03', port=9002): Read timed out.",0,56.69694568066818
143,2026-09-19T05:46:44.432+00:00,2026-09-19T05:51:44.351+00:00,2026-09-19T05:51:44.482+00:00,False,3,2.0,,2.0,299919.171968,300049.992576,300049.992537,100016.664179,0.10306,299919.171968,173120.66234358618,269940.3265221,65.410304,92.35859948961617,0.006665555905632685,9,64,,True,False,Request timeout: 300.0s exceeded,5,56.69694568066818
144,2026-09-19T05:46:45.056+00:00,2026-09-19T05:51:44.738+00:00,2026-09-19T05:51:45.099+00:00,False,6,5.0,,5.0,299682.342333,300042.94009299995,300042.94025499996,50007.156709166666,0.08494,299682.342333,122315.36823833996,224788.78423274998,72.119552,46.25174196260461,0.016664281447349577,9,64,,True,False,Request timeout: 300.0s exceeded,36,56.69694568066818
145,2026-09-19T05:46:45.487+00:00,2026-09-19T05:51:45.549+00:00,2026-09-19T05:51:45.549+00:00,False,1,0.0,,0.0,300061.560565,300061.560565,300061.560565,300061.560565,300061.560565,300061.560565,nan,300061.560565,nan,nan,0.0,9,64,,True,False,"HTTPConnectionPool(host='gpu03', port=9002): Read timed out.",0,56.69694568066818
146,2026-09-19T05:46:45.896+00:00,2026-09-19T05:51:46.003+00:00,2026-09-19T05:51:46.003+00:00,False,1,0.0,,0.0,300107.273121,300107.273121,300107.273121,300107.273121,300107.273121,300107.273121,nan,300107.273121,nan,nan,0.0,9,64,,True,False,"HTTPConnectionPool(host='gpu03', port=9002): Read timed out.",0,56.69694568066818
147,2026-09-19T05:46:46.533+00:00,2026-09-19T05:51:46.284+00:00,2026-09-19T05:51:46.391+00:00,True,2,2.0,,2.0,299750.672801,299858.073761,299858.073575,149929.0367875,107.400774,299750.672801,211879.78958721703,284768.50919964997,107.40096,nan,0.006669822075873426,9,64,,True,True,,8,56.69694568066818
148,2026-09-19T05:46:47.146+00:00,2026-09-19T05:51:47.189+00:00,2026-09-19T05:51:47.189+00:00,False,1,0.0,,0.0,300043.123801,300043.123801,300043.123801,300043.123801,300043.123801,300043.123801,nan,300043.123801,nan,nan,0.0,9,64,,True,False,"HTTPConnectionPool(host='gpu03', port=9002): Read timed out.",0,56.69694568066818
149,2026-09-19T05:46:47.671+00:00,2026-09-19T05:51:47.677+00:00,2026-09-19T05:51:47.826+00:00,False,3,2.0,,2.0,300006.08573299996,300154.560357,300154.560173,100051.52005766665,0.02675,300006.08573299996,173165.7493790335,270020.32192869997,74.237312,104.94939940396632,0.0066632337607039046,9,64,,True,False,Request timeout: 300.0s exceeded,8,56.69694568066818
150,2026-09-19T05:46:48.264+00:00,2026-09-19T05:51:48.069+00:00,2026-09-19T05:51:48.369+00:00,False,5,4.0,,4.0,299805.216674,300105.25968200003,300105.25967700005,60021.051935400006,0.0238,299805.216674,134043.43015261117,239865.779092,75.010752,50.31262069964373,0.013328656766091044,9,64,,True,False,Request timeout: 300.0s exceeded,11,56.69694568066818
151,2026-09-19T05:46:49.013+00:00,2026-09-19T05:51:49.087+00:00,2026-09-19T05:51:49.087+00:00,False,1,0.0,,0.0,300073.86686400004,300073.86686400004,300073.86686400004,300073.86686400004,300073.86686400004,300073.86686400004,nan,300073.86686400004,nan,nan,0.0,9,64,,True,False,"HTTPConnectionPool(host='gpu03', port=9002): Read timed out.",0,56.69694568066818
152,2026-09-19T05:46:49.580+00:00,2026-09-19T05:51:49.521+00:00,2026-09-19T05:51:49.655+00:00,False,3,2.0,,2.0,299941.183457,300074.816737,300074.816749,100024.93891633334,0.06193,299941.183457,173132.5592707069,269960.4222475,66.81664,94.4053851215845,0.006665004487040631,9,64,,True,False,Request timeout: 300.0s exceeded,3,56.69694568066818
153,2026-09-19T05:46:50.053+00:00,2026-09-19T05:51:50.064+00:00,2026-09-19T05:51:50.064+00:00,False,1,0.0,,0.0,300010.674093,300010.674093,300010.674093,300010.674093,300010.674093,300010.674093,nan,300010.674093,nan,nan,0.0,9,64,,True,False,TTFT timeout: 300.0s exceeded (TTFT: 300.006s),0,56.69694568066818
154,2026-09-19T05:46:50.715+00:00,2026-09-19T05:51:50.866+00:00,2026-09-19T05:51:51.467+00:00,False,7,6.0,,6.0,300150.855235,300751.995203,300751.995348,42964.570764000004,0.03915,300150.855235,113408.50156281149,210149.6013232,100.18999466666668,52.192706012251584,0.01994999233820594,9,64,,True,False,Request timeout: 300.0s exceeded,24,56.69694568066818
155,2026-09-19T05:46:51.144+00:00,2026-09-19T05:51:51.257+00:00,2026-09-19T05:51:51.565+00:00,False,5,4.0,,4.0,300113.15962,300420.622276,300420.622464,60084.1244928,0.045229,300113.15962,134180.3172432627,240112.7720814,76.865664,51.67822138897192,0.013314665184086973,9,64,,True,False,Request timeout: 300.0s exceeded,13,56.69694568066818
156,2026-09-19T05:46:51.870+00:00,2026-09-19T05:51:51.881+00:00,2026-09-19T05:51:51.881+00:00,False,1,0.0,,0.0,300011.540148,300011.540148,300011.540148,300011.540148,300011.540148,300011.540148,nan,300011.540148,nan,nan,0.0,9,64,,True,False,"HTTPConnectionPool(host='gpu03', port=9002): Read timed out.",0,56.69694568066818
157,2026-09-19T05:46:52.481+00:00,2026-09-19T05:51:52.592+00:00,2026-09-19T05:51:52.592+00:00,False,1,0.0,,0.0,300111.062486,300111.062486,300111.062486,300111.062486,300111.062486,300111.062486,nan,300111.062486,nan,nan,0.0,9,64,,True,False,"HTTPConnectionPool(host='gpu03', port=9002): Read timed out.",0,56.69694568066818
158,2026-09-19T05:46:52.979+00:00,2026-09-19T05:51:52.991+00:00,2026-09-19T05:51:52.991+00:00,False,1,0.0,,0.0,300011.962815,300011.962815,300011.962815,300011.962815,300011.962815,300011.962815,nan,300011.962815,nan,nan,0.0,9,64,,True,False,TTFT timeout: 300.0s exceeded (TTFT: 300.006s),0,56.69694568066818
159,2026-09-19T05:46:53.588+00:00,2026-09-19T05:51:53.163+00:00,2026-09-19T05:51:53.681+00:00,False,7,6.0,,6.0,299574.85807099997,300093.109847,300093.109748,42870.44424971428,0.04161,299574.85807099997,113196.01316764507,209734.11638599998,86.375296,42.33464831336012,0.01999379460281194,9,64,,True,False,Request timeout: 300.0s exceeded,18,56.69694568066818
160,2026-09-19T05:46:54.082+00:00,2026-09-19T05:51:54.185+00:00,2026-09-19T05:51:54.185+00:00,False,1,0.0,,0.0,300103.804847,300103.804847,300103.804847,300103.804847,300103.804847,300103.804847,nan,300103.804847,nan,nan,0.0,9,64,,True,False,"HTTPConnectionPool(host='gpu03', port=9002): Read timed out.",0,56.69694568066818
161,2026-09-19T05:46:54.589+00:00,2026-09-19T05:51:54.531+00:00,2026-09-19T05:51:54.645+00:00,False,3,2.0,,2.0,299941.32175999996,300055.907616,300055.90742899996,100018.63580966665,0.03668,299941.32175999996,173138.13429300874,269958.6444829,57.292928,80.97230223690192,0.0066654245066873445,9,64,,True,False,Request timeout: 300.0s exceeded,10,56.69694568066818
162,2026-09-19T05:46:55.694+00:00,2026-09-19T05:51:55.015+00:00,2026-09-19T05:51:55.926+00:00,False,11,10.0,,10.0,299320.879242,300231.72544999997,300231.725444,27293.79322218182,0.03556,299320.879242,90221.18490386094,149721.88536999997,91.0846208,37.96677966139738,0.03330760593342219,9,64,,True,False,Request timeout: 300.0s exceeded,37,56.69694568066818
163,2026-09-19T05:46:55.936+00:00,2026-09-19T05:51:56.106+00:00,2026-09-19T05:51:56.106+00:00,False,1,0.0,,0.0,300169.723299,300169.723299,300169.723299,300169.723299,300169.723299,300169.723299,nan,300169.723299,nan,nan,0.0,9,64,,True,False,"HTTPConnectionPool(host='gpu03', port=9002): Read timed out.",0,56.69694568066818
164,2026-09-19T05:46:56.544+00:00,2026-09-19T05:51:56.566+00:00,2026-09-19T05:51:56.566+00:00,False,1,0.0,,0.0,300022.782773,300022.782773,300022.782773,300022.782773,300022.782773,300022.782773,nan,300022.782773,nan,nan,0.0,9,64,,True,False,"HTTPConnectionPool(host='gpu03', port=9002): Read timed out.",0,56.69694568066818
165,2026-09-19T05:46:57.298+00:00,2026-09-19T05:51:57.290+00:00,2026-09-19T05:51:57.409+00:00,False,3,2.0,,2.0,299992.10647500004,300110.765803,300110.76569300005,100036.92189766667,0.02823,299992.10647500004,173166.27961635642,270004.75892630004,59.329664,83.86499122592235,0.006664206112861838,9,64,,True,False,Request timeout: 300.0s exceeded,5,56.69694568066818
166,2026-09-19T05:46:58.044+00:00,2026-09-19T05:51:57.608+00:00,2026-09-19T05:51:58.117+00:00,False,7,6.0,,6.0,299563.62312400003,300072.98734800005,300072.987212,42867.56960171429,0.01966,299563.62312400003,113192.32640295026,209725.90635070004,84.89403733333333,41.62410753281444,0.019995135360323827,9,64,,True,False,Request timeout: 300.0s exceeded,24,56.69694568066818
167,2026-09-19T05:46:58.697+00:00,2026-09-19T05:51:58.753+00:00,2026-09-19T05:51:58.753+00:00,False,1,0.0,,0.0,300055.562731,300055.562731,300055.562731,300055.562731,300055.562731,300055.562731,nan,300055.562731,nan,nan,0.0,9,64,,True,False,"HTTPConnectionPool(host='gpu03', port=9002): Read timed out.",0,56.69694568066818
168,2026-09-19T05:46:59.170+00:00,2026-09-19T05:51:59.075+00:00,2026-09-19T05:51:59.202+00:00,False,3,2.0,,2.0,299904.875518,300031.442942,300031.44303699996,100010.48101233333,0.039939999999999996,299904.875518,173113.63526848782,269927.04072409996,63.283712,89.44020575488605,0.006665968007848517,9,64,,True,False,Request timeout: 300.0s exceeded,10,56.69694568066818
169,2026-09-19T05:46:59.645+00:00,2026-09-19T05:51:59.425+00:00,2026-09-19T05:51:59.670+00:00,False,5,4.0,,4.0,299779.959213,300025.013165,300025.013171,60005.002634200006,0.0514,299779.959213,134038.2818048163,239843.8474396,61.263488,47.271654250034054,0.013332221729793519,9,64,,True,False,Request timeout: 300.0s exceeded,19,56.69694568066818
170,2026-09-19T05:47:00.300+00:00,2026-09-19T05:52:00.319+00:00,2026-09-19T05:52:00.319+00:00,False,1,0.0,,0.0,300018.623694,300018.623694,300018.623694,300018.623694,300018.623694,300018.623694,nan,300018.623694,nan,nan,0.0,9,64,,True,False,TTFT timeout: 300.0s exceeded (TTFT: 300.011s),0,56.69694568066818
171,2026-09-19T05:47:00.740+00:00,2026-09-19T05:52:00.800+00:00,2026-09-19T05:52:00.800+00:00,False,1,0.0,,0.0,300060.079764,300060.079764,300060.079764,300060.079764,300060.079764,300060.079764,nan,300060.079764,nan,nan,0.0,9,64,,True,False,TTFT timeout: 300.0s exceeded (TTFT: 300.051s),0,56.69694568066818
172,2026-09-19T05:47:01.164+00:00,2026-09-19T05:52:01.128+00:00,2026-09-19T05:52:01.246+00:00,False,3,2.0,,2.0,299963.531634,300081.167986,300081.168025,100027.05600833334,0.05586,299963.531634,173150.07700610958,269978.9365237,58.818176,83.10253778275876,0.006664863421530364,9,64,,True,False,Request timeout: 300.0s exceeded,11,56.69694568066818
173,2026-09-19T05:47:01.874+00:00,2026-09-19T05:52:01.931+00:00,2026-09-19T05:52:01.931+00:00,False,1,0.0,,0.0,300056.45805699995,300056.45805699995,300056.45805699995,300056.45805699995,300056.45805699995,300056.45805699995,nan,300056.45805699995,nan,nan,0.0,9,64,,True,False,"HTTPConnectionPool(host='gpu03', port=9002): Read timed out.",0,56.69694568066818
174,2026-09-19T05:47:02.611+00:00,2026-09-19T05:52:02.335+00:00,2026-09-19T05:52:02.686+00:00,False,5,4.0,,4.0,299724.387911,300075.284551,300075.284379,60015.0568758,0.036090000000000004,299724.387911,134001.60062791157,239807.03057320003,87.72416,62.32094592909903,0.013329988192746913,9,64,,True,False,Request timeout: 300.0s exceeded,14,56.69694568066818
175,2026-09-19T05:47:03.364+00:00,2026-09-19T05:52:03.471+00:00,2026-09-19T05:52:03.471+00:00,False,1,0.0,,0.0,300107.577266,300107.577266,300107.577266,300107.577266,300107.577266,300107.577266,nan,300107.577266,nan,nan,0.0,9,64,,True,False,"HTTPConnectionPool(host='gpu03', port=9002): Read timed out.",0,56.69694568066818
176,2026-09-19T05:47:04.102+00:00,2026-09-19T05:52:04.081+00:00,2026-09-19T05:52:05.048+00:00,False,11,10.0,,10.0,299978.20194199996,300945.92955799995,300945.92969399993,27358.720881272722,0.04142,299978.20194199996,90417.6591205131,150052.98754899998,96.7727616,35.2911333148044,0.033228560408466154,9,64,,True,False,Request timeout: 300.0s exceeded,35,56.69694568066818
177,2026-09-19T05:47:04.816+00:00,2026-09-19T05:52:04.636+00:00,2026-09-19T05:52:05.149+00:00,False,7,6.0,,6.0,299819.662833,300333.248497,300333.248471,42904.74978157143,0.054020000000000006,299819.662833,113288.83450995309,209905.79728320002,85.59761066666667,42.05112027926593,0.01997780808494113,9,64,,True,False,Request timeout: 300.0s exceeded,30,56.69694568066818
178,2026-09-19T05:47:05.497+00:00,2026-09-19T05:52:05.535+00:00,2026-09-19T05:52:05.535+00:00,False,1,0.0,,0.0,300038.8613,300038.8613,300038.8613,300038.8613,300038.8613,300038.8613,nan,300038.8613,nan,nan,0.0,9,64,,True,False,"HTTPConnectionPool(host='gpu03', port=9002): Read timed out.",0,56.69694568066818
179,2026-09-19T05:47:05.983+00:00,2026-09-19T05:52:06.087+00:00,2026-09-19T05:52:06.087+00:00,False,1,0.0,,0.0,300104.688012,300104.688012,300104.688012,300104.688012,300104.688012,300104.688012,nan,300104.688012,nan,nan,0.0,9,64,,True,False,"HTTPConnectionPool(host='gpu03', port=9002): Read timed out.",0,56.69694568066818
180,2026-09-19T05:47:06.550+00:00,2026-09-19T05:52:06.543+00:00,2026-09-19T05:52:06.649+00:00,False,3,2.0,,2.0,299993.331302,300098.98838999995,300098.988302,100032.99610066666,0.02185,299993.331302,173170.7380850312,270004.5616868,52.828544,74.68007011810656,0.006664467650256981,9,64,,True,False,Request timeout: 300.0s exceeded,4,56.69694568066818
181,2026-09-19T05:47:06.975+00:00,2026-09-19T05:52:06.546+00:00,2026-09-19T05:52:06.996+00:00,False,8,7.0,,7.0,299571.803181,300021.205037,300021.205147,37502.650643375,0.037520000000000005,299571.803181,105891.93391214566,194757.4292888,64.20026514285715,36.521603603832716,0.023331684169246397,9,64,,True,False,Request timeout: 300.0s exceeded,22,56.69694568066818
182,2026-09-19T05:47:07.635+00:00,2026-09-19T05:52:07.740+00:00,2026-09-19T05:52:07.740+00:00,False,1,0.0,,0.0,300104.803818,300104.803818,300104.803818,300104.803818,300104.803818,300104.803818,nan,300104.803818,nan,nan,0.0,9,64,,True,False,"HTTPConnectionPool(host='gpu03', port=9002): Read timed out.",0,56.69694568066818
183,2026-09-19T05:47:08.135+00:00,2026-09-19T05:52:08.129+00:00,2026-09-19T05:52:08.272+00:00,False,3,2.0,,2.0,299994.138934,300137.12799,300137.127943,100045.70931433333,0.052959000000000006,299994.138934,173160.43423490977,270009.0186456,71.494528,101.03358912796571,0.0066636207702588405,9,64,,True,False,Request timeout: 300.0s exceeded,10,56.69694568066818
184,2026-09-19T05:47:08.613+00:00,2026-09-19T05:52:08.385+00:00,2026-09-19T05:52:08.709+00:00,False,5,4.0,,4.0,299771.69906699995,300095.37343499996,300095.37331199995,60019.07466239999,0.02687,299771.69906699995,134025.7999657233,239841.93979519993,80.918592,55.04452073440577,0.013329095861140932,9,64,,True,False,Request timeout: 300.0s exceeded,13,56.69694568066818
185,2026-09-19T05:47:09.272+00:00,2026-09-19T05:52:09.291+00:00,2026-09-19T05:52:09.291+00:00,False,1,0.0,,0.0,300019.218375,300019.218375,300019.218375,300019.218375,300019.218375,300019.218375,nan,300019.218375,nan,nan,0.0,9,64,,True,False,"HTTPConnectionPool(host='gpu03', port=9002): Read timed out.",0,56.69694568066818
186,2026-09-19T05:47:09.986+00:00,2026-09-19T05:52:09.864+00:00,2026-09-19T05:52:10.102+00:00,False,4,3.0,,3.0,299877.828162,300116.150082,300116.14997699996,75029.03749424999,0.0371,299877.828162,149899.20458172262,254915.7322347,79.44064,69.70069645631774,0.009996129829002262,9,64,,True,False,Request timeout: 300.0s exceeded,17,56.69694568066818
187,2026-09-19T05:47:10.535+00:00,2026-09-19T05:52:10.600+00:00,2026-09-19T05:52:10.600+00:00,False,1,0.0,,0.0,300064.861883,300064.861883,300064.861883,300064.861883,300064.861883,300064.861883,nan,300064.861883,nan,nan,0.0,9,64,,True,False,"HTTPConnectionPool(host='gpu03', port=9002): Read timed out.",0,56.69694568066818
188,2026-09-19T05:47:11.116+00:00,2026-09-19T05:52:11.224+00:00,2026-09-19T05:52:11.224+00:00,False,1,0.0,,0.0,300108.263942,300108.263942,300108.263942,300108.263942,300108.263942,300108.263942,nan,300108.263942,nan,nan,0.0,9,64,,True,False,"HTTPConnectionPool(host='gpu03', port=9002): Read timed out.",0,56.69694568066818
189,2026-09-19T05:47:11.659+00:00,2026-09-19T05:52:11.506+00:00,2026-09-19T05:52:11.732+00:00,False,4,3.0,,3.0,299846.928393,300072.39655299997,300072.39636899997,75018.09909224999,0.0257,299846.928393,149885.89614106104,254889.10374179998,75.15605333333333,66.85688519834484,0.009997587363788486,9,64,,True,False,Request timeout: 300.0s exceeded,23,56.69694568066818
190,2026-09-19T05:47:12.255+00:00,2026-09-19T05:52:12.373+00:00,2026-09-19T05:52:12.373+00:00,False,1,0.0,,0.0,300118.20714,300118.20714,300118.20714,300118.20714,300118.20714,300118.20714,nan,300118.20714,nan,nan,0.0,9,64,,True,False,"HTTPConnectionPool(host='gpu03', port=9002): Read timed out.",0,56.69694568066818
191,2026-09-19T05:47:12.698+00:00,2026-09-19T05:52:12.797+00:00,2026-09-19T05:52:12.797+00:00,False,1,0.0,,0.0,300099.251758,300099.251758,300099.251758,300099.251758,300099.251758,300099.251758,nan,300099.251758,nan,nan,0.0,9,64,,True,False,"HTTPConnectionPool(host='gpu03', port=9002): Read timed out.",0,56.69694568066818
192,2026-09-19T05:47:13.191+00:00,2026-09-19T05:52:13.096+00:00,2026-09-19T05:52:13.219+00:00,False,3,2.0,,2.0,299905.783778,300028.738274,300028.738296,100009.579432,0.04307,299905.783778,173115.20198443843,269927.496545,61.477248,86.8811354020837,0.0066660280995266144,9,64,,True,False,Request timeout: 300.0s exceeded,8,56.69694568066818
193,2026-09-19T05:47:13.881+00:00,2026-09-19T05:52:13.817+00:00,2026-09-19T05:52:13.921+00:00,False,3,2.0,,2.0,299936.725935,300040.382639,300040.382651,100013.46088366666,0.07776000000000001,299936.725935,173138.6340760307,269953.4112371,51.828352,73.18629855756859,0.006665769395469485,9,64,,True,False,Request timeout: 300.0s exceeded,9,56.69694568066818
194,2026-09-19T05:47:14.438+00:00,2026-09-19T05:52:14.490+00:00,2026-09-19T05:52:14.490+00:00,False,1,0.0,,0.0,300051.233912,300051.233912,300051.233912,300051.233912,300051.233912,300051.233912,nan,300051.233912,nan,nan,0.0,9,64,,True,False,"HTTPConnectionPool(host='gpu03', port=9002): Read timed out.",0,56.69694568066818
195,2026-09-19T05:47:15.197+00:00,2026-09-19T05:52:14.915+00:00,2026-09-19T05:52:15.253+00:00,False,5,4.0,,4.0,299717.814277,300055.672069,300055.67218600004,60011.1344372,0.01966,299717.814277,134000.1166058124,239797.4824906,84.464448,56.42603925149055,0.01333085947823766,9,64,,True,False,Request timeout: 300.0s exceeded,20,56.69694568066818
196,2026-09-19T05:47:15.606+00:00,2026-09-19T05:52:15.644+00:00,2026-09-19T05:52:15.644+00:00,False,1,0.0,,0.0,300037.717036,300037.717036,300037.717036,300037.717036,300037.717036,300037.717036,nan,300037.717036,nan,nan,0.0,9,64,,True,False,"HTTPConnectionPool(host='gpu03', port=9002): Read timed out.",0,56.69694568066818
197,2026-09-19T05:47:16.016+00:00,2026-09-19T05:52:16.044+00:00,2026-09-19T05:52:16.044+00:00,False,1,0.0,,0.0,300027.560326,300027.560326,300027.560326,300027.560326,300027.560326,300027.560326,nan,300027.560326,nan,nan,0.0,9,64,,True,False,"HTTPConnectionPool(host='gpu03', port=9002): Read timed out.",0,56.69694568066818
199,2026-09-19T05:47:17.593+00:00,2026-09-19T05:52:16.770+00:00,2026-09-19T05:52:17.737+00:00,False,12,11.0,,11.0,299176.598711,300143.548855,300143.549075,25011.962422916666,0.04412,299176.598711,86339.47497111281,134692.91123575,87.90455854545455,33.580465435230224,0.03664913019774456,9,64,,True,False,Request timeout: 300.0s exceeded,14,56.69694568066818
198,2026-09-19T05:47:17.558+00:00,2026-09-19T05:52:17.865+00:00,2026-09-19T05:52:17.865+00:00,False,1,0.0,,0.0,300307.559816,300307.559816,300307.559816,300307.559816,300307.559816,300307.559816,nan,300307.559816,nan,nan,0.0,9,64,,True,False,TTFT timeout: 300.0s exceeded (TTFT: 300.019s),0,56.69694568066818
200,2026-09-19T05:47:17.830+00:00,2026-09-19T05:52:17.959+00:00,2026-09-19T05:52:17.959+00:00,False,1,0.0,,0.0,300128.577606,300128.577606,300128.577606,300128.577606,300128.577606,300128.577606,nan,300128.577606,nan,nan,0.0,9,64,,True,False,"HTTPConnectionPool(host='gpu03', port=9002): Read timed out.",0,56.69694568066818
201,2026-09-19T05:47:18.519+00:00,2026-09-19T05:52:18.564+00:00,2026-09-19T05:52:18.564+00:00,False,1,0.0,,0.0,300045.142954,300045.142954,300045.142954,300045.142954,300045.142954,300045.142954,nan,300045.142954,nan,nan,0.0,9,64,,True,False,"HTTPConnectionPool(host='gpu03', port=9002): Read timed out.",0,56.69694568066818
202,2026-09-19T05:47:19.191+00:00,2026-09-19T05:52:19.142+00:00,2026-09-19T05:52:20.583+00:00,False,17,16.0,,16.0,299951.531969,301392.100545,301392.100409,17728.947082882354,0.021658999999999998,299951.531969,72727.11423146012,60190.954725,90.035536,53.96135244132172,0.053086991898817486,9,64,,True,False,Request timeout: 300.0s exceeded,78,56.69694568066818
203,2026-09-19T05:47:19.647+00:00,2026-09-19T05:52:19.395+00:00,2026-09-19T05:52:20.075+00:00,True,10,10.0,,10.0,299747.62329,300427.896954,300427.896788,30042.789678800003,33.265478,299747.62329,94764.62308249519,164908.48970940002,75.58596266666667,29.835909560286577,0.03328585694400793,9,64,,True,True,,27,56.69694568066818
204,2026-09-19T05:47:20.348+00:00,2026-09-19T05:52:20.382+00:00,2026-09-19T05:52:20.687+00:00,False,5,4.0,,4.0,300033.834539,300338.647595,300338.64747,60067.729494,0.02181,300033.834539,134145.13801061022,240047.7605584,76.203264,50.80820606372741,0.013318299299908652,9,64,,True,False,Request timeout: 300.0s exceeded,21,56.69694568066818
0,2026-09-19T05:45:20.777+00:00,2026-09-19T05:45:20.905+00:00,2026-09-19T05:45:22.052+00:00,True,16,16.0,,16.0,127.92511400000001,1274.1494980000002,1274.149384,79.6343365,28.239395000000002,153.602242,34.355406695929766,134.344396,76.41495893333334,32.968471682899654,12.55739614944305,10,64,,False,True,,72,56.69694568066818
1,2026-09-19T05:45:21.233+00:00,2026-09-19T05:45:21.448+00:00,2026-09-19T05:45:30.094+00:00,True,90,90.0,,90.0,214.43720499999998,8860.529237,8860.529454,98.45032726666666,46.424412,214.43720499999998,24.023259505625223,111.70997095000001,97.14710148314607,20.714322148271336,10.1574068086335,10,64,,False,True,,378,56.69694568066818
2,2026-09-19T05:45:21.677+00:00,2026-09-19T05:45:22.206+00:00,2026-09-19T05:45:22.983+00:00,True,9,9.0,,9.0,528.124079,1306.088623,1306.088557,145.12095077777778,52.710598,528.124079,144.64809660089514,359.883735,97.245568,18.348779363599938,6.890803458135626,10,64,,False,True,,29,56.69694568066818
3,2026-09-19T05:45:22.041+00:00,2026-09-19T05:45:25.022+00:00,2026-09-19T05:45:28.808+00:00,True,41,41.0,,41.0,2980.822736,6766.577872,6766.577647,165.03847919512197,49.837724,2980.822736,451.30813560695606,111.25407100000001,94.6438784,22.817199967191943,6.059192811429452,10,64,,False,True,,178,56.69694568066818
4,2026-09-19T05:45:22.375+00:00,2026-09-19T05:45:27.258+00:00,2026-09-19T05:45:28.339+00:00,True,12,12.0,,12.0,4883.156344,5964.103032,5964.102956,497.00857966666666,58.018045,4883.156344,1381.3436009046707,2257.8492475000003,98.26788072727274,14.08444162435516,2.0120376753410856,10,64,,False,True,,32,56.69694568066818
5,2026-09-19T05:45:22.801+00:00,2026-09-19T05:45:29.426+00:00,2026-09-19T05:45:35.529+00:00,True,63,63.0,,63.0,6625.495735,12728.581047,12728.580945,202.0409673809524,0.0,6625.495735,822.7942277655633,111.8460643,98.43685987096775,27.797197077946265,4.9494912093794206,10,64,,False,True,,230,56.69694568066818
6,2026-09-19T05:45:23.105+00:00,2026-09-19T05:45:30.804+00:00,2026-09-19T05:45:38.519+00:00,True,79,79.0,,79.0,7699.033574,15414.04823,15414.048268,195.1145350379747,0.0,7699.033574,855.9596756748114,148.9700954,98.9104443076923,39.0329165661096,5.1251948106821255,10,64,,False,True,,365,56.69694568066818
7,2026-09-19T05:45:23.585+00:00,2026-09-19T05:45:33.376+00:00,2026-09-19T05:45:40.962+00:00,True,78,78.0,,78.0,9790.480861,17376.427229,17376.427376,222.77470994871794,0.0,9790.480861,1098.2699527985342,132.19995755,98.518784,44.02680222851848,4.488839907770203,10,64,,False,True,,266,56.69694568066818
8,2026-09-19T05:45:23.918+00:00,2026-09-19T05:45:34.912+00:00,2026-09-19T05:45:36.199+00:00,True,14,14.0,,14.0,10994.242396,12281.376092,12281.376067,877.2411476428571,0.0,10994.242396,2912.3662550562376,4009.83789945,99.0102843076923,55.772381794004254,1.1399374056397067,10,64,,False,True,,38,56.69694568066818
9,2026-09-19T05:45:24.359+00:00,2026-09-19T05:45:37.491+00:00,2026-09-19T05:45:40.361+00:00,True,31,31.0,,31.0,13132.209675,16002.616843,16002.616657,516.2134405483871,0.0,13132.209675,2341.964939676707,215.4167035,95.68023893333334,50.91812227982704,1.9371831684866145,10,64,,False,True,,112,56.69694568066818
10,2026-09-19T05:45:24.864+00:00,2026-09-19T05:45:39.903+00:00,2026-09-19T05:45:42.919+00:00,True,32,32.0,,32.0,15039.170171,18054.289531,18054.289547,564.19654834375,0.0,15039.170171,2641.759940273326,203.0218173,97.26191483870969,45.47352696760806,1.7724319721944535,10,64,,False,True,,146,56.69694568066818
11,2026-09-19T05:45:25.232+00:00,2026-09-19T05:45:42.088+00:00,2026-09-19T05:45:43.847+00:00,True,19,19.0,,19.0,16855.699879,18614.636455,18614.636352,979.717702736842,0.0,16855.699879,3844.967447460931,1937.5771950999997,97.71869866666667,58.67831299252996,1.0207021794882536,10,64,,False,True,,84,56.69694568066818
12,2026-09-19T05:45:25.543+00:00,2026-09-19T05:45:44.052+00:00,2026-09-19T05:45:46.235+00:00,True,24,24.0,,24.0,18509.211697,20692.308273,20692.30832,862.1795133333333,0.0,18509.211697,3759.362265311291,317.50449575,94.91724243478261,66.35302133922221,1.159851268566107,10,64,,False,True,,103,56.69694568066818
13,2026-09-19T05:45:25.842+00:00,2026-09-19T05:45:45.862+00:00,2026-09-19T05:45:48.557+00:00,True,29,29.0,,29.0,20020.904735,22715.377439,22715.377367,783.2888747241379,46.71447,20020.904735,3699.9683777811474,111.2728566,96.231168,19.466625207434205,1.2766681987951447,10,64,,False,True,,140,56.69694568066818
14,2026-09-19T05:45:26.223+00:00,2026-09-19T05:45:48.035+00:00,2026-09-19T05:45:49.790+00:00,True,16,16.0,,16.0,21811.732343,23566.496630999998,23566.496683999998,1472.9060427499999,50.542493,21811.732343,5424.156202599699,5734.19375525,116.98428586666665,73.84603505583571,0.6789299339025714,10,64,,False,True,,82,56.69694568066818
15,2026-09-19T05:45:26.603+00:00,2026-09-19T05:45:50.213+00:00,2026-09-19T05:45:58.643+00:00,True,89,89.0,,89.0,23609.898193,32040.380369,32040.380520000002,360.004275505618,0.0,23609.898193,2493.3637540242125,112.2317922,95.80093381818182,66.40700759710381,2.7777448012480557,10,64,,False,True,,447,56.69694568066818
16,2026-09-19T05:45:27.111+00:00,2026-09-19T05:45:52.814+00:00,2026-09-19T05:45:53.496+00:00,True,8,8.0,,8.0,25703.953033,26385.724809000003,26385.724665,3298.215583125,48.585767,25703.953033,9053.308416970529,16747.660534000002,97.395968,22.203612514024346,0.3031942483259452,10,64,,False,True,,21,56.69694568066818
17,2026-09-19T05:45:27.565+00:00,2026-09-19T05:45:55.101+00:00,2026-09-19T05:46:03.096+00:00,True,85,85.0,,85.0,27536.566813999998,35531.861789999995,35531.861937,418.02190514117643,0.0,27536.566813999998,2976.986857889441,114.0424468,95.18208304761905,57.60679125208284,2.3922191441125724,10,64,,False,True,,450,56.69694568066818
18,2026-09-19T05:45:28.068+00:00,2026-09-19T05:45:57.917+00:00,2026-09-19T05:46:02.141+00:00,True,45,45.0,,45.0,29849.113754,34073.36617,34073.366073000005,757.1859127333333,0.0,29849.113754,4435.987820996501,121.5708034,96.00573672727273,77.18872674402726,1.3206796116205386,10,64,,False,True,,208,56.69694568066818
19,2026-09-19T05:45:28.581+00:00,2026-09-19T05:46:01.133+00:00,2026-09-19T05:46:09.966+00:00,True,89,89.0,,89.0,32551.757218,41384.32989,41384.329893,464.99247070786515,0.0,32551.757218,3440.738352900273,114.19562,100.370144,79.06445352424987,2.150572456689838,10,64,,False,True,,398,56.69694568066818
20,2026-09-19T05:45:29.069+00:00,2026-09-19T05:46:03.674+00:00,2026-09-19T05:46:09.060+00:00,True,55,55.0,,55.0,34605.393804,39991.730316,39991.730527,727.1223732181818,0.0,34605.393804,4653.92058366307,259.717035,99.74697244444445,105.78350007241586,1.3752843291703096,10,64,,False,True,,222,56.69694568066818
21,2026-09-19T05:45:29.589+00:00,2026-09-19T05:46:06.721+00:00,2026-09-19T05:46:14.258+00:00,True,78,78.0,,78.0,37131.996779,44668.930923,44668.930752,572.6785993846154,0.0,37131.996779,4194.426638228066,111.40141224999999,97.8822616103896,98.37931475922394,1.746180138818542,10,64,,False,True,,391,56.69694568066818
22,2026-09-19T05:45:29.927+00:00,2026-09-19T05:46:08.247+00:00,2026-09-19T05:46:16.501+00:00,True,86,86.0,,86.0,38320.404101,46574.327685,46574.327643,541.5619493372093,0.0,38320.404101,4122.418495162397,109.9284215,97.10498334117646,76.09728895749635,1.8465108199017044,10,64,,False,True,,350,56.69694568066818
23,2026-09-19T05:45:30.431+00:00,2026-09-19T05:46:10.458+00:00,2026-09-19T05:46:11.650+00:00,True,13,13.0,,13.0,40027.100935,41218.992391,41218.992569,3170.6917360769235,90.58175,40027.100935,11073.974109411041,16077.3154672,99.324288,5.696473328255969,0.3153885926342658,10,64,,False,True,,61,56.69694568066818
24,2026-09-19T05:45:30.878+00:00,2026-09-19T05:46:13.077+00:00,2026-09-19T05:46:18.498+00:00,True,58,58.0,,58.0,42198.305357,47619.831629,47619.831798,821.0315827241379,38.278181,42198.305357,5528.455259691122,110.81387315,95.114496,19.97586381047963,1.217979946923596,10,64,,False,True,,274,56.69694568066818
25,2026-09-19T05:45:31.290+00:00,2026-09-19T05:46:15.059+00:00,2026-09-19T05:46:19.131+00:00,True,43,43.0,,43.0,43768.49204999999,47840.73755399999,47840.73744299999,1112.5752893720928,45.774124,43768.49204999999,6659.872974128235,111.75048420000002,96.95822628571429,19.015790219554145,0.8988155743097389,10,64,,False,True,,173,56.69694568066818
26,2026-09-19T05:45:31.630+00:00,2026-09-19T05:46:16.964+00:00,2026-09-19T05:46:26.821+00:00,True,98,98.0,,98.0,45334.895691,55191.404875,55191.404813,563.1776001326531,0.0,45334.895691,4570.575781490373,116.33270235,101.61349674226804,110.58791608219832,1.7756388014031323,10,64,,False,True,,394,56.69694568066818
27,2026-09-19T05:45:32.087+00:00,2026-09-19T05:46:19.343+00:00,2026-09-19T05:46:28.491+00:00,True,90,90.0,,90.0,47255.510007,56403.323638999995,56403.323660999995,626.7035962333333,0.0,47255.510007,4971.726485997995,116.087834,102.78442283146067,118.34106742440876,1.5956506495260794,10,64,,False,True,,367,56.69694568066818
28,2026-09-19T05:45:32.384+00:00,2026-09-19T05:46:21.212+00:00,2026-09-19T05:46:22.918+00:00,True,19,19.0,,19.0,48827.854574000005,50533.524206,50533.52422100001,2659.659169526316,0.01653,48827.854574000005,11182.221429105677,5749.366132700001,94.759424,222.06380832434328,0.37598802574200973,10,64,,False,True,,57,56.69694568066818
29,2026-09-19T05:45:32.714+00:00,2026-09-19T05:46:23.536+00:00,2026-09-19T05:46:25.182+00:00,True,17,17.0,,17.0,50822.386029,52468.073069,52468.073136,3086.357243294118,57.731405,50822.386029,12301.299207292635,10256.193167399999,102.85544,12.709592417650073,0.32400656257460697,10,64,,False,True,,79,56.69694568066818
30,2026-09-19T05:45:33.068+00:00,2026-09-19T05:46:25.184+00:00,2026-09-19T05:46:26.708+00:00,True,15,15.0,,15.0,52116.141085,53639.235869000004,53639.23578,3575.9490520000004,100.115787,52116.141085,13428.240719252126,15716.9856693,108.79248457142857,5.511575382462869,0.27964604187564546,10,64,,False,True,,66,56.69694568066818
31,2026-09-19T05:45:33.418+00:00,2026-09-19T05:46:26.929+00:00,2026-09-19T05:46:31.999+00:00,True,51,51.0,,51.0,53510.713836999996,58580.626157,58580.62616299999,1148.6397286862743,0.0,53510.713836999996,7479.586235815128,115.4030845,101.3982464,109.54189628336685,0.870594996088239,10,64,,False,True,,203,56.69694568066818
32,2026-09-19T05:45:33.794+00:00,2026-09-19T05:46:29.406+00:00,2026-09-19T05:46:33.554+00:00,True,49,49.0,,49.0,55611.615251999996,59759.73736399999,59759.737430999994,1219.5864781836733,0.0,55611.615251999996,7932.267575730417,112.8322812,86.41921066666667,39.58458227747568,0.8199500560308387,10,64,,False,True,,214,56.69694568066818
33,2026-09-19T05:45:34.178+00:00,2026-09-19T05:46:30.976+00:00,2026-09-19T05:46:39.361+00:00,True,82,82.0,,82.0,56798.264262000004,65182.602694,65182.602543,794.9097871097562,0.0,56798.264262000004,6262.1077736075895,113.58037304999999,103.51035101234567,124.35309779927991,1.2580043847734854,10,64,,False,True,,427,56.69694568066818
34,2026-09-19T05:45:34.697+00:00,2026-09-19T05:46:33.979+00:00,2026-09-19T05:46:43.034+00:00,True,91,91.0,,91.0,59281.270748999996,68336.90057299999,68336.900425,750.9549497252747,0.0,59281.270748999996,6204.827405814469,114.59462200000002,100.61810915555556,112.53934604646851,1.3316378009094874,10,64,,False,True,,325,56.69694568066818
35,2026-09-19T05:45:35.216+00:00,2026-09-19T05:46:36.973+00:00,2026-09-19T05:46:44.968+00:00,True,82,82.0,,82.0,61756.831053999995,69751.65499,69751.65496799999,850.6299386341462,0.0,61756.831053999995,6810.042987135908,113.085798,98.70153007407407,119.8482166857203,1.1755993461625536,10,64,,False,True,,278,56.69694568066818
36,2026-09-19T05:45:35.666+00:00,2026-09-19T05:46:39.508+00:00,2026-09-19T05:46:39.508+00:00,True,1,1.0,,1.0,63841.757485,63841.757485,63841.757485,63841.757485,63841.757485,63841.757485,nan,63841.757485,nan,nan,0.015663729185947863,10,64,,False,True,,1,56.69694568066818
37,2026-09-19T05:45:36.114+00:00,2026-09-19T05:46:41.533+00:00,2026-09-19T05:46:47.767+00:00,True,65,65.0,,65.0,65419.067259,71652.624763,71652.624714,1102.348072523077,45.718703,65419.067259,8102.18008577735,113.16964239999999,97.399336,20.017647688041517,0.9071544861754277,10,64,,False,True,,223,56.69694568066818
38,2026-09-19T05:45:36.486+00:00,2026-09-19T05:46:43.771+00:00,2026-09-19T05:46:45.987+00:00,True,23,23.0,,23.0,67284.930916,69501.322852,69501.322805,3021.796643695652,50.167072,67284.930916,14008.87647660972,110.8675303,100.745088,12.512919270866282,0.33092895294924796,10,64,,False,True,,68,56.69694568066818
39,2026-09-19T05:45:36.867+00:00,2026-09-19T05:46:46.935+00:00,2026-09-19T05:46:53.011+00:00,True,63,63.0,,63.0,70067.667411,76143.343827,76143.343907,1208.6245064603174,0.0,70067.667411,8816.259666988408,116.24424149999999,97.99478090322582,127.66827824551389,0.82738683164661,10,64,,False,True,,307,56.69694568066818
40,2026-09-19T05:45:37.331+00:00,2026-09-19T05:46:47.871+00:00,2026-09-19T05:46:56.028+00:00,True,83,83.0,,83.0,70539.885505,78697.443777,78697.44394699999,948.1619752650602,0.0,70539.885505,7733.14234264843,115.62549139999999,99.48241795121952,142.86155193254908,1.0546721216916766,10,64,,False,True,,377,56.69694568066818
41,2026-09-19T05:45:37.817+00:00,2026-09-19T05:46:51.335+00:00,2026-09-19T05:46:55.701+00:00,True,49,49.0,,49.0,73518.566279,77884.429447,77884.429516,1589.4781533877551,0.0,73518.566279,10490.330290455617,198.03591939999998,90.95548266666667,119.95863694213017,0.6291373044382931,10,64,,False,True,,99,56.69694568066818
42,2026-09-19T05:45:38.332+00:00,2026-09-19T05:46:53.113+00:00,2026-09-19T05:47:00.657+00:00,True,76,76.0,,76.0,74781.084748,82324.943948,82324.94377999999,1083.222944473684,0.01758,74781.084748,8566.863757383573,115.3275525,100.58478933333333,85.69526629697683,0.9231709899250572,10,64,,False,True,,435,56.69694568066818
43,2026-09-19T05:45:38.752+00:00,2026-09-19T05:46:55.931+00:00,2026-09-19T05:46:59.701+00:00,True,38,38.0,,38.0,77179.66544400001,80948.84304400001,80948.84309200001,2130.232712947369,53.477453999999994,77179.66544400001,12503.677921865517,113.76105369999999,101.86966486486487,14.652402181104218,0.46943228057434955,10,64,,False,True,,135,56.69694568066818
44,2026-09-19T05:45:39.134+00:00,2026-09-19T05:46:57.765+00:00,2026-09-19T05:47:07.079+00:00,True,96,96.0,,96.0,78630.676173,87944.848845,87944.848683,916.09217378125,0.0,78630.676173,8016.094345615737,113.6721555,98.0439228631579,120.15801818670155,1.091593211663789,10,64,,False,True,,496,56.69694568066818
45,2026-09-19T05:45:39.548+00:00,2026-09-19T05:47:00.559+00:00,2026-09-19T05:47:07.685+00:00,True,74,74.0,,74.0,81010.668304,88136.34433600001,88136.344398,1191.0316810540542,0.0,81010.668304,9406.912873404002,112.72890415000002,97.61200043835616,135.39878367980558,0.8396082292441315,10,64,,False,True,,319,56.69694568066818
46,2026-09-19T05:45:39.862+00:00,2026-09-19T05:47:02.572+00:00,2026-09-19T05:47:11.288+00:00,True,91,91.0,,91.0,82710.580621,91426.864013,91426.863883,1004.6908119010989,0.0,82710.580621,8661.130873614857,111.81672750000001,96.84759324444444,122.62819909944031,0.9953310876665385,10,64,,False,True,,316,56.69694568066818
47,2026-09-19T05:45:40.186+00:00,2026-09-19T05:47:04.861+00:00,2026-09-19T05:47:11.386+00:00,True,73,73.0,,73.0,84674.767058,91199.949522,91199.9495,1249.3143767123288,0.0,84674.767058,9899.870853443856,109.2048576,90.62753422222222,30.433587208022786,0.8004390395237044,10,64,,False,True,,258,56.69694568066818
48,2026-09-19T05:45:40.668+00:00,2026-09-19T05:47:07.078+00:00,2026-09-19T05:47:10.082+00:00,True,31,31.0,,31.0,86410.394788,89414.54378,89414.54357000001,2884.3401151612907,48.265927000000005,86410.394788,15501.786706599123,114.0496325,100.13829973333334,15.005775308863926,0.34669975028082617,10,64,,False,True,,183,56.69694568066818
49,2026-09-19T05:45:40.998+00:00,2026-09-19T05:47:09.053+00:00,2026-09-19T05:47:17.476+00:00,True,79,79.0,,79.0,88054.38999600001,96477.40618800001,96477.40614400001,1221.232989164557,0.02872,88054.38999600001,9895.245713964136,110.28090350000001,107.98738707692307,100.35375991512852,0.8188445680852698,10,64,,False,True,,287,56.69694568066818
50,2026-09-19T05:45:41.419+00:00,2026-09-19T05:47:11.388+00:00,2026-09-19T05:47:12.726+00:00,True,14,14.0,,14.0,89969.251707,91306.927739,91306.927769,6521.923412071429,95.48389599999999,89969.251707,24017.7937697405,31562.030224650003,102.8981563076923,5.173166957888874,0.15332900084009912,10,64,,False,True,,64,56.69694568066818
51,2026-09-19T05:45:41.866+00:00,2026-09-19T05:47:13.907+00:00,2026-09-19T05:47:22.455+00:00,True,88,88.0,,88.0,92041.79918700001,100589.78049900001,100589.78057200002,1143.0656883181819,0.0,92041.79918700001,9802.763097023608,125.99841345,98.2526587586207,175.2196131547782,0.8748403621466778,10,64,,False,True,,262,56.69694568066818
52,2026-09-19T05:45:42.213+00:00,2026-09-19T05:47:16.104+00:00,2026-09-19T05:47:25.122+00:00,True,92,92.0,,92.0,93890.85216400001,102909.18739600001,102909.187275,1118.578122554348,0.0,93890.85216400001,9779.873937675613,111.5387932,99.10258496703297,166.87055154679547,0.8939920946608889,10,64,,False,True,,411,56.69694568066818
53,2026-09-19T05:45:42.525+00:00,2026-09-19T05:47:17.464+00:00,2026-09-19T05:47:20.414+00:00,True,23,23.0,,23.0,94939.144459,97889.271051,97889.271117,4256.055265956522,0.0,94939.144459,19769.98288550327,1209.0635688,134.09666327272726,270.3002802139818,0.23495935512705035,10,64,,False,True,,121,56.69694568066818
54,2026-09-19T05:45:42.884+00:00,2026-09-19T05:47:20.414+00:00,2026-09-19T05:47:24.474+00:00,True,53,53.0,,53.0,97529.859894,101590.03371799999,101590.03357799999,1916.7930863773583,0.0,97529.859894,13386.10309284949,113.30087459999999,78.08026584615384,44.2356119818095,0.5217047190585716,10,64,,False,True,,224,56.69694568066818
55,2026-09-19T05:45:43.180+00:00,2026-09-19T05:47:20.879+00:00,2026-09-19T05:47:27.867+00:00,True,71,71.0,,71.0,97698.453242,104686.863098,104686.86313700001,1474.462861084507,46.644251,97698.453242,11582.839415823411,112.61055499999999,99.83442651428571,18.363189071411185,0.6782130813637535,10,64,,False,True,,242,56.69694568066818
56,2026-09-19T05:45:43.727+00:00,2026-09-19T05:47:23.460+00:00,2026-09-19T05:47:26.457+00:00,True,31,31.0,,31.0,99732.943991,102730.59903099999,102730.59913799999,3313.8902947741935,45.218334000000006,99732.943991,17894.630242274754,114.95368,99.92183466666667,20.369327982128784,0.30176014052683015,10,64,,False,True,,119,56.69694568066818
57,2026-09-19T05:45:44.175+00:00,2026-09-19T05:47:26.458+00:00,2026-09-19T05:47:27.661+00:00,True,14,14.0,,14.0,102283.807879,103486.272135,103486.271978,7391.876569857143,51.585699,102283.807879,27311.785698971933,35870.14002925,92.49725046153847,23.211237638672497,0.13528364401547585,10,64,,True,True,,63,56.69694568066818
58,2026-09-19T05:45:44.602+00:00,2026-09-19T05:47:28.742+00:00,2026-09-19T05:47:37.909+00:00,True,94,94.0,,94.0,104139.589418,113306.876458,113306.87647,1205.3923028723405,46.045691,104139.589418,10731.024146216903,110.4173718,98.57297892473117,16.57456467296681,0.8296054303009882,10,64,,True,True,,456,56.69694568066818
59,2026-09-19T05:45:45.075+00:00,2026-09-19T05:47:31.353+00:00,2026-09-19T05:47:37.542+00:00,True,63,63.0,,63.0,106278.29669599999,112467.38725599999,112467.387238,1785.1966228253966,49.421703,106278.29669599999,13377.23865916942,110.04703020000001,99.82404129032258,15.207959195330341,0.5601623860666243,10,64,,True,True,,210,56.69694568066818
60,2026-09-19T05:45:45.535+00:00,2026-09-19T05:47:33.823+00:00,2026-09-19T05:47:38.376+00:00,True,47,47.0,,47.0,108287.895898,112840.75810600001,112840.757982,2400.867191106383,48.356516000000006,108287.895898,15780.984810511898,109.38790360000002,98.97526539130435,16.870757468173615,0.41651616657741064,10,64,,True,True,,208,56.69694568066818
61,2026-09-19T05:45:45.848+00:00,2026-09-19T05:47:35.612+00:00,2026-09-19T05:47:44.076+00:00,True,87,87.0,,87.0,109764.129575,118228.965415,118228.965514,1358.953626597701,48.376416,109764.129575,11757.411534316618,110.3317827,98.42832372093024,18.40568788419695,0.7358602834306972,10,64,,True,True,,329,56.69694568066818
62,2026-09-19T05:45:46.178+00:00,2026-09-19T05:47:37.171+00:00,2026-09-19T05:47:38.849+00:00,True,19,19.0,,19.0,110992.981694,112670.682302,112670.68238500001,5930.035915,46.37397,110992.981694,25442.163260727222,11197.7752352,93.20558933333332,22.908568347446636,0.1686330428804258,10,64,,True,True,,61,56.69694568066818
63,2026-09-19T05:45:46.620+00:00,2026-09-19T05:47:39.636+00:00,2026-09-19T05:47:39.748+00:00,True,2,2.0,,2.0,113016.011976,113127.935944,113127.936082,56563.968041,111.924106,113016.011976,79835.24615655882,107370.8075825,111.923968,nan,0.01767909918368907,10,64,,True,True,,3,56.69694568066818
64,2026-09-19T05:45:47.058+00:00,2026-09-19T05:47:42.186+00:00,2026-09-19T05:47:44.075+00:00,True,19,19.0,,19.0,115127.53569799999,117016.53589,117016.53585799999,6158.765045157895,100.170113,115127.53569799999,26387.992380521588,11613.4667432,104.94445511111111,3.3299116027987514,0.16237021422220807,10,64,,True,True,,39,56.69694568066818
65,2026-09-19T05:45:47.503+00:00,2026-09-19T05:47:44.382+00:00,2026-09-19T05:47:51.441+00:00,True,72,72.0,,72.0,116879.579409,123938.964497,123938.964457,1721.3745063472222,46.238279999999996,116879.579409,13762.68314210628,111.28917744999998,99.4279589859155,16.96502837195216,0.580931108245162,10,64,,True,True,,401,56.69694568066818
66,2026-09-19T05:45:47.837+00:00,2026-09-19T05:47:46.046+00:00,2026-09-19T05:47:51.541+00:00,True,56,56.0,,56.0,118209.20027,123704.00219,123704.002312,2209.0000412857144,47.192069000000004,118209.20027,15783.026363018758,111.894064,99.90548945454546,15.99855692687313,0.45269351846828876,10,64,,True,True,,253,56.69694568066818
67,2026-09-19T05:45:48.308+00:00,2026-09-19T05:47:48.488+00:00,2026-09-19T05:47:53.503+00:00,True,51,51.0,,51.0,120179.91520399999,125195.06195599999,125195.061838,2454.8051340784314,48.755994,120179.91520399999,16814.51537554973,111.878501,100.30293504000001,14.841984334186124,0.4073643097674574,10,64,,True,True,,206,56.69694568066818
68,2026-09-19T05:45:48.716+00:00,2026-09-19T05:47:51.121+00:00,2026-09-19T05:47:52.577+00:00,True,15,15.0,,15.0,122405.16199,123860.93338199999,123860.933295,8257.395553,93.662289,122405.16199,31578.02875864635,36799.9379472,103.98367085714285,4.519099390063107,0.12110356018179229,10,64,,True,True,,61,56.69694568066818
69,2026-09-19T05:45:49.140+00:00,2026-09-19T05:47:53.195+00:00,2026-09-19T05:47:53.802+00:00,True,7,7.0,,7.0,124055.016013,124661.132365,124661.132253,17808.733179,96.877391,124055.016013,46850.20711865182,86870.42970280001,101.019392,3.3758574731772075,0.05615222537450115,10,64,,True,True,,26,56.69694568066818
70,2026-09-19T05:45:49.459+00:00,2026-09-19T05:47:54.662+00:00,2026-09-19T05:48:03.592+00:00,True,91,91.0,,91.0,125203.12322400001,134132.695832,134132.69582000002,1473.9856683516484,43.959286,125203.12322400001,13114.462249321125,110.02214,99.21747342222223,15.880385798543816,0.6784326478756282,10,64,,True,True,,326,56.69694568066818
71,2026-09-19T05:45:49.974+00:00,2026-09-19T05:47:57.011+00:00,2026-09-19T05:48:01.091+00:00,True,41,41.0,,41.0,127036.958642,131116.90565,131116.905812,3197.973312487805,45.426373,127036.958642,19823.914374511016,111.611407,101.99867520000001,13.009322898942303,0.3126980445179534,10,64,,True,True,,174,56.69694568066818
72,2026-09-19T05:45:50.364+00:00,2026-09-19T05:47:59.744+00:00,2026-09-19T05:48:05.451+00:00,True,59,59.0,,59.0,129379.79108,135086.413544,135086.413573,2289.6002300508476,44.109824999999994,129379.79108,16831.01453600758,111.58545199999999,98.39004248275863,18.251141771253437,0.43675746843913854,10,64,,True,True,,257,56.69694568066818
73,2026-09-19T05:45:50.897+00:00,2026-09-19T05:48:02.538+00:00,2026-09-19T05:48:12.271+00:00,True,98,98.0,,98.0,131640.760216,141373.594008,141373.593787,1442.5876917040816,42.0055,131640.760216,13287.601003457597,113.12528135000001,100.33849270103093,17.824275357270704,0.6931987595537424,10,64,,True,True,,355,56.69694568066818
74,2026-09-19T05:45:51.382+00:00,2026-09-19T05:48:04.910+00:00,2026-09-19T05:48:12.891+00:00,True,80,80.0,,80.0,133527.263982,141508.881646,141508.881653,1768.8610206625,50.255392,133527.263982,14917.514334168898,110.93135290000002,101.03313498734178,15.766461048023103,0.5653355398576945,10,64,,True,True,,368,56.69694568066818
75,2026-09-19T05:45:51.776+00:00,2026-09-19T05:48:06.770+00:00,2026-09-19T05:48:12.889+00:00,True,61,61.0,,61.0,134993.922529,141112.71804900002,141112.717886,2313.323244032787,46.040242,134993.922529,17271.149771730357,112.443335,101.97992533333333,14.890880753175727,0.4322785418874743,10,64,,True,True,,206,56.69694568066818
76,2026-09-19T05:45:52.285+00:00,2026-09-19T05:48:09.938+00:00,2026-09-19T05:48:10.265+00:00,True,4,4.0,,4.0,137652.89982800002,137980.07909200003,137980.07912500002,34495.019781250005,105.47600100000001,137652.89982800002,68771.92007807925,117021.62486885002,109.05975466666668,3.111210459240154,0.02898969203614492,10,64,,True,True,,22,56.69694568066818
77,2026-09-19T05:45:52.780+00:00,2026-09-19T05:48:12.472+00:00,2026-09-19T05:48:14.180+00:00,True,18,18.0,,18.0,139692.073219,141399.87584300002,141399.875976,7855.548665333334,53.211655,139692.073219,32902.0613191807,21046.6656569,100.45897788235295,12.714441677935696,0.1272985559052815,10,64,,True,True,,86,56.69694568066818
78,2026-09-19T05:45:53.228+00:00,2026-09-19T05:48:15.118+00:00,2026-09-19T05:48:20.257+00:00,True,52,52.0,,52.0,141890.023956,147028.34485199998,147028.34479799998,2827.4681691923074,44.664744,141890.023956,19662.64228346409,113.48420205000001,100.75139011764705,17.86258611091282,0.35367330056217156,10,64,,True,True,,177,56.69694568066818
79,2026-09-19T05:45:53.681+00:00,2026-09-19T05:48:17.217+00:00,2026-09-19T05:48:24.098+00:00,True,71,71.0,,71.0,143535.801408,150417.104704,150417.104657,2118.5507698169013,46.49736,143535.801408,17022.908763723462,112.40598999999999,98.3043328,18.304812739554222,0.4720207860649768,10,64,,True,True,,297,56.69694568066818
80,2026-09-19T05:45:54.222+00:00,2026-09-19T05:48:21.038+00:00,2026-09-19T05:48:28.270+00:00,True,75,75.0,,75.0,146816.23790900002,154048.392021,154048.392139,2053.9785618533338,46.224419999999995,146816.23790900002,16941.604138668878,110.58919839999999,97.73181232432432,18.846244017771177,0.48685999909545263,10,64,,True,True,,85,56.69694568066818
81,2026-09-19T05:45:54.647+00:00,2026-09-19T05:48:22.580+00:00,2026-09-19T05:48:30.764+00:00,True,86,86.0,,86.0,147932.625891,156116.639459,156116.639383,1815.3097602674418,44.491085,147932.625891,15941.616822232674,111.74000625,96.28251256470588,21.203627702221066,0.550870171802447,10,64,,True,True,,419,56.69694568066818
82,2026-09-19T05:45:55.158+00:00,2026-09-19T05:48:26.039+00:00,2026-09-19T05:48:27.208+00:00,True,12,12.0,,12.0,150880.700907,152049.919723,152049.919707,12670.82664225,99.116156,150880.700907,43524.82276658494,67958.46570735,106.29261963636364,3.9185345385810564,0.07892144909948813,10,64,,True,True,,50,56.69694568066818
83,2026-09-19T05:45:55.669+00:00,2026-09-19T05:48:28.640+00:00,2026-09-19T05:48:30.454+00:00,True,20,20.0,,20.0,152971.24845699998,154785.089353,154785.08924499998,7739.254462249999,46.57943,152971.24845699998,34184.07051175567,7753.905489899999,95.46531031578948,21.131354131867916,0.12921141231109395,10,64,,True,True,,97,56.69694568066818
84,2026-09-19T05:45:56.082+00:00,2026-09-19T05:48:30.922+00:00,2026-09-19T05:48:31.909+00:00,True,11,11.0,,11.0,154839.850665,155827.15383300002,155827.153855,14166.104895909091,44.216766,154839.850665,46656.20709935068,77476.1871145,98.7303168,19.95945725082976,0.07059103454965687,10,64,,True,True,,33,56.69694568066818
85,2026-09-19T05:45:56.407+00:00,2026-09-19T05:48:32.127+00:00,2026-09-19T05:48:38.370+00:00,True,63,63.0,,63.0,155720.35968599998,161963.87968599997,161963.879486,2570.855229936508,45.072264000000004,155720.35968599998,19606.24216132645,114.6956312,100.70193548387097,18.06003211221701,0.38897561679887116,10,64,,True,True,,216,56.69694568066818
86,2026-09-19T05:45:56.800+00:00,2026-09-19T05:48:34.369+00:00,2026-09-19T05:48:42.591+00:00,True,82,82.0,,82.0,157568.693712,165791.037904,165791.037913,2021.8419257682929,45.347103000000004,157568.693712,17389.349614949075,113.69643220000002,101.51042212345679,17.05218434655869,0.49459850807787004,10,64,,True,True,,401,56.69694568066818
87,2026-09-19T05:45:57.149+00:00,2026-09-19T05:48:36.698+00:00,2026-09-19T05:48:39.827+00:00,True,32,32.0,,32.0,159549.62416,162677.93904,162677.93890100002,5083.6855906562505,50.713301,159549.62416,28186.82256672656,112.45963110000001,100.91338322580644,19.316790081615537,0.1967076801491301,10,64,,True,True,,166,56.69694568066818
88,2026-09-19T05:45:57.610+00:00,2026-09-19T05:48:39.015+00:00,2026-09-19T05:48:42.902+00:00,True,38,38.0,,38.0,161404.989174,165291.648502,165291.64852999998,4349.780224473684,51.426669000000004,161404.989174,26166.307955162876,113.9955327,105.0448467027027,9.724583723418867,0.22989667260496957,10,64,,True,True,,122,56.69694568066818
89,2026-09-19T05:45:57.996+00:00,2026-09-19T05:48:40.999+00:00,2026-09-19T05:48:43.110+00:00,True,21,21.0,,21.0,163003.34743599998,165114.250732,165114.25065899998,7862.5833647142845,97.085531,163003.34743599998,35547.214911797855,112.408956,105.5451648,3.6220115367590044,0.12718466096597253,10,64,,True,True,,115,56.69694568066818
90,2026-09-19T05:45:58.498+00:00,2026-09-19T05:48:43.469+00:00,2026-09-19T05:48:53.055+00:00,True,97,97.0,,97.0,164970.990235,174557.09532300002,174557.095423,1799.557684773196,42.751889000000006,164970.990235,16740.13475598618,110.78239459999999,99.85526133333333,15.707377692413885,0.5556921064738815,10,64,,True,True,,378,56.69694568066818
91,2026-09-19T05:45:58.901+00:00,2026-09-19T05:48:46.141+00:00,2026-09-19T05:48:46.352+00:00,True,3,3.0,,3.0,167240.000778,167450.93761,167450.93769199998,55816.979230666664,104.457264,167240.000778,96495.1672317098,150526.6486652,105.468416,1.4300527542716737,0.0179156954438029,10,64,,True,True,,11,56.69694568066818
92,2026-09-19T05:45:59.263+00:00,2026-09-19T05:48:48.239+00:00,2026-09-19T05:48:55.393+00:00,True,71,71.0,,71.0,168976.214855,176130.800455,176130.800553,2480.715500746479,44.835254,168976.214855,20041.660561417106,109.44846799999999,102.20836571428572,11.437259712478534,0.40310950621120883,10,64,,True,True,,267,56.69694568066818
93,2026-09-19T05:45:59.745+00:00,2026-09-19T05:48:50.431+00:00,2026-09-19T05:48:57.688+00:00,True,72,72.0,,72.0,170685.30132300002,177943.068747,177943.06890800002,2471.4315126111114,48.904025000000004,170685.30132300002,20103.412839019362,110.92985705,102.22207639436618,13.020986139007606,0.40462379629054174,10,64,,True,True,,322,56.69694568066818
94,2026-09-19T05:46:00.133+00:00,2026-09-19T05:48:52.949+00:00,2026-09-19T05:48:53.629+00:00,True,8,8.0,,8.0,172816.53625900001,173496.287939,173496.28784,21687.03598,52.495807,172816.53625900001,61065.54251134013,112368.9449164,97.10738285714285,19.994833123541188,0.046110496628105034,10,64,,True,True,,21,56.69694568066818
95,2026-09-19T05:46:00.674+00:00,2026-09-19T05:48:55.201+00:00,2026-09-19T05:49:03.777+00:00,True,88,88.0,,88.0,174526.84603400002,183103.494738,183103.494807,2080.7215318977273,44.323646000000004,174526.84603400002,18594.124274884743,111.70219954999999,98.58216901149424,18.267974579409803,0.4806025145829022,10,64,,True,True,,308,56.69694568066818
96,2026-09-19T05:46:01.190+00:00,2026-09-19T05:48:57.999+00:00,2026-09-19T05:48:58.154+00:00,True,3,3.0,,3.0,176809.633631,176963.932767,176963.932718,58987.97757266667,51.264599000000004,176809.633631,102036.55054575541,159138.9737167,77.149568,36.60663521931509,0.01695260696963577,10,64,,True,True,,9,56.69694568066818
97,2026-09-19T05:46:01.492+00:00,2026-09-19T05:48:59.810+00:00,2026-09-19T05:49:00.789+00:00,True,11,11.0,,11.0,178318.006185,179296.773545,179296.773373,16299.706670272728,51.409979,178318.006185,53735.39320045969,89213.4493895,97.876736,16.69557281244731,0.06135079724253495,10,64,,True,True,,52,56.69694568066818
98,2026-09-19T05:46:01.835+00:00,2026-09-19T05:49:01.512+00:00,2026-09-19T05:49:10.676+00:00,True,92,92.0,,92.0,179677.49351,188841.444614,188841.44454,2052.624397173913,47.425917999999996,179677.49351,18722.183658375692,113.30529955,100.70275938461539,18.46692173478724,0.48718119154432404,10,64,,True,True,,439,56.69694568066818
99,2026-09-19T05:46:02.218+00:00,2026-09-19T05:49:04.107+00:00,2026-09-19T05:49:12.455+00:00,True,84,84.0,,84.0,181888.662749,190236.80764500002,190236.807558,2264.7238995000002,48.743525999999996,181888.662749,19834.713830108605,114.36168574999999,100.5800589879518,17.80214882142274,0.44155492851179456,10,64,,True,True,,374,56.69694568066818
100,2026-09-19T05:46:02.547+00:00,2026-09-19T05:49:06.219+00:00,2026-09-19T05:49:11.941+00:00,True,58,58.0,,58.0,183671.17904800002,189393.95562400002,189393.955833,3265.4130316034484,45.886792,183671.17904800002,24104.031638763867,112.26498084999999,100.39958905263157,19.06990358850778,0.30623997375685114,10,64,,True,True,,190,56.69694568066818
101,2026-09-19T05:46:02.921+00:00,2026-09-19T05:49:07.827+00:00,2026-09-19T05:49:11.641+00:00,True,39,39.0,,39.0,184906.250743,188720.042487,188720.04249000002,4838.975448461539,48.265926,184906.250743,29592.63154043918,113.35238479999998,100.36294063157895,18.96054542484369,0.2066553159168906,10,64,,True,True,,158,56.69694568066818
102,2026-09-19T05:46:03.287+00:00,2026-09-19T05:49:09.768+00:00,2026-09-19T05:49:16.227+00:00,True,65,65.0,,65.0,186481.52516699999,192939.870895,192939.870872,2968.3057057230767,45.483853,186481.52516699999,23117.676207576096,113.01477620000001,100.911652,17.171361793428815,0.3368925235540025,10,64,,True,True,,302,56.69694568066818
103,2026-09-19T05:46:03.787+00:00,2026-09-19T05:49:12.348+00:00,2026-09-19T05:49:15.037+00:00,True,28,28.0,,28.0,188561.123363,191250.317603,191250.317786,6830.368492357143,44.711414,188561.123363,35615.88516226983,112.1613864,99.59978666666667,19.121759688336123,0.1464049856279077,10,64,,True,True,,122,56.69694568066818
104,2026-09-19T05:46:04.217+00:00,2026-09-19T05:49:14.821+00:00,2026-09-19T05:49:19.611+00:00,True,49,49.0,,49.0,190604.69313499998,195394.82689499998,195394.82693599997,3987.649529306122,47.221919,190604.69313499998,27214.991984310283,112.86551820000001,99.79445333333332,18.947676946094816,0.25077429519836425,10,64,,True,True,,160,56.69694568066818
105,2026-09-19T05:46:04.544+00:00,2026-09-19T05:49:16.709+00:00,2026-09-19T05:49:19.188+00:00,True,26,26.0,,26.0,192165.671545,194644.13144899998,194644.131515,7486.312750576923,48.975735,192165.671545,37667.35070779544,113.10165674999999,99.13839616,18.8705037563194,0.13357710713622226,10,64,,True,True,,120,56.69694568066818
106,2026-09-19T05:46:04.949+00:00,2026-09-19T05:49:18.772+00:00,2026-09-19T05:49:28.566+00:00,True,98,98.0,,98.0,193823.880865,203617.183137,203617.18309500001,2077.726358112245,46.947359,193823.880865,19568.976273327917,111.8669685,100.9618790927835,15.806756612126426,0.4812953331844422,10,64,,True,True,,403,56.69694568066818
107,2026-09-19T05:46:05.471+00:00,2026-09-19T05:49:21.751+00:00,2026-09-19T05:49:24.799+00:00,True,31,31.0,,31.0,196280.431794,199328.083122,199328.083103,6429.938164612903,48.526736,196280.431794,35234.763396865324,115.577158,101.58837759999999,14.723425819776653,0.15552249093283185,10,64,,True,True,,114,56.69694568066818
108,2026-09-19T05:46:05.867+00:00,2026-09-19T05:49:23.957+00:00,2026-09-19T05:49:32.165+00:00,True,80,80.0,,80.0,198089.999386,206297.562394,206297.562317,2578.7195289625,49.290214,198089.999386,22135.523107542987,113.16048289999999,103.8932026329114,12.538318329391892,0.3877893615010874,10,64,,True,True,,347,56.69694568066818
109,2026-09-19T05:46:06.268+00:00,2026-09-19T05:49:26.254+00:00,2026-09-19T05:49:36.610+00:00,True,100,100.0,,100.0,199985.604338,210341.547762,210341.547755,2103.41547755,47.534328,199985.604338,19988.10426617431,113.56282244999998,104.60548913131313,13.301656306025665,0.47541724905984484,10,64,,True,True,,432,56.69694568066818
110,2026-09-19T05:46:06.777+00:00,2026-09-19T05:49:28.882+00:00,2026-09-19T05:49:38.575+00:00,True,95,95.0,,95.0,202104.667111,211797.439975,211797.43998599998,2229.4467366947365,45.178453999999995,202104.667111,20724.928310446074,114.76855940000002,103.11460493617021,16.265081704278284,0.44854177657300087,10,64,,True,True,,345,56.69694568066818
111,2026-09-19T05:46:07.346+00:00,2026-09-19T05:49:30.599+00:00,2026-09-19T05:49:34.064+00:00,True,34,34.0,,34.0,203252.942926,206717.908558,206717.908555,6079.938486911765,51.02197,203252.942926,34839.58789035995,115.16858865,104.99895854545454,14.49839344881183,0.16447534825198964,10,64,,True,True,,103,56.69694568066818
112,2026-09-19T05:46:07.443+00:00,2026-09-19T05:49:32.644+00:00,2026-09-19T05:49:42.574+00:00,True,99,99.0,,99.0,205201.439511,215130.51855100002,215130.518544,2173.0355408484847,45.956442,205201.439511,20613.343759490268,113.09966999999999,101.3171330612245,15.635100541251253,0.4601857545215302,10,64,,True,True,,462,56.69694568066818
113,2026-09-19T05:46:07.832+00:00,2026-09-19T05:49:35.139+00:00,2026-09-19T05:49:42.782+00:00,True,78,78.0,,78.0,207307.311797,214950.102965,214950.10295,2755.7705506410257,47.432561,207307.311797,23461.698435411137,112.8522347,99.25702815584415,17.258027379891043,0.36287491340583644,10,64,,True,True,,316,56.69694568066818
114,2026-09-19T05:46:08.140+00:00,2026-09-19T05:49:37.232+00:00,2026-09-19T05:49:42.671+00:00,True,57,57.0,,57.0,209091.383753,214530.101193,214530.101106,3763.6859843157895,47.619937,209091.383753,27681.97216785315,110.3291632,97.11995428571429,17.899048370644145,0.2656969799716846,10,64,,True,True,,282,56.69694568066818
115,2026-09-19T05:46:08.532+00:00,2026-09-19T05:49:39.386+00:00,2026-09-19T05:49:44.687+00:00,True,56,56.0,,56.0,210853.972375,216154.433175,216154.43311500002,3859.9005913392857,48.552448,210853.972375,28163.676400546385,110.702245,96.37201454545455,20.594652102923483,0.2590740295141763,10,64,,True,True,,291,56.69694568066818
116,2026-09-19T05:46:09.066+00:00,2026-09-19T05:49:42.149+00:00,2026-09-19T05:49:49.775+00:00,True,80,80.0,,80.0,213082.574293,220708.653525,220708.65355400002,2758.858169425,45.324336,213082.574293,23812.572541476493,111.09955235,96.53264850632912,21.034556232376694,0.3624687964078322,10,64,,True,True,,398,56.69694568066818
117,2026-09-19T05:46:09.451+00:00,2026-09-19T05:49:44.264+00:00,2026-09-19T05:49:48.947+00:00,True,50,50.0,,50.0,214812.99083899998,219495.89413499998,219495.89420599997,4389.917884119999,45.049046000000004,214812.99083899998,30365.637004254742,112.95756935000001,95.56945502040817,22.360127356976456,0.22779469382351053,10,64,,True,True,,186,56.69694568066818
118,2026-09-19T05:46:09.994+00:00,2026-09-19T05:49:46.797+00:00,2026-09-19T05:49:56.178+00:00,True,98,98.0,,98.0,216802.740872,226183.76308,226183.763064,2307.997582285714,44.479027,216802.740872,21890.623023094013,112.2455752,96.71156915463916,19.197504121363586,0.43327601710003344,10,64,,True,True,,399,56.69694568066818
119,2026-09-19T05:46:10.339+00:00,2026-09-19T05:49:48.738+00:00,2026-09-19T05:49:50.538+00:00,True,20,20.0,,20.0,218398.673756,220198.98326,220198.983352,11009.9491676,49.735475,218398.673756,48814.244397222355,11022.2983196,94.75313178947368,19.713865829814328,0.0908269407238134,10,64,,True,True,,83,56.69694568066818
120,2026-09-19T05:46:10.835+00:00,2026-09-19T05:49:51.047+00:00,2026-09-19T05:50:00.883+00:00,True,100,100.0,,100.0,220212.076635,230048.269403,230048.269379,2300.48269379,45.066716,220212.076635,22011.278782979338,113.434671,99.35548250505052,17.21991157211147,0.43469138133275576,10,64,,True,True,,350,56.69694568066818
121,2026-09-19T05:46:11.195+00:00,2026-09-19T05:49:52.832+00:00,2026-09-19T05:49:56.919+00:00,True,42,42.0,,42.0,221636.975144,225724.225064,225724.224983,5374.386309119048,47.52151,221636.975144,34183.94942892007,110.47124415,99.68902243902438,16.822846357838518,0.18606775585603036,10,64,,True,True,,186,56.69694568066818
122,2026-09-19T05:46:11.595+00:00,2026-09-19T05:49:55.432+00:00,2026-09-19T05:49:56.279+00:00,True,9,9.0,,9.0,223837.38529,224683.99777000002,224683.99758,24964.88862,100.322358,223837.38529,74577.18629925312,134346.2449244,105.82656,2.860508600051996,0.04005625718487054,10,64,,True,True,,35,56.69694568066818
123,2026-09-19T05:46:12.093+00:00,2026-09-19T05:49:57.810+00:00,2026-09-19T05:50:06.317+00:00,True,88,88.0,,88.0,225716.883825,234224.101233,234224.101189,2661.6375135113635,45.931245000000004,225716.883825,24051.084496469684,110.71743605,97.78410813793103,19.300157532095927,0.3757085608899825,10,64,,True,True,,306,56.69694568066818
124,2026-09-19T05:46:12.389+00:00,2026-09-19T05:49:59.755+00:00,2026-09-19T05:50:03.178+00:00,True,36,36.0,,36.0,227365.31209700002,230788.38640100003,230788.386467,6410.788512972223,47.571171,227365.31209700002,37877.92465107812,113.75129849999999,97.80212297142857,22.204601210755094,0.15598705186771916,10,64,,True,True,,155,56.69694568066818
125,2026-09-19T05:46:12.895+00:00,2026-09-19T05:50:02.808+00:00,2026-09-19T05:50:08.727+00:00,True,63,63.0,,63.0,229913.228405,235831.531381,235831.531418,3743.357641555556,46.633212,229913.228405,28954.324626044916,110.88323390000001,95.45649961290323,20.216585463993475,0.2671398503460494,10,64,,True,True,,346,56.69694568066818
126,2026-09-19T05:46:13.329+00:00,2026-09-19T05:50:04.829+00:00,2026-09-19T05:50:10.163+00:00,True,58,58.0,,58.0,231500.373422,236834.899886,236834.899769,4083.3603408448275,44.898237,231500.373422,30385.206898371744,111.59838020000001,93.58818357894737,21.37864442875927,0.2448963392976212,10,64,,True,True,,328,56.69694568066818
127,2026-09-19T05:46:13.852+00:00,2026-09-19T05:50:08.523+00:00,2026-09-19T05:50:13.658+00:00,True,52,52.0,,52.0,234670.487787,239805.921771,239805.92191399998,4611.6523445,45.910784,234670.487787,32528.98141675736,114.48642465,100.694784,16.015629852826283,0.21684201797842517,10,64,,True,True,,255,56.69694568066818
128,2026-09-19T05:46:14.246+00:00,2026-09-19T05:50:10.420+00:00,2026-09-19T05:50:11.832+00:00,True,15,15.0,,15.0,236174.193585,237585.696433,237585.696516,15839.0464344,51.67268,236174.193585,60953.88425454177,70931.5330265,100.821632,15.02231863368741,0.06313511387765741,10,64,,True,True,,63,56.69694568066818
129,2026-09-19T05:46:14.770+00:00,2026-09-19T05:50:13.325+00:00,2026-09-19T05:50:21.330+00:00,True,82,82.0,,82.0,238555.994696,246560.00237600002,246560.00230700002,3006.8292964268294,43.36177,238555.994696,26333.197405527553,113.1956545,98.81490962962962,19.509959530916284,0.33257624598393426,10,64,,True,True,,278,56.69694568066818
130,2026-09-19T05:46:15.168+00:00,2026-09-19T05:50:15.214+00:00,2026-09-19T05:50:17.398+00:00,True,24,24.0,,24.0,240045.798896,242229.25054399998,242229.25052899998,10092.885438708334,51.96284,240045.798896,48979.77060201667,113.1837826,94.93268034782609,22.93882348593556,0.09907969391021378,10,64,,True,True,,82,56.69694568066818
131,2026-09-19T05:46:15.486+00:00,2026-09-19T05:50:17.506+00:00,2026-09-19T05:50:18.514+00:00,True,11,11.0,,11.0,242019.43978000002,243027.86141200003,243027.861609,22093.441964454545,50.503443,242019.43978000002,72941.20367095032,121066.686249,100.8421632,18.144452366196667,0.04526230011690689,10,64,,True,True,,37,56.69694568066818
132,2026-09-19T05:46:15.860+00:00,2026-09-19T05:50:19.948+00:00,2026-09-19T05:50:27.776+00:00,True,83,83.0,,83.0,244087.782738,251916.306514,251916.306614,3035.1362242650603,41.452484,244087.782738,26781.642274293503,109.064448,95.46980214634146,18.920408138394304,0.32947450345135704,10,64,,True,True,,394,56.69694568066818
133,2026-09-19T05:46:16.306+00:00,2026-09-19T05:50:21.783+00:00,2026-09-19T05:50:26.228+00:00,True,47,47.0,,47.0,245476.974703,249921.886831,249921.886799,5317.486953170213,49.942145,245476.974703,35792.40557214413,110.34129220000001,96.62852452173912,15.918692329436244,0.18805875946263934,10,64,,True,True,,224,56.69694568066818
134,2026-09-19T05:46:16.766+00:00,2026-09-19T05:50:23.978+00:00,2026-09-19T05:50:30.096+00:00,True,64,64.0,,64.0,247212.023541,253330.073845,253330.073963,3958.282405671875,50.573572999999996,247212.023541,30889.368932656645,110.2777733,97.11190958730158,17.679213237198578,0.25263482944847043,10,64,,True,True,,273,56.69694568066818
135,2026-09-19T05:46:17.137+00:00,2026-09-19T05:50:26.225+00:00,2026-09-19T05:50:31.243+00:00,True,51,51.0,,51.0,249087.127053,254105.352717,254105.35252800002,4982.457892705883,45.412305,249087.127053,34865.124025119265,110.19103150000001,100.36451328,15.887580334858859,0.20070415461416619,10,64,,True,True,,239,56.69694568066818
136,2026-09-19T05:46:17.481+00:00,2026-09-19T05:50:27.883+00:00,2026-09-19T05:50:30.100+00:00,True,22,22.0,,22.0,250401.474556,252618.267132,252618.267081,11482.648503681818,97.02659600000001,250401.474556,53363.26807852868,110.29480399999998,105.56155123809523,3.7354401041303005,0.08708792222260156,10,64,,True,True,,106,56.69694568066818
137,2026-09-19T05:46:18.025+00:00,2026-09-19T05:50:30.617+00:00,2026-09-19T05:50:36.743+00:00,True,62,62.0,,62.0,252591.37447799998,258717.93447799998,258717.934472,4172.869910838709,47.333331,252591.37447799998,32066.384394460852,111.61403415000001,100.43540983606557,14.139800665589664,0.2396432242901667,10,64,,True,True,,277,56.69694568066818
138,2026-09-19T05:46:18.547+00:00,2026-09-19T05:50:32.983+00:00,2026-09-19T05:50:35.013+00:00,True,22,22.0,,22.0,254436.39293399997,256466.03005399997,256466.03013099998,11657.546824136363,49.866205,254436.39293399997,54225.41862194007,110.77952865000002,96.64938666666667,18.79070548474658,0.08578134108196633,10,64,,True,True,,109,56.69694568066818
139,2026-09-19T05:46:18.972+00:00,2026-09-19T05:50:35.634+00:00,2026-09-19T05:50:42.734+00:00,True,72,72.0,,72.0,256662.0371,263761.836908,263761.837013,3663.3588474027774,46.104454,256662.0371,30236.13242654523,114.3977531,99.9971803943662,19.273641876322564,0.2729735311371583,10,64,,True,True,,324,56.69694568066818
140,2026-09-19T05:46:19.327+00:00,2026-09-19T05:50:37.485+00:00,2026-09-19T05:50:40.178+00:00,True,28,28.0,,28.0,258158.398105,260851.015833,260851.015695,9316.107703392858,49.665276,258158.398105,48768.50906827062,116.39322005,99.72658251851853,20.560538885333262,0.1073409659172113,10,64,,True,True,,83,56.69694568066818
141,2026-09-19T05:46:19.817+00:00,2026-09-19T05:50:40.491+00:00,2026-09-19T05:50:49.166+00:00,True,90,90.0,,90.0,260673.40593799998,269348.295154,269348.295063,2992.758834033333,46.100144,260673.40593799998,27467.121785417123,112.169503,97.47066534831461,18.987301858247942,0.3341398539335193,10,64,,True,True,,382,56.69694568066818
142,2026-09-19T05:46:20.206+00:00,2026-09-19T05:50:42.626+00:00,2026-09-19T05:50:50.634+00:00,True,83,83.0,,83.0,262419.019658,270427.09645799996,270427.09647,3258.1577887951803,45.168665999999995,262419.019658,28793.515796504627,112.08648199999999,97.65947317073172,18.41415876572101,0.30692190644768,10,64,,True,True,,246,56.69694568066818
143,2026-09-19T05:46:20.606+00:00,2026-09-19T05:50:44.306+00:00,2026-09-19T05:50:49.117+00:00,True,51,51.0,,51.0,263700.199271,268510.925415,268510.92557099997,5264.920109235294,46.52982299999999,263700.199271,36911.94604640992,113.54799900000002,96.21452287999999,19.51500095979064,0.1899364054597644,10,64,,True,True,,215,56.69694568066818
144,2026-09-19T05:46:21.043+00:00,2026-09-19T05:50:47.037+00:00,2026-09-19T05:50:55.333+00:00,True,87,87.0,,87.0,265993.49264300003,274289.721251,274289.72132600006,3152.75541754023,45.852125,265993.49264300003,28507.1593480002,111.618189,96.46777451162791,18.626232041638836,0.3171828663619046,10,64,,True,True,,476,56.69694568066818
145,2026-09-19T05:46:21.434+00:00,2026-09-19T05:50:49.375+00:00,2026-09-19T05:50:57.917+00:00,True,89,89.0,,89.0,267940.851438,276483.106286,276483.10613599996,3106.5517543370784,44.627597,267940.851438,28391.390200634214,111.0165018,97.0710778181818,18.96921652939445,0.32190031859645163,10,64,,True,True,,368,56.69694568066818
146,2026-09-19T05:46:21.869+00:00,2026-09-19T05:50:50.939+00:00,2026-09-19T05:50:53.526+00:00,True,29,29.0,,29.0,269070.50477,271656.585538,271656.585556,9367.468467448276,48.0249,269070.50477,49947.99152070655,109.7025604,92.36002742857143,20.28150529646969,0.10675242767469521,10,64,,True,True,,89,56.69694568066818
147,2026-09-19T05:46:22.841+00:00,2026-09-19T05:50:55.541+00:00,2026-09-19T05:51:04.691+00:00,True,92,92.0,,92.0,272700.04100599996,281849.77924599993,281849.77924899996,3063.5845570543474,43.71475,272700.04100599996,28420.466854705264,111.83517499999999,100.54657406593407,16.829010663293626,0.3264150152826692,10,64,,True,True,,438,56.69694568066818
148,2026-09-19T05:46:22.861+00:00,2026-09-19T05:50:56.438+00:00,2026-09-19T05:51:01.454+00:00,True,52,52.0,,52.0,273576.930875,278593.136955,278593.136964,5357.5603262307695,46.028914,273576.930875,37924.659179944494,110.94861254999999,98.35698196078431,18.719798914724432,0.18665212132773878,10,64,,True,True,,265,56.69694568066818
149,2026-09-19T05:46:23.188+00:00,2026-09-19T05:50:58.534+00:00,2026-09-19T05:51:04.691+00:00,True,62,62.0,,62.0,275346.51429400005,281503.7157020001,281503.71547500003,4540.382507661291,46.443572999999994,275346.51429400005,34956.226701634485,111.34032855,100.937728,15.81984179018404,0.22024576068343346,10,64,,True,True,,215,56.69694568066818
150,2026-09-19T05:46:23.508+00:00,2026-09-19T05:51:00.143+00:00,2026-09-19T05:51:03.834+00:00,True,38,38.0,,38.0,276634.65277,280325.62518599996,280325.62539,7376.990141842105,48.063279,276634.65277,44859.88741781368,112.91759674999999,99.75601124324325,17.898828878330853,0.13555664051328334,10,64,,True,True,,198,56.69694568066818
151,2026-09-19T05:46:23.849+00:00,2026-09-19T05:51:01.871+00:00,2026-09-19T05:51:11.091+00:00,True,95,95.0,,95.0,278022.03736799996,287242.09036,287242.09025999997,3023.6009501052627,44.533198,278022.03736799996,28514.402070291915,111.5396644,98.08567012765957,19.01606279071423,0.3307314742102617,10,64,,True,True,,343,56.69694568066818
152,2026-09-19T05:46:24.370+00:00,2026-09-19T05:51:04.580+00:00,2026-09-19T05:51:09.850+00:00,True,57,57.0,,57.0,280209.671876,285479.24192400003,285479.241844,5008.407751649123,48.550549,280209.671876,37102.22023849901,112.19971000000001,94.09946514285716,21.81836906806187,0.1996642544510276,10,64,,True,True,,198,56.69694568066818
153,2026-09-19T05:46:24.825+00:00,2026-09-19T05:51:07.307+00:00,2026-09-19T05:51:12.977+00:00,True,59,59.0,,59.0,282481.899467,288152.105675,288152.105636,4883.933993830508,46.052394,282481.899467,36763.28766585294,111.559145,97.762176,18.047720544404573,0.2047529719131906,10,64,,True,True,,255,56.69694568066818
154,2026-09-19T05:46:25.352+00:00,2026-09-19T05:51:10.159+00:00,2026-09-19T05:51:19.677+00:00,True,96,96.0,,96.0,284806.647851,294325.144363,294325.144328,3065.8869200833333,45.662825,284806.647851,29057.735087266345,111.54285150000001,100.1947001263158,16.06017279262665,0.3261698901321198,10,64,,True,True,,393,56.69694568066818
155,2026-09-19T05:46:25.779+00:00,2026-09-19T05:51:12.082+00:00,2026-09-19T05:51:14.335+00:00,True,24,24.0,,24.0,286303.166004,288556.490548,288556.490513,12023.187104708333,43.917519,286303.166004,58421.39440761402,112.3420173,97.9706323478261,20.79814013591939,0.08317262229805125,10,64,,True,True,,73,56.69694568066818
156,2026-09-19T05:46:26.235+00:00,2026-09-19T05:51:14.632+00:00,2026-09-19T05:51:18.422+00:00,True,39,39.0,,39.0,288397.371542,292187.26542999997,292187.26550499996,7491.981166794872,45.045206,288397.371542,46164.57178058393,113.16962829999999,99.73404968421052,17.804166652700943,0.13347604298430085,10,64,,True,True,,133,56.69694568066818
157,2026-09-19T05:46:26.740+00:00,2026-09-19T05:51:17.409+00:00,2026-09-19T05:51:24.703+00:00,True,74,74.0,,74.0,290669.20743400004,297963.04218600004,297963.042177,4026.527596986487,46.082074999999996,290669.20743400004,33777.999355841996,113.66148745000001,99.9155445479452,19.021102831489795,0.24835294826197385,10,64,,True,True,,423,56.69694568066818
158,2026-09-19T05:46:27.212+00:00,2026-09-19T05:51:19.680+00:00,2026-09-19T05:51:27.254+00:00,False,78,77.0,,77.0,292467.732471,300041.949687,300041.949701,3846.6916628333333,0.02437,292467.732471,33104.31920866924,115.26805805,98.36645735064936,22.198713426582916,0.25663078139681944,10,64,,True,False,Request timeout: 300.0s exceeded,363,56.69694568066818
159,2026-09-19T05:46:27.737+00:00,2026-09-19T05:51:23.236+00:00,2026-09-19T05:51:27.781+00:00,False,47,46.0,,46.0,295499.22744199994,300044.46315399994,300044.4631519999,6383.924747914893,0.021,295499.22744199994,43088.58601833027,114.42593489999999,98.809472,24.044099596951227,0.15331061108896443,10,64,,True,False,Request timeout: 300.0s exceeded,180,56.69694568066818
160,2026-09-19T05:46:28.065+00:00,2026-09-19T05:51:25.031+00:00,2026-09-19T05:51:28.090+00:00,False,32,31.0,,31.0,296966.651371,300025.095147,300025.095163,9375.78422384375,0.04493,296966.651371,52479.347618245905,111.83552995000002,98.65947664516129,23.45388922549574,0.10332469017237132,10,64,,True,False,Request timeout: 300.0s exceeded,102,56.69694568066818
161,2026-09-19T05:46:28.596+00:00,2026-09-19T05:51:27.568+00:00,2026-09-19T05:51:28.726+00:00,False,13,12.0,,12.0,298972.56247500004,300130.65092300007,300130.65079800005,23086.973138307694,0.02223,298972.56247500004,82893.30836472164,119654.00683920001,96.50737066666667,30.534361375337575,0.039982587460148,10,64,,True,False,Request timeout: 300.0s exceeded,66,56.69694568066818
162,2026-09-19T05:46:28.911+00:00,2026-09-19T05:51:28.953+00:00,2026-09-19T05:51:29.602+00:00,False,8,7.0,,7.0,300041.907528,300691.12096800003,300691.12106800004,37586.390133500005,0.03756,300041.907528,106048.05031583508,195067.26617250004,92.74477714285715,41.09427121509682,0.02327970303035636,10,64,,True,False,Request timeout: 300.0s exceeded,25,56.69694568066818
163,2026-09-19T05:46:29.401+00:00,2026-09-19T05:51:29.664+00:00,2026-09-19T05:51:29.664+00:00,False,1,0.0,,0.0,300262.487197,300262.487197,300262.487197,300262.487197,300262.487197,300262.487197,nan,300262.487197,nan,nan,0.0,10,64,,True,False,"HTTPConnectionPool(host='gpu03', port=9002): Read timed out.",0,56.69694568066818
164,2026-09-19T05:46:29.719+00:00,2026-09-19T05:51:29.748+00:00,2026-09-19T05:51:29.748+00:00,False,1,0.0,,0.0,300028.32724,300028.32724,300028.32724,300028.32724,300028.32724,300028.32724,nan,300028.32724,nan,nan,0.0,10,64,,True,False,"HTTPConnectionPool(host='gpu03', port=9002): Read timed out.",0,56.69694568066818
165,2026-09-19T05:46:30.212+00:00,2026-09-19T05:51:30.320+00:00,2026-09-19T05:51:30.320+00:00,False,1,0.0,,0.0,300108.048923,300108.048923,300108.048923,300108.048923,300108.048923,300108.048923,nan,300108.048923,nan,nan,0.0,10,64,,True,False,"HTTPConnectionPool(host='gpu03', port=9002): Read timed out.",0,56.69694568066818
166,2026-09-19T05:46:30.644+00:00,2026-09-19T05:51:30.748+00:00,2026-09-19T05:51:30.748+00:00,False,1,0.0,,0.0,300104.151653,300104.151653,300104.151653,300104.151653,300104.151653,300104.151653,nan,300104.151653,nan,nan,0.0,10,64,,True,False,"HTTPConnectionPool(host='gpu03', port=9002): Read timed out.",0,56.69694568066818
167,2026-09-19T05:46:31.010+00:00,2026-09-19T05:51:30.985+00:00,2026-09-19T05:51:31.095+00:00,False,3,2.0,,2.0,299975.525148,300085.22831599996,300085.228497,100028.409499,0.08261,299975.525148,173159.29022699405,269988.9347071,54.851584,77.45527755807352,0.006664773242000209,10,64,,True,False,Request timeout: 300.0s exceeded,5,56.69694568066818
168,2026-09-19T05:46:31.493+00:00,2026-09-19T05:51:31.209+00:00,2026-09-19T05:51:31.532+00:00,False,6,5.0,,5.0,299715.755629,300038.29796500003,300038.297918,50006.38298633334,0.024460000000000003,299715.755629,122332.1170332851,224817.385724,64.5084672,48.33874671938729,0.016664539273527203,10,64,,True,False,Request timeout: 300.0s exceeded,19,56.69694568066818
169,2026-09-19T05:46:31.914+00:00,2026-09-19T05:51:32.003+00:00,2026-09-19T05:51:32.003+00:00,False,1,0.0,,0.0,300089.262403,300089.262403,300089.262403,300089.262403,300089.262403,300089.262403,nan,300089.262403,nan,nan,0.0,10,64,,True,False,"HTTPConnectionPool(host='gpu03', port=9002): Read timed out.",0,56.69694568066818
170,2026-09-19T05:46:32.402+00:00,2026-09-19T05:51:32.432+00:00,2026-09-19T05:51:32.432+00:00,False,1,0.0,,0.0,300029.70334500005,300029.70334500005,300029.70334500005,300029.70334500005,300029.70334500005,300029.70334500005,nan,300029.70334500005,nan,nan,0.0,10,64,,True,False,"HTTPConnectionPool(host='gpu03', port=9002): Read timed out.",0,56.69694568066818
171,2026-09-19T05:46:32.865+00:00,2026-09-19T05:51:32.778+00:00,2026-09-19T05:51:32.913+00:00,False,3,2.0,,2.0,299913.347235,300047.763619,300047.763707,100015.92123566667,0.039229999999999994,299913.347235,173116.26209731013,269935.4502357,67.208192,94.99134471216392,0.006665605421874085,10,64,,True,False,Request timeout: 300.0s exceeded,4,56.69694568066818
172,2026-09-19T05:46:33.177+00:00,2026-09-19T05:51:33.024+00:00,2026-09-19T05:51:33.230+00:00,False,4,3.0,,3.0,299847.111233,300053.170241,300053.17043,75013.2926075,0.07562,299847.111233,149889.22062884428,254887.40263115,68.686336,60.76679158602179,0.009998227972697062,10,64,,True,False,Request timeout: 300.0s exceeded,10,56.69694568066818
173,2026-09-19T05:46:33.638+00:00,2026-09-19T05:51:33.688+00:00,2026-09-19T05:51:33.688+00:00,False,1,0.0,,0.0,300049.428961,300049.428961,300049.428961,300049.428961,300049.428961,300049.428961,nan,300049.428961,nan,nan,0.0,10,64,,True,False,"HTTPConnectionPool(host='gpu03', port=9002): Read timed out.",0,56.69694568066818
174,2026-09-19T05:46:34.166+00:00,2026-09-19T05:51:34.139+00:00,2026-09-19T05:51:34.277+00:00,False,3,2.0,,2.0,299972.919004,300110.29142,300110.291259,100036.763753,0.05087,299972.919004,173149.80318560157,269989.35924210004,68.686208,97.06492120585784,0.006664216646942737,10,64,,True,False,Request timeout: 300.0s exceeded,7,56.69694568066818
175,2026-09-19T05:46:34.616+00:00,2026-09-19T05:51:34.550+00:00,2026-09-19T05:51:34.657+00:00,False,3,2.0,,2.0,299934.17796600005,300041.85054200003,300041.85037900007,100013.95012633335,0.04421,299934.17796600005,173136.00439589992,269951.5229897001,53.836288,76.07337594717353,0.006665736784342486,10,64,,True,False,Request timeout: 300.0s exceeded,7,56.69694568066818
176,2026-09-19T05:46:35.124+00:00,2026-09-19T05:51:35.161+00:00,2026-09-19T05:51:35.161+00:00,False,1,0.0,,0.0,300036.919945,300036.919945,300036.919945,300036.919945,300036.919945,300036.919945,nan,300036.919945,nan,nan,0.0,10,64,,True,False,"HTTPConnectionPool(host='gpu03', port=9002): Read timed out.",0,56.69694568066818
177,2026-09-19T05:46:35.425+00:00,2026-09-19T05:51:35.448+00:00,2026-09-19T05:51:35.448+00:00,False,1,0.0,,0.0,300023.16146100004,300023.16146100004,300023.16146100004,300023.16146100004,300023.16146100004,300023.16146100004,nan,300023.16146100004,nan,nan,0.0,10,64,,True,False,"HTTPConnectionPool(host='gpu03', port=9002): Read timed out.",0,56.69694568066818
178,2026-09-19T05:46:35.794+00:00,2026-09-19T05:51:35.752+00:00,2026-09-19T05:51:35.892+00:00,False,3,2.0,,2.0,299958.37127,300098.028998,300098.028939,100032.676313,0.023989999999999997,299958.37127,173140.74477356818,269976.4975109,69.828864,98.71889487874142,0.006664488956084843,10,64,,True,False,Request timeout: 300.0s exceeded,4,56.69694568066818
179,2026-09-19T05:46:36.299+00:00,2026-09-19T05:51:36.150+00:00,2026-09-19T05:51:36.350+00:00,False,4,3.0,,3.0,299850.458342,300050.242022,300050.24215400004,75012.56053850001,0.03417,299850.458342,149891.93928885218,254888.4282305,66.59456,57.76275346412967,0.009998325546359788,10,64,,True,False,Request timeout: 300.0s exceeded,11,56.69694568066818
180,2026-09-19T05:46:36.659+00:00,2026-09-19T05:51:36.773+00:00,2026-09-19T05:51:36.773+00:00,False,1,0.0,,0.0,300113.35383700003,300113.35383700003,300113.35383700003,300113.35383700003,300113.35383700003,300113.35383700003,nan,300113.35383700003,nan,nan,0.0,10,64,,True,False,"HTTPConnectionPool(host='gpu03', port=9002): Read timed out.",0,56.69694568066818
182,2026-09-19T05:46:37.728+00:00,2026-09-19T05:51:37.331+00:00,2026-09-19T05:51:37.996+00:00,False,8,7.0,,7.0,299603.202532,300267.80106,300267.801067,37533.475133375,0.039659999999999994,299603.202532,105892.16815793255,194786.74029410002,94.94264685714285,42.659298063247235,0.02331252293881903,10,64,,True,False,Request timeout: 300.0s exceeded,21,56.69694568066818
181,2026-09-19T05:46:37.718+00:00,2026-09-19T05:51:37.331+00:00,2026-09-19T05:51:37.899+00:00,False,7,6.0,,6.0,299613.925387,300181.65274700004,300181.652804,42883.09325771429,0.036539999999999996,299613.925387,113207.66402424625,209767.42520350002,94.62122666666667,46.83911312442756,0.019987897145256034,10,64,,True,False,Request timeout: 300.0s exceeded,20,56.69694568066818
183,2026-09-19T05:46:38.055+00:00,2026-09-19T05:51:38.156+00:00,2026-09-19T05:51:38.156+00:00,False,1,0.0,,0.0,300100.35959899996,300100.35959899996,300100.35959899996,300100.35959899996,300100.35959899996,300100.35959899996,nan,300100.35959899996,nan,nan,0.0,10,64,,True,False,"HTTPConnectionPool(host='gpu03', port=9002): Read timed out.",0,56.69694568066818
184,2026-09-19T05:46:38.492+00:00,2026-09-19T05:51:38.541+00:00,2026-09-19T05:51:38.541+00:00,False,1,0.0,,0.0,300049.132298,300049.132298,300049.132298,300049.132298,300049.132298,300049.132298,nan,300049.132298,nan,nan,0.0,10,64,,True,False,"HTTPConnectionPool(host='gpu03', port=9002): Read timed out.",0,56.69694568066818
186,2026-09-19T05:46:39.223+00:00,2026-09-19T05:51:39.358+00:00,2026-09-19T05:51:39.577+00:00,False,6,5.0,,5.0,300134.889418,300354.21537,300354.215304,50059.035884000004,0.023850000000000003,300134.889418,122511.64990437154,225118.95753999997,43.865190399999996,26.393899302652134,0.016647011242511136,10,64,,True,False,Request timeout: 300.0s exceeded,12,56.69694568066818
185,2026-09-19T05:46:38.899+00:00,2026-09-19T05:51:39.358+00:00,2026-09-19T05:51:39.524+00:00,True,4,4.0,,4.0,300459.483456,300625.460288,300625.460286,75156.3650715,49.380387,300459.483456,150202.07909305784,255400.36760159998,55.32561066666666,8.753835272661082,0.01330559293337294,10,64,,True,True,,13,56.69694568066818
187,2026-09-19T05:46:39.548+00:00,2026-09-19T05:51:39.635+00:00,2026-09-19T05:51:39.635+00:00,False,1,0.0,,0.0,300086.685536,300086.685536,300086.685536,300086.685536,300086.685536,300086.685536,nan,300086.685536,nan,nan,0.0,10,64,,True,False,"HTTPConnectionPool(host='gpu03', port=9002): Read timed out.",0,56.69694568066818
188,2026-09-19T05:46:39.939+00:00,2026-09-19T05:51:40.011+00:00,2026-09-19T05:51:40.011+00:00,False,1,0.0,,0.0,300071.614589,300071.614589,300071.614589,300071.614589,300071.614589,300071.614589,nan,300071.614589,nan,nan,0.0,10,64,,True,False,"HTTPConnectionPool(host='gpu03', port=9002): Read timed out.",0,56.69694568066818
189,2026-09-19T05:46:40.268+00:00,2026-09-19T05:51:40.292+00:00,2026-09-19T05:51:40.292+00:00,False,1,0.0,,0.0,300023.497846,300023.497846,300023.497846,300023.497846,300023.497846,300023.497846,nan,300023.497846,nan,nan,0.0,10,64,,True,False,"HTTPConnectionPool(host='gpu03', port=9002): Read timed out.",0,56.69694568066818
190,2026-09-19T05:46:40.651+00:00,2026-09-19T05:51:40.706+00:00,2026-09-19T05:51:40.706+00:00,False,1,0.0,,0.0,300054.431204,300054.431204,300054.431204,300054.431204,300054.431204,300054.431204,nan,300054.431204,nan,nan,0.0,10,64,,True,False,"HTTPConnectionPool(host='gpu03', port=9002): Read timed out.",0,56.69694568066818
191,2026-09-19T05:46:40.976+00:00,2026-09-19T05:51:40.952+00:00,2026-09-19T05:51:41.084+00:00,False,3,2.0,,2.0,299976.098531,300108.340195,300108.340098,100036.113366,0.02475,299976.098531,173153.119000268,269991.7103596,66.120832,93.4738596186121,0.006664259975915595,10,64,,True,False,Request timeout: 300.0s exceeded,4,56.69694568066818
192,2026-09-19T05:46:41.513+00:00,2026-09-19T05:51:41.080+00:00,2026-09-19T05:51:41.623+00:00,True,7,7.0,,7.0,299566.776478,300109.54946999997,300109.549322,42872.79276028571,51.297301,299566.776478,113191.40872736121,209727.61858419998,90.46216533333333,19.50262266366723,0.023324815929257007,10,64,,True,True,,20,56.69694568066818
193,2026-09-19T05:46:41.960+00:00,2026-09-19T05:51:41.974+00:00,2026-09-19T05:51:41.974+00:00,False,1,0.0,,0.0,300013.69960399996,300013.69960399996,300013.69960399996,300013.69960399996,300013.69960399996,300013.69960399996,nan,300013.69960399996,nan,nan,0.0,10,64,,True,False,"HTTPConnectionPool(host='gpu03', port=9002): Read timed out.",0,56.69694568066818
194,2026-09-19T05:46:42.272+00:00,2026-09-19T05:51:42.383+00:00,2026-09-19T05:51:42.383+00:00,False,1,0.0,,0.0,300110.650478,300110.650478,300110.650478,300110.650478,300110.650478,300110.650478,nan,300110.650478,nan,nan,0.0,10,64,,True,False,"HTTPConnectionPool(host='gpu03', port=9002): Read timed out.",0,56.69694568066818
195,2026-09-19T05:46:42.696+00:00,2026-09-19T05:51:42.683+00:00,2026-09-19T05:51:42.819+00:00,False,3,2.0,,2.0,299987.217932,300122.380556,300122.380782,100040.793594,0.046009999999999995,299987.217932,173158.69604266473,270002.0078228,67.581312,95.50960307108541,0.006663948207710617,10,64,,True,False,Request timeout: 300.0s exceeded,16,56.69694568066818
196,2026-09-19T05:46:43.068+00:00,2026-09-19T05:51:42.817+00:00,2026-09-19T05:51:43.138+00:00,False,5,4.0,,4.0,299749.420967,300070.270119,300070.270011,60014.054002200006,0.02312,299749.420967,134016.15234247933,239822.18950960002,80.212288,53.6580753686322,0.013330210948301226,10,64,,True,False,Request timeout: 300.0s exceeded,13,56.69694568066818
197,2026-09-19T05:46:43.578+00:00,2026-09-19T05:51:43.686+00:00,2026-09-19T05:51:43.686+00:00,False,1,0.0,,0.0,300108.00071,300108.00071,300108.00071,300108.00071,300108.00071,300108.00071,nan,300108.00071,nan,nan,0.0,10,64,,True,False,"HTTPConnectionPool(host='gpu03', port=9002): Read timed out.",0,56.69694568066818
198,2026-09-19T05:46:44.122+00:00,2026-09-19T05:51:44.198+00:00,2026-09-19T05:51:44.198+00:00,False,1,0.0,,0.0,300076.64177100005,300076.64177100005,300076.64177100005,300076.64177100005,300076.64177100005,300076.64177100005,nan,300076.64177100005,nan,nan,0.0,10,64,,True,False,TTFT timeout: 300.0s exceeded (TTFT: 300.062s),0,56.69694568066818
199,2026-09-19T05:46:44.472+00:00,2026-09-19T05:51:44.348+00:00,2026-09-19T05:51:44.628+00:00,False,4,3.0,,3.0,299876.21279900003,300155.74943900004,300155.749467,75038.93736675,0.02222,299876.21279900003,149891.53160406783,254917.075703,93.17888,81.16290254627378,0.009994811045955603,10,64,,True,False,Request timeout: 300.0s exceeded,10,56.69694568066818
200,2026-09-19T05:46:44.951+00:00,2026-09-19T05:51:44.629+00:00,2026-09-19T05:51:44.992+00:00,False,6,5.0,,5.0,299678.014668,300040.461772,300040.461715,50006.743619166664,0.02581,299678.014668,122313.45075563453,224785.96312525,72.48942079999999,47.10139192132771,0.01666441909358041,10,64,,True,False,Request timeout: 300.0s exceeded,15,56.69694568066818
201,2026-09-19T05:46:45.450+00:00,2026-09-19T05:51:45.501+00:00,2026-09-19T05:51:45.501+00:00,False,1,0.0,,0.0,300050.836828,300050.836828,300050.836828,300050.836828,300050.836828,300050.836828,nan,300050.836828,nan,nan,0.0,10,64,,True,False,"HTTPConnectionPool(host='gpu03', port=9002): Read timed out.",0,56.69694568066818
202,2026-09-19T05:46:45.818+00:00,2026-09-19T05:51:45.865+00:00,2026-09-19T05:51:45.865+00:00,False,1,0.0,,0.0,300047.156335,300047.156335,300047.156335,300047.156335,300047.156335,300047.156335,nan,300047.156335,nan,nan,0.0,10,64,,True,False,TTFT timeout: 300.0s exceeded (TTFT: 300.042s),0,56.69694568066818
203,2026-09-19T05:46:46.208+00:00,2026-09-19T05:51:46.173+00:00,2026-09-19T05:51:46.285+00:00,False,3,2.0,,2.0,299965.01029299997,300077.56427699997,300077.564385,100025.85479499999,0.0208,299965.01029299997,173152.39701114528,269979.76259289996,56.276992,79.5583602035328,0.006664943461597185,10,64,,True,False,Request timeout: 300.0s exceeded,16,56.69694568066818
204,2026-09-19T05:46:46.697+00:00,2026-09-19T05:51:46.390+00:00,2026-09-19T05:51:46.787+00:00,False,6,5.0,,5.0,299692.647773,300090.211677,300090.21171,50015.035285,0.03682,299692.647773,122316.55666164534,224795.669157,79.5127808,44.59413299275521,0.016661656413444487,10,64,,True,False,Request timeout: 300.0s exceeded,14,56.69694568066818
205,2026-09-19T05:46:47.020+00:00,2026-09-19T05:51:47.033+00:00,2026-09-19T05:51:47.033+00:00,False,1,0.0,,0.0,300012.96284500003,300012.96284500003,300012.96284500003,300012.96284500003,300012.96284500003,300012.96284500003,nan,300012.96284500003,nan,nan,0.0,10,64,,True,False,"HTTPConnectionPool(host='gpu03', port=9002): Read timed out.",0,56.69694568066818
206,2026-09-19T05:46:47.479+00:00,2026-09-19T05:51:47.545+00:00,2026-09-19T05:51:47.545+00:00,False,1,0.0,,0.0,300065.395547,300065.395547,300065.395547,300065.395547,300065.395547,300065.395547,nan,300065.395547,nan,nan,0.0,10,64,,True,False,TTFT timeout: 300.0s exceeded (TTFT: 300.060s),0,56.69694568066818
207,2026-09-19T05:46:47.802+00:00,2026-09-19T05:51:47.824+00:00,2026-09-19T05:51:47.824+00:00,False,1,0.0,,0.0,300022.302642,300022.302642,300022.302642,300022.302642,300022.302642,300022.302642,nan,300022.302642,nan,nan,0.0,10,64,,True,False,TTFT timeout: 300.0s exceeded (TTFT: 300.017s),0,56.69694568066818
208,2026-09-19T05:46:48.256+00:00,2026-09-19T05:51:48.065+00:00,2026-09-19T05:51:48.262+00:00,False,4,3.0,,3.0,299809.05107499997,300006.58349099994,300006.58359199995,75001.64589799999,0.02161,299809.05107499997,149871.61068355828,254852.73214359998,65.84413866666667,57.02388076900068,0.009999780555115714,10,64,,True,False,Request timeout: 300.0s exceeded,7,56.69694568066818
209,2026-09-19T05:46:48.798+00:00,2026-09-19T05:51:48.844+00:00,2026-09-19T05:51:48.844+00:00,False,1,0.0,,0.0,300046.532597,300046.532597,300046.532597,300046.532597,300046.532597,300046.532597,nan,300046.532597,nan,nan,0.0,10,64,,True,False,"HTTPConnectionPool(host='gpu03', port=9002): Read timed out.",0,56.69694568066818
210,2026-09-19T05:46:49.298+00:00,2026-09-19T05:51:49.243+00:00,2026-09-19T05:51:49.392+00:00,False,3,2.0,,2.0,299945.46299800003,300093.958102,300093.958112,100031.31937066668,0.03218,299945.46299800003,173130.74286391117,269965.76299160003,74.247552,104.95627813873371,0.00666457936257488,10,64,,True,False,Request timeout: 300.0s exceeded,4,56.69694568066818
211,2026-09-19T05:46:49.688+00:00,2026-09-19T05:51:49.522+00:00,2026-09-19T05:51:49.751+00:00,False,4,3.0,,3.0,299834.337407,300062.56012700003,300062.560106,75015.6400265,0.026489000000000002,299834.337407,149879.14196139277,254879.01510485,76.07424,68.29886115245108,0.009997915097205944,10,64,,True,False,Request timeout: 300.0s exceeded,18,56.69694568066818
212,2026-09-19T05:46:50.230+00:00,2026-09-19T05:51:50.285+00:00,2026-09-19T05:51:50.285+00:00,False,1,0.0,,0.0,300054.44483600004,300054.44483600004,300054.44483600004,300054.44483600004,300054.44483600004,300054.44483600004,nan,300054.44483600004,nan,nan,0.0,10,64,,True,False,"HTTPConnectionPool(host='gpu03', port=9002): Read timed out.",0,56.69694568066818
213,2026-09-19T05:46:50.764+00:00,2026-09-19T05:51:50.863+00:00,2026-09-19T05:51:51.460+00:00,False,7,6.0,,6.0,300098.673588,300695.98354,300695.98345,42956.569064285715,0.083209,300098.673588,113389.01995695669,210112.59941850003,99.55165866666667,51.97841382443223,0.019953708491094135,10,64,,True,False,Request timeout: 300.0s exceeded,14,56.69694568066818
214,2026-09-19T05:46:51.285+00:00,2026-09-19T05:51:51.368+00:00,2026-09-19T05:51:51.566+00:00,False,4,3.0,,3.0,300083.77149699995,300281.780329,300281.78037999995,75070.44509499999,0.02668,300083.77149699995,150008.89162088098,255087.05326494997,66.002944,57.52387270584845,0.009990616136327311,10,64,,True,False,Request timeout: 300.0s exceeded,6,56.69694568066818
215,2026-09-19T05:46:51.618+00:00,2026-09-19T05:51:51.635+00:00,2026-09-19T05:51:51.635+00:00,False,1,0.0,,0.0,300017.31225300004,300017.31225300004,300017.31225300004,300017.31225300004,300017.31225300004,300017.31225300004,nan,300017.31225300004,nan,nan,0.0,10,64,,True,False,"HTTPConnectionPool(host='gpu03', port=9002): Read timed out.",0,56.69694568066818
216,2026-09-19T05:46:51.929+00:00,2026-09-19T05:51:51.944+00:00,2026-09-19T05:51:51.944+00:00,False,1,0.0,,0.0,300015.190963,300015.190963,300015.190963,300015.190963,300015.190963,300015.190963,nan,300015.190963,nan,nan,0.0,10,64,,True,False,"HTTPConnectionPool(host='gpu03', port=9002): Read timed out.",0,56.69694568066818
217,2026-09-19T05:46:52.251+00:00,2026-09-19T05:51:52.261+00:00,2026-09-19T05:51:52.261+00:00,False,1,0.0,,0.0,300010.33240899997,300010.33240899997,300010.33240899997,300010.33240899997,300010.33240899997,300010.33240899997,nan,300010.33240899997,nan,nan,0.0,10,64,,True,False,"HTTPConnectionPool(host='gpu03', port=9002): Read timed out.",0,56.69694568066818
218,2026-09-19T05:46:52.728+00:00,2026-09-19T05:51:52.767+00:00,2026-09-19T05:51:52.767+00:00,False,1,0.0,,0.0,300039.358045,300039.358045,300039.358045,300039.358045,300039.358045,300039.358045,nan,300039.358045,nan,nan,0.0,10,64,,True,False,TTFT timeout: 300.0s exceeded (TTFT: 300.031s),0,56.69694568066818
219,2026-09-19T05:46:53.202+00:00,2026-09-19T05:51:52.990+00:00,2026-09-19T05:51:53.267+00:00,False,5,4.0,,4.0,299787.648251,300065.227003,300065.227048,60013.045409599996,0.02558,299787.648251,134038.08397618795,239850.36714299995,69.394688,46.955062303210376,0.01333043498559068,10,64,,True,False,Request timeout: 300.0s exceeded,11,56.69694568066818
220,2026-09-19T05:46:53.559+00:00,2026-09-19T05:51:53.069+00:00,2026-09-19T05:51:53.577+00:00,False,7,6.0,,6.0,299509.745395,300018.07205099997,300018.071985,42859.72456928571,0.04064,299509.745395,113172.02790118361,209688.76974189997,84.72110933333333,41.65118137490753,0.01999879526917319,10,64,,True,False,Request timeout: 300.0s exceeded,22,56.69694568066818
221,2026-09-19T05:46:53.922+00:00,2026-09-19T05:51:54.009+00:00,2026-09-19T05:51:54.009+00:00,False,1,0.0,,0.0,300086.520287,300086.520287,300086.520287,300086.520287,300086.520287,300086.520287,nan,300086.520287,nan,nan,0.0,10,64,,True,False,"HTTPConnectionPool(host='gpu03', port=9002): Read timed out.",0,56.69694568066818
222,2026-09-19T05:46:54.422+00:00,2026-09-19T05:51:54.494+00:00,2026-09-19T05:51:54.494+00:00,False,1,0.0,,0.0,300072.236227,300072.236227,300072.236227,300072.236227,300072.236227,300072.236227,nan,300072.236227,nan,nan,0.0,10,64,,True,False,"HTTPConnectionPool(host='gpu03', port=9002): Read timed out.",0,56.69694568066818
223,2026-09-19T05:46:54.725+00:00,2026-09-19T05:51:54.644+00:00,2026-09-19T05:51:54.778+00:00,False,3,2.0,,2.0,299918.94607999997,300053.542432,300053.542439,100017.84747966666,0.02386,299918.94607999997,173119.44270372752,269940.50872189994,67.298176,95.14032362567855,0.006665477047161516,10,64,,True,False,Request timeout: 300.0s exceeded,8,56.69694568066818
224,2026-09-19T05:46:55.752+00:00,2026-09-19T05:51:55.702+00:00,2026-09-19T05:51:55.925+00:00,False,4,3.0,,3.0,299950.618479,300173.197423,300173.197482,75043.2993705,0.03641,299950.618479,149938.2219903388,254975.62866495,74.19298133333332,64.50884352218648,0.009994230083682124,10,64,,True,False,Request timeout: 300.0s exceeded,14,56.69694568066818
225,2026-09-19T05:46:55.789+00:00,2026-09-19T05:51:56.025+00:00,2026-09-19T05:51:56.025+00:00,False,1,0.0,,0.0,300236.292982,300236.292982,300236.292982,300236.292982,300236.292982,300236.292982,nan,300236.292982,nan,nan,0.0,10,64,,True,False,TTFT timeout: 300.0s exceeded (TTFT: 300.062s),0,56.69694568066818
226,2026-09-19T05:46:55.954+00:00,2026-09-19T05:51:56.111+00:00,2026-09-19T05:51:56.111+00:00,False,1,0.0,,0.0,300156.72199,300156.72199,300156.72199,300156.72199,300156.72199,300156.72199,nan,300156.72199,nan,nan,0.0,10,64,,True,False,"HTTPConnectionPool(host='gpu03', port=9002): Read timed out.",0,56.69694568066818
227,2026-09-19T05:46:56.253+00:00,2026-09-19T05:51:56.276+00:00,2026-09-19T05:51:56.276+00:00,False,1,0.0,,0.0,300023.001046,300023.001046,300023.001046,300023.001046,300023.001046,300023.001046,nan,300023.001046,nan,nan,0.0,10,64,,True,False,"HTTPConnectionPool(host='gpu03', port=9002): Read timed out.",0,56.69694568066818
228,2026-09-19T05:46:56.701+00:00,2026-09-19T05:51:56.806+00:00,2026-09-19T05:51:56.806+00:00,False,1,0.0,,0.0,300105.096643,300105.096643,300105.096643,300105.096643,300105.096643,300105.096643,nan,300105.096643,nan,nan,0.0,10,64,,True,False,"HTTPConnectionPool(host='gpu03', port=9002): Read timed out.",0,56.69694568066818
229,2026-09-19T05:46:57.241+00:00,2026-09-19T05:51:57.290+00:00,2026-09-19T05:51:57.290+00:00,False,1,0.0,,0.0,300049.13908,300049.13908,300049.13908,300049.13908,300049.13908,300049.13908,nan,300049.13908,nan,nan,0.0,10,64,,True,False,TTFT timeout: 300.0s exceeded (TTFT: 300.038s),0,56.69694568066818
230,2026-09-19T05:46:57.562+00:00,2026-09-19T05:51:57.407+00:00,2026-09-19T05:51:57.607+00:00,False,4,3.0,,3.0,299845.050846,300044.47023800004,300044.470096,75011.117524,0.11833,299845.050846,149889.2962317224,254883.50141175,66.47313066666666,57.49103604083341,0.009998517878434329,10,64,,True,False,Request timeout: 300.0s exceeded,8,56.69694568066818
231,2026-09-19T05:46:58.057+00:00,2026-09-19T05:51:57.607+00:00,2026-09-19T05:51:58.116+00:00,False,7,6.0,,6.0,299550.312125,300058.606013,300058.605995,42865.51514214286,0.02638,299550.312125,113187.36269877758,209716.15419560001,84.715648,41.50279699028635,0.019996093695576422,10,64,,True,False,Request timeout: 300.0s exceeded,22,56.69694568066818
232,2026-09-19T05:46:58.572+00:00,2026-09-19T05:51:58.681+00:00,2026-09-19T05:51:58.681+00:00,False,1,0.0,,0.0,300109.54380299995,300109.54380299995,300109.54380299995,300109.54380299995,300109.54380299995,300109.54380299995,nan,300109.54380299995,nan,nan,0.0,10,64,,True,False,"HTTPConnectionPool(host='gpu03', port=9002): Read timed out.",0,56.69694568066818
233,2026-09-19T05:46:58.970+00:00,2026-09-19T05:51:58.929+00:00,2026-09-19T05:51:59.077+00:00,False,3,2.0,,2.0,299959.304787,300107.800659,300107.800532,100035.93351066667,0.023870000000000002,299959.304787,173138.7342453257,269978.2214958,74.247936,104.9687684729166,0.006664271956970944,10,64,,True,False,Request timeout: 300.0s exceeded,8,56.69694568066818
234,2026-09-19T05:46:59.479+00:00,2026-09-19T05:51:59.310+00:00,2026-09-19T05:51:59.523+00:00,False,4,3.0,,3.0,299830.754747,300043.470523,300043.470735,75010.86768375,0.02069,299830.754747,149879.9333005482,254873.55341254998,70.90525866666667,62.154566371640605,0.0099985511925014,10,64,,True,False,Request timeout: 300.0s exceeded,11,56.69694568066818
235,2026-09-19T05:46:59.816+00:00,2026-09-19T05:51:59.821+00:00,2026-09-19T05:51:59.869+00:00,False,3,2.0,,2.0,300005.38233,300053.283002,300053.282913,100017.760971,0.06305,300005.38233,173194.36218660054,270009.6278503,23.950336,33.78146644261661,0.006665482810220307,10,64,,True,False,Request timeout: 300.0s exceeded,8,56.69694568066818
236,2026-09-19T05:47:00.321+00:00,2026-09-19T05:52:00.319+00:00,2026-09-19T05:52:00.415+00:00,False,3,2.0,,2.0,299997.754013,300093.36207699997,300093.361918,100031.12063933333,0.05913,299997.754013,173176.1909924886,270007.53348920005,47.804032,67.52147945729293,0.006664592599308566,10,64,,True,False,Request timeout: 300.0s exceeded,5,56.69694568066818
237,2026-09-19T05:47:00.822+00:00,2026-09-19T05:52:00.801+00:00,2026-09-19T05:52:00.909+00:00,False,3,2.0,,2.0,299978.58865499997,300086.766319,300086.766389,100028.92212966665,0.04758,299978.58865499997,173161.49912193156,269991.5428049,54.088832,76.4258205943339,0.0066647390837420275,10,64,,True,False,Request timeout: 300.0s exceeded,3,56.69694568066818
238,2026-09-19T05:47:01.273+00:00,2026-09-19T05:52:01.130+00:00,2026-09-19T05:52:01.329+00:00,False,5,4.0,,4.0,299857.278943,300056.192735,300056.19273400004,60011.2385468,0.08459,299857.278943,134078.0191019268,239908.770392,49.728448,48.15951139818947,0.013330836346152909,10,64,,True,False,Request timeout: 300.0s exceeded,13,56.69694568066818
239,2026-09-19T05:47:01.570+00:00,2026-09-19T05:52:01.679+00:00,2026-09-19T05:52:01.679+00:00,False,1,0.0,,0.0,300108.877151,300108.877151,300108.877151,300108.877151,300108.877151,300108.877151,nan,300108.877151,nan,nan,0.0,10,64,,True,False,"HTTPConnectionPool(host='gpu03', port=9002): Read timed out.",0,56.69694568066818
240,2026-09-19T05:47:02.047+00:00,2026-09-19T05:52:02.141+00:00,2026-09-19T05:52:02.141+00:00,False,1,0.0,,0.0,300094.201505,300094.201505,300094.201505,300094.201505,300094.201505,300094.201505,nan,300094.201505,nan,nan,0.0,10,64,,True,False,"HTTPConnectionPool(host='gpu03', port=9002): Read timed out.",0,56.69694568066818
241,2026-09-19T05:47:02.444+00:00,2026-09-19T05:52:02.334+00:00,2026-09-19T05:52:02.460+00:00,False,3,2.0,,2.0,299889.80695399997,300016.02852199995,300016.028763,100005.34292099999,0.03691,299889.80695399997,173105.03516549867,269913.4447485,63.110784,89.19999309603561,0.0066663104963185045,10,64,,True,False,Request timeout: 300.0s exceeded,11,56.69694568066818
242,2026-09-19T05:47:02.890+00:00,2026-09-19T05:52:02.602+00:00,2026-09-19T05:52:02.994+00:00,False,8,7.0,,7.0,299711.109312,300103.467712,300103.467769,37512.933471125,0.03753,299711.109312,105944.06622783262,194849.4401851,56.0512,33.08048191963674,0.023325288619182778,10,64,,True,False,Request timeout: 300.0s exceeded,21,56.69694568066818
243,2026-09-19T05:47:03.255+00:00,2026-09-19T05:52:03.353+00:00,2026-09-19T05:52:03.353+00:00,False,1,0.0,,0.0,300098.08270200004,300098.08270200004,300098.08270200004,300098.08270200004,300098.08270200004,300098.08270200004,nan,300098.08270200004,nan,nan,0.0,10,64,,True,False,"HTTPConnectionPool(host='gpu03', port=9002): Read timed out.",0,56.69694568066818
244,2026-09-19T05:47:03.639+00:00,2026-09-19T05:52:03.735+00:00,2026-09-19T05:52:03.735+00:00,False,1,0.0,,0.0,300096.61079299997,300096.61079299997,300096.61079299997,300096.61079299997,300096.61079299997,300096.61079299997,nan,300096.61079299997,nan,nan,0.0,10,64,,True,False,"HTTPConnectionPool(host='gpu03', port=9002): Read timed out.",0,56.69694568066818
245,2026-09-19T05:47:03.958+00:00,2026-09-19T05:52:03.937+00:00,2026-09-19T05:52:05.053+00:00,False,12,11.0,,11.0,299978.902346,301094.73569,301094.735804,25091.227983666668,0.03632,299978.902346,86567.17397303056,135070.90711325,101.43939490909091,36.503404854689556,0.036533352118535006,10,64,,True,False,Request timeout: 300.0s exceeded,39,56.69694568066818
246,2026-09-19T05:47:04.443+00:00,2026-09-19T05:52:04.318+00:00,2026-09-19T05:52:05.149+00:00,False,10,9.0,,9.0,299875.428046,300706.275278,300706.275436,30070.627543600003,0.04117,299875.428046,94799.74940619587,164982.2891581,92.3163591111111,34.90943491711831,0.0299295383565893,10,64,,True,False,Request timeout: 300.0s exceeded,47,56.69694568066818
248,2026-09-19T05:47:05.282+00:00,2026-09-19T05:52:05.300+00:00,2026-09-19T05:52:05.300+00:00,False,1,0.0,,0.0,300018.83617100003,300018.83617100003,300018.83617100003,300018.83617100003,300018.83617100003,300018.83617100003,nan,300018.83617100003,nan,nan,0.0,10,64,,True,False,"HTTPConnectionPool(host='gpu03', port=9002): Read timed out.",0,56.69694568066818
249,2026-09-19T05:47:05.710+00:00,2026-09-19T05:52:05.791+00:00,2026-09-19T05:52:05.791+00:00,False,1,0.0,,0.0,300081.453069,300081.453069,300081.453069,300081.453069,300081.453069,300081.453069,nan,300081.453069,nan,nan,0.0,10,64,,True,False,"HTTPConnectionPool(host='gpu03', port=9002): Read timed out.",0,56.69694568066818
247,2026-09-19T05:47:04.761+00:00,2026-09-19T05:52:05.874+00:00,2026-09-19T05:52:05.874+00:00,False,1,0.0,,0.0,301113.10124,301113.10124,301113.10124,301113.10124,301113.10124,301113.10124,nan,301113.10124,nan,nan,0.0,10,64,,True,False,"HTTPConnectionPool(host='gpu03', port=9002): Read timed out.",0,56.69694568066818
250,2026-09-19T05:47:06.111+00:00,2026-09-19T05:52:06.218+00:00,2026-09-19T05:52:06.218+00:00,False,1,0.0,,0.0,300106.590843,300106.590843,300106.590843,300106.590843,300106.590843,300106.590843,nan,300106.590843,nan,nan,0.0,10,64,,True,False,"HTTPConnectionPool(host='gpu03', port=9002): Read timed out.",0,56.69694568066818
252,2026-09-19T05:47:06.878+00:00,2026-09-19T05:52:06.545+00:00,2026-09-19T05:52:06.895+00:00,False,6,5.0,,5.0,299666.989678,300016.641902,300016.641669,50002.7736115,0.021070000000000002,299666.989678,122309.993751572,224776.52654624998,69.9304448,44.48769703280604,0.016665742167840284,10,64,,True,False,Request timeout: 300.0s exceeded,23,56.69694568066818
251,2026-09-19T05:47:06.504+00:00,2026-09-19T05:52:06.547+00:00,2026-09-19T05:52:06.547+00:00,False,1,0.0,,0.0,300043.096596,300043.096596,300043.096596,300043.096596,300043.096596,300043.096596,nan,300043.096596,nan,nan,0.0,10,64,,True,False,TTFT timeout: 300.0s exceeded (TTFT: 300.024s),0,56.69694568066818
253,2026-09-19T05:47:07.403+00:00,2026-09-19T05:52:07.427+00:00,2026-09-19T05:52:07.427+00:00,False,1,0.0,,0.0,300023.842983,300023.842983,300023.842983,300023.842983,300023.842983,300023.842983,nan,300023.842983,nan,nan,0.0,10,64,,True,False,"HTTPConnectionPool(host='gpu03', port=9002): Read timed out.",0,56.69694568066818
254,2026-09-19T05:47:07.718+00:00,2026-09-19T05:52:07.787+00:00,2026-09-19T05:52:07.787+00:00,False,1,0.0,,0.0,300068.974657,300068.974657,300068.974657,300068.974657,300068.974657,300068.974657,nan,300068.974657,nan,nan,0.0,10,64,,True,False,"HTTPConnectionPool(host='gpu03', port=9002): Read timed out.",0,56.69694568066818
255,2026-09-19T05:47:08.166+00:00,2026-09-19T05:52:08.129+00:00,2026-09-19T05:52:08.271+00:00,False,3,2.0,,2.0,299962.044929,300104.107777,300104.107941,100034.70264700001,0.04319,299962.044929,173142.17187992937,269980.0424183,71.031424,100.39278067858322,0.006664353963079208,10,64,,True,False,Request timeout: 300.0s exceeded,4,56.69694568066818
256,2026-09-19T05:47:08.483+00:00,2026-09-19T05:52:08.271+00:00,2026-09-19T05:52:08.509+00:00,False,4,3.0,,3.0,299787.709423,300025.431791,300025.431838,75006.3579595,0.02316,299787.709423,149854.244811926,254837.96425075,79.24078933333332,68.71489844533238,0.00999915234549124,10,64,,True,False,Request timeout: 300.0s exceeded,10,56.69694568066818
257,2026-09-19T05:47:09.026+00:00,2026-09-19T05:52:09.136+00:00,2026-09-19T05:52:09.136+00:00,False,1,0.0,,0.0,300110.391718,300110.391718,300110.391718,300110.391718,300110.391718,300110.391718,nan,300110.391718,nan,nan,0.0,10,64,,True,False,"HTTPConnectionPool(host='gpu03', port=9002): Read timed out.",0,56.69694568066818
258,2026-09-19T05:47:09.518+00:00,2026-09-19T05:52:09.599+00:00,2026-09-19T05:52:09.599+00:00,False,1,0.0,,0.0,300080.37438700005,300080.37438700005,300080.37438700005,300080.37438700005,300080.37438700005,300080.37438700005,nan,300080.37438700005,nan,nan,0.0,10,64,,True,False,TTFT timeout: 300.0s exceeded (TTFT: 300.074s),0,56.69694568066818
259,2026-09-19T05:47:09.888+00:00,2026-09-19T05:52:09.731+00:00,2026-09-19T05:52:09.994+00:00,False,4,3.0,,3.0,299843.36747899995,300106.15634299995,300106.1563929999,75026.53909824998,0.05815,299843.36747899995,149877.8983691241,254886.57407119992,87.596288,75.81029822142656,0.009996462706920327,10,64,,True,False,Request timeout: 300.0s exceeded,10,56.69694568066818
260,2026-09-19T05:47:10.345+00:00,2026-09-19T05:52:10.206+00:00,2026-09-19T05:52:10.405+00:00,False,4,3.0,,3.0,299861.10817400005,300060.471758,300060.4717340001,75015.11793350002,0.022699999999999998,299861.10817400005,149897.33418859108,254897.00461235005,66.454528,57.536652418138615,0.009997984680966283,10,64,,True,False,Request timeout: 300.0s exceeded,10,56.69694568066818
261,2026-09-19T05:47:10.752+00:00,2026-09-19T05:52:10.814+00:00,2026-09-19T05:52:10.814+00:00,False,1,0.0,,0.0,300062.681435,300062.681435,300062.681435,300062.681435,300062.681435,300062.681435,nan,300062.681435,nan,nan,0.0,10,64,,True,False,"HTTPConnectionPool(host='gpu03', port=9002): Read timed out.",0,56.69694568066818
262,2026-09-19T05:47:11.096+00:00,2026-09-19T05:52:11.145+00:00,2026-09-19T05:52:11.145+00:00,False,1,0.0,,0.0,300048.94064,300048.94064,300048.94064,300048.94064,300048.94064,300048.94064,nan,300048.94064,nan,nan,0.0,10,64,,True,False,"HTTPConnectionPool(host='gpu03', port=9002): Read timed out.",0,56.69694568066818
263,2026-09-19T05:47:11.427+00:00,2026-09-19T05:52:11.359+00:00,2026-09-19T05:52:11.504+00:00,False,3,2.0,,2.0,299932.09254000004,300077.16850800003,300077.168483,100025.72282766669,0.07708,299932.09254000004,173124.00971342446,269953.38317230006,72.537984,102.47522711974035,0.0066649522519294235,10,64,,True,False,Request timeout: 300.0s exceeded,4,56.69694568066818
264,2026-09-19T05:47:11.830+00:00,2026-09-19T05:52:11.632+00:00,2026-09-19T05:52:11.932+00:00,False,5,4.0,,4.0,299801.385326,300101.751406,300101.75131799997,60020.3502636,0.06373,299801.385326,134041.68055436522,239861.9656754,75.09152,50.112737154860845,0.013328812581931594,10,64,,True,False,Request timeout: 300.0s exceeded,9,56.69694568066818
265,2026-09-19T05:47:12.176+00:00,2026-09-19T05:52:12.267+00:00,2026-09-19T05:52:12.267+00:00,False,1,0.0,,0.0,300091.436255,300091.436255,300091.436255,300091.436255,300091.436255,300091.436255,nan,300091.436255,nan,nan,0.0,10,64,,True,False,"HTTPConnectionPool(host='gpu03', port=9002): Read timed out.",0,56.69694568066818
266,2026-09-19T05:47:12.631+00:00,2026-09-19T05:52:12.674+00:00,2026-09-19T05:52:12.674+00:00,False,1,0.0,,0.0,300043.151042,300043.151042,300043.151042,300043.151042,300043.151042,300043.151042,nan,300043.151042,nan,nan,0.0,10,64,,True,False,TTFT timeout: 300.0s exceeded (TTFT: 300.032s),0,56.69694568066818
267,2026-09-19T05:47:12.949+00:00,2026-09-19T05:52:12.943+00:00,2026-09-19T05:52:13.097+00:00,False,3,2.0,,2.0,299994.065818,300148.418458,300148.418359,100049.47278633334,0.045520000000000005,299994.065818,173157.11409324704,270010.08993829996,77.17632,109.07935555443574,0.006663370109610828,10,64,,True,False,Request timeout: 300.0s exceeded,4,56.69694568066818
268,2026-09-19T05:47:13.280+00:00,2026-09-19T05:52:13.094+00:00,2026-09-19T05:52:13.355+00:00,False,4,3.0,,3.0,299813.558025,300074.343177,300074.343074,75018.5857685,0.02094,299813.558025,149863.32748771936,254861.79571994997,86.928384,75.41441620826235,0.009997522508048742,10,64,,True,False,Request timeout: 300.0s exceeded,18,56.69694568066818
269,2026-09-19T05:47:13.591+00:00,2026-09-19T05:52:13.357+00:00,2026-09-19T05:52:13.616+00:00,False,5,4.0,,4.0,299765.58273799997,300025.12885,300025.12873999996,60005.02574799999,0.039119999999999995,299765.58273799997,134030.23305765848,239834.7738536,64.886528,50.443914754062824,0.013332216589097218,10,64,,True,False,Request timeout: 300.0s exceeded,17,56.69694568066818
270,2026-09-19T05:47:13.979+00:00,2026-09-19T05:52:14.049+00:00,2026-09-19T05:52:14.049+00:00,False,1,0.0,,0.0,300070.668505,300070.668505,300070.668505,300070.668505,300070.668505,300070.668505,nan,300070.668505,nan,nan,0.0,10,64,,True,False,"HTTPConnectionPool(host='gpu03', port=9002): Read timed out.",0,56.69694568066818
271,2026-09-19T05:47:14.511+00:00,2026-09-19T05:52:14.630+00:00,2026-09-19T05:52:14.630+00:00,False,1,0.0,,0.0,300119.632365,300119.632365,300119.632365,300119.632365,300119.632365,300119.632365,nan,300119.632365,nan,nan,0.0,10,64,,True,False,"HTTPConnectionPool(host='gpu03', port=9002): Read timed out.",0,56.69694568066818
272,2026-09-19T05:47:14.858+00:00,2026-09-19T05:52:14.782+00:00,2026-09-19T05:52:14.914+00:00,False,3,2.0,,2.0,299924.42599699995,300056.76980499993,300056.76993099996,100018.92331033332,0.027809,299924.42599699995,173123.2563186018,269945.2150097999,66.171904,93.54210390827798,0.006665405354126003,10,64,,True,False,Request timeout: 300.0s exceeded,4,56.69694568066818
273,2026-09-19T05:47:15.337+00:00,2026-09-19T05:52:15.138+00:00,2026-09-19T05:52:15.449+00:00,False,5,4.0,,4.0,299801.079606,300112.07301399997,300112.072912,60022.41458239999,0.01952,299801.079606,134040.35635218833,239863.82944639996,77.748352,52.51503309192577,0.013328354170588143,10,64,,True,False,Request timeout: 300.0s exceeded,11,56.69694568066818
274,2026-09-19T05:47:15.844+00:00,2026-09-19T05:52:15.951+00:00,2026-09-19T05:52:15.951+00:00,False,1,0.0,,0.0,300107.394059,300107.394059,300107.394059,300107.394059,300107.394059,300107.394059,nan,300107.394059,nan,nan,0.0,10,64,,True,False,"HTTPConnectionPool(host='gpu03', port=9002): Read timed out.",0,56.69694568066818
275,2026-09-19T05:47:16.384+00:00,2026-09-19T05:52:16.393+00:00,2026-09-19T05:52:16.393+00:00,False,1,0.0,,0.0,300009.18735,300009.18735,300009.18735,300009.18735,300009.18735,300009.18735,nan,300009.18735,nan,nan,0.0,10,64,,True,False,TTFT timeout: 300.0s exceeded (TTFT: 300.000s),0,56.69694568066818
276,2026-09-19T05:47:17.599+00:00,2026-09-19T05:52:16.662+00:00,2026-09-19T05:52:17.737+00:00,False,13,12.0,,12.0,299062.953279,300137.776703,300137.776708,23087.52128523077,0.02757,299062.953279,82920.3037693525,119696.93443919999,89.56861866666667,33.49396708491264,0.0399816382056916,10,64,,True,False,Request timeout: 300.0s exceeded,48,56.69694568066818
277,2026-09-19T05:47:17.654+00:00,2026-09-19T05:52:17.866+00:00,2026-09-19T05:52:17.961+00:00,False,3,2.0,,2.0,300211.91153,300306.56189799996,300306.561858,100102.187286,0.02314,300211.91153,173300.11119511366,270200.1830958,47.325184,66.89533357412513,0.006659861134434039,10,64,,True,False,Request timeout: 300.0s exceeded,8,56.69694568066818
278,2026-09-19T05:47:17.699+00:00,2026-09-19T05:52:18.000+00:00,2026-09-19T05:52:18.000+00:00,False,1,0.0,,0.0,300300.24888800003,300300.24888800003,300300.24888800003,300300.24888800003,300300.24888800003,300300.24888800003,nan,300300.24888800003,nan,nan,0.0,10,64,,True,False,"HTTPConnectionPool(host='gpu03', port=9002): Read timed out.",0,56.69694568066818
279,2026-09-19T05:47:18.171+00:00,2026-09-19T05:52:18.197+00:00,2026-09-19T05:52:18.197+00:00,False,1,0.0,,0.0,300026.236669,300026.236669,300026.236669,300026.236669,300026.236669,300026.236669,nan,300026.236669,nan,nan,0.0,10,64,,True,False,"HTTPConnectionPool(host='gpu03', port=9002): Read timed out.",0,56.69694568066818
280,2026-09-19T05:47:18.717+00:00,2026-09-19T05:52:18.833+00:00,2026-09-19T05:52:18.833+00:00,False,1,0.0,,0.0,300116.35330699995,300116.35330699995,300116.35330699995,300116.35330699995,300116.35330699995,300116.35330699995,nan,300116.35330699995,nan,nan,0.0,10,64,,True,False,"HTTPConnectionPool(host='gpu03', port=9002): Read timed out.",0,56.69694568066818
281,2026-09-19T05:47:19.126+00:00,2026-09-19T05:52:19.142+00:00,2026-09-19T05:52:20.480+00:00,False,16,15.0,,15.0,300015.34262999997,301354.09104599996,301354.09084099997,18834.630677562498,0.055920000000000004,300015.34262999997,74981.54350897903,75195.79229325,89.2498944,57.14176569680951,0.049775332227729195,10,64,,True,False,Request timeout: 300.0s exceeded,55,56.69694568066818
282,2026-09-19T05:47:19.430+00:00,2026-09-19T05:52:19.398+00:00,2026-09-19T05:52:19.428+00:00,True,2,2.0,,2.0,299968.407231,299998.457791,299998.45764800004,149999.22882400002,30.050417000000003,299968.407231,212088.44604112973,284971.4893903,30.05056,nan,0.006666700938153957,10,64,,True,True,,5,56.69694568066818
283,2026-09-19T05:47:19.899+00:00,2026-09-19T05:52:19.426+00:00,2026-09-19T05:52:20.688+00:00,True,15,15.0,,15.0,299526.963755,300789.16535499995,300789.165344,20052.61102293333,50.389136,299526.963755,77314.25364085755,89933.52506469999,90.15725714285715,21.02052529049555,0.049868817523053305,10,64,,True,True,,55,56.69694568066818
285,2026-09-19T05:47:20.586+00:00,2026-09-19T05:52:20.730+00:00,2026-09-19T05:52:20.730+00:00,False,1,0.0,,0.0,300143.868823,300143.868823,300143.868823,300143.868823,300143.868823,300143.868823,nan,300143.868823,nan,nan,0.0,10,64,,True,False,"HTTPConnectionPool(host='gpu03', port=9002): Read timed out.",0,56.69694568066818
284,2026-09-19T05:47:20.206+00:00,2026-09-19T05:52:21.305+00:00,2026-09-19T05:52:21.305+00:00,False,1,0.0,,0.0,301098.527299,301098.527299,301098.527299,301098.527299,301098.527299,301098.527299,nan,301098.527299,nan,nan,0.0,10,64,,True,False,"HTTPConnectionPool(host='gpu03', port=9002): Read timed out.",0,56.69694568066818
0,2026-09-19T05:45:20.778+00:00,2026-09-19T05:45:20.905+00:00,2026-09-19T05:45:29.424+00:00,True,92,92.0,,92.0,127.90943399999999,8646.087994,8646.088171,93.97921925,28.467854,159.170249,24.42604072849541,112.12512705,93.6063578021978,24.296694880215423,10.640650437960371,11,64,,False,True,,274,56.69694568066818
1,2026-09-19T05:45:21.303+00:00,2026-09-19T05:45:21.548+00:00,2026-09-19T05:45:28.909+00:00,True,77,77.0,,77.0,245.25043100000002,7606.494847,7606.494833,98.78564718181818,44.012898,245.25043100000002,27.851952593618375,113.851543,96.85847915789473,22.277435078223206,10.122928043574339,11,64,,False,True,,282,56.69694568066818
2,2026-09-19T05:45:21.814+00:00,2026-09-19T05:45:23.501+00:00,2026-09-19T05:45:25.704+00:00,True,25,25.0,,25.0,1687.068189,3889.561885,3889.561798,155.58247192,45.319703999999994,1687.068189,319.88654414580753,109.6385686,91.77057066666667,23.48185070962451,6.427459117288219,11,64,,False,True,,108,56.69694568066818
3,2026-09-19T05:45:22.195+00:00,2026-09-19T05:45:26.222+00:00,2026-09-19T05:45:29.423+00:00,True,33,33.0,,33.0,4026.72172,7227.8834480000005,7227.883623,219.02677645454546,49.034555999999995,4026.72172,683.8058588336039,130.73266139999998,100.036304,19.070582227664875,4.565651928038671,11,64,,False,True,,101,56.69694568066818
4,2026-09-19T05:45:22.601+00:00,2026-09-19T05:45:28.028+00:00,2026-09-19T05:45:31.432+00:00,True,35,35.0,,35.0,5427.279487,8831.249791,8831.249747,252.32142134285712,51.62422,5427.279487,900.5435385820056,110.7906647,100.11677364705884,12.828652993698116,3.9631989614503706,11,64,,False,True,,105,56.69694568066818
5,2026-09-19T05:45:23.012+00:00,2026-09-19T05:45:30.195+00:00,2026-09-19T05:45:33.888+00:00,True,38,38.0,,38.0,7182.275899,10875.631675,10875.631733,286.20083507894736,0.0,7182.275899,1149.397064194541,157.35699359999998,99.82042637837837,33.35792013408951,3.4940499214727216,11,64,,False,True,,149,56.69694568066818
6,2026-09-19T05:45:23.665+00:00,2026-09-19T05:45:33.577+00:00,2026-09-19T05:45:41.586+00:00,True,82,82.0,,82.0,9912.259328,17920.560128,17920.560179,218.54341681707317,0.0,9912.259328,1084.55502055921,113.79023425,98.8679111111111,43.127515851117714,4.575749832276671,11,64,,False,True,,319,56.69694568066818
7,2026-09-19T05:45:24.245+00:00,2026-09-19T05:45:37.116+00:00,2026-09-19T05:45:43.642+00:00,True,68,68.0,,68.0,12871.001143,19397.125431,19397.125459,285.2518449852941,0.0,12871.001143,1549.6951489718688,131.71444545000003,97.40484011940299,45.87663125357267,3.505674087734882,11,64,,False,True,,304,56.69694568066818
8,2026-09-19T05:45:24.940+00:00,2026-09-19T05:45:40.661+00:00,2026-09-19T05:45:48.346+00:00,True,80,80.0,,80.0,15720.369174000001,23406.053654000003,23406.053508,292.57566885,0.0,15720.369174000001,1747.3090614950038,117.50875119999999,97.28714531645569,45.90179773798456,3.417919192299566,11,64,,False,True,,345,56.69694568066818
9,2026-09-19T05:45:25.580+00:00,2026-09-19T05:45:44.350+00:00,2026-09-19T05:45:51.153+00:00,True,71,71.0,,71.0,18769.442041000002,25572.415481000004,25572.41559,360.17486746478875,0.0,18769.442041000002,2216.669857279704,119.65799650000001,97.18533485714285,55.32584565496591,2.776429158706269,11,64,,False,True,,333,56.69694568066818
10,2026-09-19T05:45:26.059+00:00,2026-09-19T05:45:47.122+00:00,2026-09-19T05:45:52.819+00:00,True,58,58.0,,58.0,21063.029405999998,26759.304861999997,26759.305074999997,461.3673288793103,0.0,21063.029405999998,2753.5869629809026,157.3790216,99.93465712280701,74.77971753586583,2.167470354671428,11,64,,False,True,,218,56.69694568066818
11,2026-09-19T05:45:26.463+00:00,2026-09-19T05:45:49.304+00:00,2026-09-19T05:45:50.000+00:00,True,8,8.0,,8.0,22841.610293,23536.946741,23536.946783000003,2942.1183478750004,0.0,22841.610293,8041.518307259438,14979.479458750002,99.33377828571429,130.6194918690604,0.3398911544488675,11,64,,False,True,,17,56.69694568066818
12,2026-09-19T05:45:26.995+00:00,2026-09-19T05:45:52.209+00:00,2026-09-19T05:45:55.975+00:00,True,41,41.0,,41.0,25214.696352000003,28980.684960000002,28980.684969,706.8459748536586,0.0,25214.696352000003,3923.7685705727063,117.12182700000001,94.1497152,69.39177795615173,1.4147353679386603,11,64,,False,True,,129,56.69694568066818
13,2026-09-19T05:45:27.386+00:00,2026-09-19T05:45:54.297+00:00,2026-09-19T05:45:54.637+00:00,True,6,6.0,,6.0,26911.26567,27251.84039,27251.840507,4541.973417833334,0.0,26911.26567,10958.758619093898,20209.763401250002,68.114944,49.166326194525624,0.2201686166561318,11,64,,False,True,,23,56.69694568066818
14,2026-09-19T05:45:27.993+00:00,2026-09-19T05:45:57.697+00:00,2026-09-19T05:46:07.487+00:00,True,100,100.0,,100.0,29703.794593,39494.153889,39494.153976,394.94153976,0.0,29703.794593,2961.8734492326703,119.3167555,98.89251814141413,90.97061891011245,2.5320203157422805,11,64,,False,True,,360,56.69694568066818
15,2026-09-19T05:45:28.548+00:00,2026-09-19T05:46:01.024+00:00,2026-09-19T05:46:01.339+00:00,True,4,4.0,,4.0,32476.432674,32791.30397,32791.30393,8197.8259825,98.262121,32476.432674,16185.738486648821,27621.2136111,104.95709866666667,5.798111760194118,0.12198356014324732,11,64,,False,True,,14,56.69694568066818
16,2026-09-19T05:45:29.242+00:00,2026-09-19T05:46:04.579+00:00,2026-09-19T05:46:11.345+00:00,True,69,69.0,,69.0,35336.771011,42103.349187,42103.34914699999,610.1934658985507,0.0,35336.771011,4242.97175031734,113.1910642,99.50850258823529,88.2247619499241,1.6388244957316773,11,64,,False,True,,341,56.69694568066818
17,2026-09-19T05:45:29.696+00:00,2026-09-19T05:46:07.366+00:00,2026-09-19T05:46:14.913+00:00,True,79,79.0,,79.0,37670.574904,45217.425976,45217.425924,572.3724800506329,0.0,37670.574904,4228.135222329197,108.03700249999999,96.75450092307693,80.1578375617301,1.7471140449686529,11,64,,False,True,,406,56.69694568066818
18,2026-09-19T05:45:30.095+00:00,2026-09-19T05:46:08.852+00:00,2026-09-19T05:46:12.629+00:00,True,39,39.0,,39.0,38756.942844,42534.291708,42534.291833999996,1090.6228675384614,0.0,38756.942844,6191.162063558655,172.98533560000004,99.4039174736842,112.86229425055443,0.9169072396394164,11,64,,False,True,,157,56.69694568066818
19,2026-09-19T05:45:30.622+00:00,2026-09-19T05:46:11.245+00:00,2026-09-19T05:46:12.977+00:00,True,19,19.0,,19.0,40622.783228,42354.516476,42354.516413,2229.1850743684213,0.0,40622.783228,9298.87706300186,4733.748722599999,96.20740266666667,168.55727472818577,0.44859442583334097,11,64,,False,True,,59,56.69694568066818
20,2026-09-19T05:45:31.000+00:00,2026-09-19T05:46:13.471+00:00,2026-09-19T05:46:17.970+00:00,True,48,48.0,,48.0,42471.039942,46970.00007,46969.999972000005,978.5416660833334,36.558315,42471.039942,6116.380650890318,112.94505140000001,95.72255591489362,19.500764832339538,1.0219288892583558,11,64,,False,True,,178,56.69694568066818
21,2026-09-19T05:45:31.595+00:00,2026-09-19T05:46:16.755+00:00,2026-09-19T05:46:20.795+00:00,True,41,41.0,,41.0,45159.937539,49199.733763,49199.733728,1199.9935055609756,0.0,45159.937539,7037.727894086823,114.497693,100.9949056,100.76122272645735,0.8333378427920174,11,64,,False,True,,130,56.69694568066818
22,2026-09-19T05:45:32.123+00:00,2026-09-19T05:46:19.723+00:00,2026-09-19T05:46:20.402+00:00,True,2,2.0,,2.0,47599.708735,48279.339839,48279.339862,24139.669931,679.631127,47599.708735,33177.505050415886,45253.7048546,679.631104,nan,0.04142558714906872,11,64,,False,True,,16,56.69694568066818
23,2026-09-19T05:45:32.515+00:00,2026-09-19T05:46:22.840+00:00,2026-09-19T05:46:25.397+00:00,True,35,35.0,,35.0,50324.741447,52881.729351,52881.729501,1510.9065571714286,0.01678,50324.741447,8493.84866916139,113.4517986,75.20552658823529,47.11938673960995,0.6618543007111045,11,64,,False,True,,156,56.69694568066818
24,2026-09-19T05:45:33.032+00:00,2026-09-19T05:46:25.078+00:00,2026-09-19T05:46:33.774+00:00,True,85,85.0,,85.0,52045.626109,60741.617149,60741.617028,714.6072591529412,0.0,52045.626109,5634.530896910919,116.31759120000001,103.52370285714285,84.01020484477772,1.399370052850155,11,64,,False,True,,367,56.69694568066818
25,2026-09-19T05:45:33.429+00:00,2026-09-19T05:46:27.143+00:00,2026-09-19T05:46:34.502+00:00,True,73,73.0,,73.0,53714.004439000004,61073.054167,61073.054175000005,836.6171804794521,0.0,53714.004439000004,6275.419170948538,116.16143360000002,102.209024,89.7655515258117,1.1952898212751337,11,64,,False,True,,272,56.69694568066818
26,2026-09-19T05:45:34.060+00:00,2026-09-19T05:46:30.448+00:00,2026-09-19T05:46:33.662+00:00,True,32,32.0,,32.0,56388.835835,59602.506235,59602.506425,1862.57832578125,51.688959000000004,56388.835835,9949.91616235476,114.8874035,103.66678709677419,14.32904582641226,0.5368901749505434,11,64,,False,True,,150,56.69694568066818
27,2026-09-19T05:45:34.544+00:00,2026-09-19T05:46:33.236+00:00,2026-09-19T05:46:33.666+00:00,True,5,5.0,,5.0,58692.353782,59121.753078,59121.753075,11824.350615,103.402468,58692.353782,26200.0106225702,46976.8226358,107.349824,5.013732288375464,0.08457124052805814,11,64,,False,True,,23,56.69694568066818
28,2026-09-19T05:45:35.152+00:00,2026-09-19T05:46:36.769+00:00,2026-09-19T05:46:43.248+00:00,True,66,66.0,,66.0,61616.770792999996,68095.87684099999,68095.876963,1031.755711560606,0.0,61616.770792999996,7573.372050826508,116.0948475,99.67855458461538,132.50665885189323,0.9692216777545322,11,64,,False,True,,220,56.69694568066818
29,2026-09-19T05:45:35.580+00:00,2026-09-19T05:46:39.356+00:00,2026-09-19T05:46:41.012+00:00,True,21,21.0,,21.0,63775.942211,65432.494915,65432.494945,3115.833092619048,0.0,63775.942211,13899.031382435276,113.10991499999999,82.8276352,39.85975741518009,0.320941453130895,11,64,,False,True,,78,56.69694568066818
30,2026-09-19T05:45:36.218+00:00,2026-09-19T05:46:42.491+00:00,2026-09-19T05:46:51.327+00:00,True,82,82.0,,82.0,66273.517093,75109.173541,75109.173743,915.9655334512196,43.751038,66273.517093,7307.372176446287,113.22296410000001,109.08217837037037,104.11962451865897,1.0917441390196965,11,64,,False,True,,339,56.69694568066818
31,2026-09-19T05:45:37.124+00:00,2026-09-19T05:46:46.837+00:00,2026-09-19T05:46:51.335+00:00,True,40,40.0,,40.0,69712.616939,74210.856683,74210.856616,1855.2714154,0.0,69712.616939,11005.335555899754,161.69156895,115.3394806153846,153.25532943418375,0.5390046926808093,11,64,,False,True,,154,56.69694568066818
32,2026-09-19T05:45:37.514+00:00,2026-09-19T05:46:49.188+00:00,2026-09-19T05:46:52.543+00:00,True,36,36.0,,36.0,71673.862652,75029.189116,75029.18922,2084.1441449999998,0.0,71673.862652,11930.819249141095,339.140357,95.86647040000001,168.30235597407093,0.4798132623336987,11,64,,False,True,,182,56.69694568066818
33,2026-09-19T05:45:37.921+00:00,2026-09-19T05:46:51.346+00:00,2026-09-19T05:46:57.235+00:00,True,59,59.0,,59.0,73424.369427,79313.702675,79313.70257,1344.300043559322,0.0161,73424.369427,9546.453126428763,126.1211989,101.5402284137931,110.96757813633121,0.7438815489646412,11,64,,False,True,,218,56.69694568066818
34,2026-09-19T05:45:38.391+00:00,2026-09-19T05:46:53.329+00:00,2026-09-19T05:47:00.554+00:00,True,73,73.0,,73.0,74937.845139,82162.836115,82162.836319,1125.518305739726,0.0172,74937.845139,8759.624674059802,116.3271932,100.3470968888889,99.5690858606206,0.8884795541602878,11,64,,False,True,,338,56.69694568066818
35,2026-09-19T05:45:38.812+00:00,2026-09-19T05:46:56.024+00:00,2026-09-19T05:47:05.251+00:00,True,94,94.0,,94.0,77211.512258,86438.450626,86438.450643,919.5579855638298,0.0,77211.512258,7954.4164604946045,113.54312614999999,99.21439105376344,119.64762993752345,1.0874790017548688,11,64,,False,True,,382,56.69694568066818
36,2026-09-19T05:45:39.314+00:00,2026-09-19T05:46:58.996+00:00,2026-09-19T05:47:07.275+00:00,True,86,86.0,,86.0,79681.58305599999,87961.24999999999,87961.249852,1022.8052308372091,0.0,79681.58305599999,8582.695362496857,113.619824,97.40784640000001,125.93068082323809,0.9777032500106584,11,64,,False,True,,354,56.69694568066818
37,2026-09-19T05:45:39.825+00:00,2026-09-19T05:47:02.466+00:00,2026-09-19T05:47:07.078+00:00,True,50,50.0,,50.0,82640.432066,87252.227522,87252.227707,1745.04455414,0.0,82640.432066,11674.975735997128,115.5412315,94.1182746122449,166.5721748132118,0.5730512723860588,11,64,,False,True,,203,56.69694568066818
38,2026-09-19T05:45:40.256+00:00,2026-09-19T05:47:04.850+00:00,2026-09-19T05:47:08.945+00:00,True,44,44.0,,44.0,84594.300425,88688.727305,88688.72731999999,2015.6528936363634,44.674745,84594.300425,12738.730771492186,111.35040395,95.21922976744186,19.76590472266961,0.49611716547340085,11,64,,False,True,,226,56.69694568066818
39,2026-09-19T05:45:40.901+00:00,2026-09-19T05:47:08.157+00:00,2026-09-19T05:47:08.526+00:00,True,5,5.0,,5.0,87256.112971,87625.228363,87625.228355,17525.045671,52.913436000000004,87256.112971,38980.85846439599,69827.2000144,92.278848,26.60179143996875,0.05706119223206799,11,64,,False,True,,15,56.69694568066818
40,2026-09-19T05:45:41.492+00:00,2026-09-19T05:47:11.588+00:00,2026-09-19T05:47:20.411+00:00,True,88,88.0,,88.0,90096.264238,98918.95019,98918.950278,1124.0789804318183,0.0,90096.264238,9595.044537750593,112.58808155000001,101.41018335632184,174.0657640148566,0.8896172051055206,11,64,,False,True,,374,56.69694568066818
41,2026-09-19T05:45:41.925+00:00,2026-09-19T05:47:14.264+00:00,2026-09-19T05:47:18.563+00:00,True,45,45.0,,45.0,92339.08173899999,96638.16705099998,96638.166932,2147.5148207111106,0.01659,92339.08173899999,13751.232089334848,156.6719266,97.70648436363636,140.32567520144642,0.46565452732823076,11,64,,False,True,,156,56.69694568066818
42,2026-09-19T05:45:42.409+00:00,2026-09-19T05:47:17.723+00:00,2026-09-19T05:47:24.365+00:00,True,79,79.0,,79.0,95314.60543000001,101956.14296600001,101956.14309700001,1290.5840898354431,0.0,95314.60543000001,10715.18064820685,110.73020290000001,85.14791712820514,149.49994970519197,0.7748429638648124,11,64,,False,True,,304,56.69694568066818
43,2026-09-19T05:45:42.888+00:00,2026-09-19T05:47:20.399+00:00,2026-09-19T05:47:21.294+00:00,True,20,20.0,,20.0,97511.01196799999,98405.83231999999,98405.83235899999,4920.29161795,0.0,97511.01196799999,21793.65037597092,4978.467448099999,47.095808,50.84412804413678,0.20323998617239686,11,64,,False,True,,91,56.69694568066818
44,2026-09-19T05:45:43.477+00:00,2026-09-19T05:47:22.240+00:00,2026-09-19T05:47:31.450+00:00,True,95,95.0,,95.0,98763.885809,107973.726449,107973.726312,1136.5655401263157,46.623580000000004,98763.885809,10122.925913613764,111.0826164,97.97702808510638,18.7956166628758,0.8798436723851708,11,64,,False,True,,375,56.69694568066818
45,2026-09-19T05:45:43.935+00:00,2026-09-19T05:47:25.127+00:00,2026-09-19T05:47:28.227+00:00,True,33,33.0,,33.0,101191.524276,104291.99352399999,104291.993362,3160.363435212121,45.059964,101191.524276,17598.328719025703,113.3477162,96.889664,20.61331430943464,0.31641930396513074,11,64,,False,True,,143,56.69694568066818
46,2026-09-19T05:45:44.606+00:00,2026-09-19T05:47:28.742+00:00,2026-09-19T05:47:37.331+00:00,True,88,88.0,,88.0,104135.774158,112724.922062,112724.922074,1280.9650235681818,42.27402,104135.774158,11090.398421882046,111.22320655,98.72583797701148,16.27693449529071,0.780661440170249,11,64,,True,True,,388,56.69694568066818
47,2026-09-19T05:45:45.246+00:00,2026-09-19T05:47:32.377+00:00,2026-09-19T05:47:33.615+00:00,True,14,14.0,,14.0,107131.075458,108369.508994,108369.509095,7740.679221071429,45.109534,107131.075458,28606.531629831217,37568.7827477,95.26411815384616,21.93685594450597,0.12918762971210956,11,64,,True,True,,76,56.69694568066818
48,2026-09-19T05:45:45.733+00:00,2026-09-19T05:47:35.041+00:00,2026-09-19T05:47:43.973+00:00,True,92,92.0,,92.0,109308.266914,118240.049314,118240.049482,1285.217929152174,45.203474,109308.266914,11385.957658789353,111.36834300000001,98.15145494505495,19.218855773478246,0.77807815992772,11,64,,True,True,,537,56.69694568066818
49,2026-09-19T05:45:46.248+00:00,2026-09-19T05:47:37.654+00:00,2026-09-19T05:47:43.343+00:00,True,60,60.0,,60.0,111405.441208,117094.43628000001,117094.43605,1951.5739341666667,43.443366999999995,111405.441208,14369.94819068206,110.96269649999998,96.42364528813559,21.501423835203607,0.5124069247536753,11,64,,True,True,,201,56.69694568066818
50,2026-09-19T05:45:46.723+00:00,2026-09-19T05:47:39.953+00:00,2026-09-19T05:47:47.586+00:00,True,77,77.0,,77.0,113230.690646,120862.885206,120862.885112,1569.6478585974025,46.43455,113230.690646,12892.399388863967,111.99068519999999,100.42361263157895,15.285832191250353,0.637085569062499,11,64,,True,True,,389,56.69694568066818
51,2026-09-19T05:45:47.342+00:00,2026-09-19T05:47:43.763+00:00,2026-09-19T05:47:48.110+00:00,True,44,44.0,,44.0,116421.196556,120768.566284,120768.566414,2744.7401457727274,44.458745,116421.196556,17535.919145304728,114.49086165,101.10162158139535,13.44348418398975,0.36433321479141656,11,64,,True,True,,158,56.69694568066818
52,2026-09-19T05:45:47.943+00:00,2026-09-19T05:47:46.660+00:00,2026-09-19T05:47:55.691+00:00,True,92,92.0,,92.0,118717.316259,127748.437667,127748.437514,1388.569972978261,47.748938,118717.316259,12366.798769146915,110.75498505,99.2430923956044,15.621130773693446,0.7201653631163386,11,64,,True,True,,457,56.69694568066818
53,2026-09-19T05:45:48.411+00:00,2026-09-19T05:47:49.484+00:00,2026-09-19T05:47:49.590+00:00,True,2,2.0,,2.0,121072.71272499999,121178.11483699999,121178.114756,60589.057378,105.40203100000001,121072.71272499999,85536.80569362736,115024.34719029999,105.402112,nan,0.01650463041688885,11,64,,True,True,,4,56.69694568066818
54,2026-09-19T05:45:49.021+00:00,2026-09-19T05:47:52.886+00:00,2026-09-19T05:48:00.053+00:00,True,74,74.0,,74.0,123865.29801500001,131031.86569500001,131031.865682,1770.7008875945946,41.672572,123865.29801500001,14387.64531826983,109.71907835,98.17216,16.368520086141938,0.5647481214397738,11,64,,True,True,,257,56.69694568066818
55,2026-09-19T05:45:49.447+00:00,2026-09-19T05:47:54.459+00:00,2026-09-19T05:47:59.019+00:00,True,48,48.0,,48.0,125011.920846,129572.01940599999,129572.019453,2699.4170719374997,45.091594,125011.920846,18029.921851983432,112.4540159,97.02337361702128,18.641392630554126,0.37045035046954977,11,64,,True,True,,154,56.69694568066818
56,2026-09-19T05:45:50.001+00:00,2026-09-19T05:47:57.325+00:00,2026-09-19T05:48:07.191+00:00,True,100,100.0,,100.0,127324.29905300001,137190.046509,137190.046669,1371.90046669,46.826569000000006,127324.29905300001,12722.475564149445,111.36497539999999,99.65401470707071,16.861355787358846,0.728915854645765,11,64,,True,True,,328,56.69694568066818
57,2026-09-19T05:45:50.678+00:00,2026-09-19T05:48:01.301+00:00,2026-09-19T05:48:01.712+00:00,True,5,5.0,,5.0,130623.501505,131033.98700899999,131033.98716599999,26206.797433199998,96.74781200000001,130623.501505,58370.71228359605,104520.6524124,102.621376,5.728706012594001,0.038158039102149724,11,64,,True,True,,16,56.69694568066818
58,2026-09-19T05:45:51.095+00:00,2026-09-19T05:48:03.276+00:00,2026-09-19T05:48:07.399+00:00,True,43,43.0,,43.0,132181.075117,136304.055725,136304.055747,3169.8617615581397,49.541713,132181.075117,20142.463504427975,113.1030223,98.16620495238095,18.980690799892706,0.3154711704745937,11,64,,True,True,,208,56.69694568066818
59,2026-09-19T05:45:51.590+00:00,2026-09-19T05:48:05.926+00:00,2026-09-19T05:48:15.017+00:00,True,90,90.0,,90.0,134336.914544,143426.970224,143426.970149,1593.6330016555555,45.658203,134336.914544,14149.594893846408,113.72329395000001,102.13545707865168,13.939999080346974,0.6274970450776494,11,64,,True,True,,346,56.69694568066818
60,2026-09-19T05:45:52.271+00:00,2026-09-19T05:48:09.726+00:00,2026-09-19T05:48:10.474+00:00,True,8,8.0,,8.0,137454.70097600002,138203.14744000003,138203.14739000003,17275.393423750003,99.867935,137454.70097600002,48559.77343818252,89384.17241190001,106.92092342857143,3.491847177090795,0.05788580179386396,11,64,,True,True,,21,56.69694568066818
61,2026-09-19T05:45:52.778+00:00,2026-09-19T05:48:12.470+00:00,2026-09-19T05:48:20.357+00:00,True,79,79.0,,79.0,139691.89989899998,147578.756603,147578.75647199998,1868.0855249620251,47.495588000000005,139691.89989899998,15705.197452797927,112.1645979,101.11354748717949,14.89429567177023,0.5353073966635797,11,64,,True,True,,288,56.69694568066818
62,2026-09-19T05:45:53.363+00:00,2026-09-19T05:48:15.845+00:00,2026-09-19T05:48:21.652+00:00,True,58,58.0,,58.0,142481.891706,148288.63960999998,148288.63967,2556.7006839655173,48.125696000000005,142481.891706,18695.418128281286,113.48645185,101.87277024561403,14.769253270212547,0.39112908549529046,11,64,,True,True,,287,56.69694568066818
63,2026-09-19T05:45:54.033+00:00,2026-09-19T05:48:19.778+00:00,2026-09-19T05:48:23.053+00:00,True,34,34.0,,34.0,145745.018163,149020.463411,149020.463382,4382.954805352942,45.964871,145745.018163,24978.047886180604,111.90987564999999,99.25591660606061,17.17936617042841,0.22815658481901,11,64,,True,True,,121,56.69694568066818
64,2026-09-19T05:45:54.409+00:00,2026-09-19T05:48:21.764+00:00,2026-09-19T05:48:26.255+00:00,True,49,49.0,,49.0,147355.42988100002,151846.51416900003,151846.51413000003,3098.9084516326534,41.425771999999995,147355.42988100002,21037.421619310004,111.63566400000002,93.564256,22.937583790852933,0.32269426972465537,11,64,,True,True,,158,56.69694568066818
65,2026-09-19T05:45:54.874+00:00,2026-09-19T05:48:24.199+00:00,2026-09-19T05:48:32.774+00:00,True,88,88.0,,88.0,149325.109577,157899.865161,157899.865098,1794.316648840909,45.711732000000005,149325.109577,15907.61442033721,111.874725,98.56040901149424,18.669344105904017,0.5573152320951779,11,64,,True,True,,472,56.69694568066818
66,2026-09-19T05:45:55.375+00:00,2026-09-19T05:48:26.783+00:00,2026-09-19T05:48:34.370+00:00,True,76,76.0,,76.0,151408.389624,158995.76216800002,158995.762096,2092.0495012631577,43.932306,151408.389624,17356.135783722122,112.76703900000001,101.16496725333333,15.457346744075458,0.4780001615369846,11,64,,True,True,,339,56.69694568066818
67,2026-09-19T05:45:55.867+00:00,2026-09-19T05:48:29.566+00:00,2026-09-19T05:48:37.339+00:00,True,79,79.0,,79.0,153698.521125,161471.733541,161471.733356,2043.9459918481014,45.495622000000004,153698.521125,17281.23201990445,112.5873156,99.65656943589744,18.34176334238246,0.4892497173812825,11,64,,True,True,,286,56.69694568066818
68,2026-09-19T05:45:56.477+00:00,2026-09-19T05:48:32.447+00:00,2026-09-19T05:48:33.407+00:00,True,10,10.0,,10.0,155970.435234,156930.67613,156930.675977,15693.067597700001,99.448406,155970.435234,49288.44308035897,85834.9590096,106.69343288888889,4.735310354592517,0.06372240435462145,11,64,,True,True,,41,56.69694568066818
69,2026-09-19T05:45:56.984+00:00,2026-09-19T05:48:35.422+00:00,2026-09-19T05:48:44.967+00:00,True,95,95.0,,95.0,158438.08243900002,167983.20192700002,167983.20188200002,1768.2442303368423,47.185659,158438.08243900002,16244.993860696688,112.66330269999999,101.54382434042553,15.96800176291446,0.5655327372631216,11,64,,True,True,,440,56.69694568066818
70,2026-09-19T05:45:57.601+00:00,2026-09-19T05:48:38.910+00:00,2026-09-19T05:48:43.883+00:00,True,49,49.0,,49.0,161309.591778,166282.72509,166282.72489800001,3393.5249979183673,46.7502,161309.591778,23029.42926702746,111.4194318,103.606944,11.601981139498255,0.2946788367431368,11,64,,True,True,,220,56.69694568066818
71,2026-09-19T05:45:58.114+00:00,2026-09-19T05:48:41.754+00:00,2026-09-19T05:48:45.277+00:00,True,36,36.0,,36.0,163640.507094,167163.618006,167163.617804,4643.433827888889,46.570672,163640.507094,27256.644552045374,111.61754524999998,100.66031177142857,13.854916890762938,0.2153578657211634,11,64,,True,True,,153,56.69694568066818
72,2026-09-19T05:45:58.500+00:00,2026-09-19T05:48:43.574+00:00,2026-09-19T05:48:47.042+00:00,True,37,37.0,,37.0,165074.08588199998,168542.531066,168542.531172,4555.203545189189,43.387226999999996,165074.08588199998,27122.180632442436,115.6932858,96.34569955555556,20.069380963077354,0.21952915840281925,11,64,,True,True,,169,56.69694568066818
73,2026-09-19T05:45:58.881+00:00,2026-09-19T05:48:46.138+00:00,2026-09-19T05:48:50.324+00:00,True,44,44.0,,44.0,167257.77065700002,171442.85404900002,171442.85408100003,3896.4285018409096,45.791212,167257.77065700002,25200.39280569244,114.49997790000002,97.32752074418605,20.088637333285202,0.2566452841914565,11,64,,True,True,,204,56.69694568066818
74,2026-09-19T05:45:59.573+00:00,2026-09-19T05:48:49.428+00:00,2026-09-19T05:48:52.101+00:00,True,27,27.0,,27.0,169855.259359,172528.38191899998,172528.3818,6389.940066666666,55.290169999999996,169855.259359,32668.875316111644,112.71549789999999,102.81240615384615,10.6439962449258,0.15649599039696657,11,64,,True,True,,130,56.69694568066818
75,2026-09-19T05:46:00.205+00:00,2026-09-19T05:48:53.056+00:00,2026-09-19T05:48:58.584+00:00,True,56,56.0,,56.0,172851.055296,178378.597824,178378.597702,3185.3321018214288,47.829187,172851.055296,23084.769543650655,112.678483,100.50077323636363,16.33159919328335,0.3139390077236355,11,64,,True,True,,206,56.69694568066818
76,2026-09-19T05:46:00.642+00:00,2026-09-19T05:48:54.981+00:00,2026-09-19T05:49:02.827+00:00,True,81,81.0,,81.0,174338.752827,182184.389435,182184.38923099998,2249.1899905061728,46.130692,174338.752827,19360.08509709284,111.394778,98.0704576,19.073332592619952,0.44460450344401925,11,64,,True,True,,284,56.69694568066818
77,2026-09-19T05:46:01.227+00:00,2026-09-19T05:48:58.260+00:00,2026-09-19T05:49:06.865+00:00,True,87,87.0,,87.0,177033.011625,185637.904041,185637.904172,2133.7690134712643,46.434211000000005,177033.011625,18969.211133069733,110.9585117,100.05688855813953,16.708865853871735,0.46865428937823583,11,64,,True,True,,412,56.69694568066818
78,2026-09-19T05:46:01.684+00:00,2026-09-19T05:49:00.535+00:00,2026-09-19T05:49:03.040+00:00,True,27,27.0,,27.0,178850.920257,181356.66412899998,181356.664103,6716.913485296296,50.971239999999995,178850.920257,34401.33345976172,112.597621,96.3747643076923,19.177664655698415,0.14887790382378643,11,64,,True,True,,138,56.69694568066818
79,2026-09-19T05:46:02.073+00:00,2026-09-19T05:49:03.252+00:00,2026-09-19T05:49:07.722+00:00,True,45,45.0,,45.0,181178.48703299998,185649.26540099998,185649.26537399998,4125.539230533333,45.067254,181178.48703299998,26993.352541535078,113.7923222,101.60859927272726,17.03438061030364,0.24239255621507896,11,64,,True,True,,251,56.69694568066818
80,2026-09-19T05:46:02.718+00:00,2026-09-19T05:49:07.017+00:00,2026-09-19T05:49:07.395+00:00,True,5,5.0,,5.0,184299.76434400002,184677.809528,184677.80931500002,36935.561863,49.743343,184299.76434400002,82379.09771822048,147463.02568260004,94.511296,30.26220195455411,0.027074178607484095,11,64,,True,True,,16,56.69694568066818
81,2026-09-19T05:46:03.401+00:00,2026-09-19T05:49:10.677+00:00,2026-09-19T05:49:18.461+00:00,True,78,78.0,,78.0,187276.180676,195060.305092,195060.30510199998,2500.773142333333,47.370528,187276.180676,21193.411800762493,112.77249764999999,101.09252488311688,16.621179886596977,0.3998763354912799,11,64,,True,True,,383,56.69694568066818
82,2026-09-19T05:46:04.071+00:00,2026-09-19T05:49:13.759+00:00,2026-09-19T05:49:19.192+00:00,True,55,55.0,,55.0,189687.608045,195120.821485,195120.821254,3547.651295527273,49.733783,189687.608045,25563.911033075317,114.59837110000001,100.6150637037037,17.846285770558197,0.2818766320345169,11,64,,True,True,,244,56.69694568066818
83,2026-09-19T05:46:04.627+00:00,2026-09-19T05:49:17.021+00:00,2026-09-19T05:49:23.848+00:00,True,70,70.0,,70.0,192393.24360699998,199220.90056699998,199220.90078499998,2846.0128683571425,47.943456,192393.24360699998,22983.57068477677,111.20342355000001,98.95155014492754,17.753404677658217,0.35136875599283973,11,64,,True,True,,293,56.69694568066818
84,2026-09-19T05:46:05.150+00:00,2026-09-19T05:49:19.764+00:00,2026-09-19T05:49:26.143+00:00,True,63,63.0,,63.0,194613.956121,200992.710425,200992.710254,3190.360480222222,48.320557,194613.956121,24506.09485958903,110.65277409999999,102.88313393548387,12.48140204529132,0.31344420335835177,11,64,,True,True,,269,56.69694568066818
85,2026-09-19T05:46:05.721+00:00,2026-09-19T05:49:23.149+00:00,2026-09-19T05:49:26.361+00:00,True,32,32.0,,32.0,197428.142418,200639.599186,200639.598982,6269.9874681875,48.634724999999996,197428.142418,34882.384512909885,114.11791554999999,103.59537961290322,15.153703984084554,0.15948995178332104,11,64,,True,True,,151,56.69694568066818
86,2026-09-19T05:46:06.394+00:00,2026-09-19T05:49:26.996+00:00,2026-09-19T05:49:37.028+00:00,True,97,97.0,,97.0,200602.300013,210633.439085,210633.438974,2171.478752309278,51.838478,200602.300013,20357.47216489713,114.3334246,104.491032,12.857679767106003,0.46051567320636194,11,64,,True,True,,348,56.69694568066818
87,2026-09-19T05:46:06.807+00:00,2026-09-19T05:49:29.092+00:00,2026-09-19T05:49:32.052+00:00,True,30,30.0,,30.0,202285.161716,205245.065204,205245.065152,6841.502171733334,50.266122,202285.161716,36913.41840967647,115.8862773,102.06563751724137,18.03371158258052,0.14616672985624277,11,64,,True,True,,129,56.69694568066818
88,2026-09-19T05:46:07.405+00:00,2026-09-19T05:49:31.837+00:00,2026-09-19T05:49:37.493+00:00,True,55,55.0,,55.0,204431.888052,210088.04318799998,210088.043245,3819.7826044545454,44.899824,204431.888052,27551.470179541226,115.5402114,104.74361362962962,14.303501359687665,0.2617950034918577,11,64,,True,True,,175,56.69694568066818
89,2026-09-19T05:46:07.887+00:00,2026-09-19T05:49:35.584+00:00,2026-09-19T05:49:35.802+00:00,True,3,3.0,,3.0,207697.738328,207915.64092,207915.640915,69305.21363833334,106.08647,207697.738328,119851.44210935559,186939.14610689998,108.951296,4.051574777988431,0.014428928899843154,11,64,,True,True,,6,56.69694568066818
90,2026-09-19T05:46:08.284+00:00,2026-09-19T05:49:38.164+00:00,2026-09-19T05:49:42.891+00:00,True,49,49.0,,49.0,209880.019602,214607.679634,214607.67958999999,4379.748563061225,46.373512999999996,209880.019602,29968.794031148744,110.348598,98.49291733333332,16.605475345770067,0.22832360931149548,11,64,,True,True,,270,56.69694568066818
91,2026-09-19T05:46:08.829+00:00,2026-09-19T05:49:40.835+00:00,2026-09-19T05:49:41.664+00:00,True,10,10.0,,10.0,212005.912027,212834.643163,212834.642938,21283.4642938,51.573510999999996,212005.912027,67013.04093496276,116652.2109439,92.08123733333333,23.389776870906317,0.04698483222179893,11,64,,True,True,,37,56.69694568066818
92,2026-09-19T05:46:09.323+00:00,2026-09-19T05:49:43.632+00:00,2026-09-19T05:49:49.878+00:00,True,67,67.0,,67.0,214309.039507,220555.878547,220555.878632,3291.878785552239,47.75862,214309.039507,26170.46227633401,110.65101200000001,94.64907636363635,22.1414775400517,0.30377789266551986,11,64,,True,True,,261,56.69694568066818
93,2026-09-19T05:46:09.745+00:00,2026-09-19T05:49:45.784+00:00,2026-09-19T05:49:48.528+00:00,True,30,30.0,,30.0,216038.815544,218782.97836,218782.97854500002,7292.7659515000005,48.690447999999996,216038.815544,39425.84086080784,114.09844634999999,94.626304,22.7289320063738,0.1371221848467389,11,64,,True,True,,158,56.69694568066818
94,2026-09-19T05:46:10.139+00:00,2026-09-19T05:49:47.497+00:00,2026-09-19T05:49:55.755+00:00,True,86,86.0,,86.0,217357.82912799998,225615.97312799998,225615.97303499997,2623.4415469186047,45.169546000000004,217357.82912799998,23427.827656701014,110.17290175,97.15463529411764,17.713863498467596,0.38117868521307724,11,64,,True,True,,400,56.69694568066818
95,2026-09-19T05:46:10.806+00:00,2026-09-19T05:49:50.740+00:00,2026-09-19T05:49:50.945+00:00,True,3,3.0,,3.0,219933.231676,220138.310204,220138.31004399998,73379.43668133333,100.04858,219933.231676,126919.30951083526,197950.4114872,102.539264,3.5222742395719275,0.01362779607611201,11,64,,True,True,,8,56.69694568066818
96,2026-09-19T05:46:11.232+00:00,2026-09-19T05:49:53.289+00:00,2026-09-19T05:50:01.528+00:00,True,83,83.0,,83.0,222057.361646,230296.657134,230296.657327,2774.6585220120483,47.045970999999994,222057.361646,24362.938933754376,113.11413209999999,100.47921326829268,17.18090092065396,0.3604047103111261,11,64,,True,True,,403,56.69694568066818
97,2026-09-19T05:46:11.741+00:00,2026-09-19T05:49:56.385+00:00,2026-09-19T05:49:56.601+00:00,True,3,3.0,,3.0,224644.42549599998,224860.04866399997,224860.04862999998,74953.34954333333,105.498758,224644.42549599998,129636.27451546634,202190.99538399998,107.811584,3.2706573625545063,0.013341631907599507,11,64,,True,True,,16,56.69694568066818
98,2026-09-19T05:46:12.354+00:00,2026-09-19T05:49:59.546+00:00,2026-09-19T05:50:05.957+00:00,True,66,66.0,,66.0,227191.576577,233602.926849,233602.926865,3539.4382858333333,47.542541,227191.576577,27953.21458361417,112.52571349999998,98.63615803076922,18.390617039686624,0.28253070665789276,11,64,,True,True,,317,56.69694568066818
99,2026-09-19T05:46:12.835+00:00,2026-09-19T05:50:02.490+00:00,2026-09-19T05:50:10.316+00:00,True,83,83.0,,83.0,229654.167791,237480.845039,237480.845189,2861.2150022771084,45.001867,229654.167791,25197.35060855318,109.3410899,95.44728351219513,19.59741800576535,0.3495018723988852,11,64,,True,True,,387,56.69694568066818
100,2026-09-19T05:46:13.332+00:00,2026-09-19T05:50:04.938+00:00,2026-09-19T05:50:10.625+00:00,True,62,62.0,,62.0,231605.557911,237292.663703,237292.663807,3827.3010291451615,42.065704,231605.557911,29402.10327672029,111.91291215000001,93.23124249180327,22.39342800668082,0.261280728331325,11,64,,True,True,,214,56.69694568066818
101,2026-09-19T05:46:13.728+00:00,2026-09-19T05:50:07.795+00:00,2026-09-19T05:50:16.545+00:00,True,88,88.0,,88.0,234067.598472,242816.92096800002,242816.920996,2759.283193136364,45.798593999999994,234067.598472,24940.97505862314,113.96192605,100.56692524137931,16.95078705774452,0.3624129638461119,11,64,,True,True,,360,56.69694568066818
102,2026-09-19T05:46:14.238+00:00,2026-09-19T05:50:10.415+00:00,2026-09-19T05:50:12.676+00:00,True,23,23.0,,23.0,236177.11717800001,238437.93535400002,238437.93537400002,10366.866755391306,51.161752,236177.11717800001,49224.90678294035,115.5212704,102.76446254545455,12.240708261093395,0.09646116070352961,11,64,,True,True,,95,56.69694568066818
103,2026-09-19T05:46:14.721+00:00,2026-09-19T05:50:12.888+00:00,2026-09-19T05:50:14.086+00:00,True,12,12.0,,12.0,238167.48905899998,239365.202723,239365.20273299998,19947.100227749997,103.55432300000001,238167.48905899998,68721.60022655215,107238.68491329998,108.88306036363636,3.8630166076766295,0.05013260015862344,11,64,,True,True,,48,56.69694568066818
104,2026-09-19T05:46:15.333+00:00,2026-09-19T05:50:16.448+00:00,2026-09-19T05:50:20.668+00:00,True,45,45.0,,45.0,241114.70599900003,245335.18830300003,245335.188381,5451.893075133334,45.212565000000005,241114.70599900003,35928.96607366623,113.16196620000001,95.92005236363636,22.347188536135864,0.18342252618251798,11,64,,True,True,,153,56.69694568066818
105,2026-09-19T05:46:15.849+00:00,2026-09-19T05:50:19.835+00:00,2026-09-19T05:50:27.673+00:00,True,83,83.0,,83.0,243985.571903,251823.832383,251823.832227,3034.0220750240965,46.676573,243985.571903,26770.409927538996,109.49134529999999,95.5885424390244,18.602988213188354,0.3295954922716168,11,64,,True,True,,362,56.69694568066818
106,2026-09-19T05:46:16.319+00:00,2026-09-19T05:50:21.781+00:00,2026-09-19T05:50:30.407+00:00,True,89,89.0,,89.0,245462.009987,254088.048771,254088.048856,2854.9218972584267,45.407025999999995,245462.009987,26008.536156458893,110.5286534,98.023168,17.12031270051997,0.3502722793554621,11,64,,True,True,,375,56.69694568066818
107,2026-09-19T05:46:16.975+00:00,2026-09-19T05:50:24.741+00:00,2026-09-19T05:50:27.265+00:00,True,29,29.0,,29.0,247766.08217100002,250290.063739,250290.063728,8630.691852689655,45.491945,247766.08217100002,45992.2734987703,112.23787540000001,90.14219885714284,24.057478534018852,0.11586556640235192,11,64,,True,True,,118,56.69694568066818
108,2026-09-19T05:46:17.634+00:00,2026-09-19T05:50:28.724+00:00,2026-09-19T05:50:37.065+00:00,True,83,83.0,,83.0,251089.885125,259430.545093,259430.545241,3125.6692197710845,48.896767,251089.885125,27549.53326129144,110.653022,101.71536546341464,11.906830210007742,0.3199314867501295,11,64,,True,True,,299,56.69694568066818
109,2026-09-19T05:46:18.103+00:00,2026-09-19T05:50:31.346+00:00,2026-09-19T05:50:35.423+00:00,True,42,42.0,,42.0,253242.496211,257319.59624299998,257319.596203,6126.65705245238,50.622643,253242.496211,39060.82379717945,108.87504805,99.44146419512194,13.949116280803855,0.16322114838209703,11,64,,True,True,,146,56.69694568066818
110,2026-09-19T05:46:18.593+00:00,2026-09-19T05:50:33.338+00:00,2026-09-19T05:50:37.169+00:00,True,39,39.0,,39.0,254745.490293,258576.006005,258576.00605300002,6630.154001358975,47.92514,254745.490293,40775.78663830606,111.1285689,100.80304505263157,15.833496805614518,0.1508260592409563,11,64,,True,True,,147,56.69694568066818
111,2026-09-19T05:46:19.108+00:00,2026-09-19T05:50:36.372+00:00,2026-09-19T05:50:42.424+00:00,True,62,62.0,,62.0,257263.97447,263315.376966,263315.376936,4247.022208645161,46.869653,257263.97447,32659.964845372615,114.58135305000002,99.20331960655739,20.371634008107616,0.23545909363282494,11,64,,True,True,,292,56.69694568066818
112,2026-09-19T05:46:19.644+00:00,2026-09-19T05:50:39.170+00:00,2026-09-19T05:50:47.143+00:00,True,82,82.0,,82.0,259526.04591400002,267499.080154,267499.08016,3262.183904390244,44.140989000000005,259526.04591400002,28648.99352948757,114.08349355,98.43252148148147,19.08224829722146,0.3065431101773971,11,64,,True,True,,323,56.69694568066818
113,2026-09-19T05:46:20.271+00:00,2026-09-19T05:50:42.944+00:00,2026-09-19T05:50:44.716+00:00,True,18,18.0,,18.0,262673.266185,264444.376329,264444.376292,14691.354238444444,91.477259,262673.266185,61888.126776305486,39501.276352400004,104.18294964705883,6.7576921083457275,0.06806724442347709,11,64,,True,True,,106,56.69694568066818
114,2026-09-19T05:46:20.964+00:00,2026-09-19T05:50:46.410+00:00,2026-09-19T05:50:53.012+00:00,True,72,72.0,,72.0,265445.54103799997,272047.618478,272047.61832799995,3778.439143444444,46.010515,265445.54103799997,31272.10589660132,111.77774969999999,92.9870061971831,21.81656149715526,0.2646595489525394,11,64,,True,True,,278,56.69694568066818
115,2026-09-19T05:46:21.430+00:00,2026-09-19T05:50:49.272+00:00,2026-09-19T05:50:49.683+00:00,True,6,6.0,,6.0,267842.099444,268253.081588,268253.08146099997,44708.84691016666,46.920062,267842.099444,109312.52548545809,200908.28109174996,82.19642879999999,27.732868613335533,0.02236693783527594,11,64,,True,True,,23,56.69694568066818
116,2026-09-19T05:46:22.784+00:00,2026-09-19T05:50:52.158+00:00,2026-09-19T05:50:52.618+00:00,True,6,6.0,,6.0,269374.085616,269834.199792,269834.19963,44972.366605,47.422071,269374.085616,109933.94410188816,202057.32985799998,92.0228352,25.173873398489697,0.022235876714756922,11,64,,True,True,,18,56.69694568066818
117,2026-09-19T05:46:22.830+00:00,2026-09-19T05:50:54.859+00:00,2026-09-19T05:50:57.339+00:00,True,26,26.0,,26.0,272028.534826,274508.78417,274508.78410499997,10558.030157884616,52.615769,272028.534826,53329.73089885048,112.97004125,99.20997376000001,17.24782989016601,0.09471463756110081,11,64,,True,True,,115,56.69694568066818
118,2026-09-19T05:46:23.376+00:00,2026-09-19T05:50:59.383+00:00,2026-09-19T05:51:04.047+00:00,True,48,48.0,,48.0,276006.775047,280670.79322299996,280670.79312399996,5847.308190083333,42.577752000000004,276006.775047,39823.827307028274,112.4433187,99.23442927659575,18.254955908446505,0.17101886323406226,11,64,,True,True,,203,56.69694568066818
119,2026-09-19T05:46:23.810+00:00,2026-09-19T05:51:01.657+00:00,2026-09-19T05:51:09.115+00:00,True,78,78.0,,78.0,277847.313108,285304.654804,285304.654895,3657.751985833333,47.017882,277847.313108,31449.053774215678,112.7938955,96.84859345454545,20.438334225288536,0.27339196429719953,11,64,,True,True,,277,56.69694568066818
120,2026-09-19T05:46:24.288+00:00,2026-09-19T05:51:04.149+00:00,2026-09-19T05:51:09.641+00:00,True,59,59.0,,59.0,279860.835083,285352.624139,285352.624201,4836.485155949153,45.288456,279860.835083,36422.4569442106,112.65414980000001,94.68601820689656,22.232276314783647,0.2067617221955531,11,64,,True,True,,199,56.69694568066818
121,2026-09-19T05:46:24.853+00:00,2026-09-19T05:51:07.306+00:00,2026-09-19T05:51:08.492+00:00,True,14,14.0,,14.0,282452.67052600003,283638.391614,283638.391735,20259.885123928572,47.769441,282452.67052600003,75464.27827318251,98928.1101107,91.20931446153847,23.867720794380435,0.04935862144872274,11,64,,True,True,,45,56.69694568066818
122,2026-09-19T05:46:25.286+00:00,2026-09-19T05:51:09.853+00:00,2026-09-19T05:51:11.302+00:00,True,15,15.0,,15.0,284566.438371,286015.89014699997,286015.890044,19067.726002933334,96.422759,284566.438371,73448.00664999521,85447.3680985,103.53226971428572,4.329593770460501,0.05244463862581424,11,64,,True,True,,74,56.69694568066818
123,2026-09-19T05:46:25.878+00:00,2026-09-19T05:51:12.767+00:00,2026-09-19T05:51:15.833+00:00,True,32,32.0,,32.0,286889.03456400003,289955.39898000006,289955.398968,9061.10621775,51.267661999999994,286889.03456400003,50697.811982629246,110.13639165000001,98.91498116129031,15.854126641914483,0.1103618008582321,11,64,,True,True,,150,56.69694568066818
124,2026-09-19T05:46:26.477+00:00,2026-09-19T05:51:16.256+00:00,2026-09-19T05:51:16.939+00:00,True,8,8.0,,8.0,289778.22034500004,290461.55269700004,290461.55269700004,36307.694087125004,49.223747,289778.22034500004,102417.56079811532,188394.63496535004,97.61890742857143,21.70168883249159,0.027542371531509843,11,64,,True,True,,35,56.69694568066818
125,2026-09-19T05:46:26.877+00:00,2026-09-19T05:51:18.312+00:00,2026-09-19T05:51:18.845+00:00,True,6,6.0,,6.0,291435.194633,291967.920905,291967.92088,48661.320146666665,99.242522,291435.194633,118934.42313362235,218603.71263700002,106.5452544,4.210413783288859,0.020550202849005005,11,64,,True,True,,19,56.69694568066818
126,2026-09-19T05:46:27.535+00:00,2026-09-19T05:51:21.666+00:00,2026-09-19T05:51:27.091+00:00,True,55,55.0,,55.0,294131.35026,299556.11314,299556.113012,5446.474782036364,48.32298,294131.35026,39647.122039112,112.92930039999999,100.45857185185186,19.468791811645826,0.1836049994890116,11,64,,True,True,,202,56.69694568066818
127,2026-09-19T05:46:27.940+00:00,2026-09-19T05:51:24.276+00:00,2026-09-19T05:51:27.992+00:00,False,39,38.0,,38.0,296336.475131,300052.57548299996,300052.57570399996,7693.655787282051,0.04108,296336.475131,47436.15919653148,111.693657,97.7921145263158,23.773283529785683,0.12664447201904774,11,64,,True,False,Request timeout: 300.0s exceeded,143,56.69694568066818
128,2026-09-19T05:46:28.356+00:00,2026-09-19T05:51:26.616+00:00,2026-09-19T05:51:28.409+00:00,False,20,19.0,,19.0,298259.421629,300052.509373,300052.509395,15002.625469749999,0.056350000000000004,298259.421629,66671.73778767734,15020.131832899999,94.37303915789474,29.233797448519084,0.06332224996119196,11,64,,True,False,Request timeout: 300.0s exceeded,73,56.69694568066818
129,2026-09-19T05:46:28.742+00:00,2026-09-19T05:51:28.301+00:00,2026-09-19T05:51:29.489+00:00,False,13,12.0,,12.0,299559.634846,300747.33507,300747.33513,23134.410394615385,0.0241,299559.634846,83055.44888364906,119896.0841068,98.97501866666667,31.57305226610752,0.03990060293371164,11,64,,True,False,Request timeout: 300.0s exceeded,85,56.69694568066818
130,2026-09-19T05:46:29.240+00:00,2026-09-19T05:51:29.487+00:00,2026-09-19T05:51:29.602+00:00,False,3,2.0,,2.0,300247.377523,300362.954867,300362.954748,100120.984916,0.02632,300247.377523,173314.5495909122,270234.1948612,57.788672,81.68823371071768,0.006658610749403485,11,64,,True,False,Request timeout: 300.0s exceeded,4,56.69694568066818
131,2026-09-19T05:46:29.789+00:00,2026-09-19T05:51:29.811+00:00,2026-09-19T05:51:29.811+00:00,False,1,0.0,,0.0,300021.84751,300021.84751,300021.84751,300021.84751,300021.84751,300021.84751,nan,300021.84751,nan,nan,0.0,11,64,,True,False,"HTTPConnectionPool(host='gpu03', port=9002): Read timed out.",0,56.69694568066818
132,2026-09-19T05:46:30.250+00:00,2026-09-19T05:51:30.320+00:00,2026-09-19T05:51:30.320+00:00,False,1,0.0,,0.0,300070.158122,300070.158122,300070.158122,300070.158122,300070.158122,300070.158122,nan,300070.158122,nan,nan,0.0,11,64,,True,False,TTFT timeout: 300.0s exceeded (TTFT: 300.062s),0,56.69694568066818
133,2026-09-19T05:46:30.882+00:00,2026-09-19T05:51:30.975+00:00,2026-09-19T05:51:30.975+00:00,False,1,0.0,,0.0,300093.646069,300093.646069,300093.646069,300093.646069,300093.646069,300093.646069,nan,300093.646069,nan,nan,0.0,11,64,,True,False,"HTTPConnectionPool(host='gpu03', port=9002): Read timed out.",0,56.69694568066818
134,2026-09-19T05:46:31.342+00:00,2026-09-19T05:51:31.097+00:00,2026-09-19T05:51:31.360+00:00,False,5,4.0,,4.0,299755.400861,300018.021533,300018.021707,60003.6043414,0.03182,299755.400861,134025.33621291182,239826.1717784,65.655168,51.86512929502761,0.013332532424423133,11,64,,True,False,Request timeout: 300.0s exceeded,11,56.69694568066818
135,2026-09-19T05:46:32.034+00:00,2026-09-19T05:51:32.138+00:00,2026-09-19T05:51:32.138+00:00,False,1,0.0,,0.0,300104.19726499997,300104.19726499997,300104.19726499997,300104.19726499997,300104.19726499997,300104.19726499997,nan,300104.19726499997,nan,nan,0.0,11,64,,True,False,"HTTPConnectionPool(host='gpu03', port=9002): Read timed out.",0,56.69694568066818
136,2026-09-19T05:46:32.679+00:00,2026-09-19T05:51:32.667+00:00,2026-09-19T05:51:32.777+00:00,False,3,2.0,,2.0,299987.637496,300098.45068,300098.450862,100032.816954,0.02395,299987.637496,173165.96305491065,269999.952688,55.406592,78.32308425477966,0.0066644795915079,11,64,,True,False,Request timeout: 300.0s exceeded,5,56.69694568066818
137,2026-09-19T05:46:33.141+00:00,2026-09-19T05:51:33.025+00:00,2026-09-19T05:51:33.231+00:00,False,4,3.0,,3.0,299883.788217,300089.99800900003,300089.998044,75022.499511,0.03619,299883.788217,149907.53396768606,254918.40365400002,68.73659733333332,60.59207469981206,0.009997000966056943,11,64,,True,False,Request timeout: 300.0s exceeded,10,56.69694568066818
138,2026-09-19T05:46:33.601+00:00,2026-09-19T05:51:33.704+00:00,2026-09-19T05:51:33.704+00:00,False,1,0.0,,0.0,300103.54995599994,300103.54995599994,300103.54995599994,300103.54995599994,300103.54995599994,300103.54995599994,nan,300103.54995599994,nan,nan,0.0,11,64,,True,False,"HTTPConnectionPool(host='gpu03', port=9002): Read timed out.",0,56.69694568066818
139,2026-09-19T05:46:34.184+00:00,2026-09-19T05:51:34.252+00:00,2026-09-19T05:51:34.252+00:00,False,1,0.0,,0.0,300067.255639,300067.255639,300067.255639,300067.255639,300067.255639,300067.255639,nan,300067.255639,nan,nan,0.0,11,64,,True,False,"HTTPConnectionPool(host='gpu03', port=9002): Read timed out.",0,56.69694568066818
140,2026-09-19T05:46:34.790+00:00,2026-09-19T05:51:34.546+00:00,2026-09-19T05:51:34.853+00:00,False,5,4.0,,4.0,299756.42868300003,300063.21447500004,300063.21446900006,60012.64289380001,0.027350000000000003,299756.42868300003,134020.858055525,239827.21394980006,76.696448,51.78506190254205,0.013330524392996737,11,64,,True,False,Request timeout: 300.0s exceeded,9,56.69694568066818
141,2026-09-19T05:46:35.172+00:00,2026-09-19T05:51:35.281+00:00,2026-09-19T05:51:35.281+00:00,False,1,0.0,,0.0,300109.23992100003,300109.23992100003,300109.23992100003,300109.23992100003,300109.23992100003,300109.23992100003,nan,300109.23992100003,nan,nan,0.0,11,64,,True,False,"HTTPConnectionPool(host='gpu03', port=9002): Read timed out.",0,56.69694568066818
142,2026-09-19T05:46:35.832+00:00,2026-09-19T05:51:35.871+00:00,2026-09-19T05:51:35.871+00:00,False,1,0.0,,0.0,300039.396264,300039.396264,300039.396264,300039.396264,300039.396264,300039.396264,nan,300039.396264,nan,nan,0.0,11,64,,True,False,"HTTPConnectionPool(host='gpu03', port=9002): Read timed out.",0,56.69694568066818
143,2026-09-19T05:46:36.419+00:00,2026-09-19T05:51:36.152+00:00,2026-09-19T05:51:36.451+00:00,False,5,4.0,,4.0,299732.764999,300031.762247,300031.762192,60006.352438400005,0.02213,299732.764999,134011.14561482615,239806.76514799998,74.749312,49.989980831208115,0.013331921827353115,11,64,,True,False,Request timeout: 300.0s exceeded,7,56.69694568066818
144,2026-09-19T05:46:37.802+00:00,2026-09-19T05:51:37.568+00:00,2026-09-19T05:51:37.996+00:00,False,6,5.0,,5.0,299765.385994,300193.23905000003,300193.23901200003,50032.206502,0.02555,299765.385994,122343.77996598992,224852.60964249997,85.5706112,48.36010936418589,0.016655938074498746,11,64,,True,False,Request timeout: 300.0s exceeded,15,56.69694568066818
145,2026-09-19T05:46:37.811+00:00,2026-09-19T05:51:37.679+00:00,2026-09-19T05:51:37.998+00:00,False,5,4.0,,4.0,299867.57455900003,300186.798879,300186.79880600004,60037.35976120001,0.023199,299867.57455900003,134069.17377224754,239916.11020060003,79.80608,53.264834206853635,0.013325036327171498,11,64,,True,False,Request timeout: 300.0s exceeded,22,56.69694568066818
146,2026-09-19T05:46:38.042+00:00,2026-09-19T05:51:38.156+00:00,2026-09-19T05:51:38.156+00:00,False,1,0.0,,0.0,300113.812348,300113.812348,300113.812348,300113.812348,300113.812348,300113.812348,nan,300113.812348,nan,nan,0.0,11,64,,True,False,"HTTPConnectionPool(host='gpu03', port=9002): Read timed out.",0,56.69694568066818
147,2026-09-19T05:46:38.560+00:00,2026-09-19T05:51:38.825+00:00,2026-09-19T05:51:39.361+00:00,True,5,5.0,,5.0,300265.35229400004,300801.66026200005,300801.66025400005,60160.33205080001,102.14756600000001,300265.35229400004,134222.79127630426,240249.85295500004,134.076992,40.24724954275085,0.016622248679229266,11,64,,True,True,,18,56.69694568066818
148,2026-09-19T05:46:39.128+00:00,2026-09-19T05:51:39.361+00:00,2026-09-19T05:51:39.577+00:00,True,5,5.0,,5.0,300233.55377600004,300449.25681600004,300449.25677200005,60089.85135440001,45.298946,300233.55377600004,134244.41096910535,240200.12783040004,53.92576,8.941033440121188,0.016641745275016873,11,64,,True,True,,23,56.69694568066818
149,2026-09-19T05:46:39.788+00:00,2026-09-19T05:51:39.844+00:00,2026-09-19T05:51:39.844+00:00,False,1,0.0,,0.0,300056.729736,300056.729736,300056.729736,300056.729736,300056.729736,300056.729736,nan,300056.729736,nan,nan,0.0,11,64,,True,False,"HTTPConnectionPool(host='gpu03', port=9002): Read timed out.",0,56.69694568066818
150,2026-09-19T05:46:40.339+00:00,2026-09-19T05:51:40.426+00:00,2026-09-19T05:51:40.426+00:00,False,1,0.0,,0.0,300087.267554,300087.267554,300087.267554,300087.267554,300087.267554,300087.267554,nan,300087.267554,nan,nan,0.0,11,64,,True,False,"HTTPConnectionPool(host='gpu03', port=9002): Read timed out.",0,56.69694568066818
151,2026-09-19T05:46:40.942+00:00,2026-09-19T05:51:40.951+00:00,2026-09-19T05:51:41.083+00:00,False,3,2.0,,2.0,300009.206994,300141.275602,300141.27549,100047.09183,0.021079999999999998,300009.206994,173172.28410858347,270021.4910362,66.034304,93.3569211275666,0.006663528686577865,11,64,,True,False,Request timeout: 300.0s exceeded,8,56.69694568066818
152,2026-09-19T05:46:41.523+00:00,2026-09-19T05:51:41.081+00:00,2026-09-19T05:51:41.622+00:00,False,8,7.0,,7.0,299557.650059,300098.649483,300098.649357,37512.331169625,0.05632,299557.650059,105882.30456551962,194748.88026285,77.285632,39.45176336439817,0.023325663117975935,11,64,,True,False,Request timeout: 300.0s exceeded,21,56.69694568066818
153,2026-09-19T05:46:42.021+00:00,2026-09-19T05:51:42.119+00:00,2026-09-19T05:51:42.119+00:00,False,1,0.0,,0.0,300097.70715499995,300097.70715499995,300097.70715499995,300097.70715499995,300097.70715499995,300097.70715499995,nan,300097.70715499995,nan,nan,0.0,11,64,,True,False,"HTTPConnectionPool(host='gpu03', port=9002): Read timed out.",0,56.69694568066818
154,2026-09-19T05:46:42.700+00:00,2026-09-19T05:51:42.684+00:00,2026-09-19T05:51:42.816+00:00,False,3,2.0,,2.0,299983.770481,300115.79428900004,300115.794308,100038.59810266667,0.03857,299983.770481,173157.61121167365,269998.59195860004,66.011904,93.30026207540368,0.006664094453069925,11,64,,True,False,Request timeout: 300.0s exceeded,2,56.69694568066818
155,2026-09-19T05:46:43.384+00:00,2026-09-19T05:51:43.441+00:00,2026-09-19T05:51:43.441+00:00,False,1,0.0,,0.0,300057.051668,300057.051668,300057.051668,300057.051668,300057.051668,300057.051668,nan,300057.051668,nan,nan,0.0,11,64,,True,False,"HTTPConnectionPool(host='gpu03', port=9002): Read timed out.",0,56.69694568066818
156,2026-09-19T05:46:43.960+00:00,2026-09-19T05:51:44.062+00:00,2026-09-19T05:51:44.062+00:00,False,1,0.0,,0.0,300101.476075,300101.476075,300101.476075,300101.476075,300101.476075,300101.476075,nan,300101.476075,nan,nan,0.0,11,64,,True,False,TTFT timeout: 300.0s exceeded (TTFT: 300.094s),0,56.69694568066818
157,2026-09-19T05:46:44.655+00:00,2026-09-19T05:51:44.480+00:00,2026-09-19T05:51:44.739+00:00,False,4,3.0,,3.0,299825.290825,300084.184905,300084.18490999995,75021.04622749999,0.02091,299825.290825,149869.5095875628,254873.70762024997,86.29802666666667,77.00659297714039,0.009997194623734449,11,64,,True,False,Request timeout: 300.0s exceeded,10,56.69694568066818
158,2026-09-19T05:46:45.115+00:00,2026-09-19T05:51:45.219+00:00,2026-09-19T05:51:45.219+00:00,False,1,0.0,,0.0,300103.19964,300103.19964,300103.19964,300103.19964,300103.19964,300103.19964,nan,300103.19964,nan,nan,0.0,11,64,,True,False,"HTTPConnectionPool(host='gpu03', port=9002): Read timed out.",0,56.69694568066818
159,2026-09-19T05:46:45.751+00:00,2026-09-19T05:51:45.841+00:00,2026-09-19T05:51:45.841+00:00,False,1,0.0,,0.0,300089.950413,300089.950413,300089.950413,300089.950413,300089.950413,300089.950413,nan,300089.950413,nan,nan,0.0,11,64,,True,False,"HTTPConnectionPool(host='gpu03', port=9002): Read timed out.",0,56.69694568066818
160,2026-09-19T05:46:46.420+00:00,2026-09-19T05:51:46.170+00:00,2026-09-19T05:51:46.488+00:00,False,5,4.0,,4.0,299749.92837800004,300067.42521,300067.42508,60013.485016000006,0.02013,299749.92837800004,134016.75402459555,239823.2357408,79.374208,53.51733003901755,0.013330337330687024,11,64,,True,False,Request timeout: 300.0s exceeded,25,56.69694568066818
161,2026-09-19T05:46:46.923+00:00,2026-09-19T05:51:47.044+00:00,2026-09-19T05:51:47.044+00:00,False,1,0.0,,0.0,300120.925481,300120.925481,300120.925481,300120.925481,300120.925481,300120.925481,nan,300120.925481,nan,nan,0.0,11,64,,True,False,"HTTPConnectionPool(host='gpu03', port=9002): Read timed out.",0,56.69694568066818
162,2026-09-19T05:46:47.492+00:00,2026-09-19T05:51:47.544+00:00,2026-09-19T05:51:47.544+00:00,False,1,0.0,,0.0,300052.311908,300052.311908,300052.311908,300052.311908,300052.311908,300052.311908,nan,300052.311908,nan,nan,0.0,11,64,,True,False,TTFT timeout: 300.0s exceeded (TTFT: 300.048s),0,56.69694568066818
163,2026-09-19T05:46:48.124+00:00,2026-09-19T05:51:47.930+00:00,2026-09-19T05:51:48.164+00:00,False,4,3.0,,3.0,299806.389984,300040.168928,300040.16889800003,75010.04222450001,0.03698,299806.389984,149864.24278353708,254855.8483131,77.92631466666667,70.14480993837014,0.009998661214991862,11,64,,True,False,Request timeout: 300.0s exceeded,19,56.69694568066818
164,2026-09-19T05:46:48.534+00:00,2026-09-19T05:51:48.605+00:00,2026-09-19T05:51:48.605+00:00,False,1,0.0,,0.0,300070.810038,300070.810038,300070.810038,300070.810038,300070.810038,300070.810038,nan,300070.810038,nan,nan,0.0,11,64,,True,False,"HTTPConnectionPool(host='gpu03', port=9002): Read timed out.",0,56.69694568066818
165,2026-09-19T05:46:49.004+00:00,2026-09-19T05:51:49.087+00:00,2026-09-19T05:51:49.087+00:00,False,1,0.0,,0.0,300082.59222399996,300082.59222399996,300082.59222399996,300082.59222399996,300082.59222399996,300082.59222399996,nan,300082.59222399996,nan,nan,0.0,11,64,,True,False,"HTTPConnectionPool(host='gpu03', port=9002): Read timed out.",0,56.69694568066818
166,2026-09-19T05:46:49.400+00:00,2026-09-19T05:51:49.392+00:00,2026-09-19T05:51:49.524+00:00,False,3,2.0,,2.0,299991.97319199995,300124.40378399997,300124.40370599995,100041.46790199999,0.02664,299991.97319199995,173162.2297304691,270006.01626019995,66.215296,93.60491761786433,0.006663903284050848,11,64,,True,False,Request timeout: 300.0s exceeded,4,56.69694568066818
167,2026-09-19T05:46:49.889+00:00,2026-09-19T05:51:49.655+00:00,2026-09-19T05:51:49.911+00:00,False,5,4.0,,4.0,299765.946093,300021.263597,300021.263546,60004.2527092,0.05552,299765.946093,134030.86859493368,239835.5787782,63.829376,51.40498102045152,0.013332388351556817,11,64,,True,False,Request timeout: 300.0s exceeded,13,56.69694568066818
168,2026-09-19T05:46:50.460+00:00,2026-09-19T05:51:50.754+00:00,2026-09-19T05:51:51.468+00:00,False,8,7.0,,7.0,300293.384922,301007.562202,301007.562438,37625.94530475,0.02586,300293.384922,106133.68229022977,195242.7533907,102.02532571428571,47.96499529380433,0.023255229698523137,11,64,,True,False,Request timeout: 300.0s exceeded,36,56.69694568066818
169,2026-09-19T05:46:51.056+00:00,2026-09-19T05:51:51.257+00:00,2026-09-19T05:51:51.567+00:00,False,5,4.0,,4.0,300201.05300300004,300511.83623500005,300511.836399,60102.367279800004,0.053859000000000004,300201.05300300004,134219.25314167698,240182.02698040006,77.695808,51.7949144385884,0.013310623801426587,11,64,,True,False,Request timeout: 300.0s exceeded,15,56.69694568066818
170,2026-09-19T05:46:51.517+00:00,2026-09-19T05:51:51.681+00:00,2026-09-19T05:51:51.681+00:00,False,1,0.0,,0.0,300164.730042,300164.730042,300164.730042,300164.730042,300164.730042,300164.730042,nan,300164.730042,nan,nan,0.0,11,64,,True,False,"HTTPConnectionPool(host='gpu03', port=9002): Read timed out.",0,56.69694568066818
171,2026-09-19T05:46:52.204+00:00,2026-09-19T05:51:52.248+00:00,2026-09-19T05:51:52.248+00:00,False,1,0.0,,0.0,300043.495223,300043.495223,300043.495223,300043.495223,300043.495223,300043.495223,nan,300043.495223,nan,nan,0.0,11,64,,True,False,"HTTPConnectionPool(host='gpu03', port=9002): Read timed out.",0,56.69694568066818
172,2026-09-19T05:46:52.806+00:00,2026-09-19T05:51:52.769+00:00,2026-09-19T05:51:52.989+00:00,False,3,2.0,,2.0,299962.807064,300183.43938399997,300183.439512,100061.146504,0.023600000000000003,299962.807064,173119.95143670472,269988.5872424,110.31616,155.97730206309933,0.006662592726981066,11,64,,True,False,Request timeout: 300.0s exceeded,4,56.69694568066818
173,2026-09-19T05:46:53.339+00:00,2026-09-19T05:51:52.993+00:00,2026-09-19T05:51:53.369+00:00,False,6,5.0,,5.0,299653.55711500003,300029.75525900006,300029.75519000005,50004.95919833334,0.04504,299653.55711500003,122302.34215235624,224765.85432800002,75.23962879999999,43.444358652466576,0.01666501376066437,11,64,,True,False,Request timeout: 300.0s exceeded,21,56.69694568066818
174,2026-09-19T05:46:53.903+00:00,2026-09-19T05:51:54.008+00:00,2026-09-19T05:51:54.008+00:00,False,1,0.0,,0.0,300105.046203,300105.046203,300105.046203,300105.046203,300105.046203,300105.046203,nan,300105.046203,nan,nan,0.0,11,64,,True,False,"HTTPConnectionPool(host='gpu03', port=9002): Read timed out.",0,56.69694568066818
175,2026-09-19T05:46:54.343+00:00,2026-09-19T05:51:54.370+00:00,2026-09-19T05:51:54.370+00:00,False,1,0.0,,0.0,300027.015756,300027.015756,300027.015756,300027.015756,300027.015756,300027.015756,nan,300027.015756,nan,nan,0.0,11,64,,True,False,"HTTPConnectionPool(host='gpu03', port=9002): Read timed out.",0,56.69694568066818
176,2026-09-19T05:46:54.864+00:00,2026-09-19T05:51:54.779+00:00,2026-09-19T05:51:55.806+00:00,False,12,11.0,,11.0,299914.633755,300941.538843,300941.53892200004,25078.461576833335,0.02311,299914.633755,86550.95549747853,135033.72862265,93.355008,37.79736720421447,0.036551949731800426,11,64,,True,False,Request timeout: 300.0s exceeded,50,56.69694568066818
177,2026-09-19T05:46:55.673+00:00,2026-09-19T05:51:55.806+00:00,2026-09-19T05:51:56.026+00:00,False,4,3.0,,3.0,300132.73339899996,300352.573911,300352.57396899996,75088.14349224999,0.022719999999999997,300132.73339899996,150029.73576842123,255130.80664405,73.28017066666668,64.22304821088322,0.009988261332126807,11,64,,True,False,Request timeout: 300.0s exceeded,15,56.69694568066818
178,2026-09-19T05:46:55.757+00:00,2026-09-19T05:51:55.924+00:00,2026-09-19T05:51:56.024+00:00,False,3,2.0,,2.0,300167.127296,300267.032064,300267.03193,100089.01064333334,0.05116,300167.127296,173272.73894812202,270160.3999138,49.952384,70.57093119127529,0.006660737898037746,11,64,,True,False,Request timeout: 300.0s exceeded,14,56.69694568066818
179,2026-09-19T05:46:56.216+00:00,2026-09-19T05:51:56.234+00:00,2026-09-19T05:51:56.234+00:00,False,1,0.0,,0.0,300018.703829,300018.703829,300018.703829,300018.703829,300018.703829,300018.703829,nan,300018.703829,nan,nan,0.0,11,64,,True,False,"HTTPConnectionPool(host='gpu03', port=9002): Read timed out.",0,56.69694568066818
180,2026-09-19T05:46:56.606+00:00,2026-09-19T05:51:56.611+00:00,2026-09-19T05:51:56.611+00:00,False,1,0.0,,0.0,300005.566288,300005.566288,300005.566288,300005.566288,300005.566288,300005.566288,nan,300005.566288,nan,nan,0.0,11,64,,True,False,"HTTPConnectionPool(host='gpu03', port=9002): Read timed out.",0,56.69694568066818
181,2026-09-19T05:46:57.012+00:00,2026-09-19T05:51:57.105+00:00,2026-09-19T05:51:57.105+00:00,False,1,0.0,,0.0,300092.644899,300092.644899,300092.644899,300092.644899,300092.644899,300092.644899,nan,300092.644899,nan,nan,0.0,11,64,,True,False,TTFT timeout: 300.0s exceeded (TTFT: 300.075s),0,56.69694568066818
182,2026-09-19T05:46:57.536+00:00,2026-09-19T05:51:57.292+00:00,2026-09-19T05:51:57.612+00:00,False,5,4.0,,4.0,299756.030588,300075.92716400005,300075.927142,60015.18542840001,0.03655,299756.030588,134019.2147506858,239827.86643580004,79.974144,53.67279836419428,0.013329959646559338,11,64,,True,False,Request timeout: 300.0s exceeded,14,56.69694568066818
183,2026-09-19T05:46:58.057+00:00,2026-09-19T05:51:57.608+00:00,2026-09-19T05:51:58.117+00:00,False,7,6.0,,6.0,299550.609294,300059.36142200005,300059.36161400005,42865.62308771429,0.01967,299550.609294,113187.44615109918,209716.3049469,84.79202133333332,41.54421782949206,0.01999604335477362,11,64,,True,False,Request timeout: 300.0s exceeded,17,56.69694568066818
184,2026-09-19T05:46:58.739+00:00,2026-09-19T05:51:58.795+00:00,2026-09-19T05:51:58.795+00:00,False,1,0.0,,0.0,300056.119535,300056.119535,300056.119535,300056.119535,300056.119535,300056.119535,nan,300056.119535,nan,nan,0.0,11,64,,True,False,TTFT timeout: 300.0s exceeded (TTFT: 300.051s),0,56.69694568066818
185,2026-09-19T05:46:59.380+00:00,2026-09-19T05:51:59.199+00:00,2026-09-19T05:51:59.424+00:00,False,4,3.0,,3.0,299818.771737,300043.763481,300043.763484,75010.940871,0.04771,299818.771737,149871.8966157755,254862.94509209998,74.997248,64.9130773202077,0.009998541430073659,11,64,,True,False,Request timeout: 300.0s exceeded,13,56.69694568066818
186,2026-09-19T05:46:59.877+00:00,2026-09-19T05:51:59.949+00:00,2026-09-19T05:51:59.949+00:00,False,1,0.0,,0.0,300072.720979,300072.720979,300072.720979,300072.720979,300072.720979,300072.720979,nan,300072.720979,nan,nan,0.0,11,64,,True,False,"HTTPConnectionPool(host='gpu03', port=9002): Read timed out.",0,56.69694568066818
187,2026-09-19T05:47:00.451+00:00,2026-09-19T05:52:00.542+00:00,2026-09-19T05:52:00.542+00:00,False,1,0.0,,0.0,300091.50147799996,300091.50147799996,300091.50147799996,300091.50147799996,300091.50147799996,300091.50147799996,nan,300091.50147799996,nan,nan,0.0,11,64,,True,False,"HTTPConnectionPool(host='gpu03', port=9002): Read timed out.",0,56.69694568066818
188,2026-09-19T05:47:00.896+00:00,2026-09-19T05:52:00.801+00:00,2026-09-19T05:52:00.910+00:00,False,3,2.0,,2.0,299904.987047,300013.898151,300013.89804999996,100004.63268333333,0.046270000000000006,299904.987047,173118.7936545426,269925.3748156,54.455552,76.94625118528721,0.006666357833174049,11,64,,True,False,Request timeout: 300.0s exceeded,6,56.69694568066818
189,2026-09-19T05:47:01.533+00:00,2026-09-19T05:52:01.639+00:00,2026-09-19T05:52:01.639+00:00,False,1,0.0,,0.0,300106.204722,300106.204722,300106.204722,300106.204722,300106.204722,300106.204722,nan,300106.204722,nan,nan,0.0,11,64,,True,False,"HTTPConnectionPool(host='gpu03', port=9002): Read timed out.",0,56.69694568066818
190,2026-09-19T05:47:02.171+00:00,2026-09-19T05:52:02.184+00:00,2026-09-19T05:52:02.184+00:00,False,1,0.0,,0.0,300013.12147,300013.12147,300013.12147,300013.12147,300013.12147,300013.12147,nan,300013.12147,nan,nan,0.0,11,64,,True,False,TTFT timeout: 300.0s exceeded (TTFT: 300.004s),0,56.69694568066818
191,2026-09-19T05:47:02.608+00:00,2026-09-19T05:52:02.334+00:00,2026-09-19T05:52:02.686+00:00,False,5,4.0,,4.0,299726.681376,300078.151712,300078.151723,60015.6303446,0.02905,299726.681376,134002.56228625955,239808.69373959998,87.867584,62.75330350203941,0.013329860828518432,11,64,,True,False,Request timeout: 300.0s exceeded,13,56.69694568066818
192,2026-09-19T05:47:02.995+00:00,2026-09-19T05:52:02.601+00:00,2026-09-19T05:52:03.098+00:00,False,9,8.0,,8.0,299605.98717900005,300103.68497100007,300103.6848570001,33344.85387300001,0.03786,299605.98717900005,99847.93043986025,179806.3490982,62.212224,35.268199015505495,0.02665745340905449,11,64,,True,False,Request timeout: 300.0s exceeded,26,56.69694568066818
193,2026-09-19T05:47:03.573+00:00,2026-09-19T05:52:03.640+00:00,2026-09-19T05:52:03.640+00:00,False,1,0.0,,0.0,300067.186193,300067.186193,300067.186193,300067.186193,300067.186193,300067.186193,nan,300067.186193,nan,nan,0.0,11,64,,True,False,"HTTPConnectionPool(host='gpu03', port=9002): Read timed out.",0,56.69694568066818
194,2026-09-19T05:47:04.025+00:00,2026-09-19T05:52:04.082+00:00,2026-09-19T05:52:05.050+00:00,False,11,10.0,,10.0,300056.503288,301025.24338400003,301025.243318,27365.931210727274,0.03946,300056.503288,90441.23718050685,150090.109882,96.8740096,34.829102179556614,0.03321980538105103,11,64,,True,False,Request timeout: 300.0s exceeded,34,56.69694568066818
195,2026-09-19T05:47:04.644+00:00,2026-09-19T05:52:04.535+00:00,2026-09-19T05:52:05.151+00:00,False,8,7.0,,7.0,299890.416258,300507.23648200004,300507.236462,37563.40455775,0.023620000000000002,299890.416258,105996.1254845086,194966.164315,88.11717485714286,38.952882172432396,0.02329394819887903,11,64,,True,False,Request timeout: 300.0s exceeded,34,56.69694568066818
196,2026-09-19T05:47:05.142+00:00,2026-09-19T05:52:05.259+00:00,2026-09-19T05:52:05.259+00:00,False,1,0.0,,0.0,300117.369736,300117.369736,300117.369736,300117.369736,300117.369736,300117.369736,nan,300117.369736,nan,nan,0.0,11,64,,True,False,"HTTPConnectionPool(host='gpu03', port=9002): Read timed out.",0,56.69694568066818
197,2026-09-19T05:47:05.651+00:00,2026-09-19T05:52:05.770+00:00,2026-09-19T05:52:05.770+00:00,False,1,0.0,,0.0,300118.672165,300118.672165,300118.672165,300118.672165,300118.672165,300118.672165,nan,300118.672165,nan,nan,0.0,11,64,,True,False,"HTTPConnectionPool(host='gpu03', port=9002): Read timed out.",0,56.69694568066818
198,2026-09-19T05:47:06.341+00:00,2026-09-19T05:52:06.345+00:00,2026-09-19T05:52:06.548+00:00,False,3,2.0,,2.0,300003.449221,300206.859397,300206.859361,100068.95312033335,0.024030000000000003,300003.449221,173148.382572014,270023.44290990004,101.705088,143.79868317678418,0.006662072958683322,11,64,,True,False,Request timeout: 300.0s exceeded,8,56.69694568066818
199,2026-09-19T05:47:06.836+00:00,2026-09-19T05:52:06.547+00:00,2026-09-19T05:52:06.892+00:00,False,6,5.0,,5.0,299710.841665,300055.90432100004,300055.904327,50009.31738783333,0.04394,299710.841665,122328.27093087086,224808.68994075002,69.0125312,44.365270836010495,0.016663561449705707,11,64,,True,False,Request timeout: 300.0s exceeded,14,56.69694568066818
200,2026-09-19T05:47:07.475+00:00,2026-09-19T05:52:07.565+00:00,2026-09-19T05:52:07.565+00:00,False,1,0.0,,0.0,300090.380061,300090.380061,300090.380061,300090.380061,300090.380061,300090.380061,nan,300090.380061,nan,nan,0.0,11,64,,True,False,"HTTPConnectionPool(host='gpu03', port=9002): Read timed out.",0,56.69694568066818
201,2026-09-19T05:47:07.939+00:00,2026-09-19T05:52:07.989+00:00,2026-09-19T05:52:07.989+00:00,False,1,0.0,,0.0,300050.559827,300050.559827,300050.559827,300050.559827,300050.559827,300050.559827,nan,300050.559827,nan,nan,0.0,11,64,,True,False,TTFT timeout: 300.0s exceeded (TTFT: 300.045s),0,56.69694568066818
202,2026-09-19T05:47:08.565+00:00,2026-09-19T05:52:08.385+00:00,2026-09-19T05:52:08.605+00:00,False,4,3.0,,3.0,299820.653742,300040.014254,300040.01428299997,75010.00357074999,0.054,299820.653742,149873.77608091413,254866.00218989997,73.12017066666667,64.66462250350142,0.00999866636941411,11,64,,True,False,Request timeout: 300.0s exceeded,16,56.69694568066818
203,2026-09-19T05:47:09.259+00:00,2026-09-19T05:52:09.291+00:00,2026-09-19T05:52:09.291+00:00,False,1,0.0,,0.0,300031.96121499996,300031.96121499996,300031.96121499996,300031.96121499996,300031.96121499996,300031.96121499996,nan,300031.96121499996,nan,nan,0.0,11,64,,True,False,"HTTPConnectionPool(host='gpu03', port=9002): Read timed out.",0,56.69694568066818
204,2026-09-19T05:47:09.718+00:00,2026-09-19T05:52:09.729+00:00,2026-09-19T05:52:09.729+00:00,False,1,0.0,,0.0,300011.360006,300011.360006,300011.360006,300011.360006,300011.360006,300011.360006,nan,300011.360006,nan,nan,0.0,11,64,,True,False,"HTTPConnectionPool(host='gpu03', port=9002): Read timed out.",0,56.69694568066818
205,2026-09-19T05:47:10.096+00:00,2026-09-19T05:52:09.862+00:00,2026-09-19T05:52:10.206+00:00,False,5,4.0,,4.0,299766.057425,300110.031313,300110.03120100003,60022.006240200004,0.036590000000000004,299766.057425,134021.00862968332,239839.65759020002,85.993472,58.93031191611171,0.01332844484571126,11,64,,True,False,Request timeout: 300.0s exceeded,12,56.69694568066818
206,2026-09-19T05:47:10.607+00:00,2026-09-19T05:52:10.721+00:00,2026-09-19T05:52:10.721+00:00,False,1,0.0,,0.0,300114.25118300004,300114.25118300004,300114.25118300004,300114.25118300004,300114.25118300004,300114.25118300004,nan,300114.25118300004,nan,nan,0.0,11,64,,True,False,"HTTPConnectionPool(host='gpu03', port=9002): Read timed out.",0,56.69694568066818
207,2026-09-19T05:47:10.985+00:00,2026-09-19T05:52:11.014+00:00,2026-09-19T05:52:11.014+00:00,False,1,0.0,,0.0,300029.18554000003,300029.18554000003,300029.18554000003,300029.18554000003,300029.18554000003,300029.18554000003,nan,300029.18554000003,nan,nan,0.0,11,64,,True,False,"HTTPConnectionPool(host='gpu03', port=9002): Read timed out.",0,56.69694568066818
208,2026-09-19T05:47:11.479+00:00,2026-09-19T05:52:11.359+00:00,2026-09-19T05:52:11.507+00:00,False,3,2.0,,2.0,299879.755512,300028.52556,300028.525427,100009.50847566666,0.02069,299879.755512,173092.72736836164,269906.6548833,74.385024,105.1669846458188,0.006666032825602238,11,64,,True,False,Request timeout: 300.0s exceeded,4,56.69694568066818
209,2026-09-19T05:47:12.003+00:00,2026-09-19T05:52:11.733+00:00,2026-09-19T05:52:12.028+00:00,False,5,4.0,,4.0,299730.027032,300024.595992,300024.595768,60004.9191536,0.036299,299730.027032,134010.41603343617,239804.2646458,73.64224,49.11782358354376,0.013332240267750107,11,64,,True,False,Request timeout: 300.0s exceeded,17,56.69694568066818
210,2026-09-19T05:47:12.635+00:00,2026-09-19T05:52:12.745+00:00,2026-09-19T05:52:12.745+00:00,False,1,0.0,,0.0,300110.474577,300110.474577,300110.474577,300110.474577,300110.474577,300110.474577,nan,300110.474577,nan,nan,0.0,11,64,,True,False,"HTTPConnectionPool(host='gpu03', port=9002): Read timed out.",0,56.69694568066818
211,2026-09-19T05:47:13.268+00:00,2026-09-19T05:52:13.097+00:00,2026-09-19T05:52:13.355+00:00,False,4,3.0,,3.0,299829.065229,300087.600653,300087.600794,75021.9001985,0.02278,299829.065229,149871.45587622846,254875.2865176,86.17847466666667,75.03543312466562,0.009997080830637143,11,64,,True,False,Request timeout: 300.0s exceeded,9,56.69694568066818
212,2026-09-19T05:47:13.881+00:00,2026-09-19T05:52:13.818+00:00,2026-09-19T05:52:13.922+00:00,False,3,2.0,,2.0,299936.825535,300040.876223,300040.87622000003,100013.62540666667,0.0438,299936.825535,173138.57792024856,269953.54367,52.025344,73.51303845901928,0.0066657584299065166,11,64,,True,False,Request timeout: 300.0s exceeded,4,56.69694568066818
213,2026-09-19T05:47:14.302+00:00,2026-09-19T05:52:14.369+00:00,2026-09-19T05:52:14.369+00:00,False,1,0.0,,0.0,300066.675579,300066.675579,300066.675579,300066.675579,300066.675579,300066.675579,nan,300066.675579,nan,nan,0.0,11,64,,True,False,TTFT timeout: 300.0s exceeded (TTFT: 300.055s),0,56.69694568066818
214,2026-09-19T05:47:14.935+00:00,2026-09-19T05:52:14.782+00:00,2026-09-19T05:52:15.024+00:00,False,4,3.0,,3.0,299847.083289,300088.613401,300088.61327499995,75022.15331874999,0.038238999999999995,299847.083289,149883.29764478223,254889.54338414996,80.51003733333333,70.32221252471118,0.00999704709219068,11,64,,True,False,Request timeout: 300.0s exceeded,11,56.69694568066818
215,2026-09-19T05:47:15.363+00:00,2026-09-19T05:52:15.137+00:00,2026-09-19T05:52:15.449+00:00,False,5,4.0,,4.0,299774.10637,300086.047746,300086.047804,60017.2095608,0.06298,299774.10637,134028.1876670073,239842.73952439998,77.985344,52.90792077710175,0.013329510085672812,11,64,,True,False,Request timeout: 300.0s exceeded,22,56.69694568066818
216,2026-09-19T05:47:15.779+00:00,2026-09-19T05:52:15.802+00:00,2026-09-19T05:52:15.802+00:00,False,1,0.0,,0.0,300023.159262,300023.159262,300023.159262,300023.159262,300023.159262,300023.159262,nan,300023.159262,nan,nan,0.0,11,64,,True,False,"HTTPConnectionPool(host='gpu03', port=9002): Read timed out.",0,56.69694568066818
217,2026-09-19T05:47:16.167+00:00,2026-09-19T05:52:16.257+00:00,2026-09-19T05:52:16.257+00:00,False,1,0.0,,0.0,300090.085295,300090.085295,300090.085295,300090.085295,300090.085295,300090.085295,nan,300090.085295,nan,nan,0.0,11,64,,True,False,TTFT timeout: 300.0s exceeded (TTFT: 300.081s),0,56.69694568066818
219,2026-09-19T05:47:17.635+00:00,2026-09-19T05:52:17.868+00:00,2026-09-19T05:52:17.961+00:00,False,3,2.0,,2.0,300233.087091,300326.212211,300326.212122,100108.737374,0.022670000000000003,300233.087091,173312.77701945783,270219.088618,46.56256,65.81754444767783,0.006659425380408891,11,64,,True,False,Request timeout: 300.0s exceeded,4,56.69694568066818
218,2026-09-19T05:47:17.630+00:00,2026-09-19T05:52:18.000+00:00,2026-09-19T05:52:18.000+00:00,False,1,0.0,,0.0,300370.665122,300370.665122,300370.665122,300370.665122,300370.665122,300370.665122,nan,300370.665122,nan,nan,0.0,11,64,,True,False,"HTTPConnectionPool(host='gpu03', port=9002): Read timed out.",0,56.69694568066818
220,2026-09-19T05:47:17.973+00:00,2026-09-19T05:52:18.001+00:00,2026-09-19T05:52:18.001+00:00,False,1,0.0,,0.0,300028.05210699997,300028.05210699997,300028.05210699997,300028.05210699997,300028.05210699997,300028.05210699997,nan,300028.05210699997,nan,nan,0.0,11,64,,True,False,"HTTPConnectionPool(host='gpu03', port=9002): Read timed out.",0,56.69694568066818
221,2026-09-19T05:47:18.479+00:00,2026-09-19T05:52:18.537+00:00,2026-09-19T05:52:18.537+00:00,False,1,0.0,,0.0,300058.079087,300058.079087,300058.079087,300058.079087,300058.079087,300058.079087,nan,300058.079087,nan,nan,0.0,11,64,,True,False,"HTTPConnectionPool(host='gpu03', port=9002): Read timed out.",0,56.69694568066818
222,2026-09-19T05:47:19.013+00:00,2026-09-19T05:52:19.093+00:00,2026-09-19T05:52:19.093+00:00,False,1,0.0,,0.0,300080.520002,300080.520002,300080.520002,300080.520002,300080.520002,300080.520002,nan,300080.520002,nan,nan,0.0,11,64,,True,False,"HTTPConnectionPool(host='gpu03', port=9002): Read timed out.",0,56.69694568066818
223,2026-09-19T05:47:19.695+00:00,2026-09-19T05:52:19.396+00:00,2026-09-19T05:52:19.927+00:00,True,8,8.0,,8.0,299701.816437,300232.049269,300232.049104,37529.006138,28.840629,299701.816437,105933.81647343098,194842.8023751,75.74754742857144,31.04455159592587,0.026646056007272597,11,64,,True,True,,17,56.69694568066818
225,2026-09-19T05:47:20.742+00:00,2026-09-19T05:52:20.750+00:00,2026-09-19T05:52:20.750+00:00,False,1,0.0,,0.0,300008.512488,300008.512488,300008.512488,300008.512488,300008.512488,300008.512488,nan,300008.512488,nan,nan,0.0,11,64,,True,False,"HTTPConnectionPool(host='gpu03', port=9002): Read timed out.",0,56.69694568066818
224,2026-09-19T05:47:20.103+00:00,2026-09-19T05:52:21.195+00:00,2026-09-19T05:52:21.195+00:00,False,1,0.0,,0.0,301091.326329,301091.326329,301091.326329,301091.326329,301091.326329,301091.326329,nan,301091.326329,nan,nan,0.0,11,64,,True,False,"HTTPConnectionPool(host='gpu03', port=9002): Read timed out.",0,56.69694568066818
0,2026-09-19T05:45:20.778+00:00,2026-09-19T05:45:20.905+00:00,2026-09-19T05:45:21.011+00:00,True,3,3.0,,3.0,126.842237,233.095037,233.095161,77.698387,28.810483,126.842237,49.0163781744971,121.9022574,53.1264,34.38788121816219,12.870286895040156,12,64,,False,True,,7,56.69694568066818
1,2026-09-19T05:45:21.333+00:00,2026-09-19T05:45:21.547+00:00,2026-09-19T05:45:26.118+00:00,True,49,49.0,,49.0,214.884142,4785.777198,4785.777183,97.66892210204082,42.331771,214.884142,29.10422381009389,114.57303480000002,95.22693866666667,23.8046263384678,10.23867137410353,12,64,,False,True,,213,56.69694568066818
2,2026-09-19T05:45:22.016+00:00,2026-09-19T05:45:24.808+00:00,2026-09-19T05:45:25.178+00:00,True,6,6.0,,6.0,2791.773896,3162.4977360000003,3162.497862,527.082977,50.371213000000004,2791.773896,1109.7821597891716,2120.9687112500005,74.144768,29.547634617001744,1.8972345597910019,12,64,,False,True,,18,56.69694568066818
3,2026-09-19T05:45:22.405+00:00,2026-09-19T05:45:27.261+00:00,2026-09-19T05:45:34.710+00:00,True,76,76.0,,76.0,4856.020558,12304.842317999999,12304.842373,161.90582069736843,0.0,4856.020558,546.2350434285104,112.11320400000001,99.31762346666667,25.849049335804416,6.17643022445109,12,64,,False,True,,371,56.69694568066818
4,2026-09-19T05:45:22.831+00:00,2026-09-19T05:45:29.636+00:00,2026-09-19T05:45:37.177+00:00,True,77,77.0,,77.0,6805.585606,14346.325958,14346.325825,186.3159198051948,0.0,6805.585606,765.7662678163802,162.43824700000002,99.22026778947368,48.30533753981986,5.367227834180233,12,64,,False,True,,291,56.69694568066818
5,2026-09-19T05:45:23.520+00:00,2026-09-19T05:45:32.704+00:00,2026-09-19T05:45:36.198+00:00,True,36,36.0,,36.0,9183.965365,12678.248629,12678.248772,352.173577,0.0,9183.965365,1514.7039073559383,245.47702825,99.83666468571428,46.127750440562416,2.8395089143191465,12,64,,False,True,,198,56.69694568066818
6,2026-09-19T05:45:23.901+00:00,2026-09-19T05:45:34.811+00:00,2026-09-19T05:45:38.051+00:00,True,34,34.0,,34.0,10909.591472999999,14150.323120999998,14150.323021999999,416.18597123529406,0.0,10909.591472999999,1854.7832079721243,251.09003255,98.20398933333333,49.69019914073272,2.4027719868489643,12,64,,False,True,,121,56.69694568066818
7,2026-09-19T05:45:24.462+00:00,2026-09-19T05:45:38.052+00:00,2026-09-19T05:45:47.425+00:00,True,97,97.0,,97.0,13589.629558,22963.14047,22963.14035,236.7334056701031,0.0,13589.629558,1370.7921234522273,121.45632499999999,97.64073866666668,49.59784147999865,4.224160895010194,12,64,,False,True,,418,56.69694568066818
8,2026-09-19T05:45:25.094+00:00,2026-09-19T05:45:41.584+00:00,2026-09-19T05:45:49.411+00:00,True,81,81.0,,81.0,16490.023091,24317.262515,24317.262655,300.21311919753083,0.0,16490.023091,1821.9059093747003,114.463184,97.84049279999999,45.13973573835662,3.3309670424471296,12,64,,False,True,,288,56.69694568066818
9,2026-09-19T05:45:25.726+00:00,2026-09-19T05:45:45.128+00:00,2026-09-19T05:45:52.291+00:00,True,74,74.0,,74.0,19401.975617,26564.993601000002,26564.993378,358.986397,0.0,19401.975617,2245.252584392413,200.4866055,98.12353402739726,74.68191648914856,2.7856208479272655,12,64,,False,True,,423,56.69694568066818
10,2026-09-19T05:45:26.413+00:00,2026-09-19T05:45:48.989+00:00,2026-09-19T05:45:52.245+00:00,True,33,33.0,,33.0,22576.5078,25832.602264,25832.602133,782.8061252424242,0.0,22576.5078,3913.4580013040318,416.19815220000004,101.752952,94.49535719129064,1.2774555061372348,12,64,,False,True,,127,56.69694568066818
11,2026-09-19T05:45:27.023+00:00,2026-09-19T05:45:52.395+00:00,2026-09-19T05:46:00.816+00:00,True,90,90.0,,90.0,25371.721407,33793.065663,33793.065646,375.4785071777778,0.0,25371.721407,2665.3753347951247,114.99057455000002,94.62184557303371,70.99652494818135,2.663268284017834,12,64,,False,True,,307,56.69694568066818
12,2026-09-19T05:45:27.470+00:00,2026-09-19T05:45:54.638+00:00,2026-09-19T05:45:56.753+00:00,True,26,26.0,,26.0,27168.170752,29283.172864,29283.172854,1126.275879,40.216176,27168.170752,5311.5914455810325,112.26340825,84.60008448,27.073944577667152,0.887881928667769,12,64,,False,True,,114,56.69694568066818
13,2026-09-19T05:45:27.898+00:00,2026-09-19T05:45:56.494+00:00,2026-09-19T05:45:56.851+00:00,True,5,5.0,,5.0,28596.108065,28952.877601,28952.877723,5790.5755446,62.069485,28596.108065,12748.690705325313,22897.3100324,89.192384,18.857992793945243,0.17269440602433608,12,64,,False,True,,21,56.69694568066818
14,2026-09-19T05:45:28.338+00:00,2026-09-19T05:45:59.659+00:00,2026-09-19T05:46:03.784+00:00,True,45,45.0,,45.0,31320.836245000002,35446.058901000004,35446.059026,787.6902005777778,0.0,31320.836245000002,4655.149081310829,113.26637639999998,93.75506036363636,29.38928269152353,1.2695346505427847,12,64,,False,True,,196,56.69694568066818
15,2026-09-19T05:45:29.032+00:00,2026-09-19T05:46:03.415+00:00,2026-09-19T05:46:08.660+00:00,True,54,54.0,,54.0,34382.579794,39627.320658,39627.320885999994,733.8392756666666,0.0,34382.579794,4666.531571813324,268.20868830000006,98.95737479245282,103.28095006630075,1.362696218249074,12,64,,False,True,,237,56.69694568066818
16,2026-09-19T05:45:29.664+00:00,2026-09-19T05:46:07.380+00:00,2026-09-19T05:46:11.650+00:00,True,48,48.0,,48.0,37716.065448,41986.060968000005,41986.061121,874.7096066875,0.0188,37716.065448,5430.80055178694,109.68972455,90.8509685106383,27.59672945477328,1.143236562167229,12,64,,False,True,,181,56.69694568066818
17,2026-09-19T05:45:30.177+00:00,2026-09-19T05:46:09.257+00:00,2026-09-19T05:46:16.033+00:00,True,71,71.0,,71.0,39079.495132,45856.164059999996,45856.164015999995,645.8614650140845,0.0,39079.495132,4627.1318401625185,107.9620735,96.80955611428571,83.24732259805717,1.548319652448487,12,64,,False,True,,243,56.69694568066818
18,2026-09-19T05:45:30.689+00:00,2026-09-19T05:46:11.838+00:00,2026-09-19T05:46:12.582+00:00,True,3,3.0,,3.0,41149.51336,41893.315471999995,41893.315527,13964.438509,0.0,41149.51336,23545.902645827,37108.9422407,371.901056,525.9475172560759,0.07161046974200677,12,64,,False,True,,13,56.69694568066818
19,2026-09-19T05:45:31.127+00:00,2026-09-19T05:46:14.255+00:00,2026-09-19T05:46:20.401+00:00,True,60,60.0,,60.0,43128.012582,49273.296678000006,49273.296527000006,821.2216087833334,0.0,43128.012582,5554.9198136557625,114.17764634999999,104.15735755932202,79.83433539759021,1.21769810516432,12,64,,False,True,,285,56.69694568066818
20,2026-09-19T05:45:31.645+00:00,2026-09-19T05:46:16.964+00:00,2026-09-19T05:46:22.859+00:00,True,56,56.0,,56.0,45318.755579000004,51213.50937100001,51213.509448000004,914.5269544285715,0.0,45318.755579000004,6043.55718682601,255.02093100000002,107.17734167272727,153.16623342157735,1.0934614848267041,12,64,,False,True,,198,56.69694568066818
21,2026-09-19T05:45:32.033+00:00,2026-09-19T05:46:19.135+00:00,2026-09-19T05:46:29.401+00:00,True,98,98.0,,98.0,47102.297913,57368.277817,57368.277638,585.3905881428572,0.0,47102.297913,4749.271701148517,118.33992805,105.83484437113403,135.45091206637338,1.7082611458655215,12,64,,False,True,,554,56.69694568066818
22,2026-09-19T05:45:32.604+00:00,2026-09-19T05:46:22.749+00:00,2026-09-19T05:46:29.773+00:00,True,70,70.0,,70.0,50144.802717,57168.676765,57168.676997999995,816.6953856857143,0.0,50144.802717,5982.017885136664,117.3179799,101.79527605797101,94.42380967809531,1.2244467418363554,12,64,,False,True,,363,56.69694568066818
23,2026-09-19T05:45:33.067+00:00,2026-09-19T05:46:25.080+00:00,2026-09-19T05:46:28.493+00:00,True,33,33.0,,33.0,52013.916343000004,55426.420151000006,55426.42021800001,1679.5884914545456,51.906378,52013.916343000004,9035.902990426177,115.37407599999999,106.640744,10.691438160023768,0.5953839326100625,12,64,,False,True,,110,56.69694568066818
24,2026-09-19T05:45:33.684+00:00,2026-09-19T05:46:28.386+00:00,2026-09-19T05:46:35.564+00:00,True,71,71.0,,71.0,54701.683118,61880.149934,61880.149958,871.5514078591549,0.0,54701.683118,6480.373147144289,114.8638005,102.54952594285714,92.31140515266699,1.147379249658041,12,64,,False,True,,409,56.69694568066818
25,2026-09-19T05:45:34.229+00:00,2026-09-19T05:46:31.089+00:00,2026-09-19T05:46:36.577+00:00,True,54,54.0,,54.0,56860.120896,62348.152896,62348.152851,1154.5954231666667,47.869997000000005,56860.120896,7723.602712975236,114.00015395,103.54777358490566,13.394982989069954,0.8661042467460879,12,64,,False,True,,263,56.69694568066818
26,2026-09-19T05:45:34.796+00:00,2026-09-19T05:46:34.606+00:00,2026-09-19T05:46:38.361+00:00,True,38,38.0,,38.0,59810.164347000005,63564.88716300001,63564.887288000005,1672.7601917894738,0.016050000000000002,59810.164347000005,9686.60436418854,201.1255039,101.47899502702703,107.14476988516402,0.5978143232215022,12,64,,False,True,,157,56.69694568066818
27,2026-09-19T05:45:35.214+00:00,2026-09-19T05:46:36.971+00:00,2026-09-19T05:46:43.559+00:00,True,68,68.0,,68.0,61756.928434,68344.674994,68344.675039,1005.0687505735294,0.0,61756.928434,7478.519579812793,114.2531617,98.32457552238806,141.32716030162382,0.9949568127431982,12,64,,False,True,,204,56.69694568066818
28,2026-09-19T05:45:35.804+00:00,2026-09-19T05:46:40.121+00:00,2026-09-19T05:46:45.481+00:00,True,55,55.0,,55.0,64316.32073,69676.704986,69676.705084,1266.8491833454545,43.193759,64316.32073,8659.04516579689,112.46390579999999,99.2663751111111,18.4649981493026,0.7893599447771109,12,64,,False,True,,181,56.69694568066818
29,2026-09-19T05:45:36.350+00:00,2026-09-19T05:46:43.031+00:00,2026-09-19T05:46:52.454+00:00,True,98,98.0,,98.0,66680.734445,76103.657197,76103.657228,776.5679308979592,0.0,66680.734445,6726.707198075778,110.88495735000001,97.1435335257732,100.88881382050278,1.2877173530086694,12,64,,False,True,,394,56.69694568066818
30,2026-09-19T05:45:37.104+00:00,2026-09-19T05:46:45.888+00:00,2026-09-19T05:46:47.977+00:00,True,23,23.0,,23.0,68783.94829799999,70873.110538,70873.11050699999,3081.439587260869,45.984352,68783.94829799999,14322.659838571566,113.8739788,94.96192,21.97491684588044,0.3245236426820593,12,64,,False,True,,73,56.69694568066818
31,2026-09-19T05:45:37.601+00:00,2026-09-19T05:46:49.536+00:00,2026-09-19T05:46:55.665+00:00,True,60,60.0,,60.0,71934.727148,78063.65310000001,78063.653279,1301.0608879833335,0.0,71934.727148,9274.702597423739,281.2073232,103.88010088135593,161.36865977694112,0.7686035384885157,12,64,,False,True,,228,56.69694568066818
32,2026-09-19T05:45:38.139+00:00,2026-09-19T05:46:52.237+00:00,2026-09-19T05:46:59.220+00:00,True,69,69.0,,69.0,74098.227284,81081.016916,81081.01686199999,1175.0872008985507,0.01634,74098.227284,8908.608900166215,117.9783712,102.68808282352941,103.53325268101571,0.8510006734558356,12,64,,False,True,,173,56.69694568066818
33,2026-09-19T05:45:38.587+00:00,2026-09-19T05:46:54.721+00:00,2026-09-19T05:47:00.021+00:00,True,53,53.0,,53.0,76133.510071,81433.813175,81433.81300699999,1536.4870378679245,0.01702,76133.510071,10444.349537050584,115.66771059999999,101.92890584615384,113.85624939617271,0.6508352972014687,12,64,,False,True,,173,56.69694568066818
34,2026-09-19T05:45:38.992+00:00,2026-09-19T05:46:57.028+00:00,2026-09-19T05:47:02.575+00:00,True,55,55.0,,55.0,78035.620112,83582.52238400001,83582.522389,1519.6822252545455,47.876847999999995,78035.620112,10508.481794356516,117.31842670000002,102.72041244444445,15.857195910224926,0.6580323066503735,12,64,,False,True,,204,56.69694568066818
35,2026-09-19T05:45:39.685+00:00,2026-09-19T05:47:01.416+00:00,2026-09-19T05:47:05.879+00:00,True,47,47.0,,47.0,81731.26123,86194.773294,86194.77329900001,1833.9313467872341,0.0,81731.26123,11908.793363504186,112.2852157,97.03287095652173,172.15357479290745,0.5452766821450838,12,64,,False,True,,218,56.69694568066818
36,2026-09-19T05:45:40.071+00:00,2026-09-19T05:47:04.852+00:00,2026-09-19T05:47:10.915+00:00,True,73,73.0,,73.0,84780.447801,90843.399993,90843.399997,1244.4301369452055,0.0,84780.447801,9913.016063377188,110.272729,84.20766933333333,37.76993437129629,0.8035806674521766,12,64,,False,True,,329,56.69694568066818
37,2026-09-19T05:45:40.570+00:00,2026-09-19T05:47:06.236+00:00,2026-09-19T05:47:11.797+00:00,True,57,57.0,,57.0,85665.933137,91227.286097,91227.286289,1600.4787068245614,46.68307,85665.933137,11333.586664781591,110.58189620000002,99.30987428571429,15.600793170258433,0.6248130623922444,12,64,,False,True,,260,56.69694568066818
38,2026-09-19T05:45:41.249+00:00,2026-09-19T05:47:10.187+00:00,2026-09-19T05:47:17.896+00:00,True,80,80.0,,80.0,88938.937887,96647.229983,96647.22984199999,1208.090373025,0.016,88938.937887,9933.303985560176,112.26595870000001,97.57331767088607,103.99144297956903,0.8277526424096354,12,64,,False,True,,441,56.69694568066818
39,2026-09-19T05:45:41.735+00:00,2026-09-19T05:47:12.825+00:00,2026-09-19T05:47:14.633+00:00,True,21,21.0,,21.0,91090.370201,92898.140057,92898.14016,4423.72096,47.821158000000004,91090.370201,19857.838141669334,109.695083,90.3884928,24.298618575704634,0.22605404141692095,12,64,,False,True,,62,56.69694568066818
40,2026-09-19T05:45:42.211+00:00,2026-09-19T05:47:16.101+00:00,2026-09-19T05:47:16.506+00:00,True,5,5.0,,5.0,93890.726444,94295.60094,94295.601074,18859.1202148,88.83800199999999,93890.726444,41943.94430958773,75136.1509778,101.218624,12.114983654176784,0.05302474293770591,12,64,,False,True,,18,56.69694568066818
41,2026-09-19T05:45:42.724+00:00,2026-09-19T05:47:18.562+00:00,2026-09-19T05:47:22.828+00:00,True,44,44.0,,44.0,95837.963067,100104.411707,100104.41182600001,2275.1002687727273,0.0,95837.963067,14434.505134486964,112.81434275000001,99.21973581395349,199.4903005841625,0.4395410676682815,12,64,,False,True,,202,56.69694568066818
42,2026-09-19T05:45:43.193+00:00,2026-09-19T05:47:20.880+00:00,2026-09-19T05:47:30.481+00:00,True,98,98.0,,98.0,97686.914939,107287.973755,107287.97380899999,1094.7752429489794,46.211192000000004,97686.914939,9857.88629633455,111.771441,98.97998779381443,17.973078901127767,0.9134294979210832,12,64,,False,True,,392,56.69694568066818
43,2026-09-19T05:45:43.801+00:00,2026-09-19T05:47:24.257+00:00,2026-09-19T05:47:28.072+00:00,True,39,39.0,,39.0,100456.679212,104271.421228,104271.421242,2673.626185692308,49.846993000000005,100456.679212,16069.876770603447,114.56815999999999,100.38794778947369,17.3578102293654,0.3740238652230754,12,64,,False,True,,213,56.69694568066818
44,2026-09-19T05:45:44.197+00:00,2026-09-19T05:47:26.560+00:00,2026-09-19T05:47:35.304+00:00,True,91,91.0,,91.0,102362.95611300001,111107.522385,111107.52245300001,1220.9617851978023,47.320718,102362.95611300001,10720.38332038423,110.484175,97.16184746666667,18.139534903756527,0.8190264533545695,12,64,,True,True,,426,56.69694568066818
45,2026-09-19T05:45:44.876+00:00,2026-09-19T05:47:30.275+00:00,2026-09-19T05:47:33.614+00:00,True,35,35.0,,35.0,105398.262868,108737.976148,108737.97619500001,3106.799319857143,46.141551,105398.262868,17798.962462998184,110.7245112,98.22686117647059,16.88384669991354,0.32187466826090777,12,64,,True,True,,191,56.69694568066818
46,2026-09-19T05:45:45.456+00:00,2026-09-19T05:47:33.614+00:00,2026-09-19T05:47:41.337+00:00,True,81,81.0,,81.0,108157.573278,115880.075422,115880.075571,1430.618216925926,46.926539,108157.573278,12006.798957406501,111.342157,96.5312768,20.038864401998683,0.6989985094937385,12,64,,True,True,,288,56.69694568066818
47,2026-09-19T05:45:45.939+00:00,2026-09-19T05:47:36.022+00:00,2026-09-19T05:47:39.744+00:00,True,40,40.0,,40.0,110082.40887,113804.621478,113804.621425,2845.115535625,45.448203,110082.40887,17390.4797332424,111.19963495,95.44134892307693,21.721676244679063,0.35147957508678634,12,64,,True,True,,126,56.69694568066818
48,2026-09-19T05:45:46.532+00:00,2026-09-19T05:47:38.743+00:00,2026-09-19T05:47:45.632+00:00,True,71,71.0,,71.0,112211.398617,119100.828889,119100.82889599999,1677.4764633239436,47.261029,112211.398617,13305.37510702141,111.4415915,98.42043245714287,18.363725403722285,0.5961335505579968,12,64,,True,True,,301,56.69694568066818
49,2026-09-19T05:45:47.046+00:00,2026-09-19T05:47:42.073+00:00,2026-09-19T05:47:42.073+00:00,True,1,1.0,,1.0,115026.852757,115026.852757,115026.852757,115026.852757,115026.852757,115026.852757,nan,115026.852757,nan,nan,0.008693622193702458,12,64,,True,True,,2,56.69694568066818
50,2026-09-19T05:45:47.513+00:00,2026-09-19T05:47:44.483+00:00,2026-09-19T05:47:46.460+00:00,True,21,21.0,,21.0,116970.528924,118947.41314799999,118947.413228,5664.162534666667,43.426147,116970.528924,25503.498221900336,112.447725,98.8442112,17.580409458369957,0.1765486061800336,12,64,,True,True,,66,56.69694568066818
51,2026-09-19T05:45:47.959+00:00,2026-09-19T05:47:46.661+00:00,2026-09-19T05:47:55.383+00:00,True,89,89.0,,89.0,118701.10958599999,127423.539538,127423.53972999999,1431.725165505618,47.120799,118701.10958599999,12571.795842872089,109.97441839999999,99.1185221818182,15.894778392196157,0.6984580739374187,12,64,,True,True,,368,56.69694568066818
52,2026-09-19T05:45:48.552+00:00,2026-09-19T05:47:50.232+00:00,2026-09-19T05:47:56.347+00:00,True,63,63.0,,63.0,121679.808857,127795.456345,127795.456294,2028.4993062539681,46.62055,121679.808857,15317.795034346309,109.7633713,98.63947561290323,15.278277202273378,0.4929752731577837,12,64,,True,True,,272,56.69694568066818
53,2026-09-19T05:45:49.041+00:00,2026-09-19T05:47:52.885+00:00,2026-09-19T05:47:54.253+00:00,True,15,15.0,,15.0,123843.46938699999,125211.13556299999,125211.13535899999,8347.409023933333,49.623053,123843.46938699999,31951.025723800383,37230.823499399994,97.69044114285715,14.333292432292582,0.11979765164299425,12,64,,True,True,,53,56.69694568066818
54,2026-09-19T05:45:49.467+00:00,2026-09-19T05:47:54.760+00:00,2026-09-19T05:47:56.095+00:00,True,15,15.0,,15.0,125293.84543,126628.040374,126628.040322,8441.8693548,50.056731,125293.84543,32326.13082296615,37665.269394999996,95.29963885714285,19.21115496621865,0.11845717548575352,12,64,,True,True,,70,56.69694568066818
55,2026-09-19T05:45:49.979+00:00,2026-09-19T05:47:57.115+00:00,2026-09-19T05:47:59.324+00:00,True,23,23.0,,23.0,127136.441857,129344.956161,129344.956244,5623.69374973913,46.351591,127136.441857,26488.854183065385,115.22517549999999,100.38701381818181,17.698860110709834,0.17781907144002684,12,64,,True,True,,102,56.69694568066818
56,2026-09-19T05:45:50.443+00:00,2026-09-19T05:48:00.269+00:00,2026-09-19T05:48:03.069+00:00,True,29,29.0,,29.0,129826.573314,132626.21465799998,132626.214646,4573.3177464137925,51.586398,129826.573314,24089.626151082302,109.35029979999999,99.98719085714285,13.905897040462301,0.21865963734832966,12,64,,True,True,,133,56.69694568066818
57,2026-09-19T05:45:51.127+00:00,2026-09-19T05:48:03.699+00:00,2026-09-19T05:48:06.561+00:00,True,31,31.0,,31.0,132571.95969400002,135434.50561400002,135434.50548800002,4368.855015741936,49.730693,132571.95969400002,23793.499832950976,112.121826,95.41819733333332,22.827398596788978,0.2288929239964346,12,64,,True,True,,116,56.69694568066818
58,2026-09-19T05:45:51.705+00:00,2026-09-19T05:48:06.342+00:00,2026-09-19T05:48:11.103+00:00,True,48,48.0,,48.0,134636.71893399997,139397.52994199996,139397.529857,2904.115205354166,44.634553,134636.71893399997,19418.52298621071,113.41265255,101.29385123404255,16.68326391744138,0.3443389565078497,12,64,,True,True,,198,56.69694568066818
59,2026-09-19T05:45:52.296+00:00,2026-09-19T05:48:10.050+00:00,2026-09-19T05:48:14.178+00:00,True,42,42.0,,42.0,137754.337548,141882.086668,141882.08674300002,3378.1449224523813,43.851986,137754.337548,21240.42664417415,112.17522500000001,100.67680780487805,15.695639362108137,0.29602045604445326,12,64,,True,True,,237,56.69694568066818
60,2026-09-19T05:45:52.693+00:00,2026-09-19T05:48:12.273+00:00,2026-09-19T05:48:12.363+00:00,True,2,2.0,,2.0,139579.351978,139669.862314,139669.86214399998,69834.93107199999,90.510166,139579.351978,98633.50594512282,132604.9098874,90.510336,nan,0.014319481431890315,12,64,,True,True,,8,56.69694568066818
61,2026-09-19T05:45:53.188+00:00,2026-09-19T05:48:14.809+00:00,2026-09-19T05:48:16.054+00:00,True,14,14.0,,14.0,141620.885073,142865.72296100002,142865.72296500002,10204.6944975,46.86463,141620.885073,37824.18728798334,49639.0703859,95.75676061538461,21.67655909710505,0.09799411440224727,12,64,,True,True,,42,56.69694568066818
62,2026-09-19T05:45:53.567+00:00,2026-09-19T05:48:16.894+00:00,2026-09-19T05:48:24.778+00:00,True,82,82.0,,82.0,143327.122504,151210.994248,151210.994056,1844.0365128780488,46.855,143327.122504,15817.096053574593,112.37263515000001,97.33174992592592,19.342605884087234,0.542288610744219,12,64,,True,True,,328,56.69694568066818
63,2026-09-19T05:45:53.975+00:00,2026-09-19T05:48:19.456+00:00,2026-09-19T05:48:25.722+00:00,True,67,67.0,,67.0,145480.648979,151746.353171,151746.35298999998,2264.870940149254,46.880469,145480.648979,17761.70425670605,110.95136760000001,94.934912,21.107232982893855,0.44152626142190726,12,64,,True,True,,228,56.69694568066818
64,2026-09-19T05:45:54.673+00:00,2026-09-19T05:48:22.948+00:00,2026-09-19T05:48:32.023+00:00,True,95,95.0,,95.0,148274.424363,157349.623595,157349.623643,1656.3118278210527,47.652707,148274.424363,15202.743126927911,111.47874900000001,96.54467268085105,20.32723120621919,0.6037510470601389,12,64,,True,True,,469,56.69694568066818
65,2026-09-19T05:45:55.351+00:00,2026-09-19T05:48:26.781+00:00,2026-09-19T05:48:31.819+00:00,True,52,52.0,,52.0,151429.59604499998,156467.493517,156467.493364,3008.9902569999995,48.115686000000004,151429.59604499998,20985.81522561133,110.88249255,98.78230337254901,17.5638760572478,0.3323374001280992,12,64,,True,True,,231,56.69694568066818
66,2026-09-19T05:45:55.835+00:00,2026-09-19T05:48:29.359+00:00,2026-09-19T05:48:31.913+00:00,True,27,27.0,,27.0,153523.411019,156078.060875,156078.06075899999,5780.668917,50.428292,153523.411019,29526.689540163323,110.8044428,98.2557636923077,16.88757829310446,0.17299036039167473,12,64,,True,True,,114,56.69694568066818
67,2026-09-19T05:45:56.412+00:00,2026-09-19T05:48:32.234+00:00,2026-09-19T05:48:41.755+00:00,True,94,94.0,,94.0,155822.10928600002,165342.41674200003,165342.41656800002,1758.961878382979,49.615463000000005,155822.10928600002,16061.272408887158,113.99593730000001,102.36889737634408,15.646033075730463,0.5685171527804471,12,64,,True,True,,439,56.69694568066818
68,2026-09-19T05:45:57.002+00:00,2026-09-19T05:48:35.421+00:00,2026-09-19T05:48:42.176+00:00,True,67,67.0,,67.0,158418.802244,165173.72243599998,165173.72248199998,2465.279440029851,48.216856,158418.802244,19341.43994863481,113.35124820000001,102.34727563636363,16.116352582206684,0.40563352942512115,12,64,,True,True,,311,56.69694568066818
69,2026-09-19T05:45:57.649+00:00,2026-09-19T05:48:39.236+00:00,2026-09-19T05:48:41.534+00:00,True,23,23.0,,23.0,161586.653175,163884.41573500002,163884.41579000003,7125.409382173913,52.671786,161586.653175,33671.37033880699,113.0988212,104.44375272727274,12.058314217982366,0.14034281354238615,12,64,,True,True,,88,56.69694568066818
70,2026-09-19T05:45:58.030+00:00,2026-09-19T05:48:41.214+00:00,2026-09-19T05:48:49.846+00:00,True,88,88.0,,88.0,163184.04338999998,171816.27916599996,171816.27912999998,1952.4577173863634,47.600877999999994,163184.04338999998,17384.90808150329,110.16945654999999,99.22110087356322,16.362989371965597,0.5121749838091825,12,64,,True,True,,310,56.69694568066818
71,2026-09-19T05:45:58.709+00:00,2026-09-19T05:48:44.972+00:00,2026-09-19T05:48:51.783+00:00,True,70,70.0,,70.0,166262.798981,173074.035333,173074.035307,2472.4862186714286,45.437633999999996,166262.798981,19860.41421132411,112.3462095,98.71357031884058,17.19832335689889,0.4044511926085143,12,64,,True,True,,382,56.69694568066818
72,2026-09-19T05:45:59.165+00:00,2026-09-19T05:48:47.561+00:00,2026-09-19T05:48:56.717+00:00,True,92,92.0,,92.0,168396.020652,177551.759788,177551.759873,1929.910433402174,46.310981,168396.020652,17546.015391251134,110.78008449999999,100.61251797802198,14.812329632451803,0.5181587617596675,12,64,,True,True,,337,56.69694568066818
73,2026-09-19T05:45:59.662+00:00,2026-09-19T05:48:49.950+00:00,2026-09-19T05:48:51.679+00:00,True,18,18.0,,18.0,170288.22500900002,172017.16529700003,172017.165252,9556.509180666668,54.032453000000004,170288.22500900002,40113.350024691455,25637.32202785,101.70236988235295,12.88991894131954,0.10464071983119652,12,64,,True,True,,81,56.69694568066818
74,2026-09-19T05:46:00.339+00:00,2026-09-19T05:48:53.629+00:00,2026-09-19T05:48:56.025+00:00,True,25,25.0,,25.0,173289.587883,175685.386411,175685.386376,7027.41545504,48.040957,173289.587883,34637.95599732762,112.6804372,99.82493866666667,15.696170783153612,0.14229982647227565,12,64,,True,True,,101,56.69694568066818
75,2026-09-19T05:46:00.923+00:00,2026-09-19T05:48:56.816+00:00,2026-09-19T05:49:05.907+00:00,True,92,92.0,,92.0,175892.529305,184983.725977,184983.725918,2010.6926730217392,45.690003,175892.529305,18327.655739176607,110.5670175,99.90326013186814,16.707318893593403,0.4973410472413062,12,64,,True,True,,347,56.69694568066818
76,2026-09-19T05:46:01.384+00:00,2026-09-19T05:48:59.297+00:00,2026-09-19T05:49:04.786+00:00,True,56,56.0,,56.0,177913.586129,183402.619089,183402.619086,3275.046769392857,47.200939,177913.586129,23761.372043166677,111.42532325,99.80059927272727,16.268926484804172,0.305339150979217,12,64,,True,True,,230,56.69694568066818
77,2026-09-19T05:46:01.936+00:00,2026-09-19T05:49:02.416+00:00,2026-09-19T05:49:07.501+00:00,True,51,51.0,,51.0,180480.57335800002,185565.49188600003,185565.49177400002,3638.539054392157,46.302741000000005,180480.57335800002,25258.09946031554,113.42461800000001,101.69837056,15.791226894354885,0.2748355822069075,12,64,,True,True,,202,56.69694568066818
78,2026-09-19T05:46:02.609+00:00,2026-09-19T05:49:06.324+00:00,2026-09-19T05:49:08.041+00:00,True,18,18.0,,18.0,183714.65968399998,185432.43146,185432.431582,10301.801754555554,49.464263,183714.65968399998,43278.147873385846,27655.316873399996,101.04539858823529,19.056208302914456,0.09707039841023071,12,64,,True,True,,102,56.69694568066818
79,2026-09-19T05:46:03.157+00:00,2026-09-19T05:49:08.960+00:00,2026-09-19T05:49:15.371+00:00,True,65,65.0,,65.0,185802.676407,192214.21995899998,192214.21991299998,2957.1418448153845,45.910241,185802.676407,23033.56656192081,115.58655439999998,100.180368,17.777321329339582,0.3381643668916105,12,64,,True,True,,223,56.69694568066818
80,2026-09-19T05:46:03.571+00:00,2026-09-19T05:49:11.424+00:00,2026-09-19T05:49:16.225+00:00,True,48,48.0,,48.0,187852.46452500002,192653.24839700002,192653.24833000003,4013.609340208334,48.706796000000004,187852.46452500002,27099.428137592084,112.72769550000001,102.14433770212767,14.240917583800835,0.2491523003084097,12,64,,True,True,,160,56.69694568066818
81,2026-09-19T05:46:03.950+00:00,2026-09-19T05:49:13.298+00:00,2026-09-19T05:49:15.584+00:00,True,24,24.0,,24.0,189347.677388,191634.00135600002,191634.00136000002,7984.750056666667,47.073349,189347.677388,38630.14701557827,114.60668164999998,99.40538991304348,20.607033362878514,0.12523873545496245,12,64,,True,True,,102,56.69694568066818
82,2026-09-19T05:46:04.654+00:00,2026-09-19T05:49:17.129+00:00,2026-09-19T05:49:20.073+00:00,True,32,32.0,,32.0,192474.864554,195418.780586,195418.780599,6106.83689371875,45.049764,192474.864554,34008.29023723402,114.02351010000001,94.96503329032258,22.741699633956305,0.16375089387029218,12,64,,True,True,,113,56.69694568066818
83,2026-09-19T05:46:05.336+00:00,2026-09-19T05:49:20.912+00:00,2026-09-19T05:49:23.741+00:00,True,29,29.0,,29.0,195576.59096200002,198405.207666,198405.207437,6841.558877137932,47.397368,195576.59096200002,36298.905039508456,113.92904020000002,101.02202514285715,15.421536961042035,0.14616551823992083,12,64,,True,True,,151,56.69694568066818
84,2026-09-19T05:46:06.022+00:00,2026-09-19T05:49:24.904+00:00,2026-09-19T05:49:26.256+00:00,True,14,14.0,,14.0,198881.86043,200233.552462,200233.55261,14302.396615,57.740024,198881.86043,53125.625964895844,69681.92753875001,103.97631015384616,14.367458657795318,0.06991835198377604,12,64,,True,True,,61,56.69694568066818
85,2026-09-19T05:46:06.698+00:00,2026-09-19T05:49:28.454+00:00,2026-09-19T05:49:38.681+00:00,True,100,100.0,,100.0,201755.723754,211982.55793,211982.557932,2119.82557932,44.710625,201755.723754,20165.247847921015,114.06210639999999,103.30135531313132,15.115664504816005,0.47173692485124924,12,64,,True,True,,499,56.69694568066818
86,2026-09-19T05:46:07.419+00:00,2026-09-19T05:49:32.372+00:00,2026-09-19T05:49:37.338+00:00,True,48,48.0,,48.0,204953.706324,209919.24898,209919.248911,4373.317685645833,44.008875999999994,204953.706324,29567.272712324386,114.0881862,105.64984374468085,12.471187669129257,0.22865935464819231,12,64,,True,True,,179,56.69694568066818
87,2026-09-19T05:46:07.988+00:00,2026-09-19T05:49:36.125+00:00,2026-09-19T05:49:39.383+00:00,True,34,34.0,,34.0,208136.902243,211395.191395,211395.19136499998,6217.505628382352,52.989965,208136.902243,35678.25416436369,110.7035209,98.7360349090909,14.867553130727304,0.16083620339532556,12,64,,True,True,,154,56.69694568066818
88,2026-09-19T05:46:08.454+00:00,2026-09-19T05:49:38.878+00:00,2026-09-19T05:49:44.162+00:00,True,55,55.0,,55.0,210424.655836,215708.653276,215708.653311,3921.9755147454543,48.333959,210424.655836,28360.46616300691,109.59084000000001,97.85180444444445,18.138530483069726,0.25497354493993013,12,64,,True,True,,244,56.69694568066818
89,2026-09-19T05:46:09.104+00:00,2026-09-19T05:49:42.361+00:00,2026-09-19T05:49:48.530+00:00,True,65,65.0,,65.0,213257.286512,219425.78468799999,219425.784799,3375.7813045999997,44.152038,213257.286512,26439.36462653082,111.3971652,96.382784,21.37840168204547,0.296227720422297,12,64,,True,True,,317,56.69694568066818
90,2026-09-19T05:46:09.782+00:00,2026-09-19T05:49:46.100+00:00,2026-09-19T05:49:49.360+00:00,True,36,36.0,,36.0,216317.568143,219577.80699100002,219577.80692600002,6099.383525722223,46.177084,216317.568143,36037.41047121457,112.51517725,93.14968137142857,23.422062641235254,0.1639509952910476,12,64,,True,True,,181,56.69694568066818
91,2026-09-19T05:46:10.489+00:00,2026-09-19T05:49:49.152+00:00,2026-09-19T05:49:49.562+00:00,True,6,6.0,,6.0,218662.818053,219072.70221299998,219072.702149,36512.11702483333,45.940692999999996,218662.818053,89235.25905557003,164024.29996,81.976832,30.949530650751782,0.027388168125877778,12,64,,True,True,,44,56.69694568066818
92,2026-09-19T05:46:11.128+00:00,2026-09-19T05:49:52.634+00:00,2026-09-19T05:49:55.124+00:00,True,27,27.0,,27.0,221506.58117199998,223996.03422799997,223996.03406099998,8296.149409666667,46.303564,221506.58117199998,42610.54005778926,115.7880864,95.74819446153846,21.842235869560213,0.12053784832867788,12,64,,True,True,,88,56.69694568066818
93,2026-09-19T05:46:11.658+00:00,2026-09-19T05:49:55.853+00:00,2026-09-19T05:49:59.239+00:00,True,35,35.0,,35.0,224195.22895699998,227581.437469,227581.43748,6502.326785142856,47.235121,224195.22895699998,37879.08034453921,113.5921271,99.594368,18.81792097219679,0.15379110172272958,12,64,,True,True,,156,56.69694568066818
94,2026-09-19T05:46:12.240+00:00,2026-09-19T05:49:58.651+00:00,2026-09-19T05:50:02.065+00:00,True,35,35.0,,35.0,226410.986741,229825.262069,229825.26206,6566.436058857143,46.046034,226410.986741,38253.472265825614,114.9537754,100.41986258823529,18.976302141786793,0.15228961205096775,12,64,,True,True,,104,56.69694568066818
95,2026-09-19T05:46:12.791+00:00,2026-09-19T05:50:02.224+00:00,2026-09-19T05:50:09.295+00:00,True,75,75.0,,75.0,229432.514339,236504.340515,236504.34045599998,3153.39120608,0.07793000000000001,229432.514339,26481.563907436175,110.2308555,95.5652185945946,27.460455423763072,0.31711891560503186,12,64,,True,True,,324,56.69694568066818
96,2026-09-19T05:46:13.265+00:00,2026-09-19T05:50:04.528+00:00,2026-09-19T05:50:09.855+00:00,True,58,58.0,,58.0,231263.060287,236589.541439,236589.541422,4079.1300245172415,45.686865,231263.060287,30354.065117992865,112.6062497,93.44703775438596,21.977419114090342,0.2451503124239081,12,64,,True,True,,242,56.69694568066818
97,2026-09-19T05:46:13.715+00:00,2026-09-19T05:50:07.557+00:00,2026-09-19T05:50:12.037+00:00,True,47,47.0,,47.0,233841.136264,238321.556616,238321.556658,5070.671418255319,47.274161,233841.136264,34095.03308537819,113.26306860000001,97.4004424347826,18.75680325694478,0.1972125420266939,12,64,,True,True,,251,56.69694568066818
98,2026-09-19T05:46:14.349+00:00,2026-09-19T05:50:11.083+00:00,2026-09-19T05:50:12.780+00:00,True,17,17.0,,17.0,236733.53703,238430.98419800002,238430.98441200002,14025.352024235295,95.92804,236733.53703,57390.58581213662,47436.3805596,106.090448,4.396322855414147,0.07129945823602651,12,64,,True,True,,85,56.69694568066818
99,2026-09-19T05:46:14.983+00:00,2026-09-19T05:50:14.298+00:00,2026-09-19T05:50:19.730+00:00,True,57,57.0,,57.0,239315.388224,244747.437632,244747.437755,4293.8146974561405,48.404979,239315.388224,31685.25689063012,114.5334198,97.00088228571428,21.92035062998484,0.2328931430354939,12,64,,True,True,,232,56.69694568066818
100,2026-09-19T05:46:15.599+00:00,2026-09-19T05:50:18.244+00:00,2026-09-19T05:50:21.328+00:00,True,33,33.0,,33.0,242644.852504,245728.955416,245728.955423,7446.331982515152,45.461536,242644.852504,42222.275173256305,115.3618806,96.378216,21.521586260299273,0.1342943079057719,12,64,,True,True,,145,56.69694568066818
101,2026-09-19T05:46:16.088+00:00,2026-09-19T05:50:20.667+00:00,2026-09-19T05:50:20.816+00:00,True,3,3.0,,3.0,244579.496662,244727.816918,244727.816941,81575.93898033333,51.427023,244579.496662,141165.2236900254,220131.2363214,74.160128,32.14939610938706,0.012258516574783971,12,64,,True,True,,11,56.69694568066818
102,2026-09-19T05:46:16.704+00:00,2026-09-19T05:50:23.676+00:00,2026-09-19T05:50:29.776+00:00,True,64,64.0,,64.0,246972.27948,253071.749816,253071.749746,3954.24608978125,44.744737,246972.27948,30859.43831340396,111.27373309999999,96.81698946031746,18.575523799302076,0.2528927074892091,12,64,,True,True,,225,56.69694568066818
103,2026-09-19T05:46:17.337+00:00,2026-09-19T05:50:26.961+00:00,2026-09-19T05:50:34.335+00:00,True,73,73.0,,73.0,249624.042882,256998.11085,256998.11080300002,3520.5220657945206,46.422504,249624.042882,29204.29898882491,111.466989,102.41761066666668,10.083894184863128,0.28404878058659083,12,64,,True,True,,337,56.69694568066818
104,2026-09-19T05:46:17.978+00:00,2026-09-19T05:50:30.412+00:00,2026-09-19T05:50:34.699+00:00,True,44,44.0,,44.0,252433.896489,256720.824105,256720.82403800002,5834.564182681818,47.90408,252433.896489,38040.81450480893,110.21480165000001,99.69599106976744,13.862370707183272,0.17139240711537992,12,64,,True,True,,88,56.69694568066818
105,2026-09-19T05:46:18.401+00:00,2026-09-19T05:50:32.286+00:00,2026-09-19T05:50:39.861+00:00,True,77,77.0,,77.0,253884.40281099998,261460.06949899998,261460.06962799997,3395.5853198441555,44.743857000000006,253884.40281099998,28921.458556342466,112.13223119999999,99.67982484210528,17.505927632239896,0.2945000364588923,12,64,,True,True,,313,56.69694568066818
106,2026-09-19T05:46:18.876+00:00,2026-09-19T05:50:35.014+00:00,2026-09-19T05:50:35.956+00:00,True,10,10.0,,10.0,256137.50670600001,257079.218066,257079.21808800002,25707.9218088,91.30946,256137.50670600001,80964.70340878732,140926.6060338,104.63459555555555,6.545800942453549,0.038898515699673154,12,64,,True,True,,41,56.69694568066818
107,2026-09-19T05:46:19.289+00:00,2026-09-19T05:50:37.378+00:00,2026-09-19T05:50:42.419+00:00,True,52,52.0,,52.0,258089.21273300002,263129.872701,263129.87288700003,5060.189863211539,44.645677000000006,258089.21273300002,35776.83412260934,114.1579106,98.83646996078431,20.993760375309495,0.19762104342705586,12,64,,True,True,,249,56.69694568066818
108,2026-09-19T05:46:19.781+00:00,2026-09-19T05:50:40.182+00:00,2026-09-19T05:50:43.582+00:00,True,35,35.0,,35.0,260400.199136,263800.52528,263800.525226,7537.1578636,48.185229,260400.199136,43998.76622818781,114.09386890000002,100.00959247058823,18.285884212557143,0.13267600571625368,12,64,,True,True,,104,56.69694568066818
109,2026-09-19T05:46:20.312+00:00,2026-09-19T05:50:42.941+00:00,2026-09-19T05:50:49.637+00:00,True,70,70.0,,70.0,262628.856988,269325.152924,269325.152872,3847.502183885714,45.866514,262628.856988,31378.558344382036,112.102558,97.0477671884058,18.57842814656713,0.25990888426137115,12,64,,True,True,,291,56.69694568066818
110,2026-09-19T05:46:20.934+00:00,2026-09-19T05:50:46.200+00:00,2026-09-19T05:50:52.162+00:00,True,64,64.0,,64.0,265265.848749,271228.313005,271228.312926,4237.94238946875,43.850789,265265.848749,33146.40734439868,110.7953063,94.64228977777778,20.98418203056941,0.2359635662329256,12,64,,True,True,,212,56.69694568066818
111,2026-09-19T05:46:21.426+00:00,2026-09-19T05:50:49.007+00:00,2026-09-19T05:50:55.335+00:00,True,67,67.0,,67.0,267580.76947400003,273908.368834,273908.369024,4088.184612298508,46.945132,267580.76947400003,32678.486507109013,111.99991380000002,95.87271757575758,18.748932794643665,0.24460734911171994,12,64,,True,True,,239,56.69694568066818
112,2026-09-19T05:46:21.874+00:00,2026-09-19T05:50:51.038+00:00,2026-09-19T05:50:59.836+00:00,True,91,91.0,,91.0,269164.903324,277962.030236,277962.030197,3054.5278043626377,44.193388,269164.903324,28205.907700104297,110.674436,97.74585457777778,17.83584779470117,0.3273828440623262,12,64,,True,True,,321,56.69694568066818
113,2026-09-19T05:46:22.790+00:00,2026-09-19T05:50:53.525+00:00,2026-09-19T05:50:59.067+00:00,True,56,56.0,,56.0,270735.152313,276276.783801,276276.783837,4933.513997089286,44.593227,270735.152313,36165.045382738535,111.25012975,100.75693614545455,15.054734778894048,0.20269527981886587,12,64,,True,True,,226,56.69694568066818
114,2026-09-19T05:46:22.976+00:00,2026-09-19T05:50:57.497+00:00,2026-09-19T05:50:57.815+00:00,True,4,4.0,,4.0,274521.127652,274838.47472399997,274838.474784,68709.618696,102.203345,274521.127652,137207.6727177814,233359.821551,105.78235733333332,5.754558751650498,0.014554003052217872,12,64,,True,True,,13,56.69694568066818
115,2026-09-19T05:46:23.617+00:00,2026-09-19T05:51:00.767+00:00,2026-09-19T05:51:03.193+00:00,True,25,25.0,,25.0,277149.843511,279575.738167,279575.738105,11183.0295242,51.714671,277149.843511,55409.75506014285,114.67576059999999,101.078944,15.753911193833165,0.08942120716164097,12,64,,True,True,,149,56.69694568066818
116,2026-09-19T05:46:24.198+00:00,2026-09-19T05:51:03.934+00:00,2026-09-19T05:51:13.446+00:00,True,99,99.0,,99.0,279736.307607,289247.973015,289247.97305,2921.6966974747475,45.270506000000005,279736.307607,28104.809261277707,111.125455,97.05781028571428,20.21192467723136,0.34226687560872204,12,64,,True,True,,348,56.69694568066818
117,2026-09-19T05:46:24.693+00:00,2026-09-19T05:51:06.374+00:00,2026-09-19T05:51:09.113+00:00,True,32,32.0,,32.0,281680.18819300004,284419.72073700005,284419.72069700004,8888.116271781251,48.618169,281680.18819300004,49778.876470722505,108.9354305,88.37201754838709,24.394240665761124,0.11250977926945532,12,64,,True,True,,113,56.69694568066818
118,2026-09-19T05:46:25.198+00:00,2026-09-19T05:51:09.425+00:00,2026-09-19T05:51:17.732+00:00,True,84,84.0,,84.0,284227.700464,292534.167536,292534.167393,3482.5496118214287,47.84494,284227.700464,31000.8692051503,110.73527150000001,100.07791653012048,15.903127432009246,0.2871459450618285,12,64,,True,True,,356,56.69694568066818
119,2026-09-19T05:46:25.653+00:00,2026-09-19T05:51:11.719+00:00,2026-09-19T05:51:12.504+00:00,True,9,9.0,,9.0,286066.375461,286851.178021,286851.17808000004,31872.353120000003,51.527342,286066.375461,95322.76004277884,171683.5009242,98.10032,19.046070776110074,0.03137515439919553,12,64,,True,True,,27,56.69694568066818
120,2026-09-19T05:46:26.272+00:00,2026-09-19T05:51:14.899+00:00,2026-09-19T05:51:21.151+00:00,True,63,63.0,,63.0,288627.272726,294879.567126,294879.567179,4680.628050460317,49.749525,288627.272726,36350.916356065434,111.52427820000001,100.84345806451613,15.119632809485337,0.21364654260049337,12,64,,True,True,,222,56.69694568066818
121,2026-09-19T05:46:26.699+00:00,2026-09-19T05:51:17.145+00:00,2026-09-19T05:51:19.576+00:00,True,25,25.0,,25.0,290445.450635,292876.732043,292876.731996,11715.069279840001,51.174822999999996,290445.450635,58068.83142765601,113.2865482,101.303392,15.485086236887234,0.0853601439267955,12,64,,True,True,,107,56.69694568066818
122,2026-09-19T05:46:27.169+00:00,2026-09-19T05:51:19.365+00:00,2026-09-19T05:51:23.240+00:00,True,40,40.0,,40.0,292196.029612,296070.6147,296070.61466099997,7401.765366525,46.658823,292196.029612,46184.544396646095,116.81855945000001,99.34833558974358,19.242861943457257,0.135102904557181,12,64,,True,True,,128,56.69694568066818
123,2026-09-19T05:46:27.844+00:00,2026-09-19T05:51:23.835+00:00,2026-09-19T05:51:23.835+00:00,True,1,1.0,,1.0,295991.33744800003,295991.33744800003,295991.33744800003,295991.33744800003,295991.33744800003,295991.33744800003,nan,295991.33744800003,nan,nan,0.0033784772507934654,12,64,,True,True,,8,56.69694568066818
124,2026-09-19T05:46:28.459+00:00,2026-09-19T05:51:27.044+00:00,2026-09-19T05:51:27.994+00:00,True,11,11.0,,11.0,298584.613128,299534.97268,299534.972688,27230.452062545453,48.200609,298584.613128,89997.99685760484,149348.75989500002,95.0359552,24.907614040965157,0.03672359157790749,12,64,,True,True,,59,56.69694568066818
125,2026-09-19T05:46:29.056+00:00,2026-09-19T05:51:29.280+00:00,2026-09-19T05:51:29.604+00:00,False,5,4.0,,4.0,300223.824738,300547.942754,300547.942685,60109.588536999996,0.03572,300223.824738,134227.94685033127,240202.1506856,81.029504,54.251305526491876,0.013309024721137486,12,64,,True,False,Request timeout: 300.0s exceeded,17,56.69694568066818
126,2026-09-19T05:46:29.676+00:00,2026-09-19T05:51:29.747+00:00,2026-09-19T05:51:29.747+00:00,False,1,0.0,,0.0,300071.10952999996,300071.10952999996,300071.10952999996,300071.10952999996,300071.10952999996,300071.10952999996,nan,300071.10952999996,nan,nan,0.0,12,64,,True,False,"HTTPConnectionPool(host='gpu03', port=9002): Read timed out.",0,56.69694568066818
127,2026-09-19T05:46:30.237+00:00,2026-09-19T05:51:30.319+00:00,2026-09-19T05:51:30.319+00:00,False,1,0.0,,0.0,300082.342703,300082.342703,300082.342703,300082.342703,300082.342703,300082.342703,nan,300082.342703,nan,nan,0.0,12,64,,True,False,TTFT timeout: 300.0s exceeded (TTFT: 300.068s),0,56.69694568066818
128,2026-09-19T05:46:30.835+00:00,2026-09-19T05:51:30.941+00:00,2026-09-19T05:51:30.941+00:00,False,1,0.0,,0.0,300106.279229,300106.279229,300106.279229,300106.279229,300106.279229,300106.279229,nan,300106.279229,nan,nan,0.0,12,64,,True,False,"HTTPConnectionPool(host='gpu03', port=9002): Read timed out.",0,56.69694568066818
129,2026-09-19T05:46:31.444+00:00,2026-09-19T05:51:31.099+00:00,2026-09-19T05:51:31.531+00:00,False,7,6.0,,6.0,299655.516235,300086.98503499996,300086.984804,42869.56925771428,0.032600000000000004,299655.516235,113231.96731798137,209794.6464373,71.91146666666667,46.64115200939082,0.019994202678600685,12,64,,True,False,Request timeout: 300.0s exceeded,30,56.69694568066818
130,2026-09-19T05:46:31.905+00:00,2026-09-19T05:51:32.010+00:00,2026-09-19T05:51:32.010+00:00,False,1,0.0,,0.0,300105.17183600005,300105.17183600005,300105.17183600005,300105.17183600005,300105.17183600005,300105.17183600005,nan,300105.17183600005,nan,nan,0.0,12,64,,True,False,"HTTPConnectionPool(host='gpu03', port=9002): Read timed out.",0,56.69694568066818
131,2026-09-19T05:46:32.425+00:00,2026-09-19T05:51:32.529+00:00,2026-09-19T05:51:32.529+00:00,False,1,0.0,,0.0,300103.530976,300103.530976,300103.530976,300103.530976,300103.530976,300103.530976,nan,300103.530976,nan,nan,0.0,12,64,,True,False,TTFT timeout: 300.0s exceeded (TTFT: 300.096s),0,56.69694568066818
132,2026-09-19T05:46:32.986+00:00,2026-09-19T05:51:32.912+00:00,2026-09-19T05:51:33.024+00:00,False,3,2.0,,2.0,299925.59717400005,300037.3460380001,300037.34590700007,100012.44863566669,0.02343,299925.59717400005,173129.87419336216,269944.20998690004,55.874432,78.98507196647225,0.006665836858011328,12,64,,True,False,Request timeout: 300.0s exceeded,4,56.69694568066818
133,2026-09-19T05:46:33.371+00:00,2026-09-19T05:51:33.466+00:00,2026-09-19T05:51:33.466+00:00,False,1,0.0,,0.0,300095.724402,300095.724402,300095.724402,300095.724402,300095.724402,300095.724402,nan,300095.724402,nan,nan,0.0,12,64,,True,False,"HTTPConnectionPool(host='gpu03', port=9002): Read timed out.",0,56.69694568066818
134,2026-09-19T05:46:33.881+00:00,2026-09-19T05:51:33.932+00:00,2026-09-19T05:51:33.932+00:00,False,1,0.0,,0.0,300050.405912,300050.405912,300050.405912,300050.405912,300050.405912,300050.405912,nan,300050.405912,nan,nan,0.0,12,64,,True,False,"HTTPConnectionPool(host='gpu03', port=9002): Read timed out.",0,56.69694568066818
135,2026-09-19T05:46:34.422+00:00,2026-09-19T05:51:34.278+00:00,2026-09-19T05:51:34.550+00:00,False,4,3.0,,3.0,299855.332837,300128.05603700003,300128.056021,75032.01400525,0.04423,299855.332837,149882.2263905332,254898.29431405,90.90773333333333,78.87533297563463,0.009995733286694656,12,64,,True,False,Request timeout: 300.0s exceeded,11,56.69694568066818
136,2026-09-19T05:46:34.979+00:00,2026-09-19T05:51:35.084+00:00,2026-09-19T05:51:35.084+00:00,False,1,0.0,,0.0,300105.019241,300105.019241,300105.019241,300105.019241,300105.019241,300105.019241,nan,300105.019241,nan,nan,0.0,12,64,,True,False,"HTTPConnectionPool(host='gpu03', port=9002): Read timed out.",0,56.69694568066818
137,2026-09-19T05:46:35.448+00:00,2026-09-19T05:51:35.565+00:00,2026-09-19T05:51:35.565+00:00,False,1,0.0,,0.0,300116.819588,300116.819588,300116.819588,300116.819588,300116.819588,300116.819588,nan,300116.819588,nan,nan,0.0,12,64,,True,False,"HTTPConnectionPool(host='gpu03', port=9002): Read timed out.",0,56.69694568066818
138,2026-09-19T05:46:36.001+00:00,2026-09-19T05:51:35.892+00:00,2026-09-19T05:51:36.019+00:00,False,3,2.0,,2.0,299891.028684,300018.271436,300018.271612,100006.09053733334,0.02584,299891.028684,173105.4459508018,269914.64752440003,63.621376,89.93764689016942,0.006666260659483336,12,64,,True,False,Request timeout: 300.0s exceeded,8,56.69694568066818
139,2026-09-19T05:46:36.587+00:00,2026-09-19T05:51:36.676+00:00,2026-09-19T05:51:36.676+00:00,False,1,0.0,,0.0,300088.57104,300088.57104,300088.57104,300088.57104,300088.57104,300088.57104,nan,300088.57104,nan,nan,0.0,12,64,,True,False,"HTTPConnectionPool(host='gpu03', port=9002): Read timed out.",0,56.69694568066818
140,2026-09-19T05:46:37.740+00:00,2026-09-19T05:51:37.186+00:00,2026-09-19T05:51:37.896+00:00,False,8,7.0,,7.0,299445.580644,300155.72694799997,300155.72685499996,37519.465856874995,0.03294,299445.580644,105834.14144387563,194691.23293479998,101.449472,46.904943486916004,0.023321227521381604,12,64,,True,False,Request timeout: 300.0s exceeded,10,56.69694568066818
141,2026-09-19T05:46:37.760+00:00,2026-09-19T05:51:37.679+00:00,2026-09-19T05:51:37.998+00:00,False,5,4.0,,4.0,299919.189009,300238.508817,300238.50882600003,60047.70176520001,0.04022,299919.189009,134092.2457882113,239957.17229100002,79.829952,53.32734857553844,0.01332274136239486,12,64,,True,False,Request timeout: 300.0s exceeded,22,56.69694568066818
142,2026-09-19T05:46:38.389+00:00,2026-09-19T05:51:38.401+00:00,2026-09-19T05:51:38.401+00:00,False,1,0.0,,0.0,300011.53085900005,300011.53085900005,300011.53085900005,300011.53085900005,300011.53085900005,300011.53085900005,nan,300011.53085900005,nan,nan,0.0,12,64,,True,False,"HTTPConnectionPool(host='gpu03', port=9002): Read timed out.",0,56.69694568066818
143,2026-09-19T05:46:38.824+00:00,2026-09-19T05:51:39.175+00:00,2026-09-19T05:51:39.476+00:00,False,5,4.0,,4.0,300351.160421,300652.552293,300652.552339,60130.5104678,0.03091,300351.160421,134287.44321726437,240318.26628919996,75.347968,79.14838895612519,0.013304393957387107,12,64,,True,False,Request timeout: 300.0s exceeded,14,56.69694568066818
144,2026-09-19T05:46:39.248+00:00,2026-09-19T05:51:39.356+00:00,2026-09-19T05:51:39.578+00:00,False,6,5.0,,5.0,300108.46775,300329.64611800003,300329.646082,50054.94101366667,0.026599,300108.46775,122500.71201848886,225098.85794225,44.2356736,26.197564267900265,0.016648373094794285,12,64,,True,False,Request timeout: 300.0s exceeded,26,56.69694568066818
145,2026-09-19T05:46:39.634+00:00,2026-09-19T05:51:39.655+00:00,2026-09-19T05:51:39.655+00:00,False,1,0.0,,0.0,300021.75574800005,300021.75574800005,300021.75574800005,300021.75574800005,300021.75574800005,300021.75574800005,nan,300021.75574800005,nan,nan,0.0,12,64,,True,False,"HTTPConnectionPool(host='gpu03', port=9002): Read timed out.",0,56.69694568066818
146,2026-09-19T05:46:40.128+00:00,2026-09-19T05:51:40.276+00:00,2026-09-19T05:51:40.276+00:00,False,1,0.0,,0.0,300148.623242,300148.623242,300148.623242,300148.623242,300148.623242,300148.623242,nan,300148.623242,nan,nan,0.0,12,64,,True,False,"HTTPConnectionPool(host='gpu03', port=9002): Read timed out.",0,56.69694568066818
147,2026-09-19T05:46:40.524+00:00,2026-09-19T05:51:40.622+00:00,2026-09-19T05:51:40.622+00:00,False,1,0.0,,0.0,300098.396207,300098.396207,300098.396207,300098.396207,300098.396207,300098.396207,nan,300098.396207,nan,nan,0.0,12,64,,True,False,"HTTPConnectionPool(host='gpu03', port=9002): Read timed out.",0,56.69694568066818
148,2026-09-19T05:46:41.056+00:00,2026-09-19T05:51:40.954+00:00,2026-09-19T05:51:41.081+00:00,False,3,2.0,,2.0,299898.20668400003,300025.661916,300025.66189100005,100008.55396366668,0.036090000000000004,299898.20668400003,173109.52892634334,269921.12792730005,63.727616,90.07341139215723,0.006666096450642786,12,64,,True,False,Request timeout: 300.0s exceeded,17,56.69694568066818
149,2026-09-19T05:46:41.558+00:00,2026-09-19T05:51:41.080+00:00,2026-09-19T05:51:41.624+00:00,False,8,7.0,,7.0,299522.325182,300066.006718,300066.006764,37508.2508455,0.02186,299522.325182,105869.67990773784,194726.16626594999,77.66879085714285,39.59958247416668,0.023328200606803667,12,64,,True,False,Request timeout: 300.0s exceeded,25,56.69694568066818
150,2026-09-19T05:46:42.229+00:00,2026-09-19T05:51:42.338+00:00,2026-09-19T05:51:42.338+00:00,False,1,0.0,,0.0,300109.54630800005,300109.54630800005,300109.54630800005,300109.54630800005,300109.54630800005,300109.54630800005,nan,300109.54630800005,nan,nan,0.0,12,64,,True,False,"HTTPConnectionPool(host='gpu03', port=9002): Read timed out.",0,56.69694568066818
151,2026-09-19T05:46:42.831+00:00,2026-09-19T05:51:42.684+00:00,2026-09-19T05:51:42.923+00:00,False,4,3.0,,3.0,299852.67130800005,300092.15086000005,300092.15095800004,75023.03773950001,0.034809,299852.67130800005,149886.43345945622,254894.8891236,79.82651733333333,70.5862770434432,0.009996929247908152,12,64,,True,False,Request timeout: 300.0s exceeded,6,56.69694568066818
152,2026-09-19T05:46:43.341+00:00,2026-09-19T05:51:43.238+00:00,2026-09-19T05:51:43.447+00:00,False,4,3.0,,3.0,299897.377241,300105.740761,300105.740803,75026.43520075,0.03625,299897.377241,149913.9694003618,254928.59869355,69.45450666666667,60.13341303742928,0.009996476549874324,12,64,,True,False,Request timeout: 300.0s exceeded,7,56.69694568066818
153,2026-09-19T05:46:43.779+00:00,2026-09-19T05:51:43.874+00:00,2026-09-19T05:51:43.874+00:00,False,1,0.0,,0.0,300095.40568900004,300095.40568900004,300095.40568900004,300095.40568900004,300095.40568900004,300095.40568900004,nan,300095.40568900004,nan,nan,0.0,12,64,,True,False,"HTTPConnectionPool(host='gpu03', port=9002): Read timed out.",0,56.69694568066818
154,2026-09-19T05:46:44.261+00:00,2026-09-19T05:51:44.350+00:00,2026-09-19T05:51:44.350+00:00,False,1,0.0,,0.0,300088.426821,300088.426821,300088.426821,300088.426821,300088.426821,300088.426821,nan,300088.426821,nan,nan,0.0,12,64,,True,False,TTFT timeout: 300.0s exceeded (TTFT: 300.078s),0,56.69694568066818
155,2026-09-19T05:46:44.715+00:00,2026-09-19T05:51:44.482+00:00,2026-09-19T05:51:44.738+00:00,False,4,3.0,,3.0,299767.105731,300022.505411,300022.505315,75005.62632875,0.04473,299767.105731,149840.99917333777,254824.0812183,85.13322666666667,76.16542138120887,0.00999924987590617,12,64,,True,False,Request timeout: 300.0s exceeded,8,56.69694568066818
156,2026-09-19T05:46:45.131+00:00,2026-09-19T05:51:45.218+00:00,2026-09-19T05:51:45.218+00:00,False,1,0.0,,0.0,300087.24504799995,300087.24504799995,300087.24504799995,300087.24504799995,300087.24504799995,300087.24504799995,nan,300087.24504799995,nan,nan,0.0,12,64,,True,False,"HTTPConnectionPool(host='gpu03', port=9002): Read timed out.",0,56.69694568066818
157,2026-09-19T05:46:45.592+00:00,2026-09-19T05:51:45.677+00:00,2026-09-19T05:51:45.677+00:00,False,1,0.0,,0.0,300085.093406,300085.093406,300085.093406,300085.093406,300085.093406,300085.093406,nan,300085.093406,nan,nan,0.0,12,64,,True,False,"HTTPConnectionPool(host='gpu03', port=9002): Read timed out.",0,56.69694568066818
158,2026-09-19T05:46:46.091+00:00,2026-09-19T05:51:46.011+00:00,2026-09-19T05:51:46.171+00:00,False,3,2.0,,2.0,299920.592639,300080.61388699996,300080.61381199997,100026.87127066666,0.020550000000000002,299920.592639,173113.05924241128,269944.53343739995,80.010624,113.12314650097686,0.006664875728203926,12,64,,True,False,Request timeout: 300.0s exceeded,12,56.69694568066818
159,2026-09-19T05:46:46.552+00:00,2026-09-19T05:51:46.283+00:00,2026-09-19T05:51:46.584+00:00,False,5,4.0,,4.0,299730.526749,300031.254557,300031.254508,60006.250901600004,0.03909000000000001,299730.526749,134009.95127237757,239806.0441274,75.181952,50.40465311687071,0.01333194438661416,12,64,,True,False,Request timeout: 300.0s exceeded,11,56.69694568066818
160,2026-09-19T05:46:47.067+00:00,2026-09-19T05:51:47.176+00:00,2026-09-19T05:51:47.176+00:00,False,1,0.0,,0.0,300108.976846,300108.976846,300108.976846,300108.976846,300108.976846,300108.976846,nan,300108.976846,nan,nan,0.0,12,64,,True,False,"HTTPConnectionPool(host='gpu03', port=9002): Read timed out.",0,56.69694568066818
161,2026-09-19T05:46:47.652+00:00,2026-09-19T05:51:47.678+00:00,2026-09-19T05:51:47.678+00:00,False,1,0.0,,0.0,300025.60225700005,300025.60225700005,300025.60225700005,300025.60225700005,300025.60225700005,300025.60225700005,nan,300025.60225700005,nan,nan,0.0,12,64,,True,False,TTFT timeout: 300.0s exceeded (TTFT: 300.004s),0,56.69694568066818
162,2026-09-19T05:46:48.036+00:00,2026-09-19T05:51:47.823+00:00,2026-09-19T05:51:48.068+00:00,False,4,3.0,,3.0,299786.749935,300031.17207900004,300031.171944,75007.792986,0.04176,299786.749935,149852.64948642295,254839.21724715002,81.474048,71.96579421419328,0.009998961038655283,12,64,,True,False,Request timeout: 300.0s exceeded,10,56.69694568066818
163,2026-09-19T05:46:48.438+00:00,2026-09-19T05:51:48.262+00:00,2026-09-19T05:51:48.522+00:00,False,5,4.0,,4.0,299823.94599000004,300083.916038,300083.916053,60016.783210600006,0.09659999999999999,299823.94599000004,134056.28635545456,239880.5069932,64.992512,49.984280045952154,0.013329604774597364,12,64,,True,False,Request timeout: 300.0s exceeded,20,56.69694568066818
164,2026-09-19T05:46:49.060+00:00,2026-09-19T05:51:49.166+00:00,2026-09-19T05:51:49.166+00:00,False,1,0.0,,0.0,300106.16528899997,300106.16528899997,300106.16528899997,300106.16528899997,300106.16528899997,300106.16528899997,nan,300106.16528899997,nan,nan,0.0,12,64,,True,False,"HTTPConnectionPool(host='gpu03', port=9002): Read timed out.",0,56.69694568066818
165,2026-09-19T05:46:49.600+00:00,2026-09-19T05:51:49.523+00:00,2026-09-19T05:51:49.654+00:00,False,3,2.0,,2.0,299922.7237,300053.271156,300053.27122899995,100017.75707633332,0.08861,299922.7237,173122.79171071417,269943.4972219,65.273728,92.18572602375167,0.006665483073371277,12,64,,True,False,Request timeout: 300.0s exceeded,4,56.69694568066818
166,2026-09-19T05:46:50.229+00:00,2026-09-19T05:51:50.264+00:00,2026-09-19T05:51:50.264+00:00,False,1,0.0,,0.0,300035.450193,300035.450193,300035.450193,300035.450193,300035.450193,300035.450193,nan,300035.450193,nan,nan,0.0,12,64,,True,False,"HTTPConnectionPool(host='gpu03', port=9002): Read timed out.",0,56.69694568066818
167,2026-09-19T05:46:50.929+00:00,2026-09-19T05:51:51.104+00:00,2026-09-19T05:51:51.566+00:00,False,6,5.0,,5.0,300174.673274,300636.998522,300636.998647,50106.166441166664,0.04228,300174.673274,122508.05868860315,225168.9453145,92.4650496,55.87202009837164,0.01663135284273439,12,64,,True,False,Request timeout: 300.0s exceeded,26,56.69694568066818
168,2026-09-19T05:46:51.438+00:00,2026-09-19T05:51:51.635+00:00,2026-09-19T05:51:51.635+00:00,False,1,0.0,,0.0,300196.935802,300196.935802,300196.935802,300196.935802,300196.935802,300196.935802,nan,300196.935802,nan,nan,0.0,12,64,,True,False,"HTTPConnectionPool(host='gpu03', port=9002): Read timed out.",0,56.69694568066818
169,2026-09-19T05:46:52.104+00:00,2026-09-19T05:51:52.112+00:00,2026-09-19T05:51:52.112+00:00,False,1,0.0,,0.0,300008.62221,300008.62221,300008.62221,300008.62221,300008.62221,300008.62221,nan,300008.62221,nan,nan,0.0,12,64,,True,False,"HTTPConnectionPool(host='gpu03', port=9002): Read timed out.",0,56.69694568066818
170,2026-09-19T05:46:52.724+00:00,2026-09-19T05:51:52.768+00:00,2026-09-19T05:51:52.768+00:00,False,1,0.0,,0.0,300044.007414,300044.007414,300044.007414,300044.007414,300044.007414,300044.007414,nan,300044.007414,nan,nan,0.0,12,64,,True,False,TTFT timeout: 300.0s exceeded (TTFT: 300.038s),0,56.69694568066818
171,2026-09-19T05:46:53.426+00:00,2026-09-19T05:51:53.072+00:00,2026-09-19T05:51:53.475+00:00,False,6,5.0,,5.0,299645.450126,300049.087374,300049.08735399996,50008.18122566667,0.027129999999999998,299645.450126,122296.79266399756,224760.24940024997,80.7274496,45.416635845426825,0.016663940036477053,12,64,,True,False,Request timeout: 300.0s exceeded,12,56.69694568066818
172,2026-09-19T05:46:54.130+00:00,2026-09-19T05:51:54.235+00:00,2026-09-19T05:51:54.235+00:00,False,1,0.0,,0.0,300105.518607,300105.518607,300105.518607,300105.518607,300105.518607,300105.518607,nan,300105.518607,nan,nan,0.0,12,64,,True,False,"HTTPConnectionPool(host='gpu03', port=9002): Read timed out.",0,56.69694568066818
173,2026-09-19T05:46:54.780+00:00,2026-09-19T05:51:54.779+00:00,2026-09-19T05:51:54.884+00:00,False,3,2.0,,2.0,299999.547255,300103.981943,300103.981929,100034.660643,0.02341,299999.547255,173174.6795363529,270010.0336559,52.217344,73.81353055675233,0.0066643567574517166,12,64,,True,False,Request timeout: 300.0s exceeded,3,56.69694568066818
174,2026-09-19T05:46:55.698+00:00,2026-09-19T05:51:54.780+00:00,2026-09-19T05:51:55.806+00:00,False,12,11.0,,11.0,299081.545069,300107.831917,300107.831938,25008.985994833332,0.02212,299081.545069,86310.47963775684,134658.68335545,93.29880436363636,37.499302119806735,0.03665349194566252,12,64,,True,False,Request timeout: 300.0s exceeded,69,56.69694568066818
175,2026-09-19T05:46:55.754+00:00,2026-09-19T05:51:55.926+00:00,2026-09-19T05:51:56.023+00:00,False,3,2.0,,2.0,300172.309643,300269.45242700004,300269.452414,100089.81747133334,0.06405899999999999,300172.309643,173276.52786277636,270164.7865499,48.571392,68.59981164174818,0.006660684208248688,12,64,,True,False,Request timeout: 300.0s exceeded,7,56.69694568066818
176,2026-09-19T05:46:56.331+00:00,2026-09-19T05:51:56.361+00:00,2026-09-19T05:51:56.361+00:00,False,1,0.0,,0.0,300029.551609,300029.551609,300029.551609,300029.551609,300029.551609,300029.551609,nan,300029.551609,nan,nan,0.0,12,64,,True,False,"HTTPConnectionPool(host='gpu03', port=9002): Read timed out.",0,56.69694568066818
177,2026-09-19T05:46:56.871+00:00,2026-09-19T05:51:56.960+00:00,2026-09-19T05:51:56.960+00:00,False,1,0.0,,0.0,300089.114254,300089.114254,300089.114254,300089.114254,300089.114254,300089.114254,nan,300089.114254,nan,nan,0.0,12,64,,True,False,"HTTPConnectionPool(host='gpu03', port=9002): Read timed out.",0,56.69694568066818
178,2026-09-19T05:46:57.485+00:00,2026-09-19T05:51:57.292+00:00,2026-09-19T05:51:57.507+00:00,False,4,3.0,,3.0,299806.46435,300021.970526,300021.97057,75005.4926425,0.02187,299806.46435,149867.32325512927,254853.00747245003,71.835392,62.84164503867212,0.009999267702763184,12,64,,True,False,Request timeout: 300.0s exceeded,10,56.69694568066818
179,2026-09-19T05:46:58.012+00:00,2026-09-19T05:51:57.509+00:00,2026-09-19T05:51:57.608+00:00,True,2,2.0,,2.0,299497.53745999996,299596.44024399994,299596.440417,149798.2202085,98.902957,299497.53745999996,211706.80473506392,284527.60573484993,98.902784,nan,0.006675646741233449,12,64,,True,True,,8,56.69694568066818
180,2026-09-19T05:46:58.685+00:00,2026-09-19T05:51:58.752+00:00,2026-09-19T05:51:58.752+00:00,False,1,0.0,,0.0,300067.505654,300067.505654,300067.505654,300067.505654,300067.505654,300067.505654,nan,300067.505654,nan,nan,0.0,12,64,,True,False,"HTTPConnectionPool(host='gpu03', port=9002): Read timed out.",0,56.69694568066818
181,2026-09-19T05:46:59.118+00:00,2026-09-19T05:51:59.075+00:00,2026-09-19T05:51:59.199+00:00,False,3,2.0,,2.0,299957.389066,300081.20500200003,300081.204971,100027.06832366667,0.053988999999999995,299957.389066,173144.74779793932,269974.026351,61.907968,87.47469780477444,0.00666486259939762,12,64,,True,False,Request timeout: 300.0s exceeded,8,56.69694568066818
182,2026-09-19T05:46:59.556+00:00,2026-09-19T05:51:59.425+00:00,2026-09-19T05:51:59.620+00:00,False,4,3.0,,3.0,299869.078394,300064.514426,300064.514365,75016.12859125,0.0362,299869.078394,149901.97361638775,254903.70931700003,65.145344,56.43119170531305,0.009997849981490699,12,64,,True,False,Request timeout: 300.0s exceeded,8,56.69694568066818
183,2026-09-19T05:47:00.069+00:00,2026-09-19T05:52:00.095+00:00,2026-09-19T05:52:00.095+00:00,False,1,0.0,,0.0,300026.58589,300026.58589,300026.58589,300026.58589,300026.58589,300026.58589,nan,300026.58589,nan,nan,0.0,12,64,,True,False,"HTTPConnectionPool(host='gpu03', port=9002): Read timed out.",0,56.69694568066818
184,2026-09-19T05:47:00.543+00:00,2026-09-19T05:52:00.555+00:00,2026-09-19T05:52:00.663+00:00,False,3,2.0,,2.0,300012.62500199996,300120.547178,300120.54725699994,100040.18241899999,0.05275,300012.62500199996,173181.223724085,270022.1494523,53.961088,76.23792252358275,0.006663988916472987,12,64,,True,False,Request timeout: 300.0s exceeded,5,56.69694568066818
185,2026-09-19T05:47:01.200+00:00,2026-09-19T05:52:01.130+00:00,2026-09-19T05:52:01.244+00:00,False,3,2.0,,2.0,299929.354454,300044.01199,300044.01179200003,100014.67059733334,0.03589,299929.354454,173131.20428910488,269947.8811534,57.328768,81.02407376699327,0.006665688765908972,12,64,,True,False,Request timeout: 300.0s exceeded,10,56.69694568066818
186,2026-09-19T05:47:01.891+00:00,2026-09-19T05:52:01.931+00:00,2026-09-19T05:52:01.931+00:00,False,1,0.0,,0.0,300039.94505599997,300039.94505599997,300039.94505599997,300039.94505599997,300039.94505599997,300039.94505599997,nan,300039.94505599997,nan,nan,0.0,12,64,,True,False,"HTTPConnectionPool(host='gpu03', port=9002): Read timed out.",0,56.69694568066818
187,2026-09-19T05:47:02.530+00:00,2026-09-19T05:52:02.334+00:00,2026-09-19T05:52:02.599+00:00,False,4,3.0,,3.0,299804.29796399997,300069.097708,300069.09774299996,75017.27443574999,0.037949,299804.29796399997,149858.02871572052,254854.17835349997,88.26658133333333,76.5379449894948,0.009997697273443759,12,64,,True,False,Request timeout: 300.0s exceeded,18,56.69694568066818
188,2026-09-19T05:47:03.036+00:00,2026-09-19T05:52:03.262+00:00,2026-09-19T05:52:03.262+00:00,False,1,0.0,,0.0,300225.844282,300225.844282,300225.844282,300225.844282,300225.844282,300225.844282,nan,300225.844282,nan,nan,0.0,12,64,,True,False,"HTTPConnectionPool(host='gpu03', port=9002): Read timed out.",0,56.69694568066818
189,2026-09-19T05:47:03.540+00:00,2026-09-19T05:52:03.620+00:00,2026-09-19T05:52:03.620+00:00,False,1,0.0,,0.0,300079.62789600005,300079.62789600005,300079.62789600005,300079.62789600005,300079.62789600005,300079.62789600005,nan,300079.62789600005,nan,nan,0.0,12,64,,True,False,"HTTPConnectionPool(host='gpu03', port=9002): Read timed out.",0,56.69694568066818
190,2026-09-19T05:47:04.188+00:00,2026-09-19T05:52:04.084+00:00,2026-09-19T05:52:05.051+00:00,False,11,10.0,,10.0,299895.77420499997,300862.66239699995,300862.66238999995,27351.151126363635,0.023039999999999998,299895.77420499997,90392.83136248495,150009.64559099998,96.6888192,34.78709112313611,0.03323775679018825,12,64,,True,False,Request timeout: 300.0s exceeded,30,56.69694568066818
191,2026-09-19T05:47:04.651+00:00,2026-09-19T05:52:04.532+00:00,2026-09-19T05:52:05.152+00:00,False,8,7.0,,7.0,299880.76653100003,300500.510787,300500.51087800006,37562.56385975001,0.037950000000000005,299880.76653100003,105992.56615841732,194959.83066895005,88.53489371428572,39.139600982734805,0.023294469555699766,12,64,,True,False,Request timeout: 300.0s exceeded,15,56.69694568066818
192,2026-09-19T05:47:05.086+00:00,2026-09-19T05:52:05.259+00:00,2026-09-19T05:52:05.259+00:00,False,1,0.0,,0.0,300173.107135,300173.107135,300173.107135,300173.107135,300173.107135,300173.107135,nan,300173.107135,nan,nan,0.0,12,64,,True,False,"HTTPConnectionPool(host='gpu03', port=9002): Read timed out.",0,56.69694568066818
193,2026-09-19T05:47:05.776+00:00,2026-09-19T05:52:05.794+00:00,2026-09-19T05:52:05.794+00:00,False,1,0.0,,0.0,300017.812088,300017.812088,300017.812088,300017.812088,300017.812088,300017.812088,nan,300017.812088,nan,nan,0.0,12,64,,True,False,"HTTPConnectionPool(host='gpu03', port=9002): Read timed out.",0,56.69694568066818
194,2026-09-19T05:47:06.396+00:00,2026-09-19T05:52:06.343+00:00,2026-09-19T05:52:06.548+00:00,False,3,2.0,,2.0,299947.492622,300152.520974,300152.520968,100050.84032266667,0.027530000000000002,299947.492622,173115.60935938856,269973.24344139994,102.514176,144.9381998968019,0.0066632790339723495,12,64,,True,False,Request timeout: 300.0s exceeded,4,56.69694568066818
195,2026-09-19T05:47:07.063+00:00,2026-09-19T05:52:06.647+00:00,2026-09-19T05:52:07.147+00:00,False,9,8.0,,8.0,299584.070831,300084.756399,300084.756301,33342.75070011111,0.08272,299584.070831,99840.50054056731,179791.4513098,62.585696,35.40050327838069,0.026659134892420208,12,64,,True,False,Request timeout: 300.0s exceeded,34,56.69694568066818
196,2026-09-19T05:47:07.609+00:00,2026-09-19T05:52:07.671+00:00,2026-09-19T05:52:07.671+00:00,False,1,0.0,,0.0,300062.355825,300062.355825,300062.355825,300062.355825,300062.355825,300062.355825,nan,300062.355825,nan,nan,0.0,12,64,,True,False,"HTTPConnectionPool(host='gpu03', port=9002): Read timed out.",0,56.69694568066818
197,2026-09-19T05:47:08.002+00:00,2026-09-19T05:52:07.990+00:00,2026-09-19T05:52:08.128+00:00,False,3,2.0,,2.0,299987.660624,300126.051408,300126.051334,100042.01711133333,0.02569,299987.660624,173158.02047324675,270002.7310636,69.195392,97.82049591425404,0.006663866700732161,12,64,,True,False,Request timeout: 300.0s exceeded,4,56.69694568066818
198,2026-09-19T05:47:08.479+00:00,2026-09-19T05:52:08.272+00:00,2026-09-19T05:52:08.508+00:00,False,4,3.0,,3.0,299793.17139,300029.91327799996,300029.91327699996,75007.47831924999,0.03797,299793.17139,149857.13912345585,254842.50574035,78.91396266666668,68.40964169732351,0.00999900299014611,12,64,,True,False,Request timeout: 300.0s exceeded,6,56.69694568066818
199,2026-09-19T05:47:09.160+00:00,2026-09-19T05:52:09.168+00:00,2026-09-19T05:52:09.168+00:00,False,1,0.0,,0.0,300008.42065399996,300008.42065399996,300008.42065399996,300008.42065399996,300008.42065399996,300008.42065399996,nan,300008.42065399996,nan,nan,0.0,12,64,,True,False,"HTTPConnectionPool(host='gpu03', port=9002): Read timed out.",0,56.69694568066818
200,2026-09-19T05:47:09.640+00:00,2026-09-19T05:52:09.600+00:00,2026-09-19T05:52:09.731+00:00,False,3,2.0,,2.0,299960.303289,300091.099833,300091.099897,100030.36663233333,0.021928999999999997,299960.303289,173144.41646418883,269977.350428,65.398272,92.45598789237542,0.0066646428405007525,12,64,,True,False,Request timeout: 300.0s exceeded,4,56.69694568066818
201,2026-09-19T05:47:10.140+00:00,2026-09-19T05:52:09.995+00:00,2026-09-19T05:52:10.203+00:00,False,4,3.0,,3.0,299854.780722,300063.03493,300063.035031,75015.75875775,0.0264,299854.780722,149892.6893769986,254892.78761879998,69.41806933333334,60.231029576268256,0.009997899277063077,12,64,,True,False,Request timeout: 300.0s exceeded,11,56.69694568066818
202,2026-09-19T05:47:10.826+00:00,2026-09-19T05:52:10.914+00:00,2026-09-19T05:52:10.914+00:00,False,1,0.0,,0.0,300087.980903,300087.980903,300087.980903,300087.980903,300087.980903,300087.980903,nan,300087.980903,nan,nan,0.0,12,64,,True,False,"HTTPConnectionPool(host='gpu03', port=9002): Read timed out.",0,56.69694568066818
203,2026-09-19T05:47:11.482+00:00,2026-09-19T05:52:11.359+00:00,2026-09-19T05:52:11.505+00:00,False,3,2.0,,2.0,299877.356039,300023.93063099997,300023.930648,100007.97688266666,0.04248,299877.356039,173091.97528498515,269904.273648,73.287296,103.58378953330487,0.006666134917283661,12,64,,True,False,Request timeout: 300.0s exceeded,4,56.69694568066818
204,2026-09-19T05:47:12.123+00:00,2026-09-19T05:52:12.027+00:00,2026-09-19T05:52:12.178+00:00,False,4,3.0,,3.0,299904.27359,300054.612406,300054.612451,75013.65311275,0.06451000000000001,299904.27359,149927.08600638376,254933.8141268,50.112938666666665,50.58108689460112,0.009998179917796895,12,64,,True,False,Request timeout: 300.0s exceeded,6,56.69694568066818
205,2026-09-19T05:47:12.797+00:00,2026-09-19T05:52:12.877+00:00,2026-09-19T05:52:12.877+00:00,False,1,0.0,,0.0,300079.91693400004,300079.91693400004,300079.91693400004,300079.91693400004,300079.91693400004,300079.91693400004,nan,300079.91693400004,nan,nan,0.0,12,64,,True,False,"HTTPConnectionPool(host='gpu03', port=9002): Read timed out.",0,56.69694568066818
206,2026-09-19T05:47:13.313+00:00,2026-09-19T05:52:13.220+00:00,2026-09-19T05:52:13.354+00:00,False,3,2.0,,2.0,299906.105434,300040.815194,300040.815153,100013.605051,0.0229,299906.105434,173111.9964520614,269928.96357250004,67.35488,95.22160130753527,0.006665759785737292,12,64,,True,False,Request timeout: 300.0s exceeded,4,56.69694568066818
207,2026-09-19T05:47:13.916+00:00,2026-09-19T05:52:13.964+00:00,2026-09-19T05:52:13.964+00:00,False,1,0.0,,0.0,300048.548097,300048.548097,300048.548097,300048.548097,300048.548097,300048.548097,nan,300048.548097,nan,nan,0.0,12,64,,True,False,"HTTPConnectionPool(host='gpu03', port=9002): Read timed out.",0,56.69694568066818
208,2026-09-19T05:47:14.425+00:00,2026-09-19T05:52:14.490+00:00,2026-09-19T05:52:14.490+00:00,False,1,0.0,,0.0,300064.465691,300064.465691,300064.465691,300064.465691,300064.465691,300064.465691,nan,300064.465691,nan,nan,0.0,12,64,,True,False,"HTTPConnectionPool(host='gpu03', port=9002): Read timed out.",0,56.69694568066818
209,2026-09-19T05:47:14.852+00:00,2026-09-19T05:52:14.783+00:00,2026-09-19T05:52:14.914+00:00,False,3,2.0,,2.0,299931.18176999997,300062.54663399997,300062.54674799996,100020.84891599999,0.02926,299931.18176999997,173127.43917904602,269951.19716479996,65.682432,92.84771373544427,0.006665277031190073,12,64,,True,False,Request timeout: 300.0s exceeded,4,56.69694568066818
210,2026-09-19T05:47:15.501+00:00,2026-09-19T05:52:15.448+00:00,2026-09-19T05:52:15.553+00:00,False,3,2.0,,2.0,299947.51225,300052.069818,300052.06985300005,100017.35661766668,0.11343,299947.51225,173144.60161842403,269963.2054423,52.278784,73.77298222549196,0.0066655097603996625,12,64,,True,False,Request timeout: 300.0s exceeded,3,56.69694568066818
211,2026-09-19T05:47:15.955+00:00,2026-09-19T05:52:16.044+00:00,2026-09-19T05:52:16.044+00:00,False,1,0.0,,0.0,300088.79038099997,300088.79038099997,300088.79038099997,300088.79038099997,300088.79038099997,300088.79038099997,nan,300088.79038099997,nan,nan,0.0,12,64,,True,False,"HTTPConnectionPool(host='gpu03', port=9002): Read timed out.",0,56.69694568066818
213,2026-09-19T05:47:17.511+00:00,2026-09-19T05:52:16.529+00:00,2026-09-19T05:52:17.735+00:00,False,14,13.0,,13.0,299017.213192,300223.592968,300223.593007,21444.54235764286,0.03693,299017.213192,79890.91676894801,104741.77936095,92.79844430769231,33.404158635729594,0.0433010606244581,12,64,,True,False,Request timeout: 300.0s exceeded,58,56.69694568066818
212,2026-09-19T05:47:16.551+00:00,2026-09-19T05:52:16.529+00:00,2026-09-19T05:52:16.660+00:00,False,3,2.0,,2.0,299977.950628,300109.47805200005,300109.477995,100036.49266500001,0.0233,299977.950628,173154.39434526517,269993.3059719,65.763712,92.97098790324922,0.006664234708553455,12,64,,True,False,Request timeout: 300.0s exceeded,9,56.69694568066818
214,2026-09-19T05:47:17.610+00:00,2026-09-19T05:52:16.770+00:00,2026-09-19T05:52:17.867+00:00,False,13,12.0,,12.0,299159.81784100004,300256.975985,300256.975924,23096.69045569231,0.026760000000000003,299159.81784100004,82946.65337823909,119743.1813014,91.42984533333333,34.622922902643914,0.03996576585983962,12,64,,True,False,Request timeout: 300.0s exceeded,37,56.69694568066818
215,2026-09-19T05:47:18.033+00:00,2026-09-19T05:52:18.053+00:00,2026-09-19T05:52:18.053+00:00,False,1,0.0,,0.0,300020.00994,300020.00994,300020.00994,300020.00994,300020.00994,300020.00994,nan,300020.00994,nan,nan,0.0,12,64,,True,False,"HTTPConnectionPool(host='gpu03', port=9002): Read timed out.",0,56.69694568066818
216,2026-09-19T05:47:18.541+00:00,2026-09-19T05:52:18.666+00:00,2026-09-19T05:52:18.666+00:00,False,1,0.0,,0.0,300125.40748500003,300125.40748500003,300125.40748500003,300125.40748500003,300125.40748500003,300125.40748500003,nan,300125.40748500003,nan,nan,0.0,12,64,,True,False,"HTTPConnectionPool(host='gpu03', port=9002): Read timed out.",0,56.69694568066818
217,2026-09-19T05:47:19.064+00:00,2026-09-19T05:52:19.141+00:00,2026-09-19T05:52:19.141+00:00,False,1,0.0,,0.0,300076.89170499996,300076.89170499996,300076.89170499996,300076.89170499996,300076.89170499996,300076.89170499996,nan,300076.89170499996,nan,nan,0.0,12,64,,True,False,TTFT timeout: 300.0s exceeded (TTFT: 300.057s),0,56.69694568066818
218,2026-09-19T05:47:19.511+00:00,2026-09-19T05:52:19.397+00:00,2026-09-19T05:52:20.582+00:00,False,16,15.0,,15.0,299885.707116,301070.75134,301070.751323,18816.9219576875,0.02203,299885.707116,74951.68300298424,75050.80875150001,79.00294826666666,33.43610718915594,0.049822176127167064,12,64,,True,False,Request timeout: 300.0s exceeded,60,56.69694568066818
219,2026-09-19T05:47:20.000+00:00,2026-09-19T05:52:20.074+00:00,2026-09-19T05:52:20.689+00:00,False,8,7.0,,7.0,300074.20099800004,300688.90282200003,300688.902829,37586.112853625,0.02647,300074.20099800004,106061.21015392234,195085.58697050007,87.81454628571429,38.82961740086107,0.02327987476193565,12,64,,True,False,Request timeout: 300.0s exceeded,21,56.69694568066818
220,2026-09-19T05:47:20.661+00:00,2026-09-19T05:52:20.708+00:00,2026-09-19T05:52:20.708+00:00,False,1,0.0,,0.0,300047.304772,300047.304772,300047.304772,300047.304772,300047.304772,300047.304772,nan,300047.304772,nan,nan,0.0,12,64,,True,False,"HTTPConnectionPool(host='gpu03', port=9002): Read timed out.",0,56.69694568066818
0,2026-09-19T05:45:20.778+00:00,2026-09-19T05:45:20.906+00:00,2026-09-19T05:45:22.099+00:00,True,17,17.0,,17.0,127.542145,1321.2120329999998,1321.211855,77.7183444117647,28.670754000000002,152.287565,33.95816248200507,132.491229,74.604368,32.46836045045351,12.866973336141271,13,64,,False,True,,65,56.69694568066818
1,2026-09-19T05:45:21.282+00:00,2026-09-19T05:45:21.545+00:00,2026-09-19T05:45:27.106+00:00,True,59,59.0,,59.0,263.18735100000004,5824.400023,5824.400215,98.7186477118644,43.385809,263.18735100000004,31.53875497192458,114.27228269999999,95.88297710344827,23.00868805662498,10.129798737554879,13,64,,False,True,,205,56.69694568066818
2,2026-09-19T05:45:21.692+00:00,2026-09-19T05:45:22.411+00:00,2026-09-19T05:45:26.795+00:00,True,47,47.0,,47.0,718.412786,5102.79397,5102.794133,108.57008793617021,44.705406,718.412786,93.4060835399108,112.2032475,95.31263443478261,21.778162860133833,9.210640342588631,13,64,,False,True,,228,56.69694568066818
3,2026-09-19T05:45:22.150+00:00,2026-09-19T05:45:26.121+00:00,2026-09-19T05:45:33.472+00:00,True,75,75.0,,75.0,3970.90283,11321.983278,11321.983164,150.95977552,0.0,3970.90283,447.87652264035574,123.38435750000001,99.33892497297298,27.387748541742504,6.624281113869351,13,64,,False,True,,151,56.69694568066818
4,2026-09-19T05:45:22.454+00:00,2026-09-19T05:45:27.415+00:00,2026-09-19T05:45:27.621+00:00,True,3,3.0,,3.0,4960.613684,5167.344436,5167.344443,1722.4481476666667,101.923813,4960.613684,2804.333986642226,4475.0330102,103.365376,2.038639761849062,0.5805690015744869,13,64,,False,True,,6,56.69694568066818
5,2026-09-19T05:45:22.764+00:00,2026-09-19T05:45:29.114+00:00,2026-09-19T05:45:31.010+00:00,True,20,20.0,,20.0,6350.145117,8246.024541,8246.02465,412.3012325,54.142182999999996,6350.145117,1397.6722723047055,421.45481755000003,99.78312757894737,12.004987723131148,2.425411166381829,13,64,,False,True,,26,56.69694568066818
6,2026-09-19T05:45:23.154+00:00,2026-09-19T05:45:31.225+00:00,2026-09-19T05:45:31.330+00:00,True,2,2.0,,2.0,8070.885028,8176.101796,8176.101693,4088.0508465,105.21666499999999,8070.885028,5632.578116160445,7672.6016098499995,105.216768,nan,0.2446153496986133,13,64,,False,True,,4,56.69694568066818
7,2026-09-19T05:45:23.584+00:00,2026-09-19T05:45:33.266+00:00,2026-09-19T05:45:34.405+00:00,True,12,12.0,,12.0,9681.972575,10821.754463,10821.754558999999,901.8128799166667,89.74388099999999,9681.972575,2765.0414201387125,4419.23111905,103.61653527272726,7.064225072441975,1.1088774968077928,13,64,,False,True,,41,56.69694568066818
8,2026-09-19T05:45:24.035+00:00,2026-09-19T05:45:35.845+00:00,2026-09-19T05:45:38.051+00:00,True,23,23.0,,23.0,11810.870484,14016.154068,14016.154035,609.398001521739,0.0,11810.870484,2443.0133845921614,351.6894711,100.24016290909091,77.64802253117868,1.6409636972035602,13,64,,False,True,,88,56.69694568066818
9,2026-09-19T05:45:24.513+00:00,2026-09-19T05:45:38.220+00:00,2026-09-19T05:45:47.937+00:00,True,100,100.0,,100.0,13707.752753,23424.473649,23424.473675,234.24473675000002,0.0,13707.752753,1361.8018622203497,114.284938,98.14869591919191,48.10887620170758,4.269039360219265,13,64,,False,True,,467,56.69694568066818
10,2026-09-19T05:45:25.040+00:00,2026-09-19T05:45:41.378+00:00,2026-09-19T05:45:49.997+00:00,True,89,89.0,,89.0,16338.105335999999,24956.440056,24956.439845999997,280.4094364719101,0.0,16338.105335999999,1722.352071387697,133.7415844,97.93562181818182,55.914464159864394,3.56621376287211,13,64,,False,True,,297,56.69694568066818
11,2026-09-19T05:45:25.510+00:00,2026-09-19T05:45:43.845+00:00,2026-09-19T05:45:48.192+00:00,True,46,46.0,,46.0,18334.901733,22682.175972999998,22682.176094,493.0907846521739,0.0,18334.901733,2689.4964142859435,114.3262185,96.60609422222223,47.283136500017186,2.028024121440406,13,64,,False,True,,215,56.69694568066818
12,2026-09-19T05:45:26.005+00:00,2026-09-19T05:45:47.023+00:00,2026-09-19T05:45:54.943+00:00,True,80,80.0,,80.0,21017.784152,28938.409304,28938.409278,361.730115975,0.0,21017.784152,2339.919632590387,132.15916775000002,100.26107787341772,77.55891825305825,2.7644919649727266,13,64,,False,True,,331,56.69694568066818
13,2026-09-19T05:45:26.422+00:00,2026-09-19T05:45:48.993+00:00,2026-09-19T05:45:49.995+00:00,True,11,11.0,,11.0,22570.835034000003,23573.021274000002,23573.021169000003,2143.0019244545456,0.0,22570.835034000003,6775.918189245937,11475.989398,100.218624,107.84299148331708,0.4666351365038012,13,64,,False,True,,48,56.69694568066818
14,2026-09-19T05:45:26.780+00:00,2026-09-19T05:45:50.948+00:00,2026-09-19T05:45:53.192+00:00,True,23,23.0,,23.0,24168.060910999997,26412.272878999996,26412.272932999997,1148.3596927391302,0.01764,24168.060910999997,5018.975216176423,453.00595819999995,102.0096349090909,94.90820172861197,0.8708072987647707,13,64,,False,True,,134,56.69694568066818
15,2026-09-19T05:45:27.157+00:00,2026-09-19T05:45:53.023+00:00,2026-09-19T05:46:01.924+00:00,True,95,95.0,,95.0,25865.536457,34766.514633,34766.514589,365.9633114631579,0.0,25865.536457,2644.968952614965,115.1509001,94.69125719148937,70.73797537231924,2.732514346141187,13,64,,False,True,,459,56.69694568066818
16,2026-09-19T05:45:27.628+00:00,2026-09-19T05:45:55.357+00:00,2026-09-19T05:46:03.466+00:00,True,86,86.0,,86.0,27728.833116,35837.5407,35837.540774,416.71559039534884,0.0,27728.833116,2980.3448311069646,116.07356225,95.3965598117647,57.84160715599717,2.399718237362197,13,64,,False,True,,359,56.69694568066818
17,2026-09-19T05:45:27.986+00:00,2026-09-19T05:45:57.592+00:00,2026-09-19T05:46:01.552+00:00,True,42,42.0,,42.0,29606.44318,33566.140331999995,33566.140365,799.1938182142857,0.0,29606.44318,4554.144251247288,116.33179969999999,96.57797931707317,79.27463980908904,1.2512609309435454,13,64,,False,True,,139,56.69694568066818
18,2026-09-19T05:45:28.345+00:00,2026-09-19T05:45:59.657+00:00,2026-09-19T05:46:07.643+00:00,True,82,82.0,,82.0,31312.313954999998,39298.276963,39298.277053,479.2472811341463,0.0,31312.313954999998,3448.001128206465,115.0255841,98.59213590123457,84.47545883153734,2.0866054783318972,13,64,,False,True,,201,56.69694568066818
19,2026-09-19T05:45:28.793+00:00,2026-09-19T05:46:01.816+00:00,2026-09-19T05:46:05.750+00:00,True,38,38.0,,38.0,33022.207672,36956.205495999995,36956.20544799999,972.5317223157894,0.0,33022.207672,5340.369791926086,185.30846230000003,106.32426551351352,88.18153400631427,1.028244092974128,13,64,,False,True,,181,56.69694568066818
20,2026-09-19T05:45:29.106+00:00,2026-09-19T05:46:03.783+00:00,2026-09-19T05:46:09.657+00:00,True,60,60.0,,60.0,34677.034767,40550.918927,40550.918754,675.8486459,0.0,34677.034767,4464.9500649785805,137.09074865,99.55735864406779,96.10704617039289,1.4796212166735938,13,64,,False,True,,268,56.69694568066818
21,2026-09-19T05:45:29.540+00:00,2026-09-19T05:46:06.413+00:00,2026-09-19T05:46:07.948+00:00,True,17,17.0,,17.0,36872.909082000006,38408.005146,38408.005127000004,2259.2944192352943,0.01704,36872.909082000006,8920.468288226768,7781.501764400001,95.943504,118.98367960837214,0.4426160623385165,13,64,,False,True,,80,56.69694568066818
22,2026-09-19T05:45:29.860+00:00,2026-09-19T05:46:07.947+00:00,2026-09-19T05:46:10.557+00:00,True,27,27.0,,27.0,38086.830645,40696.720181000004,40696.720335000005,1507.2859383333334,88.77220299999999,38086.830645,7310.497930136485,113.2128717,100.38036676923076,5.7399418437321215,0.6634441271905109,13,64,,False,True,,98,56.69694568066818
23,2026-09-19T05:45:30.407+00:00,2026-09-19T05:46:10.364+00:00,2026-09-19T05:46:13.857+00:00,True,37,37.0,,37.0,39957.188398,43449.955118,43449.954980999995,1174.3231075945946,0.0,39957.188398,6553.983660302801,237.4488102,97.02129777777778,116.83618296139112,0.851554389400785,13,64,,False,True,,149,56.69694568066818
24,2026-09-19T05:45:30.954+00:00,2026-09-19T05:46:13.475+00:00,2026-09-19T05:46:20.397+00:00,True,68,68.0,,68.0,42520.210386,49442.19797,49442.197952,727.0911463529411,0.0,42520.210386,5144.328459586002,114.6976087,103.31324752238805,73.98661854582258,1.3753433866605262,13,64,,False,True,,302,56.69694568066818
25,2026-09-19T05:45:31.273+00:00,2026-09-19T05:46:15.058+00:00,2026-09-19T05:46:16.966+00:00,True,21,21.0,,21.0,43785.837449,45692.989833,45692.989816,2175.856657904762,38.60483,43785.837449,9534.069167265881,114.214714,95.3576192,22.326756341976246,0.4595890983879886,13,64,,False,True,,84,56.69694568066818
26,2026-09-19T05:45:31.682+00:00,2026-09-19T05:46:17.119+00:00,2026-09-19T05:46:23.332+00:00,True,63,63.0,,63.0,45437.333762,51650.079746,51650.079710000005,819.8425350793651,0.0,45437.333762,5713.505721575035,140.47135120000002,100.20558038709677,134.7878786540198,1.219746422654439,13,64,,False,True,,304,56.69694568066818
27,2026-09-19T05:45:32.026+00:00,2026-09-19T05:46:19.132+00:00,2026-09-19T05:46:25.293+00:00,True,62,62.0,,62.0,47105.893875,53266.726131,53266.726105,859.1407436290323,0.0,47105.893875,5971.264158379855,120.20512595,100.99725009836065,140.94232875215192,1.1639536442979819,13,64,,False,True,,267,56.69694568066818
28,2026-09-19T05:45:32.522+00:00,2026-09-19T05:46:22.755+00:00,2026-09-19T05:46:22.755+00:00,True,4,4.0,,4.0,50233.577520000006,50233.67121600001,50233.671180000005,12558.417795000001,0.01921,50233.577520000006,25116.773150004614,42698.548795500006,0.031232,0.01866694704551336,0.07962786519823288,13,64,,False,True,,14,56.69694568066818
29,2026-09-19T05:45:33.006+00:00,2026-09-19T05:46:24.863+00:00,2026-09-19T05:46:27.961+00:00,True,30,30.0,,30.0,51856.745009000006,54955.24817700001,54955.248074,1831.841602466667,46.191182,51856.745009000006,9448.204541051882,119.59337950000001,106.84493682758621,13.024499173987257,0.5458987266034342,13,64,,False,True,,139,56.69694568066818
30,2026-09-19T05:45:33.350+00:00,2026-09-19T05:46:26.816+00:00,2026-09-19T05:46:33.553+00:00,True,67,67.0,,67.0,53466.379152,60203.351696,60203.351637,898.557487119403,0.0,53466.379152,6520.183767222693,114.8817863,102.07534157575758,96.02513856759532,1.1128948490828223,13,64,,False,True,,233,56.69694568066818
31,2026-09-19T05:45:33.702+00:00,2026-09-19T05:46:28.385+00:00,2026-09-19T05:46:31.196+00:00,True,29,29.0,,29.0,54682.178544,57493.413360000006,57493.413349,1982.5314947931035,0.0,54682.178544,10136.617601964681,535.2022364000001,100.40124342857143,147.58054950425358,0.5044056058806942,13,64,,False,True,,101,56.69694568066818
32,2026-09-19T05:45:34.040+00:00,2026-09-19T05:46:30.341+00:00,2026-09-19T05:46:37.954+00:00,True,75,75.0,,75.0,56300.93849099999,63913.939963,63913.94018099999,852.1858690799999,0.0172,56300.93849099999,6489.619069609089,113.07354140000001,102.87839827027027,74.86862061207948,1.1734529281627413,13,64,,False,True,,321,56.69694568066818
33,2026-09-19T05:45:34.478+00:00,2026-09-19T05:46:33.128+00:00,2026-09-19T05:46:39.356+00:00,True,57,57.0,,57.0,58650.279463,64878.356006999995,64878.356023,1138.2167723333332,0.0,58650.279463,7754.88087163303,234.21963600000004,111.21565257142856,137.22066951048657,0.8785672681633615,13,64,,False,True,,208,56.69694568066818
34,2026-09-19T05:45:34.915+00:00,2026-09-19T05:46:35.140+00:00,2026-09-19T05:46:39.802+00:00,True,48,48.0,,48.0,60225.234770999996,64886.771026999995,64886.771246,1351.8077342916665,0.0,60225.234770999996,8679.812082129738,482.27990099999994,99.18162246808511,155.52664816305196,0.7397501715723649,13,64,,False,True,,184,56.69694568066818
35,2026-09-19T05:45:35.350+00:00,2026-09-19T05:46:37.726+00:00,2026-09-19T05:46:44.235+00:00,True,68,68.0,,68.0,62375.975379,68884.979667,68884.97949900001,1013.0144043970589,0.0,62375.975379,7553.148371325212,112.23113799999999,97.14931773134329,105.90145543565865,0.9871527919253497,13,64,,False,True,,234,56.69694568066818
36,2026-09-19T05:45:35.894+00:00,2026-09-19T05:46:40.548+00:00,2026-09-19T05:46:48.081+00:00,True,78,78.0,,78.0,64654.095697,72187.04315299999,72187.043094,925.4749114615385,43.830587,64654.095697,7309.583085573144,113.39920099999999,97.83048644155843,19.409416946790927,1.0805263187561165,13,64,,False,True,,348,56.69694568066818
37,2026-09-19T05:45:36.349+00:00,2026-09-19T05:46:43.035+00:00,2026-09-19T05:46:45.689+00:00,True,28,28.0,,28.0,66685.507364,69339.761444,69339.761417,2476.420050607143,46.438541,66685.507364,12583.810682633251,113.26329635,98.30570666666667,17.995505091044176,0.4038087154743572,13,64,,False,True,,101,56.69694568066818
38,2026-09-19T05:45:36.814+00:00,2026-09-19T05:46:45.183+00:00,2026-09-19T05:46:45.278+00:00,True,2,2.0,,2.0,68368.855617,68464.260673,68464.26082299999,34232.130411499995,95.405206,68368.855617,48276.61976062158,64955.18309645,95.405056,nan,0.02921232158706028,13,64,,False,True,,4,56.69694568066818
39,2026-09-19T05:45:37.144+00:00,2026-09-19T05:46:46.415+00:00,2026-09-19T05:46:47.664+00:00,True,15,15.0,,15.0,69271.147974,70520.22343000001,70520.22329400001,4701.3482196,48.721896,69271.147974,17862.71470018096,20858.0151073,89.21967542857143,26.03691030180205,0.212704941510705,13,64,,False,True,,74,56.69694568066818
40,2026-09-19T05:45:37.476+00:00,2026-09-19T05:46:48.684+00:00,2026-09-19T05:46:53.114+00:00,True,46,46.0,,46.0,71208.26903499999,75637.990891,75637.990782,1644.3041474347824,0.0,71208.26903499999,10485.632927241404,219.791964,98.43826346666667,150.8034304503695,0.6081599928571536,13,64,,False,True,,215,56.69694568066818
41,2026-09-19T05:45:37.963+00:00,2026-09-19T05:46:51.714+00:00,2026-09-19T05:47:01.409+00:00,True,96,96.0,,96.0,73750.435932,83445.35356399999,83445.35360799999,869.2224334166666,0.01675,73750.435932,7517.267330224977,114.88859599999999,102.05176454736842,92.29119047827436,1.150453511187666,13,64,,False,True,,475,56.69694568066818
42,2026-09-19T05:45:38.435+00:00,2026-09-19T05:46:53.703+00:00,2026-09-19T05:46:55.831+00:00,True,22,22.0,,22.0,75267.51619499999,77395.63881899999,77395.638872,3517.9835850909085,0.016550000000000002,75267.51619499999,16026.289413770342,756.2411465999999,101.33917257142856,164.76204931849307,0.28425374266177883,13,64,,False,True,,98,56.69694568066818
43,2026-09-19T05:45:38.917+00:00,2026-09-19T05:46:56.442+00:00,2026-09-19T05:47:02.362+00:00,True,59,59.0,,59.0,77525.521279,83444.57049499999,83444.57063399999,1414.3147565084744,46.403261,77525.521279,10079.690995848669,115.6323868,102.05257268965516,16.898506652648035,0.7070561889168725,13,64,,False,True,,286,56.69694568066818
44,2026-09-19T05:45:39.411+00:00,2026-09-19T05:46:59.647+00:00,2026-09-19T05:47:08.842+00:00,True,96,96.0,,96.0,80236.00839300001,89430.64314500001,89430.64324300001,931.5692004479167,0.0,80236.00839300001,8180.028891330963,111.565103,96.78562896842105,118.80542058596286,1.0734575602274117,13,64,,False,True,,500,56.69694568066818
45,2026-09-19T05:45:39.790+00:00,2026-09-19T05:47:02.260+00:00,2026-09-19T05:47:08.844+00:00,True,70,70.0,,70.0,82469.46796699999,89053.23295899999,89053.23312199999,1272.1890445999998,0.0,82469.46796699999,9846.560916885177,112.40614294999999,95.41688394202899,139.84072765180787,0.7860467012155294,13,64,,False,True,,238,56.69694568066818
46,2026-09-19T05:45:40.103+00:00,2026-09-19T05:47:04.849+00:00,2026-09-19T05:47:09.048+00:00,True,55,55.0,,55.0,84746.25007099999,88945.71912699999,88945.71912899999,1617.1948932545451,0.0,84746.25007099999,11416.770616973541,108.8238724,77.76794548148148,41.71986497788736,0.6183546610204923,13,64,,False,True,,222,56.69694568066818
47,2026-09-19T05:45:40.444+00:00,2026-09-19T05:47:05.561+00:00,2026-09-19T05:47:13.757+00:00,True,84,84.0,,84.0,85117.479846,93313.76503000001,93313.76504700001,1110.8781553214285,44.202386,85117.479846,9276.318356783087,110.4020648,98.75042390361446,16.48667171966876,0.9001887339235999,13,64,,False,True,,439,56.69694568066818
48,2026-09-19T05:45:40.796+00:00,2026-09-19T05:47:07.480+00:00,2026-09-19T05:47:09.258+00:00,True,19,19.0,,19.0,86683.81064499999,88462.315093,88462.315083,4655.911320157894,48.534596,86683.81064499999,19863.970460829365,8772.667374699999,98.80580266666666,18.381783422094564,0.2147807230686354,13,64,,False,True,,91,56.69694568066818
49,2026-09-19T05:45:41.100+00:00,2026-09-19T05:47:09.363+00:00,2026-09-19T05:47:17.590+00:00,True,77,77.0,,77.0,88262.86785600001,96490.167184,96490.16732300002,1253.1190561428573,0.01702,88262.86785600001,10046.802100138982,112.499514,108.25393852631579,115.17250155306135,0.7980087738180243,13,64,,False,True,,355,56.69694568066818
50,2026-09-19T05:45:41.564+00:00,2026-09-19T05:47:11.793+00:00,2026-09-19T05:47:17.736+00:00,True,61,61.0,,61.0,90228.395607,96171.450199,96171.45028399999,1576.5811521967212,0.01711,90228.395607,11540.626419584298,116.43823699999999,99.05090986666666,132.3545985922705,0.6342838739956349,13,64,,False,True,,251,56.69694568066818
51,2026-09-19T05:45:41.917+00:00,2026-09-19T05:47:14.116+00:00,2026-09-19T05:47:15.598+00:00,True,17,17.0,,17.0,92198.879568,93680.994384,93680.994571,5510.646739470589,44.924745,92198.879568,22339.055979421686,18529.450599199998,92.632176,21.50189660620226,0.18146690384515676,13,64,,False,True,,80,56.69694568066818
52,2026-09-19T05:45:42.443+00:00,2026-09-19T05:47:17.617+00:00,2026-09-19T05:47:20.399+00:00,True,29,29.0,,29.0,95173.995429,97956.069285,97956.069131,3377.7954872758623,0.0,95173.995429,17656.54487996959,837.2016292000001,99.35978057142857,244.183819852552,0.2960510789344297,13,64,,False,True,,155,56.69694568066818
53,2026-09-19T05:45:42.819+00:00,2026-09-19T05:47:19.084+00:00,2026-09-19T05:47:20.527+00:00,True,16,16.0,,16.0,96264.46719400001,97707.138042,97707.13804900002,6106.696128062501,0.0,96264.46719400001,24044.35312045214,25064.881347250004,96.17805653333333,342.7992379091929,0.16375466849844994,13,64,,False,True,,49,56.69694568066818
54,2026-09-19T05:45:43.305+00:00,2026-09-19T05:47:21.500+00:00,2026-09-19T05:47:25.343+00:00,True,39,39.0,,39.0,98194.353518,102037.075054,102037.075033,2616.3352572564104,49.697824,98194.353518,15707.497535730448,114.6183427,101.12425094736842,17.810974889826483,0.3822140136745437,13,64,,False,True,,151,56.69694568066818
55,2026-09-19T05:45:43.620+00:00,2026-09-19T05:47:23.145+00:00,2026-09-19T05:47:32.481+00:00,True,96,96.0,,96.0,99524.140403,108860.347251,108860.347264,1133.9619506666666,46.499741,99524.140403,10147.625137436826,111.30682625,98.27586155789474,17.732756156522463,0.8818638046289913,13,64,,False,True,,534,56.69694568066818
56,2026-09-19T05:45:44.126+00:00,2026-09-19T05:47:26.138+00:00,2026-09-19T05:47:35.047+00:00,True,92,92.0,,92.0,102012.16854700001,110921.52637100001,110921.526234,1205.6687634130435,47.264697999999996,102012.16854700001,10625.310654771893,110.77366655000002,97.90503103296703,17.457633113150965,0.829415200186544,13,64,,True,True,,357,56.69694568066818
57,2026-09-19T05:45:44.422+00:00,2026-09-19T05:47:27.659+00:00,2026-09-19T05:47:35.615+00:00,True,82,82.0,,82.0,103236.80110899999,111192.817237,111192.817105,1356.0099646951219,46.421800000000005,103236.80110899999,11389.762097670153,110.44050354999999,98.22242133333333,16.254847375023417,0.7374577066900151,13,64,,True,True,,301,56.69694568066818
58,2026-09-19T05:45:44.853+00:00,2026-09-19T05:47:30.019+00:00,2026-09-19T05:47:37.438+00:00,True,76,76.0,,76.0,105166.63446500001,112585.85392100002,112585.85393400001,1481.3928149210528,46.211290999999996,105166.63446500001,12052.103893306956,112.11419249999999,98.92292608,16.25746736538878,0.6750404011975446,13,64,,True,True,,275,56.69694568066818
59,2026-09-19T05:45:45.273+00:00,2026-09-19T05:47:32.679+00:00,2026-09-19T05:47:39.748+00:00,True,74,74.0,,74.0,107406.245517,114475.175565,114475.175582,1546.9618321891892,43.550917,107406.245517,12474.482574460282,112.238742,96.83465819178082,20.704756931501784,0.6464283599895608,13,64,,True,True,,357,56.69694568066818
60,2026-09-19T05:45:45.626+00:00,2026-09-19T05:47:34.240+00:00,2026-09-19T05:47:35.917+00:00,True,18,18.0,,18.0,108614.850414,110291.620974,110291.621157,6127.3122865,48.923855,108614.850414,25577.52389953777,16387.06964155,98.63356235294117,18.505407095699518,0.16320369436081908,13,64,,True,True,,81,56.69694568066818
61,2026-09-19T05:45:46.097+00:00,2026-09-19T05:47:36.657+00:00,2026-09-19T05:47:38.742+00:00,True,23,23.0,,23.0,110560.185418,112644.460106,112644.460058,4897.585219913043,44.929773999999995,110560.185418,23033.648565739935,110.4849563,94.73975854545455,22.925230395680604,0.20418225608571147,13,64,,True,True,,102,56.69694568066818
62,2026-09-19T05:45:46.541+00:00,2026-09-19T05:47:39.065+00:00,2026-09-19T05:47:42.711+00:00,True,39,39.0,,39.0,112523.48452,116169.525352,116169.525264,2978.705776,45.658983,112523.48452,18002.826993722574,111.61405069999999,95.94844294736843,22.09721469157029,0.33571627224806055,13,64,,True,True,,160,56.69694568066818
63,2026-09-19T05:45:47.057+00:00,2026-09-19T05:47:42.183+00:00,2026-09-19T05:47:48.694+00:00,True,65,65.0,,65.0,115125.83545200001,121636.74770800001,121636.74756400002,1871.3345779076926,51.407488,115125.83545200001,14266.98860242435,110.818851,101.733004,11.526717934012733,0.5343779838313202,13,64,,True,True,,297,56.69694568066818
64,2026-09-19T05:45:47.434+00:00,2026-09-19T05:47:44.073+00:00,2026-09-19T05:47:48.010+00:00,True,40,40.0,,40.0,116639.450647,120575.957271,120575.957167,3014.398929175,49.232894,116639.450647,18426.361469871077,112.3683823,100.93606728205128,12.913865511776153,0.33174109420585535,13,64,,True,True,,187,56.69694568066818
65,2026-09-19T05:45:47.840+00:00,2026-09-19T05:47:46.049+00:00,2026-09-19T05:47:54.563+00:00,True,86,86.0,,86.0,118208.909571,126722.85977899999,126722.859857,1473.521626244186,51.451688000000004,118208.909571,12736.001130808021,111.788498,100.16412009411764,13.967871748961779,0.6786463006751966,13,64,,True,True,,344,56.69694568066818
66,2026-09-19T05:45:48.362+00:00,2026-09-19T05:47:49.113+00:00,2026-09-19T05:47:55.490+00:00,True,66,66.0,,66.0,120751.24537399999,127128.74041399999,127128.740352,1926.1930356363634,50.026112999999995,120751.24537399999,14851.382732352673,110.87304075,98.1153083076923,16.533156803260717,0.5191587660277941,13,64,,True,True,,232,56.69694568066818
67,2026-09-19T05:45:48.804+00:00,2026-09-19T05:47:51.435+00:00,2026-09-19T05:47:58.591+00:00,True,74,74.0,,74.0,122631.208264,129786.783816,129786.783836,1753.8754572432433,44.383865,122631.208264,14244.20340019964,111.83795085000001,98.02158290410958,16.80798479868673,0.5701659123082249,13,64,,True,True,,260,56.69694568066818
68,2026-09-19T05:45:49.227+00:00,2026-09-19T05:47:53.605+00:00,2026-09-19T05:48:01.970+00:00,True,86,86.0,,86.0,124378.033339,132742.41349900002,132742.413448,1543.5164354418605,47.509468,124378.033339,13401.427169215385,110.599444,98.40447247058823,16.58016050391739,0.6478713000095321,13,64,,True,True,,330,56.69694568066818
69,2026-09-19T05:45:49.616+00:00,2026-09-19T05:47:55.337+00:00,2026-09-19T05:47:55.691+00:00,True,5,5.0,,5.0,125720.15926,126074.303516,126074.303484,25214.8606968,46.79215,125720.15926,56184.17513730955,100597.1862962,88.536064,27.95435247789758,0.03965915226623047,13,64,,True,True,,17,56.69694568066818
70,2026-09-19T05:45:49.948+00:00,2026-09-19T05:47:57.009+00:00,2026-09-19T05:48:03.483+00:00,True,65,65.0,,65.0,127060.962826,133534.564874,133534.565087,2054.3779244153848,44.523145,127060.962826,15747.432888093734,111.3942624,101.150032,14.090093801373314,0.48676535593112114,13,64,,True,True,,278,56.69694568066818
71,2026-09-19T05:45:50.490+00:00,2026-09-19T05:48:00.474+00:00,2026-09-19T05:48:09.940+00:00,True,96,96.0,,96.0,129984.13978,139450.235396,139450.23533999998,1452.606618125,46.567741000000005,129984.13978,13256.292402063911,110.87435375000001,99.64311174736842,17.531984909983784,0.6884176260254177,13,64,,True,True,,426,56.69694568066818
72,2026-09-19T05:45:50.954+00:00,2026-09-19T05:48:02.853+00:00,2026-09-19T05:48:02.853+00:00,True,1,1.0,,1.0,131899.142767,131899.142767,131899.142767,131899.142767,131899.142767,131899.142767,nan,131899.142767,nan,nan,0.0075815504105777335,13,64,,True,True,,3,56.69694568066818
73,2026-09-19T05:45:51.474+00:00,2026-09-19T05:48:05.342+00:00,2026-09-19T05:48:06.244+00:00,True,11,11.0,,11.0,133867.185637,134769.58512499998,134769.584988,12251.780453454545,52.241737,133867.185637,40335.27389130044,66987.69629549999,90.2399488,25.26112129328516,0.08162078995640895,13,64,,True,True,,46,56.69694568066818
74,2026-09-19T05:45:52.237+00:00,2026-09-19T05:48:09.728+00:00,2026-09-19T05:48:13.355+00:00,True,37,37.0,,37.0,137490.848901,141117.910661,141117.91069999998,3813.9975864864864,49.118252999999996,137490.848901,22586.798054320054,111.1027078,100.75171555555555,15.561045188757102,0.26219209047732517,13,64,,True,True,,75,56.69694568066818
75,2026-09-19T05:45:52.551+00:00,2026-09-19T05:48:11.320+00:00,2026-09-19T05:48:15.740+00:00,True,45,45.0,,45.0,138768.201866,143189.02593,143189.02578099997,3181.9783506888884,47.859576000000004,138768.201866,20671.369465546428,111.89470419999999,100.47327418181818,14.500908230508944,0.3142698939931255,13,64,,True,True,,167,56.69694568066818
76,2026-09-19T05:45:53.027+00:00,2026-09-19T05:48:13.770+00:00,2026-09-19T05:48:15.220+00:00,True,15,15.0,,15.0,140742.93476,142193.283816,142193.283987,9479.5522658,99.083806,140742.93476,36312.921164497144,42299.8141667,103.59636114285715,3.28871511928466,0.1054902144282018,13,64,,True,True,,66,56.69694568066818
77,2026-09-19T05:45:53.502+00:00,2026-09-19T05:48:16.481+00:00,2026-09-19T05:48:19.139+00:00,True,27,27.0,,27.0,142978.88990799998,145637.10328399998,145637.10311399997,5393.9667819999995,45.182473,142978.88990799998,27496.62906541392,113.7461779,102.238976,16.520443192754637,0.18539231686961383,13,64,,True,True,,82,56.69694568066818
78,2026-09-19T05:45:53.993+00:00,2026-09-19T05:48:19.671+00:00,2026-09-19T05:48:24.826+00:00,True,56,56.0,,56.0,145677.733833,150833.40512900002,150833.405114,2693.45366275,46.61979,145677.733833,19454.491231637334,109.04433024999999,93.73947810909091,21.50037374319511,0.3712705415097278,13,64,,True,True,,192,56.69694568066818
79,2026-09-19T05:45:54.473+00:00,2026-09-19T05:48:22.063+00:00,2026-09-19T05:48:31.233+00:00,True,96,96.0,,96.0,147589.395326,156759.889278,156759.889211,1632.9155126145833,44.917614,147589.395326,15053.441202541797,112.71438174999999,96.53151528421053,20.510554486697398,0.6124015552840331,13,64,,True,True,,458,56.69694568066818
80,2026-09-19T05:45:54.938+00:00,2026-09-19T05:48:24.669+00:00,2026-09-19T05:48:28.430+00:00,True,39,39.0,,39.0,149730.981816,153492.103352,153492.10345000002,3935.6949602564105,43.944916,149730.981816,23960.304532192487,114.038751,98.97688252631579,19.633640964922794,0.254084732362825,13,64,,True,True,,181,56.69694568066818
81,2026-09-19T05:45:55.389+00:00,2026-09-19T05:48:26.886+00:00,2026-09-19T05:48:31.131+00:00,True,44,44.0,,44.0,151496.98535499998,155742.36852299998,155742.36858399998,3539.5992859999997,44.564706,151496.98535499998,22824.153577059376,114.2729973,98.72984111627906,19.07307349080026,0.282517855720822,13,64,,True,True,,186,56.69694568066818
82,2026-09-19T05:45:55.867+00:00,2026-09-19T05:48:29.565+00:00,2026-09-19T05:48:34.839+00:00,True,53,53.0,,53.0,153697.86592699998,158971.117511,158971.11749999996,2999.4550471698108,47.937857,153697.86592699998,21098.100939575037,111.6009148,101.4086843076923,14.596592591642874,0.3333938946257497,13,64,,True,True,,245,56.69694568066818
83,2026-09-19T05:45:56.338+00:00,2026-09-19T05:48:32.021+00:00,2026-09-19T05:48:35.895+00:00,True,39,39.0,,39.0,155682.991857,159556.179185,159556.17922299998,4091.1840826410253,50.058341999999996,155682.991857,24912.91351451654,113.287538,101.92598231578948,15.45739236068299,0.2444280140023961,13,64,,True,True,,172,56.69694568066818
84,2026-09-19T05:45:56.675+00:00,2026-09-19T05:48:33.727+00:00,2026-09-19T05:48:40.786+00:00,True,71,71.0,,71.0,157051.386697,164110.71418500002,164110.71436,2311.418512112676,47.122559,157051.386697,18626.611581414814,114.3032215,100.84753554285714,18.91793998792357,0.4326347633827403,13,64,,True,True,,236,56.69694568066818
85,2026-09-19T05:45:57.041+00:00,2026-09-19T05:48:35.842+00:00,2026-09-19T05:48:41.538+00:00,True,57,57.0,,57.0,158800.593685,164496.912661,164496.912774,2885.910750421053,45.287023999999995,158800.593685,21020.187546064877,113.7932586,101.71998171428572,18.759350835134065,0.34651106259645886,13,64,,True,True,,247,56.69694568066818
86,2026-09-19T05:45:57.414+00:00,2026-09-19T05:48:37.934+00:00,2026-09-19T05:48:40.363+00:00,True,24,24.0,,24.0,160519.208602,162948.134042,162948.134038,6789.5055849166665,54.589561,160519.208602,32744.29164220243,115.2330824,105.60545391304349,11.748382931315216,0.14728612967003343,13,64,,True,True,,103,56.69694568066818
87,2026-09-19T05:45:57.930+00:00,2026-09-19T05:48:40.678+00:00,2026-09-19T05:48:40.790+00:00,True,2,2.0,,2.0,162747.953308,162860.141468,162860.141534,81430.070767,112.188226,162747.953308,115000.85235294452,154616.16505389998,112.18816,nan,0.012280475639848165,13,64,,True,True,,5,56.69694568066818
88,2026-09-19T05:45:58.398+00:00,2026-09-19T05:48:43.209+00:00,2026-09-19T05:48:51.995+00:00,True,90,90.0,,90.0,164810.925064,173597.53012,173597.530162,1928.8614462444446,43.321908,164810.925064,17362.199005207072,111.3675593,98.72589950561797,17.525784653398222,0.5184405557947,13,64,,True,True,,424,56.69694568066818
89,2026-09-19T05:45:58.736+00:00,2026-09-19T05:48:45.072+00:00,2026-09-19T05:48:50.218+00:00,True,54,54.0,,54.0,166336.00207800002,171481.249822,171481.24984300003,3175.5787007962967,46.784879000000004,166336.00207800002,22622.259342929072,111.0221636,97.08014611320755,18.531746618589583,0.31490323318760954,13,64,,True,True,,187,56.69694568066818
90,2026-09-19T05:45:59.048+00:00,2026-09-19T05:48:46.823+00:00,2026-09-19T05:48:54.881+00:00,True,81,81.0,,81.0,167774.987237,175832.729573,175832.7295,2170.774438271605,45.012774,167774.987237,18630.479868845334,110.17788,100.7217792,14.957147264733713,0.46066508889843205,13,64,,True,True,,381,56.69694568066818
91,2026-09-19T05:45:59.435+00:00,2026-09-19T05:48:48.751+00:00,2026-09-19T05:48:55.092+00:00,True,63,63.0,,63.0,169316.194111,175657.44083099999,175657.440663,2788.2133438571427,45.376083,169316.194111,21318.953516736685,112.1216051,102.27817290322581,13.1583466172786,0.35865261216353655,13,64,,True,True,,267,56.69694568066818
92,2026-09-19T05:45:59.976+00:00,2026-09-19T05:48:51.681+00:00,2026-09-19T05:48:51.681+00:00,True,1,1.0,,1.0,171705.322637,171705.322637,171705.322637,171705.322637,171705.322637,171705.322637,nan,171705.322637,nan,nan,0.005823931283214133,13,64,,True,True,,2,56.69694568066818
93,2026-09-19T05:46:00.451+00:00,2026-09-19T05:48:54.257+00:00,2026-09-19T05:48:58.582+00:00,True,44,44.0,,44.0,173806.04679499997,178131.48346699998,178131.48365899996,4048.4428104318176,44.881985,173806.04679499997,26187.08840779737,114.94326955000001,100.59155051162791,17.517593473894905,0.2470085531407551,13,64,,True,True,,150,56.69694568066818
94,2026-09-19T05:46:00.782+00:00,2026-09-19T05:48:55.502+00:00,2026-09-19T05:48:56.286+00:00,True,10,10.0,,10.0,174719.683938,175503.96733,175503.96735300001,17550.3967353,46.74749,174719.683938,55223.66494095172,96145.1310603,87.14259911111111,28.463458865474646,0.05697876892547395,13,64,,True,True,,37,56.69694568066818
95,2026-09-19T05:46:01.134+00:00,2026-09-19T05:48:57.683+00:00,2026-09-19T05:49:03.141+00:00,True,57,57.0,,57.0,176549.028555,182007.319243,182007.319245,3193.110863947368,48.663025000000005,176549.028555,23371.586750576178,110.72895360000001,97.46947657142857,17.99662966642934,0.3131742186911652,13,64,,True,True,,196,56.69694568066818
96,2026-09-19T05:46:01.450+00:00,2026-09-19T05:48:59.604+00:00,2026-09-19T05:49:05.323+00:00,True,58,58.0,,58.0,178153.786403,183872.715299,183872.715319,3170.219229637931,49.273194000000004,178153.786403,23379.56904025749,110.79320435,100.33208589473684,15.573006242026766,0.315435598510006,13,64,,True,True,,277,56.69694568066818
97,2026-09-19T05:46:01.822+00:00,2026-09-19T05:49:01.409+00:00,2026-09-19T05:49:11.317+00:00,True,100,100.0,,100.0,179587.136093,189494.764893,189494.76486300002,1894.94764863,46.292281,179587.136093,17948.716057080346,113.7853675,100.07705858585858,19.188754505942146,0.5277190641992983,13,64,,True,True,,387,56.69694568066818
98,2026-09-19T05:46:02.181+00:00,2026-09-19T05:49:03.990+00:00,2026-09-19T05:49:11.740+00:00,True,78,78.0,,78.0,181808.82718700002,189558.412083,189558.41210500002,2430.2360526282055,48.195916,181808.82718700002,20574.408593154956,114.22933785000001,100.64395968831168,18.618373636555113,0.41148266195565586,13,64,,True,True,,378,56.69694568066818
99,2026-09-19T05:46:02.719+00:00,2026-09-19T05:49:07.022+00:00,2026-09-19T05:49:09.337+00:00,True,24,24.0,,24.0,184303.39071500002,186617.664251,186617.66432,7775.736013333334,50.075432,184303.39071500002,37600.2377512491,114.1600965,100.62058852173912,19.325483165427627,0.1286051890978557,13,64,,True,True,,92,56.69694568066818
100,2026-09-19T05:46:03.093+00:00,2026-09-19T05:49:08.526+00:00,2026-09-19T05:49:17.342+00:00,True,88,88.0,,88.0,185432.41057,194248.677578,194248.677578,2207.3713361136365,44.964064,185432.41057,19756.366340683628,113.07444385,101.33640239080461,17.26006654023325,0.45302753716129596,13,64,,True,True,,310,56.69694568066818
101,2026-09-19T05:46:03.542+00:00,2026-09-19T05:49:11.050+00:00,2026-09-19T05:49:20.276+00:00,True,94,94.0,,94.0,187507.875898,196734.811962,196734.81202,2092.9235321276597,46.275891,187507.875898,19329.736255850446,112.88372129999999,99.21436627956989,18.47303029065387,0.47780054308922415,13,64,,True,True,,445,56.69694568066818
102,2026-09-19T05:46:03.959+00:00,2026-09-19T05:49:13.296+00:00,2026-09-19T05:49:17.556+00:00,True,43,43.0,,43.0,189337.375352,193596.907128,193596.907132,4502.253654232558,48.541556,189337.375352,28858.21801196449,117.37550080000001,101.41742323809524,17.145982862475734,0.22211098636803012,13,64,,True,True,,172,56.69694568066818
103,2026-09-19T05:46:04.296+00:00,2026-09-19T05:49:15.145+00:00,2026-09-19T05:49:18.877+00:00,True,37,37.0,,37.0,190849.038138,194581.186362,194581.186389,5258.950983486487,49.174944,190849.038138,31358.348041811874,116.44985519999999,103.670784,13.477399824410591,0.19015199101091396,13,64,,True,True,,175,56.69694568066818
104,2026-09-19T05:46:04.715+00:00,2026-09-19T05:49:17.559+00:00,2026-09-19T05:49:18.562+00:00,True,11,11.0,,11.0,192844.499294,193847.65500600002,193847.65506400002,17622.514096727275,48.274415999999995,192844.499294,58114.560726481046,96478.37082000001,100.31557120000001,18.791817620755292,0.056745592303706356,13,64,,True,True,,53,56.69694568066818
105,2026-09-19T05:46:05.092+00:00,2026-09-19T05:49:19.609+00:00,2026-09-19T05:49:24.274+00:00,True,47,47.0,,47.0,194517.489339,199182.344891,199182.344945,4237.92223287234,50.447122,194517.489339,28358.503179241598,111.5689113,101.40990330434782,14.051319178597272,0.2359646886661574,13,64,,True,True,,147,56.69694568066818
106,2026-09-19T05:46:05.433+00:00,2026-09-19T05:49:21.437+00:00,2026-09-19T05:49:23.743+00:00,True,24,24.0,,24.0,196003.37305599998,198310.12198399997,198310.12204899997,8262.921752041666,46.285302,196003.37305599998,39988.55229604542,113.32001125000001,100.29343165217391,17.397603502525886,0.12102256687601838,13,64,,True,True,,81,56.69694568066818
107,2026-09-19T05:46:05.910+00:00,2026-09-19T05:49:24.272+00:00,2026-09-19T05:49:34.388+00:00,True,98,98.0,,98.0,198362.198245,208477.990117,208477.990216,2127.3264307755103,50.257712,198362.198245,20027.07741994324,114.9208695,104.28651414432989,12.753264707032287,0.4700736031894848,13,64,,True,True,,444,56.69694568066818
108,2026-09-19T05:46:06.420+00:00,2026-09-19T05:49:26.994+00:00,2026-09-19T05:49:27.933+00:00,True,10,10.0,,10.0,200573.45411199998,201512.38684799997,201512.386874,20151.238687399997,97.285961,200573.45411199998,63393.90471283909,110364.67054194999,104.32585955555555,4.324885711690631,0.04962474097209201,13,64,,True,True,,27,56.69694568066818
109,2026-09-19T05:46:06.791+00:00,2026-09-19T05:49:28.991+00:00,2026-09-19T05:49:32.869+00:00,True,39,39.0,,39.0,202199.95216699998,206078.07159099999,206078.07151399998,5284.053115743589,46.141792,202199.95216699998,32361.56795535231,116.43051379999999,102.05577431578948,18.08029485903693,0.18924866531846582,13,64,,True,True,,166,56.69694568066818
110,2026-09-19T05:46:07.358+00:00,2026-09-19T05:49:30.011+00:00,2026-09-19T05:49:31.353+00:00,True,14,14.0,,14.0,202653.25277700002,203995.59236100002,203995.59218900002,14571.113727785716,52.128157,202653.25277700002,54133.765596386846,71002.2624074,103.25689107692307,15.854120869885671,0.0686289337821817,13,64,,True,True,,44,56.69694568066818
111,2026-09-19T05:46:07.646+00:00,2026-09-19T05:49:33.950+00:00,2026-09-19T05:49:36.613+00:00,True,26,26.0,,26.0,206304.354311,208967.18515900002,208967.185277,8037.19943373077,48.657035,206304.354311,40438.725509189695,114.92434500000002,106.51323392,12.464818370566288,0.12442144913909324,13,64,,True,True,,113,56.69694568066818
112,2026-09-19T05:46:07.967+00:00,2026-09-19T05:49:36.125+00:00,2026-09-19T05:49:38.682+00:00,True,27,27.0,,27.0,208157.124245,210714.489237,210714.489257,7804.240342851853,44.606685,208157.124245,40040.931866944135,112.89194029999999,98.360192,18.37948477230526,0.12813546945806795,13,64,,True,True,,98,56.69694568066818
113,2026-09-19T05:46:08.343+00:00,2026-09-19T05:49:38.368+00:00,2026-09-19T05:49:38.677+00:00,True,4,4.0,,4.0,210024.132081,210333.70545699997,210333.70547299998,52583.426368249995,96.283503,210024.132081,104960.47060686641,178536.86660595,103.19112533333333,6.439753921208274,0.019017399000835596,13,64,,True,True,,22,56.69694568066818
114,2026-09-19T05:46:08.777+00:00,2026-09-19T05:49:40.630+00:00,2026-09-19T05:49:42.249+00:00,True,18,18.0,,18.0,211853.281665,213472.082049,213472.082268,11859.560125999998,52.481129,211853.281665,49911.85677516234,31873.27745545,95.223552,20.139145071989923,0.08432015946641824,13,64,,True,True,,107,56.69694568066818
115,2026-09-19T05:46:09.270+00:00,2026-09-19T05:49:43.312+00:00,2026-09-19T05:49:47.542+00:00,True,46,46.0,,46.0,214042.452889,218272.365977,218272.365979,4745.0514343260875,44.313727,214042.452889,31544.987431476166,112.719726,93.99806862222222,23.74252566063717,0.2107458715357818,13,64,,True,True,,145,56.69694568066818
116,2026-09-19T05:46:09.581+00:00,2026-09-19T05:49:44.791+00:00,2026-09-19T05:49:49.306+00:00,True,48,48.0,,48.0,215209.39733100001,219724.672595,219724.672445,4577.597342604167,42.166762000000006,215209.39733100001,31048.942483756335,113.95844489999999,96.06968646808511,22.638925502404916,0.21845521230323714,13,64,,True,True,,223,56.69694568066818
117,2026-09-19T05:46:10.021+00:00,2026-09-19T05:49:47.071+00:00,2026-09-19T05:49:52.015+00:00,True,53,53.0,,53.0,217049.889014,221994.14834199997,221994.14838,4188.56883735849,43.38233,217049.889014,29801.041286732605,110.60748319999999,95.08191015384617,20.075112445909905,0.23874503177601425,13,64,,True,True,,298,56.69694568066818
118,2026-09-19T05:46:10.455+00:00,2026-09-19T05:49:49.152+00:00,2026-09-19T05:49:51.406+00:00,True,25,25.0,,25.0,218697.762032,220951.76088,220951.760882,8838.07043528,45.522755,218697.762032,43720.773623642555,110.2351122,93.91661866666666,20.355214328856384,0.11314686925522004,13,64,,True,True,,91,56.69694568066818
119,2026-09-19T05:46:10.839+00:00,2026-09-19T05:49:51.149+00:00,2026-09-19T05:49:52.633+00:00,True,16,16.0,,16.0,220310.158859,221793.786123,221793.786103,13862.1116314375,55.796351,220310.158859,55052.81388247194,55158.1361795,98.90848426666666,12.32885297626701,0.07213908143994122,13,64,,True,True,,61,56.69694568066818
120,2026-09-19T05:46:11.256+00:00,2026-09-19T05:49:53.490+00:00,2026-09-19T05:49:58.228+00:00,True,48,48.0,,48.0,222233.560052,226971.909108,226971.90903299997,4728.5814381875,46.980442000000004,222233.560052,32062.103601586008,112.68245424999999,100.81593736170213,15.567142876893952,0.2114799147993251,13,64,,True,True,,228,56.69694568066818
121,2026-09-19T05:46:11.766+00:00,2026-09-19T05:49:56.491+00:00,2026-09-19T05:50:02.492+00:00,True,62,62.0,,62.0,224725.0748,230726.242672,230726.242753,3721.3910121451613,45.856006,224725.0748,28527.625772780004,113.2691166,98.37980118032786,20.12237168736114,0.2687167236894638,13,64,,True,True,,271,56.69694568066818
122,2026-09-19T05:46:12.246+00:00,2026-09-19T05:49:58.756+00:00,2026-09-19T05:49:59.860+00:00,True,12,12.0,,12.0,226510.073053,227614.408669,227614.40854,18967.867378333332,54.251744,226510.073053,65358.84636231483,101991.60532384999,100.3941469090909,16.208788483473437,0.05272073973774905,13,64,,True,True,,52,56.69694568066818
123,2026-09-19T05:46:12.781+00:00,2026-09-19T05:50:02.224+00:00,2026-09-19T05:50:06.575+00:00,True,46,46.0,,46.0,229443.08406400002,233793.94179200003,233793.94190600002,5082.476997956523,47.473142,229443.08406400002,33815.28653653265,109.25349575000001,96.68572728888888,18.46434755045138,0.19675445671267616,13,64,,True,True,,170,56.69694568066818
124,2026-09-19T05:46:13.277+00:00,2026-09-19T05:50:04.630+00:00,2026-09-19T05:50:11.403+00:00,True,73,73.0,,73.0,231353.096871,238126.467751,238126.46758499998,3262.0064052739726,45.087637,231353.096871,27066.829176605046,110.14396199999999,94.07459555555555,20.837836263026677,0.3065597902217799,13,64,,True,True,,273,56.69694568066818
125,2026-09-19T05:46:13.679+00:00,2026-09-19T05:50:07.094+00:00,2026-09-19T05:50:12.040+00:00,True,53,53.0,,53.0,233415.440822,238361.298102,238361.298115,4497.382983301887,47.044383,233415.440822,32049.018361790106,114.39009519999999,95.11264,20.6140975708115,0.2223515328286228,13,64,,True,True,,231,56.69694568066818
126,2026-09-19T05:46:14.004+00:00,2026-09-19T05:50:09.296+00:00,2026-09-19T05:50:10.626+00:00,True,15,15.0,,15.0,235292.00638,236622.01342,236622.013188,15774.8008792,49.071267,235292.00638,60727.60854032139,70665.9428221,95.00050285714285,18.954218051582806,0.06339224226519981,13,64,,True,True,,51,56.69694568066818
127,2026-09-19T05:46:14.416+00:00,2026-09-19T05:50:11.511+00:00,2026-09-19T05:50:17.936+00:00,True,64,64.0,,64.0,237095.09321000002,243519.90191400002,243519.90185700002,3804.9984665156253,50.086844,237095.09321000002,29624.14352911208,113.72792865000001,101.98109053968254,16.48528306402304,0.2628121952127011,13,64,,True,True,,250,56.69694568066818
128,2026-09-19T05:46:14.712+00:00,2026-09-19T05:50:12.885+00:00,2026-09-19T05:50:17.345+00:00,True,45,45.0,,45.0,238173.552754,242633.35973,242633.359856,5391.852441244445,47.038462,238173.552754,35489.71229728974,117.6056032,101.35924945454545,19.213037974917064,0.18546501622891245,13,64,,True,True,,180,56.69694568066818
129,2026-09-19T05:46:15.231+00:00,2026-09-19T05:50:15.808+00:00,2026-09-19T05:50:17.508+00:00,True,19,19.0,,19.0,240577.271785,242276.819689,242276.81967099998,12751.411561631578,48.128329,240577.271785,55170.55524271031,24159.9399436,94.419328,24.559650075281468,0.07842269031098169,13,64,,True,True,,54,56.69694568066818
130,2026-09-19T05:46:15.636+00:00,2026-09-19T05:50:18.622+00:00,2026-09-19T05:50:21.480+00:00,True,31,31.0,,31.0,242986.310398,245843.85331,245843.853329,7930.446881580645,48.810407,242986.310398,43624.526815455974,113.882333,95.2514304,20.836197255430207,0.12609629886052162,13,64,,True,True,,140,56.69694568066818
131,2026-09-19T05:46:15.984+00:00,2026-09-19T05:50:20.254+00:00,2026-09-19T05:50:28.826+00:00,True,90,90.0,,90.0,244269.75183199998,252842.152216,252842.15218499998,2809.3572464999997,44.279057,244269.75183199998,25738.14634663815,110.40592244999999,96.31910543820224,18.57772151616566,0.355953306089224,13,64,,True,True,,378,56.69694568066818
132,2026-09-19T05:46:16.405+00:00,2026-09-19T05:50:22.077+00:00,2026-09-19T05:50:31.347+00:00,True,95,95.0,,95.0,245672.407007,254942.174175,254942.174183,2683.601833505263,47.556239999999995,245672.407007,25195.344287753825,110.200495,98.61454434042554,15.631098595215535,0.372633520944201,13,64,,True,True,,388,56.69694568066818
133,2026-09-19T05:46:16.716+00:00,2026-09-19T05:50:23.673+00:00,2026-09-19T05:50:27.262+00:00,True,40,40.0,,40.0,246957.398095,250545.96052700002,250545.96049300002,6263.6490123250005,45.751335,246957.398095,39032.85027286535,109.63271495,92.01442133333333,21.70444297021916,0.15965134666655068,13,64,,True,True,,174,56.69694568066818
134,2026-09-19T05:46:17.230+00:00,2026-09-19T05:50:26.651+00:00,2026-09-19T05:50:33.086+00:00,True,64,64.0,,64.0,249420.436557,255855.81089300002,255855.81109,3997.74704828125,47.83184,249420.436557,31164.787560043755,110.24964465000001,102.14879898412698,10.03722134091208,0.2501408890289581,13,64,,True,True,,244,56.69694568066818
135,2026-09-19T05:46:17.668+00:00,2026-09-19T05:50:28.937+00:00,2026-09-19T05:50:29.351+00:00,True,5,5.0,,5.0,251269.574111,251683.253215,251683.253169,50336.650633799996,96.962757,251269.574111,112324.91908999745,201037.7731838,103.419776,6.401307584397008,0.019866240348255345,13,64,,True,True,,18,56.69694568066818
136,2026-09-19T05:46:18.025+00:00,2026-09-19T05:50:30.816+00:00,2026-09-19T05:50:35.744+00:00,True,50,50.0,,50.0,252791.48435699998,257719.64794099997,257719.64792999998,5154.3929585999995,52.21219,252791.48435699998,35735.89347399091,111.37317095,100.57476702040817,13.04088344614261,0.19400926704450006,13,64,,True,True,,226,56.69694568066818
137,2026-09-19T05:46:18.411+00:00,2026-09-19T05:50:32.481+00:00,2026-09-19T05:50:41.032+00:00,True,87,87.0,,87.0,254069.398575,262620.779055,262620.778975,3018.6296433908046,45.744105000000005,254069.398575,27228.444550743894,114.419738,99.43465674418604,18.736804994313342,0.3312761477330772,13,64,,True,True,,365,56.69694568066818
138,2026-09-19T05:46:18.714+00:00,2026-09-19T05:50:34.331+00:00,2026-09-19T05:50:36.267+00:00,True,20,20.0,,20.0,255616.74904,257552.27544,257552.275504,12877.6137752,49.186307,255616.74904,57134.86544852908,12887.0092449,101.86981052631579,13.572794069930215,0.07765413823594522,13,64,,True,True,,85,56.69694568066818
139,2026-09-19T05:46:19.260+00:00,2026-09-19T05:50:37.274+00:00,2026-09-19T05:50:42.943+00:00,True,58,58.0,,58.0,258013.542916,263682.560516,263682.560423,4546.251041775862,46.940722,258013.542916,33865.78460484285,113.8404504,99.45644912280702,20.21317510534775,0.2199614562544443,13,64,,True,True,,274,56.69694568066818
140,2026-09-19T05:46:19.799+00:00,2026-09-19T05:50:40.287+00:00,2026-09-19T05:50:46.934+00:00,True,69,69.0,,69.0,260488.427653,267135.063685,267135.063821,3871.5226640724636,50.731404000000005,260488.427653,31347.35972495656,111.931898,97.74464752941176,18.21801871387822,0.258296305427592,13,64,,True,True,,173,56.69694568066818
141,2026-09-19T05:46:20.200+00:00,2026-09-19T05:50:42.622+00:00,2026-09-19T05:50:43.257+00:00,True,7,7.0,,7.0,262422.31649,263057.348298,263057.348408,37579.62120114286,99.40714100000001,262422.31649,99146.30939883016,183729.2966336,105.83863466666668,4.6669730280872495,0.02661016711865494,13,64,,True,True,,25,56.69694568066818
142,2026-09-19T05:46:20.728+00:00,2026-09-19T05:50:45.080+00:00,2026-09-19T05:50:50.332+00:00,True,56,56.0,,56.0,264351.59453,269604.491042,269604.490926,4814.365909392857,46.215413999999996,264351.59453,35312.71063727205,112.48921475000002,95.50720930909091,20.06494013131088,0.2077116734352771,13,64,,True,True,,253,56.69694568066818
143,2026-09-19T05:46:21.255+00:00,2026-09-19T05:50:48.069+00:00,2026-09-19T05:50:51.954+00:00,True,42,42.0,,42.0,266814.27371700003,270699.17176500004,270699.171762,6445.218375285715,44.370168,266814.27371700003,41155.72053077406,111.73165404999997,94.75361092682927,20.698722806699646,0.15515378095231536,13,64,,True,True,,188,56.69694568066818
144,2026-09-19T05:46:21.763+00:00,2026-09-19T05:50:50.731+00:00,2026-09-19T05:50:56.437+00:00,True,60,60.0,,60.0,268968.224072,274673.61492,274673.615,4577.8935833333335,43.147391000000006,268968.224072,34711.1692966783,110.00900594999999,96.70153979661018,18.782648057802923,0.21844107602936408,13,64,,True,True,,216,56.69694568066818
146,2026-09-19T05:46:22.795+00:00,2026-09-19T05:50:54.653+00:00,2026-09-19T05:50:58.332+00:00,True,38,38.0,,38.0,271857.41688800004,275537.22156000003,275537.22162400006,7250.979516421054,46.749252999999996,271857.41688800004,44084.96635744753,112.07010650000001,99.45418032432433,17.665355758164505,0.13791240176139052,13,64,,True,True,,150,56.69694568066818
145,2026-09-19T05:46:22.760+00:00,2026-09-19T05:50:55.537+00:00,2026-09-19T05:51:02.183+00:00,True,68,68.0,,68.0,272777.316575,279423.635935,279423.635904,4109.171116235294,46.330363,272777.316575,33067.083225776,111.79338670000001,99.19879641791044,17.111131938400664,0.2433580816184722,13,64,,True,True,,87,56.69694568066818
147,2026-09-19T05:46:22.877+00:00,2026-09-19T05:50:56.436+00:00,2026-09-19T05:51:04.372+00:00,True,80,80.0,,80.0,273558.775057,281495.012625,281495.012695,3518.6876586875,44.658688000000005,273558.775057,30573.573732177523,113.16379069999999,100.45870339240506,16.718707061922235,0.2841968646406316,13,64,,True,True,,362,56.69694568066818
148,2026-09-19T05:46:23.183+00:00,2026-09-19T05:50:58.426+00:00,2026-09-19T05:51:00.401+00:00,True,21,21.0,,21.0,275242.80874199996,277218.318246,277218.318299,13200.87229995238,45.317366,275242.80874199996,60041.35318505885,112.23734199999998,98.7754752,18.593773418598147,0.07575256979001246,13,64,,True,True,,74,56.69694568066818
149,2026-09-19T05:46:23.563+00:00,2026-09-19T05:51:00.402+00:00,2026-09-19T05:51:01.449+00:00,True,12,12.0,,12.0,276838.589454,277885.960718,277885.960881,23157.16340675,48.24199,276838.589454,79888.93340814188,124637.63798274999,95.21556945454546,21.81645778230307,0.04318318193907484,13,64,,True,True,,33,56.69694568066818
150,2026-09-19T05:46:23.930+00:00,2026-09-19T05:51:02.388+00:00,2026-09-19T05:51:03.938+00:00,True,16,16.0,,16.0,278458.43528,280008.606928,280008.606853,17500.5379283125,48.632968,278458.43528,69588.77421265736,69698.25288049999,103.34477653333333,15.376378260099901,0.05714110068093071,13,64,,True,True,,80,56.69694568066818
151,2026-09-19T05:46:24.295+00:00,2026-09-19T05:51:04.259+00:00,2026-09-19T05:51:09.847+00:00,True,60,60.0,,60.0,279964.18003600003,285552.113988,285552.11408300005,4759.201901383334,44.676687,279964.18003600003,36130.99952475728,112.65748945000001,94.71074494915254,21.69398742249744,0.21011926391314134,13,64,,True,True,,274,56.69694568066818
152,2026-09-19T05:46:24.728+00:00,2026-09-19T05:51:06.688+00:00,2026-09-19T05:51:16.150+00:00,True,98,98.0,,98.0,281960.071921,291421.412849,291421.41299000004,2973.6878876530614,44.156288999999994,281960.071921,28472.42120963437,109.28019655,97.53959719587628,18.245479749406723,0.33628277017097125,13,64,,True,True,,441,56.69694568066818
153,2026-09-19T05:46:25.052+00:00,2026-09-19T05:51:08.486+00:00,2026-09-19T05:51:09.639+00:00,True,13,13.0,,13.0,283434.756619,284587.68897099997,284587.68919299997,21891.360707153846,49.366076,283434.756619,78584.01314138746,113441.07080739998,96.077696,21.70670705341477,0.04568012076349769,13,64,,True,True,,55,56.69694568066818
154,2026-09-19T05:46:25.525+00:00,2026-09-19T05:51:10.985+00:00,2026-09-19T05:51:16.154+00:00,True,53,53.0,,53.0,285460.684687,290629.361807,290629.361766,5483.572863509434,44.872627,285460.684687,39197.39093832094,111.9728312,99.39763692307693,17.010139919348294,0.18236285442898928,13,64,,True,True,,171,56.69694568066818
155,2026-09-19T05:46:26.021+00:00,2026-09-19T05:51:13.753+00:00,2026-09-19T05:51:20.456+00:00,True,68,68.0,,68.0,287732.01237699995,294435.253849,294435.253895,4329.930204338235,46.186944000000004,287732.01237699995,34880.50270532897,111.96817885,100.04838017910448,16.013961172825354,0.23095060496686834,13,64,,True,True,,322,56.69694568066818
156,2026-09-19T05:46:26.512+00:00,2026-09-19T05:51:16.362+00:00,2026-09-19T05:51:24.655+00:00,True,84,84.0,,84.0,289849.951282,298142.773042,298142.773042,3549.318726690476,45.534816,289849.951282,31614.326846633146,113.4397098,99.9135151807229,19.395610001167533,0.28174420980570525,13,64,,True,True,,296,56.69694568066818
157,2026-09-19T05:46:27.023+00:00,2026-09-19T05:51:18.734+00:00,2026-09-19T05:51:24.704+00:00,True,61,61.0,,61.0,291710.915298,297680.577762,297680.577909,4880.009473918032,44.931837,291710.915298,37337.021544802636,117.80430899999999,99.49437440000001,19.597095036366273,0.20491763506576638,13,64,,True,True,,213,56.69694568066818
158,2026-09-19T05:46:27.336+00:00,2026-09-19T05:51:20.085+00:00,2026-09-19T05:51:20.190+00:00,True,2,2.0,,2.0,292749.306411,292853.987627,292853.98759100004,146426.99379550002,104.68118,292749.306411,206930.99897863594,278117.07514945004,104.681216,nan,0.006829341871715759,13,64,,True,True,,7,56.69694568066818
159,2026-09-19T05:46:27.741+00:00,2026-09-19T05:51:23.396+00:00,2026-09-19T05:51:27.780+00:00,False,45,44.0,,44.0,295654.532125,300038.47145300003,300038.471526,6667.521589466667,0.038,295654.532125,44058.728336816406,114.08842440000001,99.63498472727274,22.466378386254096,0.14664786081238398,13,64,,True,False,Request timeout: 300.0s exceeded,204,56.69694568066818
160,2026-09-19T05:46:28.193+00:00,2026-09-19T05:51:25.665+00:00,2026-09-19T05:51:28.303+00:00,False,28,27.0,,27.0,297472.206907,300109.83097099996,300109.830885,10718.208245892856,0.025,297472.206907,56198.50633612103,111.15128969999999,97.68978014814815,24.180508194749727,0.08996706276712757,13,64,,True,False,Request timeout: 300.0s exceeded,94,56.69694568066818
161,2026-09-19T05:46:28.608+00:00,2026-09-19T05:51:27.673+00:00,2026-09-19T05:51:28.726+00:00,False,12,11.0,,11.0,299064.731244,300118.078572,300118.078777,25009.839898083334,0.03749,299064.731244,86304.91372598326,134640.89923695,95.758848,31.976691207273138,0.03665224051926295,13,64,,True,False,Request timeout: 300.0s exceeded,49,56.69694568066818
162,2026-09-19T05:46:29.001+00:00,2026-09-19T05:51:29.067+00:00,2026-09-19T05:51:29.603+00:00,False,7,6.0,,6.0,300066.475497,300601.55645699997,300601.55644899997,42943.079492714285,0.03717,300066.475497,113380.7674090758,210080.5243119,89.18016,43.836215191822056,0.019959976490867837,13,64,,True,False,Request timeout: 300.0s exceeded,13,56.69694568066818
163,2026-09-19T05:46:29.435+00:00,2026-09-19T05:51:29.664+00:00,2026-09-19T05:51:29.664+00:00,False,1,0.0,,0.0,300228.673907,300228.673907,300228.673907,300228.673907,300228.673907,300228.673907,nan,300228.673907,nan,nan,0.0,13,64,,True,False,"HTTPConnectionPool(host='gpu03', port=9002): Read timed out.",0,56.69694568066818
164,2026-09-19T05:46:29.956+00:00,2026-09-19T05:51:30.006+00:00,2026-09-19T05:51:30.006+00:00,False,1,0.0,,0.0,300049.717644,300049.717644,300049.717644,300049.717644,300049.717644,300049.717644,nan,300049.717644,nan,nan,0.0,13,64,,True,False,"HTTPConnectionPool(host='gpu03', port=9002): Read timed out.",0,56.69694568066818
165,2026-09-19T05:46:30.269+00:00,2026-09-19T05:51:30.320+00:00,2026-09-19T05:51:30.320+00:00,False,1,0.0,,0.0,300051.17740600003,300051.17740600003,300051.17740600003,300051.17740600003,300051.17740600003,300051.17740600003,nan,300051.17740600003,nan,nan,0.0,13,64,,True,False,TTFT timeout: 300.0s exceeded (TTFT: 300.044s),0,56.69694568066818
166,2026-09-19T05:46:30.596+00:00,2026-09-19T05:51:30.700+00:00,2026-09-19T05:51:30.700+00:00,False,1,0.0,,0.0,300104.440061,300104.440061,300104.440061,300104.440061,300104.440061,300104.440061,nan,300104.440061,nan,nan,0.0,13,64,,True,False,"HTTPConnectionPool(host='gpu03', port=9002): Read timed out.",0,56.69694568066818
167,2026-09-19T05:46:30.897+00:00,2026-09-19T05:51:30.980+00:00,2026-09-19T05:51:30.980+00:00,False,1,0.0,,0.0,300082.94727600005,300082.94727600005,300082.94727600005,300082.94727600005,300082.94727600005,300082.94727600005,nan,300082.94727600005,nan,nan,0.0,13,64,,True,False,"HTTPConnectionPool(host='gpu03', port=9002): Read timed out.",0,56.69694568066818
168,2026-09-19T05:46:31.248+00:00,2026-09-19T05:51:30.987+00:00,2026-09-19T05:51:31.310+00:00,False,5,4.0,,4.0,299738.34625400003,300061.343246,300061.343333,60012.26866660001,0.05762,299738.34625400003,134010.95953018175,239812.902994,80.749248,54.01389280768224,0.013330607524211044,13,64,,True,False,Request timeout: 300.0s exceeded,11,56.69694568066818
169,2026-09-19T05:46:31.577+00:00,2026-09-19T05:51:31.208+00:00,2026-09-19T05:51:31.634+00:00,False,7,6.0,,6.0,299630.826497,300056.464129,300056.463901,42865.20912871428,0.03698,299630.826497,113223.00261887323,209778.07518919997,70.93960533333333,46.09972280822262,0.019996236433088423,13,64,,True,False,Request timeout: 300.0s exceeded,30,56.69694568066818
170,2026-09-19T05:46:32.039+00:00,2026-09-19T05:51:32.117+00:00,2026-09-19T05:51:32.117+00:00,False,1,0.0,,0.0,300078.748224,300078.748224,300078.748224,300078.748224,300078.748224,300078.748224,nan,300078.748224,nan,nan,0.0,13,64,,True,False,"HTTPConnectionPool(host='gpu03', port=9002): Read timed out.",0,56.69694568066818
171,2026-09-19T05:46:32.574+00:00,2026-09-19T05:51:32.654+00:00,2026-09-19T05:51:32.654+00:00,False,1,0.0,,0.0,300079.41410000005,300079.41410000005,300079.41410000005,300079.41410000005,300079.41410000005,300079.41410000005,nan,300079.41410000005,nan,nan,0.0,13,64,,True,False,"HTTPConnectionPool(host='gpu03', port=9002): Read timed out.",0,56.69694568066818
172,2026-09-19T05:46:33.089+00:00,2026-09-19T05:51:33.022+00:00,2026-09-19T05:51:33.141+00:00,False,3,2.0,,2.0,299933.025642,300051.90794600005,300051.908079,100017.302693,0.0208,299933.025642,173132.10488656381,269951.60924150003,59.441152,84.03315818905125,0.006665513356308795,13,64,,True,False,Request timeout: 300.0s exceeded,4,56.69694568066818
173,2026-09-19T05:46:33.635+00:00,2026-09-19T05:51:33.688+00:00,2026-09-19T05:51:33.688+00:00,False,1,0.0,,0.0,300052.583484,300052.583484,300052.583484,300052.583484,300052.583484,300052.583484,nan,300052.583484,nan,nan,0.0,13,64,,True,False,"HTTPConnectionPool(host='gpu03', port=9002): Read timed out.",0,56.69694568066818
174,2026-09-19T05:46:34.126+00:00,2026-09-19T05:51:34.140+00:00,2026-09-19T05:51:34.140+00:00,False,1,0.0,,0.0,300014.27339700004,300014.27339700004,300014.27339700004,300014.27339700004,300014.27339700004,300014.27339700004,nan,300014.27339700004,nan,nan,0.0,13,64,,True,False,TTFT timeout: 300.0s exceeded (TTFT: 300.007s),0,56.69694568066818
175,2026-09-19T05:46:34.470+00:00,2026-09-19T05:51:34.407+00:00,2026-09-19T05:51:34.549+00:00,False,3,2.0,,2.0,299936.761384,300078.648872,300078.64877800003,100026.21625933333,0.024300000000000002,299936.761384,173127.62508794462,269957.27155500004,70.943744,100.29521125648797,0.006664919372031396,13,64,,True,False,Request timeout: 300.0s exceeded,4,56.69694568066818
176,2026-09-19T05:46:35.012+00:00,2026-09-19T05:51:35.077+00:00,2026-09-19T05:51:35.077+00:00,False,1,0.0,,0.0,300064.78203500004,300064.78203500004,300064.78203500004,300064.78203500004,300064.78203500004,300064.78203500004,nan,300064.78203500004,nan,nan,0.0,13,64,,True,False,"HTTPConnectionPool(host='gpu03', port=9002): Read timed out.",0,56.69694568066818
177,2026-09-19T05:46:35.341+00:00,2026-09-19T05:51:35.428+00:00,2026-09-19T05:51:35.428+00:00,False,1,0.0,,0.0,300087.162061,300087.162061,300087.162061,300087.162061,300087.162061,300087.162061,nan,300087.162061,nan,nan,0.0,13,64,,True,False,"HTTPConnectionPool(host='gpu03', port=9002): Read timed out.",0,56.69694568066818
178,2026-09-19T05:46:35.726+00:00,2026-09-19T05:51:35.751+00:00,2026-09-19T05:51:35.751+00:00,False,1,0.0,,0.0,300025.31020300003,300025.31020300003,300025.31020300003,300025.31020300003,300025.31020300003,300025.31020300003,nan,300025.31020300003,nan,nan,0.0,13,64,,True,False,TTFT timeout: 300.0s exceeded (TTFT: 300.016s),0,56.69694568066818
179,2026-09-19T05:46:36.113+00:00,2026-09-19T05:51:36.019+00:00,2026-09-19T05:51:36.150+00:00,False,3,2.0,,2.0,299905.325487,300036.966831,300036.96670499997,100012.322235,0.044109999999999996,299905.325487,173112.43135135004,269927.9526491,65.820672,93.02185433666065,0.0066658452827465355,13,64,,True,False,Request timeout: 300.0s exceeded,5,56.69694568066818
180,2026-09-19T05:46:36.558+00:00,2026-09-19T05:51:36.678+00:00,2026-09-19T05:51:36.678+00:00,False,1,0.0,,0.0,300120.025946,300120.025946,300120.025946,300120.025946,300120.025946,300120.025946,nan,300120.025946,nan,nan,0.0,13,64,,True,False,"HTTPConnectionPool(host='gpu03', port=9002): Read timed out.",0,56.69694568066818
181,2026-09-19T05:46:37.685+00:00,2026-09-19T05:51:37.332+00:00,2026-09-19T05:51:37.894+00:00,False,7,6.0,,6.0,299647.583348,300209.393524,300209.393559,42887.05622271429,0.04557,299647.583348,113220.75814562735,209791.28284789997,93.63502933333334,46.430924137967374,0.01998605016841465,13,64,,True,False,Request timeout: 300.0s exceeded,28,56.69694568066818
182,2026-09-19T05:46:37.731+00:00,2026-09-19T05:51:37.457+00:00,2026-09-19T05:51:37.995+00:00,False,7,6.0,,6.0,299726.51961,300264.118586,300264.118746,42894.87410657143,0.03961,299726.51961,113252.11768139177,209842.595463,89.59982933333333,44.27617266162439,0.019982407582548073,13,64,,True,False,Request timeout: 300.0s exceeded,31,56.69694568066818
183,2026-09-19T05:46:37.991+00:00,2026-09-19T05:51:38.034+00:00,2026-09-19T05:51:38.034+00:00,False,1,0.0,,0.0,300042.867166,300042.867166,300042.867166,300042.867166,300042.867166,300042.867166,nan,300042.867166,nan,nan,0.0,13,64,,True,False,"HTTPConnectionPool(host='gpu03', port=9002): Read timed out.",0,56.69694568066818
184,2026-09-19T05:46:38.368+00:00,2026-09-19T05:51:38.401+00:00,2026-09-19T05:51:38.401+00:00,False,1,0.0,,0.0,300032.771089,300032.771089,300032.771089,300032.771089,300032.771089,300032.771089,nan,300032.771089,nan,nan,0.0,13,64,,True,False,"HTTPConnectionPool(host='gpu03', port=9002): Read timed out.",0,56.69694568066818
185,2026-09-19T05:46:38.724+00:00,2026-09-19T05:51:39.173+00:00,2026-09-19T05:51:39.474+00:00,False,5,4.0,,4.0,300448.865982,300749.869758,300749.86957100005,60149.9739142,0.0251,300448.865982,134331.1808949816,240395.4000344,75.250944,76.87934001652255,0.01330008888522087,13,64,,True,False,Request timeout: 300.0s exceeded,19,56.69694568066818
186,2026-09-19T05:46:39.191+00:00,2026-09-19T05:51:39.362+00:00,2026-09-19T05:51:39.575+00:00,False,6,5.0,,5.0,300170.488134,300383.538246,300383.538296,50063.92304933333,0.049049999999999996,300170.488134,122526.69521221488,225144.431515,42.6100224,25.09987094992954,0.016645386192585678,13,64,,True,False,Request timeout: 300.0s exceeded,16,56.69694568066818
187,2026-09-19T05:46:39.683+00:00,2026-09-19T05:51:39.782+00:00,2026-09-19T05:51:39.782+00:00,False,1,0.0,,0.0,300098.628515,300098.628515,300098.628515,300098.628515,300098.628515,300098.628515,nan,300098.628515,nan,nan,0.0,13,64,,True,False,"HTTPConnectionPool(host='gpu03', port=9002): Read timed out.",0,56.69694568066818
188,2026-09-19T05:46:40.228+00:00,2026-09-19T05:51:40.334+00:00,2026-09-19T05:51:40.334+00:00,False,1,0.0,,0.0,300105.29551599995,300105.29551599995,300105.29551599995,300105.29551599995,300105.29551599995,300105.29551599995,nan,300105.29551599995,nan,nan,0.0,13,64,,True,False,"HTTPConnectionPool(host='gpu03', port=9002): Read timed out.",0,56.69694568066818
189,2026-09-19T05:46:40.633+00:00,2026-09-19T05:51:40.727+00:00,2026-09-19T05:51:40.727+00:00,False,1,0.0,,0.0,300093.98164300004,300093.98164300004,300093.98164300004,300093.98164300004,300093.98164300004,300093.98164300004,nan,300093.98164300004,nan,nan,0.0,13,64,,True,False,"HTTPConnectionPool(host='gpu03', port=9002): Read timed out.",0,56.69694568066818
190,2026-09-19T05:46:41.138+00:00,2026-09-19T05:51:40.950+00:00,2026-09-19T05:51:41.173+00:00,False,4,3.0,,3.0,299811.931616,300034.637536,300034.637535,75008.65938375,0.02364,299811.931616,149868.8583855253,254860.09239785,74.23530666666667,67.82179000148874,0.009998845548757821,13,64,,True,False,Request timeout: 300.0s exceeded,13,56.69694568066818
191,2026-09-19T05:46:41.541+00:00,2026-09-19T05:51:41.083+00:00,2026-09-19T05:51:41.624+00:00,False,8,7.0,,7.0,299542.950114,300083.109346,300083.109344,37510.388668,0.04548,299542.950114,105877.14962099613,194738.91233115003,77.16560457142857,38.94983724389358,0.023326871063338996,13,64,,True,False,Request timeout: 300.0s exceeded,32,56.69694568066818
192,2026-09-19T05:46:41.942+00:00,2026-09-19T05:51:42.010+00:00,2026-09-19T05:51:42.010+00:00,False,1,0.0,,0.0,300067.968499,300067.968499,300067.968499,300067.968499,300067.968499,300067.968499,nan,300067.968499,nan,nan,0.0,13,64,,True,False,"HTTPConnectionPool(host='gpu03', port=9002): Read timed out.",0,56.69694568066818
193,2026-09-19T05:46:42.437+00:00,2026-09-19T05:51:42.537+00:00,2026-09-19T05:51:42.537+00:00,False,1,0.0,,0.0,300100.175401,300100.175401,300100.175401,300100.175401,300100.175401,300100.175401,nan,300100.175401,nan,nan,0.0,13,64,,True,False,TTFT timeout: 300.0s exceeded (TTFT: 300.091s),0,56.69694568066818
194,2026-09-19T05:46:42.964+00:00,2026-09-19T05:51:42.816+00:00,2026-09-19T05:51:43.034+00:00,False,4,3.0,,3.0,299852.314195,300070.508627,300070.50866399996,75017.62716599999,0.058309,299852.314195,149889.8001684557,254891.09337715,72.73147733333333,62.961750823130245,0.009997650264688704,13,64,,True,False,Request timeout: 300.0s exceeded,10,56.69694568066818
195,2026-09-19T05:46:43.387+00:00,2026-09-19T05:51:43.499+00:00,2026-09-19T05:51:43.499+00:00,False,1,0.0,,0.0,300112.323392,300112.323392,300112.323392,300112.323392,300112.323392,300112.323392,nan,300112.323392,nan,nan,0.0,13,64,,True,False,"HTTPConnectionPool(host='gpu03', port=9002): Read timed out.",0,56.69694568066818
196,2026-09-19T05:46:43.757+00:00,2026-09-19T05:51:43.874+00:00,2026-09-19T05:51:43.874+00:00,False,1,0.0,,0.0,300117.284638,300117.284638,300117.284638,300117.284638,300117.284638,300117.284638,nan,300117.284638,nan,nan,0.0,13,64,,True,False,"HTTPConnectionPool(host='gpu03', port=9002): Read timed out.",0,56.69694568066818
197,2026-09-19T05:46:44.229+00:00,2026-09-19T05:51:44.341+00:00,2026-09-19T05:51:44.341+00:00,False,1,0.0,,0.0,300112.54362400004,300112.54362400004,300112.54362400004,300112.54362400004,300112.54362400004,300112.54362400004,nan,300112.54362400004,nan,nan,0.0,13,64,,True,False,"HTTPConnectionPool(host='gpu03', port=9002): Read timed out.",0,56.69694568066818
198,2026-09-19T05:46:44.760+00:00,2026-09-19T05:51:44.482+00:00,2026-09-19T05:51:44.628+00:00,True,2,2.0,,2.0,299722.060837,299868.311845,299868.311922,149934.155961,146.251085,299722.060837,211832.08655509027,284743.2703494,146.251008,nan,0.0066695943552508045,13,64,,True,True,,7,56.69694568066818
199,2026-09-19T05:46:45.062+00:00,2026-09-19T05:51:44.841+00:00,2026-09-19T05:51:45.099+00:00,False,5,4.0,,4.0,299778.686652,300036.60102,300036.60103,60007.320206000004,0.023899999999999998,299778.686652,134036.27578695727,239844.3156504,64.478592,50.65615523031343,0.013331706819773519,13,64,,True,False,Request timeout: 300.0s exceeded,14,56.69694568066818
200,2026-09-19T05:46:45.371+00:00,2026-09-19T05:51:45.486+00:00,2026-09-19T05:51:45.486+00:00,False,1,0.0,,0.0,300115.518295,300115.518295,300115.518295,300115.518295,300115.518295,300115.518295,nan,300115.518295,nan,nan,0.0,13,64,,True,False,"HTTPConnectionPool(host='gpu03', port=9002): Read timed out.",0,56.69694568066818
201,2026-09-19T05:46:45.721+00:00,2026-09-19T05:51:45.811+00:00,2026-09-19T05:51:45.811+00:00,False,1,0.0,,0.0,300089.803532,300089.803532,300089.803532,300089.803532,300089.803532,300089.803532,nan,300089.803532,nan,nan,0.0,13,64,,True,False,"HTTPConnectionPool(host='gpu03', port=9002): Read timed out.",0,56.69694568066818
202,2026-09-19T05:46:46.181+00:00,2026-09-19T05:51:46.171+00:00,2026-09-19T05:51:46.286+00:00,False,3,2.0,,2.0,299990.757462,300104.962646,300104.96276,100034.98758666667,0.02053,299990.757462,173166.7857534933,270003.1001926,57.102592,80.7262969593,0.006664334979222501,13,64,,True,False,Request timeout: 300.0s exceeded,4,56.69694568066818
203,2026-09-19T05:46:46.654+00:00,2026-09-19T05:51:46.390+00:00,2026-09-19T05:51:46.683+00:00,False,5,4.0,,4.0,299736.76107999997,300029.88517599995,300029.885127,60005.977025399996,0.03739,299736.76107999997,134013.5890483696,239809.60460760002,73.281024,48.88495590770063,0.013332005235590342,13,64,,True,False,Request timeout: 300.0s exceeded,14,56.69694568066818
204,2026-09-19T05:46:47.037+00:00,2026-09-19T05:51:47.064+00:00,2026-09-19T05:51:47.064+00:00,False,1,0.0,,0.0,300027.519931,300027.519931,300027.519931,300027.519931,300027.519931,300027.519931,nan,300027.519931,nan,nan,0.0,13,64,,True,False,"HTTPConnectionPool(host='gpu03', port=9002): Read timed out.",0,56.69694568066818
205,2026-09-19T05:46:47.509+00:00,2026-09-19T05:51:47.545+00:00,2026-09-19T05:51:47.545+00:00,False,1,0.0,,0.0,300035.339368,300035.339368,300035.339368,300035.339368,300035.339368,300035.339368,nan,300035.339368,nan,nan,0.0,13,64,,True,False,TTFT timeout: 300.0s exceeded (TTFT: 300.028s),0,56.69694568066818
206,2026-09-19T05:46:47.805+00:00,2026-09-19T05:51:47.825+00:00,2026-09-19T05:51:47.825+00:00,False,1,0.0,,0.0,300020.05924800003,300020.05924800003,300020.05924800003,300020.05924800003,300020.05924800003,300020.05924800003,nan,300020.05924800003,nan,nan,0.0,13,64,,True,False,TTFT timeout: 300.0s exceeded (TTFT: 300.014s),0,56.69694568066818
207,2026-09-19T05:46:48.134+00:00,2026-09-19T05:51:48.067+00:00,2026-09-19T05:51:48.165+00:00,False,3,2.0,,2.0,299932.888195,300031.035011,300031.03503,100010.34501,0.03674,299932.888195,173138.00813156072,269949.410385,49.073408,69.34850761537699,0.006665977071094243,13,64,,True,False,Request timeout: 300.0s exceeded,4,56.69694568066818
208,2026-09-19T05:46:48.498+00:00,2026-09-19T05:51:48.544+00:00,2026-09-19T05:51:48.544+00:00,False,1,0.0,,0.0,300046.325413,300046.325413,300046.325413,300046.325413,300046.325413,300046.325413,nan,300046.325413,nan,nan,0.0,13,64,,True,False,"HTTPConnectionPool(host='gpu03', port=9002): Read timed out.",0,56.69694568066818
209,2026-09-19T05:46:48.931+00:00,2026-09-19T05:51:48.974+00:00,2026-09-19T05:51:48.974+00:00,False,1,0.0,,0.0,300043.124022,300043.124022,300043.124022,300043.124022,300043.124022,300043.124022,nan,300043.124022,nan,nan,0.0,13,64,,True,False,"HTTPConnectionPool(host='gpu03', port=9002): Read timed out.",0,56.69694568066818
210,2026-09-19T05:46:49.418+00:00,2026-09-19T05:51:49.391+00:00,2026-09-19T05:51:49.521+00:00,False,3,2.0,,2.0,299972.87169700005,300103.46088100004,300103.46083600004,100034.48694533335,0.03472,299972.87169700005,173151.73268459397,269988.63996920007,65.294592,92.29126029663021,0.006664368328604712,13,64,,True,False,Request timeout: 300.0s exceeded,5,56.69694568066818
211,2026-09-19T05:46:49.777+00:00,2026-09-19T05:51:49.522+00:00,2026-09-19T05:51:49.864+00:00,False,5,4.0,,4.0,299745.770915,300087.690915,300087.691035,60017.538207,0.02872,299745.770915,134012.16580577657,239822.94485139998,85.48,58.84781317468985,0.013329437098214741,13,64,,True,False,Request timeout: 300.0s exceeded,20,56.69694568066818
212,2026-09-19T05:46:50.309+00:00,2026-09-19T05:51:50.413+00:00,2026-09-19T05:51:50.413+00:00,False,1,0.0,,0.0,300103.937025,300103.937025,300103.937025,300103.937025,300103.937025,300103.937025,nan,300103.937025,nan,nan,0.0,13,64,,True,False,"HTTPConnectionPool(host='gpu03', port=9002): Read timed out.",0,56.69694568066818
213,2026-09-19T05:46:50.806+00:00,2026-09-19T05:51:51.000+00:00,2026-09-19T05:51:51.466+00:00,False,6,5.0,,5.0,300194.12937800004,300659.52893000003,300659.528884,50109.92148066667,0.02428,300194.12937800004,122515.75021132888,225181.52289500006,93.0799104,54.77604989450814,0.01663010654541439,13,64,,True,False,Request timeout: 300.0s exceeded,24,56.69694568066818
214,2026-09-19T05:46:51.115+00:00,2026-09-19T05:51:51.253+00:00,2026-09-19T05:51:51.568+00:00,False,5,4.0,,4.0,300138.014492,300452.856092,300452.855928,60090.5711856,0.038549999999999994,300138.014492,134190.60802936277,240132.87450239997,78.7104,52.712186185180364,0.01331323673213871,13,64,,True,False,Request timeout: 300.0s exceeded,12,56.69694568066818
215,2026-09-19T05:46:51.470+00:00,2026-09-19T05:51:51.614+00:00,2026-09-19T05:51:51.614+00:00,False,1,0.0,,0.0,300143.64673900005,300143.64673900005,300143.64673900005,300143.64673900005,300143.64673900005,300143.64673900005,nan,300143.64673900005,nan,nan,0.0,13,64,,True,False,"HTTPConnectionPool(host='gpu03', port=9002): Read timed out.",0,56.69694568066818
216,2026-09-19T05:46:51.859+00:00,2026-09-19T05:51:51.881+00:00,2026-09-19T05:51:51.881+00:00,False,1,0.0,,0.0,300022.448773,300022.448773,300022.448773,300022.448773,300022.448773,300022.448773,nan,300022.448773,nan,nan,0.0,13,64,,True,False,"HTTPConnectionPool(host='gpu03', port=9002): Read timed out.",0,56.69694568066818
217,2026-09-19T05:46:52.210+00:00,2026-09-19T05:51:52.248+00:00,2026-09-19T05:51:52.248+00:00,False,1,0.0,,0.0,300037.831236,300037.831236,300037.831236,300037.831236,300037.831236,300037.831236,nan,300037.831236,nan,nan,0.0,13,64,,True,False,"HTTPConnectionPool(host='gpu03', port=9002): Read timed out.",0,56.69694568066818
218,2026-09-19T05:46:52.655+00:00,2026-09-19T05:51:52.745+00:00,2026-09-19T05:51:52.745+00:00,False,1,0.0,,0.0,300090.326508,300090.326508,300090.326508,300090.326508,300090.326508,300090.326508,nan,300090.326508,nan,nan,0.0,13,64,,True,False,"HTTPConnectionPool(host='gpu03', port=9002): Read timed out.",0,56.69694568066818
219,2026-09-19T05:46:53.137+00:00,2026-09-19T05:51:52.990+00:00,2026-09-19T05:51:53.165+00:00,False,4,3.0,,3.0,299852.704528,300027.89275199996,300027.892517,75006.97312925,0.02377,299852.704528,149897.16001379996,254888.74843945,58.396074666666664,50.84107769630338,0.009999070328037034,13,64,,True,False,Request timeout: 300.0s exceeded,13,56.69694568066818
220,2026-09-19T05:46:53.623+00:00,2026-09-19T05:51:53.163+00:00,2026-09-19T05:51:53.681+00:00,False,7,6.0,,6.0,299539.905152,300057.672832,300057.67276000004,42865.38182285715,0.08391,299539.905152,113182.83267158725,209709.25077860002,86.29461333333333,42.242382380421276,0.01999615588353694,13,64,,True,False,Request timeout: 300.0s exceeded,18,56.69694568066818
221,2026-09-19T05:46:54.159+00:00,2026-09-19T05:51:54.264+00:00,2026-09-19T05:51:54.264+00:00,False,1,0.0,,0.0,300105.809683,300105.809683,300105.809683,300105.809683,300105.809683,300105.809683,nan,300105.809683,nan,nan,0.0,13,64,,True,False,"HTTPConnectionPool(host='gpu03', port=9002): Read timed out.",0,56.69694568066818
222,2026-09-19T05:46:54.576+00:00,2026-09-19T05:51:54.533+00:00,2026-09-19T05:51:54.645+00:00,False,3,2.0,,2.0,299956.768053,300069.23755699996,300069.237548,100023.07918266665,0.02958,299956.768053,173147.66275637478,269972.3352392,56.234752,79.48595246913929,0.006665128409306162,13,64,,True,False,Request timeout: 300.0s exceeded,3,56.69694568066818
223,2026-09-19T05:46:55.721+00:00,2026-09-19T05:51:55.479+00:00,2026-09-19T05:51:55.924+00:00,False,6,5.0,,5.0,299758.012346,300203.02738600003,300203.027282,50033.83788033333,0.06858,299758.012346,122339.3690891413,224849.12011650004,89.003008,50.42463316168176,0.01665539499563746,13,64,,True,False,Request timeout: 300.0s exceeded,21,56.69694568066818
224,2026-09-19T05:46:55.767+00:00,2026-09-19T05:51:55.924+00:00,2026-09-19T05:51:56.026+00:00,False,3,2.0,,2.0,300157.442168,300258.991224,300258.99141899997,100086.330473,0.02879,300157.442168,173266.67272240986,270151.84999729996,50.774528,71.7654777894321,0.0066609162704738285,13,64,,True,False,Request timeout: 300.0s exceeded,4,56.69694568066818
225,2026-09-19T05:46:55.814+00:00,2026-09-19T05:51:56.109+00:00,2026-09-19T05:51:56.109+00:00,False,1,0.0,,0.0,300294.922805,300294.922805,300294.922805,300294.922805,300294.922805,300294.922805,nan,300294.922805,nan,nan,0.0,13,64,,True,False,"HTTPConnectionPool(host='gpu03', port=9002): Read timed out.",0,56.69694568066818
226,2026-09-19T05:46:56.272+00:00,2026-09-19T05:51:56.298+00:00,2026-09-19T05:51:56.298+00:00,False,1,0.0,,0.0,300025.231567,300025.231567,300025.231567,300025.231567,300025.231567,300025.231567,nan,300025.231567,nan,nan,0.0,13,64,,True,False,"HTTPConnectionPool(host='gpu03', port=9002): Read timed out.",0,56.69694568066818
227,2026-09-19T05:46:56.632+00:00,2026-09-19T05:51:56.720+00:00,2026-09-19T05:51:56.720+00:00,False,1,0.0,,0.0,300087.543834,300087.543834,300087.543834,300087.543834,300087.543834,300087.543834,nan,300087.543834,nan,nan,0.0,13,64,,True,False,"HTTPConnectionPool(host='gpu03', port=9002): Read timed out.",0,56.69694568066818
228,2026-09-19T05:46:57.105+00:00,2026-09-19T05:51:57.193+00:00,2026-09-19T05:51:57.193+00:00,False,1,0.0,,0.0,300087.266732,300087.266732,300087.266732,300087.266732,300087.266732,300087.266732,nan,300087.266732,nan,nan,0.0,13,64,,True,False,"HTTPConnectionPool(host='gpu03', port=9002): Read timed out.",0,56.69694568066818
229,2026-09-19T05:46:57.558+00:00,2026-09-19T05:51:57.290+00:00,2026-09-19T05:51:57.609+00:00,False,5,4.0,,4.0,299732.71143300005,300051.98311300005,300051.9832690001,60010.39665380001,0.02212,299732.71143300005,134008.85617215757,239810.52579660004,79.81792,54.394930106553225,0.013331023373018646,13,64,,True,False,Request timeout: 300.0s exceeded,7,56.69694568066818
230,2026-09-19T05:46:57.851+00:00,2026-09-19T05:51:57.408+00:00,2026-09-19T05:51:57.914+00:00,False,7,6.0,,6.0,299557.379911,300062.696775,300062.696818,42866.09954542857,0.025949000000000003,299557.379911,113190.22153233914,209721.1966522,84.21947733333333,41.27530923708417,0.01999582108834761,13,64,,True,False,Request timeout: 300.0s exceeded,27,56.69694568066818
231,2026-09-19T05:46:58.233+00:00,2026-09-19T05:51:58.311+00:00,2026-09-19T05:51:58.311+00:00,False,1,0.0,,0.0,300077.686408,300077.686408,300077.686408,300077.686408,300077.686408,300077.686408,nan,300077.686408,nan,nan,0.0,13,64,,True,False,"HTTPConnectionPool(host='gpu03', port=9002): Read timed out.",0,56.69694568066818
232,2026-09-19T05:46:58.676+00:00,2026-09-19T05:51:58.752+00:00,2026-09-19T05:51:58.752+00:00,False,1,0.0,,0.0,300076.391993,300076.391993,300076.391993,300076.391993,300076.391993,300076.391993,nan,300076.391993,nan,nan,0.0,13,64,,True,False,"HTTPConnectionPool(host='gpu03', port=9002): Read timed out.",0,56.69694568066818
233,2026-09-19T05:46:58.972+00:00,2026-09-19T05:51:58.928+00:00,2026-09-19T05:51:59.074+00:00,False,3,2.0,,2.0,299955.973136,300102.157584,300102.157497,100034.052499,0.04935,299955.973136,173137.4774525876,269974.9893235,73.092224,103.2981410211225,0.006664397270919956,13,64,,True,False,Request timeout: 300.0s exceeded,4,56.69694568066818
234,2026-09-19T05:46:59.520+00:00,2026-09-19T05:51:59.312+00:00,2026-09-19T05:51:59.621+00:00,False,5,4.0,,4.0,299792.40939700004,300101.616181,300101.61623800005,60020.323247600005,0.05343,299792.40939700004,134036.67854329644,239856.8048214,77.301696,52.15097241685891,0.013328818587859533,13,64,,True,False,Request timeout: 300.0s exceeded,15,56.69694568066818
235,2026-09-19T05:46:59.978+00:00,2026-09-19T05:52:00.090+00:00,2026-09-19T05:52:00.090+00:00,False,1,0.0,,0.0,300111.845142,300111.845142,300111.845142,300111.845142,300111.845142,300111.845142,nan,300111.845142,nan,nan,0.0,13,64,,True,False,"HTTPConnectionPool(host='gpu03', port=9002): Read timed out.",0,56.69694568066818
236,2026-09-19T05:47:00.448+00:00,2026-09-19T05:52:00.554+00:00,2026-09-19T05:52:00.554+00:00,False,1,0.0,,0.0,300105.868823,300105.868823,300105.868823,300105.868823,300105.868823,300105.868823,nan,300105.868823,nan,nan,0.0,13,64,,True,False,TTFT timeout: 300.0s exceeded (TTFT: 300.085s),0,56.69694568066818
237,2026-09-19T05:47:00.884+00:00,2026-09-19T05:52:00.801+00:00,2026-09-19T05:52:00.911+00:00,False,3,2.0,,2.0,299916.93308,300027.569112,300027.569258,100009.18975266666,0.02631,299916.93308,173125.19296408325,269936.3007588,55.318016,78.19419848755922,0.0066660540760286,13,64,,True,False,Request timeout: 300.0s exceeded,4,56.69694568066818
238,2026-09-19T05:47:01.417+00:00,2026-09-19T05:52:01.466+00:00,2026-09-19T05:52:01.466+00:00,False,1,0.0,,0.0,300048.27487699996,300048.27487699996,300048.27487699996,300048.27487699996,300048.27487699996,300048.27487699996,nan,300048.27487699996,nan,nan,0.0,13,64,,True,False,"HTTPConnectionPool(host='gpu03', port=9002): Read timed out.",0,56.69694568066818
239,2026-09-19T05:47:01.851+00:00,2026-09-19T05:52:01.931+00:00,2026-09-19T05:52:01.931+00:00,False,1,0.0,,0.0,300080.92790899996,300080.92790899996,300080.92790899996,300080.92790899996,300080.92790899996,300080.92790899996,nan,300080.92790899996,nan,nan,0.0,13,64,,True,False,"HTTPConnectionPool(host='gpu03', port=9002): Read timed out.",0,56.69694568066818
240,2026-09-19T05:47:02.204+00:00,2026-09-19T05:52:02.182+00:00,2026-09-19T05:52:02.334+00:00,False,3,2.0,,2.0,299977.589874,300130.198642,300130.19864899997,100043.39954966666,0.02535,299977.589874,173148.10470801182,269995.0892291,76.304384,107.87485289279981,0.006663774618646861,13,64,,True,False,Request timeout: 300.0s exceeded,3,56.69694568066818
241,2026-09-19T05:47:02.700+00:00,2026-09-19T05:52:02.463+00:00,2026-09-19T05:52:02.735+00:00,False,5,4.0,,4.0,299762.882536,300035.4378,300035.438007,60007.087601399995,0.035829,299762.882536,134027.57346745115,239837.97395880002,68.138816,58.57295668021003,0.01333175850602805,13,64,,True,False,Request timeout: 300.0s exceeded,20,56.69694568066818
242,2026-09-19T05:47:02.996+00:00,2026-09-19T05:52:02.600+00:00,2026-09-19T05:52:03.097+00:00,False,9,8.0,,8.0,299604.218713,300100.734297,300100.734154,33344.526017111115,0.06502899999999999,299604.218713,99847.39007092189,179804.85099579996,62.064448,34.81162123529959,0.02665771551256072,13,64,,True,False,Request timeout: 300.0s exceeded,27,56.69694568066818
243,2026-09-19T05:47:03.332+00:00,2026-09-19T05:52:03.375+00:00,2026-09-19T05:52:03.375+00:00,False,1,0.0,,0.0,300043.164698,300043.164698,300043.164698,300043.164698,300043.164698,300043.164698,nan,300043.164698,nan,nan,0.0,13,64,,True,False,"HTTPConnectionPool(host='gpu03', port=9002): Read timed out.",0,56.69694568066818
244,2026-09-19T05:47:03.832+00:00,2026-09-19T05:52:03.937+00:00,2026-09-19T05:52:05.052+00:00,False,12,11.0,,11.0,300105.412779,301219.919787,301219.919671,25101.659972583333,0.02453,300105.412779,86603.72898072973,135126.45099344998,101.31881890909091,35.92746594602698,0.036518169209321785,13,64,,True,False,Request timeout: 300.0s exceeded,30,56.69694568066818
245,2026-09-19T05:47:04.323+00:00,2026-09-19T05:52:04.207+00:00,2026-09-19T05:52:05.149+00:00,False,11,10.0,,10.0,299884.414487,300826.240535,300826.24055399996,27347.840050363633,0.02914,299884.414487,90390.16153719716,149999.94993749997,94.1826048,33.633596123245674,0.033241780977004025,13,64,,True,False,Request timeout: 300.0s exceeded,40,56.69694568066818
246,2026-09-19T05:47:04.833+00:00,2026-09-19T05:52:04.633+00:00,2026-09-19T05:52:05.149+00:00,False,7,6.0,,6.0,299799.7198,300315.944312,300315.94449100003,42902.277784428574,0.038689999999999995,299799.7198,113281.13059847071,209892.3407692,86.03741866666667,42.34344633976178,0.01997895920493174,13,64,,True,False,Request timeout: 300.0s exceeded,16,56.69694568066818
247,2026-09-19T05:47:05.223+00:00,2026-09-19T05:52:05.259+00:00,2026-09-19T05:52:05.259+00:00,False,1,0.0,,0.0,300035.92045700003,300035.92045700003,300035.92045700003,300035.92045700003,300035.92045700003,300035.92045700003,nan,300035.92045700003,nan,nan,0.0,13,64,,True,False,"HTTPConnectionPool(host='gpu03', port=9002): Read timed out.",0,56.69694568066818
248,2026-09-19T05:47:05.647+00:00,2026-09-19T05:52:05.661+00:00,2026-09-19T05:52:05.661+00:00,False,1,0.0,,0.0,300014.288093,300014.288093,300014.288093,300014.288093,300014.288093,300014.288093,nan,300014.288093,nan,nan,0.0,13,64,,True,False,"HTTPConnectionPool(host='gpu03', port=9002): Read timed out.",0,56.69694568066818
249,2026-09-19T05:47:06.136+00:00,2026-09-19T05:52:06.170+00:00,2026-09-19T05:52:06.170+00:00,False,1,0.0,,0.0,300034.175368,300034.175368,300034.175368,300034.175368,300034.175368,300034.175368,nan,300034.175368,nan,nan,0.0,13,64,,True,False,"HTTPConnectionPool(host='gpu03', port=9002): Read timed out.",0,56.69694568066818
250,2026-09-19T05:47:06.662+00:00,2026-09-19T05:52:06.545+00:00,2026-09-19T05:52:06.743+00:00,False,4,3.0,,3.0,299882.76802200003,300081.377686,300081.37764500006,75020.34441125001,0.04034,299882.76802200003,149908.28976707367,254916.02189115004,66.20322133333333,57.5321547169538,0.009997288146081322,13,64,,True,False,Request timeout: 300.0s exceeded,6,56.69694568066818
251,2026-09-19T05:47:07.015+00:00,2026-09-19T05:52:06.648+00:00,2026-09-19T05:52:07.046+00:00,False,8,7.0,,7.0,299632.858596,300030.685156,300030.685239,37503.835654875,0.041280000000000004,299632.858596,105916.12433109403,194797.20018285004,56.832365714285714,33.426570347081984,0.023330946954176944,13,64,,True,False,Request timeout: 300.0s exceeded,32,56.69694568066818
252,2026-09-19T05:47:07.336+00:00,2026-09-19T05:52:07.364+00:00,2026-09-19T05:52:07.364+00:00,False,1,0.0,,0.0,300028.31828899996,300028.31828899996,300028.31828899996,300028.31828899996,300028.31828899996,300028.31828899996,nan,300028.31828899996,nan,nan,0.0,13,64,,True,False,"HTTPConnectionPool(host='gpu03', port=9002): Read timed out.",0,56.69694568066818
253,2026-09-19T05:47:07.711+00:00,2026-09-19T05:52:07.760+00:00,2026-09-19T05:52:07.760+00:00,False,1,0.0,,0.0,300049.006176,300049.006176,300049.006176,300049.006176,300049.006176,300049.006176,nan,300049.006176,nan,nan,0.0,13,64,,True,False,"HTTPConnectionPool(host='gpu03', port=9002): Read timed out.",0,56.69694568066818
254,2026-09-19T05:47:08.112+00:00,2026-09-19T05:52:08.127+00:00,2026-09-19T05:52:08.127+00:00,False,1,0.0,,0.0,300014.71913599997,300014.71913599997,300014.71913599997,300014.71913599997,300014.71913599997,300014.71913599997,nan,300014.71913599997,nan,nan,0.0,13,64,,True,False,TTFT timeout: 300.0s exceeded (TTFT: 300.006s),0,56.69694568066818
255,2026-09-19T05:47:08.482+00:00,2026-09-19T05:52:08.271+00:00,2026-09-19T05:52:08.507+00:00,False,4,3.0,,3.0,299788.711011,300024.70614699996,300024.70613,75006.1765325,0.04439,299788.711011,149855.03330369169,254838.34799925,78.66504533333332,68.10753917814637,0.009999176529582605,13,64,,True,False,Request timeout: 300.0s exceeded,9,56.69694568066818
256,2026-09-19T05:47:08.825+00:00,2026-09-19T05:52:08.872+00:00,2026-09-19T05:52:08.872+00:00,False,1,0.0,,0.0,300046.884247,300046.884247,300046.884247,300046.884247,300046.884247,300046.884247,nan,300046.884247,nan,nan,0.0,13,64,,True,False,"HTTPConnectionPool(host='gpu03', port=9002): Read timed out.",0,56.69694568066818
257,2026-09-19T05:47:09.355+00:00,2026-09-19T05:52:09.466+00:00,2026-09-19T05:52:09.466+00:00,False,1,0.0,,0.0,300110.34275099996,300110.34275099996,300110.34275099996,300110.34275099996,300110.34275099996,300110.34275099996,nan,300110.34275099996,nan,nan,0.0,13,64,,True,False,TTFT timeout: 300.0s exceeded (TTFT: 300.096s),0,56.69694568066818
258,2026-09-19T05:47:09.819+00:00,2026-09-19T05:52:09.732+00:00,2026-09-19T05:52:09.864+00:00,False,3,2.0,,2.0,299913.814653,300045.790589,300045.790698,100015.263566,0.03567,299913.814653,173117.23598395468,269935.62722519995,65.987968,93.27075592363832,0.006665649253315411,13,64,,True,False,Request timeout: 300.0s exceeded,4,56.69694568066818
259,2026-09-19T05:47:10.260+00:00,2026-09-19T05:52:09.996+00:00,2026-09-19T05:52:10.305+00:00,False,5,4.0,,4.0,299736.50424000004,300045.516208,300045.516101,60009.103220200006,0.04182,299736.50424000004,134011.69861841828,239810.39741780006,77.252992,51.53222893010289,0.013331310697631245,13,64,,True,False,Request timeout: 300.0s exceeded,13,56.69694568066818
260,2026-09-19T05:47:10.611+00:00,2026-09-19T05:52:10.640+00:00,2026-09-19T05:52:10.640+00:00,False,1,0.0,,0.0,300029.220791,300029.220791,300029.220791,300029.220791,300029.220791,300029.220791,nan,300029.220791,nan,nan,0.0,13,64,,True,False,"HTTPConnectionPool(host='gpu03', port=9002): Read timed out.",0,56.69694568066818
261,2026-09-19T05:47:11.151+00:00,2026-09-19T05:52:11.225+00:00,2026-09-19T05:52:11.225+00:00,False,1,0.0,,0.0,300073.97847100004,300073.97847100004,300073.97847100004,300073.97847100004,300073.97847100004,300073.97847100004,nan,300073.97847100004,nan,nan,0.0,13,64,,True,False,TTFT timeout: 300.0s exceeded (TTFT: 300.068s),0,56.69694568066818
262,2026-09-19T05:47:11.450+00:00,2026-09-19T05:52:11.359+00:00,2026-09-19T05:52:11.508+00:00,False,3,2.0,,2.0,299908.535185,300057.306001,300057.306069,100019.102023,0.03703,299908.535185,173109.3430322454,269932.5550519,74.385408,105.14435722882084,0.006665393443188931,13,64,,True,False,Request timeout: 300.0s exceeded,8,56.69694568066818
263,2026-09-19T05:47:11.837+00:00,2026-09-19T05:52:11.633+00:00,2026-09-19T05:52:11.732+00:00,True,2,2.0,,2.0,299795.941058,299894.68077000004,299894.68071600003,149947.34035800002,98.73965799999999,299795.941058,211917.9234125705,284811.08098800003,98.739712,nan,0.006669007915928564,13,64,,True,True,,4,56.69694568066818
264,2026-09-19T05:47:12.250+00:00,2026-09-19T05:52:12.368+00:00,2026-09-19T05:52:12.368+00:00,False,1,0.0,,0.0,300118.58862,300118.58862,300118.58862,300118.58862,300118.58862,300118.58862,nan,300118.58862,nan,nan,0.0,13,64,,True,False,"HTTPConnectionPool(host='gpu03', port=9002): Read timed out.",0,56.69694568066818
265,2026-09-19T05:47:12.631+00:00,2026-09-19T05:52:12.740+00:00,2026-09-19T05:52:12.740+00:00,False,1,0.0,,0.0,300108.947751,300108.947751,300108.947751,300108.947751,300108.947751,300108.947751,nan,300108.947751,nan,nan,0.0,13,64,,True,False,"HTTPConnectionPool(host='gpu03', port=9002): Read timed out.",0,56.69694568066818
266,2026-09-19T05:47:12.974+00:00,2026-09-19T05:52:12.943+00:00,2026-09-19T05:52:13.095+00:00,False,3,2.0,,2.0,299969.466276,300120.63709200005,300120.637104,100040.21236800001,0.0575,299969.466276,173143.82931719787,269987.6309812,75.585408,106.81245040991114,0.006663986919989488,13,64,,True,False,Request timeout: 300.0s exceeded,4,56.69694568066818
267,2026-09-19T05:47:13.307+00:00,2026-09-19T05:52:13.219+00:00,2026-09-19T05:52:13.357+00:00,False,3,2.0,,2.0,299912.755458,300050.456834,300050.45679,100016.81893,0.048170000000000004,299912.755458,173114.9728188989,269935.2452284,68.850688,97.30151347798862,0.006665545592241777,13,64,,True,False,Request timeout: 300.0s exceeded,4,56.69694568066818
268,2026-09-19T05:47:13.723+00:00,2026-09-19T05:52:13.470+00:00,2026-09-19T05:52:13.818+00:00,False,6,5.0,,5.0,299747.437938,300094.550386,300094.550295,50015.758382500004,0.06481999999999999,299747.437938,122343.0437823885,224836.11145825003,69.42248959999999,43.82173772824857,0.016661415522436822,13,64,,True,False,Request timeout: 300.0s exceeded,15,56.69694568066818
269,2026-09-19T05:47:14.148+00:00,2026-09-19T05:52:14.270+00:00,2026-09-19T05:52:14.270+00:00,False,1,0.0,,0.0,300122.45876,300122.45876,300122.45876,300122.45876,300122.45876,300122.45876,nan,300122.45876,nan,nan,0.0,13,64,,True,False,"HTTPConnectionPool(host='gpu03', port=9002): Read timed out.",0,56.69694568066818
270,2026-09-19T05:47:14.554+00:00,2026-09-19T05:52:14.617+00:00,2026-09-19T05:52:14.617+00:00,False,1,0.0,,0.0,300062.548141,300062.548141,300062.548141,300062.548141,300062.548141,300062.548141,nan,300062.548141,nan,nan,0.0,13,64,,True,False,"HTTPConnectionPool(host='gpu03', port=9002): Read timed out.",0,56.69694568066818
271,2026-09-19T05:47:15.089+00:00,2026-09-19T05:52:14.914+00:00,2026-09-19T05:52:15.136+00:00,False,4,3.0,,3.0,299824.73695700004,300046.85407700005,300046.85419100005,75011.71354775001,0.05316,299824.73695700004,149875.35808778548,254868.10203545005,74.03904,64.13496080845317,0.009998438441317968,13,64,,True,False,Request timeout: 300.0s exceeded,6,56.69694568066818
272,2026-09-19T05:47:15.415+00:00,2026-09-19T05:52:15.137+00:00,2026-09-19T05:52:15.449+00:00,False,5,4.0,,4.0,299722.21782200004,300033.523294,300033.523148,60006.704629600004,0.0414,299722.21782200004,134005.0534086053,239800.799543,77.826368,52.519201602019606,0.013331843575627507,13,64,,True,False,Request timeout: 300.0s exceeded,17,56.69694568066818
273,2026-09-19T05:47:15.872+00:00,2026-09-19T05:52:15.981+00:00,2026-09-19T05:52:15.981+00:00,False,1,0.0,,0.0,300109.5838,300109.5838,300109.5838,300109.5838,300109.5838,300109.5838,nan,300109.5838,nan,nan,0.0,13,64,,True,False,"HTTPConnectionPool(host='gpu03', port=9002): Read timed out.",0,56.69694568066818
274,2026-09-19T05:47:16.194+00:00,2026-09-19T05:52:16.258+00:00,2026-09-19T05:52:16.258+00:00,False,1,0.0,,0.0,300063.783787,300063.783787,300063.783787,300063.783787,300063.783787,300063.783787,nan,300063.783787,nan,nan,0.0,13,64,,True,False,TTFT timeout: 300.0s exceeded (TTFT: 300.047s),0,56.69694568066818
275,2026-09-19T05:47:17.461+00:00,2026-09-19T05:52:16.661+00:00,2026-09-19T05:52:17.732+00:00,False,13,12.0,,12.0,299199.90486799995,300271.42768399994,300271.427735,23097.802133461533,0.08843999999999999,299199.90486799995,82958.36341212325,119749.31695879997,89.293568,33.016838565957286,0.03996384235608516,13,64,,True,False,Request timeout: 300.0s exceeded,15,56.69694568066818
276,2026-09-19T05:47:17.621+00:00,2026-09-19T05:52:17.534+00:00,2026-09-19T05:52:17.869+00:00,False,5,4.0,,4.0,299913.180248,300248.20181600004,300248.202005,60049.640401000004,0.02861,299913.180248,134087.80458228028,239957.4186624,83.755392,58.21196779702464,0.013322311260506082,13,64,,True,False,Request timeout: 300.0s exceeded,13,56.69694568066818
278,2026-09-19T05:47:17.885+00:00,2026-09-19T05:52:17.978+00:00,2026-09-19T05:52:17.978+00:00,False,1,0.0,,0.0,300093.32434600004,300093.32434600004,300093.32434600004,300093.32434600004,300093.32434600004,300093.32434600004,nan,300093.32434600004,nan,nan,0.0,13,64,,True,False,"HTTPConnectionPool(host='gpu03', port=9002): Read timed out.",0,56.69694568066818
277,2026-09-19T05:47:17.626+00:00,2026-09-19T05:52:18.000+00:00,2026-09-19T05:52:18.000+00:00,False,1,0.0,,0.0,300373.698265,300373.698265,300373.698265,300373.698265,300373.698265,300373.698265,nan,300373.698265,nan,nan,0.0,13,64,,True,False,"HTTPConnectionPool(host='gpu03', port=9002): Read timed out.",0,56.69694568066818
279,2026-09-19T05:47:18.228+00:00,2026-09-19T05:52:18.239+00:00,2026-09-19T05:52:18.239+00:00,False,1,0.0,,0.0,300011.71860799997,300011.71860799997,300011.71860799997,300011.71860799997,300011.71860799997,300011.71860799997,nan,300011.71860799997,nan,nan,0.0,13,64,,True,False,"HTTPConnectionPool(host='gpu03', port=9002): Read timed out.",0,56.69694568066818
280,2026-09-19T05:47:18.617+00:00,2026-09-19T05:52:18.658+00:00,2026-09-19T05:52:18.658+00:00,False,1,0.0,,0.0,300040.385514,300040.385514,300040.385514,300040.385514,300040.385514,300040.385514,nan,300040.385514,nan,nan,0.0,13,64,,True,False,"HTTPConnectionPool(host='gpu03', port=9002): Read timed out.",0,56.69694568066818
281,2026-09-19T05:47:19.109+00:00,2026-09-19T05:52:19.141+00:00,2026-09-19T05:52:20.484+00:00,False,16,15.0,,15.0,300032.55566,301374.673548,301374.673572,18835.91709825,0.02526,300032.55566,74985.79031320816,75198.5562845,89.47452586666665,56.731870849061636,0.04977193280181504,13,64,,True,False,Request timeout: 300.0s exceeded,63,56.69694568066818
282,2026-09-19T05:47:19.491+00:00,2026-09-19T05:52:19.396+00:00,2026-09-19T05:52:20.584+00:00,False,16,15.0,,15.0,299905.18198,301092.858396,301092.858411,18818.3036506875,0.023829999999999997,299905.18198,74956.50801979737,75056.06919025,79.17842773333334,33.84594182895147,0.049818518047584734,13,64,,True,False,Request timeout: 300.0s exceeded,54,56.69694568066818
283,2026-09-19T05:47:19.895+00:00,2026-09-19T05:52:19.424+00:00,2026-09-19T05:52:19.717+00:00,True,5,5.0,,5.0,299528.489711,299821.342703,299821.342741,59964.2685482,44.824809,299528.489711,133920.47313187493,239643.1460008,73.213248,28.394812861107244,0.016676597986398017,13,64,,True,True,,16,56.69694568066818
285,2026-09-19T05:47:20.758+00:00,2026-09-19T05:52:20.788+00:00,2026-09-19T05:52:20.788+00:00,False,1,0.0,,0.0,300030.67313099996,300030.67313099996,300030.67313099996,300030.67313099996,300030.67313099996,300030.67313099996,nan,300030.67313099996,nan,nan,0.0,13,64,,True,False,"HTTPConnectionPool(host='gpu03', port=9002): Read timed out.",0,56.69694568066818
284,2026-09-19T05:47:20.243+00:00,2026-09-19T05:52:21.362+00:00,2026-09-19T05:52:21.362+00:00,False,1,0.0,,0.0,301119.277744,301119.277744,301119.277744,301119.277744,301119.277744,301119.277744,nan,301119.277744,nan,nan,0.0,13,64,,True,False,"HTTPConnectionPool(host='gpu03', port=9002): Read timed out.",0,56.69694568066818
0,2026-09-19T05:45:20.779+00:00,2026-09-19T05:45:20.905+00:00,2026-09-19T05:45:22.729+00:00,True,23,23.0,,23.0,126.083338,1949.883402,1949.8835100000001,84.77754391304347,28.917313999999998,158.00955199999999,31.890198774416557,124.4148617,82.9000029090909,31.312492404324562,11.795577097794077,14,64,,False,True,,95,56.69694568066818
1,2026-09-19T05:45:21.349+00:00,2026-09-19T05:45:21.652+00:00,2026-09-19T05:45:24.387+00:00,True,29,29.0,,29.0,302.97281699999996,3038.4334249999997,3038.433344,104.77356358620689,46.190732000000004,302.97281699999996,44.341166947686574,137.33051759999998,97.69502171428572,23.066726729856686,9.544392107258366,14,64,,False,True,,144,56.69694568066818
2,2026-09-19T05:45:21.731+00:00,2026-09-19T05:45:22.879+00:00,2026-09-19T05:45:25.335+00:00,True,27,27.0,,27.0,1148.033666,3604.0817939999997,3604.081814,133.48451162962962,45.110074999999995,1148.033666,203.97533769625784,114.16764190000002,94.46338953846154,22.676490553865094,7.491505893387058,14,64,,False,True,,67,56.69694568066818
3,2026-09-19T05:45:22.159+00:00,2026-09-19T05:45:26.117+00:00,2026-09-19T05:45:29.327+00:00,True,33,33.0,,33.0,3958.1463390000004,7168.200995,7168.200991000001,217.21821184848486,50.784802000000006,3958.1463390000004,671.8180491830426,128.8202804,100.314208,18.82946596634757,4.603665553326187,14,64,,False,True,,120,56.69694568066818
4,2026-09-19T05:45:22.711+00:00,2026-09-19T05:45:28.646+00:00,2026-09-19T05:45:29.631+00:00,True,11,11.0,,11.0,5935.0093640000005,6919.674964000001,6919.67479,629.0613445454546,54.444133,5935.0093640000005,1759.851833738545,3023.285167,98.46656,16.302443754289,1.5896700433514754,14,64,,False,True,,23,56.69694568066818
5,2026-09-19T05:45:23.189+00:00,2026-09-19T05:45:31.431+00:00,2026-09-19T05:45:39.705+00:00,True,85,85.0,,85.0,8242.031079,16516.166119,16516.166151,194.30783707058825,0.0,8242.031079,884.5988368971067,226.5366364,98.50160761904762,48.395623278245495,5.146472818665647,14,64,,False,True,,324,56.69694568066818
6,2026-09-19T05:45:23.709+00:00,2026-09-19T05:45:33.994+00:00,2026-09-19T05:45:38.051+00:00,True,42,42.0,,42.0,10284.912199999999,14342.229575999998,14342.229675999999,341.48165895238094,0.0,10284.912199999999,1572.3209977149181,240.84411575000001,98.9589603902439,43.762890588015956,2.92841498439559,14,64,,False,True,,209,56.69694568066818
7,2026-09-19T05:45:24.130+00:00,2026-09-19T05:45:36.354+00:00,2026-09-19T05:45:44.158+00:00,True,80,80.0,,80.0,12223.580321000001,20027.813793,20027.813949000003,250.34767436250002,0.0,12223.580321000001,1356.4221198352636,152.3602424,98.78776546835444,47.721742003064946,3.994444966727278,14,64,,False,True,,376,56.69694568066818
8,2026-09-19T05:45:24.516+00:00,2026-09-19T05:45:38.305+00:00,2026-09-19T05:45:40.009+00:00,True,18,18.0,,18.0,13789.684002,15493.71421,15493.714193,860.7618996111111,0.0,13789.684002,3227.21554174857,2330.6619365,100.23707105882353,63.1711771378816,1.161761457325861,14,64,,False,True,,58,56.69694568066818
9,2026-09-19T05:45:24.890+00:00,2026-09-19T05:45:40.006+00:00,2026-09-19T05:45:43.020+00:00,True,32,32.0,,32.0,15115.905963,18129.900459,18129.900600999998,566.5593937812499,0.0,15115.905963,2655.3338556305152,204.83627715,97.22562890322581,45.734481116064536,1.7650400272393463,14,64,,False,True,,103,56.69694568066818
10,2026-09-19T05:45:25.473+00:00,2026-09-19T05:45:43.544+00:00,2026-09-19T05:45:52.395+00:00,True,91,91.0,,91.0,18070.797328,26921.395472,26921.395427,295.8395101868132,0.0,18070.797328,1885.141637633554,117.54179599999999,98.33997937777778,65.22546412854123,3.38021110735682,14,64,,False,True,,411,56.69694568066818
11,2026-09-19T05:45:25.996+00:00,2026-09-19T05:45:46.922+00:00,2026-09-19T05:45:54.290+00:00,True,72,72.0,,72.0,20925.775407,28294.239279,28294.239099000002,392.9755430416667,0.0,20925.775407,2455.10561290728,234.37330694999997,103.78118129577466,77.6211825701718,2.5446876054886,14,64,,False,True,,344,56.69694568066818
12,2026-09-19T05:45:26.412+00:00,2026-09-19T05:45:48.893+00:00,2026-09-19T05:45:53.391+00:00,True,46,46.0,,46.0,22480.550232999998,26978.616153,26978.616123,586.491654847826,0.0,22480.550232999998,3300.766281244363,320.86560475000005,99.95702044444445,79.1421759290746,1.7050540968864647,14,64,,False,True,,170,56.69694568066818
13,2026-09-19T05:45:26.762+00:00,2026-09-19T05:45:50.952+00:00,2026-09-19T05:45:57.169+00:00,True,66,66.0,,66.0,24189.762141,30407.500893,30407.500804,460.71970915151513,0.0,24189.762141,2966.739556784656,115.75207499999999,95.65751926153845,76.0656394180031,2.1705170784092163,14,64,,False,True,,327,56.69694568066818
14,2026-09-19T05:45:27.108+00:00,2026-09-19T05:45:52.815+00:00,2026-09-19T05:46:00.439+00:00,True,82,82.0,,82.0,25707.007166,33330.421438,33330.421393,406.4685535731707,0.0,25707.007166,2829.427228869703,116.1952801,94.1162255802469,74.02684148007747,2.460214916650044,14,64,,False,True,,164,56.69694568066818
15,2026-09-19T05:45:27.640+00:00,2026-09-19T05:45:55.359+00:00,2026-09-19T05:46:02.881+00:00,True,80,80.0,,80.0,27719.423778,35241.673762,35241.673633,440.5209204125,0.0,27719.423778,3089.036347579244,112.51272279999999,95.2183542278481,58.99615479679649,2.2700397415931337,14,64,,False,True,,335,56.69694568066818
16,2026-09-19T05:45:28.243+00:00,2026-09-19T05:45:59.664+00:00,2026-09-19T05:46:00.442+00:00,True,14,14.0,,14.0,31421.136122,32199.242746,32199.242759,2299.945911357143,0.0,31421.136122,8381.795745600866,11073.267428899999,59.8543556923077,50.53666180507661,0.43479283380784384,14,64,,False,True,,17,56.69694568066818
17,2026-09-19T05:45:28.623+00:00,2026-09-19T05:46:01.344+00:00,2026-09-19T05:46:07.420+00:00,True,58,58.0,,58.0,32720.970793,38797.898281,38797.898337,668.9292816724138,0.0,32720.970793,4283.632977596981,186.90887305,106.61276294736842,100.48075536528083,1.4949263380177373,14,64,,False,True,,201,56.69694568066818
18,2026-09-19T05:45:29.177+00:00,2026-09-19T05:46:04.092+00:00,2026-09-19T05:46:10.068+00:00,True,61,61.0,,61.0,34914.782934,40891.113942,40891.113852,670.3461287213115,0.0,34914.782934,4458.681915323201,112.696247,99.6055168,97.81705283506513,1.4917666485320615,14,64,,False,True,,255,56.69694568066818
19,2026-09-19T05:45:29.514+00:00,2026-09-19T05:46:06.316+00:00,2026-09-19T05:46:11.252+00:00,True,51,51.0,,51.0,36801.372599,41738.029751,41738.029679,818.3927388039216,0.01661,36801.372599,5139.885045567331,110.84299200000001,98.73314304,71.5110465748185,1.22190722236423,14,64,,False,True,,161,56.69694568066818
20,2026-09-19T05:45:30.031+00:00,2026-09-19T05:46:08.657+00:00,2026-09-19T05:46:08.755+00:00,True,2,2.0,,2.0,38625.53231,38723.87599,38723.876051,19361.9380255,98.343741,38625.53231,27242.836297192738,36699.17288155,98.34368,nan,0.051647722467566964,14,64,,False,True,,4,56.69694568066818
21,2026-09-19T05:45:30.542+00:00,2026-09-19T05:46:10.849+00:00,2026-09-19T05:46:20.397+00:00,True,98,98.0,,98.0,40306.786693,49854.731653,49854.731601,508.72175103061227,0.0,40306.786693,4062.7499653603236,112.8658752,98.43242226804124,94.71568792850032,1.9657111120786237,14,64,,False,True,,470,56.69694568066818
22,2026-09-19T05:45:30.918+00:00,2026-09-19T05:46:13.276+00:00,2026-09-19T05:46:14.908+00:00,True,18,18.0,,18.0,42357.737595,43990.472571,43990.472451,2443.915136166667,52.247468,42357.737595,9961.184070026722,6448.2732561,96.04323388235295,12.327565153283281,0.4091795097438032,14,64,,False,True,,73,56.69694568066818
23,2026-09-19T05:45:31.306+00:00,2026-09-19T05:46:15.065+00:00,2026-09-19T05:46:18.397+00:00,True,36,36.0,,36.0,43759.044461000005,47091.63991700001,47091.639928000004,1308.1011091111113,40.283876,43759.044461000005,7277.335278149677,114.25877200000001,95.21701302857143,21.448143534656396,0.7644669003553656,14,64,,False,True,,112,56.69694568066818
24,2026-09-19T05:45:31.832+00:00,2026-09-19T05:46:18.132+00:00,2026-09-19T05:46:19.130+00:00,True,11,11.0,,11.0,46300.193792000005,47298.15526400001,47298.15511600001,4299.832283272728,65.954826,46300.193792000005,13929.94949680915,23206.7119745,99.79614720000001,13.022576828125025,0.2325672098330739,14,64,,False,True,,59,56.69694568066818
25,2026-09-19T05:45:32.412+00:00,2026-09-19T05:46:21.316+00:00,2026-09-19T05:46:26.594+00:00,True,53,53.0,,53.0,48904.209086,54181.589438,54181.589378000004,1022.2941392075472,0.01775,48904.209086,6704.653282357143,116.13504700000001,101.4880836923077,121.73557822423612,0.9781920491765548,14,64,,False,True,,192,56.69694568066818
26,2026-09-19T05:45:32.943+00:00,2026-09-19T05:46:24.544+00:00,2026-09-19T05:46:29.560+00:00,True,49,49.0,,49.0,51600.638906,56617.179321999996,56617.179376,1155.4526403265306,0.0,51600.638906,7357.418775066274,119.11672800000001,104.51125866666668,111.62042524334917,0.8654616953155038,14,64,,False,True,,230,56.69694568066818
27,2026-09-19T05:45:33.443+00:00,2026-09-19T05:46:27.143+00:00,2026-09-19T05:46:37.714+00:00,True,100,100.0,,100.0,53700.569211,64271.141499000005,64271.141593,642.71141593,0.0,53700.569211,5360.276627229098,116.32651125000001,106.77345745454545,98.56072645628733,1.5559082609658628,14,64,,False,True,,350,56.69694568066818
28,2026-09-19T05:45:33.919+00:00,2026-09-19T05:46:29.667+00:00,2026-09-19T05:46:30.873+00:00,True,13,13.0,,13.0,55747.508061,56953.600349,56953.600492,4381.046191692308,49.621884,55747.508061,15433.708936212619,22365.362006400002,100.50769066666668,16.338094003308804,0.22825598241970063,14,64,,False,True,,44,56.69694568066818
29,2026-09-19T05:45:34.288+00:00,2026-09-19T05:46:31.402+00:00,2026-09-19T05:46:37.030+00:00,True,56,56.0,,56.0,57113.178861,62741.318381,62741.318359,1120.3806849821428,50.772441,57113.178861,7618.4092409383475,113.5907835,102.32980945454545,14.782441201020228,0.8925537659240281,14,64,,False,True,,250,56.69694568066818
30,2026-09-19T05:45:34.820+00:00,2026-09-19T05:46:34.612+00:00,2026-09-19T05:46:40.910+00:00,True,64,64.0,,64.0,59792.046809,66089.518809,66089.518586,1032.64872790625,0.0,59792.046809,7462.774323311502,111.84500114999999,99.95987301587301,138.42076838507148,0.9683835069969453,14,64,,False,True,,194,56.69694568066818
31,2026-09-19T05:45:35.224+00:00,2026-09-19T05:46:37.755+00:00,2026-09-19T05:46:42.713+00:00,True,57,57.0,,57.0,62530.917306999996,67489.03493899999,67489.035146,1184.0181604561403,0.0,62530.917306999996,8271.544485937406,113.52956780000001,88.53781485714285,119.6009785733308,0.8445816428034493,14,64,,False,True,,285,56.69694568066818
32,2026-09-19T05:45:35.693+00:00,2026-09-19T05:46:39.507+00:00,2026-09-19T05:46:42.276+00:00,True,29,29.0,,29.0,63813.861831,66582.707911,66582.707995,2295.9554481034484,46.129830999999996,63813.861831,11831.587441189404,112.6703378,98.88736,18.342488369791518,0.43554852167868896,14,64,,False,True,,96,56.69694568066818
33,2026-09-19T05:45:36.201+00:00,2026-09-19T05:46:42.386+00:00,2026-09-19T05:46:45.183+00:00,True,29,29.0,,29.0,66185.38502,68982.455356,68982.455298,2378.7053551034483,41.907002,66185.38502,12271.78144607539,113.6083452,99.89536914285715,18.941707959182164,0.42039674943924155,14,64,,False,True,,111,56.69694568066818
34,2026-09-19T05:45:36.655+00:00,2026-09-19T05:46:44.446+00:00,2026-09-19T05:46:44.446+00:00,True,1,1.0,,1.0,67791.325805,67791.325805,67791.325805,67791.325805,67791.325805,67791.325805,nan,67791.325805,nan,nan,0.014751149769167728,14,64,,False,True,,3,56.69694568066818
35,2026-09-19T05:45:37.146+00:00,2026-09-19T05:46:46.833+00:00,2026-09-19T05:46:51.328+00:00,True,44,44.0,,44.0,69687.62213799999,74182.143994,74182.143973,1685.9578175681816,0.0,69687.62213799999,10491.06181748056,110.00109149999999,104.52376409302326,147.6610247429234,0.5931346498095122,14,64,,False,True,,216,56.69694568066818
36,2026-09-19T05:45:37.477+00:00,2026-09-19T05:46:48.683+00:00,2026-09-19T05:46:51.329+00:00,True,20,20.0,,20.0,71206.883978,73852.888202,73852.88823,3692.6444115,0.0,71206.883978,15892.599901388481,4534.5826832,139.26338021052632,216.47922934479425,0.27080863710159386,14,64,,False,True,,91,56.69694568066818
37,2026-09-19T05:45:37.915+00:00,2026-09-19T05:46:51.332+00:00,2026-09-19T05:46:58.786+00:00,True,75,75.0,,75.0,73417.17622499999,80871.11798499999,80871.11809799999,1078.28157464,0.016239999999999997,73417.17622499999,8466.306662143887,116.12975270000001,100.7289427027027,88.13381906800514,0.9274015479038021,14,64,,False,True,,265,56.69694568066818
38,2026-09-19T05:45:38.345+00:00,2026-09-19T05:46:53.120+00:00,2026-09-19T05:46:56.030+00:00,True,30,30.0,,30.0,74775.234922,77684.681578,77684.681436,2589.4893812,0.01819,74775.234922,13634.554306581293,528.4942880499999,100.3257467586207,154.35007891076043,0.38617652014030884,14,64,,False,True,,128,56.69694568066818
39,2026-09-19T05:45:38.740+00:00,2026-09-19T05:46:55.828+00:00,2026-09-19T05:47:03.663+00:00,True,79,79.0,,79.0,77087.994179,84923.10381100001,84923.103749,1074.9759968227847,46.743410000000004,77087.994179,8661.792529540442,112.8124698,100.45012348717948,17.320592264309063,0.9302533286562144,14,64,,False,True,,385,56.69694568066818
40,2026-09-19T05:45:39.332+00:00,2026-09-19T05:46:59.106+00:00,2026-09-19T05:47:01.299+00:00,True,23,23.0,,23.0,79774.059349,81966.479189,81966.479105,3563.7599610869565,45.161144,79774.059349,16613.27486381804,116.75635439999998,99.65544727272727,21.450106029595858,0.280602512485209,14,64,,False,True,,103,56.69694568066818
41,2026-09-19T05:45:39.808+00:00,2026-09-19T05:47:02.254+00:00,2026-09-19T05:47:10.284+00:00,True,84,84.0,,84.0,82446.614701,90475.851693,90475.851595,1077.0934713690476,0.0,82446.614701,8986.014793349432,112.91546975,96.73779508433735,128.41803424545074,0.9284245290668975,14,64,,False,True,,486,56.69694568066818
42,2026-09-19T05:45:40.407+00:00,2026-09-19T05:47:05.459+00:00,2026-09-19T05:47:13.547+00:00,True,83,83.0,,83.0,85052.35851800001,93140.22923800001,93140.229254,1122.1714367951809,45.551923,85052.35851800001,9324.896833420258,109.86039400000001,98.63256975609755,16.241304578782124,0.891129436539298,14,64,,False,True,,123,56.69694568066818
43,2026-09-19T05:45:40.958+00:00,2026-09-19T05:47:08.734+00:00,2026-09-19T05:47:15.300+00:00,True,68,68.0,,68.0,87776.18875,94341.952078,94341.952105,1387.3816486029411,42.5915,87776.18875,10632.555046030644,110.83991205000001,97.99646758208956,16.40215426125442,0.7207822024265407,14,64,,False,True,,351,56.69694568066818
44,2026-09-19T05:45:41.350+00:00,2026-09-19T05:47:10.707+00:00,2026-09-19T05:47:14.164+00:00,True,37,37.0,,37.0,89357.20561399999,92813.92702199999,92813.92719399999,2508.4845187567566,48.552485999999995,89357.20561399999,14674.45948305721,107.5071718,96.0200391111111,18.197429764603537,0.39864706932645755,14,64,,False,True,,138,56.69694568066818
45,2026-09-19T05:45:41.760+00:00,2026-09-19T05:47:13.137+00:00,2026-09-19T05:47:14.783+00:00,True,20,20.0,,20.0,91376.820519,93023.099687,93023.099907,4651.15499535,44.699165,91376.820519,20413.12059574574,4678.334263950001,86.646272,27.121500608265496,0.21500036084902688,14,64,,False,True,,106,56.69694568066818
46,2026-09-19T05:45:42.130+00:00,2026-09-19T05:47:15.694+00:00,2026-09-19T05:47:25.548+00:00,True,100,100.0,,100.0,93563.555813,103417.137893,103417.138025,1034.17138025,0.0,93563.555813,9347.728946835221,114.39029585,99.53113212121212,158.27320347969908,0.966957721296295,14,64,,False,True,,457,56.69694568066818
47,2026-09-19T05:45:42.683+00:00,2026-09-19T05:47:18.199+00:00,2026-09-19T05:47:27.241+00:00,True,93,93.0,,93.0,95515.665713,104557.836337,104557.836338,1124.2778100860214,0.0,95515.665713,9895.251124378909,112.1604166,98.28446330434782,136.3768379060537,0.8894598746310322,14,64,,False,True,,518,56.69694568066818
48,2026-09-19T05:45:43.224+00:00,2026-09-19T05:47:21.192+00:00,2026-09-19T05:47:26.250+00:00,True,51,51.0,,51.0,97967.502851,103025.325059,103025.325206,2020.1044158039215,48.880685,97967.502851,13704.040097471798,113.75841799999998,101.15644415999999,17.153467390580335,0.4950239173794753,14,64,,False,True,,193,56.69694568066818
49,2026-09-19T05:45:43.804+00:00,2026-09-19T05:47:24.369+00:00,2026-09-19T05:47:25.122+00:00,True,8,8.0,,8.0,100565.36607700001,101317.73497300001,101317.734932,12664.7168665,99.43309699999999,100565.36607700001,35517.22605837884,65406.46875835001,107.48127085714285,4.741449680032027,0.0789595227541546,14,64,,False,True,,32,56.69694568066818
50,2026-09-19T05:45:44.337+00:00,2026-09-19T05:47:27.342+00:00,2026-09-19T05:47:32.069+00:00,True,49,49.0,,49.0,103004.913124,107731.900132,107731.900256,2198.610209306122,46.6307,103004.913124,14700.927636440696,110.33134579999998,98.478896,15.939676880188987,0.45483278341848676,14,64,,True,True,,171,56.69694568066818
51,2026-09-19T05:45:44.738+00:00,2026-09-19T05:47:29.244+00:00,2026-09-19T05:47:38.017+00:00,True,90,90.0,,90.0,104505.605478,113279.08874199999,113279.088871,1258.6565430111111,43.261458,104505.605478,11005.479835828433,110.54179844999999,98.57846364044943,16.923826935332215,0.7944979166011872,14,64,,True,True,,414,56.69694568066818
52,2026-09-19T05:45:45.086+00:00,2026-09-19T05:47:31.555+00:00,2026-09-19T05:47:34.561+00:00,True,31,31.0,,31.0,106469.62014300001,109475.372719,109475.372579,3531.4636315806456,47.318808,106469.62014300001,19104.5189916509,111.824986,100.19175253333333,14.981489574056305,0.2831687093641636,14,64,,True,True,,143,56.69694568066818
53,2026-09-19T05:45:45.623+00:00,2026-09-19T05:47:34.238+00:00,2026-09-19T05:47:37.334+00:00,True,32,32.0,,32.0,108614.395146,111710.79962599999,111710.799697,3490.96249053125,43.481756999999995,108614.395146,19182.844349852065,114.63132985,99.88401548387097,17.450023465800236,0.28645395169610977,14,64,,True,True,,151,56.69694568066818
54,2026-09-19T05:45:45.999+00:00,2026-09-19T05:47:36.344+00:00,2026-09-19T05:47:41.448+00:00,True,55,55.0,,55.0,110344.45784999999,115448.50648999999,115448.506623,2099.063756781818,45.829582,110344.45784999999,14866.115590306195,113.32671140000001,94.51941925925925,22.64338563405196,0.47640287148075006,14,64,,True,True,,176,56.69694568066818
55,2026-09-19T05:45:46.441+00:00,2026-09-19T05:47:38.381+00:00,2026-09-19T05:47:47.282+00:00,True,91,91.0,,91.0,111940.24363,120841.005742,120841.005792,1327.9231405714286,45.404603,111940.24363,11724.17165729364,111.45464199999998,98.8973568,17.50012499131994,0.7530556324091539,14,64,,True,True,,377,56.69694568066818
56,2026-09-19T05:45:46.805+00:00,2026-09-19T05:47:40.533+00:00,2026-09-19T05:47:49.907+00:00,True,94,94.0,,94.0,113728.19643899999,123102.095959,123102.09592299999,1309.5967651382978,43.147258,113728.19643899999,11719.780986956992,112.5406695,100.79461849462366,14.882236051137639,0.7635938224098747,14,64,,True,True,,449,56.69694568066818
57,2026-09-19T05:45:47.237+00:00,2026-09-19T05:47:43.134+00:00,2026-09-19T05:47:48.110+00:00,True,50,50.0,,50.0,115897.441406,120873.650046,120873.64993,2417.4729985999998,46.501631,115897.441406,16376.015618040396,110.85367324999999,101.55527836734694,12.066533671307264,0.41365508513205207,14,64,,True,True,,208,56.69694568066818
58,2026-09-19T05:45:47.707+00:00,2026-09-19T05:47:45.738+00:00,2026-09-19T05:47:53.505+00:00,True,78,78.0,,78.0,118030.899246,125797.81227,125797.812384,1612.7924664615384,48.808845,118030.899246,13352.95343441059,110.39889684999999,100.86900031168832,13.709381219618903,0.6200425793779983,14,64,,True,True,,290,56.69694568066818
59,2026-09-19T05:45:48.165+00:00,2026-09-19T05:47:48.013+00:00,2026-09-19T05:47:51.016+00:00,True,32,32.0,,32.0,119847.249714,122850.24133,122850.241236,3839.070038625,45.179803,119847.249714,21169.086904585078,112.32559955,96.87069729032258,21.576304641295227,0.2604797487865057,14,64,,True,True,,178,56.69694568066818
60,2026-09-19T05:45:48.646+00:00,2026-09-19T05:47:50.650+00:00,2026-09-19T05:47:55.692+00:00,True,52,52.0,,52.0,122003.967009,127045.815329,127045.815281,2443.1887554038462,45.647222,122003.967009,16905.20352712267,110.16931055,98.85977098039216,15.314321006252683,0.4093011632483913,14,64,,True,True,,223,56.69694568066818
61,2026-09-19T05:45:49.211+00:00,2026-09-19T05:47:53.403+00:00,2026-09-19T05:48:01.869+00:00,True,87,87.0,,87.0,124192.343717,132657.832357,132657.832318,1524.802670321839,46.636039,124192.343717,13304.27305836815,110.468551,98.43591441860465,16.120700142681407,0.6558225658766331,14,64,,True,True,,383,56.69694568066818
62,2026-09-19T05:45:49.804+00:00,2026-09-19T05:47:56.093+00:00,2026-09-19T05:48:00.786+00:00,True,48,48.0,,48.0,126288.658792,130981.801832,130981.801976,2728.787541166667,45.279393,126288.658792,18213.791640976113,112.23324175000002,99.85410723404256,15.617335041799043,0.3664631218126454,14,64,,True,True,,243,56.69694568066818
63,2026-09-19T05:45:50.228+00:00,2026-09-19T05:47:58.908+00:00,2026-09-19T05:47:59.534+00:00,True,7,7.0,,7.0,128680.553454,129306.258414,129306.25836699999,18472.32262385714,93.37392,128680.553454,48597.26233157931,90110.24304,104.28416,7.3518547569792485,0.05413504408725595,14,64,,True,True,,32,56.69694568066818
64,2026-09-19T05:45:50.645+00:00,2026-09-19T05:48:01.091+00:00,2026-09-19T05:48:08.196+00:00,True,73,73.0,,73.0,130445.59524600001,137550.73137400002,137550.73135800002,1884.2565939452056,45.58141199999999,130445.59524600001,15255.963129217094,112.05387060000001,98.68244622222223,18.382973877234104,0.5307132813529956,14,64,,True,True,,281,56.69694568066818
65,2026-09-19T05:45:51.191+00:00,2026-09-19T05:48:03.797+00:00,2026-09-19T05:48:05.447+00:00,True,19,19.0,,19.0,132605.472142,134255.65863800002,134255.658658,7066.087297789474,48.969034,132605.472142,30400.75997137904,13364.0027893,91.67702755555555,25.897047283440674,0.14152103674997127,14,64,,True,True,,61,56.69694568066818
66,2026-09-19T05:45:51.742+00:00,2026-09-19T05:48:06.563+00:00,2026-09-19T05:48:15.636+00:00,True,91,91.0,,91.0,134820.160259,143893.581059,143893.581233,1581.2481454175825,42.137260000000005,134820.160259,14122.433335387583,113.99092550000002,100.81578666666667,15.793699784372782,0.6324118096879368,14,64,,True,True,,444,56.69694568066818
67,2026-09-19T05:45:52.217+00:00,2026-09-19T05:48:07.819+00:00,2026-09-19T05:48:13.568+00:00,True,58,58.0,,58.0,135602.339879,141351.262759,141351.262769,2437.090737396552,43.843316,135602.339879,17792.223833292668,113.877535,100.85829614035087,16.634315679211674,0.4103253049736697,14,64,,True,True,,288,56.69694568066818
68,2026-09-19T05:45:52.742+00:00,2026-09-19T05:48:12.469+00:00,2026-09-19T05:48:22.166+00:00,True,97,97.0,,97.0,139727.313956,149423.55562,149423.55563,1540.449027113402,47.751078,139727.313956,14176.911360788008,110.48312519999999,101.00251733333333,14.535238605638893,0.6491613694876952,14,64,,True,True,,332,56.69694568066818
69,2026-09-19T05:45:53.337+00:00,2026-09-19T05:48:15.740+00:00,2026-09-19T05:48:18.177+00:00,True,25,25.0,,25.0,142402.83185299998,144840.086509,144840.086521,5793.60346084,49.168724000000005,142402.83185299998,28460.260312224884,112.07827420000001,101.55227733333332,16.16086432500004,0.1726041498770202,14,64,,True,True,,107,56.69694568066818
70,2026-09-19T05:45:53.868+00:00,2026-09-19T05:48:18.926+00:00,2026-09-19T05:48:22.898+00:00,True,40,40.0,,40.0,145057.68718,149029.84385200002,149029.84382500002,3725.746095625,50.323040999999996,145057.68718,22919.53340956467,110.938385,101.85017107692308,12.18356354875004,0.2684026163224299,14,64,,True,True,,186,56.69694568066818
71,2026-09-19T05:45:54.323+00:00,2026-09-19T05:48:21.238+00:00,2026-09-19T05:48:24.042+00:00,True,30,30.0,,30.0,146915.238152,149718.753032,149718.752936,4990.625097866667,46.506461,146915.238152,26805.286873899997,109.62233725,96.67292689655173,19.51936852272906,0.20037570038796662,14,64,,True,True,,92,56.69694568066818
72,2026-09-19T05:45:54.899+00:00,2026-09-19T05:48:24.459+00:00,2026-09-19T05:48:28.433+00:00,True,41,41.0,,41.0,149559.173664,153533.232416,153533.232504,3744.712987902439,47.530457999999996,149559.173664,23341.70972393717,112.824264,99.35146879999999,18.360796816221647,0.2670431629349797,14,64,,True,True,,203,56.69694568066818
73,2026-09-19T05:45:55.411+00:00,2026-09-19T05:48:26.988+00:00,2026-09-19T05:48:31.233+00:00,True,44,44.0,,44.0,151576.596287,155821.403711,155821.40348799998,3541.395533818182,44.609985,151576.596287,22836.15662768408,113.0347248,98.71645172093024,18.11189165327204,0.2823745580010706,14,64,,True,True,,196,56.69694568066818
74,2026-09-19T05:45:55.928+00:00,2026-09-19T05:48:30.042+00:00,2026-09-19T05:48:30.764+00:00,True,8,8.0,,8.0,154114.305061,154835.678757,154835.678697,19354.459837125,100.404843,154114.305061,54451.200251800394,100211.40681565,103.05338514285715,1.927885761990012,0.05166767804567348,14,64,,True,True,,35,56.69694568066818
75,2026-09-19T05:45:56.404+00:00,2026-09-19T05:48:32.129+00:00,2026-09-19T05:48:39.450+00:00,True,73,73.0,,73.0,155725.82215400002,163046.495178,163046.495109,2233.5136316301373,45.183104,155725.82215400002,18214.437235214566,114.88318179999999,101.67601422222222,17.86502556123133,0.4477250487372018,14,64,,True,True,,328,56.69694568066818
76,2026-09-19T05:45:56.974+00:00,2026-09-19T05:48:35.155+00:00,2026-09-19T05:48:39.232+00:00,True,42,42.0,,42.0,158180.94322400002,162258.44108000002,162258.44120000003,3863.2962190476196,51.844377,158180.94322400002,24392.511717621514,113.83042454999999,99.4511672195122,19.909105718637658,0.25884631776594164,14,64,,True,True,,118,56.69694568066818
77,2026-09-19T05:45:57.335+00:00,2026-09-19T05:48:37.445+00:00,2026-09-19T05:48:38.584+00:00,True,12,12.0,,12.0,160109.85510699998,161248.814723,161248.81465699998,13437.401221416665,51.087900000000005,160109.85510699998,46189.84724292862,72113.2985525,103.54178327272727,18.05082564168789,0.07441915167323311,14,64,,True,True,,59,56.69694568066818
78,2026-09-19T05:45:57.810+00:00,2026-09-19T05:48:40.143+00:00,2026-09-19T05:48:47.716+00:00,True,77,77.0,,77.0,162333.40510600002,169906.07685,169906.07686000003,2206.572426753247,45.976161999999995,162333.40510600002,18488.26060827729,111.4291418,99.64041768421052,16.496941563335035,0.453191559875629,14,64,,True,True,,367,56.69694568066818
79,2026-09-19T05:45:58.223+00:00,2026-09-19T05:48:42.281+00:00,2026-09-19T05:48:48.961+00:00,True,69,69.0,,69.0,164058.248858,170737.86537,170737.865613,2474.461820478261,46.149341,164058.248858,19738.474323129987,110.4339042,98.22965458823529,17.38076751456419,0.4041282808032801,14,64,,True,True,,309,56.69694568066818
80,2026-09-19T05:45:58.654+00:00,2026-09-19T05:48:44.556+00:00,2026-09-19T05:48:48.657+00:00,True,43,43.0,,43.0,165901.54256200002,170002.400418,170002.400254,3953.5441919534887,46.179021999999996,165901.54256200002,25284.86479959653,111.1737421,97.63947276190476,18.52181509935507,0.2529376049648245,14,64,,True,True,,199,56.69694568066818
81,2026-09-19T05:45:59.247+00:00,2026-09-19T05:48:48.128+00:00,2026-09-19T05:48:54.880+00:00,True,67,67.0,,67.0,168880.71422,175633.27306799998,175633.273135,2621.3921363432837,47.530118,168880.71422,20619.567260373078,110.54763900000002,102.31149769696971,12.24463765106052,0.3814766919139495,14,64,,True,True,,233,56.69694568066818
82,2026-09-19T05:45:59.706+00:00,2026-09-19T05:48:50.320+00:00,2026-09-19T05:48:59.094+00:00,True,88,88.0,,88.0,170613.881662,179388.076094,179388.07626,2038.500866590909,47.295038,170613.881662,18176.75661069719,111.49729285000001,100.85280956321839,15.65170776461178,0.49055657385994644,14,64,,True,True,,342,56.69694568066818
83,2026-09-19T05:46:00.095+00:00,2026-09-19T05:48:52.524+00:00,2026-09-19T05:48:58.889+00:00,True,65,65.0,,65.0,172428.704153,178793.798809,178793.798838,2750.673828276923,48.650165,172428.704153,21374.81970460133,111.729768,99.454604,17.40420473627533,0.36354728426256844,14,64,,True,True,,340,56.69694568066818
84,2026-09-19T05:46:00.543+00:00,2026-09-19T05:48:54.568+00:00,2026-09-19T05:48:58.736+00:00,True,43,43.0,,43.0,174024.497829,178192.636837,178192.636802,4144.014809348837,47.834007,174024.497829,26523.359158043844,113.76085609999998,99.24140495238096,18.36774347903454,0.24131187889280653,14,64,,True,True,,193,56.69694568066818
85,2026-09-19T05:46:01.029+00:00,2026-09-19T05:48:57.576+00:00,2026-09-19T05:49:04.896+00:00,True,75,75.0,,75.0,176546.295505,183866.442449,183866.44242399998,2451.552565653333,45.554643,176546.295505,20374.39526165149,110.69983339999999,98.92090464864864,17.503484575253815,0.40790477588537205,14,64,,True,True,,248,56.69694568066818
86,2026-09-19T05:46:01.471+00:00,2026-09-19T05:48:59.714+00:00,2026-09-19T05:49:01.213+00:00,True,16,16.0,,16.0,178242.708703,179742.62243100003,179742.62231500002,11233.913894687501,46.151391000000004,178242.708703,44535.6810600138,44642.61686875,99.99424853333333,15.273689956443802,0.08901617092040656,14,64,,True,True,,78,56.69694568066818
87,2026-09-19T05:46:02.071+00:00,2026-09-19T05:49:03.144+00:00,2026-09-19T05:49:08.860+00:00,True,57,57.0,,57.0,181073.41229100002,186789.402051,186789.402112,3277.0070545964913,44.710065,181073.41229100002,23970.245515380324,112.2035908,102.07124571428572,16.86059330416219,0.30515649910607356,14,64,,True,True,,258,56.69694568066818
88,2026-09-19T05:46:02.515+00:00,2026-09-19T05:49:06.002+00:00,2026-09-19T05:49:12.354+00:00,True,64,64.0,,64.0,183487.4116,189839.258512,189839.25863599998,2966.2384161874998,49.028054,183487.4116,22923.330449399342,114.37832315,100.82296685714284,17.89048617760925,0.33712731761409864,14,64,,True,True,,276,56.69694568066818
89,2026-09-19T05:46:02.939+00:00,2026-09-19T05:49:07.934+00:00,2026-09-19T05:49:13.396+00:00,True,55,55.0,,55.0,184995.02071399998,190456.711082,190456.71092299998,3462.849289509091,48.539305,184995.02071399998,24931.09091689874,112.05037980000002,101.14241422222223,16.643413990789426,0.28877953256433203,14,64,,True,True,,275,56.69694568066818
90,2026-09-19T05:46:03.431+00:00,2026-09-19T05:49:10.836+00:00,2026-09-19T05:49:12.665+00:00,True,19,19.0,,19.0,187404.498222,189233.23012599998,189233.22999999998,9959.643684210527,50.596641000000005,187404.498222,42970.23471374153,18841.182084599997,101.59621688888889,13.465273000134028,0.10040519832245609,14,64,,True,True,,59,56.69694568066818
91,2026-09-19T05:46:03.902+00:00,2026-09-19T05:49:12.877+00:00,2026-09-19T05:49:18.565+00:00,True,57,57.0,,57.0,188975.12761599998,194662.55494399997,194662.554965,3415.1325432456138,43.814977,188975.12761599998,25016.920972606677,116.09716359999999,101.56120228571429,17.427321616808893,0.2928144039638112,14,64,,True,True,,249,56.69694568066818
92,2026-09-19T05:46:04.352+00:00,2026-09-19T05:49:15.583+00:00,2026-09-19T05:49:19.509+00:00,True,41,41.0,,41.0,191230.996928,195157.546944,195157.546861,4759.940167341463,46.542001,191230.996928,29849.941098362408,112.92137499999998,98.16375040000001,21.45857362152554,0.21008667428969507,14,64,,True,True,,128,56.69694568066818
93,2026-09-19T05:46:04.777+00:00,2026-09-19T05:49:17.768+00:00,2026-09-19T05:49:23.745+00:00,True,62,62.0,,62.0,192990.76763800002,198967.85845400003,198967.85856700002,3209.1590091451617,48.135267,192990.76763800002,24497.4148773001,111.50393315,97.9850953442623,18.66922833449277,0.31160811842548913,14,64,,True,True,,289,56.69694568066818
94,2026-09-19T05:46:05.349+00:00,2026-09-19T05:49:21.013+00:00,2026-09-19T05:49:23.959+00:00,True,30,30.0,,30.0,195663.50562799998,198609.598172,198609.598106,6620.3199368666665,47.927658,195663.50562799998,35704.56049536977,113.05279180000001,101.58939806896552,14.541179331795325,0.15105010168752964,14,64,,True,True,,152,56.69694568066818
95,2026-09-19T05:46:05.833+00:00,2026-09-19T05:49:23.847+00:00,2026-09-19T05:49:33.632+00:00,True,95,95.0,,95.0,198013.283388,207798.577724,207798.57783700002,2187.3534509157894,48.024357,198013.283388,20305.058173548296,113.4157534,104.09887591489361,13.246464335437347,0.4571734852111446,14,64,,True,True,,467,56.69694568066818
96,2026-09-19T05:46:06.384+00:00,2026-09-19T05:49:26.785+00:00,2026-09-19T05:49:36.717+00:00,True,96,96.0,,96.0,200400.217419,210332.839499,210332.839572,2190.967078875,47.121358,200400.217419,20442.59476743167,114.56191074999998,104.55391663157896,13.196295086682413,0.4564194551296229,14,64,,True,True,,123,56.69694568066818
97,2026-09-19T05:46:06.802+00:00,2026-09-19T05:49:29.095+00:00,2026-09-19T05:49:34.925+00:00,True,57,57.0,,57.0,202293.01763699998,208122.85136499998,208122.851511,3651.27809668421,47.892627,202293.01763699998,26780.58023130814,114.87385599999999,104.10417371428572,15.524656740394,0.27387670131443187,14,64,,True,True,,232,56.69694568066818
98,2026-09-19T05:46:07.397+00:00,2026-09-19T05:49:31.457+00:00,2026-09-19T05:49:33.952+00:00,True,25,25.0,,25.0,204060.477296,206555.699824,206555.699726,8262.22798904,48.387326,204060.477296,40791.30540602257,114.4828248,103.96760533333332,17.179969596028638,0.12103272880536223,14,64,,True,True,,103,56.69694568066818
99,2026-09-19T05:46:07.805+00:00,2026-09-19T05:49:34.922+00:00,2026-09-19T05:49:39.590+00:00,True,47,47.0,,47.0,207117.093984,211785.408864,211785.40891600001,4506.07253012766,46.65142899999999,207117.093984,30196.33371793407,113.84889629999999,101.48510608695652,15.091426178550716,0.22192274837111886,14,64,,True,True,,251,56.69694568066818
100,2026-09-19T05:46:08.159+00:00,2026-09-19T05:49:37.490+00:00,2026-09-19T05:49:44.791+00:00,True,76,76.0,,76.0,209331.346197,216632.52866100002,216632.528744,2850.428009789474,45.425205,209331.346197,24000.79283071979,112.13590400000001,97.34909952,18.88846836888571,0.3508245066876799,14,64,,True,True,,345,56.69694568066818
101,2026-09-19T05:46:08.596+00:00,2026-09-19T05:49:39.689+00:00,2026-09-19T05:49:42.566+00:00,True,31,31.0,,31.0,211092.530563,213969.523075,213969.52301900001,6902.2426780322585,48.991147,211092.530563,37896.118857068584,113.631643,95.8997504,20.294473958401365,0.1448804463107298,14,64,,True,True,,150,56.69694568066818
102,2026-09-19T05:46:08.941+00:00,2026-09-19T05:49:41.349+00:00,2026-09-19T05:49:46.748+00:00,True,55,55.0,,55.0,212407.898745,217806.81330500002,217806.813173,3960.1238758727277,49.854436,212407.898745,28627.59921933334,112.463382,99.97989925925926,17.553349477169366,0.25251735317839763,14,64,,True,True,,235,56.69694568066818
103,2026-09-19T05:46:09.425+00:00,2026-09-19T05:49:44.160+00:00,2026-09-19T05:49:44.639+00:00,True,6,6.0,,6.0,214734.989919,215214.338143,215214.33815400003,35869.056359,49.068847,214734.989919,87626.0571697118,161079.24675975004,95.8696448,26.690847812697207,0.027879183384209638,14,64,,True,True,,19,56.69694568066818
104,2026-09-19T05:46:09.783+00:00,2026-09-19T05:49:46.104+00:00,2026-09-19T05:49:55.435+00:00,True,98,98.0,,98.0,216321.390255,225652.09463900002,225652.094592,2302.5723937959183,44.783167,216321.390255,21842.05149891475,110.62459455,96.19282870103092,18.9796935683866,0.4342968770433138,14,64,,True,True,,463,56.69694568066818
105,2026-09-19T05:46:10.151+00:00,2026-09-19T05:49:47.492+00:00,2026-09-19T05:49:51.255+00:00,True,40,40.0,,40.0,217341.051107,221104.547299,221104.54712200002,5527.61367805,49.118936000000005,217341.051107,34349.38414456066,108.522048,96.49990235897435,17.99047772374223,0.180909893028604,14,64,,True,True,,206,56.69694568066818
106,2026-09-19T05:46:10.553+00:00,2026-09-19T05:49:49.770+00:00,2026-09-19T05:49:59.338+00:00,True,98,98.0,,98.0,219217.50194699998,228785.37625099998,228785.376428,2334.544657428571,46.981352,219217.50194699998,22134.353929774526,109.926906,98.63787942268041,16.54561720373184,0.42834905624599184,14,64,,True,True,,413,56.69694568066818
107,2026-09-19T05:46:11.118+00:00,2026-09-19T05:49:52.629+00:00,2026-09-19T05:50:01.207+00:00,True,87,87.0,,87.0,221510.544683,230088.95722699998,230088.95730299997,2644.7006586551724,45.643394,221510.544683,23737.73532467141,111.933677,99.74898306976745,17.50993238270737,0.37811462596254886,14,64,,True,True,,419,56.69694568066818
108,2026-09-19T05:46:11.498+00:00,2026-09-19T05:49:55.011+00:00,2026-09-19T05:50:02.491+00:00,True,76,76.0,,76.0,223513.271392,230993.481312,230993.481301,3039.387911855263,45.120445,223513.271392,25627.296496993902,112.124214,99.73613226666667,18.26606506384922,0.32901361358049647,14,64,,True,True,,312,56.69694568066818
109,2026-09-19T05:46:11.968+00:00,2026-09-19T05:49:57.233+00:00,2026-09-19T05:49:57.496+00:00,True,4,4.0,,4.0,225265.278652,225528.81298800002,225528.813025,56382.20325625,53.907086,225265.278652,112588.71951496875,191491.66189585,87.84477866666667,29.54576596681354,0.01773609299408157,14,64,,True,True,,13,56.69694568066818
110,2026-09-19T05:46:12.482+00:00,2026-09-19T05:50:00.293+00:00,2026-09-19T05:50:06.270+00:00,True,62,62.0,,62.0,227811.337203,233788.361203,233788.36110100002,3770.780017758065,43.99689,227811.337203,28919.630861509308,114.77786599999999,97.984,18.915872917515458,0.2651971196554348,14,64,,True,True,,288,56.69694568066818
111,2026-09-19T05:46:12.914+00:00,2026-09-19T05:50:02.805+00:00,2026-09-19T05:50:04.418+00:00,True,17,17.0,,17.0,229890.998267,231503.517947,231503.518025,13617.854001470587,49.740306,229890.998267,55732.31542968083,46068.2649494,100.78248,14.701016276383253,0.07343300935881221,14,64,,True,True,,63,56.69694568066818
112,2026-09-19T05:46:13.282+00:00,2026-09-19T05:50:04.625+00:00,2026-09-19T05:50:12.782+00:00,True,86,86.0,,86.0,231343.582273,239500.468545,239500.468361,2784.8891669883724,45.257217,231343.582273,24936.079626382958,109.44172325000001,95.96336790588236,19.56217700516113,0.359080717137893,14,64,,True,True,,320,56.69694568066818
113,2026-09-19T05:46:13.796+00:00,2026-09-19T05:50:08.214+00:00,2026-09-19T05:50:17.615+00:00,True,95,95.0,,95.0,234418.173966,243819.581454,243819.5816,2566.5219115789473,45.920864,234418.173966,24040.54227502801,112.9728611,100.01497327659574,17.653178455855496,0.3896323643633319,14,64,,True,True,,475,56.69694568066818
114,2026-09-19T05:46:14.304+00:00,2026-09-19T05:50:10.626+00:00,2026-09-19T05:50:18.410+00:00,True,78,78.0,,78.0,236322.05964700002,244106.134655,244106.134534,3129.5658273589747,45.575165,236322.05964700002,26746.76374772912,113.49110584999998,101.09188322077922,18.13670861355702,0.3195331412307148,14,64,,True,True,,272,56.69694568066818
115,2026-09-19T05:46:14.765+00:00,2026-09-19T05:50:12.992+00:00,2026-09-19T05:50:15.008+00:00,True,20,20.0,,20.0,238227.832002,240243.658178,240243.65832000002,12012.182916,45.897474,238227.832002,53245.64084754975,12021.88791555,106.09611452631579,15.041575717038645,0.08324881560528732,14,64,,True,True,,93,56.69694568066818
116,2026-09-19T05:46:15.229+00:00,2026-09-19T05:50:15.697+00:00,2026-09-19T05:50:22.901+00:00,True,75,75.0,,75.0,240467.68535699998,247672.14487699998,247672.14492899997,3302.29526572,44.269567,240467.68535699998,27755.581682414635,114.53110949999999,97.35756108108107,19.834000503834304,0.3028196813866445,14,64,,True,True,,320,56.69694568066818
117,2026-09-19T05:46:15.684+00:00,2026-09-19T05:50:18.994+00:00,2026-09-19T05:50:20.248+00:00,True,14,14.0,,14.0,243309.618476,244564.225836,244564.225997,17468.8732855,45.609724,243309.618476,65001.44144394495,85235.78995364999,96.50825846153846,22.39501820449072,0.05724467653494067,14,64,,True,True,,17,56.69694568066818
118,2026-09-19T05:46:16.287+00:00,2026-09-19T05:50:21.680+00:00,2026-09-19T05:50:30.201+00:00,True,88,88.0,,88.0,245392.601246,253913.409694,253913.409827,2885.379657125,44.468769,245392.601246,26148.504235553606,110.105119,97.94032698850575,17.09315630003315,0.3465748426050121,14,64,,True,True,,434,56.69694568066818
119,2026-09-19T05:46:16.882+00:00,2026-09-19T05:50:24.542+00:00,2026-09-19T05:50:25.088+00:00,True,7,7.0,,7.0,247660.714871,248205.933943,248205.933866,35457.990552285715,48.159239,247660.714871,93572.60803516828,173393.64809930002,90.86984533333333,21.310505144150053,0.028202387786617284,14,64,,True,True,,45,56.69694568066818
120,2026-09-19T05:46:17.346+00:00,2026-09-19T05:50:27.059+00:00,2026-09-19T05:50:33.913+00:00,True,68,68.0,,68.0,249713.69881600002,256567.720448,256567.720414,3773.0547119705884,50.362584000000005,249713.69881600002,30269.830004862426,110.50346905,102.2988303283582,9.756696392737368,0.2650372380487433,14,64,,True,True,,320,56.69694568066818
121,2026-09-19T05:46:17.901+00:00,2026-09-19T05:50:30.301+00:00,2026-09-19T05:50:37.063+00:00,True,68,68.0,,68.0,252400.42609400002,259162.59671800002,259162.59671300004,3811.214657544118,48.956888,252400.42609400002,30595.811087583937,110.06874884999999,100.92791976119403,13.292873556047343,0.262383541688279,14,64,,True,True,,340,56.69694568066818
122,2026-09-19T05:46:18.505+00:00,2026-09-19T05:50:32.678+00:00,2026-09-19T05:50:41.244+00:00,True,87,87.0,,87.0,254172.867419,262739.190619,262739.190525,3019.9906956896552,46.449253,254172.867419,27239.518496658988,112.3599943,99.60840930232558,18.066210818420696,0.3311268478639691,14,64,,True,True,,419,56.69694568066818
123,2026-09-19T05:46:19.061+00:00,2026-09-19T05:50:36.167+00:00,2026-09-19T05:50:44.875+00:00,True,88,88.0,,88.0,257105.303963,265813.500827,265813.50067800004,3020.60796225,46.864572,257105.303963,27396.853541067336,113.71294035,100.09421682758621,18.43098492532876,0.33105918144192853,14,64,,True,True,,389,56.69694568066818
124,2026-09-19T05:46:19.620+00:00,2026-09-19T05:50:38.954+00:00,2026-09-19T05:50:41.248+00:00,True,24,24.0,,24.0,259333.350128,261627.466992,261627.467136,10901.144463999999,46.466643,259333.350128,52915.84207420092,115.2878581,99.74421147826088,20.64542776977035,0.09173348760332518,14,64,,True,True,,94,56.69694568066818
125,2026-09-19T05:46:20.110+00:00,2026-09-19T05:50:41.778+00:00,2026-09-19T05:50:49.897+00:00,True,85,85.0,,85.0,261667.233467,269787.016635,269787.016626,3173.964901482353,47.117502,261667.233467,28371.318238657055,110.18250220000002,96.66408533333333,19.4013819452029,0.31506334537587527,14,64,,True,True,,386,56.69694568066818
126,2026-09-19T05:46:20.478+00:00,2026-09-19T05:50:43.792+00:00,2026-09-19T05:50:51.705+00:00,True,83,83.0,,83.0,263314.034234,271226.423354,271226.423315,3267.7882327108437,48.370159,263314.034234,28891.884425540273,111.0677903,96.49255024390244,18.334146637649557,0.3060173819851978,14,64,,True,True,,299,56.69694568066818
127,2026-09-19T05:46:20.959+00:00,2026-09-19T05:50:46.406+00:00,2026-09-19T05:50:50.934+00:00,True,49,49.0,,49.0,265446.332456,269974.25155999995,269974.251436,5509.678600734694,44.623907,265446.332456,37907.43468465264,115.6295986,94.331648,21.549226044502927,0.1814987900396497,14,64,,True,True,,224,56.69694568066818
128,2026-09-19T05:46:21.323+00:00,2026-09-19T05:50:48.278+00:00,2026-09-19T05:50:57.232+00:00,True,94,94.0,,94.0,266955.060977,275908.54270499997,275908.542851,2935.19726437234,42.809352,266955.060977,27524.38898317107,111.46158100000001,96.27399707526882,19.336539026370865,0.3406926044348846,14,64,,True,True,,382,56.69694568066818
129,2026-09-19T05:46:21.721+00:00,2026-09-19T05:50:50.534+00:00,2026-09-19T05:50:51.953+00:00,True,16,16.0,,16.0,268813.14313700004,270232.424545,270232.42467000004,16889.526541875002,47.726121,268813.14313700004,67179.63335888996,67285.220186,94.61876053333333,18.064579114510938,0.05920829088862956,14,64,,True,True,,63,56.69694568066818
130,2026-09-19T05:46:22.844+00:00,2026-09-19T05:50:53.115+00:00,2026-09-19T05:51:02.387+00:00,True,94,94.0,,94.0,270271.231639,279542.376855,279542.376734,2973.855071638298,46.890003,270271.231639,27866.07133417446,111.042081,99.68973350537634,15.901916156059574,0.3362638647404728,14,64,,True,True,,416,56.69694568066818
132,2026-09-19T05:46:22.859+00:00,2026-09-19T05:50:54.652+00:00,2026-09-19T05:51:04.152+00:00,True,96,96.0,,96.0,271792.42986900004,281293.12644500006,281293.12627800007,2930.1367320625004,47.114591,271792.42986900004,27729.496796400803,110.78781325,100.00733237894737,16.80412441774847,0.34128100182629395,14,64,,True,True,,349,56.69694568066818
131,2026-09-19T05:46:22.854+00:00,2026-09-19T05:50:56.117+00:00,2026-09-19T05:51:00.612+00:00,True,46,46.0,,46.0,273263.212054,277757.99067800003,277757.990449,6038.2171836739135,46.307364,273263.212054,40275.73879907752,110.55725375,99.88396942222222,16.626939967266072,0.16561179711775417,14,64,,True,True,,147,56.69694568066818
133,2026-09-19T05:46:23.218+00:00,2026-09-19T05:50:58.743+00:00,2026-09-19T05:51:04.793+00:00,True,61,61.0,,61.0,275524.502907,281574.65151500003,281574.65155400004,4615.977894327869,46.936232000000004,275524.502907,35264.3907336862,113.544329,100.83581013333334,16.376156725233884,0.21663881912591273,14,64,,True,True,,171,56.69694568066818
134,2026-09-19T05:46:23.685+00:00,2026-09-19T05:51:01.128+00:00,2026-09-19T05:51:10.155+00:00,True,93,93.0,,93.0,277443.29726099997,286469.885677,286469.885747,3080.3213521182793,44.246049,277443.29726099997,28759.36212123545,112.9282806,98.11509147826088,19.372371472233763,0.3246414532550873,14,64,,True,True,,363,56.69694568066818
135,2026-09-19T05:46:24.216+00:00,2026-09-19T05:51:04.149+00:00,2026-09-19T05:51:13.542+00:00,True,98,98.0,,98.0,279932.746117,289325.916805,289325.916772,2952.3052731836733,44.181478000000006,279932.746117,28267.70268115149,112.46364835,96.83681121649484,20.134663439139068,0.3387183598420949,14,64,,True,True,,437,56.69694568066818
136,2026-09-19T05:46:24.796+00:00,2026-09-19T05:51:07.153+00:00,2026-09-19T05:51:15.419+00:00,True,86,86.0,,86.0,282356.821513,290622.504457,290622.504535,3379.3314480813956,47.535911,282356.821513,30436.838442597236,109.85966075,97.24332875294118,18.17704125575069,0.2959165194749205,14,64,,True,True,,304,56.69694568066818
137,2026-09-19T05:46:25.251+00:00,2026-09-19T05:51:09.634+00:00,2026-09-19T05:51:09.741+00:00,True,2,2.0,,2.0,284383.27139999997,284490.01930399996,284490.019355,142245.0096775,106.747955,284383.27139999997,201013.85746009604,270169.44522774994,106.747904,nan,0.007030123604662711,14,64,,True,True,,4,56.69694568066818
138,2026-09-19T05:46:25.825+00:00,2026-09-19T05:51:12.397+00:00,2026-09-19T05:51:17.147+00:00,True,49,49.0,,49.0,286572.315358,291321.993694,291321.993709,5945.346810387755,47.117511,286572.315358,40924.76995414674,111.65995780000002,98.951632,17.60466144186863,0.16819876652179175,14,64,,True,True,,156,56.69694568066818
139,2026-09-19T05:46:26.178+00:00,2026-09-19T05:51:14.333+00:00,2026-09-19T05:51:19.057+00:00,True,48,48.0,,48.0,288155.300343,292878.93579899997,292878.935764,6101.644495083333,48.935368000000004,288155.300343,41577.131523782744,109.6828715,100.50288204255318,15.450807490875096,0.16389024314449827,14,64,,True,True,,228,56.69694568066818
140,2026-09-19T05:46:26.719+00:00,2026-09-19T05:51:17.307+00:00,2026-09-19T05:51:24.274+00:00,True,70,70.0,,70.0,290587.603491,297554.114083,297554.11400400003,4250.7730572,47.419991,290587.603491,34719.798738288555,113.92882775,100.96392162318841,17.83400328862167,0.2352513263536129,14,64,,True,True,,335,56.69694568066818
141,2026-09-19T05:46:27.320+00:00,2026-09-19T05:51:20.083+00:00,2026-09-19T05:51:22.905+00:00,True,30,30.0,,30.0,292763.298319,295584.690703,295584.690774,9852.8230258,48.416749,292763.298319,53433.26277726519,116.6284953,97.28939255172413,22.258883599069968,0.10149375439116923,14,64,,True,True,,138,56.69694568066818
142,2026-09-19T05:46:27.651+00:00,2026-09-19T05:51:22.313+00:00,2026-09-19T05:51:27.677+00:00,False,56,55.0,,55.0,294662.112118,300026.10751,300026.107539,5357.609063196428,0.026039000000000003,294662.112118,39362.85588351145,114.51874199999999,97.52718894545455,24.503075956729667,0.18331738013221677,14,64,,True,False,Request timeout: 300.0s exceeded,249,56.69694568066818
143,2026-09-19T05:46:28.063+00:00,2026-09-19T05:51:25.031+00:00,2026-09-19T05:51:28.091+00:00,False,32,31.0,,31.0,296967.290319,300027.990735,300027.99059600005,9375.874706125001,0.027809999999999998,296967.290319,52479.44755433092,112.19811405,98.73227148387097,23.110377901414886,0.10332369297963528,14,64,,True,False,Request timeout: 300.0s exceeded,144,56.69694568066818
144,2026-09-19T05:46:28.495+00:00,2026-09-19T05:51:27.253+00:00,2026-09-19T05:51:27.884+00:00,True,7,7.0,,7.0,298757.90874299995,299388.76339899993,299388.7632149999,42769.82331642856,101.326938,298757.90874299995,112880.13548416011,209163.89232329995,105.14244266666667,3.4960799751645655,0.023380971017509414,14,64,,True,True,,15,56.69694568066818
145,2026-09-19T05:46:29.058+00:00,2026-09-19T05:51:29.277+00:00,2026-09-19T05:51:29.602+00:00,False,5,4.0,,4.0,300218.89571899996,300543.68727099994,300543.68732399994,60108.73746479999,0.02091,300218.89571899996,134225.6671873716,240197.24063639995,81.197888,54.18021468855508,0.013309213167379569,14,64,,True,False,Request timeout: 300.0s exceeded,15,56.69694568066818
146,2026-09-19T05:46:29.468+00:00,2026-09-19T05:51:29.643+00:00,2026-09-19T05:51:29.643+00:00,False,1,0.0,,0.0,300174.819912,300174.819912,300174.819912,300174.819912,300174.819912,300174.819912,nan,300174.819912,nan,nan,0.0,14,64,,True,False,"HTTPConnectionPool(host='gpu03', port=9002): Read timed out.",0,56.69694568066818
147,2026-09-19T05:46:29.916+00:00,2026-09-19T05:51:29.937+00:00,2026-09-19T05:51:29.937+00:00,False,1,0.0,,0.0,300020.92512800003,300020.92512800003,300020.92512800003,300020.92512800003,300020.92512800003,300020.92512800003,nan,300020.92512800003,nan,nan,0.0,14,64,,True,False,"HTTPConnectionPool(host='gpu03', port=9002): Read timed out.",0,56.69694568066818
148,2026-09-19T05:46:30.515+00:00,2026-09-19T05:51:30.621+00:00,2026-09-19T05:51:30.621+00:00,False,1,0.0,,0.0,300105.979973,300105.979973,300105.979973,300105.979973,300105.979973,300105.979973,nan,300105.979973,nan,nan,0.0,14,64,,True,False,"HTTPConnectionPool(host='gpu03', port=9002): Read timed out.",0,56.69694568066818
149,2026-09-19T05:46:31.120+00:00,2026-09-19T05:51:30.984+00:00,2026-09-19T05:51:31.207+00:00,False,4,3.0,,3.0,299864.151349,300087.064629,300087.064657,75021.76616425,0.01943,299864.151349,149894.93268474002,254901.74549469995,74.30442666666667,64.41891311561241,0.009997098687705595,14,64,,True,False,Request timeout: 300.0s exceeded,10,56.69694568066818
150,2026-09-19T05:46:31.730+00:00,2026-09-19T05:51:31.531+00:00,2026-09-19T05:51:31.741+00:00,False,4,3.0,,3.0,299801.936333,300011.42830100004,300011.428412,75002.857103,0.03811,299801.936333,149866.06097125093,254847.86435735,69.830656,60.53742962755178,0.009999619071144565,14,64,,True,False,Request timeout: 300.0s exceeded,8,56.69694568066818
151,2026-09-19T05:46:32.146+00:00,2026-09-19T05:51:32.251+00:00,2026-09-19T05:51:32.251+00:00,False,1,0.0,,0.0,300105.40554799995,300105.40554799995,300105.40554799995,300105.40554799995,300105.40554799995,300105.40554799995,nan,300105.40554799995,nan,nan,0.0,14,64,,True,False,"HTTPConnectionPool(host='gpu03', port=9002): Read timed out.",0,56.69694568066818
152,2026-09-19T05:46:32.727+00:00,2026-09-19T05:51:32.665+00:00,2026-09-19T05:51:32.777+00:00,False,3,2.0,,2.0,299938.33019099996,300050.25723099994,300050.25716399995,100016.75238799998,0.039240000000000004,299938.33019099996,173137.17417398284,269955.6859452,55.96352,79.08861502665496,0.006665550026375276,14,64,,True,False,Request timeout: 300.0s exceeded,5,56.69694568066818
153,2026-09-19T05:46:33.115+00:00,2026-09-19T05:51:33.025+00:00,2026-09-19T05:51:33.142+00:00,False,3,2.0,,2.0,299909.919756,300026.958348,300026.958377,100008.98612566666,0.02221,299909.919756,173119.29664719634,269930.6294215,58.519296,82.72764673793641,0.00666606764609535,14,64,,True,False,Request timeout: 300.0s exceeded,4,56.69694568066818
154,2026-09-19T05:46:33.512+00:00,2026-09-19T05:51:33.550+00:00,2026-09-19T05:51:33.550+00:00,False,1,0.0,,0.0,300037.735852,300037.735852,300037.735852,300037.735852,300037.735852,300037.735852,nan,300037.735852,nan,nan,0.0,14,64,,True,False,"HTTPConnectionPool(host='gpu03', port=9002): Read timed out.",0,56.69694568066818
155,2026-09-19T05:46:33.861+00:00,2026-09-19T05:51:33.932+00:00,2026-09-19T05:51:33.932+00:00,False,1,0.0,,0.0,300071.36183300003,300071.36183300003,300071.36183300003,300071.36183300003,300071.36183300003,300071.36183300003,nan,300071.36183300003,nan,nan,0.0,14,64,,True,False,"HTTPConnectionPool(host='gpu03', port=9002): Read timed out.",0,56.69694568066818
156,2026-09-19T05:46:34.395+00:00,2026-09-19T05:51:34.278+00:00,2026-09-19T05:51:34.408+00:00,False,3,2.0,,2.0,299883.706141,300013.128989,300013.129074,100004.376358,0.03818,299883.706141,173100.5893649988,269908.2740022,64.711424,91.46182969915263,0.006666374924123171,14,64,,True,False,Request timeout: 300.0s exceeded,7,56.69694568066818
157,2026-09-19T05:46:34.801+00:00,2026-09-19T05:51:34.548+00:00,2026-09-19T05:51:34.852+00:00,False,5,4.0,,4.0,299746.799086,300050.424302,300050.424078,60010.0848156,0.041409999999999995,299746.799086,134016.90471123403,239818.90035740004,75.906304,50.93151034602941,0.01333109262986414,14,64,,True,False,Request timeout: 300.0s exceeded,13,56.69694568066818
158,2026-09-19T05:46:35.265+00:00,2026-09-19T05:51:35.298+00:00,2026-09-19T05:51:35.298+00:00,False,1,0.0,,0.0,300033.005221,300033.005221,300033.005221,300033.005221,300033.005221,300033.005221,nan,300033.005221,nan,nan,0.0,14,64,,True,False,"HTTPConnectionPool(host='gpu03', port=9002): Read timed out.",0,56.69694568066818
159,2026-09-19T05:46:35.771+00:00,2026-09-19T05:51:35.751+00:00,2026-09-19T05:51:35.890+00:00,False,3,2.0,,2.0,299979.83988,300118.74368799996,300118.74363,100039.58120999999,0.094109,299979.83988,173153.35713831708,269995.7368561,69.451904,98.08659433815016,0.0066640289620803475,14,64,,True,False,Request timeout: 300.0s exceeded,3,56.69694568066818
160,2026-09-19T05:46:36.283+00:00,2026-09-19T05:51:36.153+00:00,2026-09-19T05:51:36.349+00:00,False,4,3.0,,3.0,299869.481238,300065.871894,300065.87183699996,75016.46795924999,0.03452,299869.481238,149902.0160078928,254904.18562949996,65.463552,56.72585139326076,0.009997804752217098,14,64,,True,False,Request timeout: 300.0s exceeded,10,56.69694568066818
161,2026-09-19T05:46:36.767+00:00,2026-09-19T05:51:36.794+00:00,2026-09-19T05:51:36.794+00:00,False,1,0.0,,0.0,300026.087843,300026.087843,300026.087843,300026.087843,300026.087843,300026.087843,nan,300026.087843,nan,nan,0.0,14,64,,True,False,"HTTPConnectionPool(host='gpu03', port=9002): Read timed out.",0,56.69694568066818
162,2026-09-19T05:46:37.699+00:00,2026-09-19T05:51:37.331+00:00,2026-09-19T05:51:37.893+00:00,False,7,6.0,,6.0,299631.705586,300193.764338,300193.764476,42884.82349657143,0.08506999999999999,299631.705586,113214.74124713035,209780.1684982,93.67645866666668,46.420237082051955,0.019987090715329996,14,64,,True,False,Request timeout: 300.0s exceeded,27,56.69694568066818
163,2026-09-19T05:46:37.748+00:00,2026-09-19T05:51:37.676+00:00,2026-09-19T05:51:37.994+00:00,False,5,4.0,,4.0,299927.662518,300245.860534,300245.860688,60049.1721376,0.05181,299927.662518,134096.1607357885,239964.95843,79.549504,53.57967986348177,0.013322415146326516,14,64,,True,False,Request timeout: 300.0s exceeded,6,56.69694568066818
164,2026-09-19T05:46:38.233+00:00,2026-09-19T05:51:38.322+00:00,2026-09-19T05:51:38.322+00:00,False,1,0.0,,0.0,300089.075972,300089.075972,300089.075972,300089.075972,300089.075972,300089.075972,nan,300089.075972,nan,nan,0.0,14,64,,True,False,"HTTPConnectionPool(host='gpu03', port=9002): Read timed out.",0,56.69694568066818
165,2026-09-19T05:46:38.767+00:00,2026-09-19T05:51:39.174+00:00,2026-09-19T05:51:39.473+00:00,False,5,4.0,,4.0,300406.63951,300705.647254,300705.647394,60141.1294788,0.04232,300406.63951,134312.52029785924,240362.02112380002,74.751936,78.0957184616612,0.013302044828646935,14,64,,True,False,Request timeout: 300.0s exceeded,7,56.69694568066818
166,2026-09-19T05:46:39.279+00:00,2026-09-19T05:51:39.356+00:00,2026-09-19T05:51:39.578+00:00,False,6,5.0,,5.0,300076.702484,300299.360532,300299.36060300004,50049.893433833335,0.03805,300076.702484,122487.62310683122,225075.14955250002,44.5316096,26.359326755361504,0.016650052105146584,14,64,,True,False,Request timeout: 300.0s exceeded,20,56.69694568066818
167,2026-09-19T05:46:39.823+00:00,2026-09-19T05:51:39.845+00:00,2026-09-19T05:51:39.845+00:00,False,1,0.0,,0.0,300021.711798,300021.711798,300021.711798,300021.711798,300021.711798,300021.711798,nan,300021.711798,nan,nan,0.0,14,64,,True,False,"HTTPConnectionPool(host='gpu03', port=9002): Read timed out.",0,56.69694568066818
168,2026-09-19T05:46:40.168+00:00,2026-09-19T05:51:40.186+00:00,2026-09-19T05:51:40.186+00:00,False,1,0.0,,0.0,300017.74686400004,300017.74686400004,300017.74686400004,300017.74686400004,300017.74686400004,300017.74686400004,nan,300017.74686400004,nan,nan,0.0,14,64,,True,False,"HTTPConnectionPool(host='gpu03', port=9002): Read timed out.",0,56.69694568066818
169,2026-09-19T05:46:40.616+00:00,2026-09-19T05:51:40.706+00:00,2026-09-19T05:51:40.706+00:00,False,1,0.0,,0.0,300090.30210100004,300090.30210100004,300090.30210100004,300090.30210100004,300090.30210100004,300090.30210100004,nan,300090.30210100004,nan,nan,0.0,14,64,,True,False,"HTTPConnectionPool(host='gpu03', port=9002): Read timed out.",0,56.69694568066818
170,2026-09-19T05:46:41.202+00:00,2026-09-19T05:51:40.952+00:00,2026-09-19T05:51:41.270+00:00,False,5,4.0,,4.0,299750.305671,300068.483463,300068.483381,60013.696676199994,0.04193,299750.305671,134016.8473271668,239826.291863,79.544448,55.8409654798826,0.01333029031852064,14,64,,True,False,Request timeout: 300.0s exceeded,7,56.69694568066818
171,2026-09-19T05:46:41.580+00:00,2026-09-19T05:51:41.078+00:00,2026-09-19T05:51:41.622+00:00,False,8,7.0,,7.0,299497.88393999997,300041.90697999997,300041.90700099996,37505.238375124994,0.0562,299497.88393999997,105861.02130442017,194710.25314214997,77.71757714285715,39.37265968459486,0.02333007435680177,14,64,,True,False,Request timeout: 300.0s exceeded,21,56.69694568066818
172,2026-09-19T05:46:42.126+00:00,2026-09-19T05:51:42.192+00:00,2026-09-19T05:51:42.192+00:00,False,1,0.0,,0.0,300065.83487300004,300065.83487300004,300065.83487300004,300065.83487300004,300065.83487300004,300065.83487300004,nan,300065.83487300004,nan,nan,0.0,14,64,,True,False,"HTTPConnectionPool(host='gpu03', port=9002): Read timed out.",0,56.69694568066818
173,2026-09-19T05:46:42.574+00:00,2026-09-19T05:51:42.537+00:00,2026-09-19T05:51:42.684+00:00,False,3,2.0,,2.0,299962.471743,300109.61235099996,300109.61253499996,100036.53751166665,0.02284,299962.471743,173140.95354059522,269980.93636389996,73.570304,104.01190026290647,0.006664231726309569,14,64,,True,False,Request timeout: 300.0s exceeded,4,56.69694568066818
174,2026-09-19T05:46:43.102+00:00,2026-09-19T05:51:42.924+00:00,2026-09-19T05:51:43.138+00:00,False,4,3.0,,3.0,299821.835463,300036.294087,300036.294021,75009.07350525,0.02173,299821.835463,149875.1832247019,254865.46721384997,71.486208,62.13353834881152,0.0099987903434446,14,64,,True,False,Request timeout: 300.0s exceeded,16,56.69694568066818
175,2026-09-19T05:46:43.680+00:00,2026-09-19T05:51:43.705+00:00,2026-09-19T05:51:43.705+00:00,False,1,0.0,,0.0,300025.64852399996,300025.64852399996,300025.64852399996,300025.64852399996,300025.64852399996,300025.64852399996,nan,300025.64852399996,nan,nan,0.0,14,64,,True,False,"HTTPConnectionPool(host='gpu03', port=9002): Read timed out.",0,56.69694568066818
176,2026-09-19T05:46:44.172+00:00,2026-09-19T05:51:44.198+00:00,2026-09-19T05:51:44.198+00:00,False,1,0.0,,0.0,300026.694198,300026.694198,300026.694198,300026.694198,300026.694198,300026.694198,nan,300026.694198,nan,nan,0.0,14,64,,True,False,TTFT timeout: 300.0s exceeded (TTFT: 300.018s),0,56.69694568066818
177,2026-09-19T05:46:44.670+00:00,2026-09-19T05:51:44.483+00:00,2026-09-19T05:51:44.737+00:00,False,4,3.0,,3.0,299813.363222,300066.980118,300066.98027,75016.7450675,0.03135,299813.363222,149864.4248817684,254863.33646645,84.53896533333332,75.79743154413076,0.00999776782777053,14,64,,True,False,Request timeout: 300.0s exceeded,4,56.69694568066818
178,2026-09-19T05:46:45.101+00:00,2026-09-19T05:51:45.207+00:00,2026-09-19T05:51:45.207+00:00,False,1,0.0,,0.0,300105.805594,300105.805594,300105.805594,300105.805594,300105.805594,300105.805594,nan,300105.805594,nan,nan,0.0,14,64,,True,False,"HTTPConnectionPool(host='gpu03', port=9002): Read timed out.",0,56.69694568066818
179,2026-09-19T05:46:45.594+00:00,2026-09-19T05:51:45.677+00:00,2026-09-19T05:51:45.677+00:00,False,1,0.0,,0.0,300083.33833,300083.33833,300083.33833,300083.33833,300083.33833,300083.33833,nan,300083.33833,nan,nan,0.0,14,64,,True,False,"HTTPConnectionPool(host='gpu03', port=9002): Read timed out.",0,56.69694568066818
180,2026-09-19T05:46:46.148+00:00,2026-09-19T05:51:46.171+00:00,2026-09-19T05:51:46.171+00:00,False,1,0.0,,0.0,300022.83643699996,300022.83643699996,300022.83643699996,300022.83643699996,300022.83643699996,300022.83643699996,nan,300022.83643699996,nan,nan,0.0,14,64,,True,False,TTFT timeout: 300.0s exceeded (TTFT: 300.015s),0,56.69694568066818
181,2026-09-19T05:46:46.538+00:00,2026-09-19T05:51:46.283+00:00,2026-09-19T05:51:46.583+00:00,False,5,4.0,,4.0,299745.16071499995,300044.48487499997,300044.48489699996,60008.896979399986,0.061198999999999996,299745.16071499995,134016.65264677067,239817.72330839996,74.83104,50.19694341399035,0.013331356520905292,14,64,,True,False,Request timeout: 300.0s exceeded,22,56.69694568066818
182,2026-09-19T05:46:47.049+00:00,2026-09-19T05:51:47.064+00:00,2026-09-19T05:51:47.064+00:00,False,1,0.0,,0.0,300015.635829,300015.635829,300015.635829,300015.635829,300015.635829,300015.635829,nan,300015.635829,nan,nan,0.0,14,64,,True,False,"HTTPConnectionPool(host='gpu03', port=9002): Read timed out.",0,56.69694568066818
183,2026-09-19T05:46:47.504+00:00,2026-09-19T05:51:47.545+00:00,2026-09-19T05:51:47.545+00:00,False,1,0.0,,0.0,300041.144814,300041.144814,300041.144814,300041.144814,300041.144814,300041.144814,nan,300041.144814,nan,nan,0.0,14,64,,True,False,TTFT timeout: 300.0s exceeded (TTFT: 300.034s),0,56.69694568066818
184,2026-09-19T05:46:48.109+00:00,2026-09-19T05:51:47.929+00:00,2026-09-19T05:51:48.165+00:00,False,4,3.0,,3.0,299820.59470099997,300056.48871699994,300056.48886,75014.122215,0.027529,299820.59470099997,149870.99288157336,254868.24252079998,78.63133866666668,71.03919529488259,0.009998117397252716,14,64,,True,False,Request timeout: 300.0s exceeded,6,56.69694568066818
185,2026-09-19T05:46:48.448+00:00,2026-09-19T05:51:48.369+00:00,2026-09-19T05:51:48.522+00:00,False,4,3.0,,3.0,299920.71842,300073.684564,300073.684718,75018.4211795,0.04579,299920.71842,149934.8706274464,254947.94107325,50.98871466666667,51.07893924993217,0.009997544450986861,14,64,,True,False,Request timeout: 300.0s exceeded,15,56.69694568066818
186,2026-09-19T05:46:48.928+00:00,2026-09-19T05:51:48.974+00:00,2026-09-19T05:51:48.974+00:00,False,1,0.0,,0.0,300046.239564,300046.239564,300046.239564,300046.239564,300046.239564,300046.239564,nan,300046.239564,nan,nan,0.0,14,64,,True,False,"HTTPConnectionPool(host='gpu03', port=9002): Read timed out.",0,56.69694568066818
187,2026-09-19T05:46:49.508+00:00,2026-09-19T05:51:49.391+00:00,2026-09-19T05:51:49.525+00:00,False,3,2.0,,2.0,299882.597879,300016.458999,300016.45908,100005.48636000001,0.0229,299882.597879,173098.6691414017,269907.7219212,66.93056,94.62188424742106,0.006666300931198799,14,64,,True,False,Request timeout: 300.0s exceeded,4,56.69694568066818
188,2026-09-19T05:46:49.876+00:00,2026-09-19T05:51:49.655+00:00,2026-09-19T05:51:49.912+00:00,False,5,4.0,,4.0,299779.256802,300035.78441799997,300035.784541,60007.1569082,0.02266,299779.256802,134036.68579976333,239846.1976236,64.131904,50.66689681939586,0.013331743104440274,14,64,,True,False,Request timeout: 300.0s exceeded,20,56.69694568066818
189,2026-09-19T05:46:50.428+00:00,2026-09-19T05:51:50.752+00:00,2026-09-19T05:51:51.463+00:00,False,8,7.0,,7.0,300324.029321,301034.71168899996,301034.71167499997,37629.338959374996,0.04001,300324.029321,106144.69315073156,195262.16641045,101.52605257142856,47.70087564323095,0.023253132373756702,14,64,,True,False,Request timeout: 300.0s exceeded,54,56.69694568066818
190,2026-09-19T05:46:50.864+00:00,2026-09-19T05:51:51.109+00:00,2026-09-19T05:51:51.566+00:00,False,6,5.0,,5.0,300244.86632800003,300702.051608,300702.05171400006,50117.00861900001,0.022170000000000002,300244.86632800003,122537.13407169133,225220.25761075,91.437056,54.52055677334133,0.01662775485987731,14,64,,True,False,Request timeout: 300.0s exceeded,24,56.69694568066818
191,2026-09-19T05:46:51.195+00:00,2026-09-19T05:51:51.257+00:00,2026-09-19T05:51:51.568+00:00,False,5,4.0,,4.0,300061.590611,300372.473683,300372.47354700003,60074.4947094,0.02707,300061.590611,134156.87260160118,240071.20901700002,77.720768,52.01236322668669,0.013316799475511945,14,64,,True,False,Request timeout: 300.0s exceeded,13,56.69694568066818
192,2026-09-19T05:46:51.598+00:00,2026-09-19T05:51:51.701+00:00,2026-09-19T05:51:51.701+00:00,False,1,0.0,,0.0,300103.199954,300103.199954,300103.199954,300103.199954,300103.199954,300103.199954,nan,300103.199954,nan,nan,0.0,14,64,,True,False,"HTTPConnectionPool(host='gpu03', port=9002): Read timed out.",0,56.69694568066818
193,2026-09-19T05:46:52.135+00:00,2026-09-19T05:51:52.250+00:00,2026-09-19T05:51:52.250+00:00,False,1,0.0,,0.0,300115.126745,300115.126745,300115.126745,300115.126745,300115.126745,300115.126745,nan,300115.126745,nan,nan,0.0,14,64,,True,False,"HTTPConnectionPool(host='gpu03', port=9002): Read timed out.",0,56.69694568066818
194,2026-09-19T05:46:52.734+00:00,2026-09-19T05:51:52.767+00:00,2026-09-19T05:51:52.767+00:00,False,1,0.0,,0.0,300033.306009,300033.306009,300033.306009,300033.306009,300033.306009,300033.306009,nan,300033.306009,nan,nan,0.0,14,64,,True,False,TTFT timeout: 300.0s exceeded (TTFT: 300.026s),0,56.69694568066818
195,2026-09-19T05:46:53.072+00:00,2026-09-19T05:51:52.988+00:00,2026-09-19T05:51:53.166+00:00,False,4,3.0,,3.0,299915.417142,300093.905974,300093.906143,75023.47653575,0.02955,299915.417142,149927.9665148623,254942.9607786,59.49627733333334,52.42614577677293,0.009996870780374723,14,64,,True,False,Request timeout: 300.0s exceeded,13,56.69694568066818
196,2026-09-19T05:46:53.625+00:00,2026-09-19T05:51:53.167+00:00,2026-09-19T05:51:53.682+00:00,False,7,6.0,,6.0,299541.193619,300056.298643,300056.298634,42865.18551914286,0.023850000000000003,299541.193619,113183.48735887065,209710.6090913,85.85083733333333,42.12966931196324,0.01999624746134278,14,64,,True,False,Request timeout: 300.0s exceeded,18,56.69694568066818
197,2026-09-19T05:46:53.997+00:00,2026-09-19T05:51:54.091+00:00,2026-09-19T05:51:54.091+00:00,False,1,0.0,,0.0,300094.03406,300094.03406,300094.03406,300094.03406,300094.03406,300094.03406,nan,300094.03406,nan,nan,0.0,14,64,,True,False,"HTTPConnectionPool(host='gpu03', port=9002): Read timed out.",0,56.69694568066818
198,2026-09-19T05:46:54.391+00:00,2026-09-19T05:51:54.494+00:00,2026-09-19T05:51:54.494+00:00,False,1,0.0,,0.0,300103.26750300004,300103.26750300004,300103.26750300004,300103.26750300004,300103.26750300004,300103.26750300004,nan,300103.26750300004,nan,nan,0.0,14,64,,True,False,"HTTPConnectionPool(host='gpu03', port=9002): Read timed out.",0,56.69694568066818
199,2026-09-19T05:46:55.683+00:00,2026-09-19T05:51:54.778+00:00,2026-09-19T05:51:55.808+00:00,False,12,11.0,,11.0,299095.513227,300125.506955,300125.506996,25010.458916333333,0.036840000000000005,299095.513227,86314.41456324027,134663.97074575,93.63579345454545,37.364461426348335,0.0366513333425183,14,64,,True,False,Request timeout: 300.0s exceeded,42,56.69694568066818
200,2026-09-19T05:46:55.723+00:00,2026-09-19T05:51:55.120+00:00,2026-09-19T05:51:55.925+00:00,False,10,9.0,,9.0,299396.133474,300201.820258,300201.82018399995,30020.1820184,0.038879,299396.133474,94649.06901354706,164721.76580939998,89.52075377777777,40.00856199818389,0.02997983154221118,14,64,,True,False,Request timeout: 300.0s exceeded,36,56.69694568066818
201,2026-09-19T05:46:55.798+00:00,2026-09-19T05:51:56.005+00:00,2026-09-19T05:51:56.005+00:00,False,1,0.0,,0.0,300207.904621,300207.904621,300207.904621,300207.904621,300207.904621,300207.904621,nan,300207.904621,nan,nan,0.0,14,64,,True,False,"HTTPConnectionPool(host='gpu03', port=9002): Read timed out.",0,56.69694568066818
202,2026-09-19T05:46:56.386+00:00,2026-09-19T05:51:56.402+00:00,2026-09-19T05:51:56.402+00:00,False,1,0.0,,0.0,300016.33150599996,300016.33150599996,300016.33150599996,300016.33150599996,300016.33150599996,300016.33150599996,nan,300016.33150599996,nan,nan,0.0,14,64,,True,False,"HTTPConnectionPool(host='gpu03', port=9002): Read timed out.",0,56.69694568066818
203,2026-09-19T05:46:56.718+00:00,2026-09-19T05:51:56.827+00:00,2026-09-19T05:51:56.827+00:00,False,1,0.0,,0.0,300108.49913300003,300108.49913300003,300108.49913300003,300108.49913300003,300108.49913300003,300108.49913300003,nan,300108.49913300003,nan,nan,0.0,14,64,,True,False,"HTTPConnectionPool(host='gpu03', port=9002): Read timed out.",0,56.69694568066818
204,2026-09-19T05:46:57.195+00:00,2026-09-19T05:51:57.292+00:00,2026-09-19T05:51:57.292+00:00,False,1,0.0,,0.0,300096.31073,300096.31073,300096.31073,300096.31073,300096.31073,300096.31073,nan,300096.31073,nan,nan,0.0,14,64,,True,False,TTFT timeout: 300.0s exceeded (TTFT: 300.091s),0,56.69694568066818
205,2026-09-19T05:46:57.693+00:00,2026-09-19T05:51:57.411+00:00,2026-09-19T05:51:57.709+00:00,False,5,4.0,,4.0,299718.480252,300016.193148,300016.193141,60003.23862819999,0.0419,299718.480252,134004.9007908482,239795.35982699998,74.428224,49.70043340701337,0.013332613676711687,14,64,,True,False,Request timeout: 300.0s exceeded,13,56.69694568066818
206,2026-09-19T05:46:58.276+00:00,2026-09-19T05:51:58.310+00:00,2026-09-19T05:51:58.310+00:00,False,1,0.0,,0.0,300034.064582,300034.064582,300034.064582,300034.064582,300034.064582,300034.064582,nan,300034.064582,nan,nan,0.0,14,64,,True,False,"HTTPConnectionPool(host='gpu03', port=9002): Read timed out.",0,56.69694568066818
207,2026-09-19T05:46:58.748+00:00,2026-09-19T05:51:58.795+00:00,2026-09-19T05:51:58.795+00:00,False,1,0.0,,0.0,300046.985387,300046.985387,300046.985387,300046.985387,300046.985387,300046.985387,nan,300046.985387,nan,nan,0.0,14,64,,True,False,TTFT timeout: 300.0s exceeded (TTFT: 300.042s),0,56.69694568066818
208,2026-09-19T05:46:59.233+00:00,2026-09-19T05:51:59.075+00:00,2026-09-19T05:51:59.311+00:00,False,4,3.0,,3.0,299842.47565499996,300078.44109499996,300078.44106499996,75019.61026624999,0.03716,299842.47565499996,149881.92070125105,254884.95741839998,78.65514666666667,68.52163311875412,0.009997385980321887,14,64,,True,False,Request timeout: 300.0s exceeded,13,56.69694568066818
209,2026-09-19T05:46:59.709+00:00,2026-09-19T05:51:59.523+00:00,2026-09-19T05:51:59.822+00:00,False,6,5.0,,5.0,299813.913663,300113.057599,300113.057548,50018.842924666664,0.07819,299813.913663,122374.09838331968,224886.03250199996,59.8287872,41.645717450066854,0.01666038805509361,14,64,,True,False,Request timeout: 300.0s exceeded,15,56.69694568066818
210,2026-09-19T05:47:00.132+00:00,2026-09-19T05:52:00.235+00:00,2026-09-19T05:52:00.235+00:00,False,1,0.0,,0.0,300103.332045,300103.332045,300103.332045,300103.332045,300103.332045,300103.332045,nan,300103.332045,nan,nan,0.0,14,64,,True,False,"HTTPConnectionPool(host='gpu03', port=9002): Read timed out.",0,56.69694568066818
211,2026-09-19T05:47:00.522+00:00,2026-09-19T05:52:00.555+00:00,2026-09-19T05:52:00.555+00:00,False,1,0.0,,0.0,300033.691793,300033.691793,300033.691793,300033.691793,300033.691793,300033.691793,nan,300033.691793,nan,nan,0.0,14,64,,True,False,TTFT timeout: 300.0s exceeded (TTFT: 300.029s),0,56.69694568066818
212,2026-09-19T05:47:00.929+00:00,2026-09-19T05:52:00.800+00:00,2026-09-19T05:52:01.016+00:00,False,4,3.0,,3.0,299871.234297,300087.111929,300087.111986,75021.7779965,0.054629,299871.234297,149899.6461695166,254907.0980238,71.95921066666668,62.318062729138084,0.009997097111953925,14,64,,True,False,Request timeout: 300.0s exceeded,14,56.69694568066818
213,2026-09-19T05:47:01.307+00:00,2026-09-19T05:52:01.424+00:00,2026-09-19T05:52:01.424+00:00,False,1,0.0,,0.0,300116.84140100004,300116.84140100004,300116.84140100004,300116.84140100004,300116.84140100004,300116.84140100004,nan,300116.84140100004,nan,nan,0.0,14,64,,True,False,"HTTPConnectionPool(host='gpu03', port=9002): Read timed out.",0,56.69694568066818
214,2026-09-19T05:47:01.660+00:00,2026-09-19T05:52:01.682+00:00,2026-09-19T05:52:01.682+00:00,False,1,0.0,,0.0,300022.671144,300022.671144,300022.671144,300022.671144,300022.671144,300022.671144,nan,300022.671144,nan,nan,0.0,14,64,,True,False,"HTTPConnectionPool(host='gpu03', port=9002): Read timed out.",0,56.69694568066818
215,2026-09-19T05:47:02.258+00:00,2026-09-19T05:52:02.184+00:00,2026-09-19T05:52:02.334+00:00,False,3,2.0,,2.0,299925.736446,300075.658494,300075.658548,100025.219516,0.0355,299925.736446,173118.94210484048,269948.15146160003,74.961024,105.96093545344355,0.006664985790708479,14,64,,True,False,Request timeout: 300.0s exceeded,5,56.69694568066818
216,2026-09-19T05:47:02.651+00:00,2026-09-19T05:52:02.460+00:00,2026-09-19T05:52:02.687+00:00,False,4,3.0,,3.0,299809.456997,300036.55203699996,300036.55179999996,75009.13794999999,0.02904,299809.456997,149866.89032741796,254858.84673095,75.69834666666667,70.20582882054912,0.009998781747198739,14,64,,True,False,Request timeout: 300.0s exceeded,19,56.69694568066818
217,2026-09-19T05:47:03.152+00:00,2026-09-19T05:52:03.262+00:00,2026-09-19T05:52:03.262+00:00,False,1,0.0,,0.0,300110.100684,300110.100684,300110.100684,300110.100684,300110.100684,300110.100684,nan,300110.100684,nan,nan,0.0,14,64,,True,False,"HTTPConnectionPool(host='gpu03', port=9002): Read timed out.",0,56.69694568066818
218,2026-09-19T05:47:03.562+00:00,2026-09-19T05:52:03.620+00:00,2026-09-19T05:52:03.620+00:00,False,1,0.0,,0.0,300057.852027,300057.852027,300057.852027,300057.852027,300057.852027,300057.852027,nan,300057.852027,nan,nan,0.0,14,64,,True,False,"HTTPConnectionPool(host='gpu03', port=9002): Read timed out.",0,56.69694568066818
219,2026-09-19T05:47:03.901+00:00,2026-09-19T05:52:03.936+00:00,2026-09-19T05:52:05.050+00:00,False,12,11.0,,11.0,300034.78842500004,301148.774473,301148.77430800005,25095.731192333336,0.023620000000000002,300034.78842500004,86583.35536426975,135097.03068310002,101.27145890909091,36.46394855877289,0.036526796495352246,14,64,,True,False,Request timeout: 300.0s exceeded,34,56.69694568066818
220,2026-09-19T05:47:04.372+00:00,2026-09-19T05:52:04.210+00:00,2026-09-19T05:52:05.151+00:00,False,11,10.0,,10.0,299837.267418,300778.62473,300778.624945,27343.511358636362,0.03816,299837.267418,90375.96021873588,149976.0584485,94.13573120000001,33.42339577929457,0.033247043432613275,14,64,,True,False,Request timeout: 300.0s exceeded,49,56.69694568066818
221,2026-09-19T05:47:04.942+00:00,2026-09-19T05:52:05.261+00:00,2026-09-19T05:52:05.261+00:00,False,1,0.0,,0.0,300318.625533,300318.625533,300318.625533,300318.625533,300318.625533,300318.625533,nan,300318.625533,nan,nan,0.0,14,64,,True,False,"HTTPConnectionPool(host='gpu03', port=9002): Read timed out.",0,56.69694568066818
222,2026-09-19T05:47:05.305+00:00,2026-09-19T05:52:05.323+00:00,2026-09-19T05:52:05.323+00:00,False,1,0.0,,0.0,300018.626829,300018.626829,300018.626829,300018.626829,300018.626829,300018.626829,nan,300018.626829,nan,nan,0.0,14,64,,True,False,"HTTPConnectionPool(host='gpu03', port=9002): Read timed out.",0,56.69694568066818
223,2026-09-19T05:47:05.882+00:00,2026-09-19T05:52:05.968+00:00,2026-09-19T05:52:05.968+00:00,False,1,0.0,,0.0,300085.78139899997,300085.78139899997,300085.78139899997,300085.78139899997,300085.78139899997,300085.78139899997,nan,300085.78139899997,nan,nan,0.0,14,64,,True,False,"HTTPConnectionPool(host='gpu03', port=9002): Read timed out.",0,56.69694568066818
224,2026-09-19T05:47:06.311+00:00,2026-09-19T05:52:06.345+00:00,2026-09-19T05:52:06.345+00:00,False,1,0.0,,0.0,300033.266031,300033.266031,300033.266031,300033.266031,300033.266031,300033.266031,nan,300033.266031,nan,nan,0.0,14,64,,True,False,TTFT timeout: 300.0s exceeded (TTFT: 300.025s),0,56.69694568066818
225,2026-09-19T05:47:06.842+00:00,2026-09-19T05:52:06.544+00:00,2026-09-19T05:52:06.894+00:00,False,6,5.0,,5.0,299701.425108,300051.398868,300051.398898,50008.566483,0.04494,299701.425108,122324.02579796436,224802.16907424998,69.994752,44.886257032340936,0.016663811663146497,14,64,,True,False,Request timeout: 300.0s exceeded,18,56.69694568066818
226,2026-09-19T05:47:07.248+00:00,2026-09-19T05:52:07.353+00:00,2026-09-19T05:52:07.353+00:00,False,1,0.0,,0.0,300104.82136,300104.82136,300104.82136,300104.82136,300104.82136,300104.82136,nan,300104.82136,nan,nan,0.0,14,64,,True,False,"HTTPConnectionPool(host='gpu03', port=9002): Read timed out.",0,56.69694568066818
227,2026-09-19T05:47:07.805+00:00,2026-09-19T05:52:07.851+00:00,2026-09-19T05:52:07.851+00:00,False,1,0.0,,0.0,300046.016744,300046.016744,300046.016744,300046.016744,300046.016744,300046.016744,nan,300046.016744,nan,nan,0.0,14,64,,True,False,TTFT timeout: 300.0s exceeded (TTFT: 300.037s),0,56.69694568066818
228,2026-09-19T05:47:08.240+00:00,2026-09-19T05:52:08.129+00:00,2026-09-19T05:52:08.270+00:00,False,3,2.0,,2.0,299889.08537,300029.96345,300029.963414,100009.98780466666,0.04693,299889.08537,173100.39048972607,269914.2599444,70.43904,99.54959261157089,0.0066660008787199024,14,64,,True,False,Request timeout: 300.0s exceeded,3,56.69694568066818
229,2026-09-19T05:47:08.828+00:00,2026-09-19T05:52:08.872+00:00,2026-09-19T05:52:08.872+00:00,False,1,0.0,,0.0,300044.24380299996,300044.24380299996,300044.24380299996,300044.24380299996,300044.24380299996,300044.24380299996,nan,300044.24380299996,nan,nan,0.0,14,64,,True,False,"HTTPConnectionPool(host='gpu03', port=9002): Read timed out.",0,56.69694568066818
230,2026-09-19T05:47:09.318+00:00,2026-09-19T05:52:09.423+00:00,2026-09-19T05:52:09.423+00:00,False,1,0.0,,0.0,300105.06304900005,300105.06304900005,300105.06304900005,300105.06304900005,300105.06304900005,300105.06304900005,nan,300105.06304900005,nan,nan,0.0,14,64,,True,False,"HTTPConnectionPool(host='gpu03', port=9002): Read timed out.",0,56.69694568066818
231,2026-09-19T05:47:09.894+00:00,2026-09-19T05:52:09.732+00:00,2026-09-19T05:52:09.995+00:00,False,4,3.0,,3.0,299838.33457099996,300100.549227,300100.54925599997,75025.13731399999,0.02904,299838.33457099996,149875.47757484298,254882.39187109994,87.40488533333333,75.67585081202921,0.009996649482073293,14,64,,True,False,Request timeout: 300.0s exceeded,17,56.69694568066818
232,2026-09-19T05:47:10.491+00:00,2026-09-19T05:52:10.601+00:00,2026-09-19T05:52:10.601+00:00,False,1,0.0,,0.0,300109.778077,300109.778077,300109.778077,300109.778077,300109.778077,300109.778077,nan,300109.778077,nan,nan,0.0,14,64,,True,False,"HTTPConnectionPool(host='gpu03', port=9002): Read timed out.",0,56.69694568066818
233,2026-09-19T05:47:11.078+00:00,2026-09-19T05:52:11.145+00:00,2026-09-19T05:52:11.145+00:00,False,1,0.0,,0.0,300067.512297,300067.512297,300067.512297,300067.512297,300067.512297,300067.512297,nan,300067.512297,nan,nan,0.0,14,64,,True,False,"HTTPConnectionPool(host='gpu03', port=9002): Read timed out.",0,56.69694568066818
234,2026-09-19T05:47:11.684+00:00,2026-09-19T05:52:11.507+00:00,2026-09-19T05:52:11.730+00:00,False,4,3.0,,3.0,299823.228479,300046.251327,300046.251391,75011.56284775,0.07315,299823.228479,149874.45348993436,254868.79235734994,74.34094933333333,66.16229013850948,0.009998458526750612,14,64,,True,False,Request timeout: 300.0s exceeded,6,56.69694568066818
235,2026-09-19T05:47:12.147+00:00,2026-09-19T05:52:12.246+00:00,2026-09-19T05:52:12.246+00:00,False,1,0.0,,0.0,300099.520478,300099.520478,300099.520478,300099.520478,300099.520478,300099.520478,nan,300099.520478,nan,nan,0.0,14,64,,True,False,"HTTPConnectionPool(host='gpu03', port=9002): Read timed out.",0,56.69694568066818
236,2026-09-19T05:47:12.728+00:00,2026-09-19T05:52:12.808+00:00,2026-09-19T05:52:12.808+00:00,False,1,0.0,,0.0,300079.749022,300079.749022,300079.749022,300079.749022,300079.749022,300079.749022,nan,300079.749022,nan,nan,0.0,14,64,,True,False,TTFT timeout: 300.0s exceeded (TTFT: 300.058s),0,56.69694568066818
237,2026-09-19T05:47:13.242+00:00,2026-09-19T05:52:13.094+00:00,2026-09-19T05:52:13.356+00:00,False,4,3.0,,3.0,299852.229594,300114.686426,300114.686529,75028.67163225,0.022510000000000002,299852.229594,149882.38486100905,254895.21052875,87.48561066666667,76.12079759282037,0.009996178580016668,14,64,,True,False,Request timeout: 300.0s exceeded,14,56.69694568066818
238,2026-09-19T05:47:13.593+00:00,2026-09-19T05:52:13.356+00:00,2026-09-19T05:52:13.617+00:00,False,5,4.0,,4.0,299763.688893,300024.115133,300024.115053,60004.823010600005,0.0272,299763.688893,134029.28776164935,239833.34057540004,65.10656,50.66241573104017,0.01333226163579154,14,64,,True,False,Request timeout: 300.0s exceeded,14,56.69694568066818
239,2026-09-19T05:47:14.135+00:00,2026-09-19T05:52:14.246+00:00,2026-09-19T05:52:14.246+00:00,False,1,0.0,,0.0,300110.81641900004,300110.81641900004,300110.81641900004,300110.81641900004,300110.81641900004,300110.81641900004,nan,300110.81641900004,nan,nan,0.0,14,64,,True,False,"HTTPConnectionPool(host='gpu03', port=9002): Read timed out.",0,56.69694568066818
240,2026-09-19T05:47:14.695+00:00,2026-09-19T05:52:14.644+00:00,2026-09-19T05:52:14.784+00:00,False,3,2.0,,2.0,299948.401846,300088.604342,300088.604252,100029.53475066666,0.0349,299948.401846,173134.83177800468,269967.578412,70.101248,99.08853636282025,0.0066646982626526975,14,64,,True,False,Request timeout: 300.0s exceeded,4,56.69694568066818
241,2026-09-19T05:47:15.233+00:00,2026-09-19T05:52:15.025+00:00,2026-09-19T05:52:15.253+00:00,False,4,3.0,,3.0,299791.717972,300020.685396,300020.685399,75005.17134975,0.0229,299791.717972,149857.7074690164,254840.43162880003,76.32247466666666,66.1076140378976,0.009999310534339568,14,64,,True,False,Request timeout: 300.0s exceeded,10,56.69694568066818
242,2026-09-19T05:47:15.701+00:00,2026-09-19T05:52:15.802+00:00,2026-09-19T05:52:15.802+00:00,False,1,0.0,,0.0,300100.71093,300100.71093,300100.71093,300100.71093,300100.71093,300100.71093,nan,300100.71093,nan,nan,0.0,14,64,,True,False,"HTTPConnectionPool(host='gpu03', port=9002): Read timed out.",0,56.69694568066818
243,2026-09-19T05:47:16.183+00:00,2026-09-19T05:52:16.257+00:00,2026-09-19T05:52:16.257+00:00,False,1,0.0,,0.0,300073.974613,300073.974613,300073.974613,300073.974613,300073.974613,300073.974613,nan,300073.974613,nan,nan,0.0,14,64,,True,False,TTFT timeout: 300.0s exceeded (TTFT: 300.050s),0,56.69694568066818
244,2026-09-19T05:47:17.539+00:00,2026-09-19T05:52:16.662+00:00,2026-09-19T05:52:17.637+00:00,True,11,11.0,,11.0,299123.116599,300098.031415,300098.031603,27281.639236636365,50.348206,299123.116599,90159.6199370318,149619.6368915,97.4914816,18.183966784234332,0.03665468896324849,14,64,,True,True,,60,56.69694568066818
245,2026-09-19T05:47:17.575+00:00,2026-09-19T05:52:16.769+00:00,2026-09-19T05:52:17.737+00:00,True,11,11.0,,11.0,299194.44023,300162.435366,300162.435301,27287.494118272727,52.315941,299194.44023,90181.33323362691,149653.6015215,96.7995136,16.864689775847676,0.036646824198994996,14,64,,True,True,,31,56.69694568066818
246,2026-09-19T05:47:17.735+00:00,2026-09-19T05:52:17.868+00:00,2026-09-19T05:52:17.868+00:00,False,1,0.0,,0.0,300132.661766,300132.661766,300132.661766,300132.661766,300132.661766,300132.661766,nan,300132.661766,nan,nan,0.0,14,64,,True,False,TTFT timeout: 300.0s exceeded (TTFT: 300.011s),0,56.69694568066818
247,2026-09-19T05:47:18.323+00:00,2026-09-19T05:52:18.353+00:00,2026-09-19T05:52:18.353+00:00,False,1,0.0,,0.0,300030.562041,300030.562041,300030.562041,300030.562041,300030.562041,300030.562041,nan,300030.562041,nan,nan,0.0,14,64,,True,False,"HTTPConnectionPool(host='gpu03', port=9002): Read timed out.",0,56.69694568066818
248,2026-09-19T05:47:18.700+00:00,2026-09-19T05:52:18.774+00:00,2026-09-19T05:52:18.774+00:00,False,1,0.0,,0.0,300073.22221499996,300073.22221499996,300073.22221499996,300073.22221499996,300073.22221499996,300073.22221499996,nan,300073.22221499996,nan,nan,0.0,14,64,,True,False,"HTTPConnectionPool(host='gpu03', port=9002): Read timed out.",0,56.69694568066818
249,2026-09-19T05:47:19.068+00:00,2026-09-19T05:52:19.143+00:00,2026-09-19T05:52:19.143+00:00,False,1,0.0,,0.0,300074.588661,300074.588661,300074.588661,300074.588661,300074.588661,300074.588661,nan,300074.588661,nan,nan,0.0,14,64,,True,False,TTFT timeout: 300.0s exceeded (TTFT: 300.058s),0,56.69694568066818
250,2026-09-19T05:47:19.621+00:00,2026-09-19T05:52:19.392+00:00,2026-09-19T05:52:20.173+00:00,True,11,11.0,,11.0,299771.22579500003,300551.73165100004,300551.73179700004,27322.884708818186,34.036656,299771.22579500003,90360.89622630454,149938.125678,78.05058559999999,28.38535650397258,0.03659935658854621,14,64,,True,True,,35,56.69694568066818
252,2026-09-19T05:47:20.447+00:00,2026-09-19T05:52:20.747+00:00,2026-09-19T05:52:20.747+00:00,False,1,0.0,,0.0,300300.43031300005,300300.43031300005,300300.43031300005,300300.43031300005,300300.43031300005,300300.43031300005,nan,300300.43031300005,nan,nan,0.0,14,64,,True,False,"HTTPConnectionPool(host='gpu03', port=9002): Read timed out.",0,56.69694568066818
251,2026-09-19T05:47:20.076+00:00,2026-09-19T05:52:21.100+00:00,2026-09-19T05:52:21.206+00:00,False,3,2.0,,2.0,301023.61252799997,301130.32894399995,301130.328766,100376.77625533332,0.0588,301023.61252799997,173765.26557540242,270931.917019,53.358208,75.37663252297205,0.006641642530706139,14,64,,True,False,Request timeout: 300.0s exceeded,5,56.69694568066818
0,2026-09-19T05:45:20.781+00:00,2026-09-19T05:45:20.904+00:00,2026-09-19T05:45:21.168+00:00,True,6,6.0,,6.0,123.65473399999999,387.68571,387.68560399999996,64.61426733333333,29.210863,123.65473399999999,36.28871483968349,112.788999,52.806195200000005,24.50211754909529,15.476453852271213,15,64,,False,True,,17,56.69694568066818
1,2026-09-19T05:45:21.082+00:00,2026-09-19T05:45:21.232+00:00,2026-09-19T05:45:23.808+00:00,True,28,28.0,,28.0,150.067453,2725.623549,2725.623727,97.34370453571428,42.481151,161.54088399999998,26.03672012092315,138.14549995,95.39096651851852,24.35381498643845,10.272878663039466,15,64,,False,True,,89,56.69694568066818
2,2026-09-19T05:45:21.438+00:00,2026-09-19T05:45:21.750+00:00,2026-09-19T05:45:26.218+00:00,True,48,48.0,,48.0,311.95296399999995,4780.394052,4780.394264,99.59154716666667,46.217672,311.95296399999995,39.05578303164921,112.8249212,95.07321463829787,23.606697329094832,10.041013246579114,15,64,,False,True,,163,56.69694568066818
3,2026-09-19T05:45:21.929+00:00,2026-09-19T05:45:24.338+00:00,2026-09-19T05:45:27.259+00:00,True,32,32.0,,32.0,2408.849378,5330.1895380000005,5330.189473,166.56842103125,45.902553,2408.849378,410.0004525703171,132.66846545,94.23677935483872,26.520297100374687,6.003538855769672,15,64,,False,True,,189,56.69694568066818
4,2026-09-19T05:45:22.269+00:00,2026-09-19T05:45:26.900+00:00,2026-09-19T05:45:27.922+00:00,True,11,11.0,,11.0,4630.507323,5652.816955,5652.8169609999995,513.8924509999999,54.131764000000004,4630.507323,1365.524425261506,2393.146335,102.2309632,24.49437046250669,1.9459324594387117,15,64,,False,True,,48,56.69694568066818
5,2026-09-19T05:45:22.565+00:00,2026-09-19T05:45:27.723+00:00,2026-09-19T05:45:31.583+00:00,True,40,40.0,,40.0,5157.409086000001,9017.543230000001,9017.543153,225.438578825,46.97355,5157.409086000001,799.9512912238991,110.8725089,98.97779856410256,15.326894698078997,4.4357979750988115,15,64,,False,True,,192,56.69694568066818
6,2026-09-19T05:45:22.990+00:00,2026-09-19T05:45:29.984+00:00,2026-09-19T05:45:37.640+00:00,True,78,78.0,,78.0,6993.603088000001,14649.399824,14649.399990000002,187.8128203846154,0.0,6993.603088000001,781.6462657507276,155.1363904,99.42593163636364,40.46351763667387,5.324450212097645,15,64,,False,True,,272,56.69694568066818
7,2026-09-19T05:45:23.381+00:00,2026-09-19T05:45:32.507+00:00,2026-09-19T05:45:33.995+00:00,True,16,16.0,,16.0,9125.799551,10613.460351,10613.460104,663.3412565,0.0,9125.799551,2257.1798668047236,2465.1110052500003,99.17738666666668,50.35625221116751,1.507519646831533,15,64,,False,True,,55,56.69694568066818
8,2026-09-19T05:45:23.681+00:00,2026-09-19T05:45:33.675+00:00,2026-09-19T05:45:33.784+00:00,True,2,2.0,,2.0,9994.052486999999,10103.213190999999,10103.213232999999,5051.606616499999,109.160746,9994.052486999999,6989.673981355997,9499.80789995,109.160704,nan,0.1979568244468613,15,64,,False,True,,3,56.69694568066818
9,2026-09-19T05:45:24.021+00:00,2026-09-19T05:45:35.424+00:00,2026-09-19T05:45:38.049+00:00,True,27,27.0,,27.0,11403.428413000001,14027.697469000002,14027.697469,519.5443507037038,0.0,11403.428413000001,2175.813751562024,255.9263828,100.93342523076923,54.132220399579346,1.9247634944842276,15,64,,False,True,,105,56.69694568066818
10,2026-09-19T05:45:24.398+00:00,2026-09-19T05:45:37.755+00:00,2026-09-19T05:45:44.152+00:00,True,66,66.0,,66.0,13356.859960999998,19753.985081,19753.984888,299.3028013333333,0.0,13356.859960999998,1632.6124553155946,131.73401049999998,98.41730953846154,45.00868836551034,3.34109799766331,15,64,,False,True,,231,56.69694568066818
11,2026-09-19T05:45:24.803+00:00,2026-09-19T05:45:39.806+00:00,2026-09-19T05:45:43.844+00:00,True,42,42.0,,42.0,15002.483988,19040.623123999998,19040.62296,453.3481657142857,0.0,15002.483988,2300.070333397939,143.62107129999998,98.49119843902439,39.70188798336011,2.2058101631695317,15,64,,False,True,,168,56.69694568066818
12,2026-09-19T05:45:25.324+00:00,2026-09-19T05:45:42.650+00:00,2026-09-19T05:45:48.774+00:00,True,64,64.0,,64.0,17325.916994,23449.263938,23449.263947,366.394749171875,0.0,17325.916994,2153.9704683867176,114.6382301,97.19598323809524,40.801612442189736,2.7292967561462227,15,64,,False,True,,304,56.69694568066818
13,2026-09-19T05:45:25.727+00:00,2026-09-19T05:45:45.128+00:00,2026-09-19T05:45:47.835+00:00,True,29,29.0,,29.0,19401.121289000002,22108.081417,22108.081332,762.3476321379311,0.0,19401.121289000002,3585.247093106481,261.8695338,96.67714742857143,61.08379388911807,1.3117375249803658,15,64,,False,True,,128,56.69694568066818
14,2026-09-19T05:45:26.148+00:00,2026-09-19T05:45:47.727+00:00,2026-09-19T05:45:54.327+00:00,True,67,67.0,,67.0,21579.421374,28179.469758,28179.469627000002,420.5890989104478,0.0,21579.421374,2625.48698320169,302.19588039999996,100.0007330909091,85.08335948836614,2.377617484480135,15,64,,False,True,,329,56.69694568066818
15,2026-09-19T05:45:26.568+00:00,2026-09-19T05:45:49.945+00:00,2026-09-19T05:45:50.531+00:00,True,8,8.0,,8.0,23376.702285,23962.915917,23962.91604,2995.364505,50.455693,23376.702285,8235.345011914496,15235.839612049998,83.74480457142857,28.042538761450484,0.3338491871235321,15,64,,False,True,,27,56.69694568066818
16,2026-09-19T05:45:26.946+00:00,2026-09-19T05:45:52.220+00:00,2026-09-19T05:45:57.807+00:00,True,61,61.0,,61.0,25273.651076000002,30860.757124000003,30860.757068000003,505.914050295082,0.0,25273.651076000002,3224.5758432337684,112.43879799999999,93.11843413333334,59.45394162496214,1.9766203322523512,15,64,,False,True,,276,56.69694568066818
17,2026-09-19T05:45:27.393+00:00,2026-09-19T05:45:54.300+00:00,2026-09-19T05:45:59.121+00:00,True,54,54.0,,54.0,26907.501539,31728.195555000002,31728.195586,587.5591775185185,28.341294,26907.501539,3649.353688881301,112.42967549999999,90.95649086792453,25.017043289363567,1.7019562271164272,15,64,,False,True,,182,56.69694568066818
18,2026-09-19T05:45:27.714+00:00,2026-09-19T05:45:55.871+00:00,2026-09-19T05:46:03.200+00:00,True,77,77.0,,77.0,28156.914818,35485.471362000004,35485.471584,460.8502803116883,0.0,28156.914818,3198.3458852762396,111.942363,96.42837557894737,60.06699762751252,2.1699021330305976,15,64,,False,True,,345,56.69694568066818
19,2026-09-19T05:45:28.183+00:00,2026-09-19T05:45:58.751+00:00,2026-09-19T05:46:02.874+00:00,True,43,43.0,,43.0,30567.832199,34691.507591,34691.507754,806.7792500930233,0.0,30567.832199,4647.230073989789,117.84834129999999,98.18274742857143,78.79252490458956,1.2394964354663982,15,64,,False,True,,193,56.69694568066818
20,2026-09-19T05:45:28.590+00:00,2026-09-19T05:46:01.236+00:00,2026-09-19T05:46:03.568+00:00,True,24,24.0,,24.0,32645.53577,34977.570586,34977.570538,1457.3987724166666,46.491962,32645.53577,6643.064000106903,111.8562623,101.39281808695651,16.089525925059327,0.686154000918696,15,64,,False,True,,105,56.69694568066818
21,2026-09-19T05:45:29.071+00:00,2026-09-19T05:46:03.672+00:00,2026-09-19T05:46:12.585+00:00,True,88,88.0,,88.0,34601.035465,43514.154697,43514.154642,494.4790300227273,0.0,34601.035465,3679.0797392170903,112.65559235,102.4496463448276,106.29314977443522,2.0223304488566107,15,64,,False,True,,389,56.69694568066818
22,2026-09-19T05:45:29.396+00:00,2026-09-19T05:46:05.755+00:00,2026-09-19T05:46:07.407+00:00,True,17,17.0,,17.0,36358.823469999996,38011.61399799999,38011.613978999994,2235.9772928823527,0.02071,36358.823469999996,8794.258943650942,7741.2868484,103.299408,137.1557025243727,0.44723173293547774,15,64,,False,True,,61,56.69694568066818
23,2026-09-19T05:45:29.768+00:00,2026-09-19T05:46:07.591+00:00,2026-09-19T05:46:14.457+00:00,True,71,71.0,,71.0,37823.759748000004,44689.0953,44689.095315000006,629.4238776760563,0.0,37823.759748000004,4477.993928827616,107.23829549999999,98.07622217142858,84.12636552626283,1.5887544718319684,15,64,,False,True,,333,56.69694568066818
24,2026-09-19T05:45:30.225+00:00,2026-09-19T05:46:09.663+00:00,2026-09-19T05:46:13.077+00:00,True,36,36.0,,36.0,39438.412036,42852.456196,42852.456263,1190.3460073055555,0.0,39438.412036,6557.862455527517,268.1036835,97.54411885714285,119.12495744343262,0.8400918686047305,15,64,,False,True,,133,56.69694568066818
25,2026-09-19T05:45:30.705+00:00,2026-09-19T05:46:11.841+00:00,2026-09-19T05:46:16.969+00:00,True,55,55.0,,55.0,41136.61315999999,46264.68611999999,46264.686153999995,841.1761118909089,0.0,41136.61315999999,5534.880542803505,110.03954169999999,94.96431407407407,96.50144331986554,1.188811696621968,15,64,,False,True,,252,56.69694568066818
26,2026-09-19T05:45:31.100+00:00,2026-09-19T05:46:14.159+00:00,2026-09-19T05:46:22.824+00:00,True,85,85.0,,85.0,43059.089171,51723.554323000004,51723.554368,608.5124043294118,0.0,43059.089171,4660.784325156093,115.29056980000001,103.14839466666668,121.23971885365259,1.6433518754182541,15,64,,False,True,,356,56.69694568066818
27,2026-09-19T05:45:31.394+00:00,2026-09-19T05:46:15.616+00:00,2026-09-19T05:46:19.026+00:00,True,36,36.0,,36.0,44222.049243,47632.049627,47632.04952,1323.1124866666667,40.977314,44222.049243,7354.132458858806,114.79948274999998,97.42858240000001,20.959748719671733,0.755793636467694,15,64,,False,True,,117,56.69694568066818
28,2026-09-19T05:45:31.706+00:00,2026-09-19T05:46:17.220+00:00,2026-09-19T05:46:26.596+00:00,True,93,93.0,,93.0,45513.759154,54889.898674,54889.898678,590.2139642795698,0.0,45513.759154,4710.430554567277,114.7978024,101.91456,117.16900621210536,1.6943008139319418,15,64,,False,True,,438,56.69694568066818
29,2026-09-19T05:45:32.107+00:00,2026-09-19T05:46:19.719+00:00,2026-09-19T05:46:23.804+00:00,True,42,42.0,,42.0,47611.372587,51696.192555,51696.192601999996,1230.8617286190477,0.0,47611.372587,7333.318778723734,663.029228,99.62975531707316,177.56917403258427,0.8124389422937841,15,64,,False,True,,175,56.69694568066818
30,2026-09-19T05:45:32.543+00:00,2026-09-19T05:46:22.797+00:00,2026-09-19T05:46:24.333+00:00,True,20,20.0,,20.0,50253.553423,51789.912591,51789.912714,2589.4956357,0.01822,50253.553423,11219.02662997455,2619.41338025,80.86100884210526,41.164790109013964,0.38617558901761073,15,64,,False,True,,97,56.69694568066818
31,2026-09-19T05:45:32.942+00:00,2026-09-19T05:46:24.549+00:00,2026-09-19T05:46:27.965+00:00,True,33,33.0,,33.0,51606.904631,55022.627383,55022.627526,1667.3523492727272,53.590784,51606.904631,8965.034611352603,118.32195600000001,106.741336,11.304424076237488,0.5997532573334694,15,64,,False,True,,120,56.69694568066818
32,2026-09-19T05:45:33.246+00:00,2026-09-19T05:46:25.832+00:00,2026-09-19T05:46:29.404+00:00,True,34,34.0,,34.0,52585.397358999995,56157.579374999994,56157.57930899999,1651.6935090882353,0.0,52585.397358999995,9000.71676891985,360.3186173,108.24793987878788,133.4857288060604,0.6054392012333776,15,64,,False,True,,155,56.69694568066818
33,2026-09-19T05:45:33.761+00:00,2026-09-19T05:46:28.592+00:00,2026-09-19T05:46:34.711+00:00,True,61,61.0,,61.0,54831.525962,60950.243914,60950.244068,999.1843289836065,0.0,54831.525962,7008.091998190082,115.08513,101.97863253333333,99.2785950031247,1.0008163394074387,15,64,,False,True,,336,56.69694568066818
34,2026-09-19T05:45:34.136+00:00,2026-09-19T05:46:30.874+00:00,2026-09-19T05:46:39.354+00:00,True,76,76.0,,76.0,56738.944042,65218.365226,65218.365261000006,858.1363850131579,0.016390000000000002,56738.944042,6496.548217170394,114.53649399999999,113.05894912000001,121.09924202029612,1.1653159311282735,15,64,,False,True,,283,56.69694568066818
35,2026-09-19T05:45:34.640+00:00,2026-09-19T05:46:33.659+00:00,2026-09-19T05:46:43.459+00:00,True,99,99.0,,99.0,59018.836325000004,68818.657637,68818.657706,695.1379566262626,0.0,59018.836325000004,5922.604277761826,114.65447970000001,99.99817665306122,111.4624432035589,1.438563369285674,15,64,,False,True,,403,56.69694568066818
36,2026-09-19T05:45:35.002+00:00,2026-09-19T05:46:35.824+00:00,2026-09-19T05:46:43.404+00:00,True,77,77.0,,77.0,60821.793571,68401.179683,68401.17953000001,888.327006883117,0.0,60821.793571,6921.125521667194,113.76298279999999,99.72876463157895,129.94997584275146,1.125711579198642,15,64,,False,True,,270,56.69694568066818
37,2026-09-19T05:45:35.432+00:00,2026-09-19T05:46:37.954+00:00,2026-09-19T05:46:43.821+00:00,True,61,61.0,,61.0,62522.179484,68388.949404,68388.949451,1121.1303188688526,0.0,62522.179484,7993.402151154558,115.351609,97.77949866666667,112.37228877512618,0.891956968656579,15,64,,False,True,,202,56.69694568066818
38,2026-09-19T05:45:35.800+00:00,2026-09-19T05:46:40.011+00:00,2026-09-19T05:46:48.286+00:00,True,85,85.0,,85.0,64210.327709,72485.920157,72485.920114,852.7755307529411,47.168910000000004,64210.327709,6953.924274030126,110.10426199999998,98.51895771428572,17.701579038844336,1.1726415256355343,15,64,,False,True,,296,56.69694568066818
39,2026-09-19T05:45:36.159+00:00,2026-09-19T05:46:41.905+00:00,2026-09-19T05:46:47.979+00:00,True,63,63.0,,63.0,65746.736129,71820.10982499999,71820.10988999999,1140.0017442857143,43.294459,65746.736129,8270.99121551204,112.93007109999999,97.95764025806453,19.47597270350514,0.8771916410808692,15,64,,False,True,,237,56.69694568066818
40,2026-09-19T05:45:36.462+00:00,2026-09-19T05:46:43.660+00:00,2026-09-19T05:46:50.303+00:00,True,69,69.0,,69.0,67198.534899,73841.40977900001,73841.40980400001,1070.165359478261,42.915699000000004,67198.534899,8078.0120087868945,111.89151939999999,97.68933647058823,17.86900584173114,0.9344350305135037,15,64,,False,True,,265,56.69694568066818
41,2026-09-19T05:45:37.108+00:00,2026-09-19T05:46:45.992+00:00,2026-09-19T05:46:46.469+00:00,True,6,6.0,,6.0,68884.423752,69361.72756,69361.72735300001,11560.287892166667,51.407889000000004,68884.423752,28082.98575147263,51691.99593675,95.4607616,25.402284914025447,0.08650303576723659,15,64,,False,True,,24,56.69694568066818
42,2026-09-19T05:45:37.233+00:00,2026-09-19T05:46:47.452+00:00,2026-09-19T05:46:52.544+00:00,True,53,53.0,,53.0,70218.63812999999,75311.369266,75311.36924199999,1420.969230981132,0.0,70218.63812999999,9632.768349858017,114.832951,97.93713723076924,136.5532392624543,0.7037450057879552,15,64,,False,True,,273,56.69694568066818
43,2026-09-19T05:45:37.569+00:00,2026-09-19T05:46:49.433+00:00,2026-09-19T05:46:56.822+00:00,True,75,75.0,,75.0,71864.72890199999,79252.78266199998,79252.78256899999,1056.7037675866666,0.0,71864.72890199999,8287.914692708091,155.4680272,99.83856432432432,143.10919858324357,0.9463390114623811,15,64,,False,True,,356,56.69694568066818
44,2026-09-19T05:45:38.083+00:00,2026-09-19T05:46:52.032+00:00,2026-09-19T05:47:00.555+00:00,True,85,85.0,,85.0,73949.04820399999,82472.22388399999,82472.22379899998,970.2614564588234,0.017469000000000002,73949.04820399999,8010.402739110178,114.6945774,101.46637714285716,90.74294517440346,1.030650029754932,15,64,,False,True,,386,56.69694568066818
45,2026-09-19T05:45:38.593+00:00,2026-09-19T05:46:54.716+00:00,2026-09-19T05:47:04.864+00:00,True,96,96.0,,96.0,76123.53861399999,86271.14565399999,86271.14555799999,898.6577662291666,0.0,76123.53861399999,7759.6843044987245,113.03362975,106.81691621052632,140.58071711679074,1.1127706636123584,15,64,,False,True,,426,56.69694568066818
46,2026-09-19T05:45:38.986+00:00,2026-09-19T05:46:57.031+00:00,2026-09-19T05:47:06.815+00:00,True,100,100.0,,100.0,78044.487241,87828.82464899999,87828.824498,878.28824498,0.0,78044.487241,7795.437956284348,113.15032245,98.83169098989899,117.21570968975138,1.1385783699103458,15,64,,False,True,,409,56.69694568066818
47,2026-09-19T05:45:39.444+00:00,2026-09-19T05:47:00.021+00:00,2026-09-19T05:47:06.862+00:00,True,72,72.0,,72.0,80577.059273,87417.64653700001,87417.646695,1214.133981875,0.0,80577.059273,9485.741124551836,113.79183,96.34629949295774,138.58476327766869,0.8236323311395211,15,64,,False,True,,293,56.69694568066818
48,2026-09-19T05:45:39.864+00:00,2026-09-19T05:47:02.573+00:00,2026-09-19T05:47:06.233+00:00,True,40,40.0,,40.0,82709.019034,86369.137306,86369.137278,2159.22843195,0.0,82709.019034,13063.895632255319,167.02904349999997,93.84918646153847,186.00810083210362,0.4631283957171265,15,64,,False,True,,190,56.69694568066818
49,2026-09-19T05:45:40.232+00:00,2026-09-19T05:47:04.856+00:00,2026-09-19T05:47:11.182+00:00,True,69,69.0,,69.0,84623.563728,90949.56667199999,90949.566586,1318.1096606666665,0.0,84623.563728,10176.315425416093,110.185129,93.02945505882353,26.867009695292385,0.7586622182471876,15,64,,False,True,,240,56.69694568066818
50,2026-09-19T05:45:40.593+00:00,2026-09-19T05:47:06.810+00:00,2026-09-19T05:47:07.793+00:00,True,11,11.0,,11.0,86216.60278399999,87199.58415999998,87199.58419899999,7927.2349271818175,51.06344,86216.60278399999,25965.65097818035,43164.81364949999,98.29813759999999,17.24290702376358,0.1261473905634277,15,64,,False,True,,41,56.69694568066818
51,2026-09-19T05:45:40.943+00:00,2026-09-19T05:47:08.630+00:00,2026-09-19T05:47:12.099+00:00,True,35,35.0,,35.0,87687.461608,91156.424424,91156.42429,2604.4692654285714,51.790099000000005,87687.461608,14804.643676537851,111.5477242,102.02831811764705,10.118945969686536,0.3839553846166993,15,64,,False,True,,115,56.69694568066818
52,2026-09-19T05:45:41.282+00:00,2026-09-19T05:47:10.504+00:00,2026-09-19T05:47:17.995+00:00,True,78,78.0,,78.0,89221.343014,96712.51127,96712.511369,1239.9039919102563,0.01672,89221.343014,10092.094708565053,112.38898895,97.28789942857144,126.50677373528809,0.8065140587885388,15,64,,False,True,,234,56.69694568066818
53,2026-09-19T05:45:41.745+00:00,2026-09-19T05:47:12.827+00:00,2026-09-19T05:47:17.898+00:00,True,54,54.0,,54.0,91081.869441,96153.035137,96153.03512300001,1780.6117615370372,0.016329999999999997,91081.869441,12382.312363563351,128.44260615,95.6823716226415,129.12538612491028,0.561604736897386,15,64,,False,True,,254,56.69694568066818
54,2026-09-19T05:45:42.039+00:00,2026-09-19T05:47:14.987+00:00,2026-09-19T05:47:20.413+00:00,True,55,55.0,,55.0,92948.405948,98374.163644,98374.163558,1788.6211556,0.0,92948.405948,12521.47374447367,407.9766592,100.47699437037038,217.93342313941972,0.5590898866397075,15,64,,False,True,,211,56.69694568066818
55,2026-09-19T05:45:42.547+00:00,2026-09-19T05:47:17.638+00:00,2026-09-19T05:47:26.776+00:00,True,96,96.0,,96.0,95090.36583400001,104228.633738,104228.63367400001,1085.7149341041668,0.0,95090.36583400001,9696.202530187466,114.68311275,96.1922937263158,132.82974945862173,0.9210520809599754,15,64,,False,True,,537,56.69694568066818
56,2026-09-19T05:45:42.998+00:00,2026-09-19T05:47:20.404+00:00,2026-09-19T05:47:28.541+00:00,True,86,86.0,,86.0,97405.694684,105542.97494,105542.974873,1227.243893872093,0.0,97405.694684,10493.233076347215,113.43305075,95.73270889411765,25.247410735417485,0.8148339579104156,15,64,,False,True,,258,56.69694568066818
57,2026-09-19T05:45:43.484+00:00,2026-09-19T05:47:22.347+00:00,2026-09-19T05:47:23.457+00:00,True,12,12.0,,12.0,98862.792646,99972.32455,99972.324383,8331.027031916667,52.963135,98862.792646,28510.116555376535,44550.103814500006,100.86653672727273,16.30497816668682,0.12003321973371078,15,64,,False,True,,36,56.69694568066818
58,2026-09-19T05:45:43.780+00:00,2026-09-19T05:47:24.043+00:00,2026-09-19T05:47:30.734+00:00,True,69,69.0,,69.0,100262.89701700001,106953.85484100001,106953.85462000001,1550.0558640579711,44.524565,100262.89701700001,12058.402667583536,111.9277018,98.39643858823528,18.389501079660675,0.6451380373580451,15,64,,False,True,,332,56.69694568066818
59,2026-09-19T05:45:44.239+00:00,2026-09-19T05:47:26.671+00:00,2026-09-19T05:47:33.456+00:00,True,71,71.0,,71.0,102432.27254,109217.76834800001,109217.768333,1538.2784272253523,47.086729,102432.27254,12144.981957583892,109.096043,96.9356544,17.108025749214935,0.6500773736172036,15,64,,True,True,,267,56.69694568066818
60,2026-09-19T05:45:44.620+00:00,2026-09-19T05:47:28.943+00:00,2026-09-19T05:47:30.069+00:00,True,13,13.0,,13.0,104322.436609,105448.977921,105448.977776,8111.459828923077,47.171889,104322.436609,28907.8075988662,41794.0154632,93.87844266666667,20.65145661059423,0.12328237083283357,15,64,,True,True,,38,56.69694568066818
61,2026-09-19T05:45:44.998+00:00,2026-09-19T05:47:30.938+00:00,2026-09-19T05:47:31.555+00:00,True,7,7.0,,7.0,105939.830376,106557.30596,106557.305809,15222.472258428572,98.806086,105939.830376,40002.59500083498,74190.162354,102.91259733333332,3.642250587405686,0.06569235151860628,15,64,,True,True,,35,56.69694568066818
62,2026-09-19T05:45:45.431+00:00,2026-09-19T05:47:33.458+00:00,2026-09-19T05:47:36.760+00:00,True,34,34.0,,34.0,108026.972457,111329.309993,111329.309823,3274.3914653823526,44.331145,108026.972457,18509.319043977863,112.47427145000002,100.07083442424242,17.60203602425316,0.30540025804649107,15,64,,True,True,,152,56.69694568066818
63,2026-09-19T05:45:45.758+00:00,2026-09-19T05:47:35.198+00:00,2026-09-19T05:47:44.389+00:00,True,94,94.0,,94.0,109440.45376100001,118630.77184100001,118630.771699,1262.0294861595746,48.092656000000005,109440.45376100001,11277.742566347542,111.72474115000001,98.82062451612903,18.00271135014095,0.7923745124577587,15,64,,True,True,,353,56.69694568066818
64,2026-09-19T05:45:46.162+00:00,2026-09-19T05:47:36.968+00:00,2026-09-19T05:47:39.066+00:00,True,23,23.0,,23.0,110805.461907,112903.86369900001,112903.863714,4908.863639739131,46.069481,110805.461907,23084.658490847207,112.7578943,95.38189963636364,23.0955101234633,0.20371313475433978,15,64,,True,True,,109,56.69694568066818
65,2026-09-19T05:45:46.603+00:00,2026-09-19T05:47:39.322+00:00,2026-09-19T05:47:47.074+00:00,True,79,79.0,,79.0,112719.548146,120471.757042,120471.756999,1524.9589493544304,46.821209,112719.548146,12670.769336076663,111.749512,99.38729353846153,17.030526161314878,0.6557553566057668,15,64,,True,True,,324,56.69694568066818
66,2026-09-19T05:45:47.044+00:00,2026-09-19T05:47:42.076+00:00,2026-09-19T05:47:50.916+00:00,True,89,89.0,,89.0,115032.225564,123871.59094,123871.59081,1391.8156270786517,47.028659,115032.225564,12182.753642099662,110.48852559999999,100.44733381818182,15.313499263499837,0.7184859686117148,15,64,,True,True,,179,56.69694568066818
67,2026-09-19T05:45:47.530+00:00,2026-09-19T05:47:44.486+00:00,2026-09-19T05:47:48.380+00:00,True,40,40.0,,40.0,116956.115458,120850.327554,120850.327456,3021.2581864,48.005705999999996,116956.115458,18476.60402788487,112.38356045,99.85159220512821,15.5720478070254,0.33098793201141014,15,64,,True,True,,172,56.69694568066818
68,2026-09-19T05:45:47.860+00:00,2026-09-19T05:47:46.252+00:00,2026-09-19T05:47:52.178+00:00,True,60,60.0,,60.0,118392.024438,124317.99845399999,124317.998461,2071.9666410166665,43.677747000000004,118392.024438,15271.386381980714,112.18202895,100.44023755932203,16.278061931638014,0.4826332529975628,15,64,,True,True,,242,56.69694568066818
69,2026-09-19T05:45:48.361+00:00,2026-09-19T05:47:48.900+00:00,2026-09-19T05:47:53.701+00:00,True,49,49.0,,49.0,120539.684564,125340.25826,125340.258214,2557.9644533469386,44.585854,120539.684564,17205.675038076522,111.59668679999999,100.011952,16.258748602146994,0.39093584679199145,15,64,,True,True,,229,56.69694568066818
70,2026-09-19T05:45:48.733+00:00,2026-09-19T05:47:51.124+00:00,2026-09-19T05:47:53.801+00:00,True,27,27.0,,27.0,122390.26550499999,125068.049825,125068.04994499999,4632.1499979629625,92.752831,122390.26550499999,23534.19725972825,110.8532429,102.9917046153846,4.666760452193955,0.21588247388345333,15,64,,True,True,,111,56.69694568066818
71,2026-09-19T05:45:49.166+00:00,2026-09-19T05:47:53.399+00:00,2026-09-19T05:47:54.157+00:00,True,9,9.0,,9.0,124233.177782,124990.530998,124990.531095,13887.836788333334,48.517716,124233.177782,41379.50661962945,74582.2432572,94.669152,18.825492285396415,0.0720054545583458,15,64,,True,True,,38,56.69694568066818
72,2026-09-19T05:45:49.606+00:00,2026-09-19T05:47:55.073+00:00,2026-09-19T05:47:56.600+00:00,True,18,18.0,,18.0,125467.38682700001,126993.82292300001,126993.82292500001,7055.212384722223,42.153901,125467.38682700001,29551.79254711713,18914.14030935,89.79035858823529,24.625371417694918,0.14173917743159772,15,64,,True,True,,64,56.69694568066818
73,2026-09-19T05:45:50.047+00:00,2026-09-19T05:47:57.691+00:00,2026-09-19T05:48:06.873+00:00,True,93,93.0,,93.0,127644.182316,136826.11895600002,136826.11895600002,1471.2485909247312,45.233373,127644.182316,13225.74613564467,111.58802519999999,99.80365913043478,16.495893799636526,0.6796947886090854,15,64,,True,True,,424,56.69694568066818
74,2026-09-19T05:45:50.568+00:00,2026-09-19T05:48:00.887+00:00,2026-09-19T05:48:02.752+00:00,True,20,20.0,,20.0,130319.84780500001,132184.213117,132184.213005,6609.210650250001,49.203184,130319.84780500001,29118.467383795458,6620.088185199999,98.12449010526316,17.239226431665426,0.1513039986272599,15,64,,True,True,,61,56.69694568066818
75,2026-09-19T05:45:50.982+00:00,2026-09-19T05:48:02.962+00:00,2026-09-19T05:48:06.026+00:00,True,33,33.0,,33.0,131980.270535,135044.092103,135044.09197399998,4092.245211333333,48.356386,131980.270535,22958.159252293313,111.7350476,95.744424,21.868011256183888,0.24436463295877056,15,64,,True,True,,161,56.69694568066818
76,2026-09-19T05:45:51.295+00:00,2026-09-19T05:48:04.277+00:00,2026-09-19T05:48:11.539+00:00,True,73,73.0,,73.0,132981.82107099998,140243.89953499998,140243.89952099998,1921.1493085068491,46.984449,132981.82107099998,15552.548606688022,113.41367819999999,100.86220088888889,16.60381505316772,0.5205217499088561,15,64,,True,True,,395,56.69694568066818
77,2026-09-19T05:45:51.822+00:00,2026-09-19T05:48:07.292+00:00,2026-09-19T05:48:09.198+00:00,True,20,20.0,,20.0,135470.00665400003,137376.67007800002,137376.67027400003,6868.833513700001,52.112396999999994,135470.00665400003,30269.57984724057,6880.9935955500005,100.35070652631579,17.090192338280584,0.14558512729013126,15,64,,True,True,,66,56.69694568066818
78,2026-09-19T05:45:52.232+00:00,2026-09-19T05:48:08.306+00:00,2026-09-19T05:48:10.786+00:00,True,25,25.0,,25.0,136074.288085,138554.717653,138554.717601,5542.188704040001,54.870971,136074.288085,27194.18945339029,111.99658620000002,103.351232,10.871067023280753,0.1804341304538662,15,64,,True,True,,104,56.69694568066818
79,2026-09-19T05:45:52.517+00:00,2026-09-19T05:48:11.213+00:00,2026-09-19T05:48:18.397+00:00,True,72,72.0,,72.0,138696.08856799998,145880.49535199997,145880.49535999997,2026.1179911111108,47.061158999999996,138696.08856799998,16333.572173833296,111.96331609999999,101.18882794366198,14.787755061626875,0.49355467176245027,15,64,,True,True,,249,56.69694568066818
80,2026-09-19T05:45:52.812+00:00,2026-09-19T05:48:12.568+00:00,2026-09-19T05:48:15.841+00:00,True,34,34.0,,34.0,139756.219765,143029.290357,143029.29033999998,4206.743833529411,43.902847,139756.219765,23950.990043377104,114.71692945,99.18395733333332,17.211896026492685,0.23771354744987036,15,64,,True,True,,142,56.69694568066818
81,2026-09-19T05:45:53.285+00:00,2026-09-19T05:48:15.428+00:00,2026-09-19T05:48:15.942+00:00,True,7,7.0,,7.0,142143.043937,142657.17436900001,142657.17453400002,20379.596362,45.200804,142143.043937,53692.63968240879,99533.02119890001,85.68840533333332,28.202237766918017,0.04906868533575223,15,64,,True,True,,15,56.69694568066818
82,2026-09-19T05:45:53.684+00:00,2026-09-19T05:48:17.423+00:00,2026-09-19T05:48:21.034+00:00,True,37,37.0,,37.0,143738.670338,147349.585922,147349.585756,3982.4212366486486,46.55991,143738.670338,23614.009042347134,115.46540720000002,100.30321066666667,18.37112474289132,0.25110352206612974,15,64,,True,True,,179,56.69694568066818
83,2026-09-19T05:45:54.175+00:00,2026-09-19T05:48:20.562+00:00,2026-09-19T05:48:23.210+00:00,True,28,28.0,,28.0,146386.936064,149035.423232,149035.423163,5322.693684392858,49.654883,146386.936064,27645.998354066553,111.07099775,98.09211733333333,17.688042756241266,0.18787479776813226,15,64,,True,True,,139,56.69694568066818
84,2026-09-19T05:45:54.527+00:00,2026-09-19T05:48:22.164+00:00,2026-09-19T05:48:27.845+00:00,True,60,60.0,,60.0,147637.089742,153318.097614,153318.09775400002,2555.3016292333336,44.023616000000004,147637.089742,19047.447077002453,112.85752744999999,96.28826901694914,21.120328397907553,0.3913432330151818,15,64,,True,True,,204,56.69694568066818
85,2026-09-19T05:45:54.856+00:00,2026-09-19T05:48:23.990+00:00,2026-09-19T05:48:30.817+00:00,True,72,72.0,,72.0,149133.66610899998,155960.94290899998,155960.942895,2166.124206875,45.953452,149133.66610899998,17564.250826232477,112.11981855000002,96.15882816901409,20.807591966367745,0.4616540440000451,15,64,,True,True,,393,56.69694568066818
86,2026-09-19T05:45:55.264+00:00,2026-09-19T05:48:26.467+00:00,2026-09-19T05:48:27.415+00:00,True,10,10.0,,10.0,151203.00405199997,152151.25314,152151.25310499998,15215.125310499998,96.496512,151203.00405199997,47781.27037882189,83212.70049949997,105.36100977777778,5.366988221431872,0.06572407255034982,15,64,,True,True,,34,56.69694568066818
87,2026-09-19T05:45:55.729+00:00,2026-09-19T05:48:28.892+00:00,2026-09-19T05:48:31.916+00:00,True,32,32.0,,32.0,153163.86248100002,156187.04993700003,156187.04997500003,4880.845311718751,49.657984,153163.86248100002,27058.567772162212,109.98570765000001,97.522176,18.27478780146313,0.20488254316159754,15,64,,True,True,,64,56.69694568066818
88,2026-09-19T05:45:56.056+00:00,2026-09-19T05:48:30.661+00:00,2026-09-19T05:48:33.195+00:00,True,26,26.0,,26.0,154605.059258,157139.53785,157139.53796699998,6043.828383346154,45.150243,154605.059258,30300.669166962387,115.83067350000002,101.37914368000001,16.964910685055706,0.16545804038712847,15,64,,True,True,,99,56.69694568066818
89,2026-09-19T05:45:56.571+00:00,2026-09-19T05:48:33.305+00:00,2026-09-19T05:48:37.444+00:00,True,43,43.0,,43.0,156733.75121000002,160872.48093800002,160872.48090000002,3741.220486046512,45.645442,156733.75121000002,23886.654291001516,112.982686,98.541184,20.631890918447926,0.2672924526884876,15,64,,True,True,,148,56.69694568066818
90,2026-09-19T05:45:56.994+00:00,2026-09-19T05:48:35.422+00:00,2026-09-19T05:48:40.465+00:00,True,51,51.0,,51.0,158428.362442,163471.013578,163471.01356800002,3205.313991529412,48.828245,158428.362442,22170.293302990085,112.9101745,100.85302272,18.401089833595364,0.3119819158377299,15,64,,True,True,,161,56.69694568066818
91,2026-09-19T05:45:57.522+00:00,2026-09-19T05:48:38.694+00:00,2026-09-19T05:48:41.427+00:00,True,27,27.0,,27.0,161172.809381,163905.823397,163905.823412,6070.586052296297,53.172544,161172.809381,30997.493978515588,112.28349399999999,105.11592369230769,11.12672185372329,0.16472874142246116,15,64,,True,True,,85,56.69694568066818
92,2026-09-19T05:45:58.056+00:00,2026-09-19T05:48:41.424+00:00,2026-09-19T05:48:43.004+00:00,True,16,16.0,,16.0,163367.81889700002,164948.22286500002,164948.22267900003,10309.263917437502,97.472531,163367.81889700002,40815.61491761861,40926.10341625,105.36026453333334,4.735561474299353,0.09700013569164075,15,64,,True,True,,74,56.69694568066818
93,2026-09-19T05:45:58.398+00:00,2026-09-19T05:48:43.211+00:00,2026-09-19T05:48:51.158+00:00,True,82,82.0,,82.0,164812.749289,172759.615977,172759.61599299998,2106.824585280488,44.448555999999996,164812.749289,18189.69757001318,110.93989904999998,98.10946528395061,17.722877009000698,0.4746479640873762,15,64,,True,True,,375,56.69694568066818
94,2026-09-19T05:45:58.825+00:00,2026-09-19T05:48:45.736+00:00,2026-09-19T05:48:54.883+00:00,True,92,92.0,,92.0,166910.406815,176057.807519,176057.807615,1913.6718219021739,47.803888,166910.406815,17391.138776940872,111.1585895,100.52088685714286,14.4843660917828,0.5225556383807145,15,64,,True,True,,402,56.69694568066818
95,2026-09-19T05:45:59.293+00:00,2026-09-19T05:48:48.340+00:00,2026-09-19T05:48:49.319+00:00,True,11,11.0,,11.0,169047.336167,170026.332647,170026.332703,15456.939336636364,46.88823,169047.336167,50940.17476529354,84578.711169,97.899648,18.417477875135983,0.06469586109839609,15,64,,True,True,,33,56.69694568066818
96,2026-09-19T05:45:59.623+00:00,2026-09-19T05:48:49.739+00:00,2026-09-19T05:48:52.953+00:00,True,32,32.0,,32.0,170115.19908700002,173329.46647900002,173329.46642500002,5416.545825781251,51.13689,170115.19908700002,30054.075262714647,112.38276654999999,103.6860449032258,10.645171912158172,0.1846195032503432,15,64,,True,True,,149,56.69694568066818
97,2026-09-19T05:46:00.043+00:00,2026-09-19T05:48:52.200+00:00,2026-09-19T05:48:57.784+00:00,True,56,56.0,,56.0,172156.611193,177740.663161,177740.663157,3173.940413517857,47.02492899999999,172156.611193,22991.832542319786,111.93570625000001,101.52821759999999,15.250114372601457,0.3150657761936806,15,64,,True,True,,245,56.69694568066818
98,2026-09-19T05:46:00.506+00:00,2026-09-19T05:48:54.463+00:00,2026-09-19T05:48:57.369+00:00,True,30,30.0,,30.0,173956.76663,176862.409638,176862.409654,5895.413655133333,49.372264,173956.76663,31741.726870869144,112.75505629999999,100.19458648275862,17.724552906262254,0.16962338159591778,15,64,,True,True,,178,56.69694568066818
99,2026-09-19T05:46:00.958+00:00,2026-09-19T05:48:57.258+00:00,2026-09-19T05:49:05.905+00:00,True,88,88.0,,88.0,176299.88121599998,184947.39532799998,184947.39550199997,2101.6749488863634,43.966607,176299.88121599998,18783.042623466616,111.53483185,99.39671393103447,17.288134760636975,0.47581097232504416,15,64,,True,True,,308,56.69694568066818
100,2026-09-19T05:46:01.458+00:00,2026-09-19T05:48:59.602+00:00,2026-09-19T05:49:04.415+00:00,True,49,49.0,,49.0,178143.996416,182956.796928,182956.79700400002,3733.812183755102,47.748288,178143.996416,25434.82322061514,113.17695220000002,100.26667733333333,15.604038691060746,0.2678227910782852,15,64,,True,True,,219,56.69694568066818
101,2026-09-19T05:46:01.895+00:00,2026-09-19T05:49:01.780+00:00,2026-09-19T05:49:05.533+00:00,True,38,38.0,,38.0,179884.998261,183637.936757,183637.936941,4832.577287921053,45.038184,179884.998261,29164.750279547145,114.4477197,101.43077016216216,16.3626619344983,0.20692892041301755,15,64,,True,True,,145,56.69694568066818
102,2026-09-19T05:46:02.255+00:00,2026-09-19T05:49:04.414+00:00,2026-09-19T05:49:05.632+00:00,True,13,13.0,,13.0,182158.81795300002,183377.15856100002,183377.158376,14105.935259692309,50.819391,182158.81795300002,50493.60963161256,72930.28006,101.528384,16.606596511344893,0.07089214437617965,15,64,,True,True,,50,56.69694568066818
103,2026-09-19T05:46:02.659+00:00,2026-09-19T05:49:06.753+00:00,2026-09-19T05:49:11.740+00:00,True,51,51.0,,51.0,184094.342259,189080.695667,189080.695607,3707.464619745098,44.194495,184094.342259,25764.40821595614,113.71282299999999,99.72706816,21.38044053873923,0.269726107258558,15,64,,True,True,,246,56.69694568066818
104,2026-09-19T05:46:02.953+00:00,2026-09-19T05:49:08.040+00:00,2026-09-19T05:49:18.029+00:00,True,100,100.0,,100.0,185087.900594,195076.786866,195076.786893,1950.76786893,47.892677000000006,185087.900594,18498.708336316715,112.84889199999999,100.89784113131313,17.35747604997957,0.5126186544619011,15,64,,True,True,,543,56.69694568066818
105,2026-09-19T05:46:03.385+00:00,2026-09-19T05:49:10.350+00:00,2026-09-19T05:49:18.463+00:00,True,81,81.0,,81.0,186964.876628,195078.082132,195078.08232,2408.3713866666667,46.447849999999995,186964.876628,20762.61304896067,113.42904399999999,101.4150688,16.15880430317936,0.4152183531576406,15,64,,True,True,,287,56.69694568066818
106,2026-09-19T05:46:03.909+00:00,2026-09-19T05:49:12.877+00:00,2026-09-19T05:49:16.709+00:00,True,39,39.0,,39.0,188968.14844299998,192799.23759499998,192799.23746899999,4943.57019151282,44.361065,188968.14844299998,30242.98220965906,114.01450819999998,100.81813557894736,18.13281940711408,0.20228295758059273,15,64,,True,True,,146,56.69694568066818
107,2026-09-19T05:46:04.381+00:00,2026-09-19T05:49:15.788+00:00,2026-09-19T05:49:19.349+00:00,True,37,37.0,,37.0,191407.711492,194968.015876,194968.015897,5269.4058350540545,48.057077,191407.711492,31450.98118974918,114.0343458,98.897344,19.50685762184429,0.18977471681063868,15,64,,True,True,,165,56.69694568066818
108,2026-09-19T05:46:04.735+00:00,2026-09-19T05:49:17.657+00:00,2026-09-19T05:49:26.145+00:00,True,86,86.0,,86.0,192922.32082,201410.28984399998,201410.289761,2341.9801135,45.562733,192922.32082,20792.58807080724,112.19976625,99.85845910588235,17.428481102166536,0.42698910798753287,15,64,,True,True,,393,56.69694568066818
109,2026-09-19T05:46:05.084+00:00,2026-09-19T05:49:19.612+00:00,2026-09-19T05:49:23.260+00:00,True,37,37.0,,37.0,194528.002955,198175.604875,198175.604744,5356.097425513513,50.565231,194528.002955,31963.551783507937,112.4677234,101.32227555555555,12.494126317626975,0.18670310113768995,15,64,,True,True,,169,56.69694568066818
110,2026-09-19T05:46:05.606+00:00,2026-09-19T05:49:22.364+00:00,2026-09-19T05:49:28.347+00:00,True,59,59.0,,59.0,196758.309766,202740.94093399998,202740.94102099998,3436.2871359491523,51.022209000000004,196758.309766,25602.324277451673,113.5877468,103.1488132413793,12.573920726497045,0.2910117696415683,15,64,,True,True,,220,56.69694568066818
111,2026-09-19T05:46:06.127+00:00,2026-09-19T05:49:25.552+00:00,2026-09-19T05:49:30.437+00:00,True,48,48.0,,48.0,199424.99242,204309.65417999998,204309.653987,4256.451124729167,49.275894,199424.99242,28769.519746642414,113.24286744999999,103.92897361702127,11.721588014622403,0.2349375030399261,15,64,,True,True,,287,56.69694568066818
112,2026-09-19T05:46:06.495+00:00,2026-09-19T05:49:27.413+00:00,2026-09-19T05:49:28.562+00:00,True,12,12.0,,12.0,200918.06141,202066.864994,202066.86487699999,16838.905406416667,94.93036599999999,200918.06141,57969.90038126994,90474.7674633,104.43668945454546,5.457279262134134,0.05938628285422411,15,64,,True,True,,58,56.69694568066818
113,2026-09-19T05:46:07.345+00:00,2026-09-19T05:49:30.119+00:00,2026-09-19T05:49:34.925+00:00,True,47,47.0,,47.0,202774.585712,207579.859824,207579.859866,4416.592763106383,50.96589,202774.585712,29562.479161018764,113.126733,104.46248069565218,14.248622830984665,0.2264188830257893,15,64,,True,True,,219,56.69694568066818
114,2026-09-19T05:46:07.458+00:00,2026-09-19T05:49:32.867+00:00,2026-09-19T05:49:42.784+00:00,True,99,99.0,,99.0,205408.929842,215326.121522,215326.121533,2175.011328616162,47.361971,205408.929842,20634.209557393904,112.8857474,101.19583346938775,15.70148768995946,0.4597677202386479,15,64,,True,True,,325,56.69694568066818
115,2026-09-19T05:46:07.802+00:00,2026-09-19T05:49:34.815+00:00,2026-09-19T05:49:38.368+00:00,True,36,36.0,,36.0,207012.62362,210566.453508,210566.453528,5849.068153555556,51.332449000000004,207012.62362,34485.184415967684,112.89938725,101.5379968,15.716122850287944,0.17096740435262286,15,64,,True,True,,128,56.69694568066818
116,2026-09-19T05:46:08.131+00:00,2026-09-19T05:49:37.234+00:00,2026-09-19T05:49:43.953+00:00,True,70,70.0,,70.0,209103.33160499998,215821.843221,215821.843221,3083.1691888714286,46.962639,209103.33160499998,24980.99735682551,111.87221385000001,97.36973356521739,18.624104651419703,0.3243415909867868,15,64,,True,True,,335,56.69694568066818
117,2026-09-19T05:46:08.518+00:00,2026-09-19T05:49:39.283+00:00,2026-09-19T05:49:46.320+00:00,True,73,73.0,,73.0,210764.556426,217802.04864999998,217802.048831,2983.5897100136986,44.783697000000004,210764.556426,24656.69322473766,111.33557300000001,97.74294755555555,19.62215514501076,0.33516672801048053,15,64,,True,True,,307,56.69694568066818
118,2026-09-19T05:46:08.960+00:00,2026-09-19T05:49:41.455+00:00,2026-09-19T05:49:46.318+00:00,True,50,50.0,,50.0,212495.786231,217357.789431,217357.789436,4347.15578872,47.825099,212495.786231,30037.41547038364,112.1407568,99.22455510204081,18.627578160322816,0.2300354642494763,15,64,,True,True,,221,56.69694568066818
119,2026-09-19T05:46:09.467+00:00,2026-09-19T05:49:44.264+00:00,2026-09-19T05:49:45.623+00:00,True,15,15.0,,15.0,214796.199329,216155.794337,216155.794548,14410.386303199999,46.347333,214796.199329,55435.069424094974,64515.861874899994,97.11392914285715,21.7113771259687,0.06939439234561573,15,64,,True,True,,57,56.69694568066818
120,2026-09-19T05:46:09.983+00:00,2026-09-19T05:49:46.751+00:00,2026-09-19T05:49:55.222+00:00,True,90,90.0,,90.0,216767.827733,225239.240981,225239.24102800002,2502.6582336444444,45.275095,216767.827733,22839.310899954988,111.78583590000002,95.18441851685392,20.29517059620113,0.39957513445710785,15,64,,True,True,,400,56.69694568066818
121,2026-09-19T05:46:10.333+00:00,2026-09-19T05:49:48.636+00:00,2026-09-19T05:49:54.910+00:00,True,66,66.0,,66.0,218302.742268,224577.29638,224577.296561,3402.686311530303,49.629686,218302.742268,26859.3332096783,108.54873324999998,96.53160172307692,17.16140098664957,0.29388545086197637,15,64,,True,True,,265,56.69694568066818
122,2026-09-19T05:46:10.790+00:00,2026-09-19T05:49:50.746+00:00,2026-09-19T05:49:56.817+00:00,True,62,62.0,,62.0,219955.89987400002,226026.83030600002,226026.83046700002,3645.5940397903228,45.319765,219955.89987400002,27921.791642896886,110.24317344999997,99.52344970491802,14.909814638414478,0.27430371835088363,15,64,,True,True,,214,56.69694568066818
123,2026-09-19T05:46:11.243+00:00,2026-09-19T05:49:53.387+00:00,2026-09-19T05:50:00.291+00:00,True,70,70.0,,70.0,222144.066417,229047.512689,229047.51273299998,3272.1073247571426,47.68976,222144.066417,26539.341639635117,111.24970654999998,100.0499459710145,17.270474619595984,0.3056134475253865,15,64,,True,True,,242,56.69694568066818
124,2026-09-19T05:46:11.545+00:00,2026-09-19T05:49:55.119+00:00,2026-09-19T05:49:59.758+00:00,True,47,47.0,,47.0,223573.74267500002,228212.35694700002,228212.35686400003,4855.582060936171,48.988966999999995,223573.74267500002,32596.876821824913,111.7332993,100.83944069565217,15.684285891112976,0.2059485324491665,15,64,,True,True,,224,56.69694568066818
125,2026-09-19T05:46:12.045+00:00,2026-09-19T05:49:57.447+00:00,2026-09-19T05:50:05.653+00:00,True,85,85.0,,85.0,225401.73602900002,233607.64988500002,233607.64970600003,2748.3252906588236,44.552459000000006,225401.73602900002,24437.662709372697,112.82629360000001,97.68945066666667,19.54490185010361,0.3638579474680887,15,64,,True,True,,412,56.69694568066818
126,2026-09-19T05:46:12.451+00:00,2026-09-19T05:50:00.185+00:00,2026-09-19T05:50:09.045+00:00,True,93,93.0,,93.0,227734.457459,236594.43953899998,236594.439759,2544.026233967742,45.287235,227734.457459,23604.985595092123,113.8571962,96.30415304347827,20.38886271615268,0.39307770791743385,15,64,,True,True,,321,56.69694568066818
127,2026-09-19T05:46:12.835+00:00,2026-09-19T05:50:02.488+00:00,2026-09-19T05:50:10.214+00:00,True,82,82.0,,82.0,229652.578135,237379.02498299998,237379.02482299999,2894.866156378049,0.05941,229652.578135,25350.364597813517,109.650489,95.38823269135803,26.611481446507355,0.34543911369537583,15,64,,True,True,,308,56.69694568066818
128,2026-09-19T05:46:13.140+00:00,2026-09-19T05:50:04.107+00:00,2026-09-19T05:50:13.105+00:00,True,94,94.0,,94.0,230966.704767,239964.81932699998,239964.819269,2552.8172262659573,0.02659,230966.704767,23812.430607863997,112.37119985,96.75392,25.365992557453083,0.39172408798769054,15,64,,True,True,,416,56.69694568066818
129,2026-09-19T05:46:13.467+00:00,2026-09-19T05:50:06.162+00:00,2026-09-19T05:50:15.377+00:00,True,95,95.0,,95.0,232695.177206,241910.59071,241910.590727,2546.4272708105264,46.035024,232695.177206,23863.970851660793,111.6634181,98.03631387234043,19.298784114846978,0.392707072977574,15,64,,True,True,,329,56.69694568066818
130,2026-09-19T05:46:13.817+00:00,2026-09-19T05:50:08.321+00:00,2026-09-19T05:50:12.136+00:00,True,40,40.0,,40.0,234504.347419,238319.440667,238319.440864,5957.9860216,44.068698,234504.347419,37062.929595625865,110.97261555000001,97.82290379487179,17.009006429965087,0.16784195149186915,15,64,,True,True,,179,56.69694568066818
131,2026-09-19T05:46:14.222+00:00,2026-09-19T05:50:10.318+00:00,2026-09-19T05:50:19.838+00:00,True,96,96.0,,96.0,236096.067344,245616.355344,245616.35538400002,2558.5037019166666,46.077994,236096.067344,24086.23302820629,113.87980024999999,100.21355789473684,18.54228119579891,0.39085345055929366,15,64,,True,True,,334,56.69694568066818
132,2026-09-19T05:46:14.520+00:00,2026-09-19T05:50:12.039+00:00,2026-09-19T05:50:15.813+00:00,True,37,37.0,,37.0,237518.64364700002,241292.29894300003,241292.29911900003,6521.413489702703,47.756449999999994,237518.64364700002,39030.59425813989,116.3770026,104.82375822222222,14.715316060337676,0.15334099000291937,15,64,,True,True,,124,56.69694568066818
133,2026-09-19T05:46:14.991+00:00,2026-09-19T05:50:14.417+00:00,2026-09-19T05:50:14.846+00:00,True,5,5.0,,5.0,239426.91257699998,239855.161153,239855.161092,47971.032218399996,101.262727,239426.91257699998,107027.09086041168,191563.7200942,107.062144,4.370749461759619,0.020845913742129466,15,64,,True,True,,21,56.69694568066818
134,2026-09-19T05:46:15.424+00:00,2026-09-19T05:50:17.132+00:00,2026-09-19T05:50:20.456+00:00,True,36,36.0,,36.0,241708.813563,245032.889851,245032.8899,6806.469163888889,43.70606,241708.813563,40268.98028064061,115.35467724999998,94.97360822857144,24.01297280667827,0.14691905246634823,15,64,,True,True,,181,56.69694568066818
135,2026-09-19T05:46:15.814+00:00,2026-09-19T05:50:19.623+00:00,2026-09-19T05:50:20.664+00:00,True,11,11.0,,11.0,243809.681857,244850.149569,244850.14973099998,22259.104520999997,99.95263,243809.681857,73480.01376935998,121958.810549,104.04677120000001,3.086628454889639,0.04492543712700549,15,64,,True,True,,32,56.69694568066818
136,2026-09-19T05:46:16.332+00:00,2026-09-19T05:50:21.879+00:00,2026-09-19T05:50:23.459+00:00,True,17,17.0,,17.0,245547.289231,247126.688911,247126.688824,14536.864048470588,49.520765,245547.289231,59530.025414146075,49195.8138462,98.71248,13.505486819168926,0.06879062749115845,15,64,,True,True,,85,56.69694568066818
137,2026-09-19T05:46:16.637+00:00,2026-09-19T05:50:23.107+00:00,2026-09-19T05:50:26.014+00:00,True,32,32.0,,32.0,246469.544976,249376.395024,249376.395044,7793.012345125,48.752539,246469.544976,43553.49963318109,112.78616759999998,93.76935638709678,19.48527945987018,0.1283200841720417,15,64,,True,True,,123,56.69694568066818
138,2026-09-19T05:46:17.107+00:00,2026-09-19T05:50:25.862+00:00,2026-09-19T05:50:29.993+00:00,True,43,43.0,,43.0,248754.618788,252886.53097999998,252886.530954,5881.082115209302,46.417603,248754.618788,37919.72516781618,110.953863,98.37886171428572,17.79208408667288,0.17003673478917206,15,64,,True,True,,135,56.69694568066818
139,2026-09-19T05:46:17.436+00:00,2026-09-19T05:50:27.467+00:00,2026-09-19T05:50:27.674+00:00,True,3,3.0,,3.0,250030.397388,250237.99060400002,250237.990591,83412.66353033333,103.724171,250030.397388,144295.1902417521,225037.7445524,103.796608,0.10263796350278974,0.011988587315454751,15,64,,True,True,,11,56.69694568066818
140,2026-09-19T05:46:17.821+00:00,2026-09-19T05:50:29.568+00:00,2026-09-19T05:50:37.598+00:00,True,80,80.0,,80.0,251746.940258,259777.127266,259777.127308,3247.2140913499998,47.472611,251746.940258,28134.801824646078,111.6196395,101.6479368101266,12.704950554786807,0.3079562886923591,15,64,,True,True,,337,56.69694568066818
141,2026-09-19T05:46:18.167+00:00,2026-09-19T05:50:31.550+00:00,2026-09-19T05:50:31.653+00:00,True,2,2.0,,2.0,253383.50473699998,253485.90115299998,253485.90133199998,126742.95066599999,102.396595,253383.50473699998,179096.78911365147,240719.44932989997,102.396416,nan,0.007889985166444553,15,64,,True,True,,8,56.69694568066818
142,2026-09-19T05:46:18.518+00:00,2026-09-19T05:50:32.884+00:00,2026-09-19T05:50:34.804+00:00,True,21,21.0,,21.0,254365.86498500002,256286.562073,256286.561982,12204.121999142859,48.065369,254365.86498500002,55486.22924874841,111.97630199999999,96.0348544,19.829067776134753,0.08193952827701677,15,64,,True,True,,88,56.69694568066818
143,2026-09-19T05:46:18.873+00:00,2026-09-19T05:50:34.904+00:00,2026-09-19T05:50:42.314+00:00,True,75,75.0,,75.0,256031.21144100002,263441.29118500004,263441.291129,3512.550548386667,44.285338,256031.21144100002,29552.380969294456,113.0915957,100.13621275675675,18.855239333190912,0.2846934118134568,15,64,,True,True,,324,56.69694568066818
144,2026-09-19T05:46:19.371+00:00,2026-09-19T05:50:37.751+00:00,2026-09-19T05:50:42.733+00:00,True,51,51.0,,51.0,258379.57108599998,263362.088078,263362.088084,5163.96251145098,48.613838,258379.57108599998,36166.42836447591,115.07239,99.65033984,20.06003281447387,0.193649740447438,15,64,,True,True,,186,56.69694568066818
145,2026-09-19T05:46:19.727+00:00,2026-09-19T05:50:39.432+00:00,2026-09-19T05:50:48.278+00:00,True,90,90.0,,90.0,259705.698583,268551.297815,268551.297789,2983.9033087666667,46.882382,259705.698583,27364.912957815446,112.2886314,99.38875541573034,16.89617540417053,0.335131502741794,15,64,,True,True,,299,56.69694568066818
146,2026-09-19T05:46:20.164+00:00,2026-09-19T05:50:42.421+00:00,2026-09-19T05:50:43.895+00:00,True,15,15.0,,15.0,262257.03109,263731.407538,263731.407375,17582.093825,94.396453,262257.03109,67687.28288156803,78756.4909293,105.31260342857144,5.663580566447963,0.05687604726349746,15,64,,True,True,,63,56.69694568066818
147,2026-09-19T05:46:20.506+00:00,2026-09-19T05:50:43.901+00:00,2026-09-19T05:50:48.328+00:00,True,47,47.0,,47.0,263394.888469,267822.624021,267822.624007,5698.353702276596,46.134504,263394.888469,38406.057280541914,111.88022629999999,96.25512069565217,18.514708215956823,0.1754892820268788,15,64,,True,True,,176,56.69694568066818
148,2026-09-19T05:46:21.013+00:00,2026-09-19T05:50:46.728+00:00,2026-09-19T05:50:49.377+00:00,True,29,29.0,,29.0,265714.616581,268363.607813,268363.607743,9253.917508379309,48.285599000000005,265714.616581,49324.401510354364,109.6375502,94.60682971428572,20.159388089361148,0.10806234211982893,15,64,,True,True,,132,56.69694568066818
149,2026-09-19T05:46:21.432+00:00,2026-09-19T05:50:49.269+00:00,2026-09-19T05:50:53.324+00:00,True,44,44.0,,44.0,267836.58683700004,271892.00034100004,271892.00037100003,6179.363644795455,46.890682,267836.58683700004,40363.67135713414,110.41732485,94.31194195348837,19.720280014440988,0.16182896129645713,15,64,,True,True,,57,56.69694568066818
150,2026-09-19T05:46:21.907+00:00,2026-09-19T05:50:51.242+00:00,2026-09-19T05:50:57.496+00:00,True,66,66.0,,66.0,269335.14103500004,275589.75505100004,275589.754942,4175.602347606061,44.475668,269335.14103500004,33141.02545410739,111.25433525,96.22483101538461,19.80844502561953,0.23948640611762284,15,64,,True,True,,268,56.69694568066818
151,2026-09-19T05:46:22.793+00:00,2026-09-19T05:50:52.918+00:00,2026-09-19T05:51:00.401+00:00,True,76,76.0,,76.0,270125.379802,277607.668442,277607.668413,3652.732479118421,48.961268,270125.379802,30974.066135356315,111.8501005,99.76384853333333,15.265043446231424,0.27376765356133714,15,64,,True,True,,324,56.69694568066818
152,2026-09-19T05:46:22.829+00:00,2026-09-19T05:50:53.116+00:00,2026-09-19T05:50:58.431+00:00,True,54,54.0,,54.0,270287.350222,275602.016718,275602.01663599996,5103.741048814814,47.009852,270287.350222,36767.80666544008,111.14823765000001,100.27672633962264,15.107573664401501,0.19593470556949366,15,64,,True,True,,260,56.69694568066818
153,2026-09-19T05:46:23.202+00:00,2026-09-19T05:50:58.533+00:00,2026-09-19T05:51:07.514+00:00,True,93,93.0,,93.0,275330.093713,284311.343761,284311.343874,3057.111224451613,46.156324,275330.093713,28540.284702815345,112.3738198,97.62228313043478,20.00299702261505,0.32710618848250517,15,64,,True,True,,315,56.69694568066818
154,2026-09-19T05:46:23.683+00:00,2026-09-19T05:51:01.023+00:00,2026-09-19T05:51:04.263+00:00,True,32,32.0,,32.0,277340.410096,280579.766512,280579.766533,8768.11770415625,49.720516,277340.410096,49008.84997266663,114.467189,104.49536825806452,10.791001403763783,0.11404956386486766,15,64,,True,True,,159,56.69694568066818
155,2026-09-19T05:46:24.049+00:00,2026-09-19T05:51:03.088+00:00,2026-09-19T05:51:03.618+00:00,True,6,6.0,,6.0,279039.07133099996,279568.505187,279568.50501599995,46594.75083599999,102.546364,279039.07133099996,113873.99579156964,209306.87971749995,105.8867712,2.794270222612552,0.02146164495885069,15,64,,True,True,,31,56.69694568066818
156,2026-09-19T05:46:24.358+00:00,2026-09-19T05:51:04.586+00:00,2026-09-19T05:51:06.692+00:00,True,23,23.0,,23.0,280227.975554,282334.237314,282334.23732,12275.401622608695,45.116506,280227.975554,58411.6132919097,114.0220069,95.7391709090909,22.57488030582335,0.0814637297226563,15,64,,True,True,,101,56.69694568066818
157,2026-09-19T05:46:24.806+00:00,2026-09-19T05:51:07.202+00:00,2026-09-19T05:51:07.612+00:00,True,6,6.0,,6.0,282396.023624,282805.84916000004,282805.84921400005,47134.30820233333,48.058839,282396.023624,115254.23452470358,211823.55848724997,81.9651072,28.229350570506632,0.021215968544573645,15,64,,True,True,,29,56.69694568066818
158,2026-09-19T05:46:25.108+00:00,2026-09-19T05:51:08.700+00:00,2026-09-19T05:51:17.733+00:00,True,92,92.0,,92.0,283591.634301,292624.881789,292624.881912,3180.7052381739127,45.610455,283591.634301,29556.12724418709,111.51295655000001,99.26645591208792,16.865203837668275,0.31439568445972915,15,64,,True,True,,331,56.69694568066818
159,2026-09-19T05:46:25.527+00:00,2026-09-19T05:51:11.089+00:00,2026-09-19T05:51:18.000+00:00,True,71,71.0,,71.0,285562.167514,292473.47887399996,292473.47897399997,4119.34477428169,45.112057,285562.167514,33878.2816611164,112.2617475,98.73301942857144,18.253034022592534,0.24275705364241726,15,64,,True,True,,237,56.69694568066818
160,2026-09-19T05:46:26.007+00:00,2026-09-19T05:51:13.645+00:00,2026-09-19T05:51:18.426+00:00,True,49,49.0,,49.0,287638.028653,292418.72215700004,292418.722252,5967.729025551021,48.02783,287638.028653,41076.922189368495,110.23081900000001,99.59778133333333,17.12098894308919,0.16756793011937118,15,64,,True,True,,208,56.69694568066818
161,2026-09-19T05:46:26.414+00:00,2026-09-19T05:51:15.838+00:00,2026-09-19T05:51:19.267+00:00,True,35,35.0,,35.0,289423.391306,292852.53921,292852.539317,8367.215409057142,49.775876,289423.391306,48904.43663846386,112.058492,100.85729129411764,15.925356913554417,0.11951407385579144,15,64,,True,True,,116,56.69694568066818
162,2026-09-19T05:46:26.880+00:00,2026-09-19T05:51:18.316+00:00,2026-09-19T05:51:26.402+00:00,True,81,81.0,,81.0,291435.895642,299521.667674,299521.667697,3697.79836662963,47.79839,291435.895642,32370.540599603573,115.32068599999998,101.07215040000001,17.47164139211779,0.27043118659502313,15,64,,True,True,,283,56.69694568066818
163,2026-09-19T05:46:27.187+00:00,2026-09-19T05:51:19.472+00:00,2026-09-19T05:51:24.817+00:00,True,55,55.0,,55.0,292285.179568,297629.6844,297629.684514,5411.448809345455,43.891739,292285.179568,39398.38586916325,116.1377505,98.9723117037037,21.42997450526407,0.18479339556091667,15,64,,True,True,,249,56.69694568066818
164,2026-09-19T05:46:27.660+00:00,2026-09-19T05:51:22.473+00:00,2026-09-19T05:51:23.616+00:00,True,13,13.0,,13.0,294812.979343,295956.424335,295956.42420899996,22765.87878530769,51.532182,294812.979343,81739.984817334,117994.26666879999,95.28708266666668,26.543130576701728,0.04392538539824024,15,64,,True,True,,45,56.69694568066818
165,2026-09-19T05:46:28.016+00:00,2026-09-19T05:51:24.653+00:00,2026-09-19T05:51:28.093+00:00,False,36,35.0,,35.0,296636.93172500003,300077.431693,300077.43162000005,8335.484211666668,0.03648,296636.93172500003,49423.11084212921,113.22349999999999,98.29999908571428,23.772926940199024,0.11663656211176662,15,64,,True,False,Request timeout: 300.0s exceeded,158,56.69694568066818
166,2026-09-19T05:46:28.534+00:00,2026-09-19T05:51:27.359+00:00,2026-09-19T05:51:27.359+00:00,True,1,1.0,,1.0,298824.391863,298824.391863,298824.391863,298824.391863,298824.391863,298824.391863,nan,298824.391863,nan,nan,0.003346447034546173,15,64,,True,True,,3,56.69694568066818
167,2026-09-19T05:46:28.978+00:00,2026-09-19T05:51:29.069+00:00,2026-09-19T05:51:29.602+00:00,False,7,6.0,,6.0,300090.453961,300623.958729,300623.958686,42946.27981228572,0.0208,300090.453961,113389.92965732478,210097.17687400003,88.91746133333334,43.675573336495624,0.019958489088385503,15,64,,True,False,Request timeout: 300.0s exceeded,17,56.69694568066818
168,2026-09-19T05:46:29.330+00:00,2026-09-19T05:51:29.643+00:00,2026-09-19T05:51:29.643+00:00,False,1,0.0,,0.0,300313.032268,300313.032268,300313.032268,300313.032268,300313.032268,300313.032268,nan,300313.032268,nan,nan,0.0,15,64,,True,False,"HTTPConnectionPool(host='gpu03', port=9002): Read timed out.",0,56.69694568066818
169,2026-09-19T05:46:29.812+00:00,2026-09-19T05:51:29.923+00:00,2026-09-19T05:51:29.923+00:00,False,1,0.0,,0.0,300110.84602600004,300110.84602600004,300110.84602600004,300110.84602600004,300110.84602600004,300110.84602600004,nan,300110.84602600004,nan,nan,0.0,15,64,,True,False,"HTTPConnectionPool(host='gpu03', port=9002): Read timed out.",0,56.69694568066818
170,2026-09-19T05:46:30.286+00:00,2026-09-19T05:51:30.334+00:00,2026-09-19T05:51:30.334+00:00,False,1,0.0,,0.0,300047.200326,300047.200326,300047.200326,300047.200326,300047.200326,300047.200326,nan,300047.200326,nan,nan,0.0,15,64,,True,False,"HTTPConnectionPool(host='gpu03', port=9002): Read timed out.",0,56.69694568066818
171,2026-09-19T05:46:30.592+00:00,2026-09-19T05:51:30.696+00:00,2026-09-19T05:51:30.696+00:00,False,1,0.0,,0.0,300104.002231,300104.002231,300104.002231,300104.002231,300104.002231,300104.002231,nan,300104.002231,nan,nan,0.0,15,64,,True,False,"HTTPConnectionPool(host='gpu03', port=9002): Read timed out.",0,56.69694568066818
172,2026-09-19T05:46:30.980+00:00,2026-09-19T05:51:30.985+00:00,2026-09-19T05:51:31.097+00:00,False,3,2.0,,2.0,300004.78434899997,300116.76002899994,300116.760013,100038.92000433333,0.031120000000000002,300004.78434899997,173175.5274525989,270015.50036849995,55.98784,79.13459393799482,0.0066640730088074465,15,64,,True,False,Request timeout: 300.0s exceeded,3,56.69694568066818
173,2026-09-19T05:46:31.354+00:00,2026-09-19T05:51:31.097+00:00,2026-09-19T05:51:31.359+00:00,False,5,4.0,,4.0,299742.51532999997,300005.255554,300005.255547,60001.051109399996,0.04322,299742.51532999997,134019.56005650805,239815.81126179997,65.685056,51.08060950448491,0.013333099757247462,15,64,,True,False,Request timeout: 300.0s exceeded,17,56.69694568066818
174,2026-09-19T05:46:31.804+00:00,2026-09-19T05:51:31.840+00:00,2026-09-19T05:51:31.840+00:00,False,1,0.0,,0.0,300036.12891900004,300036.12891900004,300036.12891900004,300036.12891900004,300036.12891900004,300036.12891900004,nan,300036.12891900004,nan,nan,0.0,15,64,,True,False,TTFT timeout: 300.0s exceeded (TTFT: 300.031s),0,56.69694568066818
175,2026-09-19T05:46:32.133+00:00,2026-09-19T05:51:32.207+00:00,2026-09-19T05:51:32.207+00:00,False,1,0.0,,0.0,300073.37073100003,300073.37073100003,300073.37073100003,300073.37073100003,300073.37073100003,300073.37073100003,nan,300073.37073100003,nan,nan,0.0,15,64,,True,False,"HTTPConnectionPool(host='gpu03', port=9002): Read timed out.",0,56.69694568066818
176,2026-09-19T05:46:32.545+00:00,2026-09-19T05:51:32.528+00:00,2026-09-19T05:51:32.668+00:00,False,3,2.0,,2.0,299982.965361,300122.677361,300122.67728,100040.89242666666,0.03126,299982.965361,173154.9285248542,269998.6368908,69.856,98.74713389515489,0.006663941617428386,15,64,,True,False,Request timeout: 300.0s exceeded,4,56.69694568066818
177,2026-09-19T05:46:32.872+00:00,2026-09-19T05:51:32.778+00:00,2026-09-19T05:51:32.913+00:00,False,3,2.0,,2.0,299906.054263,300041.118327,300041.118403,100013.70613433335,0.022949999999999998,299906.054263,173111.8646649482,269928.9529557,67.532032,95.47213206853678,0.0066657530512877865,15,64,,True,False,Request timeout: 300.0s exceeded,4,56.69694568066818
178,2026-09-19T05:46:33.310+00:00,2026-09-19T05:51:33.231+00:00,2026-09-19T05:51:33.330+00:00,False,3,2.0,,2.0,299921.11397899996,300020.50393099996,300020.503811,100006.83460366665,0.02136,299921.11397899996,173130.8516443019,269938.93942829996,49.694976,70.24889779256019,0.006666211054894997,15,64,,True,False,Request timeout: 300.0s exceeded,5,56.69694568066818
179,2026-09-19T05:46:33.752+00:00,2026-09-19T05:51:33.835+00:00,2026-09-19T05:51:33.835+00:00,False,1,0.0,,0.0,300082.458892,300082.458892,300082.458892,300082.458892,300082.458892,300082.458892,nan,300082.458892,nan,nan,0.0,15,64,,True,False,"HTTPConnectionPool(host='gpu03', port=9002): Read timed out.",0,56.69694568066818
180,2026-09-19T05:46:34.267+00:00,2026-09-19T05:51:34.277+00:00,2026-09-19T05:51:34.277+00:00,False,1,0.0,,0.0,300009.938684,300009.938684,300009.938684,300009.938684,300009.938684,300009.938684,nan,300009.938684,nan,nan,0.0,15,64,,True,False,TTFT timeout: 300.0s exceeded (TTFT: 300.002s),0,56.69694568066818
181,2026-09-19T05:46:34.697+00:00,2026-09-19T05:51:34.548+00:00,2026-09-19T05:51:34.749+00:00,False,4,3.0,,3.0,299850.85599199997,300051.494456,300051.494401,75012.87360025,0.02615,299850.85599199997,149891.99584614875,254889.4233335,66.879488,58.401993258012425,0.00999828381271377,15,64,,True,False,Request timeout: 300.0s exceeded,14,56.69694568066818
182,2026-09-19T05:46:35.129+00:00,2026-09-19T05:51:35.232+00:00,2026-09-19T05:51:35.232+00:00,False,1,0.0,,0.0,300102.99961299996,300102.99961299996,300102.99961299996,300102.99961299996,300102.99961299996,300102.99961299996,nan,300102.99961299996,nan,nan,0.0,15,64,,True,False,"HTTPConnectionPool(host='gpu03', port=9002): Read timed out.",0,56.69694568066818
183,2026-09-19T05:46:35.424+00:00,2026-09-19T05:51:35.448+00:00,2026-09-19T05:51:35.448+00:00,False,1,0.0,,0.0,300024.61460900004,300024.61460900004,300024.61460900004,300024.61460900004,300024.61460900004,300024.61460900004,nan,300024.61460900004,nan,nan,0.0,15,64,,True,False,"HTTPConnectionPool(host='gpu03', port=9002): Read timed out.",0,56.69694568066818
184,2026-09-19T05:46:35.726+00:00,2026-09-19T05:51:35.753+00:00,2026-09-19T05:51:35.753+00:00,False,1,0.0,,0.0,300026.81695,300026.81695,300026.81695,300026.81695,300026.81695,300026.81695,nan,300026.81695,nan,nan,0.0,15,64,,True,False,TTFT timeout: 300.0s exceeded (TTFT: 300.017s),0,56.69694568066818
185,2026-09-19T05:46:36.025+00:00,2026-09-19T05:51:35.892+00:00,2026-09-19T05:51:36.151+00:00,False,4,3.0,,3.0,299866.764791,300125.788407,300125.788616,75031.447154,0.037219,299866.764791,149890.22418922774,254906.46126004998,86.34120533333333,74.76604940732683,0.009995808810443525,15,64,,True,False,Request timeout: 300.0s exceeded,10,56.69694568066818
186,2026-09-19T05:46:36.472+00:00,2026-09-19T05:51:36.349+00:00,2026-09-19T05:51:36.555+00:00,False,4,3.0,,3.0,299877.757458,300083.23816199997,300083.238056,75020.809514,0.03736,299877.757458,149904.63978662033,254911.79659815,68.493568,59.31730418268612,0.009997226164229971,15,64,,True,False,Request timeout: 300.0s exceeded,10,56.69694568066818
187,2026-09-19T05:46:36.956+00:00,2026-09-19T05:51:36.992+00:00,2026-09-19T05:51:36.992+00:00,False,1,0.0,,0.0,300036.48317900003,300036.48317900003,300036.48317900003,300036.48317900003,300036.48317900003,300036.48317900003,nan,300036.48317900003,nan,nan,0.0,15,64,,True,False,"HTTPConnectionPool(host='gpu03', port=9002): Read timed out.",0,56.69694568066818
188,2026-09-19T05:46:37.691+00:00,2026-09-19T05:51:37.186+00:00,2026-09-19T05:51:37.897+00:00,False,8,7.0,,7.0,299495.390007,300205.73035900004,300205.730387,37525.716298375,0.022109999999999998,299495.390007,105851.74185014184,194722.4757407,101.47719314285715,46.761402699658916,0.023317343048812136,15,64,,True,False,Request timeout: 300.0s exceeded,19,56.69694568066818
189,2026-09-19T05:46:37.742+00:00,2026-09-19T05:51:37.333+00:00,2026-09-19T05:51:37.897+00:00,False,7,6.0,,6.0,299591.27912,300155.89044800005,300155.890374,42879.41291057143,0.03741,299591.27912,113199.3007185048,209751.39570320002,94.101888,46.484658529909396,0.019989612701068943,15,64,,True,False,Request timeout: 300.0s exceeded,44,56.69694568066818
190,2026-09-19T05:46:38.229+00:00,2026-09-19T05:51:38.337+00:00,2026-09-19T05:51:38.337+00:00,False,1,0.0,,0.0,300107.91959899996,300107.91959899996,300107.91959899996,300107.91959899996,300107.91959899996,300107.91959899996,nan,300107.91959899996,nan,nan,0.0,15,64,,True,False,"HTTPConnectionPool(host='gpu03', port=9002): Read timed out.",0,56.69694568066818
191,2026-09-19T05:46:38.696+00:00,2026-09-19T05:51:39.173+00:00,2026-09-19T05:51:39.477+00:00,False,5,4.0,,4.0,300477.08057499997,300781.30099099997,300781.300917,60156.260183399994,0.037090000000000005,300477.08057499997,134343.4398655191,240418.73028899997,76.055104,78.41658093868465,0.013298699044192541,15,64,,True,False,Request timeout: 300.0s exceeded,13,56.69694568066818
192,2026-09-19T05:46:39.079+00:00,2026-09-19T05:51:39.356+00:00,2026-09-19T05:51:39.577+00:00,False,6,5.0,,5.0,300277.73985199997,300498.84526,300498.845485,50083.14091416666,0.026359999999999998,300277.73985199997,122569.8230153147,225225.93445099998,44.2210816,26.290768472314475,0.016638999047313675,15,64,,True,False,Request timeout: 300.0s exceeded,16,56.69694568066818
193,2026-09-19T05:46:39.551+00:00,2026-09-19T05:51:39.692+00:00,2026-09-19T05:51:39.692+00:00,False,1,0.0,,0.0,300140.978621,300140.978621,300140.978621,300140.978621,300140.978621,300140.978621,nan,300140.978621,nan,nan,0.0,15,64,,True,False,"HTTPConnectionPool(host='gpu03', port=9002): Read timed out.",0,56.69694568066818
194,2026-09-19T05:46:39.970+00:00,2026-09-19T05:51:39.990+00:00,2026-09-19T05:51:39.990+00:00,False,1,0.0,,0.0,300019.44516,300019.44516,300019.44516,300019.44516,300019.44516,300019.44516,nan,300019.44516,nan,nan,0.0,15,64,,True,False,"HTTPConnectionPool(host='gpu03', port=9002): Read timed out.",0,56.69694568066818
195,2026-09-19T05:46:40.340+00:00,2026-09-19T05:51:40.451+00:00,2026-09-19T05:51:40.451+00:00,False,1,0.0,,0.0,300111.591478,300111.591478,300111.591478,300111.591478,300111.591478,300111.591478,nan,300111.591478,nan,nan,0.0,15,64,,True,False,"HTTPConnectionPool(host='gpu03', port=9002): Read timed out.",0,56.69694568066818
196,2026-09-19T05:46:40.870+00:00,2026-09-19T05:51:40.887+00:00,2026-09-19T05:51:40.887+00:00,False,1,0.0,,0.0,300016.22498299996,300016.22498299996,300016.22498299996,300016.22498299996,300016.22498299996,300016.22498299996,nan,300016.22498299996,nan,nan,0.0,15,64,,True,False,"HTTPConnectionPool(host='gpu03', port=9002): Read timed out.",0,56.69694568066818
197,2026-09-19T05:46:41.378+00:00,2026-09-19T05:51:41.081+00:00,2026-09-19T05:51:41.422+00:00,False,6,5.0,,5.0,299703.653967,300043.89025500003,300043.89022600005,50007.31503766667,0.03656,299703.653967,122325.73041153053,224803.03727474998,68.0472576,43.571506059033176,0.016664228675846795,15,64,,True,False,Request timeout: 300.0s exceeded,16,56.69694568066818
198,2026-09-19T05:46:41.892+00:00,2026-09-19T05:51:42.010+00:00,2026-09-19T05:51:42.010+00:00,False,1,0.0,,0.0,300118.84553,300118.84553,300118.84553,300118.84553,300118.84553,300118.84553,nan,300118.84553,nan,nan,0.0,15,64,,True,False,"HTTPConnectionPool(host='gpu03', port=9002): Read timed out.",0,56.69694568066818
199,2026-09-19T05:46:42.367+00:00,2026-09-19T05:51:42.400+00:00,2026-09-19T05:51:42.400+00:00,False,1,0.0,,0.0,300033.002461,300033.002461,300033.002461,300033.002461,300033.002461,300033.002461,nan,300033.002461,nan,nan,0.0,15,64,,True,False,TTFT timeout: 300.0s exceeded (TTFT: 300.013s),0,56.69694568066818
200,2026-09-19T05:46:42.752+00:00,2026-09-19T05:51:42.685+00:00,2026-09-19T05:51:42.818+00:00,False,3,2.0,,2.0,299932.71077,300065.612402,300065.612495,100021.87083166667,0.03549,299932.71077,173127.87861762516,269952.7263165,66.450816,93.92568388122756,0.006665208932107109,15,64,,True,False,Request timeout: 300.0s exceeded,4,56.69694568066818
201,2026-09-19T05:46:43.142+00:00,2026-09-19T05:51:42.924+00:00,2026-09-19T05:51:43.238+00:00,False,5,4.0,,4.0,299782.67929500004,300096.53555100004,300096.535464,60019.30709280001,0.04138,299782.67929500004,134031.80739359057,239848.32069100003,78.464064,52.47393085202686,0.013329044244565156,15,64,,True,False,Request timeout: 300.0s exceeded,20,56.69694568066818
202,2026-09-19T05:46:43.616+00:00,2026-09-19T05:51:43.720+00:00,2026-09-19T05:51:43.720+00:00,False,1,0.0,,0.0,300104.311791,300104.311791,300104.311791,300104.311791,300104.311791,300104.311791,nan,300104.311791,nan,nan,0.0,15,64,,True,False,"HTTPConnectionPool(host='gpu03', port=9002): Read timed out.",0,56.69694568066818
203,2026-09-19T05:46:43.961+00:00,2026-09-19T05:51:44.055+00:00,2026-09-19T05:51:44.055+00:00,False,1,0.0,,0.0,300093.70951300004,300093.70951300004,300093.70951300004,300093.70951300004,300093.70951300004,300093.70951300004,nan,300093.70951300004,nan,nan,0.0,15,64,,True,False,"HTTPConnectionPool(host='gpu03', port=9002): Read timed out.",0,56.69694568066818
204,2026-09-19T05:46:44.354+00:00,2026-09-19T05:51:44.349+00:00,2026-09-19T05:51:44.482+00:00,False,3,2.0,,2.0,299995.759928,300128.76396,300128.763902,100042.92130066667,0.028,299995.759928,173164.25056903993,270009.48153259995,66.502016,94.00859073710811,0.006663806472966224,15,64,,True,False,Request timeout: 300.0s exceeded,4,56.69694568066818
205,2026-09-19T05:46:44.675+00:00,2026-09-19T05:51:44.483+00:00,2026-09-19T05:51:44.738+00:00,False,4,3.0,,3.0,299807.382417,300062.879121,300062.87905,75015.7197625,0.02513,299807.382417,149861.121165758,254857.97334315,85.165568,75.6501635216574,0.00999790446851726,15,64,,True,False,Request timeout: 300.0s exceeded,17,56.69694568066818
206,2026-09-19T05:46:45.207+00:00,2026-09-19T05:51:45.260+00:00,2026-09-19T05:51:45.260+00:00,False,1,0.0,,0.0,300053.223719,300053.223719,300053.223719,300053.223719,300053.223719,300053.223719,nan,300053.223719,nan,nan,0.0,15,64,,True,False,"HTTPConnectionPool(host='gpu03', port=9002): Read timed out.",0,56.69694568066818
207,2026-09-19T05:46:45.533+00:00,2026-09-19T05:51:45.642+00:00,2026-09-19T05:51:45.642+00:00,False,1,0.0,,0.0,300109.384777,300109.384777,300109.384777,300109.384777,300109.384777,300109.384777,nan,300109.384777,nan,nan,0.0,15,64,,True,False,"HTTPConnectionPool(host='gpu03', port=9002): Read timed out.",0,56.69694568066818
208,2026-09-19T05:46:45.961+00:00,2026-09-19T05:51:46.013+00:00,2026-09-19T05:51:46.013+00:00,False,1,0.0,,0.0,300051.552172,300051.552172,300051.552172,300051.552172,300051.552172,300051.552172,nan,300051.552172,nan,nan,0.0,15,64,,True,False,TTFT timeout: 300.0s exceeded (TTFT: 300.041s),0,56.69694568066818
209,2026-09-19T05:46:46.487+00:00,2026-09-19T05:51:46.170+00:00,2026-09-19T05:51:46.583+00:00,False,6,5.0,,5.0,299682.73098500003,300095.59140100004,300095.591467,50015.93191116667,0.04372,299682.73098500003,122311.25991957932,224791.26965425003,82.57208320000001,47.02081339109432,0.016661357724908378,15,64,,True,False,Request timeout: 300.0s exceeded,12,56.69694568066818
210,2026-09-19T05:46:47.005+00:00,2026-09-19T05:51:47.065+00:00,2026-09-19T05:51:47.065+00:00,False,1,0.0,,0.0,300059.61068599997,300059.61068599997,300059.61068599997,300059.61068599997,300059.61068599997,300059.61068599997,nan,300059.61068599997,nan,nan,0.0,15,64,,True,False,"HTTPConnectionPool(host='gpu03', port=9002): Read timed out.",0,56.69694568066818
211,2026-09-19T05:46:47.524+00:00,2026-09-19T05:51:47.543+00:00,2026-09-19T05:51:47.543+00:00,False,1,0.0,,0.0,300019.457275,300019.457275,300019.457275,300019.457275,300019.457275,300019.457275,nan,300019.457275,nan,nan,0.0,15,64,,True,False,TTFT timeout: 300.0s exceeded (TTFT: 300.011s),0,56.69694568066818
212,2026-09-19T05:46:47.859+00:00,2026-09-19T05:51:47.824+00:00,2026-09-19T05:51:47.932+00:00,False,3,2.0,,2.0,299965.335786,300073.75025,300073.750118,100024.58337266668,0.05119,299965.335786,173153.77931069577,269979.63852160005,54.207232,76.58819493871133,0.006665028175019451,15,64,,True,False,Request timeout: 300.0s exceeded,7,56.69694568066818
213,2026-09-19T05:46:48.389+00:00,2026-09-19T05:51:48.165+00:00,2026-09-19T05:51:48.420+00:00,False,5,4.0,,4.0,299776.56387699995,300031.27210099995,300031.27210199996,60006.25442039999,0.05368,299776.56387699995,134035.68437918698,239842.63573059998,63.677056,48.740200416700574,0.013331943607043316,15,64,,True,False,Request timeout: 300.0s exceeded,14,56.69694568066818
214,2026-09-19T05:46:48.921+00:00,2026-09-19T05:51:48.953+00:00,2026-09-19T05:51:48.953+00:00,False,1,0.0,,0.0,300031.278858,300031.278858,300031.278858,300031.278858,300031.278858,300031.278858,nan,300031.278858,nan,nan,0.0,15,64,,True,False,"HTTPConnectionPool(host='gpu03', port=9002): Read timed out.",0,56.69694568066818
215,2026-09-19T05:46:49.320+00:00,2026-09-19T05:51:49.393+00:00,2026-09-19T05:51:49.393+00:00,False,1,0.0,,0.0,300073.441551,300073.441551,300073.441551,300073.441551,300073.441551,300073.441551,nan,300073.441551,nan,nan,0.0,15,64,,True,False,TTFT timeout: 300.0s exceeded (TTFT: 300.057s),0,56.69694568066818
216,2026-09-19T05:46:49.687+00:00,2026-09-19T05:51:49.525+00:00,2026-09-19T05:51:49.750+00:00,False,4,3.0,,3.0,299838.04086799995,300062.72925199993,300062.7294349999,75015.68235874998,0.060378999999999995,299838.04086799995,149881.5824475812,254881.96695499995,74.896128,67.41685489298521,0.009997909462059607,15,64,,True,False,Request timeout: 300.0s exceeded,22,56.69694568066818
217,2026-09-19T05:46:50.011+00:00,2026-09-19T05:51:49.864+00:00,2026-09-19T05:51:50.064+00:00,False,6,5.0,,5.0,299853.496154,300052.859482,300052.859584,50008.80993066666,0.04804,299853.496154,122398.40087419281,224903.10925100002,39.872665600000005,22.371550434267466,0.01666373054611715,15,64,,True,False,Request timeout: 300.0s exceeded,25,56.69694568066818
218,2026-09-19T05:46:50.487+00:00,2026-09-19T05:51:50.753+00:00,2026-09-19T05:51:51.466+00:00,False,8,7.0,,7.0,300265.731389,300978.49759700004,300978.497518,37622.31218975,0.02316,300265.731389,106123.97671838354,195225.61857465003,101.823744,48.32975463219386,0.023257475387403793,15,64,,True,False,Request timeout: 300.0s exceeded,27,56.69694568066818
219,2026-09-19T05:46:50.821+00:00,2026-09-19T05:51:50.999+00:00,2026-09-19T05:51:51.467+00:00,False,6,5.0,,5.0,300178.37427499995,300646.24141099997,300646.24138599995,50107.706897666656,0.03775,300178.37427499995,122509.11689726761,225170.25540899995,93.5734272,55.21697411625743,0.016630841538327182,15,64,,True,False,Request timeout: 300.0s exceeded,15,56.69694568066818
220,2026-09-19T05:46:51.336+00:00,2026-09-19T05:51:51.468+00:00,2026-09-19T05:51:51.667+00:00,False,4,3.0,,3.0,300131.60256300005,300330.714755,300330.71489400003,75082.67872350001,0.08502,300131.60256300005,150032.6232394243,255127.29253560002,66.37073066666666,57.50311311931629,0.009988988313923542,15,64,,True,False,Request timeout: 300.0s exceeded,16,56.69694568066818
221,2026-09-19T05:46:51.834+00:00,2026-09-19T05:51:51.860+00:00,2026-09-19T05:51:51.860+00:00,False,1,0.0,,0.0,300026.348896,300026.348896,300026.348896,300026.348896,300026.348896,300026.348896,nan,300026.348896,nan,nan,0.0,15,64,,True,False,"HTTPConnectionPool(host='gpu03', port=9002): Read timed out.",0,56.69694568066818
222,2026-09-19T05:46:52.275+00:00,2026-09-19T05:51:52.379+00:00,2026-09-19T05:51:52.379+00:00,False,1,0.0,,0.0,300104.64815499994,300104.64815499994,300104.64815499994,300104.64815499994,300104.64815499994,300104.64815499994,nan,300104.64815499994,nan,nan,0.0,15,64,,True,False,"HTTPConnectionPool(host='gpu03', port=9002): Read timed out.",0,56.69694568066818
223,2026-09-19T05:46:52.741+00:00,2026-09-19T05:51:52.767+00:00,2026-09-19T05:51:52.767+00:00,False,1,0.0,,0.0,300026.619415,300026.619415,300026.619415,300026.619415,300026.619415,300026.619415,nan,300026.619415,nan,nan,0.0,15,64,,True,False,TTFT timeout: 300.0s exceeded (TTFT: 300.021s),0,56.69694568066818
224,2026-09-19T05:46:53.220+00:00,2026-09-19T05:51:52.991+00:00,2026-09-19T05:51:53.267+00:00,True,4,4.0,,4.0,299771.39173000003,300047.032306,300047.032492,75011.758123,80.286222,299771.39173000003,149839.7559793647,254820.75030445002,91.880192,10.416190599890538,0.013331243336280158,15,64,,True,True,,14,56.69694568066818
225,2026-09-19T05:46:53.707+00:00,2026-09-19T05:51:53.370+00:00,2026-09-19T05:51:53.729+00:00,False,6,5.0,,5.0,299663.48977,300021.972458,300021.972249,50003.6620415,0.08486,299663.48977,122307.84455121093,224773.79063074998,71.6965376,46.626440416144455,0.016665446063954363,15,64,,True,False,Request timeout: 300.0s exceeded,16,56.69694568066818
226,2026-09-19T05:46:54.089+00:00,2026-09-19T05:51:54.185+00:00,2026-09-19T05:51:54.185+00:00,False,1,0.0,,0.0,300096.558443,300096.558443,300096.558443,300096.558443,300096.558443,300096.558443,nan,300096.558443,nan,nan,0.0,15,64,,True,False,"HTTPConnectionPool(host='gpu03', port=9002): Read timed out.",0,56.69694568066818
227,2026-09-19T05:46:54.523+00:00,2026-09-19T05:51:54.532+00:00,2026-09-19T05:51:54.532+00:00,False,1,0.0,,0.0,300009.62289999996,300009.62289999996,300009.62289999996,300009.62289999996,300009.62289999996,300009.62289999996,nan,300009.62289999996,nan,nan,0.0,15,64,,True,False,TTFT timeout: 300.0s exceeded (TTFT: 300.004s),0,56.69694568066818
229,2026-09-19T05:46:55.740+00:00,2026-09-19T05:51:55.013+00:00,2026-09-19T05:51:55.924+00:00,False,11,10.0,,10.0,299272.731654,300183.459846,300183.459967,27289.405451545455,0.08434,299272.731654,90206.67124633676,149695.4741765,91.0728192,37.51754201045274,0.03331296136412778,15,64,,True,False,Request timeout: 300.0s exceeded,75,56.69694568066818
230,2026-09-19T05:46:55.771+00:00,2026-09-19T05:51:55.702+00:00,2026-09-19T05:51:55.924+00:00,False,4,3.0,,3.0,299931.258624,300152.740864,300152.74082,75038.185205,0.07478,299931.258624,149928.7247747221,254959.1402862,73.82741333333333,64.19478286965087,0.009994911228744394,15,64,,True,False,Request timeout: 300.0s exceeded,8,56.69694568066818
228,2026-09-19T05:46:55.674+00:00,2026-09-19T05:51:56.024+00:00,2026-09-19T05:51:56.024+00:00,False,1,0.0,,0.0,300350.30991500005,300350.30991500005,300350.30991500005,300350.30991500005,300350.30991500005,300350.30991500005,nan,300350.30991500005,nan,nan,0.0,15,64,,True,False,TTFT timeout: 300.0s exceeded (TTFT: 300.061s),0,56.69694568066818
231,2026-09-19T05:46:55.988+00:00,2026-09-19T05:51:56.111+00:00,2026-09-19T05:51:56.111+00:00,False,1,0.0,,0.0,300123.185018,300123.185018,300123.185018,300123.185018,300123.185018,300123.185018,nan,300123.185018,nan,nan,0.0,15,64,,True,False,"HTTPConnectionPool(host='gpu03', port=9002): Read timed out.",0,56.69694568066818
232,2026-09-19T05:46:56.414+00:00,2026-09-19T05:51:56.525+00:00,2026-09-19T05:51:56.525+00:00,False,1,0.0,,0.0,300110.43257099995,300110.43257099995,300110.43257099995,300110.43257099995,300110.43257099995,300110.43257099995,nan,300110.43257099995,nan,nan,0.0,15,64,,True,False,"HTTPConnectionPool(host='gpu03', port=9002): Read timed out.",0,56.69694568066818
233,2026-09-19T05:46:56.825+00:00,2026-09-19T05:51:56.935+00:00,2026-09-19T05:51:56.935+00:00,False,1,0.0,,0.0,300110.505926,300110.505926,300110.505926,300110.505926,300110.505926,300110.505926,nan,300110.505926,nan,nan,0.0,15,64,,True,False,"HTTPConnectionPool(host='gpu03', port=9002): Read timed out.",0,56.69694568066818
234,2026-09-19T05:46:57.189+00:00,2026-09-19T05:51:57.291+00:00,2026-09-19T05:51:57.291+00:00,False,1,0.0,,0.0,300102.143836,300102.143836,300102.143836,300102.143836,300102.143836,300102.143836,nan,300102.143836,nan,nan,0.0,15,64,,True,False,"HTTPConnectionPool(host='gpu03', port=9002): Read timed out.",0,56.69694568066818
235,2026-09-19T05:46:57.495+00:00,2026-09-19T05:51:57.291+00:00,2026-09-19T05:51:57.509+00:00,False,4,3.0,,3.0,299796.11767400004,300013.81367400003,300013.813779,75003.45344475,0.03425,299796.11767400004,149861.78517597765,254844.60572945004,72.56533333333333,63.69193851318785,0.009999539565400976,15,64,,True,False,Request timeout: 300.0s exceeded,16,56.69694568066818
236,2026-09-19T05:46:57.788+00:00,2026-09-19T05:51:57.410+00:00,2026-09-19T05:51:57.710+00:00,True,4,4.0,,4.0,299621.170591,299921.66671900003,299921.666753,74980.41668825,97.332651,299621.170591,149760.50261544628,254693.27916235,100.165376,2.4729882366917963,0.013336815721778597,15,64,,True,True,,20,56.69694568066818
237,2026-09-19T05:46:58.143+00:00,2026-09-19T05:51:58.116+00:00,2026-09-19T05:51:58.219+00:00,False,3,2.0,,2.0,299973.345505,300075.858401,300075.858443,100025.28614766666,0.10456900000000001,299973.345505,173160.10639604504,269986.25179139996,51.256448,72.33985214250855,0.006664981350573504,15,64,,True,False,Request timeout: 300.0s exceeded,4,56.69694568066818
238,2026-09-19T05:46:58.574+00:00,2026-09-19T05:51:58.630+00:00,2026-09-19T05:51:58.630+00:00,False,1,0.0,,0.0,300055.98173500004,300055.98173500004,300055.98173500004,300055.98173500004,300055.98173500004,300055.98173500004,nan,300055.98173500004,nan,nan,0.0,15,64,,True,False,"HTTPConnectionPool(host='gpu03', port=9002): Read timed out.",0,56.69694568066818
239,2026-09-19T05:46:59.002+00:00,2026-09-19T05:51:59.016+00:00,2026-09-19T05:51:59.016+00:00,False,1,0.0,,0.0,300013.81177,300013.81177,300013.81177,300013.81177,300013.81177,300013.81177,nan,300013.81177,nan,nan,0.0,15,64,,True,False,"HTTPConnectionPool(host='gpu03', port=9002): Read timed out.",0,56.69694568066818
240,2026-09-19T05:46:59.492+00:00,2026-09-19T05:51:59.311+00:00,2026-09-19T05:51:59.522+00:00,False,4,3.0,,3.0,299819.418493,300030.21452499996,300030.214546,75007.5536365,0.02051,299819.418493,149874.5849865647,254863.68114474998,70.265344,61.512936794485505,0.009998992950591734,15,64,,True,False,Request timeout: 300.0s exceeded,11,56.69694568066818
241,2026-09-19T05:46:59.870+00:00,2026-09-19T05:51:59.949+00:00,2026-09-19T05:51:59.949+00:00,False,1,0.0,,0.0,300079.428504,300079.428504,300079.428504,300079.428504,300079.428504,300079.428504,nan,300079.428504,nan,nan,0.0,15,64,,True,False,"HTTPConnectionPool(host='gpu03', port=9002): Read timed out.",0,56.69694568066818
242,2026-09-19T05:47:00.175+00:00,2026-09-19T05:52:00.222+00:00,2026-09-19T05:52:00.222+00:00,False,1,0.0,,0.0,300046.630509,300046.630509,300046.630509,300046.630509,300046.630509,300046.630509,nan,300046.630509,nan,nan,0.0,15,64,,True,False,"HTTPConnectionPool(host='gpu03', port=9002): Read timed out.",0,56.69694568066818
243,2026-09-19T05:47:00.547+00:00,2026-09-19T05:52:00.555+00:00,2026-09-19T05:52:00.663+00:00,False,3,2.0,,2.0,300007.488444,300115.50534000003,300115.505238,100038.50174600001,0.04084,300007.488444,173178.2308584595,270017.53719500004,54.008448,76.32155345680725,0.006664100869211024,15,64,,True,False,Request timeout: 300.0s exceeded,4,56.69694568066818
244,2026-09-19T05:47:00.850+00:00,2026-09-19T05:52:00.803+00:00,2026-09-19T05:52:00.911+00:00,False,3,2.0,,2.0,299952.10480699997,300060.43709499994,300060.43708999996,100020.14569666666,0.04568,299952.10480699997,173146.1640761826,269967.7229866,54.166144,76.53769054397186,0.006665323890622724,15,64,,True,False,Request timeout: 300.0s exceeded,3,56.69694568066818
245,2026-09-19T05:47:01.182+00:00,2026-09-19T05:52:01.130+00:00,2026-09-19T05:52:01.244+00:00,False,3,2.0,,2.0,299948.06825,300061.799322,300061.79953,100020.59984333334,0.046490000000000004,299948.06825,173142.27587749859,269964.62990400003,56.865536,80.35448324318936,0.006665293631242194,15,64,,True,False,Request timeout: 300.0s exceeded,3,56.69694568066818
246,2026-09-19T05:47:01.598+00:00,2026-09-19T05:52:01.682+00:00,2026-09-19T05:52:01.682+00:00,False,1,0.0,,0.0,300084.531598,300084.531598,300084.531598,300084.531598,300084.531598,300084.531598,nan,300084.531598,nan,nan,0.0,15,64,,True,False,"HTTPConnectionPool(host='gpu03', port=9002): Read timed out.",0,56.69694568066818
247,2026-09-19T05:47:01.962+00:00,2026-09-19T05:52:02.037+00:00,2026-09-19T05:52:02.037+00:00,False,1,0.0,,0.0,300074.661362,300074.661362,300074.661362,300074.661362,300074.661362,300074.661362,nan,300074.661362,nan,nan,0.0,15,64,,True,False,"HTTPConnectionPool(host='gpu03', port=9002): Read timed out.",0,56.69694568066818
248,2026-09-19T05:47:02.401+00:00,2026-09-19T05:52:02.335+00:00,2026-09-19T05:52:02.461+00:00,False,3,2.0,,2.0,299934.473749,300060.424213,300060.424269,100020.141423,0.02298,299934.473749,173130.90181998804,269953.6191281,62.975232,89.02820574618701,0.006665324176774096,15,64,,True,False,Request timeout: 300.0s exceeded,15,56.69694568066818
249,2026-09-19T05:47:02.749+00:00,2026-09-19T05:52:02.459+00:00,2026-09-19T05:52:02.786+00:00,False,6,5.0,,5.0,299710.19365,300037.74641799997,300037.74632599996,50006.29105433333,0.03731,299710.19365,122329.43884552574,224818.52104199998,65.5105536,53.09310894741996,0.016664569907261634,15,64,,True,False,Request timeout: 300.0s exceeded,19,56.69694568066818
250,2026-09-19T05:47:03.039+00:00,2026-09-19T05:52:02.602+00:00,2026-09-19T05:52:02.994+00:00,True,7,7.0,,7.0,299562.533831,299955.04045499995,299955.040477,42850.72006814285,49.880098,299562.533831,113199.27168513491,209725.5349034,65.41777066666667,23.58223451285482,0.02333683071096836,15,64,,True,True,,31,56.69694568066818
251,2026-09-19T05:47:03.338+00:00,2026-09-19T05:52:03.461+00:00,2026-09-19T05:52:03.461+00:00,False,1,0.0,,0.0,300122.951792,300122.951792,300122.951792,300122.951792,300122.951792,300122.951792,nan,300122.951792,nan,nan,0.0,15,64,,True,False,"HTTPConnectionPool(host='gpu03', port=9002): Read timed out.",0,56.69694568066818
252,2026-09-19T05:47:03.776+00:00,2026-09-19T05:52:03.935+00:00,2026-09-19T05:52:04.945+00:00,False,11,10.0,,10.0,300159.288383,301169.377599,301169.377772,27379.03434290909,0.06013,300159.288383,90470.9826572701,150154.1960635,101.0089216,38.49401620806777,0.03320390698324837,15,64,,True,False,Request timeout: 300.0s exceeded,30,56.69694568066818
253,2026-09-19T05:47:04.154+00:00,2026-09-19T05:52:04.081+00:00,2026-09-19T05:52:05.053+00:00,False,11,10.0,,10.0,299926.664953,300898.86360900005,300898.86359400005,27354.442144909095,0.02407,299926.664953,90401.9853335479,150027.2183645,97.21986559999999,35.29442839928476,0.03323375794796752,15,64,,True,False,Request timeout: 300.0s exceeded,45,56.69694568066818
254,2026-09-19T05:47:04.659+00:00,2026-09-19T05:52:04.637+00:00,2026-09-19T05:52:05.151+00:00,False,7,6.0,,6.0,299978.08474,300491.4377,300491.437469,42927.34820985715,0.02518,299978.08474,113348.72704677924,210017.0338945,85.55882666666668,42.10206561532597,0.01996729106800769,15,64,,True,False,Request timeout: 300.0s exceeded,17,56.69694568066818
255,2026-09-19T05:47:04.957+00:00,2026-09-19T05:52:05.281+00:00,2026-09-19T05:52:05.281+00:00,False,1,0.0,,0.0,300324.61847600003,300324.61847600003,300324.61847600003,300324.61847600003,300324.61847600003,300324.61847600003,nan,300324.61847600003,nan,nan,0.0,15,64,,True,False,"HTTPConnectionPool(host='gpu03', port=9002): Read timed out.",0,56.69694568066818
256,2026-09-19T05:47:05.447+00:00,2026-09-19T05:52:05.536+00:00,2026-09-19T05:52:05.536+00:00,False,1,0.0,,0.0,300088.704012,300088.704012,300088.704012,300088.704012,300088.704012,300088.704012,nan,300088.704012,nan,nan,0.0,15,64,,True,False,"HTTPConnectionPool(host='gpu03', port=9002): Read timed out.",0,56.69694568066818
257,2026-09-19T05:47:05.822+00:00,2026-09-19T05:52:05.853+00:00,2026-09-19T05:52:05.853+00:00,False,1,0.0,,0.0,300031.62754,300031.62754,300031.62754,300031.62754,300031.62754,300031.62754,nan,300031.62754,nan,nan,0.0,15,64,,True,False,"HTTPConnectionPool(host='gpu03', port=9002): Read timed out.",0,56.69694568066818
258,2026-09-19T05:47:06.110+00:00,2026-09-19T05:52:06.169+00:00,2026-09-19T05:52:06.169+00:00,False,1,0.0,,0.0,300059.261299,300059.261299,300059.261299,300059.261299,300059.261299,300059.261299,nan,300059.261299,nan,nan,0.0,15,64,,True,False,"HTTPConnectionPool(host='gpu03', port=9002): Read timed out.",0,56.69694568066818
259,2026-09-19T05:47:06.617+00:00,2026-09-19T05:52:06.546+00:00,2026-09-19T05:52:06.650+00:00,False,3,2.0,,2.0,299928.980453,300032.602597,300032.60259799997,100010.86753266667,0.0259,299928.980453,173134.1722102383,269946.44203220005,51.811072,73.2353547976202,0.006665942243238062,15,64,,True,False,Request timeout: 300.0s exceeded,3,56.69694568066818
260,2026-09-19T05:47:07.037+00:00,2026-09-19T05:52:06.646+00:00,2026-09-19T05:52:07.046+00:00,False,8,7.0,,7.0,299609.226092,300009.113964,300009.11416,37501.13927,0.03511,299609.226092,105907.6648002368,194780.21582595003,57.12683885714286,33.198024583203356,0.02333262449100121,15,64,,True,False,Request timeout: 300.0s exceeded,45,56.69694568066818
261,2026-09-19T05:47:07.467+00:00,2026-09-19T05:52:07.567+00:00,2026-09-19T05:52:07.567+00:00,False,1,0.0,,0.0,300100.704396,300100.704396,300100.704396,300100.704396,300100.704396,300100.704396,nan,300100.704396,nan,nan,0.0,15,64,,True,False,"HTTPConnectionPool(host='gpu03', port=9002): Read timed out.",0,56.69694568066818
262,2026-09-19T05:47:07.913+00:00,2026-09-19T05:52:07.989+00:00,2026-09-19T05:52:07.989+00:00,False,1,0.0,,0.0,300076.639986,300076.639986,300076.639986,300076.639986,300076.639986,300076.639986,nan,300076.639986,nan,nan,0.0,15,64,,True,False,TTFT timeout: 300.0s exceeded (TTFT: 300.071s),0,56.69694568066818
263,2026-09-19T05:47:08.391+00:00,2026-09-19T05:52:08.271+00:00,2026-09-19T05:52:08.508+00:00,False,4,3.0,,3.0,299880.067046,300117.04189399997,300117.042073,75029.26051825,0.02209,299880.067046,149900.54809698794,254916.16608904998,78.991616,68.4267108218304,0.009996100125029179,15,64,,True,False,Request timeout: 300.0s exceeded,14,56.69694568066818
264,2026-09-19T05:47:08.771+00:00,2026-09-19T05:52:08.507+00:00,2026-09-19T05:52:08.864+00:00,False,6,5.0,,5.0,299735.561488,300092.919312,300092.91929999995,50015.486549999994,0.06778,299735.561488,122337.35948581914,224828.32389299996,71.4715648,46.468710225923544,0.016661506081060214,15,64,,True,False,Request timeout: 300.0s exceeded,23,56.69694568066818
265,2026-09-19T05:47:09.085+00:00,2026-09-19T05:52:09.148+00:00,2026-09-19T05:52:09.148+00:00,False,1,0.0,,0.0,300062.19681,300062.19681,300062.19681,300062.19681,300062.19681,300062.19681,nan,300062.19681,nan,nan,0.0,15,64,,True,False,"HTTPConnectionPool(host='gpu03', port=9002): Read timed out.",0,56.69694568066818
266,2026-09-19T05:47:09.425+00:00,2026-09-19T05:52:09.466+00:00,2026-09-19T05:52:09.466+00:00,False,1,0.0,,0.0,300040.378386,300040.378386,300040.378386,300040.378386,300040.378386,300040.378386,nan,300040.378386,nan,nan,0.0,15,64,,True,False,TTFT timeout: 300.0s exceeded (TTFT: 300.034s),0,56.69694568066818
267,2026-09-19T05:47:09.716+00:00,2026-09-19T05:52:09.729+00:00,2026-09-19T05:52:09.729+00:00,False,1,0.0,,0.0,300012.168323,300012.168323,300012.168323,300012.168323,300012.168323,300012.168323,nan,300012.168323,nan,nan,0.0,15,64,,True,False,"HTTPConnectionPool(host='gpu03', port=9002): Read timed out.",0,56.69694568066818
268,2026-09-19T05:47:10.131+00:00,2026-09-19T05:52:09.994+00:00,2026-09-19T05:52:10.205+00:00,False,4,3.0,,3.0,299862.215855,300074.146479,300074.146535,75018.53663375,0.02325,299862.215855,149895.7944883729,254899.25943305006,70.64354133333333,61.24381319830193,0.009997529061404655,15,64,,True,False,Request timeout: 300.0s exceeded,6,56.69694568066818
269,2026-09-19T05:47:10.521+00:00,2026-09-19T05:52:10.600+00:00,2026-09-19T05:52:10.600+00:00,False,1,0.0,,0.0,300078.336221,300078.336221,300078.336221,300078.336221,300078.336221,300078.336221,nan,300078.336221,nan,nan,0.0,15,64,,True,False,"HTTPConnectionPool(host='gpu03', port=9002): Read timed out.",0,56.69694568066818
270,2026-09-19T05:47:10.987+00:00,2026-09-19T05:52:11.086+00:00,2026-09-19T05:52:11.086+00:00,False,1,0.0,,0.0,300099.103357,300099.103357,300099.103357,300099.103357,300099.103357,300099.103357,nan,300099.103357,nan,nan,0.0,15,64,,True,False,TTFT timeout: 300.0s exceeded (TTFT: 300.090s),0,56.69694568066818
271,2026-09-19T05:47:11.398+00:00,2026-09-19T05:52:11.360+00:00,2026-09-19T05:52:11.507+00:00,False,3,2.0,,2.0,299961.656,300108.990912,300108.991118,100036.33037266668,0.02755,299961.656,173140.42651341535,269980.2211568,73.667456,104.1427772428227,0.006664245526007761,15,64,,True,False,Request timeout: 300.0s exceeded,14,56.69694568066818
272,2026-09-19T05:47:11.748+00:00,2026-09-19T05:52:11.634+00:00,2026-09-19T05:52:11.836+00:00,False,4,3.0,,3.0,299886.098996,300087.361588,300087.361622,75021.8404055,0.02477,299886.098996,149909.5132966882,254919.11541995005,67.08753066666667,58.346363641940236,0.009997088794825023,15,64,,True,False,Request timeout: 300.0s exceeded,11,56.69694568066818
273,2026-09-19T05:47:12.190+00:00,2026-09-19T05:52:12.246+00:00,2026-09-19T05:52:12.246+00:00,False,1,0.0,,0.0,300056.05911900004,300056.05911900004,300056.05911900004,300056.05911900004,300056.05911900004,300056.05911900004,nan,300056.05911900004,nan,nan,0.0,15,64,,True,False,"HTTPConnectionPool(host='gpu03', port=9002): Read timed out.",0,56.69694568066818
274,2026-09-19T05:47:12.719+00:00,2026-09-19T05:52:12.777+00:00,2026-09-19T05:52:12.777+00:00,False,1,0.0,,0.0,300058.294096,300058.294096,300058.294096,300058.294096,300058.294096,300058.294096,nan,300058.294096,nan,nan,0.0,15,64,,True,False,"HTTPConnectionPool(host='gpu03', port=9002): Read timed out.",0,56.69694568066818
275,2026-09-19T05:47:13.089+00:00,2026-09-19T05:52:13.097+00:00,2026-09-19T05:52:13.219+00:00,False,3,2.0,,2.0,300007.43040899996,300129.39444099995,300129.39433999994,100043.13144666665,0.03904,300007.43040899996,173174.1734747512,270018.87985719997,60.982016,86.18656420991401,0.00666379247432615,15,64,,True,False,Request timeout: 300.0s exceeded,7,56.69694568066818
276,2026-09-19T05:47:13.532+00:00,2026-09-19T05:52:13.357+00:00,2026-09-19T05:52:13.566+00:00,False,4,3.0,,3.0,299824.73973900004,300033.88815500005,300033.88825600006,75008.47206400002,0.02199,299824.73973900004,149877.52003388348,254867.93883825003,69.71613866666667,60.90738917071804,0.009998870522419703,15,64,,True,False,Request timeout: 300.0s exceeded,9,56.69694568066818
277,2026-09-19T05:47:13.836+00:00,2026-09-19T05:52:13.716+00:00,2026-09-19T05:52:13.922+00:00,False,4,3.0,,3.0,299879.700991,300085.583103,300085.583165,75021.39579125,0.05136,299879.700991,149905.54464646056,254913.38184745,68.62737066666668,59.40325874324961,0.009997148043497623,15,64,,True,False,Request timeout: 300.0s exceeded,14,56.69694568066818
278,2026-09-19T05:47:14.134+00:00,2026-09-19T05:52:14.239+00:00,2026-09-19T05:52:14.239+00:00,False,1,0.0,,0.0,300104.358685,300104.358685,300104.358685,300104.358685,300104.358685,300104.358685,nan,300104.358685,nan,nan,0.0,15,64,,True,False,"HTTPConnectionPool(host='gpu03', port=9002): Read timed out.",0,56.69694568066818
279,2026-09-19T05:47:14.537+00:00,2026-09-19T05:52:14.643+00:00,2026-09-19T05:52:14.643+00:00,False,1,0.0,,0.0,300105.516548,300105.516548,300105.516548,300105.516548,300105.516548,300105.516548,nan,300105.516548,nan,nan,0.0,15,64,,True,False,TTFT timeout: 300.0s exceeded (TTFT: 300.096s),0,56.69694568066818
280,2026-09-19T05:47:15.034+00:00,2026-09-19T05:52:14.915+00:00,2026-09-19T05:52:15.024+00:00,True,2,2.0,,2.0,299880.317225,299989.194793,299989.19459800003,149994.59729900002,108.877373,299880.317225,211970.41792540447,284891.7452324,108.877568,nan,0.006666906791026422,15,64,,True,True,,5,56.69694568066818
281,2026-09-19T05:47:15.487+00:00,2026-09-19T05:52:15.253+00:00,2026-09-19T05:52:15.553+00:00,False,5,4.0,,4.0,299765.856167,300065.78832700005,300065.78816,60013.157632,0.0847,299765.856167,134025.83994683126,239833.3630606,74.98304,50.0842568948232,0.013330410048748893,15,64,,True,False,Request timeout: 300.0s exceeded,22,56.69694568066818
282,2026-09-19T05:47:15.922+00:00,2026-09-19T05:52:16.026+00:00,2026-09-19T05:52:16.026+00:00,False,1,0.0,,0.0,300103.91684799996,300103.91684799996,300103.91684799996,300103.91684799996,300103.91684799996,300103.91684799996,nan,300103.91684799996,nan,nan,0.0,15,64,,True,False,"HTTPConnectionPool(host='gpu03', port=9002): Read timed out.",0,56.69694568066818
283,2026-09-19T05:47:16.338+00:00,2026-09-19T05:52:16.392+00:00,2026-09-19T05:52:16.392+00:00,False,1,0.0,,0.0,300053.212987,300053.212987,300053.212987,300053.212987,300053.212987,300053.212987,nan,300053.212987,nan,nan,0.0,15,64,,True,False,TTFT timeout: 300.0s exceeded (TTFT: 300.042s),0,56.69694568066818
284,2026-09-19T05:47:17.493+00:00,2026-09-19T05:52:16.659+00:00,2026-09-19T05:52:17.636+00:00,False,12,11.0,,11.0,299165.696529,300143.031569,300143.031607,25011.919300583333,0.026260000000000002,299165.696529,86336.05541344271,134687.31472555,88.84864,34.02723806910589,0.03664919336123653,15,64,,True,False,Request timeout: 300.0s exceeded,34,56.69694568066818
285,2026-09-19T05:47:17.526+00:00,2026-09-19T05:52:16.769+00:00,2026-09-19T05:52:17.868+00:00,False,13,12.0,,12.0,299242.490037,300342.11397299997,300342.114174,23103.239551846153,0.040729999999999995,299242.490037,82969.52557899065,119777.53563479999,91.635328,34.77319662479079,0.03995443676300011,15,64,,True,False,Request timeout: 300.0s exceeded,44,56.69694568066818
286,2026-09-19T05:47:17.707+00:00,2026-09-19T05:52:17.534+00:00,2026-09-19T05:52:17.868+00:00,False,5,4.0,,4.0,299826.83252999996,300160.88820999995,300160.88821999996,60032.17764399999,0.04521,299826.83252999996,134049.29640863166,239887.52547799997,83.51392,57.24439449784565,0.013326186578983941,15,64,,True,False,Request timeout: 300.0s exceeded,13,56.69694568066818
287,2026-09-19T05:47:18.115+00:00,2026-09-19T05:52:18.129+00:00,2026-09-19T05:52:18.129+00:00,False,1,0.0,,0.0,300013.98548699997,300013.98548699997,300013.98548699997,300013.98548699997,300013.98548699997,300013.98548699997,nan,300013.98548699997,nan,nan,0.0,15,64,,True,False,"HTTPConnectionPool(host='gpu03', port=9002): Read timed out.",0,56.69694568066818
288,2026-09-19T05:47:18.437+00:00,2026-09-19T05:52:18.537+00:00,2026-09-19T05:52:18.537+00:00,False,1,0.0,,0.0,300099.874118,300099.874118,300099.874118,300099.874118,300099.874118,300099.874118,nan,300099.874118,nan,nan,0.0,15,64,,True,False,"HTTPConnectionPool(host='gpu03', port=9002): Read timed out.",0,56.69694568066818
289,2026-09-19T05:47:18.727+00:00,2026-09-19T05:52:18.773+00:00,2026-09-19T05:52:18.773+00:00,False,1,0.0,,0.0,300046.674937,300046.674937,300046.674937,300046.674937,300046.674937,300046.674937,nan,300046.674937,nan,nan,0.0,15,64,,True,False,"HTTPConnectionPool(host='gpu03', port=9002): Read timed out.",0,56.69694568066818
290,2026-09-19T05:47:19.162+00:00,2026-09-19T05:52:19.143+00:00,2026-09-19T05:52:20.484+00:00,False,16,15.0,,15.0,299980.821291,301322.117931,301322.117855,18832.6323659375,0.021070000000000002,299980.821291,74972.87024107347,75185.01260625,89.419776,56.48720674495344,0.04978061385933462,15,64,,True,False,Request timeout: 300.0s exceeded,36,56.69694568066818
291,2026-09-19T05:47:19.662+00:00,2026-09-19T05:52:19.396+00:00,2026-09-19T05:52:20.582+00:00,False,16,15.0,,15.0,299734.092102,300919.943494,300919.94339800003,18807.496462375002,0.02232,299734.092102,74913.76616586607,75013.83709500001,79.05675946666666,34.299611551363945,0.04984714481145409,15,64,,True,False,Request timeout: 300.0s exceeded,74,56.69694568066818
292,2026-09-19T05:47:20.036+00:00,2026-09-19T05:52:20.275+00:00,2026-09-19T05:52:20.686+00:00,False,6,5.0,,5.0,300238.494061,300649.969517,300649.96944,50108.32824,0.037069000000000005,300238.494061,122538.26201271538,225204.89088674998,82.2950912,45.99214029768046,0.016630635313326644,15,64,,True,False,Request timeout: 300.0s exceeded,20,56.69694568066818
293,2026-09-19T05:47:20.536+00:00,2026-09-19T05:52:20.768+00:00,2026-09-19T05:52:20.768+00:00,False,1,0.0,,0.0,300231.846972,300231.846972,300231.846972,300231.846972,300231.846972,300231.846972,nan,300231.846972,nan,nan,0.0,15,64,,True,False,"HTTPConnectionPool(host='gpu03', port=9002): Read timed out.",0,56.69694568066818
0,2026-09-19T05:45:20.782+00:00,2026-09-19T05:45:21.011+00:00,2026-09-19T05:45:27.000+00:00,True,66,66.0,,66.0,228.602442,6217.677898,6217.677828,94.20723981818182,31.948306,228.602442,29.32729143095146,108.690422,92.13962240000001,24.227397141590725,10.614895316663121,16,64,,False,True,,304,56.69694568066818
1,2026-09-19T05:45:21.248+00:00,2026-09-19T05:45:21.447+00:00,2026-09-19T05:45:21.847+00:00,True,5,5.0,,5.0,198.39397200000002,598.3376519999999,598.337741,119.66754820000001,94.21480100000001,198.39397200000002,44.26256623964771,179.79243660000003,99.98592,5.458642387716076,8.356485645332581,16,64,,False,True,,23,56.69694568066818
2,2026-09-19T05:45:21.688+00:00,2026-09-19T05:45:22.306+00:00,2026-09-19T05:45:25.177+00:00,True,31,31.0,,31.0,617.80638,3489.652524,3489.65241,112.56943258064516,46.267782,617.80638,95.96656558068119,110.49947250000001,95.7282048,20.773210369139893,8.883405951394375,16,64,,False,True,,77,56.69694568066818
3,2026-09-19T05:45:22.109+00:00,2026-09-19T05:45:25.550+00:00,2026-09-19T05:45:27.310+00:00,True,19,19.0,,19.0,3441.589793,5201.552673,5201.552823,273.7659380526316,48.580256,3441.589793,767.5079796529743,482.3823491,97.77571555555555,24.99295313133501,3.6527554740768844,16,64,,False,True,,107,56.69694568066818
4,2026-09-19T05:45:22.776+00:00,2026-09-19T05:45:29.327+00:00,2026-09-19T05:45:32.408+00:00,True,32,32.0,,32.0,6551.254399,9631.363967000001,9631.364083,300.98012759375,51.30883,6551.254399,1140.6669433666393,128.00527555,99.35837316129032,16.96436230826513,3.322478530521927,16,64,,False,True,,146,56.69694568066818
5,2026-09-19T05:45:23.173+00:00,2026-09-19T05:45:31.328+00:00,2026-09-19T05:45:40.460+00:00,True,94,94.0,,94.0,8155.414571,17287.432747,17287.432874000002,183.90886036170212,0.0,8155.414571,832.2901813653453,177.02067309999998,98.193743827957,45.8689416156868,5.437475961623766,16,64,,False,True,,432,56.69694568066818
6,2026-09-19T05:45:23.768+00:00,2026-09-19T05:45:34.200+00:00,2026-09-19T05:45:37.115+00:00,True,29,29.0,,29.0,10431.971807,13347.729119,13347.728903,460.2665138965517,0.0,10431.971807,1918.4176513153247,251.6484994,104.13418971428571,48.29805442491849,2.1726542201639054,16,64,,False,True,,124,56.69694568066818
7,2026-09-19T05:45:24.361+00:00,2026-09-19T05:45:37.492+00:00,2026-09-19T05:45:38.209+00:00,True,9,9.0,,9.0,13130.09507,13847.29955,13847.299487999999,1538.588832,46.191172,13130.09507,4346.8914579711245,7924.760701199999,89.65056,27.590901490594323,0.6499462200194839,16,64,,False,True,,32,56.69694568066818
8,2026-09-19T05:45:24.828+00:00,2026-09-19T05:45:39.799+00:00,2026-09-19T05:45:41.483+00:00,True,18,18.0,,18.0,14971.357,16654.978376,16654.978597,925.2765887222222,50.457921999999996,14971.357,3505.46286589826,2340.00250835,99.03655152941177,13.18057871417806,1.0807579327715124,16,64,,False,True,,64,56.69694568066818
9,2026-09-19T05:45:25.487+00:00,2026-09-19T05:45:43.644+00:00,2026-09-19T05:45:45.025+00:00,True,15,15.0,,15.0,18156.833098000003,19538.219338000003,19538.219279000004,1302.5479519333335,47.725009,18156.833098000003,4662.622140720823,5526.2578806,98.67044571428572,15.715123537069886,0.7677260522317102,16,64,,False,True,,68,56.69694568066818
10,2026-09-19T05:45:25.897+00:00,2026-09-19T05:45:46.346+00:00,2026-09-19T05:45:52.213+00:00,True,60,60.0,,60.0,20448.498438000002,26315.766278000003,26315.766038,438.5961006333334,0.0,20448.498438000002,2627.921166923615,129.96926325,99.44521762711865,68.18361086411205,2.2800020096758513,16,64,,False,True,,213,56.69694568066818
11,2026-09-19T05:45:26.285+00:00,2026-09-19T05:45:48.451+00:00,2026-09-19T05:45:49.997+00:00,True,16,16.0,,16.0,22166.220187,23711.930523,23711.930506,1481.995656625,0.0,22166.220187,5516.44524713133,5829.7444105,103.04735573333333,87.79110020268936,0.6747658097462957,16,64,,False,True,,69,56.69694568066818
12,2026-09-19T05:45:26.895+00:00,2026-09-19T05:45:51.662+00:00,2026-09-19T05:45:55.924+00:00,True,45,45.0,,45.0,24766.766946,29028.762466,29028.762416,645.0836092444445,0.0,24766.766946,3678.612269636601,381.4872546,96.86353454545454,88.48649317419306,1.5501866485940055,16,64,,False,True,,201,56.69694568066818
13,2026-09-19T05:45:27.424+00:00,2026-09-19T05:45:54.429+00:00,2026-09-19T05:45:56.236+00:00,True,22,22.0,,22.0,27005.551561,28812.122825,28812.122812,1309.641946,45.281454,27005.551561,5739.318590041134,111.68411449999999,86.02720304761904,26.144497689457058,0.763567479342786,16,64,,False,True,,98,56.69694568066818
14,2026-09-19T05:45:27.925+00:00,2026-09-19T05:45:56.961+00:00,2026-09-19T05:46:01.235+00:00,True,45,45.0,,45.0,29035.92586,33309.32874,33309.328904,740.2073089777778,0.0,29035.92586,4314.636522046135,117.33649119999998,97.12279272727274,78.30461553837935,1.3509728866424464,16,64,,False,True,,152,56.69694568066818
15,2026-09-19T05:45:28.505+00:00,2026-09-19T05:46:00.814+00:00,2026-09-19T05:46:04.998+00:00,True,42,42.0,,42.0,32308.889483,36493.399179,36493.399027,868.8904530238095,50.598672,32308.889483,4969.643968119877,111.50377904999999,102.06121209756097,15.131291173799452,1.1508930640851005,16,64,,False,True,,192,56.69694568066818
16,2026-09-19T05:45:29.185+00:00,2026-09-19T05:46:04.199+00:00,2026-09-19T05:46:04.789+00:00,True,7,7.0,,7.0,35013.704883,35603.612339,35603.612269,5086.230324142857,58.511394,35013.704883,13196.787932959931,24542.3193579,98.31790933333333,19.569223790294174,0.19660926350251934,16,64,,False,True,,20,56.69694568066818
17,2026-09-19T05:45:29.558+00:00,2026-09-19T05:46:06.522+00:00,2026-09-19T05:46:13.076+00:00,True,68,68.0,,68.0,36963.722030000004,43517.95153400001,43517.951432,639.9698740000001,0.0,36963.722030000004,4471.932043164372,111.5660189,97.82432095522387,108.01752966388767,1.5625735496045234,16,64,,False,True,,326,56.69694568066818
18,2026-09-19T05:45:30.185+00:00,2026-09-19T05:46:09.259+00:00,2026-09-19T05:46:11.541+00:00,True,24,24.0,,24.0,39073.677085,41356.153117,41356.153008,1723.1730420000001,92.94401300000001,39073.677085,7955.624887594772,105.86462264999999,99.23808834782609,3.7392335088080992,0.580324768894776,16,64,,False,True,,124,56.69694568066818
19,2026-09-19T05:45:30.604+00:00,2026-09-19T05:46:11.249+00:00,2026-09-19T05:46:13.374+00:00,True,23,23.0,,23.0,40644.568566,42769.666038,42769.666016,1859.5506963478263,0.0,40644.568566,8456.108382906981,675.7375632,96.59533963636365,150.08748652962268,0.5377643112659555,16,64,,False,True,,80,56.69694568066818
20,2026-09-19T05:45:31.036+00:00,2026-09-19T05:46:13.671+00:00,2026-09-19T05:46:17.012+00:00,True,37,37.0,,37.0,42634.142981,45976.105988999996,45976.105847,1242.5974553243243,36.292956,42634.142981,6993.781766502348,113.291258,92.83230577777778,21.91190016822506,0.8047658496535662,16,64,,False,True,,109,56.69694568066818
21,2026-09-19T05:45:31.714+00:00,2026-09-19T05:46:17.335+00:00,2026-09-19T05:46:21.481+00:00,True,42,42.0,,42.0,45620.534706,49767.109553999995,49767.109437,1184.9311770714285,0.0,45620.534706,7024.468641156528,113.98403210000001,101.13597190243902,98.43679549113477,0.8439308687282258,16,64,,False,True,,106,56.69694568066818
22,2026-09-19T05:45:32.324+00:00,2026-09-19T05:46:20.792+00:00,2026-09-19T05:46:22.792+00:00,True,20,20.0,,20.0,48468.776310999994,50468.32421499999,50468.32417299999,2523.4162086499996,0.01643,48468.776310999994,10816.323940655144,3319.13950785,105.23936336842105,208.73785388413728,0.39628817304886216,16,64,,False,True,,89,56.69694568066818
23,2026-09-19T05:45:32.894+00:00,2026-09-19T05:46:24.233+00:00,2026-09-19T05:46:26.596+00:00,True,23,23.0,,23.0,51338.734926,53701.762638,53701.762656,2334.859245913043,98.34769100000001,51338.734926,10682.47097493087,118.53612620000001,107.41035054545455,5.496735055783472,0.42829134222355913,16,64,,False,True,,103,56.69694568066818
24,2026-09-19T05:45:33.448+00:00,2026-09-19T05:46:27.149+00:00,2026-09-19T05:46:37.025+00:00,True,98,98.0,,98.0,53701.266089000004,63577.16932100001,63577.169322,648.7466257346939,0.0,53701.266089000004,5414.922831327085,114.47188840000001,101.8134353814433,78.31253528595468,1.5414338361810311,16,64,,False,True,,441,56.69694568066818
25,2026-09-19T05:45:34.041+00:00,2026-09-19T05:46:30.344+00:00,2026-09-19T05:46:36.255+00:00,True,58,58.0,,58.0,56302.841036,62213.418187999996,62213.41811,1072.6451398275863,44.875535000000006,56302.841036,7379.322509801357,115.56444385,103.694336,13.988874149849392,0.9322747678761573,16,64,,False,True,,337,56.69694568066818
26,2026-09-19T05:45:34.715+00:00,2026-09-19T05:46:34.085+00:00,2026-09-19T05:46:35.616+00:00,True,16,16.0,,16.0,59370.308429,60901.672268999995,60901.672297,3806.3545185625,45.986552,59370.308429,14817.062268210244,14926.707634999999,102.09092266666667,15.829730287916606,0.26271856590946646,16,64,,False,True,,64,56.69694568066818
27,2026-09-19T05:45:35.308+00:00,2026-09-19T05:46:37.731+00:00,2026-09-19T05:46:37.798+00:00,True,4,4.0,,4.0,62423.636927,62490.171839,62490.171671,15622.54291775,0.01849,62423.636927,31200.745071029065,53070.064566049994,22.178304,38.37337812029668,0.06401006561968849,16,64,,False,True,,9,56.69694568066818
28,2026-09-19T05:45:35.814+00:00,2026-09-19T05:46:40.222+00:00,2026-09-19T05:46:41.906+00:00,True,18,18.0,,18.0,64407.371935999996,66091.97276799999,66091.97276399999,3671.7762646666665,48.324536,64407.371935999996,15157.618826441156,9760.4916715,99.09416658823528,19.980251975379336,0.27234774884364066,16,64,,False,True,,116,56.69694568066818
29,2026-09-19T05:45:36.267+00:00,2026-09-19T05:46:42.715+00:00,2026-09-19T05:46:45.685+00:00,True,31,31.0,,31.0,66447.601893,69418.188517,69418.188354,2239.296398516129,47.062459000000004,66447.601893,11916.570288739022,114.26464700000001,99.01955413333334,17.98385071173267,0.44656884113892326,16,64,,False,True,,118,56.69694568066818
30,2026-09-19T05:45:37.103+00:00,2026-09-19T05:46:46.569+00:00,2026-09-19T05:46:47.454+00:00,True,11,11.0,,11.0,69465.42800900001,70350.369577,70350.36964300001,6395.488149363638,47.318638,69465.42800900001,20917.9461748339,34788.537219000005,88.4941568,25.11410776909802,0.1563602304599162,16,64,,False,True,,35,56.69694568066818
31,2026-09-19T05:45:37.573+00:00,2026-09-19T05:46:49.432+00:00,2026-09-19T05:46:52.902+00:00,True,35,35.0,,35.0,71859.359835,75328.94677899999,75328.946785,2152.2556224285713,0.0,71859.359835,12130.378531156355,479.48063219999995,102.0466748235294,171.65206547509283,0.4646288245962468,16,64,,False,True,,196,56.69694568066818
32,2026-09-19T05:45:38.170+00:00,2026-09-19T05:46:52.453+00:00,2026-09-19T05:46:57.446+00:00,True,50,50.0,,50.0,74282.89235,79275.88307,79275.88317599999,1585.5176635199998,0.01729,74282.89235,10491.432566151276,190.5095682,101.89776979591836,118.51070019252428,0.6307088368331436,16,64,,False,True,,290,56.69694568066818
33,2026-09-19T05:45:38.646+00:00,2026-09-19T05:46:55.731+00:00,2026-09-19T05:47:04.897+00:00,True,99,99.0,,99.0,77085.419827,86251.02648300001,86251.026625,871.2224911616162,0.0,77085.419827,7738.882974340171,114.704128,93.52659853061225,119.06015790025883,1.147812426551385,16,64,,False,True,,444,56.69694568066818
34,2026-09-19T05:45:39.248+00:00,2026-09-19T05:46:58.568+00:00,2026-09-19T05:47:02.363+00:00,True,38,38.0,,38.0,79319.31785699999,83115.14019299998,83115.14025099999,2187.2405329210524,49.918742,79319.31785699999,12850.65934901967,112.57530965000002,102.58979286486488,15.542748702822681,0.45719708721853763,16,64,,False,True,,123,56.69694568066818
35,2026-09-19T05:45:39.851+00:00,2026-09-19T05:47:02.461+00:00,2026-09-19T05:47:04.852+00:00,True,24,24.0,,24.0,82610.081146,85000.29682599999,85000.29675,3541.6790312499998,0.0,82610.081146,16843.152322616148,1026.55438955,103.92242086956522,241.28523067704356,0.28235195518351236,16,64,,False,True,,124,56.69694568066818
36,2026-09-19T05:45:40.526+00:00,2026-09-19T05:47:06.135+00:00,2026-09-19T05:47:11.588+00:00,True,56,56.0,,56.0,85608.760993,91061.98134500001,91061.981529,1626.1068130178571,45.411713000000006,85608.760993,11426.713631700099,111.6921585,99.14946094545455,16.106743278916213,0.6149657537961624,16,64,,False,True,,245,56.69694568066818
37,2026-09-19T05:45:40.950+00:00,2026-09-19T05:47:08.739+00:00,2026-09-19T05:47:17.638+00:00,True,81,81.0,,81.0,87788.563001,96688.483641,96688.48381,1193.684985308642,45.505743,87788.563001,9742.60817494256,111.32147900000001,111.249008,116.20659764267963,0.8377419621218734,16,64,,False,True,,352,56.69694568066818
38,2026-09-19T05:45:41.358+00:00,2026-09-19T05:47:10.920+00:00,2026-09-19T05:47:12.203+00:00,True,14,14.0,,14.0,89561.469045,90844.719989,90844.72006400001,6488.908576000001,46.510731,89561.469045,23909.932782281412,31416.554621300005,98.71161107692308,16.29749645820291,0.1541091216054736,16,64,,False,True,,59,56.69694568066818
39,2026-09-19T05:45:41.749+00:00,2026-09-19T05:47:12.930+00:00,2026-09-19T05:47:16.202+00:00,True,36,36.0,,36.0,91180.826409,94453.274153,94453.27405200001,2623.702057,44.246106,91180.826409,15181.234583886593,111.77794,93.49850697142857,20.36287457159965,0.38114083733810483,16,64,,False,True,,123,56.69694568066818
40,2026-09-19T05:45:42.415+00:00,2026-09-19T05:47:17.586+00:00,2026-09-19T05:47:21.711+00:00,True,51,51.0,,51.0,95171.038877,99295.846557,99295.846649,1946.9773852745097,0.0,95171.038877,13316.346414309539,111.8272225,82.4961536,187.02491261841877,0.5136166493200082,16,64,,False,True,,198,56.69694568066818
41,2026-09-19T05:45:43.093+00:00,2026-09-19T05:47:20.523+00:00,2026-09-19T05:47:25.121+00:00,True,47,47.0,,47.0,97429.703275,102027.670891,102027.670928,2170.801509106383,47.638828000000004,97429.703275,14197.013850635476,112.6535216,99.95581773913044,17.921327432867727,0.46065934456361224,16,64,,False,True,,242,56.69694568066818
42,2026-09-19T05:45:43.669+00:00,2026-09-19T05:47:23.355+00:00,2026-09-19T05:47:31.151+00:00,True,81,81.0,,81.0,99686.205382,107482.49645400001,107482.496416,1326.944400197531,45.638603,99686.205382,11065.43322966644,112.07189699999999,97.4536384,19.15332082499152,0.7536110778248075,16,64,,False,True,,449,56.69694568066818
43,2026-09-19T05:45:44.342+00:00,2026-09-19T05:47:27.447+00:00,2026-09-19T05:47:29.601+00:00,True,23,23.0,,23.0,103105.460779,105258.888491,105258.888547,4576.473415086956,46.103422,103105.460779,21478.570643282805,109.4295895,97.88307781818182,16.344318793923144,0.21850886257426685,16,64,,True,True,,110,56.69694568066818
44,2026-09-19T05:45:44.729+00:00,2026-09-19T05:47:29.246+00:00,2026-09-19T05:47:32.940+00:00,True,39,39.0,,39.0,104516.906582,108210.853974,108210.853945,2774.6372806410254,47.153069,104516.906582,16720.54203985437,109.8155689,97.20914189473685,17.253840075056537,0.3604074690083362,16,64,,True,True,,136,56.69694568066818
45,2026-09-19T05:45:45.288+00:00,2026-09-19T05:47:32.685+00:00,2026-09-19T05:47:36.349+00:00,True,38,38.0,,38.0,107396.867078,111061.08774999999,111061.08786,2922.6602068421053,44.163865,107396.867078,17406.01697595925,112.81264050000001,99.03299113513513,18.769725436717387,0.3421540412564526,16,64,,True,True,,121,56.69694568066818
46,2026-09-19T05:45:45.963+00:00,2026-09-19T05:47:36.238+00:00,2026-09-19T05:47:40.113+00:00,True,43,43.0,,43.0,110274.53832600001,114150.07445400002,114150.07427900001,2654.6528902093023,49.331883000000005,110274.53832600001,16802.653607814336,110.50843830000002,92.27466971428572,23.412989194923256,0.37669708237753324,16,64,,True,True,,183,56.69694568066818
47,2026-09-19T05:45:46.602+00:00,2026-09-19T05:47:39.325+00:00,2026-09-19T05:47:46.659+00:00,True,75,75.0,,75.0,112723.281567,120056.809887,120056.809958,1600.7574661066667,48.750215,112723.281567,13004.730773159732,111.04809300000001,99.10173405405405,16.768342260378706,0.6247042551821224,16,64,,True,True,,339,56.69694568066818
48,2026-09-19T05:45:47.185+00:00,2026-09-19T05:47:42.500+00:00,2026-09-19T05:47:43.866+00:00,True,14,14.0,,14.0,115315.345063,116681.436583,116681.436558,8334.388325571428,100.12818399999999,115315.345063,30791.237563038045,40430.77537515,105.08396307692307,2.5816653640512253,0.1199848100090991,16,64,,True,True,,47,56.69694568066818
49,2026-09-19T05:45:47.598+00:00,2026-09-19T05:47:45.112+00:00,2026-09-19T05:47:54.967+00:00,True,99,99.0,,99.0,117513.92775,127368.203334,127368.20319100001,1286.547506979798,48.472206,117513.92775,11800.495678247711,110.2409328,100.55383248979592,13.459613414661323,0.7772740559148068,16,64,,True,True,,398,56.69694568066818
50,2026-09-19T05:45:48.230+00:00,2026-09-19T05:47:48.221+00:00,2026-09-19T05:47:54.153+00:00,True,61,61.0,,61.0,119991.087572,125923.285716,125923.285552,2064.316156590164,42.643679,119991.087572,15350.634825528201,111.828816,98.86996906666667,17.09036530038224,0.4844219212765447,16,64,,True,True,,264,56.69694568066818
51,2026-09-19T05:45:48.852+00:00,2026-09-19T05:47:51.867+00:00,2026-09-19T05:47:54.253+00:00,True,25,25.0,,25.0,123015.375317,125401.121749,125401.121795,5016.0448718,50.374541,123015.375317,24583.196401094094,111.42948759999999,99.40610133333332,11.456575059419288,0.19936025811666522,16,64,,True,True,,99,56.69694568066818
52,2026-09-19T05:45:49.265+00:00,2026-09-19T05:47:53.803+00:00,2026-09-19T05:47:59.115+00:00,True,56,56.0,,56.0,124538.678888,129850.134376,129850.134223,2318.7523968392857,46.113541,124538.678888,16629.28648426906,111.13301024999998,96.57191796363637,18.8203195051897,0.43126640006273564,16,64,,True,True,,180,56.69694568066818
53,2026-09-19T05:45:49.689+00:00,2026-09-19T05:47:55.691+00:00,2026-09-19T05:47:56.300+00:00,True,7,7.0,,7.0,126001.607193,126610.663961,126610.663866,18087.237695142856,97.635209,126001.607193,47585.76419744899,88232.75091570002,101.50946133333333,3.3880222278700987,0.055287602015547575,16,64,,True,True,,29,56.69694568066818
54,2026-09-19T05:45:50.142+00:00,2026-09-19T05:47:58.323+00:00,2026-09-19T05:48:01.763+00:00,True,35,35.0,,35.0,128180.738867,131620.67870699998,131620.678808,3760.590823085714,47.104150000000004,128180.738867,21649.401843545013,110.0784937,101.17470117647059,13.564317005370679,0.26591566267420097,16,64,,True,True,,147,56.69694568066818
55,2026-09-19T05:45:50.545+00:00,2026-09-19T05:48:00.782+00:00,2026-09-19T05:48:10.579+00:00,True,99,99.0,,99.0,130236.99232199999,140033.737026,140033.73699099998,1414.4821918282828,42.52097,130236.99232199999,13079.274899373144,112.546107,99.96678269387755,17.59645957502183,0.7069724917904514,16,64,,True,True,,395,56.69694568066818
56,2026-09-19T05:45:50.925+00:00,2026-09-19T05:48:02.645+00:00,2026-09-19T05:48:10.156+00:00,True,76,76.0,,76.0,131719.95205,139230.72171399998,139230.721524,1831.9831779473684,48.679205,131719.95205,15097.837212630056,112.52159449999999,100.14359551999999,17.263307996182046,0.545856539881442,16,64,,True,True,,365,56.69694568066818
57,2026-09-19T05:45:51.598+00:00,2026-09-19T05:48:06.028+00:00,2026-09-19T05:48:10.836+00:00,True,48,48.0,,48.0,134430.28681400002,139237.87311800002,139237.87301700003,2900.7890211875006,46.330949999999994,134430.28681400002,19388.58187480292,113.36208255,102.28907029787233,14.708345296142163,0.3447337920719416,16,64,,True,True,,192,56.69694568066818
58,2026-09-19T05:45:52.221+00:00,2026-09-19T05:48:09.302+00:00,2026-09-19T05:48:15.845+00:00,True,66,66.0,,66.0,137081.023739,143623.934459,143623.934545,2176.120220378788,49.040894,137081.023739,16861.123589452443,111.186325,100.66016492307693,14.808001430320008,0.4595334353470234,16,64,,True,True,,182,56.69694568066818
59,2026-09-19T05:45:52.613+00:00,2026-09-19T05:48:11.745+00:00,2026-09-19T05:48:12.273+00:00,True,6,6.0,,6.0,139132.10887599998,139660.68871599998,139660.68870799997,23276.781451333332,98.20070799999999,139132.10887599998,56757.28747072512,104377.28377299997,105.715968,5.787044625307118,0.042961266016674174,16,64,,True,True,,16,56.69694568066818
60,2026-09-19T05:45:53.226+00:00,2026-09-19T05:48:15.015+00:00,2026-09-19T05:48:19.565+00:00,True,46,46.0,,46.0,141789.031105,146338.937793,146338.937626,3181.2812527391307,45.526023,141789.031105,20890.75122979297,112.86041125,101.10903751111111,17.091356072949438,0.3143387583219179,16,64,,True,True,,213,56.69694568066818
61,2026-09-19T05:45:53.735+00:00,2026-09-19T05:48:17.797+00:00,2026-09-19T05:48:22.690+00:00,True,49,49.0,,49.0,144062.132543,148955.21516700002,148955.215204,3039.902351102041,49.351504,144062.132543,20565.746440844363,112.44964879999999,101.93922133333332,13.806525364686868,0.32895793507507626,16,64,,True,True,,204,56.69694568066818
62,2026-09-19T05:45:54.389+00:00,2026-09-19T05:48:21.760+00:00,2026-09-19T05:48:24.307+00:00,True,28,28.0,,28.0,147371.199414,149917.831862,149917.831903,5354.20828225,48.689915,147371.199414,27832.72241042588,112.47572755000002,94.3197202962963,21.905213223604367,0.18676897639350948,16,64,,True,True,,121,56.69694568066818
63,2026-09-19T05:45:54.926+00:00,2026-09-19T05:48:24.458+00:00,2026-09-19T05:48:31.553+00:00,True,73,73.0,,73.0,149532.178887,156627.405767,156627.40589,2145.5809026027396,47.342258,149532.178887,17489.893334971675,113.75666919999999,98.54481777777778,18.235126236988194,0.46607424570764644,16,64,,True,True,,338,56.69694568066818
64,2026-09-19T05:45:55.443+00:00,2026-09-19T05:48:27.419+00:00,2026-09-19T05:48:30.143+00:00,True,29,29.0,,29.0,151975.891144,154700.222408,154700.222443,5334.490429068966,50.77496,151975.891144,28203.153215428298,113.32332439999999,97.29754514285715,19.372021760654118,0.18745932971910403,16,64,,True,True,,59,56.69694568066818
65,2026-09-19T05:45:56.106+00:00,2026-09-19T05:48:31.021+00:00,2026-09-19T05:48:38.803+00:00,True,78,78.0,,78.0,154914.87200600002,162697.31040600003,162697.31020700003,2085.862951371795,45.425713,154914.87200600002,17529.220271668633,114.09307919999999,101.07062857142857,17.963307281041185,0.47941788223392456,16,64,,True,True,,264,56.69694568066818
66,2026-09-19T05:45:56.634+00:00,2026-09-19T05:48:33.517+00:00,2026-09-19T05:48:34.418+00:00,True,10,10.0,,10.0,156882.402447,157783.644559,157783.64465,15778.364465,49.937612,156882.402447,49578.90847697029,86334.69792030001,100.13801244444444,19.031817918755365,0.063377925056489,16,64,,True,True,,38,56.69694568066818
67,2026-09-19T05:45:57.167+00:00,2026-09-19T05:48:36.805+00:00,2026-09-19T05:48:40.573+00:00,True,38,38.0,,38.0,159638.360681,163405.872745,163405.872608,4300.1545423157895,49.424284,159638.360681,25880.24927810438,113.89669889999999,101.82465037837838,17.38346128444997,0.23254978148368138,16,64,,True,True,,188,56.69694568066818
68,2026-09-19T05:45:57.582+00:00,2026-09-19T05:48:38.908+00:00,2026-09-19T05:48:48.756+00:00,True,99,99.0,,99.0,161325.760701,171173.90329299998,171173.903351,1729.0293267777777,47.311229,161325.760701,16203.756977572264,112.672419,100.49125093877551,15.898973559448955,0.5783591896630456,16,64,,True,True,,322,56.69694568066818
69,2026-09-19T05:45:58.022+00:00,2026-09-19T05:48:41.214+00:00,2026-09-19T05:48:43.575+00:00,True,24,24.0,,24.0,163191.768572,165553.159932,165553.160036,6898.048334833334,46.680051,163191.768572,33290.42532603384,112.24102245000002,102.6691895652174,12.704740006122767,0.14496854067815956,16,64,,True,True,,110,56.69694568066818
70,2026-09-19T05:45:58.663+00:00,2026-09-19T05:48:44.552+00:00,2026-09-19T05:48:48.441+00:00,True,41,41.0,,41.0,165888.503213,169777.835949,169777.83596199998,4140.922828341463,47.225409,165888.503213,25892.25305804926,113.81136099999999,97.2333184,18.934818179340127,0.2414920638540598,16,64,,True,True,,137,56.69694568066818
71,2026-09-19T05:45:59.338+00:00,2026-09-19T05:48:48.549+00:00,2026-09-19T05:48:51.052+00:00,True,26,26.0,,26.0,169210.96016100002,171713.94793700002,171713.94786200003,6604.382610076924,49.707043,169210.96016100002,33165.36757915271,109.82618225,100.11951104,14.636097594979761,0.1514146073302043,16,64,,True,True,,125,56.69694568066818
72,2026-09-19T05:45:59.968+00:00,2026-09-19T05:48:51.471+00:00,2026-09-19T05:48:52.840+00:00,True,14,14.0,,14.0,171502.946213,172871.44336499998,172871.443404,12347.960243142856,95.006648,171502.946213,45807.95622266116,60097.4453037,105.2690116923077,3.9062611002633405,0.08098503562812548,16,64,,True,True,,52,56.69694568066818
73,2026-09-19T05:46:00.344+00:00,2026-09-19T05:48:53.734+00:00,2026-09-19T05:48:56.076+00:00,True,25,25.0,,25.0,173390.651005,175732.745853,175732.74588499998,7029.309835399999,46.033292,173390.651005,34658.617788422875,114.18251919999999,97.58728533333333,19.102137956752642,0.14226147710064482,16,64,,True,True,,105,56.69694568066818
74,2026-09-19T05:46:00.985+00:00,2026-09-19T05:48:57.472+00:00,2026-09-19T05:49:06.541+00:00,True,92,92.0,,92.0,176486.88013499998,185556.064647,185556.06464,2016.9137460869563,45.510353,176486.88013499998,18389.6465537399,112.176381,99.66136826373626,16.998085838352107,0.49580702293411905,16,64,,True,True,,468,56.69694568066818
75,2026-09-19T05:46:01.577+00:00,2026-09-19T05:49:00.122+00:00,2026-09-19T05:49:05.005+00:00,True,50,50.0,,50.0,178544.66254,183427.6475,183427.647722,3668.5529544399997,45.414703,178544.66254,25235.940940783457,113.39249539999999,99.65275428571428,17.052401163044696,0.27258704280116774,16,64,,True,True,,177,56.69694568066818
76,2026-09-19T05:46:01.977+00:00,2026-09-19T05:49:02.726+00:00,2026-09-19T05:49:09.553+00:00,True,68,68.0,,68.0,180749.145866,187575.49953,187575.499585,2758.4632291911767,49.556892999999995,180749.145866,21906.70401692064,113.06430165000002,101.88587558208955,16.28223078389402,0.3625206925765077,16,64,,True,True,,315,56.69694568066818
77,2026-09-19T05:46:02.477+00:00,2026-09-19T05:49:05.429+00:00,2026-09-19T05:49:06.543+00:00,True,12,12.0,,12.0,182951.790871,184065.142295,184065.142361,15338.761863416667,52.307907,182951.790871,52784.41737501582,82389.49747185,101.21376581818181,16.764355244979352,0.06519431028808094,16,64,,True,True,,36,56.69694568066818
78,2026-09-19T05:46:02.848+00:00,2026-09-19T05:49:07.499+00:00,2026-09-19T05:49:14.348+00:00,True,69,69.0,,69.0,184650.676346,191499.48888999998,191499.48895199999,2775.354912347826,47.477058,184650.676346,22217.210827488252,114.14029920000002,100.71783152941177,17.297917370439404,0.3603142775991145,16,64,,True,True,,242,56.69694568066818
79,2026-09-19T05:46:03.478+00:00,2026-09-19T05:49:10.839+00:00,2026-09-19T05:49:15.255+00:00,True,45,45.0,,45.0,187361.091504,191777.509296,191777.50933200002,4261.7224296,49.211765,187361.091504,27915.183981859387,112.7108712,100.37313163636364,15.604349041454531,0.23464691018874645,16,64,,True,True,,135,56.69694568066818
80,2026-09-19T05:46:03.962+00:00,2026-09-19T05:49:13.296+00:00,2026-09-19T05:49:22.892+00:00,True,97,97.0,,97.0,189334.648278,198930.44655,198930.44645400002,2050.829344886598,48.210606,189334.648278,19213.879426773066,112.033712,99.956232,17.109843098690764,0.48760761201840275,16,64,,True,True,,460,56.69694568066818
81,2026-09-19T05:46:04.541+00:00,2026-09-19T05:49:16.706+00:00,2026-09-19T05:49:17.131+00:00,True,5,5.0,,5.0,192165.041857,192589.923265,192589.923217,38517.9846434,99.03688700000001,192165.041857,85891.3162385996,153754.13988560002,106.220352,5.2534790421809685,0.025961898292674937,16,64,,True,True,,15,56.69694568066818
82,2026-09-19T05:46:05.167+00:00,2026-09-19T05:49:19.867+00:00,2026-09-19T05:49:23.259+00:00,True,34,34.0,,34.0,194699.69441999999,198092.062292,198092.062259,5826.237125264705,52.979446,194699.69441999999,33373.09364294704,109.9367901,102.79902642424243,9.850331956165636,0.17163736702322727,16,64,,True,True,,169,56.69694568066818
83,2026-09-19T05:46:05.795+00:00,2026-09-19T05:49:23.847+00:00,2026-09-19T05:49:24.479+00:00,True,7,7.0,,7.0,198051.661589,198684.144661,198684.14463999998,28383.449234285712,93.524821,198051.661589,74816.64947775748,138669.8277521,105.41384533333333,6.88310468458537,0.03523179975907781,16,64,,True,True,,18,56.69694568066818
84,2026-09-19T05:46:06.354+00:00,2026-09-19T05:49:26.676+00:00,2026-09-19T05:49:31.137+00:00,True,44,44.0,,44.0,200322.018225,204782.563761,204782.56390100002,4654.149179568182,50.233642,200322.018225,30184.0446667567,115.51918504999999,103.73361711627906,12.594984166426656,0.21486204290005875,16,64,,True,True,,196,56.69694568066818
85,2026-09-19T05:46:06.878+00:00,2026-09-19T05:49:31.139+00:00,2026-09-19T05:49:32.753+00:00,True,17,17.0,,17.0,204260.664286,205875.04662200002,205875.046589,12110.29685817647,50.506942,204260.664286,49516.01999143542,40943.034899599996,100.898896,19.72914378770855,0.08257435895673702,16,64,,True,True,,60,56.69694568066818
86,2026-09-19T05:46:07.510+00:00,2026-09-19T05:49:33.527+00:00,2026-09-19T05:49:42.569+00:00,True,91,91.0,,91.0,206016.806541,215059.261069,215059.261061,2363.2885830879122,46.814,206016.806541,21585.90333742104,113.275808,100.47171697777777,16.444778283817325,0.4231391828822633,16,64,,True,True,,321,56.69694568066818
87,2026-09-19T05:46:08.002+00:00,2026-09-19T05:49:36.231+00:00,2026-09-19T05:49:37.963+00:00,True,19,19.0,,19.0,208228.89118500001,209961.127217,209961.127188,11050.585641473685,47.660948,208228.89118500001,47748.91078620973,20923.703928900002,96.2353351111111,22.034414568380598,0.09049294148798806,16,64,,True,True,,94,56.69694568066818
88,2026-09-19T05:46:08.675+00:00,2026-09-19T05:49:40.001+00:00,2026-09-19T05:49:44.687+00:00,True,50,50.0,,50.0,211325.68749799998,216012.31815399998,216012.318247,4320.24636494,49.131477,211325.68749799998,29872.446746467984,111.81971994999999,95.64552359183674,21.716615238928988,0.2314682811947506,16,64,,True,True,,301,56.69694568066818
89,2026-09-19T05:46:09.221+00:00,2026-09-19T05:49:43.103+00:00,2026-09-19T05:49:48.265+00:00,True,55,55.0,,55.0,213881.87208700003,219043.61595900002,219043.61584100002,3982.6111971090913,46.588862999999996,213881.87208700003,28826.945194666358,111.12227109999999,95.58784948148148,22.35624112379539,0.2510915452121405,16,64,,True,True,,267,56.69694568066818
90,2026-09-19T05:46:09.677+00:00,2026-09-19T05:49:45.205+00:00,2026-09-19T05:49:48.321+00:00,True,34,34.0,,34.0,215528.03969900002,218643.571219,218643.571265,6430.693272500001,44.990366,215528.03969900002,36946.57004449304,114.3901166,94.41004606060606,23.69375738668859,0.1555042291453636,16,64,,True,True,,147,56.69694568066818
91,2026-09-19T05:46:10.301+00:00,2026-09-19T05:49:48.533+00:00,2026-09-19T05:49:51.914+00:00,True,36,36.0,,36.0,218231.920209,221612.806481,221612.806305,6155.91128625,47.314571,218231.920209,36355.891076542066,109.54809625,96.59675062857144,16.937409810024477,0.16244548576251375,16,64,,True,True,,160,56.69694568066818
92,2026-09-19T05:46:10.836+00:00,2026-09-19T05:49:51.046+00:00,2026-09-19T05:49:51.255+00:00,True,3,3.0,,3.0,220210.928338,220419.420882,220419.420978,73473.140326,101.212617,220210.928338,127078.6521497389,198200.5635065,104.246272,4.290158262815021,0.013610415942459214,16,64,,True,True,,8,56.69694568066818
93,2026-09-19T05:46:11.435+00:00,2026-09-19T05:49:54.642+00:00,2026-09-19T05:49:59.130+00:00,True,46,46.0,,46.0,223207.59882400002,227694.99389600003,227694.99396300002,4949.891173108696,45.172276,223207.59882400002,32895.46690399684,111.54303850000001,99.7198904888889,17.97273559179154,0.20202464363801761,16,64,,True,True,,201,56.69694568066818
94,2026-09-19T05:46:12.085+00:00,2026-09-19T05:49:57.605+00:00,2026-09-19T05:49:58.280+00:00,True,8,8.0,,8.0,225520.384937,226195.079593,226195.079584,28274.384948,49.176336000000006,225520.384937,79699.42189669306,146625.81720425,96.38495085714285,21.038174736979155,0.03536770125324854,16,64,,True,True,,28,56.69694568066818
95,2026-09-19T05:46:12.462+00:00,2026-09-19T05:50:00.187+00:00,2026-09-19T05:50:01.423+00:00,True,13,13.0,,13.0,227725.244361,228960.92359299998,228960.923686,17612.378745076923,50.136754,227725.244361,63131.061378906445,91160.411817,102.97326933333333,17.25338605079768,0.056778247554192904,16,64,,True,True,,32,56.69694568066818
96,2026-09-19T05:46:12.894+00:00,2026-09-19T05:50:02.699+00:00,2026-09-19T05:50:03.692+00:00,True,11,11.0,,11.0,229804.844635,230798.341723,230798.34169799997,20981.667427090906,43.75562,229804.844635,69258.81526605922,114958.106954,99.3497088,20.131321843197288,0.04766065439587084,16,64,,True,True,,52,56.69694568066818
97,2026-09-19T05:46:13.543+00:00,2026-09-19T05:50:06.520+00:00,2026-09-19T05:50:06.779+00:00,True,4,4.0,,4.0,232976.905039,233236.20897500002,233236.208892,58309.052223,52.388139,232976.905039,116445.2376995642,198045.93264895,86.43464533333332,29.486460651776934,0.01714999578143868,16,64,,True,True,,16,56.69694568066818
98,2026-09-19T05:46:13.956+00:00,2026-09-19T05:50:09.191+00:00,2026-09-19T05:50:11.622+00:00,True,26,26.0,,26.0,235235.34347999998,237665.99819999997,237665.99816299998,9140.999929346153,48.431958,235235.34347999998,46114.38225087531,113.10706175,97.2261888,18.241948181114722,0.10939722213911542,16,64,,True,True,,36,56.69694568066818
99,2026-09-19T05:46:14.337+00:00,2026-09-19T05:50:10.821+00:00,2026-09-19T05:50:12.676+00:00,True,19,19.0,,19.0,236483.552776,238338.429704,238338.429615,12544.127874473685,53.272947,236483.552776,54229.408330235354,23749.4998165,103.04871822222222,13.203240451010304,0.07971857506822,16,64,,True,True,,74,56.69694568066818
100,2026-09-19T05:46:14.811+00:00,2026-09-19T05:50:13.539+00:00,2026-09-19T05:50:20.148+00:00,True,68,68.0,,68.0,238728.149621,245336.988533,245336.98850399998,3607.8968897647055,47.385331,238728.149621,28938.085991415803,114.89718199999999,98.63938674626866,20.685670008232712,0.277169783515352,16,64,,True,True,,327,56.69694568066818
101,2026-09-19T05:46:15.401+00:00,2026-09-19T05:50:16.921+00:00,2026-09-19T05:50:20.715+00:00,True,41,41.0,,41.0,241519.820509,245313.770205,245313.770224,5983.262688390244,44.178758,241519.820509,37704.25350158271,115.744094,94.8487424,23.999297805571885,0.16713289256342095,16,64,,True,True,,141,56.69694568066818
102,2026-09-19T05:46:15.941+00:00,2026-09-19T05:50:20.147+00:00,2026-09-19T05:50:25.190+00:00,True,53,53.0,,53.0,244205.712919,249248.20175100002,249248.20180900002,4702.79626054717,48.686779,244205.712919,33530.918020720026,107.85489160000002,96.97093907692307,15.59696477356477,0.21263944785827268,16,64,,True,True,,231,56.69694568066818
103,2026-09-19T05:46:16.425+00:00,2026-09-19T05:50:22.180+00:00,2026-09-19T05:50:28.196+00:00,True,64,64.0,,64.0,245754.946596,251770.661156,251770.661196,3933.9165811875,44.914595999999996,245754.946596,30707.438661541113,110.69923434999998,95.4875326984127,19.79457399194168,0.2541995946078279,16,64,,True,True,,273,56.69694568066818
104,2026-09-19T05:46:16.960+00:00,2026-09-19T05:50:24.639+00:00,2026-09-19T05:50:34.015+00:00,True,96,96.0,,96.0,247679.15198,257055.842924,257055.8429,2677.665030208333,47.70432,247679.15198,25268.579240635616,111.15144400000001,98.7020099368421,16.572656778320173,0.3734597078518186,16,64,,True,True,,456,56.69694568066818
105,2026-09-19T05:46:17.416+00:00,2026-09-19T05:50:27.467+00:00,2026-09-19T05:50:36.062+00:00,True,85,85.0,,85.0,250050.885401,258646.099993,258646.099871,3042.8952926,48.712137000000006,250050.885401,27110.730066841632,110.97381320000001,102.32398323809524,10.828868956912206,0.3286343772525487,16,64,,True,True,,324,56.69694568066818
106,2026-09-19T05:46:17.785+00:00,2026-09-19T05:50:29.455+00:00,2026-09-19T05:50:37.597+00:00,True,81,81.0,,81.0,251670.607521,259812.771233,259812.771273,3207.5650774444443,50.302644,251670.607521,27952.094952483723,110.890015,101.7770464,12.311894207097934,0.3117629653677002,16,64,,True,True,,271,56.69694568066818
107,2026-09-19T05:46:18.253+00:00,2026-09-19T05:50:31.759+00:00,2026-09-19T05:50:37.645+00:00,True,60,60.0,,60.0,253505.916298,259391.48481,259391.484806,4323.191413433333,45.818154,253505.916298,32714.598389684783,111.68764800000001,99.75539850847457,15.671532101352922,0.23131060005284682,16,64,,True,True,,287,56.69694568066818
108,2026-09-19T05:46:18.631+00:00,2026-09-19T05:50:33.701+00:00,2026-09-19T05:50:42.207+00:00,True,86,86.0,,86.0,255069.283459,263575.708803,263575.708912,3064.8338245581394,45.857595,255069.283459,27494.043118814956,113.35573124999999,100.07559228235294,18.80184109816663,0.32628196426203127,16,64,,True,True,,360,56.69694568066818
109,2026-09-19T05:46:19.247+00:00,2026-09-19T05:50:37.062+00:00,2026-09-19T05:50:44.206+00:00,True,72,72.0,,72.0,257814.72174399998,264958.168272,264958.168187,3679.9745581527777,46.616133000000005,257814.72174399998,30371.90456891138,114.43286604999999,100.61192292957747,18.338564330614872,0.2717410090414214,16,64,,True,True,,290,56.69694568066818
110,2026-09-19T05:46:19.749+00:00,2026-09-19T05:50:39.968+00:00,2026-09-19T05:50:40.283+00:00,True,4,4.0,,4.0,260218.724022,260534.496182,260534.49626500002,65133.624066250006,103.90591099999999,260218.724022,130056.7333113617,221201.99318865,105.25738666666668,1.7139223962144068,0.015353053275546837,16,64,,True,True,,10,56.69694568066818
111,2026-09-19T05:46:20.366+00:00,2026-09-19T05:50:43.154+00:00,2026-09-19T05:50:43.261+00:00,True,2,2.0,,2.0,262787.787883,262895.079019,262895.07904599997,131447.53952299998,107.291163,262787.787883,185743.16051616264,249653.763047,107.291136,nan,0.007607597705757953,16,64,,True,True,,3,56.69694568066818
112,2026-09-19T05:46:20.917+00:00,2026-09-19T05:50:46.094+00:00,2026-09-19T05:50:49.688+00:00,True,40,40.0,,40.0,265176.691223,268770.98549500003,268770.985565,6719.274639125,44.485127999999996,265176.691223,41913.550652044134,111.69807084999998,92.16139158974359,23.30920032885718,0.14882558817251546,16,64,,True,True,,165,56.69694568066818
113,2026-09-19T05:46:21.512+00:00,2026-09-19T05:50:49.475+00:00,2026-09-19T05:50:57.446+00:00,True,83,83.0,,83.0,267962.84442,275934.056452,275934.05654799996,3324.50670539759,45.645605,267962.84442,29402.078780216365,110.26647709999999,97.20990282926829,18.30869907103636,0.30079650575657824,16,64,,True,True,,403,56.69694568066818
114,2026-09-19T05:46:21.946+00:00,2026-09-19T05:50:51.499+00:00,2026-09-19T05:50:59.938+00:00,True,87,87.0,,87.0,269553.738304,277991.803968,277991.804031,3195.308092310345,45.344606,269553.738304,28888.680119131895,110.337705,98.11704260465117,17.444194537328034,0.3129588669816132,16,64,,True,True,,399,56.69694568066818
116,2026-09-19T05:46:22.859+00:00,2026-09-19T05:50:56.119+00:00,2026-09-19T05:51:05.740+00:00,True,96,96.0,,96.0,273260.57924,282881.330088,282881.330003,2946.6805208645833,45.000867,273260.57924,27879.209051362486,111.18557000000001,101.27106155789474,14.832718374030737,0.3393649201597571,16,64,,True,True,,482,56.69694568066818
115,2026-09-19T05:46:22.804+00:00,2026-09-19T05:50:56.593+00:00,2026-09-19T05:51:04.043+00:00,True,75,75.0,,75.0,273789.441464,281239.43109599996,281239.43114899995,3749.8590819866663,45.144966999999994,273789.441464,31602.860564591443,111.6876937,100.67553556756758,16.06502637834016,0.26667668793000454,16,64,,True,True,,267,56.69694568066818
117,2026-09-19T05:46:23.506+00:00,2026-09-19T05:51:00.035+00:00,2026-09-19T05:51:00.922+00:00,True,11,11.0,,11.0,276528.894493,277416.740381,277416.740405,25219.70367318182,49.007228000000005,276528.894493,83349.83297478297,138318.2854275,88.7845888,26.330496334262698,0.03965153647502586,16,64,,True,True,,72,56.69694568066818
118,2026-09-19T05:46:24.050+00:00,2026-09-19T05:51:03.083+00:00,2026-09-19T05:51:08.128+00:00,True,53,53.0,,53.0,279032.787715,284078.213635,284078.213487,5359.966292207547,47.99292,279032.787715,38314.77904434633,113.2223906,97.02742153846154,21.111870606777234,0.18656833736675577,16,64,,True,True,,210,56.69694568066818
119,2026-09-19T05:46:24.473+00:00,2026-09-19T05:51:05.005+00:00,2026-09-19T05:51:07.157+00:00,True,24,24.0,,24.0,280532.11034899997,282684.03636499995,282684.036461,11778.501519208332,47.7147,280532.11034899997,57244.28331962742,111.64550164999999,93.56200069565217,22.814887746447276,0.08490044329567781,16,64,,True,True,,71,56.69694568066818
120,2026-09-19T05:46:25.005+00:00,2026-09-19T05:51:08.178+00:00,2026-09-19T05:51:13.234+00:00,True,52,52.0,,52.0,283173.076708,288228.75081999996,288228.750746,5542.86059126923,47.780051,283173.076708,39255.29668269667,109.96319629999999,99.13086494117647,16.394018613863555,0.18041225884670406,16,64,,True,True,,207,56.69694568066818
121,2026-09-19T05:46:25.413+00:00,2026-09-19T05:51:10.473+00:00,2026-09-19T05:51:17.626+00:00,True,73,73.0,,73.0,285059.570573,292213.117837,292213.117848,4002.9194225753427,45.010987,285059.570573,33352.07493589917,111.98258659999999,99.3548231111111,17.211387734088387,0.24981766917363474,16,64,,True,True,,313,56.69694568066818
122,2026-09-19T05:46:25.980+00:00,2026-09-19T05:51:13.340+00:00,2026-09-19T05:51:13.747+00:00,True,5,5.0,,5.0,287360.327998,287766.80710200005,287766.807225,57553.361445,95.88397,287360.327998,128465.99979144387,229909.4885638,101.619776,4.629414047935368,0.017375179751804144,16,64,,True,True,,15,56.69694568066818
123,2026-09-19T05:46:26.507+00:00,2026-09-19T05:51:16.359+00:00,2026-09-19T05:51:23.288+00:00,True,71,71.0,,71.0,289851.888787,296781.70510699996,296781.70518499997,4180.02401669014,46.204733999999995,289851.888787,34387.34728411711,115.27584999999999,98.997376,19.75026154093351,0.23923307528138257,16,64,,True,True,,255,56.69694568066818
124,2026-09-19T05:46:26.899+00:00,2026-09-19T05:51:18.420+00:00,2026-09-19T05:51:26.931+00:00,False,86,85.0,,85.0,291521.61538599996,300032.314906,300032.314737,3488.7478457790694,0.02154,291521.61538599996,31424.793333073463,112.017788,100.12587670588236,19.449437782146003,0.28330281698699844,16,64,,True,False,Request timeout: 300.0s exceeded,360,56.69694568066818
125,2026-09-19T05:46:27.318+00:00,2026-09-19T05:51:19.982+00:00,2026-09-19T05:51:27.361+00:00,False,76,75.0,,75.0,292663.95776599995,300043.23456599994,300043.234593,3947.937297276315,0.0289,292663.95776599995,33559.579911064415,114.9497465,98.39035733333333,22.938610922175986,0.24996397638655102,16,64,,True,False,Request timeout: 300.0s exceeded,315,56.69694568066818
126,2026-09-19T05:46:27.777+00:00,2026-09-19T05:51:23.508+00:00,2026-09-19T05:51:25.660+00:00,True,22,22.0,,22.0,295731.073491,297883.74933099997,297883.749431,13540.170428681819,49.686366,295731.073491,63028.22425579535,115.84005115,102.50837333333332,17.817642916055593,0.07385431413901744,16,64,,True,True,,66,56.69694568066818
127,2026-09-19T05:46:28.272+00:00,2026-09-19T05:51:26.090+00:00,2026-09-19T05:51:28.302+00:00,False,24,23.0,,23.0,297817.542509,300029.466477,300029.466533,12501.227772208333,0.0245,297817.542509,60772.126037809416,110.85612864999999,96.17060730434783,26.392089546715283,0.07665913708433422,16,64,,True,False,Request timeout: 300.0s exceeded,105,56.69694568066818
128,2026-09-19T05:46:28.926+00:00,2026-09-19T05:51:28.954+00:00,2026-09-19T05:51:29.604+00:00,False,8,7.0,,7.0,300028.398471,300677.92602300004,300677.92595,37584.74074375,0.02309,300028.398471,106043.25826879636,195057.82105685002,92.78965028571429,41.03972897807163,0.023280724636448844,16,64,,True,False,Request timeout: 300.0s exceeded,20,56.69694568066818
129,2026-09-19T05:46:29.565+00:00,2026-09-19T05:51:29.642+00:00,2026-09-19T05:51:29.642+00:00,False,1,0.0,,0.0,300077.10860000004,300077.10860000004,300077.10860000004,300077.10860000004,300077.10860000004,300077.10860000004,nan,300077.10860000004,nan,nan,0.0,16,64,,True,False,"HTTPConnectionPool(host='gpu03', port=9002): Read timed out.",0,56.69694568066818
130,2026-09-19T05:46:30.055+00:00,2026-09-19T05:51:30.163+00:00,2026-09-19T05:51:30.163+00:00,False,1,0.0,,0.0,300107.688805,300107.688805,300107.688805,300107.688805,300107.688805,300107.688805,nan,300107.688805,nan,nan,0.0,16,64,,True,False,"HTTPConnectionPool(host='gpu03', port=9002): Read timed out.",0,56.69694568066818
131,2026-09-19T05:46:30.720+00:00,2026-09-19T05:51:30.811+00:00,2026-09-19T05:51:30.811+00:00,False,1,0.0,,0.0,300090.748329,300090.748329,300090.748329,300090.748329,300090.748329,300090.748329,nan,300090.748329,nan,nan,0.0,16,64,,True,False,"HTTPConnectionPool(host='gpu03', port=9002): Read timed out.",0,56.69694568066818
132,2026-09-19T05:46:31.272+00:00,2026-09-19T05:51:30.986+00:00,2026-09-19T05:51:31.311+00:00,False,5,4.0,,4.0,299713.14863300003,300038.71586500003,300038.715826,60007.74316520001,0.0418,299713.14863300003,133999.40358692792,239793.1362084,81.391808,54.416668357674574,0.013331612850255524,16,64,,True,False,Request timeout: 300.0s exceeded,17,56.69694568066818
133,2026-09-19T05:46:31.697+00:00,2026-09-19T05:51:31.529+00:00,2026-09-19T05:51:31.739+00:00,False,4,3.0,,3.0,299832.016152,300041.926424,300041.92642,75010.481605,0.088029,299832.016152,149881.03118833632,254873.28958244997,69.97009066666668,60.56184013715268,0.009998602647819934,16,64,,True,False,Request timeout: 300.0s exceeded,8,56.69694568066818
134,2026-09-19T05:46:32.370+00:00,2026-09-19T05:51:32.431+00:00,2026-09-19T05:51:32.431+00:00,False,1,0.0,,0.0,300061.34529100003,300061.34529100003,300061.34529100003,300061.34529100003,300061.34529100003,300061.34529100003,nan,300061.34529100003,nan,nan,0.0,16,64,,True,False,"HTTPConnectionPool(host='gpu03', port=9002): Read timed out.",0,56.69694568066818
135,2026-09-19T05:46:32.953+00:00,2026-09-19T05:51:32.913+00:00,2026-09-19T05:51:33.022+00:00,False,3,2.0,,2.0,299959.640923,300069.032283,300069.032312,100023.01077066666,0.039450000000000006,299959.640923,173150.20948531438,269974.6120246,54.69568,77.29561850373585,0.0066651329688488725,16,64,,True,False,Request timeout: 300.0s exceeded,14,56.69694568066818
136,2026-09-19T05:46:33.598+00:00,2026-09-19T05:51:33.689+00:00,2026-09-19T05:51:33.689+00:00,False,1,0.0,,0.0,300091.689633,300091.689633,300091.689633,300091.689633,300091.689633,300091.689633,nan,300091.689633,nan,nan,0.0,16,64,,True,False,"HTTPConnectionPool(host='gpu03', port=9002): Read timed out.",0,56.69694568066818
137,2026-09-19T05:46:34.152+00:00,2026-09-19T05:51:34.139+00:00,2026-09-19T05:51:34.276+00:00,False,3,2.0,,2.0,299986.595883,300123.562027,300123.562088,100041.18736266666,0.03935,299986.595883,173157.81667548104,270001.62898020004,68.483072,96.79429729856213,0.0066639219743102815,16,64,,True,False,Request timeout: 300.0s exceeded,4,56.69694568066818
138,2026-09-19T05:46:34.669+00:00,2026-09-19T05:51:34.547+00:00,2026-09-19T05:51:34.748+00:00,False,4,3.0,,3.0,299877.262769,300078.13214500004,300078.132067,75019.53301675,0.05327900000000001,299877.262769,149905.16076603823,254911.89505895,66.95645866666666,58.454155263141985,0.00999739627328251,16,64,,True,False,Request timeout: 300.0s exceeded,11,56.69694568066818
139,2026-09-19T05:46:35.352+00:00,2026-09-19T05:51:35.428+00:00,2026-09-19T05:51:35.428+00:00,False,1,0.0,,0.0,300075.625527,300075.625527,300075.625527,300075.625527,300075.625527,300075.625527,nan,300075.625527,nan,nan,0.0,16,64,,True,False,"HTTPConnectionPool(host='gpu03', port=9002): Read timed out.",0,56.69694568066818
140,2026-09-19T05:46:35.850+00:00,2026-09-19T05:51:35.891+00:00,2026-09-19T05:51:35.891+00:00,False,1,0.0,,0.0,300041.536541,300041.536541,300041.536541,300041.536541,300041.536541,300041.536541,nan,300041.536541,nan,nan,0.0,16,64,,True,False,TTFT timeout: 300.0s exceeded (TTFT: 300.037s),0,56.69694568066818
141,2026-09-19T05:46:36.449+00:00,2026-09-19T05:51:36.252+00:00,2026-09-19T05:51:36.554+00:00,False,5,4.0,,4.0,299803.11175800004,300105.27803000004,300105.27788500005,60021.05557700001,0.02603,299803.11175800004,134042.2514753603,239863.48085820006,75.541568,50.46232281028752,0.013328655951196366,16,64,,True,False,Request timeout: 300.0s exceeded,14,56.69694568066818
143,2026-09-19T05:46:37.723+00:00,2026-09-19T05:51:37.186+00:00,2026-09-19T05:51:37.900+00:00,False,8,7.0,,7.0,299463.137703,300177.021095,300177.020955,37522.127619375,0.03753,299463.137703,105840.16007024,194701.8129034,101.98334171428571,46.952830008706734,0.023319573145422882,16,64,,True,False,Request timeout: 300.0s exceeded,22,56.69694568066818
142,2026-09-19T05:46:37.692+00:00,2026-09-19T05:51:37.459+00:00,2026-09-19T05:51:37.998+00:00,False,7,6.0,,6.0,299767.231974,300305.490918,300305.490988,42900.78442685714,0.02699,299767.231974,113267.463910597,209870.81657340002,89.709824,44.18834166960164,0.019979654656525517,16,64,,True,False,Request timeout: 300.0s exceeded,27,56.69694568066818
144,2026-09-19T05:46:38.164+00:00,2026-09-19T05:51:38.177+00:00,2026-09-19T05:51:38.177+00:00,False,1,0.0,,0.0,300012.86470499996,300012.86470499996,300012.86470499996,300012.86470499996,300012.86470499996,300012.86470499996,nan,300012.86470499996,nan,nan,0.0,16,64,,True,False,"HTTPConnectionPool(host='gpu03', port=9002): Read timed out.",0,56.69694568066818
145,2026-09-19T05:46:38.789+00:00,2026-09-19T05:51:39.173+00:00,2026-09-19T05:51:39.476+00:00,False,5,4.0,,4.0,300383.84297399997,300686.70787,300686.707839,60137.341567799995,0.024149999999999998,300383.84297399997,134301.8942617722,240344.00013259996,75.716224,78.34064029438996,0.013302882685886384,16,64,,True,False,Request timeout: 300.0s exceeded,9,56.69694568066818
146,2026-09-19T05:46:39.423+00:00,2026-09-19T05:51:39.424+00:00,2026-09-19T05:51:39.685+00:00,False,6,5.0,,5.0,300001.574524,300261.87174,300261.871827,50043.6453045,0.05418,300001.574524,122453.88158347417,225028.29971075,52.059443200000004,38.46650191286443,0.016652130924999876,16,64,,True,False,Request timeout: 300.0s exceeded,23,56.69694568066818
147,2026-09-19T05:46:39.824+00:00,2026-09-19T05:51:39.844+00:00,2026-09-19T05:51:39.844+00:00,False,1,0.0,,0.0,300020.088182,300020.088182,300020.088182,300020.088182,300020.088182,300020.088182,nan,300020.088182,nan,nan,0.0,16,64,,True,False,"HTTPConnectionPool(host='gpu03', port=9002): Read timed out.",0,56.69694568066818
148,2026-09-19T05:46:40.373+00:00,2026-09-19T05:51:40.479+00:00,2026-09-19T05:51:40.479+00:00,False,1,0.0,,0.0,300105.820392,300105.820392,300105.820392,300105.820392,300105.820392,300105.820392,nan,300105.820392,nan,nan,0.0,16,64,,True,False,"HTTPConnectionPool(host='gpu03', port=9002): Read timed out.",0,56.69694568066818
149,2026-09-19T05:46:40.757+00:00,2026-09-19T05:51:40.776+00:00,2026-09-19T05:51:40.776+00:00,False,1,0.0,,0.0,300018.792373,300018.792373,300018.792373,300018.792373,300018.792373,300018.792373,nan,300018.792373,nan,nan,0.0,16,64,,True,False,TTFT timeout: 300.0s exceeded (TTFT: 300.009s),0,56.69694568066818
150,2026-09-19T05:46:41.142+00:00,2026-09-19T05:51:40.954+00:00,2026-09-19T05:51:41.173+00:00,False,4,3.0,,3.0,299812.622985,300031.88160900003,300031.88144100003,75007.97036025001,0.038909,299812.622985,149869.7780187968,254859.83474880003,73.086208,65.7060810517003,0.009998937392625442,16,64,,True,False,Request timeout: 300.0s exceeded,10,56.69694568066818
151,2026-09-19T05:46:41.701+00:00,2026-09-19T05:51:41.269+00:00,2026-09-19T05:51:41.723+00:00,False,7,6.0,,6.0,299567.649526,300022.45426200004,300022.454121,42860.35058871429,0.03885,299567.649526,113197.2853487221,209728.28368810003,75.80078933333333,42.22072051626493,0.019998503161234697,16,64,,True,False,Request timeout: 300.0s exceeded,18,56.69694568066818
152,2026-09-19T05:46:42.190+00:00,2026-09-19T05:51:42.294+00:00,2026-09-19T05:51:42.294+00:00,False,1,0.0,,0.0,300104.57903799997,300104.57903799997,300104.57903799997,300104.57903799997,300104.57903799997,300104.57903799997,nan,300104.57903799997,nan,nan,0.0,16,64,,True,False,"HTTPConnectionPool(host='gpu03', port=9002): Read timed out.",0,56.69694568066818
153,2026-09-19T05:46:42.594+00:00,2026-09-19T05:51:42.644+00:00,2026-09-19T05:51:42.644+00:00,False,1,0.0,,0.0,300050.483542,300050.483542,300050.483542,300050.483542,300050.483542,300050.483542,nan,300050.483542,nan,nan,0.0,16,64,,True,False,"HTTPConnectionPool(host='gpu03', port=9002): Read timed out.",0,56.69694568066818
154,2026-09-19T05:46:43.216+00:00,2026-09-19T05:51:43.037+00:00,2026-09-19T05:51:43.239+00:00,False,4,3.0,,3.0,299820.485782,300022.348438,300022.348419,75005.58710475,0.02291,299820.485782,149876.60666646477,254862.66126624998,67.287552,58.25742227546756,0.009999255107557276,16,64,,True,False,Request timeout: 300.0s exceeded,20,56.69694568066818
155,2026-09-19T05:46:43.834+00:00,2026-09-19T05:51:43.933+00:00,2026-09-19T05:51:43.933+00:00,False,1,0.0,,0.0,300098.90943400003,300098.90943400003,300098.90943400003,300098.90943400003,300098.90943400003,300098.90943400003,nan,300098.90943400003,nan,nan,0.0,16,64,,True,False,"HTTPConnectionPool(host='gpu03', port=9002): Read timed out.",0,56.69694568066818
156,2026-09-19T05:46:44.346+00:00,2026-09-19T05:51:44.350+00:00,2026-09-19T05:51:44.481+00:00,False,3,2.0,,2.0,300004.150079,300135.16806299996,300135.167917,100045.05597233333,0.027329999999999997,300004.150079,173169.66759455184,270016.8341219,65.508992,92.60496680589006,0.006663664284687189,16,64,,True,False,Request timeout: 300.0s exceeded,8,56.69694568066818
157,2026-09-19T05:46:44.998+00:00,2026-09-19T05:51:44.740+00:00,2026-09-19T05:51:45.097+00:00,False,6,5.0,,5.0,299741.915513,300099.53957699996,300099.539772,50016.589962,0.06806,299741.915513,122339.93156046534,224832.94959874998,71.52481279999999,45.8399939238731,0.01666113852439648,16,64,,True,False,Request timeout: 300.0s exceeded,23,56.69694568066818
158,2026-09-19T05:46:45.390+00:00,2026-09-19T05:51:45.501+00:00,2026-09-19T05:51:45.501+00:00,False,1,0.0,,0.0,300110.928986,300110.928986,300110.928986,300110.928986,300110.928986,300110.928986,nan,300110.928986,nan,nan,0.0,16,64,,True,False,"HTTPConnectionPool(host='gpu03', port=9002): Read timed out.",0,56.69694568066818
159,2026-09-19T05:46:45.924+00:00,2026-09-19T05:51:46.010+00:00,2026-09-19T05:51:46.010+00:00,False,1,0.0,,0.0,300085.982221,300085.982221,300085.982221,300085.982221,300085.982221,300085.982221,nan,300085.982221,nan,nan,0.0,16,64,,True,False,TTFT timeout: 300.0s exceeded (TTFT: 300.081s),0,56.69694568066818
160,2026-09-19T05:46:46.321+00:00,2026-09-19T05:51:46.172+00:00,2026-09-19T05:51:46.393+00:00,False,4,3.0,,3.0,299850.379282,300071.753746,300071.753854,75017.9384635,0.04435,299850.379282,149888.30296796528,254889.8465362,73.791488,63.929581673790544,0.009997608780396546,16,64,,True,False,Request timeout: 300.0s exceeded,10,56.69694568066818
161,2026-09-19T05:46:46.820+00:00,2026-09-19T05:51:46.939+00:00,2026-09-19T05:51:46.939+00:00,False,1,0.0,,0.0,300118.782291,300118.782291,300118.782291,300118.782291,300118.782291,300118.782291,nan,300118.782291,nan,nan,0.0,16,64,,True,False,"HTTPConnectionPool(host='gpu03', port=9002): Read timed out.",0,56.69694568066818
162,2026-09-19T05:46:47.200+00:00,2026-09-19T05:51:47.305+00:00,2026-09-19T05:51:47.305+00:00,False,1,0.0,,0.0,300105.369171,300105.369171,300105.369171,300105.369171,300105.369171,300105.369171,nan,300105.369171,nan,nan,0.0,16,64,,True,False,"HTTPConnectionPool(host='gpu03', port=9002): Read timed out.",0,56.69694568066818
163,2026-09-19T05:46:47.836+00:00,2026-09-19T05:51:47.824+00:00,2026-09-19T05:51:47.931+00:00,False,3,2.0,,2.0,299988.307402,300094.389706,300094.389679,100031.46322633333,0.04815,299988.307402,173167.71482518245,270000.0800745,53.041152,74.94345325196294,0.006664569777393651,16,64,,True,False,Request timeout: 300.0s exceeded,4,56.69694568066818
164,2026-09-19T05:46:48.282+00:00,2026-09-19T05:51:48.066+00:00,2026-09-19T05:51:48.369+00:00,False,5,4.0,,4.0,299783.458965,300086.824085,300086.82417,60017.364834,0.03929,299783.458965,134033.32849214502,239848.173577,75.84128,50.72215230262543,0.013329475601591208,16,64,,True,False,Request timeout: 300.0s exceeded,20,56.69694568066818
165,2026-09-19T05:46:48.827+00:00,2026-09-19T05:51:48.934+00:00,2026-09-19T05:51:48.934+00:00,False,1,0.0,,0.0,300107.377899,300107.377899,300107.377899,300107.377899,300107.377899,300107.377899,nan,300107.377899,nan,nan,0.0,16,64,,True,False,"HTTPConnectionPool(host='gpu03', port=9002): Read timed out.",0,56.69694568066818
166,2026-09-19T05:46:49.454+00:00,2026-09-19T05:51:49.392+00:00,2026-09-19T05:51:49.522+00:00,False,3,2.0,,2.0,299938.486257,300067.787761,300067.787719,100022.59590633334,0.05914,299938.486257,173132.25171266752,269957.56186350004,64.650752,91.346339362795,0.0066651606122846265,16,64,,True,False,Request timeout: 300.0s exceeded,4,56.69694568066818
167,2026-09-19T05:46:49.832+00:00,2026-09-19T05:51:49.656+00:00,2026-09-19T05:51:49.865+00:00,False,4,3.0,,3.0,299823.93773799995,300033.0193379999,300033.019253,75008.25481325,0.03861,299823.93773799995,149877.13021889495,254867.35971744996,69.69386666666666,60.97564801279952,0.009998899476528524,16,64,,True,False,Request timeout: 300.0s exceeded,18,56.69694568066818
168,2026-09-19T05:46:50.318+00:00,2026-09-19T05:51:50.413+00:00,2026-09-19T05:51:50.413+00:00,False,1,0.0,,0.0,300094.516237,300094.516237,300094.516237,300094.516237,300094.516237,300094.516237,nan,300094.516237,nan,nan,0.0,16,64,,True,False,"HTTPConnectionPool(host='gpu03', port=9002): Read timed out.",0,56.69694568066818
169,2026-09-19T05:46:50.978+00:00,2026-09-19T05:51:51.254+00:00,2026-09-19T05:51:51.565+00:00,False,5,4.0,,4.0,300276.130848,300587.378208,300587.378103,60117.4756206,0.023960000000000002,300276.130848,134252.77717077546,240242.7262848,77.81184,51.99825252083417,0.013307278648380527,16,64,,True,False,Request timeout: 300.0s exceeded,7,56.69694568066818
170,2026-09-19T05:46:51.584+00:00,2026-09-19T05:51:51.614+00:00,2026-09-19T05:51:51.614+00:00,False,1,0.0,,0.0,300030.005805,300030.005805,300030.005805,300030.005805,300030.005805,300030.005805,nan,300030.005805,nan,nan,0.0,16,64,,True,False,"HTTPConnectionPool(host='gpu03', port=9002): Read timed out.",0,56.69694568066818
171,2026-09-19T05:46:52.015+00:00,2026-09-19T05:51:52.056+00:00,2026-09-19T05:51:52.056+00:00,False,1,0.0,,0.0,300040.73522100004,300040.73522100004,300040.73522100004,300040.73522100004,300040.73522100004,300040.73522100004,nan,300040.73522100004,nan,nan,0.0,16,64,,True,False,"HTTPConnectionPool(host='gpu03', port=9002): Read timed out.",0,56.69694568066818
172,2026-09-19T05:46:52.499+00:00,2026-09-19T05:51:52.607+00:00,2026-09-19T05:51:52.607+00:00,False,1,0.0,,0.0,300107.33916399995,300107.33916399995,300107.33916399995,300107.33916399995,300107.33916399995,300107.33916399995,nan,300107.33916399995,nan,nan,0.0,16,64,,True,False,"HTTPConnectionPool(host='gpu03', port=9002): Read timed out.",0,56.69694568066818
173,2026-09-19T05:46:52.917+00:00,2026-09-19T05:51:52.992+00:00,2026-09-19T05:51:52.992+00:00,False,1,0.0,,0.0,300074.753097,300074.753097,300074.753097,300074.753097,300074.753097,300074.753097,nan,300074.753097,nan,nan,0.0,16,64,,True,False,TTFT timeout: 300.0s exceeded (TTFT: 300.060s),0,56.69694568066818
174,2026-09-19T05:46:53.575+00:00,2026-09-19T05:51:53.072+00:00,2026-09-19T05:51:53.681+00:00,False,8,7.0,,7.0,299496.569935,300105.38299099996,300105.38296899997,37513.172871124996,0.07035,299496.569935,105857.28407452941,194709.42720479998,86.97329371428572,38.51191254429004,0.023325139756689827,16,64,,True,False,Request timeout: 300.0s exceeded,21,56.69694568066818
175,2026-09-19T05:46:54.170+00:00,2026-09-19T05:51:54.284+00:00,2026-09-19T05:51:54.284+00:00,False,1,0.0,,0.0,300114.571421,300114.571421,300114.571421,300114.571421,300114.571421,300114.571421,nan,300114.571421,nan,nan,0.0,16,64,,True,False,"HTTPConnectionPool(host='gpu03', port=9002): Read timed out.",0,56.69694568066818
176,2026-09-19T05:46:54.676+00:00,2026-09-19T05:51:54.645+00:00,2026-09-19T05:51:54.777+00:00,False,3,2.0,,2.0,299968.186385,300100.903697,300100.903858,100033.63461933333,0.035679999999999996,299968.186385,173148.41362556966,269984.6359258,66.358656,93.79498792064727,0.006664425116224644,16,64,,True,False,Request timeout: 300.0s exceeded,8,56.69694568066818
177,2026-09-19T05:46:55.763+00:00,2026-09-19T05:51:55.924+00:00,2026-09-19T05:51:56.024+00:00,False,3,2.0,,2.0,300160.900841,300260.61975300004,300260.61984600005,100086.87328200002,0.04296,300160.900841,173269.19766492696,270154.7783614,49.859456,70.45109639085405,0.006660880143540759,16,64,,True,False,Request timeout: 300.0s exceeded,5,56.69694568066818
178,2026-09-19T05:46:55.901+00:00,2026-09-19T05:51:56.108+00:00,2026-09-19T05:51:56.108+00:00,False,1,0.0,,0.0,300206.900402,300206.900402,300206.900402,300206.900402,300206.900402,300206.900402,nan,300206.900402,nan,nan,0.0,16,64,,True,False,"HTTPConnectionPool(host='gpu03', port=9002): Read timed out.",0,56.69694568066818
179,2026-09-19T05:46:56.282+00:00,2026-09-19T05:51:56.352+00:00,2026-09-19T05:51:56.352+00:00,False,1,0.0,,0.0,300070.306895,300070.306895,300070.306895,300070.306895,300070.306895,300070.306895,nan,300070.306895,nan,nan,0.0,16,64,,True,False,"HTTPConnectionPool(host='gpu03', port=9002): Read timed out.",0,56.69694568066818
180,2026-09-19T05:46:56.853+00:00,2026-09-19T05:51:56.960+00:00,2026-09-19T05:51:56.960+00:00,False,1,0.0,,0.0,300106.395233,300106.395233,300106.395233,300106.395233,300106.395233,300106.395233,nan,300106.395233,nan,nan,0.0,16,64,,True,False,"HTTPConnectionPool(host='gpu03', port=9002): Read timed out.",0,56.69694568066818
181,2026-09-19T05:46:57.242+00:00,2026-09-19T05:51:57.290+00:00,2026-09-19T05:51:57.290+00:00,False,1,0.0,,0.0,300047.208185,300047.208185,300047.208185,300047.208185,300047.208185,300047.208185,nan,300047.208185,nan,nan,0.0,16,64,,True,False,TTFT timeout: 300.0s exceeded (TTFT: 300.038s),0,56.69694568066818
182,2026-09-19T05:46:57.664+00:00,2026-09-19T05:51:57.412+00:00,2026-09-19T05:51:57.712+00:00,False,5,4.0,,4.0,299748.092323,300048.424355,300048.42439500004,60009.684879,0.023739999999999997,299748.092323,134017.85099707686,239819.0730598,75.083008,50.12900427764041,0.013331181487116994,16,64,,True,False,Request timeout: 300.0s exceeded,19,56.69694568066818
183,2026-09-19T05:46:58.151+00:00,2026-09-19T05:51:58.219+00:00,2026-09-19T05:51:58.219+00:00,False,1,0.0,,0.0,300068.081501,300068.081501,300068.081501,300068.081501,300068.081501,300068.081501,nan,300068.081501,nan,nan,0.0,16,64,,True,False,TTFT timeout: 300.0s exceeded (TTFT: 300.057s),0,56.69694568066818
184,2026-09-19T05:46:58.543+00:00,2026-09-19T05:51:58.630+00:00,2026-09-19T05:51:58.630+00:00,False,1,0.0,,0.0,300087.417341,300087.417341,300087.417341,300087.417341,300087.417341,300087.417341,nan,300087.417341,nan,nan,0.0,16,64,,True,False,"HTTPConnectionPool(host='gpu03', port=9002): Read timed out.",0,56.69694568066818
185,2026-09-19T05:46:58.981+00:00,2026-09-19T05:51:59.037+00:00,2026-09-19T05:51:59.037+00:00,False,1,0.0,,0.0,300056.13424800005,300056.13424800005,300056.13424800005,300056.13424800005,300056.13424800005,300056.13424800005,nan,300056.13424800005,nan,nan,0.0,16,64,,True,False,"HTTPConnectionPool(host='gpu03', port=9002): Read timed out.",0,56.69694568066818
186,2026-09-19T05:46:59.495+00:00,2026-09-19T05:51:59.311+00:00,2026-09-19T05:51:59.522+00:00,False,4,3.0,,3.0,299815.540472,300026.62629600003,300026.626254,75006.6565635,0.04679,299815.540472,149872.5976777561,254860.3018142,70.36194133333333,61.47538819380352,0.009999112535566302,16,64,,True,False,Request timeout: 300.0s exceeded,10,56.69694568066818
187,2026-09-19T05:47:00.004+00:00,2026-09-19T05:52:00.107+00:00,2026-09-19T05:52:00.107+00:00,False,1,0.0,,0.0,300102.34393300005,300102.34393300005,300102.34393300005,300102.34393300005,300102.34393300005,300102.34393300005,nan,300102.34393300005,nan,nan,0.0,16,64,,True,False,"HTTPConnectionPool(host='gpu03', port=9002): Read timed out.",0,56.69694568066818
188,2026-09-19T05:47:00.687+00:00,2026-09-19T05:52:00.663+00:00,2026-09-19T05:52:00.802+00:00,False,3,2.0,,2.0,299975.983357,300115.204093,300115.204035,100038.40134499999,0.034390000000000004,299975.983357,173151.03917221114,269992.30365009996,69.610368,98.39505128666649,0.006664107558443584,16,64,,True,False,Request timeout: 300.0s exceeded,4,56.69694568066818
189,2026-09-19T05:47:01.345+00:00,2026-09-19T05:52:01.450+00:00,2026-09-19T05:52:01.450+00:00,False,1,0.0,,0.0,300105.332345,300105.332345,300105.332345,300105.332345,300105.332345,300105.332345,nan,300105.332345,nan,nan,0.0,16,64,,True,False,"HTTPConnectionPool(host='gpu03', port=9002): Read timed out.",0,56.69694568066818
190,2026-09-19T05:47:01.790+00:00,2026-09-19T05:52:01.821+00:00,2026-09-19T05:52:01.821+00:00,False,1,0.0,,0.0,300030.85168900003,300030.85168900003,300030.85168900003,300030.85168900003,300030.85168900003,300030.85168900003,nan,300030.85168900003,nan,nan,0.0,16,64,,True,False,"HTTPConnectionPool(host='gpu03', port=9002): Read timed out.",0,56.69694568066818
191,2026-09-19T05:47:02.271+00:00,2026-09-19T05:52:02.184+00:00,2026-09-19T05:52:02.336+00:00,False,3,2.0,,2.0,299912.928015,300065.123599,300065.123532,100021.707844,0.038200000000000005,299912.928015,173110.89137066112,269936.8509452,76.097792,107.56458575092365,0.006665219789663904,16,64,,True,False,Request timeout: 300.0s exceeded,4,56.69694568066818
192,2026-09-19T05:47:02.724+00:00,2026-09-19T05:52:02.462+00:00,2026-09-19T05:52:02.736+00:00,False,5,4.0,,4.0,299738.517703,300012.698055,300012.698061,60002.539612199995,0.03648,299738.517703,134016.49563095096,239818.65474,68.545088,58.923241900755734,0.01333276899921982,16,64,,True,False,Request timeout: 300.0s exceeded,13,56.69694568066818
193,2026-09-19T05:47:03.291+00:00,2026-09-19T05:52:03.354+00:00,2026-09-19T05:52:03.354+00:00,False,1,0.0,,0.0,300063.73900199996,300063.73900199996,300063.73900199996,300063.73900199996,300063.73900199996,300063.73900199996,nan,300063.73900199996,nan,nan,0.0,16,64,,True,False,"HTTPConnectionPool(host='gpu03', port=9002): Read timed out.",0,56.69694568066818
194,2026-09-19T05:47:03.875+00:00,2026-09-19T05:52:03.936+00:00,2026-09-19T05:52:05.048+00:00,False,12,11.0,,11.0,300061.431523,301173.033955,301173.033962,25097.752830166668,0.040299999999999996,300061.431523,86591.1090622416,135106.7687897,101.05476654545454,36.33191807057112,0.0365238542626083,16,64,,True,False,Request timeout: 300.0s exceeded,39,56.69694568066818
195,2026-09-19T05:47:04.263+00:00,2026-09-19T05:52:04.081+00:00,2026-09-19T05:52:05.150+00:00,False,12,11.0,,11.0,299817.870458,300887.328634,300887.328591,25073.94404925,0.03849,299817.870458,86521.903977443,134987.60653055,97.22347054545455,33.41639651143364,0.03655853521628498,16,64,,True,False,Request timeout: 300.0s exceeded,23,56.69694568066818
196,2026-09-19T05:47:04.868+00:00,2026-09-19T05:52:05.053+00:00,2026-09-19T05:52:05.253+00:00,False,4,3.0,,3.0,300185.271668,300385.763956,300385.764056,75096.441014,0.04102,300185.271668,150059.22787294173,255172.7417363,66.83076266666666,57.86145297592301,0.009987157715102087,16,64,,True,False,Request timeout: 300.0s exceeded,6,56.69694568066818
197,2026-09-19T05:47:05.268+00:00,2026-09-19T05:52:05.280+00:00,2026-09-19T05:52:05.280+00:00,False,1,0.0,,0.0,300012.345459,300012.345459,300012.345459,300012.345459,300012.345459,300012.345459,nan,300012.345459,nan,nan,0.0,16,64,,True,False,"HTTPConnectionPool(host='gpu03', port=9002): Read timed out.",0,56.69694568066818
198,2026-09-19T05:47:05.898+00:00,2026-09-19T05:52:05.966+00:00,2026-09-19T05:52:05.966+00:00,False,1,0.0,,0.0,300067.996741,300067.996741,300067.996741,300067.996741,300067.996741,300067.996741,nan,300067.996741,nan,nan,0.0,16,64,,True,False,"HTTPConnectionPool(host='gpu03', port=9002): Read timed out.",0,56.69694568066818
200,2026-09-19T05:47:06.987+00:00,2026-09-19T05:52:06.545+00:00,2026-09-19T05:52:06.996+00:00,False,8,7.0,,7.0,299558.536372,300009.39026,300009.390154,37501.17376925,0.026359999999999998,299558.536372,105887.17023915336,194748.73670994997,64.40769828571429,37.124932517114324,0.02333260300263776,16,64,,True,False,Request timeout: 300.0s exceeded,45,56.69694568066818
199,2026-09-19T05:47:06.498+00:00,2026-09-19T05:52:06.545+00:00,2026-09-19T05:52:06.545+00:00,False,1,0.0,,0.0,300047.505725,300047.505725,300047.505725,300047.505725,300047.505725,300047.505725,nan,300047.505725,nan,nan,0.0,16,64,,True,False,TTFT timeout: 300.0s exceeded (TTFT: 300.033s),0,56.69694568066818
201,2026-09-19T05:47:07.357+00:00,2026-09-19T05:52:07.386+00:00,2026-09-19T05:52:07.386+00:00,False,1,0.0,,0.0,300029.50892299996,300029.50892299996,300029.50892299996,300029.50892299996,300029.50892299996,300029.50892299996,nan,300029.50892299996,nan,nan,0.0,16,64,,True,False,"HTTPConnectionPool(host='gpu03', port=9002): Read timed out.",0,56.69694568066818
202,2026-09-19T05:47:07.833+00:00,2026-09-19T05:52:07.851+00:00,2026-09-19T05:52:07.851+00:00,False,1,0.0,,0.0,300017.60829,300017.60829,300017.60829,300017.60829,300017.60829,300017.60829,nan,300017.60829,nan,nan,0.0,16,64,,True,False,TTFT timeout: 300.0s exceeded (TTFT: 300.007s),0,56.69694568066818
203,2026-09-19T05:47:08.300+00:00,2026-09-19T05:52:08.272+00:00,2026-09-19T05:52:08.386+00:00,False,3,2.0,,2.0,299971.33200199995,300085.82134599995,300085.82133999997,100028.60711333332,0.03805,299971.33200199995,173155.48850534894,269985.64393059997,57.244672,80.90260979254818,0.006664760071066448,16,64,,True,False,Request timeout: 300.0s exceeded,10,56.69694568066818
204,2026-09-19T05:47:08.926+00:00,2026-09-19T05:52:09.033+00:00,2026-09-19T05:52:09.033+00:00,False,1,0.0,,0.0,300106.915079,300106.915079,300106.915079,300106.915079,300106.915079,300106.915079,nan,300106.915079,nan,nan,0.0,16,64,,True,False,"HTTPConnectionPool(host='gpu03', port=9002): Read timed out.",0,56.69694568066818
205,2026-09-19T05:47:09.373+00:00,2026-09-19T05:52:09.466+00:00,2026-09-19T05:52:09.466+00:00,False,1,0.0,,0.0,300092.781183,300092.781183,300092.781183,300092.781183,300092.781183,300092.781183,nan,300092.781183,nan,nan,0.0,16,64,,True,False,TTFT timeout: 300.0s exceeded (TTFT: 300.086s),0,56.69694568066818
206,2026-09-19T05:47:09.979+00:00,2026-09-19T05:52:09.863+00:00,2026-09-19T05:52:09.997+00:00,False,3,2.0,,2.0,299884.388727,300017.82539899996,300017.825539,100005.94184633333,0.038058999999999996,299884.388727,173099.825510713,269909.2897296,66.718336,94.30039390671392,0.006666270570224148,16,64,,True,False,Request timeout: 300.0s exceeded,4,56.69694568066818
207,2026-09-19T05:47:10.382+00:00,2026-09-19T05:52:10.203+00:00,2026-09-19T05:52:10.405+00:00,False,4,3.0,,3.0,299821.42379900004,300022.964151,300022.96435300005,75005.74108825001,0.020390000000000002,299821.42379900004,149877.12933084473,254863.3588418,67.18011733333333,58.16263110106755,0.009999234586890208,16,64,,True,False,Request timeout: 300.0s exceeded,11,56.69694568066818
208,2026-09-19T05:47:10.946+00:00,2026-09-19T05:52:10.995+00:00,2026-09-19T05:52:10.995+00:00,False,1,0.0,,0.0,300048.87745599996,300048.87745599996,300048.87745599996,300048.87745599996,300048.87745599996,300048.87745599996,nan,300048.87745599996,nan,nan,0.0,16,64,,True,False,"HTTPConnectionPool(host='gpu03', port=9002): Read timed out.",0,56.69694568066818
209,2026-09-19T05:47:11.396+00:00,2026-09-19T05:52:11.360+00:00,2026-09-19T05:52:11.505+00:00,False,3,2.0,,2.0,299964.229934,300108.628014,300108.628019,100036.20933966666,0.042279000000000004,299964.229934,173142.75979859696,269982.24252120004,72.19904,102.04512517744294,0.006664253584561055,16,64,,True,False,Request timeout: 300.0s exceeded,8,56.69694568066818
210,2026-09-19T05:47:11.886+00:00,2026-09-19T05:52:11.635+00:00,2026-09-19T05:52:11.932+00:00,False,5,4.0,,4.0,299749.05653899995,300046.41205899994,300046.41186799994,60009.28237359999,0.019710000000000002,299749.05653899995,134018.6148630252,239819.54115919996,74.33888,49.575289722505694,0.013331270894229044,16,64,,True,False,Request timeout: 300.0s exceeded,14,56.69694568066818
211,2026-09-19T05:47:12.309+00:00,2026-09-19T05:52:12.420+00:00,2026-09-19T05:52:12.420+00:00,False,1,0.0,,0.0,300110.72875300003,300110.72875300003,300110.72875300003,300110.72875300003,300110.72875300003,300110.72875300003,nan,300110.72875300003,nan,nan,0.0,16,64,,True,False,"HTTPConnectionPool(host='gpu03', port=9002): Read timed out.",0,56.69694568066818
212,2026-09-19T05:47:12.735+00:00,2026-09-19T05:52:12.850+00:00,2026-09-19T05:52:12.850+00:00,False,1,0.0,,0.0,300115.145815,300115.145815,300115.145815,300115.145815,300115.145815,300115.145815,nan,300115.145815,nan,nan,0.0,16,64,,True,False,"HTTPConnectionPool(host='gpu03', port=9002): Read timed out.",0,56.69694568066818
213,2026-09-19T05:47:13.235+00:00,2026-09-19T05:52:13.096+00:00,2026-09-19T05:52:13.355+00:00,False,4,3.0,,3.0,299860.963824,300119.90167999995,300119.901647,75029.97541175,0.03532,299860.963824,149887.338104106,254902.13845245,86.31261866666667,74.95965321316467,0.00999600487407437,16,64,,True,False,Request timeout: 300.0s exceeded,22,56.69694568066818
214,2026-09-19T05:47:13.828+00:00,2026-09-19T05:52:13.564+00:00,2026-09-19T05:52:13.921+00:00,False,6,5.0,,5.0,299735.89409500005,300092.48366300005,300092.4836290001,50015.413938166676,0.11592,299735.89409500005,122337.55757882548,224827.95853475004,71.3179136,45.05564916467044,0.01666153026883184,16,64,,True,False,Request timeout: 300.0s exceeded,21,56.69694568066818
215,2026-09-19T05:47:14.228+00:00,2026-09-19T05:52:14.318+00:00,2026-09-19T05:52:14.318+00:00,False,1,0.0,,0.0,300090.206499,300090.206499,300090.206499,300090.206499,300090.206499,300090.206499,nan,300090.206499,nan,nan,0.0,16,64,,True,False,"HTTPConnectionPool(host='gpu03', port=9002): Read timed out.",0,56.69694568066818
216,2026-09-19T05:47:14.741+00:00,2026-09-19T05:52:14.784+00:00,2026-09-19T05:52:14.784+00:00,False,1,0.0,,0.0,300042.41001,300042.41001,300042.41001,300042.41001,300042.41001,300042.41001,nan,300042.41001,nan,nan,0.0,16,64,,True,False,TTFT timeout: 300.0s exceeded (TTFT: 300.032s),0,56.69694568066818
217,2026-09-19T05:47:15.243+00:00,2026-09-19T05:52:15.023+00:00,2026-09-19T05:52:15.348+00:00,False,5,4.0,,4.0,299779.94772000005,300104.32532000006,300104.32527300005,60020.86505460001,0.02077,299779.94772000005,134029.41019429496,239847.40237040006,81.0944,54.88605266954778,0.013328698264294645,16,64,,True,False,Request timeout: 300.0s exceeded,7,56.69694568066818
218,2026-09-19T05:47:15.717+00:00,2026-09-19T05:52:15.802+00:00,2026-09-19T05:52:15.802+00:00,False,1,0.0,,0.0,300084.948727,300084.948727,300084.948727,300084.948727,300084.948727,300084.948727,nan,300084.948727,nan,nan,0.0,16,64,,True,False,"HTTPConnectionPool(host='gpu03', port=9002): Read timed out.",0,56.69694568066818
219,2026-09-19T05:47:16.174+00:00,2026-09-19T05:52:16.258+00:00,2026-09-19T05:52:16.258+00:00,False,1,0.0,,0.0,300084.171568,300084.171568,300084.171568,300084.171568,300084.171568,300084.171568,nan,300084.171568,nan,nan,0.0,16,64,,True,False,TTFT timeout: 300.0s exceeded (TTFT: 300.069s),0,56.69694568066818
220,2026-09-19T05:47:16.560+00:00,2026-09-19T05:52:16.529+00:00,2026-09-19T05:52:17.536+00:00,False,12,11.0,,11.0,299968.50732,300976.04652,300976.046643,25081.33722025,0.02625,299968.50732,86567.01511985893,135058.2850388,91.59447272727273,36.36843779132493,0.03654775895685455,16,64,,True,False,Request timeout: 300.0s exceeded,52,56.69694568066818
221,2026-09-19T05:47:17.690+00:00,2026-09-19T05:52:17.640+00:00,2026-09-19T05:52:17.869+00:00,False,4,3.0,,3.0,299949.77221100003,300178.431411,300178.43135900004,75044.60783975001,0.03779,299949.77221100003,149936.78657792605,254977.0248059,76.21973333333332,68.16683936983054,0.009994055821727054,16,64,,True,False,Request timeout: 300.0s exceeded,12,56.69694568066818
223,2026-09-19T05:47:17.856+00:00,2026-09-19T05:52:17.980+00:00,2026-09-19T05:52:17.980+00:00,False,1,0.0,,0.0,300123.982184,300123.982184,300123.982184,300123.982184,300123.982184,300123.982184,nan,300123.982184,nan,nan,0.0,16,64,,True,False,"HTTPConnectionPool(host='gpu03', port=9002): Read timed out.",0,56.69694568066818
222,2026-09-19T05:47:17.808+00:00,2026-09-19T05:52:18.000+00:00,2026-09-19T05:52:18.000+00:00,False,1,0.0,,0.0,300191.954902,300191.954902,300191.954902,300191.954902,300191.954902,300191.954902,nan,300191.954902,nan,nan,0.0,16,64,,True,False,"HTTPConnectionPool(host='gpu03', port=9002): Read timed out.",0,56.69694568066818
224,2026-09-19T05:47:18.344+00:00,2026-09-19T05:52:18.365+00:00,2026-09-19T05:52:18.365+00:00,False,1,0.0,,0.0,300021.48408200004,300021.48408200004,300021.48408200004,300021.48408200004,300021.48408200004,300021.48408200004,nan,300021.48408200004,nan,nan,0.0,16,64,,True,False,"HTTPConnectionPool(host='gpu03', port=9002): Read timed out.",0,56.69694568066818
225,2026-09-19T05:47:18.783+00:00,2026-09-19T05:52:18.886+00:00,2026-09-19T05:52:18.886+00:00,False,1,0.0,,0.0,300102.76001200004,300102.76001200004,300102.76001200004,300102.76001200004,300102.76001200004,300102.76001200004,nan,300102.76001200004,nan,nan,0.0,16,64,,True,False,"HTTPConnectionPool(host='gpu03', port=9002): Read timed out.",0,56.69694568066818
226,2026-09-19T05:47:19.229+00:00,2026-09-19T05:52:19.140+00:00,2026-09-19T05:52:20.585+00:00,False,17,16.0,,16.0,299911.397593,301356.008665,301356.008683,17726.82404017647,0.038789000000000004,299911.397593,72717.32051840227,60188.6943634,90.288192,56.18769485561363,0.053093349858460176,16,64,,True,False,Request timeout: 300.0s exceeded,96,56.69694568066818
227,2026-09-19T05:47:19.909+00:00,2026-09-19T05:52:19.423+00:00,2026-09-19T05:52:20.686+00:00,False,16,15.0,,15.0,299513.751086,300777.221678,300777.221672,18798.5763545,0.03957,299513.751086,74857.38626827992,74958.68650175001,84.2313728,31.889963145449087,0.04987079778287997,16,64,,True,False,Request timeout: 300.0s exceeded,44,56.69694568066818
228,2026-09-19T05:47:20.448+00:00,2026-09-19T05:52:20.768+00:00,2026-09-19T05:52:20.768+00:00,False,1,0.0,,0.0,300320.328334,300320.328334,300320.328334,300320.328334,300320.328334,300320.328334,nan,300320.328334,nan,nan,0.0,16,64,,True,False,"HTTPConnectionPool(host='gpu03', port=9002): Read timed out.",0,56.69694568066818
0,2026-09-19T05:45:20.786+00:00,2026-09-19T05:45:21.011+00:00,2026-09-19T05:45:21.366+00:00,True,7,7.0,,7.0,225.27708900000002,580.171425,580.171358,82.88162257142857,35.197689,225.27708900000002,64.90286830763473,182.2962483,59.149056,17.991140858398946,12.065399463615432,17,64,,False,True,,27,56.69694568066818
1,2026-09-19T05:45:21.202+00:00,2026-09-19T05:45:21.366+00:00,2026-09-19T05:45:25.656+00:00,True,46,46.0,,46.0,164.39723999999998,4454.611896,4454.611787,96.83938667391304,45.898863,164.39723999999998,25.393499463049228,112.54050000000001,95.33810346666667,23.525541056052585,10.326376589912469,17,64,,False,True,,170,56.69694568066818
2,2026-09-19T05:45:21.803+00:00,2026-09-19T05:45:23.390+00:00,2026-09-19T05:45:27.104+00:00,True,40,40.0,,40.0,1586.726803,5300.940947,5300.940911,132.523522775,46.259522,1586.726803,236.73392394564507,110.1233005,95.2362601025641,20.991620051112456,7.545830145992758,17,64,,False,True,,175,56.69694568066818
3,2026-09-19T05:45:22.353+00:00,2026-09-19T05:45:27.106+00:00,2026-09-19T05:45:27.261+00:00,True,2,2.0,,2.0,4753.018438,4907.435334,4907.435278,2453.717639,154.41684,4753.018438,3251.702373921094,4523.0883581,154.416896,nan,0.40754485059507056,17,64,,False,True,,10,56.69694568066818
4,2026-09-19T05:45:22.730+00:00,2026-09-19T05:45:28.803+00:00,2026-09-19T05:45:34.403+00:00,True,57,57.0,,57.0,6072.796913,11672.206577,11672.206797,204.77555784210526,0.0,6072.796913,791.6023728928029,119.52497340000002,99.98945828571428,27.94802600983262,4.8833954080557564,17,64,,False,True,,180,56.69694568066818
5,2026-09-19T05:45:23.370+00:00,2026-09-19T05:45:32.338+00:00,2026-09-19T05:45:38.518+00:00,True,64,64.0,,64.0,8968.407627,15147.603531,15147.603479000001,236.68130435937502,0.0,8968.407627,1109.5958698753675,222.00400989999997,98.08247466666667,42.60413701410062,4.22509077881674,17,64,,False,True,,295,56.69694568066818
6,2026-09-19T05:45:23.992+00:00,2026-09-19T05:45:35.164+00:00,2026-09-19T05:45:44.156+00:00,True,92,92.0,,92.0,11171.529244000001,20163.448604,20163.448654,219.16792015217393,0.0,11171.529244000001,1155.4117016671528,186.66089085,98.81230065934066,48.35486628879965,4.562711558267327,17,64,,False,True,,334,56.69694568066818
7,2026-09-19T05:45:24.365+00:00,2026-09-19T05:45:37.489+00:00,2026-09-19T05:45:39.078+00:00,True,18,18.0,,18.0,13123.602143999999,14712.967647999998,14712.967530999998,817.3870850555555,51.958579,13123.602143999999,3071.2910551162236,2067.9006533999996,93.49208847058824,20.54266061241191,1.2234105607135501,17,64,,False,True,,63,56.69694568066818
8,2026-09-19T05:45:24.892+00:00,2026-09-19T05:45:40.159+00:00,2026-09-19T05:45:45.029+00:00,True,50,50.0,,50.0,15266.662722,20136.952129999998,20136.952035,402.7390407,0.0,15266.662722,2145.283455143309,127.432456,99.3936613877551,36.709532704961724,2.482997410790389,17,64,,False,True,,251,56.69694568066818
9,2026-09-19T05:45:25.398+00:00,2026-09-19T05:45:43.122+00:00,2026-09-19T05:45:46.812+00:00,True,39,39.0,,39.0,17724.438916000003,21414.331524,21414.331409000002,549.0854207435898,0.0,17724.438916000003,2823.088743347525,138.19636309999999,97.10243705263157,51.41428023172176,1.821210246805554,17,64,,False,True,,185,56.69694568066818
10,2026-09-19T05:45:25.901+00:00,2026-09-19T05:45:46.456+00:00,2026-09-19T05:45:47.729+00:00,True,14,14.0,,14.0,20554.742469999997,21827.761605999996,21827.761554999997,1559.1258253571427,44.475256,20554.742469999997,5467.337332230737,7264.8884094000005,97.92454892307693,16.422797999738627,0.6413850514178097,17,64,,False,True,,47,56.69694568066818
11,2026-09-19T05:45:26.501+00:00,2026-09-19T05:45:49.790+00:00,2026-09-19T05:45:57.697+00:00,True,84,84.0,,84.0,23289.697309,31196.095516999998,31196.095427,371.38208841666665,0.0,23289.697309,2531.6424731559387,115.80579790000002,95.25780973493976,68.72124285988447,2.69264465978523,17,64,,False,True,,405,56.69694568066818
12,2026-09-19T05:45:26.902+00:00,2026-09-19T05:45:51.663+00:00,2026-09-19T05:45:52.501+00:00,True,9,9.0,,9.0,24761.21113,25598.681082,25598.681219,2844.297913222222,0.019010000000000003,24761.21113,8220.016484484031,15037.480436799999,104.683744,148.5153110914034,0.35158061351561004,17,64,,False,True,,48,56.69694568066818
13,2026-09-19T05:45:27.421+00:00,2026-09-19T05:45:54.434+00:00,2026-09-19T05:46:00.224+00:00,True,64,64.0,,64.0,27013.148653,32803.125485,32803.125623,512.548837859375,0.0,27013.148653,3365.79056284494,114.8308115,91.90439415873017,65.90371126800173,1.9510335998094301,17,64,,False,True,,351,56.69694568066818
14,2026-09-19T05:45:27.933+00:00,2026-09-19T05:45:57.066+00:00,2026-09-19T05:46:02.562+00:00,True,57,57.0,,57.0,29133.141292,34629.666348,34629.666537,607.5380094210526,0.0,29133.141292,3846.3644868176516,114.89107840000001,98.15223314285716,67.75997373132569,1.6459875595449385,17,64,,False,True,,215,56.69694568066818
15,2026-09-19T05:45:28.478+00:00,2026-09-19T05:46:00.547+00:00,2026-09-19T05:46:07.955+00:00,True,75,75.0,,75.0,32069.006142000002,39476.983358000005,39476.983276,526.3597770133333,0.0,32069.006142000002,3692.460306525719,114.2397045,100.10780021621622,86.94318493703078,1.8998412143059877,17,64,,False,True,,304,56.69694568066818
16,2026-09-19T05:45:28.945+00:00,2026-09-19T05:46:02.880+00:00,2026-09-19T05:46:07.755+00:00,True,50,50.0,,50.0,33935.107696,38810.41496,38810.414808,776.20829616,0.0,33935.107696,4786.263119642283,357.31378995,99.4960666122449,107.6041898187968,1.2883139758111979,17,64,,False,True,,226,56.69694568066818
17,2026-09-19T05:45:29.549+00:00,2026-09-19T05:46:06.524+00:00,2026-09-19T05:46:08.455+00:00,True,21,21.0,,21.0,36975.135325,38905.564253000004,38905.564208,1852.6459146666668,0.01749,36975.135325,8048.286474762675,528.537558,96.5214464,109.92292243864912,0.539768549903005,17,64,,False,True,,94,56.69694568066818
18,2026-09-19T05:45:30.202+00:00,2026-09-19T05:46:09.363+00:00,2026-09-19T05:46:12.929+00:00,True,37,37.0,,37.0,39161.421101,42727.532333,42727.532294,1154.798170108108,0.0,39161.421101,6422.824813758026,237.13972320000002,99.05864533333333,115.62854781314508,0.8659521853880519,17,64,,False,True,,160,56.69694568066818
19,2026-09-19T05:45:30.580+00:00,2026-09-19T05:46:11.150+00:00,2026-09-19T05:46:16.035+00:00,True,52,52.0,,52.0,40569.787321,45454.852793000005,45454.852731000006,874.1317832884616,0.0,40569.787321,5613.5675450788885,111.34192835,95.78559749019608,97.68717684265997,1.1439922649580758,17,64,,False,True,,188,56.69694568066818
20,2026-09-19T05:45:31.140+00:00,2026-09-19T05:46:14.359+00:00,2026-09-19T05:46:16.291+00:00,True,22,22.0,,22.0,43219.136229,45151.124453000004,45151.124479000006,2052.3238399545457,42.428262000000004,43219.136229,9194.762390974809,110.32300364999999,91.99943923809523,22.377299803610608,0.48725253837035376,17,64,,False,True,,115,56.69694568066818
21,2026-09-19T05:45:31.500+00:00,2026-09-19T05:46:16.242+00:00,2026-09-19T05:46:24.545+00:00,True,85,85.0,,85.0,44741.779632,53044.520112,53044.520142,624.0531781411764,0.0,44741.779632,4843.667338245966,113.5002658,98.84214857142857,119.66881050040004,1.602427542383796,17,64,,False,True,,319,56.69694568066818
22,2026-09-19T05:45:32.099+00:00,2026-09-19T05:46:19.456+00:00,2026-09-19T05:46:27.038+00:00,True,75,75.0,,75.0,47357.634449,54939.491729,54939.491685,732.5265558,0.0,47357.634449,5458.1788178724055,119.50609619999999,102.45753081081081,133.92200799540598,1.3651382209713998,17,64,,False,True,,381,56.69694568066818
23,2026-09-19T05:45:32.713+00:00,2026-09-19T05:46:23.542+00:00,2026-09-19T05:46:27.038+00:00,True,34,34.0,,34.0,50828.425355,54324.492683,54324.492739,1597.7791982058823,52.369668,50828.425355,8698.841195013858,118.22176775,105.94143418181818,11.181001730845994,0.6258687071115488,17,64,,False,True,,132,56.69694568066818
24,2026-09-19T05:45:33.184+00:00,2026-09-19T05:46:25.610+00:00,2026-09-19T05:46:30.239+00:00,True,46,46.0,,46.0,52425.305465000005,57054.218873000005,57054.218867,1240.3091058043478,0.0,52425.305465000005,7715.351354859643,117.37359224999999,102.86474240000001,114.33162471320587,0.8062506315684355,17,64,,False,True,,202,56.69694568066818
25,2026-09-19T05:45:33.702+00:00,2026-09-19T05:46:28.388+00:00,2026-09-19T05:46:33.022+00:00,True,47,47.0,,47.0,54685.946585,59320.651993,59320.651992,1262.1415317446808,0.0,54685.946585,7962.845584021945,113.527395,100.75446539130435,112.46609145366739,0.7923041709916832,17,64,,False,True,,205,56.69694568066818
26,2026-09-19T05:45:34.099+00:00,2026-09-19T05:46:30.660+00:00,2026-09-19T05:46:32.104+00:00,True,15,15.0,,15.0,56561.2129,58004.85706,58004.857072,3866.990471466667,52.904316,56561.2129,14577.424451015126,17045.608730699998,103.11744,14.704126863727266,0.25859903394786504,17,64,,False,True,,68,56.69694568066818
27,2026-09-19T05:45:34.477+00:00,2026-09-19T05:46:33.018+00:00,2026-09-19T05:46:34.934+00:00,True,19,19.0,,19.0,58540.965949,60457.804861,60457.805023,3181.9897380526313,95.177698,58540.965949,13405.788824990994,5956.6349107,106.49105066666667,5.012146062156374,0.3142687704868438,17,64,,False,True,,78,56.69694568066818
28,2026-09-19T05:45:35.013+00:00,2026-09-19T05:46:35.936+00:00,2026-09-19T05:46:45.485+00:00,True,97,97.0,,97.0,60923.468101000006,70472.104517,70472.10462000001,726.5165424742269,0.0,60923.468101000006,6176.71968149798,114.95366979999999,99.46496266666666,110.48067595099243,1.3764311519404202,17,64,,False,True,,467,56.69694568066818
29,2026-09-19T05:45:35.439+00:00,2026-09-19T05:46:38.043+00:00,2026-09-19T05:46:43.245+00:00,True,53,53.0,,53.0,62604.655630999994,67806.31963099999,67806.31964799999,1279.3645216603772,0.0,62604.655630999994,8586.503404737041,113.75657299999999,100.032,120.7718289656988,0.7816380580515865,17,64,,False,True,,248,56.69694568066818
30,2026-09-19T05:45:35.801+00:00,2026-09-19T05:46:40.119+00:00,2026-09-19T05:46:46.724+00:00,True,68,68.0,,68.0,64317.446158,70922.95195,70922.952091,1042.9845895735293,43.168489,64317.446158,7787.703224294893,112.8433575,98.58963868656716,19.05833400171775,0.9587869389297183,17,64,,False,True,,241,56.69694568066818
31,2026-09-19T05:45:36.394+00:00,2026-09-19T05:46:43.403+00:00,2026-09-19T05:46:51.333+00:00,True,79,79.0,,79.0,67009.58708299999,74939.56365899999,74939.56366799999,948.6020717468353,0.0,67009.58708299999,7528.530202076346,109.85268989999999,101.66636635897436,110.5287415297949,1.0541828126925898,17,64,,False,True,,362,56.69694568066818
32,2026-09-19T05:45:37.114+00:00,2026-09-19T05:46:45.778+00:00,2026-09-19T05:46:51.610+00:00,True,62,62.0,,62.0,68663.66182,74496.41906799999,74496.41919599999,1201.5551483225806,0.0,68663.66182,8709.064573916465,113.19722819999998,95.61897127868852,127.24845253774218,0.8322547684259385,17,64,,False,True,,265,56.69694568066818
33,2026-09-19T05:45:37.452+00:00,2026-09-19T05:46:48.488+00:00,2026-09-19T05:46:49.851+00:00,True,15,15.0,,15.0,71036.640767,72399.400703,72399.40073000001,4826.626715333334,45.683912,71036.640767,18316.45550942086,21392.530748000005,97.33999542857143,16.392377980602483,0.2071840354250121,17,64,,False,True,,95,56.69694568066818
34,2026-09-19T05:45:37.892+00:00,2026-09-19T05:46:51.339+00:00,2026-09-19T05:46:56.820+00:00,True,57,57.0,,57.0,73446.859315,78928.337971,78928.33793499999,1384.7076830701753,0.0,73446.859315,9715.951574138497,142.552358,97.88354742857143,112.73669521191822,0.7221740817720379,17,64,,False,True,,83,56.69694568066818
35,2026-09-19T05:45:38.512+00:00,2026-09-19T05:46:53.970+00:00,2026-09-19T05:47:00.660+00:00,True,67,67.0,,67.0,75457.719948,82147.26106799999,82147.261044,1226.0785230447761,0.01723,75457.719948,9206.799621803155,114.9770563,101.35668363636364,101.8275462777329,0.8156084466959724,17,64,,False,True,,305,56.69694568066818
36,2026-09-19T05:45:39.110+00:00,2026-09-19T05:46:57.447+00:00,2026-09-19T05:47:04.863+00:00,True,67,67.0,,67.0,78336.113225,85752.693577,85752.69369599999,1279.890950686567,0.0,78336.113225,9557.546157605519,116.6181042,112.37242957575758,138.97907896001144,0.781316565173998,17,64,,False,True,,301,56.69694568066818
37,2026-09-19T05:45:39.535+00:00,2026-09-19T05:47:00.345+00:00,2026-09-19T05:47:02.885+00:00,True,26,26.0,,26.0,80809.695156,83349.285812,83349.285757,3205.7417598846155,48.175256999999995,80809.695156,15828.1708806065,114.10514775,101.58362624,16.214243292327975,0.31194028535103197,17,64,,False,True,,104,56.69694568066818
38,2026-09-19T05:45:40.116+00:00,2026-09-19T05:47:04.867+00:00,2026-09-19T05:47:04.867+00:00,True,6,6.0,,6.0,84751.334069,84751.334069,84751.334069,14125.222344833333,0.0,84751.334069,34599.587248201,63563.500551749996,0.0,0.0,0.070795345771373,17,64,,False,True,,25,56.69694568066818
39,2026-09-19T05:45:40.612+00:00,2026-09-19T05:47:07.083+00:00,2026-09-19T05:47:09.972+00:00,True,30,30.0,,30.0,86470.587588,89359.653828,89359.65396,2978.655132,52.549177,86470.587588,15769.114484888803,111.30426045,99.62297379310344,13.931157619715828,0.33572198094840633,17,64,,False,True,,178,56.69694568066818
40,2026-09-19T05:45:41.166+00:00,2026-09-19T05:47:10.080+00:00,2026-09-19T05:47:17.584+00:00,True,77,77.0,,77.0,88913.642768,96418.08104,96418.08105200001,1252.1828708051949,0.01636,88913.642768,10122.091035938942,112.3271802,98.74260884210527,119.30013308058999,0.7986053981727326,17,64,,False,True,,313,56.69694568066818
41,2026-09-19T05:45:41.710+00:00,2026-09-19T05:47:12.826+00:00,2026-09-19T05:47:12.931+00:00,True,2,2.0,,2.0,91115.27361399999,91220.84084599999,91220.840806,45610.420403,105.56719199999999,91115.27361399999,64353.580564793076,86564.7882929,105.567232,nan,0.021924814345621102,17,64,,False,True,,10,56.69694568066818
42,2026-09-19T05:45:42.243+00:00,2026-09-19T05:47:16.200+00:00,2026-09-19T05:47:23.148+00:00,True,71,71.0,,71.0,93957.02559800001,100905.83251000001,100905.83254500001,1421.2089090845072,0.0,93957.02559800001,11140.795367059536,112.53809099999998,99.26867017142858,208.80297326403863,0.7036263240082156,17,64,,False,True,,255,56.69694568066818
43,2026-09-19T05:45:42.856+00:00,2026-09-19T05:47:20.403+00:00,2026-09-19T05:47:25.122+00:00,True,60,60.0,,60.0,97547.162703,102266.39188699999,102266.39182199999,1704.4398637,0.0,97547.162703,12583.030713081696,112.26883294999999,79.9869353220339,43.05980798421312,0.5867030105677087,17,64,,False,True,,217,56.69694568066818
44,2026-09-19T05:45:43.237+00:00,2026-09-19T05:47:21.190+00:00,2026-09-19T05:47:28.332+00:00,True,73,73.0,,73.0,97952.782146,105094.53037,105094.53056099999,1439.6511035753424,47.883197,97952.782146,11452.91195560996,111.9112996,99.19094755555555,18.90406811550728,0.6946127428610537,17,64,,False,True,,307,56.69694568066818
45,2026-09-19T05:45:43.814+00:00,2026-09-19T05:47:24.474+00:00,2026-09-19T05:47:33.927+00:00,True,97,97.0,,97.0,100660.247134,110113.568862,110113.568851,1135.1914314536084,45.783542000000004,100660.247134,10210.514780753378,113.200986,98.47210133333333,16.701314616488055,0.880908692747625,17,64,,False,True,,334,56.69694568066818
46,2026-09-19T05:45:44.291+00:00,2026-09-19T05:47:27.079+00:00,2026-09-19T05:47:28.844+00:00,True,19,19.0,,19.0,102787.565355,104552.672555,104552.672484,5502.772236,51.14797,102787.565355,23558.593484775884,10376.531702999999,98.0615111111111,16.712643400040626,0.18172658369880537,17,64,,True,True,,90,56.69694568066818
47,2026-09-19T05:45:44.803+00:00,2026-09-19T05:47:29.908+00:00,2026-09-19T05:47:33.036+00:00,True,33,33.0,,33.0,105104.9615,108233.12610800001,108233.126109,3279.791700272727,49.242774,105104.9615,18279.414785986104,108.2347768,97.755144,15.595710848299566,0.3048974116027202,17,64,,True,True,,164,56.69694568066818
48,2026-09-19T05:45:45.447+00:00,2026-09-19T05:47:33.616+00:00,2026-09-19T05:47:42.186+00:00,True,89,89.0,,89.0,108169.317661,116739.667741,116739.66769199999,1311.6816594606742,46.944050000000004,108169.317661,11455.61760108344,111.2987934,97.39034181818181,19.385765650020005,0.7623801037146727,17,64,,True,True,,425,56.69694568066818
49,2026-09-19T05:45:45.974+00:00,2026-09-19T05:47:36.344+00:00,2026-09-19T05:47:42.822+00:00,True,68,68.0,,68.0,110370.27590000001,116848.444988,116848.44511900001,1718.3594870441177,42.993298,110370.27590000001,13372.653871085236,113.03687055,96.68909086567163,21.62277058281235,0.5819504059894285,17,64,,True,True,,288,56.69694568066818
50,2026-09-19T05:45:46.378+00:00,2026-09-19T05:47:38.276+00:00,2026-09-19T05:47:46.461+00:00,True,84,84.0,,84.0,111898.16756100001,120082.62196100001,120082.62199300001,1429.5550237261905,45.337543,111898.16756100001,12198.346064844398,112.29716094999999,98.6078843373494,18.62265546705588,0.6995183701708413,17,64,,True,True,,503,56.69694568066818
51,2026-09-19T05:45:46.825+00:00,2026-09-19T05:47:40.637+00:00,2026-09-19T05:47:45.322+00:00,True,47,47.0,,47.0,113812.10913,118496.63649,118496.636363,2521.2050289999997,46.066661,113812.10913,16586.35430227716,113.6799582,101.83755130434783,14.851852790693815,0.39663573070250274,17,64,,True,True,,192,56.69694568066818
52,2026-09-19T05:45:47.476+00:00,2026-09-19T05:47:44.284+00:00,2026-09-19T05:47:52.989+00:00,True,88,88.0,,88.0,116807.764589,125513.005677,125513.005492,1426.2841533181818,46.661190000000005,116807.764589,12441.092164797048,109.83077320000001,100.0602423908046,15.117362232827254,0.7011225611667893,17,64,,True,True,,217,56.69694568066818
53,2026-09-19T05:45:47.883+00:00,2026-09-19T05:47:46.463+00:00,2026-09-19T05:47:48.333+00:00,True,19,19.0,,19.0,118579.992354,120449.326114,120449.326072,6339.43821431579,94.729967,118579.992354,27180.291089044204,11961.1037214,103.85187555555555,4.64276789565999,0.15774268410615544,17,64,,True,True,,87,56.69694568066818
54,2026-09-19T05:45:48.537+00:00,2026-09-19T05:47:50.120+00:00,2026-09-19T05:47:50.919+00:00,True,9,9.0,,9.0,121582.430667,122381.876427,122381.87647999999,13597.986275555555,53.734322999999996,121582.430667,40494.17049311949,72993.4685362,99.93072,18.868154537249445,0.0735403007598796,17,64,,True,True,,31,56.69694568066818
55,2026-09-19T05:45:49.060+00:00,2026-09-19T05:47:52.989+00:00,2026-09-19T05:47:55.181+00:00,True,23,23.0,,23.0,123928.482934,126120.426102,126120.425992,5483.49678226087,49.376294,123928.482934,25820.102471168204,108.72510740000001,99.63378036363636,11.734968505119806,0.18236538450479647,17,64,,True,True,,86,56.69694568066818
56,2026-09-19T05:45:49.629+00:00,2026-09-19T05:47:55.331+00:00,2026-09-19T05:48:02.755+00:00,True,76,76.0,,76.0,125701.980892,133126.537692,133126.53768900002,1751.6649695921053,41.240342,125701.980892,14407.659714988586,110.29139725,98.99409066666666,16.228874880171162,0.5708854246313587,17,64,,True,True,,328,56.69694568066818
57,2026-09-19T05:45:50.044+00:00,2026-09-19T05:47:57.690+00:00,2026-09-19T05:48:05.557+00:00,True,80,80.0,,80.0,127646.29067100001,135513.089775,135513.089795,1693.9136224375002,44.662214,127646.29067100001,14260.166154678933,113.36960884999999,99.57973549367088,17.296421661788244,0.5903488742882956,17,64,,True,True,,335,56.69694568066818
58,2026-09-19T05:45:50.599+00:00,2026-09-19T05:48:00.887+00:00,2026-09-19T05:48:05.925+00:00,True,53,53.0,,53.0,130288.816507,135326.152059,135326.15213899998,2553.323625264151,43.476438,130288.816507,17883.25045124409,110.38735159999999,96.87183753846153,20.48772569752014,0.3916463979326987,17,64,,True,True,,248,56.69694568066818
59,2026-09-19T05:45:51.183+00:00,2026-09-19T05:48:03.797+00:00,2026-09-19T05:48:08.414+00:00,True,48,48.0,,48.0,132613.60145299998,137231.01175699997,137231.011637,2858.9794091041663,46.273301,132613.60145299998,19126.95570344448,112.70572305,98.24277242553191,20.924140941143587,0.3497751666000639,17,64,,True,True,,153,56.69694568066818
60,2026-09-19T05:45:51.750+00:00,2026-09-19T05:48:06.563+00:00,2026-09-19T05:48:12.271+00:00,True,57,57.0,,57.0,134812.744527,140521.31540700002,140521.315483,2465.2862365438596,47.029807999999996,134812.744527,17842.88832553788,111.5511868,101.93876571428572,15.03093236783259,0.40563241124599214,17,64,,True,True,,312,56.69694568066818
61,2026-09-19T05:45:52.259+00:00,2026-09-19T05:48:09.728+00:00,2026-09-19T05:48:17.538+00:00,True,78,78.0,,78.0,137468.269944,145278.786168,145278.786218,1862.5485412564103,41.492752,137468.269944,15553.738229288028,112.20752789999999,101.43527563636364,14.86861946975593,0.5368987589819275,17,64,,True,True,,277,56.69694568066818
62,2026-09-19T05:45:52.781+00:00,2026-09-19T05:48:12.573+00:00,2026-09-19T05:48:17.590+00:00,True,51,51.0,,51.0,139791.808213,144808.63637300002,144808.636281,2839.3850251176473,41.167043,139791.808213,19560.725179861613,112.0037055,100.3365632,16.248526526403268,0.3521889389845059,17,64,,True,True,,198,56.69694568066818
63,2026-09-19T05:45:53.269+00:00,2026-09-19T05:48:15.427+00:00,2026-09-19T05:48:21.760+00:00,True,64,64.0,,64.0,142158.526112,148490.76214399998,148490.76236599998,2320.1681619687497,47.502118,142158.526112,17757.259787193445,113.35421595,100.51168304761904,16.974142325556254,0.4310032427332789,17,64,,True,True,,286,56.69694568066818
64,2026-09-19T05:45:53.634+00:00,2026-09-19T05:48:16.994+00:00,2026-09-19T05:48:26.042+00:00,True,94,94.0,,94.0,143359.972974,152407.314542,152407.31461,1621.354410744681,45.217554,143359.972974,14776.431705746149,112.15817425000002,97.28324266666667,20.087770469121757,0.6167682980471106,17,64,,True,True,,451,56.69694568066818
65,2026-09-19T05:45:54.163+00:00,2026-09-19T05:48:20.253+00:00,2026-09-19T05:48:26.883+00:00,True,70,70.0,,70.0,146089.492976,152720.33304,152720.333045,2181.7190435,45.278373,146089.492976,17449.560409942613,112.24809239999999,96.09913136231884,20.87057568729652,0.4583541602261032,17,64,,True,True,,299,56.69694568066818
66,2026-09-19T05:45:54.827+00:00,2026-09-19T05:48:23.622+00:00,2026-09-19T05:48:28.898+00:00,True,56,56.0,,56.0,148795.435209,154071.733449,154071.73337499998,2751.280953125,46.270120000000006,148795.435209,19870.818056880387,111.17005775,95.93269527272727,21.291931651022104,0.363467060092089,17,64,,True,True,,230,56.69694568066818
67,2026-09-19T05:45:55.463+00:00,2026-09-19T05:48:27.739+00:00,2026-09-19T05:48:31.023+00:00,True,35,35.0,,35.0,152276.10987400002,155559.59096200002,155559.59102400002,4444.559743542857,47.794907,152276.10987400002,25723.0435669848,110.4934546,96.5729731764706,19.191181378694374,0.22499416322423846,17,64,,True,True,,123,56.69694568066818
68,2026-09-19T05:45:56.055+00:00,2026-09-19T05:48:30.556+00:00,2026-09-19T05:48:38.264+00:00,True,78,78.0,,78.0,154501.156125,162208.583709,162208.583729,2079.597227294872,47.218889000000004,154501.156125,17482.487061386466,115.30046235,100.09646212987013,18.509350486019553,0.4808623453610256,17,64,,True,True,,306,56.69694568066818
69,2026-09-19T05:45:56.417+00:00,2026-09-19T05:48:32.337+00:00,2026-09-19T05:48:35.528+00:00,True,32,32.0,,32.0,155919.239417,159111.154681,159111.154518,4972.2235786875,52.000538,155919.239417,27544.68940203491,114.1818033,102.96500851612903,13.78416890710115,0.20111726336319036,17,64,,True,True,,44,56.69694568066818
70,2026-09-19T05:45:56.872+00:00,2026-09-19T05:48:34.628+00:00,2026-09-19T05:48:35.635+00:00,True,11,11.0,,11.0,157755.405809,158762.286065,158762.28597899998,14432.935088999999,51.021339999999995,157755.405809,47534.68905164682,78933.78008249999,100.68802559999999,18.128346052290176,0.0692859763652963,17,64,,True,True,,35,56.69694568066818
71,2026-09-19T05:45:57.497+00:00,2026-09-19T05:48:38.263+00:00,2026-09-19T05:48:48.239+00:00,True,100,100.0,,100.0,160765.86306,170741.9181,170741.91812000002,1707.4191812000001,41.335663000000004,160765.86306,16066.517723246165,113.11530840000002,100.76823272727273,16.355309798303896,0.5856792585721806,17,64,,True,True,,400,56.69694568066818
72,2026-09-19T05:45:58.124+00:00,2026-09-19T05:48:41.749+00:00,2026-09-19T05:48:44.659+00:00,True,30,30.0,,30.0,163624.807431,166535.285511,166535.285523,5551.1761841,51.01048,163624.807431,29855.345970350965,112.2952277,100.36131310344827,14.407141829228165,0.18014200358769278,17,64,,True,True,,101,56.69694568066818
73,2026-09-19T05:45:58.763+00:00,2026-09-19T05:48:45.276+00:00,2026-09-19T05:48:45.276+00:00,True,1,1.0,,1.0,166512.930181,166512.930181,166512.930181,166512.930181,166512.930181,166512.930181,nan,166512.930181,nan,nan,0.0060055396233373425,17,64,,True,True,,3,56.69694568066818
74,2026-09-19T05:45:59.304+00:00,2026-09-19T05:48:48.443+00:00,2026-09-19T05:48:53.425+00:00,True,50,50.0,,50.0,169138.418392,174120.33608799998,174120.336062,3482.40672124,50.702561,169138.418392,23905.409544900373,111.65871849999999,101.67178971428572,13.230268360062643,0.28715772737039813,17,64,,True,True,,230,56.69694568066818
75,2026-09-19T05:45:59.955+00:00,2026-09-19T05:48:51.471+00:00,2026-09-19T05:48:58.582+00:00,True,71,71.0,,71.0,171516.35658199998,178627.27139799998,178627.271414,2515.8770621690137,50.012232000000004,171516.35658199998,20343.19575867755,112.32930100000002,101.58449737142857,14.385084718645981,0.3974757014666852,17,64,,True,True,,250,56.69694568066818
76,2026-09-19T05:46:00.566+00:00,2026-09-19T05:48:54.676+00:00,2026-09-19T05:48:59.298+00:00,True,48,48.0,,48.0,174109.677458,178731.869586,178731.869483,3723.5806142291663,49.645353,174109.677458,25116.379106592954,112.1192305,98.34451336170213,18.442400712060724,0.26855870814300387,17,64,,True,True,,165,56.69694568066818
77,2026-09-19T05:46:00.951+00:00,2026-09-19T05:48:57.035+00:00,2026-09-19T05:48:57.999+00:00,True,10,10.0,,10.0,176083.826935,177048.35941499998,177048.359305,17704.835930499998,99.023647,176083.826935,55648.70516308838,96897.1705456,107.17027555555555,4.372522325686374,0.05648174336685084,17,64,,True,True,,27,56.69694568066818
78,2026-09-19T05:46:01.345+00:00,2026-09-19T05:48:59.297+00:00,2026-09-19T05:49:07.129+00:00,True,79,79.0,,79.0,177951.75805,185783.493858,185783.493855,2351.6897956329112,44.074716,177951.75805,20009.84690211359,112.402625,100.40686933333333,16.313142866841883,0.42522615093234334,17,64,,True,True,,366,56.69694568066818
79,2026-09-19T05:46:01.798+00:00,2026-09-19T05:49:01.311+00:00,2026-09-19T05:49:10.942+00:00,True,97,97.0,,97.0,179513.026338,189143.86640199999,189143.866409,1949.9367671030927,45.417953000000004,179513.026338,18216.609698402775,113.7942792,100.32125066666667,18.6917497570947,0.5128371426744522,17,64,,True,True,,396,56.69694568066818
80,2026-09-19T05:46:02.424+00:00,2026-09-19T05:49:05.217+00:00,2026-09-19T05:49:09.066+00:00,True,39,39.0,,39.0,182793.636715,186642.900075,186642.900078,4785.715386615385,47.377928999999995,182793.636715,29254.19275432643,114.98000599999999,101.29640421052632,18.32113556538559,0.20895517581610853,17,64,,True,True,,153,56.69694568066818
81,2026-09-19T05:46:02.824+00:00,2026-09-19T05:49:07.343+00:00,2026-09-19T05:49:14.552+00:00,True,73,73.0,,73.0,184519.17053499998,191727.341031,191727.34104499998,2626.401932123287,47.461387,184519.17053499998,21584.625682306505,112.55119739999998,100.1134791111111,18.335646651012944,0.3807490345792507,17,64,,True,True,,337,56.69694568066818
82,2026-09-19T05:46:03.312+00:00,2026-09-19T05:49:10.032+00:00,2026-09-19T05:49:12.556+00:00,True,26,26.0,,26.0,186720.440614,189244.04227799998,189244.04216699998,7278.617006423076,47.407868,186720.440614,36599.09769929143,113.98211275,100.94406656,15.84829982042334,0.1373887372465123,17,64,,True,True,,136,56.69694568066818
83,2026-09-19T05:46:03.927+00:00,2026-09-19T05:49:13.088+00:00,2026-09-19T05:49:14.555+00:00,True,16,16.0,,16.0,189161.414177,190628.747297,190628.747284,11914.29670525,48.732546,189161.414177,47265.90171348188,47373.83525525,97.822208,19.413359263235847,0.08393277628306484,17,64,,True,True,,61,56.69694568066818
84,2026-09-19T05:46:04.365+00:00,2026-09-19T05:49:15.583+00:00,2026-09-19T05:49:22.462+00:00,True,70,70.0,,70.0,191217.50045,198096.044578,198096.044378,2829.9434911142857,43.342048000000005,191217.50045,22842.95394596359,112.59659149999999,99.68904533333333,17.158885846300706,0.3533639460046746,17,64,,True,True,,103,56.69694568066818
85,2026-09-19T05:46:04.779+00:00,2026-09-19T05:49:17.927+00:00,2026-09-19T05:49:25.232+00:00,True,74,74.0,,74.0,193148.107139,200453.352323,200453.352143,2708.8290830135134,43.183278,193148.107139,22441.384639874712,112.1658855,100.07185183561644,17.030134492507575,0.369163195039813,17,64,,True,True,,343,56.69694568066818
86,2026-09-19T05:46:05.150+00:00,2026-09-19T05:49:19.768+00:00,2026-09-19T05:49:28.987+00:00,True,90,90.0,,90.0,194618.442761,203836.92800900002,203836.92807300002,2264.8547563666666,50.471991,194618.442761,20503.66960275697,111.318373,103.57848593258427,10.398613936959205,0.4415294170643419,17,64,,True,True,,427,56.69694568066818
87,2026-09-19T05:46:05.688+00:00,2026-09-19T05:49:22.893+00:00,2026-09-19T05:49:23.741+00:00,True,10,10.0,,10.0,197205.468693,198053.592597,198053.592637,19805.3592637,46.649589999999996,197205.468693,62332.049226077346,108512.79448920001,94.23598933333332,24.989756848311426,0.05049138401820374,17,64,,True,True,,23,56.69694568066818
88,2026-09-19T05:46:06.264+00:00,2026-09-19T05:49:26.093+00:00,2026-09-19T05:49:34.605+00:00,True,83,83.0,,83.0,199828.191268,208340.754468,208340.754442,2510.1295715903616,49.095885,199828.191268,21922.602933453458,113.43194019999999,103.81174634146342,13.67531540988976,0.39838580892126096,17,64,,True,True,,334,56.69694568066818
90,2026-09-19T05:46:07.368+00:00,2026-09-19T05:49:30.808+00:00,2026-09-19T05:49:35.689+00:00,True,47,47.0,,47.0,203439.54939700002,208321.24539700002,208321.24530200002,4432.36692131915,48.587644999999995,203439.54939700002,29659.231126573606,115.42452229999999,106.12382608695651,12.875873286421166,0.22561309054403741,17,64,,True,True,,216,56.69694568066818
89,2026-09-19T05:46:07.359+00:00,2026-09-19T05:49:31.565+00:00,2026-09-19T05:49:32.163+00:00,True,7,7.0,,7.0,204206.407043,204804.694147,204804.69422600002,29257.813460857145,51.989498,204206.407043,77145.0815192588,142978.7858174,99.71451733333333,23.74830564466606,0.0341789040976556,17,64,,True,True,,29,56.69694568066818
91,2026-09-19T05:46:08.004+00:00,2026-09-19T05:49:36.390+00:00,2026-09-19T05:49:39.494+00:00,True,32,32.0,,32.0,208385.857576,211489.50916000002,211489.50915300002,6609.047161031251,50.230192,208385.857576,36820.06703862147,109.29941920000002,100.11779303225806,13.178503415493662,0.15130774158537935,17,64,,True,True,,121,56.69694568066818
92,2026-09-19T05:46:08.402+00:00,2026-09-19T05:49:38.780+00:00,2026-09-19T05:49:39.494+00:00,True,8,8.0,,8.0,210377.928118,211091.639734,211091.639739,26386.454967375,98.07055,210377.928118,74343.7819722615,136783.28483115,101.95880228571428,3.243745963339593,0.03789823230366172,17,64,,True,True,,28,56.69694568066818
93,2026-09-19T05:46:08.930+00:00,2026-09-19T05:49:41.256+00:00,2026-09-19T05:49:47.546+00:00,True,66,66.0,,66.0,212326.09008199998,218615.63350599998,218615.63348,3312.3580830303026,46.642753,212326.09008199998,26123.632557096455,112.20174875000001,96.76220652307693,20.807732380326257,0.3018997266642809,17,64,,True,True,,253,56.69694568066818
94,2026-09-19T05:46:09.372+00:00,2026-09-19T05:49:44.061+00:00,2026-09-19T05:49:53.492+00:00,True,99,99.0,,99.0,214688.32372400002,224120.02164400002,224120.02156800003,2263.83860169697,46.702242,214688.32372400002,21567.323922097858,111.3562289,96.24181551020408,18.909123783368827,0.4417276032449034,17,64,,True,True,,473,56.69694568066818
95,2026-09-19T05:46:09.864+00:00,2026-09-19T05:49:46.420+00:00,2026-09-19T05:49:47.072+00:00,True,8,8.0,,8.0,216555.880367,217208.248239,217208.24830500002,27151.031038125002,45.920533999999996,216555.880367,76531.12133897223,140801.26462950002,93.19541028571429,30.293150703292813,0.03683101385356871,17,64,,True,True,,34,56.69694568066818
96,2026-09-19T05:46:10.378+00:00,2026-09-19T05:49:48.847+00:00,2026-09-19T05:49:57.710+00:00,True,91,91.0,,91.0,218469.636925,227332.301373,227332.30133,2498.1571574725276,47.308690000000006,218469.636925,22891.52404241972,112.39397199999999,98.47404942222222,16.88819408990806,0.4002950722374025,17,64,,True,True,,421,56.69694568066818
97,2026-09-19T05:46:10.993+00:00,2026-09-19T05:49:52.020+00:00,2026-09-19T05:49:53.860+00:00,True,20,20.0,,20.0,221026.590384,222867.341488,222867.34145500002,11143.367072750001,46.795692,221026.590384,49401.387616249915,11155.494878850002,96.88163705263158,17.436244247491416,0.08973948298780633,17,64,,True,True,,63,56.69694568066818
98,2026-09-19T05:46:11.608+00:00,2026-09-19T05:49:55.538+00:00,2026-09-19T05:49:59.237+00:00,True,38,38.0,,38.0,223929.86793799998,227628.399778,227628.39990099997,5990.221050026315,45.593284,223929.86793799998,36310.01015042685,111.85085409999999,99.96032,18.21561730848447,0.16693874770046446,17,64,,True,True,,206,56.69694568066818
99,2026-09-19T05:46:12.123+00:00,2026-09-19T05:49:58.119+00:00,2026-09-19T05:50:01.529+00:00,True,35,35.0,,35.0,225995.694664,229405.682504,229405.682463,6554.448070371429,47.590201,225995.694664,38183.29650979438,115.3075131,100.29376,19.168867732448383,0.1525681474755523,17,64,,True,True,,164,56.69694568066818
100,2026-09-19T05:46:12.589+00:00,2026-09-19T05:50:00.717+00:00,2026-09-19T05:50:02.333+00:00,True,18,18.0,,18.0,228128.218437,229743.728197,229743.728207,12763.540455944445,48.883059,228128.218437,53747.94341396989,34314.26720425,95.02998588235295,24.951600684144257,0.0783481670697248,17,64,,True,True,,55,56.69694568066818
101,2026-09-19T05:46:13.054+00:00,2026-09-19T05:50:03.690+00:00,2026-09-19T05:50:09.095+00:00,True,58,58.0,,58.0,230636.55172400002,236041.051692,236041.05179000003,4069.6733067241385,47.672209,230636.55172400002,30271.619511172827,113.60661805,94.81578891228071,20.0761700205108,0.2457199694046515,17,64,,True,True,,265,56.69694568066818
102,2026-09-19T05:46:13.458+00:00,2026-09-19T05:50:06.058+00:00,2026-09-19T05:50:15.112+00:00,True,93,93.0,,93.0,232600.540313,241654.327961,241654.32815800002,2598.433636107527,0.02868,232600.540313,24109.36175679831,113.400965,98.41073530434782,26.150069663267775,0.38484723524177494,17,64,,True,True,,350,56.69694568066818
103,2026-09-19T05:46:13.864+00:00,2026-09-19T05:50:08.625+00:00,2026-09-19T05:50:13.108+00:00,True,46,46.0,,46.0,234760.82978,239244.000596,239244.000618,5200.956535173913,43.595269,234760.82978,34598.910640813105,110.756383,99.62601813333335,16.235459220582886,0.19227232400982133,17,64,,True,True,,194,56.69694568066818
104,2026-09-19T05:46:14.275+00:00,2026-09-19T05:50:10.518+00:00,2026-09-19T05:50:19.208+00:00,True,88,88.0,,88.0,236242.721358,244933.58804600002,244933.58818800002,2783.336229409091,46.399864,236242.721358,25172.91724389369,114.076933,99.89501940229886,19.38119919456145,0.3592810634998458,17,64,,True,True,,440,56.69694568066818
105,2026-09-19T05:46:14.813+00:00,2026-09-19T05:50:13.543+00:00,2026-09-19T05:50:13.979+00:00,True,5,5.0,,5.0,238730.154416,239166.819504,239166.819651,47833.3639302,105.196227,238730.154416,106714.5501465764,191007.39257320002,109.166272,5.1548786196699785,0.020905909985211708,17,64,,True,True,,21,56.69694568066818
106,2026-09-19T05:46:15.344+00:00,2026-09-19T05:50:16.540+00:00,2026-09-19T05:50:17.712+00:00,True,14,14.0,,14.0,241195.975373,242367.752141,242367.752015,17311.982286785715,48.223869,241195.975373,64438.25140522378,84492.8698491,90.13667446153846,27.760452146328813,0.057763460181185125,17,64,,True,True,,47,56.69694568066818
107,2026-09-19T05:46:15.808+00:00,2026-09-19T05:50:19.628+00:00,2026-09-19T05:50:20.049+00:00,True,5,5.0,,5.0,243820.551023,244241.544303,244241.544153,48848.3088306,102.935584,243820.551023,108992.79685169926,195078.43030360003,105.24832,3.178606234342761,0.020471537773267285,17,64,,True,True,,12,56.69694568066818
108,2026-09-19T05:46:16.367+00:00,2026-09-19T05:50:21.983+00:00,2026-09-19T05:50:28.937+00:00,True,73,73.0,,73.0,245615.605075,252569.687891,252569.688003,3459.858739767123,48.580588000000006,245615.605075,28735.833406598544,110.1919542,96.58448355555555,18.030792193642895,0.28902914126220947,17,64,,True,True,,304,56.69694568066818
109,2026-09-19T05:46:16.978+00:00,2026-09-19T05:50:24.836+00:00,2026-09-19T05:50:25.090+00:00,True,4,4.0,,4.0,247858.087638,248112.63535,248112.635433,62028.15885825,44.338378,247858.087638,123886.62250168827,210695.30946885,84.84923733333333,35.10152997313828,0.01612171018359223,17,64,,True,True,,13,56.69694568066818
110,2026-09-19T05:46:17.379+00:00,2026-09-19T05:50:27.263+00:00,2026-09-19T05:50:33.808+00:00,True,65,65.0,,65.0,249883.89936500002,256429.11101300002,256429.111104,3945.0632477538466,51.050483,249883.89936500002,30981.599863179777,111.410038,102.268932,10.121027278191935,0.2534813607675953,17,64,,True,True,,288,56.69694568066818
111,2026-09-19T05:46:17.844+00:00,2026-09-19T05:50:29.673+00:00,2026-09-19T05:50:39.060+00:00,True,94,94.0,,94.0,251829.281958,261216.11408600002,261216.113874,2778.894828446809,47.815160000000006,251829.281958,25963.80102011923,110.3616045,100.93367879569892,15.110603800796818,0.35985528813529644,17,64,,True,True,,419,56.69694568066818
112,2026-09-19T05:46:18.427+00:00,2026-09-19T05:50:32.484+00:00,2026-09-19T05:50:37.382+00:00,True,50,50.0,,50.0,254056.452845,258954.926573,258954.92677599998,5179.09853552,46.538042999999995,254056.452845,35914.87354402525,110.09292395,99.96885159183674,15.20519156611496,0.19308379516736043,17,64,,True,True,,245,56.69694568066818
113,2026-09-19T05:46:18.947+00:00,2026-09-19T05:50:35.533+00:00,2026-09-19T05:50:41.028+00:00,True,56,56.0,,56.0,256585.298717,262080.524317,262080.524313,4680.009362732143,48.187629,256585.298717,34274.30632766998,114.53989925000002,99.91319272727273,18.672443412475452,0.21367478619763858,17,64,,True,True,,226,56.69694568066818
114,2026-09-19T05:46:19.336+00:00,2026-09-19T05:50:37.487+00:00,2026-09-19T05:50:44.976+00:00,True,76,76.0,,76.0,258150.77138299998,265639.942071,265639.942246,3495.262397973684,45.554095000000004,258150.77138299998,29600.47631750901,113.1835815,99.85560917333333,19.300926388414055,0.28610155313046554,17,64,,True,True,,381,56.69694568066818
115,2026-09-19T05:46:19.867+00:00,2026-09-19T05:50:40.761+00:00,2026-09-19T05:50:47.140+00:00,True,66,66.0,,66.0,260893.586492,267272.616764,267272.616788,4049.585102848485,45.246586,260893.586492,32101.706030767247,113.58557375000001,98.13892726153846,19.02262164180835,0.24693887761153469,17,64,,True,True,,224,56.69694568066818
116,2026-09-19T05:46:20.521+00:00,2026-09-19T05:50:43.998+00:00,2026-09-19T05:50:50.635+00:00,True,70,70.0,,70.0,263476.677511,270114.029959,270114.03016,3858.7718594285716,47.192862,263476.677511,31479.99488819845,110.43690439999999,96.19351373913044,19.45923110501344,0.2591498116948059,17,64,,True,True,,233,56.69694568066818
117,2026-09-19T05:46:21.088+00:00,2026-09-19T05:50:47.342+00:00,2026-09-19T05:50:53.431+00:00,True,65,65.0,,65.0,266254.027586,272342.85369799996,272342.853854,4189.890059292307,44.112639,266254.027586,33012.953196717375,109.99482119999999,95.137908,19.98941127988909,0.23866974703906965,17,64,,True,True,,263,56.69694568066818
118,2026-09-19T05:46:21.672+00:00,2026-09-19T05:50:50.216+00:00,2026-09-19T05:50:53.426+00:00,True,35,35.0,,35.0,268544.340622,271753.91962999996,271753.919557,7764.397701628571,45.317055999999994,268544.340622,45376.3263749556,112.08216619999999,94.39938258823528,20.215330475247697,0.12879299053957863,17,64,,True,True,,127,56.69694568066818
119,2026-09-19T05:46:22.812+00:00,2026-09-19T05:50:54.544+00:00,2026-09-19T05:50:55.329+00:00,True,9,9.0,,9.0,271731.601677,272517.146381,272517.146364,30279.682929333332,50.132655,271731.601677,90544.47144527691,163083.6663238,98.193088,19.907496365867065,0.03302544489225388,17,64,,True,True,,21,56.69694568066818
120,2026-09-19T05:46:22.876+00:00,2026-09-19T05:50:55.015+00:00,2026-09-19T05:51:02.766+00:00,True,79,79.0,,79.0,272138.71635500004,279889.81011500006,279889.81003900006,3542.9089878354434,47.422551,272138.71635500004,30606.822120953457,111.48897779999999,99.37299692307693,17.14781499476613,0.28225393403047,17,64,,True,True,,272,56.69694568066818
121,2026-09-19T05:46:23.436+00:00,2026-09-19T05:50:59.631+00:00,2026-09-19T05:51:02.654+00:00,True,32,32.0,,32.0,276194.671097,279217.817849,279217.81799,8725.5568121875,43.973169,276194.671097,48807.54618435254,113.42736015,97.52086296774193,21.033506030561608,0.11460586665463265,17,64,,True,True,,112,56.69694568066818
122,2026-09-19T05:46:23.988+00:00,2026-09-19T05:51:02.978+00:00,2026-09-19T05:51:03.511+00:00,True,6,6.0,,6.0,278989.702482,279522.504786,279522.50474,46587.084123333334,98.867504,278989.702482,113853.56608880941,209270.561829,106.5604608,5.738909008406668,0.021465176854341468,17,64,,True,True,,23,56.69694568066818
123,2026-09-19T05:46:24.519+00:00,2026-09-19T05:51:05.112+00:00,2026-09-19T05:51:12.086+00:00,True,74,74.0,,74.0,280593.141701,287567.710149,287567.710136,3886.0501369729727,44.828557999999994,280593.141701,32607.19043340765,109.92672664999998,95.54203353424658,21.202196539679424,0.25733069947824716,17,64,,True,True,,257,56.69694568066818
124,2026-09-19T05:46:24.957+00:00,2026-09-19T05:51:07.715+00:00,2026-09-19T05:51:14.437+00:00,True,69,69.0,,69.0,282757.60454900004,289479.75136500003,289479.75148400007,4195.358717159421,45.939165,282757.60454900004,34028.11874892961,111.6624812,98.85510023529412,16.75558844855488,0.23835864054269926,17,64,,True,True,,265,56.69694568066818
125,2026-09-19T05:46:25.555+00:00,2026-09-19T05:51:11.409+00:00,2026-09-19T05:51:12.289+00:00,True,10,10.0,,10.0,285854.160474,286734.576218,286734.576114,28673.457611399997,53.720147,285854.160474,90364.08929317522,157268.33417609998,97.82397155555556,16.70315755898967,0.034875459150755336,17,64,,True,True,,34,56.69694568066818
126,2026-09-19T05:46:26.070+00:00,2026-09-19T05:51:13.858+00:00,2026-09-19T05:51:18.424+00:00,True,47,47.0,,47.0,287788.15841100004,292354.42529100005,292354.425303,6220.306921340426,45.154076,287788.15841100004,41963.74135763308,111.47549930000001,99.26667130434782,17.59866288486573,0.16076377141621076,17,64,,True,True,,218,56.69694568066818
127,2026-09-19T05:46:26.450+00:00,2026-09-19T05:51:16.041+00:00,2026-09-19T05:51:19.475+00:00,True,35,35.0,,35.0,289591.289152,293025.356096,293025.35612199997,8372.153032057142,46.779762999999996,289591.289152,48932.792435636344,111.4296168,101.00196894117647,16.960015113266195,0.11944358831709231,17,64,,True,True,,158,56.69694568066818
128,2026-09-19T05:46:27.104+00:00,2026-09-19T05:51:19.159+00:00,2026-09-19T05:51:24.817+00:00,True,58,58.0,,58.0,292054.804303,297713.113935,297713.113838,5132.984721344827,47.519931,292054.804303,38335.64518048201,115.61848320000001,99.26859003508773,20.20687476917985,0.19481842513885098,17,64,,True,True,,96,56.69694568066818
129,2026-09-19T05:46:27.699+00:00,2026-09-19T05:51:22.857+00:00,2026-09-19T05:51:24.434+00:00,True,17,17.0,,17.0,295157.498324,296734.328276,296734.328195,17454.96048205882,47.047752,295157.498324,71562.30988702702,59124.291075999994,98.551872,24.355397216340922,0.05729030442405665,17,64,,True,True,,66,56.69694568066818
130,2026-09-19T05:46:28.284+00:00,2026-09-19T05:51:26.192+00:00,2026-09-19T05:51:28.301+00:00,False,23,22.0,,22.0,297907.861252,300017.75002,300017.750051,13044.25000221739,0.02355,297907.861252,62098.0914194059,113.96002700000001,95.90403490909091,27.14047086712154,0.07332899469625855,17,64,,True,False,Request timeout: 300.0s exceeded,60,56.69694568066818
131,2026-09-19T05:46:28.817+00:00,2026-09-19T05:51:28.622+00:00,2026-09-19T05:51:29.604+00:00,False,11,10.0,,10.0,299805.53689499997,300787.325823,300787.32567199995,27344.302333818177,0.039420000000000004,299805.53689499997,90365.17455461856,149962.630575,98.1788928,34.8813913964019,0.03324608167128876,17,64,,True,False,Request timeout: 300.0s exceeded,37,56.69694568066818
132,2026-09-19T05:46:29.409+00:00,2026-09-19T05:51:29.641+00:00,2026-09-19T05:51:29.641+00:00,False,1,0.0,,0.0,300231.99537699996,300231.99537699996,300231.99537699996,300231.99537699996,300231.99537699996,300231.99537699996,nan,300231.99537699996,nan,nan,0.0,17,64,,True,False,"HTTPConnectionPool(host='gpu03', port=9002): Read timed out.",0,56.69694568066818
133,2026-09-19T05:46:29.843+00:00,2026-09-19T05:51:29.852+00:00,2026-09-19T05:51:29.852+00:00,False,1,0.0,,0.0,300009.67403,300009.67403,300009.67403,300009.67403,300009.67403,300009.67403,nan,300009.67403,nan,nan,0.0,17,64,,True,False,"HTTPConnectionPool(host='gpu03', port=9002): Read timed out.",0,56.69694568066818
134,2026-09-19T05:46:30.400+00:00,2026-09-19T05:51:30.447+00:00,2026-09-19T05:51:30.447+00:00,False,1,0.0,,0.0,300047.130302,300047.130302,300047.130302,300047.130302,300047.130302,300047.130302,nan,300047.130302,nan,nan,0.0,17,64,,True,False,TTFT timeout: 300.0s exceeded (TTFT: 300.041s),0,56.69694568066818
135,2026-09-19T05:46:30.777+00:00,2026-09-19T05:51:30.883+00:00,2026-09-19T05:51:30.883+00:00,False,1,0.0,,0.0,300106.296826,300106.296826,300106.296826,300106.296826,300106.296826,300106.296826,nan,300106.296826,nan,nan,0.0,17,64,,True,False,"HTTPConnectionPool(host='gpu03', port=9002): Read timed out.",0,56.69694568066818
136,2026-09-19T05:46:31.227+00:00,2026-09-19T05:51:30.986+00:00,2026-09-19T05:51:31.311+00:00,False,5,4.0,,4.0,299758.654767,300083.731503,300083.731511,60016.7463022,0.034159999999999996,299758.654767,134019.80934108212,239829.39946420002,81.269184,54.28435334783159,0.013329612971571606,17,64,,True,False,Request timeout: 300.0s exceeded,9,56.69694568066818
137,2026-09-19T05:46:31.828+00:00,2026-09-19T05:51:31.851+00:00,2026-09-19T05:51:31.851+00:00,False,1,0.0,,0.0,300022.871111,300022.871111,300022.871111,300022.871111,300022.871111,300022.871111,nan,300022.871111,nan,nan,0.0,17,64,,True,False,"HTTPConnectionPool(host='gpu03', port=9002): Read timed out.",0,56.69694568066818
138,2026-09-19T05:46:32.305+00:00,2026-09-19T05:51:32.413+00:00,2026-09-19T05:51:32.413+00:00,False,1,0.0,,0.0,300107.90118,300107.90118,300107.90118,300107.90118,300107.90118,300107.90118,nan,300107.90118,nan,nan,0.0,17,64,,True,False,TTFT timeout: 300.0s exceeded (TTFT: 300.090s),0,56.69694568066818
139,2026-09-19T05:46:32.757+00:00,2026-09-19T05:51:32.666+00:00,2026-09-19T05:51:32.778+00:00,False,3,2.0,,2.0,299909.11471,300020.653398,300020.653484,100006.88449466666,0.02595,299909.11471,173120.41861412206,269929.3545214,55.769344,78.83319674358188,0.00666620773386174,17,64,,True,False,Request timeout: 300.0s exceeded,3,56.69694568066818
140,2026-09-19T05:46:33.288+00:00,2026-09-19T05:51:33.142+00:00,2026-09-19T05:51:33.330+00:00,False,4,3.0,,3.0,299853.393745,300041.879633,300041.879722,75010.4699305,0.039920000000000004,299853.393745,149895.28916832156,254890.22955669998,62.82862933333334,54.58304689142215,0.009998604207084316,17,64,,True,False,Request timeout: 300.0s exceeded,12,56.69694568066818
141,2026-09-19T05:46:33.911+00:00,2026-09-19T05:51:33.932+00:00,2026-09-19T05:51:33.932+00:00,False,1,0.0,,0.0,300020.255393,300020.255393,300020.255393,300020.255393,300020.255393,300020.255393,nan,300020.255393,nan,nan,0.0,17,64,,True,False,"HTTPConnectionPool(host='gpu03', port=9002): Read timed out.",0,56.69694568066818
142,2026-09-19T05:46:34.550+00:00,2026-09-19T05:51:34.408+00:00,2026-09-19T05:51:34.658+00:00,False,4,3.0,,3.0,299857.30844,300107.63548,300107.635615,75026.90890375,0.02185,299857.30844,149886.94505653682,254899.5594455,83.44234666666667,73.55605896256024,0.009996413437471265,17,64,,True,False,Request timeout: 300.0s exceeded,11,56.69694568066818
143,2026-09-19T05:46:35.027+00:00,2026-09-19T05:51:35.097+00:00,2026-09-19T05:51:35.097+00:00,False,1,0.0,,0.0,300070.373523,300070.373523,300070.373523,300070.373523,300070.373523,300070.373523,nan,300070.373523,nan,nan,0.0,17,64,,True,False,"HTTPConnectionPool(host='gpu03', port=9002): Read timed out.",0,56.69694568066818
144,2026-09-19T05:46:35.462+00:00,2026-09-19T05:51:35.571+00:00,2026-09-19T05:51:35.571+00:00,False,1,0.0,,0.0,300109.387996,300109.387996,300109.387996,300109.387996,300109.387996,300109.387996,nan,300109.387996,nan,nan,0.0,17,64,,True,False,"HTTPConnectionPool(host='gpu03', port=9002): Read timed out.",0,56.69694568066818
145,2026-09-19T05:46:35.863+00:00,2026-09-19T05:51:35.891+00:00,2026-09-19T05:51:35.891+00:00,False,1,0.0,,0.0,300028.332742,300028.332742,300028.332742,300028.332742,300028.332742,300028.332742,nan,300028.332742,nan,nan,0.0,17,64,,True,False,TTFT timeout: 300.0s exceeded (TTFT: 300.022s),0,56.69694568066818
146,2026-09-19T05:46:36.261+00:00,2026-09-19T05:51:36.149+00:00,2026-09-19T05:51:36.349+00:00,False,4,3.0,,3.0,299888.344053,300088.710645,300088.710533,75022.17763325,0.05238,299888.344053,149910.78506849316,254920.64816385,66.788864,57.90419178775202,0.00999704385263913,17,64,,True,False,Request timeout: 300.0s exceeded,11,56.69694568066818
147,2026-09-19T05:46:36.750+00:00,2026-09-19T05:51:36.773+00:00,2026-09-19T05:51:36.773+00:00,False,1,0.0,,0.0,300022.939289,300022.939289,300022.939289,300022.939289,300022.939289,300022.939289,nan,300022.939289,nan,nan,0.0,17,64,,True,False,"HTTPConnectionPool(host='gpu03', port=9002): Read timed out.",0,56.69694568066818
148,2026-09-19T05:46:37.695+00:00,2026-09-19T05:51:37.185+00:00,2026-09-19T05:51:37.898+00:00,False,8,7.0,,7.0,299489.429901,300203.00839699997,300203.008493,37525.376061625,0.022498999999999998,299489.429901,105849.47125089893,194720.05053215,101.93978514285715,47.20999839976396,0.023317554468817753,17,64,,True,False,Request timeout: 300.0s exceeded,24,56.69694568066818
149,2026-09-19T05:46:37.822+00:00,2026-09-19T05:51:37.677+00:00,2026-09-19T05:51:37.996+00:00,False,5,4.0,,4.0,299855.269578,300173.916106,300173.91604700004,60034.783209400004,0.03637,299855.269578,134063.73541808053,239906.32873180002,79.661632,53.274161248595696,0.013325608207035168,17,64,,True,False,Request timeout: 300.0s exceeded,13,56.69694568066818
150,2026-09-19T05:46:38.226+00:00,2026-09-19T05:51:38.322+00:00,2026-09-19T05:51:38.322+00:00,False,1,0.0,,0.0,300096.93285399996,300096.93285399996,300096.93285399996,300096.93285399996,300096.93285399996,300096.93285399996,nan,300096.93285399996,nan,nan,0.0,17,64,,True,False,"HTTPConnectionPool(host='gpu03', port=9002): Read timed out.",0,56.69694568066818
151,2026-09-19T05:46:38.706+00:00,2026-09-19T05:51:39.173+00:00,2026-09-19T05:51:39.476+00:00,False,5,4.0,,4.0,300466.61218,300769.91714,300769.91712399997,60153.9834248,0.024050000000000002,300466.61218,134338.86093483173,240410.66144419997,75.82624,79.17285396836132,0.013299202387112779,17,64,,True,False,Request timeout: 300.0s exceeded,15,56.69694568066818
152,2026-09-19T05:46:39.291+00:00,2026-09-19T05:51:39.360+00:00,2026-09-19T05:51:39.578+00:00,False,6,5.0,,5.0,300068.890042,300286.671546,300286.671483,50047.778580499995,0.038119999999999994,300068.890042,122484.83172763315,225068.46744049995,43.556300799999995,25.5196074094402,0.016650755673763114,17,64,,True,False,Request timeout: 300.0s exceeded,18,56.69694568066818
153,2026-09-19T05:46:39.787+00:00,2026-09-19T05:51:39.823+00:00,2026-09-19T05:51:39.823+00:00,False,1,0.0,,0.0,300036.783932,300036.783932,300036.783932,300036.783932,300036.783932,300036.783932,nan,300036.783932,nan,nan,0.0,17,64,,True,False,"HTTPConnectionPool(host='gpu03', port=9002): Read timed out.",0,56.69694568066818
154,2026-09-19T05:46:40.353+00:00,2026-09-19T05:51:40.458+00:00,2026-09-19T05:51:40.458+00:00,False,1,0.0,,0.0,300105.166173,300105.166173,300105.166173,300105.166173,300105.166173,300105.166173,nan,300105.166173,nan,nan,0.0,17,64,,True,False,"HTTPConnectionPool(host='gpu03', port=9002): Read timed out.",0,56.69694568066818
155,2026-09-19T05:46:40.735+00:00,2026-09-19T05:51:40.777+00:00,2026-09-19T05:51:40.777+00:00,False,1,0.0,,0.0,300041.19716900005,300041.19716900005,300041.19716900005,300041.19716900005,300041.19716900005,300041.19716900005,nan,300041.19716900005,nan,nan,0.0,17,64,,True,False,TTFT timeout: 300.0s exceeded (TTFT: 300.035s),0,56.69694568066818
156,2026-09-19T05:46:41.274+00:00,2026-09-19T05:51:40.952+00:00,2026-09-19T05:51:41.321+00:00,False,6,5.0,,5.0,299677.83877100004,300046.75320300006,300046.75318400003,50007.79219733334,0.04149,299677.83877100004,122312.85190917684,224790.99186325003,73.78288640000001,50.30774054028995,0.016664069671226182,17,64,,True,False,Request timeout: 300.0s exceeded,16,56.69694568066818
157,2026-09-19T05:46:41.813+00:00,2026-09-19T05:51:41.903+00:00,2026-09-19T05:51:41.903+00:00,False,1,0.0,,0.0,300090.095342,300090.095342,300090.095342,300090.095342,300090.095342,300090.095342,nan,300090.095342,nan,nan,0.0,17,64,,True,False,"HTTPConnectionPool(host='gpu03', port=9002): Read timed out.",0,56.69694568066818
158,2026-09-19T05:46:42.454+00:00,2026-09-19T05:51:42.536+00:00,2026-09-19T05:51:42.536+00:00,False,1,0.0,,0.0,300082.443842,300082.443842,300082.443842,300082.443842,300082.443842,300082.443842,nan,300082.443842,nan,nan,0.0,17,64,,True,False,TTFT timeout: 300.0s exceeded (TTFT: 300.076s),0,56.69694568066818
159,2026-09-19T05:46:42.975+00:00,2026-09-19T05:51:42.818+00:00,2026-09-19T05:51:43.035+00:00,False,4,3.0,,3.0,299843.377857,300059.90496099996,300059.90489,75014.9762225,0.02198,299843.377857,149885.60982047452,254883.80052659998,72.17570133333332,62.656721367935916,0.00999800356662088,17,64,,True,False,Request timeout: 300.0s exceeded,11,56.69694568066818
160,2026-09-19T05:46:43.495+00:00,2026-09-19T05:51:43.589+00:00,2026-09-19T05:51:43.589+00:00,False,1,0.0,,0.0,300093.743768,300093.743768,300093.743768,300093.743768,300093.743768,300093.743768,nan,300093.743768,nan,nan,0.0,17,64,,True,False,"HTTPConnectionPool(host='gpu03', port=9002): Read timed out.",0,56.69694568066818
161,2026-09-19T05:46:43.882+00:00,2026-09-19T05:51:43.989+00:00,2026-09-19T05:51:43.989+00:00,False,1,0.0,,0.0,300106.561078,300106.561078,300106.561078,300106.561078,300106.561078,300106.561078,nan,300106.561078,nan,nan,0.0,17,64,,True,False,"HTTPConnectionPool(host='gpu03', port=9002): Read timed out.",0,56.69694568066818
162,2026-09-19T05:46:44.341+00:00,2026-09-19T05:51:44.350+00:00,2026-09-19T05:51:44.483+00:00,False,3,2.0,,2.0,300008.23649,300141.87898599997,300141.878952,100047.292984,0.03792,300008.23649,173171.2697183569,270020.77329519996,66.821248,94.44593345284486,0.006663515290691204,17,64,,True,False,Request timeout: 300.0s exceeded,10,56.69694568066818
163,2026-09-19T05:46:44.718+00:00,2026-09-19T05:51:44.480+00:00,2026-09-19T05:51:44.739+00:00,False,4,3.0,,3.0,299762.035743,300021.267743,300021.267718,75005.3169295,0.02161,299762.035743,149837.82595297965,254820.28511429994,86.41066666666667,77.64199819291261,0.009999291125487203,17,64,,True,False,Request timeout: 300.0s exceeded,10,56.69694568066818
164,2026-09-19T05:46:45.202+00:00,2026-09-19T05:51:45.260+00:00,2026-09-19T05:51:45.260+00:00,False,1,0.0,,0.0,300058.146738,300058.146738,300058.146738,300058.146738,300058.146738,300058.146738,nan,300058.146738,nan,nan,0.0,17,64,,True,False,"HTTPConnectionPool(host='gpu03', port=9002): Read timed out.",0,56.69694568066818
165,2026-09-19T05:46:45.665+00:00,2026-09-19T05:51:45.782+00:00,2026-09-19T05:51:45.782+00:00,False,1,0.0,,0.0,300117.536555,300117.536555,300117.536555,300117.536555,300117.536555,300117.536555,nan,300117.536555,nan,nan,0.0,17,64,,True,False,"HTTPConnectionPool(host='gpu03', port=9002): Read timed out.",0,56.69694568066818
166,2026-09-19T05:46:46.120+00:00,2026-09-19T05:51:46.011+00:00,2026-09-19T05:51:46.171+00:00,False,3,2.0,,2.0,299891.61849699996,300051.712961,300051.71314999997,100017.23771666666,0.0221,299891.61849699996,173096.3098199327,269918.46390259993,80.047232,113.17274579903639,0.006665517687812552,17,64,,True,False,Request timeout: 300.0s exceeded,3,56.69694568066818
167,2026-09-19T05:46:46.611+00:00,2026-09-19T05:51:46.389+00:00,2026-09-19T05:51:46.682+00:00,False,5,4.0,,4.0,299778.502172,300071.043356,300071.04341,60014.208682000004,0.037630000000000004,299778.502172,134032.321350901,239842.41724660003,73.135296,48.73702799769566,0.013330176598394593,17,64,,True,False,Request timeout: 300.0s exceeded,13,56.69694568066818
168,2026-09-19T05:46:47.179+00:00,2026-09-19T05:51:47.288+00:00,2026-09-19T05:51:47.288+00:00,False,1,0.0,,0.0,300109.54178100004,300109.54178100004,300109.54178100004,300109.54178100004,300109.54178100004,300109.54178100004,nan,300109.54178100004,nan,nan,0.0,17,64,,True,False,"HTTPConnectionPool(host='gpu03', port=9002): Read timed out.",0,56.69694568066818
169,2026-09-19T05:46:47.649+00:00,2026-09-19T05:51:47.678+00:00,2026-09-19T05:51:47.678+00:00,False,1,0.0,,0.0,300029.264389,300029.264389,300029.264389,300029.264389,300029.264389,300029.264389,nan,300029.264389,nan,nan,0.0,17,64,,True,False,TTFT timeout: 300.0s exceeded (TTFT: 300.011s),0,56.69694568066818
170,2026-09-19T05:46:48.229+00:00,2026-09-19T05:51:48.069+00:00,2026-09-19T05:51:48.262+00:00,False,4,3.0,,3.0,299839.968453,300033.359045,300033.359139,75008.33978475,0.02163,299839.968453,149887.75937306628,254878.58194545002,64.46353066666667,55.812914397835534,0.009998888155466906,17,64,,True,False,Request timeout: 300.0s exceeded,8,56.69694568066818
171,2026-09-19T05:46:48.836+00:00,2026-09-19T05:51:48.942+00:00,2026-09-19T05:51:48.942+00:00,False,1,0.0,,0.0,300106.43079199997,300106.43079199997,300106.43079199997,300106.43079199997,300106.43079199997,300106.43079199997,nan,300106.43079199997,nan,nan,0.0,17,64,,True,False,"HTTPConnectionPool(host='gpu03', port=9002): Read timed out.",0,56.69694568066818
172,2026-09-19T05:46:49.327+00:00,2026-09-19T05:51:49.391+00:00,2026-09-19T05:51:49.391+00:00,False,1,0.0,,0.0,300063.821773,300063.821773,300063.821773,300063.821773,300063.821773,300063.821773,nan,300063.821773,nan,nan,0.0,17,64,,True,False,TTFT timeout: 300.0s exceeded (TTFT: 300.049s),0,56.69694568066818
173,2026-09-19T05:46:49.815+00:00,2026-09-19T05:51:49.653+00:00,2026-09-19T05:51:49.864+00:00,False,4,3.0,,3.0,299838.432563,300049.054259,300049.054245,75012.26356125,0.02243,299838.432563,149884.1210776673,254879.8623104,70.207232,61.493807910592885,0.009998365125358547,17,64,,True,False,Request timeout: 300.0s exceeded,7,56.69694568066818
174,2026-09-19T05:46:50.459+00:00,2026-09-19T05:51:50.754+00:00,2026-09-19T05:51:51.462+00:00,False,8,7.0,,7.0,300294.47177,301002.707546,301002.70762,37625.3384525,0.02302,300294.47177,106134.36667309186,195241.95679175,101.17653942857143,48.02868020403539,0.023255604765383187,17,64,,True,False,Request timeout: 300.0s exceeded,18,56.69694568066818
175,2026-09-19T05:46:51.097+00:00,2026-09-19T05:51:51.255+00:00,2026-09-19T05:51:51.565+00:00,False,5,4.0,,4.0,300157.854825,300467.35063299997,300467.350704,60093.4701408,0.04184,300157.854825,134200.07830880268,240148.35209580002,77.373952,51.897716873807646,0.013312594501775745,17,64,,True,False,Request timeout: 300.0s exceeded,15,56.69694568066818
176,2026-09-19T05:46:51.746+00:00,2026-09-19T05:51:51.819+00:00,2026-09-19T05:51:51.819+00:00,False,1,0.0,,0.0,300073.249871,300073.249871,300073.249871,300073.249871,300073.249871,300073.249871,nan,300073.249871,nan,nan,0.0,17,64,,True,False,"HTTPConnectionPool(host='gpu03', port=9002): Read timed out.",0,56.69694568066818
177,2026-09-19T05:46:52.227+00:00,2026-09-19T05:51:52.248+00:00,2026-09-19T05:51:52.248+00:00,False,1,0.0,,0.0,300020.81490600004,300020.81490600004,300020.81490600004,300020.81490600004,300020.81490600004,300020.81490600004,nan,300020.81490600004,nan,nan,0.0,17,64,,True,False,"HTTPConnectionPool(host='gpu03', port=9002): Read timed out.",0,56.69694568066818
178,2026-09-19T05:46:52.837+00:00,2026-09-19T05:51:52.768+00:00,2026-09-19T05:51:52.988+00:00,False,3,2.0,,2.0,299931.418208,300151.29788800003,300151.298098,100050.43269933334,0.01955,299931.418208,173102.04608389267,269960.2624212,109.93984,155.45089783405857,0.0066633061861564565,17,64,,True,False,Request timeout: 300.0s exceeded,4,56.69694568066818
179,2026-09-19T05:46:53.378+00:00,2026-09-19T05:51:52.991+00:00,2026-09-19T05:51:53.472+00:00,False,7,6.0,,6.0,299613.739589,300094.353477,300094.353428,42870.62191828572,0.10529999999999999,299613.739589,113213.07933737352,209760.70819280003,80.10231466666667,40.2868776960384,0.019993711745928785,17,64,,True,False,Request timeout: 300.0s exceeded,18,56.69694568066818
180,2026-09-19T05:46:53.890+00:00,2026-09-19T05:51:53.998+00:00,2026-09-19T05:51:53.998+00:00,False,1,0.0,,0.0,300107.781869,300107.781869,300107.781869,300107.781869,300107.781869,300107.781869,nan,300107.781869,nan,nan,0.0,17,64,,True,False,"HTTPConnectionPool(host='gpu03', port=9002): Read timed out.",0,56.69694568066818
181,2026-09-19T05:46:54.550+00:00,2026-09-19T05:51:54.532+00:00,2026-09-19T05:51:54.646+00:00,False,3,2.0,,2.0,299982.156564,300096.003348,300096.003145,100032.00104833333,0.06056,299982.156564,173161.92350347864,269995.3195097,56.923392,80.41602981742383,0.00666453394142921,17,64,,True,False,Request timeout: 300.0s exceeded,4,56.69694568066818
182,2026-09-19T05:46:55.688+00:00,2026-09-19T05:51:55.015+00:00,2026-09-19T05:51:55.273+00:00,True,4,4.0,,4.0,299326.922608,299585.199216,299585.199043,74896.29976075,48.91549,299326.922608,149620.4175414775,254443.66589095,86.09220266666667,32.20015874914143,0.013351794449351327,17,64,,True,True,,21,56.69694568066818
183,2026-09-19T05:46:55.815+00:00,2026-09-19T05:51:56.105+00:00,2026-09-19T05:51:56.105+00:00,False,1,0.0,,0.0,300289.971107,300289.971107,300289.971107,300289.971107,300289.971107,300289.971107,nan,300289.971107,nan,nan,0.0,17,64,,True,False,"HTTPConnectionPool(host='gpu03', port=9002): Read timed out.",0,56.69694568066818
184,2026-09-19T05:46:56.313+00:00,2026-09-19T05:51:56.339+00:00,2026-09-19T05:51:56.339+00:00,False,1,0.0,,0.0,300026.23892000003,300026.23892000003,300026.23892000003,300026.23892000003,300026.23892000003,300026.23892000003,nan,300026.23892000003,nan,nan,0.0,17,64,,True,False,"HTTPConnectionPool(host='gpu03', port=9002): Read timed out.",0,56.69694568066818
185,2026-09-19T05:46:56.733+00:00,2026-09-19T05:51:56.838+00:00,2026-09-19T05:51:56.838+00:00,False,1,0.0,,0.0,300104.68069999997,300104.68069999997,300104.68069999997,300104.68069999997,300104.68069999997,300104.68069999997,nan,300104.68069999997,nan,nan,0.0,17,64,,True,False,"HTTPConnectionPool(host='gpu03', port=9002): Read timed out.",0,56.69694568066818
186,2026-09-19T05:46:57.100+00:00,2026-09-19T05:51:57.193+00:00,2026-09-19T05:51:57.193+00:00,False,1,0.0,,0.0,300092.81202899996,300092.81202899996,300092.81202899996,300092.81202899996,300092.81202899996,300092.81202899996,nan,300092.81202899996,nan,nan,0.0,17,64,,True,False,"HTTPConnectionPool(host='gpu03', port=9002): Read timed out.",0,56.69694568066818
187,2026-09-19T05:46:57.673+00:00,2026-09-19T05:51:57.410+00:00,2026-09-19T05:51:57.712+00:00,False,5,4.0,,4.0,299737.928458,300039.49313,300039.493227,60007.898645400004,0.02589,299737.928458,134013.16781198734,239810.92719780002,75.391168,50.317585748397214,0.013331578314148445,17,64,,True,False,Request timeout: 300.0s exceeded,14,56.69694568066818
188,2026-09-19T05:46:58.320+00:00,2026-09-19T05:51:58.332+00:00,2026-09-19T05:51:58.332+00:00,False,1,0.0,,0.0,300011.682663,300011.682663,300011.682663,300011.682663,300011.682663,300011.682663,nan,300011.682663,nan,nan,0.0,17,64,,True,False,"HTTPConnectionPool(host='gpu03', port=9002): Read timed out.",0,56.69694568066818
189,2026-09-19T05:46:58.745+00:00,2026-09-19T05:51:58.795+00:00,2026-09-19T05:51:58.795+00:00,False,1,0.0,,0.0,300049.86538,300049.86538,300049.86538,300049.86538,300049.86538,300049.86538,nan,300049.86538,nan,nan,0.0,17,64,,True,False,TTFT timeout: 300.0s exceeded (TTFT: 300.045s),0,56.69694568066818
190,2026-09-19T05:46:59.127+00:00,2026-09-19T05:51:59.077+00:00,2026-09-19T05:51:59.202+00:00,False,3,2.0,,2.0,299949.545913,300074.340025,300074.340057,100024.780019,0.04462,299949.545913,173139.93733727728,269967.0662741,62.397056,88.17976811843116,0.006665015075375571,17,64,,True,False,Request timeout: 300.0s exceeded,3,56.69694568066818
191,2026-09-19T05:46:59.512+00:00,2026-09-19T05:51:59.310+00:00,2026-09-19T05:51:59.523+00:00,False,4,3.0,,3.0,299798.257343,300011.32537499996,300011.32541999995,75002.83135499999,0.06028,299798.257343,149863.62589177882,254845.79030959998,71.02267733333333,62.05948185677678,0.009999622501751033,17,64,,True,False,Request timeout: 300.0s exceeded,7,56.69694568066818
192,2026-09-19T05:46:59.965+00:00,2026-09-19T05:52:00.074+00:00,2026-09-19T05:52:00.074+00:00,False,1,0.0,,0.0,300109.413559,300109.413559,300109.413559,300109.413559,300109.413559,300109.413559,nan,300109.413559,nan,nan,0.0,17,64,,True,False,"HTTPConnectionPool(host='gpu03', port=9002): Read timed out.",0,56.69694568066818
193,2026-09-19T05:47:00.452+00:00,2026-09-19T05:52:00.542+00:00,2026-09-19T05:52:00.542+00:00,False,1,0.0,,0.0,300090.6042,300090.6042,300090.6042,300090.6042,300090.6042,300090.6042,nan,300090.6042,nan,nan,0.0,17,64,,True,False,"HTTPConnectionPool(host='gpu03', port=9002): Read timed out.",0,56.69694568066818
194,2026-09-19T05:47:00.945+00:00,2026-09-19T05:52:00.912+00:00,2026-09-19T05:52:01.016+00:00,False,3,2.0,,2.0,299966.475321,300070.470713,300070.470645,100023.490215,0.03778,299966.475321,173155.71220624787,269980.2235433,51.997696,73.48226517190204,0.006665101018596676,17,64,,True,False,Request timeout: 300.0s exceeded,4,56.69694568066818
195,2026-09-19T05:47:01.573+00:00,2026-09-19T05:52:01.682+00:00,2026-09-19T05:52:01.682+00:00,False,1,0.0,,0.0,300109.739009,300109.739009,300109.739009,300109.739009,300109.739009,300109.739009,nan,300109.739009,nan,nan,0.0,17,64,,True,False,"HTTPConnectionPool(host='gpu03', port=9002): Read timed out.",0,56.69694568066818
196,2026-09-19T05:47:01.988+00:00,2026-09-19T05:52:02.036+00:00,2026-09-19T05:52:02.036+00:00,False,1,0.0,,0.0,300048.84599299997,300048.84599299997,300048.84599299997,300048.84599299997,300048.84599299997,300048.84599299997,nan,300048.84599299997,nan,nan,0.0,17,64,,True,False,"HTTPConnectionPool(host='gpu03', port=9002): Read timed out.",0,56.69694568066818
197,2026-09-19T05:47:02.500+00:00,2026-09-19T05:52:02.335+00:00,2026-09-19T05:52:02.599+00:00,False,4,3.0,,3.0,299834.485453,300098.630349,300098.630214,75024.6575535,0.04093,299834.485453,149873.23158372505,254879.92710099998,88.04829866666667,76.40608216095946,0.009996713402227618,17,64,,True,False,Request timeout: 300.0s exceeded,13,56.69694568066818
198,2026-09-19T05:47:03.032+00:00,2026-09-19T05:52:02.602+00:00,2026-09-19T05:52:03.098+00:00,False,9,8.0,,8.0,299570.020313,300066.107353,300066.107205,33340.67857833333,0.049439,299570.020313,99836.0085084306,179784.56678300002,62.01088,34.966619117862784,0.026660791752094615,17,64,,True,False,Request timeout: 300.0s exceeded,35,56.69694568066818
199,2026-09-19T05:47:03.669+00:00,2026-09-19T05:52:03.735+00:00,2026-09-19T05:52:03.735+00:00,False,1,0.0,,0.0,300066.55625300005,300066.55625300005,300066.55625300005,300066.55625300005,300066.55625300005,300066.55625300005,nan,300066.55625300005,nan,nan,0.0,17,64,,True,False,"HTTPConnectionPool(host='gpu03', port=9002): Read timed out.",0,56.69694568066818
200,2026-09-19T05:47:04.119+00:00,2026-09-19T05:52:04.083+00:00,2026-09-19T05:52:05.051+00:00,False,11,10.0,,10.0,299964.10287400003,300932.10671400005,300932.106626,27357.464238727276,0.02298,299964.10287400003,90413.39959828027,150043.83773000003,96.800384,34.798398544146366,0.033230086710235286,17,64,,True,False,Request timeout: 300.0s exceeded,27,56.69694568066818
202,2026-09-19T05:47:05.137+00:00,2026-09-19T05:52:05.280+00:00,2026-09-19T05:52:05.280+00:00,False,1,0.0,,0.0,300143.446372,300143.446372,300143.446372,300143.446372,300143.446372,300143.446372,nan,300143.446372,nan,nan,0.0,17,64,,True,False,"HTTPConnectionPool(host='gpu03', port=9002): Read timed out.",0,56.69694568066818
203,2026-09-19T05:47:05.559+00:00,2026-09-19T05:52:05.609+00:00,2026-09-19T05:52:05.609+00:00,False,1,0.0,,0.0,300050.099693,300050.099693,300050.099693,300050.099693,300050.099693,300050.099693,nan,300050.099693,nan,nan,0.0,17,64,,True,False,"HTTPConnectionPool(host='gpu03', port=9002): Read timed out.",0,56.69694568066818
201,2026-09-19T05:47:04.662+00:00,2026-09-19T05:52:05.794+00:00,2026-09-19T05:52:05.794+00:00,False,1,0.0,,0.0,301131.941385,301131.941385,301131.941385,301131.941385,301131.941385,301131.941385,nan,301131.941385,nan,nan,0.0,17,64,,True,False,"HTTPConnectionPool(host='gpu03', port=9002): Read timed out.",0,56.69694568066818
204,2026-09-19T05:47:06.060+00:00,2026-09-19T05:52:06.168+00:00,2026-09-19T05:52:06.168+00:00,False,1,0.0,,0.0,300107.462866,300107.462866,300107.462866,300107.462866,300107.462866,300107.462866,nan,300107.462866,nan,nan,0.0,17,64,,True,False,"HTTPConnectionPool(host='gpu03', port=9002): Read timed out.",0,56.69694568066818
205,2026-09-19T05:47:06.716+00:00,2026-09-19T05:52:06.543+00:00,2026-09-19T05:52:06.739+00:00,False,4,3.0,,3.0,299827.09612199996,300023.814202,300023.81406999996,75005.95351749999,0.10707,299827.09612199996,149880.76892239292,254868.3932469,65.57269333333333,56.84313040373893,0.009999206256274578,17,64,,True,False,Request timeout: 300.0s exceeded,11,56.69694568066818
206,2026-09-19T05:47:07.284+00:00,2026-09-19T05:52:07.364+00:00,2026-09-19T05:52:07.364+00:00,False,1,0.0,,0.0,300080.84002600005,300080.84002600005,300080.84002600005,300080.84002600005,300080.84002600005,300080.84002600005,nan,300080.84002600005,nan,nan,0.0,17,64,,True,False,"HTTPConnectionPool(host='gpu03', port=9002): Read timed out.",0,56.69694568066818
207,2026-09-19T05:47:07.886+00:00,2026-09-19T05:52:07.989+00:00,2026-09-19T05:52:07.989+00:00,False,1,0.0,,0.0,300103.15042400005,300103.15042400005,300103.15042400005,300103.15042400005,300103.15042400005,300103.15042400005,nan,300103.15042400005,nan,nan,0.0,17,64,,True,False,TTFT timeout: 300.0s exceeded (TTFT: 300.085s),0,56.69694568066818
208,2026-09-19T05:47:08.497+00:00,2026-09-19T05:52:08.269+00:00,2026-09-19T05:52:08.508+00:00,False,4,3.0,,3.0,299772.08615,300011.737478,300011.73743,75002.9343575,0.02214,299772.08615,149846.1118503621,254824.63032635,79.883776,69.20990267116359,0.009999608766040334,17,64,,True,False,Request timeout: 300.0s exceeded,13,56.69694568066818
209,2026-09-19T05:47:09.110+00:00,2026-09-19T05:52:09.148+00:00,2026-09-19T05:52:09.148+00:00,False,1,0.0,,0.0,300038.307656,300038.307656,300038.307656,300038.307656,300038.307656,300038.307656,nan,300038.307656,nan,nan,0.0,17,64,,True,False,"HTTPConnectionPool(host='gpu03', port=9002): Read timed out.",0,56.69694568066818
210,2026-09-19T05:47:09.772+00:00,2026-09-19T05:52:09.732+00:00,2026-09-19T05:52:09.863+00:00,False,3,2.0,,2.0,299960.08660399995,300090.77793199994,300090.77797299996,100030.25932433331,0.02173,299960.08660399995,173144.3217211498,269977.14490749995,65.345664,92.38195098395808,0.006664649989521493,17,64,,True,False,Request timeout: 300.0s exceeded,4,56.69694568066818
211,2026-09-19T05:47:10.304+00:00,2026-09-19T05:52:10.100+00:00,2026-09-19T05:52:10.405+00:00,False,5,4.0,,4.0,299795.78019900003,300101.31466300006,300101.31464800006,60020.26292960001,0.02355,299795.78019900003,134038.59624853736,239857.51406800005,76.383616,50.94066323324898,0.013328831979599342,17,64,,True,False,Request timeout: 300.0s exceeded,13,56.69694568066818
212,2026-09-19T05:47:10.883+00:00,2026-09-19T05:52:10.903+00:00,2026-09-19T05:52:10.903+00:00,False,1,0.0,,0.0,300020.407113,300020.407113,300020.407113,300020.407113,300020.407113,300020.407113,nan,300020.407113,nan,nan,0.0,17,64,,True,False,"HTTPConnectionPool(host='gpu03', port=9002): Read timed out.",0,56.69694568066818
213,2026-09-19T05:47:11.317+00:00,2026-09-19T05:52:11.358+00:00,2026-09-19T05:52:11.358+00:00,False,1,0.0,,0.0,300041.398823,300041.398823,300041.398823,300041.398823,300041.398823,300041.398823,nan,300041.398823,nan,nan,0.0,17,64,,True,False,TTFT timeout: 300.0s exceeded (TTFT: 300.036s),0,56.69694568066818
214,2026-09-19T05:47:11.977+00:00,2026-09-19T05:52:11.730+00:00,2026-09-19T05:52:12.028+00:00,False,5,4.0,,4.0,299752.50587,300050.87822199997,300050.878157,60010.1756314,0.02755,299752.50587,134020.04383164615,239822.9900564,74.593088,49.863934882793146,0.013331072462452525,17,64,,True,False,Request timeout: 300.0s exceeded,14,56.69694568066818
215,2026-09-19T05:47:12.483+00:00,2026-09-19T05:52:12.531+00:00,2026-09-19T05:52:12.531+00:00,False,1,0.0,,0.0,300048.216407,300048.216407,300048.216407,300048.216407,300048.216407,300048.216407,nan,300048.216407,nan,nan,0.0,17,64,,True,False,"HTTPConnectionPool(host='gpu03', port=9002): Read timed out.",0,56.69694568066818
216,2026-09-19T05:47:12.904+00:00,2026-09-19T05:52:12.933+00:00,2026-09-19T05:52:12.933+00:00,False,1,0.0,,0.0,300029.366976,300029.366976,300029.366976,300029.366976,300029.366976,300029.366976,nan,300029.366976,nan,nan,0.0,17,64,,True,False,"HTTPConnectionPool(host='gpu03', port=9002): Read timed out.",0,56.69694568066818
217,2026-09-19T05:47:13.380+00:00,2026-09-19T05:52:13.219+00:00,2026-09-19T05:52:13.468+00:00,False,4,3.0,,3.0,299839.54082,300088.647508,300088.647338,75022.1618345,0.03768,299839.54082,149878.2644895369,254884.15034810003,83.03556266666668,72.94040749496102,0.00999704595596214,17,64,,True,False,Request timeout: 300.0s exceeded,11,56.69694568066818
218,2026-09-19T05:47:14.015+00:00,2026-09-19T05:52:14.129+00:00,2026-09-19T05:52:14.129+00:00,False,1,0.0,,0.0,300114.160694,300114.160694,300114.160694,300114.160694,300114.160694,300114.160694,nan,300114.160694,nan,nan,0.0,17,64,,True,False,"HTTPConnectionPool(host='gpu03', port=9002): Read timed out.",0,56.69694568066818
219,2026-09-19T05:47:14.453+00:00,2026-09-19T05:52:14.461+00:00,2026-09-19T05:52:14.461+00:00,False,1,0.0,,0.0,300008.946134,300008.946134,300008.946134,300008.946134,300008.946134,300008.946134,nan,300008.946134,nan,nan,0.0,17,64,,True,False,"HTTPConnectionPool(host='gpu03', port=9002): Read timed out.",0,56.69694568066818
220,2026-09-19T05:47:14.970+00:00,2026-09-19T05:52:14.784+00:00,2026-09-19T05:52:15.023+00:00,False,4,3.0,,3.0,299813.314697,300052.16295300005,300052.16315100004,75013.04078775001,0.038,299813.314697,149866.8601201647,254860.92171380002,79.61608533333333,69.83530121762195,0.009998261537177847,17,64,,True,False,Request timeout: 300.0s exceeded,8,56.69694568066818
221,2026-09-19T05:47:15.486+00:00,2026-09-19T05:52:15.252+00:00,2026-09-19T05:52:15.553+00:00,False,5,4.0,,4.0,299765.144589,300066.08692499995,300066.0869,60013.217379999995,0.09309,299765.144589,134025.40880684552,239832.77900239997,75.235584,50.24229576598203,0.013330396783558483,17,64,,True,False,Request timeout: 300.0s exceeded,13,56.69694568066818
222,2026-09-19T05:47:16.019+00:00,2026-09-19T05:52:16.065+00:00,2026-09-19T05:52:16.065+00:00,False,1,0.0,,0.0,300046.16919,300046.16919,300046.16919,300046.16919,300046.16919,300046.16919,nan,300046.16919,nan,nan,0.0,17,64,,True,False,"HTTPConnectionPool(host='gpu03', port=9002): Read timed out.",0,56.69694568066818
223,2026-09-19T05:47:16.453+00:00,2026-09-19T05:52:16.530+00:00,2026-09-19T05:52:16.530+00:00,False,1,0.0,,0.0,300077.577815,300077.577815,300077.577815,300077.577815,300077.577815,300077.577815,nan,300077.577815,nan,nan,0.0,17,64,,True,False,TTFT timeout: 300.0s exceeded (TTFT: 300.067s),0,56.69694568066818
225,2026-09-19T05:47:17.541+00:00,2026-09-19T05:52:16.773+00:00,2026-09-19T05:52:17.868+00:00,False,13,12.0,,12.0,299231.838192,300326.867952,300326.867951,23102.06676546154,0.03716,299231.838192,82966.67741404923,119772.9623574,91.25248,34.610124979195234,0.039956465040343676,17,64,,True,False,Request timeout: 300.0s exceeded,44,56.69694568066818
224,2026-09-19T05:47:17.530+00:00,2026-09-19T05:52:16.880+00:00,2026-09-19T05:52:17.869+00:00,False,12,11.0,,11.0,299349.43686400005,300338.75168000004,300338.751563,25028.22929691667,0.037759999999999995,299349.43686400005,86388.78274256912,134780.46939945003,89.93771054545455,35.262630503836085,0.03662531038192533,17,64,,True,False,Request timeout: 300.0s exceeded,42,56.69694568066818
226,2026-09-19T05:47:17.935+00:00,2026-09-19T05:52:17.980+00:00,2026-09-19T05:52:17.980+00:00,False,1,0.0,,0.0,300045.098098,300045.098098,300045.098098,300045.098098,300045.098098,300045.098098,nan,300045.098098,nan,nan,0.0,17,64,,True,False,"HTTPConnectionPool(host='gpu03', port=9002): Read timed out.",0,56.69694568066818
227,2026-09-19T05:47:18.493+00:00,2026-09-19T05:52:18.558+00:00,2026-09-19T05:52:18.558+00:00,False,1,0.0,,0.0,300064.36586900003,300064.36586900003,300064.36586900003,300064.36586900003,300064.36586900003,300064.36586900003,nan,300064.36586900003,nan,nan,0.0,17,64,,True,False,"HTTPConnectionPool(host='gpu03', port=9002): Read timed out.",0,56.69694568066818
228,2026-09-19T05:47:19.119+00:00,2026-09-19T05:52:19.142+00:00,2026-09-19T05:52:20.484+00:00,False,16,15.0,,15.0,300023.431981,301365.220909,301365.220854,18835.326303375,0.022010000000000002,300023.431981,74983.5147067176,75197.0212225,89.4525952,56.48878028793622,0.049773493951146365,17,64,,True,False,Request timeout: 300.0s exceeded,48,56.69694568066818
229,2026-09-19T05:47:19.474+00:00,2026-09-19T05:52:19.397+00:00,2026-09-19T05:52:20.584+00:00,False,16,15.0,,15.0,299923.48425700003,301109.727329,301109.72743200004,18819.357964500003,0.037770000000000005,299923.48425700003,74961.1074117128,75062.54629825,79.08287146666667,33.692531351740044,0.04981572708745681,17,64,,True,False,Request timeout: 300.0s exceeded,67,56.69694568066818
230,2026-09-19T05:47:19.833+00:00,2026-09-19T05:52:19.429+00:00,2026-09-19T05:52:20.687+00:00,False,16,15.0,,15.0,299596.09759200003,300854.625592,300854.62543,18803.414089375,0.02547,299596.09759200003,74878.05518521169,74978.53061475001,83.90186666666668,31.67045519016809,0.049857967018070874,17,64,,True,False,Request timeout: 300.0s exceeded,52,56.69694568066818
231,2026-09-19T05:47:20.416+00:00,2026-09-19T05:52:20.376+00:00,2026-09-19T05:52:20.687+00:00,False,5,4.0,,4.0,299959.673953,300270.827105,300270.827179,60054.1654358,0.054149,299959.673953,134111.26385335342,239989.0652502,77.788288,51.955996231264265,0.013321307429580107,17,64,,True,False,Request timeout: 300.0s exceeded,19,56.69694568066818
0,2026-09-19T05:45:20.787+00:00,2026-09-19T05:45:21.010+00:00,2026-09-19T05:45:26.689+00:00,True,63,63.0,,63.0,223.25608400000002,5902.526484,5902.526502,93.69089685714286,32.206945,223.25608400000002,29.425566373349596,111.0083122,91.60113548387096,24.503487495504466,10.673395565572527,18,64,,False,True,,295,56.69694568066818
1,2026-09-19T05:45:21.161+00:00,2026-09-19T05:45:21.367+00:00,2026-09-19T05:45:22.104+00:00,True,9,9.0,,9.0,206.319363,943.1037470000001,943.103769,104.78930766666667,45.420515,206.319363,48.750422505523034,183.99076540000002,92.098048,32.548697756970896,9.542958586082257,18,64,,False,True,,44,56.69694568066818
2,2026-09-19T05:45:21.669+00:00,2026-09-19T05:45:22.051+00:00,2026-09-19T05:45:22.516+00:00,True,6,6.0,,6.0,381.94721999999996,847.03906,847.039087,141.17318116666667,47.50277,381.94721999999996,120.20256867796388,313.61035674999994,93.018368,25.868475584784196,7.083498605129261,18,64,,False,True,,25,56.69694568066818
3,2026-09-19T05:45:22.241+00:00,2026-09-19T05:45:26.793+00:00,2026-09-19T05:45:27.822+00:00,True,11,11.0,,11.0,4552.269976,5581.284503999999,5581.284527999999,507.3895025454545,55.102112,4552.269976,1341.7351493357778,2354.9651089999998,102.9014528,24.422752077011236,1.9708724742694108,18,64,,False,True,,48,56.69694568066818
4,2026-09-19T05:45:22.810+00:00,2026-09-19T05:45:29.524+00:00,2026-09-19T05:45:34.968+00:00,True,56,56.0,,56.0,6714.454868,12158.125396,12158.125464,217.10938328571427,0.0,6714.454868,884.495773603301,120.3243245,98.97582778181818,28.94748392942336,4.605973221696159,18,64,,False,True,,261,56.69694568066818
5,2026-09-19T05:45:23.315+00:00,2026-09-19T05:45:31.991+00:00,2026-09-19T05:45:38.417+00:00,True,66,66.0,,66.0,8676.041318,15102.714725999998,15102.714833,228.82901262121212,0.0,8676.041318,1056.6476181550802,214.02041449999996,98.87189858461538,43.22924814623417,4.370075261130243,18,64,,False,True,,245,56.69694568066818
6,2026-09-19T05:45:23.654+00:00,2026-09-19T05:45:33.374+00:00,2026-09-19T05:45:34.805+00:00,True,15,15.0,,15.0,9720.501084000001,11151.480668000002,11151.480570000002,743.432038,95.228308,9720.501084000001,2483.4361792598766,2992.8400740000006,102.21282742857143,5.081939989817664,1.3451128551066416,18,64,,False,True,,66,56.69694568066818
7,2026-09-19T05:45:24.146+00:00,2026-09-19T05:45:36.458+00:00,2026-09-19T05:45:37.285+00:00,True,9,9.0,,9.0,12312.347864,13139.744216,13139.744257,1459.971584111111,0.03578,12312.347864,4070.2681921676085,7494.335005199999,103.424544,76.37827800068531,0.6849448400251874,18,64,,False,True,,40,56.69694568066818
8,2026-09-19T05:45:24.559+00:00,2026-09-19T05:45:38.618+00:00,2026-09-19T05:45:39.493+00:00,True,10,10.0,,10.0,14059.245585,14933.544721,14933.544838,1493.3544838,0.0,14059.245585,4416.037329146132,7873.7742723,97.14434844444445,90.98609210997708,0.6696333781983924,18,64,,False,True,,34,56.69694568066818
9,2026-09-19T05:45:25.109+00:00,2026-09-19T05:45:41.680+00:00,2026-09-19T05:45:49.207+00:00,True,78,78.0,,78.0,16570.680643,24098.246467,24098.246505,308.95187826923075,0.0,16570.680643,1865.7497467292344,117.12698814999997,97.76059511688311,45.96127363643385,3.23675003103702,18,64,,False,True,,358,56.69694568066818
10,2026-09-19T05:45:25.634+00:00,2026-09-19T05:45:44.824+00:00,2026-09-19T05:45:49.797+00:00,True,51,51.0,,51.0,19189.434901999997,24162.24847,24162.248664999996,473.7695816666666,0.0,19189.434901999997,2673.896787364299,232.27095400000002,99.45627136,64.61037319771611,2.1107307154514996,18,64,,False,True,,262,56.69694568066818
11,2026-09-19T05:45:26.196+00:00,2026-09-19T05:45:47.940+00:00,2026-09-19T05:45:49.994+00:00,True,22,22.0,,22.0,21744.026149999998,23797.878566,23797.878623999997,1081.7217556363635,0.0,21744.026149999998,4615.55698857277,365.52129679999996,97.802496,74.1048431235897,0.9244521497572215,18,64,,False,True,,107,56.69694568066818
12,2026-09-19T05:45:26.682+00:00,2026-09-19T05:45:50.532+00:00,2026-09-19T05:45:59.962+00:00,True,99,99.0,,99.0,23849.798064,33280.047792,33280.047792,336.1620989090909,0.0,23849.798064,2388.6166908554756,112.54884979999999,96.22703804081632,78.98637666632837,2.974755343464322,18,64,,False,True,,373,56.69694568066818
13,2026-09-19T05:45:27.206+00:00,2026-09-19T05:45:53.393+00:00,2026-09-19T05:46:01.813+00:00,True,90,90.0,,90.0,26186.800478,34606.901598,34606.901620000004,384.5211291111111,0.0,26186.800478,2751.274966286823,115.59718540000001,94.60787775280899,71.40622128756267,2.6006373250473627,18,64,,False,True,,428,56.69694568066818
14,2026-09-19T05:45:27.593+00:00,2026-09-19T05:45:55.254+00:00,2026-09-19T05:46:01.128+00:00,True,64,64.0,,64.0,27660.226745,33534.823353,33534.823178,523.98161215625,0.0,27660.226745,3446.476892595636,114.3623073,93.24756520634921,65.06604231704947,1.9084639070947904,18,64,,False,True,,276,56.69694568066818
15,2026-09-19T05:45:28.129+00:00,2026-09-19T05:45:58.227+00:00,2026-09-19T05:46:01.550+00:00,True,36,36.0,,36.0,30097.629405,33420.416989,33420.417055,928.3449181944444,0.0,30097.629405,5001.170204065644,225.08616575,94.9367881142857,86.18434288299966,1.0771858415725049,18,64,,False,True,,181,56.69694568066818
16,2026-09-19T05:45:28.483+00:00,2026-09-19T05:46:00.657+00:00,2026-09-19T05:46:01.554+00:00,True,10,10.0,,10.0,32173.635469,33070.635661,33070.635529,3307.0635529,52.379528,32173.635469,10142.693619065802,17744.9579482,99.666688,17.95051245059706,0.30238305977870694,18,64,,False,True,,47,56.69694568066818
17,2026-09-19T05:45:28.962+00:00,2026-09-19T05:46:02.986+00:00,2026-09-19T05:46:07.592+00:00,True,47,47.0,,47.0,34024.077898999996,38629.870922999995,38629.87076,821.9121438297872,0.0,34024.077898999996,4949.529617047477,420.82143820000005,100.12593530434783,110.7671399463108,1.216675046460393,18,64,,False,True,,182,56.69694568066818
18,2026-09-19T05:45:29.275+00:00,2026-09-19T05:46:04.785+00:00,2026-09-19T05:46:06.101+00:00,True,14,14.0,,14.0,35510.355596,36826.48846,36826.488271,2630.4634479285714,0.0,35510.355596,9464.65095879901,12812.4311182,101.24098953846153,154.69361984340915,0.3801611444763854,18,64,,False,True,,55,56.69694568066818
19,2026-09-19T05:45:29.709+00:00,2026-09-19T05:46:07.390+00:00,2026-09-19T05:46:15.416+00:00,True,84,84.0,,84.0,37680.347671999996,45706.915351999996,45706.915323999994,544.1299443333332,0.0,37680.347671999996,4101.435145798368,110.45108479999999,96.70563469879518,77.50823679947234,1.8377963017870647,18,64,,False,True,,378,56.69694568066818
20,2026-09-19T05:45:30.151+00:00,2026-09-19T05:46:09.057+00:00,2026-09-19T05:46:16.650+00:00,True,80,80.0,,80.0,38905.611987000004,46499.133651000004,46499.133609000004,581.2391701125,0.0,38905.611987000004,4339.740167079678,107.61903484999999,96.12052739240507,78.83877549582954,1.720462161734911,18,64,,False,True,,160,56.69694568066818
21,2026-09-19T05:45:30.608+00:00,2026-09-19T05:46:11.249+00:00,2026-09-19T05:46:18.708+00:00,True,79,79.0,,79.0,40641.130405,48099.500709,48099.500591,608.8544378607595,0.0,40641.130405,4562.4227761394795,111.20449369999999,95.6201321025641,80.23240333943711,1.6424286912653574,18,64,,False,True,,366,56.69694568066818
22,2026-09-19T05:45:30.948+00:00,2026-09-19T05:46:13.372+00:00,2026-09-19T05:46:14.911+00:00,True,17,17.0,,17.0,42424.565149999995,43962.755229999995,43962.75539599999,2586.044435058823,44.95494600000001,42424.565149999995,10266.160953306215,8571.8157956,96.13688,14.155000258904677,0.38669095945104176,18,64,,False,True,,86,56.69694568066818
23,2026-09-19T05:45:31.382+00:00,2026-09-19T05:46:15.520+00:00,2026-09-19T05:46:23.803+00:00,True,85,85.0,,85.0,44137.657439,52420.764511,52420.764614,616.7148778117647,0.0,44137.657439,4778.256767687119,113.2256148,98.60841752380952,122.47680083909242,1.6214948559585305,18,64,,False,True,,320,56.69694568066818
24,2026-09-19T05:45:31.701+00:00,2026-09-19T05:46:17.124+00:00,2026-09-19T05:46:24.124+00:00,True,71,71.0,,71.0,45422.729516,52423.456812,52423.456849,738.3585471690141,0.0,45422.729516,5380.4870110912525,115.752005,100.01038994285715,135.00609623514077,1.3543555560370397,18,64,,False,True,,313,56.69694568066818
25,2026-09-19T05:45:32.219+00:00,2026-09-19T05:46:20.477+00:00,2026-09-19T05:46:20.581+00:00,True,2,2.0,,2.0,48258.084452,48362.497892,48362.497888000005,24181.248944000003,104.413436,48258.084452,34049.78731443971,45850.40090120001,104.41344,nan,0.041354356933057314,18,64,,False,True,,4,56.69694568066818
26,2026-09-19T05:45:32.665+00:00,2026-09-19T05:46:23.225+00:00,2026-09-19T05:46:25.295+00:00,True,21,21.0,,21.0,50560.171659,52629.594251,52629.594239,2506.1711542380954,51.144431,50560.171659,11010.56208425121,113.711095,103.4711296,13.049451350755437,0.39901504655056286,18,64,,False,True,,101,56.69694568066818
27,2026-09-19T05:45:33.151+00:00,2026-09-19T05:46:25.501+00:00,2026-09-19T05:46:27.039+00:00,True,15,15.0,,15.0,52350.516139,53888.098475,53888.098705,3592.5399136666665,100.69690399999999,52350.516139,13488.488586466907,15786.183824,109.82730971428572,4.622127845858732,0.2783545982228129,18,64,,False,True,,45,56.69694568066818
28,2026-09-19T05:45:33.586+00:00,2026-09-19T05:46:28.069+00:00,2026-09-19T05:46:28.592+00:00,True,6,6.0,,6.0,54482.889393,55005.559985,55005.559997,9167.593332833332,99.291337,54482.889393,22199.87115276188,40890.0151845,104.53411840000001,5.647546167303177,0.10907988213620948,18,64,,False,True,,17,56.69694568066818
29,2026-09-19T05:45:34.098+00:00,2026-09-19T05:46:30.656+00:00,2026-09-19T05:46:39.397+00:00,True,87,87.0,,87.0,56558.366306,65299.253858000004,65299.253941,750.5661372528737,0.0,56558.366306,6053.883391857919,113.430509,101.6382273488372,115.37947908775877,1.3323276279571359,18,64,,False,True,,365,56.69694568066818
30,2026-09-19T05:45:34.658+00:00,2026-09-19T05:46:33.777+00:00,2026-09-19T05:46:36.145+00:00,True,24,24.0,,24.0,59118.62275,61487.534622,61487.534684000006,2561.9806118333336,50.807981,59118.62275,12046.520027269296,112.58709999999999,102.9961683478261,11.978552164318048,0.3903230166495063,18,64,,False,True,,106,56.69694568066818
31,2026-09-19T05:45:35.142+00:00,2026-09-19T05:46:36.569+00:00,2026-09-19T05:46:38.460+00:00,True,20,20.0,,20.0,61426.137630000005,63317.242142,63317.242204,3165.8621102,0.01834,61426.137630000005,13713.769766325597,3701.6440823499997,99.53181642105264,144.75873247864783,0.3158697271613078,18,64,,False,True,,81,56.69694568066818
32,2026-09-19T05:45:35.692+00:00,2026-09-19T05:46:39.505+00:00,2026-09-19T05:46:48.084+00:00,True,88,88.0,,88.0,63812.999482,72391.391034,72391.391067,822.6294439431819,44.282126,63812.999482,6792.002142070468,115.19348585,98.60220174712643,18.37531952056163,1.2156141599581796,18,64,,False,True,,310,56.69694568066818
33,2026-09-19T05:45:36.128+00:00,2026-09-19T05:46:41.741+00:00,2026-09-19T05:46:42.228+00:00,True,6,6.0,,6.0,65613.343723,66100.208619,66100.208501,11016.701416833333,54.179533000000006,65613.343723,26746.792036304672,49238.21522625,97.3729792,24.494053420988926,0.09077127176078754,18,64,,False,True,,37,56.69694568066818
34,2026-09-19T05:45:36.534+00:00,2026-09-19T05:46:44.025+00:00,2026-09-19T05:46:48.588+00:00,True,47,47.0,,47.0,67490.955421,72054.77468500001,72054.77448400001,1533.080308170213,48.893415,67490.955421,9830.108921830464,113.3611005,99.21346226086956,16.196752523692403,0.6522815483841102,18,64,,False,True,,130,56.69694568066818
35,2026-09-19T05:45:37.124+00:00,2026-09-19T05:46:45.377+00:00,2026-09-19T05:46:52.915+00:00,True,78,78.0,,78.0,68252.324656,75791.02648,75791.026629,971.679828576923,0.0,68252.324656,7717.821914250314,110.79387940000001,97.9052184935065,115.53055820243166,1.0291455812461243,18,64,,False,True,,261,56.69694568066818
36,2026-09-19T05:45:37.331+00:00,2026-09-19T05:46:47.771+00:00,2026-09-19T05:46:51.347+00:00,True,38,38.0,,38.0,70440.08149899999,74016.391003,74016.39103799999,1947.7997641578945,0.0,70440.08149899999,11412.368189539993,250.4972732,96.65701362162163,164.80768611083658,0.5133997954380105,18,64,,False,True,,185,56.69694568066818
37,2026-09-19T05:45:37.903+00:00,2026-09-19T05:46:51.333+00:00,2026-09-19T05:46:58.790+00:00,True,76,76.0,,76.0,73429.58510600001,80886.85973000001,80886.85989200001,1064.3007880526318,0.0,73429.58510600001,8412.042050776903,115.947253,99.43032831999999,92.00179889545554,0.9395840097351742,18,64,,False,True,,351,56.69694568066818
38,2026-09-19T05:45:38.421+00:00,2026-09-19T05:46:53.543+00:00,2026-09-19T05:46:56.242+00:00,True,28,28.0,,28.0,75121.33945900001,77820.91219500001,77820.91240500001,2779.318300178572,0.01582,75121.33945900001,14178.549857782958,595.5177402,99.9841754074074,157.86843519274143,0.3598004599308591,18,64,,False,True,,145,56.69694568066818
39,2026-09-19T05:45:38.855+00:00,2026-09-19T05:46:56.241+00:00,2026-09-19T05:47:04.870+00:00,True,79,79.0,,79.0,77385.691519,86014.540671,86014.540827,1088.7916560379747,0.0,77385.691519,8695.061643657826,113.84222270000001,110.62627117948719,128.51045476699676,0.9184493619767133,18,64,,False,True,,385,56.69694568066818
40,2026-09-19T05:45:39.265+00:00,2026-09-19T05:46:58.669+00:00,2026-09-19T05:47:03.101+00:00,True,44,44.0,,44.0,79404.008938,83835.598314,83835.598421,1905.3545095681818,46.062732000000004,79404.008938,11955.078109676773,115.00182579999999,103.06021804651164,15.85775563843693,0.5248367147712272,18,64,,False,True,,203,56.69694568066818
41,2026-09-19T05:45:39.587+00:00,2026-09-19T05:47:00.874+00:00,2026-09-19T05:47:09.358+00:00,True,88,88.0,,88.0,81287.091914,89771.284682,89771.28474100001,1020.1282356931819,0.0,81287.091914,8655.722860703236,111.75557100000002,97.51945710344827,124.51597951345256,0.9802689168560472,18,64,,False,True,,362,56.69694568066818
42,2026-09-19T05:45:39.949+00:00,2026-09-19T05:47:02.777+00:00,2026-09-19T05:47:09.051+00:00,True,67,67.0,,67.0,82828.412703,89102.222879,89102.222965,1329.883924850746,0.0,82828.412703,10108.47264867458,113.85912090000002,95.05772993939394,142.16793942958435,0.7519453256624741,18,64,,False,True,,273,56.69694568066818
43,2026-09-19T05:45:40.479+00:00,2026-09-19T05:47:05.875+00:00,2026-09-19T05:47:06.816+00:00,True,11,11.0,,11.0,85395.315534,86337.146958,86337.14714399999,7848.831558545454,51.24062,85395.315534,25719.267900584593,42752.590928,94.18314240000001,22.40734229253523,0.12740749940869736,18,64,,False,True,,48,56.69694568066818
44,2026-09-19T05:45:40.840+00:00,2026-09-19T05:47:07.788+00:00,2026-09-19T05:47:07.891+00:00,True,2,2.0,,2.0,86948.557634,87051.530818,87051.530892,43525.765446,102.973258,86948.557634,61409.10162837808,82606.27841520001,102.973184,nan,0.022974897525713033,18,64,,False,True,,5,56.69694568066818
45,2026-09-19T05:45:41.291+00:00,2026-09-19T05:47:10.609+00:00,2026-09-19T05:47:20.408+00:00,True,91,91.0,,91.0,89317.723448,99116.461368,99116.461398,1089.1918834945056,0.0,89317.723448,9353.073450260183,113.86125799999999,108.87486577777777,165.33091356554002,0.918111873083673,18,64,,False,True,,317,56.69694568066818
46,2026-09-19T05:45:41.664+00:00,2026-09-19T05:47:12.408+00:00,2026-09-19T05:47:18.354+00:00,True,63,63.0,,63.0,90744.09002500001,96690.519209,96690.51904400002,1534.7701435555557,0.0183,90744.09002500001,11421.289527975252,110.89975320000002,95.91014812903225,126.78252406550652,0.6515633643855325,18,64,,False,True,,302,56.69694568066818
47,2026-09-19T05:45:42.187+00:00,2026-09-19T05:47:15.903+00:00,2026-09-19T05:47:24.044+00:00,True,84,84.0,,84.0,93715.373226,101856.328874,101856.32906599999,1212.5753460238095,0.0,93715.373226,10216.100305685142,119.08892705,98.0838029879518,182.84179719635577,0.824691022429358,18,64,,False,True,,329,56.69694568066818
48,2026-09-19T05:45:42.709+00:00,2026-09-19T05:47:18.353+00:00,2026-09-19T05:47:28.124+00:00,True,100,100.0,,100.0,95643.637093,105415.029861,105415.02969699999,1054.15029697,0.0,95643.637093,9555.368144739376,111.9328434,98.70093705050506,129.93328736055636,0.9486313301989265,18,64,,False,True,,477,56.69694568066818
49,2026-09-19T05:45:43.087+00:00,2026-09-19T05:47:20.522+00:00,2026-09-19T05:47:28.941+00:00,True,86,86.0,,86.0,97435.51977099999,105853.78511499999,105853.78498099999,1230.8579648953487,46.737341,97435.51977099999,10496.078467281328,112.90343025,99.03841581176471,18.290287471106364,0.8124414248065787,18,64,,False,True,,399,56.69694568066818
50,2026-09-19T05:45:43.542+00:00,2026-09-19T05:47:22.824+00:00,2026-09-19T05:47:28.839+00:00,True,62,62.0,,62.0,99281.956462,105296.87563,105296.87568,1698.336704516129,44.815485,99281.956462,12596.312333943551,113.01094005,98.60523226229508,19.02483042216538,0.588811392826699,18,64,,False,True,,224,56.69694568066818
51,2026-09-19T05:45:44.080+00:00,2026-09-19T05:47:25.922+00:00,2026-09-19T05:47:26.139+00:00,True,3,3.0,,3.0,101842.325457,102059.812305,102059.81245699999,34019.93748566667,104.219946,101842.325457,58735.91110268986,91669.4196167,108.743424,6.397223333665943,0.02939452789737325,18,64,,True,True,,6,56.69694568066818
52,2026-09-19T05:45:44.467+00:00,2026-09-19T05:47:27.969+00:00,2026-09-19T05:47:32.936+00:00,True,52,52.0,,52.0,103502.055086,108469.378734,108469.378801,2085.949592326923,49.260394,103502.055086,14339.654498610187,110.80394705,97.3985029019608,15.929634464639374,0.4793979702559176,18,64,,True,True,,169,56.69694568066818
53,2026-09-19T05:45:44.933+00:00,2026-09-19T05:47:30.371+00:00,2026-09-19T05:47:38.174+00:00,True,80,80.0,,80.0,105437.378155,113240.164203,113240.164208,1415.5020526,48.146976,105437.378155,11777.226773839273,112.16629444999998,98.76944364556962,17.120972587829545,0.7064631225418218,18,64,,True,True,,304,56.69694568066818
54,2026-09-19T05:45:45.343+00:00,2026-09-19T05:47:33.040+00:00,2026-09-19T05:47:40.903+00:00,True,83,83.0,,83.0,107697.135869,115559.27295700001,115559.27289200001,1392.2803962891567,43.074239,107697.135869,11810.791393897427,112.3560621,95.87972058536585,21.393166837942463,0.7182461249205382,18,64,,True,True,,331,56.69694568066818
55,2026-09-19T05:45:45.866+00:00,2026-09-19T05:47:35.713+00:00,2026-09-19T05:47:40.334+00:00,True,50,50.0,,50.0,109846.888999,114467.914791,114467.914762,2289.35829524,49.742892,109846.888999,15521.374250390441,111.56304645,94.30664881632653,21.949946146814924,0.43680362389139316,18,64,,True,True,,194,56.69694568066818
56,2026-09-19T05:45:46.369+00:00,2026-09-19T05:47:38.170+00:00,2026-09-19T05:47:41.117+00:00,True,33,33.0,,33.0,111801.48279000001,114748.45008600001,114748.45007400001,3477.2257598181823,46.464371,111801.48279000001,19446.123674508974,112.86052800000002,92.092728,24.461358931980506,0.2875855837291714,18,64,,True,True,,114,56.69694568066818
57,2026-09-19T05:45:46.880+00:00,2026-09-19T05:47:41.116+00:00,2026-09-19T05:47:41.555+00:00,True,5,5.0,,5.0,114235.92654799999,114674.58203599999,114674.58222199998,22934.916444399998,105.165252,114235.92654799999,51038.81635915542,91411.42004879998,109.663872,3.8276345560205547,0.04360164136835782,18,64,,True,True,,23,56.69694568066818
58,2026-09-19T05:45:47.228+00:00,2026-09-19T05:47:43.026+00:00,2026-09-19T05:47:49.114+00:00,True,61,61.0,,61.0,115797.727302,121885.768262,121885.768252,1998.1273483934426,48.323726,115797.727302,14813.393529183764,112.50246499999999,101.46734933333333,12.737414449394446,0.5004686016244098,18,64,,True,True,,192,56.69694568066818
59,2026-09-19T05:45:47.548+00:00,2026-09-19T05:47:44.589+00:00,2026-09-19T05:47:45.739+00:00,True,13,13.0,,13.0,117040.17398800001,118191.06858,118191.06846200001,9091.620650923078,52.007508,117040.17398800001,32434.509398744576,46880.875669600005,95.90788266666667,20.1156186338242,0.10999139068787324,18,64,,True,True,,68,56.69694568066818
60,2026-09-19T05:45:47.870+00:00,2026-09-19T05:47:46.353+00:00,2026-09-19T05:47:47.898+00:00,True,16,16.0,,16.0,118482.963412,120028.35042,120028.350416,7501.771901,93.57096899999999,118482.963412,29594.98480437765,29704.76744575,103.02580053333332,5.045646000009087,0.13330184030700434,18,64,,True,True,,64,56.69694568066818
61,2026-09-19T05:45:48.395+00:00,2026-09-19T05:47:49.113+00:00,2026-09-19T05:47:56.708+00:00,True,79,79.0,,79.0,120718.593811,128313.082387,128313.082477,1624.216233886076,45.018913999999995,120718.593811,13570.960100754472,109.12105589999999,97.36523815384616,17.870051528456234,0.6156815698786755,18,64,,True,True,,328,56.69694568066818
62,2026-09-19T05:45:48.767+00:00,2026-09-19T05:47:51.332+00:00,2026-09-19T05:47:58.216+00:00,True,71,71.0,,71.0,122564.908972,129449.653932,129449.65382400001,1823.2345609014085,45.445332,122564.908972,14534.114367322172,108.94587800000001,98.35349942857144,15.540353640863188,0.548475780686879,18,64,,True,True,,286,56.69694568066818
63,2026-09-19T05:45:49.142+00:00,2026-09-19T05:47:53.196+00:00,2026-09-19T05:47:59.325+00:00,True,64,64.0,,64.0,124053.533717,130182.791957,130182.792141,2034.106127203125,42.63285,124053.533717,15494.540195062553,111.26145815,97.28981333333333,17.483638016043642,0.491616434383582,18,64,,True,True,,244,56.69694568066818
64,2026-09-19T05:45:49.639+00:00,2026-09-19T05:47:55.488+00:00,2026-09-19T05:48:03.483+00:00,True,81,81.0,,81.0,125849.745683,133844.917523,133844.917754,1652.4063920246913,47.028849,125849.745683,13972.208917252372,110.34094,99.939648,15.276622593480043,0.6051780037600673,18,64,,True,True,,449,56.69694568066818
65,2026-09-19T05:45:50.215+00:00,2026-09-19T05:47:58.695+00:00,2026-09-19T05:48:05.398+00:00,True,68,68.0,,68.0,128479.885118,135182.534462,135182.53444000002,1987.9784476470588,40.733044,128479.885118,15568.351937746114,112.81480674999999,100.03954244776119,16.766190240962,0.5030235619610675,18,64,,True,True,,279,56.69694568066818
66,2026-09-19T05:45:50.773+00:00,2026-09-19T05:48:01.711+00:00,2026-09-19T05:48:01.711+00:00,True,1,1.0,,1.0,130937.631691,130937.631691,130937.631691,130937.631691,130937.631691,130937.631691,nan,130937.631691,nan,nan,0.007637223822406549,18,64,,True,True,,1,56.69694568066818
67,2026-09-19T05:45:51.335+00:00,2026-09-19T05:48:04.588+00:00,2026-09-19T05:48:13.672+00:00,True,91,91.0,,91.0,133252.579381,142337.07960499998,142337.079389,1564.1437295494504,46.08591199999999,133252.579381,13958.094454357206,113.45002199999999,100.93889137777778,16.703259917357045,0.6393274349349751,18,64,,True,True,,332,56.69694568066818
68,2026-09-19T05:45:51.773+00:00,2026-09-19T05:48:06.663+00:00,2026-09-19T05:48:09.094+00:00,True,25,25.0,,25.0,134889.802815,137320.683071,137320.683148,5492.8273259200005,46.201531,134889.802815,26957.708131652435,112.15410680000001,101.28667733333333,16.611422709444316,0.1820556047414507,18,64,,True,True,,107,56.69694568066818
69,2026-09-19T05:45:52.248+00:00,2026-09-19T05:48:09.201+00:00,2026-09-19T05:48:12.361+00:00,True,32,32.0,,32.0,136952.215812,140112.88192400002,140112.882011,4378.52756284375,44.327654,136952.215812,24191.941680716263,113.10024809999999,101.95697135483871,16.081849606742995,0.22838728003152078,18,64,,True,True,,113,56.69694568066818
70,2026-09-19T05:45:52.607+00:00,2026-09-19T05:48:11.746+00:00,2026-09-19T05:48:21.761+00:00,True,100,100.0,,100.0,139138.71938999998,149154.16668599998,149154.16653999998,1491.5416653999998,44.092546,139138.71938999998,13903.763937398742,113.42462500000002,101.16613430303029,15.553561622442961,0.6704472440955702,18,64,,True,True,,401,56.69694568066818
71,2026-09-19T05:45:53.024+00:00,2026-09-19T05:48:13.671+00:00,2026-09-19T05:48:18.928+00:00,True,53,53.0,,53.0,140647.170856,145903.389736,145903.389639,2752.894144132076,46.043411,140647.170856,19305.496689072195,113.8997076,101.0811323076923,16.050186665359796,0.36325406898290075,18,64,,True,True,,205,56.69694568066818
72,2026-09-19T05:45:53.534+00:00,2026-09-19T05:48:16.682+00:00,2026-09-19T05:48:21.138+00:00,True,45,45.0,,45.0,143147.67391800001,147603.14963000003,147603.149582,3280.0699907111116,47.194159,143147.67391800001,21324.106714370344,111.743094,101.26081163636364,16.805000406826423,0.30487154313984804,18,64,,True,True,,239,56.69694568066818
73,2026-09-19T05:45:53.949+00:00,2026-09-19T05:48:19.138+00:00,2026-09-19T05:48:25.454+00:00,True,67,67.0,,67.0,145188.39275,151504.87403,151504.87391,2261.2667747761193,47.861627999999996,145188.39275,17725.904754043873,112.10163130000001,95.7042618181818,20.45301426993091,0.4422299970807084,18,64,,True,True,,231,56.69694568066818
74,2026-09-19T05:45:54.428+00:00,2026-09-19T05:48:21.762+00:00,2026-09-19T05:48:28.061+00:00,True,66,66.0,,66.0,147333.95599000002,153633.14600600002,153633.14585200002,2327.7749371515156,44.182265,147333.95599000002,18123.6387870002,111.14007775000002,96.91061563076924,20.435766924486707,0.4295947958874865,18,64,,True,True,,224,56.69694568066818
75,2026-09-19T05:45:54.941+00:00,2026-09-19T05:48:24.666+00:00,2026-09-19T05:48:29.829+00:00,True,54,54.0,,54.0,149725.096211,154887.779347,154887.77956599998,2868.292214185185,44.891625,149725.096211,20361.75899143964,113.3638258,97.4091157735849,20.207243915657852,0.3486395132505715,18,64,,True,True,,203,56.69694568066818
76,2026-09-19T05:45:55.514+00:00,2026-09-19T05:48:27.951+00:00,2026-09-19T05:48:28.434+00:00,True,6,6.0,,6.0,152436.610413,152920.42942099998,152920.42953199998,25486.73825533333,52.387296,152436.610413,62192.4860052568,114355.5168435,96.7638016,25.142472265793053,0.03923609175515461,18,64,,True,True,,24,56.69694568066818
77,2026-09-19T05:45:55.935+00:00,2026-09-19T05:48:30.141+00:00,2026-09-19T05:48:32.233+00:00,True,22,22.0,,22.0,154206.213604,156297.85981199998,156297.85980799998,7104.448173090908,49.011415,154206.213604,32855.64420082334,111.18965505,99.60220038095238,17.133003737857432,0.14075688577221912,18,64,,True,True,,92,56.69694568066818
78,2026-09-19T05:45:56.496+00:00,2026-09-19T05:48:32.773+00:00,2026-09-19T05:48:40.469+00:00,True,77,77.0,,77.0,156276.79218000002,163972.680564,163972.68041800003,2129.5153301038963,44.698695,156276.79218000002,17797.8631732892,114.73859060000001,101.26168926315789,18.694988136382822,0.46959042039900184,18,64,,True,True,,330,56.69694568066818
79,2026-09-19T05:45:56.904+00:00,2026-09-19T05:48:34.942+00:00,2026-09-19T05:48:42.382+00:00,True,74,74.0,,74.0,158037.95266299997,165478.54223099997,165478.542237,2236.1965167162157,46.89331,158037.95266299997,18359.697850906425,113.82211705000002,101.92588449315068,16.89308025829658,0.44718788915060426,18,64,,True,True,,209,56.69694568066818
80,2026-09-19T05:45:57.288+00:00,2026-09-19T05:48:37.126+00:00,2026-09-19T05:48:44.866+00:00,True,77,77.0,,77.0,159837.20872,167577.486224,167577.486129,2176.3309886883117,49.140584000000004,159837.20872,18203.540659295646,114.5920046,101.84575663157895,15.621732923156086,0.45948893097175647,18,64,,True,True,,415,56.69694568066818
81,2026-09-19T05:45:57.797+00:00,2026-09-19T05:48:40.036+00:00,2026-09-19T05:48:48.653+00:00,True,87,87.0,,87.0,162239.52738699998,170856.05781899998,170856.05795499997,1963.8627351149423,46.527871,162239.52738699998,17383.168208614054,112.440046,100.1922143255814,15.517957712219124,0.5092005581222371,18,64,,True,True,,406,56.69694568066818
82,2026-09-19T05:45:58.214+00:00,2026-09-19T05:48:42.177+00:00,2026-09-19T05:48:51.568+00:00,True,96,96.0,,96.0,163963.417152,173353.801792,173353.801989,1805.7687707187501,42.550599999999996,163963.417152,16724.366242749067,110.9565195,98.84615410526315,16.949681755970698,0.5537807593927844,18,64,,True,True,,460,56.69694568066818
83,2026-09-19T05:45:58.735+00:00,2026-09-19T05:48:45.070+00:00,2026-09-19T05:48:48.339+00:00,True,35,35.0,,35.0,166334.473762,169603.661858,169603.661851,4845.818910028572,45.530072,166334.473762,28099.411400038534,112.7610888,96.15259105882353,19.418954702119184,0.20636346890495566,18,64,,True,True,,168,56.69694568066818
84,2026-09-19T05:45:59.128+00:00,2026-09-19T05:48:47.454+00:00,2026-09-19T05:48:54.366+00:00,True,69,69.0,,69.0,168325.500519,175237.580135,175237.58019799998,2539.675075333333,46.890550000000005,168325.500519,20251.776417353158,110.74619880000002,101.64822964705883,13.525548514302603,0.3937511574106627,18,64,,True,True,,329,56.69694568066818
85,2026-09-19T05:45:59.702+00:00,2026-09-19T05:48:50.168+00:00,2026-09-19T05:48:57.474+00:00,True,73,73.0,,73.0,170466.02988999998,177771.34803399997,177771.34825299997,2435.2239486712324,46.082221,170466.02988999998,19939.669656853188,111.8953846,101.462752,14.609594509609042,0.4106398517383029,18,64,,True,True,,393,56.69694568066818
86,2026-09-19T05:46:00.013+00:00,2026-09-19T05:48:51.892+00:00,2026-09-19T05:48:57.685+00:00,True,58,58.0,,58.0,171879.284748,177671.708684,177671.70866,3063.305321724138,49.087545,171879.284748,22555.516787633624,110.8358657,101.62147256140351,14.49834405883469,0.32644476956743035,18,64,,True,True,,274,56.69694568066818
87,2026-09-19T05:46:00.437+00:00,2026-09-19T05:48:54.153+00:00,2026-09-19T05:49:02.414+00:00,True,85,85.0,,85.0,173716.023076,181977.522724,181977.522682,2140.9120315529412,45.872232000000004,173716.023076,18831.489434975978,113.59504859999998,98.35118628571428,18.429490050520915,0.46709065343700173,18,64,,True,True,,403,56.69694568066818
88,2026-09-19T05:46:00.862+00:00,2026-09-19T05:48:56.286+00:00,2026-09-19T05:49:03.891+00:00,True,77,77.0,,77.0,175423.942139,183029.129211,183029.129178,2377.0016776363636,45.697472000000005,175423.942139,19980.016369230365,113.20908779999999,100.06825094736843,16.38959647676348,0.4206980622807461,18,64,,True,True,,330,56.69694568066818
89,2026-09-19T05:46:01.248+00:00,2026-09-19T05:48:58.371+00:00,2026-09-19T05:49:05.907+00:00,True,77,77.0,,77.0,177123.421511,184659.593543,184659.593642,2398.1765408051947,45.593493,177123.421511,20173.794592384096,112.7294386,99.16015831578947,17.76781190345498,0.4169834803739547,18,64,,True,True,,327,56.69694568066818
90,2026-09-19T05:46:01.809+00:00,2026-09-19T05:49:01.415+00:00,2026-09-19T05:49:05.003+00:00,True,37,37.0,,37.0,179606.550867,183193.874259,183193.874427,4951.185795324324,48.920405,179606.550867,29510.758222596516,112.3675,99.647872,17.69322556996179,0.2019718189249565,18,64,,True,True,,135,56.69694568066818
91,2026-09-19T05:46:02.177+00:00,2026-09-19T05:49:03.888+00:00,2026-09-19T05:49:12.046+00:00,True,82,82.0,,82.0,181710.42338,189868.788052,189868.787995,2315.4730243292684,45.324174,181710.42338,20055.44499178676,113.40723460000001,100.72055150617284,18.42423756085091,0.43187719709646216,18,64,,True,True,,301,56.69694568066818
92,2026-09-19T05:46:02.745+00:00,2026-09-19T05:49:07.128+00:00,2026-09-19T05:49:12.768+00:00,True,57,57.0,,57.0,184383.51984599998,190023.49040599997,190023.49048699997,3333.7454471403507,48.081277,184383.51984599998,24408.86019455639,112.20492579999998,100.71376,17.61641558959007,0.29996291447028506,18,64,,True,True,,220,56.69694568066818
93,2026-09-19T05:46:03.255+00:00,2026-09-19T05:49:09.283+00:00,2026-09-19T05:49:15.583+00:00,True,64,64.0,,64.0,186027.557576,192327.875528,192327.87548299998,3005.1230544218747,45.311594,186027.557576,23240.95075323714,113.52435650000001,100.00504685714284,17.771820896629688,0.33276507539169786,18,64,,True,True,,291,56.69694568066818
94,2026-09-19T05:46:03.761+00:00,2026-09-19T05:49:12.245+00:00,2026-09-19T05:49:15.791+00:00,True,36,36.0,,36.0,188484.043615,192029.869919,192029.869943,5334.163053972222,43.434058,188484.043615,31397.126785055985,112.29206575,101.30932297142857,16.87085353405894,0.1874708346945459,18,64,,True,True,,133,56.69694568066818
95,2026-09-19T05:46:04.129+00:00,2026-09-19T05:49:14.185+00:00,2026-09-19T05:49:14.347+00:00,True,3,3.0,,3.0,190056.626505,190217.706057,190217.706137,63405.90204566666,54.563212,190056.626505,109682.7478655574,171061.6154965,80.539776,36.73624506387946,0.015771402474494302,18,64,,True,True,,10,56.69694568066818
96,2026-09-19T05:46:04.624+00:00,2026-09-19T05:49:16.917+00:00,2026-09-19T05:49:22.676+00:00,True,59,59.0,,59.0,192292.595355,198052.296859,198052.296805,3356.818589915254,47.796138,192292.595355,25021.44079512023,110.1830409,99.30519834482759,16.96430403401777,0.297901114683886,18,64,,True,True,,253,56.69694568066818
97,2026-09-19T05:46:05.190+00:00,2026-09-19T05:49:19.972+00:00,2026-09-19T05:49:29.420+00:00,True,92,92.0,,92.0,194781.866145,204230.815649,204230.81583500002,2219.9001721195655,45.912232,194781.866145,20296.590800272985,111.92697355,103.83460993406594,11.027538369217252,0.45047070740840217,18,64,,True,True,,311,56.69694568066818
98,2026-09-19T05:46:05.512+00:00,2026-09-19T05:49:21.955+00:00,2026-09-19T05:49:26.146+00:00,True,42,42.0,,42.0,196442.96524000002,200634.256376,200634.256209,4777.006100214287,49.034465,196442.96524000002,30296.037499911632,114.5213947,102.22661307317074,15.352609997113664,0.20933613610474183,18,64,,True,True,,192,56.69694568066818
99,2026-09-19T05:46:05.882+00:00,2026-09-19T05:49:23.961+00:00,2026-09-19T05:49:28.563+00:00,True,45,45.0,,45.0,198079.11937200002,202681.35092400003,202681.35091500002,4504.030020333334,52.388207,198079.11937200002,29512.300801017824,112.68942599999998,104.59617163636364,9.046621244203923,0.22202338693150794,18,64,,True,True,,199,56.69694568066818
100,2026-09-19T05:46:06.234+00:00,2026-09-19T05:49:25.880+00:00,2026-09-19T05:49:33.199+00:00,True,72,72.0,,72.0,199646.32550600002,206965.24339400002,206965.24340900002,2874.5172695694446,46.500949999999996,199646.32550600002,23516.401276590404,114.37287255,103.08335053521127,14.918285407574007,0.34788449895876233,18,64,,True,True,,317,56.69694568066818
101,2026-09-19T05:46:06.579+00:00,2026-09-19T05:49:27.935+00:00,2026-09-19T05:49:27.935+00:00,True,1,1.0,,1.0,201356.825065,201356.825065,201356.825065,201356.825065,201356.825065,201356.825065,nan,201356.825065,nan,nan,0.0049663079445019555,18,64,,True,True,,3,56.69694568066818
103,2026-09-19T05:46:07.405+00:00,2026-09-19T05:49:32.165+00:00,2026-09-19T05:49:33.415+00:00,True,13,13.0,,13.0,204759.981729,206009.660833,206009.66092999998,15846.896994615385,55.896108,204759.981729,56761.319968743235,81976.8007866,104.13992533333332,16.38351876546284,0.0631038367202514,18,64,,True,True,,34,56.69694568066818
102,2026-09-19T05:46:07.401+00:00,2026-09-19T05:49:32.167+00:00,2026-09-19T05:49:38.882+00:00,True,66,66.0,,66.0,204765.813406,211481.353374,211481.353255,3204.262928106061,47.365248,204765.813406,25192.21619444703,115.9550675,103.31599950769231,14.73140006189825,0.31208425209611973,18,64,,True,True,,323,56.69694568066818
104,2026-09-19T05:46:07.714+00:00,2026-09-19T05:49:34.382+00:00,2026-09-19T05:49:38.987+00:00,True,46,46.0,,46.0,206668.043784,211272.36378400002,211272.36385,4592.877475,43.173398,206668.043784,30456.458283560383,114.66726999999999,102.31822222222222,15.042872143756192,0.21772842967303255,18,64,,True,True,,170,56.69694568066818
105,2026-09-19T05:46:08.027+00:00,2026-09-19T05:49:36.387+00:00,2026-09-19T05:49:41.564+00:00,True,54,54.0,,54.0,208360.031835,213536.539483,213536.53968,3954.3803644444447,45.715123,208360.031835,28340.923292036434,110.3088739,97.66995562264151,17.91828783290619,0.2528841205853625,18,64,,True,True,,207,56.69694568066818
106,2026-09-19T05:46:08.434+00:00,2026-09-19T05:49:38.878+00:00,2026-09-19T05:49:44.793+00:00,True,62,62.0,,62.0,210444.71674,216359.469764,216359.46989100002,3489.6688692096773,45.875835,210444.71674,26714.198596965158,111.86877305,96.96316432786885,19.74717885969773,0.2865601402500579,18,64,,True,True,,268,56.69694568066818
107,2026-09-19T05:46:08.746+00:00,2026-09-19T05:49:40.530+00:00,2026-09-19T05:49:46.101+00:00,True,58,58.0,,58.0,211784.275205,217355.35181300002,217355.351727,3747.506064258621,46.438902999999996,211784.275205,27795.810794644134,112.54447085,97.73818610526315,19.520335561959907,0.2668441311254201,18,64,,True,True,,286,56.69694568066818
108,2026-09-19T05:46:09.288+00:00,2026-09-19T05:49:43.307+00:00,2026-09-19T05:49:47.279+00:00,True,43,43.0,,43.0,214018.706084,217990.89808400001,217990.898108,5069.555769953488,42.771212,214018.706084,32623.1327519531,113.24225609999999,94.576,24.189574247709476,0.19725594223402163,18,64,,True,True,,196,56.69694568066818
109,2026-09-19T05:46:09.680+00:00,2026-09-19T05:49:45.210+00:00,2026-09-19T05:49:48.423+00:00,True,35,35.0,,35.0,215530.774802,218743.856658,218743.856614,6249.824474685714,47.187271,215530.774802,36415.38323641779,113.0402787,94.50240752941177,22.570219196153335,0.1600044935420588,18,64,,True,True,,162,56.69694568066818
110,2026-09-19T05:46:10.041+00:00,2026-09-19T05:49:47.073+00:00,2026-09-19T05:49:54.639+00:00,True,80,80.0,,80.0,217031.958086,224597.855302,224597.855176,2807.4731897,46.026163000000004,217031.958086,24254.210428101993,110.65848305,95.77085083544303,19.010652495811218,0.35619218132083214,18,64,,True,True,,429,56.69694568066818
111,2026-09-19T05:46:10.372+00:00,2026-09-19T05:49:48.845+00:00,2026-09-19T05:49:56.813+00:00,True,82,82.0,,82.0,218472.764888,226440.693464,226440.69352200002,2761.471872219512,44.270129000000004,218472.764888,24115.423319464488,112.4083651,98.3694885925926,16.507213201506097,0.3621257237186324,18,64,,True,True,,277,56.69694568066818
112,2026-09-19T05:46:10.826+00:00,2026-09-19T05:49:50.943+00:00,2026-09-19T05:50:00.186+00:00,True,94,94.0,,94.0,220116.979294,229360.65110199997,229360.651261,2440.0069283085104,46.142773999999996,220116.979294,22693.087239231143,111.3393848,99.39432051612903,16.68824051060542,0.40983490214368484,18,64,,True,True,,234,56.69694568066818
113,2026-09-19T05:46:11.141+00:00,2026-09-19T05:49:52.629+00:00,2026-09-19T05:49:53.600+00:00,True,11,11.0,,11.0,221488.093085,222459.294877,222459.294738,20223.57224890909,49.314125999999995,221488.093085,66751.89202491692,110800.057494,97.12017920000001,17.66021132879851,0.04944724834303737,18,64,,True,True,,30,56.69694568066818
114,2026-09-19T05:46:11.627+00:00,2026-09-19T05:49:55.645+00:00,2026-09-19T05:49:56.703+00:00,True,11,11.0,,11.0,224018.156643,225075.907939,225075.907988,20461.44618072727,100.494389,224018.156643,67512.1233330068,112066.94989799999,105.7751296,4.185476431768928,0.04887240087455836,18,64,,True,True,,36,56.69694568066818
115,2026-09-19T05:46:12.115+00:00,2026-09-19T05:49:58.017+00:00,2026-09-19T05:50:04.015+00:00,True,62,62.0,,62.0,225901.62813,231899.976418,231899.976369,3740.3221995,47.032463,225901.62813,28677.053833473536,114.35654960000002,98.33357849180328,19.836610323814558,0.26735664642002777,18,64,,True,True,,209,56.69694568066818
116,2026-09-19T05:46:12.617+00:00,2026-09-19T05:50:01.312+00:00,2026-09-19T05:50:10.414+00:00,True,97,97.0,,97.0,228694.46725299998,237797.13118899998,237797.131084,2451.516815298969,44.417907,228694.46725299998,23210.787297335966,111.46976480000001,94.819416,21.352289426251463,0.40791072421687413,18,64,,True,True,,416,56.69694568066818
117,2026-09-19T05:46:13.009+00:00,2026-09-19T05:50:03.382+00:00,2026-09-19T05:50:06.678+00:00,True,35,35.0,,35.0,230373.815678,233669.01951800002,233669.01942000003,6676.257697714286,47.309601,230373.815678,38923.90387334108,111.80439399999999,96.91776,17.605980475287307,0.14978451175169105,18,64,,True,True,,104,56.69694568066818
118,2026-09-19T05:46:13.538+00:00,2026-09-19T05:50:06.422+00:00,2026-09-19T05:50:15.009+00:00,True,88,88.0,,88.0,232883.625254,241470.864934,241470.864841,2743.9871004659094,46.828602,232883.625254,24814.963042244955,113.62008019999999,98.7039043678161,18.81098385655996,0.3644331999392663,18,64,,True,True,,433,56.69694568066818
119,2026-09-19T05:46:13.902+00:00,2026-09-19T05:50:08.935+00:00,2026-09-19T05:50:12.467+00:00,True,37,37.0,,37.0,235032.94961500002,238565.03921500003,238565.039132,6447.703760324325,45.842065000000005,235032.94961500002,38623.05344639608,111.30680000000001,98.1136,18.531771097802565,0.15509397404476685,18,64,,True,True,,229,56.69694568066818
120,2026-09-19T05:46:14.296+00:00,2026-09-19T05:50:10.622+00:00,2026-09-19T05:50:20.251+00:00,True,97,97.0,,97.0,236326.57979699998,245955.093845,245955.09390699997,2535.6195248144327,45.786855,236326.57979699998,23985.152352326248,114.4831828,100.29702133333333,18.837676647624203,0.3943809354935704,18,64,,True,True,,430,56.69694568066818
121,2026-09-19T05:46:14.865+00:00,2026-09-19T05:50:13.872+00:00,2026-09-19T05:50:14.411+00:00,True,6,6.0,,6.0,239006.43043399998,239545.71772999997,239545.71769099997,39924.28628183333,105.05999800000001,239006.43043399998,97529.93403570127,179282.47290925,107.85745920000001,2.2788871346205806,0.025047410811003524,18,64,,True,True,,30,56.69694568066818
122,2026-09-19T05:46:15.364+00:00,2026-09-19T05:50:16.647+00:00,2026-09-19T05:50:22.184+00:00,True,59,59.0,,59.0,241282.45368500001,246819.645109,246819.644915,4183.3838121186445,43.100511,241282.45368500001,31399.87799713353,110.8015558,95.4688176551724,21.291374819159692,0.23904094009188182,18,64,,True,True,,284,56.69694568066818
123,2026-09-19T05:46:15.788+00:00,2026-09-19T05:50:19.521+00:00,2026-09-19T05:50:28.196+00:00,True,91,91.0,,91.0,243733.082493,252408.236413,252408.23645,2773.716884065934,42.121583,243733.082493,25540.071135953964,108.8871645,96.3905991111111,17.8347378890798,0.36052706240180815,18,64,,True,True,,272,56.69694568066818
124,2026-09-19T05:46:16.280+00:00,2026-09-19T05:50:21.580+00:00,2026-09-19T05:50:30.099+00:00,True,88,88.0,,88.0,245299.627369,253819.185769,253819.185704,2884.3089284545454,46.241063000000004,245299.627369,26138.594421441674,109.60778035,97.92595862068966,16.62333665401591,0.3467034997113595,18,64,,True,True,,439,56.69694568066818
125,2026-09-19T05:46:16.662+00:00,2026-09-19T05:50:23.302+00:00,2026-09-19T05:50:23.460+00:00,True,3,3.0,,3.0,246640.030144,246798.344384,246798.34453899998,82266.11484633332,54.826763,246640.030144,142351.98844653845,221986.3758928,79.15712,34.40833640312835,0.012155673116397498,18,64,,True,True,,11,56.69694568066818
126,2026-09-19T05:46:16.996+00:00,2026-09-19T05:50:24.832+00:00,2026-09-19T05:50:33.187+00:00,True,85,85.0,,85.0,247836.428919,256191.573367,256191.573271,3014.018509070588,46.986902,247836.428919,26870.85071006655,110.083583,99.46600533333333,15.325280864405162,0.3317829657036988,18,64,,True,True,,419,56.69694568066818
127,2026-09-19T05:46:17.361+00:00,2026-09-19T05:50:27.263+00:00,2026-09-19T05:50:32.075+00:00,True,47,47.0,,47.0,249902.126323,254713.979891,254713.979683,5419.446376234043,95.599209,249902.126323,36436.71353738068,113.4372497,104.60551234782609,4.627661206054323,0.18452069266128523,18,64,,True,True,,226,56.69694568066818
128,2026-09-19T05:46:17.897+00:00,2026-09-19T05:50:30.300+00:00,2026-09-19T05:50:33.445+00:00,True,32,32.0,,32.0,252402.80731799998,255547.74555799997,255547.74537699998,7985.8670430312495,49.809775,252402.80731799998,44601.00146140447,111.26067385,101.44962064516129,10.63822495679701,0.12522121817246543,18,64,,True,True,,100,56.69694568066818
129,2026-09-19T05:46:18.240+00:00,2026-09-19T05:50:31.759+00:00,2026-09-19T05:50:40.287+00:00,True,86,86.0,,86.0,253518.82175799998,262046.12748599998,262046.12758399997,3047.0479951627904,46.880532,253518.82175799998,27326.82467595765,112.24260625,100.32124385882352,16.60328085939628,0.3281864945880363,18,64,,True,True,,425,56.69694568066818
130,2026-09-19T05:46:18.557+00:00,2026-09-19T05:50:32.982+00:00,2026-09-19T05:50:42.728+00:00,True,99,99.0,,99.0,254425.796819,264170.888915,264170.88905,2668.392818686869,43.44626,254425.796819,25560.767179361235,112.478901,99.43971526530612,18.39130026722393,0.3747574170894143,18,64,,True,True,,325,56.69694568066818
131,2026-09-19T05:46:18.888+00:00,2026-09-19T05:50:35.010+00:00,2026-09-19T05:50:43.055+00:00,True,81,81.0,,81.0,256121.814762,264167.07505,264167.075158,3261.3219155308643,44.193377999999996,256121.814762,28446.81108814927,112.557791,100.5657536,18.0307984964383,0.3066241316586058,18,64,,True,True,,332,56.69694568066818
132,2026-09-19T05:46:19.352+00:00,2026-09-19T05:50:37.595+00:00,2026-09-19T05:50:45.895+00:00,True,84,84.0,,84.0,258243.789949,266543.816573,266543.816562,3173.140673357143,46.117694,258243.789949,28165.80224571191,113.413173,100.00032077108433,17.981364245002638,0.31514518355744486,18,64,,True,True,,486,56.69694568066818
133,2026-09-19T05:46:19.737+00:00,2026-09-19T05:50:39.644+00:00,2026-09-19T05:50:47.241+00:00,True,78,78.0,,78.0,259906.693441,267504.418113,267504.418351,3429.5438250128204,44.121029,259906.693441,29417.47170561618,112.77701190000002,98.67174898701298,19.03919423782164,0.2915839691554216,18,64,,True,True,,234,56.69694568066818
134,2026-09-19T05:46:20.183+00:00,2026-09-19T05:50:42.520+00:00,2026-09-19T05:50:50.939+00:00,True,87,87.0,,87.0,262337.31467500003,270755.69726700004,270755.69733500003,3112.1344521264373,47.216842,262337.31467500003,28115.022938976846,111.7563346,97.88816967441859,17.381773361233286,0.32132287844051083,18,64,,True,True,,311,56.69694568066818
135,2026-09-19T05:46:20.503+00:00,2026-09-19T05:50:43.798+00:00,2026-09-19T05:50:49.891+00:00,True,65,65.0,,65.0,263295.294168,269388.13948,269388.139495,4144.432915307692,47.699110999999995,263295.294168,32645.959557596416,110.4174064,95.200708,19.650123756825476,0.24128753450493223,18,64,,True,True,,279,56.69694568066818
136,2026-09-19T05:46:20.905+00:00,2026-09-19T05:50:45.785+00:00,2026-09-19T05:50:51.039+00:00,True,56,56.0,,56.0,264879.417595,270134.342395,270134.342226,4823.82753975,46.762743,264879.417595,35383.23921422064,113.024973,95.54408727272727,20.40696515338648,0.20730426018219786,18,64,,True,True,,259,56.69694568066818
137,2026-09-19T05:46:21.223+00:00,2026-09-19T05:50:47.967+00:00,2026-09-19T05:50:50.426+00:00,True,27,27.0,,27.0,266744.340997,269203.194885,269203.194794,9970.488696074073,47.86057,266744.340997,51316.77637777771,114.8504971,94.57130338461539,21.356698615374928,0.10029598650021236,18,64,,True,True,,132,56.69694568066818
138,2026-09-19T05:46:21.631+00:00,2026-09-19T05:50:50.108+00:00,2026-09-19T05:50:59.067+00:00,True,92,92.0,,92.0,268477.397343,277436.319583,277436.319755,3015.61217125,42.187803,268477.397343,27980.44454119317,111.057569,98.44969494505494,16.87768570624695,0.3316076285119424,18,64,,True,True,,356,56.69694568066818
139,2026-09-19T05:46:22.782+00:00,2026-09-19T05:50:53.826+00:00,2026-09-19T05:50:54.863+00:00,True,11,11.0,,11.0,271043.737904,272080.069424,272080.069516,24734.551774181815,92.92356699999999,271043.737904,81691.5153895452,135575.85085299998,103.633152,4.438228084559673,0.04042927518831961,18,64,,True,True,,41,56.69694568066818
140,2026-09-19T05:46:22.798+00:00,2026-09-19T05:50:55.434+00:00,2026-09-19T05:50:56.804+00:00,True,15,15.0,,15.0,272636.24313,274006.231738,274006.231777,18267.082118466667,48.239309,272636.24313,70369.1117996435,81869.85167870001,97.85632914285715,21.018927787442657,0.05474328048984937,18,64,,True,True,,63,56.69694568066818
141,2026-09-19T05:46:22.925+00:00,2026-09-19T05:50:57.122+00:00,2026-09-19T05:51:04.047+00:00,True,70,70.0,,70.0,274196.926513,281122.171697,281122.171842,4016.0310263142856,43.42556,274196.926513,32760.80914959517,112.40166294999999,100.36587223188407,16.40937311865329,0.24900206048296902,18,64,,True,True,,90,56.69694568066818
142,2026-09-19T05:46:23.312+00:00,2026-09-19T05:50:59.169+00:00,2026-09-19T05:51:05.108+00:00,True,60,60.0,,60.0,275857.062318,281796.050094,281796.05019000004,4696.6008365,45.758714999999995,275857.062318,35600.00205246594,111.6226742,100.66080976271186,16.364892843783135,0.2129199468196432,18,64,,True,True,,307,56.69694568066818
143,2026-09-19T05:46:23.886+00:00,2026-09-19T05:51:02.184+00:00,2026-09-19T05:51:02.184+00:00,True,1,1.0,,1.0,278297.776876,278297.776876,278297.776876,278297.776876,278297.776876,278297.776876,nan,278297.776876,nan,nan,0.0035932734038531897,18,64,,True,True,,3,56.69694568066818
144,2026-09-19T05:46:24.406+00:00,2026-09-19T05:51:04.795+00:00,2026-09-19T05:51:07.360+00:00,True,29,29.0,,29.0,280389.418755,282954.427907,282954.427889,9757.049237551724,45.700655,280389.418755,52050.00297197497,113.1275588,91.60746971428571,25.69326115714052,0.10249000241668446,18,64,,True,True,,41,56.69694568066818
145,2026-09-19T05:46:24.746+00:00,2026-09-19T05:51:06.895+00:00,2026-09-19T05:51:11.509+00:00,True,49,49.0,,49.0,282149.513027,286763.677251,286763.677119,5852.319941204082,43.358650999999995,282149.513027,40293.34561242582,110.4306532,96.12842133333332,20.19226702298846,0.17087240779490712,18,64,,True,True,,166,56.69694568066818
146,2026-09-19T05:46:25.206+00:00,2026-09-19T05:51:09.424+00:00,2026-09-19T05:51:19.267+00:00,True,99,99.0,,99.0,284217.52118800004,294060.791588,294060.79157100007,2970.3110259696973,47.250492,284217.52118800004,28554.84525577821,112.03223799999999,100.44153469387754,15.850788429451574,0.3366650802556024,18,64,,True,True,,537,56.69694568066818
147,2026-09-19T05:46:25.743+00:00,2026-09-19T05:51:11.825+00:00,2026-09-19T05:51:12.658+00:00,True,10,10.0,,10.0,286082.485438,286915.133374,286915.133347,28691.5133347,46.267204,286082.485438,90437.97226658036,157395.5241952,92.51643733333333,25.776825285022824,0.03485351184653193,18,64,,True,True,,56,56.69694568066818
148,2026-09-19T05:46:26.060+00:00,2026-09-19T05:51:13.861+00:00,2026-09-19T05:51:18.529+00:00,True,48,48.0,,48.0,287801.23932,292469.360664,292469.360768,6093.111682666667,46.224214,287801.23932,41526.198356118475,110.69126250000001,99.32173072340426,17.14690199031115,0.1641197556250832,18,64,,True,True,,192,56.69694568066818
149,2026-09-19T05:46:26.542+00:00,2026-09-19T05:51:16.460+00:00,2026-09-19T05:51:25.553+00:00,True,92,92.0,,92.0,289918.15380699997,299011.572047,299011.57184999995,3250.1257809782605,46.986353,289918.15380699997,30215.64413561078,112.81204969999999,99.92767296703298,18.051084957818638,0.3076803996921531,18,64,,True,True,,416,56.69694568066818
150,2026-09-19T05:46:26.976+00:00,2026-09-19T05:51:18.633+00:00,2026-09-19T05:51:25.874+00:00,True,73,73.0,,73.0,291657.83474699996,298898.47141899995,298898.47132199997,4094.4996071506844,47.69981,291657.83474699996,34124.202066871534,113.31565640000001,100.56439822222222,17.98131599419919,0.2442300880745141,18,64,,True,True,,339,56.69694568066818
151,2026-09-19T05:46:27.339+00:00,2026-09-19T05:51:20.193+00:00,2026-09-19T05:51:23.402+00:00,True,34,34.0,,34.0,292854.05364099995,296063.47879299993,296063.47883599997,8707.74937752941,45.184256,292854.05364099995,50207.381968647824,115.07864215,97.25530763636364,23.347067418052582,0.1148402367580499,18,64,,True,True,,91,56.69694568066818
152,2026-09-19T05:46:27.657+00:00,2026-09-19T05:51:22.472+00:00,2026-09-19T05:51:23.289+00:00,True,10,10.0,,10.0,294815.27796700003,295632.77787100006,295632.77787100006,29563.277787100003,45.438995000000006,294815.27796700003,93200.05713480845,162199.6251124,90.83332266666667,30.425225108468663,0.033825748524960654,18,64,,True,True,,43,56.69694568066818
153,2026-09-19T05:46:28.035+00:00,2026-09-19T05:51:24.655+00:00,2026-09-19T05:51:26.613+00:00,True,20,20.0,,20.0,296620.019194,298578.06745,298578.067251,14928.90336255,47.079862,296620.019194,66303.21018137096,14938.524592149997,103.05517136842104,13.875029640569151,0.06698415650824456,18,64,,True,True,,72,56.69694568066818
154,2026-09-19T05:46:28.347+00:00,2026-09-19T05:51:26.506+00:00,2026-09-19T05:51:28.407+00:00,False,21,20.0,,20.0,298158.95742,300060.620908,300060.62106599996,14288.601003142856,0.06166,298158.95742,65042.8759224424,114.22053799999999,95.0831744,28.9740229291978,0.0666531980753719,18,64,,True,False,Request timeout: 300.0s exceeded,119,56.69694568066818
155,2026-09-19T05:46:28.807+00:00,2026-09-19T05:51:28.623+00:00,2026-09-19T05:51:29.605+00:00,False,11,10.0,,10.0,299816.216651,300798.04321100004,300798.043048,27345.276640727276,0.039259999999999996,299816.216651,90368.39345934753,149966.9304055,98.182656,34.79960352019027,0.033244897118513916,18,64,,True,False,Request timeout: 300.0s exceeded,25,56.69694568066818
156,2026-09-19T05:46:29.237+00:00,2026-09-19T05:51:29.492+00:00,2026-09-19T05:51:29.601+00:00,False,3,2.0,,2.0,300255.200395,300364.579211,300364.579284,100121.526428,0.0224,300255.200395,173320.85442938725,270240.6160044,54.689408,77.31100514729448,0.006658574740249385,18,64,,True,False,Request timeout: 300.0s exceeded,3,56.69694568066818
157,2026-09-19T05:46:29.679+00:00,2026-09-19T05:51:29.748+00:00,2026-09-19T05:51:29.748+00:00,False,1,0.0,,0.0,300069.412875,300069.412875,300069.412875,300069.412875,300069.412875,300069.412875,nan,300069.412875,nan,nan,0.0,18,64,,True,False,"HTTPConnectionPool(host='gpu03', port=9002): Read timed out.",0,56.69694568066818
158,2026-09-19T05:46:30.165+00:00,2026-09-19T05:51:30.171+00:00,2026-09-19T05:51:30.171+00:00,False,1,0.0,,0.0,300006.158514,300006.158514,300006.158514,300006.158514,300006.158514,300006.158514,nan,300006.158514,nan,nan,0.0,18,64,,True,False,"HTTPConnectionPool(host='gpu03', port=9002): Read timed out.",0,56.69694568066818
159,2026-09-19T05:46:30.513+00:00,2026-09-19T05:51:30.617+00:00,2026-09-19T05:51:30.617+00:00,False,1,0.0,,0.0,300103.803737,300103.803737,300103.803737,300103.803737,300103.803737,300103.803737,nan,300103.803737,nan,nan,0.0,18,64,,True,False,"HTTPConnectionPool(host='gpu03', port=9002): Read timed out.",0,56.69694568066818
160,2026-09-19T05:46:30.974+00:00,2026-09-19T05:51:30.985+00:00,2026-09-19T05:51:31.099+00:00,False,3,2.0,,2.0,300011.537503,300124.692063,300124.692114,100041.564038,0.03797,300011.537503,173179.0862442433,270021.6954168,56.57728,79.95877497472887,0.006663896883166729,18,64,,True,False,Request timeout: 300.0s exceeded,10,56.69694568066818
161,2026-09-19T05:46:31.361+00:00,2026-09-19T05:51:31.099+00:00,2026-09-19T05:51:31.411+00:00,False,6,5.0,,5.0,299738.187291,300050.179355,300050.179134,50008.363188999996,0.0215,299738.187291,122342.13512572639,224831.09845249998,62.398412799999996,44.945477856284,0.01666387939093455,18,64,,True,False,Request timeout: 300.0s exceeded,19,56.69694568066818
162,2026-09-19T05:46:31.792+00:00,2026-09-19T05:51:31.740+00:00,2026-09-19T05:51:31.840+00:00,False,3,2.0,,2.0,299948.052091,300048.593531,300048.59341000003,100016.19780333334,0.024579999999999998,299948.052091,173146.07212942225,269963.2985558,50.27072,71.0587783017515,0.006665586985307321,18,64,,True,False,Request timeout: 300.0s exceeded,9,56.69694568066818
163,2026-09-19T05:46:32.258+00:00,2026-09-19T05:51:32.364+00:00,2026-09-19T05:51:32.364+00:00,False,1,0.0,,0.0,300105.808825,300105.808825,300105.808825,300105.808825,300105.808825,300105.808825,nan,300105.808825,nan,nan,0.0,18,64,,True,False,"HTTPConnectionPool(host='gpu03', port=9002): Read timed out.",0,56.69694568066818
164,2026-09-19T05:46:32.786+00:00,2026-09-19T05:51:32.666+00:00,2026-09-19T05:51:32.910+00:00,False,4,3.0,,3.0,299879.565939,300123.714163,300123.714198,75030.9285495,0.0432,299879.565939,149899.10284248952,254917.41452519997,81.38274133333333,71.1258523424407,0.009995877894442796,18,64,,True,False,Request timeout: 300.0s exceeded,11,56.69694568066818
165,2026-09-19T05:46:33.302+00:00,2026-09-19T05:51:33.139+00:00,2026-09-19T05:51:33.331+00:00,False,4,3.0,,3.0,299836.496614,300028.547046,300028.547023,75007.13675575,0.03639,299836.496614,149886.24679916678,254876.24032945,64.01681066666666,55.67587386294574,0.009999048522339588,18,64,,True,False,Request timeout: 300.0s exceeded,13,56.69694568066818
166,2026-09-19T05:46:33.807+00:00,2026-09-19T05:51:33.911+00:00,2026-09-19T05:51:33.911+00:00,False,1,0.0,,0.0,300103.733196,300103.733196,300103.733196,300103.733196,300103.733196,300103.733196,nan,300103.733196,nan,nan,0.0,18,64,,True,False,"HTTPConnectionPool(host='gpu03', port=9002): Read timed out.",0,56.69694568066818
167,2026-09-19T05:46:34.210+00:00,2026-09-19T05:51:34.252+00:00,2026-09-19T05:51:34.252+00:00,False,1,0.0,,0.0,300041.424109,300041.424109,300041.424109,300041.424109,300041.424109,300041.424109,nan,300041.424109,nan,nan,0.0,18,64,,True,False,"HTTPConnectionPool(host='gpu03', port=9002): Read timed out.",0,56.69694568066818
168,2026-09-19T05:46:34.544+00:00,2026-09-19T05:51:34.405+00:00,2026-09-19T05:51:34.657+00:00,False,4,3.0,,3.0,299861.40762,300113.207428,300113.207592,75028.301898,0.03946,299861.40762,149888.7496098218,254903.78278335,83.93326933333333,74.85757641734735,0.00999622784252082,18,64,,True,False,Request timeout: 300.0s exceeded,13,56.69694568066818
169,2026-09-19T05:46:34.856+00:00,2026-09-19T05:51:34.656+00:00,2026-09-19T05:51:34.901+00:00,False,5,4.0,,4.0,299799.787227,300044.12105099997,300044.120966,60008.8241932,0.07141,299799.787227,134047.22957136092,239860.7835256,61.083456,46.84076924861532,0.013331372686086057,18,64,,True,False,Request timeout: 300.0s exceeded,17,56.69694568066818
170,2026-09-19T05:46:35.207+00:00,2026-09-19T05:51:35.318+00:00,2026-09-19T05:51:35.318+00:00,False,1,0.0,,0.0,300111.209528,300111.209528,300111.209528,300111.209528,300111.209528,300111.209528,nan,300111.209528,nan,nan,0.0,18,64,,True,False,"HTTPConnectionPool(host='gpu03', port=9002): Read timed out.",0,56.69694568066818
171,2026-09-19T05:46:35.665+00:00,2026-09-19T05:51:35.751+00:00,2026-09-19T05:51:35.751+00:00,False,1,0.0,,0.0,300086.29836,300086.29836,300086.29836,300086.29836,300086.29836,300086.29836,nan,300086.29836,nan,nan,0.0,18,64,,True,False,TTFT timeout: 300.0s exceeded (TTFT: 300.081s),0,56.69694568066818
172,2026-09-19T05:46:36.195+00:00,2026-09-19T05:51:36.014+00:00,2026-09-19T05:51:36.253+00:00,False,4,3.0,,3.0,299818.397461,300057.55931700004,300057.55917100003,75014.38979275001,0.03911,299818.397461,149869.34983106554,254866.40695915,79.72061866666667,71.54749793410934,0.009998081724148825,18,64,,True,False,Request timeout: 300.0s exceeded,10,56.69694568066818
173,2026-09-19T05:46:36.660+00:00,2026-09-19T05:51:36.773+00:00,2026-09-19T05:51:36.773+00:00,False,1,0.0,,0.0,300112.60629900004,300112.60629900004,300112.60629900004,300112.60629900004,300112.60629900004,300112.60629900004,nan,300112.60629900004,nan,nan,0.0,18,64,,True,False,"HTTPConnectionPool(host='gpu03', port=9002): Read timed out.",0,56.69694568066818
174,2026-09-19T05:46:37.045+00:00,2026-09-19T05:51:37.568+00:00,2026-09-19T05:51:37.994+00:00,False,6,5.0,,5.0,300522.574967,300949.432439,300949.432637,50158.238772833334,0.03786,300522.574967,122652.98217792038,225419.90382349998,85.3714944,47.906523440488364,0.016614086823418278,18,64,,True,False,Request timeout: 300.0s exceeded,15,56.69694568066818
175,2026-09-19T05:46:37.697+00:00,2026-09-19T05:51:37.570+00:00,2026-09-19T05:51:37.998+00:00,False,6,5.0,,5.0,299873.146681,300301.394233,300301.39426800003,50050.232378,0.03711,299873.146681,122387.74073578029,224932.39085,85.64951040000001,47.95577712623443,0.016649939347669375,18,64,,True,False,Request timeout: 300.0s exceeded,13,56.69694568066818
176,2026-09-19T05:46:37.970+00:00,2026-09-19T05:51:38.034+00:00,2026-09-19T05:51:38.034+00:00,False,1,0.0,,0.0,300064.184157,300064.184157,300064.184157,300064.184157,300064.184157,300064.184157,nan,300064.184157,nan,nan,0.0,18,64,,True,False,"HTTPConnectionPool(host='gpu03', port=9002): Read timed out.",0,56.69694568066818
177,2026-09-19T05:46:38.333+00:00,2026-09-19T05:51:38.342+00:00,2026-09-19T05:51:38.342+00:00,False,1,0.0,,0.0,300009.18122100004,300009.18122100004,300009.18122100004,300009.18122100004,300009.18122100004,300009.18122100004,nan,300009.18122100004,nan,nan,0.0,18,64,,True,False,"HTTPConnectionPool(host='gpu03', port=9002): Read timed out.",0,56.69694568066818
178,2026-09-19T05:46:38.664+00:00,2026-09-19T05:51:39.032+00:00,2026-09-19T05:51:39.478+00:00,False,6,5.0,,5.0,300368.647882,300814.292938,300814.29303,50135.715505,0.039299999999999995,300368.647882,122588.61755032583,225322.049712,89.12901120000001,72.85137424675499,0.016621550629013947,18,64,,True,False,Request timeout: 300.0s exceeded,19,56.69694568066818
179,2026-09-19T05:46:39.123+00:00,2026-09-19T05:51:39.360+00:00,2026-09-19T05:51:39.577+00:00,False,6,5.0,,5.0,300237.423067,300454.158299,300454.15830999997,50075.69305166667,0.03592,300237.423067,122553.72034518639,225193.655727,43.347046399999996,24.774578565539898,0.016641473788571098,18,64,,True,False,Request timeout: 300.0s exceeded,15,56.69694568066818
180,2026-09-19T05:46:39.501+00:00,2026-09-19T05:51:39.614+00:00,2026-09-19T05:51:39.614+00:00,False,1,0.0,,0.0,300112.541563,300112.541563,300112.541563,300112.541563,300112.541563,300112.541563,nan,300112.541563,nan,nan,0.0,18,64,,True,False,"HTTPConnectionPool(host='gpu03', port=9002): Read timed out.",0,56.69694568066818
181,2026-09-19T05:46:40.035+00:00,2026-09-19T05:51:40.148+00:00,2026-09-19T05:51:40.148+00:00,False,1,0.0,,0.0,300112.79674900003,300112.79674900003,300112.79674900003,300112.79674900003,300112.79674900003,300112.79674900003,nan,300112.79674900003,nan,nan,0.0,18,64,,True,False,"HTTPConnectionPool(host='gpu03', port=9002): Read timed out.",0,56.69694568066818
182,2026-09-19T05:46:40.398+00:00,2026-09-19T05:51:40.494+00:00,2026-09-19T05:51:40.494+00:00,False,1,0.0,,0.0,300096.760765,300096.760765,300096.760765,300096.760765,300096.760765,300096.760765,nan,300096.760765,nan,nan,0.0,18,64,,True,False,"HTTPConnectionPool(host='gpu03', port=9002): Read timed out.",0,56.69694568066818
183,2026-09-19T05:46:40.718+00:00,2026-09-19T05:51:40.777+00:00,2026-09-19T05:51:40.777+00:00,False,1,0.0,,0.0,300059.065778,300059.065778,300059.065778,300059.065778,300059.065778,300059.065778,nan,300059.065778,nan,nan,0.0,18,64,,True,False,TTFT timeout: 300.0s exceeded (TTFT: 300.050s),0,56.69694568066818
184,2026-09-19T05:46:41.185+00:00,2026-09-19T05:51:40.953+00:00,2026-09-19T05:51:41.272+00:00,False,5,4.0,,4.0,299768.225729,300087.823553,300087.823516,60017.5647032,0.023420000000000003,299768.225729,134024.70278532992,239840.831167,79.899456,56.26977283250026,0.013329431206639878,18,64,,True,False,Request timeout: 300.0s exceeded,13,56.69694568066818
185,2026-09-19T05:46:41.684+00:00,2026-09-19T05:51:41.170+00:00,2026-09-19T05:51:41.724+00:00,False,8,7.0,,7.0,299485.957541,300039.816613,300039.81646999996,37504.977058749995,0.02117,299485.957541,105856.30796742986,194701.69342989998,79.12272457142856,39.584931636275364,0.023330236896620962,18,64,,True,False,Request timeout: 300.0s exceeded,32,56.69694568066818
186,2026-09-19T05:46:42.027+00:00,2026-09-19T05:51:42.133+00:00,2026-09-19T05:51:42.133+00:00,False,1,0.0,,0.0,300106.095686,300106.095686,300106.095686,300106.095686,300106.095686,300106.095686,nan,300106.095686,nan,nan,0.0,18,64,,True,False,"HTTPConnectionPool(host='gpu03', port=9002): Read timed out.",0,56.69694568066818
187,2026-09-19T05:46:42.458+00:00,2026-09-19T05:51:42.536+00:00,2026-09-19T05:51:42.536+00:00,False,1,0.0,,0.0,300077.417393,300077.417393,300077.417393,300077.417393,300077.417393,300077.417393,nan,300077.417393,nan,nan,0.0,18,64,,True,False,TTFT timeout: 300.0s exceeded (TTFT: 300.072s),0,56.69694568066818
188,2026-09-19T05:46:42.820+00:00,2026-09-19T05:51:42.685+00:00,2026-09-19T05:51:42.922+00:00,False,4,3.0,,3.0,299864.622401,300102.098241,300102.098316,75025.524579,0.022949999999999998,299864.622401,149892.74269158047,254904.66064654998,79.15861333333334,69.72193946181605,0.009996597883133824,18,64,,True,False,Request timeout: 300.0s exceeded,8,56.69694568066818
189,2026-09-19T05:46:43.171+00:00,2026-09-19T05:51:42.923+00:00,2026-09-19T05:51:43.239+00:00,False,5,4.0,,4.0,299752.341866,300068.02954599995,300068.02950099995,60013.6059002,0.04245,299752.341866,134018.0354117274,239824.0478238,78.92192,52.786892999973745,0.01333031048343258,18,64,,True,False,Request timeout: 300.0s exceeded,17,56.69694568066818
190,2026-09-19T05:46:43.530+00:00,2026-09-19T05:51:43.588+00:00,2026-09-19T05:51:43.588+00:00,False,1,0.0,,0.0,300058.354332,300058.354332,300058.354332,300058.354332,300058.354332,300058.354332,nan,300058.354332,nan,nan,0.0,18,64,,True,False,"HTTPConnectionPool(host='gpu03', port=9002): Read timed out.",0,56.69694568066818
191,2026-09-19T05:46:43.847+00:00,2026-09-19T05:51:43.957+00:00,2026-09-19T05:51:43.957+00:00,False,1,0.0,,0.0,300110.711427,300110.711427,300110.711427,300110.711427,300110.711427,300110.711427,nan,300110.711427,nan,nan,0.0,18,64,,True,False,"HTTPConnectionPool(host='gpu03', port=9002): Read timed out.",0,56.69694568066818
192,2026-09-19T05:46:44.183+00:00,2026-09-19T05:51:44.199+00:00,2026-09-19T05:51:44.199+00:00,False,1,0.0,,0.0,300016.193732,300016.193732,300016.193732,300016.193732,300016.193732,300016.193732,nan,300016.193732,nan,nan,0.0,18,64,,True,False,TTFT timeout: 300.0s exceeded (TTFT: 300.009s),0,56.69694568066818
193,2026-09-19T05:46:44.709+00:00,2026-09-19T05:51:44.481+00:00,2026-09-19T05:51:44.738+00:00,False,4,3.0,,3.0,299772.592288,300029.17596799997,300029.175909,75007.29397725,0.040729999999999995,299772.592288,149843.54532187906,254828.9977798,85.52789333333332,76.78198111663245,0.00999902756230604,18,64,,True,False,Request timeout: 300.0s exceeded,7,56.69694568066818
194,2026-09-19T05:46:45.191+00:00,2026-09-19T05:51:45.260+00:00,2026-09-19T05:51:45.260+00:00,False,1,0.0,,0.0,300068.828754,300068.828754,300068.828754,300068.828754,300068.828754,300068.828754,nan,300068.828754,nan,nan,0.0,18,64,,True,False,"HTTPConnectionPool(host='gpu03', port=9002): Read timed out.",0,56.69694568066818
195,2026-09-19T05:46:45.571+00:00,2026-09-19T05:51:45.677+00:00,2026-09-19T05:51:45.677+00:00,False,1,0.0,,0.0,300106.616455,300106.616455,300106.616455,300106.616455,300106.616455,300106.616455,nan,300106.616455,nan,nan,0.0,18,64,,True,False,"HTTPConnectionPool(host='gpu03', port=9002): Read timed out.",0,56.69694568066818
196,2026-09-19T05:46:45.945+00:00,2026-09-19T05:51:46.012+00:00,2026-09-19T05:51:46.012+00:00,False,1,0.0,,0.0,300066.88557700004,300066.88557700004,300066.88557700004,300066.88557700004,300066.88557700004,300066.88557700004,nan,300066.88557700004,nan,nan,0.0,18,64,,True,False,TTFT timeout: 300.0s exceeded (TTFT: 300.061s),0,56.69694568066818
197,2026-09-19T05:46:46.454+00:00,2026-09-19T05:51:46.170+00:00,2026-09-19T05:51:46.488+00:00,False,5,4.0,,4.0,299716.052027,300034.019899,300034.019998,60006.8039996,0.03686,299716.052027,134001.55132464785,239795.54733940001,79.491968,53.36140443712657,0.013331821509262563,18,64,,True,False,Request timeout: 300.0s exceeded,12,56.69694568066818
198,2026-09-19T05:46:46.988+00:00,2026-09-19T05:51:47.044+00:00,2026-09-19T05:51:47.044+00:00,False,1,0.0,,0.0,300055.622845,300055.622845,300055.622845,300055.622845,300055.622845,300055.622845,nan,300055.622845,nan,nan,0.0,18,64,,True,False,"HTTPConnectionPool(host='gpu03', port=9002): Read timed out.",0,56.69694568066818
199,2026-09-19T05:46:47.457+00:00,2026-09-19T05:51:47.508+00:00,2026-09-19T05:51:47.508+00:00,False,1,0.0,,0.0,300051.147349,300051.147349,300051.147349,300051.147349,300051.147349,300051.147349,nan,300051.147349,nan,nan,0.0,18,64,,True,False,"HTTPConnectionPool(host='gpu03', port=9002): Read timed out.",0,56.69694568066818
200,2026-09-19T05:46:47.920+00:00,2026-09-19T05:51:47.827+00:00,2026-09-19T05:51:48.069+00:00,False,4,3.0,,3.0,299906.932523,300149.135403,300149.135187,75037.28379675,0.036059,299906.932523,149913.11069750122,254941.69123984996,80.73429333333333,72.0624092649819,0.00999503128993526,18,64,,True,False,Request timeout: 300.0s exceeded,11,56.69694568066818
201,2026-09-19T05:46:48.452+00:00,2026-09-19T05:51:48.522+00:00,2026-09-19T05:51:48.522+00:00,False,1,0.0,,0.0,300069.919027,300069.919027,300069.919027,300069.919027,300069.919027,300069.919027,nan,300069.919027,nan,nan,0.0,18,64,,True,False,TTFT timeout: 300.0s exceeded (TTFT: 300.061s),0,56.69694568066818
202,2026-09-19T05:46:48.973+00:00,2026-09-19T05:51:49.087+00:00,2026-09-19T05:51:49.087+00:00,False,1,0.0,,0.0,300113.82000999997,300113.82000999997,300113.82000999997,300113.82000999997,300113.82000999997,300113.82000999997,nan,300113.82000999997,nan,nan,0.0,18,64,,True,False,"HTTPConnectionPool(host='gpu03', port=9002): Read timed out.",0,56.69694568066818
203,2026-09-19T05:46:49.489+00:00,2026-09-19T05:51:49.393+00:00,2026-09-19T05:51:49.526+00:00,False,3,2.0,,2.0,299903.800448,300036.798848,300036.79895200004,100012.26631733334,0.03685,299903.800448,173111.15931702525,269926.71656860004,66.4992,93.99229899686956,0.00666584901478438,18,64,,True,False,Request timeout: 300.0s exceeded,8,56.69694568066818
204,2026-09-19T05:46:50.001+00:00,2026-09-19T05:51:49.863+00:00,2026-09-19T05:51:50.012+00:00,False,5,4.0,,4.0,299862.40331300005,300011.071217,300011.0711780001,60002.21423560001,0.03691,299862.40331300005,134085.92368830284,239900.18879520003,37.166976,24.79973107984606,0.013332841297402566,18,64,,True,False,Request timeout: 300.0s exceeded,21,56.69694568066818
205,2026-09-19T05:46:50.419+00:00,2026-09-19T05:51:50.753+00:00,2026-09-19T05:51:51.465+00:00,False,8,7.0,,7.0,300334.10155699996,301045.526325,301045.526279,37630.690784875,0.023489999999999997,300334.10155699996,106148.21695338949,195269.80744705,101.63210971428572,48.28153528391159,0.023252297037767652,18,64,,True,False,Request timeout: 300.0s exceeded,45,56.69694568066818
206,2026-09-19T05:46:50.971+00:00,2026-09-19T05:51:51.256+00:00,2026-09-19T05:51:51.568+00:00,False,5,4.0,,4.0,300284.98886599997,300597.05798599997,300597.058119,60119.41162379999,0.040069,300284.98886599997,134256.64675528376,240250.15451639998,78.01728,52.20731776472169,0.013306850129538847,18,64,,True,False,Request timeout: 300.0s exceeded,11,56.69694568066818
207,2026-09-19T05:46:51.446+00:00,2026-09-19T05:51:51.614+00:00,2026-09-19T05:51:51.614+00:00,False,1,0.0,,0.0,300168.130941,300168.130941,300168.130941,300168.130941,300168.130941,300168.130941,nan,300168.130941,nan,nan,0.0,18,64,,True,False,"HTTPConnectionPool(host='gpu03', port=9002): Read timed out.",0,56.69694568066818
208,2026-09-19T05:46:51.911+00:00,2026-09-19T05:51:51.944+00:00,2026-09-19T05:51:51.944+00:00,False,1,0.0,,0.0,300032.933361,300032.933361,300032.933361,300032.933361,300032.933361,300032.933361,nan,300032.933361,nan,nan,0.0,18,64,,True,False,"HTTPConnectionPool(host='gpu03', port=9002): Read timed out.",0,56.69694568066818
209,2026-09-19T05:46:52.248+00:00,2026-09-19T05:51:52.262+00:00,2026-09-19T05:51:52.262+00:00,False,1,0.0,,0.0,300013.97875099996,300013.97875099996,300013.97875099996,300013.97875099996,300013.97875099996,300013.97875099996,nan,300013.97875099996,nan,nan,0.0,18,64,,True,False,"HTTPConnectionPool(host='gpu03', port=9002): Read timed out.",0,56.69694568066818
210,2026-09-19T05:46:52.612+00:00,2026-09-19T05:51:52.721+00:00,2026-09-19T05:51:52.721+00:00,False,1,0.0,,0.0,300108.57031800004,300108.57031800004,300108.57031800004,300108.57031800004,300108.57031800004,300108.57031800004,nan,300108.57031800004,nan,nan,0.0,18,64,,True,False,"HTTPConnectionPool(host='gpu03', port=9002): Read timed out.",0,56.69694568066818
211,2026-09-19T05:46:52.944+00:00,2026-09-19T05:51:52.989+00:00,2026-09-19T05:51:52.989+00:00,False,1,0.0,,0.0,300045.48094599997,300045.48094599997,300045.48094599997,300045.48094599997,300045.48094599997,300045.48094599997,nan,300045.48094599997,nan,nan,0.0,18,64,,True,False,TTFT timeout: 300.0s exceeded (TTFT: 300.040s),0,56.69694568066818
212,2026-09-19T05:46:53.312+00:00,2026-09-19T05:51:52.990+00:00,2026-09-19T05:51:53.372+00:00,False,6,5.0,,5.0,299678.067488,300060.25500799995,300060.25517899997,50010.04252983333,0.02206,299678.067488,122311.8595471503,224784.36927999998,76.437504,43.89075601095939,0.016663319838432764,18,64,,True,False,Request timeout: 300.0s exceeded,15,56.69694568066818
213,2026-09-19T05:46:53.788+00:00,2026-09-19T05:51:53.681+00:00,2026-09-19T05:51:53.833+00:00,False,4,3.0,,3.0,299893.582096,300045.28436800005,300045.284203,75011.32105075,0.05343,299893.582096,149921.51337724712,254925.1372117,50.567424,52.00738467139696,0.00999849074888494,18,64,,True,False,Request timeout: 300.0s exceeded,10,56.69694568066818
214,2026-09-19T05:46:54.147+00:00,2026-09-19T05:51:54.254+00:00,2026-09-19T05:51:54.254+00:00,False,1,0.0,,0.0,300107.52643,300107.52643,300107.52643,300107.52643,300107.52643,300107.52643,nan,300107.52643,nan,nan,0.0,18,64,,True,False,"HTTPConnectionPool(host='gpu03', port=9002): Read timed out.",0,56.69694568066818
215,2026-09-19T05:46:54.677+00:00,2026-09-19T05:51:54.643+00:00,2026-09-19T05:51:54.779+00:00,False,3,2.0,,2.0,299965.818231,300101.29343099997,300101.293617,100033.764539,0.03664,299965.818231,173146.2507637926,269982.78028249997,67.7376,95.74366107251241,0.006664416461303406,18,64,,True,False,Request timeout: 300.0s exceeded,2,56.69694568066818
216,2026-09-19T05:46:55.686+00:00,2026-09-19T05:51:54.884+00:00,2026-09-19T05:51:55.168+00:00,True,4,4.0,,4.0,299198.374594,299482.521026,299482.521046,74870.6302615,46.437875999999996,299198.374594,149551.83373173414,254338.12941939998,94.71547733333333,43.288702919118165,0.0133563721391698,18,64,,True,True,,11,56.69694568066818
218,2026-09-19T05:46:55.814+00:00,2026-09-19T05:51:56.006+00:00,2026-09-19T05:51:56.006+00:00,False,1,0.0,,0.0,300191.69180900004,300191.69180900004,300191.69180900004,300191.69180900004,300191.69180900004,300191.69180900004,nan,300191.69180900004,nan,nan,0.0,18,64,,True,False,"HTTPConnectionPool(host='gpu03', port=9002): Read timed out.",0,56.69694568066818
217,2026-09-19T05:46:55.805+00:00,2026-09-19T05:51:56.023+00:00,2026-09-19T05:51:56.023+00:00,False,1,0.0,,0.0,300218.746324,300218.746324,300218.746324,300218.746324,300218.746324,300218.746324,nan,300218.746324,nan,nan,0.0,18,64,,True,False,TTFT timeout: 300.0s exceeded (TTFT: 300.062s),0,56.69694568066818
219,2026-09-19T05:46:56.239+00:00,2026-09-19T05:51:56.352+00:00,2026-09-19T05:51:56.352+00:00,False,1,0.0,,0.0,300112.423706,300112.423706,300112.423706,300112.423706,300112.423706,300112.423706,nan,300112.423706,nan,nan,0.0,18,64,,True,False,"HTTPConnectionPool(host='gpu03', port=9002): Read timed out.",0,56.69694568066818
220,2026-09-19T05:46:56.626+00:00,2026-09-19T05:51:56.720+00:00,2026-09-19T05:51:56.720+00:00,False,1,0.0,,0.0,300093.549579,300093.549579,300093.549579,300093.549579,300093.549579,300093.549579,nan,300093.549579,nan,nan,0.0,18,64,,True,False,"HTTPConnectionPool(host='gpu03', port=9002): Read timed out.",0,56.69694568066818
221,2026-09-19T05:46:56.975+00:00,2026-09-19T05:51:57.082+00:00,2026-09-19T05:51:57.082+00:00,False,1,0.0,,0.0,300107.44175700005,300107.44175700005,300107.44175700005,300107.44175700005,300107.44175700005,300107.44175700005,nan,300107.44175700005,nan,nan,0.0,18,64,,True,False,"HTTPConnectionPool(host='gpu03', port=9002): Read timed out.",0,56.69694568066818
222,2026-09-19T05:46:57.346+00:00,2026-09-19T05:51:57.290+00:00,2026-09-19T05:51:57.407+00:00,False,3,2.0,,2.0,299944.228166,300060.60499799997,300060.6049,100020.20163333333,0.04313,299944.228166,173139.29556759895,269961.43870979996,58.188416,82.22966254464508,0.0066653201609499215,18,64,,True,False,Request timeout: 300.0s exceeded,3,56.69694568066818
223,2026-09-19T05:46:57.687+00:00,2026-09-19T05:51:57.411+00:00,2026-09-19T05:51:57.712+00:00,False,5,4.0,,4.0,299724.05018,300025.235204,300025.23527,60005.047054,0.02432,299724.05018,134007.0036772702,239799.79562340002,75.296256,50.2114933650929,0.013332211863046216,18,64,,True,False,Request timeout: 300.0s exceeded,11,56.69694568066818
224,2026-09-19T05:46:58.144+00:00,2026-09-19T05:51:58.117+00:00,2026-09-19T05:51:58.219+00:00,False,3,2.0,,2.0,299972.23337800003,300074.365346,300074.36558700004,100024.78852900001,0.07858,299972.23337800003,173159.57416776175,269985.2154031,51.065984,72.10742331510541,0.006665014512965495,18,64,,True,False,Request timeout: 300.0s exceeded,4,56.69694568066818
225,2026-09-19T05:46:58.521+00:00,2026-09-19T05:51:58.626+00:00,2026-09-19T05:51:58.626+00:00,False,1,0.0,,0.0,300105.629228,300105.629228,300105.629228,300105.629228,300105.629228,300105.629228,nan,300105.629228,nan,nan,0.0,18,64,,True,False,"HTTPConnectionPool(host='gpu03', port=9002): Read timed out.",0,56.69694568066818
226,2026-09-19T05:46:58.927+00:00,2026-09-19T05:51:58.928+00:00,2026-09-19T05:51:59.076+00:00,False,3,2.0,,2.0,300001.426509,300148.53972500004,300148.539798,100049.51326600001,0.02761,300001.426509,173163.45201476858,270015.992426,73.556608,103.9856524591888,0.006663367417454124,18,64,,True,False,Request timeout: 300.0s exceeded,8,56.69694568066818
227,2026-09-19T05:46:59.240+00:00,2026-09-19T05:51:59.076+00:00,2026-09-19T05:51:59.312+00:00,False,4,3.0,,3.0,299836.498929,300072.288497,300072.28838,75018.072095,0.039009999999999996,299836.498929,149878.96158299377,254879.5259637,78.59652266666667,68.25226924056622,0.009997590963918659,18,64,,True,False,Request timeout: 300.0s exceeded,18,56.69694568066818
228,2026-09-19T05:46:59.732+00:00,2026-09-19T05:51:59.522+00:00,2026-09-19T05:51:59.822+00:00,False,6,5.0,,5.0,299789.97452,300089.76536799996,300089.765503,50014.96091716667,0.02131,299789.97452,122364.2726368106,224867.84746024996,59.9581696,42.38309288482147,0.01666168119352055,18,64,,True,False,Request timeout: 300.0s exceeded,15,56.69694568066818
229,2026-09-19T05:47:00.046+00:00,2026-09-19T05:52:00.128+00:00,2026-09-19T05:52:00.128+00:00,False,1,0.0,,0.0,300081.234939,300081.234939,300081.234939,300081.234939,300081.234939,300081.234939,nan,300081.234939,nan,nan,0.0,18,64,,True,False,"HTTPConnectionPool(host='gpu03', port=9002): Read timed out.",0,56.69694568066818
230,2026-09-19T05:47:00.537+00:00,2026-09-19T05:52:00.555+00:00,2026-09-19T05:52:00.662+00:00,False,3,2.0,,2.0,300018.018689,300125.145217,300125.145366,100041.715122,0.03474,300018.018689,173184.56731635056,270026.92601379997,53.563264,75.70101917305495,0.0066638868214588835,18,64,,True,False,Request timeout: 300.0s exceeded,4,56.69694568066818
231,2026-09-19T05:47:00.957+00:00,2026-09-19T05:52:00.911+00:00,2026-09-19T05:52:01.017+00:00,False,3,2.0,,2.0,299954.17494,300059.391708,300059.391492,100019.797164,0.039850000000000003,299954.17494,173148.25822383148,269969.2751162,52.608384,74.3430121145048,0.006665347112168652,18,64,,True,False,Request timeout: 300.0s exceeded,4,56.69694568066818
232,2026-09-19T05:47:01.481+00:00,2026-09-19T05:52:01.588+00:00,2026-09-19T05:52:01.588+00:00,False,1,0.0,,0.0,300106.84338700003,300106.84338700003,300106.84338700003,300106.84338700003,300106.84338700003,300106.84338700003,nan,300106.84338700003,nan,nan,0.0,18,64,,True,False,"HTTPConnectionPool(host='gpu03', port=9002): Read timed out.",0,56.69694568066818
233,2026-09-19T05:47:02.052+00:00,2026-09-19T05:52:02.158+00:00,2026-09-19T05:52:02.158+00:00,False,1,0.0,,0.0,300106.273055,300106.273055,300106.273055,300106.273055,300106.273055,300106.273055,nan,300106.273055,nan,nan,0.0,18,64,,True,False,"HTTPConnectionPool(host='gpu03', port=9002): Read timed out.",0,56.69694568066818
234,2026-09-19T05:47:02.611+00:00,2026-09-19T05:52:02.462+00:00,2026-09-19T05:52:02.687+00:00,False,4,3.0,,3.0,299850.84209,300076.102634,300076.102507,75019.02562675,0.027280000000000002,299850.84209,149887.88844156903,254893.8751718,75.086848,69.68564668174909,0.009997463888882454,18,64,,True,False,Request timeout: 300.0s exceeded,15,56.69694568066818
235,2026-09-19T05:47:03.002+00:00,2026-09-19T05:52:02.599+00:00,2026-09-19T05:52:03.098+00:00,False,9,8.0,,8.0,299596.508412,300095.802876,300095.80293600005,33343.978104,0.03793,299596.508412,99844.70441534679,179800.76476600004,62.411808,35.58887833165373,0.026658153574062517,18,64,,True,False,Request timeout: 300.0s exceeded,29,56.69694568066818
236,2026-09-19T05:47:03.344+00:00,2026-09-19T05:52:03.464+00:00,2026-09-19T05:52:03.464+00:00,False,1,0.0,,0.0,300120.51138599997,300120.51138599997,300120.51138599997,300120.51138599997,300120.51138599997,300120.51138599997,nan,300120.51138599997,nan,nan,0.0,18,64,,True,False,"HTTPConnectionPool(host='gpu03', port=9002): Read timed out.",0,56.69694568066818
237,2026-09-19T05:47:03.711+00:00,2026-09-19T05:52:03.938+00:00,2026-09-19T05:52:04.946+00:00,False,11,10.0,,10.0,300227.440313,301235.718073,301235.718136,27385.06528509091,0.02257,300227.440313,90491.58572188049,150185.975624,100.827776,38.14104648796265,0.03319659456046526,18,64,,True,False,Request timeout: 300.0s exceeded,48,56.69694568066818
238,2026-09-19T05:47:04.191+00:00,2026-09-19T05:52:04.082+00:00,2026-09-19T05:52:04.632+00:00,True,6,6.0,,6.0,299891.71508399997,300441.75054,300441.750633,50073.625105499996,97.357571,299891.71508399997,122385.37023312873,224950.390898,110.0070912,11.607045817590073,0.01997059326546953,18,64,,True,True,,24,56.69694568066818
239,2026-09-19T05:47:04.646+00:00,2026-09-19T05:52:04.534+00:00,2026-09-19T05:52:05.151+00:00,False,8,7.0,,7.0,299888.514012,300504.575708,300504.575658,37563.07195725,0.035469,299888.514012,105995.49125885578,194965.0997814,88.00881371428572,38.974713346543304,0.02329415445175082,18,64,,True,False,Request timeout: 300.0s exceeded,21,56.69694568066818
240,2026-09-19T05:47:05.178+00:00,2026-09-19T05:52:05.259+00:00,2026-09-19T05:52:05.259+00:00,False,1,0.0,,0.0,300081.43035000004,300081.43035000004,300081.43035000004,300081.43035000004,300081.43035000004,300081.43035000004,nan,300081.43035000004,nan,nan,0.0,18,64,,True,False,"HTTPConnectionPool(host='gpu03', port=9002): Read timed out.",0,56.69694568066818
241,2026-09-19T05:47:05.739+00:00,2026-09-19T05:52:05.770+00:00,2026-09-19T05:52:05.770+00:00,False,1,0.0,,0.0,300031.02082,300031.02082,300031.02082,300031.02082,300031.02082,300031.02082,nan,300031.02082,nan,nan,0.0,18,64,,True,False,"HTTPConnectionPool(host='gpu03', port=9002): Read timed out.",0,56.69694568066818
242,2026-09-19T05:47:06.064+00:00,2026-09-19T05:52:06.169+00:00,2026-09-19T05:52:06.169+00:00,False,1,0.0,,0.0,300105.181412,300105.181412,300105.181412,300105.181412,300105.181412,300105.181412,nan,300105.181412,nan,nan,0.0,18,64,,True,False,"HTTPConnectionPool(host='gpu03', port=9002): Read timed out.",0,56.69694568066818
244,2026-09-19T05:47:06.908+00:00,2026-09-19T05:52:06.546+00:00,2026-09-19T05:52:06.943+00:00,False,7,6.0,,6.0,299637.189738,300034.69425,300034.694181,42862.09916871428,0.0216,299637.189738,113227.17809223816,209776.84772069997,66.250752,40.39651926306507,0.019997687317455957,18,64,,True,False,Request timeout: 300.0s exceeded,28,56.69694568066818
243,2026-09-19T05:47:06.516+00:00,2026-09-19T05:52:06.548+00:00,2026-09-19T05:52:06.548+00:00,False,1,0.0,,0.0,300031.42645200004,300031.42645200004,300031.42645200004,300031.42645200004,300031.42645200004,300031.42645200004,nan,300031.42645200004,nan,nan,0.0,18,64,,True,False,TTFT timeout: 300.0s exceeded (TTFT: 300.021s),0,56.69694568066818
245,2026-09-19T05:47:07.280+00:00,2026-09-19T05:52:07.386+00:00,2026-09-19T05:52:07.386+00:00,False,1,0.0,,0.0,300105.19246600004,300105.19246600004,300105.19246600004,300105.19246600004,300105.19246600004,300105.19246600004,nan,300105.19246600004,nan,nan,0.0,18,64,,True,False,"HTTPConnectionPool(host='gpu03', port=9002): Read timed out.",0,56.69694568066818
246,2026-09-19T05:47:07.839+00:00,2026-09-19T05:52:07.851+00:00,2026-09-19T05:52:07.851+00:00,False,1,0.0,,0.0,300012.175234,300012.175234,300012.175234,300012.175234,300012.175234,300012.175234,nan,300012.175234,nan,nan,0.0,18,64,,True,False,TTFT timeout: 300.0s exceeded (TTFT: 300.003s),0,56.69694568066818
247,2026-09-19T05:47:08.220+00:00,2026-09-19T05:52:08.126+00:00,2026-09-19T05:52:08.269+00:00,False,3,2.0,,2.0,299906.52457,300049.138074,300049.13794,100016.37931333334,0.06419,299906.52457,173109.95841817296,269930.127031,71.306752,100.75210406051097,0.0066655748882929544,18,64,,True,False,Request timeout: 300.0s exceeded,4,56.69694568066818
248,2026-09-19T05:47:08.568+00:00,2026-09-19T05:52:08.386+00:00,2026-09-19T05:52:08.604+00:00,False,4,3.0,,3.0,299818.158228,300035.971476,300035.971563,75008.99289075,0.02145,299818.158228,149872.78614924088,254863.94895735,72.604416,64.51697075605307,0.009998801094554663,18,64,,True,False,Request timeout: 300.0s exceeded,6,56.69694568066818
249,2026-09-19T05:47:08.972+00:00,2026-09-19T05:52:09.011+00:00,2026-09-19T05:52:09.011+00:00,False,1,0.0,,0.0,300038.746131,300038.746131,300038.746131,300038.746131,300038.746131,300038.746131,nan,300038.746131,nan,nan,0.0,18,64,,True,False,"HTTPConnectionPool(host='gpu03', port=9002): Read timed out.",0,56.69694568066818
250,2026-09-19T05:47:09.485+00:00,2026-09-19T05:52:09.528+00:00,2026-09-19T05:52:09.528+00:00,False,1,0.0,,0.0,300043.435221,300043.435221,300043.435221,300043.435221,300043.435221,300043.435221,nan,300043.435221,nan,nan,0.0,18,64,,True,False,"HTTPConnectionPool(host='gpu03', port=9002): Read timed out.",0,56.69694568066818
251,2026-09-19T05:47:09.993+00:00,2026-09-19T05:52:09.864+00:00,2026-09-19T05:52:10.104+00:00,False,4,3.0,,3.0,299871.24336799997,300110.55114399997,300110.55127999996,75027.63781999999,0.04145,299871.24336799997,149895.7479388154,254910.259202,79.76925866666667,70.0331698806729,0.009996316319317047,18,64,,True,False,Request timeout: 300.0s exceeded,13,56.69694568066818
252,2026-09-19T05:47:10.430+00:00,2026-09-19T05:52:10.304+00:00,2026-09-19T05:52:10.508+00:00,False,4,3.0,,3.0,299873.690614,300078.11071000004,300078.11054200004,75019.52763550001,0.02199,299873.690614,149902.78306033422,254908.13773045,68.140032,59.00293089730536,0.009997396987410537,18,64,,True,False,Request timeout: 300.0s exceeded,11,56.69694568066818
253,2026-09-19T05:47:10.921+00:00,2026-09-19T05:52:11.015+00:00,2026-09-19T05:52:11.015+00:00,False,1,0.0,,0.0,300093.957508,300093.957508,300093.957508,300093.957508,300093.957508,300093.957508,nan,300093.957508,nan,nan,0.0,18,64,,True,False,"HTTPConnectionPool(host='gpu03', port=9002): Read timed out.",0,56.69694568066818
254,2026-09-19T05:47:11.291+00:00,2026-09-19T05:52:11.324+00:00,2026-09-19T05:52:11.324+00:00,False,1,0.0,,0.0,300033.597875,300033.597875,300033.597875,300033.597875,300033.597875,300033.597875,nan,300033.597875,nan,nan,0.0,18,64,,True,False,"HTTPConnectionPool(host='gpu03', port=9002): Read timed out.",0,56.69694568066818
255,2026-09-19T05:47:11.684+00:00,2026-09-19T05:52:11.506+00:00,2026-09-19T05:52:11.732+00:00,False,4,3.0,,3.0,299821.733182,300047.429438,300047.429578,75011.8573945,0.0235,299821.733182,149873.260262209,254867.14659279998,75.23208533333333,66.16669746946593,0.009998419268643999,18,64,,True,False,Request timeout: 300.0s exceeded,11,56.69694568066818
256,2026-09-19T05:47:12.232+00:00,2026-09-19T05:52:12.325+00:00,2026-09-19T05:52:12.325+00:00,False,1,0.0,,0.0,300093.63332200004,300093.63332200004,300093.63332200004,300093.63332200004,300093.63332200004,300093.63332200004,nan,300093.63332200004,nan,nan,0.0,18,64,,True,False,"HTTPConnectionPool(host='gpu03', port=9002): Read timed out.",0,56.69694568066818
257,2026-09-19T05:47:12.682+00:00,2026-09-19T05:52:12.777+00:00,2026-09-19T05:52:12.777+00:00,False,1,0.0,,0.0,300095.04177999997,300095.04177999997,300095.04177999997,300095.04177999997,300095.04177999997,300095.04177999997,nan,300095.04177999997,nan,nan,0.0,18,64,,True,False,"HTTPConnectionPool(host='gpu03', port=9002): Read timed out.",0,56.69694568066818
258,2026-09-19T05:47:13.171+00:00,2026-09-19T05:52:13.097+00:00,2026-09-19T05:52:13.217+00:00,False,3,2.0,,2.0,299926.536019,300046.458195,300046.458214,100015.48607133333,0.092609,299926.536019,173128.05810330043,269945.8653757,59.961088,84.6667258649944,0.006665634422187384,18,64,,True,False,Request timeout: 300.0s exceeded,4,56.69694568066818
259,2026-09-19T05:47:13.628+00:00,2026-09-19T05:52:13.354+00:00,2026-09-19T05:52:13.716+00:00,False,6,5.0,,5.0,299726.323531,300088.216395,300088.216292,50014.70271533333,0.021070000000000002,299726.323531,122333.21800887835,224823.3320205,72.3785728,47.057401264780985,0.016661767196545305,18,64,,True,False,Request timeout: 300.0s exceeded,23,56.69694568066818
260,2026-09-19T05:47:13.951+00:00,2026-09-19T05:52:14.049+00:00,2026-09-19T05:52:14.049+00:00,False,1,0.0,,0.0,300098.42941000004,300098.42941000004,300098.42941000004,300098.42941000004,300098.42941000004,300098.42941000004,nan,300098.42941000004,nan,nan,0.0,18,64,,True,False,"HTTPConnectionPool(host='gpu03', port=9002): Read timed out.",0,56.69694568066818
261,2026-09-19T05:47:14.306+00:00,2026-09-19T05:52:14.375+00:00,2026-09-19T05:52:14.375+00:00,False,1,0.0,,0.0,300068.984123,300068.984123,300068.984123,300068.984123,300068.984123,300068.984123,nan,300068.984123,nan,nan,0.0,18,64,,True,False,"HTTPConnectionPool(host='gpu03', port=9002): Read timed out.",0,56.69694568066818
262,2026-09-19T05:47:14.655+00:00,2026-09-19T05:52:14.643+00:00,2026-09-19T05:52:14.781+00:00,False,3,2.0,,2.0,299987.877903,300125.727503,300125.727305,100041.90910166666,0.05235,299987.877903,173158.30206296363,270002.8698179,68.9248,97.40016901609977,0.0066638738925839285,18,64,,True,False,Request timeout: 300.0s exceeded,8,56.69694568066818
263,2026-09-19T05:47:15.006+00:00,2026-09-19T05:52:14.783+00:00,2026-09-19T05:52:15.023+00:00,False,4,3.0,,3.0,299777.052862,300017.529278,300017.529311,75004.38232775,0.022259,299777.052862,149848.4580997726,254830.44515965003,80.15880533333333,70.56616240361475,0.00999941572487307,18,64,,True,False,Request timeout: 300.0s exceeded,6,56.69694568066818
264,2026-09-19T05:47:15.335+00:00,2026-09-19T05:52:15.138+00:00,2026-09-19T05:52:15.348+00:00,False,4,3.0,,3.0,299803.63120099995,300013.34921699995,300013.349006,75003.3372515,0.037880000000000004,299803.63120099995,149866.8710067079,254850.33975739998,69.90600533333333,61.35823988247972,0.009999555045899298,18,64,,True,False,Request timeout: 300.0s exceeded,10,56.69694568066818
265,2026-09-19T05:47:15.677+00:00,2026-09-19T05:52:15.782+00:00,2026-09-19T05:52:15.782+00:00,False,1,0.0,,0.0,300105.607571,300105.607571,300105.607571,300105.607571,300105.607571,300105.607571,nan,300105.607571,nan,nan,0.0,18,64,,True,False,"HTTPConnectionPool(host='gpu03', port=9002): Read timed out.",0,56.69694568066818
266,2026-09-19T05:47:16.162+00:00,2026-09-19T05:52:16.257+00:00,2026-09-19T05:52:16.257+00:00,False,1,0.0,,0.0,300094.74887400004,300094.74887400004,300094.74887400004,300094.74887400004,300094.74887400004,300094.74887400004,nan,300094.74887400004,nan,nan,0.0,18,64,,True,False,TTFT timeout: 300.0s exceeded (TTFT: 300.086s),0,56.69694568066818
267,2026-09-19T05:47:17.457+00:00,2026-09-19T05:52:16.527+00:00,2026-09-19T05:52:17.736+00:00,False,14,13.0,,13.0,299070.25031800003,300278.69550200005,300278.69557800004,21448.47825557143,0.04262,299070.25031800003,79905.04898593608,104761.05396725,92.95732184615385,33.1767174288563,0.043293114678904725,18,64,,True,False,Request timeout: 300.0s exceeded,63,56.69694568066818
268,2026-09-19T05:47:17.623+00:00,2026-09-19T05:52:16.662+00:00,2026-09-19T05:52:17.735+00:00,False,13,12.0,,12.0,299038.98730599997,300111.47780199995,300111.47770099994,23085.498284692305,0.039810000000000005,299038.98730599997,82913.71038611203,119684.51572719999,89.374208,32.559857658085114,0.039985141814259634,18,64,,True,False,Request timeout: 300.0s exceeded,36,56.69694568066818
269,2026-09-19T05:47:17.671+00:00,2026-09-19T05:52:16.878+00:00,2026-09-19T05:52:17.869+00:00,False,12,11.0,,11.0,299206.930188,300197.24903600005,300197.249014,25016.437417833335,0.03678,299206.930188,86347.61846330439,134716.99110255,90.02898618181818,35.805304054085234,0.0366425742918146,18,64,,True,False,Request timeout: 300.0s exceeded,40,56.69694568066818
270,2026-09-19T05:47:17.940+00:00,2026-09-19T05:52:18.001+00:00,2026-09-19T05:52:18.001+00:00,False,1,0.0,,0.0,300061.138899,300061.138899,300061.138899,300061.138899,300061.138899,300061.138899,nan,300061.138899,nan,nan,0.0,18,64,,True,False,"HTTPConnectionPool(host='gpu03', port=9002): Read timed out.",0,56.69694568066818
271,2026-09-19T05:47:18.375+00:00,2026-09-19T05:52:18.386+00:00,2026-09-19T05:52:18.386+00:00,False,1,0.0,,0.0,300011.406653,300011.406653,300011.406653,300011.406653,300011.406653,300011.406653,nan,300011.406653,nan,nan,0.0,18,64,,True,False,"HTTPConnectionPool(host='gpu03', port=9002): Read timed out.",0,56.69694568066818
272,2026-09-19T05:47:18.825+00:00,2026-09-19T05:52:18.908+00:00,2026-09-19T05:52:18.908+00:00,False,1,0.0,,0.0,300082.890096,300082.890096,300082.890096,300082.890096,300082.890096,300082.890096,nan,300082.890096,nan,nan,0.0,18,64,,True,False,"HTTPConnectionPool(host='gpu03', port=9002): Read timed out.",0,56.69694568066818
273,2026-09-19T05:47:19.282+00:00,2026-09-19T05:52:19.395+00:00,2026-09-19T05:52:20.584+00:00,False,16,15.0,,15.0,300112.309514,301302.02932200005,301302.029241,18831.3768275625,0.024640000000000002,300112.309514,75008.25588659185,75110.06543675,79.31465386666666,33.94814368031207,0.049783932865482196,18,64,,True,False,Request timeout: 300.0s exceeded,64,56.69694568066818
274,2026-09-19T05:47:19.645+00:00,2026-09-19T05:52:19.395+00:00,2026-09-19T05:52:20.583+00:00,False,16,15.0,,15.0,299750.33042400004,300938.187832,300938.18795500003,18808.636747187502,0.02214,299750.33042400004,74917.79220550267,75020.2330395,79.19049386666666,34.05719201547065,0.04984412283486538,18,64,,True,False,Request timeout: 300.0s exceeded,67,56.69694568066818
276,2026-09-19T05:47:20.582+00:00,2026-09-19T05:52:20.747+00:00,2026-09-19T05:52:20.747+00:00,False,1,0.0,,0.0,300165.38190100004,300165.38190100004,300165.38190100004,300165.38190100004,300165.38190100004,300165.38190100004,nan,300165.38190100004,nan,nan,0.0,18,64,,True,False,"HTTPConnectionPool(host='gpu03', port=9002): Read timed out.",0,56.69694568066818
275,2026-09-19T05:47:20.146+00:00,2026-09-19T05:52:21.215+00:00,2026-09-19T05:52:21.215+00:00,False,1,0.0,,0.0,301069.113668,301069.113668,301069.113668,301069.113668,301069.113668,301069.113668,nan,301069.113668,nan,nan,0.0,18,64,,True,False,"HTTPConnectionPool(host='gpu03', port=9002): Read timed out.",0,56.69694568066818
0,2026-09-19T05:45:20.787+00:00,2026-09-19T05:45:21.010+00:00,2026-09-19T05:45:24.705+00:00,True,41,41.0,,41.0,222.919434,3917.204234,3917.204217,95.54156626829268,31.097027999999998,222.919434,31.52261224078334,110.56015299999999,92.35712,24.345920205653957,10.466648545953758,19,64,,False,True,,152,56.69694568066818
1,2026-09-19T05:45:21.418+00:00,2026-09-19T05:45:21.653+00:00,2026-09-19T05:45:24.705+00:00,True,32,32.0,,32.0,234.928174,3287.214894,3287.214913,102.72546603125,45.833154,234.928174,32.24793993711625,136.2264723,98.46086193548388,21.753519427305818,9.73468453748129,19,64,,False,True,,123,56.69694568066818
2,2026-09-19T05:45:22.036+00:00,2026-09-19T05:45:24.911+00:00,2026-09-19T05:45:28.129+00:00,True,35,35.0,,35.0,2874.9805929999998,6093.071601,6093.071616,174.08776045714285,49.059296,2874.9805929999998,470.56783450853163,124.3272483,94.64973552941176,24.235753327960694,5.744229231485771,19,64,,False,True,,160,56.69694568066818
3,2026-09-19T05:45:22.466+00:00,2026-09-19T05:45:27.525+00:00,2026-09-19T05:45:36.195+00:00,True,87,87.0,,87.0,5059.190594,13728.75757,13728.757513999999,157.8018105057471,0.0,5059.190594,532.3737582098137,112.3701633,100.8089183255814,28.96652614773252,6.337062881065938,19,64,,False,True,,306,56.69694568066818
4,2026-09-19T05:45:23.186+00:00,2026-09-19T05:45:31.428+00:00,2026-09-19T05:45:32.856+00:00,True,16,16.0,,16.0,8242.127109000001,9670.107909,9670.107932,604.38174575,44.985906,8242.127109000001,2036.8607212924578,2163.5953815000003,95.19872,23.69369776177324,1.6545833976794353,19,64,,False,True,,77,56.69694568066818
5,2026-09-19T05:45:23.862+00:00,2026-09-19T05:45:34.608+00:00,2026-09-19T05:45:41.582+00:00,True,72,72.0,,72.0,10746.062634,17720.425514,17720.425755,246.117024375,0.0,10746.062634,1255.7227386483066,174.62321995,98.23046309859156,46.896951928028614,4.063107849363803,19,64,,False,True,,317,56.69694568066818
6,2026-09-19T05:45:24.270+00:00,2026-09-19T05:45:37.181+00:00,2026-09-19T05:45:37.592+00:00,True,5,5.0,,5.0,12910.79943,13321.77543,13321.775352999999,2664.3550705999996,95.93953599999999,12910.79943,5727.938105527916,10350.0484162,102.744,4.907444612183956,0.37532534805685436,19,64,,False,True,,14,56.69694568066818
7,2026-09-19T05:45:24.749+00:00,2026-09-19T05:45:39.600+00:00,2026-09-19T05:45:48.557+00:00,True,93,93.0,,93.0,14850.761859999999,23807.780996,23807.781152,255.9976467956989,0.0,14850.761859999999,1530.4430654681103,113.90007099999998,97.35890365217391,42.59600922521533,3.9062859329739776,19,64,,False,True,,438,56.69694568066818
8,2026-09-19T05:45:25.431+00:00,2026-09-19T05:45:43.224+00:00,2026-09-19T05:45:48.350+00:00,True,54,54.0,,54.0,17793.085205,22919.110933,22919.110851999998,424.42797874074074,0.0,17793.085205,2408.568560525017,113.6064265,96.71746656603773,44.19964583913768,2.356112336026451,19,64,,False,True,,256,56.69694568066818
9,2026-09-19T05:45:25.883+00:00,2026-09-19T05:45:46.136+00:00,2026-09-19T05:45:52.245+00:00,True,61,61.0,,61.0,20253.330732000002,26361.897516,26361.89755,432.16225491803283,0.0,20253.330732000002,2581.0349116789903,120.05342999999999,101.80944640000001,68.61514346303295,2.3139457227226097,19,64,,False,True,,208,56.69694568066818
10,2026-09-19T05:45:26.591+00:00,2026-09-19T05:45:50.214+00:00,2026-09-19T05:45:55.101+00:00,True,50,50.0,,50.0,23622.671212,28509.427052,28509.427187,570.18854374,0.0,23622.671212,3327.6396885019303,291.3173334,99.72971102040817,82.1466864750477,1.753805851966162,19,64,,False,True,,255,56.69694568066818
11,2026-09-19T05:45:27.186+00:00,2026-09-19T05:45:53.291+00:00,2026-09-19T05:46:00.920+00:00,True,82,82.0,,82.0,26104.835329,33734.231297,33734.231293000004,411.3930645487805,0.0,26104.835329,2873.3579742157776,114.00877255000002,94.19007367901234,74.83796196158058,2.4307653338255344,19,64,,False,True,,348,56.69694568066818
12,2026-09-19T05:45:27.904+00:00,2026-09-19T05:45:56.642+00:00,2026-09-19T05:46:01.025+00:00,True,46,46.0,,46.0,28737.688144,33121.126224,33121.126401,720.0244869782608,0.0,28737.688144,4223.44230367004,115.11629624999999,97.4097351111111,75.71366055345733,1.3888416622339308,19,64,,False,True,,157,56.69694568066818
13,2026-09-19T05:45:28.600+00:00,2026-09-19T05:46:01.237+00:00,2026-09-19T05:46:08.160+00:00,True,70,70.0,,70.0,32636.267082,39559.734346,39559.734434,565.1390633428571,0.0,32636.267082,3889.872030674571,113.80395245,100.34010527536232,92.53976998531947,1.7694759875726493,19,64,,False,True,,315,56.69694568066818
14,2026-09-19T05:45:29.253+00:00,2026-09-19T05:46:04.675+00:00,2026-09-19T05:46:10.166+00:00,True,56,56.0,,56.0,35422.798920999994,40913.170248999995,40913.170081,730.5923228749999,0.0,35422.798920999994,4721.34084168043,227.86841875,99.82493323636363,103.31116629923706,1.368752400735036,19,64,,False,True,,207,56.69694568066818
15,2026-09-19T05:45:29.889+00:00,2026-09-19T05:46:08.052+00:00,2026-09-19T05:46:14.157+00:00,True,63,63.0,,63.0,38163.36986599999,44267.809674,44267.809515999994,702.663643111111,0.0,38163.36986599999,4796.526722152999,108.38305719999998,98.45870658064516,88.24320744575,1.423156023845518,19,64,,False,True,,261,56.69694568066818
16,2026-09-19T05:45:30.404+00:00,2026-09-19T05:46:10.363+00:00,2026-09-19T05:46:13.769+00:00,True,36,36.0,,36.0,39958.531335,43364.879367,43364.87935,1204.5799819444444,0.0,39958.531335,6644.562210098486,271.56882449999995,97.32422948571428,118.56529024608209,0.8301648828613009,19,64,,False,True,,120,56.69694568066818
17,2026-09-19T05:45:30.813+00:00,2026-09-19T05:46:12.588+00:00,2026-09-19T05:46:15.520+00:00,True,33,33.0,,33.0,41775.711901,44707.266205,44707.266262000005,1354.7656443030303,44.376286,41775.711901,7256.296468780633,109.96280619999999,91.611072,19.700130021125837,0.7381350460724284,19,64,,False,True,,156,56.69694568066818
18,2026-09-19T05:45:31.271+00:00,2026-09-19T05:46:14.960+00:00,2026-09-19T05:46:19.240+00:00,True,45,45.0,,45.0,43689.255034,47969.398138000004,47969.398223000004,1065.9866271777778,38.916729,43689.255034,6498.338390953772,112.2652002,97.27597963636364,19.917034628164345,0.938098073912507,19,64,,False,True,,238,56.69694568066818
19,2026-09-19T05:45:31.666+00:00,2026-09-19T05:46:17.126+00:00,2026-09-19T05:46:25.720+00:00,True,86,86.0,,86.0,45460.073249,54054.792481,54054.792377,628.5440974069768,0.0,45460.073249,4892.746157901168,116.93199824999999,101.11434390588236,124.42885864513437,1.5909782658073952,19,64,,False,True,,402,56.69694568066818
20,2026-09-19T05:45:32.258+00:00,2026-09-19T05:46:20.689+00:00,2026-09-19T05:46:29.668+00:00,True,89,89.0,,89.0,48431.549197,57410.515469,57410.515275,645.0619693820224,0.0,48431.549197,5124.394259461687,116.04658039999998,102.03370763636364,123.68292845322789,1.550238650061545,19,64,,False,True,,320,56.69694568066818
21,2026-09-19T05:45:32.771+00:00,2026-09-19T05:46:23.643+00:00,2026-09-19T05:46:30.344+00:00,True,66,66.0,,66.0,50872.469192000004,57573.00628,57573.006156,872.3182750909092,0.0,50872.469192000004,6249.989639864507,116.18181274999999,103.08518596923076,94.96872408617833,1.146370569551575,19,64,,False,True,,233,56.69694568066818
22,2026-09-19T05:45:33.282+00:00,2026-09-19T05:46:26.053+00:00,2026-09-19T05:46:29.402+00:00,True,27,27.0,,27.0,52770.852774,56120.09591,56120.095957,2078.5220724814812,0.0,52770.852774,10131.89572628759,598.989232,128.8170436923077,140.0860323191409,0.4811110808381368,19,64,,False,True,,138,56.69694568066818
23,2026-09-19T05:45:33.987+00:00,2026-09-19T05:46:29.977+00:00,2026-09-19T05:46:35.352+00:00,True,53,53.0,,53.0,55989.823702,61364.763862,61364.763783,1157.825731754717,45.547683,55989.823702,7676.608160581806,112.6455636,103.36423384615384,14.027993428832323,0.8636878342624918,19,64,,False,True,,197,56.69694568066818
24,2026-09-19T05:45:34.423+00:00,2026-09-19T05:46:32.700+00:00,2026-09-19T05:46:39.510+00:00,True,68,68.0,,68.0,58277.296148,65087.375124,65087.375043,957.1672800441177,0.0,58277.296148,7056.065592484906,113.66555815,101.64296979104478,132.8129632276617,1.0447494597907976,19,64,,False,True,,275,56.69694568066818
25,2026-09-19T05:45:34.860+00:00,2026-09-19T05:46:34.928+00:00,2026-09-19T05:46:42.497+00:00,True,77,77.0,,77.0,60068.535389,67637.145181,67637.145064,878.4044813506493,0.0,60068.535389,6835.184302015688,115.634807,99.58697094736843,122.78273977801746,1.1384277055742758,19,64,,False,True,,285,56.69694568066818
26,2026-09-19T05:45:35.343+00:00,2026-09-19T05:46:37.711+00:00,2026-09-19T05:46:39.509+00:00,True,20,20.0,,20.0,62367.807758,64166.434318,64166.434309000004,3208.3217154500003,0.0,62367.807758,13926.069961646243,3972.0088333,94.66455578947368,200.82063645838565,0.3116894403214422,19,64,,False,True,,77,56.69694568066818
27,2026-09-19T05:45:36.004+00:00,2026-09-19T05:46:41.121+00:00,2026-09-19T05:46:43.823+00:00,True,29,29.0,,29.0,65117.217678,67819.02299,67819.02299900001,2338.5869999655174,45.008044999999996,65117.217678,12074.06643988016,112.11222539999999,96.49304685714286,22.927404197834854,0.4276086372443922,19,64,,False,True,,147,56.69694568066818
28,2026-09-19T05:45:36.719+00:00,2026-09-19T05:46:44.757+00:00,2026-09-19T05:46:45.179+00:00,True,5,5.0,,5.0,68037.72594599999,68459.97388199999,68459.973925,13691.994784999999,102.42169,68037.72594599999,30380.18741851287,54451.96425759999,105.561984,3.2175616649067242,0.07303537697250916,19,64,,False,True,,16,56.69694568066818
29,2026-09-19T05:45:37.390+00:00,2026-09-19T05:46:48.080+00:00,2026-09-19T05:46:52.336+00:00,True,45,45.0,,45.0,70690.206481,74946.227473,74946.227356,1665.4717190222223,0.0,70690.206481,10524.469626233717,113.0139232,96.7277498181818,147.86344603681033,0.6004304888623195,19,64,,False,True,,189,56.69694568066818
30,2026-09-19T05:45:37.990+00:00,2026-09-19T05:46:51.921+00:00,2026-09-19T05:46:54.507+00:00,True,26,26.0,,26.0,73931.043168,76516.997728,76516.997871,2942.9614565769234,7.246713,73931.043168,14478.841487131065,224.9278595,103.4381824,41.44041475686806,0.339793781408203,19,64,,False,True,,52,56.69694568066818
31,2026-09-19T05:45:38.529+00:00,2026-09-19T05:46:54.183+00:00,2026-09-19T05:47:02.781+00:00,True,85,85.0,,85.0,75653.970177,84251.581697,84251.581517,991.1950766705882,0.01802,75653.970177,8195.252405447713,114.03689700000002,102.3525180952381,93.6649450908306,1.008883136529016,19,64,,False,True,,320,56.69694568066818
32,2026-09-19T05:45:38.982+00:00,2026-09-19T05:46:57.030+00:00,2026-09-19T05:47:04.869+00:00,True,74,74.0,,74.0,78048.614532,85887.181444,85887.18161300001,1160.6375893648649,0.0,78048.614532,9061.464617925129,113.3810538,107.37762893150685,134.1779780973939,0.8615953947475775,19,64,,False,True,,292,56.69694568066818
33,2026-09-19T05:45:39.463+00:00,2026-09-19T05:47:00.230+00:00,2026-09-19T05:47:03.098+00:00,True,29,29.0,,29.0,80767.476166,83634.858694,83634.858839,2883.9606496206893,47.072438999999996,80767.476166,14979.134980165198,113.7765552,102.40651885714286,15.359890185955246,0.3467453697279992,19,64,,False,True,,121,56.69694568066818
34,2026-09-19T05:45:39.909+00:00,2026-09-19T05:47:02.671+00:00,2026-09-19T05:47:06.238+00:00,True,39,39.0,,39.0,82762.166639,86329.326191,86329.32617100001,2213.572465923077,0.0,82762.166639,13238.826931898391,216.9329062,93.87261978947369,188.42151020535334,0.4517584200033502,19,64,,False,True,,181,56.69694568066818
35,2026-09-19T05:45:40.434+00:00,2026-09-19T05:47:05.455+00:00,2026-09-19T05:47:06.031+00:00,True,7,7.0,,7.0,85020.696183,85596.95755899999,85596.95743099999,12228.136775857141,48.213407,85020.696183,32098.508781358258,59547.444617999994,96.04356266666667,23.551608654789238,0.0817786075536045,19,64,,False,True,,19,56.69694568066818
36,2026-09-19T05:45:41.049+00:00,2026-09-19T05:47:09.151+00:00,2026-09-19T05:47:15.296+00:00,True,64,64.0,,64.0,88101.606025,94246.265481,94246.265529,1472.597898890625,45.520633000000004,88101.606025,11000.522243383866,111.53384965,97.53427707936507,17.227126376057893,0.679072000077312,19,64,,False,True,,276,56.69694568066818
37,2026-09-19T05:45:41.550+00:00,2026-09-19T05:47:11.792+00:00,2026-09-19T05:47:20.417+00:00,True,82,82.0,,82.0,90242.305035,98866.354955,98866.354961,1205.6872556219512,0.0,90242.305035,9955.54878934359,112.12176410000001,106.46975209876543,185.7139241902758,0.8294024801189759,19,64,,False,True,,356,56.69694568066818
38,2026-09-19T05:45:42.058+00:00,2026-09-19T05:47:15.194+00:00,2026-09-19T05:47:20.671+00:00,True,57,57.0,,57.0,93136.112037,98613.217189,98613.217096,1730.0564402807017,0.0,93136.112037,12325.102115978065,294.4676586,97.80544914285714,217.0603782521787,0.5780158240933871,19,64,,False,True,,208,56.69694568066818
39,2026-09-19T05:45:42.479+00:00,2026-09-19T05:47:17.638+00:00,2026-09-19T05:47:26.248+00:00,True,94,94.0,,94.0,95159.220174,103768.520142,103768.520005,1103.9204255851064,0.0,95159.220174,9806.30900167124,113.20469930000002,92.57311793548388,136.00530987003236,0.9058623932515135,19,64,,False,True,,380,56.69694568066818
40,2026-09-19T05:45:42.891+00:00,2026-09-19T05:47:20.410+00:00,2026-09-19T05:47:20.410+00:00,True,6,6.0,,6.0,97518.41604099999,97518.41604099999,97518.41604099999,16253.069340166665,0.0,97518.41604099999,39811.726637482,73138.81203074999,0.0,0.0,0.06152684019680344,19,64,,False,True,,18,56.69694568066818
41,2026-09-19T05:45:43.352+00:00,2026-09-19T05:47:21.599+00:00,2026-09-19T05:47:23.458+00:00,True,19,19.0,,19.0,98247.802732,100106.51838,100106.518401,5268.764126368421,52.911006,98247.802732,22515.90531754926,9925.2748924,103.26198044444445,12.873793444654492,0.18979783042575535,19,64,,False,True,,62,56.69694568066818
42,2026-09-19T05:45:43.855+00:00,2026-09-19T05:47:24.906+00:00,2026-09-19T05:47:27.765+00:00,True,30,30.0,,30.0,101050.855717,103910.258469,103910.258338,3463.6752779333333,52.467467,101050.855717,18431.284879387596,114.50966854999999,98.60009489655172,18.536950163618208,0.2887106667042892,19,64,,False,True,,110,56.69694568066818
43,2026-09-19T05:45:44.521+00:00,2026-09-19T05:47:28.331+00:00,2026-09-19T05:47:36.652+00:00,True,85,85.0,,85.0,103809.57545399999,112130.56873399999,112130.568938,1319.1831639764705,47.627498,103809.57545399999,11248.995298329604,110.83880660000001,99.0594438095238,15.417238518769274,0.7580448486053785,19,64,,True,True,,412,56.69694568066818
44,2026-09-19T05:45:45.027+00:00,2026-09-19T05:47:31.247+00:00,2026-09-19T05:47:33.612+00:00,True,25,25.0,,25.0,106220.619073,108585.661249,108585.661201,4343.42644804,47.278898999999996,106220.619073,21224.42066051001,115.2169762,98.543424,15.651289449639405,0.23023297654993313,19,64,,True,True,,83,56.69694568066818
45,2026-09-19T05:45:45.471+00:00,2026-09-19T05:47:33.611+00:00,2026-09-19T05:47:34.243+00:00,True,7,7.0,,7.0,108139.84623899999,108771.730271,108771.73028799999,15538.818612571427,99.274636,108139.84623899999,40833.21525997492,75731.03931,105.31400533333333,4.6278038710874805,0.06435495677562365,19,64,,True,True,,32,56.69694568066818
46,2026-09-19T05:45:46.151+00:00,2026-09-19T05:47:36.864+00:00,2026-09-19T05:47:39.533+00:00,True,30,30.0,,30.0,110713.490464,113381.77616000001,113381.776296,3779.3925432,46.894169000000005,110713.490464,20196.63948987772,110.92702105000001,92.00985158620689,23.07937993604147,0.26459278568422806,19,64,,True,True,,135,56.69694568066818
47,2026-09-19T05:45:46.758+00:00,2026-09-19T05:47:40.427+00:00,2026-09-19T05:47:40.855+00:00,True,5,5.0,,5.0,113669.089771,114097.072875,114097.07271,22819.414542,95.261335,113669.089771,50786.51293448371,90958.2130146,106.995776,8.615233858720725,0.04382233368491225,19,64,,True,True,,16,56.69694568066818
48,2026-09-19T05:45:47.284+00:00,2026-09-19T05:47:43.447+00:00,2026-09-19T05:47:48.589+00:00,True,52,52.0,,52.0,116163.80308499999,121305.039821,121305.03992,2332.7892292307693,46.216671000000005,116163.80308499999,16095.047332249665,111.9265166,100.8085634509804,13.887191014013776,0.4286713897191096,19,64,,True,True,,241,56.69694568066818
49,2026-09-19T05:45:47.737+00:00,2026-09-19T05:47:45.737+00:00,2026-09-19T05:47:52.780+00:00,True,71,71.0,,71.0,118000.796266,125043.32375400001,125043.323803,1761.1735746901409,46.185911,118000.796266,13992.185681885,110.3584695,100.60753554285714,14.624641374344247,0.5678032050689854,19,64,,True,True,,350,56.69694568066818
50,2026-09-19T05:45:48.232+00:00,2026-09-19T05:47:48.224+00:00,2026-09-19T05:47:54.052+00:00,True,60,60.0,,60.0,119992.25996899999,125820.218753,125820.21877499999,2097.0036462499997,47.724527,119992.25996899999,15478.190699078443,110.49304985,98.77896244067797,16.70074488452635,0.47687089241028197,19,64,,True,True,,351,56.69694568066818
51,2026-09-19T05:45:48.917+00:00,2026-09-19T05:47:52.378+00:00,2026-09-19T05:47:52.582+00:00,True,3,3.0,,3.0,123461.020802,123664.53517,123664.535072,41221.511690666666,99.076576,123461.020802,71221.50413562047,111125.36249120001,101.757184,3.7909069341718213,0.024259178234697115,19,64,,True,True,,10,56.69694568066818
52,2026-09-19T05:45:49.595+00:00,2026-09-19T05:47:54.967+00:00,2026-09-19T05:47:57.116+00:00,True,24,24.0,,24.0,125371.689003,127520.559915,127520.55999200001,5313.356666333334,42.868669000000004,125371.689003,25572.327026405957,111.5078483,93.42917008695652,22.326455144612112,0.18820494527311846,19,64,,True,True,,79,56.69694568066818
53,2026-09-19T05:45:50.013+00:00,2026-09-19T05:47:57.323+00:00,2026-09-19T05:48:04.909+00:00,True,77,77.0,,77.0,127310.36857600001,134896.574784,134896.574841,1751.9035693636365,42.418879999999994,127310.36857600001,14496.997830952605,112.3820804,99.8185027368421,17.322299557480658,0.5708076733845501,19,64,,True,True,,266,56.69694568066818
54,2026-09-19T05:45:50.683+00:00,2026-09-19T05:48:01.301+00:00,2026-09-19T05:48:09.413+00:00,True,83,83.0,,83.0,130618.443917,138729.977997,138729.97800499998,1671.4455181325302,43.075828,130618.443917,14326.39106842696,111.597647,98.92114731707316,18.84048825199074,0.5982845322861281,19,64,,True,True,,415,56.69694568066818
55,2026-09-19T05:45:51.103+00:00,2026-09-19T05:48:03.381+00:00,2026-09-19T05:48:05.926+00:00,True,28,28.0,,28.0,132277.957499,134822.87602700002,134822.87599300002,4815.102714035715,48.228196000000004,132277.957499,24980.381639467138,112.20707995000001,94.25624177777777,22.9435495441559,0.2076798895344188,19,64,,True,True,,95,56.69694568066818
56,2026-09-19T05:45:51.530+00:00,2026-09-19T05:48:05.659+00:00,2026-09-19T05:48:12.993+00:00,True,73,73.0,,73.0,134128.540469,141462.927157,141462.926987,1937.8483148904108,45.473322,134128.540469,15686.642605853625,112.7017762,101.86648177777778,14.845569405557875,0.5160362609984898,19,64,,True,True,,339,56.69694568066818
57,2026-09-19T05:45:52.216+00:00,2026-09-19T05:48:08.515+00:00,2026-09-19T05:48:11.536+00:00,True,31,31.0,,31.0,136299.846063,139320.318127,139320.31829300002,4494.203815903226,47.492237,136299.846063,24462.098406675952,112.62675899999998,100.68240213333334,18.113288686475407,0.22250882295388802,19,64,,True,True,,115,56.69694568066818
58,2026-09-19T05:45:52.445+00:00,2026-09-19T05:48:10.946+00:00,2026-09-19T05:48:20.043+00:00,True,91,91.0,,91.0,138501.40704,147597.495616,147597.495799,1621.9505032857141,45.645951999999994,138501.40704,14508.306327747037,112.404025,101.06765084444444,15.894723346091826,0.616541626402334,19,64,,True,True,,499,56.69694568066818
59,2026-09-19T05:45:53.169+00:00,2026-09-19T05:48:14.805+00:00,2026-09-19T05:48:21.959+00:00,True,72,72.0,,72.0,141635.18449,148789.94545,148789.94550300002,2066.5270208750003,45.240724,141635.18449,16679.998400161152,112.39620255,100.77128112676056,16.289135932436555,0.48390366554839004,19,64,,True,True,,179,56.69694568066818
60,2026-09-19T05:45:53.767+00:00,2026-09-19T05:48:18.182+00:00,2026-09-19T05:48:22.689+00:00,True,45,45.0,,45.0,144414.705311,148921.167775,148921.167834,3309.3592852,50.003262,144414.705311,21512.80873955613,111.58868819999999,102.41960145454546,12.145845775966361,0.30217329525638015,19,64,,True,True,,181,56.69694568066818
61,2026-09-19T05:45:54.458+00:00,2026-09-19T05:48:21.960+00:00,2026-09-19T05:48:30.815+00:00,True,93,93.0,,93.0,147501.64075400002,156356.90526600002,156356.90515300003,1681.2570446559141,45.815713,147501.64075400002,15285.240028848779,112.04622560000001,96.25287513043479,20.31363261785699,0.5947930463434604,19,64,,True,True,,392,56.69694568066818
62,2026-09-19T05:45:55.150+00:00,2026-09-19T05:48:25.934+00:00,2026-09-19T05:48:29.357+00:00,True,35,35.0,,35.0,150784.148535,154207.47064699998,154207.470725,4405.927734999999,49.079124,150784.148535,25470.159085061703,112.0527607,100.68594447058824,16.488933432748887,0.22696695466926722,19,64,,True,True,,123,56.69694568066818
63,2026-09-19T05:45:55.560+00:00,2026-09-19T05:48:28.167+00:00,2026-09-19T05:48:31.912+00:00,True,40,40.0,,40.0,152607.06024000002,156351.272464,156351.272613,3908.7818153250005,44.573764000000004,152607.06024000002,24114.123611155006,112.94680715,96.00544164102564,20.554895237752284,0.2558341826684527,19,64,,True,True,,200,56.69694568066818
64,2026-09-19T05:45:55.988+00:00,2026-09-19T05:48:30.246+00:00,2026-09-19T05:48:35.893+00:00,True,57,57.0,,57.0,154258.698949,159905.712837,159905.71274800002,2805.3633815438598,46.042411,154258.698949,20418.71363341374,113.4328528,100.83953371428572,16.24146488826929,0.35646006004865494,19,64,,True,True,,282,56.69694568066818
65,2026-09-19T05:45:56.556+00:00,2026-09-19T05:48:33.093+00:00,2026-09-19T05:48:37.549+00:00,True,46,46.0,,46.0,156536.471655,160993.018983,160993.018917,3499.848237326087,46.98388,156536.471655,23065.44971070325,112.63405175,99.03438506666666,19.359011426271245,0.28572667492406834,19,64,,True,True,,92,56.69694568066818
66,2026-09-19T05:45:57.146+00:00,2026-09-19T05:48:36.481+00:00,2026-09-19T05:48:41.324+00:00,True,48,48.0,,48.0,159335.908093,164178.154493,164178.154641,3420.3782216875,48.185186,159335.908093,22983.29247039372,112.4015097,103.02651914893617,16.3770868901645,0.2923653280683366,19,64,,True,True,,136,56.69694568066818
67,2026-09-19T05:45:57.685+00:00,2026-09-19T05:48:39.612+00:00,2026-09-19T05:48:46.356+00:00,True,67,67.0,,67.0,161927.341403,168670.899547,168670.899518,2517.4761122089553,49.513084,161927.341403,19770.09444215474,112.37829330000001,102.17512339393939,12.343332916573655,0.3972232328157502,19,64,,True,True,,235,56.69694568066818
68,2026-09-19T05:45:58.106+00:00,2026-09-19T05:48:41.646+00:00,2026-09-19T05:48:46.356+00:00,True,48,48.0,,48.0,163539.885391,168249.910607,168249.91051,3505.206468958333,46.225941,163539.885391,23590.488604765218,111.40952125,100.2133024680851,13.77348648441402,0.2852898989772359,19,64,,True,True,,213,56.69694568066818
69,2026-09-19T05:45:58.613+00:00,2026-09-19T05:48:44.350+00:00,2026-09-19T05:48:53.635+00:00,True,94,94.0,,94.0,165736.71682,175022.053908,175022.054057,1861.936745287234,45.779392,165736.71682,17084.14690469618,111.82918545000001,99.8423342795699,16.36522066634404,0.5370751736773179,19,64,,True,True,,397,56.69694568066818
70,2026-09-19T05:45:59.025+00:00,2026-09-19T05:48:46.520+00:00,2026-09-19T05:48:50.848+00:00,True,45,45.0,,45.0,167495.436304,171823.3124,171823.312312,3818.2958291555556,48.788915,167495.436304,24954.08862496234,110.06256579999999,98.36082036363636,17.441694531929986,0.2618969415235182,19,64,,True,True,,199,56.69694568066818
71,2026-09-19T05:45:59.639+00:00,2026-09-19T05:48:49.845+00:00,2026-09-19T05:48:55.396+00:00,True,55,55.0,,55.0,170205.329454,175756.51511799998,175756.51504499998,3195.5730008181818,48.022897,170205.329454,22936.623252511243,111.12792739999999,102.79973451851852,11.488732543479463,0.31293292293075975,19,64,,True,True,,200,56.69694568066818
72,2026-09-19T05:46:00.232+00:00,2026-09-19T05:48:53.159+00:00,2026-09-19T05:49:00.534+00:00,True,75,75.0,,75.0,172926.554298,180301.193658,180301.193539,2404.0159138533336,44.588205,172926.554298,19956.33855960905,111.68596869999999,99.65728864864865,17.369803705377652,0.41597062381218586,19,64,,True,True,,334,56.69694568066818
73,2026-09-19T05:46:00.904+00:00,2026-09-19T05:48:56.711+00:00,2026-09-19T05:49:04.787+00:00,True,82,82.0,,82.0,175806.659898,183882.34655400002,183882.346469,2242.467639865854,48.094867,175806.659898,19403.594782561977,112.50705205,99.69983525925926,16.63269746589,0.4459373155536678,19,64,,True,True,,332,56.69694568066818
74,2026-09-19T05:46:01.341+00:00,2026-09-19T05:48:59.198+00:00,2026-09-19T05:49:04.415+00:00,True,53,53.0,,53.0,177856.740854,183074.52799,183074.527819,3454.2363739433963,47.763427,177856.740854,24416.72342935925,110.306367,100.34206030769231,14.538508086370378,0.2894995856708968,19,64,,True,True,,177,56.69694568066818
75,2026-09-19T05:46:01.752+00:00,2026-09-19T05:49:01.101+00:00,2026-09-19T05:49:02.619+00:00,True,17,17.0,,17.0,179348.874144,180866.408864,180866.408965,10639.200527352941,48.86060500000001,179348.874144,43475.492694028755,35958.542084,94.84592,21.361569494356566,0.0939920248694876,19,64,,True,True,,60,56.69694568066818
76,2026-09-19T05:46:02.444+00:00,2026-09-19T05:49:05.321+00:00,2026-09-19T05:49:10.834+00:00,True,56,56.0,,56.0,182877.529067,188390.696683,188390.696826,3364.1195861785714,42.370188999999996,182877.529067,24424.650667661757,113.07243125000001,100.2394112,19.89402530214972,0.29725459370337015,19,64,,True,True,,162,56.69694568066818
77,2026-09-19T05:46:03.144+00:00,2026-09-19T05:49:08.860+00:00,2026-09-19T05:49:08.860+00:00,True,1,1.0,,1.0,185715.902462,185715.902462,185715.902462,185715.902462,185715.902462,185715.902462,nan,185715.902462,nan,nan,0.005384568508906304,19,64,,True,True,,1,56.69694568066818
78,2026-09-19T05:46:03.699+00:00,2026-09-19T05:49:11.944+00:00,2026-09-19T05:49:16.225+00:00,True,43,43.0,,43.0,188245.048339,192525.287955,192525.287949,4477.332277883721,47.023309999999995,188245.048339,28691.56330613851,112.16011619999999,101.91046704761905,14.872278707784643,0.22334728313742674,19,64,,True,True,,198,56.69694568066818
79,2026-09-19T05:46:04.406+00:00,2026-09-19T05:49:15.896+00:00,2026-09-19T05:49:24.800+00:00,True,90,90.0,,90.0,191489.94819800003,200394.07287000003,200394.07278100002,2226.600808677778,48.113966,191489.94819800003,20174.274112743144,114.17709119999999,100.04634462921348,16.99611311663559,0.4491150796579944,19,64,,True,True,,416,56.69694568066818
80,2026-09-19T05:46:04.921+00:00,2026-09-19T05:49:18.669+00:00,2026-09-19T05:49:21.950+00:00,True,35,35.0,,35.0,193747.942764,197028.66417200002,197028.664167,5629.390404771429,45.607622000000006,193747.942764,32733.075623843015,112.22489379999999,96.49180611764706,20.253395346874516,0.1776391275202783,19,64,,True,True,,156,56.69694568066818
81,2026-09-19T05:46:05.516+00:00,2026-09-19T05:49:21.952+00:00,2026-09-19T05:49:27.311+00:00,True,53,53.0,,53.0,196435.081939,201794.81057899998,201794.810468,3807.4492541132076,50.491150999999995,196435.081939,26968.27896971206,112.50525320000001,103.0717046153846,13.517212472792462,0.262643027578012,19,64,,True,True,,236,56.69694568066818
82,2026-09-19T05:46:05.942+00:00,2026-09-19T05:49:24.482+00:00,2026-09-19T05:49:29.695+00:00,True,51,51.0,,51.0,198540.50376499997,203752.97122099999,203752.97121099997,3995.1562982549012,51.230319,198540.50376499997,27786.63586348716,114.92784400000001,104.24934912,11.575059718545736,0.25030309837633247,19,64,,True,True,,206,56.69694568066818
83,2026-09-19T05:46:06.339+00:00,2026-09-19T05:49:26.573+00:00,2026-09-19T05:49:29.201+00:00,True,26,26.0,,26.0,200234.22116999998,202862.18865799997,202862.18856899996,7802.39186803846,98.158258,200234.22116999998,39248.54625026373,110.68950500000001,105.11869951999999,3.4359674358767958,0.12816582613053,19,64,,True,True,,133,56.69694568066818
84,2026-09-19T05:46:06.824+00:00,2026-09-19T05:49:29.197+00:00,2026-09-19T05:49:32.378+00:00,True,32,32.0,,32.0,202373.702157,205553.841165,205553.841056,6423.557533,48.533586,202373.702157,35756.82394748123,115.9472782,102.58512929032258,17.877005420406224,0.1556769740649765,19,64,,True,True,,126,56.69694568066818
85,2026-09-19T05:46:07.461+00:00,2026-09-19T05:49:32.974+00:00,2026-09-19T05:49:35.365+00:00,True,23,23.0,,23.0,205512.936008,207904.24532,207904.245141,9039.315006130435,101.938059,205512.936008,42829.744938330754,114.9413595,108.69587781818181,3.8016667508346744,0.11062785160831655,19,64,,True,True,,52,56.69694568066818
86,2026-09-19T05:46:07.990+00:00,2026-09-19T05:49:36.233+00:00,2026-09-19T05:49:37.492+00:00,True,14,14.0,,14.0,208242.656444,209501.33958,209501.33947099998,14964.381390785713,47.429167,208242.656444,55629.3183827861,72959.7224734,96.8217796923077,22.25515524309688,0.06682534836324505,19,64,,True,True,,52,56.69694568066818
87,2026-09-19T05:46:08.409+00:00,2026-09-19T05:49:38.785+00:00,2026-09-19T05:49:44.164+00:00,True,56,56.0,,56.0,210375.711693,215755.262669,215755.262833,3852.7725505892854,48.615338,210375.711693,28099.57215597069,109.847705,97.81001774545454,17.875132958806443,0.259553344410941,19,64,,True,True,,236,56.69694568066818
88,2026-09-19T05:46:08.866+00:00,2026-09-19T05:49:41.148+00:00,2026-09-19T05:49:44.060+00:00,True,30,30.0,,30.0,212281.370403,215193.633315,215193.633267,7173.1211089,52.809298000000005,212281.370403,38738.76705165433,110.31936945000001,100.42285903448276,16.2822743205381,0.13940932888142682,19,64,,True,True,,173,56.69694568066818
89,2026-09-19T05:46:09.510+00:00,2026-09-19T05:49:44.479+00:00,2026-09-19T05:49:48.633+00:00,True,45,45.0,,45.0,214968.998411,219123.04436300002,219123.044287,4869.400984155555,45.480085,214968.998411,32031.620595120894,113.4674318,94.41013527272726,23.175482516650035,0.20536406899062992,19,64,,True,True,,228,56.69694568066818
90,2026-09-19T05:46:10.188+00:00,2026-09-19T05:49:47.756+00:00,2026-09-19T05:49:55.646+00:00,True,82,82.0,,82.0,217568.578374,225457.977926,225457.977759,2749.4875336463415,45.982834000000004,217568.578374,24015.68004124781,110.23988099999998,97.3999944691358,16.989494751808703,0.3637041401431983,19,64,,True,True,,344,56.69694568066818
91,2026-09-19T05:46:10.783+00:00,2026-09-19T05:49:50.645+00:00,2026-09-19T05:49:57.235+00:00,True,67,67.0,,67.0,219862.126189,226452.48446100001,226452.484396,3379.8878268059702,45.906565,219862.126189,26848.238648982573,110.2461819,99.85391321212121,14.68355854955308,0.29586780714494143,19,64,,True,True,,285,56.69694568066818
92,2026-09-19T05:46:11.221+00:00,2026-09-19T05:49:53.195+00:00,2026-09-19T05:49:54.641+00:00,True,16,16.0,,16.0,221974.010549,223419.297717,223419.297591,13963.7060994375,46.430952,221974.010549,55469.41812123977,55575.7989275,96.35247786666666,20.689798221550852,0.07161422564431666,19,64,,True,True,,57,56.69694568066818
93,2026-09-19T05:46:11.657+00:00,2026-09-19T05:49:55.856+00:00,2026-09-19T05:50:04.831+00:00,True,91,91.0,,91.0,224199.25012799999,233174.14497599998,233174.14521299998,2562.353244098901,47.723651,224199.25012799999,23492.020614990386,112.7866865,99.72105386666667,17.9622414847908,0.39026625361643935,19,64,,True,True,,327,56.69694568066818
94,2026-09-19T05:46:12.126+00:00,2026-09-19T05:49:58.123+00:00,2026-09-19T05:50:02.598+00:00,True,47,47.0,,47.0,225997.42690000002,230471.66280400002,230471.662978,4903.652403787234,46.220674,225997.42690000002,32950.93228331789,113.0110747,97.26599791304348,22.07626377828132,0.20392962600339373,19,64,,True,True,,151,56.69694568066818
95,2026-09-19T05:46:12.536+00:00,2026-09-19T05:50:00.609+00:00,2026-09-19T05:50:08.835+00:00,True,87,87.0,,87.0,228072.992033,236298.581025,236298.58112299998,2716.075645091954,44.727368999999996,228072.992033,24441.74590191543,112.70457419999998,95.64638362790699,20.991178213713514,0.36817825829768963,19,64,,True,True,,420,56.69694568066818
96,2026-09-19T05:46:13.090+00:00,2026-09-19T05:50:03.899+00:00,2026-09-19T05:50:08.324+00:00,True,48,48.0,,48.0,230809.608586,235234.284938,235234.284919,4900.714269145833,45.359565,230809.608586,33300.91583611667,111.6729607,94.14205004255318,21.28612592219213,0.20405188815334133,19,64,,True,True,,161,56.69694568066818
97,2026-09-19T05:46:13.512+00:00,2026-09-19T05:50:06.422+00:00,2026-09-19T05:50:13.545+00:00,True,74,74.0,,74.0,232909.952313,240033.11314499998,240033.113223,3243.6907192297294,43.46239,232909.952313,27063.895717304506,113.18672565000001,97.57754564383562,19.43171827496299,0.3082907980087641,19,64,,True,True,,304,56.69694568066818
98,2026-09-19T05:46:14.078+00:00,2026-09-19T05:50:09.498+00:00,2026-09-19T05:50:14.516+00:00,True,50,50.0,,50.0,235419.443239,240437.653287,240437.65326599998,4808.75306532,48.810708,235419.443239,33278.8565493938,114.24646830000002,102.41244995918368,14.059812985506982,0.20795411748723555,19,64,,True,True,,163,56.69694568066818
99,2026-09-19T05:46:14.630+00:00,2026-09-19T05:50:12.469+00:00,2026-09-19T05:50:20.667+00:00,True,83,83.0,,83.0,237839.39523199998,246036.95606399997,246036.95586699998,2964.3006730963853,44.153978,237839.39523199998,26095.298998570743,114.67249400000003,99.97025404878049,19.155960447151454,0.3373476949471353,19,64,,True,True,,317,56.69694568066818
100,2026-09-19T05:46:15.283+00:00,2026-09-19T05:50:16.129+00:00,2026-09-19T05:50:16.445+00:00,True,4,4.0,,4.0,240845.196039,241161.947911,241161.94791,60290.4869775,103.27337200000001,240845.196039,120369.80605233522,204734.47230810003,105.58395733333333,2.0233191605768313,0.016586364617838408,19,64,,True,True,,14,56.69694568066818
101,2026-09-19T05:46:15.911+00:00,2026-09-19T05:50:20.053+00:00,2026-09-19T05:50:29.046+00:00,True,94,94.0,,94.0,244141.55302599998,253134.781826,253134.78191999998,2692.9232119148933,45.823084,244141.55302599998,25171.31056309581,110.2459128,96.70138494623657,17.56246625951625,0.37134367439324795,19,64,,True,True,,416,56.69694568066818
102,2026-09-19T05:46:16.446+00:00,2026-09-19T05:50:22.180+00:00,2026-09-19T05:50:26.957+00:00,True,52,52.0,,52.0,245733.64167500002,250511.04250700003,250511.04237500002,4817.520045673077,43.31629,245733.64167500002,34064.140848047624,109.74112425,93.67452611764705,21.01154428760379,0.20757568001636878,19,64,,True,True,,188,56.69694568066818
103,2026-09-19T05:46:17.070+00:00,2026-09-19T05:50:25.394+00:00,2026-09-19T05:50:26.486+00:00,True,13,13.0,,13.0,248323.78971799999,249416.098454,249416.09859299997,19185.853737923077,44.442988,248323.78971799999,68847.38564071713,99395.3636414,91.025728,25.107155052836738,0.05212173584856874,19,64,,True,True,,54,56.69694568066818
104,2026-09-19T05:46:17.512+00:00,2026-09-19T05:50:28.192+00:00,2026-09-19T05:50:33.807+00:00,True,56,56.0,,56.0,250680.03654600002,256294.484674,256294.484498,4576.687223178572,50.182413999999994,250680.03654600002,33484.88959325442,110.95142899999999,102.08087505454544,11.014395472654016,0.21849865427744403,19,64,,True,True,,180,56.69694568066818
105,2026-09-19T05:46:18.026+00:00,2026-09-19T05:50:30.614+00:00,2026-09-19T05:50:30.817+00:00,True,3,3.0,,3.0,252588.322484,252791.697332,252791.697536,84263.89917866667,100.873918,252588.322484,145773.22666205457,227339.74034899997,101.687424,1.150739918848738,0.011867478369196584,19,64,,True,True,,11,56.69694568066818
106,2026-09-19T05:46:18.479+00:00,2026-09-19T05:50:32.679+00:00,2026-09-19T05:50:40.290+00:00,True,77,77.0,,77.0,254199.446967,261811.024055,261811.023961,3400.143168324675,45.509555,254199.446967,28957.307557539676,112.91810579999999,100.15233010526316,17.904788075509476,0.2941052626715375,19,64,,True,True,,115,56.69694568066818
107,2026-09-19T05:46:19.136+00:00,2026-09-19T05:50:36.476+00:00,2026-09-19T05:50:37.279+00:00,True,9,9.0,,9.0,257339.49989500002,258142.314615,258142.31456700002,28682.479396333336,48.954778,257339.49989500002,85746.38490031406,154447.3361646,100.35184,20.827614128736688,0.034864489432593904,19,64,,True,True,,28,56.69694568066818
108,2026-09-19T05:46:19.794+00:00,2026-09-19T05:50:40.287+00:00,2026-09-19T05:50:43.047+00:00,True,29,29.0,,29.0,260493.412701,263253.465949,263253.465946,9077.705722275861,50.130824999999994,260493.412701,48354.111558134355,112.4325314,98.57333028571428,19.526014754119803,0.11015999312851654,19,64,,True,True,,108,56.69694568066818
109,2026-09-19T05:46:20.387+00:00,2026-09-19T05:50:43.363+00:00,2026-09-19T05:50:50.330+00:00,True,73,73.0,,73.0,262976.697279,269943.293887,269943.29377700004,3697.853339410959,45.299625999999996,262976.697279,30767.775987307974,113.2987524,96.75828622222222,19.910160236791363,0.2704271661979433,19,64,,True,True,,254,56.69694568066818
110,2026-09-19T05:46:20.893+00:00,2026-09-19T05:50:45.686+00:00,2026-09-19T05:50:47.442+00:00,True,20,20.0,,20.0,264793.246412,266548.62740399997,266548.627574,13327.4313787,47.441231,264793.246412,59188.91522188654,13344.747877799999,92.38847326315789,22.408369922713593,0.0750332132443758,19,64,,True,True,,83,56.69694568066818
111,2026-09-19T05:46:21.406+00:00,2026-09-19T05:50:48.799+00:00,2026-09-19T05:50:49.788+00:00,True,12,12.0,,12.0,267392.533245,268382.030589,268382.030515,22365.169209583335,50.309874,267392.533245,77163.6115566802,120386.7918592,89.954304,24.726002113296165,0.04471238247085473,19,64,,True,True,,49,56.69694568066818
112,2026-09-19T05:46:22.774+00:00,2026-09-19T05:50:53.215+00:00,2026-09-19T05:50:54.346+00:00,True,12,12.0,,12.0,270440.550119,271571.71299900004,271571.712943,22630.976078583335,96.12657899999999,270440.550119,78039.77705281184,121760.37111505,102.8329890909091,5.447008832366796,0.04418722357893064,19,64,,True,True,,42,56.69694568066818
113,2026-09-19T05:46:22.795+00:00,2026-09-19T05:50:55.130+00:00,2026-09-19T05:51:03.193+00:00,True,82,82.0,,82.0,272334.640962,280397.865538,280397.865649,3419.4861664512196,46.333714,272334.640962,30063.341747366896,110.623189,99.54598241975309,17.0189962649277,0.29244159845035345,19,64,,True,True,,303,56.69694568066818
114,2026-09-19T05:46:23.157+00:00,2026-09-19T05:50:58.332+00:00,2026-09-19T05:51:00.191+00:00,True,20,20.0,,20.0,275174.170769,277034.010513,277034.01063100004,13851.700531550001,46.321853000000004,275174.170769,61508.92966946496,13862.37763045,97.88630231578948,18.247705062900465,0.07219330205329243,19,64,,True,True,,40,56.69694568066818
115,2026-09-19T05:46:23.793+00:00,2026-09-19T05:51:01.663+00:00,2026-09-19T05:51:08.285+00:00,True,69,69.0,,69.0,277870.10071499995,284491.24836299993,284491.24831099994,4123.061569724637,46.278773,277870.10071499995,33439.91305790938,111.893168,97.36981835294117,19.986329788642983,0.24253821654281132,19,64,,True,True,,301,56.69694568066818
116,2026-09-19T05:46:24.460+00:00,2026-09-19T05:51:04.899+00:00,2026-09-19T05:51:10.776+00:00,True,63,63.0,,63.0,280438.168885,286315.763765,286315.763797,4544.694663444444,45.009546,280438.168885,35319.95108310995,110.314865,94.79991741935484,21.622900595564726,0.22003678446328456,19,64,,True,True,,305,56.69694568066818
117,2026-09-19T05:46:24.940+00:00,2026-09-19T05:51:07.714+00:00,2026-09-19T05:51:17.521+00:00,True,100,100.0,,100.0,282774.112311,292581.076023,292581.076026,2925.81076026,45.392765,282774.112311,28267.51030966209,110.82896145000001,99.06023951515152,17.070861313179833,0.3417856047263253,19,64,,True,True,,364,56.69694568066818
118,2026-09-19T05:46:25.453+00:00,2026-09-19T05:51:10.581+00:00,2026-09-19T05:51:14.793+00:00,True,44,44.0,,44.0,285128.16075700003,289339.854837,289339.85480300005,6575.905790977274,45.081877,285128.16075700003,42969.9255780441,112.89511699999998,97.94637395348836,18.727217292723633,0.15207030509083325,19,64,,True,True,,198,56.69694568066818
119,2026-09-19T05:46:26.119+00:00,2026-09-19T05:51:14.060+00:00,2026-09-19T05:51:18.419+00:00,True,45,45.0,,45.0,287941.013012,292299.70101200003,292299.70096,6495.548910222223,44.762457000000005,287941.013012,42908.94852627951,112.71149880000002,99.06109090909091,18.20622006127355,0.15395157724828662,19,64,,True,True,,247,56.69694568066818
120,2026-09-19T05:46:26.769+00:00,2026-09-19T05:51:17.730+00:00,2026-09-19T05:51:26.615+00:00,True,89,89.0,,89.0,290961.164355,299845.489475,299845.48954800004,3369.0504443595505,46.576533000000005,290961.164355,30831.125416135565,114.0446904,100.95824,18.061407155670526,0.296819539142744,19,64,,True,True,,348,56.69694568066818
121,2026-09-19T05:46:27.438+00:00,2026-09-19T05:51:20.768+00:00,2026-09-19T05:51:27.464+00:00,False,69,68.0,,68.0,293329.83252399997,300025.92366,300025.92364899995,4348.201792014493,0.02205,293329.83252399997,35300.91504958219,115.601201,98.47192847058824,23.263644195634008,0.22664708159372257,19,64,,True,False,Request timeout: 300.0s exceeded,223,56.69694568066818
122,2026-09-19T05:46:27.914+00:00,2026-09-19T05:51:24.047+00:00,2026-09-19T05:51:27.995+00:00,False,41,40.0,,40.0,296133.513565,300081.118301,300081.118247,7319.051664560975,0.02711,296133.513565,46232.87827035703,116.404783,98.6901184,24.331326909261822,0.13329729050088887,19,64,,True,False,Request timeout: 300.0s exceeded,184,56.69694568066818
123,2026-09-19T05:46:28.597+00:00,2026-09-19T05:51:27.571+00:00,2026-09-19T05:51:28.727+00:00,False,13,12.0,,12.0,298974.765291,300130.692331,300130.692338,23086.97633369231,0.04254,298974.765291,82893.96931379048,119658.5011992,96.32725333333333,30.668435402068127,0.03998258194388785,19,64,,True,False,Request timeout: 300.0s exceeded,32,56.69694568066818
124,2026-09-19T05:46:29.241+00:00,2026-09-19T05:51:29.492+00:00,2026-09-19T05:51:29.602+00:00,False,3,2.0,,2.0,300251.167185,300361.32321700006,300361.32310200005,100120.441034,0.02775,300251.167185,173318.30166725145,270237.0632832,55.078016,77.85261500055788,0.006658646920912228,19,64,,True,False,Request timeout: 300.0s exceeded,4,56.69694568066818
125,2026-09-19T05:46:29.923+00:00,2026-09-19T05:51:29.937+00:00,2026-09-19T05:51:29.937+00:00,False,1,0.0,,0.0,300013.881804,300013.881804,300013.881804,300013.881804,300013.881804,300013.881804,nan,300013.881804,nan,nan,0.0,19,64,,True,False,"HTTPConnectionPool(host='gpu03', port=9002): Read timed out.",0,56.69694568066818
126,2026-09-19T05:46:30.557+00:00,2026-09-19T05:51:30.665+00:00,2026-09-19T05:51:30.665+00:00,False,1,0.0,,0.0,300108.01307,300108.01307,300108.01307,300108.01307,300108.01307,300108.01307,nan,300108.01307,nan,nan,0.0,19,64,,True,False,"HTTPConnectionPool(host='gpu03', port=9002): Read timed out.",0,56.69694568066818
127,2026-09-19T05:46:30.986+00:00,2026-09-19T05:51:30.982+00:00,2026-09-19T05:51:31.098+00:00,False,3,2.0,,2.0,299996.530748,300112.33516400005,300112.335123,100037.44504100001,0.02698,299996.530748,173169.65761103813,270008.4554127,57.902208,81.84807378439133,0.006664171264093745,19,64,,True,False,Request timeout: 300.0s exceeded,4,56.69694568066818
128,2026-09-19T05:46:31.577+00:00,2026-09-19T05:51:31.208+00:00,2026-09-19T05:51:31.634+00:00,False,7,6.0,,6.0,299631.202987,300057.372075,300057.372019,42865.33885985714,0.03411,299631.202987,113223.1113547811,209778.4196419,71.02818133333332,45.87963159321359,0.019996175926316802,19,64,,True,False,Request timeout: 300.0s exceeded,14,56.69694568066818
129,2026-09-19T05:46:32.300+00:00,2026-09-19T05:51:32.413+00:00,2026-09-19T05:51:32.413+00:00,False,1,0.0,,0.0,300112.49828,300112.49828,300112.49828,300112.49828,300112.49828,300112.49828,nan,300112.49828,nan,nan,0.0,19,64,,True,False,TTFT timeout: 300.0s exceeded (TTFT: 300.093s),0,56.69694568066818
130,2026-09-19T05:46:32.703+00:00,2026-09-19T05:51:32.666+00:00,2026-09-19T05:51:32.776+00:00,False,3,2.0,,2.0,299962.79242400004,300073.1978,300073.1978,100024.39926666667,0.044270000000000004,299962.79242400004,173151.73645159721,269977.54929220007,55.202688,78.00575735880012,0.0066650404456748856,19,64,,True,False,Request timeout: 300.0s exceeded,10,56.69694568066818
131,2026-09-19T05:46:33.090+00:00,2026-09-19T05:51:33.024+00:00,2026-09-19T05:51:33.139+00:00,False,3,2.0,,2.0,299934.150219,300049.295691,300049.295765,100016.43192166666,0.04001,299934.150219,173133.83227124548,269952.2457507,57.572736,81.36366604129881,0.006665571386841919,19,64,,True,False,Request timeout: 300.0s exceeded,16,56.69694568066818
132,2026-09-19T05:46:33.596+00:00,2026-09-19T05:51:33.704+00:00,2026-09-19T05:51:33.704+00:00,False,1,0.0,,0.0,300107.944295,300107.944295,300107.944295,300107.944295,300107.944295,300107.944295,nan,300107.944295,nan,nan,0.0,19,64,,True,False,"HTTPConnectionPool(host='gpu03', port=9002): Read timed out.",0,56.69694568066818
133,2026-09-19T05:46:34.289+00:00,2026-09-19T05:51:34.278+00:00,2026-09-19T05:51:34.407+00:00,False,3,2.0,,2.0,299988.995253,300117.86002100003,300117.860118,100039.286706,0.03867,299988.995253,173161.5390540848,270002.9783472,64.432384,91.06648346936412,0.006664048583646621,19,64,,True,False,Request timeout: 300.0s exceeded,5,56.69694568066818
134,2026-09-19T05:46:34.830+00:00,2026-09-19T05:51:34.548+00:00,2026-09-19T05:51:34.853+00:00,False,5,4.0,,4.0,299718.399632,300022.89934400003,300022.89951200003,60004.5799024,0.02422,299718.399632,134004.10645010535,239796.6956012,76.124928,51.54380484656191,0.0133323156623911,19,64,,True,False,Request timeout: 300.0s exceeded,17,56.69694568066818
135,2026-09-19T05:46:35.440+00:00,2026-09-19T05:51:35.549+00:00,2026-09-19T05:51:35.549+00:00,False,1,0.0,,0.0,300108.729177,300108.729177,300108.729177,300108.729177,300108.729177,300108.729177,nan,300108.729177,nan,nan,0.0,19,64,,True,False,"HTTPConnectionPool(host='gpu03', port=9002): Read timed out.",0,56.69694568066818
136,2026-09-19T05:46:35.871+00:00,2026-09-19T05:51:35.890+00:00,2026-09-19T05:51:35.890+00:00,False,1,0.0,,0.0,300018.783554,300018.783554,300018.783554,300018.783554,300018.783554,300018.783554,nan,300018.783554,nan,nan,0.0,19,64,,True,False,TTFT timeout: 300.0s exceeded (TTFT: 300.013s),0,56.69694568066818
137,2026-09-19T05:46:36.409+00:00,2026-09-19T05:51:36.150+00:00,2026-09-19T05:51:36.450+00:00,False,5,4.0,,4.0,299741.119859,300040.81368300004,300040.81362100004,60008.1627242,0.023010000000000003,299741.119859,134014.804168721,239813.53066180003,74.923456,50.08251352207826,0.013331519638611868,19,64,,True,False,Request timeout: 300.0s exceeded,9,56.69694568066818
138,2026-09-19T05:46:36.887+00:00,2026-09-19T05:51:36.992+00:00,2026-09-19T05:51:36.992+00:00,False,1,0.0,,0.0,300105.762996,300105.762996,300105.762996,300105.762996,300105.762996,300105.762996,nan,300105.762996,nan,nan,0.0,19,64,,True,False,"HTTPConnectionPool(host='gpu03', port=9002): Read timed out.",0,56.69694568066818
139,2026-09-19T05:46:37.726+00:00,2026-09-19T05:51:37.333+00:00,2026-09-19T05:51:37.899+00:00,False,7,6.0,,6.0,299606.400374,300172.825718,300172.825704,42881.83224342857,0.02257,299606.400374,113204.90181587847,209762.17963340002,94.404224,46.70904129888386,0.01998848491914039,19,64,,True,False,Request timeout: 300.0s exceeded,44,56.69694568066818
140,2026-09-19T05:46:37.869+00:00,2026-09-19T05:51:37.893+00:00,2026-09-19T05:51:37.996+00:00,False,3,2.0,,2.0,300024.239273,300127.817385,300127.817496,100042.605832,0.04407,300024.239273,173189.18258034243,270032.168761,51.789056,73.1785147261213,0.006663827489987129,19,64,,True,False,Request timeout: 300.0s exceeded,8,56.69694568066818
141,2026-09-19T05:46:38.477+00:00,2026-09-19T05:51:38.541+00:00,2026-09-19T05:51:38.541+00:00,False,1,0.0,,0.0,300064.165952,300064.165952,300064.165952,300064.165952,300064.165952,300064.165952,nan,300064.165952,nan,nan,0.0,19,64,,True,False,"HTTPConnectionPool(host='gpu03', port=9002): Read timed out.",0,56.69694568066818
142,2026-09-19T05:46:39.166+00:00,2026-09-19T05:51:39.354+00:00,2026-09-19T05:51:39.576+00:00,False,6,5.0,,5.0,300188.439542,300410.138614,300410.138694,50068.356449,0.08893000000000001,300188.439542,122533.31793579136,225159.36890524998,44.3398144,26.74899372205386,0.016643912296264243,19,64,,True,False,Request timeout: 300.0s exceeded,21,56.69694568066818
143,2026-09-19T05:46:39.723+00:00,2026-09-19T05:51:39.782+00:00,2026-09-19T05:51:39.782+00:00,False,1,0.0,,0.0,300059.07051700004,300059.07051700004,300059.07051700004,300059.07051700004,300059.07051700004,300059.07051700004,nan,300059.07051700004,nan,nan,0.0,19,64,,True,False,"HTTPConnectionPool(host='gpu03', port=9002): Read timed out.",0,56.69694568066818
144,2026-09-19T05:46:40.376+00:00,2026-09-19T05:51:40.483+00:00,2026-09-19T05:51:40.483+00:00,False,1,0.0,,0.0,300106.83233099995,300106.83233099995,300106.83233099995,300106.83233099995,300106.83233099995,300106.83233099995,nan,300106.83233099995,nan,nan,0.0,19,64,,True,False,"HTTPConnectionPool(host='gpu03', port=9002): Read timed out.",0,56.69694568066818
145,2026-09-19T05:46:40.952+00:00,2026-09-19T05:51:40.952+00:00,2026-09-19T05:51:41.082+00:00,False,3,2.0,,2.0,300000.576704,300129.973696,300129.973797,100043.324599,0.02425,300000.576704,173168.0720710418,270013.4563179,64.698496,91.46309683450453,0.006663779613114514,19,64,,True,False,Request timeout: 300.0s exceeded,16,56.69694568066818
146,2026-09-19T05:46:41.546+00:00,2026-09-19T05:51:41.083+00:00,2026-09-19T05:51:41.624+00:00,False,8,7.0,,7.0,299536.22436,300077.483624,300077.483497,37509.685437125,0.02564,299536.22436,105874.71629651998,194735.32286695,77.322752,39.39819765440783,0.023327308385360457,19,64,,True,False,Request timeout: 300.0s exceeded,28,56.69694568066818
147,2026-09-19T05:46:42.216+00:00,2026-09-19T05:51:42.332+00:00,2026-09-19T05:51:42.332+00:00,False,1,0.0,,0.0,300116.05997299997,300116.05997299997,300116.05997299997,300116.05997299997,300116.05997299997,300116.05997299997,nan,300116.05997299997,nan,nan,0.0,19,64,,True,False,"HTTPConnectionPool(host='gpu03', port=9002): Read timed out.",0,56.69694568066818
148,2026-09-19T05:46:42.916+00:00,2026-09-19T05:51:42.815+00:00,2026-09-19T05:51:43.036+00:00,False,4,3.0,,3.0,299899.492625,300120.783377,300120.783577,75030.19589425,0.03848,299899.492625,149912.8735834953,254931.73226330001,73.763584,63.9607077146647,0.00999597550773922,19,64,,True,False,Request timeout: 300.0s exceeded,5,56.69694568066818
149,2026-09-19T05:46:43.556+00:00,2026-09-19T05:51:43.669+00:00,2026-09-19T05:51:43.669+00:00,False,1,0.0,,0.0,300113.335816,300113.335816,300113.335816,300113.335816,300113.335816,300113.335816,nan,300113.335816,nan,nan,0.0,19,64,,True,False,"HTTPConnectionPool(host='gpu03', port=9002): Read timed out.",0,56.69694568066818
150,2026-09-19T05:46:44.094+00:00,2026-09-19T05:51:44.199+00:00,2026-09-19T05:51:44.199+00:00,False,1,0.0,,0.0,300104.791215,300104.791215,300104.791215,300104.791215,300104.791215,300104.791215,nan,300104.791215,nan,nan,0.0,19,64,,True,False,TTFT timeout: 300.0s exceeded (TTFT: 300.099s),0,56.69694568066818
151,2026-09-19T05:46:44.713+00:00,2026-09-19T05:51:44.482+00:00,2026-09-19T05:51:44.738+00:00,False,4,3.0,,3.0,299769.776455,300025.68352699996,300025.683637,75006.42090925,0.021929999999999998,299769.776455,149842.2500341091,254826.4670659,85.30235733333333,76.45575864431731,0.00999914395572079,19,64,,True,False,Request timeout: 300.0s exceeded,17,56.69694568066818
152,2026-09-19T05:46:45.434+00:00,2026-09-19T05:51:45.501+00:00,2026-09-19T05:51:45.501+00:00,False,1,0.0,,0.0,300066.180462,300066.180462,300066.180462,300066.180462,300066.180462,300066.180462,nan,300066.180462,nan,nan,0.0,19,64,,True,False,"HTTPConnectionPool(host='gpu03', port=9002): Read timed out.",0,56.69694568066818
153,2026-09-19T05:46:46.157+00:00,2026-09-19T05:51:46.171+00:00,2026-09-19T05:51:46.171+00:00,False,1,0.0,,0.0,300013.779488,300013.779488,300013.779488,300013.779488,300013.779488,300013.779488,nan,300013.779488,nan,nan,0.0,19,64,,True,False,TTFT timeout: 300.0s exceeded (TTFT: 300.009s),0,56.69694568066818
154,2026-09-19T05:46:46.851+00:00,2026-09-19T05:51:46.939+00:00,2026-09-19T05:51:46.939+00:00,False,1,0.0,,0.0,300088.712152,300088.712152,300088.712152,300088.712152,300088.712152,300088.712152,nan,300088.712152,nan,nan,0.0,19,64,,True,False,"HTTPConnectionPool(host='gpu03', port=9002): Read timed out.",0,56.69694568066818
155,2026-09-19T05:46:47.274+00:00,2026-09-19T05:51:47.323+00:00,2026-09-19T05:51:47.323+00:00,False,1,0.0,,0.0,300048.076566,300048.076566,300048.076566,300048.076566,300048.076566,300048.076566,nan,300048.076566,nan,nan,0.0,19,64,,True,False,"HTTPConnectionPool(host='gpu03', port=9002): Read timed out.",0,56.69694568066818
156,2026-09-19T05:46:47.918+00:00,2026-09-19T05:51:47.823+00:00,2026-09-19T05:51:47.932+00:00,False,3,2.0,,2.0,299905.021708,300013.818892,300013.81871799997,100004.60623933333,0.021929999999999998,299905.021708,173118.8465627618,269925.3970452,54.398592,76.90009125461134,0.006666359594322443,19,64,,True,False,Request timeout: 300.0s exceeded,8,56.69694568066818
157,2026-09-19T05:46:48.384+00:00,2026-09-19T05:51:48.164+00:00,2026-09-19T05:51:48.420+00:00,False,5,4.0,,4.0,299780.730096,300035.966192,300035.966091,60007.1932182,0.056049999999999996,299780.730096,134037.4886830405,239845.7047046,63.809024,49.180629922749276,0.013331735027527688,19,64,,True,False,Request timeout: 300.0s exceeded,9,56.69694568066818
158,2026-09-19T05:46:48.902+00:00,2026-09-19T05:51:48.974+00:00,2026-09-19T05:51:48.974+00:00,False,1,0.0,,0.0,300072.26743400004,300072.26743400004,300072.26743400004,300072.26743400004,300072.26743400004,300072.26743400004,nan,300072.26743400004,nan,nan,0.0,19,64,,True,False,"HTTPConnectionPool(host='gpu03', port=9002): Read timed out.",0,56.69694568066818
159,2026-09-19T05:46:49.419+00:00,2026-09-19T05:51:49.390+00:00,2026-09-19T05:51:49.525+00:00,False,3,2.0,,2.0,299971.190721,300105.75507300004,300105.75515100005,100035.251717,0.019260000000000003,299971.190721,173149.6153716881,269987.5261659,67.282176,95.12421290477599,0.006664317382095871,19,64,,True,False,Request timeout: 300.0s exceeded,4,56.69694568066818
160,2026-09-19T05:46:50.130+00:00,2026-09-19T05:51:50.225+00:00,2026-09-19T05:51:50.225+00:00,False,1,0.0,,0.0,300094.991658,300094.991658,300094.991658,300094.991658,300094.991658,300094.991658,nan,300094.991658,nan,nan,0.0,19,64,,True,False,"HTTPConnectionPool(host='gpu03', port=9002): Read timed out.",0,56.69694568066818
161,2026-09-19T05:46:50.644+00:00,2026-09-19T05:51:50.866+00:00,2026-09-19T05:51:51.465+00:00,False,7,6.0,,6.0,300222.328387,300821.473603,300821.47365500004,42974.496236428575,0.036950000000000004,300222.328387,113435.64137102375,210199.65419560004,99.857536,51.76040458069219,0.019945384643379273,19,64,,True,False,Request timeout: 300.0s exceeded,25,56.69694568066818
162,2026-09-19T05:46:51.242+00:00,2026-09-19T05:51:51.368+00:00,2026-09-19T05:51:51.565+00:00,False,4,3.0,,3.0,300126.561586,300323.620146,300323.620102,75080.9050255,0.02513,300126.561586,150030.4449664363,255123.22794955003,65.68618666666666,57.16130798990594,0.009989224285927205,19,64,,True,False,Request timeout: 300.0s exceeded,16,56.69694568066818
163,2026-09-19T05:46:51.810+00:00,2026-09-19T05:51:51.898+00:00,2026-09-19T05:51:51.898+00:00,False,1,0.0,,0.0,300088.78667500004,300088.78667500004,300088.78667500004,300088.78667500004,300088.78667500004,300088.78667500004,nan,300088.78667500004,nan,nan,0.0,19,64,,True,False,"HTTPConnectionPool(host='gpu03', port=9002): Read timed out.",0,56.69694568066818
164,2026-09-19T05:46:52.268+00:00,2026-09-19T05:51:52.373+00:00,2026-09-19T05:51:52.373+00:00,False,1,0.0,,0.0,300104.85958499997,300104.85958499997,300104.85958499997,300104.85958499997,300104.85958499997,300104.85958499997,nan,300104.85958499997,nan,nan,0.0,19,64,,True,False,"HTTPConnectionPool(host='gpu03', port=9002): Read timed out.",0,56.69694568066818
165,2026-09-19T05:46:52.982+00:00,2026-09-19T05:51:52.988+00:00,2026-09-19T05:51:53.072+00:00,False,3,2.0,,2.0,300005.277121,300089.964737,300089.964533,100029.98817766666,0.05156,300005.277121,173183.68551801538,270013.2129941,42.343808,59.810055744384925,0.006664668049639073,19,64,,True,False,Request timeout: 300.0s exceeded,4,56.69694568066818
166,2026-09-19T05:46:53.425+00:00,2026-09-19T05:51:53.069+00:00,2026-09-19T05:51:53.474+00:00,False,6,5.0,,5.0,299643.52126999997,300048.49355799996,300048.493585,50008.08226416666,0.04071,299643.52126999997,122295.89621255739,224759.4208165,80.99445759999999,45.4505358685785,0.016663973015526874,19,64,,True,False,Request timeout: 300.0s exceeded,16,56.69694568066818
167,2026-09-19T05:46:54.066+00:00,2026-09-19T05:51:54.176+00:00,2026-09-19T05:51:54.176+00:00,False,1,0.0,,0.0,300109.974473,300109.974473,300109.974473,300109.974473,300109.974473,300109.974473,nan,300109.974473,nan,nan,0.0,19,64,,True,False,"HTTPConnectionPool(host='gpu03', port=9002): Read timed out.",0,56.69694568066818
168,2026-09-19T05:46:54.690+00:00,2026-09-19T05:51:54.643+00:00,2026-09-19T05:51:54.778+00:00,False,3,2.0,,2.0,299952.34894199995,300087.72174199997,300087.72154899995,100029.24051633332,0.04828,299952.34894199995,173138.50391186203,269970.64648049994,67.6864,95.6545995592084,0.006664717864463303,19,64,,True,False,Request timeout: 300.0s exceeded,7,56.69694568066818
170,2026-09-19T05:46:55.775+00:00,2026-09-19T05:51:55.925+00:00,2026-09-19T05:51:56.025+00:00,False,3,2.0,,2.0,300149.868356,300250.79021199996,300250.79022799997,100083.59674266666,0.03975,300149.868356,173262.48099412938,270144.96973260003,50.460928,71.30641275337729,0.006661098205895969,19,64,,True,False,Request timeout: 300.0s exceeded,3,56.69694568066818
169,2026-09-19T05:46:55.750+00:00,2026-09-19T05:51:55.927+00:00,2026-09-19T05:51:56.024+00:00,False,3,2.0,,2.0,300176.291144,300274.19604,300274.196024,100091.39867466668,0.049,300176.291144,173278.606692791,270168.44761760003,48.952448,69.1600664866179,0.006660578985393659,19,64,,True,False,Request timeout: 300.0s exceeded,8,56.69694568066818
171,2026-09-19T05:46:56.424+00:00,2026-09-19T05:51:56.530+00:00,2026-09-19T05:51:56.530+00:00,False,1,0.0,,0.0,300105.872682,300105.872682,300105.872682,300105.872682,300105.872682,300105.872682,nan,300105.872682,nan,nan,0.0,19,64,,True,False,"HTTPConnectionPool(host='gpu03', port=9002): Read timed out.",0,56.69694568066818
172,2026-09-19T05:46:56.981+00:00,2026-09-19T05:51:57.061+00:00,2026-09-19T05:51:57.061+00:00,False,1,0.0,,0.0,300080.036434,300080.036434,300080.036434,300080.036434,300080.036434,300080.036434,nan,300080.036434,nan,nan,0.0,19,64,,True,False,"HTTPConnectionPool(host='gpu03', port=9002): Read timed out.",0,56.69694568066818
173,2026-09-19T05:46:57.614+00:00,2026-09-19T05:51:57.409+00:00,2026-09-19T05:51:57.709+00:00,False,5,4.0,,4.0,299795.031244,300095.234252,300095.234156,60019.0468312,0.04318,299795.031244,134038.857133645,239856.395845,75.050752,50.03449829748602,0.013329102043123637,19,64,,True,False,Request timeout: 300.0s exceeded,29,56.69694568066818
174,2026-09-19T05:46:58.124+00:00,2026-09-19T05:51:58.015+00:00,2026-09-19T05:51:58.219+00:00,False,4,3.0,,3.0,299890.909981,300095.249693,300095.249709,75023.81242725,0.0838,299890.909981,149911.40608873352,254922.72253689996,68.11323733333333,58.92143676377613,0.009996826017969382,19,64,,True,False,Request timeout: 300.0s exceeded,10,56.69694568066818
175,2026-09-19T05:46:58.822+00:00,2026-09-19T05:51:58.929+00:00,2026-09-19T05:51:58.929+00:00,False,1,0.0,,0.0,300107.027811,300107.027811,300107.027811,300107.027811,300107.027811,300107.027811,nan,300107.027811,nan,nan,0.0,19,64,,True,False,TTFT timeout: 300.0s exceeded (TTFT: 300.099s),0,56.69694568066818
176,2026-09-19T05:46:59.426+00:00,2026-09-19T05:51:59.313+00:00,2026-09-19T05:51:59.523+00:00,False,4,3.0,,3.0,299886.979415,300097.450839,300097.450858,75024.3627145,0.03519,299886.979415,149908.41941063234,254920.59683015,70.15714133333333,61.01124490073106,0.009996752693542464,19,64,,True,False,Request timeout: 300.0s exceeded,6,56.69694568066818
177,2026-09-19T05:46:59.905+00:00,2026-09-19T05:51:59.949+00:00,2026-09-19T05:51:59.949+00:00,False,1,0.0,,0.0,300043.957507,300043.957507,300043.957507,300043.957507,300043.957507,300043.957507,nan,300043.957507,nan,nan,0.0,19,64,,True,False,"HTTPConnectionPool(host='gpu03', port=9002): Read timed out.",0,56.69694568066818
178,2026-09-19T05:47:00.451+00:00,2026-09-19T05:52:00.541+00:00,2026-09-19T05:52:00.541+00:00,False,1,0.0,,0.0,300090.40233099996,300090.40233099996,300090.40233099996,300090.40233099996,300090.40233099996,300090.40233099996,nan,300090.40233099996,nan,nan,0.0,19,64,,True,False,"HTTPConnectionPool(host='gpu03', port=9002): Read timed out.",0,56.69694568066818
179,2026-09-19T05:47:01.055+00:00,2026-09-19T05:52:00.910+00:00,2026-09-19T05:52:01.130+00:00,False,4,3.0,,3.0,299855.8533,300075.40786000004,300075.407711,75018.85192775,0.04348,299855.8533,149891.34320842955,254894.5563165,73.18485333333332,63.47596382028301,0.009997487036324042,19,64,,True,False,Request timeout: 300.0s exceeded,10,56.69694568066818
180,2026-09-19T05:47:01.567+00:00,2026-09-19T05:52:01.672+00:00,2026-09-19T05:52:01.672+00:00,False,1,0.0,,0.0,300105.154531,300105.154531,300105.154531,300105.154531,300105.154531,300105.154531,nan,300105.154531,nan,nan,0.0,19,64,,True,False,"HTTPConnectionPool(host='gpu03', port=9002): Read timed out.",0,56.69694568066818
181,2026-09-19T05:47:02.237+00:00,2026-09-19T05:52:02.183+00:00,2026-09-19T05:52:02.336+00:00,False,3,2.0,,2.0,299946.242578,300099.037202,300099.037263,100033.012421,0.02221,299946.242578,173129.9527147602,269966.89556770003,76.397312,108.01061739478763,0.006664466566261517,19,64,,True,False,Request timeout: 300.0s exceeded,5,56.69694568066818
182,2026-09-19T05:47:02.811+00:00,2026-09-19T05:52:02.461+00:00,2026-09-19T05:52:02.838+00:00,False,7,6.0,,6.0,299650.173361,300027.289777,300027.289765,42861.041395,0.02047,299650.173361,113233.37176729325,209797.07045080003,62.852736,46.6452550535295,0.01999818084701426,19,64,,True,False,Request timeout: 300.0s exceeded,17,56.69694568066818
183,2026-09-19T05:47:03.357+00:00,2026-09-19T05:52:03.471+00:00,2026-09-19T05:52:03.471+00:00,False,1,0.0,,0.0,300114.60439999995,300114.60439999995,300114.60439999995,300114.60439999995,300114.60439999995,300114.60439999995,nan,300114.60439999995,nan,nan,0.0,19,64,,True,False,"HTTPConnectionPool(host='gpu03', port=9002): Read timed out.",0,56.69694568066818
184,2026-09-19T05:47:03.898+00:00,2026-09-19T05:52:03.937+00:00,2026-09-19T05:52:05.049+00:00,False,12,11.0,,11.0,300038.503356,301150.798012,301150.797934,25095.899827833335,0.02209,300038.503356,86584.47210272308,135097.03461945,101.117696,36.3202396937007,0.03652655105885418,19,64,,True,False,Request timeout: 300.0s exceeded,40,56.69694568066818
185,2026-09-19T05:47:04.291+00:00,2026-09-19T05:52:04.207+00:00,2026-09-19T05:52:05.150+00:00,False,11,10.0,,10.0,299915.85379400005,300859.02793800004,300859.02784700005,27350.820713363642,0.02161,299915.85379400005,90399.60015609038,150013.889159,94.3174144,33.49910165197237,0.03323815831134296,19,64,,True,False,Request timeout: 300.0s exceeded,48,56.69694568066818
186,2026-09-19T05:47:04.900+00:00,2026-09-19T05:52:05.254+00:00,2026-09-19T05:52:05.254+00:00,False,1,0.0,,0.0,300353.506483,300353.506483,300353.506483,300353.506483,300353.506483,300353.506483,nan,300353.506483,nan,nan,0.0,19,64,,True,False,TTFT timeout: 300.0s exceeded (TTFT: 300.070s),0,56.69694568066818
187,2026-09-19T05:47:05.442+00:00,2026-09-19T05:52:05.568+00:00,2026-09-19T05:52:05.568+00:00,False,1,0.0,,0.0,300125.683912,300125.683912,300125.683912,300125.683912,300125.683912,300125.683912,nan,300125.683912,nan,nan,0.0,19,64,,True,False,"HTTPConnectionPool(host='gpu03', port=9002): Read timed out.",0,56.69694568066818
188,2026-09-19T05:47:06.138+00:00,2026-09-19T05:52:06.253+00:00,2026-09-19T05:52:06.253+00:00,False,1,0.0,,0.0,300115.67979799997,300115.67979799997,300115.67979799997,300115.67979799997,300115.67979799997,300115.67979799997,nan,300115.67979799997,nan,nan,0.0,19,64,,True,False,"HTTPConnectionPool(host='gpu03', port=9002): Read timed out.",0,56.69694568066818
189,2026-09-19T05:47:06.844+00:00,2026-09-19T05:52:06.548+00:00,2026-09-19T05:52:06.894+00:00,False,6,5.0,,5.0,299703.982341,300050.124293,300050.12436,50008.35406,0.044289,299703.982341,122325.3824167228,224803.332741,69.22839040000001,44.095949951265645,0.016663882448912048,19,64,,True,False,Request timeout: 300.0s exceeded,18,56.69694568066818
190,2026-09-19T05:47:07.564+00:00,2026-09-19T05:52:07.684+00:00,2026-09-19T05:52:07.684+00:00,False,1,0.0,,0.0,300119.997428,300119.997428,300119.997428,300119.997428,300119.997428,300119.997428,nan,300119.997428,nan,nan,0.0,19,64,,True,False,"HTTPConnectionPool(host='gpu03', port=9002): Read timed out.",0,56.69694568066818
191,2026-09-19T05:47:08.099+00:00,2026-09-19T05:52:08.129+00:00,2026-09-19T05:52:08.129+00:00,False,1,0.0,,0.0,300030.16892,300030.16892,300030.16892,300030.16892,300030.16892,300030.16892,nan,300030.16892,nan,nan,0.0,19,64,,True,False,TTFT timeout: 300.0s exceeded (TTFT: 300.025s),0,56.69694568066818
192,2026-09-19T05:47:08.699+00:00,2026-09-19T05:52:08.506+00:00,2026-09-19T05:52:08.707+00:00,False,4,3.0,,3.0,299806.939231,300008.19081500004,300008.19087700004,75002.04771925001,0.07133,299806.939231,149869.93520073366,254851.58417830002,67.08386133333333,58.17092941617699,0.009999726980287511,19,64,,True,False,Request timeout: 300.0s exceeded,16,56.69694568066818
193,2026-09-19T05:47:09.247+00:00,2026-09-19T05:52:09.291+00:00,2026-09-19T05:52:09.291+00:00,False,1,0.0,,0.0,300043.174289,300043.174289,300043.174289,300043.174289,300043.174289,300043.174289,nan,300043.174289,nan,nan,0.0,19,64,,True,False,"HTTPConnectionPool(host='gpu03', port=9002): Read timed out.",0,56.69694568066818
194,2026-09-19T05:47:09.802+00:00,2026-09-19T05:52:09.732+00:00,2026-09-19T05:52:09.863+00:00,False,3,2.0,,2.0,299930.466214,300061.59351000004,300061.593551,100020.53118366667,0.023899999999999998,299930.466214,173127.09461067995,269950.5299363,65.563648,92.68733060376267,0.006665298202961609,19,64,,True,False,Request timeout: 300.0s exceeded,4,56.69694568066818
195,2026-09-19T05:47:10.331+00:00,2026-09-19T05:52:10.100+00:00,2026-09-19T05:52:10.405+00:00,False,5,4.0,,4.0,299769.093842,300073.607378,300073.607284,60014.7214568,0.02517,299769.093842,134026.77584579683,239835.926789,76.128384,50.75175733444802,0.013330062696787714,19,64,,True,False,Request timeout: 300.0s exceeded,20,56.69694568066818
196,2026-09-19T05:47:11.037+00:00,2026-09-19T05:52:11.124+00:00,2026-09-19T05:52:11.124+00:00,False,1,0.0,,0.0,300087.67845999997,300087.67845999997,300087.67845999997,300087.67845999997,300087.67845999997,300087.67845999997,nan,300087.67845999997,nan,nan,0.0,19,64,,True,False,"HTTPConnectionPool(host='gpu03', port=9002): Read timed out.",0,56.69694568066818
197,2026-09-19T05:47:11.646+00:00,2026-09-19T05:52:11.507+00:00,2026-09-19T05:52:11.732+00:00,False,4,3.0,,3.0,299861.48647899996,300085.99233499996,300085.99241699994,75021.49810424999,0.02239,299861.48647899996,149893.33532358913,254901.12529014997,74.83528533333333,66.18218003586566,0.009997134410229187,19,64,,True,False,Request timeout: 300.0s exceeded,5,56.69694568066818
198,2026-09-19T05:47:12.103+00:00,2026-09-19T05:52:11.834+00:00,2026-09-19T05:52:12.128+00:00,False,5,4.0,,4.0,299730.840199,300024.537223,300024.537108,60004.90742160001,0.055009999999999996,299730.840199,134010.8771301102,239804.86262159998,73.424256,48.98718370019347,0.013332242879277935,19,64,,True,False,Request timeout: 300.0s exceeded,13,56.69694568066818
199,2026-09-19T05:47:12.613+00:00,2026-09-19T05:52:12.653+00:00,2026-09-19T05:52:12.653+00:00,False,1,0.0,,0.0,300040.131352,300040.131352,300040.131352,300040.131352,300040.131352,300040.131352,nan,300040.131352,nan,nan,0.0,19,64,,True,False,"HTTPConnectionPool(host='gpu03', port=9002): Read timed out.",0,56.69694568066818
200,2026-09-19T05:47:13.269+00:00,2026-09-19T05:52:13.096+00:00,2026-09-19T05:52:13.356+00:00,False,4,3.0,,3.0,299826.813054,300087.14047800004,300087.14068400004,75021.78517100001,0.02438,299826.813054,149870.03120444843,254873.10495195002,86.775808,75.31389719194067,0.009997096160873097,19,64,,True,False,Request timeout: 300.0s exceeded,10,56.69694568066818
201,2026-09-19T05:47:13.735+00:00,2026-09-19T05:52:13.467+00:00,2026-09-19T05:52:13.818+00:00,False,6,5.0,,5.0,299732.10728500003,300083.69794100005,300083.697891,50013.949648500005,0.040119999999999996,299732.10728500003,122336.4198484082,224825.26814200002,70.3181312,45.28403245525049,0.016662018077979894,19,64,,True,False,Request timeout: 300.0s exceeded,18,56.69694568066818
202,2026-09-19T05:47:14.213+00:00,2026-09-19T05:52:14.239+00:00,2026-09-19T05:52:14.239+00:00,False,1,0.0,,0.0,300025.44367,300025.44367,300025.44367,300025.44367,300025.44367,300025.44367,nan,300025.44367,nan,nan,0.0,19,64,,True,False,"HTTPConnectionPool(host='gpu03', port=9002): Read timed out.",0,56.69694568066818
203,2026-09-19T05:47:14.928+00:00,2026-09-19T05:52:14.780+00:00,2026-09-19T05:52:15.024+00:00,False,4,3.0,,3.0,299852.286647,300095.516087,300095.516219,75023.87905475,0.02224,299852.286647,149885.61647742504,254894.83658735,81.07648,71.64664144782917,0.009996817143813227,19,64,,True,False,Request timeout: 300.0s exceeded,10,56.69694568066818
204,2026-09-19T05:47:15.444+00:00,2026-09-19T05:52:15.254+00:00,2026-09-19T05:52:15.450+00:00,False,4,3.0,,3.0,299809.502424,300005.93916,300005.939262,75001.4848155,0.03524,299809.502424,149872.0189362977,254853.53990444998,65.478912,56.885928940048856,0.009999802031919212,19,64,,True,False,Request timeout: 300.0s exceeded,15,56.69694568066818
205,2026-09-19T05:47:15.961+00:00,2026-09-19T05:52:16.044+00:00,2026-09-19T05:52:16.044+00:00,False,1,0.0,,0.0,300082.56012599997,300082.56012599997,300082.56012599997,300082.56012599997,300082.56012599997,300082.56012599997,nan,300082.56012599997,nan,nan,0.0,19,64,,True,False,"HTTPConnectionPool(host='gpu03', port=9002): Read timed out.",0,56.69694568066818
206,2026-09-19T05:47:16.404+00:00,2026-09-19T05:52:16.393+00:00,2026-09-19T05:52:16.531+00:00,False,3,2.0,,2.0,299988.501328,300126.568016,300126.568249,100042.18941633333,0.026949999999999998,299988.501328,173158.59925861785,270003.45519229997,69.033344,97.58987728021073,0.006663855230215335,19,64,,True,False,Request timeout: 300.0s exceeded,5,56.69694568066818
207,2026-09-19T05:47:17.472+00:00,2026-09-19T05:52:16.770+00:00,2026-09-19T05:52:17.734+00:00,True,11,11.0,,11.0,299298.412465,300262.729393,300262.729335,27296.611757727274,52.230602,299298.412465,90212.79297160685,149707.146975,96.4316928,17.03125909271775,0.03663458339380712,19,64,,True,True,,29,56.69694568066818
208,2026-09-19T05:47:17.598+00:00,2026-09-19T05:52:16.883+00:00,2026-09-19T05:52:17.125+00:00,True,4,4.0,,4.0,299284.363426,299526.141858,299526.141952,74881.535488,47.067074999999996,299284.363426,149601.88718006562,254406.62661835,80.59281066666667,29.10960694254605,0.013354427013239894,19,64,,True,True,,9,56.69694568066818
209,2026-09-19T05:47:17.872+00:00,2026-09-19T05:52:17.980+00:00,2026-09-19T05:52:17.980+00:00,False,1,0.0,,0.0,300107.371713,300107.371713,300107.371713,300107.371713,300107.371713,300107.371713,nan,300107.371713,nan,nan,0.0,19,64,,True,False,"HTTPConnectionPool(host='gpu03', port=9002): Read timed out.",0,56.69694568066818
210,2026-09-19T05:47:18.401+00:00,2026-09-19T05:52:18.428+00:00,2026-09-19T05:52:18.428+00:00,False,1,0.0,,0.0,300026.77879199997,300026.77879199997,300026.77879199997,300026.77879199997,300026.77879199997,300026.77879199997,nan,300026.77879199997,nan,nan,0.0,19,64,,True,False,"HTTPConnectionPool(host='gpu03', port=9002): Read timed out.",0,56.69694568066818
211,2026-09-19T05:47:19.023+00:00,2026-09-19T05:52:19.130+00:00,2026-09-19T05:52:19.130+00:00,False,1,0.0,,0.0,300107.005006,300107.005006,300107.005006,300107.005006,300107.005006,300107.005006,nan,300107.005006,nan,nan,0.0,19,64,,True,False,"HTTPConnectionPool(host='gpu03', port=9002): Read timed out.",0,56.69694568066818
212,2026-09-19T05:47:19.613+00:00,2026-09-19T05:52:19.395+00:00,2026-09-19T05:52:20.583+00:00,False,16,15.0,,15.0,299781.566671,300969.833167,300969.833121,18810.6145700625,0.028140000000000002,299781.566671,74925.59422812145,75023.61623574999,79.2177664,33.52723917606779,0.04983888199744227,19,64,,True,False,Request timeout: 300.0s exceeded,78,56.69694568066818
214,2026-09-19T05:47:20.736+00:00,2026-09-19T05:52:20.750+00:00,2026-09-19T05:52:20.750+00:00,False,1,0.0,,0.0,300014.612573,300014.612573,300014.612573,300014.612573,300014.612573,300014.612573,nan,300014.612573,nan,nan,0.0,19,64,,True,False,"HTTPConnectionPool(host='gpu03', port=9002): Read timed out.",0,56.69694568066818
213,2026-09-19T05:47:20.279+00:00,2026-09-19T05:52:21.355+00:00,2026-09-19T05:52:21.355+00:00,False,1,0.0,,0.0,301075.549397,301075.549397,301075.549397,301075.549397,301075.549397,301075.549397,nan,301075.549397,nan,nan,0.0,19,64,,True,False,"HTTPConnectionPool(host='gpu03', port=9002): Read timed out.",0,56.69694568066818
0,2026-09-19T05:45:20.788+00:00,2026-09-19T05:45:21.011+00:00,2026-09-19T05:45:29.989+00:00,True,96,96.0,,96.0,222.220476,9200.779196000001,9200.779179,95.84144978125,35.327589,222.220476,26.22444583355733,111.77923275,94.51114442105263,22.876574432766787,10.433898907359453,20,64,,False,True,,492,56.69694568066818
1,2026-09-19T05:45:21.347+00:00,2026-09-19T05:45:21.546+00:00,2026-09-19T05:45:23.501+00:00,True,21,21.0,,21.0,199.898667,2154.016555,2154.0166639999998,102.57222209523809,47.799428999999996,199.898667,32.562219080647765,158.75391,97.7058944,24.343940310158846,9.749228691513004,20,64,,False,True,,97,56.69694568066818
2,2026-09-19T05:45:21.673+00:00,2026-09-19T05:45:22.049+00:00,2026-09-19T05:45:25.231+00:00,True,35,35.0,,35.0,375.597925,3557.683301,3557.683342,101.64809548571428,45.887502999999995,375.597925,52.54733130212045,112.20146089999999,93.59074635294117,22.445709830889935,9.837862743477515,20,64,,False,True,,132,56.69694568066818
3,2026-09-19T05:45:22.093+00:00,2026-09-19T05:45:25.549+00:00,2026-09-19T05:45:33.993+00:00,True,86,86.0,,86.0,3455.372371,11899.730002999999,11899.729988,138.3689533488372,0.0,3455.372371,362.8297440569506,113.61808549999999,99.34538390588236,26.25605070579842,7.227054729671921,20,64,,False,True,,352,56.69694568066818
4,2026-09-19T05:45:22.589+00:00,2026-09-19T05:45:28.028+00:00,2026-09-19T05:45:29.633+00:00,True,17,17.0,,17.0,5438.782749,7043.9705890000005,7043.97055,414.3512088235294,54.458863,5438.782749,1294.8226533361183,1174.9941706,100.32424,12.468460072042385,2.4134115532151035,20,64,,False,True,,87,56.69694568066818
5,2026-09-19T05:45:23.118+00:00,2026-09-19T05:45:30.914+00:00,2026-09-19T05:45:37.134+00:00,True,63,63.0,,63.0,7795.135001000001,14015.594265,14015.594256,222.4697500952381,0.0,7795.135001000001,970.8435844250731,232.8138302,100.32998812903226,52.34311155468045,4.494993134706015,20,64,,False,True,,298,56.69694568066818
6,2026-09-19T05:45:23.565+00:00,2026-09-19T05:45:33.165+00:00,2026-09-19T05:45:33.891+00:00,True,8,8.0,,8.0,9599.793515000001,10325.602155,10325.602104000001,1290.7002630000002,97.632902,9599.793515000001,3357.3833887275714,6278.375694650001,103.68694857142857,4.60944780912446,0.7747732170879869,20,64,,False,True,,27,56.69694568066818
7,2026-09-19T05:45:23.968+00:00,2026-09-19T05:45:35.163+00:00,2026-09-19T05:45:35.744+00:00,True,7,7.0,,7.0,11194.824969000001,11776.712201000002,11776.711984000001,1682.3874262857144,46.510842,11194.824969000001,4194.6538373579215,7870.759057200002,96.98120533333334,25.214626281352135,0.5943933994927383,20,64,,False,True,,20,56.69694568066818
8,2026-09-19T05:45:24.285+00:00,2026-09-19T05:45:37.285+00:00,2026-09-19T05:45:42.919+00:00,True,59,59.0,,59.0,12999.980672,18633.773183999998,18633.773157,315.8266636779661,0.0,12999.980672,1680.505659005544,156.95106349999998,97.1343536551724,48.858517993471786,3.1662937730003446,20,64,,False,True,,237,56.69694568066818
9,2026-09-19T05:45:24.731+00:00,2026-09-19T05:45:39.495+00:00,2026-09-19T05:45:46.813+00:00,True,76,76.0,,76.0,14764.317353,22081.686185,22081.686184000002,290.54850242105266,0.0,14764.317353,1683.0215406176321,123.17026825,97.56491776,46.34308230318583,3.4417661478961916,20,64,,False,True,,275,56.69694568066818
10,2026-09-19T05:45:25.121+00:00,2026-09-19T05:45:41.785+00:00,2026-09-19T05:45:47.318+00:00,True,58,58.0,,58.0,16663.639436,22197.257868,22197.257904000002,382.7113431724138,0.0,16663.639436,2175.9360467481624,162.3827813,97.081025122807,53.2550164783196,2.6129353609760027,20,64,,False,True,,264,56.69694568066818
11,2026-09-19T05:45:25.690+00:00,2026-09-19T05:45:44.822+00:00,2026-09-19T05:45:45.838+00:00,True,11,11.0,,11.0,19131.049587999998,20147.99602,20147.995948,1831.635995272727,0.0,19131.049587999998,5738.292700248603,9738.6284955,101.6946432,96.2343504057219,0.5459600046119129,20,64,,False,True,,56,56.69694568066818
12,2026-09-19T05:45:26.130+00:00,2026-09-19T05:45:47.629+00:00,2026-09-19T05:45:49.409+00:00,True,19,19.0,,19.0,21498.691711,23278.260607,23278.260636,1225.1716124210527,48.878597,21498.691711,4909.487141027394,2257.5025929999997,98.86493866666667,17.712789624145508,0.8162121870173803,20,64,,False,True,,71,56.69694568066818
13,2026-09-19T05:45:26.516+00:00,2026-09-19T05:45:49.836+00:00,2026-09-19T05:45:51.460+00:00,True,18,18.0,,18.0,23319.550478999998,24943.537167,24943.537063999996,1385.752059111111,42.293580999999996,23319.550478999998,5474.000522141881,3596.0385867,95.52862870588235,23.150650237146266,0.7216298105392119,20,64,,False,True,,36,56.69694568066818
14,2026-09-19T05:45:26.912+00:00,2026-09-19T05:45:51.663+00:00,2026-09-19T05:45:53.496+00:00,True,19,19.0,,19.0,24751.156372,26584.134804,26584.134772,1399.164988,0.0183,24751.156372,5655.696042152013,2875.7526919,101.8321351111111,94.97737060248366,0.7147119942057001,20,64,,False,True,,40,56.69694568066818
15,2026-09-19T05:45:27.385+00:00,2026-09-19T05:45:54.293+00:00,2026-09-19T05:46:00.702+00:00,True,72,72.0,,72.0,26908.517336,33317.436376,33317.436454,462.74217297222225,0.0,26908.517336,3161.2067716354677,114.72366634999999,90.26646535211268,64.33986202721624,2.1610306143441678,20,64,,False,True,,268,56.69694568066818
16,2026-09-19T05:45:27.768+00:00,2026-09-19T05:45:56.186+00:00,2026-09-19T05:46:00.446+00:00,True,46,46.0,,46.0,28418.429079,32678.632087,32678.631943,710.4050422391305,0.0,28418.429079,4176.7898735255,119.63437125,94.67117795555556,76.19490533470547,1.4076476603284571,20,64,,False,True,,203,56.69694568066818
17,2026-09-19T05:45:28.288+00:00,2026-09-19T05:45:59.656+00:00,2026-09-19T05:46:01.546+00:00,True,25,25.0,,25.0,31367.831556,33258.42714,33258.427103,1330.33708412,0.0,31367.831556,6257.951749510296,115.5468848,78.774816,42.82089877455545,0.7516891852631369,20,64,,False,True,,117,56.69694568066818
18,2026-09-19T05:45:28.629+00:00,2026-09-19T05:46:01.447+00:00,2026-09-19T05:46:09.260+00:00,True,79,79.0,,79.0,32818.149598,40631.905246,40631.905386000006,514.3279162784811,0.0,32818.149598,3682.0559772253705,114.8961979,100.17635446153847,86.20812228360406,1.944284904232423,20,64,,False,True,,422,56.69694568066818
19,2026-09-19T05:45:29.059+00:00,2026-09-19T05:46:03.677+00:00,2026-09-19T05:46:05.758+00:00,True,19,19.0,,19.0,34617.954115,36698.484547,36698.484679,1931.499193631579,0.0,34617.954115,7916.33371617457,4000.5270649,115.585024,126.02039333219899,0.5177325503909179,20,64,,False,True,,79,56.69694568066818
20,2026-09-19T05:45:29.430+00:00,2026-09-19T05:46:06.101+00:00,2026-09-19T05:46:08.248+00:00,True,23,23.0,,23.0,36670.595924,38818.215764,38818.215531,1687.748501347826,0.01614,36670.595924,7626.79763666459,520.9304754000001,97.61908363636364,113.40178109668847,0.5925053366654268,20,64,,False,True,,67,56.69694568066818
21,2026-09-19T05:45:29.930+00:00,2026-09-19T05:46:08.249+00:00,2026-09-19T05:46:15.515+00:00,True,76,76.0,,76.0,38318.360356,45584.704035999996,45584.703988999994,599.7987366973684,0.0,38318.360356,4385.04416256328,107.99352275000001,96.8845824,81.11005143656598,1.6672259172721593,20,64,,False,True,,349,56.69694568066818
22,2026-09-19T05:45:30.464+00:00,2026-09-19T05:46:10.458+00:00,2026-09-19T05:46:18.023+00:00,True,80,80.0,,80.0,39994.350611,47559.259155,47559.259109,594.4907388625,0.0,39994.350611,4461.504275256076,112.70006985,95.758336,79.87703271469151,1.6821119887354141,20,64,,False,True,,375,56.69694568066818
23,2026-09-19T05:45:30.861+00:00,2026-09-19T05:46:12.723+00:00,2026-09-19T05:46:15.824+00:00,True,34,34.0,,34.0,41862.13427,44963.304702,44963.304786,1322.450140764706,45.743933,41862.13427,7163.202112542427,106.65407644999999,93.97486157575757,17.975403816639727,0.7561721769638443,20,64,,False,True,,126,56.69694568066818
24,2026-09-19T05:45:31.218+00:00,2026-09-19T05:46:14.758+00:00,2026-09-19T05:46:18.495+00:00,True,41,41.0,,41.0,43539.628243,47277.085907,47277.085896,1153.0996559999999,41.416854,43539.628243,6785.1919914565915,114.941051,93.4364416,22.624934603600305,0.8672277322813885,20,64,,False,True,,159,56.69694568066818
25,2026-09-19T05:45:31.539+00:00,2026-09-19T05:46:16.503+00:00,2026-09-19T05:46:24.858+00:00,True,85,85.0,,85.0,44963.680185000005,53319.191993,53319.19180100001,627.2846094235294,0.0,44963.680185000005,4867.623670731693,114.61271700000002,99.47037866666668,118.14344188192251,1.594172695099341,20,64,,False,True,,401,56.69694568066818
26,2026-09-19T05:45:32.115+00:00,2026-09-19T05:46:19.726+00:00,2026-09-19T05:46:23.330+00:00,True,37,37.0,,37.0,47610.717609,51214.888105,51214.888183,1384.186167108108,0.0,47610.717609,7812.701958844194,726.6553450000001,100.11584711111111,179.59493291821465,0.722446174716679,20,64,,False,True,,125,56.69694568066818
27,2026-09-19T05:45:32.695+00:00,2026-09-19T05:46:23.327+00:00,2026-09-19T05:46:25.297+00:00,True,20,20.0,,20.0,50632.049242,52602.063194,52602.063203,2630.10316015,51.241001,50632.049242,11298.49346999725,2640.93384005,103.68494484210527,13.582195725599899,0.38021322331480867,20,64,,False,True,,61,56.69694568066818
28,2026-09-19T05:45:33.074+00:00,2026-09-19T05:46:25.395+00:00,2026-09-19T05:46:30.872+00:00,True,54,54.0,,54.0,52320.29632,57797.904512,57797.904555,1070.3315658333333,0.0,52320.29632,7106.6033432142785,118.43849460000001,103.35109796226415,106.10090655156611,0.9342899272202597,20,64,,False,True,,298,56.69694568066818
29,2026-09-19T05:45:33.527+00:00,2026-09-19T05:46:27.688+00:00,2026-09-19T05:46:33.778+00:00,True,61,61.0,,61.0,54160.380230999996,60250.730567,60250.730682999994,987.7168964426229,0.0,54160.380230999996,6922.2201283436425,115.54233900000001,101.50583893333334,98.59712049426622,1.0124358563945843,20,64,,False,True,,239,56.69694568066818
30,2026-09-19T05:45:34.037+00:00,2026-09-19T05:46:30.189+00:00,2026-09-19T05:46:39.911+00:00,True,97,97.0,,97.0,56151.821991,65874.72579899999,65874.725983,679.1208864226804,0.0,56151.821991,5692.125753283055,113.8149846,101.280248,110.18779099652936,1.472491897666047,20,64,,False,True,,340,56.69694568066818
31,2026-09-19T05:45:34.565+00:00,2026-09-19T05:46:33.335+00:00,2026-09-19T05:46:39.356+00:00,True,55,55.0,,55.0,58770.365499,64790.591803,64790.591647,1178.0107572181819,0.0,58770.365499,7910.952547826908,314.66391,111.4856722962963,149.72777507611724,0.8488886807398066,20,64,,False,True,,274,56.69694568066818
32,2026-09-19T05:45:34.985+00:00,2026-09-19T05:46:35.723+00:00,2026-09-19T05:46:39.605+00:00,True,40,40.0,,40.0,60737.615258,64619.565466,64619.565371,1615.489134275,0.0,60737.615258,9589.387266881547,777.49106155,99.53718482051282,181.04070950808244,0.6190075670045516,20,64,,False,True,,198,56.69694568066818
33,2026-09-19T05:45:35.327+00:00,2026-09-19T05:46:37.711+00:00,2026-09-19T05:46:39.364+00:00,True,15,15.0,,15.0,62384.36023,64037.265446,64037.265311999996,4269.1510208,0.0,62384.36023,16078.636447104409,19349.0781402,118.06465828571429,231.53432360509154,0.23423860927741968,20,64,,False,True,,74,56.69694568066818
34,2026-09-19T05:45:35.866+00:00,2026-09-19T05:46:40.438+00:00,2026-09-19T05:46:46.200+00:00,True,59,59.0,,59.0,64571.682621,70334.217021,70334.217081,1192.1053742542372,48.092797,64571.682621,8393.600270328152,113.2327339,99.35404137931035,17.54668752857802,0.8388520196703705,20,64,,False,True,,248,56.69694568066818
35,2026-09-19T05:45:36.377+00:00,2026-09-19T05:46:43.251+00:00,2026-09-19T05:46:51.329+00:00,True,75,75.0,,75.0,66874.016811,74951.514923,74951.51492999999,999.3535324,47.02536,66874.016811,7710.109112122284,111.1032407,109.1553798918919,109.49077690126441,1.0006468858841588,20,64,,False,True,,267,56.69694568066818
36,2026-09-19T05:45:37.106+00:00,2026-09-19T05:46:45.487+00:00,2026-09-19T05:46:52.129+00:00,True,70,70.0,,70.0,68381.319573,75023.583637,75023.58366,1071.7654808571428,0.0,68381.319573,8162.485465988506,109.52057549999999,96.26469657971015,119.37735418169096,0.9330399403298768,20,64,,False,True,,282,56.69694568066818
37,2026-09-19T05:45:37.356+00:00,2026-09-19T05:46:47.871+00:00,2026-09-19T05:46:57.338+00:00,True,96,96.0,,96.0,70515.902121,79982.18282500001,79982.18284200001,833.1477379375001,0.0,70515.902121,7187.985328928802,113.920965,99.64506004210526,129.60240858993646,1.2002673171604576,20,64,,False,True,,435,56.69694568066818
38,2026-09-19T05:45:37.862+00:00,2026-09-19T05:46:51.328+00:00,2026-09-19T05:46:54.881+00:00,True,42,42.0,,42.0,73465.93400200001,77019.73061000001,77019.730494,1833.8031070000002,0.0,73465.93400200001,11322.766183218033,115.3569931,86.67796604878049,48.45670540373091,0.5453148130661839,20,64,,False,True,,147,56.69694568066818
39,2026-09-19T05:45:38.269+00:00,2026-09-19T05:46:52.910+00:00,2026-09-19T05:46:54.399+00:00,True,16,16.0,,16.0,74641.225168,76129.91688,76129.916945,4758.1198090625,54.555932,74641.225168,18635.503037481398,18744.9104215,99.24611413333334,18.17833518368826,0.21016704937718564,20,64,,False,True,,72,56.69694568066818
40,2026-09-19T05:45:38.834+00:00,2026-09-19T05:46:56.125+00:00,2026-09-19T05:46:59.224+00:00,True,31,31.0,,31.0,77290.990281,80389.80218500001,80389.80225200001,2593.219427483871,49.546084,77290.990281,13863.327024406979,116.547262,103.29373013333334,14.64056261798878,0.38562105089722826,20,64,,False,True,,142,56.69694568066818
41,2026-09-19T05:45:39.181+00:00,2026-09-19T05:46:58.150+00:00,2026-09-19T05:47:02.261+00:00,True,41,41.0,,41.0,78969.357618,83080.76011399999,83080.760023,2026.3600005609755,46.47303,78969.357618,12316.898990556003,116.403977,102.7850624,15.62813535511273,0.49349572564985555,20,64,,False,True,,157,56.69694568066818
42,2026-09-19T05:45:39.706+00:00,2026-09-19T05:47:01.626+00:00,2026-09-19T05:47:07.174+00:00,True,59,59.0,,59.0,81919.880168,87468.0138,87468.01380300001,1482.5087085254238,0.0,81919.880168,10653.695056755376,113.92349879999998,95.6574764137931,153.62692111938566,0.6745322939984263,20,64,,False,True,,229,56.69694568066818
43,2026-09-19T05:45:40.029+00:00,2026-09-19T05:47:03.511+00:00,2026-09-19T05:47:05.152+00:00,True,19,19.0,,19.0,83481.850808,85122.95468000001,85122.954799,4480.155515736842,0.0,83481.850808,19133.029009055506,9419.525621,91.17243733333333,277.10913544190083,0.22320653778321126,20,64,,False,True,,77,56.69694568066818
44,2026-09-19T05:45:40.558+00:00,2026-09-19T05:47:06.238+00:00,2026-09-19T05:47:09.666+00:00,True,36,36.0,,36.0,85680.325073,89107.993041,89107.993172,2475.2220325555554,48.76571499999999,85680.325073,14263.743191615635,116.2439345,97.93337051428571,18.16957958619492,0.40400416137120077,20,64,,False,True,,155,56.69694568066818
45,2026-09-19T05:45:40.923+00:00,2026-09-19T05:47:08.260+00:00,2026-09-19T05:47:11.177+00:00,True,30,30.0,,30.0,87337.16245,90253.82037,90253.820347,3008.4606782333335,47.736098,87337.16245,15927.155768390985,115.23702295000001,100.57441103448276,14.903109033300503,0.3323959016583843,20,64,,False,True,,142,56.69694568066818
46,2026-09-19T05:45:41.359+00:00,2026-09-19T05:47:10.812+00:00,2026-09-19T05:47:12.721+00:00,True,20,20.0,,20.0,89453.63046799999,91362.49779599998,91362.49781999999,4568.1248909999995,49.416554,89453.63046799999,19979.97895742425,4579.113982049999,100.46670147368421,13.213067104266356,0.21890820065643649,20,64,,False,True,,55,56.69694568066818
47,2026-09-19T05:45:41.848+00:00,2026-09-19T05:47:13.761+00:00,2026-09-19T05:47:21.932+00:00,True,85,85.0,,85.0,91912.43599099999,100083.539735,100083.53959999999,1177.4534070588234,0.0,91912.43599099999,9960.34141935136,110.97564619999999,97.27504457142857,178.97534258834472,0.8492905049627739,20,64,,False,True,,319,56.69694568066818
48,2026-09-19T05:45:42.353+00:00,2026-09-19T05:47:17.481+00:00,2026-09-19T05:47:20.980+00:00,True,46,46.0,,46.0,95128.120409,98627.28661699999,98627.28659799999,2144.0714477826086,0.0,95128.120409,14015.790974618283,144.2091695,77.75924906666667,198.88398907726167,0.4664023677203258,20,64,,False,True,,219,56.69694568066818
49,2026-09-19T05:45:42.733+00:00,2026-09-19T05:47:18.670+00:00,2026-09-19T05:47:25.126+00:00,True,66,66.0,,66.0,95936.967534,102393.025134,102393.02513699999,1551.409471772727,0.0,95936.967534,11797.856167907119,112.230769,99.32396307692308,159.2064606425147,0.6445751545442371,20,64,,False,True,,240,56.69694568066818
50,2026-09-19T05:45:43.157+00:00,2026-09-19T05:47:20.671+00:00,2026-09-19T05:47:21.929+00:00,True,13,13.0,,13.0,97514.752915,98772.766355,98772.766264,7597.90509723077,99.847016,97514.752915,27016.650655232123,39072.7685968,104.83445333333333,3.5237045370345768,0.13161522633958225,20,64,,False,True,,34,56.69694568066818
51,2026-09-19T05:45:43.505+00:00,2026-09-19T05:47:22.563+00:00,2026-09-19T05:47:31.962+00:00,True,97,97.0,,97.0,99058.80580599999,108456.87915,108456.87895999999,1118.112154226804,46.896891000000004,99058.80580599999,10047.974572871191,112.36185679999998,97.89659733333333,18.363896695413725,0.8943646614231385,20,64,,False,True,,341,56.69694568066818
52,2026-09-19T05:45:43.850+00:00,2026-09-19T05:47:24.798+00:00,2026-09-19T05:47:27.868+00:00,True,32,32.0,,32.0,100948.240718,104017.772622,104017.77254600001,3250.5553920625002,50.174242,100948.240718,17827.801721133386,113.03653385000001,99.01715819354838,18.467525318493422,0.3076397349546007,20,64,,False,True,,116,56.69694568066818
53,2026-09-19T05:45:44.196+00:00,2026-09-19T05:47:26.560+00:00,2026-09-19T05:47:33.037+00:00,True,68,68.0,,68.0,102363.675661,108840.475149,108840.475074,1600.5952216764706,46.055082,102363.675661,12401.708208430886,108.3167175,96.66864907462686,17.364461381506917,0.6247675775662467,20,64,,True,True,,310,56.69694568066818
54,2026-09-19T05:45:44.609+00:00,2026-09-19T05:47:28.843+00:00,2026-09-19T05:47:32.683+00:00,True,40,40.0,,40.0,104233.23839900001,108073.038719,108073.038723,2701.825968075,47.773338,104233.23839900001,16465.16118677233,109.5870133,98.45641846153846,14.766322112109899,0.3701200639319834,20,64,,True,True,,101,56.69694568066818
55,2026-09-19T05:45:45.125+00:00,2026-09-19T05:47:31.760+00:00,2026-09-19T05:47:39.483+00:00,True,80,80.0,,80.0,106634.54822400001,114357.44000000002,114357.439905,1429.4679988125001,46.166841,106634.54822400001,11911.189434770537,111.7871165,97.75812374683544,18.507345981173884,0.6995609555443003,20,64,,True,True,,302,56.69694568066818
56,2026-09-19T05:45:45.445+00:00,2026-09-19T05:47:33.457+00:00,2026-09-19T05:47:41.663+00:00,True,86,86.0,,86.0,108012.178832,116218.556304,116218.55608200001,1351.3785590930233,44.457735,108012.178832,11636.860918418408,112.7566015,96.54561731764706,21.106869298481584,0.7399850999271108,20,64,,True,True,,434,56.69694568066818
57,2026-09-19T05:45:45.954+00:00,2026-09-19T05:47:36.029+00:00,2026-09-19T05:47:39.537+00:00,True,38,38.0,,38.0,110074.72929799999,113583.227986,113583.227917,2989.032313605263,49.003035000000004,110074.72929799999,17841.109130672463,113.00296480000002,94.82428886486487,21.533652648804363,0.3345564364897588,20,64,,True,True,,179,56.69694568066818
58,2026-09-19T05:45:46.358+00:00,2026-09-19T05:47:38.018+00:00,2026-09-19T05:47:39.115+00:00,True,13,13.0,,13.0,111659.560155,112756.994011,112756.993875,8673.614913461539,48.096136,111659.560155,30943.43445416748,44730.1342914,91.45282133333333,24.561743728186865,0.11529218310601456,20,64,,True,True,,51,56.69694568066818
59,2026-09-19T05:45:46.749+00:00,2026-09-19T05:47:40.217+00:00,2026-09-19T05:47:46.764+00:00,True,65,65.0,,65.0,113467.29261599999,120014.478792,120014.47878199999,1846.3765966461538,48.013107000000005,113467.29261599999,14061.202251599612,111.3281852,102.299784,12.48251748276416,0.5416013188929736,20,64,,True,True,,275,56.69694568066818
60,2026-09-19T05:45:47.224+00:00,2026-09-19T05:47:42.920+00:00,2026-09-19T05:47:45.528+00:00,True,27,27.0,,27.0,115696.17793199999,118303.640588,118303.64045699999,4381.616313222222,49.464574,115696.17793199999,22246.444668761655,111.50375399999999,100.28702523076923,15.347496006254959,0.2282262816748745,20,64,,True,True,,76,56.69694568066818
61,2026-09-19T05:45:47.689+00:00,2026-09-19T05:47:45.422+00:00,2026-09-19T05:47:47.382+00:00,True,20,20.0,,20.0,117733.580968,119693.57738399999,119693.57725199999,5984.6788626,91.888633,117733.580968,26302.96256340862,5990.06358975,103.15770610526316,4.0698127762726095,0.16709334316106333,20,64,,True,True,,73,56.69694568066818
62,2026-09-19T05:45:48.263+00:00,2026-09-19T05:47:48.327+00:00,2026-09-19T05:47:55.694+00:00,True,76,76.0,,76.0,120064.786227,127431.636275,127431.636501,1676.7320592236842,46.028161,120064.786227,13761.11898700405,110.72303375,98.22466730666667,17.201180506205155,0.5963982117909127,20,64,,True,True,,318,56.69694568066818
63,2026-09-19T05:45:48.754+00:00,2026-09-19T05:47:51.231+00:00,2026-09-19T05:47:53.509+00:00,True,23,23.0,,23.0,122476.236201,124754.260905,124754.260745,5424.0982932608695,97.42103999999999,122476.236201,25516.469975601995,112.3232635,103.54657745454546,4.009155676216184,0.18436244047419295,20,64,,True,True,,78,56.69694568066818
64,2026-09-19T05:45:49.313+00:00,2026-09-19T05:47:53.899+00:00,2026-09-19T05:47:58.109+00:00,True,45,45.0,,45.0,124586.388334,128796.089198,128796.089139,2862.1353142000003,43.845667,124586.388334,18557.989767434698,110.0593146,95.67501963636364,19.42123938700181,0.34938949062980384,20,64,,True,True,,221,56.69694568066818
65,2026-09-19T05:45:49.822+00:00,2026-09-19T05:47:56.196+00:00,2026-09-19T05:48:04.807+00:00,True,88,88.0,,88.0,126373.258642,134984.415634,134984.415509,1533.9138126022726,43.582197,126373.258642,13460.894762133143,111.86474255000002,98.978816,17.545922901870668,0.6519271101532588,20,64,,True,True,,346,56.69694568066818
66,2026-09-19T05:45:50.376+00:00,2026-09-19T05:47:59.838+00:00,2026-09-19T05:48:02.538+00:00,True,28,28.0,,28.0,129462.805972,132161.956564,132161.956642,4720.069880071429,43.453088,129462.805972,24447.28309647903,110.46528735,99.96854044444444,15.544142450443722,0.21186127027743332,20,64,,True,True,,114,56.69694568066818
67,2026-09-19T05:45:50.871+00:00,2026-09-19T05:48:02.432+00:00,2026-09-19T05:48:02.538+00:00,True,2,2.0,,2.0,131560.752147,131666.424851,131666.424767,65833.2123835,105.67262,131560.752147,92952.77815495859,124987.99817064998,105.672704,nan,0.015189901315109722,20,64,,True,True,,4,56.69694568066818
68,2026-09-19T05:45:51.250+00:00,2026-09-19T05:48:04.011+00:00,2026-09-19T05:48:04.488+00:00,True,6,6.0,,6.0,132760.352975,133237.60327899997,133237.60319899998,22206.26719983333,49.018544,132760.352975,54160.224847438796,99598.0458605,95.4500608,26.075600889603813,0.0450323321069952,20,64,,True,True,,9,56.69694568066818
69,2026-09-19T05:45:51.795+00:00,2026-09-19T05:48:07.080+00:00,2026-09-19T05:48:15.432+00:00,True,83,83.0,,83.0,135285.49995,143636.801582,143636.80144799998,1730.5638728674699,46.138760999999995,135285.49995,14838.340598282406,113.7548271,101.84514185365855,14.256684953056231,0.577846339418917,20,64,,True,True,,395,56.69694568066818
70,2026-09-19T05:45:52.215+00:00,2026-09-19T05:48:07.720+00:00,2026-09-19T05:48:08.139+00:00,True,5,5.0,,5.0,135505.08528,135924.237664,135924.237649,27184.8475298,98.995916,135505.08528,60552.85383999232,108425.7362868,104.788096,4.076118053272419,0.036785198033332564,20,64,,True,True,,18,56.69694568066818
71,2026-09-19T05:45:52.477+00:00,2026-09-19T05:48:10.941+00:00,2026-09-19T05:48:12.467+00:00,True,16,16.0,,16.0,138463.283799,139989.672023,139989.671966,8749.354497875,48.747685,138463.283799,34590.384500714455,34703.43818025,101.75921493333334,15.76662720846633,0.11429414590935848,20,64,,True,True,,61,56.69694568066818
72,2026-09-19T05:45:52.924+00:00,2026-09-19T05:48:13.197+00:00,2026-09-19T05:48:15.431+00:00,True,23,23.0,,23.0,140273.15366100002,142506.413949,142506.41408100002,6195.931047000001,49.90914299999999,140273.15366100002,29227.810178778003,109.526097,101.51183127272726,12.164885795573744,0.16139624429979135,20,64,,True,True,,71,56.69694568066818
73,2026-09-19T05:45:53.259+00:00,2026-09-19T05:48:15.223+00:00,2026-09-19T05:48:19.671+00:00,True,45,45.0,,45.0,141964.175481,146412.94476100002,146412.94463100002,3253.6209918000004,45.953401,141964.175481,21147.704557998186,114.32791440000001,101.10839272727273,17.558813185639274,0.3073498731512887,20,64,,True,True,,179,56.69694568066818
74,2026-09-19T05:45:53.712+00:00,2026-09-19T05:48:17.536+00:00,2026-09-19T05:48:22.793+00:00,True,53,53.0,,53.0,143823.424238,149080.453614,149080.45353,2812.8387458490565,49.676293,143823.424238,19741.78548309666,112.47647659999998,101.09671876923076,14.910932309234633,0.35551273634589226,20,64,,True,True,,285,56.69694568066818
75,2026-09-19T05:45:54.099+00:00,2026-09-19T05:48:20.152+00:00,2026-09-19T05:48:26.258+00:00,True,65,65.0,,65.0,146053.446443,152158.542635,152158.54245399998,2340.9006531384616,46.318771,146053.446443,18103.88046338847,111.43303900000001,95.392128,20.952204241195204,0.4271860052966128,20,64,,True,True,,224,56.69694568066818
76,2026-09-19T05:45:54.659+00:00,2026-09-19T05:48:22.898+00:00,2026-09-19T05:48:28.431+00:00,True,59,59.0,,59.0,148239.114707,153771.676627,153771.676609,2606.299603542373,42.935608,148239.114707,19286.682981920076,110.9479788,95.38899862068966,22.294252257003663,0.3836857430065927,20,64,,True,True,,303,56.69694568066818
77,2026-09-19T05:45:55.132+00:00,2026-09-19T05:48:25.934+00:00,2026-09-19T05:48:35.266+00:00,True,93,93.0,,93.0,150801.972134,160134.12803800002,160134.12818,1721.8723460215056,46.591121,150801.972134,15626.924786433672,113.3844006,101.4364772173913,15.085201406357829,0.580763146116679,20,64,,True,True,,317,56.69694568066818
78,2026-09-19T05:45:55.710+00:00,2026-09-19T05:48:28.896+00:00,2026-09-19T05:48:30.354+00:00,True,16,16.0,,16.0,153185.443862,154644.18843799998,154644.188378,9665.261773625,49.728102,153185.443862,38272.05270514313,38377.84684774999,97.24963840000001,18.444620963537545,0.10346331253446829,20,64,,True,True,,89,56.69694568066818
79,2026-09-19T05:45:56.240+00:00,2026-09-19T05:48:31.709+00:00,2026-09-19T05:48:38.698+00:00,True,70,70.0,,70.0,155468.60644600002,162457.84676600003,162457.84684800002,2320.8263835428575,46.008462,155468.60644600002,18569.954234008455,113.60571645,101.2933379710145,17.872466478713527,0.43088100324772943,20,64,,True,True,,254,56.69694568066818
80,2026-09-19T05:45:56.631+00:00,2026-09-19T05:48:33.515+00:00,2026-09-19T05:48:42.176+00:00,True,86,86.0,,86.0,156884.239192,165545.61800800002,165545.61803500002,1924.9490469186048,49.894093,156884.239192,16906.282682448244,112.12639650000001,101.89857430588235,16.65206332583345,0.5194942701282739,20,64,,True,True,,316,56.69694568066818
81,2026-09-19T05:45:57.088+00:00,2026-09-19T05:48:36.110+00:00,2026-09-19T05:48:44.863+00:00,True,87,87.0,,87.0,159021.844273,167775.470129,167775.470178,1928.4536802068965,48.195797,159021.844273,17038.025582850765,112.23566930000001,101.7863471627907,15.500592105725724,0.5185501785994522,20,64,,True,True,,303,56.69694568066818
82,2026-09-19T05:45:57.578+00:00,2026-09-19T05:48:38.907+00:00,2026-09-19T05:48:42.381+00:00,True,34,34.0,,34.0,161328.913854,164802.323134,164802.323072,4847.127149176471,51.13696,161328.913854,27649.631303025446,114.114277,105.25482666666667,10.376337613636647,0.20630777135559406,20,64,,True,True,,130,56.69694568066818
83,2026-09-19T05:45:58.019+00:00,2026-09-19T05:48:40.999+00:00,2026-09-19T05:48:45.377+00:00,True,44,44.0,,44.0,162979.592131,167358.290627,167358.290769,3803.597517477273,52.843137000000006,162979.592131,24554.749309302344,110.80145915000001,101.83019758139534,11.883341621631041,0.2629089950378679,20,64,,True,True,,140,56.69694568066818
84,2026-09-19T05:45:58.390+00:00,2026-09-19T05:48:43.106+00:00,2026-09-19T05:48:46.353+00:00,True,34,34.0,,34.0,164716.16156600002,167963.18390200002,167963.18371700004,4940.093638735295,44.213277000000005,164716.16156600002,28231.719485391346,110.9399792,98.39461624242425,17.671721568832446,0.2024253125603863,20,64,,True,True,,107,56.69694568066818
85,2026-09-19T05:45:58.832+00:00,2026-09-19T05:48:45.937+00:00,2026-09-19T05:48:49.422+00:00,True,37,37.0,,37.0,167104.374869,170589.124693,170589.124701,4610.51688381081,46.241851000000004,167104.374869,27455.883058000236,110.91096739999999,96.79860622222222,19.377568311703083,0.21689542089266764,20,64,,True,True,,144,56.69694568066818
86,2026-09-19T05:45:59.268+00:00,2026-09-19T05:48:48.234+00:00,2026-09-19T05:48:51.676+00:00,True,35,35.0,,35.0,168965.956989,172408.563325,172408.56326,4925.958950285714,49.952362,168965.956989,28543.347489601085,111.5855371,101.25312752941176,13.062136654366311,0.20300615772792563,20,64,,True,True,,125,56.69694568066818
87,2026-09-19T05:45:59.835+00:00,2026-09-19T05:48:51.048+00:00,2026-09-19T05:48:51.568+00:00,True,6,6.0,,6.0,171212.78502900002,171732.81523700003,171732.81504600003,28622.135841000003,98.920348,171212.78502900002,69854.8666048312,128436.5021735,104.00604159999999,3.8361961302536134,0.034937993601978135,20,64,,True,True,,37,56.69694568066818
88,2026-09-19T05:46:00.320+00:00,2026-09-19T05:48:53.525+00:00,2026-09-19T05:48:57.148+00:00,True,37,37.0,,37.0,173204.55881299998,176827.33538899999,176827.33538099998,4779.117172459459,51.090050000000005,173204.55881299998,28458.11399625086,110.70255800000001,100.63268266666667,14.99694737474693,0.20924366653268975,20,64,,True,True,,96,56.69694568066818
89,2026-09-19T05:46:00.888+00:00,2026-09-19T05:48:56.607+00:00,2026-09-19T05:49:04.101+00:00,True,76,76.0,,76.0,175719.149264,183212.993488,183212.993594,2410.697284131579,43.372658,175719.149264,20144.914548015142,112.291485,99.91792298666667,17.06093148875315,0.41481774056040305,20,64,,True,True,,253,56.69694568066818
90,2026-09-19T05:46:01.432+00:00,2026-09-19T05:48:59.502+00:00,2026-09-19T05:49:09.440+00:00,True,100,100.0,,100.0,178069.22177200002,188008.13428400003,188008.13426900003,1880.0813426900002,46.484939,178069.22177200002,17796.891014441328,112.686619,100.39305567676767,17.11110042613538,0.5318918800020785,20,64,,True,True,,539,56.69694568066818
91,2026-09-19T05:46:01.921+00:00,2026-09-19T05:49:02.304+00:00,2026-09-19T05:49:02.935+00:00,True,7,7.0,,7.0,180383.889627,181014.842587,181014.842682,25859.263240285713,100.14165399999999,180383.889627,68138.95564877104,126302.27496899999,105.15882666666667,5.319461145475645,0.03867086201307296,20,64,,True,True,,29,56.69694568066818
92,2026-09-19T05:46:02.348+00:00,2026-09-19T05:49:05.005+00:00,2026-09-19T05:49:08.203+00:00,True,33,33.0,,33.0,182657.086317,185854.901357,185854.901183,5631.966702515152,45.146274,182657.086317,31779.1272543848,115.1667852,99.93172,19.343787899649065,0.17755786777240726,20,64,,True,True,,160,56.69694568066818
93,2026-09-19T05:46:02.855+00:00,2026-09-19T05:49:07.504+00:00,2026-09-19T05:49:08.309+00:00,True,9,9.0,,9.0,184648.80922,185453.729796,185453.729636,20605.969959555554,56.059927,184648.80922,61516.06719235606,110835.75749079998,100.615072,18.63487297035767,0.04852962520570518,20,64,,True,True,,30,56.69694568066818
94,2026-09-19T05:46:03.190+00:00,2026-09-19T05:49:09.065+00:00,2026-09-19T05:49:11.948+00:00,True,30,30.0,,30.0,185874.96740599998,188757.78545399997,188757.78545399997,6291.9261817999995,48.231376,185874.96740599998,33917.82728792311,111.89298845000002,99.40751889655172,20.000413431620768,0.158933841737145,20,64,,True,True,,137,56.69694568066818
95,2026-09-19T05:46:03.533+00:00,2026-09-19T05:49:11.053+00:00,2026-09-19T05:49:16.545+00:00,True,55,55.0,,55.0,187519.8794,193011.680744,193011.680739,3509.3032861636366,47.171749000000005,187519.8794,25271.466360300612,113.7480692,101.70002488888889,14.721928533600336,0.2849568471089009,20,64,,True,True,,155,56.69694568066818
96,2026-09-19T05:46:04.096+00:00,2026-09-19T05:49:13.866+00:00,2026-09-19T05:49:22.055+00:00,True,83,83.0,,83.0,189769.38723199998,197959.16259199998,197959.16255699997,2385.0501512891565,44.597525000000005,189769.38723199998,20818.9413087735,112.9778522,99.87530926829268,18.00401968590793,0.419278395166106,20,64,,True,True,,481,56.69694568066818
97,2026-09-19T05:46:04.478+00:00,2026-09-19T05:49:16.328+00:00,2026-09-19T05:49:21.641+00:00,True,55,55.0,,55.0,191850.39978799998,197162.718764,197162.718592,3584.776701672727,47.846897,191850.39978799998,25855.844430916477,111.0579454,98.37627733333333,19.004366728576155,0.27895740302624833,20,64,,True,True,,239,56.69694568066818
98,2026-09-19T05:46:04.931+00:00,2026-09-19T05:49:18.664+00:00,2026-09-19T05:49:22.943+00:00,True,45,45.0,,45.0,193733.54685800002,198012.19594600002,198012.19586300003,4400.271019177778,48.088525999999995,193733.54685800002,28865.602090471846,110.42986219999999,97.24202472727274,18.913655450498847,0.2272587291152105,20,64,,True,True,,258,56.69694568066818
99,2026-09-19T05:46:05.432+00:00,2026-09-19T05:49:21.435+00:00,2026-09-19T05:49:27.420+00:00,True,59,59.0,,59.0,196003.341305,201988.009209,201988.009266,3423.525580779661,49.078464,196003.341305,25504.031330000707,114.23578789999999,103.18392937931034,12.848123608017323,0.2920965468744821,20,64,,True,True,,198,56.69694568066818
100,2026-09-19T05:46:05.938+00:00,2026-09-19T05:49:24.375+00:00,2026-09-19T05:49:24.375+00:00,True,1,1.0,,1.0,198436.646609,198436.646609,198436.646609,198436.646609,198436.646609,198436.646609,nan,198436.646609,nan,nan,0.005039391750911827,20,64,,True,True,,1,56.69694568066818
101,2026-09-19T05:46:06.354+00:00,2026-09-19T05:49:26.678+00:00,2026-09-19T05:49:35.368+00:00,True,84,84.0,,84.0,200324.241059,209013.50313899998,209013.503126,2488.255989595238,47.954606,200324.241059,21845.74772424068,114.73680565000001,104.68990457831325,12.80172543324612,0.401887910295143,20,64,,True,True,,475,56.69694568066818
102,2026-09-19T05:46:06.867+00:00,2026-09-19T05:49:29.698+00:00,2026-09-19T05:49:38.264+00:00,True,84,84.0,,84.0,202830.54138100002,211396.896325,211396.896337,2516.629718297619,45.398693,202830.54138100002,22119.370579597686,114.59025614999999,103.20909571084337,15.270147786408225,0.3973568271828316,20,64,,True,True,,356,56.69694568066818
103,2026-09-19T05:46:07.402+00:00,2026-09-19T05:49:32.374+00:00,2026-09-19T05:49:36.613+00:00,True,41,41.0,,41.0,204971.20598300002,209210.759519,209210.75956900002,5102.70145290244,50.483731,204971.20598300002,31994.574314502195,115.782809,105.9888384,13.245221756609835,0.19597462431790694,20,64,,True,True,,143,56.69694568066818
104,2026-09-19T05:46:07.910+00:00,2026-09-19T05:49:35.690+00:00,2026-09-19T05:49:45.001+00:00,True,96,96.0,,96.0,207780.457832,217090.81354399998,217090.813593,2261.3626415937497,42.102161,207780.457832,21196.51019227551,112.3174095,98.0037443368421,19.063319773551118,0.44221124990414534,20,64,,True,True,,409,56.69694568066818
105,2026-09-19T05:46:08.401+00:00,2026-09-19T05:49:38.781+00:00,2026-09-19T05:49:42.567+00:00,True,40,40.0,,40.0,210380.813771,214166.57991499998,214166.57974,5354.1644934999995,46.120693,210380.813771,33248.784331980765,111.2808965,97.07092676923077,18.868505880877063,0.1867705036699727,20,64,,True,True,,200,56.69694568066818
106,2026-09-19T05:46:08.856+00:00,2026-09-19T05:49:40.943+00:00,2026-09-19T05:49:43.955+00:00,True,32,32.0,,32.0,212087.12441,215099.189178,215099.18904499998,6721.849657656249,45.382526,212087.12441,37474.89043328782,111.24573455,97.16337961290323,20.984072436081338,0.1487685756617111,20,64,,True,True,,183,56.69694568066818
107,2026-09-19T05:46:09.443+00:00,2026-09-19T05:49:44.166+00:00,2026-09-19T05:49:46.421+00:00,True,24,24.0,,24.0,214722.403698,216978.106738,216978.106783,9040.754449291668,46.687012,214722.403698,43810.01186255843,110.52953175,98.0740452173913,19.205443385382114,0.11061023787519669,20,64,,True,True,,128,56.69694568066818
108,2026-09-19T05:46:09.873+00:00,2026-09-19T05:49:46.535+00:00,2026-09-19T05:49:53.195+00:00,True,71,71.0,,71.0,216661.22201499998,223321.23046299999,223321.23030999998,3145.3694409859154,45.095156,216661.22201499998,25701.672972984343,111.3534885,95.14297782857142,20.34059955429722,0.31792767688409873,20,64,,True,True,,297,56.69694568066818
109,2026-09-19T05:46:10.452+00:00,2026-09-19T05:49:49.149+00:00,2026-09-19T05:49:53.287+00:00,True,44,44.0,,44.0,218696.568504,222834.457272,222834.457196,5064.419481727273,42.933241,218696.568504,32955.245374264356,109.6588845,96.22997134883721,17.18389140123973,0.1974559973294075,20,64,,True,True,,151,56.69694568066818
110,2026-09-19T05:46:10.975+00:00,2026-09-19T05:49:51.917+00:00,2026-09-19T05:50:00.080+00:00,True,83,83.0,,83.0,220941.67137,229104.557002,229104.557045,2760.2958680120482,44.919256999999995,220941.67137,24240.578125473552,111.95243719999999,99.54738575609755,16.889148808556133,0.36228000475466515,20,64,,True,True,,365,56.69694568066818
111,2026-09-19T05:46:11.364+00:00,2026-09-19T05:49:54.270+00:00,2026-09-19T05:50:00.400+00:00,True,62,62.0,,62.0,222905.850337,229036.523233,229036.52313100002,3694.137469854839,47.346841,222905.850337,28296.312439940844,113.19521300000001,100.50283436065574,16.97902998651051,0.27069918423852024,20,64,,True,True,,213,56.69694568066818
112,2026-09-19T05:46:11.899+00:00,2026-09-19T05:49:56.916+00:00,2026-09-19T05:50:06.319+00:00,True,97,97.0,,97.0,225017.35327000002,234420.46648600002,234420.46649100003,2416.7058401134022,46.585174,225017.35327000002,22837.113301188747,112.39842800000002,97.949096,19.036997955198146,0.4137863961028889,20,64,,True,True,,333,56.69694568066818
113,2026-09-19T05:46:12.418+00:00,2026-09-19T05:49:59.967+00:00,2026-09-19T05:50:04.213+00:00,True,44,44.0,,44.0,227549.065905,231795.325617,231795.325798,5268.075586318182,45.029796000000005,227549.065905,34289.43092674468,114.7466028,98.75022586046511,19.960980170238233,0.18982263720322845,20,64,,True,True,,207,56.69694568066818
114,2026-09-19T05:46:12.989+00:00,2026-09-19T05:50:03.183+00:00,2026-09-19T05:50:10.985+00:00,True,83,83.0,,83.0,230193.442813,237995.475965,237995.475868,2867.4153719036144,45.648734,230193.442813,25256.576923268305,109.34918710000002,95.14674575609756,19.882380962468307,0.3487461249566194,20,64,,True,True,,400,56.69694568066818
115,2026-09-19T05:46:13.389+00:00,2026-09-19T05:50:05.244+00:00,2026-09-19T05:50:14.192+00:00,True,93,93.0,,93.0,231854.44427900002,240802.56639100003,240802.56647700001,2589.2749083548388,44.230427000000006,231854.44427900002,24032.10808688859,111.8059166,97.26219686956522,19.486391312730067,0.38620850846328797,20,64,,True,True,,380,56.69694568066818
116,2026-09-19T05:46:13.804+00:00,2026-09-19T05:50:08.327+00:00,2026-09-19T05:50:12.467+00:00,True,43,43.0,,43.0,234522.78973699998,238662.99735299998,238662.99742399997,5550.302265674418,43.297391000000005,234522.78973699998,35749.361399452246,112.23927940000002,98.5763718095238,17.138096423677737,0.18017036774410347,20,64,,True,True,,145,56.69694568066818
117,2026-09-19T05:46:14.251+00:00,2026-09-19T05:50:10.515+00:00,2026-09-19T05:50:12.040+00:00,True,16,16.0,,16.0,236263.50787,237788.99139,237788.991458,14861.811966125,50.956722,236263.50787,59040.45391118864,59149.334953000005,101.69890133333332,14.536209242529747,0.06728654638918186,20,64,,True,True,,49,56.69694568066818
118,2026-09-19T05:46:14.740+00:00,2026-09-19T05:50:12.992+00:00,2026-09-19T05:50:22.387+00:00,True,96,96.0,,96.0,238251.880935,247647.000551,247647.000424,2579.656254416667,42.270771999999994,238251.880935,24306.394972610346,114.37953949999999,98.89599595789474,19.487697144069795,0.3876485472725519,20,64,,True,True,,344,56.69694568066818
119,2026-09-19T05:46:15.067+00:00,2026-09-19T05:50:14.737+00:00,2026-09-19T05:50:20.049+00:00,True,56,56.0,,56.0,239669.968179,244981.84325099998,244981.843298,4374.675773178571,46.152423000000006,239669.968179,32014.348785457365,116.7398765,96.57954676363637,22.980644286189623,0.22858836906792446,20,64,,True,True,,262,56.69694568066818
120,2026-09-19T05:46:15.626+00:00,2026-09-19T05:50:18.619+00:00,2026-09-19T05:50:26.228+00:00,True,80,80.0,,80.0,242992.942533,250602.252741,250602.252793,3132.5281599125,44.547326999999996,242992.942533,27156.674360925615,110.85387935,96.32038237974685,18.80623220632023,0.31923096909540083,20,64,,True,True,,102,56.69694568066818
121,2026-09-19T05:46:16.196+00:00,2026-09-19T05:50:21.479+00:00,2026-09-19T05:50:23.006+00:00,True,16,16.0,,16.0,245283.474845,246810.573469,246810.57348999998,15425.660843124999,92.590036,245283.474845,61295.41724252883,61402.17681949999,101.80657493333334,4.799317021884669,0.06482704438110161,20,64,,True,True,,47,56.69694568066818
122,2026-09-19T05:46:16.701+00:00,2026-09-19T05:50:23.675+00:00,2026-09-19T05:50:31.446+00:00,True,80,80.0,,80.0,246973.44943799998,254745.35113399997,254745.35107299997,3184.3168884125,45.256775999999995,246973.44943799998,27601.4772800715,109.9816005,98.37850248101266,17.135828495713188,0.31403909686233594,20,64,,True,True,,376,56.69694568066818
123,2026-09-19T05:46:17.195+00:00,2026-09-19T05:50:26.486+00:00,2026-09-19T05:50:33.189+00:00,True,67,67.0,,67.0,249290.94081600002,255994.033808,255994.033831,3820.8064750895524,48.803867,249290.94081600002,30443.33018653495,111.25691660000001,101.56201503030303,11.765222876513922,0.26172484961212483,20,64,,True,True,,266,56.69694568066818
124,2026-09-19T05:46:17.690+00:00,2026-09-19T05:50:29.047+00:00,2026-09-19T05:50:31.028+00:00,True,20,20.0,,20.0,251356.865371,253338.001499,253338.001579,12666.90007895,96.09357899999999,251356.865371,56181.78839468699,12673.1755588,104.2703225263158,4.75297325981607,0.07894591368709027,20,64,,True,True,,53,56.69694568066818
125,2026-09-19T05:46:18.208+00:00,2026-09-19T05:50:31.654+00:00,2026-09-19T05:50:37.170+00:00,True,56,56.0,,56.0,253446.24011500002,258962.33381100002,258962.33371400004,4624.3273877500005,44.275788,253446.24011500002,33854.77949438453,111.12915199999999,100.29261265454545,14.884788235318778,0.2162476649630089,20,64,,True,True,,250,56.69694568066818
126,2026-09-19T05:46:18.744+00:00,2026-09-19T05:50:34.339+00:00,2026-09-19T05:50:39.165+00:00,True,49,49.0,,49.0,255595.545961,260420.868457,260420.86854999998,5314.711603061224,47.64847,255595.545961,36499.29249447091,112.7424342,100.527552,17.590754868935655,0.18815696411092628,20,64,,True,True,,220,56.69694568066818
127,2026-09-19T05:46:19.224+00:00,2026-09-19T05:50:36.850+00:00,2026-09-19T05:50:40.284+00:00,True,35,35.0,,35.0,257626.385567,261060.55567899998,261060.55565899998,7458.873018828571,44.010188,257626.385567,43529.738549701564,116.6035247,101.00500329411764,19.7139961553724,0.13406851107386744,20,64,,True,True,,156,56.69694568066818
128,2026-09-19T05:46:19.675+00:00,2026-09-19T05:50:39.216+00:00,2026-09-19T05:50:44.767+00:00,True,56,56.0,,56.0,259540.828392,265091.580648,265091.580576,4733.778224571429,46.954492,259540.828392,34669.119827302464,113.54812125000001,100.92276829090909,17.094490314139307,0.21124775016660832,20,64,,True,True,,265,56.69694568066818
129,2026-09-19T05:46:20.127+00:00,2026-09-19T05:50:41.939+00:00,2026-09-19T05:50:42.310+00:00,True,5,5.0,,5.0,261811.745914,262183.243386,262183.243479,52436.6486958,47.054061999999995,261811.745914,117044.24054202621,209471.46004839998,92.874368,30.590413890352337,0.019070631423377185,20,64,,True,True,,14,56.69694568066818
130,2026-09-19T05:46:20.620+00:00,2026-09-19T05:50:44.306+00:00,2026-09-19T05:50:45.481+00:00,True,13,13.0,,13.0,263686.53587200004,264861.583808,264861.58378600003,20373.967983538463,52.747440000000005,263686.53587200004,73106.32964285817,105538.78928380001,97.92066133333333,14.686655455039581,0.049082240667350945,20,64,,True,True,,40,56.69694568066818
131,2026-09-19T05:46:21.159+00:00,2026-09-19T05:50:47.442+00:00,2026-09-19T05:50:56.018+00:00,True,90,90.0,,90.0,266283.36878200003,274858.90747000003,274858.90750400006,3053.987861155556,44.340557999999994,266283.36878200003,28058.581503322166,112.58274225000001,96.35436728089887,19.255641823982785,0.327440725237632,20,64,,True,True,,314,56.69694568066818
132,2026-09-19T05:46:21.486+00:00,2026-09-19T05:50:49.375+00:00,2026-09-19T05:50:51.704+00:00,True,25,25.0,,25.0,267889.11780899996,270218.04145699996,270218.041574,10808.721662959999,51.176362,267889.11780899996,53558.418683790216,114.7907064,97.03848533333333,17.7540421280922,0.09251787876635273,20,64,,True,True,,132,56.69694568066818
133,2026-09-19T05:46:21.875+00:00,2026-09-19T05:50:51.140+00:00,2026-09-19T05:50:54.860+00:00,True,40,40.0,,40.0,269264.98315399996,272984.341362,272984.34134899994,6824.608533724999,40.685837,269264.98315399996,42559.45716663138,110.65493839999999,95.36815917948718,19.044757479390604,0.14652855105325133,20,64,,True,True,,206,56.69694568066818
134,2026-09-19T05:46:22.735+00:00,2026-09-19T05:50:54.754+00:00,2026-09-19T05:51:02.872+00:00,True,83,83.0,,83.0,272019.47005400003,280137.35447,280137.354386,3375.148848024097,43.81384,272019.47005400003,29847.15458490766,112.7659611,98.99859043902438,17.826407644713814,0.29628322919315814,20,64,,True,True,,364,56.69694568066818
135,2026-09-19T05:46:22.942+00:00,2026-09-19T05:50:57.444+00:00,2026-09-19T05:50:59.831+00:00,True,25,25.0,,25.0,274502.561133,276889.724781,276889.724796,11075.58899184,47.131381999999995,274502.561133,54880.621348525434,109.9632222,99.465152,15.701205696151662,0.09028865198870495,20,64,,True,True,,99,56.69694568066818
136,2026-09-19T05:46:23.520+00:00,2026-09-19T05:51:00.299+00:00,2026-09-19T05:51:00.399+00:00,True,2,2.0,,2.0,276778.56713,276879.146714,276879.14652,138439.57326,100.57939,276778.56713,195640.88133600244,262944.66774299997,100.579584,nan,0.007223368114702706,20,64,,True,True,,4,56.69694568066818
137,2026-09-19T05:46:23.897+00:00,2026-09-19T05:51:02.184+00:00,2026-09-19T05:51:09.532+00:00,True,77,77.0,,77.0,278287.44292,285634.554344,285634.554231,3709.5396653376624,46.959362,278287.44292,31702.78710044076,111.36502480000001,96.67251873684211,20.498170816992808,0.269575227608023,20,64,,True,True,,320,56.69694568066818
138,2026-09-19T05:46:24.298+00:00,2026-09-19T05:51:04.258+00:00,2026-09-19T05:51:04.898+00:00,True,7,7.0,,7.0,279959.721947,280599.503067,280599.50316900003,40085.64330985714,99.642111,279959.721947,105774.52647580953,196006.5599771,106.63018666666667,5.854984410388491,0.02494658730143431,20,64,,True,True,,40,56.69694568066818
139,2026-09-19T05:46:24.789+00:00,2026-09-19T05:51:07.046+00:00,2026-09-19T05:51:16.723+00:00,True,100,100.0,,100.0,282257.549851,291934.46479500004,291934.464595,2919.34464595,47.022512,282257.549851,28215.98603179987,110.5382788,97.74661559595958,18.03895836379947,0.34254263219733655,20,64,,True,True,,571,56.69694568066818
140,2026-09-19T05:46:25.321+00:00,2026-09-19T05:51:09.953+00:00,2026-09-19T05:51:18.206+00:00,True,84,84.0,,84.0,284632.027641,292884.944377,292884.944543,3486.7255302738095,47.107442000000006,284632.027641,31045.055622617598,113.26215155,99.43273175903614,16.51648750950915,0.28680204159581396,20,64,,True,True,,372,56.69694568066818
141,2026-09-19T05:46:25.901+00:00,2026-09-19T05:51:12.870+00:00,2026-09-19T05:51:17.996+00:00,True,53,53.0,,53.0,286969.270121,292094.78256900003,292094.78244,5511.222310188679,44.328627999999995,286969.270121,39404.72573539872,111.702994,98.56754707692308,18.47806416392259,0.18144795170204756,20,64,,True,True,,210,56.69694568066818
142,2026-09-19T05:46:26.228+00:00,2026-09-19T05:51:14.540+00:00,2026-09-19T05:51:15.205+00:00,True,8,8.0,,8.0,288312.663255,288976.786135,288976.78604100004,36122.098255125005,50.238444,288312.663255,101900.37808104379,187440.64226750002,94.87469714285714,20.11884363286886,0.02768388460193711,20,64,,True,True,,35,56.69694568066818
143,2026-09-19T05:46:26.778+00:00,2026-09-19T05:51:17.728+00:00,2026-09-19T05:51:24.439+00:00,True,68,68.0,,68.0,290949.984842,297661.24065,297661.240601,4377.371185308823,45.930424,290949.984842,35270.72614928842,114.1949295,100.16799713432836,19.090138860279406,0.22844761330534355,20,64,,True,True,,229,56.69694568066818
144,2026-09-19T05:46:27.176+00:00,2026-09-19T05:51:19.476+00:00,2026-09-19T05:51:25.134+00:00,True,58,58.0,,58.0,292300.563033,297958.007641,297958.007551,5137.207026741379,46.499044000000005,292300.563033,38367.916851555565,113.58446235,99.25341417543859,20.16940446714989,0.19465830255477587,20,64,,True,True,,184,56.69694568066818
145,2026-09-19T05:46:27.697+00:00,2026-09-19T05:51:22.858+00:00,2026-09-19T05:51:27.779+00:00,False,51,50.0,,50.0,295161.050195,300081.813587,300081.813764,5883.957132627452,0.04289,295161.050195,41317.03963860357,114.484962,98.41526784,23.440303348455288,0.16662122706581134,20,64,,True,False,Request timeout: 300.0s exceeded,228,56.69694568066818
146,2026-09-19T05:46:28.062+00:00,2026-09-19T05:51:24.925+00:00,2026-09-19T05:51:27.143+00:00,True,23,23.0,,23.0,296863.191268,299081.135588,299081.135678,13003.527638173913,48.331609,296863.191268,61879.23495605829,111.91743029999999,100.8156509090909,16.464893440882197,0.07690220901021223,20,64,,True,True,,74,56.69694568066818
147,2026-09-19T05:46:28.450+00:00,2026-09-19T05:51:27.044+00:00,2026-09-19T05:51:28.513+00:00,False,17,16.0,,16.0,298594.103816,300063.014664,300063.014716,17650.76557152941,0.02091,298594.103816,72397.44731884389,59806.7712168,91.806928,30.86755191891944,0.05332213307900087,20,64,,True,False,Request timeout: 300.0s exceeded,85,56.69694568066818
148,2026-09-19T05:46:28.957+00:00,2026-09-19T05:51:28.953+00:00,2026-09-19T05:51:29.174+00:00,True,3,3.0,,3.0,299995.95064600004,300216.99179800006,300216.99155900005,100072.33051966668,107.130455,299995.95064600004,173138.9338791421,270007.74662720005,110.520576,4.794116094193798,0.009992772168000869,20,64,,True,True,,11,56.69694568066818
149,2026-09-19T05:46:29.412+00:00,2026-09-19T05:51:29.643+00:00,2026-09-19T05:51:29.643+00:00,False,1,0.0,,0.0,300230.94551,300230.94551,300230.94551,300230.94551,300230.94551,300230.94551,nan,300230.94551,nan,nan,0.0,20,64,,True,False,"HTTPConnectionPool(host='gpu03', port=9002): Read timed out.",0,56.69694568066818
150,2026-09-19T05:46:29.808+00:00,2026-09-19T05:51:29.832+00:00,2026-09-19T05:51:29.832+00:00,False,1,0.0,,0.0,300023.567486,300023.567486,300023.567486,300023.567486,300023.567486,300023.567486,nan,300023.567486,nan,nan,0.0,20,64,,True,False,"HTTPConnectionPool(host='gpu03', port=9002): Read timed out.",0,56.69694568066818
151,2026-09-19T05:46:30.200+00:00,2026-09-19T05:51:30.210+00:00,2026-09-19T05:51:30.320+00:00,False,3,2.0,,2.0,300009.76887800003,300119.87985400006,300119.87997500005,100039.95999166668,0.019719999999999998,300009.76887800003,173178.94323060737,270019.8011279,55.055488,77.83234083492769,0.006664003734017701,20,64,,True,False,Request timeout: 300.0s exceeded,4,56.69694568066818
152,2026-09-19T05:46:30.674+00:00,2026-09-19T05:51:30.778+00:00,2026-09-19T05:51:30.778+00:00,False,1,0.0,,0.0,300104.245975,300104.245975,300104.245975,300104.245975,300104.245975,300104.245975,nan,300104.245975,nan,nan,0.0,20,64,,True,False,"HTTPConnectionPool(host='gpu03', port=9002): Read timed out.",0,56.69694568066818
153,2026-09-19T05:46:31.097+00:00,2026-09-19T05:51:30.985+00:00,2026-09-19T05:51:31.207+00:00,False,4,3.0,,3.0,299887.780784,300110.502576,300110.502433,75027.62560825,0.02893,299887.780784,149906.7793026248,254921.40609935002,74.24059733333333,64.27202091084814,0.009996317937058134,20,64,,True,False,Request timeout: 300.0s exceeded,5,56.69694568066818
154,2026-09-19T05:46:31.610+00:00,2026-09-19T05:51:31.310+00:00,2026-09-19T05:51:31.633+00:00,False,6,5.0,,5.0,299700.278351,300023.026511,300023.02642,50003.83773666666,0.030440000000000002,299700.278351,122325.78143801242,224805.29123425,64.549632,47.6327700835673,0.016665387514236945,20,64,,True,False,Request timeout: 300.0s exceeded,8,56.69694568066818
155,2026-09-19T05:46:32.013+00:00,2026-09-19T05:51:32.117+00:00,2026-09-19T05:51:32.117+00:00,False,1,0.0,,0.0,300104.588662,300104.588662,300104.588662,300104.588662,300104.588662,300104.588662,nan,300104.588662,nan,nan,0.0,20,64,,True,False,"HTTPConnectionPool(host='gpu03', port=9002): Read timed out.",0,56.69694568066818
156,2026-09-19T05:46:32.556+00:00,2026-09-19T05:51:32.528+00:00,2026-09-19T05:51:32.667+00:00,False,3,2.0,,2.0,299972.191135,300111.09135899995,300111.091346,100037.03044866666,0.03792,299972.191135,173148.94217711507,269988.8582506,69.450112,98.16334653660728,0.006664198883631238,20,64,,True,False,Request timeout: 300.0s exceeded,8,56.69694568066818
157,2026-09-19T05:46:32.886+00:00,2026-09-19T05:51:32.776+00:00,2026-09-19T05:51:32.913+00:00,False,3,2.0,,2.0,299889.973861,300027.153253,300027.153246,100009.05108199999,0.05442,299889.973861,173101.9704258793,269914.6889714,68.589696,96.92336408511855,0.0066660633156542535,20,64,,True,False,Request timeout: 300.0s exceeded,8,56.69694568066818
158,2026-09-19T05:46:33.233+00:00,2026-09-19T05:51:33.141+00:00,2026-09-19T05:51:33.331+00:00,False,4,3.0,,3.0,299907.81656699994,300097.7941669999,300097.7942509999,75024.44856274998,0.020730000000000002,299907.81656699994,149922.25208802783,254936.72742779995,63.32586666666666,55.106792567727524,0.009996741256720286,20,64,,True,False,Request timeout: 300.0s exceeded,5,56.69694568066818
159,2026-09-19T05:46:33.661+00:00,2026-09-19T05:51:33.690+00:00,2026-09-19T05:51:33.690+00:00,False,1,0.0,,0.0,300028.85295,300028.85295,300028.85295,300028.85295,300028.85295,300028.85295,nan,300028.85295,nan,nan,0.0,20,64,,True,False,"HTTPConnectionPool(host='gpu03', port=9002): Read timed out.",0,56.69694568066818
160,2026-09-19T05:46:34.096+00:00,2026-09-19T05:51:34.140+00:00,2026-09-19T05:51:34.140+00:00,False,1,0.0,,0.0,300043.702958,300043.702958,300043.702958,300043.702958,300043.702958,300043.702958,nan,300043.702958,nan,nan,0.0,20,64,,True,False,TTFT timeout: 300.0s exceeded (TTFT: 300.038s),0,56.69694568066818
161,2026-09-19T05:46:34.561+00:00,2026-09-19T05:51:34.405+00:00,2026-09-19T05:51:34.658+00:00,False,4,3.0,,3.0,299844.21357,300096.903746,300096.90368000005,75024.22592000001,0.04929,299844.21357,149880.00410803972,254888.82599910002,84.23005866666666,74.49293750772709,0.009996770918167086,20,64,,True,False,Request timeout: 300.0s exceeded,10,56.69694568066818
162,2026-09-19T05:46:34.919+00:00,2026-09-19T05:51:34.656+00:00,2026-09-19T05:51:34.852+00:00,True,3,3.0,,3.0,299737.049214,299933.259902,299933.259993,99977.753331,92.007288,299737.049214,172996.62498424875,269773.7646417,98.105344,8.624123204938112,0.01000222516495909,20,64,,True,True,,18,56.69694568066818
163,2026-09-19T05:46:35.270+00:00,2026-09-19T05:51:35.319+00:00,2026-09-19T05:51:35.319+00:00,False,1,0.0,,0.0,300048.699816,300048.699816,300048.699816,300048.699816,300048.699816,300048.699816,nan,300048.699816,nan,nan,0.0,20,64,,True,False,"HTTPConnectionPool(host='gpu03', port=9002): Read timed out.",0,56.69694568066818
164,2026-09-19T05:46:35.615+00:00,2026-09-19T05:51:35.676+00:00,2026-09-19T05:51:35.676+00:00,False,1,0.0,,0.0,300061.655924,300061.655924,300061.655924,300061.655924,300061.655924,300061.655924,nan,300061.655924,nan,nan,0.0,20,64,,True,False,"HTTPConnectionPool(host='gpu03', port=9002): Read timed out.",0,56.69694568066818
165,2026-09-19T05:46:35.981+00:00,2026-09-19T05:51:35.891+00:00,2026-09-19T05:51:36.014+00:00,False,3,2.0,,2.0,299910.00398000004,300032.71348400007,300032.71349800006,100010.90449933335,0.06056,299910.00398000004,173117.70919482774,269931.26847780007,61.354752,86.68291922918148,0.006665939779618914,20,64,,True,False,Request timeout: 300.0s exceeded,4,56.69694568066818
166,2026-09-19T05:46:36.527+00:00,2026-09-19T05:51:36.555+00:00,2026-09-19T05:51:36.555+00:00,False,1,0.0,,0.0,300028.005356,300028.005356,300028.005356,300028.005356,300028.005356,300028.005356,nan,300028.005356,nan,nan,0.0,20,64,,True,False,TTFT timeout: 300.0s exceeded (TTFT: 300.022s),0,56.69694568066818
167,2026-09-19T05:46:36.898+00:00,2026-09-19T05:51:36.992+00:00,2026-09-19T05:51:36.992+00:00,False,1,0.0,,0.0,300094.048624,300094.048624,300094.048624,300094.048624,300094.048624,300094.048624,nan,300094.048624,nan,nan,0.0,20,64,,True,False,"HTTPConnectionPool(host='gpu03', port=9002): Read timed out.",0,56.69694568066818
168,2026-09-19T05:46:37.740+00:00,2026-09-19T05:51:37.566+00:00,2026-09-19T05:51:37.995+00:00,False,6,5.0,,5.0,299826.110931,300255.07477099996,300255.074837,50042.51247283333,0.026449999999999998,299826.110931,122368.48008289395,224897.67240624997,85.792768,48.2663174309764,0.016652507884549247,20,64,,True,False,Request timeout: 300.0s exceeded,21,56.69694568066818
169,2026-09-19T05:46:37.810+00:00,2026-09-19T05:51:37.789+00:00,2026-09-19T05:51:37.996+00:00,False,4,3.0,,3.0,299978.481715,300185.878579,300185.878379,75046.46959475,0.043340000000000004,299978.481715,149954.6827690798,254998.06824474997,69.132288,60.07418843615711,0.009993807883972427,20,64,,True,False,Request timeout: 300.0s exceeded,10,56.69694568066818
170,2026-09-19T05:46:38.220+00:00,2026-09-19T05:51:38.328+00:00,2026-09-19T05:51:38.328+00:00,False,1,0.0,,0.0,300108.02841900004,300108.02841900004,300108.02841900004,300108.02841900004,300108.02841900004,300108.02841900004,nan,300108.02841900004,nan,nan,0.0,20,64,,True,False,"HTTPConnectionPool(host='gpu03', port=9002): Read timed out.",0,56.69694568066818
171,2026-09-19T05:46:38.563+00:00,2026-09-19T05:51:38.825+00:00,2026-09-19T05:51:39.426+00:00,False,7,6.0,,6.0,300261.900732,300862.833084,300862.83314400003,42980.40473485715,0.022879999999999998,300261.900732,113450.49119361104,210240.05881319998,100.155392,64.54896888311804,0.019942642760147174,20,64,,True,False,Request timeout: 300.0s exceeded,27,56.69694568066818
172,2026-09-19T05:46:39.062+00:00,2026-09-19T05:51:39.355+00:00,2026-09-19T05:51:39.525+00:00,False,5,4.0,,4.0,300293.78986400005,300463.52964,300463.5295250001,60092.70590500001,0.02494,300293.78986400005,134276.4904979163,240249.04839100002,42.434944,29.904933999154053,0.013312763797964413,20,64,,True,False,Request timeout: 300.0s exceeded,17,56.69694568066818
173,2026-09-19T05:46:39.562+00:00,2026-09-19T05:51:39.614+00:00,2026-09-19T05:51:39.614+00:00,False,1,0.0,,0.0,300052.086345,300052.086345,300052.086345,300052.086345,300052.086345,300052.086345,nan,300052.086345,nan,nan,0.0,20,64,,True,False,"HTTPConnectionPool(host='gpu03', port=9002): Read timed out.",0,56.69694568066818
174,2026-09-19T05:46:39.988+00:00,2026-09-19T05:51:40.031+00:00,2026-09-19T05:51:40.031+00:00,False,1,0.0,,0.0,300043.340347,300043.340347,300043.340347,300043.340347,300043.340347,300043.340347,nan,300043.340347,nan,nan,0.0,20,64,,True,False,"HTTPConnectionPool(host='gpu03', port=9002): Read timed out.",0,56.69694568066818
175,2026-09-19T05:46:40.550+00:00,2026-09-19T05:51:40.659+00:00,2026-09-19T05:51:40.659+00:00,False,1,0.0,,0.0,300108.738875,300108.738875,300108.738875,300108.738875,300108.738875,300108.738875,nan,300108.738875,nan,nan,0.0,20,64,,True,False,"HTTPConnectionPool(host='gpu03', port=9002): Read timed out.",0,56.69694568066818
176,2026-09-19T05:46:41.019+00:00,2026-09-19T05:51:40.952+00:00,2026-09-19T05:51:41.079+00:00,False,3,2.0,,2.0,299932.96289200004,300060.27271600004,300060.27270000003,100020.09090000001,0.09874,299932.96289200004,173129.63735436322,269952.38770960004,63.654912,89.88189293468642,0.006665327542020042,20,64,,True,False,Request timeout: 300.0s exceeded,4,56.69694568066818
177,2026-09-19T05:46:41.345+00:00,2026-09-19T05:51:41.081+00:00,2026-09-19T05:51:41.420+00:00,False,6,5.0,,5.0,299735.550852,300074.579588,300074.579604,50012.429934,0.08653,299735.550852,122338.85074936923,224826.68538150002,67.8057472,43.2092327071265,0.01666252438598751,20,64,,True,False,Request timeout: 300.0s exceeded,19,56.69694568066818
178,2026-09-19T05:46:41.907+00:00,2026-09-19T05:51:41.955+00:00,2026-09-19T05:51:41.955+00:00,False,1,0.0,,0.0,300047.804804,300047.804804,300047.804804,300047.804804,300047.804804,300047.804804,nan,300047.804804,nan,nan,0.0,20,64,,True,False,"HTTPConnectionPool(host='gpu03', port=9002): Read timed out.",0,56.69694568066818
179,2026-09-19T05:46:42.248+00:00,2026-09-19T05:51:42.354+00:00,2026-09-19T05:51:42.354+00:00,False,1,0.0,,0.0,300105.766258,300105.766258,300105.766258,300105.766258,300105.766258,300105.766258,nan,300105.766258,nan,nan,0.0,20,64,,True,False,"HTTPConnectionPool(host='gpu03', port=9002): Read timed out.",0,56.69694568066818
180,2026-09-19T05:46:42.835+00:00,2026-09-19T05:51:42.684+00:00,2026-09-19T05:51:42.922+00:00,False,4,3.0,,3.0,299849.147286,300086.933654,300086.933801,75021.73345025,0.02443,299849.147286,149884.95331866198,254891.31757125002,79.26212266666667,69.56267384415287,0.009997103051007872,20,64,,True,False,Request timeout: 300.0s exceeded,11,56.69694568066818
181,2026-09-19T05:46:43.306+00:00,2026-09-19T05:51:43.138+00:00,2026-09-19T05:51:43.345+00:00,False,4,3.0,,3.0,299831.387971,300038.405699,300038.40559599997,75009.60139899999,0.0433,299831.387971,149881.19899205843,254872.54217304997,69.00590933333334,59.76623388779257,0.00999871997390099,20,64,,True,False,Request timeout: 300.0s exceeded,10,56.69694568066818
182,2026-09-19T05:46:43.856+00:00,2026-09-19T05:51:43.945+00:00,2026-09-19T05:51:43.945+00:00,False,1,0.0,,0.0,300088.614308,300088.614308,300088.614308,300088.614308,300088.614308,300088.614308,nan,300088.614308,nan,nan,0.0,20,64,,True,False,"HTTPConnectionPool(host='gpu03', port=9002): Read timed out.",0,56.69694568066818
183,2026-09-19T05:46:44.354+00:00,2026-09-19T05:51:44.351+00:00,2026-09-19T05:51:44.481+00:00,False,3,2.0,,2.0,299996.46569599997,300127.00419199996,300127.004186,100042.33472866665,0.03573,299996.46569599997,173165.36929648372,270009.8694024,65.269248,92.25397031341755,0.006663845545602894,20,64,,True,False,Request timeout: 300.0s exceeded,4,56.69694568066818
184,2026-09-19T05:46:44.929+00:00,2026-09-19T05:51:44.629+00:00,2026-09-19T05:51:44.991+00:00,False,6,5.0,,5.0,299699.170958,300061.264014,300061.264166,50010.210694333335,0.108429,299699.170958,122322.11647498605,224801.762908,72.4186112,46.47997951396781,0.016663263805243165,20,64,,True,False,Request timeout: 300.0s exceeded,15,56.69694568066818
185,2026-09-19T05:46:45.320+00:00,2026-09-19T05:51:45.370+00:00,2026-09-19T05:51:45.370+00:00,False,1,0.0,,0.0,300050.398992,300050.398992,300050.398992,300050.398992,300050.398992,300050.398992,nan,300050.398992,nan,nan,0.0,20,64,,True,False,"HTTPConnectionPool(host='gpu03', port=9002): Read timed out.",0,56.69694568066818
186,2026-09-19T05:46:45.793+00:00,2026-09-19T05:51:45.865+00:00,2026-09-19T05:51:45.865+00:00,False,1,0.0,,0.0,300072.02339700004,300072.02339700004,300072.02339700004,300072.02339700004,300072.02339700004,300072.02339700004,nan,300072.02339700004,nan,nan,0.0,20,64,,True,False,TTFT timeout: 300.0s exceeded (TTFT: 300.067s),0,56.69694568066818
187,2026-09-19T05:46:46.296+00:00,2026-09-19T05:51:46.173+00:00,2026-09-19T05:51:46.391+00:00,False,4,3.0,,3.0,299877.0712,300095.44662400003,300095.446688,75023.861672,0.020579999999999998,299877.0712,149902.14851866287,254912.00937355,72.791808,63.027084676677596,0.009996819457773393,20,64,,True,False,Request timeout: 300.0s exceeded,12,56.69694568066818
188,2026-09-19T05:46:46.700+00:00,2026-09-19T05:51:46.391+00:00,2026-09-19T05:51:46.787+00:00,False,6,5.0,,5.0,299691.551425,300087.286977,300087.28692600003,50014.547821,0.039670000000000004,299691.551425,122316.25829776074,224794.56652175,79.1471104,44.343584242772764,0.01666181880068522,20,64,,True,False,Request timeout: 300.0s exceeded,23,56.69694568066818
189,2026-09-19T05:46:47.253+00:00,2026-09-19T05:51:47.322+00:00,2026-09-19T05:51:47.322+00:00,False,1,0.0,,0.0,300069.011417,300069.011417,300069.011417,300069.011417,300069.011417,300069.011417,nan,300069.011417,nan,nan,0.0,20,64,,True,False,"HTTPConnectionPool(host='gpu03', port=9002): Read timed out.",0,56.69694568066818
190,2026-09-19T05:46:47.736+00:00,2026-09-19T05:51:47.678+00:00,2026-09-19T05:51:47.825+00:00,False,3,2.0,,2.0,299942.41713200003,300089.65911600005,300089.65925400006,100029.88641800001,0.054869999999999995,299942.41713200003,173129.34576304926,269962.894144,73.620992,104.03832908596009,0.006664674837152243,20,64,,True,False,Request timeout: 300.0s exceeded,4,56.69694568066818
191,2026-09-19T05:46:48.232+00:00,2026-09-19T05:51:48.065+00:00,2026-09-19T05:51:48.263+00:00,False,4,3.0,,3.0,299833.503108,300030.842244,300030.842165,75007.71054125,0.01989,299833.503108,149883.86892909888,254873.50365479998,65.779712,56.96972284176162,0.009998972030882914,20,64,,True,False,Request timeout: 300.0s exceeded,10,56.69694568066818
192,2026-09-19T05:46:48.631+00:00,2026-09-19T05:51:48.736+00:00,2026-09-19T05:51:48.736+00:00,False,1,0.0,,0.0,300105.244664,300105.244664,300105.244664,300105.244664,300105.244664,300105.244664,nan,300105.244664,nan,nan,0.0,20,64,,True,False,"HTTPConnectionPool(host='gpu03', port=9002): Read timed out.",0,56.69694568066818
193,2026-09-19T05:46:49.017+00:00,2026-09-19T05:51:49.087+00:00,2026-09-19T05:51:49.087+00:00,False,1,0.0,,0.0,300070.228302,300070.228302,300070.228302,300070.228302,300070.228302,300070.228302,nan,300070.228302,nan,nan,0.0,20,64,,True,False,"HTTPConnectionPool(host='gpu03', port=9002): Read timed out.",0,56.69694568066818
194,2026-09-19T05:46:49.570+00:00,2026-09-19T05:51:49.393+00:00,2026-09-19T05:51:49.655+00:00,False,4,3.0,,3.0,299822.44641900004,300084.88328300003,300084.88337500003,75021.22084375001,0.03635,299822.44641900004,149867.4964778959,254869.00799475002,87.47895466666667,75.74563231556114,0.009997171357581516,20,64,,True,False,Request timeout: 300.0s exceeded,12,56.69694568066818
195,2026-09-19T05:46:49.895+00:00,2026-09-19T05:51:49.656+00:00,2026-09-19T05:51:49.910+00:00,False,5,4.0,,4.0,299761.28054400004,300014.829344,300014.82937100006,60002.96587420001,0.04818,299761.28054400004,134028.97991001734,239832.05635260002,63.3872,51.65994520595757,0.013332674283955343,20,64,,True,False,Request timeout: 300.0s exceeded,10,56.69694568066818
196,2026-09-19T05:46:50.324+00:00,2026-09-19T05:51:50.413+00:00,2026-09-19T05:51:50.413+00:00,False,1,0.0,,0.0,300088.7773,300088.7773,300088.7773,300088.7773,300088.7773,300088.7773,nan,300088.7773,nan,nan,0.0,20,64,,True,False,"HTTPConnectionPool(host='gpu03', port=9002): Read timed out.",0,56.69694568066818
197,2026-09-19T05:46:50.838+00:00,2026-09-19T05:51:50.999+00:00,2026-09-19T05:51:51.565+00:00,False,7,6.0,,6.0,300161.250306,300727.880194,300727.880363,42961.12576614286,0.036969,300161.250306,113414.60346708729,210157.39628040002,94.43831466666667,49.53864167536718,0.01995159210422855,20,64,,True,False,Request timeout: 300.0s exceeded,31,56.69694568066818
198,2026-09-19T05:46:51.166+00:00,2026-09-19T05:51:51.255+00:00,2026-09-19T05:51:51.567+00:00,False,5,4.0,,4.0,300089.196697,300401.47496900003,300401.474859,60080.2949718,0.02427,300089.196697,134169.06246767467,240093.08784219998,78.069568,52.15248199752312,0.013315513848301777,20,64,,True,False,Request timeout: 300.0s exceeded,9,56.69694568066818
199,2026-09-19T05:46:51.596+00:00,2026-09-19T05:51:51.635+00:00,2026-09-19T05:51:51.635+00:00,False,1,0.0,,0.0,300039.70602999994,300039.70602999994,300039.70602999994,300039.70602999994,300039.70602999994,300039.70602999994,nan,300039.70602999994,nan,nan,0.0,20,64,,True,False,"HTTPConnectionPool(host='gpu03', port=9002): Read timed out.",0,56.69694568066818
200,2026-09-19T05:46:51.987+00:00,2026-09-19T05:51:52.007+00:00,2026-09-19T05:51:52.007+00:00,False,1,0.0,,0.0,300020.21530599997,300020.21530599997,300020.21530599997,300020.21530599997,300020.21530599997,300020.21530599997,nan,300020.21530599997,nan,nan,0.0,20,64,,True,False,"HTTPConnectionPool(host='gpu03', port=9002): Read timed out.",0,56.69694568066818
201,2026-09-19T05:46:52.556+00:00,2026-09-19T05:51:52.662+00:00,2026-09-19T05:51:52.662+00:00,False,1,0.0,,0.0,300105.966541,300105.966541,300105.966541,300105.966541,300105.966541,300105.966541,nan,300105.966541,nan,nan,0.0,20,64,,True,False,"HTTPConnectionPool(host='gpu03', port=9002): Read timed out.",0,56.69694568066818
202,2026-09-19T05:46:53.040+00:00,2026-09-19T05:51:52.991+00:00,2026-09-19T05:51:53.071+00:00,False,3,2.0,,2.0,299951.777686,300031.489174,300031.48913,100010.49637666666,0.02286,299951.777686,173154.23346072243,269964.5687758,39.855744,56.33195022279303,0.006665966980686223,20,64,,True,False,Request timeout: 300.0s exceeded,4,56.69694568066818
203,2026-09-19T05:46:53.448+00:00,2026-09-19T05:51:53.071+00:00,2026-09-19T05:51:53.475+00:00,False,6,5.0,,5.0,299622.56816900003,300026.450665,300026.45061600005,50004.408436000005,0.03678,299622.56816900003,122287.43106590763,224742.92441275006,80.7764992,45.225250148608474,0.01666519731482889,20,64,,True,False,Request timeout: 300.0s exceeded,14,56.69694568066818
204,2026-09-19T05:46:53.775+00:00,2026-09-19T05:51:53.577+00:00,2026-09-19T05:51:53.833+00:00,False,5,4.0,,4.0,299801.472894,300057.13011,300057.130335,60011.426067,0.037929000000000004,299801.472894,134046.71834079723,239862.01781,63.914304,50.316121027488855,0.013330794700774525,20,64,,True,False,Request timeout: 300.0s exceeded,22,56.69694568066818
205,2026-09-19T05:46:54.192+00:00,2026-09-19T05:51:54.286+00:00,2026-09-19T05:51:54.286+00:00,False,1,0.0,,0.0,300093.86361799994,300093.86361799994,300093.86361799994,300093.86361799994,300093.86361799994,300093.86361799994,nan,300093.86361799994,nan,nan,0.0,20,64,,True,False,TTFT timeout: 300.0s exceeded (TTFT: 300.088s),0,56.69694568066818
206,2026-09-19T05:46:54.693+00:00,2026-09-19T05:51:54.645+00:00,2026-09-19T05:51:54.778+00:00,False,3,2.0,,2.0,299951.992192,300085.19897599996,300085.198934,100028.39964466666,0.051849,299951.992192,173138.922752451,269970.1084621,66.603392,94.1179264160423,0.006664773893629972,20,64,,True,False,Request timeout: 300.0s exceeded,7,56.69694568066818
207,2026-09-19T05:46:55.679+00:00,2026-09-19T05:51:54.883+00:00,2026-09-19T05:51:55.273+00:00,True,5,5.0,,5.0,299204.44918,299593.790108,299593.789993,59918.7579986,47.707893,299204.44918,133764.77133546674,239389.61818999998,97.335232,35.102330043030406,0.01668926448107472,20,64,,True,True,,15,56.69694568066818
208,2026-09-19T05:46:55.746+00:00,2026-09-19T05:51:56.023+00:00,2026-09-19T05:51:56.023+00:00,False,1,0.0,,0.0,300276.99438700004,300276.99438700004,300276.99438700004,300276.99438700004,300276.99438700004,300276.99438700004,nan,300276.99438700004,nan,nan,0.0,20,64,,True,False,TTFT timeout: 300.0s exceeded (TTFT: 300.062s),0,56.69694568066818
209,2026-09-19T05:46:55.997+00:00,2026-09-19T05:51:56.105+00:00,2026-09-19T05:51:56.105+00:00,False,1,0.0,,0.0,300108.483363,300108.483363,300108.483363,300108.483363,300108.483363,300108.483363,nan,300108.483363,nan,nan,0.0,20,64,,True,False,"HTTPConnectionPool(host='gpu03', port=9002): Read timed out.",0,56.69694568066818
210,2026-09-19T05:46:56.519+00:00,2026-09-19T05:51:56.546+00:00,2026-09-19T05:51:56.546+00:00,False,1,0.0,,0.0,300026.599956,300026.599956,300026.599956,300026.599956,300026.599956,300026.599956,nan,300026.599956,nan,nan,0.0,20,64,,True,False,"HTTPConnectionPool(host='gpu03', port=9002): Read timed out.",0,56.69694568066818
211,2026-09-19T05:46:57.078+00:00,2026-09-19T05:51:57.184+00:00,2026-09-19T05:51:57.184+00:00,False,1,0.0,,0.0,300105.88727899996,300105.88727899996,300105.88727899996,300105.88727899996,300105.88727899996,300105.88727899996,nan,300105.88727899996,nan,nan,0.0,20,64,,True,False,"HTTPConnectionPool(host='gpu03', port=9002): Read timed out.",0,56.69694568066818
212,2026-09-19T05:46:57.666+00:00,2026-09-19T05:51:57.411+00:00,2026-09-19T05:51:57.712+00:00,False,5,4.0,,4.0,299744.807321,300045.55637699994,300045.556352,60009.1112704,0.040109,299744.807321,134016.33528860574,239816.50369619994,75.187264,50.151947236026906,0.013331308912884206,20,64,,True,False,Request timeout: 300.0s exceeded,22,56.69694568066818
213,2026-09-19T05:46:58.236+00:00,2026-09-19T05:51:58.311+00:00,2026-09-19T05:51:58.311+00:00,False,1,0.0,,0.0,300074.524026,300074.524026,300074.524026,300074.524026,300074.524026,300074.524026,nan,300074.524026,nan,nan,0.0,20,64,,True,False,"HTTPConnectionPool(host='gpu03', port=9002): Read timed out.",0,56.69694568066818
214,2026-09-19T05:46:58.727+00:00,2026-09-19T05:51:58.794+00:00,2026-09-19T05:51:58.794+00:00,False,1,0.0,,0.0,300067.36852899997,300067.36852899997,300067.36852899997,300067.36852899997,300067.36852899997,300067.36852899997,nan,300067.36852899997,nan,nan,0.0,20,64,,True,False,TTFT timeout: 300.0s exceeded (TTFT: 300.062s),0,56.69694568066818
215,2026-09-19T05:46:59.105+00:00,2026-09-19T05:51:59.076+00:00,2026-09-19T05:51:59.201+00:00,False,3,2.0,,2.0,299971.456112,300096.67748799996,300096.67750499997,100032.22583499999,0.03768,299971.456112,173152.46393915918,269986.8288721,62.610688,88.49166443433117,0.006664518970157457,20,64,,True,False,Request timeout: 300.0s exceeded,9,56.69694568066818
216,2026-09-19T05:46:59.453+00:00,2026-09-19T05:51:59.310+00:00,2026-09-19T05:51:59.521+00:00,False,4,3.0,,3.0,299857.50402399997,300067.77346399997,300067.77343799995,75016.94335949999,0.06335,299857.50402399997,149893.71550753555,254896.13322444996,70.08981333333332,61.45202574593554,0.009997741394778333,20,64,,True,False,Request timeout: 300.0s exceeded,13,56.69694568066818
217,2026-09-19T05:46:59.929+00:00,2026-09-19T05:51:59.949+00:00,2026-09-19T05:51:59.949+00:00,False,1,0.0,,0.0,300019.928973,300019.928973,300019.928973,300019.928973,300019.928973,300019.928973,nan,300019.928973,nan,nan,0.0,20,64,,True,False,"HTTPConnectionPool(host='gpu03', port=9002): Read timed out.",0,56.69694568066818
218,2026-09-19T05:47:00.255+00:00,2026-09-19T05:52:00.319+00:00,2026-09-19T05:52:00.319+00:00,False,1,0.0,,0.0,300064.209737,300064.209737,300064.209737,300064.209737,300064.209737,300064.209737,nan,300064.209737,nan,nan,0.0,20,64,,True,False,TTFT timeout: 300.0s exceeded (TTFT: 300.054s),0,56.69694568066818
219,2026-09-19T05:47:00.607+00:00,2026-09-19T05:52:00.556+00:00,2026-09-19T05:52:00.663+00:00,False,3,2.0,,2.0,299948.964311,300056.46075900004,300056.460937,100018.82031233334,0.03797,299948.964311,173144.5920157388,269964.8137455,53.748224,75.9578856108159,0.006665412219223514,20,64,,True,False,Request timeout: 300.0s exceeded,4,56.69694568066818
220,2026-09-19T05:47:01.128+00:00,2026-09-19T05:52:01.018+00:00,2026-09-19T05:52:01.245+00:00,False,4,3.0,,3.0,299889.31985,300116.33194600005,300116.332102,75029.0830255,0.05571,299889.31985,149906.8340871828,254923.09290785005,75.67069866666667,65.49220363305902,0.009996123771563989,20,64,,True,False,Request timeout: 300.0s exceeded,10,56.69694568066818
221,2026-09-19T05:47:01.464+00:00,2026-09-19T05:52:01.571+00:00,2026-09-19T05:52:01.571+00:00,False,1,0.0,,0.0,300107.572097,300107.572097,300107.572097,300107.572097,300107.572097,300107.572097,nan,300107.572097,nan,nan,0.0,20,64,,True,False,"HTTPConnectionPool(host='gpu03', port=9002): Read timed out.",0,56.69694568066818
222,2026-09-19T05:47:01.912+00:00,2026-09-19T05:52:02.024+00:00,2026-09-19T05:52:02.024+00:00,False,1,0.0,,0.0,300112.04478600004,300112.04478600004,300112.04478600004,300112.04478600004,300112.04478600004,300112.04478600004,nan,300112.04478600004,nan,nan,0.0,20,64,,True,False,"HTTPConnectionPool(host='gpu03', port=9002): Read timed out.",0,56.69694568066818
223,2026-09-19T05:47:02.482+00:00,2026-09-19T05:52:02.335+00:00,2026-09-19T05:52:02.598+00:00,False,4,3.0,,3.0,299852.45066100004,300115.293797,300115.29361500003,75028.82340375001,0.02826,299852.45066100004,149882.4310106199,254894.95802340005,87.61437866666667,75.98067326968767,0.009996158349828118,20,64,,True,False,Request timeout: 300.0s exceeded,6,56.69694568066818
224,2026-09-19T05:47:02.977+00:00,2026-09-19T05:52:02.598+00:00,2026-09-19T05:52:02.994+00:00,False,8,7.0,,7.0,299620.516505,300016.787097,300016.78720200004,37502.098400250004,0.02664,299620.516505,105911.83946499144,194790.82817835,56.61008457142857,33.920786818443815,0.02333202774329022,20,64,,True,False,Request timeout: 300.0s exceeded,29,56.69694568066818
225,2026-09-19T05:47:03.501+00:00,2026-09-19T05:52:03.614+00:00,2026-09-19T05:52:03.614+00:00,False,1,0.0,,0.0,300112.928518,300112.928518,300112.928518,300112.928518,300112.928518,300112.928518,nan,300112.928518,nan,nan,0.0,20,64,,True,False,"HTTPConnectionPool(host='gpu03', port=9002): Read timed out.",0,56.69694568066818
226,2026-09-19T05:47:04.020+00:00,2026-09-19T05:52:04.080+00:00,2026-09-19T05:52:05.050+00:00,False,11,10.0,,10.0,300060.688029,301030.540445,301030.540505,27366.41277318182,0.024039,300060.688029,90442.46553793976,150093.852473,96.9852416,35.26532377654169,0.03321922083127329,20,64,,True,False,Request timeout: 300.0s exceeded,36,56.69694568066818
227,2026-09-19T05:47:04.370+00:00,2026-09-19T05:52:04.210+00:00,2026-09-19T05:52:05.150+00:00,False,11,10.0,,10.0,299839.747792,300779.459024,300779.459174,27343.587197636363,0.02189,299839.747792,90376.75773943878,149979.39329,93.97112320000001,33.50359663167037,0.03324695121285551,20,64,,True,False,Request timeout: 300.0s exceeded,40,56.69694568066818
228,2026-09-19T05:47:04.869+00:00,2026-09-19T05:52:04.839+00:00,2026-09-19T05:52:05.253+00:00,False,6,5.0,,5.0,299970.698346,300384.031082,300384.030971,50064.00516183333,0.08004,299970.698346,122428.78332639002,225005.32139224999,82.6665472,46.303332184915284,0.016645358882726627,20,64,,True,False,Request timeout: 300.0s exceeded,15,56.69694568066818
229,2026-09-19T05:47:05.273+00:00,2026-09-19T05:52:05.300+00:00,2026-09-19T05:52:05.300+00:00,False,1,0.0,,0.0,300027.24365200003,300027.24365200003,300027.24365200003,300027.24365200003,300027.24365200003,300027.24365200003,nan,300027.24365200003,nan,nan,0.0,20,64,,True,False,"HTTPConnectionPool(host='gpu03', port=9002): Read timed out.",0,56.69694568066818
230,2026-09-19T05:47:05.761+00:00,2026-09-19T05:52:05.812+00:00,2026-09-19T05:52:05.812+00:00,False,1,0.0,,0.0,300050.68007,300050.68007,300050.68007,300050.68007,300050.68007,300050.68007,nan,300050.68007,nan,nan,0.0,20,64,,True,False,"HTTPConnectionPool(host='gpu03', port=9002): Read timed out.",0,56.69694568066818
231,2026-09-19T05:47:06.313+00:00,2026-09-19T05:52:06.344+00:00,2026-09-19T05:52:06.344+00:00,False,1,0.0,,0.0,300031.281386,300031.281386,300031.281386,300031.281386,300031.281386,300031.281386,nan,300031.281386,nan,nan,0.0,20,64,,True,False,TTFT timeout: 300.0s exceeded (TTFT: 300.024s),0,56.69694568066818
232,2026-09-19T05:47:06.657+00:00,2026-09-19T05:52:06.548+00:00,2026-09-19T05:52:06.744+00:00,False,4,3.0,,3.0,299891.404461,300087.231917,300087.23195,75021.8079875,0.02019,299891.404461,149913.0714191439,254922.52845989997,65.27581866666667,56.52174455819216,0.009997093114677263,20,64,,True,False,Request timeout: 300.0s exceeded,8,56.69694568066818
233,2026-09-19T05:47:07.121+00:00,2026-09-19T05:52:06.646+00:00,2026-09-19T05:52:06.646+00:00,True,1,1.0,,1.0,299524.336061,299524.336061,299524.336061,299524.336061,299524.336061,299524.336061,nan,299524.336061,nan,nan,0.0033386268813774913,20,64,,True,True,,2,56.69694568066818
234,2026-09-19T05:47:07.691+00:00,2026-09-19T05:52:07.787+00:00,2026-09-19T05:52:07.787+00:00,False,1,0.0,,0.0,300095.68766399997,300095.68766399997,300095.68766399997,300095.68766399997,300095.68766399997,300095.68766399997,nan,300095.68766399997,nan,nan,0.0,20,64,,True,False,"HTTPConnectionPool(host='gpu03', port=9002): Read timed out.",0,56.69694568066818
235,2026-09-19T05:47:08.181+00:00,2026-09-19T05:52:08.129+00:00,2026-09-19T05:52:08.270+00:00,False,3,2.0,,2.0,299947.925402,300088.86057,300088.860797,100029.62026566667,0.02657,299947.925402,173134.34525936935,269967.2237443,70.467584,99.61892301725265,0.006664692572063906,20,64,,True,False,Request timeout: 300.0s exceeded,3,56.69694568066818
236,2026-09-19T05:47:08.770+00:00,2026-09-19T05:52:08.509+00:00,2026-09-19T05:52:08.864+00:00,False,6,5.0,,5.0,299739.663588,300094.283236,300094.283177,50015.713862833334,0.05943,299739.663588,122339.25759576636,224831.55531774997,70.9239296,46.00494276163792,0.01666143035476588,20,64,,True,False,Request timeout: 300.0s exceeded,21,56.69694568066818
237,2026-09-19T05:47:09.228+00:00,2026-09-19T05:52:09.291+00:00,2026-09-19T05:52:09.291+00:00,False,1,0.0,,0.0,300062.60531300004,300062.60531300004,300062.60531300004,300062.60531300004,300062.60531300004,300062.60531300004,nan,300062.60531300004,nan,nan,0.0,20,64,,True,False,"HTTPConnectionPool(host='gpu03', port=9002): Read timed out.",0,56.69694568066818
238,2026-09-19T05:47:09.744+00:00,2026-09-19T05:52:09.730+00:00,2026-09-19T05:52:09.862+00:00,False,3,2.0,,2.0,299986.502942,300118.533662,300118.53360799997,100039.51120266666,0.067,299986.502942,173159.1868148768,270001.0490144,66.01536,93.26496330488683,0.006664033625635542,20,64,,True,False,Request timeout: 300.0s exceeded,4,56.69694568066818
239,2026-09-19T05:47:10.311+00:00,2026-09-19T05:52:10.103+00:00,2026-09-19T05:52:10.405+00:00,True,4,4.0,,4.0,299792.573766,300094.19834199996,300094.198155,75023.54953875,99.810114,299792.573766,149846.0161523962,254838.82999589999,100.54152533333333,0.6346044477289245,0.013329148054509977,20,64,,True,True,,16,56.69694568066818
240,2026-09-19T05:47:10.764+00:00,2026-09-19T05:52:10.869+00:00,2026-09-19T05:52:10.869+00:00,False,1,0.0,,0.0,300104.717199,300104.717199,300104.717199,300104.717199,300104.717199,300104.717199,nan,300104.717199,nan,nan,0.0,20,64,,True,False,"HTTPConnectionPool(host='gpu03', port=9002): Read timed out.",0,56.69694568066818
241,2026-09-19T05:47:11.328+00:00,2026-09-19T05:52:11.358+00:00,2026-09-19T05:52:11.358+00:00,False,1,0.0,,0.0,300029.508751,300029.508751,300029.508751,300029.508751,300029.508751,300029.508751,nan,300029.508751,nan,nan,0.0,20,64,,True,False,TTFT timeout: 300.0s exceeded (TTFT: 300.023s),0,56.69694568066818
242,2026-09-19T05:47:11.717+00:00,2026-09-19T05:52:11.507+00:00,2026-09-19T05:52:11.732+00:00,False,4,3.0,,3.0,299790.19227600005,300015.100052,300015.10000300006,75003.77500075001,0.02174,299790.19227600005,149857.62129543867,254840.56098210003,74.96925866666668,66.30382491767875,0.009999496690266675,20,64,,True,False,Request timeout: 300.0s exceeded,11,56.69694568066818
243,2026-09-19T05:47:12.035+00:00,2026-09-19T05:52:11.731+00:00,2026-09-19T05:52:12.128+00:00,False,6,5.0,,5.0,299695.871613,300092.661629,300092.661508,50015.44358466667,0.05312,299695.871613,122317.93592815658,224797.29258224997,79.3580032,44.384988835367515,0.016661520387930794,20,64,,True,False,Request timeout: 300.0s exceeded,23,56.69694568066818
244,2026-09-19T05:47:12.598+00:00,2026-09-19T05:52:12.653+00:00,2026-09-19T05:52:12.653+00:00,False,1,0.0,,0.0,300055.410036,300055.410036,300055.410036,300055.410036,300055.410036,300055.410036,nan,300055.410036,nan,nan,0.0,20,64,,True,False,"HTTPConnectionPool(host='gpu03', port=9002): Read timed out.",0,56.69694568066818
245,2026-09-19T05:47:13.126+00:00,2026-09-19T05:52:13.095+00:00,2026-09-19T05:52:13.220+00:00,False,3,2.0,,2.0,299968.615211,300094.009131,300094.009113,100031.33637100001,0.02191,299968.615211,173150.77398215322,269984.2908891,62.69696,88.6361178644462,0.006664578229307271,20,64,,True,False,Request timeout: 300.0s exceeded,3,56.69694568066818
246,2026-09-19T05:47:13.594+00:00,2026-09-19T05:52:13.356+00:00,2026-09-19T05:52:13.616+00:00,False,5,4.0,,4.0,299761.84136699996,300021.93199099996,300021.931818,60004.38636359999,0.05276,299761.84136699996,134028.49915454336,239831.84739679995,65.022656,51.007638155993014,0.013332358649433641,20,64,,True,False,Request timeout: 300.0s exceeded,11,56.69694568066818
247,2026-09-19T05:47:14.117+00:00,2026-09-19T05:52:14.228+00:00,2026-09-19T05:52:14.228+00:00,False,1,0.0,,0.0,300111.35608,300111.35608,300111.35608,300111.35608,300111.35608,300111.35608,nan,300111.35608,nan,nan,0.0,20,64,,True,False,"HTTPConnectionPool(host='gpu03', port=9002): Read timed out.",0,56.69694568066818
248,2026-09-19T05:47:14.697+00:00,2026-09-19T05:52:14.644+00:00,2026-09-19T05:52:14.783+00:00,False,3,2.0,,2.0,299947.446628,300086.458212,300086.458207,100028.81940233333,0.02834,299947.446628,173134.62380749348,269966.6002891,69.505792,98.25584741729497,0.006664745926612502,20,64,,True,False,Request timeout: 300.0s exceeded,4,56.69694568066818
249,2026-09-19T05:47:15.067+00:00,2026-09-19T05:52:14.914+00:00,2026-09-19T05:52:15.136+00:00,False,4,3.0,,3.0,299847.13060399995,300068.52196399996,300068.52179999993,75017.13044999998,0.07764,299847.13060399995,149886.67585199975,254887.08897754998,73.79712,63.906938987271296,0.00999771645610971,20,64,,True,False,Request timeout: 300.0s exceeded,10,56.69694568066818
250,2026-09-19T05:47:15.475+00:00,2026-09-19T05:52:15.253+00:00,2026-09-19T05:52:15.554+00:00,False,5,4.0,,4.0,299777.794719,300078.511263,300078.51121,60015.702242,0.07011,299777.794719,134031.09135217714,239842.97436219998,75.179136,50.199704335991996,0.013329844856815659,20,64,,True,False,Request timeout: 300.0s exceeded,12,56.69694568066818
251,2026-09-19T05:47:16.052+00:00,2026-09-19T05:52:16.160+00:00,2026-09-19T05:52:16.160+00:00,False,1,0.0,,0.0,300108.00649400003,300108.00649400003,300108.00649400003,300108.00649400003,300108.00649400003,300108.00649400003,nan,300108.00649400003,nan,nan,0.0,20,64,,True,False,"HTTPConnectionPool(host='gpu03', port=9002): Read timed out.",0,56.69694568066818
252,2026-09-19T05:47:16.533+00:00,2026-09-19T05:52:16.529+00:00,2026-09-19T05:52:16.661+00:00,False,3,2.0,,2.0,299996.245225,300128.047849,300128.047741,100042.68258033333,0.03549,299996.245225,173164.87735398416,270009.7974051,65.901312,93.14820583317731,0.006663822372930093,20,64,,True,False,Request timeout: 300.0s exceeded,10,56.69694568066818
253,2026-09-19T05:47:17.537+00:00,2026-09-19T05:52:16.530+00:00,2026-09-19T05:52:17.640+00:00,False,13,12.0,,12.0,298993.14477899997,300102.65850699996,300102.65864199994,23084.819895538458,0.02156,298993.14477899997,82900.14109487241,119675.1523476,92.45947733333333,34.821131324250835,0.039986316881361776,20,64,,True,False,Request timeout: 300.0s exceeded,56,56.69694568066818
254,2026-09-19T05:47:17.600+00:00,2026-09-19T05:52:16.878+00:00,2026-09-19T05:52:17.868+00:00,False,12,11.0,,11.0,299278.66463,300268.431286,300268.431457,25022.369288083333,0.02413,299278.66463,86368.34084453424,134746.974604,89.9787869090909,35.66420544385713,0.03663388772801996,20,64,,True,False,Request timeout: 300.0s exceeded,32,56.69694568066818
255,2026-09-19T05:47:17.869+00:00,2026-09-19T05:52:18.001+00:00,2026-09-19T05:52:18.001+00:00,False,1,0.0,,0.0,300132.40512199997,300132.40512199997,300132.40512199997,300132.40512199997,300132.40512199997,300132.40512199997,nan,300132.40512199997,nan,nan,0.0,20,64,,True,False,"HTTPConnectionPool(host='gpu03', port=9002): Read timed out.",0,56.69694568066818
256,2026-09-19T05:47:18.206+00:00,2026-09-19T05:52:18.218+00:00,2026-09-19T05:52:18.218+00:00,False,1,0.0,,0.0,300012.627069,300012.627069,300012.627069,300012.627069,300012.627069,300012.627069,nan,300012.627069,nan,nan,0.0,20,64,,True,False,"HTTPConnectionPool(host='gpu03', port=9002): Read timed out.",0,56.69694568066818
257,2026-09-19T05:47:18.615+00:00,2026-09-19T05:52:18.678+00:00,2026-09-19T05:52:18.678+00:00,False,1,0.0,,0.0,300063.019539,300063.019539,300063.019539,300063.019539,300063.019539,300063.019539,nan,300063.019539,nan,nan,0.0,20,64,,True,False,"HTTPConnectionPool(host='gpu03', port=9002): Read timed out.",0,56.69694568066818
258,2026-09-19T05:47:19.048+00:00,2026-09-19T05:52:19.143+00:00,2026-09-19T05:52:19.143+00:00,False,1,0.0,,0.0,300094.439914,300094.439914,300094.439914,300094.439914,300094.439914,300094.439914,nan,300094.439914,nan,nan,0.0,20,64,,True,False,TTFT timeout: 300.0s exceeded (TTFT: 300.086s),0,56.69694568066818
259,2026-09-19T05:47:19.416+00:00,2026-09-19T05:52:19.393+00:00,2026-09-19T05:52:19.923+00:00,True,8,8.0,,8.0,299976.41998299997,300506.89831899997,300506.89846999996,37563.362308749995,35.073084,299976.41998299997,106030.89075742042,195021.29497399996,75.78261942857144,29.777826127106902,0.026621685042010863,20,64,,True,True,,50,56.69694568066818
260,2026-09-19T05:47:20.004+00:00,2026-09-19T05:52:20.172+00:00,2026-09-19T05:52:20.688+00:00,False,7,6.0,,6.0,300167.93575700006,300684.7705730001,300684.7706880001,42954.96724114286,0.054520000000000006,300167.93575700006,113420.26474466614,210150.36089720004,86.139136,42.49005243854915,0.019954452593545384,20,64,,True,False,Request timeout: 300.0s exceeded,17,56.69694568066818
261,2026-09-19T05:47:20.438+00:00,2026-09-19T05:52:20.687+00:00,2026-09-19T05:52:20.687+00:00,False,1,0.0,,0.0,300249.052011,300249.052011,300249.052011,300249.052011,300249.052011,300249.052011,nan,300249.052011,nan,nan,0.0,20,64,,True,False,TTFT timeout: 300.0s exceeded (TTFT: 300.038s),0,56.69694568066818
0,2026-09-19T05:45:20.790+00:00,2026-09-19T05:45:21.011+00:00,2026-09-19T05:45:21.231+00:00,True,5,5.0,,5.0,221.07849900000002,441.543907,441.54395000000005,88.30879,31.551427,221.07849900000002,77.18835096118306,193.7818782,55.116352,24.477421591835363,11.323902154989991,21,64,,False,True,,20,56.69694568066818
1,2026-09-19T05:45:21.437+00:00,2026-09-19T05:45:21.750+00:00,2026-09-19T05:45:27.520+00:00,True,61,61.0,,61.0,312.528793,6082.958233,6082.95818,99.72062590163934,45.075855000000004,312.528793,36.54574644879973,113.80058500000001,96.173824,24.03862578358325,10.028015591012196,21,64,,False,True,,221,56.69694568066818
2,2026-09-19T05:45:22.077+00:00,2026-09-19T05:45:25.336+00:00,2026-09-19T05:45:32.504+00:00,True,73,73.0,,73.0,3258.4104199999997,10426.372788,10426.372970999999,142.827027,47.024721,3258.4104199999997,370.1434458552561,113.6384872,99.55503288888889,17.907028363671383,7.001476111041964,21,64,,False,True,,268,56.69694568066818
3,2026-09-19T05:45:22.706+00:00,2026-09-19T05:45:28.545+00:00,2026-09-19T05:45:34.608+00:00,True,62,62.0,,62.0,5839.416446,11902.857342,11902.85726,191.98156870967742,0.0,5839.416446,729.4888152837578,109.7164515,99.40067042622951,27.393581090218532,5.208833326198828,21,64,,False,True,,208,56.69694568066818
4,2026-09-19T05:45:23.306+00:00,2026-09-19T05:45:31.890+00:00,2026-09-19T05:45:40.157+00:00,True,85,85.0,,85.0,8583.857884,16850.824412,16850.824452,198.24499355294117,0.0,8583.857884,921.5848268592442,220.623492,98.41626819047619,47.48280887488142,5.044263587452067,21,64,,False,True,,313,56.69694568066818
5,2026-09-19T05:45:23.877+00:00,2026-09-19T05:45:34.609+00:00,2026-09-19T05:45:40.052+00:00,True,57,57.0,,57.0,10732.244487,16175.458567,16175.458615,283.7799757017544,0.0,10732.244487,1409.5605671673964,243.25588919999998,97.20025142857143,51.22734694298583,3.5238568207449323,21,64,,False,True,,253,56.69694568066818
6,2026-09-19T05:45:24.374+00:00,2026-09-19T05:45:37.595+00:00,2026-09-19T05:45:39.391+00:00,True,19,19.0,,19.0,13221.069907,15017.249618999998,15017.249812999999,790.3815691052631,0.0,13221.069907,3010.8249237411046,1605.8132041000001,99.78776177777777,61.659488303630724,1.265211705341901,21,64,,False,True,,74,56.69694568066818
7,2026-09-19T05:45:24.907+00:00,2026-09-19T05:45:40.261+00:00,2026-09-19T05:45:49.945+00:00,True,99,99.0,,99.0,15354.063559,25037.767111,25037.767117,252.90673855555556,0.0,15354.063559,1534.0731582130998,117.89702850000002,98.81330155102042,51.70874862275391,3.954026713368769,21,64,,False,True,,426,56.69694568066818
8,2026-09-19T05:45:25.607+00:00,2026-09-19T05:45:44.552+00:00,2026-09-19T05:45:52.394+00:00,True,81,81.0,,81.0,18944.884192,26786.934752,26786.93493,330.7029003703704,0.0,18944.884192,2095.251984528865,116.385909,98.025632,70.0477505704545,3.0238622205160026,21,64,,False,True,,374,56.69694568066818
9,2026-09-19T05:45:26.336+00:00,2026-09-19T05:45:48.560+00:00,2026-09-19T05:45:57.387+00:00,True,92,92.0,,92.0,22223.630763,31050.999467,31050.999665,337.51086592391306,0.0,22223.630763,2307.958445728508,116.27289209999999,97.0040516923077,71.58241280483637,2.9628675913564275,21,64,,False,True,,397,56.69694568066818
10,2026-09-19T05:45:26.914+00:00,2026-09-19T05:45:51.768+00:00,2026-09-19T05:45:59.658+00:00,True,83,83.0,,83.0,24853.932264,32744.746983999998,32744.746958,394.5150235903614,0.0,24853.932264,2718.8565955870145,116.71416149999999,96.22944780487805,86.05727592029282,2.5347577136740784,21,64,,False,True,,318,56.69694568066818
11,2026-09-19T05:45:27.419+00:00,2026-09-19T05:45:54.331+00:00,2026-09-19T05:46:02.879+00:00,True,91,91.0,,91.0,26911.903189,35459.637461,35459.637384,389.6663448791209,0.0,26911.903189,2811.7287093758614,113.30755549999998,94.97482524444445,55.961908163600924,2.56629809315128,21,64,,False,True,,378,56.69694568066818
12,2026-09-19T05:45:27.929+00:00,2026-09-19T05:45:56.960+00:00,2026-09-19T05:45:56.960+00:00,True,1,1.0,,1.0,29030.699272,29030.699272,29030.699272,29030.699272,29030.699272,29030.699272,nan,29030.699272,nan,nan,0.03444629392597842,21,64,,False,True,,2,56.69694568066818
13,2026-09-19T05:45:28.468+00:00,2026-09-19T05:46:00.550+00:00,2026-09-19T05:46:06.307+00:00,True,58,58.0,,58.0,32082.397371,37839.573435,37839.57337,652.4064374137931,0.0,32082.397371,4199.997294070852,116.36493200000001,101.00308884210527,73.65117715065789,1.5327868349158624,21,64,,False,True,,218,56.69694568066818
14,2026-09-19T05:45:29.054+00:00,2026-09-19T05:46:03.567+00:00,2026-09-19T05:46:11.147+00:00,True,77,77.0,,77.0,34513.01523,42093.636542,42093.636391,546.6706024805194,0.0,34513.01523,3922.7175943882767,113.141918,99.74501726315789,87.42363747258305,1.829255116106951,21,64,,False,True,,224,56.69694568066818
15,2026-09-19T05:45:29.591+00:00,2026-09-19T05:46:06.720+00:00,2026-09-19T05:46:09.156+00:00,True,26,26.0,,26.0,37129.639615,39564.979903,39564.979931,1521.7299973461538,0.01782,37129.639615,7263.434619410585,473.11667575000007,97.41361151999999,111.22520640253003,0.6571468016347598,21,64,,False,True,,109,56.69694568066818
16,2026-09-19T05:45:30.215+00:00,2026-09-19T05:46:09.560+00:00,2026-09-19T05:46:12.727+00:00,True,33,33.0,,33.0,39345.074351999996,42511.59134399999,42511.591136999996,1288.2300344545454,0.0,39345.074351999996,6832.975151117712,364.8012724,98.953656,124.70296960872221,0.7762588733262642,21,64,,False,True,,132,56.69694568066818
17,2026-09-19T05:45:30.795+00:00,2026-09-19T05:46:12.582+00:00,2026-09-19T05:46:20.402+00:00,True,80,80.0,,80.0,41786.555667,49606.635795,49606.63584,620.082948,0.0,41786.555667,4661.344921439974,115.18889245,98.9883560506329,70.95313518975921,1.6126874704948937,21,64,,False,True,,290,56.69694568066818
18,2026-09-19T05:45:31.457+00:00,2026-09-19T05:46:16.030+00:00,2026-09-19T05:46:23.031+00:00,True,72,72.0,,72.0,44573.524923,51574.657978999996,51574.657914999996,716.3146932638889,0.0,44573.524923,5243.049027165142,115.0051771,98.60750783098592,131.64763924390505,1.3960344638507682,21,64,,False,True,,338,56.69694568066818
19,2026-09-19T05:45:32.141+00:00,2026-09-19T05:46:20.406+00:00,2026-09-19T05:46:24.857+00:00,True,51,51.0,,51.0,48264.794676,52716.057907999995,52716.057987,1033.6481958235295,0.0,48264.794676,6747.249962102899,111.73831450000002,89.02526464,133.42281694450293,0.9674471503352003,21,64,,False,True,,234,56.69694568066818
20,2026-09-19T05:45:32.812+00:00,2026-09-19T05:46:24.021+00:00,2026-09-19T05:46:26.710+00:00,True,26,26.0,,26.0,51208.550609,53898.220240999995,53898.220277,2073.0084721923076,96.665835,51208.550609,10021.725799945347,120.40380499999999,107.58678528,6.889312851241476,0.482390696459806,21,64,,False,True,,126,56.69694568066818
21,2026-09-19T05:45:33.453+00:00,2026-09-19T05:46:27.260+00:00,2026-09-19T05:46:29.773+00:00,True,26,26.0,,26.0,53807.16,56320.88211200001,56320.882033,2166.1877705,0.0,53807.16,10533.802291705913,627.88993725,100.54888448,153.18215693483506,0.46164049682844566,21,64,,False,True,,93,56.69694568066818
22,2026-09-19T05:45:33.958+00:00,2026-09-19T05:46:29.880+00:00,2026-09-19T05:46:33.877+00:00,True,40,40.0,,40.0,55922.40827,59919.34779,59919.347704,1497.9836926,48.366466,55922.40827,8825.919305952058,114.24469925,102.48562871794871,16.25648089444318,0.6675640085434247,21,64,,False,True,,135,56.69694568066818
23,2026-09-19T05:45:34.410+00:00,2026-09-19T05:46:32.318+00:00,2026-09-19T05:46:36.365+00:00,True,40,40.0,,40.0,57907.721025,61955.093057,61955.093029999996,1548.87732575,45.209504,57907.721025,9139.615923126627,116.57608590000001,103.77877005128205,13.805877500242886,0.6456289229232398,21,64,,False,True,,194,56.69694568066818
24,2026-09-19T05:45:34.886+00:00,2026-09-19T05:46:35.136+00:00,2026-09-19T05:46:35.570+00:00,True,5,5.0,,5.0,60250.040323,60683.778051,60683.778106,12136.7556212,104.982354,60250.040323,26896.143901772844,48222.30110420001,108.434432,2.654795597509282,0.08239434261653729,21,64,,False,True,,21,56.69694568066818
25,2026-09-19T05:45:35.591+00:00,2026-09-19T05:46:39.364+00:00,2026-09-19T05:46:44.753+00:00,True,58,58.0,,58.0,63773.428577,69162.358881,69162.358914,1192.4544640344827,0.0,63773.428577,8361.488164092407,111.32192985,94.54263691228071,26.353907543531303,0.8386064463156061,21,64,,False,True,,243,56.69694568066818
26,2026-09-19T05:45:36.267+00:00,2026-09-19T05:46:42.599+00:00,2026-09-19T05:46:52.236+00:00,True,100,100.0,,100.0,66331.666586,75968.56309800001,75968.56310700001,759.6856310700001,0.0,66331.666586,6624.184247975045,110.5118844,97.342389010101,100.30734474543874,1.3163339666040446,21,64,,False,True,,331,56.69694568066818
27,2026-09-19T05:45:37.132+00:00,2026-09-19T05:46:45.890+00:00,2026-09-19T05:46:48.481+00:00,True,28,28.0,,28.0,68758.30107799999,71349.24251799998,71349.24257999999,2548.1872349999994,48.202375999999994,68758.30107799999,12975.976483796354,111.05105970000001,95.96079407407407,19.322511100659113,0.3924358411084205,21,64,,False,True,,132,56.69694568066818
28,2026-09-19T05:45:37.578+00:00,2026-09-19T05:46:49.435+00:00,2026-09-19T05:46:52.454+00:00,True,32,32.0,,32.0,71856.94360099999,74875.99512099999,74875.995008,2339.874844,0.0,71856.94360099999,12686.650734906852,526.72624305,97.38875870967742,179.85223202455524,0.4273732849665348,21,64,,False,True,,187,56.69694568066818
29,2026-09-19T05:45:38.232+00:00,2026-09-19T05:46:52.647+00:00,2026-09-19T05:47:02.146+00:00,True,94,94.0,,94.0,74415.55926800001,83914.52221200001,83914.52205300001,892.7076814148937,0.016489999999999998,74415.55926800001,7665.316986700038,114.4357373,102.13938649462366,85.61276423383747,1.120187513700194,21,64,,False,True,,352,56.69694568066818
30,2026-09-19T05:45:38.930+00:00,2026-09-19T05:46:56.661+00:00,2026-09-19T05:46:56.768+00:00,True,2,2.0,,2.0,77731.120488,77838.429032,77838.428966,38919.214483,107.30847800000001,77731.120488,54888.32385382077,73849.92988750001,107.308544,nan,0.025694249291410856,21,64,,False,True,,12,56.69694568066818
31,2026-09-19T05:45:39.575+00:00,2026-09-19T05:47:00.766+00:00,2026-09-19T05:47:05.564+00:00,True,50,50.0,,50.0,81190.70001100001,85988.90007500001,85988.900145,1719.7780029000003,0.0,81190.70001100001,11469.44074875146,112.42848995,97.92245028571428,166.93828930448703,0.5814703985792319,21,64,,False,True,,278,56.69694568066818
32,2026-09-19T05:45:40.301+00:00,2026-09-19T05:47:04.898+00:00,2026-09-19T05:47:12.514+00:00,True,78,78.0,,78.0,84596.87368799999,92212.848088,92212.84809099999,1182.2160011666665,43.575257,84596.87368799999,9567.523239790758,110.79271585000001,98.90875844155843,15.708212941850556,0.8458691127896139,21,64,,False,True,,379,56.69694568066818
33,2026-09-19T05:45:40.941+00:00,2026-09-19T05:47:08.475+00:00,2026-09-19T05:47:12.100+00:00,True,37,37.0,,37.0,87533.35631,91158.609686,91158.60976400001,2463.746209837838,47.933118,87533.35631,14373.845845082224,110.4005336,100.70148266666668,13.246661418583662,0.4058859621427772,21,64,,False,True,,138,56.69694568066818
34,2026-09-19T05:45:41.618+00:00,2026-09-19T05:47:12.100+00:00,2026-09-19T05:47:20.424+00:00,True,74,74.0,,74.0,90482.35281,98806.429098,98806.42917999999,1335.222015945946,0.01692,90482.35281,10506.684965872488,127.84632069999999,114.02844230136986,183.5030730346607,0.7489391194028879,21,64,,False,True,,371,56.69694568066818
35,2026-09-19T05:45:42.089+00:00,2026-09-19T05:47:15.393+00:00,2026-09-19T05:47:24.689+00:00,True,95,95.0,,95.0,93304.506491,102600.50290699999,102600.502881,1080.0052934842104,0.0,93304.506491,9564.158022286092,112.460938,98.89357889361702,168.22910151075124,0.9259213874040237,21,64,,False,True,,437,56.69694568066818
36,2026-09-19T05:45:42.616+00:00,2026-09-19T05:47:17.910+00:00,2026-09-19T05:47:20.411+00:00,True,25,25.0,,25.0,95294.72759299999,97795.02096899999,97795.02089599999,3911.8008358399998,0.0,95294.72759299999,19039.888585826007,1085.6985606,104.17889066666667,265.8568316741639,0.2556367364339003,21,64,,False,True,,129,56.69694568066818
37,2026-09-19T05:45:43.210+00:00,2026-09-19T05:47:20.982+00:00,2026-09-19T05:47:30.068+00:00,True,93,93.0,,93.0,97771.96092,106857.900888,106857.900853,1149.009686591398,45.706983,97771.96092,10128.256150766072,111.8520956,98.76021704347826,18.68651801072929,0.8703146817143192,21,64,,False,True,,445,56.69694568066818
38,2026-09-19T05:45:43.792+00:00,2026-09-19T05:47:24.255+00:00,2026-09-19T05:47:26.772+00:00,True,26,26.0,,26.0,100463.59138600001,102979.60265000002,102979.60278300001,3960.7539531923085,47.927947,100463.59138600001,19682.80302409615,114.66107575,100.64045056,19.18575456173901,0.25247718315992157,21,64,,False,True,,66,56.69694568066818
39,2026-09-19T05:45:44.382+00:00,2026-09-19T05:47:27.446+00:00,2026-09-19T05:47:34.671+00:00,True,74,74.0,,74.0,103063.316047,110288.57556699999,110288.575471,1490.3861550135134,48.098047,103063.316047,11969.370684298889,110.47588035000001,98.97615780821918,15.021801165972681,0.6709670482147556,21,64,,True,True,,274,56.69694568066818
40,2026-09-19T05:45:44.866+00:00,2026-09-19T05:47:30.172+00:00,2026-09-19T05:47:33.507+00:00,True,35,35.0,,35.0,105306.126586,108641.207802,108641.207805,3104.0345087142855,44.786794,105306.126586,17783.411263313697,111.66165339999999,98.090624,16.487652221429386,0.32216136683410174,21,64,,True,True,,90,56.69694568066818
41,2026-09-19T05:45:45.487+00:00,2026-09-19T05:47:33.616+00:00,2026-09-19T05:47:36.651+00:00,True,31,31.0,,31.0,108128.64983499999,111163.846251,111163.84619099999,3585.930522290322,42.892359,108128.64983499999,19402.313459690555,113.66504649999999,101.17321386666666,15.381338380158631,0.27886764488163013,21,64,,True,True,,139,56.69694568066818
42,2026-09-19T05:45:46.123+00:00,2026-09-19T05:47:36.761+00:00,2026-09-19T05:47:43.033+00:00,True,66,66.0,,66.0,110637.904394,116910.324234,116910.324399,1771.3685515,46.188941,110637.904394,13606.721567112681,112.64982900000001,96.49876676923077,20.451836726044203,0.5645352575355,21,64,,True,True,,285,56.69694568066818
43,2026-09-19T05:45:46.662+00:00,2026-09-19T05:47:39.743+00:00,2026-09-19T05:47:45.010+00:00,True,54,54.0,,54.0,113080.481522,118347.691506,118347.69156,2191.623917777778,46.77831,113080.481522,15374.790620611295,111.70496015,99.3813204528302,17.952487176825898,0.45628266434975034,21,64,,True,True,,196,56.69694568066818
44,2026-09-19T05:45:47.225+00:00,2026-09-19T05:47:43.026+00:00,2026-09-19T05:47:46.254+00:00,True,33,33.0,,33.0,115800.423455,119028.802335,119028.802415,3606.9334065151515,49.744073,115800.423455,20140.70872475541,110.85819579999999,100.88684,13.82421052593578,0.2772438212654053,21,64,,True,True,,166,56.69694568066818
45,2026-09-19T05:45:47.642+00:00,2026-09-19T05:47:45.214+00:00,2026-09-19T05:47:54.664+00:00,True,95,95.0,,95.0,117571.967531,127021.451307,127021.451518,1337.0679107157896,46.234161,117571.967531,12052.323728640797,110.4745457,100.52642314893616,14.110665467831176,0.7479051689497164,21,64,,True,True,,402,56.69694568066818
46,2026-09-19T05:45:48.249+00:00,2026-09-19T05:47:48.221+00:00,2026-09-19T05:47:50.439+00:00,True,24,24.0,,24.0,119971.631467,122189.284459,122189.284443,5091.220185125,45.755371,119971.631467,24469.43436889979,112.9619132,96.41969530434783,21.73264054580256,0.19641656881993672,21,64,,True,True,,90,56.69694568066818
47,2026-09-19T05:45:48.702+00:00,2026-09-19T05:47:51.120+00:00,2026-09-19T05:47:52.380+00:00,True,13,13.0,,13.0,122418.36602,123678.06138,123678.061407,9513.697031307693,93.277629,122418.36602,33923.63162613535,49036.70152820001,104.97461333333332,6.201615257627664,0.10511160876024397,21,64,,True,True,,45,56.69694568066818
48,2026-09-19T05:45:49.403+00:00,2026-09-19T05:47:54.254+00:00,2026-09-19T05:48:02.327+00:00,True,83,83.0,,83.0,124850.919187,132923.639827,132923.639784,1601.4896359518073,42.812699,124850.919187,13693.372834243575,110.028142,98.44781268292684,16.760234397866373,0.6244186520021903,21,64,,True,True,,353,56.69694568066818
49,2026-09-19T05:45:49.848+00:00,2026-09-19T05:47:56.448+00:00,2026-09-19T05:48:04.276+00:00,True,80,80.0,,80.0,126599.501648,134428.166736,134428.16672,1680.352084,45.066714,126599.501648,14143.185604978493,111.38992090000002,99.09702643037974,17.26885042910636,0.5951133749901532,21,64,,True,True,,295,56.69694568066818
50,2026-09-19T05:45:50.324+00:00,2026-09-19T05:47:59.538+00:00,2026-09-19T05:47:59.838+00:00,True,4,4.0,,4.0,129213.961572,129514.1889,129514.188873,32378.54721825,96.82892100000001,129213.961572,64556.94298933593,109847.56998614999,100.075776,4.100886101694608,0.03088464695623786,21,64,,True,True,,7,56.69694568066818
51,2026-09-19T05:45:50.724+00:00,2026-09-19T05:48:01.610+00:00,2026-09-19T05:48:02.749+00:00,True,13,13.0,,13.0,130885.467565,132024.391085,132024.390887,10155.722375923076,44.293406000000004,130885.467565,36274.78019664793,52420.280236000006,94.91029333333333,22.3306645749151,0.09846665372332854,21,64,,True,True,,42,56.69694568066818
52,2026-09-19T05:45:51.323+00:00,2026-09-19T05:48:04.485+00:00,2026-09-19T05:48:11.950+00:00,True,75,75.0,,75.0,133161.78261599998,140626.28872799998,140626.288687,1875.0171824933332,47.691337,133161.78261599998,15364.559437669852,112.47058080000001,100.87170421621622,16.64188569636432,0.5333284457578579,21,64,,True,True,,257,56.69694568066818
53,2026-09-19T05:45:52.212+00:00,2026-09-19T05:48:07.605+00:00,2026-09-19T05:48:07.927+00:00,True,4,4.0,,4.0,135392.54313499999,135715.340959,135715.340753,33928.83518825,100.251204,135392.54313499999,67642.47219512206,115100.72928289998,107.59927466666667,6.841151721091802,0.02947345504004895,21,64,,True,True,,13,56.69694568066818
54,2026-09-19T05:45:52.417+00:00,2026-09-19T05:48:10.577+00:00,2026-09-19T05:48:12.470+00:00,True,20,20.0,,20.0,138159.22654899998,140052.28690099998,140052.28684999997,7002.614342499999,45.690161,138159.22654899998,30871.068645546657,7015.20297425,99.63475536842105,18.803743389633848,0.14280380879562202,21,64,,True,True,,92,56.69694568066818
55,2026-09-19T05:45:52.940+00:00,2026-09-19T05:48:13.352+00:00,2026-09-19T05:48:14.490+00:00,True,12,12.0,,12.0,140412.406293,141550.186773,141550.186747,11795.848895583335,99.115416,140412.406293,40503.71137509905,63244.52382220001,103.4345890909091,2.7183808277117265,0.08477558577329225,21,64,,True,True,,56,56.69694568066818
56,2026-09-19T05:45:53.671+00:00,2026-09-19T05:48:17.210+00:00,2026-09-19T05:48:21.551+00:00,True,44,44.0,,44.0,143538.853642,147879.800074,147879.800205,3360.9045501136366,47.66253699999999,143538.853642,21624.08349730662,113.21696345000001,100.95224260465116,16.622889952972972,0.29753894702306954,21,64,,True,True,,196,56.69694568066818
57,2026-09-19T05:45:54.150+00:00,2026-09-19T05:48:20.253+00:00,2026-09-19T05:48:28.063+00:00,True,81,81.0,,81.0,146103.65410299998,153913.68674299997,153913.68678899997,1900.1689727037035,47.451938,146103.65410299998,16222.903242121933,112.487864,97.625408,19.15311093807994,0.5262689869501413,21,64,,True,True,,295,56.69694568066818
58,2026-09-19T05:45:54.645+00:00,2026-09-19T05:48:22.580+00:00,2026-09-19T05:48:26.465+00:00,True,43,43.0,,43.0,147935.413544,151820.3034,151820.30339400002,3530.7047300930235,48.550816,147935.413544,22545.845797444672,112.6644735,92.49737752380952,23.979202957055428,0.28322957494498063,21,64,,True,True,,201,56.69694568066818
59,2026-09-19T05:45:55.363+00:00,2026-09-19T05:48:26.778+00:00,2026-09-19T05:48:34.368+00:00,True,76,76.0,,76.0,151415.609268,159005.001652,159005.001585,2092.171073486842,46.457699999999996,151415.609268,17356.96097703586,111.55986700000001,101.19189845333334,15.607815153301974,0.4779723858393737,21,64,,True,True,,352,56.69694568066818
60,2026-09-19T05:45:55.941+00:00,2026-09-19T05:48:30.140+00:00,2026-09-19T05:48:38.482+00:00,True,84,84.0,,84.0,154198.633251,162541.055523,162541.055708,1935.0125679523808,44.275336,154198.633251,16813.49332099492,114.11295015,100.51111171084337,18.23569738057961,0.5167925096199082,21,64,,True,True,,298,56.69694568066818
61,2026-09-19T05:45:56.525+00:00,2026-09-19T05:48:32.876+00:00,2026-09-19T05:48:42.074+00:00,True,91,91.0,,91.0,156351.397703,165549.491783,165549.49186799998,1819.2251853626374,44.087996,156351.397703,16379.374998599102,114.373836,102.20104533333333,16.916025583939376,0.5496845627244905,21,64,,True,True,,503,56.69694568066818
62,2026-09-19T05:45:57.014+00:00,2026-09-19T05:48:35.526+00:00,2026-09-19T05:48:36.155+00:00,True,8,8.0,,8.0,158511.663746,159140.53568200002,159140.535696,19892.566962,43.945186,158511.663746,56010.580251368796,103072.5250701,89.838848,30.063081901860162,0.05027003312333867,21,64,,True,True,,41,56.69694568066818
63,2026-09-19T05:45:57.692+00:00,2026-09-19T05:48:39.716+00:00,2026-09-19T05:48:40.786+00:00,True,11,11.0,,11.0,162024.702345,163094.300041,163094.299929,14826.754539,99.57878699999999,162024.702345,48820.036490400715,81068.63674,106.95976959999999,4.797166884880913,0.06744564339302311,21,64,,True,True,,36,56.69694568066818
64,2026-09-19T05:45:58.199+00:00,2026-09-19T05:48:42.073+00:00,2026-09-19T05:48:48.340+00:00,True,65,65.0,,65.0,163873.614744,170140.36213599998,170140.36207,2617.5440318461538,40.202905,163873.614744,20313.882896895273,111.128897,97.917928,17.95385400179412,0.38203750823125027,21,64,,True,True,,306,56.69694568066818
65,2026-09-19T05:45:58.822+00:00,2026-09-19T05:48:45.582+00:00,2026-09-19T05:48:50.848+00:00,True,55,55.0,,55.0,166759.64249,172025.74629799998,172025.746141,3127.7408389272728,47.717188,166759.64249,22472.72375333018,110.9712048,97.5204408888889,18.899755806507365,0.3197195837460491,21,64,,True,True,,254,56.69694568066818
66,2026-09-19T05:45:59.369+00:00,2026-09-19T05:48:48.549+00:00,2026-09-19T05:48:49.637+00:00,True,12,12.0,,12.0,169180.41908300002,170268.15284300002,170268.152594,14189.012716166668,51.846708,169180.41908300002,48809.63713371011,76191.74098640001,98.88488727272727,16.337737408425568,0.07047706690672152,21,64,,True,True,,49,56.69694568066818
67,2026-09-19T05:45:59.790+00:00,2026-09-19T05:48:50.948+00:00,2026-09-19T05:48:59.299+00:00,True,84,84.0,,84.0,171157.23290099998,179508.05990899997,179508.05980499997,2137.0007119642855,46.232582,171157.23290099998,18663.81409525135,112.56938559999999,100.61237359036144,15.879528258565045,0.46794556212452554,21,64,,True,True,,368,56.69694568066818
68,2026-09-19T05:46:00.361+00:00,2026-09-19T05:48:53.739+00:00,2026-09-19T05:48:57.688+00:00,True,40,40.0,,40.0,173378.074343,177326.35363899998,177326.353714,4433.15884285,49.010235,173378.074343,27397.477500409936,113.63396065,101.23793066666667,15.11057209447167,0.22557278813408513,21,64,,True,True,,149,56.69694568066818
69,2026-09-19T05:46:01.040+00:00,2026-09-19T05:48:57.582+00:00,2026-09-19T05:48:59.301+00:00,True,19,19.0,,19.0,176541.968124,178260.86374,178260.86384,9382.150728421053,43.503798,176541.968124,40479.603095627805,17755.4149029,95.4942008888889,22.28414086572886,0.10658536933666043,21,64,,True,True,,85,56.69694568066818
70,2026-09-19T05:46:01.507+00:00,2026-09-19T05:48:59.919+00:00,2026-09-19T05:49:06.118+00:00,True,63,63.0,,63.0,178411.958564,184611.36106,184611.361019,2930.339063793651,48.490946,178411.958564,22465.20225448146,113.13456709999998,99.99036283870969,16.40094006722407,0.34125743745275,21,64,,True,True,,214,56.69694568066818
71,2026-09-19T05:46:02.144+00:00,2026-09-19T05:49:03.566+00:00,2026-09-19T05:49:08.204+00:00,True,47,47.0,,47.0,181422.011969,186059.80524900003,186059.80535600003,3958.7192628936173,50.310931,181422.011969,26448.41969118358,113.19195400000001,100.82159304347826,17.7076929561173,0.2526069504216715,21,64,,True,True,,208,56.69694568066818
72,2026-09-19T05:46:02.630+00:00,2026-09-19T05:49:06.542+00:00,2026-09-19T05:49:06.647+00:00,True,2,2.0,,2.0,183911.956439,184016.795351,184016.795233,92008.3976165,104.838794,183911.956439,129971.25931713301,174721.60055675,104.838912,nan,0.010868573144017266,21,64,,True,True,,11,56.69694568066818
73,2026-09-19T05:46:03.215+00:00,2026-09-19T05:49:09.279+00:00,2026-09-19T05:49:12.249+00:00,True,31,31.0,,31.0,186063.597262,189033.213646,189033.213455,6097.84559532258,44.879214,186063.597262,33400.23536502474,112.5361205,98.9872128,19.33472264162734,0.16399234505981206,21,64,,True,True,,113,56.69694568066818
74,2026-09-19T05:46:03.924+00:00,2026-09-19T05:49:12.978+00:00,2026-09-19T05:49:16.810+00:00,True,39,39.0,,39.0,189053.662631,192885.748903,192885.74890500001,4945.788433461539,49.427633,189053.662631,30256.67114200583,112.99256079999999,100.84437557894736,17.974492407414807,0.20219223152464544,21,64,,True,True,,152,56.69694568066818
75,2026-09-19T05:46:04.370+00:00,2026-09-19T05:49:15.684+00:00,2026-09-19T05:49:16.226+00:00,True,6,6.0,,6.0,191313.857843,191856.094259,191856.094217,31976.015702833334,102.52347900000001,191313.857843,78059.2821727673,143514.07070475,108.4472832,5.94095923296863,0.03127343972665356,21,64,,True,True,,19,56.69694568066818
76,2026-09-19T05:46:05.052+00:00,2026-09-19T05:49:19.353+00:00,2026-09-19T05:49:26.576+00:00,True,72,72.0,,72.0,194300.98497999998,201524.07489999998,201524.07483599999,2798.945483833333,45.058233,194300.98497999998,22886.606087586864,112.17642649999999,101.73366084507042,14.983995420818244,0.35727741231774784,21,64,,True,True,,413,56.69694568066818
77,2026-09-19T05:46:05.519+00:00,2026-09-19T05:49:22.050+00:00,2026-09-19T05:49:24.063+00:00,True,21,21.0,,21.0,196531.065213,198543.941501,198543.941565,9454.473407857142,47.799927000000004,196531.065213,42864.635687287366,112.20525599999999,100.64381440000001,17.904107154076524,0.10577003680514839,21,64,,True,True,,43,56.69694568066818
78,2026-09-19T05:46:05.932+00:00,2026-09-19T05:49:24.272+00:00,2026-09-19T05:49:30.118+00:00,True,57,57.0,,57.0,198339.868348,204186.101948,204186.101783,3582.212311982456,49.289894999999994,198339.868348,26256.931924310953,112.6386284,104.39702857142856,11.12769329451146,0.2791570996076715,21,64,,True,True,,277,56.69694568066818
79,2026-09-19T05:46:06.656+00:00,2026-09-19T05:49:28.345+00:00,2026-09-19T05:49:32.165+00:00,True,38,38.0,,38.0,201688.79412200002,205509.48455400002,205509.48445400002,5408.144327736843,44.476845000000004,201688.79412200002,32701.495756834807,115.58862990000002,103.26190356756757,16.883316057876932,0.18490630776709996,21,64,,True,True,,170,56.69694568066818
80,2026-09-19T05:46:07.405+00:00,2026-09-19T05:49:32.374+00:00,2026-09-19T05:49:38.580+00:00,True,61,61.0,,61.0,204968.795599,211174.801871,211174.802036,3461.882000590164,46.411860999999995,204968.795599,26230.326136540385,115.141159,103.43343786666667,15.250453782555333,0.2888602212931776,21,64,,True,True,,217,56.69694568066818
81,2026-09-19T05:46:07.895+00:00,2026-09-19T05:49:35.578+00:00,2026-09-19T05:49:42.779+00:00,True,74,74.0,,74.0,207682.98644100002,214883.841481,214883.84125400003,2903.835692621622,47.625278,207682.98644100002,24131.19626315036,113.47203144999999,98.6418498630137,17.646597385906592,0.344372101177943,21,64,,True,True,,298,56.69694568066818
82,2026-09-19T05:46:08.431+00:00,2026-09-19T05:49:38.785+00:00,2026-09-19T05:49:45.624+00:00,True,71,71.0,,71.0,210354.112793,217192.17026500002,217192.170353,3059.044652859155,46.625513,210354.112793,24952.853930624296,112.4708805,97.6865353142857,18.705219269669083,0.3268994453776655,21,64,,True,True,,247,56.69694568066818
83,2026-09-19T05:46:08.876+00:00,2026-09-19T05:49:41.148+00:00,2026-09-19T05:49:44.165+00:00,True,31,31.0,,31.0,212271.40383700002,215289.30566100002,215289.30571800002,6944.816313483871,47.66122,212271.40383700002,38107.0058545154,115.371879,100.59672746666666,17.67560324990408,0.14399228937462125,21,64,,True,True,,98,56.69694568066818
84,2026-09-19T05:46:09.292+00:00,2026-09-19T05:49:43.417+00:00,2026-09-19T05:49:51.617+00:00,True,87,87.0,,87.0,214124.46534,222324.3911,222324.390951,2555.452769551724,44.257737999999996,214124.46534,22946.339467860165,111.6955912,95.34797395348836,21.01678520507986,0.3913200866965064,21,64,,True,True,,302,56.69694568066818
85,2026-09-19T05:46:09.771+00:00,2026-09-19T05:49:45.989+00:00,2026-09-19T05:49:53.287+00:00,True,77,77.0,,77.0,216217.949044,223516.587124,223516.587088,2902.8128193246753,46.720422,216217.949044,24629.385419262788,109.60061999999999,96.03471157894737,19.317981569892407,0.344493448968433,21,64,,True,True,,374,56.69694568066818
86,2026-09-19T05:46:10.346+00:00,2026-09-19T05:49:48.842+00:00,2026-09-19T05:49:55.752+00:00,True,72,72.0,,72.0,218495.470905,225405.89650499998,225405.896584,3130.6374525555557,42.369561999999995,218495.470905,25738.473365849935,109.14900755,97.32993802816902,17.12981275082675,0.31942376449057486,21,64,,True,True,,257,56.69694568066818
87,2026-09-19T05:46:11.031+00:00,2026-09-19T05:49:52.219+00:00,2026-09-19T05:49:57.916+00:00,True,58,58.0,,58.0,221188.383673,226884.82834500002,226884.828449,3911.807387051724,49.316946,221188.383673,29030.339336711873,110.46774055000002,99.93762582456141,15.64171893483826,0.25563630862000813,21,64,,True,True,,280,56.69694568066818
88,2026-09-19T05:46:11.629+00:00,2026-09-19T05:49:55.648+00:00,2026-09-19T05:49:58.276+00:00,True,27,27.0,,27.0,224019.07806200002,226646.759086,226646.75920200002,8394.32441488889,48.796097,224019.07806200002,43093.04442775017,112.8049129,101.06465476923077,15.430175838021984,0.11912810979024405,21,64,,True,True,,123,56.69694568066818
89,2026-09-19T05:46:12.254+00:00,2026-09-19T05:49:58.867+00:00,2026-09-19T05:50:04.629+00:00,True,59,59.0,,59.0,226612.767518,232374.118686,232374.118782,3938.5443861355934,44.949157,226612.767518,29489.543080843905,112.99417199999999,99.33364082758621,18.660222654805967,0.2539009091615959,21,64,,True,True,,232,56.69694568066818
90,2026-09-19T05:46:12.859+00:00,2026-09-19T05:50:02.488+00:00,2026-09-19T05:50:05.865+00:00,True,35,35.0,,35.0,229628.454611,233006.068947,233006.068954,6657.316255828571,43.201781000000004,229628.454611,38797.50490246562,111.715378,99.34159811764705,16.995745477405737,0.15021067973968166,21,64,,True,True,,118,56.69694568066818
91,2026-09-19T05:46:13.328+00:00,2026-09-19T05:50:04.835+00:00,2026-09-19T05:50:13.212+00:00,True,88,88.0,,88.0,231506.83732800002,239883.82088,239883.82087000003,2725.9525098863637,44.542687,231506.83732800002,24668.455387120586,111.7443492,96.28716726436782,19.798754349206202,0.3668442485082031,21,64,,True,True,,399,56.69694568066818
92,2026-09-19T05:46:13.906+00:00,2026-09-19T05:50:09.041+00:00,2026-09-19T05:50:12.142+00:00,True,33,33.0,,33.0,235134.18438,238235.18662,238235.18657999998,7219.248078181818,44.130928,235134.18438,40914.74278746727,113.5838866,96.90632,19.191541387120946,0.1385185810215225,21,64,,True,True,,189,56.69694568066818
93,2026-09-19T05:46:14.620+00:00,2026-09-19T05:50:12.354+00:00,2026-09-19T05:50:17.349+00:00,True,50,50.0,,50.0,237733.416126,242728.54546999998,242728.545545,4854.5709109,48.232139000000004,237733.416126,33606.1699739797,114.89754135,101.94141518367347,17.64146175060077,0.2059914292453079,21,64,,True,True,,221,56.69694568066818
94,2026-09-19T05:46:15.360+00:00,2026-09-19T05:50:16.651+00:00,2026-09-19T05:50:19.161+00:00,True,28,28.0,,28.0,241290.740065,243800.10582499998,243800.105798,8707.146635642857,46.765752,241290.740065,45582.10697261605,116.80702565,92.9394725925926,26.065351258020716,0.114848186407673,21,64,,True,True,,140,56.69694568066818
95,2026-09-19T05:46:16.068+00:00,2026-09-19T05:50:20.558+00:00,2026-09-19T05:50:29.568+00:00,True,94,94.0,,94.0,244490.11044800002,253500.79588800002,253500.795711,2696.8169756489365,43.37152,244490.11044800002,25207.242493660622,109.18918345,96.88909075268818,18.05780638793005,0.37080751431459186,21,64,,True,True,,380,56.69694568066818
96,2026-09-19T05:46:16.549+00:00,2026-09-19T05:50:22.591+00:00,2026-09-19T05:50:24.939+00:00,True,25,25.0,,25.0,246042.83104699999,248390.77882299997,248390.77883,9935.6311532,49.509235999999994,246042.83104699999,49189.00204505633,116.28389919999998,97.83115733333332,14.567311150458275,0.10064785866231642,21,64,,True,True,,94,56.69694568066818
97,2026-09-19T05:46:17.067+00:00,2026-09-19T05:50:25.399+00:00,2026-09-19T05:50:30.923+00:00,True,57,57.0,,57.0,248331.64706,253855.99777999998,253855.99777,4453.613995964912,45.642574999999994,248331.64706,32879.26841087746,111.5052218,98.64912,17.596416300867613,0.22453674720499647,21,64,,True,True,,246,56.69694568066818
98,2026-09-19T05:46:17.718+00:00,2026-09-19T05:50:29.250+00:00,2026-09-19T05:50:34.595+00:00,True,54,54.0,,54.0,251531.5468,256876.90283200002,256876.902792,4756.979681333333,46.506403,251531.5468,34215.38573551051,109.09643315,100.85577418867925,13.138459075939545,0.2102174208917355,21,64,,True,True,,237,56.69694568066818
99,2026-09-19T05:46:18.219+00:00,2026-09-19T05:50:31.659+00:00,2026-09-19T05:50:40.659+00:00,True,91,91.0,,91.0,253439.79733,262439.40565,262439.405688,2883.949513054945,46.901022,253439.79733,26557.232621726682,112.95663499999999,99.995648,16.963627093922774,0.34674670815769704,21,64,,True,True,,456,56.69694568066818
100,2026-09-19T05:46:18.713+00:00,2026-09-19T05:50:34.334+00:00,2026-09-19T05:50:36.582+00:00,True,23,23.0,,23.0,255621.21812099998,257869.04890499997,257869.04884499998,11211.697775869565,45.778305,255621.21812099998,53279.405312454255,113.20199059999999,102.17412654545454,13.25120696226117,0.08919255760885554,21,64,,True,True,,105,56.69694568066818
101,2026-09-19T05:46:19.245+00:00,2026-09-19T05:50:36.850+00:00,2026-09-19T05:50:39.968+00:00,True,32,32.0,,32.0,257604.49100799998,260722.69388799998,260722.69398799998,8147.5841871249995,44.619138,257604.49100799998,45520.69375274861,115.37242905,100.58718967741935,20.82600166880072,0.12273576773392196,21,64,,True,True,,97,56.69694568066818
102,2026-09-19T05:46:19.810+00:00,2026-09-19T05:50:40.491+00:00,2026-09-19T05:50:45.282+00:00,True,49,49.0,,49.0,260681.085589,265472.442261,265472.44226599997,5417.804944204082,46.173114,260681.085589,37225.89945725253,115.7978716,99.81993066666668,18.214296486056643,0.18457659703836798,21,64,,True,True,,226,56.69694568066818
103,2026-09-19T05:46:20.296+00:00,2026-09-19T05:50:42.943+00:00,2026-09-19T05:50:43.676+00:00,True,8,8.0,,8.0,262647.459544,263380.279512,263380.279597,32922.534949625,93.714495,262647.459544,92822.88703083522,170760.38440224997,104.68856685714285,6.250923334827142,0.030374331801996245,21,64,,True,True,,34,56.69694568066818
104,2026-09-19T05:46:20.906+00:00,2026-09-19T05:50:45.892+00:00,2026-09-19T05:50:54.351+00:00,True,90,90.0,,90.0,264985.07182199997,273444.54548599996,273444.54566999996,3038.2727296666662,43.070431,264985.07182199997,27921.866904104223,110.45023744999999,95.05026588764045,19.86260341429468,0.32913437655170885,21,64,,True,True,,357,56.69694568066818
105,2026-09-19T05:46:21.645+00:00,2026-09-19T05:50:50.109+00:00,2026-09-19T05:50:51.299+00:00,True,13,13.0,,13.0,268463.920445,269654.050365,269654.050324,20742.61925569231,52.35492,268463.920445,74430.98935480595,107457.0880922,99.17749333333333,15.948377436931407,0.048209919273985984,21,64,,True,True,,67,56.69694568066818
106,2026-09-19T05:46:22.761+00:00,2026-09-19T05:50:55.541+00:00,2026-09-19T05:51:02.182+00:00,True,68,68.0,,68.0,272779.63020099996,279420.54002499994,279420.53979099996,4109.125585161764,44.494468,272779.63020099996,33067.373612410134,111.99228299999999,99.11805707462686,17.163717490447066,0.2433607779654137,21,64,,True,True,,335,56.69694568066818
107,2026-09-19T05:46:22.915+00:00,2026-09-19T05:50:57.020+00:00,2026-09-19T05:51:04.372+00:00,True,74,74.0,,74.0,274104.951274,281457.221354,281457.22135199996,3803.475964216216,47.009762,274104.951274,31852.349213808375,111.02820379999999,100.71602849315069,15.791166597545377,0.2629173969813596,21,64,,True,True,,272,56.69694568066818
108,2026-09-19T05:46:23.451+00:00,2026-09-19T05:50:59.732+00:00,2026-09-19T05:51:05.747+00:00,True,60,60.0,,60.0,276280.561641,282295.461609,282295.461718,4704.924361966666,44.733686999999996,276280.561641,35654.50885917807,112.95822605000001,101.94745708474576,14.952806253261462,0.21254326817022806,21,64,,True,True,,247,56.69694568066818
109,2026-09-19T05:46:23.873+00:00,2026-09-19T05:51:02.076+00:00,2026-09-19T05:51:10.777+00:00,True,90,90.0,,90.0,278203.105423,286903.668879,286903.669037,3187.8185448555555,44.994955999999995,278203.105423,29314.88414767515,113.27941289999998,97.75913995505617,19.91765135404061,0.31369414114378924,21,64,,True,True,,370,56.69694568066818
110,2026-09-19T05:46:24.586+00:00,2026-09-19T05:51:05.636+00:00,2026-09-19T05:51:08.181+00:00,True,30,30.0,,30.0,281049.97789499996,283594.99011899997,283594.99024499994,9453.166341499998,43.58254,281049.97789499996,51296.455236370355,114.30684285,87.75904220689655,27.037359249155326,0.10578466138422131,21,64,,True,True,,144,56.69694568066818
111,2026-09-19T05:46:25.302+00:00,2026-09-19T05:51:09.853+00:00,2026-09-19T05:51:14.742+00:00,True,50,50.0,,50.0,284550.88314600004,289440.56557800004,289440.56561600004,5788.811312320001,49.697946,284550.88314600004,40227.46218594956,110.69037089999998,99.7894373877551,14.975551429236244,0.17274703668489663,21,64,,True,True,,257,56.69694568066818
112,2026-09-19T05:46:26.016+00:00,2026-09-19T05:51:13.652+00:00,2026-09-19T05:51:22.314+00:00,True,87,87.0,,87.0,287635.15122899995,296297.76345299993,296297.76349099993,3405.721419436781,44.250199,287635.15122899995,30826.93006243209,113.4065526,100.72804911627907,16.05778460712016,0.2936235460778303,21,64,,True,True,,411,56.69694568066818
113,2026-09-19T05:46:26.620+00:00,2026-09-19T05:51:16.825+00:00,2026-09-19T05:51:24.436+00:00,True,77,77.0,,77.0,290204.28695499996,297815.62954699993,297815.62960899994,3867.735449467532,44.065428999999995,290204.28695499996,33060.4399185084,114.7823784,100.14924463157895,18.57910857224808,0.25854922428726396,21,64,,True,True,,276,56.69694568066818
114,2026-09-19T05:46:27.173+00:00,2026-09-19T05:51:19.474+00:00,2026-09-19T05:51:22.089+00:00,True,27,27.0,,27.0,292301.77422,294916.237196,294916.23717100004,10922.823598925926,48.12974,292301.77422,56234.152705948596,112.8299819,100.5562683076923,15.641884593645528,0.09155141899513632,21,64,,True,True,,111,56.69694568066818
115,2026-09-19T05:46:27.718+00:00,2026-09-19T05:51:23.121+00:00,2026-09-19T05:51:26.087+00:00,True,30,30.0,,30.0,295403.659659,298369.239179,298369.239074,9945.641302466667,49.177688,295403.659659,53914.415380813414,115.37384545,102.26136275862069,18.335362025998336,0.10054655795801444,21,64,,True,True,,148,56.69694568066818
116,2026-09-19T05:46:28.128+00:00,2026-09-19T05:51:25.345+00:00,2026-09-19T05:51:28.195+00:00,False,30,29.0,,29.0,297217.05424900004,300067.34903300006,300067.34905900003,10002.244968633335,0.03692,297217.05424900004,54246.222299465764,113.80806885,98.28602703448276,23.927648654691804,0.09664497018237965,21,64,,True,False,Request timeout: 300.0s exceeded,118,56.69694568066818
117,2026-09-19T05:46:28.819+00:00,2026-09-19T05:51:28.726+00:00,2026-09-19T05:51:29.602+00:00,False,10,9.0,,9.0,299907.308792,300783.018744,300783.018703,30078.301870299998,0.02729,299907.308792,94808.25531707647,165002.96967635,97.30110577777778,36.82051339832703,0.0299219019663474,21,64,,True,False,Request timeout: 300.0s exceeded,58,56.69694568066818
118,2026-09-19T05:46:29.383+00:00,2026-09-19T05:51:29.664+00:00,2026-09-19T05:51:29.664+00:00,False,1,0.0,,0.0,300280.54870499996,300280.54870499996,300280.54870499996,300280.54870499996,300280.54870499996,300280.54870499996,nan,300280.54870499996,nan,nan,0.0,21,64,,True,False,"HTTPConnectionPool(host='gpu03', port=9002): Read timed out.",0,56.69694568066818
119,2026-09-19T05:46:29.860+00:00,2026-09-19T05:51:29.943+00:00,2026-09-19T05:51:29.943+00:00,False,1,0.0,,0.0,300083.626621,300083.626621,300083.626621,300083.626621,300083.626621,300083.626621,nan,300083.626621,nan,nan,0.0,21,64,,True,False,"HTTPConnectionPool(host='gpu03', port=9002): Read timed out.",0,56.69694568066818
120,2026-09-19T05:46:30.552+00:00,2026-09-19T05:51:30.664+00:00,2026-09-19T05:51:30.664+00:00,False,1,0.0,,0.0,300112.675129,300112.675129,300112.675129,300112.675129,300112.675129,300112.675129,nan,300112.675129,nan,nan,0.0,21,64,,True,False,"HTTPConnectionPool(host='gpu03', port=9002): Read timed out.",0,56.69694568066818
121,2026-09-19T05:46:31.177+00:00,2026-09-19T05:51:30.984+00:00,2026-09-19T05:51:31.208+00:00,False,4,3.0,,3.0,299806.851994,300030.160282,300030.160281,75007.54007025,0.01998,299806.851994,149866.21719684507,254852.88634975,74.436096,64.48057855587984,0.009998994758327906,21,64,,True,False,Request timeout: 300.0s exceeded,4,56.69694568066818
122,2026-09-19T05:46:31.890+00:00,2026-09-19T05:51:31.995+00:00,2026-09-19T05:51:31.995+00:00,False,1,0.0,,0.0,300105.195926,300105.195926,300105.195926,300105.195926,300105.195926,300105.195926,nan,300105.195926,nan,nan,0.0,21,64,,True,False,"HTTPConnectionPool(host='gpu03', port=9002): Read timed out.",0,56.69694568066818
123,2026-09-19T05:46:32.351+00:00,2026-09-19T05:51:32.413+00:00,2026-09-19T05:51:32.413+00:00,False,1,0.0,,0.0,300062.27780800004,300062.27780800004,300062.27780800004,300062.27780800004,300062.27780800004,300062.27780800004,nan,300062.27780800004,nan,nan,0.0,21,64,,True,False,TTFT timeout: 300.0s exceeded (TTFT: 300.051s),0,56.69694568066818
124,2026-09-19T05:46:32.983+00:00,2026-09-19T05:51:32.913+00:00,2026-09-19T05:51:33.022+00:00,False,3,2.0,,2.0,299929.981273,300038.762585,300038.762604,100012.920868,0.062189999999999995,299929.981273,173133.26148465974,269947.85505980003,54.390656,76.83202798428145,0.00666580538717362,21,64,,True,False,Request timeout: 300.0s exceeded,16,56.69694568066818
125,2026-09-19T05:46:33.604+00:00,2026-09-19T05:51:33.713+00:00,2026-09-19T05:51:33.713+00:00,False,1,0.0,,0.0,300108.982203,300108.982203,300108.982203,300108.982203,300108.982203,300108.982203,nan,300108.982203,nan,nan,0.0,21,64,,True,False,"HTTPConnectionPool(host='gpu03', port=9002): Read timed out.",0,56.69694568066818
126,2026-09-19T05:46:34.263+00:00,2026-09-19T05:51:34.276+00:00,2026-09-19T05:51:34.276+00:00,False,1,0.0,,0.0,300013.562035,300013.562035,300013.562035,300013.562035,300013.562035,300013.562035,nan,300013.562035,nan,nan,0.0,21,64,,True,False,TTFT timeout: 300.0s exceeded (TTFT: 300.007s),0,56.69694568066818
127,2026-09-19T05:46:34.905+00:00,2026-09-19T05:51:34.654+00:00,2026-09-19T05:51:35.006+00:00,False,6,5.0,,5.0,299748.913026,300100.928642,300100.928437,50016.82140616667,0.03847,299748.913026,122343.24603415621,224837.827229,70.4031232,45.13612710101693,0.01666106140566016,21,64,,True,False,Request timeout: 300.0s exceeded,12,56.69694568066818
128,2026-09-19T05:46:35.517+00:00,2026-09-19T05:51:35.592+00:00,2026-09-19T05:51:35.592+00:00,False,1,0.0,,0.0,300075.12729699997,300075.12729699997,300075.12729699997,300075.12729699997,300075.12729699997,300075.12729699997,nan,300075.12729699997,nan,nan,0.0,21,64,,True,False,"HTTPConnectionPool(host='gpu03', port=9002): Read timed out.",0,56.69694568066818
129,2026-09-19T05:46:35.936+00:00,2026-09-19T05:51:35.893+00:00,2026-09-19T05:51:36.018+00:00,False,3,2.0,,2.0,299956.80558999995,300082.72174999997,300082.72160099994,100027.57386699998,0.02687,299956.80558999995,173143.80506775164,269973.71394509997,62.95808,88.99815653641372,0.006664828912296415,21,64,,True,False,Request timeout: 300.0s exceeded,4,56.69694568066818
130,2026-09-19T05:46:36.452+00:00,2026-09-19T05:51:36.253+00:00,2026-09-19T05:51:36.554+00:00,False,5,4.0,,4.0,299800.89239399997,300102.41917799995,300102.41909199994,60020.4838184,0.038380000000000004,299800.89239399997,134041.33040130124,239861.52837759999,75.381696,50.3393515087229,0.013328782923364165,21,64,,True,False,Request timeout: 300.0s exceeded,16,56.69694568066818
131,2026-09-19T05:46:36.998+00:00,2026-09-19T05:51:37.012+00:00,2026-09-19T05:51:37.012+00:00,False,1,0.0,,0.0,300014.185973,300014.185973,300014.185973,300014.185973,300014.185973,300014.185973,nan,300014.185973,nan,nan,0.0,21,64,,True,False,"HTTPConnectionPool(host='gpu03', port=9002): Read timed out.",0,56.69694568066818
132,2026-09-19T05:46:37.738+00:00,2026-09-19T05:51:37.459+00:00,2026-09-19T05:51:37.993+00:00,False,7,6.0,,6.0,299721.173303,300255.39487099997,300255.39498599997,42893.627855142855,0.04352,299721.173303,113250.30960666457,209838.9509345,89.036928,43.90549966709399,0.019982988157724212,21,64,,True,False,Request timeout: 300.0s exceeded,25,56.69694568066818
133,2026-09-19T05:46:38.078+00:00,2026-09-19T05:51:38.155+00:00,2026-09-19T05:51:38.155+00:00,False,1,0.0,,0.0,300077.020314,300077.020314,300077.020314,300077.020314,300077.020314,300077.020314,nan,300077.020314,nan,nan,0.0,21,64,,True,False,"HTTPConnectionPool(host='gpu03', port=9002): Read timed out.",0,56.69694568066818
134,2026-09-19T05:46:38.814+00:00,2026-09-19T05:51:39.174+00:00,2026-09-19T05:51:39.475+00:00,False,5,4.0,,4.0,300360.32523,300661.219694,300661.219539,60132.2439078,0.040799999999999996,300360.32523,134291.59661794765,240324.81101420004,75.223616,77.1775382086714,0.013304010421001508,21,64,,True,False,Request timeout: 300.0s exceeded,7,56.69694568066818
135,2026-09-19T05:46:39.463+00:00,2026-09-19T05:51:39.614+00:00,2026-09-19T05:51:39.614+00:00,False,1,0.0,,0.0,300150.733184,300150.733184,300150.733184,300150.733184,300150.733184,300150.733184,nan,300150.733184,nan,nan,0.0,21,64,,True,False,"HTTPConnectionPool(host='gpu03', port=9002): Read timed out.",0,56.69694568066818
136,2026-09-19T05:46:40.194+00:00,2026-09-19T05:51:40.276+00:00,2026-09-19T05:51:40.276+00:00,False,1,0.0,,0.0,300082.769846,300082.769846,300082.769846,300082.769846,300082.769846,300082.769846,nan,300082.769846,nan,nan,0.0,21,64,,True,False,"HTTPConnectionPool(host='gpu03', port=9002): Read timed out.",0,56.69694568066818
137,2026-09-19T05:46:40.732+00:00,2026-09-19T05:51:40.777+00:00,2026-09-19T05:51:40.777+00:00,False,1,0.0,,0.0,300045.27967,300045.27967,300045.27967,300045.27967,300045.27967,300045.27967,nan,300045.27967,nan,nan,0.0,21,64,,True,False,TTFT timeout: 300.0s exceeded (TTFT: 300.040s),0,56.69694568066818
138,2026-09-19T05:46:41.301+00:00,2026-09-19T05:51:41.078+00:00,2026-09-19T05:51:41.318+00:00,False,5,4.0,,4.0,299777.597823,300017.039231,300017.039324,60003.4078648,0.047130000000000005,299777.597823,134037.85296906397,239841.37276020003,59.860352,46.193735027588325,0.013332576077187986,21,64,,True,False,Request timeout: 300.0s exceeded,13,56.69694568066818
139,2026-09-19T05:46:41.826+00:00,2026-09-19T05:51:41.916+00:00,2026-09-19T05:51:41.916+00:00,False,1,0.0,,0.0,300090.167032,300090.167032,300090.167032,300090.167032,300090.167032,300090.167032,nan,300090.167032,nan,nan,0.0,21,64,,True,False,"HTTPConnectionPool(host='gpu03', port=9002): Read timed out.",0,56.69694568066818
140,2026-09-19T05:46:42.409+00:00,2026-09-19T05:51:42.441+00:00,2026-09-19T05:51:42.441+00:00,False,1,0.0,,0.0,300031.952506,300031.952506,300031.952506,300031.952506,300031.952506,300031.952506,nan,300031.952506,nan,nan,0.0,21,64,,True,False,"HTTPConnectionPool(host='gpu03', port=9002): Read timed out.",0,56.69694568066818
141,2026-09-19T05:46:43.130+00:00,2026-09-19T05:51:42.923+00:00,2026-09-19T05:51:43.239+00:00,False,5,4.0,,4.0,299792.73720200005,300108.782514,300108.78255600005,60021.75651120001,0.02175,299792.73720200005,134036.0607992118,239856.64433800004,79.011328,52.91972551121194,0.013328500307429025,21,64,,True,False,Request timeout: 300.0s exceeded,7,56.69694568066818
142,2026-09-19T05:46:43.554+00:00,2026-09-19T05:51:43.643+00:00,2026-09-19T05:51:43.643+00:00,False,1,0.0,,0.0,300088.639703,300088.639703,300088.639703,300088.639703,300088.639703,300088.639703,nan,300088.639703,nan,nan,0.0,21,64,,True,False,"HTTPConnectionPool(host='gpu03', port=9002): Read timed out.",0,56.69694568066818
143,2026-09-19T05:46:44.210+00:00,2026-09-19T05:51:44.199+00:00,2026-09-19T05:51:44.350+00:00,False,3,2.0,,2.0,299988.89560600003,300140.41867800005,300140.418719,100046.80623966668,0.03847,299988.89560600003,173154.94523436791,270005.1545097,75.761536,107.08868591662235,0.006663547711465219,21,64,,True,False,Request timeout: 300.0s exceeded,3,56.69694568066818
144,2026-09-19T05:46:44.873+00:00,2026-09-19T05:51:44.631+00:00,2026-09-19T05:51:44.890+00:00,False,5,4.0,,4.0,299757.57124099997,300016.66013699997,300016.66022599995,60003.3320452,0.045770000000000005,299757.57124099997,134026.70131246763,239827.95836639998,64.772224,50.47553186343963,0.013332592923917742,21,64,,True,False,Request timeout: 300.0s exceeded,22,56.69694568066818
145,2026-09-19T05:46:45.388+00:00,2026-09-19T05:51:45.501+00:00,2026-09-19T05:51:45.501+00:00,False,1,0.0,,0.0,300112.601752,300112.601752,300112.601752,300112.601752,300112.601752,300112.601752,nan,300112.601752,nan,nan,0.0,21,64,,True,False,"HTTPConnectionPool(host='gpu03', port=9002): Read timed out.",0,56.69694568066818
146,2026-09-19T05:46:46.046+00:00,2026-09-19T05:51:46.012+00:00,2026-09-19T05:51:46.172+00:00,False,3,2.0,,2.0,299966.166062,300126.573614,300126.573574,100042.19119133333,0.02488,299966.166062,173139.25962853534,269985.587719,80.203776,113.39015002155288,0.006663855105920238,21,64,,True,False,Request timeout: 300.0s exceeded,3,56.69694568066818
147,2026-09-19T05:46:46.559+00:00,2026-09-19T05:51:46.285+00:00,2026-09-19T05:51:46.583+00:00,False,5,4.0,,4.0,299726.372599,300024.289527,300024.289435,60004.857887,0.040979999999999996,299726.372599,134008.4075818366,239802.10875080002,74.479232,49.80200262174331,0.013332253886197534,21,64,,True,False,Request timeout: 300.0s exceeded,12,56.69694568066818
148,2026-09-19T05:46:47.076+00:00,2026-09-19T05:51:47.181+00:00,2026-09-19T05:51:47.181+00:00,False,1,0.0,,0.0,300104.779356,300104.779356,300104.779356,300104.779356,300104.779356,300104.779356,nan,300104.779356,nan,nan,0.0,21,64,,True,False,"HTTPConnectionPool(host='gpu03', port=9002): Read timed out.",0,56.69694568066818
149,2026-09-19T05:46:47.708+00:00,2026-09-19T05:51:47.677+00:00,2026-09-19T05:51:47.824+00:00,False,3,2.0,,2.0,299968.74076,300115.33711200004,300115.337274,100038.445758,0.03442,299968.74076,173144.72995814765,269986.5228934,73.298176,103.61076141436645,0.006664104604736079,21,64,,True,False,Request timeout: 300.0s exceeded,10,56.69694568066818
150,2026-09-19T05:46:48.274+00:00,2026-09-19T05:51:48.068+00:00,2026-09-19T05:51:48.369+00:00,False,5,4.0,,4.0,299793.846361,300094.285913,300094.285982,60018.85719639999,0.053759,299793.846361,134038.30083047872,239856.1784188,75.109888,50.239348613071485,0.013329144164909676,21,64,,True,False,Request timeout: 300.0s exceeded,13,56.69694568066818
151,2026-09-19T05:46:48.780+00:00,2026-09-19T05:51:48.844+00:00,2026-09-19T05:51:48.844+00:00,False,1,0.0,,0.0,300064.599565,300064.599565,300064.599565,300064.599565,300064.599565,300064.599565,nan,300064.599565,nan,nan,0.0,21,64,,True,False,"HTTPConnectionPool(host='gpu03', port=9002): Read timed out.",0,56.69694568066818
152,2026-09-19T05:46:49.501+00:00,2026-09-19T05:51:49.393+00:00,2026-09-19T05:51:49.523+00:00,False,3,2.0,,2.0,299891.767897,300022.22600900003,300022.225816,100007.40860533333,0.02224,299891.767897,173104.94524708512,269915.6346752,65.229056,92.21631829153293,0.006666172791945102,21,64,,True,False,Request timeout: 300.0s exceeded,4,56.69694568066818
153,2026-09-19T05:46:49.943+00:00,2026-09-19T05:51:49.750+00:00,2026-09-19T05:51:49.962+00:00,False,5,4.0,,4.0,299807.062246,300018.81853399996,300018.818675,60003.763735,0.06603,299807.062246,134054.1254612432,239868.713598,52.939072,47.40525437846771,0.01333249700650593,21,64,,True,False,Request timeout: 300.0s exceeded,13,56.69694568066818
154,2026-09-19T05:46:50.668+00:00,2026-09-19T05:51:50.866+00:00,2026-09-19T05:51:51.465+00:00,False,7,6.0,,6.0,300197.062226,300796.825426,300796.825543,42970.97507757143,0.02502,300197.062226,113426.05281138391,210181.86867320002,99.96053333333333,51.98130251767014,0.01994701902688823,21,64,,True,False,Request timeout: 300.0s exceeded,14,56.69694568066818
155,2026-09-19T05:46:51.386+00:00,2026-09-19T05:51:51.635+00:00,2026-09-19T05:51:51.635+00:00,False,1,0.0,,0.0,300249.13477899996,300249.13477899996,300249.13477899996,300249.13477899996,300249.13477899996,300249.13477899996,nan,300249.13477899996,nan,nan,0.0,21,64,,True,False,"HTTPConnectionPool(host='gpu03', port=9002): Read timed out.",0,56.69694568066818
156,2026-09-19T05:46:51.937+00:00,2026-09-19T05:51:51.944+00:00,2026-09-19T05:51:51.944+00:00,False,1,0.0,,0.0,300007.708101,300007.708101,300007.708101,300007.708101,300007.708101,300007.708101,nan,300007.708101,nan,nan,0.0,21,64,,True,False,"HTTPConnectionPool(host='gpu03', port=9002): Read timed out.",0,56.69694568066818
157,2026-09-19T05:46:52.433+00:00,2026-09-19T05:51:52.514+00:00,2026-09-19T05:51:52.514+00:00,False,1,0.0,,0.0,300081.124126,300081.124126,300081.124126,300081.124126,300081.124126,300081.124126,nan,300081.124126,nan,nan,0.0,21,64,,True,False,"HTTPConnectionPool(host='gpu03', port=9002): Read timed out.",0,56.69694568066818
158,2026-09-19T05:46:53.173+00:00,2026-09-19T05:51:52.990+00:00,2026-09-19T05:51:53.268+00:00,False,5,4.0,,4.0,299817.116192,300095.499808,300095.499708,60019.0999416,0.03467,299817.116192,134051.17250868873,239874.3731208,69.595904,47.10539769149541,0.013329090248134962,21,64,,True,False,Request timeout: 300.0s exceeded,22,56.69694568066818
159,2026-09-19T05:46:53.801+00:00,2026-09-19T05:51:53.833+00:00,2026-09-19T05:51:53.833+00:00,False,1,0.0,,0.0,300031.583805,300031.583805,300031.583805,300031.583805,300031.583805,300031.583805,nan,300031.583805,nan,nan,0.0,21,64,,True,False,TTFT timeout: 300.0s exceeded (TTFT: 300.013s),0,56.69694568066818
160,2026-09-19T05:46:54.281+00:00,2026-09-19T05:51:54.392+00:00,2026-09-19T05:51:54.392+00:00,False,1,0.0,,0.0,300111.355846,300111.355846,300111.355846,300111.355846,300111.355846,300111.355846,nan,300111.355846,nan,nan,0.0,21,64,,True,False,"HTTPConnectionPool(host='gpu03', port=9002): Read timed out.",0,56.69694568066818
161,2026-09-19T05:46:55.650+00:00,2026-09-19T05:51:54.779+00:00,2026-09-19T05:51:55.805+00:00,True,11,11.0,,11.0,299128.957309,300154.887805,300154.887708,27286.807973454546,46.791205000000005,299128.957309,90159.84345922843,149628.2676575,102.5930496,21.486475934834022,0.036647745703699185,21,64,,True,True,,37,56.69694568066818
162,2026-09-19T05:46:55.801+00:00,2026-09-19T05:51:56.025+00:00,2026-09-19T05:51:56.025+00:00,False,1,0.0,,0.0,300224.54361,300224.54361,300224.54361,300224.54361,300224.54361,300224.54361,nan,300224.54361,nan,nan,0.0,21,64,,True,False,TTFT timeout: 300.0s exceeded (TTFT: 300.016s),0,56.69694568066818
163,2026-09-19T05:46:55.899+00:00,2026-09-19T05:51:56.106+00:00,2026-09-19T05:51:56.106+00:00,False,1,0.0,,0.0,300206.718653,300206.718653,300206.718653,300206.718653,300206.718653,300206.718653,nan,300206.718653,nan,nan,0.0,21,64,,True,False,"HTTPConnectionPool(host='gpu03', port=9002): Read timed out.",0,56.69694568066818
164,2026-09-19T05:46:56.616+00:00,2026-09-19T05:51:56.720+00:00,2026-09-19T05:51:56.720+00:00,False,1,0.0,,0.0,300103.283957,300103.283957,300103.283957,300103.283957,300103.283957,300103.283957,nan,300103.283957,nan,nan,0.0,21,64,,True,False,"HTTPConnectionPool(host='gpu03', port=9002): Read timed out.",0,56.69694568066818
165,2026-09-19T05:46:57.057+00:00,2026-09-19T05:51:57.161+00:00,2026-09-19T05:51:57.161+00:00,False,1,0.0,,0.0,300103.694097,300103.694097,300103.694097,300103.694097,300103.694097,300103.694097,nan,300103.694097,nan,nan,0.0,21,64,,True,False,"HTTPConnectionPool(host='gpu03', port=9002): Read timed out.",0,56.69694568066818
166,2026-09-19T05:46:57.788+00:00,2026-09-19T05:51:57.410+00:00,2026-09-19T05:51:57.811+00:00,False,6,5.0,,5.0,299621.68616000004,300023.15201600007,300023.15209300007,50003.858682166676,0.03975,299621.68616000004,122287.26818962056,224741.63056250007,80.2931712,44.86844147670676,0.016665380542810086,21,64,,True,False,Request timeout: 300.0s exceeded,15,56.69694568066818
167,2026-09-19T05:46:58.370+00:00,2026-09-19T05:51:58.386+00:00,2026-09-19T05:51:58.386+00:00,False,1,0.0,,0.0,300016.776193,300016.776193,300016.776193,300016.776193,300016.776193,300016.776193,nan,300016.776193,nan,nan,0.0,21,64,,True,False,"HTTPConnectionPool(host='gpu03', port=9002): Read timed out.",0,56.69694568066818
168,2026-09-19T05:46:59.091+00:00,2026-09-19T05:51:59.076+00:00,2026-09-19T05:51:59.200+00:00,False,3,2.0,,2.0,299984.46512199997,300108.90953799995,300108.909666,100036.30322199999,0.02922,299984.46512199997,173160.19881418237,269998.46014219994,62.222208,87.9542180257954,0.00666424733300615,21,64,,True,False,Request timeout: 300.0s exceeded,4,56.69694568066818
169,2026-09-19T05:46:59.550+00:00,2026-09-19T05:51:59.423+00:00,2026-09-19T05:51:59.621+00:00,False,4,3.0,,3.0,299872.98722500005,300070.75132100005,300070.75119000004,75017.68779750001,0.04118,299872.98722500005,149903.54019024372,254906.92033030002,65.92136533333334,57.054935076772644,0.00999764217869657,21,64,,True,False,Request timeout: 300.0s exceeded,10,56.69694568066818
170,2026-09-19T05:47:00.084+00:00,2026-09-19T05:52:00.128+00:00,2026-09-19T05:52:00.128+00:00,False,1,0.0,,0.0,300043.619177,300043.619177,300043.619177,300043.619177,300043.619177,300043.619177,nan,300043.619177,nan,nan,0.0,21,64,,True,False,"HTTPConnectionPool(host='gpu03', port=9002): Read timed out.",0,56.69694568066818
171,2026-09-19T05:47:00.612+00:00,2026-09-19T05:52:00.556+00:00,2026-09-19T05:52:00.663+00:00,False,3,2.0,,2.0,299943.58117400005,300050.82674200006,300050.82681100006,100016.94227033335,0.03954,299943.58117400005,173141.55647520206,269959.94366630004,53.622784,75.77831442952001,0.006665537374838524,21,64,,True,False,Request timeout: 300.0s exceeded,3,56.69694568066818
172,2026-09-19T05:47:01.271+00:00,2026-09-19T05:52:01.128+00:00,2026-09-19T05:52:01.329+00:00,False,5,4.0,,4.0,299856.643675,300057.638747,300057.638881,60011.5277762,0.03423,299856.643675,134077.50259861074,239908.7361484,50.248768,49.28372606852097,0.013330772103331405,21,64,,True,False,Request timeout: 300.0s exceeded,17,56.69694568066818
173,2026-09-19T05:47:01.974+00:00,2026-09-19T05:52:02.037+00:00,2026-09-19T05:52:02.037+00:00,False,1,0.0,,0.0,300062.97166000004,300062.97166000004,300062.97166000004,300062.97166000004,300062.97166000004,300062.97166000004,nan,300062.97166000004,nan,nan,0.0,21,64,,True,False,"HTTPConnectionPool(host='gpu03', port=9002): Read timed out.",0,56.69694568066818
174,2026-09-19T05:47:02.477+00:00,2026-09-19T05:52:02.336+00:00,2026-09-19T05:52:02.600+00:00,False,4,3.0,,3.0,299858.369207,300122.698935,300122.699137,75030.67478425,0.021478999999999998,299858.369207,149885.14260447925,254900.12478920002,88.10990933333333,76.4244850757269,0.00999591170759708,21,64,,True,False,Request timeout: 300.0s exceeded,23,56.69694568066818
175,2026-09-19T05:47:03.036+00:00,2026-09-19T05:52:02.601+00:00,2026-09-19T05:52:03.097+00:00,False,9,8.0,,8.0,299565.356785,300060.581361,300060.581399,33340.06459988889,0.09345999999999999,299565.356785,99834.48989791675,179781.625555,61.903072,34.87017497153522,0.026661282744017873,21,64,,True,False,Request timeout: 300.0s exceeded,28,56.69694568066818
176,2026-09-19T05:47:03.515+00:00,2026-09-19T05:52:03.619+00:00,2026-09-19T05:52:03.619+00:00,False,1,0.0,,0.0,300104.091688,300104.091688,300104.091688,300104.091688,300104.091688,300104.091688,nan,300104.091688,nan,nan,0.0,21,64,,True,False,"HTTPConnectionPool(host='gpu03', port=9002): Read timed out.",0,56.69694568066818
177,2026-09-19T05:47:04.097+00:00,2026-09-19T05:52:04.079+00:00,2026-09-19T05:52:05.051+00:00,False,11,10.0,,10.0,299982.409013,300953.998901,300953.998725,27359.454429545458,0.02879,299982.409013,90418.81115939483,150056.5334805,97.1589888,35.29615749337587,0.033227669466154984,21,64,,True,False,Request timeout: 300.0s exceeded,32,56.69694568066818
178,2026-09-19T05:47:04.590+00:00,2026-09-19T05:52:04.431+00:00,2026-09-19T05:52:05.152+00:00,False,9,8.0,,8.0,299841.111955,300562.63771499996,300562.637732,33395.848636888884,0.02653,299841.111955,99916.97961869865,179948.88816019997,90.19072,36.6279192096054,0.026616748045662865,21,64,,True,False,Request timeout: 300.0s exceeded,15,56.69694568066818
179,2026-09-19T05:47:05.315+00:00,2026-09-19T05:52:05.341+00:00,2026-09-19T05:52:05.341+00:00,False,1,0.0,,0.0,300026.49693900003,300026.49693900003,300026.49693900003,300026.49693900003,300026.49693900003,300026.49693900003,nan,300026.49693900003,nan,nan,0.0,21,64,,True,False,"HTTPConnectionPool(host='gpu03', port=9002): Read timed out.",0,56.69694568066818
180,2026-09-19T05:47:05.805+00:00,2026-09-19T05:52:05.832+00:00,2026-09-19T05:52:05.832+00:00,False,1,0.0,,0.0,300027.318922,300027.318922,300027.318922,300027.318922,300027.318922,300027.318922,nan,300027.318922,nan,nan,0.0,21,64,,True,False,"HTTPConnectionPool(host='gpu03', port=9002): Read timed out.",0,56.69694568066818
181,2026-09-19T05:47:06.334+00:00,2026-09-19T05:52:06.344+00:00,2026-09-19T05:52:06.548+00:00,False,3,2.0,,2.0,300010.55127399997,300213.93533799995,300213.93531499995,100071.31177166666,0.03972,300010.55127399997,173152.49046077492,270029.83057869994,101.692032,143.7581348455238,0.006661915935875105,21,64,,True,False,Request timeout: 300.0s exceeded,4,56.69694568066818
182,2026-09-19T05:47:07.024+00:00,2026-09-19T05:52:06.647+00:00,2026-09-19T05:52:07.045+00:00,False,8,7.0,,7.0,299622.404271,300020.832687,300020.832482,37502.60406025,0.06493,299622.404271,105912.39771777698,194789.1007506,56.91834514285714,33.17555140563056,0.02333171312574426,21,64,,True,False,Request timeout: 300.0s exceeded,54,56.69694568066818
183,2026-09-19T05:47:07.565+00:00,2026-09-19T05:52:07.671+00:00,2026-09-19T05:52:07.671+00:00,False,1,0.0,,0.0,300106.582991,300106.582991,300106.582991,300106.582991,300106.582991,300106.582991,nan,300106.582991,nan,nan,0.0,21,64,,True,False,"HTTPConnectionPool(host='gpu03', port=9002): Read timed out.",0,56.69694568066818
184,2026-09-19T05:47:08.029+00:00,2026-09-19T05:52:08.126+00:00,2026-09-19T05:52:08.126+00:00,False,1,0.0,,0.0,300097.632442,300097.632442,300097.632442,300097.632442,300097.632442,300097.632442,nan,300097.632442,nan,nan,0.0,21,64,,True,False,TTFT timeout: 300.0s exceeded (TTFT: 300.077s),0,56.69694568066818
185,2026-09-19T05:47:08.623+00:00,2026-09-19T05:52:08.509+00:00,2026-09-19T05:52:08.709+00:00,False,4,3.0,,3.0,299885.318417,300085.564433,300085.564585,75021.39114625,0.02275,299885.318417,149909.29232340227,254918.25686224998,66.748672,57.98524034968292,0.009997148665476073,21,64,,True,False,Request timeout: 300.0s exceeded,12,56.69694568066818
186,2026-09-19T05:47:09.130+00:00,2026-09-19T05:52:09.148+00:00,2026-09-19T05:52:09.148+00:00,False,1,0.0,,0.0,300017.96067400003,300017.96067400003,300017.96067400003,300017.96067400003,300017.96067400003,300017.96067400003,nan,300017.96067400003,nan,nan,0.0,21,64,,True,False,"HTTPConnectionPool(host='gpu03', port=9002): Read timed out.",0,56.69694568066818
187,2026-09-19T05:47:09.600+00:00,2026-09-19T05:52:09.600+00:00,2026-09-19T05:52:09.730+00:00,False,3,2.0,,2.0,299999.434168,300130.348472,300130.348365,100043.44945500001,0.034569,299999.434168,173166.97475851592,270012.578714,65.457152,92.52151689200156,0.00666377129198111,21,64,,True,False,Request timeout: 300.0s exceeded,7,56.69694568066818
188,2026-09-19T05:47:10.156+00:00,2026-09-19T05:52:09.995+00:00,2026-09-19T05:52:10.203+00:00,False,4,3.0,,3.0,299838.34826999996,300046.40510199993,300046.40507999994,75011.60126999998,0.08054,299838.34826999996,149884.50603062788,254878.71539039994,69.35227733333333,60.0917324044457,0.009998453402500052,21,64,,True,False,Request timeout: 300.0s exceeded,5,56.69694568066818
189,2026-09-19T05:47:10.719+00:00,2026-09-19T05:52:10.767+00:00,2026-09-19T05:52:10.767+00:00,False,1,0.0,,0.0,300048.431653,300048.431653,300048.431653,300048.431653,300048.431653,300048.431653,nan,300048.431653,nan,nan,0.0,21,64,,True,False,"HTTPConnectionPool(host='gpu03', port=9002): Read timed out.",0,56.69694568066818
190,2026-09-19T05:47:11.332+00:00,2026-09-19T05:52:11.360+00:00,2026-09-19T05:52:11.360+00:00,False,1,0.0,,0.0,300028.551604,300028.551604,300028.551604,300028.551604,300028.551604,300028.551604,nan,300028.551604,nan,nan,0.0,21,64,,True,False,TTFT timeout: 300.0s exceeded (TTFT: 300.022s),0,56.69694568066818
191,2026-09-19T05:47:12.036+00:00,2026-09-19T05:52:11.835+00:00,2026-09-19T05:52:12.128+00:00,False,5,4.0,,4.0,299798.71048,300092.271824,300092.271889,60018.4543778,0.02268,299798.71048,134041.24480073704,239859.37492399997,73.390336,49.025188963657065,0.013329233624336533,21,64,,True,False,Request timeout: 300.0s exceeded,22,56.69694568066818
192,2026-09-19T05:47:12.529+00:00,2026-09-19T05:52:12.635+00:00,2026-09-19T05:52:12.635+00:00,False,1,0.0,,0.0,300105.425052,300105.425052,300105.425052,300105.425052,300105.425052,300105.425052,nan,300105.425052,nan,nan,0.0,21,64,,True,False,"HTTPConnectionPool(host='gpu03', port=9002): Read timed out.",0,56.69694568066818
193,2026-09-19T05:47:13.043+00:00,2026-09-19T05:52:13.096+00:00,2026-09-19T05:52:13.096+00:00,False,1,0.0,,0.0,300052.18478500005,300052.18478500005,300052.18478500005,300052.18478500005,300052.18478500005,300052.18478500005,nan,300052.18478500005,nan,nan,0.0,21,64,,True,False,TTFT timeout: 300.0s exceeded (TTFT: 300.044s),0,56.69694568066818
194,2026-09-19T05:47:13.465+00:00,2026-09-19T05:52:13.355+00:00,2026-09-19T05:52:13.568+00:00,False,4,3.0,,3.0,299890.39365499996,300102.76152699994,300102.76151399995,75025.69037849999,0.05064,299890.39365499996,149909.8106473303,254923.85135854996,70.78929066666667,61.69321024296263,0.009996575788690612,21,64,,True,False,Request timeout: 300.0s exceeded,10,56.69694568066818
195,2026-09-19T05:47:14.098+00:00,2026-09-19T05:52:14.218+00:00,2026-09-19T05:52:14.218+00:00,False,1,0.0,,0.0,300120.53018,300120.53018,300120.53018,300120.53018,300120.53018,300120.53018,nan,300120.53018,nan,nan,0.0,21,64,,True,False,"HTTPConnectionPool(host='gpu03', port=9002): Read timed out.",0,56.69694568066818
196,2026-09-19T05:47:14.713+00:00,2026-09-19T05:52:14.643+00:00,2026-09-19T05:52:14.782+00:00,False,3,2.0,,2.0,299930.332138,300069.318378,300069.318227,100023.10607566667,0.04227,299930.332138,173124.75010050618,269951.1933061,69.49312,98.21837641474634,0.0066651266141131505,21,64,,True,False,Request timeout: 300.0s exceeded,4,56.69694568066818
197,2026-09-19T05:47:15.338+00:00,2026-09-19T05:52:15.136+00:00,2026-09-19T05:52:15.450+00:00,False,5,4.0,,4.0,299797.502495,300112.004895,300112.004923,60022.400984600004,0.053399999999999996,299797.502495,134038.36452456255,239861.61464200006,78.6256,53.3143064379386,0.01332835719583919,21,64,,True,False,Request timeout: 300.0s exceeded,19,56.69694568066818
198,2026-09-19T05:47:16.037+00:00,2026-09-19T05:52:16.148+00:00,2026-09-19T05:52:16.148+00:00,False,1,0.0,,0.0,300111.547247,300111.547247,300111.547247,300111.547247,300111.547247,300111.547247,nan,300111.547247,nan,nan,0.0,21,64,,True,False,"HTTPConnectionPool(host='gpu03', port=9002): Read timed out.",0,56.69694568066818
199,2026-09-19T05:47:17.482+00:00,2026-09-19T05:52:16.659+00:00,2026-09-19T05:52:17.867+00:00,False,14,13.0,,13.0,299177.52976099995,300385.208481,300385.208473,21456.0863195,0.03645,299177.52976099995,79933.73665078434,104798.87305565,92.89836307692308,33.87630570722651,0.04327776346158628,21,64,,True,False,Request timeout: 300.0s exceeded,65,56.69694568066818
201,2026-09-19T05:47:17.919+00:00,2026-09-19T05:52:17.978+00:00,2026-09-19T05:52:17.978+00:00,False,1,0.0,,0.0,300059.504475,300059.504475,300059.504475,300059.504475,300059.504475,300059.504475,nan,300059.504475,nan,nan,0.0,21,64,,True,False,"HTTPConnectionPool(host='gpu03', port=9002): Read timed out.",0,56.69694568066818
200,2026-09-19T05:47:17.661+00:00,2026-09-19T05:52:17.979+00:00,2026-09-19T05:52:17.979+00:00,False,1,0.0,,0.0,300318.464197,300318.464197,300318.464197,300318.464197,300318.464197,300318.464197,nan,300318.464197,nan,nan,0.0,21,64,,True,False,"HTTPConnectionPool(host='gpu03', port=9002): Read timed out.",0,56.69694568066818
202,2026-09-19T05:47:18.575+00:00,2026-09-19T05:52:18.677+00:00,2026-09-19T05:52:18.677+00:00,False,1,0.0,,0.0,300102.773625,300102.773625,300102.773625,300102.773625,300102.773625,300102.773625,nan,300102.773625,nan,nan,0.0,21,64,,True,False,"HTTPConnectionPool(host='gpu03', port=9002): Read timed out.",0,56.69694568066818
203,2026-09-19T05:47:19.101+00:00,2026-09-19T05:52:19.142+00:00,2026-09-19T05:52:20.279+00:00,True,13,13.0,,13.0,300041.88145700004,301178.767729,301178.76774300006,23167.59751869231,29.017729,300041.88145700004,83190.38715228226,120170.097548,94.74052266666668,57.453058377798236,0.043163733280486,21,64,,True,True,,53,56.69694568066818
204,2026-09-19T05:47:19.780+00:00,2026-09-19T05:52:19.394+00:00,2026-09-19T05:52:20.688+00:00,False,17,16.0,,16.0,299613.58927399997,300907.97493799997,300907.975024,17700.46911905882,0.024820000000000002,299613.58927399997,72647.35525567461,60008.98876279999,80.899104,33.00262766667913,0.05317240263670874,21,64,,True,False,Request timeout: 300.0s exceeded,53,56.69694568066818
205,2026-09-19T05:47:20.247+00:00,2026-09-19T05:52:21.342+00:00,2026-09-19T05:52:21.342+00:00,False,1,0.0,,0.0,301094.395105,301094.395105,301094.395105,301094.395105,301094.395105,301094.395105,nan,301094.395105,nan,nan,0.0,21,64,,True,False,"HTTPConnectionPool(host='gpu03', port=9002): Read timed out.",0,56.69694568066818
0,2026-09-19T05:45:20.791+00:00,2026-09-19T05:45:21.011+00:00,2026-09-19T05:45:26.895+00:00,True,65,65.0,,65.0,219.991451,6103.7282829999995,6103.728293,93.9035122,35.488908,219.991451,29.024563284762788,111.34638199999999,91.933388,24.484737417807043,10.649228960770895,22,64,,False,True,,219,56.69694568066818
1,2026-09-19T05:45:21.297+00:00,2026-09-19T05:45:21.550+00:00,2026-09-19T05:45:29.679+00:00,True,85,85.0,,85.0,253.314353,8381.802289000001,8381.802207,98.60943772941177,41.964532,253.314353,28.129691059797125,113.59029360000001,96.76771352380952,22.561548532381924,10.141017059248842,22,64,,False,True,,322,56.69694568066818
2,2026-09-19T05:45:22.005+00:00,2026-09-19T05:45:24.230+00:00,2026-09-19T05:45:33.271+00:00,True,94,94.0,,94.0,2225.082597,11266.016997,11266.017004,119.85124472340425,0.0,2225.082597,221.16288855402988,112.36258679999999,97.21434838709678,27.436926453871543,8.343676387584985,22,64,,False,True,,445,56.69694568066818
3,2026-09-19T05:45:22.383+00:00,2026-09-19T05:45:27.257+00:00,2026-09-19T05:45:35.953+00:00,True,89,89.0,,89.0,4874.086355,13570.290899,13570.290835,152.47517792134832,0.0,4874.086355,506.7652407770182,110.66469380000001,98.82050618181819,24.54648255780723,6.558444521374147,22,64,,False,True,,327,56.69694568066818
4,2026-09-19T05:45:23.013+00:00,2026-09-19T05:45:30.297+00:00,2026-09-19T05:45:33.676+00:00,True,35,35.0,,35.0,7283.995362,10662.980577999999,10662.980569,304.65658768571427,0.0,7283.995362,1214.8959151821307,170.509414,99.38191811764705,34.465476341649975,3.2823842962081784,22,64,,False,True,,159,56.69694568066818
5,2026-09-19T05:45:23.563+00:00,2026-09-19T05:45:33.167+00:00,2026-09-19T05:45:37.179+00:00,True,41,41.0,,41.0,9604.017636,13616.541156000001,13616.540986,332.11075575609755,0.0,9604.017636,1484.9031425052574,249.231299,100.313088,45.29960737264258,3.01104366595578,22,64,,False,True,,233,56.69694568066818
6,2026-09-19T05:45:24.171+00:00,2026-09-19T05:45:36.558+00:00,2026-09-19T05:45:44.823+00:00,True,85,85.0,,85.0,12386.439022,20651.958638,20651.958455,242.96421711764705,0.0,12386.439022,1333.7955344786965,137.756441,98.39904304761905,51.176564636075796,4.1158323764797,22,64,,False,True,,386,56.69694568066818
7,2026-09-19T05:45:24.545+00:00,2026-09-19T05:45:38.516+00:00,2026-09-19T05:45:46.452+00:00,True,82,82.0,,82.0,13971.14325,21907.381842,21907.38168,267.16319121951216,0.0,13971.14325,1532.9418869724343,136.21028504999998,97.97825422222222,53.05665621227578,3.743030572589588,22,64,,False,True,,333,56.69694568066818
8,2026-09-19T05:45:25.221+00:00,2026-09-19T05:45:42.085+00:00,2026-09-19T05:45:43.947+00:00,True,20,20.0,,20.0,16864.09077,18726.249617999998,18726.249582,936.3124790999999,0.0,16864.09077,3749.4256810361203,1111.5799203999998,98.00836042105263,57.35966023969826,1.0680195131424315,22,64,,False,True,,91,56.69694568066818
9,2026-09-19T05:45:25.687+00:00,2026-09-19T05:45:44.818+00:00,2026-09-19T05:45:47.428+00:00,True,28,28.0,,28.0,19130.918449,21741.051441,21741.051487,776.4661245357144,0.0,19130.918449,3597.605002130839,263.08451345000003,96.6715922962963,59.28771946461587,1.2878861942802209,22,64,,False,True,,144,56.69694568066818
10,2026-09-19T05:45:26.278+00:00,2026-09-19T05:45:48.449+00:00,2026-09-19T05:45:50.746+00:00,True,24,24.0,,24.0,22170.822226,24467.707474,24467.707384,1019.4878076666666,0.0,22170.822226,4505.747749096668,341.67643884999995,99.864576,70.81910836242295,0.9808847038694984,22,64,,False,True,,128,56.69694568066818
11,2026-09-19T05:45:26.680+00:00,2026-09-19T05:45:50.529+00:00,2026-09-19T05:45:52.234+00:00,True,14,14.0,,14.0,23848.956495000002,25553.988687,25553.988482,1825.2848915714287,89.941521,23848.956495000002,6339.567389796115,8646.783093650001,131.15632246153845,99.3514826003235,0.5478596774648403,22,64,,False,True,,47,56.69694568066818
12,2026-09-19T05:45:27.178+00:00,2026-09-19T05:45:53.127+00:00,2026-09-19T05:45:57.488+00:00,True,48,48.0,,48.0,25948.783123,30309.377299,30309.377323,631.4453608958333,0.0,25948.783123,3732.5409295051727,109.77790335,92.77859948936171,64.65703372356298,1.5836682993016709,22,64,,False,True,,234,56.69694568066818
13,2026-09-19T05:45:27.844+00:00,2026-09-19T05:45:56.394+00:00,2026-09-19T05:46:00.916+00:00,True,48,48.0,,48.0,28550.483471,33072.248335,33072.248286,689.005172625,0.0,28550.483471,4107.683148993023,114.50492505,96.20776306382979,74.55301469687161,1.451367911663935,22,64,,False,True,,221,56.69694568066818
14,2026-09-19T05:45:28.431+00:00,2026-09-19T05:46:00.446+00:00,2026-09-19T05:46:06.520+00:00,True,61,61.0,,61.0,32015.159897999998,38089.366362,38089.366368999996,624.415842114754,0.0,32015.159897999998,4086.793665156243,112.780918,101.2367744,72.621033596986,1.601496843508977,22,64,,False,True,,287,56.69694568066818
15,2026-09-19T05:45:28.976+00:00,2026-09-19T05:46:03.089+00:00,2026-09-19T05:46:12.577+00:00,True,94,94.0,,94.0,34112.291933,43600.446813,43600.44685,463.8345409574468,0.0,34112.291933,3509.416339044602,116.35275314999998,102.02317075268817,104.00686590152213,2.1559412086568974,22,64,,False,True,,315,56.69694568066818
16,2026-09-19T05:45:29.391+00:00,2026-09-19T05:46:05.756+00:00,2026-09-19T05:46:10.950+00:00,True,54,54.0,,54.0,36365.363535,41559.178575,41559.178366,769.6144141851852,0.019170000000000003,36365.363535,4935.840035170031,114.40953365000001,97.99651018867925,69.23968386844774,1.2993519566934801,22,64,,False,True,,79,56.69694568066818
17,2026-09-19T05:45:29.803+00:00,2026-09-19T05:46:07.638+00:00,2026-09-19T05:46:09.358+00:00,True,18,18.0,,18.0,37834.544612000005,39555.045604000006,39555.04543400001,2197.5025241111116,90.931018,37834.544612000005,8893.835518013793,5775.085979400002,101.20594070588236,6.591021656807423,0.45506204645052284,22,64,,False,True,,71,56.69694568066818
18,2026-09-19T05:45:30.339+00:00,2026-09-19T05:46:10.264+00:00,2026-09-19T05:46:11.346+00:00,True,12,12.0,,12.0,39925.421492,41006.88914,41006.889202,3417.2407668333335,91.93452599999999,39925.421492,11497.095740291672,18023.242477900003,98.31524072727274,3.4999354977068107,0.29263375622157717,22,64,,False,True,,47,56.69694568066818
19,2026-09-19T05:45:30.871+00:00,2026-09-19T05:46:12.826+00:00,2026-09-19T05:46:20.795+00:00,True,83,83.0,,83.0,41955.240843,49923.909259,49923.909331,601.4928835060241,0.0,41955.240843,4595.07513357615,111.168135,97.17888312195122,71.91602427833871,1.6625300628883992,22,64,,False,True,,363,56.69694568066818
20,2026-09-19T05:45:31.399+00:00,2026-09-19T05:46:15.621+00:00,2026-09-19T05:46:23.436+00:00,True,80,80.0,,80.0,44221.661904,52036.291536000004,52036.29169,650.453646125,0.0,44221.661904,4934.747534922795,115.96148435,98.91936243037975,129.38321814276833,1.5373885732163293,22,64,,False,True,,331,56.69694568066818
21,2026-09-19T05:45:31.992+00:00,2026-09-19T05:46:19.031+00:00,2026-09-19T05:46:28.174+00:00,True,90,90.0,,90.0,47039.529689999996,56182.417113999996,56182.417201,624.2490800111111,0.0,47039.529689999996,4949.1105321791865,117.16679745000002,102.72907217977529,124.04584683280771,1.601924670086383,22,64,,False,True,,457,56.69694568066818
22,2026-09-19T05:45:32.405+00:00,2026-09-19T05:46:21.212+00:00,2026-09-19T05:46:30.189+00:00,True,89,89.0,,89.0,48806.359674,57783.628666,57783.628708,649.2542551460674,0.0,48806.359674,5164.136101817214,116.1261614,102.01442036363636,124.58016118399986,1.5402286435564019,22,64,,False,True,,297,56.69694568066818
23,2026-09-19T05:45:32.837+00:00,2026-09-19T05:46:24.021+00:00,2026-09-19T05:46:24.861+00:00,True,9,9.0,,9.0,51183.511198,52024.212638,52024.212639,5780.468071,95.354537,51183.511198,17026.142087302072,30756.209887599995,105.08768,5.966205955111411,0.1729963711824855,22,64,,False,True,,27,56.69694568066818
24,2026-09-19T05:45:33.402+00:00,2026-09-19T05:46:26.936+00:00,2026-09-19T05:46:33.239+00:00,True,63,63.0,,63.0,53533.506293,59837.160437,59837.160534999995,949.796198968254,0.0,53533.506293,6732.492654769107,114.0298093,101.67184103225806,98.86760052879639,1.0528574474440513,22,64,,False,True,,300,56.69694568066818
25,2026-09-19T05:45:34.086+00:00,2026-09-19T05:46:30.657+00:00,2026-09-19T05:46:37.853+00:00,True,71,71.0,,71.0,56570.542588,63766.60838,63766.608455999994,898.1212458591549,0.01735,56570.542588,6701.900807418373,114.149472,102.80093988571429,74.92076339707528,1.1134354139849267,22,64,,False,True,,319,56.69694568066818
26,2026-09-19T05:45:34.527+00:00,2026-09-19T05:46:33.129+00:00,2026-09-19T05:46:39.371+00:00,True,58,58.0,,58.0,58601.831455,64844.238111,64844.238062,1118.0041045172413,0.0,58601.831455,7681.679270578216,202.8712638,109.51590624561403,140.47290565193245,0.8944510983491846,22,64,,False,True,,236,56.69694568066818
27,2026-09-19T05:45:35.070+00:00,2026-09-19T05:46:36.150+00:00,2026-09-19T05:46:44.650+00:00,True,87,87.0,,87.0,61079.823245,69579.966861,69579.966704,799.7697322298851,0.0,61079.823245,6538.97560026415,116.62482199999998,98.83887925581395,122.15528212664486,1.2503598941603413,22,64,,False,True,,408,56.69694568066818
28,2026-09-19T05:45:35.732+00:00,2026-09-19T05:46:39.699+00:00,2026-09-19T05:46:44.546+00:00,True,50,50.0,,50.0,63967.703039,68813.952767,68813.95276,1376.2790552,45.157824,63967.703039,9032.43230289188,111.84548295,98.9030556734694,19.198992899554007,0.7265968308679647,22,64,,False,True,,227,56.69694568066818
29,2026-09-19T05:45:36.203+00:00,2026-09-19T05:46:42.383+00:00,2026-09-19T05:46:51.715+00:00,True,97,97.0,,97.0,66179.705893,75512.301349,75512.301298,778.4773329690722,0.0,66179.705893,6710.4325004127495,110.47376479999998,97.214536,102.32538634984645,1.2845589164563922,22,64,,False,True,,548,56.69694568066818
30,2026-09-19T05:45:36.772+00:00,2026-09-19T05:46:44.962+00:00,2026-09-19T05:46:51.817+00:00,True,72,72.0,,72.0,68189.537548,75044.607756,75044.60771499999,1042.2862182638887,0.0,68189.537548,8025.6829958282915,110.11525755000001,96.55028461971831,117.46041746568432,0.9594293601227256,22,64,,False,True,,256,56.69694568066818
31,2026-09-19T05:45:37.324+00:00,2026-09-19T05:46:47.664+00:00,2026-09-19T05:46:51.509+00:00,True,41,41.0,,41.0,70340.477373,74184.761277,74184.761444,1809.3844254634146,0.0,70340.477373,10971.435081380116,111.225529,96.10709759999999,157.87383245398914,0.5526741515944126,22,64,,False,True,,176,56.69694568066818
32,2026-09-19T05:45:37.868+00:00,2026-09-19T05:46:51.326+00:00,2026-09-19T05:46:52.233+00:00,True,16,16.0,,16.0,73457.95489,74364.96391399999,74364.96408199999,4647.8102551249995,0.0,73457.95489,18349.436579736204,18446.674062249996,60.467268266666665,50.429309728618364,0.2151550832257962,22,64,,False,True,,57,56.69694568066818
33,2026-09-19T05:45:38.543+00:00,2026-09-19T05:46:54.289+00:00,2026-09-19T05:46:54.727+00:00,True,5,5.0,,5.0,75746.093171,76184.572019,76184.571902,15236.9143804,108.041597,75746.093171,33825.65927543304,60619.057062600004,109.619712,1.194379479386123,0.06563008582305914,22,64,,False,True,,16,56.69694568066818
34,2026-09-19T05:45:38.924+00:00,2026-09-19T05:46:56.550+00:00,2026-09-19T05:46:57.336+00:00,True,9,9.0,,9.0,77625.483195,78411.75673099999,78411.75671999999,8712.417413333333,51.38924900000001,77625.483195,25842.406007690377,46619.4500334,98.284192,19.351204413460636,0.11477870634725701,22,64,,False,True,,42,56.69694568066818
35,2026-09-19T05:45:39.601+00:00,2026-09-19T05:47:00.874+00:00,2026-09-19T05:47:04.852+00:00,True,34,34.0,,34.0,81273.003697,85251.209649,85251.209485,2507.3885142647055,0.0,81273.003697,13918.8557903396,489.50761155,120.55169551515152,195.03438198601455,0.39882132042449936,22,64,,False,True,,87,56.69694568066818
36,2026-09-19T05:45:40.018+00:00,2026-09-19T05:47:03.354+00:00,2026-09-19T05:47:06.862+00:00,True,39,39.0,,39.0,83335.319312,86844.086288,86844.08632100001,2226.7714441282055,0.0,83335.319312,13330.836786803857,218.89126750000003,92.33597305263157,188.052623275288,0.44908066475205655,22,64,,False,True,,193,56.69694568066818
37,2026-09-19T05:45:40.572+00:00,2026-09-19T05:47:06.340+00:00,2026-09-19T05:47:13.295+00:00,True,71,71.0,,71.0,85768.100417,92722.681921,92722.681971,1305.953267197183,46.789559999999994,85768.100417,10167.021942705558,110.77541000000001,99.35116434285713,15.676736659049018,0.7657241845149844,22,64,,False,True,,243,56.69694568066818
38,2026-09-19T05:45:41.105+00:00,2026-09-19T05:47:09.360+00:00,2026-09-19T05:47:17.557+00:00,True,77,77.0,,77.0,88255.192983,96452.445591,96452.445611,1252.6291637792208,0.02186,88255.192983,10045.934048742738,110.7668238,107.85858694736842,111.71530087960649,0.7983208671194636,22,64,,False,True,,274,56.69694568066818
39,2026-09-19T05:45:41.759+00:00,2026-09-19T05:47:13.135+00:00,2026-09-19T05:47:20.402+00:00,True,64,64.0,,64.0,91376.01287199999,98642.82682399999,98642.82682199999,1541.2941690937498,0.01661,91376.01287199999,11409.33812052484,142.23923925,115.3462532063492,201.70464065529356,0.6488054130300803,22,64,,False,True,,244,56.69694568066818
40,2026-09-19T05:45:42.405+00:00,2026-09-19T05:47:17.476+00:00,2026-09-19T05:47:26.355+00:00,True,98,98.0,,98.0,95071.54662000001,103950.60966,103950.60952800002,1060.720505387755,0.0,95071.54662000001,9595.3733934492,114.84383555000001,91.53673237113402,135.2578630186077,0.9427554135616601,22,64,,False,True,,324,56.69694568066818
41,2026-09-19T05:45:42.816+00:00,2026-09-19T05:47:18.878+00:00,2026-09-19T05:47:22.674+00:00,True,39,39.0,,39.0,96062.294289,99857.821201,99857.821184,2560.4569534358975,0.0,96062.294289,15367.685373617394,233.2301008,99.88228715789474,210.32823428128393,0.39055528681622637,22,64,,False,True,,141,56.69694568066818
42,2026-09-19T05:45:43.385+00:00,2026-09-19T05:47:21.820+00:00,2026-09-19T05:47:28.433+00:00,True,68,68.0,,68.0,98435.69773,105048.67309,105048.673085,1544.8334277205881,46.14205200000001,98435.69773,11925.128284840514,112.65364369999999,98.7011247761194,19.569180241808645,0.647318980809413,22,64,,False,True,,265,56.69694568066818
43,2026-09-19T05:45:44.029+00:00,2026-09-19T05:47:25.599+00:00,2026-09-19T05:47:27.763+00:00,True,23,23.0,,23.0,101570.325755,103733.948667,103733.948659,4510.171680826087,51.036891000000004,101570.325755,21158.378013955804,115.2922595,98.346496,18.494341214005996,0.22172104981593932,22,64,,False,True,,90,56.69694568066818
44,2026-09-19T05:45:44.464+00:00,2026-09-19T05:47:27.966+00:00,2026-09-19T05:47:31.761+00:00,True,40,40.0,,40.0,103502.00743700001,107297.09556500001,107297.095669,2682.4273917250002,51.174489,103502.00743700001,16349.725566157396,109.05097545000001,97.309952,15.679859060560139,0.3727966706775228,22,64,,True,True,,172,56.69694568066818
45,2026-09-19T05:45:45.092+00:00,2026-09-19T05:47:31.653+00:00,2026-09-19T05:47:35.504+00:00,True,40,40.0,,40.0,106560.10389900001,110411.355355,110411.355139,2760.283878475,45.642553,106560.10389900001,16833.027230788968,114.27976750000002,98.75003733333332,17.810265284003577,0.36228157757315843,22,64,,True,True,,163,56.69694568066818
46,2026-09-19T05:45:45.716+00:00,2026-09-19T05:47:34.883+00:00,2026-09-19T05:47:39.111+00:00,True,45,45.0,,45.0,109167.492427,113395.840843,113395.84066700001,2519.907570377778,44.079834999999996,109167.492427,16259.417069197958,112.81720780000002,96.09882763636364,21.353141629940577,0.3968399516725121,22,64,,True,True,,211,56.69694568066818
47,2026-09-19T05:45:46.202+00:00,2026-09-19T05:47:37.280+00:00,2026-09-19T05:47:42.289+00:00,True,54,54.0,,54.0,111077.296764,116086.94438,116086.94423,2149.7582264814814,44.800084000000005,111077.296764,15102.860367960518,111.92549715000001,94.52165313207547,23.297997089653265,0.46516858797864413,22,64,,True,True,,206,56.69694568066818
48,2026-09-19T05:45:46.851+00:00,2026-09-19T05:47:40.851+00:00,2026-09-19T05:47:47.279+00:00,True,64,64.0,,64.0,113999.242137,120427.944345,120427.94434399999,1881.6866303749998,49.370964,113999.242137,14237.15522384081,111.9793315,102.0428921904762,12.404663456214498,0.5314381171919189,22,64,,True,True,,261,56.69694568066818
49,2026-09-19T05:45:47.488+00:00,2026-09-19T05:47:44.386+00:00,2026-09-19T05:47:48.693+00:00,True,44,44.0,,44.0,116898.29761499999,121205.52500699999,121205.52504,2754.6710236363633,46.798189,116898.29761499999,17607.98678095351,112.6574063,100.16807888372094,15.000226803192579,0.36301975506033135,22,64,,True,True,,207,56.69694568066818
50,2026-09-19T05:45:48.084+00:00,2026-09-19T05:47:47.684+00:00,2026-09-19T05:47:51.863+00:00,True,43,43.0,,43.0,119600.510239,123779.055391,123779.055536,2878.5826868837207,48.139116,119600.510239,18223.74379107155,111.07679019999999,99.48917028571428,18.254875216762617,0.34739318266866126,22,64,,True,True,,157,56.69694568066818
51,2026-09-19T05:45:48.495+00:00,2026-09-19T05:47:49.799+00:00,2026-09-19T05:47:52.987+00:00,True,32,32.0,,32.0,121303.746777,124492.01967299999,124492.019812,3890.375619125,51.806538,121303.746777,21425.496896544744,113.2927321,102.84751277419356,10.433502336736055,0.25704458875399067,22,64,,True,True,,94,56.69694568066818
52,2026-09-19T05:45:48.893+00:00,2026-09-19T05:47:52.176+00:00,2026-09-19T05:47:52.783+00:00,True,7,7.0,,7.0,123282.439565,123889.88302099999,123889.883061,17698.554722999997,94.494606,123282.439565,46558.1170799311,86329.0575914,101.240576,3.691200742477602,0.05650178876037411,22,64,,True,True,,28,56.69694568066818
53,2026-09-19T05:45:49.349+00:00,2026-09-19T05:47:54.056+00:00,2026-09-19T05:47:56.347+00:00,True,25,25.0,,25.0,124707.586048,126997.939456,126997.939442,5079.91757768,43.886887,124707.586048,24922.43750073824,107.15057300000001,95.431392,18.484853662486245,0.19685358760219537,22,64,,True,True,,99,56.69694568066818
54,2026-09-19T05:45:49.858+00:00,2026-09-19T05:47:56.451+00:00,2026-09-19T05:48:04.700+00:00,True,84,84.0,,84.0,126593.031582,134841.338014,134841.33796499998,1605.254023392857,44.809864000000005,126593.031582,13801.598643582673,110.0909235,99.37718592771084,16.247527341341595,0.6229543642712789,22,64,,True,True,,475,56.69694568066818
55,2026-09-19T05:45:50.410+00:00,2026-09-19T05:48:00.048+00:00,2026-09-19T05:48:08.729+00:00,True,88,88.0,,88.0,129638.431748,138319.60218000002,138319.602131,1571.8136605795455,44.595835,129638.431748,13808.87685659201,112.29515434999999,99.78356818390805,17.17877312271619,0.6362077291509457,22,64,,True,True,,407,56.69694568066818
56,2026-09-19T05:45:50.792+00:00,2026-09-19T05:48:01.862+00:00,2026-09-19T05:48:02.644+00:00,True,9,9.0,,9.0,131069.884088,131852.198328,131852.198312,14650.24425688889,50.641911,131069.884088,43657.368673935955,78685.8718452,97.78928,19.31153994427995,0.06825824759941655,22,64,,True,True,,25,56.69694568066818
57,2026-09-19T05:45:51.166+00:00,2026-09-19T05:48:03.698+00:00,2026-09-19T05:48:12.271+00:00,True,87,87.0,,87.0,132532.001797,141105.198085,141105.198042,1621.8988280689655,47.137668,132532.001797,14198.245889914428,112.8152496,99.68832893023256,18.225222438813827,0.6165612690440524,22,64,,True,True,,395,56.69694568066818
58,2026-09-19T05:45:51.670+00:00,2026-09-19T05:48:06.132+00:00,2026-09-19T05:48:15.737+00:00,True,96,96.0,,96.0,134462.031147,144066.776875,144066.776856,1500.6955922500001,45.288283,134462.031147,13713.163215122602,112.2602125,101.1025866105263,15.229383897584924,0.6663576577637653,22,64,,True,True,,401,56.69694568066818
59,2026-09-19T05:45:52.301+00:00,2026-09-19T05:48:10.263+00:00,2026-09-19T05:48:12.366+00:00,True,22,22.0,,22.0,137962.24626699998,140065.57093899997,140065.57102099998,6366.616864590908,45.589650999999996,137962.24626699998,29392.30095075123,112.60891609999999,100.15831771428572,17.64212398137161,0.15706929156474314,22,64,,True,True,,132,56.69694568066818
60,2026-09-19T05:45:52.879+00:00,2026-09-19T05:48:12.892+00:00,2026-09-19T05:48:17.323+00:00,True,45,45.0,,45.0,140013.236807,144444.014407,144444.01448900002,3209.8669886444445,49.989093000000004,140013.236807,20856.93408624957,110.242168,100.69949090909091,13.803100986335455,0.31153938904801876,22,64,,True,True,,179,56.69694568066818
61,2026-09-19T05:45:53.361+00:00,2026-09-19T05:48:15.844+00:00,2026-09-19T05:48:24.463+00:00,True,88,88.0,,88.0,142483.332352,151102.459392,151102.459368,1717.073401909091,47.580327,142483.332352,15178.22420508893,111.42448350000001,99.07042574712644,18.282990267466047,0.5823862851345429,22,64,,True,True,,377,56.69694568066818
62,2026-09-19T05:45:53.833+00:00,2026-09-19T05:48:18.604+00:00,2026-09-19T05:48:27.743+00:00,True,94,94.0,,94.0,144771.479467,153910.177963,153910.177987,1637.3423190106382,45.53948200000001,144771.479467,14921.914839972462,112.92475165,98.26557522580644,19.171094058537047,0.6107458339928474,22,64,,True,True,,351,56.69694568066818
63,2026-09-19T05:45:54.405+00:00,2026-09-19T05:48:21.761+00:00,2026-09-19T05:48:25.940+00:00,True,46,46.0,,46.0,147355.11775099998,151534.065591,151534.06557799998,3294.218816913043,47.886137000000005,147355.11775099998,21712.64613395249,112.9410585,92.86550755555555,22.693082363576664,0.30356210546186296,22,64,,True,True,,172,56.69694568066818
64,2026-09-19T05:45:55.036+00:00,2026-09-19T05:48:25.242+00:00,2026-09-19T05:48:26.149+00:00,True,10,10.0,,10.0,150206.073303,151113.16936700002,151113.169322,15111.316932200001,50.219842,150206.073303,47467.46234239269,82663.41685575001,100.78845155555555,19.181355732946557,0.06617556922331214,22,64,,True,True,,56,56.69694568066818
65,2026-09-19T05:45:55.553+00:00,2026-09-19T05:48:28.063+00:00,2026-09-19T05:48:30.044+00:00,True,22,22.0,,22.0,152509.781489,154490.583793,154490.58379399998,7022.299263363636,50.297540999999995,152509.781489,32495.091622009317,110.7505432,94.32391923809524,21.67472016251366,0.14240350097632828,22,64,,True,True,,85,56.69694568066818
66,2026-09-19T05:45:56.087+00:00,2026-09-19T05:48:30.917+00:00,2026-09-19T05:48:33.303+00:00,True,24,24.0,,24.0,154830.45533599998,157216.08451999997,157216.084606,6550.670191916666,45.316273,154830.45533599998,31583.46462574908,111.75985349999999,103.723008,13.217618081961419,0.15265613612802373,22,64,,True,True,,110,56.69694568066818
67,2026-09-19T05:45:56.508+00:00,2026-09-19T05:48:32.876+00:00,2026-09-19T05:48:42.177+00:00,True,92,92.0,,92.0,156367.959226,165669.48217,165669.482227,1800.7552415978262,47.774547,156367.959226,16291.83787130111,113.43237909999999,102.21453784615385,16.005757577953844,0.5553225542504875,22,64,,True,True,,457,56.69694568066818
68,2026-09-19T05:45:56.890+00:00,2026-09-19T05:48:34.838+00:00,2026-09-19T05:48:42.282+00:00,True,74,74.0,,74.0,157947.348646,165391.50199,165391.501952,2235.0202966486486,48.927355000000006,157947.348646,18349.159872473447,114.53610330000001,101.97470334246576,17.106681131405562,0.4474232297888814,22,64,,True,True,,257,56.69694568066818
69,2026-09-19T05:45:57.287+00:00,2026-09-19T05:48:37.121+00:00,2026-09-19T05:48:38.697+00:00,True,17,17.0,,17.0,159834.612815,161410.277967,161410.278008,9494.722235764706,50.624361,159834.612815,38741.70956116241,32060.2660398,98.479072,23.219880850454405,0.10532166981011962,22,64,,True,True,,48,56.69694568066818
70,2026-09-19T05:45:57.880+00:00,2026-09-19T05:48:40.570+00:00,2026-09-19T05:48:48.960+00:00,True,85,85.0,,85.0,162689.976986,171080.374426,171080.37432499998,2012.7102861764706,43.639587,162689.976986,17635.378606768787,113.406111,99.88568380952381,15.959142901672344,0.49684249455957524,22,64,,True,True,,371,56.69694568066818
71,2026-09-19T05:45:58.550+00:00,2026-09-19T05:48:43.884+00:00,2026-09-19T05:48:49.954+00:00,True,63,63.0,,63.0,165333.8158,171403.73784800002,171403.73788,2720.694252063492,46.75798,165333.8158,20817.775671637468,111.6962861,97.90196851612903,17.58486920374025,0.36755324470151335,22,64,,True,True,,283,56.69694568066818
72,2026-09-19T05:45:58.932+00:00,2026-09-19T05:48:46.244+00:00,2026-09-19T05:48:48.656+00:00,True,26,26.0,,26.0,167312.29669699998,169724.547065,169724.547272,6527.86720276923,46.354911,167312.29669699998,32793.72460798552,115.49570275,96.49001472,21.66325453487771,0.15318939098445608,22,64,,True,True,,83,56.69694568066818
73,2026-09-19T05:45:59.563+00:00,2026-09-19T05:48:49.318+00:00,2026-09-19T05:48:57.998+00:00,True,86,86.0,,86.0,169755.297534,178435.38457400003,178435.384674,2074.830054348837,45.028114,169755.297534,18294.177992333414,111.34686575000002,102.11867105882352,13.919122933595625,0.4819671849578379,22,64,,True,True,,324,56.69694568066818
74,2026-09-19T05:46:00.098+00:00,2026-09-19T05:48:52.626+00:00,2026-09-19T05:48:59.917+00:00,True,74,74.0,,74.0,172527.994228,179819.09106,179819.091166,2429.9877184594593,45.593303,172527.994228,20044.368211973702,111.31984715,99.87803879452055,16.68854561055058,0.41152471388762896,22,64,,True,True,,259,56.69694568066818
75,2026-09-19T05:46:00.738+00:00,2026-09-19T05:48:55.502+00:00,2026-09-19T05:48:56.286+00:00,True,10,10.0,,10.0,174764.52648300002,175548.92609900003,175548.92602800002,17554.892602800002,46.60132,174764.52648300002,55237.840961927264,96168.99365130001,87.1555128888889,27.678136088780676,0.05696417643911159,22,64,,True,True,,37,56.69694568066818
76,2026-09-19T05:46:01.167+00:00,2026-09-19T05:48:57.893+00:00,2026-09-19T05:49:02.626+00:00,True,50,50.0,,50.0,176725.71374900002,181459.333461,181459.333404,3629.1866680800003,48.432586,176725.71374900002,24979.13503496791,110.7358539,96.60448391836734,18.692833747741666,0.2755438314819238,22,64,,True,True,,236,56.69694568066818
77,2026-09-19T05:46:01.702+00:00,2026-09-19T05:49:00.693+00:00,2026-09-19T05:49:09.821+00:00,True,92,92.0,,92.0,178990.864438,188118.588726,188118.588793,2044.7672694891303,45.288604,178990.864438,18650.638679148502,111.62002000000001,100.3046625054945,17.96085909198152,0.48905321171636357,22,64,,True,True,,422,56.69694568066818
78,2026-09-19T05:46:02.154+00:00,2026-09-19T05:49:03.675+00:00,2026-09-19T05:49:05.005+00:00,True,14,14.0,,14.0,181521.111925,182850.533237,182850.533157,13060.752368357143,49.470084,181521.111925,48486.2292784521,63605.0715608,102.26317784615384,16.05728789926739,0.07656526755573653,22,64,,True,True,,74,56.69694568066818
79,2026-09-19T05:46:02.607+00:00,2026-09-19T05:49:06.324+00:00,2026-09-19T05:49:11.158+00:00,True,49,49.0,,49.0,183716.51306,188551.234084,188551.234085,3847.9843690816324,45.932610999999994,183716.51306,26230.83420381758,114.19370740000001,100.72335466666667,19.50811969136108,0.25987631551735374,22,64,,True,True,,218,56.69694568066818
80,2026-09-19T05:46:03.288+00:00,2026-09-19T05:49:09.923+00:00,2026-09-19T05:49:14.823+00:00,True,50,50.0,,50.0,186634.482087,191534.946727,191534.946747,3830.69893494,46.376421,186634.482087,26379.96355346934,111.47544679999999,100.00948244897958,17.13715793301236,0.261048967065349,22,64,,True,True,,174,56.69694568066818
81,2026-09-19T05:46:03.684+00:00,2026-09-19T05:49:11.947+00:00,2026-09-19T05:49:14.076+00:00,True,22,22.0,,22.0,188262.569348,190391.71494799998,190391.714888,8654.168858545454,47.777017,188262.569348,40116.100595577525,110.62904625000002,101.38788571428572,12.707724839593313,0.11555124657608482,22,64,,True,True,,126,56.69694568066818
82,2026-09-19T05:46:04.226+00:00,2026-09-19T05:49:14.927+00:00,2026-09-19T05:49:18.133+00:00,True,32,32.0,,32.0,190700.839678,193906.57330999998,193906.573426,6059.5804195625,46.089281,190700.839678,33693.1871636003,114.39855029999998,103.41076232258065,15.719148235751055,0.16502792790237877,22,64,,True,True,,98,56.69694568066818
83,2026-09-19T05:46:04.709+00:00,2026-09-19T05:49:17.553+00:00,2026-09-19T05:49:26.258+00:00,True,88,88.0,,88.0,192843.382127,201548.78116699998,201548.781116,2290.3270581363636,47.851358,192843.382127,20546.51413725767,111.640327,100.06205793103447,17.278296176534287,0.4366188646265474,22,64,,True,True,,355,56.69694568066818
84,2026-09-19T05:46:05.140+00:00,2026-09-19T05:49:19.660+00:00,2026-09-19T05:49:28.245+00:00,True,84,84.0,,84.0,194519.961132,203105.3507,203105.350784,2417.9208426666664,50.393682,194519.961132,21212.58434329341,112.07744665,103.43842853012048,10.642866313156988,0.4135784690580286,22,64,,True,True,,403,56.69694568066818
85,2026-09-19T05:46:05.759+00:00,2026-09-19T05:49:23.526+00:00,2026-09-19T05:49:29.585+00:00,True,59,59.0,,59.0,197767.306018,203826.732834,203826.733002,3454.690389864407,49.300144,197767.306018,25733.511308805326,114.91009880000001,104.47287613793104,11.02514562138829,0.28946154010156566,22,64,,True,True,,230,56.69694568066818
86,2026-09-19T05:46:06.341+00:00,2026-09-19T05:49:26.575+00:00,2026-09-19T05:49:30.599+00:00,True,40,40.0,,40.0,200233.746132,204257.941972,204257.942045,5106.448551125,49.939962,200233.746132,31643.422842439126,113.02207295,103.18450871794872,13.084466625386524,0.19583081868847607,22,64,,True,True,,125,56.69694568066818
87,2026-09-19T05:46:07.341+00:00,2026-09-19T05:49:30.436+00:00,2026-09-19T05:49:33.741+00:00,True,33,33.0,,33.0,203094.73175799998,206400.46078199998,206400.460822,6254.559418848484,46.39215,203094.73175799998,35336.276181371315,113.91543,103.304032,17.636979511447755,0.15988336399527023,22,64,,True,True,,165,56.69694568066818
88,2026-09-19T05:46:07.508+00:00,2026-09-19T05:49:33.416+00:00,2026-09-19T05:49:40.995+00:00,True,76,76.0,,76.0,205908.254326,213487.65886999998,213487.65864799998,2809.048140105263,44.033936000000004,205908.254326,23607.7098901072,114.00492875,101.05872725333333,16.197699652132705,0.35599247470449347,22,64,,True,True,,349,56.69694568066818
89,2026-09-19T05:46:08.045+00:00,2026-09-19T05:49:36.716+00:00,2026-09-19T05:49:39.898+00:00,True,33,33.0,,33.0,208670.593895,211853.102951,211853.10294799999,6419.790998424242,46.62592,208670.593895,36307.57770895357,110.3001624,99.453408,13.614956903168741,0.1557683108735615,22,64,,True,True,,144,56.69694568066818
90,2026-09-19T05:46:08.432+00:00,2026-09-19T05:49:38.883+00:00,2026-09-19T05:49:41.455+00:00,True,28,28.0,,28.0,210451.593803,213023.555659,213023.555642,7607.984130071429,49.466846,210451.593803,39753.615229188144,109.90992335000001,95.25784651851852,19.05379194569894,0.1314408630227792,22,64,,True,True,,97,56.69694568066818
91,2026-09-19T05:46:09.115+00:00,2026-09-19T05:49:42.460+00:00,2026-09-19T05:49:46.752+00:00,True,44,44.0,,44.0,213344.659002,217636.741178,217636.741059,4946.289569522727,47.85212,213344.659002,32147.874746140824,113.37076465,99.81586455813954,18.24404314399245,0.20217174619433137,22,64,,True,True,,207,56.69694568066818
92,2026-09-19T05:46:09.549+00:00,2026-09-19T05:49:44.479+00:00,2026-09-19T05:49:51.305+00:00,True,73,73.0,,73.0,214930.613942,221756.018102,221756.018097,3037.7536725616437,44.511428,214930.613942,25144.63918477625,110.584895,94.79728,21.11668516116632,0.3291906150949308,22,64,,True,True,,357,56.69694568066818
93,2026-09-19T05:46:10.215+00:00,2026-09-19T05:49:47.859+00:00,2026-09-19T05:49:54.069+00:00,True,65,65.0,,65.0,217643.597921,223853.489761,223853.48969400002,3443.899841446154,45.665995,217643.597921,26983.33623236919,110.62058160000001,97.02956,17.149813042133452,0.2903684908794501,22,64,,True,True,,245,56.69694568066818
94,2026-09-19T05:46:10.870+00:00,2026-09-19T05:49:51.408+00:00,2026-09-19T05:49:53.811+00:00,True,25,25.0,,25.0,220537.945646,222940.94443,222940.944513,8917.63778052,54.85264299999999,220537.945646,44087.565315555694,110.10694360000001,100.12494933333333,10.406090676353273,0.11213731988046553,22,64,,True,True,,86,56.69694568066818
95,2026-09-19T05:46:11.403+00:00,2026-09-19T05:49:54.485+00:00,2026-09-19T05:49:57.027+00:00,True,26,26.0,,26.0,223081.487184,225623.67086399999,225623.670981,8677.83349926923,49.376636,223081.487184,43729.939256029465,109.8929745,101.6873472,15.681096424991377,0.11523613590912682,22,64,,True,True,,84,56.69694568066818
96,2026-09-19T05:46:11.859+00:00,2026-09-19T05:49:56.707+00:00,2026-09-19T05:49:58.869+00:00,True,23,23.0,,23.0,224847.85241,227009.572218,227009.572254,9869.981402347827,45.641135000000006,224847.85241,46863.5335888016,113.65776620000001,98.25999127272726,19.858691706724276,0.10131731351800807,22,64,,True,True,,99,56.69694568066818
97,2026-09-19T05:46:12.375+00:00,2026-09-19T05:49:59.545+00:00,2026-09-19T05:50:01.527+00:00,True,20,20.0,,20.0,227170.201727,229152.092031,229152.092014,11457.6046007,53.107966999999995,227170.201727,50773.47852780146,11469.4685673,104.310016,13.11164235774251,0.08727827803245354,22,64,,True,True,,98,56.69694568066818
98,2026-09-19T05:46:12.752+00:00,2026-09-19T05:50:01.955+00:00,2026-09-19T05:50:04.728+00:00,True,29,29.0,,29.0,229203.223896,231975.88898400002,231975.889002,7999.168586275862,45.112547,229203.223896,42543.585887722336,113.15385740000002,99.02375314285715,18.703632762490507,0.12501299219937553,22,64,,True,True,,127,56.69694568066818
99,2026-09-19T05:46:13.260+00:00,2026-09-19T05:50:04.522+00:00,2026-09-19T05:50:13.983+00:00,True,98,98.0,,98.0,231262.059009,240723.15878499998,240723.15878599999,2456.358763122449,46.025143,231262.059009,23351.150517065937,112.68694934999999,97.5371110927835,18.833365594844484,0.4071066551911108,22,64,,True,True,,348,56.69694568066818
100,2026-09-19T05:46:13.801+00:00,2026-09-19T05:50:08.323+00:00,2026-09-19T05:50:11.294+00:00,True,32,32.0,,32.0,234521.42953999998,237492.42576399999,237492.42580899998,7421.638306531249,46.120254,234521.42953999998,41440.984988133256,108.9238796,95.83858787096774,17.865901674385096,0.13474113920499894,22,64,,True,True,,142,56.69694568066818
101,2026-09-19T05:46:14.421+00:00,2026-09-19T05:50:11.514+00:00,2026-09-19T05:50:19.626+00:00,True,82,82.0,,82.0,237092.380986,245204.602426,245204.60234800001,2990.300028634146,47.831830000000004,237092.380986,26171.42058647179,114.65911205,100.15088197530864,19.189303452480207,0.33441460392141975,22,64,,True,True,,319,56.69694568066818
102,2026-09-19T05:46:15.055+00:00,2026-09-19T05:50:14.735+00:00,2026-09-19T05:50:21.330+00:00,True,69,69.0,,69.0,239679.650627,246274.770243,246274.77030099998,3569.19956957971,47.60059,239679.650627,28842.370849050705,114.13349300000002,96.9870531764706,20.968867591381784,0.280174862946446,22,64,,True,True,,303,56.69694568066818
103,2026-09-19T05:46:15.576+00:00,2026-09-19T05:50:18.244+00:00,2026-09-19T05:50:21.784+00:00,True,38,38.0,,38.0,242667.700011,246208.394283,246208.394379,6479.16827313158,46.736602,242667.700011,39350.38087409422,111.70134320000001,95.69443978378378,20.907669167928212,0.15434079780529966,22,64,,True,True,,198,56.69694568066818
104,2026-09-19T05:46:16.174+00:00,2026-09-19T05:50:21.225+00:00,2026-09-19T05:50:24.438+00:00,True,34,34.0,,34.0,245050.26133,248263.769938,248263.770102,7301.875591235294,42.460363,245050.26133,42009.07588833596,111.21640985,97.37904872727273,16.524131901891895,0.1369511145685533,22,64,,True,True,,193,56.69694568066818
105,2026-09-19T05:46:16.760+00:00,2026-09-19T05:50:23.978+00:00,2026-09-19T05:50:28.405+00:00,True,48,48.0,,48.0,247217.816147,251644.627795,251644.627695,5242.5964103125,45.17160500000001,247217.816147,35669.22915566422,107.994824,94.18748187234043,20.511599446711188,0.19074518069625854,22,64,,True,True,,234,56.69694568066818
106,2026-09-19T05:46:17.321+00:00,2026-09-19T05:50:26.958+00:00,2026-09-19T05:50:33.808+00:00,True,68,68.0,,68.0,249636.571342,256487.00667,256487.00677900002,3771.86774675,45.678365,249636.571342,30260.483645805172,110.0446982,102.24530340298509,10.454863942083927,0.2651206424951179,22,64,,True,True,,295,56.69694568066818
107,2026-09-19T05:46:17.715+00:00,2026-09-19T05:50:29.249+00:00,2026-09-19T05:50:35.316+00:00,True,61,61.0,,61.0,251534.88568200002,257601.437234,257601.43730400002,4222.974382032788,46.604873,251534.88568200002,32192.79863277227,110.566975,101.10919253333333,12.487206863903433,0.23679992105241562,22,64,,True,True,,299,56.69694568066818
108,2026-09-19T05:46:18.331+00:00,2026-09-19T05:50:32.073+00:00,2026-09-19T05:50:41.029+00:00,True,91,91.0,,91.0,253741.950866,262697.95829,262697.958225,2886.7907497252745,45.682905,253741.950866,26588.958266886628,112.08534199999998,99.5111936,17.843958831937524,0.3464054330393479,22,64,,True,True,,327,56.69694568066818
109,2026-09-19T05:46:18.929+00:00,2026-09-19T05:50:35.215+00:00,2026-09-19T05:50:43.262+00:00,True,81,81.0,,81.0,256286.704414,264333.626654,264333.626805,3263.3781087037037,47.402351,256286.704414,28465.12995736992,111.44269400000002,100.586528,18.203813897481215,0.3064309336096126,22,64,,True,True,,393,56.69694568066818
110,2026-09-19T05:46:19.482+00:00,2026-09-19T05:50:38.300+00:00,2026-09-19T05:50:38.300+00:00,True,1,1.0,,1.0,258818.35829,258818.35829,258818.35829,258818.35829,258818.35829,258818.35829,nan,258818.35829,nan,nan,0.0038637135580603717,22,64,,True,True,,2,56.69694568066818
111,2026-09-19T05:46:20.087+00:00,2026-09-19T05:50:41.672+00:00,2026-09-19T05:50:41.781+00:00,True,2,2.0,,2.0,261585.111955,261694.227091,261694.226994,130847.113497,109.11503900000001,261585.111955,184891.45053681638,248511.3121092,109.115136,nan,0.007642507143669363,22,64,,True,True,,4,56.69694568066818
112,2026-09-19T05:46:20.545+00:00,2026-09-19T05:50:44.100+00:00,2026-09-19T05:50:51.954+00:00,True,83,83.0,,83.0,263555.87124,271409.764616,271409.76462800003,3269.9971641927714,45.084227,263555.87124,28918.50838118063,112.08092680000001,95.77918751219512,19.267269139241094,0.30581066277195773,22,64,,True,True,,306,56.69694568066818
113,2026-09-19T05:46:21.162+00:00,2026-09-19T05:50:47.443+00:00,2026-09-19T05:50:56.018+00:00,True,90,90.0,,90.0,266280.954787,274855.279011,274855.27893100004,3053.947543677778,47.650059999999996,266280.954787,28058.327975422726,110.02578095000001,96.34072161797754,18.490229395095785,0.32744504789518014,22,64,,True,True,,525,56.69694568066818
114,2026-09-19T05:46:21.778+00:00,2026-09-19T05:50:50.736+00:00,2026-09-19T05:50:57.235+00:00,True,68,68.0,,68.0,268958.764074,275457.030186,275457.03025300003,4050.8386801911765,45.911135,268958.764074,32604.283991518463,111.36597454999999,96.9890464477612,17.571599175369066,0.2468624596514512,22,64,,True,True,,208,56.69694568066818
115,2026-09-19T05:46:22.733+00:00,2026-09-19T05:50:53.631+00:00,2026-09-19T05:51:03.405+00:00,True,99,99.0,,99.0,270897.94206699997,280672.444723,280672.44472699997,2835.075199262626,45.355716,270897.94206699997,27216.248144773323,111.90494989999999,99.73982302040817,16.228228436468008,0.352724329948758,22,64,,True,True,,367,56.69694568066818
116,2026-09-19T05:46:22.813+00:00,2026-09-19T05:50:54.350+00:00,2026-09-19T05:50:59.378+00:00,True,51,51.0,,51.0,271536.600494,276565.032366,276565.03229500004,5422.843770490196,45.547205000000005,271536.600494,38008.650490083266,112.9511655,100.56863744,16.57143543770005,0.18440509114148507,22,64,,True,True,,171,56.69694568066818
117,2026-09-19T05:46:23.448+00:00,2026-09-19T05:50:59.633+00:00,2026-09-19T05:51:07.615+00:00,True,83,83.0,,83.0,276185.896228,284167.527972,284167.528002,3423.7051566506025,44.611847999999995,276185.896228,30304.662971554975,111.89446410000001,97.33697248780487,20.082842069903613,0.2920812261426938,22,64,,True,True,,465,56.69694568066818
118,2026-09-19T05:46:24.001+00:00,2026-09-19T05:51:02.973+00:00,2026-09-19T05:51:12.188+00:00,True,95,95.0,,95.0,278972.316753,288186.693969,288186.694028,3033.544147663158,46.238383999999996,278972.316753,28611.904759428548,112.2281297,98.0252895319149,18.87567622417453,0.3296474194961238,22,64,,True,True,,341,56.69694568066818
119,2026-09-19T05:46:24.513+00:00,2026-09-19T05:51:05.112+00:00,2026-09-19T05:51:09.953+00:00,True,53,53.0,,53.0,280599.25444700004,285439.56139100005,285439.56135900004,5385.652101113208,46.434794000000004,280599.25444700004,38530.492435823,112.56469799999999,93.08282584615384,22.617770428727297,0.18567853643594864,22,64,,True,True,,184,56.69694568066818
120,2026-09-19T05:46:25.116+00:00,2026-09-19T05:51:09.006+00:00,2026-09-19T05:51:18.420+00:00,True,96,96.0,,96.0,283890.189006,293303.364302,293303.364246,3055.2433775625,48.165369,283890.189006,28964.313044226175,113.3353125,99.08605574736842,16.914889522061657,0.3273061672117526,22,64,,True,True,,383,56.69694568066818
121,2026-09-19T05:46:25.605+00:00,2026-09-19T05:51:11.509+00:00,2026-09-19T05:51:19.163+00:00,True,78,78.0,,78.0,285903.22625300003,293557.868429,293557.86828800006,3763.562413948718,48.498249,285903.22625300003,32360.914085350196,111.5807932,99.41093735064936,17.081942618015166,0.26570570367411256,22,64,,True,True,,429,56.69694568066818
122,2026-09-19T05:46:26.056+00:00,2026-09-19T05:51:13.746+00:00,2026-09-19T05:51:18.311+00:00,True,47,47.0,,47.0,287689.967606,292254.72075800004,292254.72075100004,6218.185547893618,45.115296,287689.967606,41949.42392384904,113.1828833,99.23376417391304,18.4686286024458,0.16081861698623545,22,64,,True,True,,202,56.69694568066818
123,2026-09-19T05:46:26.718+00:00,2026-09-19T05:51:17.307+00:00,2026-09-19T05:51:25.877+00:00,True,86,86.0,,86.0,290589.243917,299158.88462100003,299158.884742,3478.5916830465117,46.491403,290589.243917,31324.17755386424,113.55802425000002,100.81930240000001,18.058799018744743,0.28747265891485096,22,64,,True,True,,287,56.69694568066818
124,2026-09-19T05:46:27.113+00:00,2026-09-19T05:51:19.264+00:00,2026-09-19T05:51:27.141+00:00,False,81,80.0,,80.0,292150.708124,300027.8783,300027.878377,3704.047881197531,0.021309,292150.708124,32450.256955888177,116.11502300000001,98.46462720000001,22.4644325753604,0.26664188825815527,22,64,,True,False,Request timeout: 300.0s exceeded,333,56.69694568066818
125,2026-09-19T05:46:27.608+00:00,2026-09-19T05:51:21.772+00:00,2026-09-19T05:51:27.364+00:00,True,57,57.0,,57.0,294163.629819,299755.536891,299755.537008,5258.86907031579,48.960457999999996,294163.629819,38949.70359299707,115.01112260000002,99.85548342857143,20.266569652406105,0.1901549529032616,22,64,,True,True,,213,56.69694568066818
126,2026-09-19T05:46:28.056+00:00,2026-09-19T05:51:24.923+00:00,2026-09-19T05:51:28.091+00:00,False,33,32.0,,32.0,296867.076479,300034.66099099995,300034.661051,9091.959425787878,0.023469999999999998,296867.076479,51660.69820147673,111.7146162,98.987016,22.68644246858004,0.10665434418245395,22,64,,True,False,Request timeout: 300.0s exceeded,121,56.69694568066818
127,2026-09-19T05:46:28.546+00:00,2026-09-19T05:51:27.468+00:00,2026-09-19T05:51:28.622+00:00,False,13,12.0,,12.0,298922.399069,300075.654237,300075.65417199995,23082.742628615382,0.04136,298922.399069,82879.50721063715,119634.59316499998,96.10459733333333,30.423977281034396,0.0399899153115647,22,64,,True,False,Request timeout: 300.0s exceeded,32,56.69694568066818
128,2026-09-19T05:46:28.948+00:00,2026-09-19T05:51:28.952+00:00,2026-09-19T05:51:29.603+00:00,False,8,7.0,,7.0,300004.56671600003,300655.68454000005,300655.68450200005,37581.960562750006,0.04142,300004.56671600003,106034.7521960775,195043.47208915002,93.016832,41.1815682034992,0.023282446865123888,22,64,,True,False,Request timeout: 300.0s exceeded,33,56.69694568066818
129,2026-09-19T05:46:29.536+00:00,2026-09-19T05:51:29.664+00:00,2026-09-19T05:51:29.664+00:00,False,1,0.0,,0.0,300127.805443,300127.805443,300127.805443,300127.805443,300127.805443,300127.805443,nan,300127.805443,nan,nan,0.0,22,64,,True,False,"HTTPConnectionPool(host='gpu03', port=9002): Read timed out.",0,56.69694568066818
130,2026-09-19T05:46:30.061+00:00,2026-09-19T05:51:30.130+00:00,2026-09-19T05:51:30.130+00:00,False,1,0.0,,0.0,300068.446206,300068.446206,300068.446206,300068.446206,300068.446206,300068.446206,nan,300068.446206,nan,nan,0.0,22,64,,True,False,"HTTPConnectionPool(host='gpu03', port=9002): Read timed out.",0,56.69694568066818
131,2026-09-19T05:46:30.682+00:00,2026-09-19T05:51:30.787+00:00,2026-09-19T05:51:30.787+00:00,False,1,0.0,,0.0,300105.30465299997,300105.30465299997,300105.30465299997,300105.30465299997,300105.30465299997,300105.30465299997,nan,300105.30465299997,nan,nan,0.0,22,64,,True,False,"HTTPConnectionPool(host='gpu03', port=9002): Read timed out.",0,56.69694568066818
132,2026-09-19T05:46:31.339+00:00,2026-09-19T05:51:31.099+00:00,2026-09-19T05:51:31.361+00:00,False,5,4.0,,4.0,299760.10480900004,300022.590313,300022.590526,60004.51810520001,0.056519,299760.10480900004,134027.45468058708,239830.06590280004,65.621376,50.78725289368132,0.013332329395019823,22,64,,True,False,Request timeout: 300.0s exceeded,19,56.69694568066818
133,2026-09-19T05:46:31.722+00:00,2026-09-19T05:51:31.531+00:00,2026-09-19T05:51:31.739+00:00,False,4,3.0,,3.0,299809.20326599997,300017.83097799995,300017.830738,75004.4576845,0.08344,299809.20326599997,149869.8384430109,254853.73769464996,69.54257066666668,60.181106547881335,0.009999405669391654,22,64,,True,False,Request timeout: 300.0s exceeded,14,56.69694568066818
134,2026-09-19T05:46:32.120+00:00,2026-09-19T05:51:32.225+00:00,2026-09-19T05:51:32.225+00:00,False,1,0.0,,0.0,300105.603916,300105.603916,300105.603916,300105.603916,300105.603916,300105.603916,nan,300105.603916,nan,nan,0.0,22,64,,True,False,"HTTPConnectionPool(host='gpu03', port=9002): Read timed out.",0,56.69694568066818
135,2026-09-19T05:46:32.718+00:00,2026-09-19T05:51:32.668+00:00,2026-09-19T05:51:32.778+00:00,False,3,2.0,,2.0,299950.529513,300060.70397699997,300060.70405999996,100020.23468666666,0.04444,299950.529513,173144.72305479582,269966.4895724,55.087232,77.84247791774277,0.0066653179623057295,22,64,,True,False,Request timeout: 300.0s exceeded,7,56.69694568066818
136,2026-09-19T05:46:33.196+00:00,2026-09-19T05:51:33.022+00:00,2026-09-19T05:51:33.231+00:00,False,4,3.0,,3.0,299825.234194,300034.45941,300034.45921400003,75008.61480350001,0.037520000000000005,299825.234194,149877.75486670213,254869.39166380002,69.74173866666668,62.206929327323955,0.009998851484923839,22,64,,True,False,Request timeout: 300.0s exceeded,7,56.69694568066818
137,2026-09-19T05:46:33.759+00:00,2026-09-19T05:51:33.796+00:00,2026-09-19T05:51:33.796+00:00,False,1,0.0,,0.0,300037.374375,300037.374375,300037.374375,300037.374375,300037.374375,300037.374375,nan,300037.374375,nan,nan,0.0,22,64,,True,False,"HTTPConnectionPool(host='gpu03', port=9002): Read timed out.",0,56.69694568066818
138,2026-09-19T05:46:34.180+00:00,2026-09-19T05:51:34.141+00:00,2026-09-19T05:51:34.277+00:00,False,3,2.0,,2.0,299961.65501,300097.89360199997,300097.893618,100032.63120599999,0.03983,299961.65501,173143.62695239487,269979.10938680003,68.119296,96.27911626835235,0.006664491962920833,22,64,,True,False,Request timeout: 300.0s exceeded,8,56.69694568066818
139,2026-09-19T05:46:34.682+00:00,2026-09-19T05:51:34.547+00:00,2026-09-19T05:51:34.748+00:00,False,4,3.0,,3.0,299864.903039,300066.177407,300066.177246,75016.5443115,0.0479,299864.903039,149898.91353018818,254901.73591355,67.091456,58.88955204160847,0.009997794572931483,22,64,,True,False,Request timeout: 300.0s exceeded,18,56.69694568066818
140,2026-09-19T05:46:35.193+00:00,2026-09-19T05:51:35.298+00:00,2026-09-19T05:51:35.298+00:00,False,1,0.0,,0.0,300105.55427100003,300105.55427100003,300105.55427100003,300105.55427100003,300105.55427100003,300105.55427100003,nan,300105.55427100003,nan,nan,0.0,22,64,,True,False,"HTTPConnectionPool(host='gpu03', port=9002): Read timed out.",0,56.69694568066818
141,2026-09-19T05:46:35.715+00:00,2026-09-19T05:51:35.751+00:00,2026-09-19T05:51:35.751+00:00,False,1,0.0,,0.0,300036.344287,300036.344287,300036.344287,300036.344287,300036.344287,300036.344287,nan,300036.344287,nan,nan,0.0,22,64,,True,False,TTFT timeout: 300.0s exceeded (TTFT: 300.024s),0,56.69694568066818
142,2026-09-19T05:46:36.392+00:00,2026-09-19T05:51:36.149+00:00,2026-09-19T05:51:36.451+00:00,False,5,4.0,,4.0,299756.978422,300058.460662,300058.46082000004,60011.692164,0.03236,299756.978422,134021.69644723416,239826.5407374,75.37056,50.400821124228315,0.013330735587908612,22,64,,True,False,Request timeout: 300.0s exceeded,26,56.69694568066818
143,2026-09-19T05:46:36.776+00:00,2026-09-19T05:51:36.796+00:00,2026-09-19T05:51:36.796+00:00,False,1,0.0,,0.0,300020.202117,300020.202117,300020.202117,300020.202117,300020.202117,300020.202117,nan,300020.202117,nan,nan,0.0,22,64,,True,False,"HTTPConnectionPool(host='gpu03', port=9002): Read timed out.",0,56.69694568066818
144,2026-09-19T05:46:37.744+00:00,2026-09-19T05:51:37.456+00:00,2026-09-19T05:51:37.997+00:00,False,7,6.0,,6.0,299712.611153,300253.608785,300253.60884,42893.372691428565,0.04393,299712.611153,113246.6467564762,209832.82690609994,90.166272,44.478241969129954,0.019983107028353382,22,64,,True,False,Request timeout: 300.0s exceeded,19,56.69694568066818
145,2026-09-19T05:46:37.878+00:00,2026-09-19T05:51:37.897+00:00,2026-09-19T05:51:37.994+00:00,False,3,2.0,,2.0,300018.93899500003,300115.51038700005,300115.510353,100038.50345100001,0.047488999999999996,300018.93899500003,173188.14415888558,270026.6974824,48.285696,68.21894695883834,0.006664100757141784,22,64,,True,False,Request timeout: 300.0s exceeded,12,56.69694568066818
146,2026-09-19T05:46:38.365+00:00,2026-09-19T05:51:38.477+00:00,2026-09-19T05:51:38.477+00:00,False,1,0.0,,0.0,300111.771908,300111.771908,300111.771908,300111.771908,300111.771908,300111.771908,nan,300111.771908,nan,nan,0.0,22,64,,True,False,"HTTPConnectionPool(host='gpu03', port=9002): Read timed out.",0,56.69694568066818
147,2026-09-19T05:46:38.755+00:00,2026-09-19T05:51:39.173+00:00,2026-09-19T05:51:39.479+00:00,False,5,4.0,,4.0,300417.583965,300723.417949,300723.417894,60144.6835788,0.04437,300417.583965,134316.65151539954,240370.9722854,76.458496,77.8293506216788,0.013301258768874342,22,64,,True,False,Request timeout: 300.0s exceeded,26,56.69694568066818
148,2026-09-19T05:46:39.331+00:00,2026-09-19T05:51:39.361+00:00,2026-09-19T05:51:39.685+00:00,False,7,6.0,,6.0,300029.847145,300354.162025,300354.162151,42907.73745014286,0.061770000000000005,300029.847145,113380.19773292638,210053.6231485,54.05248,35.359569149421446,0.019976417038964116,22,64,,True,False,Request timeout: 300.0s exceeded,27,56.69694568066818
149,2026-09-19T05:46:39.907+00:00,2026-09-19T05:51:39.990+00:00,2026-09-19T05:51:39.990+00:00,False,1,0.0,,0.0,300083.04982099996,300083.04982099996,300083.04982099996,300083.04982099996,300083.04982099996,300083.04982099996,nan,300083.04982099996,nan,nan,0.0,22,64,,True,False,"HTTPConnectionPool(host='gpu03', port=9002): Read timed out.",0,56.69694568066818
150,2026-09-19T05:46:40.336+00:00,2026-09-19T05:51:40.426+00:00,2026-09-19T05:51:40.426+00:00,False,1,0.0,,0.0,300089.336838,300089.336838,300089.336838,300089.336838,300089.336838,300089.336838,nan,300089.336838,nan,nan,0.0,22,64,,True,False,"HTTPConnectionPool(host='gpu03', port=9002): Read timed out.",0,56.69694568066818
152,2026-09-19T05:46:41.271+00:00,2026-09-19T05:51:40.952+00:00,2026-09-19T05:51:41.319+00:00,False,6,5.0,,5.0,299680.232075,300047.993483,300047.993531,50007.998921833336,0.020550000000000002,299680.232075,122313.92298138035,224792.00013300002,73.5522816,49.91549651878155,0.016664000788538143,22,64,,True,False,Request timeout: 300.0s exceeded,15,56.69694568066818
151,2026-09-19T05:46:40.883+00:00,2026-09-19T05:51:40.954+00:00,2026-09-19T05:51:40.954+00:00,False,1,0.0,,0.0,300070.915339,300070.915339,300070.915339,300070.915339,300070.915339,300070.915339,nan,300070.915339,nan,nan,0.0,22,64,,True,False,TTFT timeout: 300.0s exceeded (TTFT: 300.065s),0,56.69694568066818
153,2026-09-19T05:46:41.671+00:00,2026-09-19T05:51:41.171+00:00,2026-09-19T05:51:41.723+00:00,False,8,7.0,,7.0,299500.137139,300051.373491,300051.373514,37506.42168925,0.03741,299500.137139,105861.45372492487,194711.10334059998,78.74805028571429,39.75270651159097,0.023329338301495774,22,64,,True,False,Request timeout: 300.0s exceeded,34,56.69694568066818
154,2026-09-19T05:46:42.247+00:00,2026-09-19T05:51:42.354+00:00,2026-09-19T05:51:42.354+00:00,False,1,0.0,,0.0,300106.82347500004,300106.82347500004,300106.82347500004,300106.82347500004,300106.82347500004,300106.82347500004,nan,300106.82347500004,nan,nan,0.0,22,64,,True,False,"HTTPConnectionPool(host='gpu03', port=9002): Read timed out.",0,56.69694568066818
155,2026-09-19T05:46:42.783+00:00,2026-09-19T05:51:42.683+00:00,2026-09-19T05:51:42.817+00:00,False,3,2.0,,2.0,299900.265706,300034.195946,300034.19600899995,100011.39866966665,0.038130000000000004,299900.265706,173108.8497247553,269923.6283527,66.96512,94.64903714781865,0.006665906843365144,22,64,,True,False,Request timeout: 300.0s exceeded,4,56.69694568066818
156,2026-09-19T05:46:43.207+00:00,2026-09-19T05:51:43.035+00:00,2026-09-19T05:51:43.239+00:00,False,4,3.0,,3.0,299827.764755,300031.53717100003,300031.537007,75007.88425175,0.03402,299827.764755,149879.92803146943,254869.16573839998,67.92413866666668,58.82530665726639,0.0099989488714654,22,64,,True,False,Request timeout: 300.0s exceeded,10,56.69694568066818
157,2026-09-19T05:46:43.723+00:00,2026-09-19T05:51:43.831+00:00,2026-09-19T05:51:43.831+00:00,False,1,0.0,,0.0,300108.472166,300108.472166,300108.472166,300108.472166,300108.472166,300108.472166,nan,300108.472166,nan,nan,0.0,22,64,,True,False,"HTTPConnectionPool(host='gpu03', port=9002): Read timed out.",0,56.69694568066818
158,2026-09-19T05:46:44.223+00:00,2026-09-19T05:51:44.259+00:00,2026-09-19T05:51:44.259+00:00,False,1,0.0,,0.0,300036.043148,300036.043148,300036.043148,300036.043148,300036.043148,300036.043148,nan,300036.043148,nan,nan,0.0,22,64,,True,False,"HTTPConnectionPool(host='gpu03', port=9002): Read timed out.",0,56.69694568066818
159,2026-09-19T05:46:44.624+00:00,2026-09-19T05:51:44.480+00:00,2026-09-19T05:51:44.740+00:00,False,4,3.0,,3.0,299856.33572100004,300115.52471300005,300115.52472600003,75028.88118150001,0.02568,299856.33572100004,149884.98298612962,254900.25588405,86.39633066666667,77.31321480808056,0.009996150658546886,22,64,,True,False,Request timeout: 300.0s exceeded,11,56.69694568066818
160,2026-09-19T05:46:45.082+00:00,2026-09-19T05:51:44.991+00:00,2026-09-19T05:51:45.099+00:00,False,3,2.0,,2.0,299908.59060500003,300016.54580500006,300016.545777,100005.515259,0.032350000000000004,299908.59060500003,173121.14994904553,269928.52382670005,53.9776,76.29023711168207,0.006666299002388781,22,64,,True,False,Request timeout: 300.0s exceeded,8,56.69694568066818
161,2026-09-19T05:46:45.525+00:00,2026-09-19T05:51:45.630+00:00,2026-09-19T05:51:45.630+00:00,False,1,0.0,,0.0,300105.793665,300105.793665,300105.793665,300105.793665,300105.793665,300105.793665,nan,300105.793665,nan,nan,0.0,22,64,,True,False,"HTTPConnectionPool(host='gpu03', port=9002): Read timed out.",0,56.69694568066818
162,2026-09-19T05:46:46.178+00:00,2026-09-19T05:51:46.172+00:00,2026-09-19T05:51:46.285+00:00,True,2,2.0,,2.0,299994.74442299997,300107.74717499997,300107.747094,150053.873547,113.002671,299994.74442299997,212048.4131468722,285000.6573354,113.002752,nan,0.006664273144650785,22,64,,True,True,,5,56.69694568066818
163,2026-09-19T05:46:46.672+00:00,2026-09-19T05:51:46.390+00:00,2026-09-19T05:51:46.683+00:00,False,5,4.0,,4.0,299717.691694,300010.801454,300010.801581,60002.160316199996,0.02207,299717.691694,134005.0625366519,239794.1188294,73.27744,48.8608054642056,0.013332853285995143,22,64,,True,False,Request timeout: 300.0s exceeded,22,56.69694568066818
164,2026-09-19T05:46:47.213+00:00,2026-09-19T05:51:47.305+00:00,2026-09-19T05:51:47.305+00:00,False,1,0.0,,0.0,300091.38116399996,300091.38116399996,300091.38116399996,300091.38116399996,300091.38116399996,300091.38116399996,nan,300091.38116399996,nan,nan,0.0,22,64,,True,False,"HTTPConnectionPool(host='gpu03', port=9002): Read timed out.",0,56.69694568066818
165,2026-09-19T05:46:47.759+00:00,2026-09-19T05:51:47.808+00:00,2026-09-19T05:51:47.808+00:00,False,1,0.0,,0.0,300048.64376999997,300048.64376999997,300048.64376999997,300048.64376999997,300048.64376999997,300048.64376999997,nan,300048.64376999997,nan,nan,0.0,22,64,,True,False,"HTTPConnectionPool(host='gpu03', port=9002): Read timed out.",0,56.69694568066818
166,2026-09-19T05:46:48.202+00:00,2026-09-19T05:51:48.069+00:00,2026-09-19T05:51:48.262+00:00,False,4,3.0,,3.0,299867.227069,300060.297917,300060.297916,75015.074479,0.02586,299867.227069,149901.4419752153,254901.98682295,64.35694933333333,55.76560757460137,0.00999799047333424,22,64,,True,False,Request timeout: 300.0s exceeded,10,56.69694568066818
167,2026-09-19T05:46:48.594+00:00,2026-09-19T05:51:48.699+00:00,2026-09-19T05:51:48.699+00:00,False,1,0.0,,0.0,300105.115932,300105.115932,300105.115932,300105.115932,300105.115932,300105.115932,nan,300105.115932,nan,nan,0.0,22,64,,True,False,"HTTPConnectionPool(host='gpu03', port=9002): Read timed out.",0,56.69694568066818
168,2026-09-19T05:46:49.120+00:00,2026-09-19T05:51:49.184+00:00,2026-09-19T05:51:49.184+00:00,False,1,0.0,,0.0,300064.206605,300064.206605,300064.206605,300064.206605,300064.206605,300064.206605,nan,300064.206605,nan,nan,0.0,22,64,,True,False,"HTTPConnectionPool(host='gpu03', port=9002): Read timed out.",0,56.69694568066818
169,2026-09-19T05:46:49.723+00:00,2026-09-19T05:51:49.521+00:00,2026-09-19T05:51:49.750+00:00,False,4,3.0,,3.0,299797.30853399995,300026.4492699999,300026.44938099995,75006.61234524999,0.05497,299797.30853399995,149860.4748146739,254848.02700409995,76.38024533333333,69.321857956991,0.009999118435389136,22,64,,True,False,Request timeout: 300.0s exceeded,7,56.69694568066818
170,2026-09-19T05:46:50.228+00:00,2026-09-19T05:51:50.284+00:00,2026-09-19T05:51:50.284+00:00,False,1,0.0,,0.0,300056.61179,300056.61179,300056.61179,300056.61179,300056.61179,300056.61179,nan,300056.61179,nan,nan,0.0,22,64,,True,False,"HTTPConnectionPool(host='gpu03', port=9002): Read timed out.",0,56.69694568066818
171,2026-09-19T05:46:50.851+00:00,2026-09-19T05:51:51.109+00:00,2026-09-19T05:51:51.568+00:00,False,6,5.0,,5.0,300257.972857,300716.441209,300716.44119000004,50119.406865000004,0.023629999999999998,300257.972857,122542.38025434,225230.68830375,91.6936704,55.127503975341064,0.016626959204152608,22,64,,True,False,Request timeout: 300.0s exceeded,15,56.69694568066818
172,2026-09-19T05:46:51.499+00:00,2026-09-19T05:51:51.634+00:00,2026-09-19T05:51:51.634+00:00,False,1,0.0,,0.0,300135.136326,300135.136326,300135.136326,300135.136326,300135.136326,300135.136326,nan,300135.136326,nan,nan,0.0,22,64,,True,False,"HTTPConnectionPool(host='gpu03', port=9002): Read timed out.",0,56.69694568066818
173,2026-09-19T05:46:51.928+00:00,2026-09-19T05:51:51.966+00:00,2026-09-19T05:51:51.966+00:00,False,1,0.0,,0.0,300037.438879,300037.438879,300037.438879,300037.438879,300037.438879,300037.438879,nan,300037.438879,nan,nan,0.0,22,64,,True,False,"HTTPConnectionPool(host='gpu03', port=9002): Read timed out.",0,56.69694568066818
174,2026-09-19T05:46:52.582+00:00,2026-09-19T05:51:52.687+00:00,2026-09-19T05:51:52.687+00:00,False,1,0.0,,0.0,300105.426199,300105.426199,300105.426199,300105.426199,300105.426199,300105.426199,nan,300105.426199,nan,nan,0.0,22,64,,True,False,"HTTPConnectionPool(host='gpu03', port=9002): Read timed out.",0,56.69694568066818
175,2026-09-19T05:46:53.142+00:00,2026-09-19T05:51:52.990+00:00,2026-09-19T05:51:53.167+00:00,False,4,3.0,,3.0,299847.79836,300024.825688,300024.82571400004,75006.20642850001,0.02204,299847.79836,149894.40052104677,254884.89383790002,59.009109333333335,51.50875493753649,0.00999917254554042,22,64,,True,False,Request timeout: 300.0s exceeded,10,56.69694568066818
176,2026-09-19T05:46:53.637+00:00,2026-09-19T05:51:53.163+00:00,2026-09-19T05:51:53.681+00:00,False,7,6.0,,6.0,299526.122585,300044.447833,300044.447791,42863.49254157143,0.02121,299526.122585,113177.58826791297,209700.2159792,86.38754133333333,42.37742202761954,0.01999703725009271,22,64,,True,False,Request timeout: 300.0s exceeded,17,56.69694568066818
177,2026-09-19T05:46:54.111+00:00,2026-09-19T05:51:54.216+00:00,2026-09-19T05:51:54.216+00:00,False,1,0.0,,0.0,300105.26622000005,300105.26622000005,300105.26622000005,300105.26622000005,300105.26622000005,300105.26622000005,nan,300105.26622000005,nan,nan,0.0,22,64,,True,False,"HTTPConnectionPool(host='gpu03', port=9002): Read timed out.",0,56.69694568066818
178,2026-09-19T05:46:54.558+00:00,2026-09-19T05:51:54.532+00:00,2026-09-19T05:51:54.644+00:00,False,3,2.0,,2.0,299974.444661,300085.998965,300085.998838,100028.66627933332,0.05011,299974.444661,173158.13242520276,269988.1506016,55.777152,78.80984524923997,0.006664756126237221,22,64,,True,False,Request timeout: 300.0s exceeded,7,56.69694568066818
179,2026-09-19T05:46:55.680+00:00,2026-09-19T05:51:54.885+00:00,2026-09-19T05:51:55.926+00:00,False,12,11.0,,11.0,299204.18172000005,300245.458648,300245.4586620001,25020.454888500004,0.0235,299204.18172000005,86345.4885596112,134712.84368315001,94.66153890909091,37.903670466294216,0.03663669069145227,22,64,,True,False,Request timeout: 300.0s exceeded,37,56.69694568066818
180,2026-09-19T05:46:55.777+00:00,2026-09-19T05:51:55.015+00:00,2026-09-19T05:51:55.923+00:00,False,11,10.0,,10.0,299237.985806,300146.775566,300146.775523,27286.07050209091,0.033219,299237.985806,90196.25369767415,149680.2981025,90.878976,38.224065557827785,0.033317032912122936,22,64,,True,False,Request timeout: 300.0s exceeded,42,56.69694568066818
181,2026-09-19T05:46:56.157+00:00,2026-09-19T05:51:56.171+00:00,2026-09-19T05:51:56.171+00:00,False,1,0.0,,0.0,300014.259947,300014.259947,300014.259947,300014.259947,300014.259947,300014.259947,nan,300014.259947,nan,nan,0.0,22,64,,True,False,"HTTPConnectionPool(host='gpu03', port=9002): Read timed out.",0,56.69694568066818
182,2026-09-19T05:46:56.746+00:00,2026-09-19T05:51:56.850+00:00,2026-09-19T05:51:56.850+00:00,False,1,0.0,,0.0,300104.215131,300104.215131,300104.215131,300104.215131,300104.215131,300104.215131,nan,300104.215131,nan,nan,0.0,22,64,,True,False,"HTTPConnectionPool(host='gpu03', port=9002): Read timed out.",0,56.69694568066818
183,2026-09-19T05:46:57.197+00:00,2026-09-19T05:51:57.257+00:00,2026-09-19T05:51:57.257+00:00,False,1,0.0,,0.0,300060.71838700003,300060.71838700003,300060.71838700003,300060.71838700003,300060.71838700003,300060.71838700003,nan,300060.71838700003,nan,nan,0.0,22,64,,True,False,"HTTPConnectionPool(host='gpu03', port=9002): Read timed out.",0,56.69694568066818
184,2026-09-19T05:46:57.861+00:00,2026-09-19T05:51:57.408+00:00,2026-09-19T05:51:57.911+00:00,False,7,6.0,,6.0,299546.870335,300050.49683099997,300050.496797,42864.35668528571,0.04209,299546.870335,113186.3557304845,209713.7391976,83.93774933333333,41.13113370488256,0.019996634111155737,22,64,,True,False,Request timeout: 300.0s exceeded,18,56.69694568066818
185,2026-09-19T05:46:58.308+00:00,2026-09-19T05:51:58.332+00:00,2026-09-19T05:51:58.332+00:00,False,1,0.0,,0.0,300023.89282300003,300023.89282300003,300023.89282300003,300023.89282300003,300023.89282300003,300023.89282300003,nan,300023.89282300003,nan,nan,0.0,22,64,,True,False,"HTTPConnectionPool(host='gpu03', port=9002): Read timed out.",0,56.69694568066818
186,2026-09-19T05:46:59.000+00:00,2026-09-19T05:51:59.037+00:00,2026-09-19T05:51:59.037+00:00,False,1,0.0,,0.0,300037.08737300005,300037.08737300005,300037.08737300005,300037.08737300005,300037.08737300005,300037.08737300005,nan,300037.08737300005,nan,nan,0.0,22,64,,True,False,"HTTPConnectionPool(host='gpu03', port=9002): Read timed out.",0,56.69694568066818
187,2026-09-19T05:46:59.636+00:00,2026-09-19T05:51:59.424+00:00,2026-09-19T05:51:59.671+00:00,False,5,4.0,,4.0,299787.17795599997,300034.37821199995,300034.37806899997,60006.875613799995,0.026199999999999998,299787.17795599997,134041.2701358675,239849.73343979998,61.800064,47.11468300074277,0.013331805587870525,22,64,,True,False,Request timeout: 300.0s exceeded,12,56.69694568066818
188,2026-09-19T05:47:00.097+00:00,2026-09-19T05:52:00.202+00:00,2026-09-19T05:52:00.202+00:00,False,1,0.0,,0.0,300105.129624,300105.129624,300105.129624,300105.129624,300105.129624,300105.129624,nan,300105.129624,nan,nan,0.0,22,64,,True,False,"HTTPConnectionPool(host='gpu03', port=9002): Read timed out.",0,56.69694568066818
189,2026-09-19T05:47:00.531+00:00,2026-09-19T05:52:00.555+00:00,2026-09-19T05:52:00.555+00:00,False,1,0.0,,0.0,300023.822856,300023.822856,300023.822856,300023.822856,300023.822856,300023.822856,nan,300023.822856,nan,nan,0.0,22,64,,True,False,TTFT timeout: 300.0s exceeded (TTFT: 300.015s),0,56.69694568066818
190,2026-09-19T05:47:00.913+00:00,2026-09-19T05:52:00.802+00:00,2026-09-19T05:52:01.017+00:00,False,4,3.0,,3.0,299888.138517,300103.213589,300103.213498,75025.8033745,0.0217,299888.138517,149908.23199574245,254921.15675205,71.69169066666667,62.07231392140304,0.009996560730297898,22,64,,True,False,Request timeout: 300.0s exceeded,9,56.69694568066818
191,2026-09-19T05:47:01.363+00:00,2026-09-19T05:52:01.467+00:00,2026-09-19T05:52:01.467+00:00,False,1,0.0,,0.0,300104.407365,300104.407365,300104.407365,300104.407365,300104.407365,300104.407365,nan,300104.407365,nan,nan,0.0,22,64,,True,False,"HTTPConnectionPool(host='gpu03', port=9002): Read timed out.",0,56.69694568066818
192,2026-09-19T05:47:01.944+00:00,2026-09-19T05:52:02.037+00:00,2026-09-19T05:52:02.037+00:00,False,1,0.0,,0.0,300092.911549,300092.911549,300092.911549,300092.911549,300092.911549,300092.911549,nan,300092.911549,nan,nan,0.0,22,64,,True,False,"HTTPConnectionPool(host='gpu03', port=9002): Read timed out.",0,56.69694568066818
193,2026-09-19T05:47:02.458+00:00,2026-09-19T05:52:02.334+00:00,2026-09-19T05:52:02.599+00:00,False,4,3.0,,3.0,299876.600894,300140.99539,300140.995234,75035.2488085,0.024149999999999998,299876.600894,149894.2477791995,254915.9850446,88.13149866666667,76.62135140530847,0.009995302361484581,22,64,,True,False,Request timeout: 300.0s exceeded,11,56.69694568066818
194,2026-09-19T05:47:02.895+00:00,2026-09-19T05:52:02.600+00:00,2026-09-19T05:52:02.994+00:00,False,8,7.0,,7.0,299704.905098,300098.45415400004,300098.454111,37512.306763875,0.03947,299704.905098,105941.81260586965,194845.396547,56.221293714285714,33.19592161434573,0.023325678300254907,22,64,,True,False,Request timeout: 300.0s exceeded,21,56.69694568066818
195,2026-09-19T05:47:03.457+00:00,2026-09-19T05:52:03.480+00:00,2026-09-19T05:52:03.480+00:00,False,1,0.0,,0.0,300023.466143,300023.466143,300023.466143,300023.466143,300023.466143,300023.466143,nan,300023.466143,nan,nan,0.0,22,64,,True,False,"HTTPConnectionPool(host='gpu03', port=9002): Read timed out.",0,56.69694568066818
196,2026-09-19T05:47:04.113+00:00,2026-09-19T05:52:04.083+00:00,2026-09-19T05:52:05.048+00:00,False,11,10.0,,10.0,299970.08487,300935.44167000003,300935.44161800004,27357.767419818185,0.037709000000000006,299970.08487,90415.28314414053,150048.10606000002,96.53568,35.07483106287169,0.03322971845558093,22,64,,True,False,Request timeout: 300.0s exceeded,20,56.69694568066818
198,2026-09-19T05:47:05.313+00:00,2026-09-19T05:52:05.342+00:00,2026-09-19T05:52:05.342+00:00,False,1,0.0,,0.0,300029.209002,300029.209002,300029.209002,300029.209002,300029.209002,300029.209002,nan,300029.209002,nan,nan,0.0,22,64,,True,False,"HTTPConnectionPool(host='gpu03', port=9002): Read timed out.",0,56.69694568066818
197,2026-09-19T05:47:04.720+00:00,2026-09-19T05:52:05.791+00:00,2026-09-19T05:52:05.791+00:00,False,1,0.0,,0.0,301071.32311799994,301071.32311799994,301071.32311799994,301071.32311799994,301071.32311799994,301071.32311799994,nan,301071.32311799994,nan,nan,0.0,22,64,,True,False,"HTTPConnectionPool(host='gpu03', port=9002): Read timed out.",0,56.69694568066818
199,2026-09-19T05:47:05.972+00:00,2026-09-19T05:52:06.079+00:00,2026-09-19T05:52:06.079+00:00,False,1,0.0,,0.0,300106.789458,300106.789458,300106.789458,300106.789458,300106.789458,300106.789458,nan,300106.789458,nan,nan,0.0,22,64,,True,False,"HTTPConnectionPool(host='gpu03', port=9002): Read timed out.",0,56.69694568066818
200,2026-09-19T05:47:06.654+00:00,2026-09-19T05:52:06.545+00:00,2026-09-19T05:52:06.742+00:00,False,4,3.0,,3.0,299891.120062,300088.02067,300088.020639,75022.00515975,0.019489999999999997,299891.120062,149912.7504823308,254922.81028705,65.633536,56.960420867622666,0.009997066838262871,22,64,,True,False,Request timeout: 300.0s exceeded,11,56.69694568066818
201,2026-09-19T05:47:07.025+00:00,2026-09-19T05:52:06.645+00:00,2026-09-19T05:52:07.045+00:00,False,8,7.0,,7.0,299619.814697,300019.630377,300019.630155,37502.453769375,0.041350000000000005,299619.814697,105911.41230917131,194788.95907415,57.116525714285714,33.95080506936941,0.02333180662613279,22,64,,True,False,Request timeout: 300.0s exceeded,32,56.69694568066818
202,2026-09-19T05:47:07.621+00:00,2026-09-19T05:52:07.671+00:00,2026-09-19T05:52:07.671+00:00,False,1,0.0,,0.0,300050.018074,300050.018074,300050.018074,300050.018074,300050.018074,300050.018074,nan,300050.018074,nan,nan,0.0,22,64,,True,False,"HTTPConnectionPool(host='gpu03', port=9002): Read timed out.",0,56.69694568066818
203,2026-09-19T05:47:08.288+00:00,2026-09-19T05:52:08.270+00:00,2026-09-19T05:52:08.386+00:00,False,3,2.0,,2.0,299982.09162699996,300098.798187,300098.79828999995,100032.93276333332,0.03678,299982.09162699996,173161.06086108397,269995.54945259995,58.35328,82.47222845486333,0.006664471874205054,22,64,,True,False,Request timeout: 300.0s exceeded,15,56.69694568066818
204,2026-09-19T05:47:08.952+00:00,2026-09-19T05:52:09.033+00:00,2026-09-19T05:52:09.033+00:00,False,1,0.0,,0.0,300081.358839,300081.358839,300081.358839,300081.358839,300081.358839,300081.358839,nan,300081.358839,nan,nan,0.0,22,64,,True,False,"HTTPConnectionPool(host='gpu03', port=9002): Read timed out.",0,56.69694568066818
205,2026-09-19T05:47:09.475+00:00,2026-09-19T05:52:09.529+00:00,2026-09-19T05:52:09.529+00:00,False,1,0.0,,0.0,300054.527675,300054.527675,300054.527675,300054.527675,300054.527675,300054.527675,nan,300054.527675,nan,nan,0.0,22,64,,True,False,"HTTPConnectionPool(host='gpu03', port=9002): Read timed out.",0,56.69694568066818
206,2026-09-19T05:47:09.981+00:00,2026-09-19T05:52:09.862+00:00,2026-09-19T05:52:09.997+00:00,False,3,2.0,,2.0,299881.668954,300016.727642,300016.727612,100005.57587066667,0.055229999999999994,299881.668954,173097.78737016552,269907.0024014,67.529344,95.4227137898132,0.006666294962014696,22,64,,True,False,Request timeout: 300.0s exceeded,4,56.69694568066818
207,2026-09-19T05:47:10.408+00:00,2026-09-19T05:52:10.202+00:00,2026-09-19T05:52:10.507+00:00,False,5,4.0,,4.0,299794.775341,300099.230765,300099.230853,60019.8461706,0.08391,299794.775341,134038.26742061245,239856.3194266,76.113856,50.692460762908716,0.01332892453540575,22,64,,True,False,Request timeout: 300.0s exceeded,12,56.69694568066818
208,2026-09-19T05:47:10.933+00:00,2026-09-19T05:52:11.015+00:00,2026-09-19T05:52:11.015+00:00,False,1,0.0,,0.0,300082.152125,300082.152125,300082.152125,300082.152125,300082.152125,300082.152125,nan,300082.152125,nan,nan,0.0,22,64,,True,False,"HTTPConnectionPool(host='gpu03', port=9002): Read timed out.",0,56.69694568066818
209,2026-09-19T05:47:11.550+00:00,2026-09-19T05:52:11.505+00:00,2026-09-19T05:52:11.634+00:00,False,3,2.0,,2.0,299954.338791,300083.223015,300083.222954,100027.74098466667,0.03585,299954.338791,173141.52457158908,269971.7897432,64.442112,91.08422336429052,0.006664817779233289,22,64,,True,False,Request timeout: 300.0s exceeded,10,56.69694568066818
210,2026-09-19T05:47:12.183+00:00,2026-09-19T05:52:12.246+00:00,2026-09-19T05:52:12.246+00:00,False,1,0.0,,0.0,300063.436672,300063.436672,300063.436672,300063.436672,300063.436672,300063.436672,nan,300063.436672,nan,nan,0.0,22,64,,True,False,"HTTPConnectionPool(host='gpu03', port=9002): Read timed out.",0,56.69694568066818
211,2026-09-19T05:47:12.864+00:00,2026-09-19T05:52:12.943+00:00,2026-09-19T05:52:12.943+00:00,False,1,0.0,,0.0,300079.158979,300079.158979,300079.158979,300079.158979,300079.158979,300079.158979,nan,300079.158979,nan,nan,0.0,22,64,,True,False,TTFT timeout: 300.0s exceeded (TTFT: 300.072s),0,56.69694568066818
212,2026-09-19T05:47:13.240+00:00,2026-09-19T05:52:13.095+00:00,2026-09-19T05:52:13.355+00:00,False,4,3.0,,3.0,299855.054498,300115.111586,300115.11158900004,75028.77789725001,0.039799999999999995,299855.054498,149884.19697608214,254897.03260864998,86.685696,75.19746506967648,0.009996164418866091,22,64,,True,False,Request timeout: 300.0s exceeded,11,56.69694568066818
213,2026-09-19T05:47:13.773+00:00,2026-09-19T05:52:13.466+00:00,2026-09-19T05:52:13.817+00:00,False,6,5.0,,5.0,299693.572635,300044.501019,300044.501063,50007.41684383333,0.09912,299693.572635,122320.74209295596,224795.98271525,70.1856768,44.88412263466701,0.0166641947545087,22,64,,True,False,Request timeout: 300.0s exceeded,23,56.69694568066818
214,2026-09-19T05:47:14.368+00:00,2026-09-19T05:52:14.440+00:00,2026-09-19T05:52:14.440+00:00,False,1,0.0,,0.0,300072.382508,300072.382508,300072.382508,300072.382508,300072.382508,300072.382508,nan,300072.382508,nan,nan,0.0,22,64,,True,False,"HTTPConnectionPool(host='gpu03', port=9002): Read timed out.",0,56.69694568066818
215,2026-09-19T05:47:14.834+00:00,2026-09-19T05:52:14.783+00:00,2026-09-19T05:52:14.915+00:00,False,3,2.0,,2.0,299949.060649,300081.24215299997,300081.24221399997,100027.080738,0.02173,299949.060649,173137.5259837405,269967.3705676,66.090752,93.43566453871952,0.006664861774266705,22,64,,True,False,Request timeout: 300.0s exceeded,9,56.69694568066818
216,2026-09-19T05:47:15.383+00:00,2026-09-19T05:52:15.138+00:00,2026-09-19T05:52:15.449+00:00,False,5,4.0,,4.0,299754.853525,300065.654677,300065.654432,60013.130886399995,0.06082,299754.853525,134019.704972514,239827.1611928,77.700288,52.65141459821867,0.01333041598614718,22,64,,True,False,Request timeout: 300.0s exceeded,26,56.69694568066818
217,2026-09-19T05:47:15.992+00:00,2026-09-19T05:52:16.065+00:00,2026-09-19T05:52:16.065+00:00,False,1,0.0,,0.0,300072.400268,300072.400268,300072.400268,300072.400268,300072.400268,300072.400268,nan,300072.400268,nan,nan,0.0,22,64,,True,False,"HTTPConnectionPool(host='gpu03', port=9002): Read timed out.",0,56.69694568066818
218,2026-09-19T05:47:16.398+00:00,2026-09-19T05:52:16.392+00:00,2026-09-19T05:52:16.530+00:00,False,3,2.0,,2.0,299993.647836,300131.793628,300131.793737,100043.93124566667,0.02054,299993.647836,173161.54781489845,270008.09558850003,69.072896,97.6548632218289,0.006663739205446894,22,64,,True,False,Request timeout: 300.0s exceeded,2,56.69694568066818
219,2026-09-19T05:47:17.525+00:00,2026-09-19T05:52:16.658+00:00,2026-09-19T05:52:17.735+00:00,False,13,12.0,,12.0,299133.79459299997,300210.258209,300210.25806799997,23093.096774461537,0.04061,299133.79459299997,82939.91319938209,119722.67859339998,89.70530133333332,32.09139314636765,0.03997198520660095,22,64,,True,False,Request timeout: 300.0s exceeded,33,56.69694568066818
220,2026-09-19T05:47:17.649+00:00,2026-09-19T05:52:16.880+00:00,2026-09-19T05:52:17.867+00:00,False,12,11.0,,11.0,299231.187541,300217.515861,300217.516017,25018.126334750003,0.04253,299231.187541,86354.72575349349,134727.1463846,89.6662109090909,36.00784072612085,0.03664010065652856,22,64,,True,False,Request timeout: 300.0s exceeded,41,56.69694568066818
221,2026-09-19T05:47:18.113+00:00,2026-09-19T05:52:18.151+00:00,2026-09-19T05:52:18.151+00:00,False,1,0.0,,0.0,300037.499169,300037.499169,300037.499169,300037.499169,300037.499169,300037.499169,nan,300037.499169,nan,nan,0.0,22,64,,True,False,"HTTPConnectionPool(host='gpu03', port=9002): Read timed out.",0,56.69694568066818
222,2026-09-19T05:47:18.637+00:00,2026-09-19T05:52:18.747+00:00,2026-09-19T05:52:18.747+00:00,False,1,0.0,,0.0,300110.001881,300110.001881,300110.001881,300110.001881,300110.001881,300110.001881,nan,300110.001881,nan,nan,0.0,22,64,,True,False,"HTTPConnectionPool(host='gpu03', port=9002): Read timed out.",0,56.69694568066818
223,2026-09-19T05:47:19.313+00:00,2026-09-19T05:52:19.392+00:00,2026-09-19T05:52:20.582+00:00,False,16,15.0,,15.0,300078.922513,301268.82715300005,301268.827369,18829.3017105625,0.03589,300078.922513,74999.90594851667,75100.45700275002,79.326976,33.703207277740844,0.04978941944226515,22,64,,True,False,Request timeout: 300.0s exceeded,90,56.69694568066818
224,2026-09-19T05:47:19.803+00:00,2026-09-19T05:52:19.426+00:00,2026-09-19T05:52:20.689+00:00,False,16,15.0,,15.0,299622.71591900004,300885.568015,300885.568107,18805.3480066875,0.03936,299622.71591900004,74884.63774557482,74986.3460075,84.19013973333334,31.801096548454606,0.049852839732253976,22,64,,True,False,Request timeout: 300.0s exceeded,53,56.69694568066818
225,2026-09-19T05:47:20.487+00:00,2026-09-19T05:52:20.748+00:00,2026-09-19T05:52:20.748+00:00,False,1,0.0,,0.0,300260.941806,300260.941806,300260.941806,300260.941806,300260.941806,300260.941806,nan,300260.941806,nan,nan,0.0,22,64,,True,False,"HTTPConnectionPool(host='gpu03', port=9002): Read timed out.",0,56.69694568066818
0,2026-09-19T05:45:20.790+00:00,2026-09-19T05:45:21.011+00:00,2026-09-19T05:45:27.822+00:00,True,74,74.0,,74.0,221.091309,7031.964653,7031.964671,95.02654960810811,33.476642,221.091309,29.09591455259204,112.36097265000001,93.29963484931507,25.190889910997,10.523374853488473,23,64,,False,True,,316,56.69694568066818
1,2026-09-19T05:45:21.330+00:00,2026-09-19T05:45:21.548+00:00,2026-09-19T05:45:28.909+00:00,True,77,77.0,,77.0,217.695845,7578.7101170000005,7578.710008,98.4248052987013,43.30364,217.695845,26.162928835206205,112.20825880000001,96.85545094736842,22.393202424576618,10.160040272193458,23,64,,False,True,,368,56.69694568066818
2,2026-09-19T05:45:21.780+00:00,2026-09-19T05:45:23.284+00:00,2026-09-19T05:45:25.656+00:00,True,26,26.0,,26.0,1504.735304,3876.40276,3876.402819,149.09241611538462,49.577314,1504.735304,277.41174185574187,113.124494,94.86669823999999,22.96147168446291,6.707249377771055,23,64,,False,True,,94,56.69694568066818
3,2026-09-19T05:45:22.133+00:00,2026-09-19T05:45:25.914+00:00,2026-09-19T05:45:27.101+00:00,True,13,13.0,,13.0,3780.9077620000003,4967.319794,4967.319928,382.10153292307695,42.821461000000006,3780.9077620000003,1021.3601718140461,1579.4974882000001,98.86766933333332,18.036466473152306,2.6171055094344102,23,64,,False,True,,43,56.69694568066818
4,2026-09-19T05:45:22.574+00:00,2026-09-19T05:45:27.923+00:00,2026-09-19T05:45:36.355+00:00,True,86,86.0,,86.0,5348.67634,13781.180404,13781.180312,160.24628269767442,0.0,5348.67634,566.9523896271623,111.74290674999999,99.20593016470589,31.897520351180162,6.240394326094042,23,64,,False,True,,370,56.69694568066818
5,2026-09-19T05:45:23.147+00:00,2026-09-19T05:45:31.119+00:00,2026-09-19T05:45:33.163+00:00,True,22,22.0,,22.0,7972.149219,10016.059874999999,10016.059897,455.27544986363637,0.0,7972.149219,1679.4727448111526,236.0832646,97.32907885714285,44.25708036154087,2.196472492632738,23,64,,False,True,,86,56.69694568066818
6,2026-09-19T05:45:23.557+00:00,2026-09-19T05:45:33.095+00:00,2026-09-19T05:45:41.883+00:00,True,91,91.0,,91.0,9538.553808,18326.312144000003,18326.312143,201.38804552747254,0.0,9538.553808,990.5653430110492,114.36970850000002,97.64175928888889,42.18900066308256,4.9655380354193746,23,64,,False,True,,411,56.69694568066818
7,2026-09-19T05:45:24.156+00:00,2026-09-19T05:45:36.458+00:00,2026-09-19T05:45:39.698+00:00,True,34,34.0,,34.0,12302.212458,15542.067562,15542.067551,457.11963385294115,0.0,12302.212458,2094.1922842188324,334.67626214999996,98.1774273939394,72.50774862507005,2.187611131168238,23,64,,False,True,,158,56.69694568066818
8,2026-09-19T05:45:24.500+00:00,2026-09-19T05:45:38.204+00:00,2026-09-19T05:45:41.786+00:00,True,37,37.0,,37.0,13704.270442,17286.423658,17286.423726,467.20064124324324,0.0,13704.270442,2237.0263575677377,148.66742100000002,99.504256,43.78181750497189,2.140408029562363,23,64,,False,True,,165,56.69694568066818
9,2026-09-19T05:45:24.906+00:00,2026-09-19T05:45:40.159+00:00,2026-09-19T05:45:41.684+00:00,True,16,16.0,,16.0,15252.936812999998,16777.869165,16777.86929,1048.616830625,94.80016,15252.936812999998,3787.820891167984,3896.2495522499994,101.66215679999999,4.25372983570008,0.9536371897199737,23,64,,False,True,,53,56.69694568066818
10,2026-09-19T05:45:25.418+00:00,2026-09-19T05:45:43.120+00:00,2026-09-19T05:45:48.770+00:00,True,59,59.0,,59.0,17701.317598999998,23351.878110999998,23351.878173999998,395.79454532203385,0.0,17701.317598999998,2292.2243149868705,113.9073579,97.42345710344827,42.78835046083975,2.5265633761683524,23,64,,False,True,,268,56.69694568066818
11,2026-09-19T05:45:26.007+00:00,2026-09-19T05:45:47.021+00:00,2026-09-19T05:45:54.430+00:00,True,75,75.0,,75.0,21013.454812,28422.503644,28422.503849,378.96671798666665,0.0,21013.454812,2416.1465585718333,196.21136919999998,100.12228151351351,79.2637039515369,2.638754169562136,23,64,,False,True,,376,56.69694568066818
12,2026-09-19T05:45:26.451+00:00,2026-09-19T05:45:49.099+00:00,2026-09-19T05:45:58.384+00:00,True,97,97.0,,97.0,22647.502335,31933.306879000003,31933.306999,329.20935050515465,0.0,22647.502335,2290.7978904699025,117.05931779999999,96.72713066666667,71.79426719838226,3.03758080450444,23,64,,False,True,,396,56.69694568066818
13,2026-09-19T05:45:27.020+00:00,2026-09-19T05:45:52.224+00:00,2026-09-19T05:45:54.427+00:00,True,23,23.0,,23.0,25204.472857,27406.958873,27406.958936,1191.6069102608697,0.0,25204.472857,5235.377371291907,437.634102,100.11300072727273,91.09100188314814,0.839202923118131,23,64,,False,True,,112,56.69694568066818
14,2026-09-19T05:45:27.577+00:00,2026-09-19T05:45:55.099+00:00,2026-09-19T05:46:02.450+00:00,True,79,79.0,,79.0,27521.755898,34873.182457999996,34873.18234,441.43268784810124,0.0,27521.755898,3086.4114059817603,115.95672369999998,94.24905846153847,60.00092111652723,2.265351035717625,23,64,,False,True,,262,56.69694568066818
15,2026-09-19T05:45:27.936+00:00,2026-09-19T05:45:57.173+00:00,2026-09-19T05:46:00.230+00:00,True,33,33.0,,33.0,29237.057071,32293.285167,32293.28511,978.5843972727273,0.0,29237.057071,5073.691483108548,290.1480962,95.507128,91.46758392561208,1.0218842657024618,23,64,,False,True,,151,56.69694568066818
16,2026-09-19T05:45:28.299+00:00,2026-09-19T05:45:59.656+00:00,2026-09-19T05:46:00.657+00:00,True,15,15.0,,15.0,31357.42077,32358.239714,32358.239569,2157.2159712666667,0.0,31357.42077,8078.120388763578,9487.845323399999,71.48706742857144,47.01429444885571,0.463560444961725,23,64,,False,True,,71,56.69694568066818
17,2026-09-19T05:45:28.857+00:00,2026-09-19T05:46:02.246+00:00,2026-09-19T05:46:10.268+00:00,True,81,81.0,,81.0,33389.210418,41411.053874000005,41411.053931,511.24757939506173,0.0,33389.210418,3699.6355871358032,113.43336500000001,100.2730432,80.49154454262957,1.9559994837720365,23,64,,False,True,,367,56.69694568066818
18,2026-09-19T05:45:29.228+00:00,2026-09-19T05:46:04.571+00:00,2026-09-19T05:46:12.976+00:00,True,86,86.0,,86.0,35343.675745,43748.244833000004,43748.244836,508.7005213488372,0.0,35343.675745,3802.0726133310905,116.501021,98.8772833882353,108.42993017703658,1.9657931496060574,23,64,,False,True,,349,56.69694568066818
19,2026-09-19T05:45:29.718+00:00,2026-09-19T05:46:07.488+00:00,2026-09-19T05:46:11.747+00:00,True,44,44.0,,44.0,37769.773333,42028.778517,42028.778382,955.1995086818181,53.553786,37769.773333,5679.081943373324,107.84150845,99.04663218604651,8.500224514510839,1.046901707652595,23,64,,False,True,,192,56.69694568066818
20,2026-09-19T05:45:30.200+00:00,2026-09-19T05:46:09.362+00:00,2026-09-19T05:46:17.334+00:00,True,84,84.0,,84.0,39162.602998,47134.759158,47134.759077,561.12808425,0.0,39162.602998,4263.209920591937,111.37188529999999,96.05007421686747,77.69701393257421,1.7821243069986707,23,64,,False,True,,293,56.69694568066818
21,2026-09-19T05:45:30.792+00:00,2026-09-19T05:46:12.581+00:00,2026-09-19T05:46:18.810+00:00,True,69,69.0,,69.0,41789.295051,48017.804235,48017.804431000004,695.9102091449275,0.0,41789.295051,5019.877431483629,112.38739819999999,91.59572329411765,25.601923123392876,1.4369669979558573,23,64,,False,True,,285,56.69694568066818
22,2026-09-19T05:45:31.199+00:00,2026-09-19T05:46:14.662+00:00,2026-09-19T05:46:22.924+00:00,True,86,86.0,,86.0,43462.926641000005,51724.50769700001,51724.507617,601.4477629883721,0.0,43462.926641000005,4677.823915607299,114.49057025,97.19507124705882,122.16897666790993,1.6626547806657608,23,64,,False,True,,461,56.69694568066818
23,2026-09-19T05:45:31.535+00:00,2026-09-19T05:46:16.502+00:00,2026-09-19T05:46:17.550+00:00,True,12,12.0,,12.0,44966.816308,46014.354228000004,46014.354267,3834.52952225,43.984617,44966.816308,12953.331367678624,20297.74574835,95.23072,24.08722843773671,0.26078818667193054,23,64,,False,True,,61,56.69694568066818
24,2026-09-19T05:45:32.088+00:00,2026-09-19T05:46:19.343+00:00,2026-09-19T05:46:23.029+00:00,True,38,38.0,,38.0,47254.584718000006,50940.18932600001,50940.189383000004,1340.5312995526317,0.0,47254.584718000006,7651.7224482901465,724.8250763,99.61093535135134,184.9701490504878,0.7459728851185227,23,64,,False,True,,189,56.69694568066818
25,2026-09-19T05:45:32.467+00:00,2026-09-19T05:46:21.852+00:00,2026-09-19T05:46:25.834+00:00,True,40,40.0,,40.0,49384.418748000004,53366.614716000004,53366.614709,1334.1653677250001,0.01663,49384.418748000004,7793.425064626241,161.5749663,102.10758892307693,138.97720081450223,0.7495322724303792,23,64,,False,True,,178,56.69694568066818
26,2026-09-19T05:45:33.011+00:00,2026-09-19T05:46:24.967+00:00,2026-09-19T05:46:30.447+00:00,True,54,54.0,,54.0,51956.056388,57436.064068,57436.064053999995,1063.6308158148147,0.0,51956.056388,7057.047481324225,120.00431,103.39637132075472,106.88549970782083,0.9401758438055233,23,64,,False,True,,279,56.69694568066818
27,2026-09-19T05:45:33.452+00:00,2026-09-19T05:46:27.255+00:00,2026-09-19T05:46:30.193+00:00,True,30,30.0,,30.0,53803.608378,56741.015865999994,56741.015878,1891.3671959333333,0.0,53803.608378,9805.660922153123,495.70097315000004,101.28991337931033,142.78974703973577,0.5287180629766698,23,64,,False,True,,144,56.69694568066818
28,2026-09-19T05:45:33.909+00:00,2026-09-19T05:46:29.453+00:00,2026-09-19T05:46:39.361+00:00,True,94,94.0,,94.0,55544.069658,65452.396826,65452.396954,696.3020952553192,0.0,55544.069658,5718.988124879238,112.96032200000002,106.54115234408602,109.8449094317061,1.436158254828949,23,64,,False,True,,307,56.69694568066818
29,2026-09-19T05:45:34.340+00:00,2026-09-19T05:46:31.615+00:00,2026-09-19T05:46:34.399+00:00,True,28,28.0,,28.0,57274.941541,60059.259749,60059.25975,2144.9735625,50.538961,57274.941541,10804.468781161511,117.1110512,103.1228965925926,15.443762199199947,0.4662062122812995,23,64,,False,True,,107,56.69694568066818
30,2026-09-19T05:45:34.824+00:00,2026-09-19T05:46:34.714+00:00,2026-09-19T05:46:44.129+00:00,True,96,96.0,,96.0,59890.313698,69305.151202,69305.151011,721.9286563645833,0.0,59890.313698,6103.447056004709,114.72885849999999,99.1035526736842,112.84156909561841,1.3851784223108319,23,64,,False,True,,385,56.69694568066818
31,2026-09-19T05:45:35.419+00:00,2026-09-19T05:46:37.858+00:00,2026-09-19T05:46:46.837+00:00,True,92,92.0,,92.0,62438.776939999996,71417.25783599999,71417.25785699999,776.274541923913,0.0,62438.776939999996,6500.03484358526,111.83838215,98.66462523076923,90.91478448781571,1.2882040390190488,23,64,,False,True,,355,56.69694568066818
32,2026-09-19T05:45:36.004+00:00,2026-09-19T05:46:41.224+00:00,2026-09-19T05:46:51.341+00:00,True,97,97.0,,97.0,65220.127176,75336.494536,75336.494573,776.6648925051546,0.0,65220.127176,6612.124523297266,111.60739659999999,105.37882666666667,98.32700882568692,1.287556589902759,23,64,,False,True,,483,56.69694568066818
33,2026-09-19T05:45:36.525+00:00,2026-09-19T05:46:43.923+00:00,2026-09-19T05:46:52.650+00:00,True,90,90.0,,90.0,67398.030149,76124.855877,76124.855735,845.8317303888889,0.0,67398.030149,7094.817061205139,110.81127584999999,98.05422166292135,105.57425970603785,1.1822682481713858,23,64,,False,True,,312,56.69694568066818
34,2026-09-19T05:45:37.131+00:00,2026-09-19T05:46:45.885+00:00,2026-09-19T05:46:52.655+00:00,True,71,71.0,,71.0,68753.63448800001,75523.58904800001,75523.58900600001,1063.7125212112678,0.0,68753.63448800001,8148.945105603325,112.012202,96.71363657142857,119.77203618374205,0.9401036271578013,23,64,,False,True,,313,56.69694568066818
35,2026-09-19T05:45:37.233+00:00,2026-09-19T05:46:47.556+00:00,2026-09-19T05:46:48.282+00:00,True,8,8.0,,8.0,70323.734233,71049.363673,71049.363631,8881.170453875,95.59014599999999,70323.734233,24826.545284861604,45749.3596796,103.66134857142856,4.972023461889095,0.11259777127377904,23,64,,False,True,,28,56.69694568066818
36,2026-09-19T05:45:37.650+00:00,2026-09-19T05:46:49.739+00:00,2026-09-19T05:46:51.327+00:00,True,10,10.0,,10.0,72088.448337,73676.64136099999,73676.641341,7367.6641340999995,0.0,72088.448337,22742.578685378365,40109.337171449995,176.46589155555554,320.94969300779724,0.13572822831326026,23,64,,False,True,,40,56.69694568066818
37,2026-09-19T05:45:38.199+00:00,2026-09-19T05:46:52.540+00:00,2026-09-19T05:46:56.928+00:00,True,44,44.0,,44.0,74340.596934,78728.735174,78728.734959,1789.2894308863636,0.016829999999999998,74340.596934,11192.495546259726,229.26927220000002,102.04972651162791,118.56933230262902,0.5588810731272983,23,64,,False,True,,177,56.69694568066818
38,2026-09-19T05:45:38.551+00:00,2026-09-19T05:46:54.393+00:00,2026-09-19T05:46:57.548+00:00,True,32,32.0,,32.0,75841.864076,78996.583308,78996.583234,2468.6432260625,0.01706,75841.864076,13389.75835029441,423.00614745,101.76513651612903,136.56286294214632,0.4050808105868973,23,64,,False,True,,124,56.69694568066818
39,2026-09-19T05:45:39.026+00:00,2026-09-19T05:46:57.131+00:00,2026-09-19T05:47:00.392+00:00,True,33,33.0,,33.0,78104.38653,81365.41001800001,81365.41010000001,2465.618487878788,47.352129,78104.38653,13578.500448426521,118.2108528,101.906984,18.0722530809067,0.4055777509472342,23,64,,False,True,,143,56.69694568066818
40,2026-09-19T05:45:39.498+00:00,2026-09-19T05:47:00.341+00:00,2026-09-19T05:47:00.445+00:00,True,3,3.0,,3.0,80843.215268,80947.6433,80947.643253,26982.547751,50.308322,80843.215268,46644.70637343743,72764.3057075,52.214016,2.695015874126162,0.03706099248475589,23,64,,False,True,,6,56.69694568066818
41,2026-09-19T05:45:40.041+00:00,2026-09-19T05:47:03.619+00:00,2026-09-19T05:47:09.980+00:00,True,67,67.0,,67.0,83578.15694300001,89939.57236700002,89939.572209,1342.381674761194,0.0,83578.15694300001,10199.900085312252,112.93593720000001,96.38508218181819,142.35630342018982,0.7449446137747389,23,64,,False,True,,231,56.69694568066818
42,2026-09-19T05:45:40.577+00:00,2026-09-19T05:47:06.445+00:00,2026-09-19T05:47:14.116+00:00,True,79,79.0,,79.0,85868.21223199999,93538.988552,93538.98874599999,1184.037832227848,45.525873,85868.21223199999,9649.879200776219,111.21809149999999,98.34328615384617,17.135885352447207,0.8445676099660036,23,64,,False,True,,372,56.69694568066818
43,2026-09-19T05:45:40.924+00:00,2026-09-19T05:47:08.257+00:00,2026-09-19T05:47:16.508+00:00,True,85,85.0,,85.0,87333.18076999999,95584.16137799999,95584.161421,1124.5195461294118,44.299346,87333.18076999999,9461.97393537036,111.7337524,98.22595961904761,16.71777463477789,0.8892686693547109,23,64,,False,True,,379,56.69694568066818
44,2026-09-19T05:45:41.491+00:00,2026-09-19T05:47:11.587+00:00,2026-09-19T05:47:11.793+00:00,True,3,3.0,,3.0,90095.7481,90302.077188,90302.076996,30100.692332,101.94300100000001,90095.7481,51957.24241090943,81096.61187950001,103.164544,1.727467523292985,0.033221827154145046,23,64,,False,True,,6,56.69694568066818
45,2026-09-19T05:45:41.906+00:00,2026-09-19T05:47:14.119+00:00,2026-09-19T05:47:16.302+00:00,True,24,24.0,,24.0,92213.74661300001,94396.509621,94396.509512,3933.187896333334,43.587858,92213.74661300001,18803.689715763514,110.18225515,94.90273947826087,19.274811234003003,0.2542466887426187,23,64,,False,True,,118,56.69694568066818
46,2026-09-19T05:45:42.353+00:00,2026-09-19T05:47:16.506+00:00,2026-09-19T05:47:26.355+00:00,True,100,100.0,,100.0,94153.20732700001,104002.206495,104002.20630900002,1040.02206309,0.0,94153.20732700001,9406.740851400393,113.4365438,99.48484008080808,161.2731281048235,0.9615180616846584,23,64,,False,True,,461,56.69694568066818
47,2026-09-19T05:45:42.839+00:00,2026-09-19T05:47:19.081+00:00,2026-09-19T05:47:20.408+00:00,True,4,4.0,,4.0,96241.903977,97568.644713,97568.644573,24392.16114325,0.0,96241.903977,47903.91153400754,82004.62946984998,442.246912,765.9941210744423,0.040996777312691746,23,64,,False,True,,14,56.69694568066818
48,2026-09-19T05:45:43.166+00:00,2026-09-19T05:47:20.772+00:00,2026-09-19T05:47:22.931+00:00,True,22,22.0,,22.0,97605.157812,99765.00651600001,99765.00649500001,4534.7730225000005,48.851555999999995,97605.157812,20787.56578194105,112.46599605000002,102.84993828571429,13.042533348806653,0.2205182034090451,23,64,,False,True,,100,56.69694568066818
49,2026-09-19T05:45:43.673+00:00,2026-09-19T05:47:23.351+00:00,2026-09-19T05:47:24.362+00:00,True,12,12.0,,12.0,99677.685132,100688.668044,100688.668019,8390.722334916667,48.458956,99677.685132,28747.948765431236,44916.51680474999,91.90753745454545,26.39290922395509,0.1191792505861346,23,64,,False,True,,63,56.69694568066818
50,2026-09-19T05:45:44.166+00:00,2026-09-19T05:47:26.454+00:00,2026-09-19T05:47:35.404+00:00,True,93,93.0,,93.0,102288.230589,111237.928381,111237.928276,1196.106755655914,43.845917,102288.230589,10596.722256992358,110.7061146,97.27932382608695,17.471596794351367,0.8360457746162492,23,64,,True,True,,279,56.69694568066818
51,2026-09-19T05:45:44.737+00:00,2026-09-19T05:47:29.244+00:00,2026-09-19T05:47:30.165+00:00,True,11,11.0,,11.0,104507.241844,105428.7909,105428.79077,9584.435524545455,47.486698,104507.241844,31482.34034724701,52308.365494,92.15490559999999,22.265756074160535,0.10433582616378084,23,64,,True,True,,60,56.69694568066818
52,2026-09-19T05:45:45.087+00:00,2026-09-19T05:47:31.552+00:00,2026-09-19T05:47:33.504+00:00,True,21,21.0,,21.0,106465.221574,108416.97095,108416.970927,5162.712901285714,43.835296,106465.221574,23211.32765439065,112.90083399999999,97.5874688,18.42918892463008,0.19369661240291272,23,64,,True,True,,80,56.69694568066818
53,2026-09-19T05:45:45.551+00:00,2026-09-19T05:47:33.926+00:00,2026-09-19T05:47:35.609+00:00,True,18,18.0,,18.0,108375.076642,110058.363426,110058.363379,6114.353521055556,52.687515,108375.076642,25520.917663410648,16350.017302949998,99.01686964705883,17.47002589707795,0.1635495880520036,23,64,,True,True,,86,56.69694568066818
54,2026-09-19T05:45:46.055+00:00,2026-09-19T05:47:36.550+00:00,2026-09-19T05:47:37.546+00:00,True,11,11.0,,11.0,110494.859034,111490.91433,111490.91444299999,10135.537676636362,48.169565999999996,110494.859034,33285.425979945074,55302.385317500004,99.6055296,18.574292038176225,0.0986627481360615,23,64,,True,True,,44,56.69694568066818
55,2026-09-19T05:45:46.556+00:00,2026-09-19T05:47:39.066+00:00,2026-09-19T05:47:43.136+00:00,True,43,43.0,,43.0,112509.54539300001,116579.766193,116579.76617500001,2711.157352906977,49.511413,112509.54539300001,17142.77774191484,111.39285100000001,96.91001904761904,20.149618967655417,0.3688461677716242,23,64,,True,True,,155,56.69694568066818
56,2026-09-19T05:45:46.925+00:00,2026-09-19T05:47:41.552+00:00,2026-09-19T05:47:41.552+00:00,True,1,1.0,,1.0,114626.947043,114626.947043,114626.947043,114626.947043,114626.947043,114626.947043,nan,114626.947043,nan,nan,0.008723952140371236,23,64,,True,True,,3,56.69694568066818
57,2026-09-19T05:45:47.441+00:00,2026-09-19T05:47:44.181+00:00,2026-09-19T05:47:47.074+00:00,True,30,30.0,,30.0,116739.360742,119632.692454,119632.692603,3987.7564201,48.193467,116739.360742,21295.383006912718,109.55782875000001,99.77005903448276,14.403061365079523,0.250767573517041,23,64,,True,True,,92,56.69694568066818
58,2026-09-19T05:45:47.852+00:00,2026-09-19T05:47:46.249+00:00,2026-09-19T05:47:46.657+00:00,True,5,5.0,,5.0,118396.460578,118804.274978,118804.275186,23760.8550372,91.676444,118396.460578,52902.912263209706,94739.55246979998,101.9536,8.339174896048169,0.04208602763600799,23,64,,True,True,,35,56.69694568066818
59,2026-09-19T05:45:48.455+00:00,2026-09-19T05:47:49.594+00:00,2026-09-19T05:47:49.694+00:00,True,2,2.0,,2.0,121138.882687,121238.98406300001,121238.984031,60619.4920155,100.101344,121138.882687,85587.34307419107,115086.94361985002,100.101376,nan,0.016496344104638242,23,64,,True,True,,12,56.69694568066818
60,2026-09-19T05:45:48.929+00:00,2026-09-19T05:47:52.479+00:00,2026-09-19T05:48:00.051+00:00,True,78,78.0,,78.0,123550.463191,131122.396631,131122.39660100001,1681.0563666794872,44.269776,123550.463191,13978.210551798753,111.1679177,98.33679792207792,16.659533446276384,0.5948640507197624,23,64,,True,True,,266,56.69694568066818
61,2026-09-19T05:45:49.308+00:00,2026-09-19T05:47:53.806+00:00,2026-09-19T05:47:59.223+00:00,True,57,57.0,,57.0,124498.658081,129915.140641,129915.140577,2279.2129925789473,41.939980000000006,124498.658081,16477.448623151493,110.21220380000001,96.72290285714286,18.115624269086144,0.4387479374518057,23,64,,True,True,,226,56.69694568066818
62,2026-09-19T05:45:49.634+00:00,2026-09-19T05:47:55.489+00:00,2026-09-19T05:48:03.066+00:00,True,77,77.0,,77.0,125854.849621,133432.130901,133432.131078,1732.8848191948052,42.300819000000004,125854.849621,14331.137544517343,110.72033080000001,99.7010694736842,15.54795685464788,0.577072399878933,23,64,,True,True,,115,56.69694568066818
63,2026-09-19T05:45:50.238+00:00,2026-09-19T05:47:59.015+00:00,2026-09-19T05:48:07.609+00:00,True,87,87.0,,87.0,128776.732756,137371.053908,137371.054025,1578.9776324712643,47.144968,128776.732756,13795.610509132312,111.367919,99.93396688372093,16.38479649350334,0.6333211948586022,23,64,,True,True,,382,56.69694568066818
64,2026-09-19T05:45:50.832+00:00,2026-09-19T05:48:02.073+00:00,2026-09-19T05:48:08.836+00:00,True,69,69.0,,69.0,131240.713285,138003.91277300002,138003.91257400002,2000.0567039710145,47.552938000000005,131240.713285,15787.561642859784,111.29183399999998,99.458816,17.76539599681251,0.49998582368817884,23,64,,True,True,,314,56.69694568066818
65,2026-09-19T05:45:51.383+00:00,2026-09-19T05:48:05.013+00:00,2026-09-19T05:48:12.272+00:00,True,73,73.0,,73.0,133630.36784700002,140888.965223,140888.965406,1929.9858274794524,45.845131,133630.36784700002,15628.46137268887,111.66174240000001,100.81385244444445,17.06638857488813,0.5181385205324995,23,64,,True,True,,254,56.69694568066818
66,2026-09-19T05:45:52.216+00:00,2026-09-19T05:48:09.616+00:00,2026-09-19T05:48:19.359+00:00,True,97,97.0,,97.0,137399.73904699998,147143.33610299998,147143.336108,1516.9416093608245,45.417453,137399.73904699998,13940.532972432084,113.37387059999999,101.49580266666668,15.472210918289287,0.6592211551605724,23,64,,True,True,,144,56.69694568066818
67,2026-09-19T05:45:52.464+00:00,2026-09-19T05:48:10.947+00:00,2026-09-19T05:48:20.926+00:00,True,100,100.0,,100.0,138483.07924300001,148461.34868300002,148461.34882,1484.6134882000001,44.606765,138483.07924300001,13838.237839280098,111.77180834999999,100.7906004040404,15.84095809352402,0.6735759905665655,23,64,,True,True,,457,56.69694568066818
68,2026-09-19T05:45:53.012+00:00,2026-09-19T05:48:13.668+00:00,2026-09-19T05:48:15.009+00:00,True,14,14.0,,14.0,140656.119415,141996.63064699998,141996.630741,10142.6164815,96.918601,140656.119415,37564.370423912274,49301.557073100004,103.1162486153846,4.466159261808098,0.09859388871559667,23,64,,True,True,,65,56.69694568066818
69,2026-09-19T05:45:53.360+00:00,2026-09-19T05:48:15.840+00:00,2026-09-19T05:48:16.477+00:00,True,7,7.0,,7.0,142479.311612,143116.069372,143116.069509,20445.152787,101.668811,142479.311612,53812.00619058645,99770.4305249,106.12629333333332,5.562806946843533,0.04891134888427503,23,64,,True,True,,32,56.69694568066818
70,2026-09-19T05:45:53.718+00:00,2026-09-19T05:48:17.696+00:00,2026-09-19T05:48:21.859+00:00,True,42,42.0,,42.0,143977.629644,148141.087948,148141.087957,3527.1687608809525,48.102477,143977.629644,22200.566442831478,113.037598,101.54776351219513,15.129084906556383,0.2835135112194039,23,64,,True,True,,209,56.69694568066818
71,2026-09-19T05:45:54.198+00:00,2026-09-19T05:48:20.670+00:00,2026-09-19T05:48:29.156+00:00,True,89,89.0,,89.0,146471.308574,154957.45283,154957.452765,1741.0949748876403,44.117586,146471.308574,15515.719622928033,111.77720380000001,96.43345745454545,20.881553126675886,0.5743512065704881,23,64,,True,True,,387,56.69694568066818
72,2026-09-19T05:45:54.716+00:00,2026-09-19T05:48:23.205+00:00,2026-09-19T05:48:32.670+00:00,True,98,98.0,,98.0,148488.280147,157953.30440300002,157953.30445700002,1611.7684128265307,46.307919999999996,148488.280147,14989.73775077481,112.04201985,97.57756964948453,19.974454512212475,0.620436529456605,23,64,,True,True,,464,56.69694568066818
73,2026-09-19T05:45:55.076+00:00,2026-09-19T05:48:25.452+00:00,2026-09-19T05:48:33.619+00:00,True,82,82.0,,82.0,150376.585609,158543.672969,158543.672953,1933.4594262560977,47.623307999999994,150376.585609,16595.18893512078,110.37305599999998,100.82823901234568,16.103466103805673,0.5172076467285669,23,64,,True,True,,442,56.69694568066818
74,2026-09-19T05:45:55.637+00:00,2026-09-19T05:48:28.380+00:00,2026-09-19T05:48:33.623+00:00,True,54,54.0,,54.0,152742.64232699998,157985.31010299997,157985.310263,2925.653893759259,44.944264000000004,152742.64232699998,20772.187949020135,110.90828744999999,98.9182599245283,18.576008979219697,0.3418039307882119,23,64,,True,True,,274,56.69694568066818
75,2026-09-19T05:45:56.134+00:00,2026-09-19T05:48:31.132+00:00,2026-09-19T05:48:33.199+00:00,True,21,21.0,,21.0,154997.75182,157064.58190000002,157064.581972,7479.2658081904765,49.131705000000004,154997.75182,33800.7338357731,111.078418,103.341504,13.090280153943198,0.13370296311214386,23,64,,True,True,,64,56.69694568066818
76,2026-09-19T05:45:56.489+00:00,2026-09-19T05:48:32.554+00:00,2026-09-19T05:48:39.823+00:00,True,73,73.0,,73.0,156065.567559,163333.86119099997,163333.861181,2237.450153164383,48.569486,156065.567559,18254.286867905637,114.26981800000001,100.94852266666668,18.186712499736842,0.44693733110634654,23,64,,True,True,,357,56.69694568066818
77,2026-09-19T05:45:57.078+00:00,2026-09-19T05:48:35.998+00:00,2026-09-19T05:48:43.111+00:00,True,70,70.0,,70.0,158920.879971,166033.151843,166033.151788,2371.9021684,43.626277,158920.879971,18982.36431342014,113.20255150000001,103.07640394202899,15.283893986747357,0.42160254878610987,23,64,,True,True,,338,56.69694568066818
78,2026-09-19T05:45:57.498+00:00,2026-09-19T05:48:38.475+00:00,2026-09-19T05:48:47.716+00:00,True,93,93.0,,93.0,160976.429115,170217.54194700002,170217.542074,1830.2961513333335,45.916642,160976.429115,16682.06998683682,114.04929199999998,100.44687860869566,16.1629068490161,0.5463596697275599,23,64,,True,True,,402,56.69694568066818
79,2026-09-19T05:45:58.016+00:00,2026-09-19T05:48:41.000+00:00,2026-09-19T05:48:45.277+00:00,True,43,43.0,,43.0,162984.059711,167261.813823,167261.813916,3889.8096259534886,48.682964999999996,162984.059711,24839.306944926408,111.90208729999999,101.85128838095238,12.413916529126498,0.2570819903071451,23,64,,True,True,,144,56.69694568066818
80,2026-09-19T05:45:58.619+00:00,2026-09-19T05:48:44.449+00:00,2026-09-19T05:48:49.219+00:00,True,50,50.0,,50.0,165829.982521,170600.415545,170600.415538,3412.00831076,43.099169,165829.982521,23438.14051901871,113.04420989999998,97.355776,19.160519581065785,0.2930825217527755,23,64,,True,True,,211,56.69694568066818
81,2026-09-19T05:45:59.114+00:00,2026-09-19T05:48:47.246+00:00,2026-09-19T05:48:48.032+00:00,True,9,9.0,,9.0,168131.41371599998,168917.86056399997,168917.86059599998,18768.65117733333,49.951091999999996,168131.41371599998,56011.03899579334,100922.69680279998,98.305856,19.740318747509974,0.05328033382586006,23,64,,True,True,,35,56.69694568066818
82,2026-09-19T05:45:59.668+00:00,2026-09-19T05:48:50.061+00:00,2026-09-19T05:48:57.365+00:00,True,73,73.0,,73.0,170392.99917300002,177696.704517,177696.70459,2434.2014327397264,45.032624000000006,170392.99917300002,19931.124751128486,111.5062976,101.440352,14.70466560402259,0.4108123456674245,23,64,,True,True,,212,56.69694568066818
83,2026-09-19T05:46:00.040+00:00,2026-09-19T05:48:52.100+00:00,2026-09-19T05:49:00.691+00:00,True,87,87.0,,87.0,172059.12786399998,180650.13228,180650.13250299997,2076.4383046321836,45.594362000000004,172059.12786399998,18435.97246433602,112.0086543,99.89540018604652,16.842653310508666,0.4815938903667877,23,64,,True,True,,476,56.69694568066818
84,2026-09-19T05:46:00.459+00:00,2026-09-19T05:48:54.360+00:00,2026-09-19T05:49:00.998+00:00,True,68,68.0,,68.0,173900.995441,180539.543921,180539.543843,2654.9932918088234,45.998472,173900.995441,21076.58446463877,111.5456104,99.08281313432836,16.943300042752416,0.3766487857627205,23,64,,True,True,,324,56.69694568066818
85,2026-09-19T05:46:00.953+00:00,2026-09-19T05:48:57.142+00:00,2026-09-19T05:48:57.471+00:00,True,4,4.0,,4.0,176189.058047,176517.823999,176517.823983,44129.45599575,106.143231,176189.058047,88039.73474886037,149777.68774189998,109.58865066666667,3.5615387350465997,0.022660601118800677,23,64,,True,True,,9,56.69694568066818
86,2026-09-19T05:46:01.416+00:00,2026-09-19T05:48:59.396+00:00,2026-09-19T05:49:07.724+00:00,True,84,84.0,,84.0,177980.258202,186308.49961,186308.49958899998,2217.958328440476,45.952362,177980.258202,19408.29791035379,113.21562265,100.34025792771085,17.3999993330517,0.450865098349444,23,64,,True,True,,292,56.69694568066818
87,2026-09-19T05:46:01.977+00:00,2026-09-19T05:49:02.827+00:00,2026-09-19T05:49:06.329+00:00,True,35,35.0,,35.0,180850.537377,184352.275617,184352.275649,5267.2078756857145,48.302606,180850.537377,30551.914366003417,113.9252347,102.99230117647059,13.778660077746542,0.18985390813788514,23,64,,True,True,,129,56.69694568066818
88,2026-09-19T05:46:02.437+00:00,2026-09-19T05:49:05.220+00:00,2026-09-19T05:49:06.864+00:00,True,17,17.0,,17.0,182783.35800900002,184427.00652100003,184427.006472,10848.647439529414,48.170286,182783.35800900002,44306.56325336483,36649.1305682,102.728032,15.30771411875913,0.09217738942189181,23,64,,True,True,,35,56.69694568066818
89,2026-09-19T05:46:02.900+00:00,2026-09-19T05:49:07.726+00:00,2026-09-19T05:49:15.896+00:00,True,82,82.0,,82.0,184825.578764,192996.05249200002,192996.052579,2353.610397304878,49.396653,184825.578764,20399.43836962335,113.8640446,100.87004602469136,16.86119798680668,0.42487915654854663,23,64,,True,True,,392,56.69694568066818
90,2026-09-19T05:46:03.303+00:00,2026-09-19T05:49:10.027+00:00,2026-09-19T05:49:18.243+00:00,True,82,82.0,,82.0,186723.675576,194939.816888,194939.816896,2377.314840195122,46.105151,186723.675576,20608.98565770693,113.7913371,101.43384335802469,16.72620580682808,0.4206426440172147,23,64,,True,True,,298,56.69694568066818
91,2026-09-19T05:46:03.831+00:00,2026-09-19T05:49:12.662+00:00,2026-09-19T05:49:16.708+00:00,True,41,41.0,,41.0,188831.087887,192877.291791,192877.291777,4704.324189682927,49.283874000000004,188831.087887,29474.668633958852,112.442855,101.15509759999999,17.472266778460632,0.2125703840990634,23,64,,True,True,,184,56.69694568066818
92,2026-09-19T05:46:04.383+00:00,2026-09-19T05:49:15.787+00:00,2026-09-19T05:49:21.124+00:00,True,55,55.0,,55.0,191403.836071,196741.695655,196741.695835,3577.1217424545453,48.816255,191403.836071,25795.56591443254,112.90598700000001,98.84925155555555,18.842614780788644,0.27955436602745487,23,64,,True,True,,243,56.69694568066818
93,2026-09-19T05:46:04.804+00:00,2026-09-19T05:49:18.030+00:00,2026-09-19T05:49:24.068+00:00,True,62,62.0,,62.0,193225.517155,199263.754595,199263.75453900002,3213.9315248225807,48.316036,193225.517155,24527.0996195386,110.079173,98.98749901639344,17.04564126740645,0.3111453968435649,23,64,,True,True,,265,56.69694568066818
94,2026-09-19T05:46:05.298+00:00,2026-09-19T05:49:20.384+00:00,2026-09-19T05:49:24.907+00:00,True,45,45.0,,45.0,195085.754059,199608.968651,199608.968797,4435.754862155555,44.992883,195085.754059,29066.34537457285,113.81626819999998,102.80033163636364,12.849941636790955,0.22544077204606386,23,64,,True,True,,228,56.69694568066818
95,2026-09-19T05:46:05.636+00:00,2026-09-19T05:49:22.469+00:00,2026-09-19T05:49:26.683+00:00,True,42,42.0,,42.0,196832.98496,201046.737536,201046.737386,4786.827080619048,51.583559,196832.98496,30356.13392288496,114.5245196,102.77445307317073,14.550881859266648,0.2089066478508728,23,64,,True,True,,163,56.69694568066818
96,2026-09-19T05:46:05.985+00:00,2026-09-19T05:49:24.691+00:00,2026-09-19T05:49:27.732+00:00,True,30,30.0,,30.0,198706.157435,201747.033211,201747.033171,6724.9011057,50.482301,198706.157435,36259.47227121104,114.14603185,104.85778537931034,11.238587673152747,0.1487010714483423,23,64,,True,True,,119,56.69694568066818
97,2026-09-19T05:46:06.426+00:00,2026-09-19T05:49:27.100+00:00,2026-09-19T05:49:35.581+00:00,True,82,82.0,,82.0,200673.190777,209154.792569,209154.79241300002,2550.668200158537,47.588457000000005,200673.190777,22149.087221790156,113.82934055,104.7111332345679,13.27997789741987,0.39205412887179364,23,64,,True,True,,164,56.69694568066818
98,2026-09-19T05:46:07.343+00:00,2026-09-19T05:49:29.904+00:00,2026-09-19T05:49:34.711+00:00,True,47,47.0,,47.0,202560.970535,207368.442663,207368.442495,4412.094521170213,51.994188,202560.970535,29531.312969778035,115.167019,104.5102636521739,13.709569335768961,0.22664972257317356,23,64,,True,True,,188,56.69694568066818
99,2026-09-19T05:46:07.396+00:00,2026-09-19T05:49:32.536+00:00,2026-09-19T05:49:33.637+00:00,True,11,11.0,,11.0,205139.87200600002,206240.37811800002,206240.37822800002,18749.12529345455,104.088135,205139.87200600002,61818.81726811538,102628.162066,110.0506112,4.449993672137643,0.053335821532029835,23,64,,True,True,,72,56.69694568066818
100,2026-09-19T05:46:07.855+00:00,2026-09-19T05:49:35.369+00:00,2026-09-19T05:49:37.023+00:00,True,17,17.0,,17.0,207514.554289,209167.969201,209167.969139,12303.998184647058,51.807947999999996,207514.554289,50304.61077915055,41593.687692199994,103.338432,14.282358428685072,0.08127439428196506,23,64,,True,True,,48,56.69694568066818
101,2026-09-19T05:46:08.278+00:00,2026-09-19T05:49:38.064+00:00,2026-09-19T05:49:41.563+00:00,True,37,37.0,,37.0,209786.310133,213284.952309,213284.95238499998,5764.458172567567,50.880262,209786.310133,34472.68368363596,111.1639574,97.1845048888889,16.37639983957154,0.17347684212806377,23,64,,True,True,,182,56.69694568066818
102,2026-09-19T05:46:08.785+00:00,2026-09-19T05:49:40.734+00:00,2026-09-19T05:49:49.873+00:00,True,96,96.0,,96.0,211948.29262700002,221088.04891500002,221088.04909200003,2303.0005113750003,47.111381,211948.29262700002,21622.07315472132,111.052297,96.20796092631578,21.22286396274261,0.43421614361845656,23,64,,True,True,,501,56.69694568066818
103,2026-09-19T05:46:09.165+00:00,2026-09-19T05:49:42.778+00:00,2026-09-19T05:49:45.993+00:00,True,34,34.0,,34.0,213612.98551499998,216827.378347,216827.378244,6377.275830705882,49.086047,213612.98551499998,36617.62513796445,112.39246980000001,97.40584339393939,20.040606534536924,0.15680676609753616,23,64,,True,True,,114,56.69694568066818
104,2026-09-19T05:46:09.644+00:00,2026-09-19T05:49:45.003+00:00,2026-09-19T05:49:54.163+00:00,True,96,96.0,,96.0,215358.211949,224518.657133,224518.657308,2338.736013625,47.299891,215358.211949,21970.072289534906,111.24078625,96.42573877894736,19.122148373261936,0.427581392236511,23,64,,True,True,,392,56.69694568066818
105,2026-09-19T05:46:10.176+00:00,2026-09-19T05:49:47.645+00:00,2026-09-19T05:49:56.393+00:00,True,90,90.0,,90.0,217468.718694,226216.65111,226216.651103,2513.518345588889,45.376995,217468.718694,22912.861054422658,110.58996845000001,98.29137546067415,16.921301550149074,0.39784869751359125,23,64,,True,True,,299,56.69694568066818
106,2026-09-19T05:46:10.564+00:00,2026-09-19T05:49:49.875+00:00,2026-09-19T05:49:54.804+00:00,True,52,52.0,,52.0,219311.093571,224239.787843,224239.787674,4312.3036091153845,47.83919,219311.093571,30399.579198308245,109.6748131,96.64106415686275,16.220546190988188,0.23189461825752108,23,64,,True,True,,252,56.69694568066818
107,2026-09-19T05:46:10.897+00:00,2026-09-19T05:49:51.509+00:00,2026-09-19T05:49:57.027+00:00,True,56,56.0,,56.0,220612.098196,226130.3341,226130.33423100002,4038.041682696429,48.692328,220612.098196,29467.127913731532,110.96393099999999,100.33156189090909,14.721658023384707,0.24764479397636022,23,64,,True,True,,217,56.69694568066818
108,2026-09-19T05:46:11.304+00:00,2026-09-19T05:49:53.809+00:00,2026-09-19T05:49:59.341+00:00,True,57,57.0,,57.0,222505.25278799998,228036.866996,228036.86693199998,4000.6467882807015,47.336220000000004,222505.25278799998,29458.462846253893,111.53713540000001,98.77882514285714,18.536187286005866,0.24995958219773226,23,64,,True,True,,278,56.69694568066818
109,2026-09-19T05:46:11.883+00:00,2026-09-19T05:49:56.815+00:00,2026-09-19T05:50:05.863+00:00,True,93,93.0,,93.0,224931.692607,233979.817279,233979.817245,2515.912013387097,48.817248,224931.692607,23314.13897693033,113.800641,98.34918121739129,18.585148569268636,0.39747017961427766,23,64,,True,True,,361,56.69694568066818
110,2026-09-19T05:46:12.293+00:00,2026-09-19T05:49:59.241+00:00,2026-09-19T05:50:06.571+00:00,True,76,76.0,,76.0,226947.735856,234277.48587200002,234277.48581,3082.5984975,46.638082000000004,226947.735856,26021.487522592983,111.45987224999999,97.73000021333334,19.53714571382944,0.3244016373025422,23,64,,True,True,,359,56.69694568066818
111,2026-09-19T05:46:12.867+00:00,2026-09-19T05:50:02.593+00:00,2026-09-19T05:50:07.789+00:00,True,55,55.0,,55.0,229726.06770500002,234922.418425,234922.41852000004,4271.316700363637,0.037168999999999994,229726.06770500002,30963.29540764782,110.64503069999999,96.22871703703703,29.969526626745136,0.23411984419681506,23,64,,True,True,,303,56.69694568066818
112,2026-09-19T05:46:13.193+00:00,2026-09-19T05:50:04.218+00:00,2026-09-19T05:50:10.419+00:00,True,67,67.0,,67.0,231024.337065,237226.116009,237226.11584399999,3540.6882961791043,44.586347,231024.337065,28212.642606475205,111.31736129999999,93.96634763636364,20.771504208318348,0.28243096134262946,23,64,,True,True,,222,56.69694568066818
113,2026-09-19T05:46:13.687+00:00,2026-09-19T05:50:07.298+00:00,2026-09-19T05:50:13.767+00:00,True,66,66.0,,66.0,233610.58726300002,240079.70623900002,240079.70627900003,3637.571307257576,1.6434570000000002,233610.58726300002,28743.23725719574,114.02241824999999,99.52490732307692,26.94110145707361,0.2749087002559759,23,64,,True,True,,324,56.69694568066818
114,2026-09-19T05:46:14.229+00:00,2026-09-19T05:50:10.318+00:00,2026-09-19T05:50:18.039+00:00,True,77,77.0,,77.0,236088.796731,243809.39244300002,243809.39240500002,3166.3557455194805,49.502536,236088.796731,26893.24371176688,113.76323459999999,101.58678568421053,16.882308068504653,0.31582048266660506,23,64,,True,True,,348,56.69694568066818
115,2026-09-19T05:46:14.747+00:00,2026-09-19T05:50:12.993+00:00,2026-09-19T05:50:20.666+00:00,True,78,78.0,,78.0,238246.039639,245919.59995899998,245919.600021,3152.8153848846155,48.520887,238246.039639,26964.774526733127,114.9971299,99.65662753246752,18.84841762788798,0.3171768334569683,23,64,,True,True,,445,56.69694568066818
116,2026-09-19T05:46:15.229+00:00,2026-09-19T05:50:15.702+00:00,2026-09-19T05:50:19.156+00:00,True,37,37.0,,37.0,240472.083076,243926.08858,243926.088774,6592.596993891892,47.249992,240472.083076,39517.59999035765,112.36064739999998,95.94459733333333,22.54607358372838,0.15168529211202095,23,64,,True,True,,120,56.69694568066818
117,2026-09-19T05:46:15.622+00:00,2026-09-19T05:50:18.509+00:00,2026-09-19T05:50:27.887+00:00,True,99,99.0,,99.0,242887.422345,252265.357961,252265.357944,2548.134928727273,44.016639000000005,242887.422345,24401.494301678333,111.19202470000002,95.69322057142857,19.103289490632214,0.3924438963803556,23,64,,True,True,,568,56.69694568066818
118,2026-09-19T05:46:15.971+00:00,2026-09-19T05:50:20.148+00:00,2026-09-19T05:50:25.858+00:00,True,60,60.0,,60.0,244177.341325,249887.43258899997,249887.43265799998,4164.7905443,46.481072999999995,244177.341325,31510.6689721349,107.70448270000001,96.78120786440678,16.32419431330918,0.24010811339473978,23,64,,True,True,,247,56.69694568066818
119,2026-09-19T05:46:16.507+00:00,2026-09-19T05:50:22.391+00:00,2026-09-19T05:50:22.696+00:00,True,4,4.0,,4.0,245884.6494,246188.997816,246188.997868,61547.249467,96.061698,245884.6494,122891.60003698959,209018.00651175,101.449472,5.486700331890562,0.016247679772390045,23,64,,True,True,,26,56.69694568066818
120,2026-09-19T05:46:16.981+00:00,2026-09-19T05:50:24.838+00:00,2026-09-19T05:50:25.447+00:00,True,8,8.0,,8.0,247857.45345899998,248466.174355,248466.17444899998,31058.271806124998,49.194117,247857.45345899998,87600.10125192974,161144.1168995,86.960128,25.776075214522994,0.03219754166041883,23,64,,True,True,,11,56.69694568066818
121,2026-09-19T05:46:17.421+00:00,2026-09-19T05:50:27.470+00:00,2026-09-19T05:50:28.827+00:00,True,14,14.0,,14.0,250048.206917,251405.508421,251405.508272,17957.536305142858,97.14400599999999,250048.206917,66800.29027914195,87590.09299110001,104.407808,4.130899399587778,0.0556869262250046,23,64,,True,True,,42,56.69694568066818
122,2026-09-19T05:46:18.029+00:00,2026-09-19T05:50:30.817+00:00,2026-09-19T05:50:36.958+00:00,True,62,62.0,,62.0,252787.621766,258928.677254,258928.67713599998,4176.268986064516,49.218697,252787.621766,32091.277403686774,110.57317159999998,100.67304078688525,13.574848755703602,0.23944817799837656,23,64,,True,True,,220,56.69694568066818
123,2026-09-19T05:46:18.613+00:00,2026-09-19T05:50:33.340+00:00,2026-09-19T05:50:42.420+00:00,True,92,92.0,,92.0,254727.069716,263807.07458,263807.074679,2867.4682030326085,47.80063,254727.069716,26546.73638242972,113.10073005,99.78027323076923,18.466094467574816,0.34873969982219266,23,64,,True,True,,274,56.69694568066818
124,2026-09-19T05:46:18.972+00:00,2026-09-19T05:50:35.746+00:00,2026-09-19T05:50:42.419+00:00,True,68,68.0,,68.0,256774.11898300002,263447.217735,263447.217718,3874.2237899705888,44.164838,256774.11898300002,31126.36403132414,113.0967425,99.5984888358209,20.11389000915519,0.2581162199572014,23,64,,True,True,,172,56.69694568066818
125,2026-09-19T05:46:19.404+00:00,2026-09-19T05:50:38.081+00:00,2026-09-19T05:50:39.867+00:00,True,19,19.0,,19.0,258676.835423,260462.800479,260462.800591,13708.568452157895,47.042911999999994,258676.835423,59321.77740349875,25970.131863500003,99.2202808888889,22.59657809892369,0.07294707714521363,23,64,,True,True,,92,56.69694568066818
126,2026-09-19T05:46:19.998+00:00,2026-09-19T05:50:41.346+00:00,2026-09-19T05:50:50.628+00:00,True,96,96.0,,96.0,261348.27195,270630.702926,270630.702688,2819.0698196666667,46.241244,261348.27195,26663.780016637742,111.73343325,97.70979974736842,18.2372894213889,0.35472693586525467,23,64,,True,True,,330,56.69694568066818
127,2026-09-19T05:46:20.431+00:00,2026-09-19T05:50:43.472+00:00,2026-09-19T05:50:45.077+00:00,True,17,17.0,,17.0,263041.016212,264645.344148,264645.344116,15567.373183294118,50.204084,263041.016212,63772.49974221806,52704.6894528,100.270496,14.900644958990682,0.06423691319690453,23,64,,True,True,,74,56.69694568066818
128,2026-09-19T05:46:20.825+00:00,2026-09-19T05:50:45.379+00:00,2026-09-19T05:50:54.349+00:00,True,95,95.0,,95.0,264554.520717,273523.93998100003,273523.94006500003,2879.199369105263,44.547908,264554.520717,27132.938279682254,111.8070497,95.41935387234042,19.564740208476472,0.34731877585047605,23,64,,True,True,,423,56.69694568066818
129,2026-09-19T05:46:21.312+00:00,2026-09-19T05:50:48.167+00:00,2026-09-19T05:50:56.698+00:00,True,90,90.0,,90.0,266854.976526,275385.628174,275385.628201,3059.8403133444444,45.476726,266854.976526,28118.887470538804,109.56849195,95.85001851685392,19.361050663584845,0.3268144405238689,23,64,,True,True,,413,56.69694568066818
130,2026-09-19T05:46:21.817+00:00,2026-09-19T05:50:50.834+00:00,2026-09-19T05:50:54.441+00:00,True,39,39.0,,39.0,269016.734573,272623.260781,272623.260727,6990.340018641025,46.314924,269016.734573,43061.95927657917,108.3101431,94.90858442105264,18.243753756345736,0.1430545577375694,23,64,,True,True,,214,56.69694568066818
131,2026-09-19T05:46:22.749+00:00,2026-09-19T05:50:52.060+00:00,2026-09-19T05:50:52.459+00:00,True,5,5.0,,5.0,269310.77807,269709.920214,269709.920104,53941.9840208,97.415227,269310.77807,120394.81594065472,215468.8730154,99.785536,1.710611237245915,0.018538435649800258,23,64,,True,True,,11,56.69694568066818
132,2026-09-19T05:46:22.794+00:00,2026-09-19T05:50:53.931+00:00,2026-09-19T05:50:58.957+00:00,True,51,51.0,,51.0,271136.53970200004,276162.68421400007,276162.68414800003,5414.954591137256,43.668620000000004,271136.53970200004,37952.63684350842,111.166965,100.52289024,15.752546831783627,0.18467375541758496,23,64,,True,True,,186,56.69694568066818
133,2026-09-19T05:46:23.297+00:00,2026-09-19T05:50:59.065+00:00,2026-09-19T05:51:05.210+00:00,True,62,62.0,,62.0,275767.896772,281913.5833,281913.583299,4546.993279016129,43.91974,275767.896772,35009.766753800344,113.5754077,100.74895947540983,16.814892994338646,0.21992555049758755,23,64,,True,True,,282,56.69694568066818
134,2026-09-19T05:46:23.695+00:00,2026-09-19T05:51:01.235+00:00,2026-09-19T05:51:04.152+00:00,True,29,29.0,,29.0,277539.40728,280456.593328,280456.59328599996,9670.917009862069,51.327472,277539.40728,51518.42852697909,113.6896708,104.185216,11.052834917270973,0.10340281059494964,23,64,,True,True,,162,56.69694568066818
135,2026-09-19T05:46:24.186+00:00,2026-09-19T05:51:03.833+00:00,2026-09-19T05:51:08.812+00:00,True,53,53.0,,53.0,279647.36997,284626.604274,284626.604134,5370.3132855471695,43.4998,279647.36997,38399.37367409362,110.96915560000001,95.75450584615385,21.892625951847325,0.1862088757837225,23,64,,True,True,,180,56.69694568066818
136,2026-09-19T05:46:24.610+00:00,2026-09-19T05:51:05.748+00:00,2026-09-19T05:51:13.644+00:00,True,84,84.0,,84.0,281138.248213,289034.390037,289034.38990400004,3440.885594095238,45.424356,281138.248213,30664.32445732141,109.85247000000001,95.1342388433735,20.483150608288046,0.2906228562948754,23,64,,True,True,,281,56.69694568066818
137,2026-09-19T05:46:24.970+00:00,2026-09-19T05:51:07.817+00:00,2026-09-19T05:51:12.549+00:00,True,49,49.0,,49.0,282847.173114,287579.78265,287579.782694,5868.975157020408,46.781362,282847.173114,40392.657449028404,111.10237740000001,98.596032,17.186911824692807,0.1703874992479413,23,64,,True,True,,260,56.69694568066818
138,2026-09-19T05:46:25.401+00:00,2026-09-19T05:51:10.262+00:00,2026-09-19T05:51:12.765+00:00,True,26,26.0,,26.0,284860.14049,287363.605706,287363.605686,11052.446372538463,46.543303,284860.14049,55846.03321971924,113.6858195,100.13860864,16.030197356851044,0.09047770658404268,23,64,,True,True,,34,56.69694568066818
139,2026-09-19T05:46:25.929+00:00,2026-09-19T05:51:13.129+00:00,2026-09-19T05:51:15.831+00:00,True,28,28.0,,28.0,287199.363825,289901.968625,289901.968543,10353.641733678573,48.480188999999996,287199.363825,54256.663600261585,112.3836629,100.09647407407408,14.849676517204763,0.0965843734445941,23,64,,True,True,,164,56.69694568066818
140,2026-09-19T05:46:26.351+00:00,2026-09-19T05:51:15.527+00:00,2026-09-19T05:51:16.936+00:00,True,15,15.0,,15.0,289175.770041,290585.34444099996,290585.344317,19372.356287799998,49.740906,289175.770041,74638.8677364517,86830.78927509999,100.68388571428572,15.190102633067864,0.05161994672806212,23,64,,True,True,,96,56.69694568066818
141,2026-09-19T05:46:26.884+00:00,2026-09-19T05:51:18.423+00:00,2026-09-19T05:51:22.857+00:00,True,45,45.0,,45.0,291538.18970700004,295972.94529100007,295972.94526000007,6577.176561333335,44.969817000000006,291538.18970700004,43444.92580998813,114.04760200000001,100.78989963636364,17.214199709750574,0.15204092372617395,23,64,,True,True,,142,56.69694568066818
142,2026-09-19T05:46:27.391+00:00,2026-09-19T05:51:20.454+00:00,2026-09-19T05:51:23.833+00:00,True,35,35.0,,35.0,293062.311946,296441.718794,296441.71889099997,8469.763396885714,45.164046,293062.311946,49519.77580809866,117.0732791,99.39431905882353,21.539126244638986,0.1180670525808205,23,64,,True,True,,149,56.69694568066818
143,2026-09-19T05:46:27.805+00:00,2026-09-19T05:51:23.612+00:00,2026-09-19T05:51:27.882+00:00,False,44,43.0,,43.0,295806.37752,300076.16926399997,300076.169373,6819.912940295454,0.08245999999999999,295806.37752,44579.5253581814,114.17946545,99.29748241860466,22.824065397619094,0.14329695058913394,23,64,,True,False,Request timeout: 300.0s exceeded,137,56.69694568066818
144,2026-09-19T05:46:28.303+00:00,2026-09-19T05:51:26.509+00:00,2026-09-19T05:51:28.407+00:00,False,21,20.0,,20.0,298205.27579000004,300103.48276600003,300103.4828250001,14290.642039285716,0.038439999999999995,298205.27579000004,65053.02067806343,110.544777,94.9103488,27.87766921459545,0.06664367842606685,23,64,,True,False,Request timeout: 300.0s exceeded,93,56.69694568066818
145,2026-09-19T05:46:28.811+00:00,2026-09-19T05:51:28.622+00:00,2026-09-19T05:51:29.604+00:00,False,11,10.0,,10.0,299810.767413,300792.140085,300792.140121,27344.740010999998,0.040739,299810.767413,90366.76415664205,149964.90769999998,98.1372672,34.87178941875746,0.03324554955848955,23,64,,True,False,Request timeout: 300.0s exceeded,45,56.69694568066818
146,2026-09-19T05:46:29.287+00:00,2026-09-19T05:51:29.603+00:00,2026-09-19T05:51:29.603+00:00,False,1,0.0,,0.0,300316.274038,300316.274038,300316.274038,300316.274038,300316.274038,300316.274038,nan,300316.274038,nan,nan,0.0,23,64,,True,False,TTFT timeout: 300.0s exceeded (TTFT: 300.008s),0,56.69694568066818
147,2026-09-19T05:46:29.851+00:00,2026-09-19T05:51:29.873+00:00,2026-09-19T05:51:29.873+00:00,False,1,0.0,,0.0,300022.089911,300022.089911,300022.089911,300022.089911,300022.089911,300022.089911,nan,300022.089911,nan,nan,0.0,23,64,,True,False,"HTTPConnectionPool(host='gpu03', port=9002): Read timed out.",0,56.69694568066818
148,2026-09-19T05:46:30.422+00:00,2026-09-19T05:51:30.510+00:00,2026-09-19T05:51:30.510+00:00,False,1,0.0,,0.0,300088.12742000003,300088.12742000003,300088.12742000003,300088.12742000003,300088.12742000003,300088.12742000003,nan,300088.12742000003,nan,nan,0.0,23,64,,True,False,"HTTPConnectionPool(host='gpu03', port=9002): Read timed out.",0,56.69694568066818
149,2026-09-19T05:46:30.878+00:00,2026-09-19T05:51:30.980+00:00,2026-09-19T05:51:30.980+00:00,False,1,0.0,,0.0,300101.883431,300101.883431,300101.883431,300101.883431,300101.883431,300101.883431,nan,300101.883431,nan,nan,0.0,23,64,,True,False,"HTTPConnectionPool(host='gpu03', port=9002): Read timed out.",0,56.69694568066818
150,2026-09-19T05:46:31.361+00:00,2026-09-19T05:51:31.099+00:00,2026-09-19T05:51:31.411+00:00,False,6,5.0,,5.0,299738.680849,300050.291985,300050.291943,50008.3819905,0.020809,299738.680849,122342.36753129786,224831.05081725,62.3222272,44.34030369079927,0.016663873135807375,23,64,,True,False,Request timeout: 300.0s exceeded,15,56.69694568066818
151,2026-09-19T05:46:31.763+00:00,2026-09-19T05:51:31.741+00:00,2026-09-19T05:51:31.840+00:00,False,3,2.0,,2.0,299978.20857099997,300077.32357899996,300077.32340299996,100025.77446766666,0.04286,299978.20857099997,173163.8945611271,269990.29491109995,49.557504,70.02407177726836,0.006664948807681129,23,64,,True,False,Request timeout: 300.0s exceeded,5,56.69694568066818
152,2026-09-19T05:46:32.113+00:00,2026-09-19T05:51:32.217+00:00,2026-09-19T05:51:32.217+00:00,False,1,0.0,,0.0,300104.558509,300104.558509,300104.558509,300104.558509,300104.558509,300104.558509,nan,300104.558509,nan,nan,0.0,23,64,,True,False,"HTTPConnectionPool(host='gpu03', port=9002): Read timed out.",0,56.69694568066818
153,2026-09-19T05:46:32.615+00:00,2026-09-19T05:51:32.654+00:00,2026-09-19T05:51:32.654+00:00,False,1,0.0,,0.0,300039.185614,300039.185614,300039.185614,300039.185614,300039.185614,300039.185614,nan,300039.185614,nan,nan,0.0,23,64,,True,False,"HTTPConnectionPool(host='gpu03', port=9002): Read timed out.",0,56.69694568066818
154,2026-09-19T05:46:32.952+00:00,2026-09-19T05:51:32.912+00:00,2026-09-19T05:51:33.021+00:00,False,3,2.0,,2.0,299960.51350199996,300069.60713399993,300069.607292,100023.20243066666,0.09198,299960.51350199996,173150.7991150029,269975.36233279994,54.546816,77.01087508823339,0.006665120200283645,23,64,,True,False,Request timeout: 300.0s exceeded,4,56.69694568066818
155,2026-09-19T05:46:33.513+00:00,2026-09-19T05:51:33.550+00:00,2026-09-19T05:51:33.550+00:00,False,1,0.0,,0.0,300036.35912599997,300036.35912599997,300036.35912599997,300036.35912599997,300036.35912599997,300036.35912599997,nan,300036.35912599997,nan,nan,0.0,23,64,,True,False,"HTTPConnectionPool(host='gpu03', port=9002): Read timed out.",0,56.69694568066818
156,2026-09-19T05:46:34.010+00:00,2026-09-19T05:51:34.043+00:00,2026-09-19T05:51:34.043+00:00,False,1,0.0,,0.0,300033.817777,300033.817777,300033.817777,300033.817777,300033.817777,300033.817777,nan,300033.817777,nan,nan,0.0,23,64,,True,False,"HTTPConnectionPool(host='gpu03', port=9002): Read timed out.",0,56.69694568066818
157,2026-09-19T05:46:34.611+00:00,2026-09-19T05:51:34.549+00:00,2026-09-19T05:51:34.658+00:00,False,3,2.0,,2.0,299938.538516,300047.05793999997,300047.05790699995,100015.68596899998,0.03456,299938.538516,173138.2775941312,269955.53314749995,54.259712,76.68594538014256,0.006665621098674254,23,64,,True,False,Request timeout: 300.0s exceeded,4,56.69694568066818
158,2026-09-19T05:46:35.060+00:00,2026-09-19T05:51:35.165+00:00,2026-09-19T05:51:35.165+00:00,False,1,0.0,,0.0,300105.177765,300105.177765,300105.177765,300105.177765,300105.177765,300105.177765,nan,300105.177765,nan,nan,0.0,23,64,,True,False,"HTTPConnectionPool(host='gpu03', port=9002): Read timed out.",0,56.69694568066818
159,2026-09-19T05:46:35.611+00:00,2026-09-19T05:51:35.613+00:00,2026-09-19T05:51:35.753+00:00,False,3,2.0,,2.0,300002.889788,300142.287676,300142.28756799997,100047.42918933333,0.027440000000000003,300002.889788,173166.5225195957,270016.53784319997,69.698944,98.53045374998234,0.006663506217287769,23,64,,True,False,Request timeout: 300.0s exceeded,4,56.69694568066818
160,2026-09-19T05:46:36.208+00:00,2026-09-19T05:51:36.019+00:00,2026-09-19T05:51:36.255+00:00,False,4,3.0,,3.0,299811.54360699997,300047.69490299997,300047.694975,75011.92374375,0.03713,299811.54360699997,149866.42397336665,254859.54331914996,78.71709866666667,69.46035316054709,0.009998410422615798,23,64,,True,False,Request timeout: 300.0s exceeded,15,56.69694568066818
161,2026-09-19T05:46:36.764+00:00,2026-09-19T05:51:36.793+00:00,2026-09-19T05:51:36.793+00:00,False,1,0.0,,0.0,300029.023966,300029.023966,300029.023966,300029.023966,300029.023966,300029.023966,nan,300029.023966,nan,nan,0.0,23,64,,True,False,"HTTPConnectionPool(host='gpu03', port=9002): Read timed out.",0,56.69694568066818
162,2026-09-19T05:46:37.732+00:00,2026-09-19T05:51:37.569+00:00,2026-09-19T05:51:37.993+00:00,False,6,5.0,,5.0,299837.66930400004,300261.08229600004,300261.08219200006,50043.51369866668,0.07009,299837.66930400004,122373.6518116527,224906.19942400005,84.6825984,47.6421378798567,0.016652174706647316,23,64,,True,False,Request timeout: 300.0s exceeded,15,56.69694568066818
163,2026-09-19T05:46:37.867+00:00,2026-09-19T05:51:37.895+00:00,2026-09-19T05:51:37.999+00:00,False,3,2.0,,2.0,300027.731165,300131.118301,300131.118448,100043.70614933333,0.04086,300027.731165,173191.25371712606,270035.29269080004,51.693568,73.048180804213,0.006663754199570237,23,64,,True,False,Request timeout: 300.0s exceeded,6,56.69694568066818
164,2026-09-19T05:46:38.422+00:00,2026-09-19T05:51:38.522+00:00,2026-09-19T05:51:38.522+00:00,False,1,0.0,,0.0,300099.812568,300099.812568,300099.812568,300099.812568,300099.812568,300099.812568,nan,300099.812568,nan,nan,0.0,23,64,,True,False,"HTTPConnectionPool(host='gpu03', port=9002): Read timed out.",0,56.69694568066818
165,2026-09-19T05:46:38.886+00:00,2026-09-19T05:51:39.175+00:00,2026-09-19T05:51:39.526+00:00,False,6,5.0,,5.0,300288.986786,300640.02397000004,300640.02393100003,50106.67065516667,0.02183,300288.986786,122563.8182184368,225262.10748550002,70.2074368,67.29771501001218,0.01663118547548724,23,64,,True,False,Request timeout: 300.0s exceeded,12,56.69694568066818
166,2026-09-19T05:46:39.363+00:00,2026-09-19T05:51:39.362+00:00,2026-09-19T05:51:39.685+00:00,False,7,6.0,,6.0,299999.472216,300322.36476,300322.364735,42903.19496214286,0.023100000000000002,299999.472216,113368.80656095673,210032.0752278,53.815424,34.82986703822586,0.019978532084331604,23,64,,True,False,Request timeout: 300.0s exceeded,14,56.69694568066818
167,2026-09-19T05:46:39.768+00:00,2026-09-19T05:51:39.782+00:00,2026-09-19T05:51:39.782+00:00,False,1,0.0,,0.0,300013.753503,300013.753503,300013.753503,300013.753503,300013.753503,300013.753503,nan,300013.753503,nan,nan,0.0,23,64,,True,False,"HTTPConnectionPool(host='gpu03', port=9002): Read timed out.",0,56.69694568066818
168,2026-09-19T05:46:40.345+00:00,2026-09-19T05:51:40.426+00:00,2026-09-19T05:51:40.426+00:00,False,1,0.0,,0.0,300081.256168,300081.256168,300081.256168,300081.256168,300081.256168,300081.256168,nan,300081.256168,nan,nan,0.0,23,64,,True,False,"HTTPConnectionPool(host='gpu03', port=9002): Read timed out.",0,56.69694568066818
169,2026-09-19T05:46:40.677+00:00,2026-09-19T05:51:40.776+00:00,2026-09-19T05:51:40.776+00:00,False,1,0.0,,0.0,300098.633194,300098.633194,300098.633194,300098.633194,300098.633194,300098.633194,nan,300098.633194,nan,nan,0.0,23,64,,True,False,TTFT timeout: 300.0s exceeded (TTFT: 300.091s),0,56.69694568066818
170,2026-09-19T05:46:41.040+00:00,2026-09-19T05:51:40.952+00:00,2026-09-19T05:51:41.081+00:00,False,3,2.0,,2.0,299912.63636,300041.425352,300041.425345,100013.80844833334,0.024739999999999998,299912.63636,173117.47512544374,269934.2491485,64.394496,91.03245183419918,0.006665746230386879,23,64,,True,False,Request timeout: 300.0s exceeded,4,56.69694568066818
171,2026-09-19T05:46:41.510+00:00,2026-09-19T05:51:41.082+00:00,2026-09-19T05:51:41.520+00:00,False,7,6.0,,6.0,299571.66764600005,300009.7315180001,300009.73144100007,42858.53306300001,0.02052,299571.66764600005,113199.85834768804,209731.22208710003,73.01064533333333,41.31418481046936,0.019999351253177634,23,64,,True,False,Request timeout: 300.0s exceeded,31,56.69694568066818
172,2026-09-19T05:46:42.040+00:00,2026-09-19T05:51:42.133+00:00,2026-09-19T05:51:42.133+00:00,False,1,0.0,,0.0,300093.08832700003,300093.08832700003,300093.08832700003,300093.08832700003,300093.08832700003,300093.08832700003,nan,300093.08832700003,nan,nan,0.0,23,64,,True,False,"HTTPConnectionPool(host='gpu03', port=9002): Read timed out.",0,56.69694568066818
173,2026-09-19T05:46:42.410+00:00,2026-09-19T05:51:42.520+00:00,2026-09-19T05:51:42.520+00:00,False,1,0.0,,0.0,300110.225275,300110.225275,300110.225275,300110.225275,300110.225275,300110.225275,nan,300110.225275,nan,nan,0.0,23,64,,True,False,"HTTPConnectionPool(host='gpu03', port=9002): Read timed out.",0,56.69694568066818
174,2026-09-19T05:46:42.948+00:00,2026-09-19T05:51:42.817+00:00,2026-09-19T05:51:43.036+00:00,False,4,3.0,,3.0,299869.722086,300088.337894,300088.337714,75022.0844285,0.02185,299869.722086,149898.43399045352,254906.2469846,72.871936,63.211823864489155,0.009997056270342928,23,64,,True,False,Request timeout: 300.0s exceeded,8,56.69694568066818
175,2026-09-19T05:46:43.440+00:00,2026-09-19T05:51:43.558+00:00,2026-09-19T05:51:43.558+00:00,False,1,0.0,,0.0,300118.52983899997,300118.52983899997,300118.52983899997,300118.52983899997,300118.52983899997,300118.52983899997,nan,300118.52983899997,nan,nan,0.0,23,64,,True,False,"HTTPConnectionPool(host='gpu03', port=9002): Read timed out.",0,56.69694568066818
176,2026-09-19T05:46:43.808+00:00,2026-09-19T05:51:43.925+00:00,2026-09-19T05:51:43.925+00:00,False,1,0.0,,0.0,300117.128121,300117.128121,300117.128121,300117.128121,300117.128121,300117.128121,nan,300117.128121,nan,nan,0.0,23,64,,True,False,"HTTPConnectionPool(host='gpu03', port=9002): Read timed out.",0,56.69694568066818
177,2026-09-19T05:46:44.197+00:00,2026-09-19T05:51:44.197+00:00,2026-09-19T05:51:44.349+00:00,False,3,2.0,,2.0,300000.67966900003,300152.066805,300152.06670200004,100050.68890066668,0.024210000000000002,300000.67966900003,173161.78802506166,270015.7479844001,75.693568,107.0124767761732,0.006663289116377604,23,64,,True,False,Request timeout: 300.0s exceeded,5,56.69694568066818
178,2026-09-19T05:46:44.772+00:00,2026-09-19T05:51:44.629+00:00,2026-09-19T05:51:44.841+00:00,False,4,3.0,,3.0,299857.23278799996,300069.284756,300069.28478,75017.321195,0.045009,299857.23278799996,149893.2827526002,254895.14263584997,70.68398933333333,61.3032499253778,0.009997691041385447,23,64,,True,False,Request timeout: 300.0s exceeded,6,56.69694568066818
179,2026-09-19T05:46:45.189+00:00,2026-09-19T05:51:45.260+00:00,2026-09-19T05:51:45.260+00:00,False,1,0.0,,0.0,300070.469959,300070.469959,300070.469959,300070.469959,300070.469959,300070.469959,nan,300070.469959,nan,nan,0.0,23,64,,True,False,"HTTPConnectionPool(host='gpu03', port=9002): Read timed out.",0,56.69694568066818
180,2026-09-19T05:46:45.653+00:00,2026-09-19T05:51:45.761+00:00,2026-09-19T05:51:45.761+00:00,False,1,0.0,,0.0,300108.17727600003,300108.17727600003,300108.17727600003,300108.17727600003,300108.17727600003,300108.17727600003,nan,300108.17727600003,nan,nan,0.0,23,64,,True,False,"HTTPConnectionPool(host='gpu03', port=9002): Read timed out.",0,56.69694568066818
181,2026-09-19T05:46:46.060+00:00,2026-09-19T05:51:46.012+00:00,2026-09-19T05:51:46.172+00:00,False,3,2.0,,2.0,299951.63270599995,300111.87616199994,300111.87618799997,100037.29206266665,0.05192,299951.63270599995,173130.91609334326,269972.4885916,80.121728,113.23574052795875,0.006664181456519245,23,64,,True,False,Request timeout: 300.0s exceeded,8,56.69694568066818
182,2026-09-19T05:46:46.457+00:00,2026-09-19T05:51:46.169+00:00,2026-09-19T05:51:46.486+00:00,False,5,4.0,,4.0,299711.832617,300029.23165699997,300029.231529,60005.8463058,0.02067,299711.832617,133999.7280833787,239793.10631139998,79.34976,53.739770321774714,0.013332034275156522,23,64,,True,False,Request timeout: 300.0s exceeded,11,56.69694568066818
183,2026-09-19T05:46:46.921+00:00,2026-09-19T05:51:47.044+00:00,2026-09-19T05:51:47.044+00:00,False,1,0.0,,0.0,300122.651407,300122.651407,300122.651407,300122.651407,300122.651407,300122.651407,nan,300122.651407,nan,nan,0.0,23,64,,True,False,"HTTPConnectionPool(host='gpu03', port=9002): Read timed out.",0,56.69694568066818
184,2026-09-19T05:46:47.375+00:00,2026-09-19T05:51:47.411+00:00,2026-09-19T05:51:47.411+00:00,False,1,0.0,,0.0,300036.254619,300036.254619,300036.254619,300036.254619,300036.254619,300036.254619,nan,300036.254619,nan,nan,0.0,23,64,,True,False,"HTTPConnectionPool(host='gpu03', port=9002): Read timed out.",0,56.69694568066818
185,2026-09-19T05:46:47.819+00:00,2026-09-19T05:51:47.824+00:00,2026-09-19T05:51:47.932+00:00,False,3,2.0,,2.0,300005.420143,300112.94423900003,300112.944206,100037.64806866668,0.04107,300005.420143,173177.1788868877,270015.62642800005,53.762048,75.97309123503854,0.00666415773925188,23,64,,True,False,Request timeout: 300.0s exceeded,7,56.69694568066818
186,2026-09-19T05:46:48.223+00:00,2026-09-19T05:51:48.066+00:00,2026-09-19T05:51:48.262+00:00,False,4,3.0,,3.0,299842.47575700004,300039.000813,300039.00085600006,75009.75021400001,0.02973,299842.47575700004,149888.49085081002,254881.05271410002,65.508352,56.72365059518197,0.009998700141885076,23,64,,True,False,Request timeout: 300.0s exceeded,15,56.69694568066818
187,2026-09-19T05:46:48.793+00:00,2026-09-19T05:51:48.808+00:00,2026-09-19T05:51:48.808+00:00,False,1,0.0,,0.0,300014.815619,300014.815619,300014.815619,300014.815619,300014.815619,300014.815619,nan,300014.815619,nan,nan,0.0,23,64,,True,False,"HTTPConnectionPool(host='gpu03', port=9002): Read timed out.",0,56.69694568066818
188,2026-09-19T05:46:49.297+00:00,2026-09-19T05:51:49.243+00:00,2026-09-19T05:51:49.393+00:00,False,3,2.0,,2.0,299945.99605699995,300095.15752899996,300095.15748899995,100031.71916299999,0.0291,299945.99605699995,173130.85842068022,269966.3096845,74.580736,105.43217797303501,0.006664552725435859,23,64,,True,False,Request timeout: 300.0s exceeded,5,56.69694568066818
189,2026-09-19T05:46:49.674+00:00,2026-09-19T05:51:49.523+00:00,2026-09-19T05:51:49.751+00:00,False,4,3.0,,3.0,299848.765823,300076.728959,300076.729033,75019.18225825,0.02467,299848.765823,149886.39950567923,254891.457941,75.987712,68.58985612121862,0.009997443022014198,23,64,,True,False,Request timeout: 300.0s exceeded,11,56.69694568066818
190,2026-09-19T05:46:50.039+00:00,2026-09-19T05:51:49.862+00:00,2026-09-19T05:51:50.063+00:00,False,6,5.0,,5.0,299822.900636,300023.52578799997,300023.52583299996,50003.92097216666,0.06161,299822.900636,122385.80729739454,224880.22081225002,40.1250304,22.46569839631354,0.016665359780929503,23,64,,True,False,Request timeout: 300.0s exceeded,16,56.69694568066818
191,2026-09-19T05:46:50.628+00:00,2026-09-19T05:51:50.864+00:00,2026-09-19T05:51:51.463+00:00,False,7,6.0,,6.0,300235.99126499996,300834.993889,300834.99386299995,42976.42769471428,0.023629999999999998,300235.99126499996,113440.81482895056,210210.89367,99.83377066666667,52.77217860235861,0.019944488247314204,23,64,,True,False,Request timeout: 300.0s exceeded,25,56.69694568066818
192,2026-09-19T05:46:50.976+00:00,2026-09-19T05:51:51.254+00:00,2026-09-19T05:51:51.567+00:00,False,5,4.0,,4.0,300278.557323,300591.388811,300591.388714,60118.2777428,0.02533,300278.557323,134253.68529115905,240244.78334639996,78.207872,52.271673164057695,0.013307101097679954,23,64,,True,False,Request timeout: 300.0s exceeded,13,56.69694568066818
193,2026-09-19T05:46:51.492+00:00,2026-09-19T05:51:51.635+00:00,2026-09-19T05:51:51.635+00:00,False,1,0.0,,0.0,300143.245858,300143.245858,300143.245858,300143.245858,300143.245858,300143.245858,nan,300143.245858,nan,nan,0.0,23,64,,True,False,"HTTPConnectionPool(host='gpu03', port=9002): Read timed out.",0,56.69694568066818
194,2026-09-19T05:46:51.827+00:00,2026-09-19T05:51:51.839+00:00,2026-09-19T05:51:51.839+00:00,False,1,0.0,,0.0,300012.21282200003,300012.21282200003,300012.21282200003,300012.21282200003,300012.21282200003,300012.21282200003,nan,300012.21282200003,nan,nan,0.0,23,64,,True,False,"HTTPConnectionPool(host='gpu03', port=9002): Read timed out.",0,56.69694568066818
195,2026-09-19T05:46:52.327+00:00,2026-09-19T05:51:52.388+00:00,2026-09-19T05:51:52.388+00:00,False,1,0.0,,0.0,300061.001117,300061.001117,300061.001117,300061.001117,300061.001117,300061.001117,nan,300061.001117,nan,nan,0.0,23,64,,True,False,"HTTPConnectionPool(host='gpu03', port=9002): Read timed out.",0,56.69694568066818
196,2026-09-19T05:46:52.856+00:00,2026-09-19T05:51:52.964+00:00,2026-09-19T05:51:52.964+00:00,False,1,0.0,,0.0,300108.00400300004,300108.00400300004,300108.00400300004,300108.00400300004,300108.00400300004,300108.00400300004,nan,300108.00400300004,nan,nan,0.0,23,64,,True,False,"HTTPConnectionPool(host='gpu03', port=9002): Read timed out.",0,56.69694568066818
197,2026-09-19T05:46:53.231+00:00,2026-09-19T05:51:52.992+00:00,2026-09-19T05:51:53.267+00:00,False,5,4.0,,4.0,299761.103464,300035.757416,300035.757298,60007.1514596,0.03564,299761.103464,134026.53973428044,239829.0763994,68.663488,46.67399249366902,0.013331744304243024,23,64,,True,False,Request timeout: 300.0s exceeded,22,56.69694568066818
198,2026-09-19T05:46:53.819+00:00,2026-09-19T05:51:53.885+00:00,2026-09-19T05:51:53.885+00:00,False,1,0.0,,0.0,300066.698667,300066.698667,300066.698667,300066.698667,300066.698667,300066.698667,nan,300066.698667,nan,nan,0.0,23,64,,True,False,"HTTPConnectionPool(host='gpu03', port=9002): Read timed out.",0,56.69694568066818
199,2026-09-19T05:46:54.228+00:00,2026-09-19T05:51:54.285+00:00,2026-09-19T05:51:54.285+00:00,False,1,0.0,,0.0,300057.59965399996,300057.59965399996,300057.59965399996,300057.59965399996,300057.59965399996,300057.59965399996,nan,300057.59965399996,nan,nan,0.0,23,64,,True,False,TTFT timeout: 300.0s exceeded (TTFT: 300.052s),0,56.69694568066818
200,2026-09-19T05:46:54.629+00:00,2026-09-19T05:51:54.644+00:00,2026-09-19T05:51:54.644+00:00,False,1,0.0,,0.0,300014.764125,300014.764125,300014.764125,300014.764125,300014.764125,300014.764125,nan,300014.764125,nan,nan,0.0,23,64,,True,False,TTFT timeout: 300.0s exceeded (TTFT: 300.010s),0,56.69694568066818
202,2026-09-19T05:46:55.691+00:00,2026-09-19T05:51:54.780+00:00,2026-09-19T05:51:55.808+00:00,False,12,11.0,,11.0,299089.259971,300117.30784300005,300117.307946,25009.775662166667,0.04208,299089.259971,86312.66040862986,134662.43048429998,93.45889745454545,37.21401327353259,0.03665233464560603,23,64,,True,False,Request timeout: 300.0s exceeded,41,56.69694568066818
201,2026-09-19T05:46:55.655+00:00,2026-09-19T05:51:55.480+00:00,2026-09-19T05:51:55.927+00:00,False,6,5.0,,5.0,299824.606469,300271.553285,300271.55337,50045.258895,0.02382,299824.606469,122366.39833426967,224898.53576024997,89.3893632,50.589306703190026,0.016651594016481128,23,64,,True,False,Request timeout: 300.0s exceeded,14,56.69694568066818
203,2026-09-19T05:46:55.980+00:00,2026-09-19T05:51:56.112+00:00,2026-09-19T05:51:56.112+00:00,False,1,0.0,,0.0,300132.634406,300132.634406,300132.634406,300132.634406,300132.634406,300132.634406,nan,300132.634406,nan,nan,0.0,23,64,,True,False,"HTTPConnectionPool(host='gpu03', port=9002): Read timed out.",0,56.69694568066818
204,2026-09-19T05:46:56.452+00:00,2026-09-19T05:51:56.525+00:00,2026-09-19T05:51:56.525+00:00,False,1,0.0,,0.0,300072.62607999996,300072.62607999996,300072.62607999996,300072.62607999996,300072.62607999996,300072.62607999996,nan,300072.62607999996,nan,nan,0.0,23,64,,True,False,"HTTPConnectionPool(host='gpu03', port=9002): Read timed out.",0,56.69694568066818
205,2026-09-19T05:46:57.011+00:00,2026-09-19T05:51:57.104+00:00,2026-09-19T05:51:57.104+00:00,False,1,0.0,,0.0,300093.393967,300093.393967,300093.393967,300093.393967,300093.393967,300093.393967,nan,300093.393967,nan,nan,0.0,23,64,,True,False,TTFT timeout: 300.0s exceeded (TTFT: 300.073s),0,56.69694568066818
206,2026-09-19T05:46:57.484+00:00,2026-09-19T05:51:57.291+00:00,2026-09-19T05:51:57.510+00:00,False,4,3.0,,3.0,299807.095039,300026.042111,300026.04190999997,75006.51047749999,0.0218,299807.095039,149867.06541718383,254853.73396914997,72.98235733333333,63.76254727263086,0.00999913200498141,23,64,,True,False,Request timeout: 300.0s exceeded,11,56.69694568066818
207,2026-09-19T05:46:58.024+00:00,2026-09-19T05:51:57.608+00:00,2026-09-19T05:51:58.116+00:00,False,7,6.0,,6.0,299584.157436,300092.456444,300092.456446,42870.35092085714,0.036840000000000005,299584.157436,113200.1546951484,209739.7578243,84.71650133333333,41.488836564353,0.019993838136080088,23,64,,True,False,Request timeout: 300.0s exceeded,16,56.69694568066818
208,2026-09-19T05:46:58.400+00:00,2026-09-19T05:51:58.506+00:00,2026-09-19T05:51:58.506+00:00,False,1,0.0,,0.0,300105.578611,300105.578611,300105.578611,300105.578611,300105.578611,300105.578611,nan,300105.578611,nan,nan,0.0,23,64,,True,False,"HTTPConnectionPool(host='gpu03', port=9002): Read timed out.",0,56.69694568066818
209,2026-09-19T05:46:58.771+00:00,2026-09-19T05:51:58.795+00:00,2026-09-19T05:51:58.795+00:00,False,1,0.0,,0.0,300024.517839,300024.517839,300024.517839,300024.517839,300024.517839,300024.517839,nan,300024.517839,nan,nan,0.0,23,64,,True,False,TTFT timeout: 300.0s exceeded (TTFT: 300.008s),0,56.69694568066818
210,2026-09-19T05:46:59.370+00:00,2026-09-19T05:51:59.201+00:00,2026-09-19T05:51:59.424+00:00,False,4,3.0,,3.0,299830.700679,300054.00922300003,300054.00920000003,75013.50230000001,0.02327,299830.700679,149878.14149016867,254872.95205424997,74.43618133333332,64.44762845335866,0.009998200016619012,23,64,,True,False,Request timeout: 300.0s exceeded,6,56.69694568066818
211,2026-09-19T05:46:59.720+00:00,2026-09-19T05:51:59.523+00:00,2026-09-19T05:51:59.822+00:00,False,6,5.0,,5.0,299802.64826,300101.59865999996,300101.59877499996,50016.93312916667,0.08687,299802.64826,122369.51512111831,224877.598257,59.79008,41.75762688633041,0.016661024207554283,23,64,,True,False,Request timeout: 300.0s exceeded,18,56.69694568066818
212,2026-09-19T05:47:00.298+00:00,2026-09-19T05:52:00.319+00:00,2026-09-19T05:52:00.319+00:00,False,1,0.0,,0.0,300020.90090899996,300020.90090899996,300020.90090899996,300020.90090899996,300020.90090899996,300020.90090899996,nan,300020.90090899996,nan,nan,0.0,23,64,,True,False,TTFT timeout: 300.0s exceeded (TTFT: 300.015s),0,56.69694568066818
213,2026-09-19T05:47:00.802+00:00,2026-09-19T05:52:00.803+00:00,2026-09-19T05:52:00.912+00:00,False,3,2.0,,2.0,300000.871093,300110.539445,300110.539263,100036.846421,0.04158,300000.871093,173173.93387714785,270011.7466427,54.834176,77.48822307722257,0.006664211139330985,23,64,,True,False,Request timeout: 300.0s exceeded,7,56.69694568066818
214,2026-09-19T05:47:01.383+00:00,2026-09-19T05:52:01.488+00:00,2026-09-19T05:52:01.488+00:00,False,1,0.0,,0.0,300105.45955,300105.45955,300105.45955,300105.45955,300105.45955,300105.45955,nan,300105.45955,nan,nan,0.0,23,64,,True,False,"HTTPConnectionPool(host='gpu03', port=9002): Read timed out.",0,56.69694568066818
215,2026-09-19T05:47:01.970+00:00,2026-09-19T05:52:02.037+00:00,2026-09-19T05:52:02.037+00:00,False,1,0.0,,0.0,300066.681111,300066.681111,300066.681111,300066.681111,300066.681111,300066.681111,nan,300066.681111,nan,nan,0.0,23,64,,True,False,"HTTPConnectionPool(host='gpu03', port=9002): Read timed out.",0,56.69694568066818
216,2026-09-19T05:47:02.310+00:00,2026-09-19T05:52:02.334+00:00,2026-09-19T05:52:02.334+00:00,False,1,0.0,,0.0,300023.88409899996,300023.88409899996,300023.88409899996,300023.88409899996,300023.88409899996,300023.88409899996,nan,300023.88409899996,nan,nan,0.0,23,64,,True,False,TTFT timeout: 300.0s exceeded (TTFT: 300.017s),0,56.69694568066818
217,2026-09-19T05:47:02.639+00:00,2026-09-19T05:52:02.459+00:00,2026-09-19T05:52:02.684+00:00,False,4,3.0,,3.0,299819.506144,300044.163808,300044.163792,75011.040948,0.07645,299819.506144,149872.3212856135,254867.71421799998,74.885888,70.81976109793176,0.009998528089750538,23,64,,True,False,Request timeout: 300.0s exceeded,11,56.69694568066818
218,2026-09-19T05:47:03.205+00:00,2026-09-19T05:52:03.225+00:00,2026-09-19T05:52:03.225+00:00,False,1,0.0,,0.0,300020.579658,300020.579658,300020.579658,300020.579658,300020.579658,300020.579658,nan,300020.579658,nan,nan,0.0,23,64,,True,False,"HTTPConnectionPool(host='gpu03', port=9002): Read timed out.",0,56.69694568066818
219,2026-09-19T05:47:03.718+00:00,2026-09-19T05:52:03.938+00:00,2026-09-19T05:52:04.950+00:00,False,11,10.0,,10.0,300220.05847000005,301232.02621400007,301232.02622400003,27384.72965672728,0.04187,300220.05847000005,90489.24868525511,150181.070081,101.19677440000001,37.951357607810586,0.03319700141344147,23,64,,True,False,Request timeout: 300.0s exceeded,48,56.69694568066818
220,2026-09-19T05:47:04.185+00:00,2026-09-19T05:52:04.080+00:00,2026-09-19T05:52:05.049+00:00,False,11,10.0,,10.0,299895.076177,300864.443729,300864.443785,27351.31307136364,0.0213,299895.076177,90392.5462589378,150011.089577,96.93675520000001,35.123883218710354,0.03323755999897209,23,64,,True,False,Request timeout: 300.0s exceeded,38,56.69694568066818
221,2026-09-19T05:47:04.639+00:00,2026-09-19T05:52:04.534+00:00,2026-09-19T05:52:05.150+00:00,False,8,7.0,,7.0,299895.009727,300510.54585500003,300510.545835,37563.818229375,0.0219,299895.009727,105997.81436589644,194969.85755110002,87.93373257142856,38.915760611382495,0.023293691674226916,23,64,,True,False,Request timeout: 300.0s exceeded,32,56.69694568066818
222,2026-09-19T05:47:05.242+00:00,2026-09-19T05:52:05.261+00:00,2026-09-19T05:52:05.261+00:00,False,1,0.0,,0.0,300018.251217,300018.251217,300018.251217,300018.251217,300018.251217,300018.251217,nan,300018.251217,nan,nan,0.0,23,64,,True,False,"HTTPConnectionPool(host='gpu03', port=9002): Read timed out.",0,56.69694568066818
223,2026-09-19T05:47:05.615+00:00,2026-09-19T05:52:05.641+00:00,2026-09-19T05:52:05.641+00:00,False,1,0.0,,0.0,300026.569625,300026.569625,300026.569625,300026.569625,300026.569625,300026.569625,nan,300026.569625,nan,nan,0.0,23,64,,True,False,"HTTPConnectionPool(host='gpu03', port=9002): Read timed out.",0,56.69694568066818
224,2026-09-19T05:47:06.136+00:00,2026-09-19T05:52:06.169+00:00,2026-09-19T05:52:06.169+00:00,False,1,0.0,,0.0,300032.99415100005,300032.99415100005,300032.99415100005,300032.99415100005,300032.99415100005,300032.99415100005,nan,300032.99415100005,nan,nan,0.0,23,64,,True,False,"HTTPConnectionPool(host='gpu03', port=9002): Read timed out.",0,56.69694568066818
226,2026-09-19T05:47:06.970+00:00,2026-09-19T05:52:06.545+00:00,2026-09-19T05:52:06.995+00:00,False,8,7.0,,7.0,299574.797755,300025.20825100003,300025.20822800003,37503.151028500004,0.02171,299574.797755,105892.942065568,194759.94390465,64.34435657142858,37.68359085693778,0.023331372856322873,23,64,,True,False,Request timeout: 300.0s exceeded,35,56.69694568066818
225,2026-09-19T05:47:06.612+00:00,2026-09-19T05:52:06.549+00:00,2026-09-19T05:52:06.650+00:00,False,3,2.0,,2.0,299936.91567400005,300037.75356200006,300037.75361600006,100012.58453866668,0.03878,299936.91567400005,173139.55692763126,269953.30402280006,50.418944,71.24812452719053,0.0066658278041890435,23,64,,True,False,Request timeout: 300.0s exceeded,8,56.69694568066818
227,2026-09-19T05:47:07.320+00:00,2026-09-19T05:52:07.386+00:00,2026-09-19T05:52:07.386+00:00,False,1,0.0,,0.0,300065.34697,300065.34697,300065.34697,300065.34697,300065.34697,300065.34697,nan,300065.34697,nan,nan,0.0,23,64,,True,False,"HTTPConnectionPool(host='gpu03', port=9002): Read timed out.",0,56.69694568066818
228,2026-09-19T05:47:07.834+00:00,2026-09-19T05:52:07.851+00:00,2026-09-19T05:52:07.851+00:00,False,1,0.0,,0.0,300016.927332,300016.927332,300016.927332,300016.927332,300016.927332,300016.927332,nan,300016.927332,nan,nan,0.0,23,64,,True,False,TTFT timeout: 300.0s exceeded (TTFT: 300.008s),0,56.69694568066818
229,2026-09-19T05:47:08.173+00:00,2026-09-19T05:52:08.128+00:00,2026-09-19T05:52:08.270+00:00,False,3,2.0,,2.0,299955.05525599996,300097.20975199994,300097.20973699994,100032.40324566666,0.02512,299955.05525599996,173138.11001202898,269973.76266649994,71.077248,100.48292830790312,0.00666450714970925,23,64,,True,False,Request timeout: 300.0s exceeded,15,56.69694568066818
230,2026-09-19T05:47:08.626+00:00,2026-09-19T05:52:08.509+00:00,2026-09-19T05:52:08.708+00:00,False,4,3.0,,3.0,299882.352103,300081.479143,300081.478954,75020.3697385,0.06717000000000001,299882.352103,149907.99563157422,254915.6819275,66.37568,57.643812868963344,0.00999728476601646,23,64,,True,False,Request timeout: 300.0s exceeded,6,56.69694568066818
231,2026-09-19T05:47:09.024+00:00,2026-09-19T05:52:09.132+00:00,2026-09-19T05:52:09.132+00:00,False,1,0.0,,0.0,300107.74720499996,300107.74720499996,300107.74720499996,300107.74720499996,300107.74720499996,300107.74720499996,nan,300107.74720499996,nan,nan,0.0,23,64,,True,False,"HTTPConnectionPool(host='gpu03', port=9002): Read timed out.",0,56.69694568066818
232,2026-09-19T05:47:09.429+00:00,2026-09-19T05:52:09.465+00:00,2026-09-19T05:52:09.465+00:00,False,1,0.0,,0.0,300035.465208,300035.465208,300035.465208,300035.465208,300035.465208,300035.465208,nan,300035.465208,nan,nan,0.0,23,64,,True,False,TTFT timeout: 300.0s exceeded (TTFT: 300.029s),0,56.69694568066818
233,2026-09-19T05:47:09.755+00:00,2026-09-19T05:52:09.731+00:00,2026-09-19T05:52:09.862+00:00,False,3,2.0,,2.0,299975.894907,300106.383483,300106.383257,100035.46108566667,0.05171,299975.894907,173153.5072054699,269991.3490803,65.244288,92.19622514523874,0.006664303427298784,23,64,,True,False,Request timeout: 300.0s exceeded,7,56.69694568066818
234,2026-09-19T05:47:10.325+00:00,2026-09-19T05:52:10.100+00:00,2026-09-19T05:52:10.405+00:00,False,5,4.0,,4.0,299775.66059600003,300080.11218000005,300080.11236800003,60016.02247360001,0.02153,299775.66059600003,134029.71950197426,239841.65543100002,76.112896,50.82118482268685,0.013329773742555255,23,64,,True,False,Request timeout: 300.0s exceeded,13,56.69694568066818
235,2026-09-19T05:47:10.789+00:00,2026-09-19T05:52:10.893+00:00,2026-09-19T05:52:10.893+00:00,False,1,0.0,,0.0,300103.894158,300103.894158,300103.894158,300103.894158,300103.894158,300103.894158,nan,300103.894158,nan,nan,0.0,23,64,,True,False,"HTTPConnectionPool(host='gpu03', port=9002): Read timed out.",0,56.69694568066818
236,2026-09-19T05:47:11.220+00:00,2026-09-19T05:52:11.226+00:00,2026-09-19T05:52:11.360+00:00,False,3,2.0,,2.0,300005.597742,300139.73355,300139.73336300004,100046.57778766667,0.03661,300005.597742,173169.60396964863,270018.4478689,67.067904,94.79656790664541,0.006663562922324051,23,64,,True,False,Request timeout: 300.0s exceeded,14,56.69694568066818
237,2026-09-19T05:47:11.751+00:00,2026-09-19T05:52:11.633+00:00,2026-09-19T05:52:11.834+00:00,False,4,3.0,,3.0,299882.69888499996,300083.65350899997,300083.653511,75020.91337775,0.02028,299882.69888499996,149907.86448347272,254915.41773804996,66.98487466666667,57.99418976748361,0.009997212327028753,23,64,,True,False,Request timeout: 300.0s exceeded,8,56.69694568066818
238,2026-09-19T05:47:12.137+00:00,2026-09-19T05:52:12.243+00:00,2026-09-19T05:52:12.243+00:00,False,1,0.0,,0.0,300105.876523,300105.876523,300105.876523,300105.876523,300105.876523,300105.876523,nan,300105.876523,nan,nan,0.0,23,64,,True,False,"HTTPConnectionPool(host='gpu03', port=9002): Read timed out.",0,56.69694568066818
239,2026-09-19T05:47:12.633+00:00,2026-09-19T05:52:12.745+00:00,2026-09-19T05:52:12.745+00:00,False,1,0.0,,0.0,300111.857814,300111.857814,300111.857814,300111.857814,300111.857814,300111.857814,nan,300111.857814,nan,nan,0.0,23,64,,True,False,"HTTPConnectionPool(host='gpu03', port=9002): Read timed out.",0,56.69694568066818
240,2026-09-19T05:47:12.984+00:00,2026-09-19T05:52:12.944+00:00,2026-09-19T05:52:13.097+00:00,True,2,2.0,,2.0,299960.32799699996,300113.29081299994,300113.29064099997,150056.64532049999,152.962644,299960.32799699996,211995.82109077906,284969.95972935,152.962816,nan,0.006664150043412094,23,64,,True,True,,4,56.69694568066818
241,2026-09-19T05:47:13.459+00:00,2026-09-19T05:52:13.354+00:00,2026-09-19T05:52:13.468+00:00,False,3,2.0,,2.0,299895.379824,300009.039216,300009.039105,100003.013035,0.04671,299895.379824,173111.87697463823,269917.20309870003,56.829696,80.30307375176997,0.006666465801252219,23,64,,True,False,Request timeout: 300.0s exceeded,3,56.69694568066818
242,2026-09-19T05:47:13.975+00:00,2026-09-19T05:52:14.070+00:00,2026-09-19T05:52:14.070+00:00,False,1,0.0,,0.0,300094.704236,300094.704236,300094.704236,300094.704236,300094.704236,300094.704236,nan,300094.704236,nan,nan,0.0,23,64,,True,False,"HTTPConnectionPool(host='gpu03', port=9002): Read timed out.",0,56.69694568066818
243,2026-09-19T05:47:14.338+00:00,2026-09-19T05:52:14.440+00:00,2026-09-19T05:52:14.440+00:00,False,1,0.0,,0.0,300102.252778,300102.252778,300102.252778,300102.252778,300102.252778,300102.252778,nan,300102.252778,nan,nan,0.0,23,64,,True,False,"HTTPConnectionPool(host='gpu03', port=9002): Read timed out.",0,56.69694568066818
244,2026-09-19T05:47:14.827+00:00,2026-09-19T05:52:14.783+00:00,2026-09-19T05:52:14.916+00:00,False,3,2.0,,2.0,299956.34672100004,300088.90300900006,300088.90310600004,100029.63436866668,0.0435,299956.34672100004,173141.62446114444,269973.96333740006,66.278144,93.6699035594825,0.0066646916295335906,23,64,,True,False,Request timeout: 300.0s exceeded,4,56.69694568066818
245,2026-09-19T05:47:15.376+00:00,2026-09-19T05:52:15.138+00:00,2026-09-19T05:52:15.448+00:00,False,5,4.0,,4.0,299761.828719,300072.21156699996,300072.211487,60014.4422974,0.07754000000000001,299761.828719,134022.87107654088,239832.62782819997,77.595712,52.49258219932382,0.013330124702689712,23,64,,True,False,Request timeout: 300.0s exceeded,15,56.69694568066818
246,2026-09-19T05:47:15.859+00:00,2026-09-19T05:52:15.917+00:00,2026-09-19T05:52:15.917+00:00,False,1,0.0,,0.0,300057.58698,300057.58698,300057.58698,300057.58698,300057.58698,300057.58698,nan,300057.58698,nan,nan,0.0,23,64,,True,False,"HTTPConnectionPool(host='gpu03', port=9002): Read timed out.",0,56.69694568066818
247,2026-09-19T05:47:16.362+00:00,2026-09-19T05:52:16.392+00:00,2026-09-19T05:52:16.392+00:00,False,1,0.0,,0.0,300030.64772,300030.64772,300030.64772,300030.64772,300030.64772,300030.64772,nan,300030.64772,nan,nan,0.0,23,64,,True,False,TTFT timeout: 300.0s exceeded (TTFT: 300.018s),0,56.69694568066818
248,2026-09-19T05:47:17.476+00:00,2026-09-19T05:52:16.662+00:00,2026-09-19T05:52:17.737+00:00,False,13,12.0,,12.0,299185.220432,300260.630864,300260.63084,23096.971603076923,0.02392,299185.220432,82954.20061502242,119744.6145134,89.617536,32.417130431995425,0.03996527938234859,23,64,,True,False,Request timeout: 300.0s exceeded,49,56.69694568066818
249,2026-09-19T05:47:17.609+00:00,2026-09-19T05:52:17.534+00:00,2026-09-19T05:52:17.869+00:00,False,5,4.0,,4.0,299925.09697,300260.51021800004,300260.510365,60052.102073,0.020419,299925.09697,134093.0901407878,239967.1150256,83.853312,58.28950796010045,0.013321765146858155,23,64,,True,False,Request timeout: 300.0s exceeded,17,56.69694568066818
250,2026-09-19T05:47:17.655+00:00,2026-09-19T05:52:17.868+00:00,2026-09-19T05:52:17.960+00:00,False,3,2.0,,2.0,300213.171967,300305.617407,300305.61744,100101.87248,0.03965,300213.171967,173301.47509372022,270201.09535260004,46.22272,65.31304355829111,0.006659882080358916,23,64,,True,False,Request timeout: 300.0s exceeded,3,56.69694568066818
251,2026-09-19T05:47:18.155+00:00,2026-09-19T05:52:18.182+00:00,2026-09-19T05:52:18.182+00:00,False,1,0.0,,0.0,300026.73465,300026.73465,300026.73465,300026.73465,300026.73465,300026.73465,nan,300026.73465,nan,nan,0.0,23,64,,True,False,"HTTPConnectionPool(host='gpu03', port=9002): Read timed out.",0,56.69694568066818
252,2026-09-19T05:47:18.745+00:00,2026-09-19T05:52:18.820+00:00,2026-09-19T05:52:18.820+00:00,False,1,0.0,,0.0,300075.76499299996,300075.76499299996,300075.76499299996,300075.76499299996,300075.76499299996,300075.76499299996,nan,300075.76499299996,nan,nan,0.0,23,64,,True,False,"HTTPConnectionPool(host='gpu03', port=9002): Read timed out.",0,56.69694568066818
253,2026-09-19T05:47:19.144+00:00,2026-09-19T05:52:19.142+00:00,2026-09-19T05:52:20.484+00:00,False,16,15.0,,15.0,299997.9092,301339.78721599997,301339.787223,18833.7367014375,0.02314,299997.9092,74977.13178127773,75187.86347975,89.4585344,55.417644241806634,0.04977769493561107,23,64,,True,False,Request timeout: 300.0s exceeded,60,56.69694568066818
254,2026-09-19T05:47:19.543+00:00,2026-09-19T05:52:19.394+00:00,2026-09-19T05:52:20.580+00:00,False,16,15.0,,15.0,299851.47014600004,301037.63744200004,301037.63752100006,18814.852345062503,0.02581,299851.47014600004,74943.1047619519,75042.26603150001,79.07781973333333,32.7571519689872,0.04982765652647005,23,64,,True,False,Request timeout: 300.0s exceeded,65,56.69694568066818
255,2026-09-19T05:47:19.988+00:00,2026-09-19T05:52:20.077+00:00,2026-09-19T05:52:20.687+00:00,False,8,7.0,,7.0,300089.23011299997,300699.30832099996,300699.30826499994,37587.41353312499,0.04254,300089.23011299997,106066.75723528037,195095.21844044997,87.15402971428571,38.68928580920955,0.023279069177397044,23,64,,True,False,Request timeout: 300.0s exceeded,29,56.69694568066818
256,2026-09-19T05:47:20.426+00:00,2026-09-19T05:52:20.379+00:00,2026-09-19T05:52:20.685+00:00,False,5,4.0,,4.0,299952.65734,300258.847164,300258.847068,60051.76941359999,0.06943,299952.65734,134108.68060035558,239982.91510299995,76.547456,51.03803805576083,0.013321838932576794,23,64,,True,False,Request timeout: 300.0s exceeded,13,56.69694568066818
0,2026-09-19T05:45:20.792+00:00,2026-09-19T05:45:21.010+00:00,2026-09-19T05:45:29.221+00:00,True,88,88.0,,88.0,218.338835,8428.615187000001,8428.615138,95.77971747727273,33.495153,218.338835,26.806148490920393,111.3600545,94.37099255172413,23.457576360261676,10.440623761745357,24,64,,False,True,,384,56.69694568066818
1,2026-09-19T05:45:21.307+00:00,2026-09-19T05:45:21.546+00:00,2026-09-19T05:45:29.217+00:00,True,80,80.0,,80.0,239.32492499999998,7910.593789,7910.593745,98.8824218125,41.349934000000005,239.32492499999998,27.502580451958384,113.8094604,97.10466916455697,22.583517571788477,10.11302085960263,24,64,,False,True,,385,56.69694568066818
2,2026-09-19T05:45:21.759+00:00,2026-09-19T05:45:23.083+00:00,2026-09-19T05:45:31.118+00:00,True,83,83.0,,83.0,1323.574957,9358.270893,9358.270969,112.75025263855422,46.565681,1323.574957,135.85618623140533,110.6513983,97.9840967804878,19.080837156110853,8.869159799817734,24,64,,False,True,,364,56.69694568066818
3,2026-09-19T05:45:22.112+00:00,2026-09-19T05:45:25.655+00:00,2026-09-19T05:45:27.103+00:00,True,16,16.0,,16.0,3543.697525,4991.775349,4991.775391,311.9859619375,52.117228000000004,3543.697525,861.9621107759307,966.7401279999999,96.5385216,17.841766683170604,3.205272449451331,24,64,,False,True,,83,56.69694568066818
4,2026-09-19T05:45:22.522+00:00,2026-09-19T05:45:27.617+00:00,2026-09-19T05:45:28.337+00:00,True,8,8.0,,8.0,5095.39042,5814.821076,5814.820914,726.85261425,98.360001,5095.39042,1765.15958787713,3350.3144601000004,102.775808,3.9330074086886744,1.3757946969372923,24,64,,False,True,,43,56.69694568066818
5,2026-09-19T05:45:22.968+00:00,2026-09-19T05:45:29.890+00:00,2026-09-19T05:45:39.389+00:00,True,96,96.0,,96.0,6922.1418650000005,16421.321385,16421.321402,171.05543127083334,0.0,6922.1418650000005,697.664079786281,165.36127475,99.99136336842105,44.11220165636839,5.8460581672611855,24,64,,False,True,,562,56.69694568066818
6,2026-09-19T05:45:23.372+00:00,2026-09-19T05:45:32.409+00:00,2026-09-19T05:45:41.783+00:00,True,96,96.0,,96.0,9037.932085999999,18411.773238,18411.773074,191.78930285416666,0.0,9037.932085999999,913.4645953239702,148.57204375,98.67201212631579,45.1590188514245,5.214055091764106,24,64,,False,True,,400,56.69694568066818
7,2026-09-19T05:45:23.764+00:00,2026-09-19T05:45:34.092+00:00,2026-09-19T05:45:39.498+00:00,True,56,56.0,,56.0,10328.542318,15734.291822,15734.291833,280.9694970178571,0.0,10328.542318,1368.0763813206433,253.77781825000002,98.28635461818182,52.805105353617805,3.559105210041909,24,64,,False,True,,267,56.69694568066818
8,2026-09-19T05:45:24.268+00:00,2026-09-19T05:45:37.177+00:00,2026-09-19T05:45:37.750+00:00,True,7,7.0,,7.0,12909.268454,13482.24151,13482.241318999999,1926.034474142857,48.428677,12909.268454,4843.196890434512,9068.6645018,95.49550933333333,23.1081830690285,0.519201498861149,24,64,,False,True,,30,56.69694568066818
9,2026-09-19T05:45:24.628+00:00,2026-09-19T05:45:38.926+00:00,2026-09-19T05:45:47.642+00:00,True,90,90.0,,90.0,14297.938198999998,23014.037271,23014.037130999997,255.71152367777776,0.0,14297.938198999998,1497.6682925935922,130.3599366,97.93369743820224,50.92730733784693,3.9106567413710174,24,64,,False,True,,340,56.69694568066818
10,2026-09-19T05:45:25.066+00:00,2026-09-19T05:45:41.379+00:00,2026-09-19T05:45:44.047+00:00,True,28,28.0,,28.0,16312.742354,18981.07285,18981.072858,677.8954592142857,0.0,16312.742354,3064.4996827168707,231.68584975,98.8270554074074,47.71346200410231,1.4751537081846244,24,64,,False,True,,118,56.69694568066818
11,2026-09-19T05:45:25.569+00:00,2026-09-19T05:45:44.348+00:00,2026-09-19T05:45:44.707+00:00,True,5,5.0,,5.0,18778.830049,19138.542049,19138.54222,3827.708444,46.776241,18778.830049,8357.968851471926,15044.9518242,89.928,29.021517616891458,0.26125292026940233,24,64,,False,True,,12,56.69694568066818
12,2026-09-19T05:45:26.072+00:00,2026-09-19T05:45:47.325+00:00,2026-09-19T05:45:52.914+00:00,True,57,57.0,,57.0,21252.905485,26842.016269,26842.016223,470.91256531578944,0.0,21252.905485,2802.771450178095,174.31122599999998,99.80554971428572,74.58780020824582,2.1235364522831928,24,64,,False,True,,180,56.69694568066818
13,2026-09-19T05:45:26.464+00:00,2026-09-19T05:45:49.412+00:00,2026-09-19T05:45:55.359+00:00,True,61,61.0,,61.0,22947.588206,28894.258798000003,28894.258771,473.676373295082,0.0,22947.588206,2926.698492827905,377.68218,99.11117653333334,86.2776101721268,2.1111460386110434,24,64,,False,True,,269,56.69694568066818
14,2026-09-19T05:45:26.942+00:00,2026-09-19T05:45:52.229+00:00,2026-09-19T05:45:52.229+00:00,True,1,1.0,,1.0,25287.166374,25287.166374,25287.166374,25287.166374,25287.166374,25287.166374,nan,25287.166374,nan,nan,0.03954575159627966,24,64,,False,True,,1,56.69694568066818
15,2026-09-19T05:45:27.346+00:00,2026-09-19T05:45:54.294+00:00,2026-09-19T05:46:00.230+00:00,True,67,67.0,,67.0,26947.889325,32883.660973,32883.660845,490.8009081343284,0.0,26947.889325,3281.887035573133,115.2817208,89.93593406060606,66.61005942604795,2.0374860346301507,24,64,,False,True,,86,56.69694568066818
16,2026-09-19T05:45:27.703+00:00,2026-09-19T05:45:55.719+00:00,2026-09-19T05:45:59.848+00:00,True,46,46.0,,46.0,28015.940547,32145.025219,32145.025336,698.8048986086956,0.0,28015.940547,4117.914926734768,113.66786275,91.75743715555556,77.80404209337611,1.4310145873772944,24,64,,False,True,,160,56.69694568066818
17,2026-09-19T05:45:28.105+00:00,2026-09-19T05:45:58.119+00:00,2026-09-19T05:46:01.343+00:00,True,35,35.0,,35.0,30014.340070000002,33238.247910000006,33238.247829,949.6642236857143,0.0,30014.340070000002,5058.049434662865,241.46528720000003,94.82081882352941,87.08240276412427,1.0530037592465864,24,64,,False,True,,129,56.69694568066818
18,2026-09-19T05:45:28.564+00:00,2026-09-19T05:46:01.021+00:00,2026-09-19T05:46:04.994+00:00,True,40,40.0,,40.0,32457.517147,36429.868891,36429.869074999995,910.7467268749999,45.540913999999994,32457.517147,5115.903937118457,116.86714424999998,101.85517292307692,16.067867170328487,1.0980001086383817,24,64,,False,True,,140,56.69694568066818
19,2026-09-19T05:45:29.003+00:00,2026-09-19T05:46:03.199+00:00,2026-09-19T05:46:10.266+00:00,True,72,72.0,,72.0,34195.77585,41262.597482,41262.597337,573.0916296805556,0.0,34195.77585,4019.2737662051823,110.939476,99.53269904225353,89.9727927477297,1.744921657716982,24,64,,False,True,,341,56.69694568066818
20,2026-09-19T05:45:29.413+00:00,2026-09-19T05:46:05.996+00:00,2026-09-19T05:46:08.258+00:00,True,24,24.0,,24.0,36582.838788,38844.830212,38844.830078,1618.5345865833333,0.01754,36582.838788,7448.047346857964,468.7248384,98.34745321739129,103.0356383685061,0.6178428344008023,24,64,,False,True,,90,56.69694568066818
21,2026-09-19T05:45:29.729+00:00,2026-09-19T05:46:07.593+00:00,2026-09-19T05:46:14.910+00:00,True,76,76.0,,76.0,37864.078494,45180.928414,45180.928319,594.4858989342106,0.0,37864.078494,4332.880816057028,112.37761100000002,97.55799893333334,81.90137397438835,1.682125681517652,24,64,,False,True,,275,56.69694568066818
22,2026-09-19T05:45:30.224+00:00,2026-09-19T05:46:09.657+00:00,2026-09-19T05:46:15.925+00:00,True,66,66.0,,66.0,39433.556137,45700.989609,45700.989447,692.4392340454546,0.0,39433.556137,4842.841100623322,108.07372575000001,96.42205341538462,87.28859130114076,1.4441700401822912,24,64,,False,True,,311,56.69694568066818
23,2026-09-19T05:45:30.732+00:00,2026-09-19T05:46:12.584+00:00,2026-09-19T05:46:21.747+00:00,True,99,99.0,,99.0,41852.703882,51015.094410000005,51015.094608,515.303985939394,0.0,41852.703882,4197.5136552963095,112.19009980000001,93.49378089795918,68.61513987707112,1.9406021128639521,24,64,,False,True,,393,56.69694568066818
24,2026-09-19T05:45:31.125+00:00,2026-09-19T05:46:14.253+00:00,2026-09-19T05:46:22.777+00:00,True,87,87.0,,87.0,43127.408353,51652.018913,51652.018985,593.7013676436782,0.0,43127.408353,4614.581129647644,113.39417529999999,99.12337860465117,116.94187082413572,1.6843484888081204,24,64,,False,True,,376,56.69694568066818
25,2026-09-19T05:45:31.587+00:00,2026-09-19T05:46:16.656+00:00,2026-09-19T05:46:26.264+00:00,True,96,96.0,,96.0,45069.333619000005,54677.082227000006,54677.082199000004,569.5529395729167,0.0,45069.333619000005,4590.86133642061,114.99567425,101.1341958736842,110.40208415530627,1.7557630380026823,24,64,,False,True,,475,56.69694568066818
26,2026-09-19T05:45:31.976+00:00,2026-09-19T05:46:18.928+00:00,2026-09-19T05:46:26.709+00:00,True,77,77.0,,77.0,46951.767653999996,54733.472102,54733.47197,710.8243112987012,0.0,46951.767653999996,5340.580502336157,116.84965039999999,102.390848,131.52586225174502,1.4068173832733402,24,64,,False,True,,266,56.69694568066818
27,2026-09-19T05:45:32.355+00:00,2026-09-19T05:46:21.112+00:00,2026-09-19T05:46:26.376+00:00,True,53,53.0,,53.0,48756.92086,54020.759836,54020.759885,1019.2596204716981,0.01626,48756.92086,6684.646911745285,117.81128280000001,101.2276726153846,131.74745697994888,0.9811043043618992,24,64,,False,True,,174,56.69694568066818
28,2026-09-19T05:45:32.640+00:00,2026-09-19T05:46:23.117+00:00,2026-09-19T05:46:27.848+00:00,True,46,46.0,,46.0,50477.080103,55208.371239,55208.371246,1200.1819836086956,46.71707,50477.080103,7426.948142746455,116.92376875,105.13980302222222,12.767084205421638,0.8332069750955617,24,64,,False,True,,156,56.69694568066818
29,2026-09-19T05:45:32.942+00:00,2026-09-19T05:46:24.445+00:00,2026-09-19T05:46:28.487+00:00,True,39,39.0,,39.0,51503.91712,55545.70272,55545.702618999996,1424.2487851025642,46.183631999999996,51503.91712,8230.203794956293,119.15674050000001,106.36277894736843,11.850974700728191,0.7021245225142774,24,64,,False,True,,172,56.69694568066818
30,2026-09-19T05:45:33.352+00:00,2026-09-19T05:46:26.816+00:00,2026-09-19T05:46:28.179+00:00,True,14,14.0,,14.0,53463.824107,54826.844139,54826.84407,3916.203147857143,47.599408000000004,53463.824107,14260.796157892413,18787.4885703,104.84769476923077,17.448517475260097,0.2553493679940147,24,64,,False,True,,44,56.69694568066818
31,2026-09-19T05:45:33.696+00:00,2026-09-19T05:46:28.387+00:00,2026-09-19T05:46:32.109+00:00,True,38,38.0,,38.0,54690.522925,58412.817708999995,58412.817762,1537.1794147894736,0.0,54690.522925,8856.52399058724,217.2808309,100.60256172972973,125.81369290897119,0.6505421496581071,24,64,,False,True,,168,56.69694568066818
32,2026-09-19T05:45:34.209+00:00,2026-09-19T05:46:31.084+00:00,2026-09-19T05:46:33.234+00:00,True,22,22.0,,22.0,56875.449581,59025.273837,59025.273977000004,2682.9669989545455,49.331904,56875.449581,12104.07333335838,114.79650815000001,102.37258361904762,17.931089214732356,0.3727216930963105,24,64,,False,True,,86,56.69694568066818
33,2026-09-19T05:45:34.694+00:00,2026-09-19T05:46:33.985+00:00,2026-09-19T05:46:36.257+00:00,True,23,23.0,,23.0,59291.322685,61563.392573,61563.392595,2676.6692432608697,52.233097,59291.322685,12341.566656498748,112.65672299999999,103.275904,12.20749007917833,0.37359864423857575,24,64,,False,True,,102,56.69694568066818
34,2026-09-19T05:45:35.103+00:00,2026-09-19T05:46:36.253+00:00,2026-09-19T05:46:38.249+00:00,True,21,21.0,,21.0,61150.283798000004,63146.423318,63146.423266000005,3006.9725364761907,0.01618,61150.283798000004,13323.192051074322,739.390095,99.806976,157.62247819623855,0.33256040321152935,24,64,,False,True,,107,56.69694568066818
35,2026-09-19T05:45:35.423+00:00,2026-09-19T05:46:37.952+00:00,2026-09-19T05:46:41.791+00:00,True,40,40.0,,40.0,62528.40218,66367.53126799999,66367.531174,1659.18827935,0.0,62528.40218,9871.9992545223,153.77425755000002,98.43920738461539,139.13567108085704,0.6027043531041593,24,64,,False,True,,162,56.69694568066818
36,2026-09-19T05:45:35.787+00:00,2026-09-19T05:46:39.801+00:00,2026-09-19T05:46:41.792+00:00,True,21,21.0,,21.0,64014.342828,66005.245356,66005.245448,3143.106926095238,50.238932,64014.342828,13947.362042460534,111.22131900000001,99.5451264,16.906268712607833,0.3181565326624615,24,64,,False,True,,99,56.69694568066818
37,2026-09-19T05:45:36.288+00:00,2026-09-19T05:46:42.715+00:00,2026-09-19T05:46:51.334+00:00,True,82,82.0,,82.0,66426.538973,75045.991901,75045.99190000001,915.1950231707317,0.0,66426.538973,7324.598128865586,111.12967054999999,106.4129991111111,106.54660901165074,1.0926632845118984,24,64,,False,True,,375,56.69694568066818
38,2026-09-19T05:45:36.715+00:00,2026-09-19T05:46:44.648+00:00,2026-09-19T05:46:44.758+00:00,True,2,2.0,,2.0,67932.65484199999,68043.171578,68043.171603,34021.5858015,110.516761,67932.65484199999,47957.493751645474,64541.54793794999,110.516736,nan,0.029393103725439046,24,64,,False,True,,8,56.69694568066818
39,2026-09-19T05:45:37.104+00:00,2026-09-19T05:46:45.382+00:00,2026-09-19T05:46:53.119+00:00,True,80,80.0,,80.0,68277.185088,76014.49580799999,76014.495795,950.1811974375,0.0,68277.185088,7623.491378001872,110.25166089999999,97.94064202531646,112.53411725685913,1.052430844270371,24,64,,False,True,,283,56.69694568066818
40,2026-09-19T05:45:37.403+00:00,2026-09-19T05:46:48.182+00:00,2026-09-19T05:46:54.178+00:00,True,62,62.0,,62.0,70779.580052,76774.849172,76774.84919600001,1238.3040192903227,0.0,70779.580052,8977.446986627392,114.72752915000001,98.28310032786885,129.1147224515995,0.8075561289752631,24,64,,False,True,,282,56.69694568066818
41,2026-09-19T05:45:37.717+00:00,2026-09-19T05:46:50.311+00:00,2026-09-19T05:46:52.231+00:00,True,21,21.0,,21.0,72593.66098999999,74513.86271799999,74513.86255499999,3548.2791692857136,0.0,72593.66098999999,15821.797804162918,1025.834783,96.0100864,224.51429951808558,0.28182675322409667,24,64,,False,True,,79,56.69694568066818
42,2026-09-19T05:45:38.133+00:00,2026-09-19T05:46:52.137+00:00,2026-09-19T05:47:00.550+00:00,True,84,84.0,,84.0,74003.314127,82416.501199,82416.500979,981.1488211785714,0.01696,74003.314127,8063.891598031173,114.8497493,101.3636996626506,92.81626828232226,1.0192133708415567,24,64,,False,True,,353,56.69694568066818
43,2026-09-19T05:45:38.640+00:00,2026-09-19T05:46:55.669+00:00,2026-09-19T05:47:02.255+00:00,True,71,71.0,,71.0,77029.791757,83615.795981,83615.796027,1177.6872679859155,0.01774,77029.791757,9130.641274421203,114.6783005,94.08577462857144,31.276404140294872,0.8491218575032559,24,64,,False,True,,337,56.69694568066818
44,2026-09-19T05:45:39.090+00:00,2026-09-19T05:46:57.446+00:00,2026-09-19T05:47:00.559+00:00,True,32,32.0,,32.0,78356.611598,81469.00737400001,81469.007236,2545.906476125,46.661551,78356.611598,13833.888335057334,117.30128984999999,100.39986374193548,19.890018521121107,0.392787405069237,24,64,,False,True,,100,56.69694568066818
45,2026-09-19T05:45:39.401+00:00,2026-09-19T05:46:59.545+00:00,2026-09-19T05:47:04.857+00:00,True,54,54.0,,54.0,80143.473071,85455.645103,85455.645019,1582.5119447962963,0.0,80143.473071,10893.647740690934,115.65083065,100.22966098113207,159.2412378277426,0.6319067620976192,24,64,,False,True,,244,56.69694568066818
46,2026-09-19T05:45:39.769+00:00,2026-09-19T05:47:02.051+00:00,2026-09-19T05:47:05.665+00:00,True,39,39.0,,39.0,82281.453108,85895.913012,85895.912979,2202.459307153846,0.0,82281.453108,13161.699378853084,222.1387949,95.11736589473684,191.261109630337,0.4540379004359793,24,64,,False,True,,158,56.69694568066818
47,2026-09-19T05:45:40.123+00:00,2026-09-19T05:47:04.847+00:00,2026-09-19T05:47:04.847+00:00,True,3,3.0,,3.0,84724.139133,84724.139133,84724.139133,28241.379711,0.0,84724.139133,48915.50453529686,76251.7252197,0.0,0.0,0.035409034906694045,24,64,,False,True,,8,56.69694568066818
48,2026-09-19T05:45:40.493+00:00,2026-09-19T05:47:05.928+00:00,2026-09-19T05:47:08.949+00:00,True,32,32.0,,32.0,85434.34678200001,88455.83823800001,88455.83821300001,2764.2449441562503,47.811048,85434.34678200001,15085.583000188477,112.01250575,97.46746632258065,18.924818795855643,0.36176244143321024,24,64,,False,True,,145,56.69694568066818
49,2026-09-19T05:45:40.855+00:00,2026-09-19T05:47:07.993+00:00,2026-09-19T05:47:14.889+00:00,True,72,72.0,,72.0,87138.422058,94034.439978,94034.439849,1306.0338867916666,45.310854,87138.422058,10257.931957619512,110.00108455000002,97.12701295774647,18.787503929359215,0.7656769159984884,24,64,,False,True,,125,56.69694568066818
50,2026-09-19T05:45:41.207+00:00,2026-09-19T05:47:10.185+00:00,2026-09-19T05:47:12.408+00:00,True,23,23.0,,23.0,88978.05722599999,91201.02913,91201.02908099999,3965.262133956521,52.735926,88978.05722599999,18532.141666370935,110.08138439999999,101.04417745454545,11.433972661256574,0.25219013666189316,24,64,,False,True,,98,56.69694568066818
51,2026-09-19T05:45:41.591+00:00,2026-09-19T05:47:11.896+00:00,2026-09-19T05:47:20.405+00:00,True,87,87.0,,87.0,90305.876045,98814.15457299999,98814.154542,1135.7948797931035,0.0,90305.876045,9672.842454990723,111.2525056,98.93347125581396,179.32518599002003,0.8804406653677114,24,64,,False,True,,343,56.69694568066818
52,2026-09-19T05:45:42.062+00:00,2026-09-19T05:47:15.195+00:00,2026-09-19T05:47:20.675+00:00,True,57,57.0,,57.0,93132.51035600001,98613.12885200001,98613.12868700002,1730.0548892456143,0.0,93132.51035600001,12324.60436551084,329.2016716,97.86818742857143,216.3388367924951,0.5780163418762061,24,64,,False,True,,190,56.69694568066818
53,2026-09-19T05:45:42.494+00:00,2026-09-19T05:47:17.500+00:00,2026-09-19T05:47:26.459+00:00,True,96,96.0,,96.0,95006.460231,103965.13235900001,103965.132112,1082.9701261666667,0.0,95006.460231,9687.853597468864,113.10806725,94.30181187368422,134.36311210121835,0.923386502972018,24,64,,False,True,,461,56.69694568066818
54,2026-09-19T05:45:42.933+00:00,2026-09-19T05:47:20.401+00:00,2026-09-19T05:47:24.583+00:00,True,50,50.0,,50.0,97468.102028,101649.91809199999,101649.91806699999,2032.99836134,0.0,97468.102028,13772.05371428637,111.6804613,85.34318497959183,38.195334738302954,0.49188431174874775,24,64,,False,True,,260,56.69694568066818
55,2026-09-19T05:45:43.301+00:00,2026-09-19T05:47:21.500+00:00,2026-09-19T05:47:26.459+00:00,True,50,50.0,,50.0,98199.63385500001,103158.500287,103158.500291,2063.1700058200004,47.926107,98199.63385500001,13873.224688869355,115.68374085,101.20135575510204,17.9062914854389,0.48469103235209576,24,64,,False,True,,209,56.69694568066818
56,2026-09-19T05:45:43.590+00:00,2026-09-19T05:47:22.930+00:00,2026-09-19T05:47:27.869+00:00,True,51,51.0,,51.0,99340.224255,104279.37279899999,104279.37280699999,2044.6935844509803,45.285153,99340.224255,13896.595351663595,113.48062900000001,98.78297088,19.910091072765347,0.489070835689655,24,64,,False,True,,213,56.69694568066818
57,2026-09-19T05:45:43.971+00:00,2026-09-19T05:47:25.226+00:00,2026-09-19T05:47:26.354+00:00,True,12,12.0,,12.0,101254.809167,102383.24999899999,102383.25005,8531.937504166666,47.965797,101254.809167,29200.13706744959,45626.98921435,102.58553018181819,18.44476301092651,0.11720667199094782,24,64,,False,True,,55,56.69694568066818
58,2026-09-19T05:45:44.403+00:00,2026-09-19T05:47:27.556+00:00,2026-09-19T05:47:30.940+00:00,True,36,36.0,,36.0,103152.565157,106537.319333,106537.319354,2959.3699820555557,45.935432,103152.565157,17175.985453350953,109.1808425,96.70726217142858,17.975771887818766,0.3379097599356339,24,64,,True,True,,200,56.69694568066818
59,2026-09-19T05:45:44.760+00:00,2026-09-19T05:47:29.705+00:00,2026-09-19T05:47:33.717+00:00,True,42,42.0,,42.0,104944.792327,108957.300487,108957.300552,2594.221441714286,43.883026,104944.792327,16178.240737408656,112.92701530000001,97.86605268292683,17.064630953013612,0.3854721052400811,24,64,,True,True,,106,56.69694568066818
60,2026-09-19T05:45:45.236+00:00,2026-09-19T05:47:32.275+00:00,2026-09-19T05:47:33.140+00:00,True,10,10.0,,10.0,107038.877956,107904.250628,107904.250563,10790.4250563,48.989004,107038.877956,33818.26340199957,58920.342427150004,96.1525191111111,17.968303833995883,0.09267475508888903,24,64,,True,True,,45,56.69694568066818
61,2026-09-19T05:45:45.676+00:00,2026-09-19T05:47:34.887+00:00,2026-09-19T05:47:44.279+00:00,True,97,97.0,,97.0,109210.485556,118603.093044,118603.093257,1222.7123016185567,44.157754999999995,109210.485556,11078.727329563866,112.8821736,97.83966133333332,19.32098202983361,0.8178538814667712,24,64,,True,True,,522,56.69694568066818
62,2026-09-19T05:45:46.137+00:00,2026-09-19T05:47:36.859+00:00,2026-09-19T05:47:45.946+00:00,True,94,94.0,,94.0,110722.03717499999,119808.97349499998,119808.973307,1274.5635458191489,43.283637999999996,110722.03717499999,11410.044863540223,113.14467315000002,97.70899268817205,19.57998514165521,0.7845823001223103,24,64,,True,True,,520,56.69694568066818
63,2026-09-19T05:45:46.497+00:00,2026-09-19T05:47:38.591+00:00,2026-09-19T05:47:39.062+00:00,True,6,6.0,,6.0,112093.245708,112564.92878,112564.928914,18760.821485666667,43.740336000000006,112093.245708,45723.370310544815,84097.77559300001,94.3366144,28.58905341457777,0.053302570036947876,24,64,,True,True,,25,56.69694568066818
64,2026-09-19T05:45:46.818+00:00,2026-09-19T05:47:40.538+00:00,2026-09-19T05:47:43.233+00:00,True,27,27.0,,27.0,113719.786709,116415.38837300001,116415.388405,4311.681052037037,48.520116,113719.786709,21865.43361918169,113.2423683,103.67698707692307,11.890432986544425,0.23192810140778652,24,64,,True,True,,123,56.69694568066818
65,2026-09-19T05:45:47.196+00:00,2026-09-19T05:47:42.822+00:00,2026-09-19T05:47:52.181+00:00,True,94,94.0,,94.0,115625.806859,124984.706059,124984.70604,1329.6245323404255,44.390695,115625.806859,11915.521140859038,110.80311565,100.6333247311828,14.96365532703077,0.7520920196077956,24,64,,True,True,,511,56.69694568066818
66,2026-09-19T05:45:47.673+00:00,2026-09-19T05:47:45.424+00:00,2026-09-19T05:47:52.990+00:00,True,76,76.0,,76.0,117751.61352599999,125317.35867799999,125317.35874899999,1648.912615118421,45.393702,117751.61352599999,13495.472608993177,111.07513825,100.87660202666667,14.3553467366926,0.6064602765470043,24,64,,True,True,,327,56.69694568066818
67,2026-09-19T05:45:48.070+00:00,2026-09-19T05:47:47.483+00:00,2026-09-19T05:47:50.918+00:00,True,36,36.0,,36.0,119413.509461,122848.275541,122848.27559399999,3412.4520998333332,45.157153,119413.509461,19885.906210850608,111.60622475,98.13617371428572,20.894207079076086,0.2930444065369496,24,64,,True,True,,119,56.69694568066818
68,2026-09-19T05:45:48.362+00:00,2026-09-19T05:47:49.013+00:00,2026-09-19T05:47:50.918+00:00,True,21,21.0,,21.0,120650.681742,122556.165774,122556.165574,5836.00788447619,46.867619,120650.681742,26307.35701994729,113.251133,95.2742016,23.916370801622712,0.17135000811566758,24,64,,True,True,,56,56.69694568066818
69,2026-09-19T05:45:48.780+00:00,2026-09-19T05:47:51.331+00:00,2026-09-19T05:47:55.593+00:00,True,44,44.0,,44.0,122551.88111300001,126813.03746500002,126813.03744600002,2882.114487409091,48.674675,122551.88111300001,18460.457000627637,110.98825699999999,99.0966593488372,13.961358285097756,0.3469674796816049,24,64,,True,True,,214,56.69694568066818
70,2026-09-19T05:45:49.059+00:00,2026-09-19T05:47:52.883+00:00,2026-09-19T05:48:02.330+00:00,True,97,97.0,,97.0,123824.311161,133271.03295300002,133271.032965,1373.9281748969072,41.615592,123824.311161,12562.473516143724,110.28899599999998,98.403352,16.646311691616106,0.7278400853560465,24,64,,True,True,,195,56.69694568066818
71,2026-09-19T05:45:49.347+00:00,2026-09-19T05:47:54.157+00:00,2026-09-19T05:48:00.368+00:00,True,64,64.0,,64.0,124809.672406,131020.23087,131020.230889,2047.191107640625,46.56222,124809.672406,15588.895467745937,112.75716619999999,98.58029307936508,16.8421482711055,0.4884741812392442,24,64,,True,True,,227,56.69694568066818
72,2026-09-19T05:45:49.648+00:00,2026-09-19T05:47:55.588+00:00,2026-09-19T05:48:03.594+00:00,True,81,81.0,,81.0,125940.07984,133945.739232,133945.739286,1653.6511022962964,45.508131999999996,125940.07984,13982.231278998523,110.658138,100.0707424,15.09471306800229,0.6047224828831949,24,64,,True,True,,317,56.69694568066818
73,2026-09-19T05:45:50.019+00:00,2026-09-19T05:47:57.322+00:00,2026-09-19T05:48:03.903+00:00,True,67,67.0,,67.0,127303.863941,133883.94560500002,133883.9457,1998.2678462686567,46.205032,127303.863941,15540.470654605899,112.16011629999998,99.69820703030302,16.288807986868115,0.5004334141575958,24,64,,True,True,,281,56.69694568066818
74,2026-09-19T05:45:50.517+00:00,2026-09-19T05:48:00.573+00:00,2026-09-19T05:48:05.019+00:00,True,46,46.0,,46.0,130056.586318,134502.009422,134502.009506,2923.9567283913043,46.59847,130056.586318,19161.240230082174,111.87430349999998,98.78718008888889,17.826258924072665,0.34200232544983783,24,64,,True,True,,163,56.69694568066818
75,2026-09-19T05:45:50.837+00:00,2026-09-19T05:48:02.072+00:00,2026-09-19T05:48:07.508+00:00,True,56,56.0,,56.0,131235.790086,136671.262214,136671.26212899998,2440.5582523035714,45.250623,131235.790086,17523.9236785493,111.72376425,98.82676596363636,18.741440708127005,0.409742319583726,24,64,,True,True,,240,56.69694568066818
76,2026-09-19T05:45:51.350+00:00,2026-09-19T05:48:04.699+00:00,2026-09-19T05:48:10.367+00:00,True,57,57.0,,57.0,133348.83542299998,139017.68815899998,139017.68816499997,2438.9068099122806,46.68636,133348.83542299998,17649.084235425362,112.74638180000002,101.22951314285714,16.61658161576078,0.4100197662243301,24,64,,True,True,,278,56.69694568066818
77,2026-09-19T05:45:51.794+00:00,2026-09-19T05:48:06.981+00:00,2026-09-19T05:48:13.978+00:00,True,70,70.0,,70.0,135186.513353,142183.549897,142183.549928,2031.1935703999998,44.599163999999995,135186.513353,16145.76557956654,112.45841544999999,101.4063267246377,15.272282527575772,0.4923213694601739,24,64,,True,True,,404,56.69694568066818
78,2026-09-19T05:45:52.263+00:00,2026-09-19T05:48:07.924+00:00,2026-09-19T05:48:09.198+00:00,True,14,14.0,,14.0,135661.379919,136935.395663,136935.395652,9781.09968942857,47.406298,135661.379919,36230.84326880166,47555.23158945,98.00121107692307,22.268912368389564,0.10223799283024093,24,64,,True,True,,55,56.69694568066818
79,2026-09-19T05:45:52.727+00:00,2026-09-19T05:48:12.364+00:00,2026-09-19T05:48:19.994+00:00,True,76,76.0,,76.0,139637.613289,147267.552489,147267.552299,1937.7309513026316,49.565204,139637.613289,16005.869374218613,112.76898625,101.73252266666667,14.102956305030322,0.5160675159972985,24,64,,True,True,,260,56.69694568066818
80,2026-09-19T05:45:53.222+00:00,2026-09-19T05:48:14.908+00:00,2026-09-19T05:48:21.237+00:00,True,64,64.0,,64.0,141686.346067,148015.296851,148015.296819,2312.739012796875,48.946925,141686.346067,17698.24326244294,112.31014114999999,100.45953625396825,16.365042674385098,0.4323877420887503,24,64,,True,True,,303,56.69694568066818
81,2026-09-19T05:45:53.535+00:00,2026-09-19T05:48:16.682+00:00,2026-09-19T05:48:21.961+00:00,True,53,53.0,,53.0,143147.264289,148426.67420900002,148426.674379,2800.5032901698114,47.245017999999995,143147.264289,19648.84892919764,112.262857,101.52711384615384,15.24558122056535,0.3570786739138987,24,64,,True,True,,210,56.69694568066818
82,2026-09-19T05:45:53.882+00:00,2026-09-19T05:48:18.929+00:00,2026-09-19T05:48:22.271+00:00,True,34,34.0,,34.0,145046.169147,148388.13676300002,148388.13688900002,4364.35696732353,46.401731,145046.169147,24857.848653514375,112.2944254,101.27174593939394,14.006072908956462,0.22912882890566602,24,64,,True,True,,159,56.69694568066818
83,2026-09-19T05:45:54.378+00:00,2026-09-19T05:48:21.546+00:00,2026-09-19T05:48:27.953+00:00,True,67,67.0,,67.0,147167.922693,153574.481413,153574.481462,2292.156439731343,45.054743,147167.922693,17967.576155684634,112.3413753,97.06907151515152,20.651017657151463,0.436270397162015,24,64,,True,True,,285,56.69694568066818
84,2026-09-19T05:45:54.803+00:00,2026-09-19T05:48:23.518+00:00,2026-09-19T05:48:33.198+00:00,True,100,100.0,,100.0,148714.390581,158394.45458100003,158394.45444300002,1583.9445444300002,45.554133,148714.390581,14861.673702576732,112.0989759,97.77842424242425,19.363238936343688,0.6313352337020223,24,64,,True,True,,508,56.69694568066818
85,2026-09-19T05:45:55.157+00:00,2026-09-19T05:48:26.043+00:00,2026-09-19T05:48:26.671+00:00,True,7,7.0,,7.0,150885.903024,151514.208688,151514.208801,21644.886971571428,100.090694,150885.903024,56989.9313359348,105652.64591130002,104.71761066666667,2.831083096381218,0.04620028748864398,24,64,,True,True,,32,56.69694568066818
86,2026-09-19T05:45:55.447+00:00,2026-09-19T05:48:27.524+00:00,2026-09-19T05:48:30.043+00:00,True,27,27.0,,27.0,152076.48131600002,154595.32138,154595.32146,5725.752646666668,47.208158000000005,152076.48131600002,29248.495040637532,113.90395819999999,96.878464,20.39202691081071,0.1746495285820014,24,64,,True,True,,98,56.69694568066818
87,2026-09-19T05:45:55.813+00:00,2026-09-19T05:48:29.253+00:00,2026-09-19T05:48:33.402+00:00,True,42,42.0,,42.0,153440.032016,157589.363472,157589.36347200003,3752.127701714286,46.59513,153440.032016,23660.699956383603,112.29494104999999,101.20320624390244,15.560308240767522,0.26651544923247583,24,64,,True,True,,119,56.69694568066818
88,2026-09-19T05:45:56.299+00:00,2026-09-19T05:48:32.021+00:00,2026-09-19T05:48:34.416+00:00,True,24,24.0,,24.0,155722.621204,158117.411348,158117.411392,6588.225474666667,45.976062,155722.621204,31765.49594500621,113.45853014999999,104.12131060869565,13.322769141792195,0.15178594055766884,24,64,,True,True,,67,56.69694568066818
89,2026-09-19T05:45:56.580+00:00,2026-09-19T05:48:33.407+00:00,2026-09-19T05:48:38.907+00:00,True,56,56.0,,56.0,156827.056239,162326.579823,162326.579809,2898.6889251607145,48.909425000000006,156827.056239,20943.54366859714,112.96982075,99.9913378909091,19.227088393373034,0.34498355143724513,24,64,,True,True,,261,56.69694568066818
90,2026-09-19T05:45:57.046+00:00,2026-09-19T05:48:35.842+00:00,2026-09-19T05:48:41.321+00:00,True,55,55.0,,55.0,158796.540794,164275.87929,164275.879343,2986.834169872727,48.594675,158796.540794,21398.446570486496,113.2840357,101.4692314074074,18.067663187945488,0.3348026517204466,24,64,,True,True,,240,56.69694568066818
91,2026-09-19T05:45:57.445+00:00,2026-09-19T05:48:37.930+00:00,2026-09-19T05:48:40.037+00:00,True,21,21.0,,21.0,160485.107632,162591.386544,162591.386737,7742.446987476191,55.825939,160485.107632,34997.74240692118,119.73354799999998,105.3139456,12.71513531884222,0.1291581334434161,24,64,,True,True,,105,56.69694568066818
92,2026-09-19T05:45:57.897+00:00,2026-09-19T05:48:40.573+00:00,2026-09-19T05:48:46.357+00:00,True,58,58.0,,58.0,162676.20844699998,168460.506943,168460.50701799997,2904.4915003103447,47.195929,162676.20844699998,21347.11191974361,113.15158055000002,101.47892098245615,13.368796950551989,0.3442943456155263,24,64,,True,True,,190,56.69694568066818
93,2026-09-19T05:45:58.249+00:00,2026-09-19T05:48:42.382+00:00,2026-09-19T05:48:48.131+00:00,True,60,60.0,,60.0,164132.588693,169882.032533,169882.032476,2831.3672079333332,45.471673,164132.588693,21176.8534827813,109.8647675,97.4482006779661,18.45516992320498,0.35318626169806894,24,64,,True,True,,248,56.69694568066818
94,2026-09-19T05:45:58.670+00:00,2026-09-19T05:48:44.552+00:00,2026-09-19T05:48:47.668+00:00,True,33,33.0,,33.0,165881.464539,168997.434075,168997.43415800002,5121.134368424243,50.177762,165881.464539,28859.3114253495,114.6159584,97.374048,18.19812626128274,0.195269236959863,24,64,,True,True,,173,56.69694568066818
95,2026-09-19T05:45:58.969+00:00,2026-09-19T05:48:46.354+00:00,2026-09-19T05:48:56.030+00:00,True,98,98.0,,98.0,167385.413684,177061.323316,177061.323391,1806.748197867347,47.956777,167385.413684,16898.411397305525,111.16790135,99.75164569072165,16.19441597636996,0.5534805578353221,24,64,,True,True,,423,56.69694568066818
96,2026-09-19T05:45:59.316+00:00,2026-09-19T05:48:48.438+00:00,2026-09-19T05:48:55.302+00:00,True,68,68.0,,68.0,169122.65403799998,175986.373462,175986.37347199998,2588.0349039999996,48.280147,169122.65403799998,20496.71437528191,110.00774435,102.44357349253733,11.50530133335993,0.38639355230922445,24,64,,True,True,,315,56.69694568066818
97,2026-09-19T05:45:59.655+00:00,2026-09-19T05:48:49.956+00:00,2026-09-19T05:48:52.308+00:00,True,24,24.0,,24.0,170300.976799,172653.073311,172653.073255,7193.878052291667,58.513023000000004,170300.976799,34741.667900427805,109.07252464999999,102.26506573913043,9.89475873819588,0.13900708246744498,24,64,,True,True,,101,56.69694568066818
98,2026-09-19T05:46:00.101+00:00,2026-09-19T05:48:52.735+00:00,2026-09-19T05:48:54.151+00:00,True,15,15.0,,15.0,172634.463868,174049.75244399998,174049.75253899998,11603.316835933332,53.104375,172634.463868,44547.9271804663,51868.722659299994,101.09204114285716,14.303223797047105,0.08618225415072743,24,64,,True,True,,58,56.69694568066818
99,2026-09-19T05:46:00.568+00:00,2026-09-19T05:48:54.677+00:00,2026-09-19T05:48:57.690+00:00,True,31,31.0,,31.0,174108.275092,177122.02075599998,177122.020861,5713.61357616129,47.283457999999996,174108.275092,31252.731179921895,113.49694800000002,100.4581888,17.378337602038393,0.17502058675530258,24,64,,True,True,,118,56.69694568066818
100,2026-09-19T05:46:00.989+00:00,2026-09-19T05:48:57.476+00:00,2026-09-19T05:48:59.710+00:00,True,24,24.0,,24.0,176487.773083,178721.550491,178721.550418,7446.731267416667,47.247169,176487.773083,36005.59621868994,111.71342709999999,97.12075686956521,19.565961142699447,0.13428710714552908,24,64,,True,True,,110,56.69694568066818
101,2026-09-19T05:46:01.269+00:00,2026-09-19T05:48:58.578+00:00,2026-09-19T05:49:00.540+00:00,True,21,21.0,,21.0,177309.127674,179271.11525799998,179271.11520899998,8536.719771857142,49.359944000000006,177309.127674,38670.619983209115,109.22499400000001,98.0993792,16.295261014914367,0.1171410127603525,24,64,,True,True,,99,56.69694568066818
102,2026-09-19T05:46:01.693+00:00,2026-09-19T05:49:00.689+00:00,2026-09-19T05:49:01.104+00:00,True,5,5.0,,5.0,178996.66478400002,179411.27675200003,179411.27660900002,35882.2553218,102.724248,178996.66478400002,80003.38703673304,143218.4236036,103.652992,1.2588782148097832,0.02786892825533756,24,64,,True,True,,26,56.69694568066818
103,2026-09-19T05:46:01.973+00:00,2026-09-19T05:49:02.620+00:00,2026-09-19T05:49:09.066+00:00,True,64,64.0,,64.0,180647.258255,187093.387663,187093.387759,2923.334183734375,43.047548,180647.258255,22568.12314757969,114.48931864999999,102.31951441269842,16.317230422511663,0.34207515722190746,24,64,,True,True,,253,56.69694568066818
104,2026-09-19T05:46:02.299+00:00,2026-09-19T05:49:04.634+00:00,2026-09-19T05:49:09.763+00:00,True,52,52.0,,52.0,182335.238836,187464.063156,187464.06325900002,3605.078139596154,42.66221,182335.238836,25271.409495668217,115.38687900000001,100.56518274509804,19.249239270556465,0.2773864981083212,24,64,,True,True,,257,56.69694568066818
105,2026-09-19T05:46:02.632+00:00,2026-09-19T05:49:06.539+00:00,2026-09-19T05:49:12.347+00:00,True,59,59.0,,59.0,183907.04296000002,189714.310288,189714.31012600003,3215.4967817966103,47.147739,183907.04296000002,23929.62970485718,112.66515589999999,100.1252987586207,18.807464270778052,0.3109939356205325,24,64,,True,True,,255,56.69694568066818
106,2026-09-19T05:46:03.094+00:00,2026-09-19T05:49:08.641+00:00,2026-09-19T05:49:15.366+00:00,True,68,68.0,,68.0,185547.731428,192272.630756,192272.630917,2827.5386899558825,46.56135,185547.731428,22488.802826921485,113.04508925,100.37163176119404,18.090296641258675,0.3536644801323498,24,64,,True,True,,241,56.69694568066818
107,2026-09-19T05:46:03.420+00:00,2026-09-19T05:49:10.724+00:00,2026-09-19T05:49:12.349+00:00,True,17,17.0,,17.0,187304.508878,188928.970958,188928.970966,11113.46888035294,56.397546999999996,187304.508878,45403.39345111605,37550.6125252,101.52888,12.789601212134134,0.08998090612465783,24,64,,True,True,,68,56.69694568066818
108,2026-09-19T05:46:03.798+00:00,2026-09-19T05:49:12.458+00:00,2026-09-19T05:49:13.600+00:00,True,12,12.0,,12.0,188659.671792,189801.97272000002,189801.972614,15816.831051166668,97.012091,188659.671792,54431.37861238951,84956.13450025,103.8455389090909,3.23431838304399,0.06322378965840708,24,64,,True,True,,48,56.69694568066818
109,2026-09-19T05:46:04.138+00:00,2026-09-19T05:49:14.184+00:00,2026-09-19T05:49:24.064+00:00,True,100,100.0,,100.0,190045.27423100002,199925.70047100002,199925.70067700002,1999.25700677,46.94251,190045.27423100002,18994.555567778378,113.41389234999998,99.80228525252525,17.926074302937863,0.5001858178533949,24,64,,True,True,,360,56.69694568066818
110,2026-09-19T05:46:04.629+00:00,2026-09-19T05:49:17.025+00:00,2026-09-19T05:49:20.914+00:00,True,41,41.0,,41.0,192396.37734,196285.449724,196285.44961100002,4787.449990512196,49.596112999999995,192396.37734,30032.087775859753,110.48536,97.2268096,19.272216971901653,0.20887946639779326,24,64,,True,True,,208,56.69694568066818
111,2026-09-19T05:46:05.027+00:00,2026-09-19T05:49:19.135+00:00,2026-09-19T05:49:20.801+00:00,True,19,19.0,,19.0,194108.254094,195773.901966,195773.901996,10303.889578736842,46.532011,194108.254094,44510.26449292761,19515.3121487,92.5359928888889,24.062285352608583,0.0970507294853822,24,64,,True,True,,46,56.69694568066818
112,2026-09-19T05:46:05.306+00:00,2026-09-19T05:49:20.487+00:00,2026-09-19T05:49:26.788+00:00,True,62,62.0,,62.0,195180.642635,201481.81178699998,201481.81177,3249.706641451613,51.596248,195180.642635,24774.850344939823,112.85512965,103.29785495081967,11.840367233330422,0.3077200837639101,24,64,,True,True,,348,56.69694568066818
113,2026-09-19T05:46:05.745+00:00,2026-09-19T05:49:23.420+00:00,2026-09-19T05:49:23.635+00:00,True,3,3.0,,3.0,197674.807417,197889.575545,197889.575552,65963.19185066667,106.00569100000001,197674.807417,114065.60506226278,177918.2029197,107.384064,1.949578248545054,0.015159969855601621,24,64,,True,True,,15,56.69694568066818
114,2026-09-19T05:46:06.081+00:00,2026-09-19T05:49:25.117+00:00,2026-09-19T05:49:28.240+00:00,True,31,31.0,,31.0,199035.676467,202159.633971,202159.63379800002,6521.278509612904,57.911384,199035.676467,35729.16141376563,113.68948250000001,104.1319168,9.693590032985995,0.1533441636743712,24,64,,True,True,,93,56.69694568066818
115,2026-09-19T05:46:06.519+00:00,2026-09-19T05:49:27.627+00:00,2026-09-19T05:49:28.988+00:00,True,14,14.0,,14.0,201108.053602,202468.903266,202468.90335,14462.064525,98.026399,201108.053602,53720.41119191659,70461.1975363,104.6807433846154,3.961940054380041,0.06914642087830669,24,64,,True,True,,44,56.69694568066818
116,2026-09-19T05:46:07.366+00:00,2026-09-19T05:49:32.163+00:00,2026-09-19T05:49:42.150+00:00,True,100,100.0,,100.0,204797.329292,214783.553676,214783.55369,2147.8355369,49.792635000000004,204797.329292,20469.652232777466,114.38861144999998,100.87095337373738,16.26779948074181,0.4655849960972782,24,64,,True,True,,425,56.69694568066818
117,2026-09-19T05:46:07.450+00:00,2026-09-19T05:49:32.759+00:00,2026-09-19T05:49:39.591+00:00,True,67,67.0,,67.0,205309.39565599998,212140.561608,212140.561608,3166.277038925373,48.764615,205309.39565599998,25069.89287470161,112.056078,103.50251442424242,12.21548939602776,0.31582833330951915,24,64,,True,True,,264,56.69694568066818
118,2026-09-19T05:46:07.946+00:00,2026-09-19T05:49:36.014+00:00,2026-09-19T05:49:36.228+00:00,True,3,3.0,,3.0,208068.695093,208282.665269,208282.66514,69427.55504666666,106.871889,208068.695093,120066.74928981402,187272.5353995,106.985088,0.1598400736736567,0.01440350302856677,24,64,,True,True,,11,56.69694568066818
119,2026-09-19T05:46:08.330+00:00,2026-09-19T05:49:38.270+00:00,2026-09-19T05:49:44.057+00:00,True,60,60.0,,60.0,209939.98934099998,215726.72444499997,215726.72444599998,3595.445407433333,46.299194,209939.98934099998,27090.479895179295,112.25744800000001,98.080256,18.06491886437954,0.2781296575765565,24,64,,True,True,,200,56.69694568066818
120,2026-09-19T05:46:08.810+00:00,2026-09-19T05:49:40.731+00:00,2026-09-19T05:49:48.315+00:00,True,80,80.0,,80.0,211920.794491,219504.623739,219504.62374900002,2743.8077968625003,46.087544,211920.794491,23682.741772790625,111.88100245,95.99783858227848,21.39416314719988,0.3644570152432109,24,64,,True,True,,356,56.69694568066818
121,2026-09-19T05:46:09.187+00:00,2026-09-19T05:49:42.889+00:00,2026-09-19T05:49:51.615+00:00,True,92,92.0,,92.0,213702.485139,222427.672467,222427.67269,2417.6920944565218,44.090928,213702.485139,22270.03710058847,110.94341260000002,95.88117942857143,20.320747286428492,0.41361759973300705,24,64,,True,True,,383,56.69694568066818
122,2026-09-19T05:46:09.551+00:00,2026-09-19T05:49:44.475+00:00,2026-09-19T05:49:52.328+00:00,True,83,83.0,,83.0,214923.48503799998,222777.20612599998,222777.206105,2684.0627241566262,44.161756999999994,214923.48503799998,23580.41258992933,109.25842189999999,95.77708643902439,19.787767512776956,0.3725695345737312,24,64,,True,True,,331,56.69694568066818
123,2026-09-19T05:46:09.867+00:00,2026-09-19T05:49:46.423+00:00,2026-09-19T05:49:50.338+00:00,True,43,43.0,,43.0,216556.722335,220471.068319,220471.068304,5127.234146604651,46.145424,216556.722335,33010.38624200739,110.97433310000001,93.19871390476192,23.778862580789355,0.1950369285541957,24,64,,True,True,,162,56.69694568066818
124,2026-09-19T05:46:10.197+00:00,2026-09-19T05:49:47.859+00:00,2026-09-19T05:49:52.530+00:00,True,49,49.0,,49.0,217661.63668,222332.510792,222332.510876,4537.398181142857,48.360509,217661.63668,31080.622475859513,110.297608,97.30987733333333,16.639745224918745,0.22039062045155083,24,64,,True,True,,159,56.69694568066818
125,2026-09-19T05:46:10.497+00:00,2026-09-19T05:49:49.150+00:00,2026-09-19T05:49:53.288+00:00,True,44,44.0,,44.0,218653.08112599998,222791.381798,222791.38171699998,5063.440493568181,48.212669,218653.08112599998,32948.687654487,107.26639085,96.23955051162791,16.568957194607442,0.19749417434779334,24,64,,True,True,,168,56.69694568066818
126,2026-09-19T05:46:10.896+00:00,2026-09-19T05:49:51.508+00:00,2026-09-19T05:49:57.499+00:00,True,61,61.0,,61.0,220612.52598500001,226602.867873,226602.86799300002,3714.8011146393446,45.433566,220612.52598500001,28233.760737083758,110.289676,99.83903146666667,15.739772234072401,0.2691934156552139,24,64,,True,True,,242,56.69694568066818
127,2026-09-19T05:46:11.183+00:00,2026-09-19T05:49:52.729+00:00,2026-09-19T05:49:56.075+00:00,True,35,35.0,,35.0,221546.751801,224892.00466500001,224892.00462,6425.485846285715,47.928919,221546.751801,37431.60970998199,113.70475040000001,98.38979011764705,18.91501847565062,0.15563025485115015,24,64,,True,True,,171,56.69694568066818
128,2026-09-19T05:46:11.625+00:00,2026-09-19T05:49:55.647+00:00,2026-09-19T05:50:02.069+00:00,True,65,65.0,,65.0,224021.498006,230443.759766,230443.759639,3545.2886098307695,49.532646,224021.498006,27774.006077829126,113.0074008,100.34784,17.8523334980895,0.2820644831780348,24,64,,True,True,,270,56.69694568066818
129,2026-09-19T05:46:12.102+00:00,2026-09-19T05:49:57.912+00:00,2026-09-19T05:49:59.340+00:00,True,16,16.0,,16.0,225810.082342,227237.759014,227237.75903400002,14202.359939625001,46.358863,225810.082342,56428.731046088484,56539.894905249996,95.1784448,24.765232326264734,0.07041083343465929,24,64,,True,True,,72,56.69694568066818
130,2026-09-19T05:46:12.594+00:00,2026-09-19T05:50:00.987+00:00,2026-09-19T05:50:08.626+00:00,True,81,81.0,,81.0,228393.05927599999,236032.281036,236032.281218,2913.9787804691355,46.217275,228393.05927599999,25366.404787472205,112.63777099999999,95.490272,20.56466111580783,0.34317339833548344,24,64,,True,True,,377,56.69694568066818
131,2026-09-19T05:46:13.091+00:00,2026-09-19T05:50:03.899+00:00,2026-09-19T05:50:09.652+00:00,True,62,62.0,,62.0,230807.546871,236560.859639,236560.859763,3815.4977381129033,42.951811,230807.546871,29300.616764566537,112.87689585,94.31660275409835,20.74030494829836,0.262089003627287,24,64,,True,True,,265,56.69694568066818
132,2026-09-19T05:46:13.399+00:00,2026-09-19T05:50:05.350+00:00,2026-09-19T05:50:14.630+00:00,True,96,96.0,,96.0,231950.76260800002,241230.32459200002,241230.324633,2512.8158815937504,45.902945,231950.76260800002,23663.413899838295,112.37745349999999,97.67959983157894,19.19803479806596,0.3979599171968435,24,64,,True,True,,426,56.69694568066818
133,2026-09-19T05:46:13.699+00:00,2026-09-19T05:50:07.407+00:00,2026-09-19T05:50:12.888+00:00,True,57,57.0,,57.0,233707.215132,239188.776732,239188.77671,4196.294328245614,43.648279,233707.215132,30942.317564954214,112.24375179999998,97.88502857142856,19.283423238072192,0.2383054956791132,24,64,,True,True,,264,56.69694568066818
134,2026-09-19T05:46:14.017+00:00,2026-09-19T05:50:09.394+00:00,2026-09-19T05:50:11.619+00:00,True,24,24.0,,24.0,235376.84669600002,237601.81053600003,237601.81064200003,9900.075443416668,51.027513,235376.84669600002,48026.35445470403,115.4463264,96.73755826086956,18.170301730726447,0.10100933130879346,24,64,,True,True,,109,56.69694568066818
135,2026-09-19T05:46:14.413+00:00,2026-09-19T05:50:11.293+00:00,2026-09-19T05:50:12.358+00:00,True,11,11.0,,11.0,236879.52564500002,237944.94234900002,237944.942493,21631.358408454547,92.968136,236879.52564500002,71389.74102549437,118496.93673599999,106.5416704,6.5685187040963,0.04622918180738641,24,64,,True,True,,39,56.69694568066818
136,2026-09-19T05:46:14.757+00:00,2026-09-19T05:50:13.106+00:00,2026-09-19T05:50:20.255+00:00,True,73,73.0,,73.0,238348.889523,245498.132403,245498.132411,3362.988115219178,46.575542,238348.889523,27885.012878413585,113.2912624,99.29504,19.92697300887658,0.29735460423041465,24,64,,True,True,,108,56.69694568066818
137,2026-09-19T05:46:15.205+00:00,2026-09-19T05:50:15.487+00:00,2026-09-19T05:50:23.109+00:00,True,79,79.0,,79.0,240282.17359299998,247903.624089,247903.624285,3138.02056056962,43.58362,240282.17359299998,27022.870229328975,114.3669328,97.7109037948718,19.482985103891224,0.31867222712177123,24,64,,True,True,,283,56.69694568066818
138,2026-09-19T05:46:15.558+00:00,2026-09-19T05:50:18.034+00:00,2026-09-19T05:50:20.150+00:00,True,23,23.0,,23.0,242475.91021200002,244592.479556,244592.47951900001,10634.455631260871,46.299023,242475.91021200002,50539.666611566805,112.507478,96.20769745454545,22.922593834810616,0.09403396229414362,24,64,,True,True,,105,56.69694568066818
139,2026-09-19T05:46:15.843+00:00,2026-09-19T05:50:19.728+00:00,2026-09-19T05:50:22.594+00:00,True,30,30.0,,30.0,243884.61639500002,246751.28980300002,246751.28977600002,8225.042992533334,45.791004,243884.61639500002,44508.99011832823,111.51565640000001,98.8508071724138,15.022592408124405,0.12157991159418555,24,64,,True,True,,91,56.69694568066818
140,2026-09-19T05:46:16.155+00:00,2026-09-19T05:50:21.125+00:00,2026-09-19T05:50:26.279+00:00,True,55,55.0,,55.0,244969.484947,250123.739283,250123.739449,4547.704353618182,47.030021999999995,244969.484947,33018.81272901221,108.51072669999999,95.44915437037038,17.35980960241366,0.21989116330046066,24,64,,True,True,,277,56.69694568066818
141,2026-09-19T05:46:16.666+00:00,2026-09-19T05:50:23.408+00:00,2026-09-19T05:50:24.989+00:00,True,18,18.0,,18.0,246742.067339,248322.948491,248322.948459,13795.719358833334,52.018091,246742.067339,58135.7473437831,37104.5650008,92.99300894117647,19.249091663161227,0.07248625271800999,24,64,,True,True,,73,56.69694568066818
142,2026-09-19T05:46:17.178+00:00,2026-09-19T05:50:26.384+00:00,2026-09-19T05:50:32.075+00:00,True,57,57.0,,57.0,249205.714991,254897.52222299998,254897.52197499998,4471.886350438596,45.827305,249205.714991,32994.64348480246,110.7836948,101.63941485714285,13.334693805084294,0.22361927845706128,24,64,,True,True,,299,56.69694568066818
143,2026-09-19T05:46:17.589+00:00,2026-09-19T05:50:28.618+00:00,2026-09-19T05:50:36.851+00:00,True,82,82.0,,82.0,251029.129144,259261.93964,259261.93967700002,3161.730971670732,45.856874000000005,251029.129144,27710.30832119299,112.45404214999999,101.63963575308642,12.355922520526848,0.3162824443644203,24,64,,True,True,,439,56.69694568066818
144,2026-09-19T05:46:17.974+00:00,2026-09-19T05:50:30.407+00:00,2026-09-19T05:50:35.847+00:00,True,55,55.0,,55.0,252432.540512,257872.866656,257872.866486,4688.597572472728,50.363784,252432.540512,34024.41443874783,110.6745284,100.74678044444445,12.662350692092064,0.21328339314337205,24,64,,True,True,,235,56.69694568066818
145,2026-09-19T05:46:18.362+00:00,2026-09-19T05:50:32.281+00:00,2026-09-19T05:50:34.227+00:00,True,21,21.0,,21.0,253918.65184099998,255864.965825,255864.96578899998,12184.04598995238,48.431908,253918.65184099998,55388.35865840531,107.21605300000002,97.3156992,15.973943900527884,0.08207454245362784,24,64,,True,True,,47,56.69694568066818
146,2026-09-19T05:46:18.770+00:00,2026-09-19T05:50:34.434+00:00,2026-09-19T05:50:36.163+00:00,True,18,18.0,,18.0,255664.565752,257392.838136,257392.838212,14299.60212288889,50.979983,255664.565752,60236.75526341796,38443.3672694,101.66308141176471,13.53782924696932,0.06993201570934636,24,64,,True,True,,68,56.69694568066818
147,2026-09-19T05:46:19.111+00:00,2026-09-19T05:50:36.372+00:00,2026-09-19T05:50:44.103+00:00,True,78,78.0,,78.0,257261.59077500002,264992.311031,264992.310904,3397.3373192820513,44.013698,257261.59077500002,29117.777052055895,114.90435719999999,100.39896436363637,18.651118222922204,0.2943481631467987,24,64,,True,True,,277,56.69694568066818
148,2026-09-19T05:46:19.510+00:00,2026-09-19T05:50:38.405+00:00,2026-09-19T05:50:41.832+00:00,True,35,35.0,,35.0,258895.090113,262321.583553,262321.583754,7494.9023929714285,48.927557,258895.090113,43744.22662972589,114.3610188,100.7792188235294,19.083983773241517,0.1334240191979038,24,64,,True,True,,160,56.69694568066818
149,2026-09-19T05:46:19.941+00:00,2026-09-19T05:50:41.248+00:00,2026-09-19T05:50:47.965+00:00,True,69,69.0,,69.0,261307.538081,268024.422049,268024.421945,3884.4119122463767,48.696319,261307.538081,31445.843760138574,111.360242,98.77770541176471,16.583822246660894,0.2574392268902476,24,64,,True,True,,320,56.69694568066818
150,2026-09-19T05:46:20.310+00:00,2026-09-19T05:50:42.941+00:00,2026-09-19T05:50:46.094+00:00,True,32,32.0,,32.0,262630.273844,265783.411252,265783.41116,8305.73159875,53.314668,262630.273844,46408.932414964096,115.98127070000001,101.71410993548388,10.744538617011633,0.12039878579803276,24,64,,True,True,,127,56.69694568066818
151,2026-09-19T05:46:20.652+00:00,2026-09-19T05:50:44.612+00:00,2026-09-19T05:50:47.865+00:00,True,35,35.0,,35.0,263960.354766,267213.36980600003,267213.369861,7634.667710314286,48.782058,263960.354766,44601.27535587468,112.0433378,95.67691294117647,19.935194023779502,0.1309814700716899,24,64,,True,True,,167,56.69694568066818
152,2026-09-19T05:46:21.114+00:00,2026-09-19T05:50:47.340+00:00,2026-09-19T05:50:48.538+00:00,True,13,13.0,,13.0,266225.646562,267423.508706,267423.508874,20571.039144153845,54.607044,266225.646562,73810.0249756834,106557.27617319999,99.82184533333333,14.92964081024238,0.04861203139134614,24,64,,True,True,,56,56.69694568066818
153,2026-09-19T05:46:21.399+00:00,2026-09-19T05:50:48.690+00:00,2026-09-19T05:50:51.398+00:00,True,29,29.0,,29.0,267291.705256,269999.648424,269999.648512,9310.332707310345,51.077613,267291.705256,49616.86798852849,114.806674,96.712256,18.71845363378031,0.10740754726635496,24,64,,True,True,,133,56.69694568066818
154,2026-09-19T05:46:21.702+00:00,2026-09-19T05:50:50.331+00:00,2026-09-19T05:50:58.645+00:00,True,86,86.0,,86.0,268628.993278,276942.888446,276942.8884,3220.2661441860464,46.022115,268628.993278,28956.46698172096,109.3184565,97.8105313882353,16.866687869260936,0.31053333950031653,24,64,,True,True,,375,56.69694568066818
155,2026-09-19T05:46:22.749+00:00,2026-09-19T05:50:52.465+00:00,2026-09-19T05:50:57.916+00:00,True,57,57.0,,57.0,269715.92591000005,275166.95567000005,275166.95544100006,4827.490446333334,46.518093,269715.92591000005,35711.85899424214,112.153688,97.33981714285714,18.797982368470386,0.20714696596185223,24,64,,True,True,,261,56.69694568066818
156,2026-09-19T05:46:22.779+00:00,2026-09-19T05:50:52.921+00:00,2026-09-19T05:50:58.646+00:00,True,58,58.0,,58.0,270142.10124299995,275866.494715,275866.49476699997,4756.318875293103,47.632581,270142.10124299995,35458.21177857635,110.8292687,100.42795564912281,14.557450383925344,0.2102466269414859,24,64,,True,True,,218,56.69694568066818
157,2026-09-19T05:46:22.850+00:00,2026-09-19T05:50:54.546+00:00,2026-09-19T05:50:59.382+00:00,True,49,49.0,,49.0,271696.42768900003,276531.89520900004,276531.895213,5643.508065571429,47.116012000000005,271696.42768900003,38799.387378555686,112.0024448,100.73890666666667,16.09017655497575,0.17719474986046832,24,64,,True,True,,185,56.69694568066818
158,2026-09-19T05:46:23.331+00:00,2026-09-19T05:50:59.174+00:00,2026-09-19T05:51:05.748+00:00,True,66,66.0,,66.0,275842.608372,282416.892916,282416.89303599996,4279.043833878788,44.712978,275842.608372,33941.431576850424,111.76957125000001,101.14283913846154,15.444488585609568,0.23369706860853595,24,64,,True,True,,272,56.69694568066818
159,2026-09-19T05:46:23.780+00:00,2026-09-19T05:51:01.552+00:00,2026-09-19T05:51:03.405+00:00,True,19,19.0,,19.0,277771.70656,279624.731328,279624.73117800005,14717.09111463158,52.177150000000005,277771.70656,63701.58387859551,27881.766948700002,102.94582044444445,13.538224055330144,0.06794821012349221,24,64,,True,True,,62,56.69694568066818
160,2026-09-19T05:46:24.126+00:00,2026-09-19T05:51:03.515+00:00,2026-09-19T05:51:03.940+00:00,True,5,5.0,,5.0,279388.624362,279813.199338,279813.19922799995,55962.639845599995,102.810674,279388.624362,124898.92234799039,223532.553622,106.143744,2.4734989811541594,0.0178690641178805,24,64,,True,True,,24,56.69694568066818
161,2026-09-19T05:46:24.548+00:00,2026-09-19T05:51:05.324+00:00,2026-09-19T05:51:09.641+00:00,True,48,48.0,,48.0,280775.430583,285093.094071,285093.094105,5939.439460520834,46.829682,280775.430583,40513.18937160224,111.627865,91.86518059574469,22.948331839840314,0.16836605655570883,24,64,,True,True,,242,56.69694568066818
162,2026-09-19T05:46:24.945+00:00,2026-09-19T05:51:07.710+00:00,2026-09-19T05:51:10.363+00:00,True,28,28.0,,28.0,282764.914952,285417.64813600003,285417.648204,10193.487435857143,48.387828999999996,282764.914952,53418.98137599583,111.17465769999998,98.24937718518518,17.406290348792446,0.0981018524357616,24,64,,True,True,,129,56.69694568066818
163,2026-09-19T05:46:25.334+00:00,2026-09-19T05:51:10.050+00:00,2026-09-19T05:51:18.628+00:00,True,87,87.0,,87.0,284715.25536,293293.29619200004,293293.29617600003,3371.187312367816,46.183694,284715.25536,30513.990277289944,111.46370859999999,99.7446608372093,16.879401326831776,0.29663139638570796,24,64,,True,True,,365,56.69694568066818
164,2026-09-19T05:46:25.729+00:00,2026-09-19T05:51:11.823+00:00,2026-09-19T05:51:16.153+00:00,True,45,45.0,,45.0,286094.57417000004,290424.61577000003,290424.615874,6453.8803527555565,49.781186,286094.57417000004,42633.79442816688,112.5684516,98.41003636363637,17.41182629345462,0.15494554371946717,24,64,,True,True,,161,56.69694568066818
165,2026-09-19T05:46:26.070+00:00,2026-09-19T05:51:13.859+00:00,2026-09-19T05:51:19.580+00:00,True,58,58.0,,58.0,287788.978049,293510.36684900004,293510.36685000005,5060.523566379311,48.733098,287788.978049,37775.36736865133,112.4055275,100.37524210526315,15.587764498851895,0.19760801167830233,24,64,,True,True,,213,56.69694568066818
166,2026-09-19T05:46:26.422+00:00,2026-09-19T05:51:16.045+00:00,2026-09-19T05:51:19.573+00:00,True,36,36.0,,36.0,289622.85841900005,293150.54533100006,293150.545304,8143.07070288889,49.030317000000004,289622.85841900005,48253.68046655776,109.80232025,100.79105462857143,15.986057306115697,0.12280379679782596,24,64,,True,True,,167,56.69694568066818
167,2026-09-19T05:46:26.701+00:00,2026-09-19T05:51:17.145+00:00,2026-09-19T05:51:26.297+00:00,True,92,92.0,,92.0,290443.204541,299595.744957,299595.74515800003,3256.475490847826,46.484753,290443.204541,30270.316737191297,114.1201931,100.57736720879122,18.091566972323385,0.3070804627522479,24,64,,True,True,,378,56.69694568066818
168,2026-09-19T05:46:27.202+00:00,2026-09-19T05:51:19.574+00:00,2026-09-19T05:51:27.255+00:00,False,79,78.0,,78.0,292371.52220099996,300052.69288899994,300052.693085,3798.135355506329,0.038020000000000005,292371.52220099996,32883.294220898504,113.84518090000002,98.47654728205129,22.32018010315105,0.2599543408492419,24,64,,True,False,Request timeout: 300.0s exceeded,365,56.69694568066818
169,2026-09-19T05:46:27.649+00:00,2026-09-19T05:51:22.312+00:00,2026-09-19T05:51:27.678+00:00,False,56,55.0,,55.0,294663.34592500003,300028.653317,300028.65331300005,5357.654523446429,0.02376,294663.34592500003,39363.017855805534,115.8540815,97.55104349090908,24.965881052731266,0.18331582464521773,24,64,,True,False,Request timeout: 300.0s exceeded,267,56.69694568066818
170,2026-09-19T05:46:28.160+00:00,2026-09-19T05:51:25.556+00:00,2026-09-19T05:51:28.195+00:00,False,28,27.0,,27.0,297395.56845099997,300034.69702699996,300034.697085,10715.524895892857,0.040459,297395.56845099997,56184.01262930075,112.36634155,97.74550281481483,24.492929356677934,0.08998959209564449,24,64,,True,False,Request timeout: 300.0s exceeded,123,56.69694568066818
171,2026-09-19T05:46:28.478+00:00,2026-09-19T05:51:27.043+00:00,2026-09-19T05:51:28.513+00:00,False,17,16.0,,16.0,298565.627963,300035.12274699996,300035.122621,17649.124860058822,0.022629999999999997,298565.627963,72390.53216267766,59802.8164198,91.843424,31.11899124983235,0.05332709002036324,24,64,,True,False,Request timeout: 300.0s exceeded,70,56.69694568066818
172,2026-09-19T05:46:28.840+00:00,2026-09-19T05:51:28.725+00:00,2026-09-19T05:51:29.601+00:00,False,10,9.0,,9.0,299885.244833,300760.548513,300760.54851500003,30076.0548515,0.028030000000000003,299885.244833,94801.29238162198,164990.03760515002,97.25596444444444,36.89905208637232,0.029924137472475004,24,64,,True,False,Request timeout: 300.0s exceeded,28,56.69694568066818
173,2026-09-19T05:46:29.262+00:00,2026-09-19T05:51:29.488+00:00,2026-09-19T05:51:29.600+00:00,False,3,2.0,,2.0,300226.204973,300338.577453,300338.577536,100112.85917866667,0.13591999999999999,300226.204973,173303.25015819768,270214.80814,56.18624,79.26710009193494,0.006659151205152724,24,64,,True,False,Request timeout: 300.0s exceeded,4,56.69694568066818
174,2026-09-19T05:46:29.733+00:00,2026-09-19T05:51:29.748+00:00,2026-09-19T05:51:29.748+00:00,False,1,0.0,,0.0,300014.731413,300014.731413,300014.731413,300014.731413,300014.731413,300014.731413,nan,300014.731413,nan,nan,0.0,24,64,,True,False,"HTTPConnectionPool(host='gpu03', port=9002): Read timed out.",0,56.69694568066818
175,2026-09-19T05:46:30.085+00:00,2026-09-19T05:51:30.151+00:00,2026-09-19T05:51:30.151+00:00,False,1,0.0,,0.0,300065.20448400005,300065.20448400005,300065.20448400005,300065.20448400005,300065.20448400005,300065.20448400005,nan,300065.20448400005,nan,nan,0.0,24,64,,True,False,"HTTPConnectionPool(host='gpu03', port=9002): Read timed out.",0,56.69694568066818
176,2026-09-19T05:46:30.579+00:00,2026-09-19T05:51:30.684+00:00,2026-09-19T05:51:30.684+00:00,False,1,0.0,,0.0,300104.68579,300104.68579,300104.68579,300104.68579,300104.68579,300104.68579,nan,300104.68579,nan,nan,0.0,24,64,,True,False,"HTTPConnectionPool(host='gpu03', port=9002): Read timed out.",0,56.69694568066818
177,2026-09-19T05:46:31.078+00:00,2026-09-19T05:51:30.987+00:00,2026-09-19T05:51:31.097+00:00,False,3,2.0,,2.0,299908.563025,300019.036241,300019.03632199997,100006.34544066666,0.03557,299908.563025,173120.40750157007,269928.7504952,55.236608,78.06603679768271,0.006666243665930036,24,64,,True,False,Request timeout: 300.0s exceeded,10,56.69694568066818
178,2026-09-19T05:46:31.476+00:00,2026-09-19T05:51:31.209+00:00,2026-09-19T05:51:31.530+00:00,False,6,5.0,,5.0,299732.858798,300053.64625399996,300053.64625199995,50008.941042,0.07725,299732.858798,122339.24234199672,224829.45590249996,64.15749120000001,47.34119245236059,0.016663686852075192,24,64,,True,False,Request timeout: 300.0s exceeded,19,56.69694568066818
179,2026-09-19T05:46:31.769+00:00,2026-09-19T05:51:31.741+00:00,2026-09-19T05:51:31.840+00:00,False,3,2.0,,2.0,299971.409306,300071.309978,300071.309917,100023.76997233334,0.03563,299971.409306,173159.7422838356,269984.25487350003,49.950336,70.59011924088956,0.006665082377074409,24,64,,True,False,Request timeout: 300.0s exceeded,12,56.69694568066818
180,2026-09-19T05:46:32.053+00:00,2026-09-19T05:51:32.117+00:00,2026-09-19T05:51:32.117+00:00,False,1,0.0,,0.0,300064.649007,300064.649007,300064.649007,300064.649007,300064.649007,300064.649007,nan,300064.649007,nan,nan,0.0,24,64,,True,False,"HTTPConnectionPool(host='gpu03', port=9002): Read timed out.",0,56.69694568066818
181,2026-09-19T05:46:32.484+00:00,2026-09-19T05:51:32.529+00:00,2026-09-19T05:51:32.529+00:00,False,1,0.0,,0.0,300045.258524,300045.258524,300045.258524,300045.258524,300045.258524,300045.258524,nan,300045.258524,nan,nan,0.0,24,64,,True,False,TTFT timeout: 300.0s exceeded (TTFT: 300.040s),0,56.69694568066818
182,2026-09-19T05:46:32.814+00:00,2026-09-19T05:51:32.778+00:00,2026-09-19T05:51:32.912+00:00,False,3,2.0,,2.0,299964.043086,300098.07803000003,300098.07809900003,100032.69269966667,0.045689999999999995,299964.043086,173145.64139966475,269981.0377097,67.017472,94.71221289607696,0.006664487867196755,24,64,,True,False,Request timeout: 300.0s exceeded,8,56.69694568066818
183,2026-09-19T05:46:33.227+00:00,2026-09-19T05:51:33.139+00:00,2026-09-19T05:51:33.330+00:00,False,4,3.0,,3.0,299911.402488,300102.22565599997,300102.22579,75025.5564475,0.03417,299911.402488,149923.90415120902,254939.7228918,63.60772266666667,55.26619597704265,0.009996593638858341,24,64,,True,False,Request timeout: 300.0s exceeded,9,56.69694568066818
184,2026-09-19T05:46:33.646+00:00,2026-09-19T05:51:33.734+00:00,2026-09-19T05:51:33.734+00:00,False,1,0.0,,0.0,300088.74982200004,300088.74982200004,300088.74982200004,300088.74982200004,300088.74982200004,300088.74982200004,nan,300088.74982200004,nan,nan,0.0,24,64,,True,False,"HTTPConnectionPool(host='gpu03', port=9002): Read timed out.",0,56.69694568066818
185,2026-09-19T05:46:33.977+00:00,2026-09-19T05:51:34.025+00:00,2026-09-19T05:51:34.025+00:00,False,1,0.0,,0.0,300047.72573299997,300047.72573299997,300047.72573299997,300047.72573299997,300047.72573299997,300047.72573299997,nan,300047.72573299997,nan,nan,0.0,24,64,,True,False,TTFT timeout: 300.0s exceeded (TTFT: 300.026s),0,56.69694568066818
186,2026-09-19T05:46:34.364+00:00,2026-09-19T05:51:34.278+00:00,2026-09-19T05:51:34.408+00:00,False,3,2.0,,2.0,299914.156189,300043.661981,300043.661893,100014.55396433333,0.04643,299914.156189,173118.14582563555,269935.6864975,64.752896,91.50853268783645,0.006665696541614162,24,64,,True,False,Request timeout: 300.0s exceeded,4,56.69694568066818
187,2026-09-19T05:46:34.811+00:00,2026-09-19T05:51:34.549+00:00,2026-09-19T05:51:34.852+00:00,False,5,4.0,,4.0,299737.802917,300041.050789,300041.05075,60008.210150000006,0.037009,299737.802917,134012.9237284743,239811.9417998,75.811968,51.13613298931726,0.013331509103442477,24,64,,True,False,Request timeout: 300.0s exceeded,22,56.69694568066818
188,2026-09-19T05:46:35.213+00:00,2026-09-19T05:51:35.319+00:00,2026-09-19T05:51:35.319+00:00,False,1,0.0,,0.0,300106.29791900003,300106.29791900003,300106.29791900003,300106.29791900003,300106.29791900003,300106.29791900003,nan,300106.29791900003,nan,nan,0.0,24,64,,True,False,"HTTPConnectionPool(host='gpu03', port=9002): Read timed out.",0,56.69694568066818
189,2026-09-19T05:46:35.492+00:00,2026-09-19T05:51:35.568+00:00,2026-09-19T05:51:35.568+00:00,False,1,0.0,,0.0,300076.046204,300076.046204,300076.046204,300076.046204,300076.046204,300076.046204,nan,300076.046204,nan,nan,0.0,24,64,,True,False,"HTTPConnectionPool(host='gpu03', port=9002): Read timed out.",0,56.69694568066818
190,2026-09-19T05:46:35.801+00:00,2026-09-19T05:51:35.892+00:00,2026-09-19T05:51:35.892+00:00,False,1,0.0,,0.0,300090.77021600003,300090.77021600003,300090.77021600003,300090.77021600003,300090.77021600003,300090.77021600003,nan,300090.77021600003,nan,nan,0.0,24,64,,True,False,TTFT timeout: 300.0s exceeded (TTFT: 300.085s),0,56.69694568066818
191,2026-09-19T05:46:36.183+00:00,2026-09-19T05:51:36.018+00:00,2026-09-19T05:51:36.252+00:00,False,4,3.0,,3.0,299835.083212,300069.01934,300069.01951500005,75017.25487875001,0.08873,299835.083212,149878.56292642222,254879.7912958,77.97870933333333,69.37593180021248,0.009997699884508177,24,64,,True,False,Request timeout: 300.0s exceeded,6,56.69694568066818
192,2026-09-19T05:46:36.640+00:00,2026-09-19T05:51:36.676+00:00,2026-09-19T05:51:36.676+00:00,False,1,0.0,,0.0,300036.269293,300036.269293,300036.269293,300036.269293,300036.269293,300036.269293,nan,300036.269293,nan,nan,0.0,24,64,,True,False,"HTTPConnectionPool(host='gpu03', port=9002): Read timed out.",0,56.69694568066818
194,2026-09-19T05:46:37.748+00:00,2026-09-19T05:51:37.456+00:00,2026-09-19T05:51:37.996+00:00,False,7,6.0,,6.0,299707.794263,300248.019799,300248.019943,42892.57427757143,0.03203,299707.794263,113244.87470880439,209829.45928580005,90.03758933333333,44.27494522743543,0.01998347900517938,24,64,,True,False,Request timeout: 300.0s exceeded,22,56.69694568066818
193,2026-09-19T05:46:37.712+00:00,2026-09-19T05:51:37.460+00:00,2026-09-19T05:51:37.996+00:00,False,7,6.0,,6.0,299747.241461,300283.134453,300283.134611,42897.59065871429,0.02533,299747.241461,113260.05717757001,209856.83870000002,89.31549866666667,43.987254546602195,0.019981142167473657,24,64,,True,False,Request timeout: 300.0s exceeded,26,56.69694568066818
195,2026-09-19T05:46:38.031+00:00,2026-09-19T05:51:38.117+00:00,2026-09-19T05:51:38.117+00:00,False,1,0.0,,0.0,300086.193449,300086.193449,300086.193449,300086.193449,300086.193449,300086.193449,nan,300086.193449,nan,nan,0.0,24,64,,True,False,"HTTPConnectionPool(host='gpu03', port=9002): Read timed out.",0,56.69694568066818
196,2026-09-19T05:46:38.355+00:00,2026-09-19T05:51:38.379+00:00,2026-09-19T05:51:38.379+00:00,False,1,0.0,,0.0,300024.50596700003,300024.50596700003,300024.50596700003,300024.50596700003,300024.50596700003,300024.50596700003,nan,300024.50596700003,nan,nan,0.0,24,64,,True,False,"HTTPConnectionPool(host='gpu03', port=9002): Read timed out.",0,56.69694568066818
197,2026-09-19T05:46:38.670+00:00,2026-09-19T05:51:39.175+00:00,2026-09-19T05:51:39.477+00:00,False,5,4.0,,4.0,300505.02524,300807.84533599997,300807.845375,60161.569075,0.02243,300505.02524,134356.09407196348,240441.46429019998,75.705024,79.38391022223954,0.013297525520094172,24,64,,True,False,Request timeout: 300.0s exceeded,19,56.69694568066818
198,2026-09-19T05:46:39.094+00:00,2026-09-19T05:51:39.357+00:00,2026-09-19T05:51:39.577+00:00,False,6,5.0,,5.0,300263.37606599997,300483.23500999995,300483.23516199994,50080.539193666664,0.03028,300263.37606599997,122564.06069875041,225214.38789574997,43.9717888,25.672193798703592,0.016639863451395558,24,64,,True,False,Request timeout: 300.0s exceeded,15,56.69694568066818
199,2026-09-19T05:46:39.398+00:00,2026-09-19T05:51:39.358+00:00,2026-09-19T05:51:39.685+00:00,False,7,6.0,,6.0,299959.62384899997,300286.12624899996,300286.12619,42898.018027142854,0.08123000000000001,299959.62384899997,113353.51765399276,210003.3612507,54.41706666666666,33.86705087059893,0.01998094309233836,24,64,,True,False,Request timeout: 300.0s exceeded,30,56.69694568066818
200,2026-09-19T05:46:39.871+00:00,2026-09-19T05:51:39.977+00:00,2026-09-19T05:51:39.977+00:00,False,1,0.0,,0.0,300105.61498799996,300105.61498799996,300105.61498799996,300105.61498799996,300105.61498799996,300105.61498799996,nan,300105.61498799996,nan,nan,0.0,24,64,,True,False,"HTTPConnectionPool(host='gpu03', port=9002): Read timed out.",0,56.69694568066818
201,2026-09-19T05:46:40.250+00:00,2026-09-19T05:51:40.312+00:00,2026-09-19T05:51:40.312+00:00,False,1,0.0,,0.0,300062.403456,300062.403456,300062.403456,300062.403456,300062.403456,300062.403456,nan,300062.403456,nan,nan,0.0,24,64,,True,False,"HTTPConnectionPool(host='gpu03', port=9002): Read timed out.",0,56.69694568066818
202,2026-09-19T05:46:40.627+00:00,2026-09-19T05:51:40.727+00:00,2026-09-19T05:51:40.727+00:00,False,1,0.0,,0.0,300099.51392,300099.51392,300099.51392,300099.51392,300099.51392,300099.51392,nan,300099.51392,nan,nan,0.0,24,64,,True,False,"HTTPConnectionPool(host='gpu03', port=9002): Read timed out.",0,56.69694568066818
203,2026-09-19T05:46:40.944+00:00,2026-09-19T05:51:40.951+00:00,2026-09-19T05:51:41.084+00:00,False,3,2.0,,2.0,300007.53137800004,300139.95889800007,300139.95912300004,100046.65304100001,0.038049,300007.53137800004,173171.21304714016,270020.0172098001,66.21376,93.58681568426596,0.006663557919256204,24,64,,True,False,Request timeout: 300.0s exceeded,10,56.69694568066818
204,2026-09-19T05:46:41.457+00:00,2026-09-19T05:51:41.085+00:00,2026-09-19T05:51:41.520+00:00,False,7,6.0,,6.0,299627.537675,300062.54029900004,300062.54045800003,42866.07720828572,0.021070000000000002,299627.537675,113221.16789550429,209769.36678680003,72.50043733333332,40.775557327603856,0.019995831515727508,24,64,,True,False,Request timeout: 300.0s exceeded,18,56.69694568066818
205,2026-09-19T05:46:41.830+00:00,2026-09-19T05:51:41.923+00:00,2026-09-19T05:51:41.923+00:00,False,1,0.0,,0.0,300093.632584,300093.632584,300093.632584,300093.632584,300093.632584,300093.632584,nan,300093.632584,nan,nan,0.0,24,64,,True,False,"HTTPConnectionPool(host='gpu03', port=9002): Read timed out.",0,56.69694568066818
206,2026-09-19T05:46:42.291+00:00,2026-09-19T05:51:42.397+00:00,2026-09-19T05:51:42.397+00:00,False,1,0.0,,0.0,300106.287019,300106.287019,300106.287019,300106.287019,300106.287019,300106.287019,nan,300106.287019,nan,nan,0.0,24,64,,True,False,"HTTPConnectionPool(host='gpu03', port=9002): Read timed out.",0,56.69694568066818
207,2026-09-19T05:46:42.755+00:00,2026-09-19T05:51:42.683+00:00,2026-09-19T05:51:42.817+00:00,False,3,2.0,,2.0,299927.912691,300061.957107,300061.95687399997,100020.65229133333,0.027600000000000003,299927.912691,173124.7788695685,269948.5230802,67.022208,94.74461535721805,0.006665290126354851,24,64,,True,False,Request timeout: 300.0s exceeded,3,56.69694568066818
208,2026-09-19T05:46:43.083+00:00,2026-09-19T05:51:42.816+00:00,2026-09-19T05:51:43.138+00:00,False,5,4.0,,4.0,299732.66350599995,300055.05556999997,300055.055556,60011.011111199994,0.02409,299732.66350599995,134008.48572177772,239808.59078119992,80.598016,53.845962883690014,0.013330886868082908,24,64,,True,False,Request timeout: 300.0s exceeded,13,56.69694568066818
209,2026-09-19T05:46:43.399+00:00,2026-09-19T05:51:43.441+00:00,2026-09-19T05:51:43.441+00:00,False,1,0.0,,0.0,300041.867753,300041.867753,300041.867753,300041.867753,300041.867753,300041.867753,nan,300041.867753,nan,nan,0.0,24,64,,True,False,"HTTPConnectionPool(host='gpu03', port=9002): Read timed out.",0,56.69694568066818
210,2026-09-19T05:46:43.774+00:00,2026-09-19T05:51:43.874+00:00,2026-09-19T05:51:43.874+00:00,False,1,0.0,,0.0,300100.059168,300100.059168,300100.059168,300100.059168,300100.059168,300100.059168,nan,300100.059168,nan,nan,0.0,24,64,,True,False,"HTTPConnectionPool(host='gpu03', port=9002): Read timed out.",0,56.69694568066818
211,2026-09-19T05:46:44.262+00:00,2026-09-19T05:51:44.349+00:00,2026-09-19T05:51:44.349+00:00,False,1,0.0,,0.0,300086.609726,300086.609726,300086.609726,300086.609726,300086.609726,300086.609726,nan,300086.609726,nan,nan,0.0,24,64,,True,False,TTFT timeout: 300.0s exceeded (TTFT: 300.076s),0,56.69694568066818
212,2026-09-19T05:46:44.645+00:00,2026-09-19T05:51:44.482+00:00,2026-09-19T05:51:44.738+00:00,False,4,3.0,,3.0,299836.70569800003,300092.933794,300092.93387,75023.2334675,0.02305,299836.70569800003,149875.66127046966,254883.52405815,85.40936533333333,76.79629051749052,0.009996903166201714,24,64,,True,False,Request timeout: 300.0s exceeded,6,56.69694568066818
213,2026-09-19T05:46:44.965+00:00,2026-09-19T05:51:44.739+00:00,2026-09-19T05:51:44.992+00:00,False,5,4.0,,4.0,299774.023488,300026.35014399997,300026.350079,60005.27001579999,0.02001,299774.023488,134034.81470297094,239839.7455212,63.081664,49.27080785938957,0.013332162318676906,24,64,,True,False,Request timeout: 300.0s exceeded,15,56.69694568066818
214,2026-09-19T05:46:45.284+00:00,2026-09-19T05:51:45.370+00:00,2026-09-19T05:51:45.370+00:00,False,1,0.0,,0.0,300085.813028,300085.813028,300085.813028,300085.813028,300085.813028,300085.813028,nan,300085.813028,nan,nan,0.0,24,64,,True,False,"HTTPConnectionPool(host='gpu03', port=9002): Read timed out.",0,56.69694568066818
215,2026-09-19T05:46:45.666+00:00,2026-09-19T05:51:45.790+00:00,2026-09-19T05:51:45.790+00:00,False,1,0.0,,0.0,300124.55930900003,300124.55930900003,300124.55930900003,300124.55930900003,300124.55930900003,300124.55930900003,nan,300124.55930900003,nan,nan,0.0,24,64,,True,False,"HTTPConnectionPool(host='gpu03', port=9002): Read timed out.",0,56.69694568066818
216,2026-09-19T05:46:46.177+00:00,2026-09-19T05:51:46.170+00:00,2026-09-19T05:51:46.286+00:00,False,3,2.0,,2.0,299993.790155,300109.227723,300109.22779,100036.40926333333,0.03674,299993.790155,173168.18113329413,270005.951229,57.718784,81.57491560639184,0.006664240267366902,24,64,,True,False,Request timeout: 300.0s exceeded,2,56.69694568066818
217,2026-09-19T05:46:46.490+00:00,2026-09-19T05:51:46.283+00:00,2026-09-19T05:51:46.584+00:00,False,5,4.0,,4.0,299793.254251,300093.66973900003,300093.669692,60018.7339384,0.038130000000000004,299793.254251,134038.0387402367,239855.7110064,75.103872,50.2606407533041,0.013329171533271306,24,64,,True,False,Request timeout: 300.0s exceeded,25,56.69694568066818
218,2026-09-19T05:46:46.978+00:00,2026-09-19T05:51:47.044+00:00,2026-09-19T05:51:47.044+00:00,False,1,0.0,,0.0,300065.730201,300065.730201,300065.730201,300065.730201,300065.730201,300065.730201,nan,300065.730201,nan,nan,0.0,24,64,,True,False,"HTTPConnectionPool(host='gpu03', port=9002): Read timed out.",0,56.69694568066818
219,2026-09-19T05:46:47.447+00:00,2026-09-19T05:51:47.508+00:00,2026-09-19T05:51:47.508+00:00,False,1,0.0,,0.0,300061.095565,300061.095565,300061.095565,300061.095565,300061.095565,300061.095565,nan,300061.095565,nan,nan,0.0,24,64,,True,False,"HTTPConnectionPool(host='gpu03', port=9002): Read timed out.",0,56.69694568066818
220,2026-09-19T05:46:47.726+00:00,2026-09-19T05:51:47.677+00:00,2026-09-19T05:51:47.826+00:00,False,3,2.0,,2.0,299951.182342,300099.98259800003,300099.98256000003,100033.32752,0.043119,299951.182342,173133.95691323717,269970.9398177,74.400128,105.15648552433174,0.006664445571391808,24,64,,True,False,Request timeout: 300.0s exceeded,8,56.69694568066818
221,2026-09-19T05:46:48.014+00:00,2026-09-19T05:51:47.826+00:00,2026-09-19T05:51:48.069+00:00,False,4,3.0,,3.0,299811.519037,300054.949181,300054.949189,75013.73729725,0.04136,299811.519037,149865.19935030848,254860.40706519998,81.14338133333332,71.97945209005817,0.009998168696062173,24,64,,True,False,Request timeout: 300.0s exceeded,10,56.69694568066818
222,2026-09-19T05:46:48.319+00:00,2026-09-19T05:51:48.070+00:00,2026-09-19T05:51:48.370+00:00,False,5,4.0,,4.0,299750.69117199996,300051.32579599996,300051.32592299994,60010.26518459999,0.04215,299750.69117199996,134018.97947218578,239822.17341219998,75.158656,50.39615285399387,0.013331052577049885,24,64,,True,False,Request timeout: 300.0s exceeded,12,56.69694568066818
223,2026-09-19T05:46:48.653+00:00,2026-09-19T05:51:48.746+00:00,2026-09-19T05:51:48.746+00:00,False,1,0.0,,0.0,300093.422912,300093.422912,300093.422912,300093.422912,300093.422912,300093.422912,nan,300093.422912,nan,nan,0.0,24,64,,True,False,"HTTPConnectionPool(host='gpu03', port=9002): Read timed out.",0,56.69694568066818
224,2026-09-19T05:46:49.026+00:00,2026-09-19T05:51:49.087+00:00,2026-09-19T05:51:49.087+00:00,False,1,0.0,,0.0,300060.655905,300060.655905,300060.655905,300060.655905,300060.655905,300060.655905,nan,300060.655905,nan,nan,0.0,24,64,,True,False,"HTTPConnectionPool(host='gpu03', port=9002): Read timed out.",0,56.69694568066818
225,2026-09-19T05:46:49.457+00:00,2026-09-19T05:51:49.393+00:00,2026-09-19T05:51:49.521+00:00,False,3,2.0,,2.0,299936.510402,300064.20013,300064.20026799996,100021.40008933333,0.06986,299936.510402,173131.57587729106,269955.6213624,63.844864,90.19143599921864,0.006665240302353692,24,64,,True,False,Request timeout: 300.0s exceeded,10,56.69694568066818
226,2026-09-19T05:46:49.927+00:00,2026-09-19T05:51:49.752+00:00,2026-09-19T05:51:49.961+00:00,False,5,4.0,,4.0,299824.627094,300033.627286,300033.62715,60006.72543,0.06729,299824.627094,134062.28873701257,239882.502399,52.250048,46.895197510198784,0.013331838954795203,24,64,,True,False,Request timeout: 300.0s exceeded,6,56.69694568066818
227,2026-09-19T05:46:50.384+00:00,2026-09-19T05:51:50.603+00:00,2026-09-19T05:51:51.367+00:00,False,8,7.0,,7.0,300218.918754,300982.870626,300982.870687,37622.858835875,0.02476,300218.918754,106104.84200917807,195195.26789355,109.13598171428572,51.620287158411244,0.02325713747576742,24,64,,True,False,Request timeout: 300.0s exceeded,32,56.69694568066818
228,2026-09-19T05:46:50.674+00:00,2026-09-19T05:51:50.864+00:00,2026-09-19T05:51:51.463+00:00,False,7,6.0,,6.0,300189.594564,300788.31123600004,300788.311233,42969.75874757143,0.02989,300189.594564,113423.29634022532,210177.43738770005,99.786112,52.26041591249239,0.01994758365225293,24,64,,True,False,Request timeout: 300.0s exceeded,23,56.69694568066818
229,2026-09-19T05:46:50.966+00:00,2026-09-19T05:51:51.253+00:00,2026-09-19T05:51:51.565+00:00,False,5,4.0,,4.0,300287.011993,300598.711449,300598.711587,60119.7423174,0.04819,300287.011993,134257.59282861152,240251.49470860002,77.924864,52.11924214936648,0.01330677693433375,24,64,,True,False,Request timeout: 300.0s exceeded,16,56.69694568066818
230,2026-09-19T05:46:51.340+00:00,2026-09-19T05:51:51.466+00:00,2026-09-19T05:51:51.667+00:00,False,4,3.0,,3.0,300126.718245,300327.804709,300327.804601,75081.95115025,0.07873999999999999,300126.718245,150029.85220639486,255123.0622896,67.02882133333334,58.009611103876544,0.009989085102882246,24,64,,True,False,Request timeout: 300.0s exceeded,10,56.69694568066818
231,2026-09-19T05:46:51.638+00:00,2026-09-19T05:51:51.655+00:00,2026-09-19T05:51:51.655+00:00,False,1,0.0,,0.0,300017.012921,300017.012921,300017.012921,300017.012921,300017.012921,300017.012921,nan,300017.012921,nan,nan,0.0,24,64,,True,False,"HTTPConnectionPool(host='gpu03', port=9002): Read timed out.",0,56.69694568066818
232,2026-09-19T05:46:52.032+00:00,2026-09-19T05:51:52.066+00:00,2026-09-19T05:51:52.066+00:00,False,1,0.0,,0.0,300033.595787,300033.595787,300033.595787,300033.595787,300033.595787,300033.595787,nan,300033.595787,nan,nan,0.0,24,64,,True,False,"HTTPConnectionPool(host='gpu03', port=9002): Read timed out.",0,56.69694568066818
233,2026-09-19T05:46:52.346+00:00,2026-09-19T05:51:52.388+00:00,2026-09-19T05:51:52.388+00:00,False,1,0.0,,0.0,300041.898002,300041.898002,300041.898002,300041.898002,300041.898002,300041.898002,nan,300041.898002,nan,nan,0.0,24,64,,True,False,"HTTPConnectionPool(host='gpu03', port=9002): Read timed out.",0,56.69694568066818
234,2026-09-19T05:46:52.817+00:00,2026-09-19T05:51:52.767+00:00,2026-09-19T05:51:52.992+00:00,False,3,2.0,,2.0,299950.10796399997,300174.988348,300174.98845199996,100058.32948399999,0.02616,299950.10796399997,173111.39467074175,269977.5826004,112.440192,158.9775165376941,0.006662780303605284,24,64,,True,False,Request timeout: 300.0s exceeded,8,56.69694568066818
235,2026-09-19T05:46:53.301+00:00,2026-09-19T05:51:52.991+00:00,2026-09-19T05:51:53.370+00:00,False,6,5.0,,5.0,299690.235449,300069.313337,300069.31347700005,50011.55224616667,0.02308,299690.235449,122317.08081361001,224793.17673650003,75.8155776,43.23985720148646,0.016662816815209057,24,64,,True,False,Request timeout: 300.0s exceeded,24,56.69694568066818
236,2026-09-19T05:46:53.722+00:00,2026-09-19T05:51:53.476+00:00,2026-09-19T05:51:53.476+00:00,True,1,1.0,,1.0,299753.841786,299753.841786,299753.841786,299753.841786,299753.841786,299753.841786,nan,299753.841786,nan,nan,0.003336070670660225,24,64,,True,True,,3,56.69694568066818
237,2026-09-19T05:46:54.217+00:00,2026-09-19T05:51:54.285+00:00,2026-09-19T05:51:54.285+00:00,False,1,0.0,,0.0,300068.40331900003,300068.40331900003,300068.40331900003,300068.40331900003,300068.40331900003,300068.40331900003,nan,300068.40331900003,nan,nan,0.0,24,64,,True,False,TTFT timeout: 300.0s exceeded (TTFT: 300.060s),0,56.69694568066818
238,2026-09-19T05:46:54.594+00:00,2026-09-19T05:51:54.532+00:00,2026-09-19T05:51:54.644+00:00,False,3,2.0,,2.0,299937.406419,300049.608403,300049.608404,100016.53613466668,0.08789,299937.406419,173136.56147359972,269954.8771866,56.100992,79.21460448449965,0.006665564439976798,24,64,,True,False,Request timeout: 300.0s exceeded,5,56.69694568066818
240,2026-09-19T05:46:55.672+00:00,2026-09-19T05:51:55.120+00:00,2026-09-19T05:51:55.926+00:00,False,10,9.0,,9.0,299447.692723,300253.22821100004,300253.228194,30025.3228194,0.037090000000000005,299447.692723,94665.37870982653,164750.32343845,89.5039431111111,39.78824443016273,0.02997469853571512,24,64,,True,False,Request timeout: 300.0s exceeded,21,56.69694568066818
239,2026-09-19T05:46:55.642+00:00,2026-09-19T05:51:55.602+00:00,2026-09-19T05:51:55.926+00:00,False,5,4.0,,4.0,299960.162737,300284.61662499997,300284.61652,60056.923303999996,0.02357,299960.162737,134109.9961882293,239991.8366754,81.113472,54.61191088234219,0.013320695695161972,24,64,,True,False,Request timeout: 300.0s exceeded,20,56.69694568066818
241,2026-09-19T05:46:55.865+00:00,2026-09-19T05:51:56.107+00:00,2026-09-19T05:51:56.107+00:00,False,1,0.0,,0.0,300241.92413999996,300241.92413999996,300241.92413999996,300241.92413999996,300241.92413999996,300241.92413999996,nan,300241.92413999996,nan,nan,0.0,24,64,,True,False,"HTTPConnectionPool(host='gpu03', port=9002): Read timed out.",0,56.69694568066818
242,2026-09-19T05:46:56.360+00:00,2026-09-19T05:51:56.381+00:00,2026-09-19T05:51:56.381+00:00,False,1,0.0,,0.0,300021.18483700004,300021.18483700004,300021.18483700004,300021.18483700004,300021.18483700004,300021.18483700004,nan,300021.18483700004,nan,nan,0.0,24,64,,True,False,"HTTPConnectionPool(host='gpu03', port=9002): Read timed out.",0,56.69694568066818
243,2026-09-19T05:46:56.852+00:00,2026-09-19T05:51:56.945+00:00,2026-09-19T05:51:56.945+00:00,False,1,0.0,,0.0,300092.68976700003,300092.68976700003,300092.68976700003,300092.68976700003,300092.68976700003,300092.68976700003,nan,300092.68976700003,nan,nan,0.0,24,64,,True,False,"HTTPConnectionPool(host='gpu03', port=9002): Read timed out.",0,56.69694568066818
244,2026-09-19T05:46:57.212+00:00,2026-09-19T05:51:57.292+00:00,2026-09-19T05:51:57.292+00:00,False,1,0.0,,0.0,300079.56153899996,300079.56153899996,300079.56153899996,300079.56153899996,300079.56153899996,300079.56153899996,nan,300079.56153899996,nan,nan,0.0,24,64,,True,False,TTFT timeout: 300.0s exceeded (TTFT: 300.074s),0,56.69694568066818
245,2026-09-19T05:46:57.608+00:00,2026-09-19T05:51:57.408+00:00,2026-09-19T05:51:57.408+00:00,True,1,1.0,,1.0,299800.07354199997,299800.07354199997,299800.07354199997,299800.07354199997,299800.07354199997,299800.07354199997,nan,299800.07354199997,nan,nan,0.0033355562198016165,24,64,,True,True,,3,56.69694568066818
246,2026-09-19T05:46:57.932+00:00,2026-09-19T05:51:57.410+00:00,2026-09-19T05:51:58.016+00:00,False,8,7.0,,7.0,299478.154126,300083.519886,300083.519958,37510.43999475,0.02246,299478.154126,105850.94710819551,194697.15268165,86.48082285714285,38.1738087298143,0.02332683915017812,24,64,,True,False,Request timeout: 300.0s exceeded,19,56.69694568066818
247,2026-09-19T05:46:58.388+00:00,2026-09-19T05:51:58.406+00:00,2026-09-19T05:51:58.406+00:00,False,1,0.0,,0.0,300018.086738,300018.086738,300018.086738,300018.086738,300018.086738,300018.086738,nan,300018.086738,nan,nan,0.0,24,64,,True,False,"HTTPConnectionPool(host='gpu03', port=9002): Read timed out.",0,56.69694568066818
248,2026-09-19T05:46:58.731+00:00,2026-09-19T05:51:58.796+00:00,2026-09-19T05:51:58.796+00:00,False,1,0.0,,0.0,300064.919945,300064.919945,300064.919945,300064.919945,300064.919945,300064.919945,nan,300064.919945,nan,nan,0.0,24,64,,True,False,TTFT timeout: 300.0s exceeded (TTFT: 300.059s),0,56.69694568066818
249,2026-09-19T05:46:59.183+00:00,2026-09-19T05:51:59.075+00:00,2026-09-19T05:51:59.201+00:00,False,3,2.0,,2.0,299892.543698,300018.47573,300018.47581900004,100006.15860633334,0.02859,299892.543698,173106.69880130503,269915.8796813,62.966016,89.00720750321291,0.00666625612017271,24,64,,True,False,Request timeout: 300.0s exceeded,3,56.69694568066818
250,2026-09-19T05:46:59.601+00:00,2026-09-19T05:51:59.426+00:00,2026-09-19T05:51:59.620+00:00,False,4,3.0,,3.0,299825.09636699996,300019.02942299994,300019.02947099996,75004.75736774999,0.050769,299825.09636699996,149880.2329590024,254865.89712674997,64.644352,55.93998386428198,0.009999365726132888,24,64,,True,False,Request timeout: 300.0s exceeded,7,56.69694568066818
251,2026-09-19T05:47:00.002+00:00,2026-09-19T05:52:00.107+00:00,2026-09-19T05:52:00.107+00:00,False,1,0.0,,0.0,300105.34396499995,300105.34396499995,300105.34396499995,300105.34396499995,300105.34396499995,300105.34396499995,nan,300105.34396499995,nan,nan,0.0,24,64,,True,False,"HTTPConnectionPool(host='gpu03', port=9002): Read timed out.",0,56.69694568066818
252,2026-09-19T05:47:00.306+00:00,2026-09-19T05:52:00.319+00:00,2026-09-19T05:52:00.319+00:00,False,1,0.0,,0.0,300012.982867,300012.982867,300012.982867,300012.982867,300012.982867,300012.982867,nan,300012.982867,nan,nan,0.0,24,64,,True,False,TTFT timeout: 300.0s exceeded (TTFT: 300.007s),0,56.69694568066818
253,2026-09-19T05:47:00.710+00:00,2026-09-19T05:52:00.662+00:00,2026-09-19T05:52:00.800+00:00,False,3,2.0,,2.0,299952.129692,300089.79958,300089.79955399997,100029.93318466666,0.08769,299952.129692,173137.7146043598,269970.67494,68.834944,97.22349414417961,0.006664671717596407,24,64,,True,False,Request timeout: 300.0s exceeded,4,56.69694568066818
254,2026-09-19T05:47:01.091+00:00,2026-09-19T05:52:01.017+00:00,2026-09-19T05:52:01.129+00:00,False,3,2.0,,2.0,299926.292034,300038.040386,300038.040469,100012.68015633333,0.04537,299926.292034,173130.2754498501,269944.8331371,55.874176,78.95393664068304,0.006665821431932406,24,64,,True,False,Request timeout: 300.0s exceeded,3,56.69694568066818
255,2026-09-19T05:47:01.403+00:00,2026-09-19T05:52:01.465+00:00,2026-09-19T05:52:01.465+00:00,False,1,0.0,,0.0,300061.777866,300061.777866,300061.777866,300061.777866,300061.777866,300061.777866,nan,300061.777866,nan,nan,0.0,24,64,,True,False,"HTTPConnectionPool(host='gpu03', port=9002): Read timed out.",0,56.69694568066818
256,2026-09-19T05:47:01.744+00:00,2026-09-19T05:52:01.820+00:00,2026-09-19T05:52:01.820+00:00,False,1,0.0,,0.0,300076.651172,300076.651172,300076.651172,300076.651172,300076.651172,300076.651172,nan,300076.651172,nan,nan,0.0,24,64,,True,False,"HTTPConnectionPool(host='gpu03', port=9002): Read timed out.",0,56.69694568066818
257,2026-09-19T05:47:02.120+00:00,2026-09-19T05:52:02.131+00:00,2026-09-19T05:52:02.131+00:00,False,1,0.0,,0.0,300011.51557,300011.51557,300011.51557,300011.51557,300011.51557,300011.51557,nan,300011.51557,nan,nan,0.0,24,64,,True,False,"HTTPConnectionPool(host='gpu03', port=9002): Read timed out.",0,56.69694568066818
258,2026-09-19T05:47:02.575+00:00,2026-09-19T05:52:02.336+00:00,2026-09-19T05:52:02.597+00:00,False,4,3.0,,3.0,299761.110085,300022.463813,300022.463712,75005.615928,0.07362,299761.110085,149837.00882621866,254817.43895785,87.11790933333333,75.62055271399355,0.009999251262298345,24,64,,True,False,Request timeout: 300.0s exceeded,14,56.69694568066818
259,2026-09-19T05:47:02.930+00:00,2026-09-19T05:52:02.599+00:00,2026-09-19T05:52:02.995+00:00,False,8,7.0,,7.0,299668.850522,300065.07657,300065.076739,37508.134592375,0.04081,299668.850522,105928.930374733,194822.16641725,56.60372114285714,33.951149723423875,0.0233282729200478,24,64,,True,False,Request timeout: 300.0s exceeded,22,56.69694568066818
260,2026-09-19T05:47:03.316+00:00,2026-09-19T05:52:03.353+00:00,2026-09-19T05:52:03.353+00:00,False,1,0.0,,0.0,300037.593194,300037.593194,300037.593194,300037.593194,300037.593194,300037.593194,nan,300037.593194,nan,nan,0.0,24,64,,True,False,"HTTPConnectionPool(host='gpu03', port=9002): Read timed out.",0,56.69694568066818
261,2026-09-19T05:47:03.774+00:00,2026-09-19T05:52:03.938+00:00,2026-09-19T05:52:05.054+00:00,False,12,11.0,,11.0,300163.702192,301279.380144,301279.380161,25106.615013416667,0.038939999999999995,300163.702192,86620.52506012566,135152.5838683,101.42526836363636,36.216365918984884,0.03651096200059367,24,64,,True,False,Request timeout: 300.0s exceeded,36,56.69694568066818
262,2026-09-19T05:47:04.129+00:00,2026-09-19T05:52:04.083+00:00,2026-09-19T05:52:04.636+00:00,True,6,6.0,,6.0,299954.434727,300507.137447,300507.13754900004,50084.522924833334,101.153092,299954.434727,122410.75744683972,224996.67565425002,110.540544,8.728078658754628,0.01996624789339059,24,64,,True,True,,24,56.69694568066818
263,2026-09-19T05:47:04.483+00:00,2026-09-19T05:52:04.315+00:00,2026-09-19T05:52:05.151+00:00,False,10,9.0,,9.0,299832.649938,300667.91598600004,300667.916006,30066.7916006,0.02228,299832.649938,94786.06670129253,164961.91903410002,92.80733866666667,35.443944905483875,0.029933356774984484,24,64,,True,False,Request timeout: 300.0s exceeded,33,56.69694568066818
264,2026-09-19T05:47:04.872+00:00,2026-09-19T05:52:04.950+00:00,2026-09-19T05:52:05.254+00:00,False,5,4.0,,4.0,300077.906521,300381.212505,300381.21265700005,60076.24253140001,0.08181999999999999,300077.906521,134165.0159910204,240083.011818,75.826496,50.55124436177093,0.01331641205734003,24,64,,True,False,Request timeout: 300.0s exceeded,12,56.69694568066818
265,2026-09-19T05:47:05.354+00:00,2026-09-19T05:52:05.384+00:00,2026-09-19T05:52:05.384+00:00,False,1,0.0,,0.0,300030.552114,300030.552114,300030.552114,300030.552114,300030.552114,300030.552114,nan,300030.552114,nan,nan,0.0,24,64,,True,False,"HTTPConnectionPool(host='gpu03', port=9002): Read timed out.",0,56.69694568066818
266,2026-09-19T05:47:05.691+00:00,2026-09-19T05:52:05.791+00:00,2026-09-19T05:52:05.791+00:00,False,1,0.0,,0.0,300100.043916,300100.043916,300100.043916,300100.043916,300100.043916,300100.043916,nan,300100.043916,nan,nan,0.0,24,64,,True,False,"HTTPConnectionPool(host='gpu03', port=9002): Read timed out.",0,56.69694568066818
267,2026-09-19T05:47:06.197+00:00,2026-09-19T05:52:06.302+00:00,2026-09-19T05:52:06.302+00:00,False,1,0.0,,0.0,300105.570806,300105.570806,300105.570806,300105.570806,300105.570806,300105.570806,nan,300105.570806,nan,nan,0.0,24,64,,True,False,"HTTPConnectionPool(host='gpu03', port=9002): Read timed out.",0,56.69694568066818
268,2026-09-19T05:47:06.512+00:00,2026-09-19T05:52:06.549+00:00,2026-09-19T05:52:06.549+00:00,False,1,0.0,,0.0,300037.237219,300037.237219,300037.237219,300037.237219,300037.237219,300037.237219,nan,300037.237219,nan,nan,0.0,24,64,,True,False,TTFT timeout: 300.0s exceeded (TTFT: 300.022s),0,56.69694568066818
269,2026-09-19T05:47:06.996+00:00,2026-09-19T05:52:06.646+00:00,2026-09-19T05:52:07.046+00:00,False,8,7.0,,7.0,299650.298745,300050.007161,300050.007083,37506.250885375,0.039520000000000007,299650.298745,105922.19530427144,194807.98613009998,57.10120228571429,33.387941549978216,0.023329444535703542,24,64,,True,False,Request timeout: 300.0s exceeded,35,56.69694568066818
270,2026-09-19T05:47:07.366+00:00,2026-09-19T05:52:07.406+00:00,2026-09-19T05:52:07.406+00:00,False,1,0.0,,0.0,300040.704296,300040.704296,300040.704296,300040.704296,300040.704296,300040.704296,nan,300040.704296,nan,nan,0.0,24,64,,True,False,"HTTPConnectionPool(host='gpu03', port=9002): Read timed out.",0,56.69694568066818
271,2026-09-19T05:47:07.730+00:00,2026-09-19T05:52:07.842+00:00,2026-09-19T05:52:07.842+00:00,False,1,0.0,,0.0,300112.603519,300112.603519,300112.603519,300112.603519,300112.603519,300112.603519,nan,300112.603519,nan,nan,0.0,24,64,,True,False,"HTTPConnectionPool(host='gpu03', port=9002): Read timed out.",0,56.69694568066818
272,2026-09-19T05:47:08.066+00:00,2026-09-19T05:52:08.127+00:00,2026-09-19T05:52:08.127+00:00,False,1,0.0,,0.0,300061.199556,300061.199556,300061.199556,300061.199556,300061.199556,300061.199556,nan,300061.199556,nan,nan,0.0,24,64,,True,False,TTFT timeout: 300.0s exceeded (TTFT: 300.055s),0,56.69694568066818
273,2026-09-19T05:47:08.444+00:00,2026-09-19T05:52:08.270+00:00,2026-09-19T05:52:08.508+00:00,False,4,3.0,,3.0,299825.316125,300063.42914900003,300063.429209,75015.85730225,0.040049999999999995,299825.316125,149872.98308489105,254869.99822429998,79.371008,68.82834812346529,0.009997886141967385,24,64,,True,False,Request timeout: 300.0s exceeded,16,56.69694568066818
274,2026-09-19T05:47:08.814+00:00,2026-09-19T05:52:08.872+00:00,2026-09-19T05:52:08.872+00:00,False,1,0.0,,0.0,300057.915601,300057.915601,300057.915601,300057.915601,300057.915601,300057.915601,nan,300057.915601,nan,nan,0.0,24,64,,True,False,"HTTPConnectionPool(host='gpu03', port=9002): Read timed out.",0,56.69694568066818
275,2026-09-19T05:47:09.319+00:00,2026-09-19T05:52:09.423+00:00,2026-09-19T05:52:09.423+00:00,False,1,0.0,,0.0,300103.288813,300103.288813,300103.288813,300103.288813,300103.288813,300103.288813,nan,300103.288813,nan,nan,0.0,24,64,,True,False,"HTTPConnectionPool(host='gpu03', port=9002): Read timed out.",0,56.69694568066818
276,2026-09-19T05:47:09.731+00:00,2026-09-19T05:52:09.731+00:00,2026-09-19T05:52:09.862+00:00,False,3,2.0,,2.0,300000.641459,300131.654067,300131.653957,100043.88465233333,0.024390000000000002,300000.641459,173167.6434336224,270013.6761239,65.506304,92.60514782522604,0.006663742304080759,24,64,,True,False,Request timeout: 300.0s exceeded,5,56.69694568066818
277,2026-09-19T05:47:10.152+00:00,2026-09-19T05:52:09.993+00:00,2026-09-19T05:52:10.206+00:00,False,4,3.0,,3.0,299841.353594,300053.56377,300053.56392399996,75013.39098099999,0.03771,299841.353594,149885.3167594379,254881.43715949997,70.73672533333333,61.27786280111764,0.009998214859729477,24,64,,True,False,Request timeout: 300.0s exceeded,6,56.69694568066818
278,2026-09-19T05:47:10.562+00:00,2026-09-19T05:52:10.600+00:00,2026-09-19T05:52:10.600+00:00,False,1,0.0,,0.0,300038.351834,300038.351834,300038.351834,300038.351834,300038.351834,300038.351834,nan,300038.351834,nan,nan,0.0,24,64,,True,False,"HTTPConnectionPool(host='gpu03', port=9002): Read timed out.",0,56.69694568066818
279,2026-09-19T05:47:11.039+00:00,2026-09-19T05:52:11.124+00:00,2026-09-19T05:52:11.124+00:00,False,1,0.0,,0.0,300085.31282700005,300085.31282700005,300085.31282700005,300085.31282700005,300085.31282700005,300085.31282700005,nan,300085.31282700005,nan,nan,0.0,24,64,,True,False,"HTTPConnectionPool(host='gpu03', port=9002): Read timed out.",0,56.69694568066818
280,2026-09-19T05:47:11.327+00:00,2026-09-19T05:52:11.358+00:00,2026-09-19T05:52:11.358+00:00,False,1,0.0,,0.0,300031.244227,300031.244227,300031.244227,300031.244227,300031.244227,300031.244227,nan,300031.244227,nan,nan,0.0,24,64,,True,False,TTFT timeout: 300.0s exceeded (TTFT: 300.023s),0,56.69694568066818
281,2026-09-19T05:47:11.714+00:00,2026-09-19T05:52:11.507+00:00,2026-09-19T05:52:11.733+00:00,False,4,3.0,,3.0,299792.71865,300019.405882,300019.405853,75004.85146325,0.04367,299792.71865,149858.58795700394,254842.60377380002,75.56241066666666,66.48662514363254,0.0099993531791071,24,64,,True,False,Request timeout: 300.0s exceeded,13,56.69694568066818
282,2026-09-19T05:47:12.126+00:00,2026-09-19T05:52:12.128+00:00,2026-09-19T05:52:12.177+00:00,False,3,2.0,,2.0,300002.28217,300051.58725800004,300051.58725800004,100017.19575266667,0.08279,300002.28217,173192.16695822022,270006.9761828,24.652544,34.74702358075397,0.006665520480250936,24,64,,True,False,Request timeout: 300.0s exceeded,3,56.69694568066818
283,2026-09-19T05:47:12.524+00:00,2026-09-19T05:52:12.531+00:00,2026-09-19T05:52:12.531+00:00,False,1,0.0,,0.0,300006.776704,300006.776704,300006.776704,300006.776704,300006.776704,300006.776704,nan,300006.776704,nan,nan,0.0,24,64,,True,False,"HTTPConnectionPool(host='gpu03', port=9002): Read timed out.",0,56.69694568066818
284,2026-09-19T05:47:12.981+00:00,2026-09-19T05:52:12.943+00:00,2026-09-19T05:52:13.096+00:00,False,3,2.0,,2.0,299961.846244,300114.895076,300114.895248,100038.298416,0.04519,299961.846244,173138.88812507177,269980.962001,76.524416,108.15814815361439,0.006664114420224051,24,64,,True,False,Request timeout: 300.0s exceeded,4,56.69694568066818
285,2026-09-19T05:47:13.366+00:00,2026-09-19T05:52:13.219+00:00,2026-09-19T05:52:13.469+00:00,False,4,3.0,,3.0,299852.97967900004,300102.75785500003,300102.757785,75025.68944625,0.035518999999999995,299852.97967900004,149884.8719536923,254895.34095070002,83.259392,72.83718893470659,0.009996575911006798,24,64,,True,False,Request timeout: 300.0s exceeded,10,56.69694568066818
286,2026-09-19T05:47:13.720+00:00,2026-09-19T05:52:13.469+00:00,2026-09-19T05:52:13.817+00:00,False,6,5.0,,5.0,299749.184214,300097.637078,300097.636948,50016.27282466667,0.03579,299749.184214,122343.64725102263,224837.58076724998,69.6905728,43.80702979166758,0.016661244149351377,24,64,,True,False,Request timeout: 300.0s exceeded,23,56.69694568066818
287,2026-09-19T05:47:14.051+00:00,2026-09-19T05:52:14.129+00:00,2026-09-19T05:52:14.129+00:00,False,1,0.0,,0.0,300078.199538,300078.199538,300078.199538,300078.199538,300078.199538,300078.199538,nan,300078.199538,nan,nan,0.0,24,64,,True,False,"HTTPConnectionPool(host='gpu03', port=9002): Read timed out.",0,56.69694568066818
288,2026-09-19T05:47:14.405+00:00,2026-09-19T05:52:14.490+00:00,2026-09-19T05:52:14.490+00:00,False,1,0.0,,0.0,300084.374114,300084.374114,300084.374114,300084.374114,300084.374114,300084.374114,nan,300084.374114,nan,nan,0.0,24,64,,True,False,"HTTPConnectionPool(host='gpu03', port=9002): Read timed out.",0,56.69694568066818
289,2026-09-19T05:47:14.711+00:00,2026-09-19T05:52:14.644+00:00,2026-09-19T05:52:14.782+00:00,False,3,2.0,,2.0,299932.497784,300070.696056,300070.696154,100023.56538466667,0.02438,299932.497784,173126.22768116219,269953.0654046,69.099136,97.68654160562606,0.006665096013329987,24,64,,True,False,Request timeout: 300.0s exceeded,4,56.69694568066818
290,2026-09-19T05:47:15.143+00:00,2026-09-19T05:52:14.915+00:00,2026-09-19T05:52:15.254+00:00,False,5,4.0,,4.0,299771.87193,300111.31001,300111.310076,60022.2620152,0.037770000000000005,299771.87193,134024.11533586372,239840.9579944,84.85952,56.7107903547909,0.013328388056640437,24,64,,True,False,Request timeout: 300.0s exceeded,21,56.69694568066818
291,2026-09-19T05:47:15.447+00:00,2026-09-19T05:52:15.252+00:00,2026-09-19T05:52:15.554+00:00,False,5,4.0,,4.0,299804.863885,300106.956429,300106.956283,60021.3912566,0.03012,299804.863885,134043.04330934386,239864.74546479995,75.523136,50.51846218113528,0.013328581408429727,24,64,,True,False,Request timeout: 300.0s exceeded,14,56.69694568066818
292,2026-09-19T05:47:15.759+00:00,2026-09-19T05:52:15.801+00:00,2026-09-19T05:52:15.801+00:00,False,1,0.0,,0.0,300042.089668,300042.089668,300042.089668,300042.089668,300042.089668,300042.089668,nan,300042.089668,nan,nan,0.0,24,64,,True,False,"HTTPConnectionPool(host='gpu03', port=9002): Read timed out.",0,56.69694568066818
293,2026-09-19T05:47:16.187+00:00,2026-09-19T05:52:16.258+00:00,2026-09-19T05:52:16.258+00:00,False,1,0.0,,0.0,300071.13449900004,300071.13449900004,300071.13449900004,300071.13449900004,300071.13449900004,300071.13449900004,nan,300071.13449900004,nan,nan,0.0,24,64,,True,False,TTFT timeout: 300.0s exceeded (TTFT: 300.050s),0,56.69694568066818
294,2026-09-19T05:47:17.486+00:00,2026-09-19T05:52:16.772+00:00,2026-09-19T05:52:17.735+00:00,False,12,11.0,,11.0,299285.785675,300249.496139,300249.49619599996,25020.791349666666,0.02502,299285.785675,86371.07950528146,134743.30227629998,87.61004218181819,33.44155418914102,0.036636198033476695,24,64,,True,False,Request timeout: 300.0s exceeded,72,56.69694568066818
295,2026-09-19T05:47:17.629+00:00,2026-09-19T05:52:17.075+00:00,2026-09-19T05:52:17.868+00:00,False,10,9.0,,9.0,299446.179484,300239.566492,300239.56662500004,30023.9566625,0.022109999999999998,299446.179484,94665.32698672035,164755.66668565,88.154112,39.6710840216837,0.029976062466236637,24,64,,True,False,Request timeout: 300.0s exceeded,42,56.69694568066818
296,2026-09-19T05:47:17.651+00:00,2026-09-19T05:52:17.958+00:00,2026-09-19T05:52:17.958+00:00,False,1,0.0,,0.0,300307.490946,300307.490946,300307.490946,300307.490946,300307.490946,300307.490946,nan,300307.490946,nan,nan,0.0,24,64,,True,False,"HTTPConnectionPool(host='gpu03', port=9002): Read timed out.",0,56.69694568066818
297,2026-09-19T05:47:17.868+00:00,2026-09-19T05:52:18.000+00:00,2026-09-19T05:52:18.000+00:00,False,1,0.0,,0.0,300131.920323,300131.920323,300131.920323,300131.920323,300131.920323,300131.920323,nan,300131.920323,nan,nan,0.0,24,64,,True,False,"HTTPConnectionPool(host='gpu03', port=9002): Read timed out.",0,56.69694568066818
298,2026-09-19T05:47:18.233+00:00,2026-09-19T05:52:18.260+00:00,2026-09-19T05:52:18.260+00:00,False,1,0.0,,0.0,300026.843552,300026.843552,300026.843552,300026.843552,300026.843552,300026.843552,nan,300026.843552,nan,nan,0.0,24,64,,True,False,"HTTPConnectionPool(host='gpu03', port=9002): Read timed out.",0,56.69694568066818
299,2026-09-19T05:47:18.636+00:00,2026-09-19T05:52:18.747+00:00,2026-09-19T05:52:18.747+00:00,False,1,0.0,,0.0,300110.942759,300110.942759,300110.942759,300110.942759,300110.942759,300110.942759,nan,300110.942759,nan,nan,0.0,24,64,,True,False,"HTTPConnectionPool(host='gpu03', port=9002): Read timed out.",0,56.69694568066818
300,2026-09-19T05:47:19.090+00:00,2026-09-19T05:52:19.140+00:00,2026-09-19T05:52:19.140+00:00,False,1,0.0,,0.0,300050.15204799996,300050.15204799996,300050.15204799996,300050.15204799996,300050.15204799996,300050.15204799996,nan,300050.15204799996,nan,nan,0.0,24,64,,True,False,TTFT timeout: 300.0s exceeded (TTFT: 300.038s),0,56.69694568066818
301,2026-09-19T05:47:19.568+00:00,2026-09-19T05:52:19.392+00:00,2026-09-19T05:52:20.582+00:00,False,16,15.0,,15.0,299823.99208099995,301014.0052649999,301014.00547699997,18813.375342312498,0.02184,299823.99208099995,74936.1714621547,75037.14920824999,79.33421226666667,33.52318024310958,0.04983156842418225,24,64,,True,False,Request timeout: 300.0s exceeded,52,56.69694568066818
302,2026-09-19T05:47:19.973+00:00,2026-09-19T05:52:19.922+00:00,2026-09-19T05:52:20.687+00:00,False,10,9.0,,9.0,299948.64241000003,300713.25425000006,300713.25424200005,30071.325424200004,0.02631,299948.64241000003,94825.22966487119,165019.2436444,84.9568711111111,36.59584504084111,0.029928843749992436,24,64,,True,False,Request timeout: 300.0s exceeded,35,56.69694568066818
303,2026-09-19T05:47:20.350+00:00,2026-09-19T05:52:20.767+00:00,2026-09-19T05:52:20.767+00:00,False,1,0.0,,0.0,300417.648246,300417.648246,300417.648246,300417.648246,300417.648246,300417.648246,nan,300417.648246,nan,nan,0.0,24,64,,True,False,"HTTPConnectionPool(host='gpu03', port=9002): Read timed out.",0,56.69694568066818
304,2026-09-19T05:47:20.684+00:00,2026-09-19T05:52:20.768+00:00,2026-09-19T05:52:20.768+00:00,False,1,0.0,,0.0,300084.145948,300084.145948,300084.145948,300084.145948,300084.145948,300084.145948,nan,300084.145948,nan,nan,0.0,24,64,,True,False,"HTTPConnectionPool(host='gpu03', port=9002): Read timed out.",0,56.69694568066818
0,2026-09-19T05:45:20.794+00:00,2026-09-19T05:45:21.010+00:00,2026-09-19T05:45:22.209+00:00,True,16,16.0,,16.0,216.23832000000002,1415.3983839999999,1415.398385,88.4623990625,32.412475,216.23832000000002,46.3667991294237,169.76331075000002,79.94400426666667,32.5500520450092,11.304237860427005,25,64,,False,True,,49,56.69694568066818
1,2026-09-19T05:45:21.148+00:00,2026-09-19T05:45:21.296+00:00,2026-09-19T05:45:25.441+00:00,True,45,45.0,,45.0,147.864588,4293.084172000001,4293.084165,95.40187033333333,46.748351,157.014004,24.36427989151665,111.52380819999999,94.209536,23.280049839204256,10.481974775499463,25,64,,False,True,,203,56.69694568066818
2,2026-09-19T05:45:21.470+00:00,2026-09-19T05:45:21.749+00:00,2026-09-19T05:45:24.495+00:00,True,29,29.0,,29.0,278.159652,3024.38762,3024.387634,104.2892287586207,42.437031000000005,278.159652,40.92241559117373,138.1931262,98.07957028571428,24.02111616079201,9.5887179964055,25,64,,False,True,,168,56.69694568066818
3,2026-09-19T05:45:21.908+00:00,2026-09-19T05:45:24.232+00:00,2026-09-19T05:45:30.916+00:00,True,70,70.0,,70.0,2323.6364169999997,9007.466945,9007.466766,128.67809665714285,47.895218,2323.6364169999997,266.875159471714,112.38140299999999,96.86710910144929,19.806551546590818,7.771330211636984,25,64,,False,True,,340,56.69694568066818
4,2026-09-19T05:45:22.381+00:00,2026-09-19T05:45:27.261+00:00,2026-09-19T05:45:35.952+00:00,True,89,89.0,,89.0,4880.210351,13571.511215,13571.511231,152.48889023595504,0.0,4880.210351,507.4407390990011,111.0753314,98.76478254545455,24.9860503388636,6.5578548026127095,25,64,,False,True,,427,56.69694568066818
5,2026-09-19T05:45:22.671+00:00,2026-09-19T05:45:28.544+00:00,2026-09-19T05:45:33.102+00:00,True,46,46.0,,46.0,5872.839989,10430.853173,10430.85318,226.75767782608696,51.539199999999994,5872.839989,851.4151868629014,134.86292825,101.28918186666667,27.880017859356972,4.409994008838112,25,64,,False,True,,183,56.69694568066818
6,2026-09-19T05:45:23.057+00:00,2026-09-19T05:45:30.495+00:00,2026-09-19T05:45:33.584+00:00,True,32,32.0,,32.0,7437.813792999999,10526.761504999999,10526.761606,328.9613001875,0.0,7437.813792999999,1297.6974868195978,185.1680427,99.64347458064516,35.87542746700524,3.0398712828062697,25,64,,False,True,,149,56.69694568066818
7,2026-09-19T05:45:23.506+00:00,2026-09-19T05:45:32.706+00:00,2026-09-19T05:45:34.300+00:00,True,17,17.0,,17.0,9199.24932,10794.118056000001,10794.118153000001,634.9481266470589,0.0,9199.24932,2207.4650002596572,2035.2838088,99.679296,48.28335162578421,1.5749318204418201,25,64,,False,True,,63,56.69694568066818
8,2026-09-19T05:45:23.865+00:00,2026-09-19T05:45:34.607+00:00,2026-09-19T05:45:42.912+00:00,True,86,86.0,,86.0,10741.961045,19047.407445,19047.407334,221.481480627907,0.0,10741.961045,1148.8381015132684,218.130471,97.71113411764705,49.14143541505898,4.515050158313028,25,64,,False,True,,304,56.69694568066818
9,2026-09-19T05:45:24.213+00:00,2026-09-19T05:45:36.865+00:00,2026-09-19T05:45:37.845+00:00,True,11,11.0,,11.0,12651.215205,13631.863141,13631.863251,1239.2602955454545,0.03243,12651.215205,3785.4477353452717,6455.390435,98.06479359999999,66.79918619937287,0.8069329838645275,25,64,,False,True,,56,56.69694568066818
10,2026-09-19T05:45:24.730+00:00,2026-09-19T05:45:39.494+00:00,2026-09-19T05:45:39.602+00:00,True,2,2.0,,2.0,14763.531394,14871.870082,14871.870072,7435.935036,108.338678,14763.531394,10362.786149079297,14030.771758199997,108.338688,nan,0.13448207851282115,25,64,,False,True,,5,56.69694568066818
11,2026-09-19T05:45:25.171+00:00,2026-09-19T05:45:41.982+00:00,2026-09-19T05:45:43.745+00:00,True,19,19.0,,19.0,16811.049983,18574.219519000002,18574.219366,977.5904929473685,0.0,16811.049983,3834.6797938450654,1938.689888,97.9538631111111,59.26689083298044,1.022923196345583,25,64,,False,True,,59,56.69694568066818
12,2026-09-19T05:45:25.533+00:00,2026-09-19T05:45:43.950+00:00,2026-09-19T05:45:46.818+00:00,True,31,31.0,,31.0,18417.320631000002,21284.662711,21284.662721,686.6020232580646,0.0,18417.320631000002,3291.177559639668,233.34406149999998,95.57806933333333,58.081406467566545,1.4564477915818264,25,64,,False,True,,118,56.69694568066818
13,2026-09-19T05:45:25.931+00:00,2026-09-19T05:45:46.610+00:00,2026-09-19T05:45:50.368+00:00,True,39,39.0,,39.0,20678.729671999998,24436.681672,24436.681566,626.5815786153845,0.0,20678.729671999998,3295.8689152286056,146.4264275,98.89347368421052,55.66531389456396,1.595961371657385,25,64,,False,True,,143,56.69694568066818
14,2026-09-19T05:45:26.286+00:00,2026-09-19T05:45:48.450+00:00,2026-09-19T05:45:54.291+00:00,True,58,58.0,,58.0,22164.560841,28005.389513,28005.389401999997,482.8515414137931,0.0,22164.560841,2898.190345989788,392.01951475000004,102.47067845614035,87.43259892831838,2.071029934187368,25,64,,False,True,,248,56.69694568066818
15,2026-09-19T05:45:26.736+00:00,2026-09-19T05:45:50.848+00:00,2026-09-19T05:45:52.250+00:00,True,12,12.0,,12.0,24112.42116,25514.805800000002,25514.805883,2126.2338235833336,0.02859,24112.42116,6924.815290030162,11114.802542500001,127.48951272727274,121.05146992630705,0.47031516108972304,25,64,,False,True,,61,56.69694568066818
16,2026-09-19T05:45:27.096+00:00,2026-09-19T05:45:52.604+00:00,2026-09-19T05:45:58.380+00:00,True,62,62.0,,62.0,25508.706378,31284.57505,31284.574931,504.5899182419355,0.0,25508.706378,3228.0830583137313,111.57249855,94.68637167213114,57.24479004551272,1.9818073252045019,25,64,,False,True,,265,56.69694568066818
17,2026-09-19T05:45:27.516+00:00,2026-09-19T05:45:54.839+00:00,2026-09-19T05:45:56.232+00:00,True,18,18.0,,18.0,27323.040231,28716.670183,28716.670103,1595.3705612777778,45.716722999999995,27323.040231,6420.834350047005,4191.21555375,81.97823247058824,27.259251570738396,0.6268136202872098,25,64,,False,True,,69,56.69694568066818
18,2026-09-19T05:45:28.004+00:00,2026-09-19T05:45:57.694+00:00,2026-09-19T05:46:06.310+00:00,True,88,88.0,,88.0,29690.041795,38306.374339,38306.374263,435.29970753409094,0.0,29690.041795,3155.440536486933,116.9894867,99.03830510344827,81.04389778191471,2.2972677920710067,25,64,,False,True,,499,56.69694568066818
19,2026-09-19T05:45:28.405+00:00,2026-09-19T05:46:00.181+00:00,2026-09-19T05:46:07.378+00:00,True,72,72.0,,72.0,31776.248494,38973.186478,38973.18668,541.2942594444445,0.0,31776.248494,3733.9795370109364,114.717309,101.36532371830987,89.54645780494448,1.8474239985648422,25,64,,False,True,,305,56.69694568066818
20,2026-09-19T05:45:28.816+00:00,2026-09-19T05:46:02.035+00:00,2026-09-19T05:46:03.472+00:00,True,15,15.0,,15.0,33219.072063,34656.192831,34656.192716,2310.4128477333334,59.474091,33219.072063,8550.632905512464,10045.6597737,102.65148342857144,13.487329834164335,0.4328230764743,25,64,,False,True,,70,56.69694568066818
21,2026-09-19T05:45:29.288+00:00,2026-09-19T05:46:04.784+00:00,2026-09-19T05:46:09.360+00:00,True,47,47.0,,47.0,35496.687279,40072.615855,40072.615729,852.6088452978723,0.0,35496.687279,5164.3365344636,414.2045063,99.47670817391305,108.86946403632263,1.172870774647362,25,64,,False,True,,212,56.69694568066818
22,2026-09-19T05:45:29.591+00:00,2026-09-19T05:46:06.721+00:00,2026-09-19T05:46:09.559+00:00,True,30,30.0,,30.0,37129.954533,39967.791076999994,39967.790961,1332.2596987,0.02011,37129.954533,6761.700789491439,345.40624245,97.85643255172414,91.3358169344431,0.7506044039862865,25,64,,False,True,,132,56.69694568066818
23,2026-09-19T05:45:30.115+00:00,2026-09-19T05:46:08.955+00:00,2026-09-19T05:46:14.959+00:00,True,63,63.0,,63.0,38840.829178,44844.727033999996,44844.727172,711.8210662222223,0.0,38840.829178,4882.071005775632,108.484676,96.83706219354838,88.36245423428592,1.4048474406419107,25,64,,False,True,,223,56.69694568066818
24,2026-09-19T05:45:30.611+00:00,2026-09-19T05:46:11.252+00:00,2026-09-19T05:46:15.415+00:00,True,45,45.0,,45.0,40641.343893,44804.346773,44804.346915999995,995.6521536888888,0.0,40641.343893,6045.248864182285,114.2652882,94.61370181818181,105.46930089902544,1.0043668358338371,25,64,,False,True,,144,56.69694568066818
25,2026-09-19T05:45:30.927+00:00,2026-09-19T05:46:13.270+00:00,2026-09-19T05:46:14.153+00:00,True,10,10.0,,10.0,42343.380449000004,43226.60400100001,43226.603882,4322.6603882,91.871486,42343.380449000004,13359.12042868443,23336.63078885,98.13595022222222,5.83269742150066,0.23133901519926617,25,64,,False,True,,36,56.69694568066818
26,2026-09-19T05:45:31.337+00:00,2026-09-19T05:46:15.310+00:00,2026-09-19T05:46:18.396+00:00,True,33,33.0,,33.0,43972.397964,47059.049868,47059.049844,1426.0318134545455,38.171541,43972.397964,7637.850381278165,117.8472696,96.457872,21.595925685343833,0.7012466272176032,25,64,,False,True,,148,56.69694568066818
27,2026-09-19T05:45:31.771+00:00,2026-09-19T05:46:17.757+00:00,2026-09-19T05:46:21.368+00:00,True,37,37.0,,37.0,45986.161004,49597.612140000005,49597.612101,1340.4760027297298,0.0,45986.161004,7544.3209744408905,227.87767140000003,100.3180871111111,106.79135664183917,0.7460036562961839,25,64,,False,True,,165,56.69694568066818
28,2026-09-19T05:45:32.158+00:00,2026-09-19T05:46:20.398+00:00,2026-09-19T05:46:21.322+00:00,True,12,12.0,,12.0,48239.866744000006,49163.996792000005,49163.996661000005,4096.99972175,0.0,48239.866744000006,13901.456675310312,21769.690041250004,84.01182254545455,42.39574461262448,0.2440810508301198,25,64,,False,True,,49,56.69694568066818
29,2026-09-19T05:45:32.648+00:00,2026-09-19T05:46:23.121+00:00,2026-09-19T05:46:24.864+00:00,True,18,18.0,,18.0,50473.223442,52215.723026,52215.722863,2900.873492388889,51.69885,50473.223442,11872.500643903737,7665.6162688,102.49997552941176,13.53638897404015,0.34472375286342744,25,64,,False,True,,70,56.69694568066818
30,2026-09-19T05:45:32.956+00:00,2026-09-19T05:46:24.648+00:00,2026-09-19T05:46:25.941+00:00,True,13,13.0,,13.0,51691.653593999996,52985.161177999995,52985.161266999996,4075.7816359230765,99.698978,51691.653593999996,14306.790069490544,20746.1811624,107.79229866666667,5.806905169218099,0.24535171189396587,25,64,,False,True,,49,56.69694568066818
31,2026-09-19T05:45:33.333+00:00,2026-09-19T05:46:26.375+00:00,2026-09-19T05:46:32.698+00:00,True,63,63.0,,63.0,53041.807857,59364.384753,59364.384795,942.2918221428571,0.0,53041.807857,6670.497989468055,116.82169029999999,101.97704670967741,97.85637393582992,1.0612423637864161,25,64,,False,True,,279,56.69694568066818
32,2026-09-19T05:45:33.753+00:00,2026-09-19T05:46:28.590+00:00,2026-09-19T05:46:34.196+00:00,True,56,56.0,,56.0,54836.849969999996,60443.23409799999,60443.234037999995,1079.3434649642857,0.0,54836.849969999996,7315.001515967078,115.18370724999998,101.93425687272727,105.05795564520892,0.9264891403594333,25,64,,False,True,,322,56.69694568066818
33,2026-09-19T05:45:34.282+00:00,2026-09-19T05:46:31.295+00:00,2026-09-19T05:46:39.371+00:00,True,73,73.0,,73.0,57013.749404,65089.097372000004,65089.097371,891.6314708356165,0.0,57013.749404,6660.976990926401,117.31724479999998,112.15761066666667,124.60625022241632,1.1215395964517263,25,64,,False,True,,417,56.69694568066818
34,2026-09-19T05:45:34.745+00:00,2026-09-19T05:46:34.292+00:00,2026-09-19T05:46:36.669+00:00,True,24,24.0,,24.0,59546.851736000004,61923.36629600001,61923.366400000006,2580.140266666667,48.049357,59546.851736000004,12133.865130903723,112.19104109999998,103.32672,12.74090463310043,0.38757582856974465,25,64,,False,True,,116,56.69694568066818
35,2026-09-19T05:45:35.193+00:00,2026-09-19T05:46:36.871+00:00,2026-09-19T05:46:39.354+00:00,True,26,26.0,,26.0,61678.018939,64160.934267000004,64160.934014,2467.7282313076926,0.0,61678.018939,12078.466272223945,847.43352175,99.31661312,218.02340861468565,0.40523100695203906,25,64,,False,True,,109,56.69694568066818
36,2026-09-19T05:45:35.534+00:00,2026-09-19T05:46:39.357+00:00,2026-09-19T05:46:47.356+00:00,True,88,88.0,,88.0,63823.526020000005,71821.72531600001,71821.725426,816.15597075,0.0,63823.526020000005,6793.87618469304,113.10490105000001,91.93332524137931,30.02318719988367,1.2252560017573944,25,64,,False,True,,337,56.69694568066818
37,2026-09-19T05:45:35.933+00:00,2026-09-19T05:46:40.809+00:00,2026-09-19T05:46:45.780+00:00,True,51,51.0,,51.0,64875.971305,69846.892777,69846.892712,1369.5469159215686,42.765439,64875.971305,9070.549061900207,112.35782649999999,99.41842944,17.932283856056056,0.7301684867045921,25,64,,False,True,,239,56.69694568066818
38,2026-09-19T05:45:36.442+00:00,2026-09-19T05:46:43.564+00:00,2026-09-19T05:46:43.564+00:00,True,1,1.0,,1.0,67121.074291,67121.074291,67121.074291,67121.074291,67121.074291,67121.074291,nan,67121.074291,nan,nan,0.014898450457818225,25,64,,False,True,,3,56.69694568066818
39,2026-09-19T05:45:37.106+00:00,2026-09-19T05:46:45.579+00:00,2026-09-19T05:46:51.711+00:00,True,65,65.0,,65.0,68473.371727,74605.389135,74605.38919100001,1147.775218323077,0.0,68473.371727,8482.09915234601,110.0976612,95.812772,125.00421484356005,0.8712507334072227,25,64,,False,True,,283,56.69694568066818
40,2026-09-19T05:45:37.339+00:00,2026-09-19T05:46:47.872+00:00,2026-09-19T05:46:54.288+00:00,True,66,66.0,,66.0,70533.13690099999,76948.91802099999,76948.917989,1165.8926968030303,0.0,70533.13690099999,8670.78141430679,115.77899325,98.70432492307692,126.04481227683016,0.8577118651881246,25,64,,False,True,,307,56.69694568066818
41,2026-09-19T05:45:37.652+00:00,2026-09-19T05:46:49.738+00:00,2026-09-19T05:46:49.738+00:00,True,1,1.0,,1.0,72085.743243,72085.743243,72085.743243,72085.743243,72085.743243,72085.743243,nan,72085.743243,nan,nan,0.013872368585130825,25,64,,False,True,,4,56.69694568066818
42,2026-09-19T05:45:38.089+00:00,2026-09-19T05:46:52.028+00:00,2026-09-19T05:46:53.816+00:00,True,18,18.0,,18.0,73938.30034900001,75726.38662100001,75726.38662500001,4207.021479166668,16.088002,73938.30034900001,17402.688546770903,11306.621332250003,105.18154541176472,45.325254338264735,0.23769785940120824,25,64,,False,True,,53,56.69694568066818
43,2026-09-19T05:45:38.553+00:00,2026-09-19T05:46:54.505+00:00,2026-09-19T05:46:55.930+00:00,True,15,15.0,,15.0,75952.792286,77377.011678,77377.01170399999,5158.467446933333,0.01653,75952.792286,19585.722860650974,23359.7091567,101.72995657142857,211.7353098764326,0.1938560261595736,25,64,,False,True,,83,56.69694568066818
44,2026-09-19T05:45:38.930+00:00,2026-09-19T05:46:56.663+00:00,2026-09-19T05:47:04.859+00:00,True,75,75.0,,75.0,77732.602674,85928.60395399999,85928.604047,1145.7147206266666,0.0,77732.602674,8963.93720405364,115.2464524,110.75677405405405,130.5929416851915,0.8728176247358751,25,64,,False,True,,321,56.69694568066818
45,2026-09-19T05:45:39.246+00:00,2026-09-19T05:46:58.461+00:00,2026-09-19T05:47:08.047+00:00,True,99,99.0,,99.0,79215.255221,88801.906101,88801.906061,896.9889501111111,0.0,79215.255221,7952.468385531538,113.63338159999999,97.8229681632653,118.0472294567454,1.1148409346912111,25,64,,False,True,,575,56.69694568066818
46,2026-09-19T05:45:39.758+00:00,2026-09-19T05:47:01.831+00:00,2026-09-19T05:47:02.364+00:00,True,6,6.0,,6.0,82073.408907,82606.062731,82606.06284700001,13767.677141166667,102.24842,82073.408907,33462.838129993674,61583.012342,106.5307648,4.6928224255638735,0.07263389394963077,25,64,,False,True,,13,56.69694568066818
47,2026-09-19T05:45:40.128+00:00,2026-09-19T05:47:04.855+00:00,2026-09-19T05:47:08.950+00:00,True,51,51.0,,51.0,84727.32924600001,88822.028254,88822.02817,1741.6083954901962,0.0,84727.32924600001,11852.794808013081,112.84045600000002,81.89398016,39.06448919648808,0.5741818893637263,25,64,,False,True,,248,56.69694568066818
48,2026-09-19T05:45:40.500+00:00,2026-09-19T05:47:06.025+00:00,2026-09-19T05:47:15.195+00:00,True,95,95.0,,95.0,85524.73926999999,94694.94854999999,94694.94849499999,996.7889315263157,44.640955999999996,85524.73926999999,8764.661574662878,111.35538910000001,97.55541787234043,17.580067625131306,1.0032214120676028,25,64,,False,True,,396,56.69694568066818
49,2026-09-19T05:45:40.830+00:00,2026-09-19T05:47:07.682+00:00,2026-09-19T05:47:13.547+00:00,True,60,60.0,,60.0,86852.20077,92717.422914,92717.42291899999,1545.2903819833332,43.609536999999996,86852.20077,11199.74943110833,111.9001166,99.41054481355933,16.789858963112355,0.6471275636689446,25,64,,False,True,,205,56.69694568066818
50,2026-09-19T05:45:41.309+00:00,2026-09-19T05:47:10.707+00:00,2026-09-19T05:47:17.499+00:00,True,62,62.0,,62.0,89397.487501,96190.016397,96190.016374,1551.451877,44.904705,89397.487501,11339.930719759679,112.11030655,111.35293272131148,115.67152863057585,0.6445575364506714,25,64,,False,True,,236,56.69694568066818
51,2026-09-19T05:45:41.673+00:00,2026-09-19T05:47:12.514+00:00,2026-09-19T05:47:22.035+00:00,True,99,99.0,,99.0,90840.51695800001,100361.58806200001,100361.58803000001,1013.7534144444445,0.0,90840.51695800001,9121.454177112966,113.14808110000001,97.15378677551021,160.80183727142554,0.9864331753981527,25,64,,False,True,,351,56.69694568066818
52,2026-09-19T05:45:42.079+00:00,2026-09-19T05:47:15.393+00:00,2026-09-19T05:47:20.568+00:00,True,54,54.0,,54.0,93313.50086,98489.174716,98489.174707,1823.873605685185,0.0,93313.50086,12686.937097159827,432.2799766,97.6542236981132,219.73326769145254,0.5482836073681453,25,64,,False,True,,177,56.69694568066818
53,2026-09-19T05:45:42.521+00:00,2026-09-19T05:47:17.550+00:00,2026-09-19T05:47:20.411+00:00,True,29,29.0,,29.0,95028.881378,97890.06691400001,97890.066865,3375.5195470689655,0.0,95028.881378,17629.107611934305,869.2339984,102.18519771428572,246.55802679460584,0.29625069135439,25,64,,False,True,,113,56.69694568066818
54,2026-09-19T05:45:42.812+00:00,2026-09-19T05:47:18.876+00:00,2026-09-19T05:47:28.127+00:00,True,95,95.0,,95.0,96064.005815,105315.190455,105315.19036,1108.5809511578948,0.0,96064.005815,9846.756390753253,112.32276739999999,98.41685787234043,133.4489379375918,0.9020541062458832,25,64,,False,True,,521,56.69694568066818
55,2026-09-19T05:45:43.279+00:00,2026-09-19T05:47:21.390+00:00,2026-09-19T05:47:30.066+00:00,True,89,89.0,,89.0,98111.152594,106787.194834,106787.195019,1199.8561238089887,46.683641,98111.152594,10389.326517513216,111.7997714,98.59138909090909,18.227930936404288,0.8334332607795338,25,64,,False,True,,348,56.69694568066818
56,2026-09-19T05:45:43.739+00:00,2026-09-19T05:47:23.618+00:00,2026-09-19T05:47:27.346+00:00,True,39,39.0,,39.0,99879.57731800001,103607.228646,103607.22881200002,2656.595610564103,47.681928,99879.57731800001,15977.83770345446,115.61796290000001,98.09608757894736,20.916688588299213,0.37642161178978395,25,64,,False,True,,139,56.69694568066818
57,2026-09-19T05:45:44.263+00:00,2026-09-19T05:47:26.671+00:00,2026-09-19T05:47:33.245+00:00,True,69,69.0,,69.0,102407.756176,108982.41499199999,108982.41488699999,1579.4552882173912,47.707788,102407.756176,12316.817338187393,108.59940859999999,96.68615905882352,17.244197574930233,0.6331296659655142,25,64,,True,True,,209,56.69694568066818
58,2026-09-19T05:45:44.773+00:00,2026-09-19T05:47:29.806+00:00,2026-09-19T05:47:36.758+00:00,True,71,71.0,,71.0,105033.351779,111985.06710700001,111985.06710500001,1577.2544662676057,43.065869,105033.351779,12453.389837422992,110.79405849999999,99.31021897142857,16.09568329349541,0.6340131040164542,25,64,,True,True,,258,56.69694568066818
59,2026-09-19T05:45:45.201+00:00,2026-09-19T05:47:32.071+00:00,2026-09-19T05:47:34.882+00:00,True,29,29.0,,29.0,106869.897716,109680.574708,109680.574712,3782.088783172414,48.588615,106869.897716,19826.60656622903,113.6283238,100.38132114285715,14.499240444349734,0.2644041579578336,25,64,,True,True,,129,56.69694568066818
60,2026-09-19T05:45:45.732+00:00,2026-09-19T05:47:34.887+00:00,2026-09-19T05:47:43.660+00:00,True,91,91.0,,91.0,109155.584794,117928.084506,117928.084439,1295.9130158131868,47.994346,109155.584794,11432.413217142686,111.501037,97.47221902222222,19.617103626722937,0.771656729448277,25,64,,True,True,,307,56.69694568066818
61,2026-09-19T05:45:46.224+00:00,2026-09-19T05:47:37.438+00:00,2026-09-19T05:47:40.328+00:00,True,33,33.0,,33.0,111213.712362,114103.98897,114103.989101,3457.6966394242427,49.787373,111213.712362,19344.1138206916,110.2318376,90.321144,23.944437010403675,0.2892098716082248,25,64,,True,True,,163,56.69694568066818
62,2026-09-19T05:45:46.700+00:00,2026-09-19T05:47:39.852+00:00,2026-09-19T05:47:48.113+00:00,True,83,83.0,,83.0,113152.720321,121413.411521,121413.411423,1462.8121858192771,50.042553,113152.720321,12409.075139852173,110.9888061,100.74013658536585,14.348541241945703,0.683614758536326,25,64,,True,True,,411,56.69694568066818
63,2026-09-19T05:45:47.211+00:00,2026-09-19T05:47:42.927+00:00,2026-09-19T05:47:43.967+00:00,True,11,11.0,,11.0,115716.147436,116755.800812,116755.800802,10614.163709272727,94.683606,115716.147436,34858.384783799054,57914.389835,103.9653376,4.896011341623464,0.09421373433695326,25,64,,True,True,,32,56.69694568066818
64,2026-09-19T05:45:47.605+00:00,2026-09-19T05:47:45.110+00:00,2026-09-19T05:47:54.050+00:00,True,90,90.0,,90.0,117505.59684900001,126445.14091300001,126445.14078,1404.9460086666668,41.940451,117505.59684900001,12375.59819569202,110.87117705,100.4443153258427,14.581680636281368,0.7117711234307064,25,64,,True,True,,349,56.69694568066818
65,2026-09-19T05:45:48.053+00:00,2026-09-19T05:47:47.380+00:00,2026-09-19T05:47:49.907+00:00,True,27,27.0,,27.0,119326.87004600001,121854.15939000002,121854.15929100002,4513.117010777778,45.458943,119326.87004600001,22945.769078037414,112.9637769,97.2034363076923,20.771270147026982,0.22157635106722307,25,64,,True,True,,131,56.69694568066818
66,2026-09-19T05:45:48.510+00:00,2026-09-19T05:47:50.018+00:00,2026-09-19T05:47:57.325+00:00,True,75,75.0,,75.0,121507.508926,128814.60063799999,128814.600431,1717.5280057466666,49.299464,121507.508926,14019.084012335556,110.12565640000001,98.7444825945946,14.546922778286527,0.5822321353987506,25,64,,True,True,,307,56.69694568066818
67,2026-09-19T05:45:48.810+00:00,2026-09-19T05:47:51.438+00:00,2026-09-19T05:48:00.683+00:00,True,94,94.0,,94.0,122628.475231,131873.156959,131873.15683300002,1402.9059237553192,47.644057000000004,122628.475231,12637.917432242375,110.45440565000001,99.40517987096774,15.010661263912398,0.7128061704720168,25,64,,True,True,,365,56.69694568066818
68,2026-09-19T05:45:49.187+00:00,2026-09-19T05:47:53.399+00:00,2026-09-19T05:48:01.095+00:00,True,79,79.0,,79.0,124212.06467200001,131907.857056,131907.856999,1669.7197088481014,44.731795,124212.06467200001,13963.857787160161,111.17739490000002,98.66400492307693,16.17127174756549,0.5989029142249004,25,64,,True,True,,350,56.69694568066818
69,2026-09-19T05:45:49.603+00:00,2026-09-19T05:47:55.073+00:00,2026-09-19T05:48:02.959+00:00,True,81,81.0,,81.0,125469.724162,133355.60397,133355.60393,1646.365480617284,46.248751,125469.724162,13930.137902169425,110.18294,98.5734976,16.839066652560295,0.6073985463574666,25,64,,True,True,,335,56.69694568066818
70,2026-09-19T05:45:50.103+00:00,2026-09-19T05:47:58.005+00:00,2026-09-19T05:48:03.486+00:00,True,55,55.0,,55.0,127902.818694,133383.28000600002,133383.27987,2425.150543090909,46.509629999999994,127902.818694,17232.732574572037,112.55753349999999,101.4900242962963,13.160067900108501,0.4123455353439046,25,64,,True,True,,274,56.69694568066818
71,2026-09-19T05:45:50.409+00:00,2026-09-19T05:47:59.943+00:00,2026-09-19T05:48:04.806+00:00,True,50,50.0,,50.0,129534.312754,134396.933938,134396.933968,2687.93867936,47.487358,129534.312754,18304.89120016366,111.68356185,99.23716702040817,16.478785989753302,0.37203229668219967,25,64,,True,True,,188,56.69694568066818
72,2026-09-19T05:45:50.714+00:00,2026-09-19T05:48:01.606+00:00,2026-09-19T05:48:10.261+00:00,True,88,88.0,,88.0,130892.21205,139546.60181,139546.601845,1585.7568391477273,46.203531000000005,130892.21205,13942.564254669236,112.36038035,99.47574436781609,18.18084790404704,0.6306137079555445,25,64,,True,True,,439,56.69694568066818
73,2026-09-19T05:45:51.042+00:00,2026-09-19T05:48:03.172+00:00,2026-09-19T05:48:08.195+00:00,True,52,52.0,,52.0,132130.372109,137153.161485,137153.16153399998,2637.560798730769,45.916321,132130.372109,18309.53800225277,111.8817222,98.48606619607844,19.06226536769486,0.3791381798055532,25,64,,True,True,,204,56.69694568066818
74,2026-09-19T05:45:51.434+00:00,2026-09-19T05:48:05.126+00:00,2026-09-19T05:48:11.105+00:00,True,61,61.0,,61.0,133692.182231,139671.16335100002,139671.16325,2289.6912008196723,46.825069000000006,133692.182231,17104.781055746374,115.014639,99.64968533333332,18.657528750804737,0.4367401154002291,25,64,,True,True,,206,56.69694568066818
75,2026-09-19T05:45:51.849+00:00,2026-09-19T05:48:07.397+00:00,2026-09-19T05:48:09.833+00:00,True,25,25.0,,25.0,135548.364068,137984.151844,137984.151789,5519.36607156,53.572883999999995,135548.364068,27089.378576533483,115.81536220000002,101.49115733333333,15.026458670044402,0.1811802273370069,25,64,,True,True,,109,56.69694568066818
76,2026-09-19T05:45:52.212+00:00,2026-09-19T05:48:08.623+00:00,2026-09-19T05:48:17.538+00:00,True,89,89.0,,89.0,136411.475599,145326.73140699998,145326.731276,1632.8846210786517,47.835646000000004,136411.475599,14448.855648567824,112.9666438,101.3097250909091,14.266757062881261,0.6124131406406428,25,64,,True,True,,411,56.69694568066818
77,2026-09-19T05:45:52.468+00:00,2026-09-19T05:48:10.941+00:00,2026-09-19T05:48:11.059+00:00,True,2,2.0,,2.0,138472.698537,138590.323881,138590.32379999998,69295.16189999999,117.625263,138472.698537,97831.81052360706,131554.9448733,117.625344,nan,0.014431021906820073,25,64,,True,True,,3,56.69694568066818
78,2026-09-19T05:45:52.900+00:00,2026-09-19T05:48:13.094+00:00,2026-09-19T05:48:15.220+00:00,True,22,22.0,,22.0,140193.88991,142319.519862,142319.519832,6469.069083272727,45.880032,140193.88991,29867.86030536016,112.36849215000001,101.22047390476192,13.311558831488226,0.1545817469123862,25,64,,True,True,,122,56.69694568066818
79,2026-09-19T05:45:53.268+00:00,2026-09-19T05:48:15.320+00:00,2026-09-19T05:48:16.681+00:00,True,15,15.0,,15.0,142052.793251,143412.93712299998,143412.937161,9560.8624774,44.664924,142052.793251,36652.79432765184,42694.0220225,97.15313371428572,21.132127080759883,0.10459307438306667,25,64,,True,True,,46,56.69694568066818
80,2026-09-19T05:45:53.691+00:00,2026-09-19T05:48:17.429+00:00,2026-09-19T05:48:26.569+00:00,True,95,95.0,,95.0,143738.07228,152878.082008,152878.08193699998,1609.2429677578946,46.171220999999996,143738.07228,14737.252483323009,111.79223169999999,97.23414604255319,20.01227250138583,0.621410203164563,25,64,,True,True,,441,56.69694568066818
81,2026-09-19T05:45:54.048+00:00,2026-09-19T05:48:19.879+00:00,2026-09-19T05:48:28.640+00:00,True,91,91.0,,91.0,145830.86527,154592.16370200002,154592.163841,1698.8149872637364,43.038269,145830.86527,15277.035959158437,111.37342199999999,97.34776035555555,19.493427702142323,0.5886456196797684,25,64,,True,True,,306,56.69694568066818
82,2026-09-19T05:45:54.438+00:00,2026-09-19T05:48:21.760+00:00,2026-09-19T05:48:31.022+00:00,True,97,97.0,,97.0,147322.174058,156583.988842,156583.988827,1614.2679260515465,45.785401,147322.174058,14948.518239252435,111.511872,96.47723733333333,20.249001963242556,0.6194758526548789,25,64,,True,True,,415,56.69694568066818
83,2026-09-19T05:45:54.830+00:00,2026-09-19T05:48:23.625+00:00,2026-09-19T05:48:29.054+00:00,True,58,58.0,,58.0,148794.541681,154223.916913,154223.91678600002,2659.033048034483,48.362147,148794.541681,19525.185475846403,111.362618,95.25219705263157,22.02513773487867,0.37607655907688214,25,64,,True,True,,248,56.69694568066818
84,2026-09-19T05:45:55.130+00:00,2026-09-19T05:48:25.936+00:00,2026-09-19T05:48:29.937+00:00,True,41,41.0,,41.0,150805.954054,154807.185414,154807.18531,3775.785007560976,49.063843,150805.954054,23536.316871341573,111.642946,100.030784,16.87025733980847,0.2648455876925475,25,64,,True,True,,185,56.69694568066818
85,2026-09-19T05:45:55.525+00:00,2026-09-19T05:48:27.955+00:00,2026-09-19T05:48:36.107+00:00,True,83,83.0,,83.0,152430.077589,160581.807253,160581.807248,1934.720569253012,48.426905,152430.077589,16720.471647717543,112.01391410000001,99.41133736585365,17.25316147506891,0.5168705061914751,25,64,,True,True,,204,56.69694568066818
86,2026-09-19T05:45:56.031+00:00,2026-09-19T05:48:30.556+00:00,2026-09-19T05:48:38.913+00:00,True,84,84.0,,84.0,154525.789547,162882.091627,162882.09142399998,1939.072516952381,45.235443,154525.789547,16849.170916690728,112.0855255,100.67833831325302,18.406469621360092,0.5157104698309009,25,64,,True,True,,392,56.69694568066818
87,2026-09-19T05:45:56.491+00:00,2026-09-19T05:48:32.665+00:00,2026-09-19T05:48:32.874+00:00,True,3,3.0,,3.0,156173.871724,156383.595116,156383.595109,52127.86503633333,103.828944,156173.871724,90106.48495976331,140567.0739957,104.861696,1.4604640027169449,0.01918359785612233,25,64,,True,True,,10,56.69694568066818
88,2026-09-19T05:45:56.925+00:00,2026-09-19T05:48:34.941+00:00,2026-09-19T05:48:36.263+00:00,True,15,15.0,,15.0,158016.25873300002,159338.51562900003,159338.515642,10622.567709466668,47.957127,158016.25873300002,40775.24310065896,47486.04874910001,94.44692114285715,24.11971908085256,0.0941391975492331,25,64,,True,True,,70,56.69694568066818
89,2026-09-19T05:45:57.415+00:00,2026-09-19T05:48:37.931+00:00,2026-09-19T05:48:39.615+00:00,True,17,17.0,,17.0,160515.517041,162199.66244900002,162199.66225800003,9541.156603411766,48.540186,160515.517041,38905.20519168289,32196.376708200005,105.259088,15.816091547372345,0.10480909604448321,25,64,,True,True,,62,56.69694568066818
90,2026-09-19T05:45:57.821+00:00,2026-09-19T05:48:40.143+00:00,2026-09-19T05:48:42.172+00:00,True,20,20.0,,20.0,162321.863653,164350.800357,164350.800369,8217.54001845,103.26374700000001,162321.863653,36272.394136199735,8224.40978105,106.78614231578948,2.867955086871733,0.12169091940262136,25,64,,True,True,,62,56.69694568066818
91,2026-09-19T05:45:58.270+00:00,2026-09-19T05:48:42.484+00:00,2026-09-19T05:48:46.042+00:00,True,37,37.0,,37.0,164214.043831,167771.748535,167771.748521,4534.371581648648,45.418454,164214.043831,26980.38047614941,110.0145162,98.82513066666667,16.186153359666445,0.22053772654268533,25,64,,True,True,,169,56.69694568066818
92,2026-09-19T05:45:58.717+00:00,2026-09-19T05:48:44.966+00:00,2026-09-19T05:48:50.636+00:00,True,59,59.0,,59.0,166249.61539199998,171919.55663999997,171919.55683199997,2913.8907937627114,44.287186,166249.61539199998,21631.137465648677,111.14475979999999,97.75760772413793,18.817406537583835,0.3431837607838075,25,64,,True,True,,264,56.69694568066818
93,2026-09-19T05:45:59.041+00:00,2026-09-19T05:48:46.522+00:00,2026-09-19T05:48:51.892+00:00,True,55,55.0,,55.0,167481.197247,172851.427519,172851.427523,3142.753227690909,48.640385,167481.197247,22569.75592920006,110.67341100000002,99.44870874074074,15.99172329879237,0.31819233887411397,25,64,,True,True,,245,56.69694568066818
94,2026-09-19T05:45:59.487+00:00,2026-09-19T05:48:48.855+00:00,2026-09-19T05:48:57.576+00:00,True,87,87.0,,87.0,169367.630868,178089.242388,178089.24259100002,2047.0027884022988,45.634182,169367.630868,18147.249214972904,111.2735647,101.41408744186047,14.77120670304888,0.48851912015243787,25,64,,True,True,,286,56.69694568066818
95,2026-09-19T05:45:59.951+00:00,2026-09-19T05:48:51.369+00:00,2026-09-19T05:48:59.400+00:00,True,81,81.0,,81.0,171417.462455,179448.883895,179448.883971,2215.4183206296298,49.625974,171417.462455,19035.23633317247,111.859587,100.392768,15.668573394656086,0.4513820216758501,25,64,,True,True,,388,56.69694568066818
96,2026-09-19T05:46:00.404+00:00,2026-09-19T05:48:53.943+00:00,2026-09-19T05:48:54.982+00:00,True,11,11.0,,11.0,173538.214346,174577.785546,174577.78547,15870.707769999999,93.721949,173538.214346,52292.396297021965,86824.020289,103.95712,4.853071583998095,0.06300916216571883,25,64,,True,True,,45,56.69694568066818
97,2026-09-19T05:46:00.925+00:00,2026-09-19T05:48:56.817+00:00,2026-09-19T05:49:05.220+00:00,True,85,85.0,,85.0,175891.84851699998,184294.83706099997,184294.83707799998,2168.1745538588234,46.402879999999996,175891.84851699998,19067.306264446674,112.3292238,100.03557790476191,16.47596642017551,0.4612174782295488,25,64,,True,True,,395,56.69694568066818
98,2026-09-19T05:46:01.409+00:00,2026-09-19T05:48:59.399+00:00,2026-09-19T05:49:08.045+00:00,True,87,87.0,,87.0,177989.764879,186636.261391,186636.261367,2145.2443835287354,46.892019999999995,177989.764879,19071.733584286456,112.5323073,100.54065711627906,16.287714252659352,0.46614735717265776,25,64,,True,True,,308,56.69694568066818
99,2026-09-19T05:46:01.721+00:00,2026-09-19T05:49:00.792+00:00,2026-09-19T05:49:07.018+00:00,True,63,63.0,,63.0,179071.415948,185297.276812,185297.276751,2941.2266150952382,46.057841,179071.415948,22548.232585674526,111.54756900000001,100.41711070967742,16.811015080827744,0.3399942032818912,25,64,,True,True,,301,56.69694568066818
100,2026-09-19T05:46:02.113+00:00,2026-09-19T05:49:03.353+00:00,2026-09-19T05:49:12.455+00:00,True,91,91.0,,91.0,181240.069017,190342.788249,190342.78834,2091.678992747253,48.378616,181240.069017,18988.526764033555,113.9533825,101.14132479999999,17.12923025889528,0.47808483230242943,25,64,,True,True,,411,56.69694568066818
101,2026-09-19T05:46:02.512+00:00,2026-09-19T05:49:05.856+00:00,2026-09-19T05:49:07.612+00:00,True,19,19.0,,19.0,183343.812128,185100.048928,185100.049046,9742.107844526316,43.833347,183343.812128,42039.57738529492,18437.389470799997,97.5687111111111,23.062103345650694,0.10264719058713268,25,64,,True,True,,104,56.69694568066818
102,2026-09-19T05:46:02.876+00:00,2026-09-19T05:49:07.607+00:00,2026-09-19T05:49:08.642+00:00,True,11,11.0,,11.0,184731.09922600002,185766.00457000002,185766.00455,16887.818595454548,56.040847,184731.09922600002,55667.32108276211,92425.11239800001,103.4905344,17.723840059025804,0.059214278874448203,25,64,,True,True,,35,56.69694568066818
103,2026-09-19T05:46:03.348+00:00,2026-09-19T05:49:10.568+00:00,2026-09-19T05:49:13.298+00:00,True,28,28.0,,28.0,187220.245478,189950.293222,189950.293104,6783.939039428571,47.718098,187220.245478,35362.19545729778,114.09541775,101.1128794074074,15.533149375588067,0.1474069848751202,25,64,,True,True,,135,56.69694568066818
104,2026-09-19T05:46:03.787+00:00,2026-09-19T05:49:12.352+00:00,2026-09-19T05:49:16.547+00:00,True,42,42.0,,42.0,188565.379843,192760.519171,192760.519283,4589.536173404762,50.97342,188565.379843,29080.485143727074,113.79533399999998,102.32047141463416,14.929871100562968,0.21788694168613093,25,64,,True,True,,192,56.69694568066818
105,2026-09-19T05:46:04.096+00:00,2026-09-19T05:49:13.864+00:00,2026-09-19T05:49:17.451+00:00,True,36,36.0,,36.0,189768.42959400002,193355.117082,193355.11708700002,5370.975474638889,46.738589999999995,189768.42959400002,31610.996727441987,113.50792625,102.47678537142856,17.28872085681918,0.18618591813493485,25,64,,True,True,,169,56.69694568066818
106,2026-09-19T05:46:04.396+00:00,2026-09-19T05:49:15.786+00:00,2026-09-19T05:49:21.121+00:00,True,55,55.0,,55.0,191389.941724,196724.64559600002,196724.64555400002,3576.8117373454547,46.556561,191389.941724,25793.700562044934,114.4405377,98.79081244444444,19.229192293668728,0.2795785949105215,25,64,,True,True,,187,56.69694568066818
107,2026-09-19T05:46:04.827+00:00,2026-09-19T05:49:18.132+00:00,2026-09-19T05:49:23.631+00:00,True,57,57.0,,57.0,193304.579608,198803.603736,198803.603562,3487.782518631579,47.289229,193304.579608,25590.81712133412,111.88168300000001,98.19685942857143,18.498847676176368,0.28671512451903436,25,64,,True,True,,193,56.69694568066818
108,2026-09-19T05:46:05.217+00:00,2026-09-19T05:49:20.074+00:00,2026-09-19T05:49:26.789+00:00,True,66,66.0,,66.0,194857.518137,201571.948089,201571.94822000002,3054.1204275757577,47.597568,194857.518137,23972.590303033554,113.91156400000001,103.29892233846154,12.257753992747752,0.32742651259618244,25,64,,True,True,,298,56.69694568066818
109,2026-09-19T05:46:05.601+00:00,2026-09-19T05:49:22.361+00:00,2026-09-19T05:49:23.421+00:00,True,12,12.0,,12.0,196760.032762,197820.13823399998,197820.137988,16485.011499,54.298743,196760.032762,56771.91185024436,88602.25038155001,96.37322472727273,20.779032828041007,0.0606611647688027,25,64,,True,True,,63,56.69694568066818
110,2026-09-19T05:46:06.001+00:00,2026-09-19T05:49:24.798+00:00,2026-09-19T05:49:32.160+00:00,True,72,72.0,,72.0,198796.918481,206159.415249,206159.415369,2863.3252134583336,50.471000999999994,198796.918481,23416.224151764334,111.8356725,103.69713757746479,12.808971257277001,0.3492442967644149,25,64,,True,True,,336,56.69694568066818
111,2026-09-19T05:46:06.288+00:00,2026-09-19T05:49:26.363+00:00,2026-09-19T05:49:33.637+00:00,True,71,71.0,,71.0,200074.441697,207348.867553,207348.867685,2920.406587112676,51.784258,200074.441697,23732.138287980335,113.30915850000001,103.92036937142856,13.164483092263577,0.3424180746097002,25,64,,True,True,,341,56.69694568066818
112,2026-09-19T05:46:06.742+00:00,2026-09-19T05:49:28.777+00:00,2026-09-19T05:49:29.092+00:00,True,4,4.0,,4.0,202035.082745,202349.786617,202349.786475,50587.44661875,103.272727,202035.082745,100965.09075887874,171745.77804275,104.90129066666667,1.5608980735017046,0.019767750027683738,25,64,,True,True,,22,56.69694568066818
113,2026-09-19T05:46:07.348+00:00,2026-09-19T05:49:31.356+00:00,2026-09-19T05:49:40.004+00:00,True,85,85.0,,85.0,204008.01187000002,212655.38851000002,212655.38834,2501.828098117647,45.649842,204008.01187000002,22116.614650337357,114.7077642,102.94496,14.79843323452131,0.39970771770969216,25,64,,True,True,,302,56.69694568066818
114,2026-09-19T05:46:07.479+00:00,2026-09-19T05:49:33.309+00:00,2026-09-19T05:49:35.910+00:00,True,25,25.0,,25.0,205830.034572,208430.695308,208430.695473,8337.22781892,104.172355,205830.034572,41144.334874652915,116.1877406,108.360864,3.397491241207253,0.11994394569886775,25,64,,True,True,,112,56.69694568066818
115,2026-09-19T05:46:07.926+00:00,2026-09-19T05:49:35.690+00:00,2026-09-19T05:49:43.951+00:00,True,85,85.0,,85.0,207763.466471,216025.088999,216025.08884799998,2541.4716335058824,42.780069000000005,207763.466471,22524.45141239698,112.7000262,98.35264914285715,18.24961339840721,0.3934728155598329,25,64,,True,True,,383,56.69694568066818
116,2026-09-19T05:46:08.243+00:00,2026-09-19T05:49:37.750+00:00,2026-09-19T05:49:42.467+00:00,True,49,49.0,,49.0,209507.58763999998,214224.22354399998,214224.22343199997,4371.922927183673,48.337269,209507.58763999998,29915.622346623128,109.74452819999999,98.263248,16.72161743777819,0.22873230295515942,25,64,,True,True,,201,56.69694568066818
117,2026-09-19T05:46:08.744+00:00,2026-09-19T05:49:40.525+00:00,2026-09-19T05:49:44.481+00:00,True,41,41.0,,41.0,211781.292222,215737.039038,215737.039023,5261.879000560975,44.726977,211781.292222,33059.24163746452,111.656272,98.8936704,18.65165639137861,0.19004617928763845,25,64,,True,True,,158,56.69694568066818
118,2026-09-19T05:46:09.205+00:00,2026-09-19T05:49:42.997+00:00,2026-09-19T05:49:47.647+00:00,True,50,50.0,,50.0,213792.596292,218441.844292,218441.844298,4368.8368859600005,44.285938,213792.596292,30221.429409386357,113.4890529,94.88261224489796,23.454989176013708,0.22889387407461637,25,64,,True,True,,167,56.69694568066818
119,2026-09-19T05:46:09.606+00:00,2026-09-19T05:49:44.892+00:00,2026-09-19T05:49:45.313+00:00,True,5,5.0,,5.0,215286.143414,215707.018166,215707.01814499998,43141.403629,99.610181,215286.143414,96231.83509028367,172250.5638174,105.218688,3.86518203903792,0.023179588881768274,25,64,,True,True,,15,56.69694568066818
120,2026-09-19T05:46:10.051+00:00,2026-09-19T05:49:47.069+00:00,2026-09-19T05:49:48.420+00:00,True,16,16.0,,16.0,217017.7677,218369.71778,218369.717786,13648.107361625,45.060566,217017.7677,54231.915198214534,54340.0762995,90.13000533333333,25.90515347953721,0.07327023253342961,25,64,,True,True,,89,56.69694568066818
121,2026-09-19T05:46:10.424+00:00,2026-09-19T05:49:49.044+00:00,2026-09-19T05:49:52.427+00:00,True,36,36.0,,36.0,218620.389998,222003.236206,222003.236339,6166.756564972222,45.885944,218620.389998,36420.627125005834,108.829893,96.6527488,17.85326679664833,0.16215979827697233,25,64,,True,True,,127,56.69694568066818
122,2026-09-19T05:46:10.719+00:00,2026-09-19T05:49:50.439+00:00,2026-09-19T05:49:57.708+00:00,True,74,74.0,,74.0,219719.822625,226988.42806500001,226988.428031,3067.411189608108,48.942457000000005,219719.822625,25530.340418285206,112.03725815,99.56993753424658,15.470352178785943,0.32600780855140987,25,64,,True,True,,335,56.69694568066818
123,2026-09-19T05:46:11.252+00:00,2026-09-19T05:49:53.391+00:00,2026-09-19T05:49:56.493+00:00,True,32,32.0,,32.0,222138.97838999997,225240.99720599997,225240.99715899996,7038.781161218749,49.865145,222138.97838999997,39251.30881330711,111.9425072,100.06512309677419,16.846169181322292,0.14207005117604576,25,64,,True,True,,111,56.69694568066818
124,2026-09-19T05:46:11.693+00:00,2026-09-19T05:49:55.959+00:00,2026-09-19T05:49:57.917+00:00,True,20,20.0,,20.0,224265.46419600002,226223.75258000003,226223.75246800002,11311.187623400001,51.249311999999996,224265.46419600002,50124.23726361983,11323.548490650002,103.06780968421053,13.134865634238285,0.08840804633424756,25,64,,True,True,,74,56.69694568066818
125,2026-09-19T05:46:12.123+00:00,2026-09-19T05:49:58.122+00:00,2026-09-19T05:50:00.294+00:00,True,23,23.0,,23.0,225999.156746,228171.432202,228171.43213499998,9920.497049347825,50.700601999999996,225999.156746,47103.496884594446,113.88782649999999,98.73979345454545,19.38578699446476,0.10080140085038392,25,64,,True,True,,115,56.69694568066818
126,2026-09-19T05:46:12.508+00:00,2026-09-19T05:50:00.394+00:00,2026-09-19T05:50:09.652+00:00,True,98,98.0,,98.0,227885.87086199998,237143.69947,237143.699256,2419.8336658775506,43.024071000000006,227885.87086199998,23010.317398835476,112.39172735,95.44153204123711,20.702854291509986,0.4132515441861762,25,64,,True,True,,337,56.69694568066818
127,2026-09-19T05:46:12.997+00:00,2026-09-19T05:50:03.383+00:00,2026-09-19T05:50:05.758+00:00,True,25,25.0,,25.0,230386.156729,232761.528249,232761.528269,9310.46113076,46.637233,230386.156729,46057.43913329127,112.60894199999998,98.97381333333333,15.656824101638634,0.10740606571914191,25,64,,True,True,,75,56.69694568066818
128,2026-09-19T05:46:13.342+00:00,2026-09-19T05:50:05.036+00:00,2026-09-19T05:50:09.093+00:00,True,45,45.0,,45.0,231693.283898,235751.151418,235751.151395,5238.914475444444,46.006214,231693.283898,34525.05483702052,111.98302840000001,92.22426181818182,22.715816777308863,0.1908792374049214,25,64,,True,True,,239,56.69694568066818
129,2026-09-19T05:46:13.824+00:00,2026-09-19T05:50:08.326+00:00,2026-09-19T05:50:15.488+00:00,True,72,72.0,,72.0,234501.562146,241664.12905800002,241664.129025,3356.4462364583333,44.295767999999995,234501.562146,27624.390189250393,114.5599596,100.88122411267605,16.778029364334326,0.29793416292543695,25,64,,True,True,,355,56.69694568066818
130,2026-09-19T05:46:14.115+00:00,2026-09-19T05:50:09.755+00:00,2026-09-19T05:50:11.512+00:00,True,19,19.0,,19.0,235640.00286100002,237396.72529300002,237396.725317,12494.564490368422,49.688815999999996,235640.00286100002,54037.137068111944,23664.923929900004,97.59569066666667,18.12168012183179,0.08003480240323366,25,64,,True,True,,59,56.69694568066818
131,2026-09-19T05:46:14.489+00:00,2026-09-19T05:50:11.926+00:00,2026-09-19T05:50:16.916+00:00,True,49,49.0,,49.0,237437.445944,242426.910008,242426.910005,4947.487959285714,45.850784,237437.445944,33904.788824669675,116.7670886,103.947168,15.08343477676954,0.20212277588483482,25,64,,True,True,,164,56.69694568066818
132,2026-09-19T05:46:14.937+00:00,2026-09-19T05:50:14.192+00:00,2026-09-19T05:50:16.027+00:00,True,19,19.0,,19.0,239255.014971,241089.187899,241089.187938,12688.90462831579,49.686904999999996,239255.014971,54865.49083094481,24027.5549253,101.898496,19.002441484149557,0.07880900908737437,25,64,,True,True,,79,56.69694568066818
133,2026-09-19T05:46:15.371+00:00,2026-09-19T05:50:16.751+00:00,2026-09-19T05:50:17.935+00:00,True,14,14.0,,14.0,241380.40150799998,242564.27401999998,242564.27409299999,17326.019578071428,44.748798,241380.40150799998,64487.29261049664,84557.84975719999,91.0671163076923,27.575342729748424,0.05771666110585464,25,64,,True,True,,61,56.69694568066818
134,2026-09-19T05:46:15.762+00:00,2026-09-19T05:50:19.314+00:00,2026-09-19T05:50:21.784+00:00,True,26,26.0,,26.0,243552.332858,246022.33477800002,246022.33481200002,9462.39749276923,47.727231,243552.332858,47745.16840429653,109.28359049999999,98.8000768,15.673776073316178,0.10568146190247842,25,64,,True,True,,101,56.69694568066818
135,2026-09-19T05:46:16.161+00:00,2026-09-19T05:50:21.223+00:00,2026-09-19T05:50:25.653+00:00,True,47,47.0,,47.0,245061.757434,249491.536378,249491.536366,5308.330560978723,48.240409,245061.757434,35731.88814091267,108.9466933,96.29954226086956,16.458821666870218,0.18838314390269006,25,64,,True,True,,208,56.69694568066818
136,2026-09-19T05:46:16.601+00:00,2026-09-19T05:50:23.004+00:00,2026-09-19T05:50:27.162+00:00,True,46,46.0,,46.0,246403.00347,250561.292622,250561.292486,5446.984619260869,46.238954,246403.00347,36316.522401247865,111.16164375,92.40642559999999,21.37548616450424,0.18358781405792074,25,64,,True,True,,170,56.69694568066818
137,2026-09-19T05:46:17.002+00:00,2026-09-19T05:50:24.939+00:00,2026-09-19T05:50:29.251+00:00,True,46,46.0,,46.0,247936.156889,252248.156633,252248.15666,5483.6555795652175,42.420262,247936.156889,36542.06968520787,111.81021025,95.82221653333333,21.048086906268214,0.1823601036931507,25,64,,True,True,,206,56.69694568066818
138,2026-09-19T05:46:17.363+00:00,2026-09-19T05:50:27.261+00:00,2026-09-19T05:50:31.968+00:00,True,46,46.0,,46.0,249897.945582,254604.79690999998,254604.79675399998,5534.886885956522,96.03116800000001,249897.945582,36830.02017834965,110.902215,104.59669617777779,3.719351663849343,0.18067216548264994,25,64,,True,True,,215,56.69694568066818
139,2026-09-19T05:46:17.656+00:00,2026-09-19T05:50:28.827+00:00,2026-09-19T05:50:38.732+00:00,True,99,99.0,,99.0,251171.075408,261076.008528,261076.008471,2637.13139869697,48.069789,251171.075408,25233.48902025623,111.71080679999999,101.07074612244898,14.500654758248976,0.37919991407169995,25,64,,True,True,,452,56.69694568066818
140,2026-09-19T05:46:18.102+00:00,2026-09-19T05:50:31.240+00:00,2026-09-19T05:50:33.187+00:00,True,20,20.0,,20.0,253137.784382,255085.11340600002,255085.113458,12754.2556729,92.844296,253137.784382,56580.411866691786,12761.07058625,102.49100126315788,4.847318472111278,0.07840520261238251,25,64,,True,True,,88,56.69694568066818
141,2026-09-19T05:46:18.585+00:00,2026-09-19T05:50:33.192+00:00,2026-09-19T05:50:43.051+00:00,True,100,100.0,,100.0,254606.329974,264465.99358999997,264465.993592,2644.65993592,45.182506000000004,254606.329974,25450.68019035557,112.82764245,99.59256177777777,18.210426541695472,0.3781204480869075,25,64,,True,True,,426,56.69694568066818
142,2026-09-19T05:46:18.946+00:00,2026-09-19T05:50:35.420+00:00,2026-09-19T05:50:42.418+00:00,True,71,71.0,,71.0,256474.152332,263471.550348,263471.55022,3710.8669045070424,46.014694000000006,256474.152332,30426.024608450465,112.86240550000001,99.9628288,19.301233804249925,0.26947881054414174,25,64,,True,True,,298,56.69694568066818
143,2026-09-19T05:46:19.268+00:00,2026-09-19T05:50:37.172+00:00,2026-09-19T05:50:37.172+00:00,True,1,1.0,,1.0,257904.305108,257904.305108,257904.305108,257904.305108,257904.305108,257904.305108,nan,257904.305108,nan,nan,0.003877407163022114,25,64,,True,True,,3,56.69694568066818
144,2026-09-19T05:46:19.693+00:00,2026-09-19T05:50:39.326+00:00,2026-09-19T05:50:47.766+00:00,True,86,86.0,,86.0,259633.606528,268073.291136,268073.291154,3117.1312924883723,46.744682999999995,259633.606528,27986.31041762433,112.24526399999999,99.29040715294119,17.438129542647914,0.3208077896740938,25,64,,True,True,,330,56.69694568066818
145,2026-09-19T05:46:20.165+00:00,2026-09-19T05:50:42.422+00:00,2026-09-19T05:50:51.856+00:00,True,98,98.0,,98.0,262257.18572,271690.564536,271690.56475,2772.352701530612,48.218360000000004,262257.18572,26482.15841931819,111.44774835,97.251328,17.827801405778636,0.36070446600663836,25,64,,True,True,,396,56.69694568066818
146,2026-09-19T05:46:20.687+00:00,2026-09-19T05:50:44.870+00:00,2026-09-19T05:50:45.686+00:00,True,9,9.0,,9.0,264183.932113,264999.08347300004,264999.083333,29444.342592555557,99.341542,264183.932113,88027.34608562646,158551.7919766,101.89392,1.7637068327088832,0.03396238161298012,25,64,,True,True,,45,56.69694568066818
147,2026-09-19T05:46:21.121+00:00,2026-09-19T05:50:47.344+00:00,2026-09-19T05:50:54.442+00:00,True,75,75.0,,75.0,266223.345938,273320.670482,273320.670352,3644.2756046933337,45.294776,266223.345938,30729.755191779834,110.2070794,95.90979113513512,19.028747993759747,0.2744029563067359,25,64,,True,True,,112,56.69694568066818
148,2026-09-19T05:46:21.466+00:00,2026-09-19T05:50:49.377+00:00,2026-09-19T05:50:53.631+00:00,True,46,46.0,,46.0,267910.830868,272164.772884,272164.773077,5916.625501673913,46.735883,267910.830868,39487.36358362129,111.08454725000001,94.5320448,19.26614536841594,0.16901526054441207,25,64,,True,True,,114,56.69694568066818
149,2026-09-19T05:46:21.809+00:00,2026-09-19T05:50:50.834+00:00,2026-09-19T05:50:59.172+00:00,True,86,86.0,,86.0,269024.843343,277363.078735,277363.07860899996,3225.152076848837,47.960339999999995,269024.843343,28999.1218088827,110.59833874999998,98.09688696470589,17.043958822188625,0.3100628980332551,25,64,,True,True,,360,56.69694568066818
150,2026-09-19T05:46:22.846+00:00,2026-09-19T05:50:53.628+00:00,2026-09-19T05:50:54.137+00:00,True,6,6.0,,6.0,270782.13096700003,271290.561815,271290.561591,45215.0935985,93.712435,270782.13096700003,110504.8289702857,203113.1416995,101.6861696,5.294309152796878,0.022116508439728004,25,64,,True,True,,25,56.69694568066818
151,2026-09-19T05:46:22.881+00:00,2026-09-19T05:50:56.695+00:00,2026-09-19T05:51:04.999+00:00,True,83,83.0,,83.0,273814.40932,282118.595176,282118.595064,3399.019217638554,47.518951,273814.40932,30043.92393273995,112.39751509999998,101.2705592195122,15.21781083504528,0.2942025141881214,25,64,,True,True,,204,56.69694568066818
152,2026-09-19T05:46:22.964+00:00,2026-09-19T05:50:57.448+00:00,2026-09-19T05:51:01.026+00:00,True,38,38.0,,38.0,274483.476958,278061.721822,278061.721777,7317.413730973683,43.300161,274483.476958,44511.4156344597,113.17844135,96.70932064864866,19.71630977963208,0.13666030603207419,25,64,,True,True,,198,56.69694568066818
153,2026-09-19T05:46:23.465+00:00,2026-09-19T05:50:59.835+00:00,2026-09-19T05:51:00.192+00:00,True,5,5.0,,5.0,276369.920017,276727.312657,276727.312746,55345.4625492,46.106184,276369.920017,123556.43047754832,221117.6025718,89.34816,29.15904356908738,0.018068328536104555,25,64,,True,True,,14,56.69694568066818
154,2026-09-19T05:46:23.985+00:00,2026-09-19T05:51:02.867+00:00,2026-09-19T05:51:09.219+00:00,True,67,67.0,,67.0,278881.405921,285233.784033,285233.783913,4257.22065541791,45.997454,278881.405921,34059.0344715663,112.82390649999999,96.24815321212122,21.449888821327562,0.2348950361092165,25,64,,True,True,,255,56.69694568066818
155,2026-09-19T05:46:24.465+00:00,2026-09-19T05:51:04.900+00:00,2026-09-19T05:51:07.413+00:00,True,29,29.0,,29.0,280435.475102,282948.279454,282948.279315,9756.83721775862,45.238476000000006,280435.475102,52058.90172913048,111.26475060000001,89.74301257142857,25.876317386192234,0.10249222951968734,25,64,,True,True,,128,56.69694568066818
156,2026-09-19T05:46:24.764+00:00,2026-09-19T05:51:06.889+00:00,2026-09-19T05:51:10.776+00:00,True,42,42.0,,42.0,282124.980015,286011.67595099995,286011.675886,6809.801806809523,48.10754,282124.980015,43518.20677787296,109.7755707,94.79746185365855,20.734932221473905,0.14684715181766045,25,64,,True,True,,146,56.69694568066818
157,2026-09-19T05:46:25.189+00:00,2026-09-19T05:51:09.424+00:00,2026-09-19T05:51:10.365+00:00,True,10,10.0,,10.0,284234.276409,285175.612729,285175.612609,28517.561260899998,100.95044800000001,284234.276409,89849.69511008397,156377.6930724,104.59292444444445,2.7889334140638384,0.03506611208547807,25,64,,True,True,,40,56.69694568066818
158,2026-09-19T05:46:25.538+00:00,2026-09-19T05:51:11.194+00:00,2026-09-19T05:51:13.646+00:00,True,26,26.0,,26.0,285656.078319,288107.471855,288107.47167400003,11081.056602846154,48.112730000000006,285656.078319,56002.53874464706,110.446594,98.05574143999999,18.701215519695644,0.09024410173258329,25,64,,True,True,,135,56.69694568066818
159,2026-09-19T05:46:26.059+00:00,2026-09-19T05:51:13.858+00:00,2026-09-19T05:51:23.725+00:00,True,100,100.0,,100.0,287799.083235,297666.048995,297666.049153,2976.6604915300004,50.004574999999996,287799.083235,28769.946928683046,111.92298699999999,99.66632080808081,17.448086011077542,0.3359469457051843,25,64,,True,True,,401,56.69694568066818
160,2026-09-19T05:46:26.356+00:00,2026-09-19T05:51:15.628+00:00,2026-09-19T05:51:20.194+00:00,True,46,46.0,,46.0,289272.533719,293838.630359,293838.630161,6387.796307847826,51.115061999999995,289272.533719,42635.94953873559,111.24831450000002,101.46881422222222,13.420152722629366,0.15654851080608118,25,64,,True,True,,198,56.69694568066818
161,2026-09-19T05:46:26.839+00:00,2026-09-19T05:51:18.210+00:00,2026-09-19T05:51:26.933+00:00,False,88,87.0,,87.0,291370.892479,300094.428095,300094.42797099997,3410.1639542159087,0.03861,291370.892479,31049.55859999992,113.11865655,100.27052432183908,19.370554321707942,0.28990874823060253,25,64,,True,False,Request timeout: 300.0s exceeded,332,56.69694568066818
162,2026-09-19T05:46:27.154+00:00,2026-09-19T05:51:19.365+00:00,2026-09-19T05:51:21.251+00:00,True,20,20.0,,20.0,292210.122799,294096.262703,294096.262761,14704.81313805,47.7843,292210.122799,65317.974767092775,14717.477385400001,99.27052126315789,18.574202892563775,0.0680049444225596,25,64,,True,True,,57,56.69694568066818
163,2026-09-19T05:46:27.515+00:00,2026-09-19T05:51:21.356+00:00,2026-09-19T05:51:24.434+00:00,True,32,32.0,,32.0,293840.71020599996,296919.14246199996,296919.14240199997,9278.723200062499,46.495433,293840.71020599996,51926.63965054497,114.70769005,99.30426632258065,22.305951424468745,0.10777344880717953,25,64,,True,True,,188,56.69694568066818
164,2026-09-19T05:46:27.935+00:00,2026-09-19T05:51:24.046+00:00,2026-09-19T05:51:27.992+00:00,False,41,40.0,,40.0,296111.10594700003,300056.11407500005,300056.11400500004,7318.441805,0.04237,296111.10594700003,46229.38869391803,117.082111,98.6252032,23.87290880013735,0.13330839840844524,25,64,,True,False,Request timeout: 300.0s exceeded,148,56.69694568066818
165,2026-09-19T05:46:28.428+00:00,2026-09-19T05:51:26.932+00:00,2026-09-19T05:51:28.513+00:00,False,18,17.0,,17.0,298503.680882,300085.08837,300085.08827400004,16671.393793,0.05189,298503.680882,70336.07248753528,44871.2960745,93.02396988235294,30.258925985613107,0.056650598976245296,25,64,,True,False,Request timeout: 300.0s exceeded,77,56.69694568066818
166,2026-09-19T05:46:28.934+00:00,2026-09-19T05:51:28.955+00:00,2026-09-19T05:51:29.604+00:00,False,8,7.0,,7.0,300021.30934700003,300670.22633900004,300670.22636800003,37583.778296000004,0.03665,300021.30934700003,106040.78270650271,195053.53685805,92.70242742857144,41.00530763800617,0.023281320818602208,25,64,,True,False,Request timeout: 300.0s exceeded,19,56.69694568066818
167,2026-09-19T05:46:29.420+00:00,2026-09-19T05:51:29.642+00:00,2026-09-19T05:51:29.642+00:00,False,1,0.0,,0.0,300221.459782,300221.459782,300221.459782,300221.459782,300221.459782,300221.459782,nan,300221.459782,nan,nan,0.0,25,64,,True,False,"HTTPConnectionPool(host='gpu03', port=9002): Read timed out.",0,56.69694568066818
168,2026-09-19T05:46:29.809+00:00,2026-09-19T05:51:29.832+00:00,2026-09-19T05:51:29.832+00:00,False,1,0.0,,0.0,300022.40555900004,300022.40555900004,300022.40555900004,300022.40555900004,300022.40555900004,300022.40555900004,nan,300022.40555900004,nan,nan,0.0,25,64,,True,False,"HTTPConnectionPool(host='gpu03', port=9002): Read timed out.",0,56.69694568066818
169,2026-09-19T05:46:30.293+00:00,2026-09-19T05:51:30.334+00:00,2026-09-19T05:51:30.334+00:00,False,1,0.0,,0.0,300040.245592,300040.245592,300040.245592,300040.245592,300040.245592,300040.245592,nan,300040.245592,nan,nan,0.0,25,64,,True,False,"HTTPConnectionPool(host='gpu03', port=9002): Read timed out.",0,56.69694568066818
170,2026-09-19T05:46:30.758+00:00,2026-09-19T05:51:30.871+00:00,2026-09-19T05:51:30.871+00:00,False,1,0.0,,0.0,300112.95622899994,300112.95622899994,300112.95622899994,300112.95622899994,300112.95622899994,300112.95622899994,nan,300112.95622899994,nan,nan,0.0,25,64,,True,False,"HTTPConnectionPool(host='gpu03', port=9002): Read timed out.",0,56.69694568066818
171,2026-09-19T05:46:31.271+00:00,2026-09-19T05:51:30.985+00:00,2026-09-19T05:51:31.313+00:00,False,5,4.0,,4.0,299713.664982,300041.333462,300041.33331,60008.266662,0.03699,299713.664982,133999.39967017822,239793.27404659998,81.91712,54.67529800044594,0.013331496543647367,25,64,,True,False,Request timeout: 300.0s exceeded,14,56.69694568066818
172,2026-09-19T05:46:31.595+00:00,2026-09-19T05:51:31.313+00:00,2026-09-19T05:51:31.633+00:00,False,6,5.0,,5.0,299717.999999,300038.614655,300038.614593,50006.4357655,0.03693,299717.999999,122333.1905991787,224818.85021474998,64.1229312,48.05348615770676,0.016664521684148087,25,64,,True,False,Request timeout: 300.0s exceeded,11,56.69694568066818
173,2026-09-19T05:46:31.989+00:00,2026-09-19T05:51:32.100+00:00,2026-09-19T05:51:32.100+00:00,False,1,0.0,,0.0,300111.56407599995,300111.56407599995,300111.56407599995,300111.56407599995,300111.56407599995,300111.56407599995,nan,300111.56407599995,nan,nan,0.0,25,64,,True,False,"HTTPConnectionPool(host='gpu03', port=9002): Read timed out.",0,56.69694568066818
174,2026-09-19T05:46:32.339+00:00,2026-09-19T05:51:32.413+00:00,2026-09-19T05:51:32.413+00:00,False,1,0.0,,0.0,300073.775671,300073.775671,300073.775671,300073.775671,300073.775671,300073.775671,nan,300073.775671,nan,nan,0.0,25,64,,True,False,TTFT timeout: 300.0s exceeded (TTFT: 300.064s),0,56.69694568066818
175,2026-09-19T05:46:32.856+00:00,2026-09-19T05:51:32.779+00:00,2026-09-19T05:51:32.911+00:00,False,3,2.0,,2.0,299922.691833,300055.15032899997,300055.150259,100018.38341966666,0.02488,299922.691833,173122.22207063288,269943.6660043,66.229248,93.62718299619033,0.006665441329059242,25,64,,True,False,Request timeout: 300.0s exceeded,4,56.69694568066818
176,2026-09-19T05:46:33.227+00:00,2026-09-19T05:51:33.140+00:00,2026-09-19T05:51:33.330+00:00,True,3,3.0,,3.0,299913.910762,300103.93111400004,300103.931116,100034.64370533334,90.160833,299913.910762,173100.52302881365,269932.50563790003,95.010176,6.857917543744602,0.009996536829303961,25,64,,True,True,,13,56.69694568066818
177,2026-09-19T05:46:33.725+00:00,2026-09-19T05:51:33.834+00:00,2026-09-19T05:51:33.834+00:00,False,1,0.0,,0.0,300109.401349,300109.401349,300109.401349,300109.401349,300109.401349,300109.401349,nan,300109.401349,nan,nan,0.0,25,64,,True,False,"HTTPConnectionPool(host='gpu03', port=9002): Read timed out.",0,56.69694568066818
178,2026-09-19T05:46:34.082+00:00,2026-09-19T05:51:34.141+00:00,2026-09-19T05:51:34.141+00:00,False,1,0.0,,0.0,300058.831843,300058.831843,300058.831843,300058.831843,300058.831843,300058.831843,nan,300058.831843,nan,nan,0.0,25,64,,True,False,TTFT timeout: 300.0s exceeded (TTFT: 300.046s),0,56.69694568066818
179,2026-09-19T05:46:34.476+00:00,2026-09-19T05:51:34.406+00:00,2026-09-19T05:51:34.551+00:00,False,3,2.0,,2.0,299929.380971,300074.218091,300074.218168,100024.73938933334,0.03663,299929.380971,173122.5130754817,269950.9229306,72.41856,102.36353818943837,0.006665017783678715,25,64,,True,False,Request timeout: 300.0s exceeded,4,56.69694568066818
180,2026-09-19T05:46:34.807+00:00,2026-09-19T05:51:34.548+00:00,2026-09-19T05:51:34.852+00:00,False,5,4.0,,4.0,299740.81465899997,300044.476483,300044.47648199997,60008.89529639999,0.02401,299740.81465899997,134014.22436480998,239814.25257179997,75.915456,51.24059333793675,0.01333135689377249,25,64,,True,False,Request timeout: 300.0s exceeded,11,56.69694568066818
181,2026-09-19T05:46:35.211+00:00,2026-09-19T05:51:35.298+00:00,2026-09-19T05:51:35.298+00:00,False,1,0.0,,0.0,300087.424453,300087.424453,300087.424453,300087.424453,300087.424453,300087.424453,nan,300087.424453,nan,nan,0.0,25,64,,True,False,"HTTPConnectionPool(host='gpu03', port=9002): Read timed out.",0,56.69694568066818
182,2026-09-19T05:46:35.730+00:00,2026-09-19T05:51:35.753+00:00,2026-09-19T05:51:35.753+00:00,False,1,0.0,,0.0,300023.044548,300023.044548,300023.044548,300023.044548,300023.044548,300023.044548,nan,300023.044548,nan,nan,0.0,25,64,,True,False,TTFT timeout: 300.0s exceeded (TTFT: 300.011s),0,56.69694568066818
183,2026-09-19T05:46:36.212+00:00,2026-09-19T05:51:36.151+00:00,2026-09-19T05:51:36.253+00:00,False,3,2.0,,2.0,299939.640094,300041.376542,300041.37632,100013.79210666666,0.04367,299939.640094,173140.8706897789,269955.8453402,50.868224,71.87662366172613,0.006665747314754233,25,64,,True,False,Request timeout: 300.0s exceeded,8,56.69694568066818
184,2026-09-19T05:46:36.514+00:00,2026-09-19T05:51:36.348+00:00,2026-09-19T05:51:36.555+00:00,False,4,3.0,,3.0,299833.670822,300041.002662,300041.00272600004,75010.25068150001,0.03701,299833.670822,149882.28805221638,254874.22780235004,69.11061333333333,59.820980478951746,0.009998633431376504,25,64,,True,False,Request timeout: 300.0s exceeded,8,56.69694568066818
185,2026-09-19T05:46:37.037+00:00,2026-09-19T05:51:37.184+00:00,2026-09-19T05:51:37.783+00:00,False,7,6.0,,6.0,300146.700279,300745.27691899997,300745.276875,42963.610982142854,0.04838,300146.700279,113407.09225335531,210147.0992673,99.76277333333333,51.21817868325004,0.019950437996790173,25,64,,True,False,Request timeout: 300.0s exceeded,17,56.69694568066818
186,2026-09-19T05:46:37.787+00:00,2026-09-19T05:51:37.458+00:00,2026-09-19T05:51:37.997+00:00,False,7,6.0,,6.0,299671.22264,300209.811568,300209.811773,42887.11596757143,0.03921,299671.22264,113231.1549852362,209803.3679459,89.76482133333333,44.14278933667808,0.019986022337717468,25,64,,True,False,Request timeout: 300.0s exceeded,18,56.69694568066818
187,2026-09-19T05:46:37.875+00:00,2026-09-19T05:51:37.899+00:00,2026-09-19T05:51:37.998+00:00,False,3,2.0,,2.0,300024.25266399997,300123.14187999995,300123.141877,100041.04729233333,0.03775,300024.25266399997,173190.54322936377,270031.71254389995,49.444608,69.87165349637004,0.0066639313032370966,25,64,,True,False,Request timeout: 300.0s exceeded,5,56.69694568066818
188,2026-09-19T05:46:38.380+00:00,2026-09-19T05:51:38.391+00:00,2026-09-19T05:51:38.391+00:00,False,1,0.0,,0.0,300011.177309,300011.177309,300011.177309,300011.177309,300011.177309,300011.177309,nan,300011.177309,nan,nan,0.0,25,64,,True,False,"HTTPConnectionPool(host='gpu03', port=9002): Read timed out.",0,56.69694568066818
189,2026-09-19T05:46:38.692+00:00,2026-09-19T05:51:39.175+00:00,2026-09-19T05:51:39.477+00:00,False,5,4.0,,4.0,300482.87773199996,300785.35017999995,300785.35030799994,60157.070061599996,0.02282,300482.87773199996,134346.227092671,240422.71133619995,75.618112,76.6933159055943,0.013298520016371366,25,64,,True,False,Request timeout: 300.0s exceeded,11,56.69694568066818
190,2026-09-19T05:46:39.003+00:00,2026-09-19T05:51:39.356+00:00,2026-09-19T05:51:39.527+00:00,False,5,4.0,,4.0,300352.668306,300523.864466,300523.864554,60104.7729108,0.02418,300352.668306,134302.65883311376,240295.7555016,42.79904,29.58759389949637,0.013310091054191614,25,64,,True,False,Request timeout: 300.0s exceeded,13,56.69694568066818
191,2026-09-19T05:46:39.510+00:00,2026-09-19T05:51:39.635+00:00,2026-09-19T05:51:39.635+00:00,False,1,0.0,,0.0,300125.316194,300125.316194,300125.316194,300125.316194,300125.316194,300125.316194,nan,300125.316194,nan,nan,0.0,25,64,,True,False,"HTTPConnectionPool(host='gpu03', port=9002): Read timed out.",0,56.69694568066818
192,2026-09-19T05:46:39.894+00:00,2026-09-19T05:51:39.990+00:00,2026-09-19T05:51:39.990+00:00,False,1,0.0,,0.0,300095.77583099995,300095.77583099995,300095.77583099995,300095.77583099995,300095.77583099995,300095.77583099995,nan,300095.77583099995,nan,nan,0.0,25,64,,True,False,"HTTPConnectionPool(host='gpu03', port=9002): Read timed out.",0,56.69694568066818
193,2026-09-19T05:46:40.319+00:00,2026-09-19T05:51:40.426+00:00,2026-09-19T05:51:40.426+00:00,False,1,0.0,,0.0,300106.356549,300106.356549,300106.356549,300106.356549,300106.356549,300106.356549,nan,300106.356549,nan,nan,0.0,25,64,,True,False,"HTTPConnectionPool(host='gpu03', port=9002): Read timed out.",0,56.69694568066818
194,2026-09-19T05:46:40.660+00:00,2026-09-19T05:51:40.727+00:00,2026-09-19T05:51:40.727+00:00,False,1,0.0,,0.0,300066.436998,300066.436998,300066.436998,300066.436998,300066.436998,300066.436998,nan,300066.436998,nan,nan,0.0,25,64,,True,False,"HTTPConnectionPool(host='gpu03', port=9002): Read timed out.",0,56.69694568066818
195,2026-09-19T05:46:41.139+00:00,2026-09-19T05:51:40.952+00:00,2026-09-19T05:51:41.171+00:00,False,4,3.0,,3.0,299812.69984500005,300031.68070900004,300031.68078200007,75007.92019550002,0.02573,299812.69984500005,149869.86289995458,254860.26511155005,72.99362133333332,66.38010229875785,0.00999894408787348,25,64,,True,False,Request timeout: 300.0s exceeded,11,56.69694568066818
196,2026-09-19T05:46:41.559+00:00,2026-09-19T05:51:41.082+00:00,2026-09-19T05:51:41.623+00:00,False,8,7.0,,7.0,299523.27605,300063.997202,300063.997149,37507.999643625,0.05173,299523.27605,105870.16563211616,194726.85121830003,77.24587885714286,39.645787119347865,0.02332835683478439,25,64,,True,False,Request timeout: 300.0s exceeded,22,56.69694568066818
197,2026-09-19T05:46:41.860+00:00,2026-09-19T05:51:41.955+00:00,2026-09-19T05:51:41.955+00:00,False,1,0.0,,0.0,300094.475604,300094.475604,300094.475604,300094.475604,300094.475604,300094.475604,nan,300094.475604,nan,nan,0.0,25,64,,True,False,"HTTPConnectionPool(host='gpu03', port=9002): Read timed out.",0,56.69694568066818
198,2026-09-19T05:46:42.266+00:00,2026-09-19T05:51:42.291+00:00,2026-09-19T05:51:42.291+00:00,False,1,0.0,,0.0,300024.795055,300024.795055,300024.795055,300024.795055,300024.795055,300024.795055,nan,300024.795055,nan,nan,0.0,25,64,,True,False,"HTTPConnectionPool(host='gpu03', port=9002): Read timed out.",0,56.69694568066818
199,2026-09-19T05:46:42.554+00:00,2026-09-19T05:51:42.537+00:00,2026-09-19T05:51:42.684+00:00,False,3,2.0,,2.0,299983.412434,300130.542546,300130.542506,100043.51416866666,0.040240000000000005,299983.412434,173153.04673802166,269999.7801738,73.565056,103.97949780176536,0.006663766982973641,25,64,,True,False,Request timeout: 300.0s exceeded,10,56.69694568066818
200,2026-09-19T05:46:42.874+00:00,2026-09-19T05:51:42.818+00:00,2026-09-19T05:51:42.925+00:00,False,3,2.0,,2.0,299943.813311,300050.494911,300050.494687,100016.83156233333,0.037020000000000004,299943.813311,173141.85330136036,269960.0964155,53.3408,75.3827871803955,0.006665544746370884,25,64,,True,False,Request timeout: 300.0s exceeded,8,56.69694568066818
201,2026-09-19T05:46:43.275+00:00,2026-09-19T05:51:43.137+00:00,2026-09-19T05:51:43.344+00:00,False,4,3.0,,3.0,299861.947399,300068.905223,300068.905194,75017.2262985,0.039310000000000005,299861.947399,149896.48868724343,254898.68090275,68.98594133333333,59.80514390832539,0.009997703686659943,25,64,,True,False,Request timeout: 300.0s exceeded,13,56.69694568066818
202,2026-09-19T05:46:43.750+00:00,2026-09-19T05:51:43.856+00:00,2026-09-19T05:51:43.856+00:00,False,1,0.0,,0.0,300105.795744,300105.795744,300105.795744,300105.795744,300105.795744,300105.795744,nan,300105.795744,nan,nan,0.0,25,64,,True,False,"HTTPConnectionPool(host='gpu03', port=9002): Read timed out.",0,56.69694568066818
203,2026-09-19T05:46:44.111+00:00,2026-09-19T05:51:44.198+00:00,2026-09-19T05:51:44.198+00:00,False,1,0.0,,0.0,300086.90356699994,300086.90356699994,300086.90356699994,300086.90356699994,300086.90356699994,300086.90356699994,nan,300086.90356699994,nan,nan,0.0,25,64,,True,False,TTFT timeout: 300.0s exceeded (TTFT: 300.081s),0,56.69694568066818
204,2026-09-19T05:46:44.635+00:00,2026-09-19T05:51:44.480+00:00,2026-09-19T05:51:44.739+00:00,False,4,3.0,,3.0,299844.631069,300104.452125,300104.452203,75026.11305075,0.04195,299844.631069,149879.02525516873,254890.16287029997,86.60701866666668,77.16565123101084,0.009996519474327675,25,64,,True,False,Request timeout: 300.0s exceeded,18,56.69694568066818
205,2026-09-19T05:46:44.973+00:00,2026-09-19T05:51:44.738+00:00,2026-09-19T05:51:44.991+00:00,False,5,4.0,,4.0,299765.365098,300018.346858,300018.346937,60003.6693874,0.041659999999999996,299765.365098,134030.8691055432,239832.59057779997,63.24544,48.58054260170127,0.013332517967286907,25,64,,True,False,Request timeout: 300.0s exceeded,16,56.69694568066818
206,2026-09-19T05:46:45.269+00:00,2026-09-19T05:51:45.369+00:00,2026-09-19T05:51:45.369+00:00,False,1,0.0,,0.0,300100.113005,300100.113005,300100.113005,300100.113005,300100.113005,300100.113005,nan,300100.113005,nan,nan,0.0,25,64,,True,False,"HTTPConnectionPool(host='gpu03', port=9002): Read timed out.",0,56.69694568066818
207,2026-09-19T05:46:45.715+00:00,2026-09-19T05:51:45.811+00:00,2026-09-19T05:51:45.811+00:00,False,1,0.0,,0.0,300096.50383600005,300096.50383600005,300096.50383600005,300096.50383600005,300096.50383600005,300096.50383600005,nan,300096.50383600005,nan,nan,0.0,25,64,,True,False,"HTTPConnectionPool(host='gpu03', port=9002): Read timed out.",0,56.69694568066818
208,2026-09-19T05:46:46.137+00:00,2026-09-19T05:51:46.011+00:00,2026-09-19T05:51:46.169+00:00,False,3,2.0,,2.0,299874.311708,300032.167196,300032.167396,100010.72246533334,0.05851,299874.311708,173086.96354460923,269902.660255,78.927744,111.53814119510308,0.006665951916727227,25,64,,True,False,Request timeout: 300.0s exceeded,4,56.69694568066818
209,2026-09-19T05:46:46.446+00:00,2026-09-19T05:51:46.171+00:00,2026-09-19T05:51:46.489+00:00,False,5,4.0,,4.0,299725.419135,300042.884223,300042.88416699995,60008.576833399995,0.04076,299725.419135,134005.79666458417,239802.97106600003,79.366272,53.4009712321948,0.013331427640280554,25,64,,True,False,Request timeout: 300.0s exceeded,9,56.69694568066818
210,2026-09-19T05:46:46.803+00:00,2026-09-19T05:51:46.786+00:00,2026-09-19T05:51:46.893+00:00,False,3,2.0,,2.0,299983.10627100006,300089.90179100004,300089.90158600005,100029.96719533335,0.040929,299983.10627100006,173164.50622630538,269995.4710825,53.39776,75.45791020482875,0.006664669447600791,25,64,,True,False,Request timeout: 300.0s exceeded,10,56.69694568066818
211,2026-09-19T05:46:47.214+00:00,2026-09-19T05:51:47.322+00:00,2026-09-19T05:51:47.322+00:00,False,1,0.0,,0.0,300107.954975,300107.954975,300107.954975,300107.954975,300107.954975,300107.954975,nan,300107.954975,nan,nan,0.0,25,64,,True,False,"HTTPConnectionPool(host='gpu03', port=9002): Read timed out.",0,56.69694568066818
212,2026-09-19T05:46:47.525+00:00,2026-09-19T05:51:47.545+00:00,2026-09-19T05:51:47.545+00:00,False,1,0.0,,0.0,300019.81866399996,300019.81866399996,300019.81866399996,300019.81866399996,300019.81866399996,300019.81866399996,nan,300019.81866399996,nan,nan,0.0,25,64,,True,False,TTFT timeout: 300.0s exceeded (TTFT: 300.013s),0,56.69694568066818
213,2026-09-19T05:46:48.015+00:00,2026-09-19T05:51:47.825+00:00,2026-09-19T05:51:48.066+00:00,False,4,3.0,,3.0,299810.22328100004,300050.424753,300050.42461000005,75012.60615250001,0.048100000000000004,299810.22328100004,149865.0891935813,254858.77857380002,80.06715733333333,70.66873703460577,0.009998319457369823,25,64,,True,False,Request timeout: 300.0s exceeded,10,56.69694568066818
214,2026-09-19T05:46:48.319+00:00,2026-09-19T05:51:48.068+00:00,2026-09-19T05:51:48.370+00:00,False,5,4.0,,4.0,299748.779217,300050.724049,300050.723955,60010.144791,0.03438,299748.779217,134017.9779869661,239820.269257,75.486208,50.49529937537775,0.013331079312265806,25,64,,True,False,Request timeout: 300.0s exceeded,22,56.69694568066818
215,2026-09-19T05:46:48.652+00:00,2026-09-19T05:51:48.698+00:00,2026-09-19T05:51:48.698+00:00,False,1,0.0,,0.0,300046.1127,300046.1127,300046.1127,300046.1127,300046.1127,300046.1127,nan,300046.1127,nan,nan,0.0,25,64,,True,False,"HTTPConnectionPool(host='gpu03', port=9002): Read timed out.",0,56.69694568066818
216,2026-09-19T05:46:49.086+00:00,2026-09-19T05:51:49.184+00:00,2026-09-19T05:51:49.184+00:00,False,1,0.0,,0.0,300097.77709600003,300097.77709600003,300097.77709600003,300097.77709600003,300097.77709600003,300097.77709600003,nan,300097.77709600003,nan,nan,0.0,25,64,,True,False,"HTTPConnectionPool(host='gpu03', port=9002): Read timed out.",0,56.69694568066818
217,2026-09-19T05:46:49.555+00:00,2026-09-19T05:51:49.392+00:00,2026-09-19T05:51:49.657+00:00,False,4,3.0,,3.0,299836.553147,300101.37644300004,300101.37653600005,75025.34413400001,0.02587,299836.553147,149874.1523661504,254881.51266920005,88.274432,76.52417298519741,0.00999662192675683,25,64,,True,False,Request timeout: 300.0s exceeded,20,56.69694568066818
218,2026-09-19T05:46:49.919+00:00,2026-09-19T05:51:49.656+00:00,2026-09-19T05:51:49.961+00:00,False,6,5.0,,5.0,299736.358842,300042.204602,300042.20448,50007.034080000005,0.062479999999999994,299736.358842,122341.89020548738,224830.06658575003,61.169152,43.931705112824744,0.01666432229636627,25,64,,True,False,Request timeout: 300.0s exceeded,15,56.69694568066818
219,2026-09-19T05:46:50.317+00:00,2026-09-19T05:51:50.411+00:00,2026-09-19T05:51:50.411+00:00,False,1,0.0,,0.0,300094.022398,300094.022398,300094.022398,300094.022398,300094.022398,300094.022398,nan,300094.022398,nan,nan,0.0,25,64,,True,False,"HTTPConnectionPool(host='gpu03', port=9002): Read timed out.",0,56.69694568066818
220,2026-09-19T05:46:50.775+00:00,2026-09-19T05:51:50.865+00:00,2026-09-19T05:51:51.106+00:00,True,3,3.0,,3.0,300090.581886,300330.63283,300330.632657,100110.21088566666,107.587496,300090.581886,173188.08199115295,270094.77002490003,120.025472,17.58982989687757,0.009988991038746715,25,64,,True,True,,8,56.69694568066818
221,2026-09-19T05:46:51.114+00:00,2026-09-19T05:51:51.252+00:00,2026-09-19T05:51:51.567+00:00,False,5,4.0,,4.0,300138.080182,300452.937398,300452.937538,60090.5875076,0.02163,300138.080182,134190.63569482483,240133.4351392,78.714304,52.942298691411025,0.013313233129424638,25,64,,True,False,Request timeout: 300.0s exceeded,16,56.69694568066818
222,2026-09-19T05:46:51.454+00:00,2026-09-19T05:51:51.681+00:00,2026-09-19T05:51:51.681+00:00,False,1,0.0,,0.0,300227.29302499996,300227.29302499996,300227.29302499996,300227.29302499996,300227.29302499996,300227.29302499996,nan,300227.29302499996,nan,nan,0.0,25,64,,True,False,"HTTPConnectionPool(host='gpu03', port=9002): Read timed out.",0,56.69694568066818
223,2026-09-19T05:46:51.780+00:00,2026-09-19T05:51:51.819+00:00,2026-09-19T05:51:51.819+00:00,False,1,0.0,,0.0,300039.411691,300039.411691,300039.411691,300039.411691,300039.411691,300039.411691,nan,300039.411691,nan,nan,0.0,25,64,,True,False,"HTTPConnectionPool(host='gpu03', port=9002): Read timed out.",0,56.69694568066818
224,2026-09-19T05:46:52.309+00:00,2026-09-19T05:51:52.409+00:00,2026-09-19T05:51:52.409+00:00,False,1,0.0,,0.0,300100.81501099997,300100.81501099997,300100.81501099997,300100.81501099997,300100.81501099997,300100.81501099997,nan,300100.81501099997,nan,nan,0.0,25,64,,True,False,"HTTPConnectionPool(host='gpu03', port=9002): Read timed out.",0,56.69694568066818
225,2026-09-19T05:46:52.767+00:00,2026-09-19T05:51:52.767+00:00,2026-09-19T05:51:52.990+00:00,False,3,2.0,,2.0,300000.570296,300223.523768,300223.523818,100074.50793933333,0.040969,300000.570296,173141.0847402114,270022.8045217,111.476736,157.59398575277024,0.0066617031700204644,25,64,,True,False,Request timeout: 300.0s exceeded,9,56.69694568066818
227,2026-09-19T05:46:53.349+00:00,2026-09-19T05:51:52.988+00:00,2026-09-19T05:51:53.372+00:00,False,6,5.0,,5.0,299639.214529,300022.86867299996,300022.868846,50003.81147433333,0.02152,299639.214529,122295.87809568012,224756.00721375,76.7308288,43.720833346407886,0.0166653962816734,25,64,,True,False,Request timeout: 300.0s exceeded,25,56.69694568066818
226,2026-09-19T05:46:53.060+00:00,2026-09-19T05:51:52.990+00:00,2026-09-19T05:51:53.070+00:00,False,3,2.0,,2.0,299929.876917,300010.291125,300010.29118,100003.43039333333,0.04393,299929.876917,173141.3862361283,269944.92625859997,40.207104,56.79916112896711,0.0066664379828447135,25,64,,True,False,Request timeout: 300.0s exceeded,10,56.69694568066818
228,2026-09-19T05:46:53.670+00:00,2026-09-19T05:51:53.163+00:00,2026-09-19T05:51:53.680+00:00,False,7,6.0,,6.0,299493.075213,300009.920269,300009.920343,42858.560049,0.038829999999999996,299493.075213,113165.19072434863,209676.79028040002,86.14084266666667,42.224032257979545,0.019999338670601885,25,64,,True,False,Request timeout: 300.0s exceeded,18,56.69694568066818
229,2026-09-19T05:46:54.162+00:00,2026-09-19T05:51:54.280+00:00,2026-09-19T05:51:54.280+00:00,False,1,0.0,,0.0,300118.75470999995,300118.75470999995,300118.75470999995,300118.75470999995,300118.75470999995,300118.75470999995,nan,300118.75470999995,nan,nan,0.0,25,64,,True,False,"HTTPConnectionPool(host='gpu03', port=9002): Read timed out.",0,56.69694568066818
230,2026-09-19T05:46:54.515+00:00,2026-09-19T05:51:54.532+00:00,2026-09-19T05:51:54.532+00:00,False,1,0.0,,0.0,300016.415343,300016.415343,300016.415343,300016.415343,300016.415343,300016.415343,nan,300016.415343,nan,nan,0.0,25,64,,True,False,TTFT timeout: 300.0s exceeded (TTFT: 300.011s),0,56.69694568066818
231,2026-09-19T05:46:55.646+00:00,2026-09-19T05:51:54.885+00:00,2026-09-19T05:51:55.927+00:00,False,12,11.0,,11.0,299238.86268900003,300281.333601,300281.333698,25023.444474833337,0.02401,299238.86268900003,86355.46879326765,134728.8313176,94.7700829090909,37.99691834576943,0.036632313664279555,25,64,,True,False,Request timeout: 300.0s exceeded,35,56.69694568066818
233,2026-09-19T05:46:55.782+00:00,2026-09-19T05:51:55.119+00:00,2026-09-19T05:51:55.119+00:00,True,1,1.0,,1.0,299336.59476300003,299336.59476300003,299336.59476300003,299336.59476300003,299336.59476300003,299336.59476300003,nan,299336.59476300003,nan,nan,0.0033407208389998246,25,64,,True,True,,1,56.69694568066818
232,2026-09-19T05:46:55.752+00:00,2026-09-19T05:51:55.599+00:00,2026-09-19T05:51:55.927+00:00,False,5,4.0,,4.0,299847.40082200005,300175.06264600006,300175.06269700004,60035.01253940001,0.03612,299847.40082200005,134059.20906544497,239902.22368000005,81.915456,55.29844426533574,0.013325557308926912,25,64,,True,False,Request timeout: 300.0s exceeded,14,56.69694568066818
234,2026-09-19T05:46:56.201+00:00,2026-09-19T05:51:56.213+00:00,2026-09-19T05:51:56.213+00:00,False,1,0.0,,0.0,300012.86039499997,300012.86039499997,300012.86039499997,300012.86039499997,300012.86039499997,300012.86039499997,nan,300012.86039499997,nan,nan,0.0,25,64,,True,False,"HTTPConnectionPool(host='gpu03', port=9002): Read timed out.",0,56.69694568066818
235,2026-09-19T05:46:56.665+00:00,2026-09-19T05:51:56.702+00:00,2026-09-19T05:51:56.702+00:00,False,1,0.0,,0.0,300036.98666399997,300036.98666399997,300036.98666399997,300036.98666399997,300036.98666399997,300036.98666399997,nan,300036.98666399997,nan,nan,0.0,25,64,,True,False,"HTTPConnectionPool(host='gpu03', port=9002): Read timed out.",0,56.69694568066818
236,2026-09-19T05:46:57.046+00:00,2026-09-19T05:51:57.105+00:00,2026-09-19T05:51:57.105+00:00,False,1,0.0,,0.0,300059.03449800005,300059.03449800005,300059.03449800005,300059.03449800005,300059.03449800005,300059.03449800005,nan,300059.03449800005,nan,nan,0.0,25,64,,True,False,TTFT timeout: 300.0s exceeded (TTFT: 300.049s),0,56.69694568066818
237,2026-09-19T05:46:57.425+00:00,2026-09-19T05:51:57.291+00:00,2026-09-19T05:51:57.505+00:00,False,4,3.0,,3.0,299866.06667900004,300080.00843900006,300080.00842400006,75020.00210600001,0.05948,299866.06667900004,149897.38508154472,254903.72917745,71.31392,62.54702224254696,0.009997333763104839,25,64,,True,False,Request timeout: 300.0s exceeded,10,56.69694568066818
238,2026-09-19T05:46:57.937+00:00,2026-09-19T05:51:57.408+00:00,2026-09-19T05:51:58.015+00:00,False,8,7.0,,7.0,299471.23901200003,300078.57827600004,300078.57834,37509.8222925,0.04047,299471.23901200003,105848.40259844523,194692.6363497,86.762752,38.266609375691004,0.02332722329003334,25,64,,True,False,Request timeout: 300.0s exceeded,37,56.69694568066818
239,2026-09-19T05:46:58.434+00:00,2026-09-19T05:51:58.527+00:00,2026-09-19T05:51:58.527+00:00,False,1,0.0,,0.0,300093.11111799994,300093.11111799994,300093.11111799994,300093.11111799994,300093.11111799994,300093.11111799994,nan,300093.11111799994,nan,nan,0.0,25,64,,True,False,"HTTPConnectionPool(host='gpu03', port=9002): Read timed out.",0,56.69694568066818
240,2026-09-19T05:46:58.827+00:00,2026-09-19T05:51:58.929+00:00,2026-09-19T05:51:58.929+00:00,False,1,0.0,,0.0,300102.27356199996,300102.27356199996,300102.27356199996,300102.27356199996,300102.27356199996,300102.27356199996,nan,300102.27356199996,nan,nan,0.0,25,64,,True,False,TTFT timeout: 300.0s exceeded (TTFT: 300.094s),0,56.69694568066818
241,2026-09-19T05:46:59.249+00:00,2026-09-19T05:51:59.074+00:00,2026-09-19T05:51:59.074+00:00,True,1,1.0,,1.0,299824.705197,299824.705197,299824.705197,299824.705197,299824.705197,299824.705197,nan,299824.705197,nan,nan,0.0033352821921160546,25,64,,True,True,,1,56.69694568066818
242,2026-09-19T05:46:59.707+00:00,2026-09-19T05:51:59.425+00:00,2026-09-19T05:51:59.720+00:00,False,6,5.0,,5.0,299718.114969,300012.686745,300012.686705,50002.11445083333,0.04215,299718.114969,122335.3618994237,224813.24613875,58.9143552,41.10217578100764,0.016665961877304944,25,64,,True,False,Request timeout: 300.0s exceeded,29,56.69694568066818
243,2026-09-19T05:47:00.186+00:00,2026-09-19T05:52:00.221+00:00,2026-09-19T05:52:00.221+00:00,False,1,0.0,,0.0,300035.49747500004,300035.49747500004,300035.49747500004,300035.49747500004,300035.49747500004,300035.49747500004,nan,300035.49747500004,nan,nan,0.0,25,64,,True,False,"HTTPConnectionPool(host='gpu03', port=9002): Read timed out.",0,56.69694568066818
244,2026-09-19T05:47:00.688+00:00,2026-09-19T05:52:00.662+00:00,2026-09-19T05:52:00.802+00:00,False,3,2.0,,2.0,299974.096571,300113.955771,300113.955798,100037.985266,0.03565,299974.096571,173149.76563076876,269990.66927159997,69.9296,98.8450653559221,0.006664135277754584,25,64,,True,False,Request timeout: 300.0s exceeded,3,56.69694568066818
245,2026-09-19T05:47:01.004+00:00,2026-09-19T05:52:00.910+00:00,2026-09-19T05:52:01.016+00:00,False,3,2.0,,2.0,299906.031853,300012.171501,300012.171543,100004.057181,0.0218,299906.031853,173120.19646020152,269926.04045669996,53.069824,75.02129156643593,0.006666396199839957,25,64,,True,False,Request timeout: 300.0s exceeded,7,56.69694568066818
246,2026-09-19T05:47:01.534+00:00,2026-09-19T05:52:01.588+00:00,2026-09-19T05:52:01.588+00:00,False,1,0.0,,0.0,300054.02327,300054.02327,300054.02327,300054.02327,300054.02327,300054.02327,nan,300054.02327,nan,nan,0.0,25,64,,True,False,"HTTPConnectionPool(host='gpu03', port=9002): Read timed out.",0,56.69694568066818
247,2026-09-19T05:47:01.883+00:00,2026-09-19T05:52:01.931+00:00,2026-09-19T05:52:01.931+00:00,False,1,0.0,,0.0,300047.613258,300047.613258,300047.613258,300047.613258,300047.613258,300047.613258,nan,300047.613258,nan,nan,0.0,25,64,,True,False,"HTTPConnectionPool(host='gpu03', port=9002): Read timed out.",0,56.69694568066818
248,2026-09-19T05:47:02.263+00:00,2026-09-19T05:52:02.184+00:00,2026-09-19T05:52:02.332+00:00,False,3,2.0,,2.0,299920.754158,300069.72209399997,300069.722132,100023.24071066667,0.046049999999999994,299920.754158,173116.34080244007,269943.57093459996,74.483968,105.27107076400947,0.006665117646803029,25,64,,True,False,Request timeout: 300.0s exceeded,8,56.69694568066818
249,2026-09-19T05:47:02.606+00:00,2026-09-19T05:52:02.336+00:00,2026-09-19T05:52:02.684+00:00,False,5,4.0,,4.0,299729.631569,300078.21985700005,300078.220012,60015.644002400004,0.0697,299729.631569,134004.20356166153,239810.9568724,87.147072,61.90029043663439,0.013329857801429805,25,64,,True,False,Request timeout: 300.0s exceeded,14,56.69694568066818
250,2026-09-19T05:47:02.991+00:00,2026-09-19T05:52:02.598+00:00,2026-09-19T05:52:03.097+00:00,False,9,8.0,,8.0,299606.96312699997,300106.33515899995,300106.335231,33345.148359,0.06284000000000001,299606.96312699997,99848.18602725245,179806.890567,62.421504,35.394681810474204,0.02665721800161767,25,64,,True,False,Request timeout: 300.0s exceeded,32,56.69694568066818
251,2026-09-19T05:47:03.320+00:00,2026-09-19T05:52:03.374+00:00,2026-09-19T05:52:03.374+00:00,False,1,0.0,,0.0,300054.858691,300054.858691,300054.858691,300054.858691,300054.858691,300054.858691,nan,300054.858691,nan,nan,0.0,25,64,,True,False,"HTTPConnectionPool(host='gpu03', port=9002): Read timed out.",0,56.69694568066818
252,2026-09-19T05:47:03.656+00:00,2026-09-19T05:52:03.754+00:00,2026-09-19T05:52:03.754+00:00,False,1,0.0,,0.0,300098.758956,300098.758956,300098.758956,300098.758956,300098.758956,300098.758956,nan,300098.758956,nan,nan,0.0,25,64,,True,False,"HTTPConnectionPool(host='gpu03', port=9002): Read timed out.",0,56.69694568066818
253,2026-09-19T05:47:04.008+00:00,2026-09-19T05:52:04.082+00:00,2026-09-19T05:52:05.050+00:00,False,11,10.0,,10.0,300073.65724800003,301041.35772800003,301041.35784,27367.39616727273,0.036889000000000005,300073.65724800003,90446.44075396856,150100.218548,96.770048,35.17371832663094,0.0332180271689955,25,64,,True,False,Request timeout: 300.0s exceeded,59,56.69694568066818
254,2026-09-19T05:47:04.347+00:00,2026-09-19T05:52:04.209+00:00,2026-09-19T05:52:05.152+00:00,False,11,10.0,,10.0,299862.05051,300804.781774,300804.781714,27345.88924672727,0.02336,299862.05051,90383.39117512744,149987.787506,94.27312640000001,33.397409412467546,0.033244152373592184,25,64,,True,False,Request timeout: 300.0s exceeded,57,56.69694568066818
256,2026-09-19T05:47:05.103+00:00,2026-09-19T05:52:05.280+00:00,2026-09-19T05:52:05.280+00:00,False,1,0.0,,0.0,300177.025913,300177.025913,300177.025913,300177.025913,300177.025913,300177.025913,nan,300177.025913,nan,nan,0.0,25,64,,True,False,"HTTPConnectionPool(host='gpu03', port=9002): Read timed out.",0,56.69694568066818
257,2026-09-19T05:47:05.432+00:00,2026-09-19T05:52:05.514+00:00,2026-09-19T05:52:05.514+00:00,False,1,0.0,,0.0,300081.933729,300081.933729,300081.933729,300081.933729,300081.933729,300081.933729,nan,300081.933729,nan,nan,0.0,25,64,,True,False,"HTTPConnectionPool(host='gpu03', port=9002): Read timed out.",0,56.69694568066818
255,2026-09-19T05:47:04.729+00:00,2026-09-19T05:52:05.791+00:00,2026-09-19T05:52:05.791+00:00,False,1,0.0,,0.0,301062.033929,301062.033929,301062.033929,301062.033929,301062.033929,301062.033929,nan,301062.033929,nan,nan,0.0,25,64,,True,False,"HTTPConnectionPool(host='gpu03', port=9002): Read timed out.",0,56.69694568066818
258,2026-09-19T05:47:05.874+00:00,2026-09-19T05:52:05.966+00:00,2026-09-19T05:52:05.966+00:00,False,1,0.0,,0.0,300092.335274,300092.335274,300092.335274,300092.335274,300092.335274,300092.335274,nan,300092.335274,nan,nan,0.0,25,64,,True,False,"HTTPConnectionPool(host='gpu03', port=9002): Read timed out.",0,56.69694568066818
259,2026-09-19T05:47:06.375+00:00,2026-09-19T05:52:06.343+00:00,2026-09-19T05:52:06.546+00:00,False,3,2.0,,2.0,299967.80336400005,300170.76989200007,300170.76996600005,100056.92332200002,0.027469999999999998,299967.80336400005,173127.93033667572,269991.31694080005,101.483264,143.48027016478875,0.006662873939123353,25,64,,True,False,Request timeout: 300.0s exceeded,4,56.69694568066818
260,2026-09-19T05:47:06.805+00:00,2026-09-19T05:52:06.543+00:00,2026-09-19T05:52:06.844+00:00,False,5,4.0,,4.0,299737.303423,300038.15846299997,300038.15833299997,60007.6316666,0.03775,299737.303423,134012.96762637154,239810.6693412,75.21376,50.224655540144056,0.013331637617330834,25,64,,True,False,Request timeout: 300.0s exceeded,13,56.69694568066818
261,2026-09-19T05:47:07.223+00:00,2026-09-19T05:52:07.324+00:00,2026-09-19T05:52:07.324+00:00,False,1,0.0,,0.0,300100.71918300004,300100.71918300004,300100.71918300004,300100.71918300004,300100.71918300004,300100.71918300004,nan,300100.71918300004,nan,nan,0.0,25,64,,True,False,"HTTPConnectionPool(host='gpu03', port=9002): Read timed out.",0,56.69694568066818
262,2026-09-19T05:47:07.728+00:00,2026-09-19T05:52:07.841+00:00,2026-09-19T05:52:07.841+00:00,False,1,0.0,,0.0,300113.535287,300113.535287,300113.535287,300113.535287,300113.535287,300113.535287,nan,300113.535287,nan,nan,0.0,25,64,,True,False,"HTTPConnectionPool(host='gpu03', port=9002): Read timed out.",0,56.69694568066818
263,2026-09-19T05:47:08.186+00:00,2026-09-19T05:52:08.128+00:00,2026-09-19T05:52:08.269+00:00,False,3,2.0,,2.0,299941.78978600004,300083.58178600005,300083.58174900006,100027.86058300002,0.06258,299941.78978600004,173130.55575029887,269961.7837457,70.896,100.1733852433709,0.006664809810975492,25,64,,True,False,Request timeout: 300.0s exceeded,8,56.69694568066818
264,2026-09-19T05:47:08.617+00:00,2026-09-19T05:52:08.509+00:00,2026-09-19T05:52:08.709+00:00,False,4,3.0,,3.0,299891.643672,300091.889432,300091.88937999995,75022.97234499999,0.02029,299891.643672,149912.45501450854,254923.53196979995,66.74858666666667,57.93511501182202,0.009996937956831358,25,64,,True,False,Request timeout: 300.0s exceeded,5,56.69694568066818
265,2026-09-19T05:47:09.108+00:00,2026-09-19T05:52:09.169+00:00,2026-09-19T05:52:09.169+00:00,False,1,0.0,,0.0,300060.334413,300060.334413,300060.334413,300060.334413,300060.334413,300060.334413,nan,300060.334413,nan,nan,0.0,25,64,,True,False,"HTTPConnectionPool(host='gpu03', port=9002): Read timed out.",0,56.69694568066818
266,2026-09-19T05:47:09.464+00:00,2026-09-19T05:52:09.529+00:00,2026-09-19T05:52:09.529+00:00,False,1,0.0,,0.0,300064.941481,300064.941481,300064.941481,300064.941481,300064.941481,300064.941481,nan,300064.941481,nan,nan,0.0,25,64,,True,False,"HTTPConnectionPool(host='gpu03', port=9002): Read timed out.",0,56.69694568066818
267,2026-09-19T05:47:09.793+00:00,2026-09-19T05:52:09.731+00:00,2026-09-19T05:52:09.862+00:00,False,3,2.0,,2.0,299938.01855599997,300068.44389999995,300068.444035,100022.81467833332,0.079879,299938.01855599997,173131.65741243362,269957.2512604,65.212672,92.11168911533433,0.0066651460380369575,25,64,,True,False,Request timeout: 300.0s exceeded,3,56.69694568066818
268,2026-09-19T05:47:10.271+00:00,2026-09-19T05:52:10.101+00:00,2026-09-19T05:52:10.305+00:00,False,4,3.0,,3.0,299829.627529,300033.954185,300033.954238,75008.4885595,0.024079999999999997,299829.627529,149880.76704748036,254870.66285320002,68.10888533333333,58.972446513675706,0.009998868321917358,25,64,,True,False,Request timeout: 300.0s exceeded,10,56.69694568066818
269,2026-09-19T05:47:10.643+00:00,2026-09-19T05:52:10.750+00:00,2026-09-19T05:52:10.750+00:00,False,1,0.0,,0.0,300107.54039499996,300107.54039499996,300107.54039499996,300107.54039499996,300107.54039499996,300107.54039499996,nan,300107.54039499996,nan,nan,0.0,25,64,,True,False,"HTTPConnectionPool(host='gpu03', port=9002): Read timed out.",0,56.69694568066818
270,2026-09-19T05:47:10.990+00:00,2026-09-19T05:52:11.015+00:00,2026-09-19T05:52:11.015+00:00,False,1,0.0,,0.0,300024.83686000004,300024.83686000004,300024.83686000004,300024.83686000004,300024.83686000004,300024.83686000004,nan,300024.83686000004,nan,nan,0.0,25,64,,True,False,"HTTPConnectionPool(host='gpu03', port=9002): Read timed out.",0,56.69694568066818
271,2026-09-19T05:47:11.375+00:00,2026-09-19T05:52:11.360+00:00,2026-09-19T05:52:11.507+00:00,False,3,2.0,,2.0,299985.085795,300131.921763,300131.921625,100043.97387500001,0.0238,299985.085795,173154.09773825912,270001.2584185,73.417984,103.79503909839791,0.00666373636050385,25,64,,True,False,Request timeout: 300.0s exceeded,3,56.69694568066818
272,2026-09-19T05:47:11.813+00:00,2026-09-19T05:52:11.633+00:00,2026-09-19T05:52:11.835+00:00,False,4,3.0,,3.0,299819.76068199996,300021.225514,300021.22542699997,75005.30635674999,0.0223,299819.76068199996,149876.31041008362,254862.20769924994,67.154944,58.17366190924054,0.009999292532921176,25,64,,True,False,Request timeout: 300.0s exceeded,5,56.69694568066818
273,2026-09-19T05:47:12.252+00:00,2026-09-19T05:52:12.367+00:00,2026-09-19T05:52:12.367+00:00,False,1,0.0,,0.0,300115.345647,300115.345647,300115.345647,300115.345647,300115.345647,300115.345647,nan,300115.345647,nan,nan,0.0,25,64,,True,False,"HTTPConnectionPool(host='gpu03', port=9002): Read timed out.",0,56.69694568066818
274,2026-09-19T05:47:12.690+00:00,2026-09-19T05:52:12.772+00:00,2026-09-19T05:52:12.772+00:00,False,1,0.0,,0.0,300081.508482,300081.508482,300081.508482,300081.508482,300081.508482,300081.508482,nan,300081.508482,nan,nan,0.0,25,64,,True,False,"HTTPConnectionPool(host='gpu03', port=9002): Read timed out.",0,56.69694568066818
275,2026-09-19T05:47:13.103+00:00,2026-09-19T05:52:13.098+00:00,2026-09-19T05:52:13.221+00:00,False,3,2.0,,2.0,299994.09382099996,300117.43257299997,300117.43247799994,100039.14415933331,0.03676,299994.09382099996,173166.07698744934,270007.0146286,61.669376,87.16153435352253,0.006664058075045421,25,64,,True,False,Request timeout: 300.0s exceeded,10,56.69694568066818
276,2026-09-19T05:47:13.536+00:00,2026-09-19T05:52:13.353+00:00,2026-09-19T05:52:13.567+00:00,False,4,3.0,,3.0,299817.779436,300031.013868,300031.013782,75007.7534455,0.02166,299817.779436,149873.3593341015,254862.69894839998,71.078144,62.449126083801424,0.009998966311262287,25,64,,True,False,Request timeout: 300.0s exceeded,10,56.69694568066818
277,2026-09-19T05:47:14.017+00:00,2026-09-19T05:52:14.114+00:00,2026-09-19T05:52:14.114+00:00,False,1,0.0,,0.0,300096.86958600004,300096.86958600004,300096.86958600004,300096.86958600004,300096.86958600004,300096.86958600004,nan,300096.86958600004,nan,nan,0.0,25,64,,True,False,"HTTPConnectionPool(host='gpu03', port=9002): Read timed out.",0,56.69694568066818
278,2026-09-19T05:47:14.529+00:00,2026-09-19T05:52:14.617+00:00,2026-09-19T05:52:14.617+00:00,False,1,0.0,,0.0,300087.30132200004,300087.30132200004,300087.30132200004,300087.30132200004,300087.30132200004,300087.30132200004,nan,300087.30132200004,nan,nan,0.0,25,64,,True,False,"HTTPConnectionPool(host='gpu03', port=9002): Read timed out.",0,56.69694568066818
279,2026-09-19T05:47:14.834+00:00,2026-09-19T05:52:14.781+00:00,2026-09-19T05:52:14.913+00:00,False,3,2.0,,2.0,299947.59912300005,300079.83489900007,300079.83473800006,100026.61157933334,0.05378,299947.59912300005,173136.66656656508,269966.05739420006,66.117888,93.42878580395212,0.006664893029793734,25,64,,True,False,Request timeout: 300.0s exceeded,9,56.69694568066818
280,2026-09-19T05:47:15.300+00:00,2026-09-19T05:52:15.139+00:00,2026-09-19T05:52:15.348+00:00,False,4,3.0,,3.0,299839.039467,300048.129259,300048.12925399997,75012.03231349999,0.02114,299839.039467,149884.67974929762,254880.3429708,69.69659733333333,61.141210026185036,0.009998395948706001,25,64,,True,False,Request timeout: 300.0s exceeded,7,56.69694568066818
281,2026-09-19T05:47:15.589+00:00,2026-09-19T05:52:15.644+00:00,2026-09-19T05:52:15.644+00:00,False,1,0.0,,0.0,300054.951196,300054.951196,300054.951196,300054.951196,300054.951196,300054.951196,nan,300054.951196,nan,nan,0.0,25,64,,True,False,"HTTPConnectionPool(host='gpu03', port=9002): Read timed out.",0,56.69694568066818
282,2026-09-19T05:47:15.957+00:00,2026-09-19T05:52:16.044+00:00,2026-09-19T05:52:16.044+00:00,False,1,0.0,,0.0,300086.872087,300086.872087,300086.872087,300086.872087,300086.872087,300086.872087,nan,300086.872087,nan,nan,0.0,25,64,,True,False,"HTTPConnectionPool(host='gpu03', port=9002): Read timed out.",0,56.69694568066818
283,2026-09-19T05:47:16.305+00:00,2026-09-19T05:52:16.392+00:00,2026-09-19T05:52:16.392+00:00,False,1,0.0,,0.0,300087.74198500003,300087.74198500003,300087.74198500003,300087.74198500003,300087.74198500003,300087.74198500003,nan,300087.74198500003,nan,nan,0.0,25,64,,True,False,TTFT timeout: 300.0s exceeded (TTFT: 300.073s),0,56.69694568066818
285,2026-09-19T05:47:17.738+00:00,2026-09-19T05:52:17.537+00:00,2026-09-19T05:52:17.868+00:00,False,5,4.0,,4.0,299798.386877,300130.125501,300130.125632,60026.025126399996,0.02504,299798.386877,134036.83409506964,239864.72735759997,82.934656,57.016491573879776,0.013327552485185874,25,64,,True,False,Request timeout: 300.0s exceeded,19,56.69694568066818
286,2026-09-19T05:47:17.769+00:00,2026-09-19T05:52:17.637+00:00,2026-09-19T05:52:17.866+00:00,False,4,3.0,,3.0,299868.006462,300096.258622,300096.258672,75024.064668,0.026760000000000003,299868.006462,149895.97150176298,254907.50240625002,76.08405333333333,68.07638225414618,0.009996792408461139,25,64,,True,False,Request timeout: 300.0s exceeded,10,56.69694568066818
284,2026-09-19T05:47:17.646+00:00,2026-09-19T05:52:17.735+00:00,2026-09-19T05:52:17.960+00:00,False,4,3.0,,3.0,300089.328333,300314.467789,300314.46759,75078.6168975,0.06503,300089.328333,150007.1510502915,255095.51606340002,75.04648533333332,67.39588679953047,0.009989528716637757,25,64,,True,False,Request timeout: 300.0s exceeded,11,56.69694568066818
287,2026-09-19T05:47:17.800+00:00,2026-09-19T05:52:18.000+00:00,2026-09-19T05:52:18.000+00:00,False,1,0.0,,0.0,300200.640272,300200.640272,300200.640272,300200.640272,300200.640272,300200.640272,nan,300200.640272,nan,nan,0.0,25,64,,True,False,"HTTPConnectionPool(host='gpu03', port=9002): Read timed out.",0,56.69694568066818
288,2026-09-19T05:47:18.028+00:00,2026-09-19T05:52:18.041+00:00,2026-09-19T05:52:18.041+00:00,False,1,0.0,,0.0,300012.875008,300012.875008,300012.875008,300012.875008,300012.875008,300012.875008,nan,300012.875008,nan,nan,0.0,25,64,,True,False,"HTTPConnectionPool(host='gpu03', port=9002): Read timed out.",0,56.69694568066818
289,2026-09-19T05:47:18.361+00:00,2026-09-19T05:52:18.395+00:00,2026-09-19T05:52:18.395+00:00,False,1,0.0,,0.0,300034.066389,300034.066389,300034.066389,300034.066389,300034.066389,300034.066389,nan,300034.066389,nan,nan,0.0,25,64,,True,False,"HTTPConnectionPool(host='gpu03', port=9002): Read timed out.",0,56.69694568066818
290,2026-09-19T05:47:18.651+00:00,2026-09-19T05:52:18.773+00:00,2026-09-19T05:52:18.773+00:00,False,1,0.0,,0.0,300122.677158,300122.677158,300122.677158,300122.677158,300122.677158,300122.677158,nan,300122.677158,nan,nan,0.0,25,64,,True,False,"HTTPConnectionPool(host='gpu03', port=9002): Read timed out.",0,56.69694568066818
291,2026-09-19T05:47:19.124+00:00,2026-09-19T05:52:19.142+00:00,2026-09-19T05:52:20.484+00:00,False,16,15.0,,15.0,300018.262733,301360.117453,301360.117446,18835.007340375,0.02307,300018.262733,74982.22064047563,75193.28481725,89.45698133333333,55.546127569672635,0.0497743368524516,25,64,,True,False,Request timeout: 300.0s exceeded,52,56.69694568066818
292,2026-09-19T05:47:19.605+00:00,2026-09-19T05:52:19.394+00:00,2026-09-19T05:52:20.582+00:00,False,16,15.0,,15.0,299788.998383,300976.164079,300976.16394600004,18811.010246625003,0.0218,299788.998383,74927.47075078807,75027.15973925001,79.14437973333334,34.11289760823833,0.04983783365669718,25,64,,True,False,Request timeout: 300.0s exceeded,39,56.69694568066818
293,2026-09-19T05:47:19.914+00:00,2026-09-19T05:52:19.517+00:00,2026-09-19T05:52:20.687+00:00,False,15,14.0,,14.0,299602.751767,300772.34536700003,300772.345443,20051.489696200002,0.0396,299602.751767,77335.53387918536,89955.72493999999,83.5424,33.066143983490356,0.04654683256506615,25,64,,True,False,Request timeout: 300.0s exceeded,64,56.69694568066818
294,2026-09-19T05:47:20.307+00:00,2026-09-19T05:52:21.479+00:00,2026-09-19T05:52:21.479+00:00,False,1,0.0,,0.0,301171.888798,301171.888798,301171.888798,301171.888798,301171.888798,301171.888798,nan,301171.888798,nan,nan,0.0,25,64,,True,False,"HTTPConnectionPool(host='gpu03', port=9002): Read timed out.",0,56.69694568066818
0,2026-09-19T05:45:20.795+00:00,2026-09-19T05:45:21.010+00:00,2026-09-19T05:45:25.337+00:00,True,49,49.0,,49.0,215.685081,4542.192088999999,4542.191951,92.69779491836735,33.890071000000006,215.685081,31.68032782025683,110.96554739999999,90.13556266666667,26.39062175243099,10.787742799047441,26,64,,False,True,,216,56.69694568066818
1,2026-09-19T05:45:21.384+00:00,2026-09-19T05:45:21.654+00:00,2026-09-19T05:45:29.118+00:00,True,78,78.0,,78.0,270.13575199999997,7734.623688000001,7734.623913,99.16184503846154,33.416142,270.13575199999997,30.312959969421286,112.34740289999999,96.94140176623377,23.266686729738304,10.084524231090167,26,64,,False,True,,356,56.69694568066818
2,2026-09-19T05:45:22.010+00:00,2026-09-19T05:45:24.701+00:00,2026-09-19T05:45:34.302+00:00,True,99,99.0,,99.0,2690.639452,12291.373404,12291.373585,124.15528873737374,0.0,2690.639452,261.8608066865474,111.6293456,97.96667297959183,26.06739644661278,8.054429456010366,26,64,,False,True,,478,56.69694568066818
3,2026-09-19T05:45:22.442+00:00,2026-09-19T05:45:27.416+00:00,2026-09-19T05:45:32.704+00:00,True,54,54.0,,54.0,4974.336832,10262.632768,10262.632902,190.04875744444445,45.007716,4974.336832,663.5077061575721,110.19680115,99.77916860377358,14.912022278425736,5.261807688216015,26,64,,False,True,,199,56.69694568066818
4,2026-09-19T05:45:22.987+00:00,2026-09-19T05:45:29.891+00:00,2026-09-19T05:45:38.618+00:00,True,89,89.0,,89.0,6903.505358,15630.270158000001,15630.270225,175.62101376404496,0.0,6903.505358,722.2276307824226,128.7574596,99.16778181818181,37.619662603813055,5.69407944330683,26,64,,False,True,,353,56.69694568066818
5,2026-09-19T05:45:23.533+00:00,2026-09-19T05:45:32.857+00:00,2026-09-19T05:45:37.119+00:00,True,43,43.0,,43.0,9324.315368000001,13585.915112000002,13585.914967,315.95151086046513,0.0,9324.315368000001,1407.3467988312113,246.33928469999998,101.46666057142856,50.236870140908316,3.1650425934149613,26,64,,False,True,,192,56.69694568066818
6,2026-09-19T05:45:23.890+00:00,2026-09-19T05:45:34.709+00:00,2026-09-19T05:45:39.390+00:00,True,48,48.0,,48.0,10818.835366000001,15499.788966,15499.788929,322.9122693541667,0.0,10818.835366000001,1548.1346425859072,255.1219577,99.59475744680852,54.684067807071564,3.0968163570027794,26,64,,False,True,,226,56.69694568066818
7,2026-09-19T05:45:24.516+00:00,2026-09-19T05:45:38.415+00:00,2026-09-19T05:45:43.018+00:00,True,48,48.0,,48.0,13899.030089,18501.990985,18501.990994,385.45814570833335,0.0,13899.030089,1992.700448612893,236.4992238,97.93533821276596,52.771413214344804,2.5943153922685798,26,64,,False,True,,195,56.69694568066818
8,2026-09-19T05:45:24.927+00:00,2026-09-19T05:45:40.364+00:00,2026-09-19T05:45:41.984+00:00,True,17,17.0,,17.0,15437.654253,17057.562093,17057.562009,1003.3860005294118,91.002308,15437.654253,3719.630507521928,3175.9972842,101.24424,6.118619615294242,0.9966254208727974,26,64,,False,True,,51,56.69694568066818
9,2026-09-19T05:45:25.543+00:00,2026-09-19T05:45:44.049+00:00,2026-09-19T05:45:51.458+00:00,True,77,77.0,,77.0,18505.316076000003,25914.669036000003,25914.669162000002,336.554144961039,0.0,18505.316076000003,2098.4423029583163,117.8256878,97.49148631578947,53.61404035249565,2.9712901173089863,26,64,,False,True,,363,56.69694568066818
10,2026-09-19T05:45:26.062+00:00,2026-09-19T05:45:47.220+00:00,2026-09-19T05:45:52.300+00:00,True,52,52.0,,52.0,21157.701115,26237.520635,26237.52071,504.5677059615385,0.0,21157.701115,2921.142081202792,236.80960034999995,99.60430431372549,73.61264665728237,1.9818945823194014,26,64,,False,True,,215,56.69694568066818
11,2026-09-19T05:45:26.461+00:00,2026-09-19T05:45:49.210+00:00,2026-09-19T05:45:53.600+00:00,True,45,45.0,,45.0,22748.57265,27139.402474,27139.402428999998,603.0978317555555,0.0,22748.57265,3377.281262271534,334.0053014,99.79158690909091,83.14366467214383,1.658105776024758,26,64,,False,True,,228,56.69694568066818
12,2026-09-19T05:45:27.005+00:00,2026-09-19T05:45:52.210+00:00,2026-09-19T05:45:58.865+00:00,True,71,71.0,,71.0,25204.405296,31860.117808000003,31860.117658,448.7340515211268,0.0,25204.405296,2980.3995896993893,114.2792335,95.0816073142857,53.37283120489401,2.2284914458844867,26,64,,False,True,,245,56.69694568066818
13,2026-09-19T05:45:27.411+00:00,2026-09-19T05:45:54.331+00:00,2026-09-19T05:46:03.471+00:00,True,97,97.0,,97.0,26919.76048,36060.091232,36060.091235,371.75351788659793,0.0,26919.76048,2724.148546481514,113.67536779999999,95.21177866666667,53.92815063641251,2.6899543702186053,26,64,,False,True,,458,56.69694568066818
14,2026-09-19T05:45:27.954+00:00,2026-09-19T05:45:57.169+00:00,2026-09-19T05:46:04.997+00:00,True,80,80.0,,80.0,29215.241091,37043.165827,37043.165836,463.03957295,0.0,29215.241091,3255.815924033917,115.28891360000001,99.08765488607594,59.17576292850712,2.159642628106307,26,64,,False,True,,289,56.69694568066818
15,2026-09-19T05:45:28.580+00:00,2026-09-19T05:46:01.129+00:00,2026-09-19T05:46:05.048+00:00,True,40,40.0,,40.0,32548.900285,36467.421629,36467.421597,911.685539925,49.356745000000004,32548.900285,5130.574969733219,112.3172144,100.47490625641025,17.304867849904618,1.0968694306644042,26,64,,False,True,,148,56.69694568066818
16,2026-09-19T05:45:29.026+00:00,2026-09-19T05:46:03.416+00:00,2026-09-19T05:46:07.400+00:00,True,41,41.0,,41.0,34389.736578000004,38374.119810000004,38374.119865,935.9541430487806,0.0,34389.736578000004,5356.48357374824,542.647736,99.6095808,117.90943291193223,1.0684284148535887,26,64,,False,True,,131,56.69694568066818
17,2026-09-19T05:45:29.466+00:00,2026-09-19T05:46:06.201+00:00,2026-09-19T05:46:11.251+00:00,True,52,52.0,,52.0,36735.747342,41785.017614000004,41785.017640000005,803.5580315384616,0.01744,36735.747342,5081.129871698266,112.0588745,99.00529945098039,73.96873630233368,1.2444651927722887,26,64,,False,True,,242,56.69694568066818
18,2026-09-19T05:45:29.995+00:00,2026-09-19T05:46:08.450+00:00,2026-09-19T05:46:13.771+00:00,True,55,55.0,,55.0,38455.125696999996,43776.316096999995,43776.315851,795.9330154727272,0.0,38455.125696999996,5172.86278728315,105.5989795,98.54056296296297,95.31260632461307,1.2563871267315059,26,64,,False,True,,212,56.69694568066818
19,2026-09-19T05:45:30.541+00:00,2026-09-19T05:46:10.849+00:00,2026-09-19T05:46:18.231+00:00,True,78,78.0,,78.0,40307.343981,47689.181037,47689.181236,611.3997594358974,0.0,40307.343981,4553.769629569478,112.2879169,95.86801371428572,81.31053424815933,1.6355910985236488,26,64,,False,True,,337,56.69694568066818
20,2026-09-19T05:45:31.089+00:00,2026-09-19T05:46:13.961+00:00,2026-09-19T05:46:21.109+00:00,True,74,74.0,,74.0,42871.086999,50019.844503,50019.844347,675.9438425270271,0.0,42871.086999,4972.841559517824,113.88537314999998,97.92818498630136,75.3346398304096,1.479412835750854,26,64,,False,True,,356,56.69694568066818
21,2026-09-19T05:45:31.466+00:00,2026-09-19T05:46:16.029+00:00,2026-09-19T05:46:21.695+00:00,True,58,58.0,,58.0,44562.962288,50229.232496000004,50229.23242,866.0212486206897,0.0,44562.962288,5838.973577724662,115.5066074,99.40824926315788,86.04500903196313,1.1547060768770223,26,64,,False,True,,250,56.69694568066818
22,2026-09-19T05:45:31.838+00:00,2026-09-19T05:46:18.225+00:00,2026-09-19T05:46:20.586+00:00,True,24,24.0,,24.0,46387.724359,48748.461383,48748.46128,2031.1858866666666,0.0,46387.724359,9448.787864131884,589.5119242,102.64074017391304,132.2060499354152,0.49232323070548223,26,64,,False,True,,95,56.69694568066818
23,2026-09-19T05:45:32.427+00:00,2026-09-19T05:46:21.477+00:00,2026-09-19T05:46:30.239+00:00,True,87,87.0,,87.0,49050.316696,57812.10332,57812.103141,664.5069326551725,0.0,49050.316696,5249.266726411465,116.83223109999999,101.88123981395348,123.82217835362677,1.5048751905537832,26,64,,False,True,,363,56.69694568066818
24,2026-09-19T05:45:32.839+00:00,2026-09-19T05:46:24.023+00:00,2026-09-19T05:46:27.040+00:00,True,29,29.0,,29.0,51183.831077,54200.733221,54200.733306,1868.9908036551726,93.76670200000001,51183.831077,9484.592138900034,116.8885902,107.74650514285715,5.138292408115695,0.5350481123890772,26,64,,False,True,,166,56.69694568066818
25,2026-09-19T05:45:33.402+00:00,2026-09-19T05:46:26.934+00:00,2026-09-19T05:46:33.130+00:00,True,62,62.0,,62.0,53532.500865,59727.966849000004,59727.967061,963.3543074354839,0.0,53532.500865,6786.440467961893,117.65746415000001,101.56501613114753,98.61799204262682,1.0380396867809678,26,64,,False,True,,245,56.69694568066818
26,2026-09-19T05:45:33.834+00:00,2026-09-19T05:46:29.398+00:00,2026-09-19T05:46:34.399+00:00,True,56,56.0,,56.0,55564.509172,60564.944116,60564.943951,1081.516856267857,0.0,55564.509172,7413.054936377096,113.86004525,90.91699898181818,35.69305324346566,0.9246272875732079,26,64,,False,True,,189,56.69694568066818
27,2026-09-19T05:45:34.348+00:00,2026-09-19T05:46:32.106+00:00,2026-09-19T05:46:32.697+00:00,True,7,7.0,,7.0,57757.216589,58348.912973000006,58348.912942,8335.558991714286,46.037082999999996,57757.216589,21792.915519688442,40464.8212157,98.616064,26.03124238273276,0.11996795901303482,26,64,,False,True,,41,56.69694568066818
28,2026-09-19T05:45:34.764+00:00,2026-09-19T05:46:34.405+00:00,2026-09-19T05:46:43.561+00:00,True,93,93.0,,93.0,59640.483115,68796.40887500001,68796.408807,739.7463312580645,0.0,59640.483115,6175.196261909129,113.6964768,99.52093217391305,116.44716404630077,1.3518147461588703,26,64,,False,True,,457,56.69694568066818
29,2026-09-19T05:45:35.189+00:00,2026-09-19T05:46:36.871+00:00,2026-09-19T05:46:37.770+00:00,True,5,5.0,,5.0,61681.68852,62580.386504,62580.386362000005,12516.0772724,0.05432,61681.68852,27486.05441996359,49493.5404204,224.674496,346.93345849486826,0.07989723744643876,26,64,,False,True,,18,56.69694568066818
30,2026-09-19T05:45:35.817+00:00,2026-09-19T05:46:40.220+00:00,2026-09-19T05:46:40.916+00:00,True,8,8.0,,8.0,64402.508516999995,65098.34262899999,65098.342735,8137.292841875,46.96615,64402.508516999995,22734.591179781088,41902.536938649995,99.40487314285716,24.008861647281012,0.1228909934864634,26,64,,False,True,,49,56.69694568066818
31,2026-09-19T05:45:36.408+00:00,2026-09-19T05:46:43.404+00:00,2026-09-19T05:46:47.873+00:00,True,47,47.0,,47.0,66995.118706,71464.49137799999,71464.491291,1520.5210912978723,44.309646,66995.118706,9758.088959587469,113.4327736,97.16027547826087,19.377520532134607,0.6576692717422562,26,64,,False,True,,213,56.69694568066818
32,2026-09-19T05:45:37.107+00:00,2026-09-19T05:46:45.179+00:00,2026-09-19T05:46:48.987+00:00,True,40,40.0,,40.0,68072.01603900001,71879.51863100001,71879.51877600001,1796.9879694000003,45.718163,68072.01603900001,10747.707465402491,110.21100695000001,97.62827158974359,16.981149225884785,0.5564867539715118,26,64,,False,True,,178,56.69694568066818
33,2026-09-19T05:45:37.438+00:00,2026-09-19T05:46:48.487+00:00,2026-09-19T05:46:52.450+00:00,True,42,42.0,,42.0,71049.035959,75011.803063,75011.803032,1785.9953102857144,0.0,71049.035959,10949.284037459394,110.4711105,96.65285619512194,156.67349264297604,0.559911884330064,26,64,,False,True,,136,56.69694568066818
34,2026-09-19T05:45:37.970+00:00,2026-09-19T05:46:51.817+00:00,2026-09-19T05:46:53.811+00:00,True,20,20.0,,20.0,73846.93889599999,75840.91598399999,75840.91597799999,3792.0457988999997,7.7970820000000005,73846.93889599999,16489.26824510458,3935.8988703999994,104.94616252631579,44.69661599894137,0.26370989512072035,26,64,,False,True,,128,56.69694568066818
35,2026-09-19T05:45:38.563+00:00,2026-09-19T05:46:54.508+00:00,2026-09-19T05:46:58.248+00:00,True,38,38.0,,38.0,75944.34920499999,79684.497685,79684.49769999999,2096.9604657894733,0.016280000000000003,75944.34920499999,12304.08473029068,224.22954270000002,101.08509405405405,131.39537382284823,0.476880712108112,26,64,,False,True,,179,56.69694568066818
36,2026-09-19T05:45:39.022+00:00,2026-09-19T05:46:57.130+00:00,2026-09-19T05:47:01.301+00:00,True,42,42.0,,42.0,78107.92234199999,82279.309478,82279.309396,1959.031176095238,49.432964,78107.92234199999,12036.627684325475,116.35251109999999,101.74114965853659,17.638292315515105,0.5104563986554851,26,64,,False,True,,190,56.69694568066818
37,2026-09-19T05:45:39.425+00:00,2026-09-19T05:46:59.813+00:00,2026-09-19T05:47:09.254+00:00,True,98,98.0,,98.0,80387.708897,89829.34396900001,89829.34414700001,916.6259606836735,0.0,80387.708897,8111.417413492083,112.24128175000001,97.33644404123712,119.07280192380748,1.0909575387060566,26,64,,False,True,,414,56.69694568066818
38,2026-09-19T05:45:39.862+00:00,2026-09-19T05:47:02.568+00:00,2026-09-19T05:47:09.980+00:00,True,78,78.0,,78.0,82705.329653,90117.68984499999,90117.689854,1155.3549981282051,0.0,82705.329653,9354.567085870067,113.14153,96.26441807792207,132.9363051757971,0.8655348371019931,26,64,,False,True,,326,56.69694568066818
39,2026-09-19T05:45:40.362+00:00,2026-09-19T05:47:05.151+00:00,2026-09-19T05:47:11.392+00:00,True,64,64.0,,64.0,84789.213167,91029.49246299999,91029.492657,1422.335822765625,44.820415000000004,84789.213167,10586.282193420271,111.80827660000001,99.05205231746031,16.10405867892563,0.7030688436059727,26,64,,False,True,,365,56.69694568066818
40,2026-09-19T05:45:40.852+00:00,2026-09-19T05:47:07.889+00:00,2026-09-19T05:47:13.911+00:00,True,62,62.0,,62.0,87037.166486,93058.930838,93058.930788,1500.9504965806452,42.85599,87037.166486,11041.207345013876,112.87712265,98.71744839344261,17.26416904043868,0.6662444909014871,26,64,,False,True,,276,56.69694568066818
41,2026-09-19T05:45:41.226+00:00,2026-09-19T05:47:10.183+00:00,2026-09-19T05:47:19.083+00:00,True,92,92.0,,92.0,88956.88160600001,97857.34010200002,97857.34008400001,1063.6667400434783,0.01755,88956.88160600001,9264.71290749802,113.95668330000001,97.80723621978022,98.13043745469274,0.9401440904086018,26,64,,False,True,,281,56.69694568066818
42,2026-09-19T05:45:41.672+00:00,2026-09-19T05:47:12.510+00:00,2026-09-19T05:47:13.762+00:00,True,14,14.0,,14.0,90838.428354,92090.012354,92090.012258,6577.858018428572,48.592316,90838.428354,24251.868832545253,31865.37042255,96.27569230769231,21.02963266676217,0.1520251723518408,26,64,,False,True,,74,56.69694568066818
43,2026-09-19T05:45:42.031+00:00,2026-09-19T05:47:14.987+00:00,2026-09-19T05:47:18.773+00:00,True,39,39.0,,39.0,92955.211212,96741.977804,96741.977648,2480.563529435897,0.016120000000000002,92955.211212,14869.714246713309,208.60891860000004,99.65175242105263,168.07654680068077,0.4031342017734463,26,64,,False,True,,154,56.69694568066818
44,2026-09-19T05:45:42.536+00:00,2026-09-19T05:47:17.579+00:00,2026-09-19T05:47:21.499+00:00,True,44,44.0,,44.0,95042.743665,98962.957681,98962.957718,2249.1581299545455,0.0,95042.743665,14315.82914041694,115.57070279999999,91.16776781395349,198.22252534753576,0.44461080217338333,26,64,,False,True,,172,56.69694568066818
45,2026-09-19T05:45:42.923+00:00,2026-09-19T05:47:20.404+00:00,2026-09-19T05:47:26.248+00:00,True,67,67.0,,67.0,97480.837279,103325.122207,103325.122328,1542.1660048955223,0.0,97480.837279,11898.417095441755,113.2981292,88.54977163636364,36.60249037456407,0.6484386233366675,26,64,,False,True,,242,56.69694568066818
46,2026-09-19T05:45:43.448+00:00,2026-09-19T05:47:22.136+00:00,2026-09-19T05:47:31.450+00:00,True,96,96.0,,96.0,98688.482896,108002.377296,108002.377185,1125.0247623437501,45.102354,98688.482896,10062.362099712414,111.02671174999999,98.04099368421052,18.735697543056528,0.8888693230973488,26,64,,False,True,,192,56.69694568066818
47,2026-09-19T05:45:43.905+00:00,2026-09-19T05:47:25.012+00:00,2026-09-19T05:47:29.809+00:00,True,50,50.0,,50.0,101106.99643500001,105904.282579,105904.28258000001,2118.0856516000003,47.14221,101106.99643500001,14284.853897783685,113.82618805,97.90379885714285,17.931514169766107,0.4721244389970931,26,64,,False,True,,186,56.69694568066818
48,2026-09-19T05:45:44.290+00:00,2026-09-19T05:47:27.082+00:00,2026-09-19T05:47:34.242+00:00,True,74,74.0,,74.0,102792.214314,109952.874282,109952.874126,1485.8496503513513,47.548627999999994,102792.214314,11937.959256030339,110.41334694999999,98.09123243835616,15.50784979948103,0.6730156031229306,26,64,,True,True,,249,56.69694568066818
49,2026-09-19T05:45:44.702+00:00,2026-09-19T05:47:29.048+00:00,2026-09-19T05:47:29.497+00:00,True,6,6.0,,6.0,104346.10859199999,104795.333808,104795.33396899998,17465.88899483333,54.306852,104346.10859199999,42562.445283128895,78285.73647024999,89.8450432,20.455413202560226,0.057254457636375836,26,64,,True,True,,37,56.69694568066818
50,2026-09-19T05:45:45.254+00:00,2026-09-19T05:47:32.573+00:00,2026-09-19T05:47:32.840+00:00,True,4,4.0,,4.0,107319.53040199999,107586.00669,107586.00653299999,26896.501633249998,49.036274,107319.53040199999,53615.35996874457,91238.42688694998,88.82542933333333,34.631040382344935,0.03717955636670913,26,64,,True,True,,14,56.69694568066818
51,2026-09-19T05:45:45.766+00:00,2026-09-19T05:47:35.205+00:00,2026-09-19T05:47:37.280+00:00,True,21,21.0,,21.0,109438.85672499999,111514.169621,111514.169797,5310.198561761904,95.428985,109438.85672499999,23858.873318631155,111.29544700000001,103.7656448,4.57260042226507,0.1883168755268689,26,64,,True,True,,93,56.69694568066818
52,2026-09-19T05:45:46.389+00:00,2026-09-19T05:47:38.276+00:00,2026-09-19T05:47:38.376+00:00,True,2,2.0,,2.0,111887.527257,111987.515737,111987.515911,55993.7579555,99.988654,111887.527257,79045.72659833425,106298.15032684998,99.98848,nan,0.017859133554645076,26,64,,True,True,,4,56.69694568066818
53,2026-09-19T05:45:47.024+00:00,2026-09-19T05:47:41.972+00:00,2026-09-19T05:47:46.356+00:00,True,44,44.0,,44.0,114947.85166300001,119331.37319900001,119331.37309600001,2712.0766612727275,47.387767999999994,114947.85166300001,17313.67662279677,111.9406236,101.94236130232558,12.426972679748783,0.3687211403041888,26,64,,True,True,,191,56.69694568066818
54,2026-09-19T05:45:47.507+00:00,2026-09-19T05:47:44.388+00:00,2026-09-19T05:47:54.004+00:00,True,97,97.0,,97.0,116880.766257,126496.999985,126496.99987099999,1304.0927821752578,45.786231,116880.766257,11857.282383373995,110.8064948,100.16910133333333,14.876354312020387,0.7668166044372772,26,64,,True,True,,472,56.69694568066818
55,2026-09-19T05:45:48.102+00:00,2026-09-19T05:47:47.794+00:00,2026-09-19T05:47:55.336+00:00,True,77,77.0,,77.0,119692.053323,127234.408267,127234.408252,1652.3949123636364,44.453865,119692.053323,13628.875434566895,109.97320340000002,99.24151242105263,16.334798392598834,0.6051822069892945,26,64,,True,True,,252,56.69694568066818
56,2026-09-19T05:45:48.647+00:00,2026-09-19T05:47:50.650+00:00,2026-09-19T05:48:00.271+00:00,True,98,98.0,,98.0,122003.354561,131624.004545,131624.004596,1343.1020877142857,43.682697,122003.354561,12314.19123030349,110.5372532,99.18195859793815,15.944231382933829,0.744545042059524,26,64,,True,True,,379,56.69694568066818
57,2026-09-19T05:45:49.226+00:00,2026-09-19T05:47:53.505+00:00,2026-09-19T05:47:57.014+00:00,True,38,38.0,,38.0,124278.835963,127787.821307,127787.821331,3362.8374034473686,45.577703,124278.835963,20145.313179299046,107.15609760000001,94.83744172972973,18.71437185359726,0.2973679307725894,26,64,,True,True,,121,56.69694568066818
58,2026-09-19T05:45:49.622+00:00,2026-09-19T05:47:55.335+00:00,2026-09-19T05:48:04.912+00:00,True,98,98.0,,98.0,125712.645337,135289.94044099998,135289.940404,1380.5095959591836,45.312414,125712.645337,12688.93225717241,110.35622670000001,98.73500107216495,16.902402202141865,0.7243701910175492,26,64,,True,True,,246,56.69694568066818
59,2026-09-19T05:45:50.001+00:00,2026-09-19T05:47:57.222+00:00,2026-09-19T05:48:03.591+00:00,True,64,64.0,,64.0,127221.058806,133590.894326,133590.894293,2087.357723328125,50.055602,127221.058806,15889.99948577078,111.56664704999999,101.10850031746031,13.564154915978678,0.4790745680901101,26,64,,True,True,,278,56.69694568066818
60,2026-09-19T05:45:50.499+00:00,2026-09-19T05:48:00.471+00:00,2026-09-19T05:48:09.524+00:00,True,92,92.0,,92.0,129971.98143799999,139025.223806,139025.22386199998,1511.1437376304345,46.63751,129971.98143799999,13540.155093594185,112.59782765,99.48617986813186,17.720433336795626,0.66175041824338,26,64,,True,True,,468,56.69694568066818
61,2026-09-19T05:45:51.098+00:00,2026-09-19T05:48:03.275+00:00,2026-09-19T05:48:06.346+00:00,True,33,33.0,,33.0,132176.640448,135247.69785599998,135247.69785,4098.415086363636,48.259166,132176.640448,22992.30433234899,113.26218279999999,95.970544,22.76558861858751,0.24399675945046798,26,64,,True,True,,144,56.69694568066818
62,2026-09-19T05:45:51.624+00:00,2026-09-19T05:48:06.133+00:00,2026-09-19T05:48:14.808+00:00,True,86,86.0,,86.0,134508.90363800002,143183.69941400003,143183.69937200003,1664.926736883721,45.904981,134508.90363800002,14493.469418976862,112.8590135,102.05642089411765,13.643328314939275,0.6006270291378656,26,64,,True,True,,308,56.69694568066818
63,2026-09-19T05:45:52.238+00:00,2026-09-19T05:48:07.930+00:00,2026-09-19T05:48:13.460+00:00,True,56,56.0,,56.0,135691.560449,141221.594113,141221.594285,2521.8141836607147,44.536324,135691.560449,18119.11938452428,114.10049325,100.54606661818183,17.115707737274686,0.39653992260695614,26,64,,True,True,,226,56.69694568066818
64,2026-09-19T05:45:52.552+00:00,2026-09-19T05:48:11.323+00:00,2026-09-19T05:48:12.576+00:00,True,13,13.0,,13.0,138770.64067,140023.272478,140023.272424,10771.020955692307,92.51539100000001,138770.64067,38459.099859595015,55576.88893659999,104.385984,6.581885418189091,0.09284170959539971,26,64,,True,True,,51,56.69694568066818
65,2026-09-19T05:45:53.167+00:00,2026-09-19T05:48:14.704+00:00,2026-09-19T05:48:15.012+00:00,True,4,4.0,,4.0,141537.363271,141845.736775,141845.736863,35461.43421575,101.306851,141537.363271,70717.28605088047,120322.46162230002,102.791168,1.7262754819970072,0.02819964907612924,26,64,,True,True,,13,56.69694568066818
66,2026-09-19T05:45:53.798+00:00,2026-09-19T05:48:18.502+00:00,2026-09-19T05:48:25.825+00:00,True,77,77.0,,77.0,144703.374559,152027.03100699998,152027.031023,1974.377026272727,46.642329,144703.374559,16479.510674827452,111.6826964,96.36390063157896,20.334137537618425,0.5064888756293253,26,64,,True,True,,338,56.69694568066818
67,2026-09-19T05:45:54.452+00:00,2026-09-19T05:48:21.861+00:00,2026-09-19T05:48:30.038+00:00,True,86,86.0,,86.0,147409.121862,155586.774598,155586.77479,1809.1485440697675,47.034679,147409.121862,15885.173050122989,111.75764374999999,96.20767924705882,20.431843363576036,0.5527462100953245,26,64,,True,True,,333,56.69694568066818
68,2026-09-19T05:45:54.834+00:00,2026-09-19T05:48:23.725+00:00,2026-09-19T05:48:32.667+00:00,True,93,93.0,,93.0,148890.552694,157832.94783000002,157832.94768800001,1697.128469763441,45.620273000000005,148890.552694,15429.164844091934,111.47943459999999,97.19994713043478,20.072245367634608,0.5892305838459609,26,64,,True,True,,322,56.69694568066818
69,2026-09-19T05:45:55.193+00:00,2026-09-19T05:48:26.258+00:00,2026-09-19T05:48:31.233+00:00,True,51,51.0,,51.0,151065.34691,156040.110686,156040.110878,3059.610017215686,49.357594,151065.34691,21139.45389346523,110.6234735,99.49527551999999,16.555064931724374,0.32683904014031023,26,64,,True,True,,237,56.69694568066818
70,2026-09-19T05:45:55.806+00:00,2026-09-19T05:48:29.157+00:00,2026-09-19T05:48:31.126+00:00,True,21,21.0,,21.0,153350.77228799998,155320.55891199998,155320.55887799998,7396.21708942857,46.43058,153350.77228799998,33442.39461863082,114.85593899999999,98.48933120000001,18.301810588052188,0.13520425207778178,26,64,,True,True,,99,56.69694568066818
71,2026-09-19T05:45:56.216+00:00,2026-09-19T05:48:31.705+00:00,2026-09-19T05:48:38.701+00:00,True,70,70.0,,70.0,155488.42499,162484.103454,162484.103506,2321.201478657143,47.615087,155488.42499,18572.311497729002,112.76065300000002,101.3866444057971,17.49726110089118,0.43081137484823134,26,64,,True,True,,268,56.69694568066818
72,2026-09-19T05:45:56.804+00:00,2026-09-19T05:48:34.371+00:00,2026-09-19T05:48:40.041+00:00,True,58,58.0,,58.0,157567.390835,163237.013875,163237.013803,2814.4312724655174,48.836555,157567.390835,20676.55996758791,112.94901605,99.467070877193,19.034950914543607,0.35531157194785457,26,64,,True,True,,198,56.69694568066818
73,2026-09-19T05:45:57.408+00:00,2026-09-19T05:48:37.773+00:00,2026-09-19T05:48:45.584+00:00,True,77,77.0,,77.0,160365.812274,168176.165426,168176.165429,2184.1060445324674,47.706987999999996,160365.812274,18263.67344051165,112.56822700000001,102.76780463157895,12.916914152796663,0.4578532267337321,26,64,,True,True,,265,56.69694568066818
74,2026-09-19T05:45:58.019+00:00,2026-09-19T05:48:41.111+00:00,2026-09-19T05:48:49.849+00:00,True,89,89.0,,89.0,163092.33299599998,171829.88794,171829.88798899998,1930.6728987528088,46.118121,163092.33299599998,17277.23510821721,110.4328064,99.2903970909091,15.805290362098704,0.5179541293251454,26,64,,True,True,,375,56.69694568066818
75,2026-09-19T05:45:58.669+00:00,2026-09-19T05:48:44.554+00:00,2026-09-19T05:48:49.636+00:00,True,53,53.0,,53.0,165885.626429,170967.639869,170967.639643,3225.8045215660377,48.810224999999996,165885.626429,22772.725193740553,111.06860660000002,97.73102769230769,17.219406915805262,0.31000018506782934,26,64,,True,True,,186,56.69694568066818
76,2026-09-19T05:45:59.057+00:00,2026-09-19T05:48:47.042+00:00,2026-09-19T05:48:50.634+00:00,True,37,37.0,,37.0,167984.97226100002,171577.192677,171577.19267000002,4637.221423513514,43.282188000000005,167984.97226100002,27600.159817431366,110.27879259999997,99.78390044444444,16.623962648895915,0.2156463771362303,26,64,,True,True,,183,56.69694568066818
77,2026-09-19T05:45:59.517+00:00,2026-09-19T05:48:49.164+00:00,2026-09-19T05:48:54.770+00:00,True,56,56.0,,56.0,169647.33378000002,175253.04872400002,175253.048723,3129.5187271964287,49.636413,169647.33378000002,22656.46214056083,111.95525675,101.92208989090909,12.702498547556681,0.3195379504535323,26,64,,True,True,,307,56.69694568066818
78,2026-09-19T05:46:00.067+00:00,2026-09-19T05:48:52.312+00:00,2026-09-19T05:49:00.222+00:00,True,80,80.0,,80.0,172244.27313800002,180155.03665800003,180155.03678700002,2251.9379598375003,47.429578,172244.27313800002,19246.30604201902,111.3516655,100.13624708860759,15.84693746335046,0.44406196731468117,26,64,,True,True,,358,56.69694568066818
79,2026-09-19T05:46:00.593+00:00,2026-09-19T05:48:54.878+00:00,2026-09-19T05:48:58.366+00:00,True,36,36.0,,36.0,174284.206426,177772.36233,177772.362149,4938.121170805555,47.524928,174284.206426,29030.762937818887,114.45652799999999,99.66159725714286,18.07396723637134,0.20250616872139532,26,64,,True,True,,139,56.69694568066818
80,2026-09-19T05:46:01.181+00:00,2026-09-19T05:48:57.888+00:00,2026-09-19T05:48:59.297+00:00,True,16,16.0,,16.0,176706.968673,178116.508257,178116.508467,11132.2817791875,48.135627,176706.968673,44153.25543508862,44260.490586,93.9693056,23.011545077916235,0.0898288438088736,26,64,,True,True,,41,56.69694568066818
81,2026-09-19T05:46:01.837+00:00,2026-09-19T05:49:01.623+00:00,2026-09-19T05:49:05.116+00:00,True,36,36.0,,36.0,179786.372704,183279.09385600002,183279.093686,5091.0859357222225,47.690987,179786.372704,29947.768512965395,111.78200199999999,99.79203291428571,17.67527220478053,0.1964217480706486,26,64,,True,True,,161,56.69694568066818
82,2026-09-19T05:46:02.489+00:00,2026-09-19T05:49:05.633+00:00,2026-09-19T05:49:10.135+00:00,True,46,46.0,,46.0,183143.986869,187646.690997,187646.69107499998,4079.2758929347824,48.121317000000005,183143.986869,26988.361645797086,114.78249,100.06009173333334,19.685416007631574,0.24514154635817917,26,64,,True,True,,198,56.69694568066818
83,2026-09-19T05:46:02.994+00:00,2026-09-19T05:49:08.204+00:00,2026-09-19T05:49:17.926+00:00,True,97,97.0,,97.0,185210.100426,194931.839434,194931.839603,2009.6065938453607,45.110304,185210.100426,18794.96165293721,112.0979558,101.26811466666668,16.710395114062408,0.4976098326555948,26,64,,True,True,,415,56.69694568066818
84,2026-09-19T05:46:03.434+00:00,2026-09-19T05:49:10.836+00:00,2026-09-19T05:49:19.610+00:00,True,89,89.0,,89.0,187401.83728799998,196176.380392,196176.38043499997,2204.228993651685,46.215091,187401.83728799998,19853.993659423413,113.7770846,99.7107170909091,17.870156770643522,0.453673372004112,26,64,,True,True,,404,56.69694568066818
85,2026-09-19T05:46:03.819+00:00,2026-09-19T05:49:12.662+00:00,2026-09-19T05:49:16.704+00:00,True,41,41.0,,41.0,188842.931579,192884.725627,192884.72566999999,4704.505504146341,45.135504,188842.931579,29476.53557175147,113.720601,101.0448512,17.553034073453105,0.21256219157179765,26,64,,True,True,,150,56.69694568066818
86,2026-09-19T05:46:04.315+00:00,2026-09-19T05:49:15.255+00:00,2026-09-19T05:49:22.259+00:00,True,71,71.0,,71.0,190939.75616299998,197943.582083,197943.58209799998,2787.9377760281686,44.282455,190939.75616299998,22648.512446356945,114.235432,100.054656,17.554621996339225,0.3586880627947255,26,64,,True,True,,243,56.69694568066818
87,2026-09-19T05:46:04.852+00:00,2026-09-19T05:49:18.240+00:00,2026-09-19T05:49:24.692+00:00,True,66,66.0,,66.0,193387.476583,199839.891047,199839.891034,3027.877136878788,46.367112,193387.476583,23792.14031524023,111.49864575,99.26791483076923,17.753057423387357,0.3302643914296249,26,64,,True,True,,252,56.69694568066818
88,2026-09-19T05:46:05.219+00:00,2026-09-19T05:49:20.076+00:00,2026-09-19T05:49:22.258+00:00,True,22,22.0,,22.0,194857.140587,197038.955371,197038.955425,8956.316155681818,90.162409,194857.140587,41521.53151403229,108.99796005,103.89594209523808,4.609756001499016,0.11165304829482435,26,64,,True,True,,104,56.69694568066818
89,2026-09-19T05:46:05.610+00:00,2026-09-19T05:49:22.361+00:00,2026-09-19T05:49:27.209+00:00,True,48,48.0,,48.0,196750.65405399998,201599.02371799998,201599.023757,4199.979661604167,45.372353000000004,196750.65405399998,28383.624908612157,113.26458185,103.15680136170212,14.329476280380074,0.23809639111716724,26,64,,True,True,,215,56.69694568066818
90,2026-09-19T05:46:06.107+00:00,2026-09-19T05:49:25.344+00:00,2026-09-19T05:49:34.060+00:00,True,85,85.0,,85.0,199236.887553,207953.239297,207953.239417,2446.5086990235295,50.458512,199236.887553,21599.023920918273,113.03744200000001,103.7660921904762,13.740228230412793,0.40874573672114106,26,64,,True,True,,281,56.69694568066818
91,2026-09-19T05:46:06.507+00:00,2026-09-19T05:49:27.629+00:00,2026-09-19T05:49:34.067+00:00,True,63,63.0,,63.0,201122.308599,207559.390967,207559.390965,3294.5935073809524,46.38418,201122.308599,25325.95280708016,114.48477129999999,103.82390916129032,14.815241817305486,0.30352758170318783,26,64,,True,True,,271,56.69694568066818
92,2026-09-19T05:46:07.343+00:00,2026-09-19T05:49:29.907+00:00,2026-09-19T05:49:34.820+00:00,True,48,48.0,,48.0,202564.370757,207477.162565,207477.162398,4322.440883291667,48.396696000000006,202564.370757,29222.56502109395,115.4669345,104.52748527659574,14.998964964446175,0.23135076365314278,26,64,,True,True,,185,56.69694568066818
93,2026-09-19T05:46:07.572+00:00,2026-09-19T05:49:33.737+00:00,2026-09-19T05:49:42.255+00:00,True,86,86.0,,86.0,206164.330162,214682.517682,214682.517559,2496.3083437093023,45.307824999999994,206164.330162,22220.471579126148,112.46731725000001,100.21397082352941,17.060536998975014,0.40059153827974064,26,64,,True,True,,323,56.69694568066818
94,2026-09-19T05:46:08.200+00:00,2026-09-19T05:49:37.647+00:00,2026-09-19T05:49:39.490+00:00,True,19,19.0,,19.0,209447.13215299998,211289.697017,211289.697027,11120.510369842104,95.276126,209447.13215299998,48026.98360323317,21041.212518499997,102.36471466666667,3.8997527388747883,0.08992393035838038,26,64,,True,True,,94,56.69694568066818
95,2026-09-19T05:46:08.673+00:00,2026-09-19T05:49:39.894+00:00,2026-09-19T05:49:49.358+00:00,True,100,100.0,,100.0,211220.90631999998,220685.305168,220685.305367,2206.85305367,46.033604,211220.90631999998,21112.541700272817,112.5093709,95.59998836363636,21.727542736369895,0.45313393170366967,26,64,,True,True,,387,56.69694568066818
96,2026-09-19T05:46:09.103+00:00,2026-09-19T05:49:42.358+00:00,2026-09-19T05:49:48.317+00:00,True,63,63.0,,63.0,213255.694056,219214.670056,219214.66998500002,3479.5979362698413,47.74528,213255.694056,26855.591303423214,112.0552289,96.11251612903226,21.331743799921867,0.2873895254542326,26,64,,True,True,,298,56.69694568066818
97,2026-09-19T05:46:09.563+00:00,2026-09-19T05:49:44.633+00:00,2026-09-19T05:49:49.664+00:00,True,54,54.0,,54.0,215070.251101,220101.365597,220101.365647,4075.951215685185,46.403034,215070.251101,29254.444204156287,112.10081685000002,94.92668860377358,21.8099489230925,0.24534150369095223,26,64,,True,True,,186,56.69694568066818
98,2026-09-19T05:46:09.968+00:00,2026-09-19T05:49:46.749+00:00,2026-09-19T05:49:56.071+00:00,True,98,98.0,,98.0,216781.304131,226103.44429100002,226103.44436700002,2307.178003744898,42.811921999999996,216781.304131,21888.519262760055,111.3027585,96.10453773195876,19.604898777560475,0.43342992985932527,26,64,,True,True,,450,56.69694568066818
99,2026-09-19T05:46:10.438+00:00,2026-09-19T05:49:49.044+00:00,2026-09-19T05:49:50.231+00:00,True,14,14.0,,14.0,218605.832012,219793.264204,219793.264068,15699.518862,46.024264,218605.832012,58400.45916786708,76584.26627529999,91.34093784615384,24.91222279345594,0.06369621949381475,26,64,,True,True,,69,56.69694568066818
100,2026-09-19T05:46:11.032+00:00,2026-09-19T05:49:52.223+00:00,2026-09-19T05:49:53.191+00:00,True,11,11.0,,11.0,221191.358646,222159.231158,222159.231287,20196.293753363636,50.386794,221191.358646,66662.52334719143,110649.84348299999,96.7872512,16.559121266477643,0.04951403523798109,26,64,,True,True,,23,56.69694568066818
101,2026-09-19T05:46:11.390+00:00,2026-09-19T05:49:54.378+00:00,2026-09-19T05:49:55.433+00:00,True,12,12.0,,12.0,222987.76851,224042.81618999998,224042.81633099998,18670.23469425,47.70702,222987.76851,64343.34013050499,100405.16367079999,95.91342545454545,23.39832017962912,0.053561190686977324,26,64,,True,True,,37,56.69694568066818
102,2026-09-19T05:46:11.781+00:00,2026-09-19T05:49:56.600+00:00,2026-09-19T05:50:04.322+00:00,True,79,79.0,,79.0,224819.174594,232541.231042,232541.230924,2943.5598851139243,46.740622,224819.174594,25283.001934287167,112.507903,99.0007236923077,19.02009335440731,0.3397247002005058,26,64,,True,True,,344,56.69694568066818
103,2026-09-19T05:46:12.265+00:00,2026-09-19T05:49:58.921+00:00,2026-09-19T05:50:05.655+00:00,True,69,69.0,,69.0,226655.532249,233389.51087300002,233389.511015,3382.456681376812,44.778688,226655.532249,27274.20392592698,112.21556220000001,99.02909741176471,18.25927955275904,0.29564310641855135,26,64,,True,True,,236,56.69694568066818
104,2026-09-19T05:46:12.661+00:00,2026-09-19T05:50:01.525+00:00,2026-09-19T05:50:01.793+00:00,True,4,4.0,,4.0,228864.49229300002,229132.79898100003,229132.798845,57283.19971125,46.342203,228864.49229300002,114387.53246018945,194551.7911394,89.43556266666667,37.382755974026175,0.01745712537789793,26,64,,True,True,,13,56.69694568066818
105,2026-09-19T05:46:13.055+00:00,2026-09-19T05:50:03.694+00:00,2026-09-19T05:50:08.013+00:00,True,47,47.0,,47.0,230639.259648,234958.711296,234958.71111200002,4999.121513021277,47.324971,230639.259648,33628.50358131548,111.05969429999999,93.90112278260871,21.653091456956673,0.20003514549749807,26,64,,True,True,,139,56.69694568066818
106,2026-09-19T05:46:13.482+00:00,2026-09-19T05:50:06.266+00:00,2026-09-19T05:50:13.105+00:00,True,72,72.0,,72.0,232783.826132,239623.663828,239623.663855,3328.1064424305555,44.080978,232783.826132,27422.491397321097,111.9217871,96.33574219718311,20.658757120911893,0.30047115902409804,26,64,,True,True,,256,56.69694568066818
107,2026-09-19T05:46:14.042+00:00,2026-09-19T05:50:09.394+00:00,2026-09-19T05:50:13.874+00:00,True,45,45.0,,45.0,235352.644532,239832.342196,239832.342279,5329.6076062,49.076087,235352.644532,35069.12658444262,111.21642199999998,101.81131054545455,14.496936303806836,0.18763107422444428,26,64,,True,True,,213,56.69694568066818
108,2026-09-19T05:46:14.600+00:00,2026-09-19T05:50:12.247+00:00,2026-09-19T05:50:16.446+00:00,True,41,41.0,,41.0,237647.73945199998,241846.67141999997,241846.67139399998,5898.699302292683,49.158576999999994,237647.73945199998,37097.94961299397,112.476301,104.9732992,12.978222374616813,0.16952889927849313,26,64,,True,True,,203,56.69694568066818
109,2026-09-19T05:46:15.097+00:00,2026-09-19T05:50:14.846+00:00,2026-09-19T05:50:22.696+00:00,True,82,82.0,,82.0,239749.295869,247598.734845,247598.734825,3019.4967661585365,44.722917,239749.295869,26465.186946535778,112.5937611,96.90665402469136,20.5474611633752,0.33118101371290554,26,64,,True,True,,442,56.69694568066818
110,2026-09-19T05:46:15.685+00:00,2026-09-19T05:50:18.991+00:00,2026-09-19T05:50:20.923+00:00,True,21,21.0,,21.0,243305.68928400002,245237.34035600003,245237.34029700002,11677.968585571429,49.937144999999994,243305.68928400002,53072.58182267076,116.409463,96.5825536,20.23640558373415,0.08563133154810455,26,64,,True,True,,89,56.69694568066818
111,2026-09-19T05:46:16.286+00:00,2026-09-19T05:50:21.579+00:00,2026-09-19T05:50:27.364+00:00,True,62,62.0,,62.0,245293.275135,251078.721023,251078.721024,4049.6567907096774,46.303233,245293.275135,31140.237862773476,108.55366620000001,94.84337521311475,19.310215626798094,0.24693450622731392,26,64,,True,True,,263,56.69694568066818
112,2026-09-19T05:46:16.709+00:00,2026-09-19T05:50:23.670+00:00,2026-09-19T05:50:23.670+00:00,True,1,1.0,,1.0,246961.130427,246961.130427,246961.130427,246961.130427,246961.130427,246961.130427,nan,246961.130427,nan,nan,0.0040492202083420295,26,64,,True,True,,3,56.69694568066818
113,2026-09-19T05:46:17.129+00:00,2026-09-19T05:50:26.011+00:00,2026-09-19T05:50:30.198+00:00,True,43,43.0,,43.0,248882.047355,253068.682107,253068.68213499998,5885.318189186046,50.042785,248882.047355,37938.95838101884,109.963013,99.6817798095238,16.032593853312424,0.1699143475280721,26,64,,True,True,,137,56.69694568066818
114,2026-09-19T05:46:17.578+00:00,2026-09-19T05:50:28.508+00:00,2026-09-19T05:50:30.196+00:00,True,17,17.0,,17.0,250930.39384099998,252618.56817699998,252618.567934,14859.91576082353,96.095349,250930.39384099998,60833.969894125155,50274.9108514,105.510896,4.118650601158782,0.06729513243099677,26,64,,True,True,,76,56.69694568066818
115,2026-09-19T05:46:18.135+00:00,2026-09-19T05:50:31.445+00:00,2026-09-19T05:50:34.698+00:00,True,34,34.0,,34.0,253310.026926,256563.24651,256563.24651599998,7545.977838705882,47.784870000000005,253310.026926,43425.4071274005,110.8961427,98.58241163636364,15.409929910067872,0.13252092987790748,26,64,,True,True,,159,56.69694568066818
116,2026-09-19T05:46:18.709+00:00,2026-09-19T05:50:34.229+00:00,2026-09-19T05:50:38.730+00:00,True,46,46.0,,46.0,255519.374644,260021.15537999998,260021.15552899998,5652.633815847826,49.462467,255519.374644,37659.53056800106,112.97758749999998,100.03957191111111,17.91327753525125,0.17690868242153107,26,64,,True,True,,203,56.69694568066818
117,2026-09-19T05:46:19.251+00:00,2026-09-19T05:50:37.165+00:00,2026-09-19T05:50:39.755+00:00,True,27,27.0,,27.0,257914.262945,260504.232609,260504.232612,9648.304911555555,43.949889000000006,257914.262945,49616.45687870283,114.61006730000001,99.61421784615384,21.782376043574462,0.10364514898506565,26,64,,True,True,,120,56.69694568066818
118,2026-09-19T05:46:19.868+00:00,2026-09-19T05:50:40.869+00:00,2026-09-19T05:50:44.974+00:00,True,42,42.0,,42.0,261000.838645,265105.908213,265105.90804,6312.04542952381,48.702888,261000.838645,40257.85768595233,111.19825205,100.123648,16.636722527197957,0.1584272500115501,26,64,,True,True,,167,56.69694568066818
119,2026-09-19T05:46:20.293+00:00,2026-09-19T05:50:42.943+00:00,2026-09-19T05:50:46.833+00:00,True,41,41.0,,41.0,262650.400087,266539.96603899996,266539.966073,6500.974782268292,50.094435,262650.400087,41003.91857856865,110.23645700000002,97.2391488,17.73445334291923,0.1538230855555857,26,64,,True,True,,177,56.69694568066818
120,2026-09-19T05:46:20.830+00:00,2026-09-19T05:50:45.478+00:00,2026-09-19T05:50:47.034+00:00,True,18,18.0,,18.0,264647.90009400004,266203.99891,266203.99885300006,14789.111047388891,44.213199,264647.90009400004,62356.537909264334,39793.23473445001,91.53522447058823,24.97349351469505,0.06761731632020133,26,64,,True,True,,54,56.69694568066818
121,2026-09-19T05:46:21.338+00:00,2026-09-19T05:50:48.276+00:00,2026-09-19T05:50:51.297+00:00,True,33,33.0,,33.0,266937.567837,269958.692957,269958.69298500003,8180.566454090909,47.055322999999994,266937.567837,46451.43645641281,116.92171780000001,94.41016,22.029181470759767,0.1222409237447907,26,64,,True,True,,98,56.69694568066818
122,2026-09-19T05:46:21.702+00:00,2026-09-19T05:50:50.331+00:00,2026-09-19T05:50:57.918+00:00,True,79,79.0,,79.0,268629.096198,276215.275014,276215.27482,3496.3958837974687,42.616631999999996,268629.096198,30212.19764813493,109.80159080000001,97.25870276923077,18.364551485166782,0.28600880235894227,26,64,,True,True,,360,56.69694568066818
123,2026-09-19T05:46:22.740+00:00,2026-09-19T05:50:51.598+00:00,2026-09-19T05:51:00.816+00:00,True,96,96.0,,96.0,268858.907066,278076.532922,278076.533094,2896.6305530625,43.75096,268858.907066,27430.40086993433,110.83966075000001,97.02764058947368,18.860547081052886,0.3452287001396405,26,64,,True,True,,376,56.69694568066818
124,2026-09-19T05:46:22.805+00:00,2026-09-19T05:50:53.114+00:00,2026-09-19T05:50:53.729+00:00,True,7,7.0,,7.0,270308.73421200004,270923.32211600005,270923.321952,38703.33170742858,95.318042,270308.73421200004,102128.38298808756,189249.19830450002,102.43131733333333,4.960795638798706,0.025837568893396487,26,64,,True,True,,37,56.69694568066818
125,2026-09-19T05:46:23.000+00:00,2026-09-19T05:50:57.596+00:00,2026-09-19T05:51:07.153+00:00,True,97,97.0,,97.0,274596.25757,284153.082146,284153.08237,2929.4132203092786,43.076330999999996,274596.25757,27870.923561373922,111.83015379999999,99.550256,17.84021434804521,0.34136529249455994,26,64,,True,True,,340,56.69694568066818
126,2026-09-19T05:46:23.466+00:00,2026-09-19T05:50:59.935+00:00,2026-09-19T05:51:08.389+00:00,True,88,88.0,,88.0,276469.330838,284923.18581399997,284923.185978,3237.7634770227273,45.181536,276469.330838,29461.378549463498,113.21553685,97.17074685057472,20.85075963279833,0.30885517353946434,26,64,,True,True,,338,56.69694568066818
127,2026-09-19T05:46:23.923+00:00,2026-09-19T05:51:02.389+00:00,2026-09-19T05:51:07.924+00:00,True,58,58.0,,58.0,278465.550163,284000.698707,284000.698721,4896.563771051724,44.328158,278465.550163,36551.57339729861,113.04586954999999,97.10786919298245,21.51157464328791,0.20422484967136603,26,64,,True,True,,250,56.69694568066818
128,2026-09-19T05:46:24.458+00:00,2026-09-19T05:51:04.905+00:00,2026-09-19T05:51:12.187+00:00,True,77,77.0,,77.0,280446.704776,287729.116808,287729.116794,3736.7417765454547,46.687383000000004,280446.704776,31948.954596413925,109.28760940000001,95.82121094736843,20.188066401823473,0.267612818800614,26,64,,True,True,,293,56.69694568066818
129,2026-09-19T05:46:25.083+00:00,2026-09-19T05:51:08.595+00:00,2026-09-19T05:51:10.986+00:00,True,25,25.0,,25.0,283511.823134,285902.788894,285902.789047,11436.11156188,49.603986,283511.823134,56682.44191843318,110.7903272,99.62357333333333,15.410515761469764,0.08744230896351586,26,64,,True,True,,97,56.69694568066818
130,2026-09-19T05:46:25.542+00:00,2026-09-19T05:51:11.303+00:00,2026-09-19T05:51:15.733+00:00,True,46,46.0,,46.0,285761.249317,290190.90538099996,290190.905532,6308.497946347826,44.687267999999996,285761.249317,42118.68779981181,112.21041699999999,98.43680142222223,18.382420553623472,0.15851633923401315,26,64,,True,True,,170,56.69694568066818
131,2026-09-19T05:46:25.942+00:00,2026-09-19T05:51:13.231+00:00,2026-09-19T05:51:22.312+00:00,True,91,91.0,,91.0,287289.07229000004,296370.19561800006,296370.195551,3256.815335725275,48.403269,287289.07229000004,30105.50429935547,112.13262800000001,100.90137031111111,15.23728017467957,0.3070484189891094,26,64,,True,True,,183,56.69694568066818
132,2026-09-19T05:46:26.318+00:00,2026-09-19T05:51:15.001+00:00,2026-09-19T05:51:17.300+00:00,True,24,24.0,,24.0,288682.695111,290982.037447,290982.03738399997,12124.251557666666,46.945172,288682.695111,58906.703986530454,110.83379875,99.97140591304348,16.389827056594516,0.0824793180038524,26,64,,True,True,,69,56.69694568066818
133,2026-09-19T05:46:26.809+00:00,2026-09-19T05:51:17.947+00:00,2026-09-19T05:51:18.205+00:00,True,4,4.0,,4.0,291138.91953899997,291396.90046699997,291396.900477,72849.22511925,46.938623,291138.91953899997,145526.4656117671,247484.57436119995,85.99364266666667,34.11159638247271,0.013726981974034384,26,64,,True,True,,17,56.69694568066818
134,2026-09-19T05:46:27.308+00:00,2026-09-19T05:51:19.883+00:00,2026-09-19T05:51:25.771+00:00,True,60,60.0,,60.0,292575.910348,298463.1467,298463.146628,4974.385777133333,44.222277999999996,292575.910348,37758.51116995222,114.95600395,99.78366698305085,20.697397435135365,0.20102984460024123,26,64,,True,True,,180,56.69694568066818
135,2026-09-19T05:46:27.873+00:00,2026-09-19T05:51:23.941+00:00,2026-09-19T05:51:25.977+00:00,True,21,21.0,,21.0,296067.785474,298103.71277,298103.712902,14195.414900095237,51.018743,296067.785474,64585.0760681858,118.195669,101.79636479999999,17.85476671360001,0.07044528162654055,26,64,,True,True,,95,56.69694568066818
136,2026-09-19T05:46:28.339+00:00,2026-09-19T05:51:26.509+00:00,2026-09-19T05:51:28.407+00:00,False,21,20.0,,20.0,298169.861004,300068.379532,300068.379628,14288.970458476191,0.055549999999999995,298169.861004,65045.28933536147,114.426078,94.92592640000001,28.35549516876734,0.06665147467784806,26,64,,True,False,Request timeout: 300.0s exceeded,98,56.69694568066818
137,2026-09-19T05:46:28.986+00:00,2026-09-19T05:51:29.066+00:00,2026-09-19T05:51:29.602+00:00,False,7,6.0,,6.0,300080.68760299997,300616.458995,300616.45911399997,42945.20844485714,0.02305,300080.68760299997,113386.09555761365,210089.5271255,89.295232,43.77045624316106,0.019958987009755826,26,64,,True,False,Request timeout: 300.0s exceeded,16,56.69694568066818
138,2026-09-19T05:46:29.479+00:00,2026-09-19T05:51:29.622+00:00,2026-09-19T05:51:29.622+00:00,False,1,0.0,,0.0,300142.975876,300142.975876,300142.975876,300142.975876,300142.975876,300142.975876,nan,300142.975876,nan,nan,0.0,26,64,,True,False,"HTTPConnectionPool(host='gpu03', port=9002): Read timed out.",0,56.69694568066818
139,2026-09-19T05:46:30.113+00:00,2026-09-19T05:51:30.163+00:00,2026-09-19T05:51:30.163+00:00,False,1,0.0,,0.0,300050.674969,300050.674969,300050.674969,300050.674969,300050.674969,300050.674969,nan,300050.674969,nan,nan,0.0,26,64,,True,False,"HTTPConnectionPool(host='gpu03', port=9002): Read timed out.",0,56.69694568066818
140,2026-09-19T05:46:30.534+00:00,2026-09-19T05:51:30.640+00:00,2026-09-19T05:51:30.640+00:00,False,1,0.0,,0.0,300106.093623,300106.093623,300106.093623,300106.093623,300106.093623,300106.093623,nan,300106.093623,nan,nan,0.0,26,64,,True,False,"HTTPConnectionPool(host='gpu03', port=9002): Read timed out.",0,56.69694568066818
141,2026-09-19T05:46:31.026+00:00,2026-09-19T05:51:30.986+00:00,2026-09-19T05:51:31.096+00:00,False,3,2.0,,2.0,299960.23223400005,300070.28100200003,300070.28092200006,100023.42697400002,0.02522,299960.23223400005,173150.36124156666,269975.21135740005,55.024384,77.78038828550035,0.006665105232419433,26,64,,True,False,Request timeout: 300.0s exceeded,10,56.69694568066818
142,2026-09-19T05:46:31.515+00:00,2026-09-19T05:51:31.210+00:00,2026-09-19T05:51:31.530+00:00,False,6,5.0,,5.0,299694.571108,300015.029604,300015.029663,50002.50494383334,0.03824,299694.571108,122323.63842384634,224800.7643125,64.09169920000001,47.696637750871325,0.016665831730495868,26,64,,True,False,Request timeout: 300.0s exceeded,16,56.69694568066818
143,2026-09-19T05:46:31.896+00:00,2026-09-19T05:51:32.000+00:00,2026-09-19T05:51:32.000+00:00,False,1,0.0,,0.0,300104.162838,300104.162838,300104.162838,300104.162838,300104.162838,300104.162838,nan,300104.162838,nan,nan,0.0,26,64,,True,False,"HTTPConnectionPool(host='gpu03', port=9002): Read timed out.",0,56.69694568066818
144,2026-09-19T05:46:32.504+00:00,2026-09-19T05:51:32.529+00:00,2026-09-19T05:51:32.529+00:00,False,1,0.0,,0.0,300025.068561,300025.068561,300025.068561,300025.068561,300025.068561,300025.068561,nan,300025.068561,nan,nan,0.0,26,64,,True,False,TTFT timeout: 300.0s exceeded (TTFT: 300.020s),0,56.69694568066818
145,2026-09-19T05:46:33.125+00:00,2026-09-19T05:51:33.021+00:00,2026-09-19T05:51:33.141+00:00,False,3,2.0,,2.0,299896.49496700004,300016.07410300005,300016.07419300004,100005.35806433334,0.026809999999999997,299896.49496700004,173110.81286497705,269918.80071190005,59.789568,84.51720389347182,0.006666309483515772,26,64,,True,False,Request timeout: 300.0s exceeded,10,56.69694568066818
146,2026-09-19T05:46:33.778+00:00,2026-09-19T05:51:33.835+00:00,2026-09-19T05:51:33.835+00:00,False,1,0.0,,0.0,300056.707703,300056.707703,300056.707703,300056.707703,300056.707703,300056.707703,nan,300056.707703,nan,nan,0.0,26,64,,True,False,"HTTPConnectionPool(host='gpu03', port=9002): Read timed out.",0,56.69694568066818
147,2026-09-19T05:46:34.253+00:00,2026-09-19T05:51:34.278+00:00,2026-09-19T05:51:34.278+00:00,False,1,0.0,,0.0,300025.075639,300025.075639,300025.075639,300025.075639,300025.075639,300025.075639,nan,300025.075639,nan,nan,0.0,26,64,,True,False,TTFT timeout: 300.0s exceeded (TTFT: 300.019s),0,56.69694568066818
148,2026-09-19T05:46:34.667+00:00,2026-09-19T05:51:34.550+00:00,2026-09-19T05:51:34.748+00:00,False,4,3.0,,3.0,299882.898006,300080.968022,300080.967891,75020.24197275,0.02395,299882.898006,149908.44480183805,254916.6739944,66.02333866666666,57.86883966007341,0.0099973017941613,26,64,,True,False,Request timeout: 300.0s exceeded,10,56.69694568066818
149,2026-09-19T05:46:35.166+00:00,2026-09-19T05:51:35.252+00:00,2026-09-19T05:51:35.252+00:00,False,1,0.0,,0.0,300086.443323,300086.443323,300086.443323,300086.443323,300086.443323,300086.443323,nan,300086.443323,nan,nan,0.0,26,64,,True,False,"HTTPConnectionPool(host='gpu03', port=9002): Read timed out.",0,56.69694568066818
150,2026-09-19T05:46:35.702+00:00,2026-09-19T05:51:35.752+00:00,2026-09-19T05:51:35.752+00:00,False,1,0.0,,0.0,300049.407496,300049.407496,300049.407496,300049.407496,300049.407496,300049.407496,nan,300049.407496,nan,nan,0.0,26,64,,True,False,TTFT timeout: 300.0s exceeded (TTFT: 300.024s),0,56.69694568066818
151,2026-09-19T05:46:36.195+00:00,2026-09-19T05:51:36.014+00:00,2026-09-19T05:51:36.255+00:00,False,4,3.0,,3.0,299819.027569,300059.874161,300059.87425600004,75014.96856400001,0.04232,299819.027569,149869.38415907143,254866.9863643,80.28219733333333,71.87198544211667,0.009998004592877757,26,64,,True,False,Request timeout: 300.0s exceeded,5,56.69694568066818
152,2026-09-19T05:46:36.690+00:00,2026-09-19T05:51:36.773+00:00,2026-09-19T05:51:36.773+00:00,False,1,0.0,,0.0,300083.18369800004,300083.18369800004,300083.18369800004,300083.18369800004,300083.18369800004,300083.18369800004,nan,300083.18369800004,nan,nan,0.0,26,64,,True,False,"HTTPConnectionPool(host='gpu03', port=9002): Read timed out.",0,56.69694568066818
153,2026-09-19T05:46:37.760+00:00,2026-09-19T05:51:37.187+00:00,2026-09-19T05:51:37.895+00:00,False,8,7.0,,7.0,299426.06851,300134.95299,300134.952914,37516.86911425,0.022359999999999998,299426.06851,105827.30650338656,194677.69373980002,101.26921142857144,46.66536740208344,0.023322841709253462,26,64,,True,False,Request timeout: 300.0s exceeded,26,56.69694568066818
154,2026-09-19T05:46:37.821+00:00,2026-09-19T05:51:37.679+00:00,2026-09-19T05:51:37.998+00:00,False,5,4.0,,4.0,299858.299761,300176.86385699996,300176.86397999997,60035.372795999996,0.04219,299858.299761,134065.0997029435,239908.299229,79.641024,53.10633947161096,0.013325477348932342,26,64,,True,False,Request timeout: 300.0s exceeded,9,56.69694568066818
155,2026-09-19T05:46:38.434+00:00,2026-09-19T05:51:38.477+00:00,2026-09-19T05:51:38.477+00:00,False,1,0.0,,0.0,300043.16306,300043.16306,300043.16306,300043.16306,300043.16306,300043.16306,nan,300043.16306,nan,nan,0.0,26,64,,True,False,"HTTPConnectionPool(host='gpu03', port=9002): Read timed out.",0,56.69694568066818
156,2026-09-19T05:46:38.946+00:00,2026-09-19T05:51:39.362+00:00,2026-09-19T05:51:39.527+00:00,False,5,4.0,,4.0,300416.031258,300581.330458,300581.330629,60116.2661258,0.04152,300416.031258,134331.65472398757,240345.90904240002,41.3248,28.520731725334866,0.013307546393201279,26,64,,True,False,Request timeout: 300.0s exceeded,7,56.69694568066818
157,2026-09-19T05:46:39.434+00:00,2026-09-19T05:51:39.424+00:00,2026-09-19T05:51:39.685+00:00,False,6,5.0,,5.0,299990.679689,300251.770761,300251.77068,50041.961780000005,0.038369,299990.679689,122449.36901163959,225020.25542925,52.2182144,38.586050205623025,0.016652691130937553,26,64,,True,False,Request timeout: 300.0s exceeded,15,56.69694568066818
158,2026-09-19T05:46:40.022+00:00,2026-09-19T05:51:40.052+00:00,2026-09-19T05:51:40.052+00:00,False,1,0.0,,0.0,300030.16415799997,300030.16415799997,300030.16415799997,300030.16415799997,300030.16415799997,300030.16415799997,nan,300030.16415799997,nan,nan,0.0,26,64,,True,False,"HTTPConnectionPool(host='gpu03', port=9002): Read timed out.",0,56.69694568066818
159,2026-09-19T05:46:40.552+00:00,2026-09-19T05:51:40.660+00:00,2026-09-19T05:51:40.660+00:00,False,1,0.0,,0.0,300107.804477,300107.804477,300107.804477,300107.804477,300107.804477,300107.804477,nan,300107.804477,nan,nan,0.0,26,64,,True,False,"HTTPConnectionPool(host='gpu03', port=9002): Read timed out.",0,56.69694568066818
160,2026-09-19T05:46:40.940+00:00,2026-09-19T05:51:40.952+00:00,2026-09-19T05:51:40.952+00:00,False,1,0.0,,0.0,300012.131977,300012.131977,300012.131977,300012.131977,300012.131977,300012.131977,nan,300012.131977,nan,nan,0.0,26,64,,True,False,TTFT timeout: 300.0s exceeded (TTFT: 300.006s),0,56.69694568066818
161,2026-09-19T05:46:41.509+00:00,2026-09-19T05:51:41.082+00:00,2026-09-19T05:51:41.519+00:00,False,7,6.0,,6.0,299573.088004,300009.79098,300009.791122,42858.541588857144,0.04237,299573.088004,113200.48066582499,209731.1534161,72.78382933333333,40.513040198981514,0.01999934728930226,26,64,,True,False,Request timeout: 300.0s exceeded,18,56.69694568066818
162,2026-09-19T05:46:41.970+00:00,2026-09-19T05:51:42.031+00:00,2026-09-19T05:51:42.031+00:00,False,1,0.0,,0.0,300061.708245,300061.708245,300061.708245,300061.708245,300061.708245,300061.708245,nan,300061.708245,nan,nan,0.0,26,64,,True,False,"HTTPConnectionPool(host='gpu03', port=9002): Read timed out.",0,56.69694568066818
163,2026-09-19T05:46:42.594+00:00,2026-09-19T05:51:42.642+00:00,2026-09-19T05:51:42.642+00:00,False,1,0.0,,0.0,300048.872555,300048.872555,300048.872555,300048.872555,300048.872555,300048.872555,nan,300048.872555,nan,nan,0.0,26,64,,True,False,"HTTPConnectionPool(host='gpu03', port=9002): Read timed out.",0,56.69694568066818
164,2026-09-19T05:46:43.024+00:00,2026-09-19T05:51:42.815+00:00,2026-09-19T05:51:43.139+00:00,False,5,4.0,,4.0,299790.461681,300114.518257,300114.518287,60022.903657400006,0.03446,299790.461681,134034.14782926452,239854.84877319998,81.014144,54.11868819520868,0.013328245575159547,26,64,,True,False,Request timeout: 300.0s exceeded,13,56.69694568066818
165,2026-09-19T05:46:43.448+00:00,2026-09-19T05:51:43.558+00:00,2026-09-19T05:51:43.558+00:00,False,1,0.0,,0.0,300110.487048,300110.487048,300110.487048,300110.487048,300110.487048,300110.487048,nan,300110.487048,nan,nan,0.0,26,64,,True,False,"HTTPConnectionPool(host='gpu03', port=9002): Read timed out.",0,56.69694568066818
166,2026-09-19T05:46:43.949+00:00,2026-09-19T05:51:44.055+00:00,2026-09-19T05:51:44.055+00:00,False,1,0.0,,0.0,300105.142265,300105.142265,300105.142265,300105.142265,300105.142265,300105.142265,nan,300105.142265,nan,nan,0.0,26,64,,True,False,"HTTPConnectionPool(host='gpu03', port=9002): Read timed out.",0,56.69694568066818
167,2026-09-19T05:46:44.343+00:00,2026-09-19T05:51:44.351+00:00,2026-09-19T05:51:44.481+00:00,False,3,2.0,,2.0,300007.97619,300138.28403000004,300138.28404,100046.09468000001,0.034519,300007.97619,173172.08141990297,270020.20590410003,65.15392,92.09304412372799,0.006663595104049079,26,64,,True,False,Request timeout: 300.0s exceeded,14,56.69694568066818
168,2026-09-19T05:46:44.813+00:00,2026-09-19T05:51:44.629+00:00,2026-09-19T05:51:44.840+00:00,False,4,3.0,,3.0,299815.119807,300026.37715099996,300026.377291,75006.59432275,0.02184,299815.119807,149872.3586356469,254859.37772085,70.41911466666667,61.13579358959624,0.009999120838932549,26,64,,True,False,Request timeout: 300.0s exceeded,13,56.69694568066818
169,2026-09-19T05:46:45.303+00:00,2026-09-19T05:51:45.370+00:00,2026-09-19T05:51:45.370+00:00,False,1,0.0,,0.0,300066.49610399996,300066.49610399996,300066.49610399996,300066.49610399996,300066.49610399996,300066.49610399996,nan,300066.49610399996,nan,nan,0.0,26,64,,True,False,"HTTPConnectionPool(host='gpu03', port=9002): Read timed out.",0,56.69694568066818
170,2026-09-19T05:46:45.832+00:00,2026-09-19T05:51:45.865+00:00,2026-09-19T05:51:45.865+00:00,False,1,0.0,,0.0,300033.334168,300033.334168,300033.334168,300033.334168,300033.334168,300033.334168,nan,300033.334168,nan,nan,0.0,26,64,,True,False,TTFT timeout: 300.0s exceeded (TTFT: 300.025s),0,56.69694568066818
171,2026-09-19T05:46:46.448+00:00,2026-09-19T05:51:46.169+00:00,2026-09-19T05:51:46.488+00:00,False,5,4.0,,4.0,299720.94388599996,300039.772686,300039.772825,60007.95456499999,0.03811,299720.94388599996,134003.64284523815,239799.79012379996,79.7072,53.60877512425661,0.013331565892719536,26,64,,True,False,Request timeout: 300.0s exceeded,12,56.69694568066818
172,2026-09-19T05:46:47.068+00:00,2026-09-19T05:51:47.175+00:00,2026-09-19T05:51:47.175+00:00,False,1,0.0,,0.0,300107.17648,300107.17648,300107.17648,300107.17648,300107.17648,300107.17648,nan,300107.17648,nan,nan,0.0,26,64,,True,False,"HTTPConnectionPool(host='gpu03', port=9002): Read timed out.",0,56.69694568066818
173,2026-09-19T05:46:47.555+00:00,2026-09-19T05:51:47.544+00:00,2026-09-19T05:51:47.678+00:00,False,3,2.0,,2.0,299989.689155,300123.607875,300123.60791799997,100041.20263933332,0.05005,299989.689155,173160.48169772438,270004.1071108,66.95936,94.62387546011689,0.006663920956304744,26,64,,True,False,Request timeout: 300.0s exceeded,7,56.69694568066818
174,2026-09-19T05:46:48.024+00:00,2026-09-19T05:51:47.825+00:00,2026-09-19T05:51:48.070+00:00,False,4,3.0,,3.0,299800.804223,300045.372799,300045.37278100004,75011.34319525001,0.037249000000000004,299800.804223,149859.65244744957,254851.65655504997,81.52285866666668,72.71906221276303,0.009998487802075509,26,64,,True,False,Request timeout: 300.0s exceeded,13,56.69694568066818
175,2026-09-19T05:46:48.489+00:00,2026-09-19T05:51:48.592+00:00,2026-09-19T05:51:48.592+00:00,False,1,0.0,,0.0,300102.453523,300102.453523,300102.453523,300102.453523,300102.453523,300102.453523,nan,300102.453523,nan,nan,0.0,26,64,,True,False,"HTTPConnectionPool(host='gpu03', port=9002): Read timed out.",0,56.69694568066818
176,2026-09-19T05:46:49.137+00:00,2026-09-19T05:51:49.184+00:00,2026-09-19T05:51:49.184+00:00,False,1,0.0,,0.0,300046.605626,300046.605626,300046.605626,300046.605626,300046.605626,300046.605626,nan,300046.605626,nan,nan,0.0,26,64,,True,False,"HTTPConnectionPool(host='gpu03', port=9002): Read timed out.",0,56.69694568066818
177,2026-09-19T05:46:49.789+00:00,2026-09-19T05:51:49.523+00:00,2026-09-19T05:51:49.865+00:00,False,5,4.0,,4.0,299734.861961,300076.645257,300076.645261,60015.3290522,0.023289999999999998,299734.861961,134007.3026232562,239814.4046036,85.445824,59.30986534302777,0.013329927747539995,26,64,,True,False,Request timeout: 300.0s exceeded,22,56.69694568066818
178,2026-09-19T05:46:50.406+00:00,2026-09-19T05:51:50.752+00:00,2026-09-19T05:51:51.367+00:00,False,7,6.0,,6.0,300346.488138,300961.564234,300961.56444700004,42994.50920671429,0.04243,300346.488138,113481.5660413008,210285.89087580002,102.51268266666668,52.441688652135625,0.019936100529218917,26,64,,True,False,Request timeout: 300.0s exceeded,14,56.69694568066818
179,2026-09-19T05:46:50.823+00:00,2026-09-19T05:51:50.999+00:00,2026-09-19T05:51:51.467+00:00,False,6,5.0,,5.0,300176.54526,300644.26801199996,300644.26808099996,50107.3780135,0.023809999999999998,300176.54526,122508.3820332635,225169.22869674998,93.5445504,55.3470836920443,0.01663095070151289,26,64,,True,False,Request timeout: 300.0s exceeded,22,56.69694568066818
180,2026-09-19T05:46:51.191+00:00,2026-09-19T05:51:51.255+00:00,2026-09-19T05:51:51.566+00:00,False,5,4.0,,4.0,300063.987486,300375.505694,300375.50588,60075.101176,0.022420000000000002,300063.987486,134157.87351060464,240073.32862239997,77.879552,52.15099346657718,0.013316665054822745,26,64,,True,False,Request timeout: 300.0s exceeded,17,56.69694568066818
181,2026-09-19T05:46:51.553+00:00,2026-09-19T05:51:51.614+00:00,2026-09-19T05:51:51.614+00:00,False,1,0.0,,0.0,300060.682523,300060.682523,300060.682523,300060.682523,300060.682523,300060.682523,nan,300060.682523,nan,nan,0.0,26,64,,True,False,"HTTPConnectionPool(host='gpu03', port=9002): Read timed out.",0,56.69694568066818
182,2026-09-19T05:46:52.006+00:00,2026-09-19T05:51:52.028+00:00,2026-09-19T05:51:52.028+00:00,False,1,0.0,,0.0,300021.986869,300021.986869,300021.986869,300021.986869,300021.986869,300021.986869,nan,300021.986869,nan,nan,0.0,26,64,,True,False,"HTTPConnectionPool(host='gpu03', port=9002): Read timed out.",0,56.69694568066818
183,2026-09-19T05:46:52.655+00:00,2026-09-19T05:51:52.767+00:00,2026-09-19T05:51:52.767+00:00,False,1,0.0,,0.0,300111.95433499996,300111.95433499996,300111.95433499996,300111.95433499996,300111.95433499996,300111.95433499996,nan,300111.95433499996,nan,nan,0.0,26,64,,True,False,"HTTPConnectionPool(host='gpu03', port=9002): Read timed out.",0,56.69694568066818
184,2026-09-19T05:46:53.288+00:00,2026-09-19T05:51:52.990+00:00,2026-09-19T05:51:53.371+00:00,False,6,5.0,,5.0,299702.031642,300082.321178,300082.32119700004,50013.7201995,0.04333,299702.031642,122321.79774528454,224802.84486925002,76.0579072,43.511469842383626,0.0166620945225032,26,64,,True,False,Request timeout: 300.0s exceeded,18,56.69694568066818
185,2026-09-19T05:46:53.689+00:00,2026-09-19T05:51:53.268+00:00,2026-09-19T05:51:53.729+00:00,False,7,6.0,,6.0,299578.939919,300039.769103,300039.76901700004,42862.82414528572,0.04245,299578.939919,113201.173619168,209737.08070700002,76.804864,43.52379175862044,0.019997349077882646,26,64,,True,False,Request timeout: 300.0s exceeded,16,56.69694568066818
186,2026-09-19T05:46:54.297+00:00,2026-09-19T05:51:54.397+00:00,2026-09-19T05:51:54.397+00:00,False,1,0.0,,0.0,300100.113932,300100.113932,300100.113932,300100.113932,300100.113932,300100.113932,nan,300100.113932,nan,nan,0.0,26,64,,True,False,TTFT timeout: 300.0s exceeded (TTFT: 300.091s),0,56.69694568066818
187,2026-09-19T05:46:54.805+00:00,2026-09-19T05:51:54.778+00:00,2026-09-19T05:51:54.885+00:00,False,3,2.0,,2.0,299972.32704,300079.992704,300079.992495,100026.664165,0.02158,299972.32704,173158.03178753206,269985.8587235,53.832832,76.1003478282351,0.006664889524883479,26,64,,True,False,Request timeout: 300.0s exceeded,4,56.69694568066818
188,2026-09-19T05:46:55.655+00:00,2026-09-19T05:51:55.602+00:00,2026-09-19T05:51:55.926+00:00,False,5,4.0,,4.0,299946.68247899995,300270.95563099993,300270.955622,60054.19112439999,0.023809999999999998,299946.68247899995,134103.9878010201,239981.00667699997,81.068288,54.51650936466851,0.013321301727615512,26,64,,True,False,Request timeout: 300.0s exceeded,13,56.69694568066818
189,2026-09-19T05:46:55.944+00:00,2026-09-19T05:51:56.106+00:00,2026-09-19T05:51:56.106+00:00,False,1,0.0,,0.0,300161.824018,300161.824018,300161.824018,300161.824018,300161.824018,300161.824018,nan,300161.824018,nan,nan,0.0,26,64,,True,False,"HTTPConnectionPool(host='gpu03', port=9002): Read timed out.",0,56.69694568066818
190,2026-09-19T05:46:56.505+00:00,2026-09-19T05:51:56.525+00:00,2026-09-19T05:51:56.525+00:00,False,1,0.0,,0.0,300019.937644,300019.937644,300019.937644,300019.937644,300019.937644,300019.937644,nan,300019.937644,nan,nan,0.0,26,64,,True,False,"HTTPConnectionPool(host='gpu03', port=9002): Read timed out.",0,56.69694568066818
191,2026-09-19T05:46:56.931+00:00,2026-09-19T05:51:57.040+00:00,2026-09-19T05:51:57.040+00:00,False,1,0.0,,0.0,300109.558766,300109.558766,300109.558766,300109.558766,300109.558766,300109.558766,nan,300109.558766,nan,nan,0.0,26,64,,True,False,"HTTPConnectionPool(host='gpu03', port=9002): Read timed out.",0,56.69694568066818
192,2026-09-19T05:46:57.507+00:00,2026-09-19T05:51:57.292+00:00,2026-09-19T05:51:57.611+00:00,False,5,4.0,,4.0,299784.93579,300104.137326,300104.137246,60020.827449200006,0.04222,299784.93579,134032.21929773706,239851.43249220002,79.800384,53.78639757740866,0.013328706613780675,26,64,,True,False,Request timeout: 300.0s exceeded,19,56.69694568066818
193,2026-09-19T05:46:58.003+00:00,2026-09-19T05:51:57.506+00:00,2026-09-19T05:51:58.015+00:00,False,7,6.0,,6.0,299503.311287,300012.484279,300012.484215,42858.92631642857,0.02045,299503.311287,113169.54269739699,209683.18576700002,84.86216533333332,41.56828970724685,0.019999167749366827,26,64,,True,False,Request timeout: 300.0s exceeded,16,56.69694568066818
194,2026-09-19T05:46:58.618+00:00,2026-09-19T05:51:58.725+00:00,2026-09-19T05:51:58.725+00:00,False,1,0.0,,0.0,300107.501133,300107.501133,300107.501133,300107.501133,300107.501133,300107.501133,nan,300107.501133,nan,nan,0.0,26,64,,True,False,"HTTPConnectionPool(host='gpu03', port=9002): Read timed out.",0,56.69694568066818
195,2026-09-19T05:46:59.238+00:00,2026-09-19T05:51:59.076+00:00,2026-09-19T05:51:59.312+00:00,False,4,3.0,,3.0,299837.577627,300073.304987,300073.304858,75018.3262145,0.02584,299837.577627,149879.51136606073,254880.7770261,78.57578666666667,68.46321334335693,0.009997557097356488,26,64,,True,False,Request timeout: 300.0s exceeded,6,56.69694568066818
196,2026-09-19T05:46:59.857+00:00,2026-09-19T05:51:59.950+00:00,2026-09-19T05:51:59.950+00:00,False,1,0.0,,0.0,300092.800102,300092.800102,300092.800102,300092.800102,300092.800102,300092.800102,nan,300092.800102,nan,nan,0.0,26,64,,True,False,"HTTPConnectionPool(host='gpu03', port=9002): Read timed out.",0,56.69694568066818
197,2026-09-19T05:47:00.375+00:00,2026-09-19T05:52:00.416+00:00,2026-09-19T05:52:00.416+00:00,False,1,0.0,,0.0,300040.705981,300040.705981,300040.705981,300040.705981,300040.705981,300040.705981,nan,300040.705981,nan,nan,0.0,26,64,,True,False,TTFT timeout: 300.0s exceeded (TTFT: 300.017s),0,56.69694568066818
198,2026-09-19T05:47:00.821+00:00,2026-09-19T05:52:00.802+00:00,2026-09-19T05:52:00.910+00:00,False,3,2.0,,2.0,299981.040599,300089.710295,300089.710182,100029.903394,0.05086,299981.040599,173162.7728437171,269993.7984114,54.334848,76.7690332553591,0.006664673700520826,26,64,,True,False,Request timeout: 300.0s exceeded,5,56.69694568066818
199,2026-09-19T05:47:01.458+00:00,2026-09-19T05:52:01.567+00:00,2026-09-19T05:52:01.567+00:00,False,1,0.0,,0.0,300109.704352,300109.704352,300109.704352,300109.704352,300109.704352,300109.704352,nan,300109.704352,nan,nan,0.0,26,64,,True,False,"HTTPConnectionPool(host='gpu03', port=9002): Read timed out.",0,56.69694568066818
200,2026-09-19T05:47:02.110+00:00,2026-09-19T05:52:02.172+00:00,2026-09-19T05:52:02.172+00:00,False,1,0.0,,0.0,300062.57375599997,300062.57375599997,300062.57375599997,300062.57375599997,300062.57375599997,300062.57375599997,nan,300062.57375599997,nan,nan,0.0,26,64,,True,False,"HTTPConnectionPool(host='gpu03', port=9002): Read timed out.",0,56.69694568066818
201,2026-09-19T05:47:02.767+00:00,2026-09-19T05:52:02.463+00:00,2026-09-19T05:52:02.785+00:00,False,6,5.0,,5.0,299695.65398299997,300018.061663,300018.061862,50003.01031033333,0.02143,299695.65398299997,122323.92241927396,224805.88795349997,64.481536,51.027173686224245,0.0166656633013526,26,64,,True,False,Request timeout: 300.0s exceeded,16,56.69694568066818
202,2026-09-19T05:47:03.165+00:00,2026-09-19T05:52:03.204+00:00,2026-09-19T05:52:03.204+00:00,False,1,0.0,,0.0,300038.911007,300038.911007,300038.911007,300038.911007,300038.911007,300038.911007,nan,300038.911007,nan,nan,0.0,26,64,,True,False,"HTTPConnectionPool(host='gpu03', port=9002): Read timed out.",0,56.69694568066818
203,2026-09-19T05:47:03.816+00:00,2026-09-19T05:52:03.935+00:00,2026-09-19T05:52:05.050+00:00,False,12,11.0,,11.0,300119.050157,301233.689773,301233.689819,25102.80748491667,0.02361,300119.050157,86607.66247537921,135134.74987455,101.33087418181819,36.47311902338021,0.03651649989179246,26,64,,True,False,Request timeout: 300.0s exceeded,47,56.69694568066818
204,2026-09-19T05:47:04.232+00:00,2026-09-19T05:52:04.081+00:00,2026-09-19T05:52:04.434+00:00,True,4,4.0,,4.0,299848.77770499996,300201.957609,300201.95760799997,75050.48940199999,110.49691800000001,299848.77770499996,149865.52563250044,254889.97991979995,117.72663466666667,6.609449151110049,0.013324363478035098,26,64,,True,True,,14,56.69694568066818
206,2026-09-19T05:47:05.332+00:00,2026-09-19T05:52:05.342+00:00,2026-09-19T05:52:05.342+00:00,False,1,0.0,,0.0,300010.682426,300010.682426,300010.682426,300010.682426,300010.682426,300010.682426,nan,300010.682426,nan,nan,0.0,26,64,,True,False,"HTTPConnectionPool(host='gpu03', port=9002): Read timed out.",0,56.69694568066818
205,2026-09-19T05:47:04.799+00:00,2026-09-19T05:52:05.893+00:00,2026-09-19T05:52:05.893+00:00,False,1,0.0,,0.0,301093.323014,301093.323014,301093.323014,301093.323014,301093.323014,301093.323014,nan,301093.323014,nan,nan,0.0,26,64,,True,False,"HTTPConnectionPool(host='gpu03', port=9002): Read timed out.",0,56.69694568066818
207,2026-09-19T05:47:05.878+00:00,2026-09-19T05:52:05.966+00:00,2026-09-19T05:52:05.966+00:00,False,1,0.0,,0.0,300087.90858499997,300087.90858499997,300087.90858499997,300087.90858499997,300087.90858499997,300087.90858499997,nan,300087.90858499997,nan,nan,0.0,26,64,,True,False,"HTTPConnectionPool(host='gpu03', port=9002): Read timed out.",0,56.69694568066818
208,2026-09-19T05:47:06.240+00:00,2026-09-19T05:52:06.344+00:00,2026-09-19T05:52:06.344+00:00,False,1,0.0,,0.0,300104.520203,300104.520203,300104.520203,300104.520203,300104.520203,300104.520203,nan,300104.520203,nan,nan,0.0,26,64,,True,False,TTFT timeout: 300.0s exceeded (TTFT: 300.095s),0,56.69694568066818
209,2026-09-19T05:47:06.653+00:00,2026-09-19T05:52:06.544+00:00,2026-09-19T05:52:06.742+00:00,False,4,3.0,,3.0,299891.334261,300089.330805,300089.330805,75022.33270125,0.022539999999999998,299891.334261,149912.67504839544,254923.39796565,65.998848,57.46243404099008,0.009997023192901916,26,64,,True,False,Request timeout: 300.0s exceeded,18,56.69694568066818
210,2026-09-19T05:47:07.290+00:00,2026-09-19T05:52:07.364+00:00,2026-09-19T05:52:07.364+00:00,False,1,0.0,,0.0,300074.52167000005,300074.52167000005,300074.52167000005,300074.52167000005,300074.52167000005,300074.52167000005,nan,300074.52167000005,nan,nan,0.0,26,64,,True,False,"HTTPConnectionPool(host='gpu03', port=9002): Read timed out.",0,56.69694568066818
211,2026-09-19T05:47:07.816+00:00,2026-09-19T05:52:07.851+00:00,2026-09-19T05:52:07.851+00:00,False,1,0.0,,0.0,300034.192051,300034.192051,300034.192051,300034.192051,300034.192051,300034.192051,nan,300034.192051,nan,nan,0.0,26,64,,True,False,TTFT timeout: 300.0s exceeded (TTFT: 300.025s),0,56.69694568066818
212,2026-09-19T05:47:08.344+00:00,2026-09-19T05:52:08.270+00:00,2026-09-19T05:52:08.387+00:00,False,3,2.0,,2.0,299926.248818,300042.536562,300042.536572,100014.17885733335,0.02603,299926.248818,173128.94086389197,269945.2501086,58.143872,82.19092440674457,0.006665721543740933,26,64,,True,False,Request timeout: 300.0s exceeded,8,56.69694568066818
213,2026-09-19T05:47:08.792+00:00,2026-09-19T05:52:08.865+00:00,2026-09-19T05:52:08.865+00:00,False,1,0.0,,0.0,300073.030046,300073.030046,300073.030046,300073.030046,300073.030046,300073.030046,nan,300073.030046,nan,nan,0.0,26,64,,True,False,TTFT timeout: 300.0s exceeded (TTFT: 300.062s),0,56.69694568066818
214,2026-09-19T05:47:09.243+00:00,2026-09-19T05:52:09.332+00:00,2026-09-19T05:52:09.332+00:00,False,1,0.0,,0.0,300088.59637800005,300088.59637800005,300088.59637800005,300088.59637800005,300088.59637800005,300088.59637800005,nan,300088.59637800005,nan,nan,0.0,26,64,,True,False,TTFT timeout: 300.0s exceeded (TTFT: 300.070s),0,56.69694568066818
215,2026-09-19T05:47:09.677+00:00,2026-09-19T05:52:09.598+00:00,2026-09-19T05:52:09.731+00:00,False,3,2.0,,2.0,299921.50806,300053.89846,300053.898285,100017.96609500001,0.03731,299921.50806,173121.55828916637,269942.5925455,66.1952,93.56129195789224,0.006665469138260901,26,64,,True,False,Request timeout: 300.0s exceeded,11,56.69694568066818
216,2026-09-19T05:47:10.121+00:00,2026-09-19T05:52:09.996+00:00,2026-09-19T05:52:10.203+00:00,False,4,3.0,,3.0,299874.942915,300081.680835,300081.68077800004,75020.42019450001,0.0746,299874.942915,149903.02306834393,254909.63324460003,68.91264,59.68511279473246,0.009997278046604755,26,64,,True,False,Request timeout: 300.0s exceeded,10,56.69694568066818
217,2026-09-19T05:47:10.616+00:00,2026-09-19T05:52:10.721+00:00,2026-09-19T05:52:10.721+00:00,False,1,0.0,,0.0,300105.052755,300105.052755,300105.052755,300105.052755,300105.052755,300105.052755,nan,300105.052755,nan,nan,0.0,26,64,,True,False,"HTTPConnectionPool(host='gpu03', port=9002): Read timed out.",0,56.69694568066818
218,2026-09-19T05:47:11.221+00:00,2026-09-19T05:52:11.226+00:00,2026-09-19T05:52:11.359+00:00,False,3,2.0,,2.0,300004.038676,300137.73646800005,300137.736678,100045.91222600001,0.021929999999999998,300004.038676,173168.83009336024,270017.0024156,66.848896,94.5078420657513,0.006663607260905811,26,64,,True,False,Request timeout: 300.0s exceeded,4,56.69694568066818
219,2026-09-19T05:47:11.612+00:00,2026-09-19T05:52:11.506+00:00,2026-09-19T05:52:11.634+00:00,False,3,2.0,,2.0,299893.704333,300022.478477,300022.478397,100007.492799,0.05139,299893.704333,173106.54900995537,269917.2061671,64.387072,90.9843006908275,0.0066661671823810414,26,64,,True,False,Request timeout: 300.0s exceeded,5,56.69694568066818
220,2026-09-19T05:47:12.175+00:00,2026-09-19T05:52:12.284+00:00,2026-09-19T05:52:12.284+00:00,False,1,0.0,,0.0,300109.57779,300109.57779,300109.57779,300109.57779,300109.57779,300109.57779,nan,300109.57779,nan,nan,0.0,26,64,,True,False,"HTTPConnectionPool(host='gpu03', port=9002): Read timed out.",0,56.69694568066818
221,2026-09-19T05:47:12.831+00:00,2026-09-19T05:52:12.939+00:00,2026-09-19T05:52:12.939+00:00,False,1,0.0,,0.0,300107.771602,300107.771602,300107.771602,300107.771602,300107.771602,300107.771602,nan,300107.771602,nan,nan,0.0,26,64,,True,False,"HTTPConnectionPool(host='gpu03', port=9002): Read timed out.",0,56.69694568066818
222,2026-09-19T05:47:13.408+00:00,2026-09-19T05:52:13.219+00:00,2026-09-19T05:52:13.219+00:00,True,1,1.0,,1.0,299810.640048,299810.640048,299810.640048,299810.640048,299810.640048,299810.640048,nan,299810.640048,nan,nan,0.0033354386616829177,26,64,,True,True,,3,56.69694568066818
223,2026-09-19T05:47:14.012+00:00,2026-09-19T05:52:14.114+00:00,2026-09-19T05:52:14.114+00:00,False,1,0.0,,0.0,300102.14485399995,300102.14485399995,300102.14485399995,300102.14485399995,300102.14485399995,300102.14485399995,nan,300102.14485399995,nan,nan,0.0,26,64,,True,False,"HTTPConnectionPool(host='gpu03', port=9002): Read timed out.",0,56.69694568066818
224,2026-09-19T05:47:14.575+00:00,2026-09-19T05:52:14.617+00:00,2026-09-19T05:52:14.617+00:00,False,1,0.0,,0.0,300042.060479,300042.060479,300042.060479,300042.060479,300042.060479,300042.060479,nan,300042.060479,nan,nan,0.0,26,64,,True,False,"HTTPConnectionPool(host='gpu03', port=9002): Read timed out.",0,56.69694568066818
225,2026-09-19T05:47:15.227+00:00,2026-09-19T05:52:15.024+00:00,2026-09-19T05:52:15.253+00:00,False,4,3.0,,3.0,299797.54009799997,300026.18957,300026.18949599995,75006.54737399999,0.022539999999999998,299797.54009799997,149860.67150367907,254845.22516384997,76.21649066666667,65.99552932428674,0.00999912709053708,26,64,,True,False,Request timeout: 300.0s exceeded,7,56.69694568066818
226,2026-09-19T05:47:15.602+00:00,2026-09-19T05:52:15.710+00:00,2026-09-19T05:52:15.710+00:00,False,1,0.0,,0.0,300107.952925,300107.952925,300107.952925,300107.952925,300107.952925,300107.952925,nan,300107.952925,nan,nan,0.0,26,64,,True,False,"HTTPConnectionPool(host='gpu03', port=9002): Read timed out.",0,56.69694568066818
227,2026-09-19T05:47:16.004+00:00,2026-09-19T05:52:16.044+00:00,2026-09-19T05:52:16.044+00:00,False,1,0.0,,0.0,300039.731966,300039.731966,300039.731966,300039.731966,300039.731966,300039.731966,nan,300039.731966,nan,nan,0.0,26,64,,True,False,"HTTPConnectionPool(host='gpu03', port=9002): Read timed out.",0,56.69694568066818
228,2026-09-19T05:47:16.461+00:00,2026-09-19T05:52:16.529+00:00,2026-09-19T05:52:16.529+00:00,False,1,0.0,,0.0,300068.21771600004,300068.21771600004,300068.21771600004,300068.21771600004,300068.21771600004,300068.21771600004,nan,300068.21771600004,nan,nan,0.0,26,64,,True,False,TTFT timeout: 300.0s exceeded (TTFT: 300.059s),0,56.69694568066818
230,2026-09-19T05:47:17.468+00:00,2026-09-19T05:52:16.662+00:00,2026-09-19T05:52:17.733+00:00,False,13,12.0,,12.0,299193.832463,300265.448975,300265.44877,23097.342213076925,0.038579999999999996,299193.832463,82956.67693510765,119747.25268760002,89.301376,32.643683432563975,0.039964638092606905,26,64,,True,False,Request timeout: 300.0s exceeded,44,56.69694568066818
229,2026-09-19T05:47:17.453+00:00,2026-09-19T05:52:16.769+00:00,2026-09-19T05:52:17.864+00:00,False,13,12.0,,12.0,299316.68474299996,300411.63642299996,300411.63629199995,23108.58740707692,0.04575,299316.68474299996,82990.21122859773,119803.29524479999,91.24597333333332,34.10827482018859,0.03994519034909549,26,64,,True,False,Request timeout: 300.0s exceeded,47,56.69694568066818
231,2026-09-19T05:47:17.973+00:00,2026-09-19T05:52:18.020+00:00,2026-09-19T05:52:18.020+00:00,False,1,0.0,,0.0,300047.628208,300047.628208,300047.628208,300047.628208,300047.628208,300047.628208,nan,300047.628208,nan,nan,0.0,26,64,,True,False,"HTTPConnectionPool(host='gpu03', port=9002): Read timed out.",0,56.69694568066818
232,2026-09-19T05:47:18.340+00:00,2026-09-19T05:52:18.365+00:00,2026-09-19T05:52:18.365+00:00,False,1,0.0,,0.0,300025.145992,300025.145992,300025.145992,300025.145992,300025.145992,300025.145992,nan,300025.145992,nan,nan,0.0,26,64,,True,False,"HTTPConnectionPool(host='gpu03', port=9002): Read timed out.",0,56.69694568066818
233,2026-09-19T05:47:18.759+00:00,2026-09-19T05:52:18.874+00:00,2026-09-19T05:52:18.874+00:00,False,1,0.0,,0.0,300115.522384,300115.522384,300115.522384,300115.522384,300115.522384,300115.522384,nan,300115.522384,nan,nan,0.0,26,64,,True,False,"HTTPConnectionPool(host='gpu03', port=9002): Read timed out.",0,56.69694568066818
234,2026-09-19T05:47:19.263+00:00,2026-09-19T05:52:19.398+00:00,2026-09-19T05:52:20.582+00:00,False,16,15.0,,15.0,300134.749911,301318.674903,301318.67502200004,18832.417188875002,0.03756,300134.749911,75013.9630036489,75114.59657325,78.92833279999999,34.97768470351664,0.049781182679197615,26,64,,True,False,Request timeout: 300.0s exceeded,74,56.69694568066818
235,2026-09-19T05:47:19.908+00:00,2026-09-19T05:52:19.429+00:00,2026-09-19T05:52:20.686+00:00,False,16,15.0,,15.0,299520.80018900003,300777.59148500004,300777.591321,18798.5994575625,0.04395,299520.80018900003,74859.25953726651,74960.48130500001,83.7860864,31.046754045566633,0.04987073646657637,26,64,,True,False,Request timeout: 300.0s exceeded,46,56.69694568066818
237,2026-09-19T05:47:20.785+00:00,2026-09-19T05:52:20.900+00:00,2026-09-19T05:52:20.900+00:00,False,1,0.0,,0.0,300115.182101,300115.182101,300115.182101,300115.182101,300115.182101,300115.182101,nan,300115.182101,nan,nan,0.0,26,64,,True,False,"HTTPConnectionPool(host='gpu03', port=9002): Read timed out.",0,56.69694568066818
236,2026-09-19T05:47:20.297+00:00,2026-09-19T05:52:21.342+00:00,2026-09-19T05:52:21.342+00:00,False,1,0.0,,0.0,301044.731431,301044.731431,301044.731431,301044.731431,301044.731431,301044.731431,nan,301044.731431,nan,nan,0.0,26,64,,True,False,"HTTPConnectionPool(host='gpu03', port=9002): Read timed out.",0,56.69694568066818
0,2026-09-19T05:45:20.798+00:00,2026-09-19T05:45:21.010+00:00,2026-09-19T05:45:23.807+00:00,True,32,32.0,,32.0,212.25952900000001,3009.1626969999998,3009.1627320000002,94.03633537500001,33.660642,212.25952900000001,34.43495328055703,134.69777805,90.22268283870969,27.283220101711382,10.634187387708403,27,64,,False,True,,153,56.69694568066818
1,2026-09-19T05:45:21.348+00:00,2026-09-19T05:45:21.652+00:00,2026-09-19T05:45:24.020+00:00,True,25,25.0,,25.0,303.497115,2671.501979,2671.501919,106.86007676,43.552068,303.497115,46.8554847847051,148.0616666,98.66686933333332,23.23158509072386,9.358031622854357,27,64,,False,True,,150,56.69694568066818
2,2026-09-19T05:45:21.798+00:00,2026-09-19T05:45:23.285+00:00,2026-09-19T05:45:29.423+00:00,True,64,64.0,,64.0,1487.572355,7625.949571,7625.949665,119.155463515625,44.909715,1487.572355,175.00190106105157,111.39767445000001,97.43455898412698,20.91799209640955,8.39239748494791,27,64,,False,True,,161,56.69694568066818
3,2026-09-19T05:45:22.196+00:00,2026-09-19T05:45:26.320+00:00,2026-09-19T05:45:27.315+00:00,True,11,11.0,,11.0,4123.421804,5119.051372,5119.051175,465.3682886363636,48.508797,4123.421804,1213.564236694579,2139.3042514999997,99.5629568,29.609479055112622,2.1488356339159633,27,64,,False,True,,32,56.69694568066818
4,2026-09-19T05:45:22.730+00:00,2026-09-19T05:45:28.912+00:00,2026-09-19T05:45:34.304+00:00,True,55,55.0,,55.0,6181.69931,11573.757166,11573.757237,210.43194976363637,0.0,6181.69931,820.562095979031,121.6919119,99.85292325925926,28.505367929928685,4.752130117398041,27,64,,False,True,,259,56.69694568066818
5,2026-09-19T05:45:23.314+00:00,2026-09-19T05:45:31.991+00:00,2026-09-19T05:45:39.805+00:00,True,80,80.0,,80.0,8677.539775000001,16491.385279000002,16491.385459,206.1423182375,0.0,8677.539775000001,960.3721997771175,245.97131785000002,98.90943675949366,49.33909415014574,4.8510175856403865,27,64,,False,True,,398,56.69694568066818
6,2026-09-19T05:45:23.904+00:00,2026-09-19T05:45:34.915+00:00,2026-09-19T05:45:43.225+00:00,True,86,86.0,,86.0,11010.886707,19320.960051000002,19320.960076,224.66232646511628,0.0,11010.886707,1177.8183716587555,214.387141,97.76556875294118,49.44892088134071,4.451124570052039,27,64,,False,True,,375,56.69694568066818
7,2026-09-19T05:45:24.339+00:00,2026-09-19T05:45:37.383+00:00,2026-09-19T05:45:46.135+00:00,True,91,91.0,,91.0,13043.77528,21795.794992,21795.7951,239.51423186813187,0.0,13043.77528,1358.104697979011,128.13443650000002,97.24466346666667,50.79100787925396,4.175117266124083,27,64,,False,True,,431,56.69694568066818
8,2026-09-19T05:45:24.939+00:00,2026-09-19T05:45:40.569+00:00,2026-09-19T05:45:47.531+00:00,True,72,72.0,,72.0,15629.910904999999,22592.668536999998,22592.668543,313.7870630972222,0.0,15629.910904999999,1831.0607288810102,128.58859955,98.06700890140844,47.80563152310905,3.186874533306486,27,64,,False,True,,345,56.69694568066818
9,2026-09-19T05:45:25.554+00:00,2026-09-19T05:45:44.157+00:00,2026-09-19T05:45:49.947+00:00,True,60,60.0,,60.0,18603.436526999998,24392.811246999998,24392.811198,406.54685329999995,0.0,18603.436526999998,2389.7592894041973,134.6731525,98.12499525423729,59.72722747978414,2.4597410848812773,27,64,,False,True,,258,56.69694568066818
10,2026-09-19T05:45:25.892+00:00,2026-09-19T05:45:46.242+00:00,2026-09-19T05:45:52.817+00:00,True,67,67.0,,67.0,20349.730889,26925.196873,26925.197049,401.86861267164176,0.0,20349.730889,2474.779266660537,113.2849299,99.62827248484848,64.79336280465188,2.4883754914039695,27,64,,False,True,,366,56.69694568066818
11,2026-09-19T05:45:26.251+00:00,2026-09-19T05:45:48.350+00:00,2026-09-19T05:45:53.496+00:00,True,52,52.0,,52.0,22099.584221999998,27244.896221999996,27244.896302999998,523.9403135192307,0.0,22099.584221999998,3051.5988513012016,236.4671336,100.8884705882353,76.02723952569777,1.9086143539064206,27,64,,False,True,,232,56.69694568066818
12,2026-09-19T05:45:26.641+00:00,2026-09-19T05:45:50.319+00:00,2026-09-19T05:45:55.509+00:00,True,54,54.0,,54.0,23677.287435,28867.825418999997,28867.825441999998,534.589360037037,0.0,23677.287435,3209.8062642925447,236.80119125000002,97.93467894339622,83.38275538794431,1.870594657416028,27,64,,False,True,,246,56.69694568066818
13,2026-09-19T05:45:27.102+00:00,2026-09-19T05:45:52.711+00:00,2026-09-19T05:45:57.592+00:00,True,53,53.0,,53.0,25608.616575,30489.269631,30489.269643,575.2692385471698,0.0,25608.616575,3505.2540154264643,112.699512,93.8587126153846,61.69203851309697,1.738316484502213,27,64,,False,True,,253,56.69694568066818
14,2026-09-19T05:45:27.502+00:00,2026-09-19T05:45:54.841+00:00,2026-09-19T05:46:03.982+00:00,True,97,97.0,,97.0,27339.228863,36479.661503,36479.661348,376.0789829690722,0.0,27339.228863,2766.7436893386293,114.10372679999999,95.21284,54.58881571435528,2.6590159010116623,27,64,,False,True,,458,56.69694568066818
15,2026-09-19T05:45:28.086+00:00,2026-09-19T05:45:58.012+00:00,2026-09-19T05:46:00.704+00:00,True,30,30.0,,30.0,29925.967566,32618.035406,32618.035224,1087.2678408,0.0,29925.967566,5447.580711437101,352.37703239999996,92.82992551724138,96.18324015009946,0.9197365698634806,27,64,,False,True,,176,56.69694568066818
16,2026-09-19T05:45:28.445+00:00,2026-09-19T05:46:00.444+00:00,2026-09-19T05:46:06.521+00:00,True,61,61.0,,61.0,31998.895086,38076.103918,38076.10405,624.1984270491803,0.0,31998.895086,4084.6941626597772,113.55695599999999,101.28681386666666,71.99347720161568,1.6020546674462408,27,64,,False,True,,274,56.69694568066818
17,2026-09-19T05:45:28.951+00:00,2026-09-19T05:46:02.983+00:00,2026-09-19T05:46:12.579+00:00,True,96,96.0,,96.0,34031.84349,43628.356258,43628.356285,454.46204463541665,0.0,34031.84349,3464.531816056063,115.00044700000001,101.01592387368422,101.83564286044398,2.2004037794203346,27,64,,False,True,,367,56.69694568066818
18,2026-09-19T05:45:29.329+00:00,2026-09-19T05:46:05.157+00:00,2026-09-19T05:46:06.726+00:00,True,16,16.0,,16.0,35828.300206,37396.838574,37396.838562,2337.302410125,0.0,35828.300206,8932.005987283099,9402.111467499999,104.56922453333333,143.32001733405764,0.4278436523007037,27,64,,False,True,,49,56.69694568066818
19,2026-09-19T05:45:29.810+00:00,2026-09-19T05:46:07.846+00:00,2026-09-19T05:46:07.951+00:00,True,2,2.0,,2.0,38035.990043,38140.545563,38140.545579,19070.2727895,104.55553599999999,38035.990043,26821.574560033107,36139.41831765,104.55552,nan,0.05243763481821279,27,64,,False,True,,4,56.69694568066818
20,2026-09-19T05:45:30.364+00:00,2026-09-19T05:46:10.262+00:00,2026-09-19T05:46:15.310+00:00,True,54,54.0,,54.0,39898.555394,44946.163202,44946.163125,832.3363541666668,0.0,39898.555394,5417.407718628546,104.0037638,95.23788316981133,97.57821401109317,1.2014373675748395,27,64,,False,True,,220,56.69694568066818
21,2026-09-19T05:45:30.835+00:00,2026-09-19T05:46:12.585+00:00,2026-09-19T05:46:18.926+00:00,True,68,68.0,,68.0,41750.45695,48091.580022,48091.579909,707.2291163088236,36.538375,41750.45695,5051.548987967998,113.14417835,94.64362794029851,20.160006876874892,1.4139689311287482,27,64,,False,True,,275,56.69694568066818
22,2026-09-19T05:45:31.249+00:00,2026-09-19T05:46:14.758+00:00,2026-09-19T05:46:20.404+00:00,True,58,58.0,,58.0,43508.823994000006,49155.035322,49155.035342,847.5006093448277,0.0,43508.823994000006,5700.593032798977,114.26552220000002,99.0563390877193,84.22301698808538,1.1799401550636526,27,64,,False,True,,187,56.69694568066818
23,2026-09-19T05:45:31.781+00:00,2026-09-19T05:46:17.759+00:00,2026-09-19T05:46:21.692+00:00,True,40,40.0,,40.0,45977.893573,49910.987973,49910.988191000004,1247.774704775,0.0,45977.893573,7254.491916934424,141.12388045,100.84857435897435,101.66897538939388,0.8014267323587848,27,64,,False,True,,127,56.69694568066818
24,2026-09-19T05:45:32.295+00:00,2026-09-19T05:46:20.795+00:00,2026-09-19T05:46:23.803+00:00,True,32,32.0,,32.0,48499.392379,51507.375738999996,51507.375902,1609.6054969375,0.01613,48499.392379,8557.832841851125,473.29303545000005,97.0317212903226,158.66270617190585,0.6212702460741066,27,64,,False,True,,123,56.69694568066818
25,2026-09-19T05:45:32.917+00:00,2026-09-19T05:46:24.441+00:00,2026-09-19T05:46:24.860+00:00,True,5,5.0,,5.0,51524.286703000005,51942.564079,51942.563998000005,10388.512799600001,101.737892,51524.286703000005,22995.596882010286,41241.272721400004,104.569344,3.442366493811682,0.09626016906665305,27,64,,False,True,,15,56.69694568066818
26,2026-09-19T05:45:33.278+00:00,2026-09-19T05:46:26.057+00:00,2026-09-19T05:46:29.565+00:00,True,35,35.0,,35.0,52778.662145,56286.498305,56286.498376,1608.1856678857143,0.0,52778.662145,8904.744006828194,326.0963357,103.17165176470589,132.78950905637706,0.6218187496821224,27,64,,False,True,,105,56.69694568066818
27,2026-09-19T05:45:33.869+00:00,2026-09-19T05:46:29.395+00:00,2026-09-19T05:46:30.874+00:00,True,17,17.0,,17.0,55525.806002,57004.38725,57004.387443,3353.199261352941,0.0,55525.806002,13444.605264122214,11196.467682,92.411328,30.409832734151955,0.298222660046223,27,64,,False,True,,82,56.69694568066818
28,2026-09-19T05:45:34.388+00:00,2026-09-19T05:46:32.314+00:00,2026-09-19T05:46:37.856+00:00,True,55,55.0,,55.0,57926.829230999996,63468.031150999996,63468.031191999995,1153.964203490909,0.017,57926.829230999996,7797.523633337628,113.33202210000002,102.61485037037038,89.85540844886609,0.8665780078973416,27,64,,False,True,,254,56.69694568066818
29,2026-09-19T05:45:34.766+00:00,2026-09-19T05:46:34.505+00:00,2026-09-19T05:46:42.714+00:00,True,83,83.0,,83.0,59739.071993,67947.649529,67947.649547,818.6463800843374,0.0,59739.071993,6547.346902439634,113.401036,100.10460409756097,121.83160669036273,1.2215286411721376,27,64,,False,True,,204,56.69694568066818
30,2026-09-19T05:45:35.391+00:00,2026-09-19T05:46:37.854+00:00,2026-09-19T05:46:46.837+00:00,True,92,92.0,,92.0,62463.211484,71446.15574,71446.15576,776.5886495652173,0.0,62463.211484,6502.566125159756,112.13803159999999,98.71367314285715,90.12772782167796,1.2876829977360513,27,64,,False,True,,374,56.69694568066818
31,2026-09-19T05:45:35.976+00:00,2026-09-19T05:46:41.119+00:00,2026-09-19T05:46:42.713+00:00,True,17,17.0,,17.0,65142.576159000004,66736.839967,66736.83992900001,3925.696466411765,50.823821,65142.576159000004,15775.23925353151,13120.2396486,99.641488,18.742743557352494,0.2547318693604035,27,64,,False,True,,56,56.69694568066818
32,2026-09-19T05:45:36.564+00:00,2026-09-19T05:46:44.129+00:00,2026-09-19T05:46:46.412+00:00,True,23,23.0,,23.0,67565.094447,69847.93758299999,69847.93753099999,3036.8668491739127,87.168925,67565.094447,14066.660932317685,111.238079,103.7655970909091,6.593780315006436,0.32928674483293374,27,64,,False,True,,66,56.69694568066818
33,2026-09-19T05:45:37.159+00:00,2026-09-19T05:46:47.044+00:00,2026-09-19T05:46:55.786+00:00,True,88,88.0,,88.0,69885.08550399999,78627.20927999998,78627.20917399999,893.4910133409089,0.0,69885.08550399999,7440.396887681696,112.45097584999999,100.48418133333332,141.67158812589142,1.1192054354443957,27,64,,False,True,,208,56.69694568066818
34,2026-09-19T05:45:37.691+00:00,2026-09-19T05:46:49.898+00:00,2026-09-19T05:46:55.701+00:00,True,52,52.0,,52.0,72206.974508,78009.506092,78009.506165,1500.1828108653847,0.0,72206.974508,9999.002015813237,505.0477165,113.77512909803922,173.39409468984343,0.666585427917902,27,64,,False,True,,277,56.69694568066818
35,2026-09-19T05:45:38.192+00:00,2026-09-19T05:46:52.542+00:00,2026-09-19T05:46:55.694+00:00,True,27,27.0,,27.0,74349.824622,77501.65771,77501.657857,2870.4317724814814,0.01756,74349.824622,14286.057805357672,647.0370884,121.22434953846154,149.9811541340658,0.34837964500101526,27,64,,False,True,,82,56.69694568066818
36,2026-09-19T05:45:38.534+00:00,2026-09-19T05:46:54.177+00:00,2026-09-19T05:46:56.444+00:00,True,23,23.0,,23.0,75642.481374,77909.86108599999,77909.861054,3387.385263217391,0.01636,75642.481374,15751.82101710594,715.7890691,103.0627141818182,158.7274541977108,0.295212950958951,27,64,,False,True,,80,56.69694568066818
37,2026-09-19T05:45:39.049+00:00,2026-09-19T05:46:57.336+00:00,2026-09-19T05:47:05.356+00:00,True,82,82.0,,82.0,78287.45474,86307.191316,86307.191137,1052.5267211829268,0.0,78287.45474,8635.412780180755,113.42835699999999,99.00909353086419,128.43740780938347,0.950094641589831,27,64,,False,True,,298,56.69694568066818
38,2026-09-19T05:45:39.446+00:00,2026-09-19T05:47:00.126+00:00,2026-09-19T05:47:02.567+00:00,True,25,25.0,,25.0,80680.047061,83120.951509,83120.951505,3324.8380602,49.287574,80680.047061,16115.676813047821,115.6493048,101.704352,16.67883841750447,0.3007665281273049,27,64,,False,True,,116,56.69694568066818
39,2026-09-19T05:45:39.886+00:00,2026-09-19T05:47:02.672+00:00,2026-09-19T05:47:09.973+00:00,True,77,77.0,,77.0,82786.10755300001,90087.37398500001,90087.37387400001,1169.9658944675325,0.0,82786.10755300001,9424.324844638408,112.31167860000001,96.06929515789473,132.58611092995315,0.8547257689276289,27,64,,False,True,,282,56.69694568066818
40,2026-09-19T05:45:40.304+00:00,2026-09-19T05:47:05.001+00:00,2026-09-19T05:47:09.554+00:00,True,48,48.0,,48.0,84696.742014,89249.934974,89249.934782,1859.3736412916667,45.315534,84696.742014,12210.952792732429,111.75506405,96.87644595744682,18.69220011709157,0.5378155178934663,27,64,,False,True,,192,56.69694568066818
41,2026-09-19T05:45:40.706+00:00,2026-09-19T05:47:07.278+00:00,2026-09-19T05:47:07.995+00:00,True,8,8.0,,8.0,86571.726679,87288.960087,87288.960257,10911.120032125,99.890236,86571.726679,30571.501808004465,56308.971740500005,102.46191542857143,2.3485588055218645,0.0916496197460307,27,64,,False,True,,29,56.69694568066818
42,2026-09-19T05:45:41.253+00:00,2026-09-19T05:47:10.287+00:00,2026-09-19T05:47:18.349+00:00,True,84,84.0,,84.0,89033.448995,97095.535395,97095.53542,1155.8992311904763,0.01753,89033.448995,9704.570237565078,109.76153015,97.13357108433735,127.12802795689973,0.8651273167017898,27,64,,False,True,,320,56.69694568066818
43,2026-09-19T05:45:41.602+00:00,2026-09-19T05:47:11.994+00:00,2026-09-19T05:47:17.993+00:00,True,63,63.0,,63.0,90392.69976100001,96390.71550500001,96390.715439,1530.0113561746034,0.016489999999999998,90392.69976100001,11376.97747187516,110.63713039999999,96.74218941935484,132.23639430904768,0.6535899196300917,27,64,,False,True,,222,56.69694568066818
44,2026-09-19T05:45:42.175+00:00,2026-09-19T05:47:15.798+00:00,2026-09-19T05:47:22.935+00:00,True,73,73.0,,73.0,93622.908823,100760.847511,100760.847486,1380.285582,0.0,93622.908823,10947.825095956021,128.16202979999997,99.13803733333333,194.0306141355074,0.7244877529640731,27,64,,False,True,,265,56.69694568066818
45,2026-09-19T05:45:42.756+00:00,2026-09-19T05:47:18.668+00:00,2026-09-19T05:47:20.414+00:00,True,17,17.0,,17.0,95912.292721,97657.78980900001,97657.789726,5744.575866235295,0.0,95912.292721,23237.876258175696,20248.053364200005,109.093568,329.2974898193546,0.17407725521178347,27,64,,False,True,,45,56.69694568066818
46,2026-09-19T05:45:43.306+00:00,2026-09-19T05:47:21.502+00:00,2026-09-19T05:47:21.818+00:00,True,4,4.0,,4.0,98196.391733,98512.495669,98512.49567199999,24628.123917999998,100.519785,98196.391733,49045.51201633908,83483.3582,105.36797866666667,4.53334837446289,0.040603986051068276,27,64,,False,True,,13,56.69694568066818
47,2026-09-19T05:45:43.730+00:00,2026-09-19T05:47:23.620+00:00,2026-09-19T05:47:24.687+00:00,True,12,12.0,,12.0,99890.077383,100956.663239,100956.663271,8413.055272583333,49.307884,99890.077383,28807.79807247649,45011.561562849995,96.96235054545454,21.30163303944073,0.11886288249832277,27,64,,False,True,,61,56.69694568066818
48,2026-09-19T05:45:44.206+00:00,2026-09-19T05:47:26.560+00:00,2026-09-19T05:47:34.455+00:00,True,82,82.0,,82.0,102353.13605599999,110248.73336799999,110248.73335,1344.4967481707315,45.137164,102353.13605599999,11292.26140454341,109.62025454999998,97.47651002469136,17.155758326129803,0.7437727173362768,27,64,,True,True,,333,56.69694568066818
49,2026-09-19T05:45:44.766+00:00,2026-09-19T05:47:29.710+00:00,2026-09-19T05:47:38.176+00:00,True,87,87.0,,87.0,104944.006009,113409.77829700001,113409.778343,1303.5606706091955,46.997689,104944.006009,11240.637496279065,109.752997,98.43921265116279,17.1015194264818,0.7671296188602229,27,64,,True,True,,175,56.69694568066818
50,2026-09-19T05:45:45.345+00:00,2026-09-19T05:47:33.039+00:00,2026-09-19T05:47:35.820+00:00,True,29,29.0,,29.0,107694.415545,110475.050169,110475.05018199999,3809.4844890344825,42.21976,107694.415545,19979.91840634636,113.0144212,99.30837942857143,18.87272830161748,0.2625027094863233,27,64,,True,True,,103,56.69694568066818
51,2026-09-19T05:45:45.846+00:00,2026-09-19T05:47:35.607+00:00,2026-09-19T05:47:36.967+00:00,True,14,14.0,,14.0,109761.074882,111120.754882,111120.754862,7937.196775857143,93.04286,109761.074882,29306.928615216537,38491.07706805,104.59076923076923,5.561325435318786,0.12598906491291126,27,64,,True,True,,58,56.69694568066818
52,2026-09-19T05:45:46.458+00:00,2026-09-19T05:47:38.590+00:00,2026-09-19T05:47:44.077+00:00,True,57,57.0,,57.0,112131.477698,117618.754242,117618.754376,2063.486918877193,46.140701,112131.477698,14839.210977591147,111.4412044,97.98708114285715,19.542310477045877,0.48461659339396496,27,64,,True,True,,258,56.69694568066818
53,2026-09-19T05:45:47.003+00:00,2026-09-19T05:47:41.771+00:00,2026-09-19T05:47:46.558+00:00,True,48,48.0,,48.0,114768.049759,119555.32630300001,119555.326359,2490.7359658125,46.938099,114768.049759,16550.64327684952,110.59984075,101.85694774468085,11.566087682031734,0.4014877587164055,27,64,,True,True,,225,56.69694568066818
54,2026-09-19T05:45:47.433+00:00,2026-09-19T05:47:43.966+00:00,2026-09-19T05:47:50.124+00:00,True,63,63.0,,63.0,116533.306608,122690.72664,122690.726545,1947.471849920635,44.522465,116533.306608,14669.314788864292,113.2073044,99.31322632258065,17.671485663278627,0.5134862407723368,27,64,,True,True,,301,56.69694568066818
55,2026-09-19T05:45:47.860+00:00,2026-09-19T05:47:46.359+00:00,2026-09-19T05:47:52.985+00:00,True,67,67.0,,67.0,118498.11535699999,125124.46518099999,125124.46517799998,1867.5293310149252,43.227227,118498.11535699999,14464.590973394985,111.302625,100.39923975757576,15.119493561418002,0.5354668241984532,27,64,,True,True,,231,56.69694568066818
56,2026-09-19T05:45:48.216+00:00,2026-09-19T05:47:48.114+00:00,2026-09-19T05:47:51.337+00:00,True,34,34.0,,34.0,119898.115282,123121.124306,123121.124396,3621.2095410588236,47.186549,119898.115282,20545.617497991847,114.5481611,97.66694012121212,20.696538954039646,0.27615082457741247,27,64,,True,True,,101,56.69694568066818
57,2026-09-19T05:45:48.621+00:00,2026-09-19T05:47:50.654+00:00,2026-09-19T05:47:59.115+00:00,True,87,87.0,,87.0,122032.69616200001,130494.472802,130494.47279100001,1499.936468862069,46.18066,122032.69616200001,13072.739431539392,110.642495,98.39275162790697,16.199414027212534,0.6666949038677339,27,64,,True,True,,306,56.69694568066818
58,2026-09-19T05:45:49.143+00:00,2026-09-19T05:47:53.298+00:00,2026-09-19T05:47:57.691+00:00,True,47,47.0,,47.0,124155.32947699999,128548.567237,128548.567189,2735.0758976382976,44.415036,124155.32947699999,18095.9948793838,111.34256029999999,95.50516869565217,18.905848263823014,0.3656205666870478,27,64,,True,True,,168,56.69694568066818
59,2026-09-19T05:45:49.674+00:00,2026-09-19T05:47:55.590+00:00,2026-09-19T05:48:00.269+00:00,True,48,48.0,,48.0,125915.804426,130595.16161000001,130595.16173200001,2720.7325360833333,46.870059,125915.804426,18160.017349116097,111.19362985,99.56079114893616,15.904925109148143,0.36754807305452664,27,64,,True,True,,209,56.69694568066818
60,2026-09-19T05:45:50.223+00:00,2026-09-19T05:47:58.911+00:00,2026-09-19T05:48:02.958+00:00,True,41,41.0,,41.0,128687.648878,132735.214446,132735.21455600002,3237.444257463415,48.503265,128687.648878,20081.834892654497,108.676643,101.1891392,12.42507142341874,0.30888562745856585,27,64,,True,True,,191,56.69694568066818
61,2026-09-19T05:45:50.594+00:00,2026-09-19T05:48:00.887+00:00,2026-09-19T05:48:00.986+00:00,True,2,2.0,,2.0,130293.042397,130391.337181,130391.337076,65195.668538,98.294679,130293.042397,92061.58898626958,123783.30501109999,98.294784,nan,0.015338442286420778,27,64,,True,True,,3,56.69694568066818
62,2026-09-19T05:45:50.965+00:00,2026-09-19T05:48:02.855+00:00,2026-09-19T05:48:04.116+00:00,True,14,14.0,,14.0,131889.914018,133151.445922,133151.445951,9510.817567928572,50.020852,131889.914018,35223.13192624158,46232.83618895001,97.04091569230769,19.507395288740486,0.10514343199998884,27,64,,True,True,,72,56.69694568066818
63,2026-09-19T05:45:51.325+00:00,2026-09-19T05:48:04.488+00:00,2026-09-19T05:48:07.924+00:00,True,35,35.0,,35.0,133162.228455,136599.023335,136599.023314,3902.8292375428573,48.074186000000005,133162.228455,22491.444882961765,113.9046967,101.08220235294117,16.81946579710917,0.2562243795416079,27,64,,True,True,,123,56.69694568066818
64,2026-09-19T05:45:51.839+00:00,2026-09-19T05:48:07.295+00:00,2026-09-19T05:48:12.679+00:00,True,54,54.0,,54.0,135455.870727,140839.829767,140839.829829,2608.144996833333,46.155481,135455.870727,18419.391701215438,113.64847030000001,101.58413283018868,15.418743181787894,0.38341426632888953,27,64,,True,True,,234,56.69694568066818
65,2026-09-19T05:45:52.210+00:00,2026-09-19T05:48:08.937+00:00,2026-09-19T05:48:11.950+00:00,True,31,31.0,,31.0,136727.054585,139740.50124100002,139740.50101100001,4507.758097129033,47.792216999999994,136727.054585,24538.869288510887,116.04300549999999,100.44822186666666,18.00652437194345,0.22183976531282515,27,64,,True,True,,153,56.69694568066818
66,2026-09-19T05:45:52.672+00:00,2026-09-19T05:48:12.052+00:00,2026-09-19T05:48:14.805+00:00,True,28,28.0,,28.0,139379.314952,142132.29619999998,142132.29623299997,5076.153436892857,44.355685,139379.314952,26320.94849226229,113.24508474999999,101.96226844444445,12.564690630362058,0.19699956131434118,27,64,,True,True,,92,56.69694568066818
67,2026-09-19T05:45:53.062+00:00,2026-09-19T05:48:13.873+00:00,2026-09-19T05:48:17.104+00:00,True,33,33.0,,33.0,140811.807366,144042.316422,144042.316621,4364.9186854848485,51.22728,140811.807366,24494.61932603629,111.3227192,100.953408,13.68348705967153,0.22909934260790474,27,64,,True,True,,146,56.69694568066818
68,2026-09-19T05:45:53.681+00:00,2026-09-19T05:48:17.319+00:00,2026-09-19T05:48:26.365+00:00,True,94,94.0,,94.0,143637.815767,152683.103447,152683.103407,1624.2883341170211,44.945494,143637.815767,14805.091587138128,112.56602814999998,97.26115784946236,20.334763173228136,0.6156542399115542,27,64,,True,True,,403,56.69694568066818
69,2026-09-19T05:45:54.047+00:00,2026-09-19T05:48:19.777+00:00,2026-09-19T05:48:28.694+00:00,True,93,93.0,,93.0,145730.718246,154646.905894,154646.906142,1662.8699585161291,44.737874000000005,145730.718246,15101.535720050162,112.5446188,96.91508313043478,20.54274279361617,0.6013699366461637,27,64,,True,True,,308,56.69694568066818
70,2026-09-19T05:45:54.452+00:00,2026-09-19T05:48:21.963+00:00,2026-09-19T05:48:26.784+00:00,True,52,52.0,,52.0,147511.017542,152331.199302,152331.199225,2929.4461389423072,46.143242,147511.017542,20443.002275533552,111.33394469999999,94.51336784313725,21.73451960355675,0.34136145607905866,27,64,,True,True,,240,56.69694568066818
71,2026-09-19T05:45:54.853+00:00,2026-09-19T05:48:23.994+00:00,2026-09-19T05:48:31.816+00:00,True,82,82.0,,82.0,149141.004113,156963.489617,156963.489829,1914.1889003536585,45.946931,149141.004113,16459.217230346323,112.05711805000001,96.5738951111111,21.09293406568454,0.5224144812279896,27,64,,True,True,,457,56.69694568066818
72,2026-09-19T05:45:55.269+00:00,2026-09-19T05:48:26.571+00:00,2026-09-19T05:48:32.342+00:00,True,59,59.0,,59.0,151302.439438,157073.78971,157073.78967600001,2662.267621627119,47.009629999999994,151302.439438,19684.953095470362,111.83201690000001,99.5060391724138,17.7437664866841,0.375619637807999,27,64,,True,True,,203,56.69694568066818
73,2026-09-19T05:45:55.774+00:00,2026-09-19T05:48:29.054+00:00,2026-09-19T05:48:33.729+00:00,True,47,47.0,,47.0,153279.433377,157954.814881,157954.814892,3360.740742382979,51.726648000000004,153279.433377,22343.281740845156,111.6710619,101.63872834782609,13.562496043171281,0.29755344929123473,27,64,,True,True,,262,56.69694568066818
74,2026-09-19T05:45:56.315+00:00,2026-09-19T05:48:32.023+00:00,2026-09-19T05:48:37.773+00:00,True,58,58.0,,58.0,155707.498949,161457.723845,161457.723919,2783.753860672414,44.932674,155707.498949,20432.157507662338,114.14650300000001,100.8811385263158,17.772334752228247,0.3592271624966063,27,64,,True,True,,275,56.69694568066818
75,2026-09-19T05:45:56.873+00:00,2026-09-19T05:48:34.628+00:00,2026-09-19T05:48:35.894+00:00,True,14,14.0,,14.0,157755.03939,159021.229214,159021.229,11358.659214285713,53.083415,157755.03939,42135.780898787096,55286.80557855,97.39921723076924,19.546099715946017,0.08803855981492728,27,64,,True,True,,58,56.69694568066818
76,2026-09-19T05:45:57.498+00:00,2026-09-19T05:48:38.371+00:00,2026-09-19T05:48:40.147+00:00,True,18,18.0,,18.0,160873.421817,162649.562617,162649.562699,9036.08681661111,45.400163,160873.421817,37893.60635979539,24231.371882599997,104.4788705882353,15.817514703309426,0.1106673741409659,27,64,,True,True,,106,56.69694568066818
77,2026-09-19T05:45:57.837+00:00,2026-09-19T05:48:40.254+00:00,2026-09-19T05:48:44.354+00:00,True,41,41.0,,41.0,162417.493147,166517.457819,166517.4578,4061.4014097560976,47.127639,162417.493147,25349.34662729476,111.86287699999998,102.4991168,13.293675951907534,0.24622042959943513,27,64,,True,True,,153,56.69694568066818
78,2026-09-19T05:45:58.403+00:00,2026-09-19T05:48:43.209+00:00,2026-09-19T05:48:51.053+00:00,True,81,81.0,,81.0,164805.819446,172649.853238,172649.85325100002,2131.4796697654324,45.314033,164805.819446,18300.871654995302,112.46787599999999,98.0504224,17.6766822007,0.4691576533710716,27,64,,True,True,,297,56.69694568066818
79,2026-09-19T05:45:58.763+00:00,2026-09-19T05:48:45.271+00:00,2026-09-19T05:48:52.841+00:00,True,77,77.0,,77.0,166508.412041,174077.534857,174077.535004,2260.747207844156,45.269243,166508.412041,18964.05198179998,112.3942032,99.59372126315789,16.540393633751112,0.44233163149543353,27,64,,True,True,,309,56.69694568066818
80,2026-09-19T05:45:59.259+00:00,2026-09-19T05:48:48.233+00:00,2026-09-19T05:48:53.529+00:00,True,53,53.0,,53.0,168974.59056799999,174269.90141599998,174269.90149,3288.1113488679243,44.930364999999995,168974.59056799999,23196.4611836682,110.5290308,101.83290092307693,13.678032790860513,0.3041259538758997,27,64,,True,True,,175,56.69694568066818
81,2026-09-19T05:45:59.753+00:00,2026-09-19T05:48:50.532+00:00,2026-09-19T05:48:55.821+00:00,True,53,53.0,,53.0,170779.139971,176068.068227,176068.068199,3322.0390226226414,47.000949,170779.139971,23444.351696536636,111.3826136,101.71015876923077,13.271446455314159,0.3010199437848575,27,64,,True,True,,224,56.69694568066818
82,2026-09-19T05:46:00.362+00:00,2026-09-19T05:48:53.732+00:00,2026-09-19T05:48:57.367+00:00,True,37,37.0,,37.0,173369.542083,177004.844227,177004.844411,4783.914713810811,47.189889,173369.542083,28485.18025309556,112.946272,100.9806151111111,15.719218327011154,0.20903382707735005,27,64,,True,True,,230,56.69694568066818
83,2026-09-19T05:46:00.834+00:00,2026-09-19T05:48:55.919+00:00,2026-09-19T05:49:01.512+00:00,True,57,57.0,,57.0,175084.93074799998,180677.88972399998,180677.88976999998,3169.787539824561,45.807102,175084.93074799998,23177.342396801763,110.56926739999999,99.87426742857143,16.061457597750152,0.3154785573767332,27,64,,True,True,,190,56.69694568066818
84,2026-09-19T05:46:01.304+00:00,2026-09-19T05:48:58.740+00:00,2026-09-19T05:49:01.207+00:00,True,26,26.0,,26.0,177436.43620300002,179903.25885900002,179903.258701,6919.3561038846165,45.836773,177436.43620300002,34778.800404659894,109.29388,98.67290623999999,16.26592466658657,0.14452211796995637,27,64,,True,True,,124,56.69694568066818
85,2026-09-19T05:46:01.918+00:00,2026-09-19T05:49:02.307+00:00,2026-09-19T05:49:08.091+00:00,True,58,58.0,,58.0,180388.83105500002,186172.31905500003,186172.31903600003,3209.867569586207,43.295418,180388.83105500002,23672.897093788124,113.5577142,101.46470175438596,17.18507096160224,0.3115393324550323,27,64,,True,True,,217,56.69694568066818
86,2026-09-19T05:46:02.459+00:00,2026-09-19T05:49:05.321+00:00,2026-09-19T05:49:12.452+00:00,True,72,72.0,,72.0,182862.236163,189993.37702699998,189993.376984,2638.7969025555553,48.621466,182862.236163,21538.69181017045,113.68839550000001,100.43860371830986,17.99433860275262,0.37896057813514245,27,64,,True,True,,250,56.69694568066818
87,2026-09-19T05:46:03.075+00:00,2026-09-19T05:49:08.422+00:00,2026-09-19T05:49:10.679+00:00,True,23,23.0,,23.0,185346.741262,187604.222734,187604.222781,8156.705338304348,48.336766000000004,185346.741262,38626.07456496829,113.8486201,102.61279418181819,17.211667844652812,0.12259851971781682,27,64,,True,True,,69,56.69694568066818
88,2026-09-19T05:46:03.688+00:00,2026-09-19T05:49:11.942+00:00,2026-09-19T05:49:13.860+00:00,True,20,20.0,,20.0,188254.835196,190172.906236,190172.906362,9508.6453181,48.362806,188254.835196,42072.489464434024,9518.4614344,100.95110736842105,13.19628539957509,0.10516745206165425,27,64,,True,True,,68,56.69694568066818
89,2026-09-19T05:46:04.042+00:00,2026-09-19T05:49:13.603+00:00,2026-09-19T05:49:17.815+00:00,True,43,43.0,,43.0,189560.695405,193772.245869,193772.245877,4506.331299465116,48.304657,189560.695405,28892.44896409329,112.341997,100.27501104761905,18.399945677973765,0.22191000474376607,27,64,,True,True,,214,56.69694568066818
90,2026-09-19T05:46:04.606+00:00,2026-09-19T05:49:16.917+00:00,2026-09-19T05:49:21.435+00:00,True,47,47.0,,47.0,192310.230634,196828.549738,196828.549864,4187.841486468085,48.778275,192310.230634,28037.008887349904,111.10807099999998,98.22432834782609,18.885337305738673,0.2387864975002969,27,64,,True,True,,213,56.69694568066818
91,2026-09-19T05:46:04.987+00:00,2026-09-19T05:49:18.877+00:00,2026-09-19T05:49:18.928+00:00,True,2,2.0,,2.0,193889.65651899998,193940.12563899998,193940.12545999998,96970.06272999999,50.468941,193889.65651899998,137065.00399609498,184197.6971401,50.46912,nan,0.010312461092877699,27,64,,True,True,,3,56.69694568066818
92,2026-09-19T05:46:05.440+00:00,2026-09-19T05:49:21.534+00:00,2026-09-19T05:49:29.901+00:00,True,82,82.0,,82.0,196093.517384,204461.285192,204461.285177,2493.4303070365854,46.881209000000005,196093.517384,21643.501816268774,112.19300199999999,103.30577540740741,12.652500286561658,0.40105392041822313,27,64,,True,True,,340,56.69694568066818
93,2026-09-19T05:46:05.997+00:00,2026-09-19T05:49:24.697+00:00,2026-09-19T05:49:27.628+00:00,True,29,29.0,,29.0,198699.72030000002,201630.66967600002,201630.669804,6952.781717379311,51.20117,198699.72030000002,36878.175485652646,116.71155739999999,104.67676342857143,11.458946263736559,0.1438273257069475,27,64,,True,True,,89,56.69694568066818
94,2026-09-19T05:46:06.450+00:00,2026-09-19T05:49:27.306+00:00,2026-09-19T05:49:27.838+00:00,True,6,6.0,,6.0,200855.195488,201387.994464,201387.994516,33564.66575266667,104.084215,200855.195488,81955.28737178621,150669.24975324998,106.5597952,2.915707200628211,0.029793235768443765,27,64,,True,True,,24,56.69694568066818
95,2026-09-19T05:46:07.355+00:00,2026-09-19T05:49:31.142+00:00,2026-09-19T05:49:32.166+00:00,True,11,11.0,,11.0,203786.45060100002,204810.68176900002,204810.68179200002,18619.15289018182,49.188814,203786.45060100002,61413.047796622464,101950.95751499999,102.4231168,19.55339885706624,0.05370813624069949,27,64,,True,True,,42,56.69694568066818
96,2026-09-19T05:46:07.405+00:00,2026-09-19T05:49:32.163+00:00,2026-09-19T05:49:42.037+00:00,True,99,99.0,,99.0,204757.759495,214631.833607,214631.833591,2167.99831910101,45.697262,204757.759495,20568.809554583444,113.8664131,100.75585828571428,16.77829188451878,0.4612549701330568,27,64,,True,True,,397,56.69694568066818
97,2026-09-19T05:46:07.900+00:00,2026-09-19T05:49:35.583+00:00,2026-09-19T05:49:44.265+00:00,True,89,89.0,,89.0,207683.455611,216365.420155,216365.420243,2431.0721375617977,46.135400999999995,207683.455611,22003.951537763278,112.6256028,98.658688,17.742481823467326,0.411341146548474,27,64,,True,True,,293,56.69694568066818
98,2026-09-19T05:46:08.399+00:00,2026-09-19T05:49:38.784+00:00,2026-09-19T05:49:47.497+00:00,True,91,91.0,,91.0,210385.225961,219097.848297,219097.848385,2407.6686635714286,46.178693,210385.225961,22044.225707245074,112.6164395,96.80691484444444,20.69356961929221,0.4153395421603783,27,64,,True,True,,503,56.69694568066818
99,2026-09-19T05:46:08.944+00:00,2026-09-19T05:49:41.458+00:00,2026-09-19T05:49:50.338+00:00,True,93,93.0,,93.0,212513.444,221393.922464,221393.92258399999,2380.5798127311828,46.679122,212513.444,22026.618060398294,112.11636760000002,96.52693982608696,20.941845374265757,0.42006573154745186,27,64,,True,True,,448,56.69694568066818
100,2026-09-19T05:46:09.385+00:00,2026-09-19T05:49:44.055+00:00,2026-09-19T05:49:52.735+00:00,True,91,91.0,,91.0,214670.71828600002,223350.44769400003,223350.44785000003,2454.400525824176,43.676549,214670.71828600002,22493.50469336307,111.64198199999998,96.44143786666666,19.79862408745592,0.407431464496879,27,64,,True,True,,422,56.69694568066818
101,2026-09-19T05:46:09.988+00:00,2026-09-19T05:49:46.744+00:00,2026-09-19T05:49:48.844+00:00,True,24,24.0,,24.0,216756.686877,218856.373277,218856.373154,9119.015548083333,45.075956,216756.686877,44226.64580833713,114.90863470000001,91.29071304347826,25.467765026415368,0.10966096001976562,27,64,,True,True,,86,56.69694568066818
102,2026-09-19T05:46:10.379+00:00,2026-09-19T05:49:48.942+00:00,2026-09-19T05:49:55.227+00:00,True,66,66.0,,66.0,218563.41784799998,224847.96389599997,224847.963899,3406.78733180303,48.117139,218563.41784799998,26891.401857944977,109.45016825,96.6853238153846,18.136966621230634,0.2935316773894706,27,64,,True,True,,214,56.69694568066818
103,2026-09-19T05:46:10.935+00:00,2026-09-19T05:49:51.815+00:00,2026-09-19T05:50:00.508+00:00,True,88,88.0,,88.0,220880.51351,229573.62480599998,229573.62491299998,2608.791192193182,47.6139,220880.51351,23535.29580102493,111.76506965,99.92081949425288,16.244426630748215,0.3833192949510814,27,64,,True,True,,356,56.69694568066818
104,2026-09-19T05:46:11.373+00:00,2026-09-19T05:49:54.270+00:00,2026-09-19T05:50:01.315+00:00,True,71,71.0,,71.0,222897.157527,229942.115735,229942.115947,3238.6213513661974,49.570815,222897.157527,26441.08689171885,112.635486,100.6422601142857,16.556085621178084,0.30877336138728473,27,64,,True,True,,250,56.69694568066818
105,2026-09-19T05:46:11.712+00:00,2026-09-19T05:49:56.070+00:00,2026-09-19T05:50:02.806+00:00,True,69,69.0,,69.0,224358.66767199998,231094.70683999997,231094.70683199997,3349.1986497391304,47.81408999999999,224358.66767199998,26997.690808064046,112.81248819999999,99.05939952941176,18.950964902058576,0.298578885442723,27,64,,True,True,,273,56.69694568066818
106,2026-09-19T05:46:12.280+00:00,2026-09-19T05:49:59.130+00:00,2026-09-19T05:50:02.383+00:00,True,34,34.0,,34.0,226849.716933,230102.877893,230102.87792199999,6767.731703588235,44.679737,226849.716933,38887.50463896467,114.0075981,98.58063515151515,21.16399407534239,0.14775999462210254,27,64,,True,True,,169,56.69694568066818
107,2026-09-19T05:46:12.641+00:00,2026-09-19T05:50:01.420+00:00,2026-09-19T05:50:04.832+00:00,True,36,36.0,,36.0,228778.85177,232191.647674,232191.64770200002,6449.767991722222,41.714025,228778.85177,38113.56250684293,114.50229375,97.5084544,20.369617093799125,0.1550443366961436,27,64,,True,True,,116,56.69694568066818
108,2026-09-19T05:46:13.227+00:00,2026-09-19T05:50:04.422+00:00,2026-09-19T05:50:09.495+00:00,True,55,55.0,,55.0,231194.764574,236267.564574,236267.564522,4295.7739004000005,44.31928,231194.764574,31161.635856579313,109.85480019999999,93.94074074074075,21.274532015493605,0.23278692570081397,27,64,,True,True,,266,56.69694568066818
109,2026-09-19T05:46:13.700+00:00,2026-09-19T05:50:07.558+00:00,2026-09-19T05:50:08.728+00:00,True,13,13.0,,13.0,233858.193784,235027.92946400002,235027.92951000002,18079.07150076923,51.171892,233858.193784,64833.56077191978,93625.1505112,97.47797333333332,21.631806854872362,0.05531257510393569,27,64,,True,True,,49,56.69694568066818
110,2026-09-19T05:46:14.061+00:00,2026-09-19T05:50:09.495+00:00,2026-09-19T05:50:17.612+00:00,True,82,82.0,,82.0,235433.864625,243550.78878499998,243550.788946,2970.131572512195,47.566019999999995,235433.864625,25988.26077842694,112.21684455,100.20894024691358,17.83552043536857,0.3366854215873116,27,64,,True,True,,424,56.69694568066818
111,2026-09-19T05:46:14.459+00:00,2026-09-19T05:50:11.828+00:00,2026-09-19T05:50:16.235+00:00,True,43,43.0,,43.0,237368.31167199998,241775.938424,241775.938473,5622.696243558139,44.925056,237368.31167199998,36182.32707149108,115.5957133,104.9434940952381,13.968784406560562,0.17785061772603417,27,64,,True,True,,196,56.69694568066818
112,2026-09-19T05:46:14.883+00:00,2026-09-19T05:50:13.982+00:00,2026-09-19T05:50:15.702+00:00,True,18,18.0,,18.0,239098.79712099998,240818.86854499998,240818.86850999997,13378.826028333333,49.149847,239098.79712099998,56332.28154894927,35964.23561149999,101.180672,19.332843069414906,0.07474497371719226,27,64,,True,True,,86,56.69694568066818
113,2026-09-19T05:46:15.506+00:00,2026-09-19T05:50:17.612+00:00,2026-09-19T05:50:24.639+00:00,True,73,73.0,,73.0,242106.515431,249132.866279,249132.86623400002,3412.7789895068495,48.258969,242106.515431,28325.007773438825,113.2982574,97.58820622222223,17.447973141190644,0.2930163373878115,27,64,,True,True,,259,56.69694568066818
114,2026-09-19T05:46:16.004+00:00,2026-09-19T05:50:20.253+00:00,2026-09-19T05:50:21.979+00:00,True,19,19.0,,19.0,244248.875852,245975.645516,245975.645578,12946.086609368422,48.487418,244248.875852,56012.52951275125,24524.288351600004,95.931648,17.703637529624512,0.07724341960823966,27,64,,True,True,,66,56.69694568066818
115,2026-09-19T05:46:16.436+00:00,2026-09-19T05:50:22.184+00:00,2026-09-19T05:50:31.138+00:00,True,92,92.0,,92.0,245748.61286000002,254702.55743600003,254702.55745400002,2768.506059282609,46.163014000000004,245748.61286000002,25610.810937126193,110.95007055,98.39499534065934,16.593743994711883,0.36120563894658636,27,64,,True,True,,458,56.69694568066818
116,2026-09-19T05:46:16.859+00:00,2026-09-19T05:50:24.542+00:00,2026-09-19T05:50:30.714+00:00,True,64,64.0,,64.0,247683.200919,253855.099287,253855.09926699998,3966.4859260468747,45.966423000000006,247683.200919,30948.159307287,111.19644749999999,97.96664076190476,17.77320372061248,0.2521123277797298,27,64,,True,True,,225,56.69694568066818
117,2026-09-19T05:46:17.477+00:00,2026-09-19T05:50:27.777+00:00,2026-09-19T05:50:28.299+00:00,True,6,6.0,,6.0,250300.175589,250822.007781,250822.00791699998,41803.66798616666,99.746082,250300.175589,102142.01142984921,187752.380867,104.3664384,4.347034685021595,0.023921345870250646,27,64,,True,True,,13,56.69694568066818
118,2026-09-19T05:46:17.846+00:00,2026-09-19T05:50:29.776+00:00,2026-09-19T05:50:38.956+00:00,True,92,92.0,,92.0,251929.877697,261109.481153,261109.48101,2838.146532717391,47.88044,251929.877697,26254.99278862583,112.46557754999998,100.87476325274726,15.098764303390327,0.3523426249929683,27,64,,True,True,,356,56.69694568066818
119,2026-09-19T05:46:18.199+00:00,2026-09-19T05:50:31.557+00:00,2026-09-19T05:50:32.383+00:00,True,9,9.0,,9.0,253358.518586,254184.37049,254184.370475,28242.707830555555,95.93913,253358.518586,84418.42913393826,152058.62480720002,103.231488,4.4068454172221,0.03540736978694004,27,64,,True,True,,22,56.69694568066818
120,2026-09-19T05:46:18.631+00:00,2026-09-19T05:50:33.495+00:00,2026-09-19T05:50:33.700+00:00,True,3,3.0,,3.0,254863.949371,255069.572411,255069.572338,85023.19077933334,100.252149,254863.949371,147086.41156066998,229388.09151569998,102.81152,3.6194816229952047,0.011761496958037883,27,64,,True,True,,10,56.69694568066818
121,2026-09-19T05:46:18.986+00:00,2026-09-19T05:50:35.844+00:00,2026-09-19T05:50:42.626+00:00,True,69,69.0,,69.0,256858.74535800001,263640.345358,263640.345393,3820.8745709130435,44.749477,256858.74535800001,30910.159621020786,113.731544,99.72941176470589,20.1152965593291,0.261720185149599,27,64,,True,True,,300,56.69694568066818
122,2026-09-19T05:46:19.493+00:00,2026-09-19T05:50:38.408+00:00,2026-09-19T05:50:48.072+00:00,True,98,98.0,,98.0,258914.852438,268578.980694,268578.980677,2740.601843642857,48.916028,258914.852438,26144.290766523893,113.1751175,99.63018820618557,16.629253516828832,0.36488335664530014,27,64,,True,True,,355,56.69694568066818
123,2026-09-19T05:46:19.936+00:00,2026-09-19T05:50:41.241+00:00,2026-09-19T05:50:44.106+00:00,True,29,29.0,,29.0,261305.64312400002,264170.23269200005,264170.232619,9109.318366172414,48.021169,261305.64312400002,48504.24424052875,114.15808919999999,102.30677028571428,15.417748863429487,0.1097776979051668,27,64,,True,True,,128,56.69694568066818
124,2026-09-19T05:46:20.343+00:00,2026-09-19T05:50:43.051+00:00,2026-09-19T05:50:48.275+00:00,True,54,54.0,,54.0,262708.891734,267931.953238,267931.953311,4961.7028390925925,47.544601,262708.891734,35736.744865397566,110.49284320000001,98.54833026415095,16.227221464634894,0.20154371043618152,27,64,,True,True,,207,56.69694568066818
125,2026-09-19T05:46:20.837+00:00,2026-09-19T05:50:45.579+00:00,2026-09-19T05:50:49.897+00:00,True,47,47.0,,47.0,264741.901128,269059.677,269059.67696,5724.67397787234,48.244889,264741.901128,38602.889398759355,111.46362799999999,93.86469286956522,21.420905406401317,0.17468243671458802,27,64,,True,True,,222,56.69694568066818
126,2026-09-19T05:46:21.371+00:00,2026-09-19T05:50:48.272+00:00,2026-09-19T05:50:57.022+00:00,True,92,92.0,,92.0,266901.33666100004,275651.20034100005,275651.20043300005,2996.208700358696,46.446413,266901.33666100004,27816.370037776327,111.4801615,96.15234813186814,19.41440133961094,0.33375512200269575,27,64,,True,True,,383,56.69694568066818
127,2026-09-19T05:46:21.754+00:00,2026-09-19T05:50:50.532+00:00,2026-09-19T05:50:56.435+00:00,True,62,62.0,,62.0,268777.716289,274680.846145,274680.846123,4430.3362277903225,49.216197,268777.716289,34122.51812853656,110.6782266,96.77262059016392,16.989276116547806,0.22571650288011383,27,64,,True,True,,223,56.69694568066818
129,2026-09-19T05:46:22.857+00:00,2026-09-19T05:50:56.013+00:00,2026-09-19T05:51:01.452+00:00,True,56,56.0,,56.0,273156.90932800004,278595.940368,278595.94051700004,4974.927509232143,47.049302000000004,273156.90932800004,36488.91688254231,109.68576025,98.89147345454545,18.084343314439767,0.20100795412176167,27,64,,True,True,,264,56.69694568066818
128,2026-09-19T05:46:22.821+00:00,2026-09-19T05:50:56.221+00:00,2026-09-19T05:51:01.553+00:00,True,55,55.0,,55.0,273399.895389,278732.091229,278732.09142300003,5067.856207690909,48.512938999999996,273399.895389,36851.92375034209,110.0403764,98.74436740740741,17.47136849616511,0.19732209433614603,27,64,,True,True,,268,56.69694568066818
130,2026-09-19T05:46:23.166+00:00,2026-09-19T05:50:58.429+00:00,2026-09-19T05:50:59.383+00:00,True,10,10.0,,10.0,275263.919334,276217.365222,276217.365146,27621.736514599997,100.57691899999999,275263.919334,87012.59370539842,151446.47862824998,105.938432,4.433188019025586,0.03620337190590045,27,64,,True,True,,39,56.69694568066818
131,2026-09-19T05:46:23.635+00:00,2026-09-19T05:51:00.767+00:00,2026-09-19T05:51:02.976+00:00,True,23,23.0,,23.0,277132.242472,279341.820456,279341.820482,12145.296542695653,47.212682,277132.242472,57765.12729009114,116.7091714,100.43536290909091,16.885706116853328,0.08233640048043864,27,64,,True,True,,96,56.69694568066818
132,2026-09-19T05:46:23.973+00:00,2026-09-19T05:51:02.763+00:00,2026-09-19T05:51:07.051+00:00,True,44,44.0,,44.0,278789.96254000004,283078.29354800005,283078.293599,6433.597581795455,45.55001600000001,278789.96254000004,42014.13760421692,112.26777230000002,99.72862809302326,18.621336004000195,0.15543403010001247,27,64,,True,True,,147,56.69694568066818
133,2026-09-19T05:46:24.327+00:00,2026-09-19T05:51:04.369+00:00,2026-09-19T05:51:11.093+00:00,True,71,71.0,,71.0,280042.471149,286766.014701,286766.01462,4038.957952394366,44.725707,280042.471149,33223.53393189938,111.25614949999999,96.05062217142857,20.469890599407847,0.24758861357413287,27,64,,True,True,,282,56.69694568066818
134,2026-09-19T05:46:24.919+00:00,2026-09-19T05:51:07.614+00:00,2026-09-19T05:51:11.200+00:00,True,37,37.0,,37.0,282695.050831,286281.12596699997,286281.125962,7737.327728702702,44.091249000000005,282695.050831,46458.406611003375,111.1407118,99.61319822222222,16.49530192269206,0.12924358836099115,27,64,,True,True,,164,56.69694568066818
135,2026-09-19T05:46:25.444+00:00,2026-09-19T05:51:10.581+00:00,2026-09-19T05:51:16.939+00:00,True,65,65.0,,65.0,285136.534107,291494.72316299996,291494.72295699996,4484.534199338461,43.701489,285136.534107,35354.51545061089,112.3114582,99.346704,15.997140739632327,0.22298859922638417,27,64,,True,True,,281,56.69694568066818
136,2026-09-19T05:46:25.867+00:00,2026-09-19T05:51:12.656+00:00,2026-09-19T05:51:13.131+00:00,True,6,6.0,,6.0,286789.49037300004,287264.60333300004,287264.603392,47877.43389866667,49.606267,286789.49037300004,117042.52857343756,215119.60413400005,95.022592,25.493868117579645,0.02088666661462895,27,64,,True,True,,22,56.69694568066818
137,2026-09-19T05:46:26.415+00:00,2026-09-19T05:51:15.835+00:00,2026-09-19T05:51:19.477+00:00,True,37,37.0,,37.0,289420.032114,293062.362482,293062.362456,7920.604390702702,43.007881999999995,289420.032114,47563.7298023556,112.83265499999999,101.17584355555556,16.619912246042404,0.1262529916385034,27,64,,True,True,,158,56.69694568066818
138,2026-09-19T05:46:26.844+00:00,2026-09-19T05:51:18.208+00:00,2026-09-19T05:51:26.829+00:00,True,86,86.0,,86.0,291364.331674,299984.880026,299984.879963,3488.196278639535,48.601968,291364.331674,31407.692295399647,114.0853455,101.41821590588236,17.11026654448077,0.2866811153700356,27,64,,True,True,,323,56.69694568066818
139,2026-09-19T05:46:27.345+00:00,2026-09-19T05:51:20.350+00:00,2026-09-19T05:51:27.464+00:00,True,72,72.0,,72.0,293005.239985,300119.500209,300119.50005,4168.326389583333,47.227821000000006,293005.239985,34519.19556649402,115.0719181,100.2008482253521,19.91412468827972,0.23990443789843702,27,64,,True,True,,304,56.69694568066818
140,2026-09-19T05:46:27.897+00:00,2026-09-19T05:51:23.939+00:00,2026-09-19T05:51:27.993+00:00,False,42,41.0,,41.0,296042.174125,300095.85732500005,300095.85719400004,7145.139457,0.037689999999999994,296042.174125,45665.04907326306,117.7001447,98.87032195121951,23.495725203371258,0.13662301227836515,27,64,,True,False,Request timeout: 300.0s exceeded,139,56.69694568066818
141,2026-09-19T05:46:28.235+00:00,2026-09-19T05:51:25.978+00:00,2026-09-19T05:51:27.363+00:00,True,15,15.0,,15.0,297743.228158,299128.07219,299128.072,19941.871466666664,47.618411,297743.228158,76851.43350422509,89404.1977522,98.91743085714285,22.027812215859864,0.05014574489843371,27,64,,True,True,,43,56.69694568066818
142,2026-09-19T05:46:28.628+00:00,2026-09-19T05:51:27.781+00:00,2026-09-19T05:51:29.490+00:00,False,18,17.0,,17.0,299153.081383,300861.64816700004,300861.648153,16714.5360085,0.02402,299153.081383,70487.37310305853,44974.51600505,100.50392847058824,26.305289075117724,0.05650437702370016,27,64,,True,False,Request timeout: 300.0s exceeded,84,56.69694568066818
143,2026-09-19T05:46:29.255+00:00,2026-09-19T05:51:29.489+00:00,2026-09-19T05:51:29.604+00:00,False,3,2.0,,2.0,300234.04835500004,300349.01129900006,300349.011401,100116.33713366668,0.02248,300234.04835500004,173307.0311899963,270222.13757610007,57.481472,81.25921788443617,0.006658919872417968,27,64,,True,False,Request timeout: 300.0s exceeded,10,56.69694568066818
144,2026-09-19T05:46:29.642+00:00,2026-09-19T05:51:29.747+00:00,2026-09-19T05:51:29.747+00:00,False,1,0.0,,0.0,300105.2611,300105.2611,300105.2611,300105.2611,300105.2611,300105.2611,nan,300105.2611,nan,nan,0.0,27,64,,True,False,"HTTPConnectionPool(host='gpu03', port=9002): Read timed out.",0,56.69694568066818
145,2026-09-19T05:46:29.986+00:00,2026-09-19T05:51:30.026+00:00,2026-09-19T05:51:30.026+00:00,False,1,0.0,,0.0,300040.305306,300040.305306,300040.305306,300040.305306,300040.305306,300040.305306,nan,300040.305306,nan,nan,0.0,27,64,,True,False,"HTTPConnectionPool(host='gpu03', port=9002): Read timed out.",0,56.69694568066818
146,2026-09-19T05:46:30.519+00:00,2026-09-19T05:51:30.627+00:00,2026-09-19T05:51:30.627+00:00,False,1,0.0,,0.0,300108.643157,300108.643157,300108.643157,300108.643157,300108.643157,300108.643157,nan,300108.643157,nan,nan,0.0,27,64,,True,False,"HTTPConnectionPool(host='gpu03', port=9002): Read timed out.",0,56.69694568066818
147,2026-09-19T05:46:31.062+00:00,2026-09-19T05:51:30.983+00:00,2026-09-19T05:51:31.096+00:00,False,3,2.0,,2.0,299921.462334,300033.991742,300033.99161599996,100011.33053866666,0.03928,299921.462334,173127.2617386178,269940.5651008,56.264704,79.51455352422472,0.006665911380200565,27,64,,True,False,Request timeout: 300.0s exceeded,9,56.69694568066818
148,2026-09-19T05:46:31.574+00:00,2026-09-19T05:51:31.208+00:00,2026-09-19T05:51:31.633+00:00,False,7,6.0,,6.0,299633.71051099995,300058.56964699994,300058.569766,42865.50996657142,0.03796,299633.71051099995,113224.14153121668,209779.76363059998,70.809856,45.622264254725174,0.01999609611902977,27,64,,True,False,Request timeout: 300.0s exceeded,15,56.69694568066818
149,2026-09-19T05:46:31.945+00:00,2026-09-19T05:51:32.051+00:00,2026-09-19T05:51:32.051+00:00,False,1,0.0,,0.0,300106.026406,300106.026406,300106.026406,300106.026406,300106.026406,300106.026406,nan,300106.026406,nan,nan,0.0,27,64,,True,False,"HTTPConnectionPool(host='gpu03', port=9002): Read timed out.",0,56.69694568066818
150,2026-09-19T05:46:32.478+00:00,2026-09-19T05:51:32.528+00:00,2026-09-19T05:51:32.528+00:00,False,1,0.0,,0.0,300049.975412,300049.975412,300049.975412,300049.975412,300049.975412,300049.975412,nan,300049.975412,nan,nan,0.0,27,64,,True,False,TTFT timeout: 300.0s exceeded (TTFT: 300.042s),0,56.69694568066818
151,2026-09-19T05:46:33.044+00:00,2026-09-19T05:51:32.912+00:00,2026-09-19T05:51:33.139+00:00,True,3,3.0,,3.0,299868.540058,300095.451802,300095.451917,100031.81730566667,110.875395,299868.540058,173063.67853178745,269893.2896986,113.455872,3.6493498134325244,0.009996819285283171,27,64,,True,True,,11,56.69694568066818
152,2026-09-19T05:46:33.588+00:00,2026-09-19T05:51:33.689+00:00,2026-09-19T05:51:33.689+00:00,False,1,0.0,,0.0,300101.17683,300101.17683,300101.17683,300101.17683,300101.17683,300101.17683,nan,300101.17683,nan,nan,0.0,27,64,,True,False,"HTTPConnectionPool(host='gpu03', port=9002): Read timed out.",0,56.69694568066818
153,2026-09-19T05:46:33.988+00:00,2026-09-19T05:51:34.025+00:00,2026-09-19T05:51:34.025+00:00,False,1,0.0,,0.0,300037.080638,300037.080638,300037.080638,300037.080638,300037.080638,300037.080638,nan,300037.080638,nan,nan,0.0,27,64,,True,False,TTFT timeout: 300.0s exceeded (TTFT: 300.026s),0,56.69694568066818
154,2026-09-19T05:46:34.482+00:00,2026-09-19T05:51:34.406+00:00,2026-09-19T05:51:34.549+00:00,False,3,2.0,,2.0,299923.705174,300066.208854,300066.208776,100022.069592,0.032149000000000004,299923.705174,173119.90932156786,269945.58180189994,71.25184,100.71970159936988,0.006665195683440379,27,64,,True,False,Request timeout: 300.0s exceeded,5,56.69694568066818
155,2026-09-19T05:46:35.108+00:00,2026-09-19T05:51:35.218+00:00,2026-09-19T05:51:35.218+00:00,False,1,0.0,,0.0,300110.480705,300110.480705,300110.480705,300110.480705,300110.480705,300110.480705,nan,300110.480705,nan,nan,0.0,27,64,,True,False,"HTTPConnectionPool(host='gpu03', port=9002): Read timed out.",0,56.69694568066818
156,2026-09-19T05:46:35.702+00:00,2026-09-19T05:51:35.752+00:00,2026-09-19T05:51:35.752+00:00,False,1,0.0,,0.0,300050.295294,300050.295294,300050.295294,300050.295294,300050.295294,300050.295294,nan,300050.295294,nan,nan,0.0,27,64,,True,False,TTFT timeout: 300.0s exceeded (TTFT: 300.028s),0,56.69694568066818
157,2026-09-19T05:46:36.294+00:00,2026-09-19T05:51:36.152+00:00,2026-09-19T05:51:36.348+00:00,False,4,3.0,,3.0,299857.791665,300053.46193700004,300053.46183600003,75013.36545900001,0.0578,299857.791665,149896.29128821546,254894.6257202,65.223424,56.706877522437296,0.009998218252952159,27,64,,True,False,Request timeout: 300.0s exceeded,10,56.69694568066818
158,2026-09-19T05:46:36.653+00:00,2026-09-19T05:51:36.773+00:00,2026-09-19T05:51:36.773+00:00,False,1,0.0,,0.0,300120.154471,300120.154471,300120.154471,300120.154471,300120.154471,300120.154471,nan,300120.154471,nan,nan,0.0,27,64,,True,False,"HTTPConnectionPool(host='gpu03', port=9002): Read timed out.",0,56.69694568066818
159,2026-09-19T05:46:37.015+00:00,2026-09-19T05:51:37.033+00:00,2026-09-19T05:51:37.033+00:00,False,1,0.0,,0.0,300018.26637300005,300018.26637300005,300018.26637300005,300018.26637300005,300018.26637300005,300018.26637300005,nan,300018.26637300005,nan,nan,0.0,27,64,,True,False,"HTTPConnectionPool(host='gpu03', port=9002): Read timed out.",0,56.69694568066818
160,2026-09-19T05:46:37.702+00:00,2026-09-19T05:51:37.567+00:00,2026-09-19T05:51:37.998+00:00,False,6,5.0,,5.0,299864.132042,300295.95949800004,300295.959621,50049.326603500005,0.03755,299864.132042,122383.76838132372,224925.91637274998,86.36549120000001,48.46795410610804,0.01665024067709209,27,64,,True,False,Request timeout: 300.0s exceeded,21,56.69694568066818
161,2026-09-19T05:46:38.168+00:00,2026-09-19T05:51:38.177+00:00,2026-09-19T05:51:38.177+00:00,False,1,0.0,,0.0,300008.41842500004,300008.41842500004,300008.41842500004,300008.41842500004,300008.41842500004,300008.41842500004,nan,300008.41842500004,nan,nan,0.0,27,64,,True,False,"HTTPConnectionPool(host='gpu03', port=9002): Read timed out.",0,56.69694568066818
162,2026-09-19T05:46:38.517+00:00,2026-09-19T05:51:38.825+00:00,2026-09-19T05:51:39.423+00:00,False,7,6.0,,6.0,300308.21629400004,300905.62711000006,300905.62713300006,42986.51816185715,0.02341,300308.21629400004,113468.21794575361,210271.07825390005,99.56846933333333,63.010292933853485,0.019939806568677495,27,64,,True,False,Request timeout: 300.0s exceeded,17,56.69694568066818
163,2026-09-19T05:46:39.001+00:00,2026-09-19T05:51:39.361+00:00,2026-09-19T05:51:39.527+00:00,False,5,4.0,,4.0,300359.83202,300525.604564,300525.60471999994,60105.120943999995,0.02219,300359.83202,134306.46869874597,240300.4247152,41.443136,28.25219334568529,0.013310013986339587,27,64,,True,False,Request timeout: 300.0s exceeded,14,56.69694568066818
164,2026-09-19T05:46:39.583+00:00,2026-09-19T05:51:39.635+00:00,2026-09-19T05:51:39.635+00:00,False,1,0.0,,0.0,300052.114417,300052.114417,300052.114417,300052.114417,300052.114417,300052.114417,nan,300052.114417,nan,nan,0.0,27,64,,True,False,"HTTPConnectionPool(host='gpu03', port=9002): Read timed out.",0,56.69694568066818
165,2026-09-19T05:46:40.061+00:00,2026-09-19T05:51:40.073+00:00,2026-09-19T05:51:40.073+00:00,False,1,0.0,,0.0,300012.525411,300012.525411,300012.525411,300012.525411,300012.525411,300012.525411,nan,300012.525411,nan,nan,0.0,27,64,,True,False,"HTTPConnectionPool(host='gpu03', port=9002): Read timed out.",0,56.69694568066818
166,2026-09-19T05:46:40.567+00:00,2026-09-19T05:51:40.672+00:00,2026-09-19T05:51:40.672+00:00,False,1,0.0,,0.0,300104.761395,300104.761395,300104.761395,300104.761395,300104.761395,300104.761395,nan,300104.761395,nan,nan,0.0,27,64,,True,False,"HTTPConnectionPool(host='gpu03', port=9002): Read timed out.",0,56.69694568066818
167,2026-09-19T05:46:41.156+00:00,2026-09-19T05:51:40.953+00:00,2026-09-19T05:51:41.174+00:00,False,4,3.0,,3.0,299796.492403,300017.504627,300017.504635,75004.37615875,0.0259,299796.492403,149861.42087300264,254846.7664561,73.67074133333332,67.19671179329862,0.009999416546477121,27,64,,True,False,Request timeout: 300.0s exceeded,11,56.69694568066818
168,2026-09-19T05:46:41.768+00:00,2026-09-19T05:51:41.724+00:00,2026-09-19T05:51:41.821+00:00,False,3,2.0,,2.0,299955.985037,300052.83726099995,300052.83715499996,100017.61238499999,0.07392900000000001,299955.985037,173151.71665905014,269970.0643522,48.426112,68.38023518719987,0.00666549271207293,27,64,,True,False,Request timeout: 300.0s exceeded,3,56.69694568066818
169,2026-09-19T05:46:42.311+00:00,2026-09-19T05:51:42.364+00:00,2026-09-19T05:51:42.364+00:00,False,1,0.0,,0.0,300053.542661,300053.542661,300053.542661,300053.542661,300053.542661,300053.542661,nan,300053.542661,nan,nan,0.0,27,64,,True,False,"HTTPConnectionPool(host='gpu03', port=9002): Read timed out.",0,56.69694568066818
170,2026-09-19T05:46:42.770+00:00,2026-09-19T05:51:42.684+00:00,2026-09-19T05:51:42.816+00:00,False,3,2.0,,2.0,299914.08410399995,300046.16064799996,300046.16046099993,100015.38682033331,0.02459,299914.08410399995,173117.3626173126,269935.8808703,66.038272,93.35746418557453,0.006665641032302046,27,64,,True,False,Request timeout: 300.0s exceeded,6,56.69694568066818
171,2026-09-19T05:46:43.213+00:00,2026-09-19T05:51:43.033+00:00,2026-09-19T05:51:43.238+00:00,False,4,3.0,,3.0,299820.014592,300024.810496,300024.810362,75006.2025905,0.031,299820.014592,149875.88243745477,254862.5580765,68.26530133333333,59.10599067200378,0.009999173051856646,27,64,,True,False,Request timeout: 300.0s exceeded,13,56.69694568066818
172,2026-09-19T05:46:43.702+00:00,2026-09-19T05:51:43.734+00:00,2026-09-19T05:51:43.734+00:00,False,1,0.0,,0.0,300031.951541,300031.951541,300031.951541,300031.951541,300031.951541,300031.951541,nan,300031.951541,nan,nan,0.0,27,64,,True,False,"HTTPConnectionPool(host='gpu03', port=9002): Read timed out.",0,56.69694568066818
173,2026-09-19T05:46:44.257+00:00,2026-09-19T05:51:44.351+00:00,2026-09-19T05:51:44.351+00:00,False,1,0.0,,0.0,300093.556329,300093.556329,300093.556329,300093.556329,300093.556329,300093.556329,nan,300093.556329,nan,nan,0.0,27,64,,True,False,TTFT timeout: 300.0s exceeded (TTFT: 300.088s),0,56.69694568066818
174,2026-09-19T05:46:44.615+00:00,2026-09-19T05:51:44.480+00:00,2026-09-19T05:51:44.630+00:00,False,3,2.0,,2.0,299865.48020999995,300015.716882,300015.71684599994,100005.23894866665,0.02206,299865.48020999995,173084.06242986882,269893.95364659996,75.118336,106.20187218963794,0.00666631742091907,27,64,,True,False,Request timeout: 300.0s exceeded,3,56.69694568066818
175,2026-09-19T05:46:45.045+00:00,2026-09-19T05:51:44.737+00:00,2026-09-19T05:51:45.098+00:00,False,6,5.0,,5.0,299692.549779,300053.530771,300053.530901,50008.92181683333,0.09264,299692.549779,122319.50434663708,224796.00097075,72.1961984,46.987233249904946,0.016663693265505968,27,64,,True,False,Request timeout: 300.0s exceeded,8,56.69694568066818
176,2026-09-19T05:46:45.512+00:00,2026-09-19T05:51:45.569+00:00,2026-09-19T05:51:45.569+00:00,False,1,0.0,,0.0,300057.616915,300057.616915,300057.616915,300057.616915,300057.616915,300057.616915,nan,300057.616915,nan,nan,0.0,27,64,,True,False,"HTTPConnectionPool(host='gpu03', port=9002): Read timed out.",0,56.69694568066818
177,2026-09-19T05:46:46.123+00:00,2026-09-19T05:51:46.012+00:00,2026-09-19T05:51:46.173+00:00,False,3,2.0,,2.0,299889.252492,300049.656972,300049.656934,100016.55231133333,0.037759999999999995,299889.252492,173094.85444251026,269916.363911,80.20224,113.36987585592271,0.006665563361022724,27,64,,True,False,Request timeout: 300.0s exceeded,10,56.69694568066818
178,2026-09-19T05:46:46.576+00:00,2026-09-19T05:51:46.284+00:00,2026-09-19T05:51:46.683+00:00,False,6,5.0,,5.0,299707.662212,300106.77594,300106.775966,50017.79599433333,0.01909,299707.662212,122322.55980695075,224807.23170074998,79.82274559999999,44.82867633554733,0.016660736780563873,27,64,,True,False,Request timeout: 300.0s exceeded,17,56.69694568066818
179,2026-09-19T05:46:46.993+00:00,2026-09-19T05:51:47.033+00:00,2026-09-19T05:51:47.033+00:00,False,1,0.0,,0.0,300039.488342,300039.488342,300039.488342,300039.488342,300039.488342,300039.488342,nan,300039.488342,nan,nan,0.0,27,64,,True,False,"HTTPConnectionPool(host='gpu03', port=9002): Read timed out.",0,56.69694568066818
180,2026-09-19T05:46:47.508+00:00,2026-09-19T05:51:47.544+00:00,2026-09-19T05:51:47.544+00:00,False,1,0.0,,0.0,300036.105926,300036.105926,300036.105926,300036.105926,300036.105926,300036.105926,nan,300036.105926,nan,nan,0.0,27,64,,True,False,TTFT timeout: 300.0s exceeded (TTFT: 300.027s),0,56.69694568066818
181,2026-09-19T05:46:47.952+00:00,2026-09-19T05:51:47.825+00:00,2026-09-19T05:51:48.067+00:00,False,4,3.0,,3.0,299872.817223,300114.944583,300114.94452799996,75028.73613199999,0.038299999999999994,299872.817223,149896.06541783235,254912.30805225,80.70912,71.46447881127585,0.009996169981366317,27,64,,True,False,Request timeout: 300.0s exceeded,10,56.69694568066818
182,2026-09-19T05:46:48.404+00:00,2026-09-19T05:51:48.164+00:00,2026-09-19T05:51:48.419+00:00,False,5,4.0,,4.0,299760.161615,300015.511631,300015.511499,60003.1022998,0.07801999999999999,299760.161615,134028.27751121818,239829.37841940002,63.837504,49.417119580336525,0.013332643963155298,27,64,,True,False,Request timeout: 300.0s exceeded,26,56.69694568066818
183,2026-09-19T05:46:48.988+00:00,2026-09-19T05:51:49.087+00:00,2026-09-19T05:51:49.087+00:00,False,1,0.0,,0.0,300099.246414,300099.246414,300099.246414,300099.246414,300099.246414,300099.246414,nan,300099.246414,nan,nan,0.0,27,64,,True,False,"HTTPConnectionPool(host='gpu03', port=9002): Read timed out.",0,56.69694568066818
184,2026-09-19T05:46:49.414+00:00,2026-09-19T05:51:49.391+00:00,2026-09-19T05:51:49.523+00:00,False,3,2.0,,2.0,299977.582495,300109.51055899996,300109.51033099997,100036.50344366666,0.039009999999999996,299977.582495,173154.06626831534,269993.01312809996,65.964032,93.23183676640181,0.006664233986702699,27,64,,True,False,Request timeout: 300.0s exceeded,3,56.69694568066818
185,2026-09-19T05:46:49.912+00:00,2026-09-19T05:51:49.652+00:00,2026-09-19T05:51:49.961+00:00,False,6,5.0,,5.0,299740.304104,300049.06365599995,300049.063494,50008.177249,0.041729999999999996,299740.304104,122343.26352873938,224834.42819125002,61.7519104,45.91865145019358,0.016663941353712727,27,64,,True,False,Request timeout: 300.0s exceeded,15,56.69694568066818
186,2026-09-19T05:46:50.530+00:00,2026-09-19T05:51:50.754+00:00,2026-09-19T05:51:51.465+00:00,False,8,7.0,,7.0,300223.591256,300934.71548,300934.71554899996,37616.839443624995,0.036340000000000004,300223.591256,106109.16071754806,195197.40620129998,101.58917485714285,47.96858822022872,0.02326085904989322,27,64,,True,False,Request timeout: 300.0s exceeded,23,56.69694568066818
187,2026-09-19T05:46:51.042+00:00,2026-09-19T05:51:51.254+00:00,2026-09-19T05:51:51.567+00:00,False,5,4.0,,4.0,300211.695619,300524.320771,300524.32076000003,60104.864152,0.02894,300211.695619,134223.80702892362,240192.21240900003,78.156288,52.74768961921817,0.013310070844642242,27,64,,True,False,Request timeout: 300.0s exceeded,11,56.69694568066818
188,2026-09-19T05:46:51.402+00:00,2026-09-19T05:51:51.614+00:00,2026-09-19T05:51:51.614+00:00,False,1,0.0,,0.0,300211.807799,300211.807799,300211.807799,300211.807799,300211.807799,300211.807799,nan,300211.807799,nan,nan,0.0,27,64,,True,False,"HTTPConnectionPool(host='gpu03', port=9002): Read timed out.",0,56.69694568066818
189,2026-09-19T05:46:51.918+00:00,2026-09-19T05:51:51.944+00:00,2026-09-19T05:51:51.944+00:00,False,1,0.0,,0.0,300026.755057,300026.755057,300026.755057,300026.755057,300026.755057,300026.755057,nan,300026.755057,nan,nan,0.0,27,64,,True,False,"HTTPConnectionPool(host='gpu03', port=9002): Read timed out.",0,56.69694568066818
190,2026-09-19T05:46:52.331+00:00,2026-09-19T05:51:52.388+00:00,2026-09-19T05:51:52.388+00:00,False,1,0.0,,0.0,300057.109116,300057.109116,300057.109116,300057.109116,300057.109116,300057.109116,nan,300057.109116,nan,nan,0.0,27,64,,True,False,"HTTPConnectionPool(host='gpu03', port=9002): Read timed out.",0,56.69694568066818
192,2026-09-19T05:46:53.284+00:00,2026-09-19T05:51:52.988+00:00,2026-09-19T05:51:53.372+00:00,False,6,5.0,,5.0,299703.860838,300087.92483800004,300087.92498400004,50014.65416400001,0.03563,299703.860838,122322.23633939745,224804.43834075003,76.8128,43.58891234850404,0.016661783384650377,27,64,,True,False,Request timeout: 300.0s exceeded,16,56.69694568066818
191,2026-09-19T05:46:52.925+00:00,2026-09-19T05:51:52.988+00:00,2026-09-19T05:51:52.988+00:00,False,1,0.0,,0.0,300062.849705,300062.849705,300062.849705,300062.849705,300062.849705,300062.849705,nan,300062.849705,nan,nan,0.0,27,64,,True,False,TTFT timeout: 300.0s exceeded (TTFT: 300.054s),0,56.69694568066818
193,2026-09-19T05:46:53.726+00:00,2026-09-19T05:51:53.473+00:00,2026-09-19T05:51:53.833+00:00,False,6,5.0,,5.0,299747.416851,300107.474451,300107.474266,50017.91237766667,0.04376,299747.416851,122341.97916707011,224836.78320125,72.01152,47.029769616198465,0.016660698002096495,27,64,,True,False,Request timeout: 300.0s exceeded,15,56.69694568066818
194,2026-09-19T05:46:54.295+00:00,2026-09-19T05:51:54.397+00:00,2026-09-19T05:51:54.397+00:00,False,1,0.0,,0.0,300102.002027,300102.002027,300102.002027,300102.002027,300102.002027,300102.002027,nan,300102.002027,nan,nan,0.0,27,64,,True,False,TTFT timeout: 300.0s exceeded (TTFT: 300.094s),0,56.69694568066818
195,2026-09-19T05:46:54.676+00:00,2026-09-19T05:51:54.643+00:00,2026-09-19T05:51:54.779+00:00,False,3,2.0,,2.0,299967.90195599996,300103.60064399993,300103.600711,100034.53357033333,0.04224,299967.90195599996,173147.38936333088,269984.67741189996,67.849344,95.89372610204295,0.006664365224902831,27,64,,True,False,Request timeout: 300.0s exceeded,10,56.69694568066818
196,2026-09-19T05:46:55.666+00:00,2026-09-19T05:51:54.883+00:00,2026-09-19T05:51:55.927+00:00,False,12,11.0,,11.0,299216.98118,300261.713084,300261.713183,25021.809431916667,0.037509999999999995,299216.98118,86349.09281014513,134720.2274433,94.97562763636364,37.99595669919442,0.03663470739248958,27,64,,True,False,Request timeout: 300.0s exceeded,49,56.69694568066818
197,2026-09-19T05:46:55.732+00:00,2026-09-19T05:51:55.928+00:00,2026-09-19T05:51:56.025+00:00,False,3,2.0,,2.0,300195.757248,300292.966592,300292.96649900003,100097.65549966667,0.04433,300195.757248,173290.04616701754,270185.8980153,48.604672,68.67475364684545,0.0066601626494880465,27,64,,True,False,Request timeout: 300.0s exceeded,4,56.69694568066818
198,2026-09-19T05:46:56.150+00:00,2026-09-19T05:51:56.160+00:00,2026-09-19T05:51:56.160+00:00,False,1,0.0,,0.0,300010.20355800004,300010.20355800004,300010.20355800004,300010.20355800004,300010.20355800004,300010.20355800004,nan,300010.20355800004,nan,nan,0.0,27,64,,True,False,"HTTPConnectionPool(host='gpu03', port=9002): Read timed out.",0,56.69694568066818
199,2026-09-19T05:46:56.514+00:00,2026-09-19T05:51:56.591+00:00,2026-09-19T05:51:56.591+00:00,False,1,0.0,,0.0,300076.865733,300076.865733,300076.865733,300076.865733,300076.865733,300076.865733,nan,300076.865733,nan,nan,0.0,27,64,,True,False,"HTTPConnectionPool(host='gpu03', port=9002): Read timed out.",0,56.69694568066818
200,2026-09-19T05:46:57.006+00:00,2026-09-19T05:51:57.106+00:00,2026-09-19T05:51:57.106+00:00,False,1,0.0,,0.0,300100.070732,300100.070732,300100.070732,300100.070732,300100.070732,300100.070732,nan,300100.070732,nan,nan,0.0,27,64,,True,False,TTFT timeout: 300.0s exceeded (TTFT: 300.090s),0,56.69694568066818
201,2026-09-19T05:46:57.352+00:00,2026-09-19T05:51:57.289+00:00,2026-09-19T05:51:57.410+00:00,False,3,2.0,,2.0,299936.53633499995,300058.31886299996,300058.31883599993,100019.43961199999,0.0421,299936.53633499995,173133.2951059215,269955.0567416,60.891264,86.05351499796596,0.006665370943816946,27,64,,True,False,Request timeout: 300.0s exceeded,7,56.69694568066818
202,2026-09-19T05:46:57.778+00:00,2026-09-19T05:51:57.408+00:00,2026-09-19T05:51:57.811+00:00,False,6,5.0,,5.0,299629.98562,300032.881492,300032.88163,50005.48027166667,0.0373,299629.98562,122290.53972350071,224748.3828765,80.5791744,45.06904882811401,0.016664840117310006,27,64,,True,False,Request timeout: 300.0s exceeded,21,56.69694568066818
203,2026-09-19T05:46:58.190+00:00,2026-09-19T05:51:58.295+00:00,2026-09-19T05:51:58.295+00:00,False,1,0.0,,0.0,300105.183186,300105.183186,300105.183186,300105.183186,300105.183186,300105.183186,nan,300105.183186,nan,nan,0.0,27,64,,True,False,"HTTPConnectionPool(host='gpu03', port=9002): Read timed out.",0,56.69694568066818
204,2026-09-19T05:46:58.724+00:00,2026-09-19T05:51:58.795+00:00,2026-09-19T05:51:58.795+00:00,False,1,0.0,,0.0,300070.318902,300070.318902,300070.318902,300070.318902,300070.318902,300070.318902,nan,300070.318902,nan,nan,0.0,27,64,,True,False,TTFT timeout: 300.0s exceeded (TTFT: 300.065s),0,56.69694568066818
205,2026-09-19T05:46:59.330+00:00,2026-09-19T05:51:59.198+00:00,2026-09-19T05:51:59.423+00:00,False,4,3.0,,3.0,299867.473243,300092.608603,300092.60857,75023.1521425,0.05045,299867.473243,149896.22344899044,254904.36990969998,75.04512,64.95365943011174,0.009996913999200744,27,64,,True,False,Request timeout: 300.0s exceeded,10,56.69694568066818
206,2026-09-19T05:46:59.917+00:00,2026-09-19T05:51:59.949+00:00,2026-09-19T05:51:59.949+00:00,False,1,0.0,,0.0,300031.636565,300031.636565,300031.636565,300031.636565,300031.636565,300031.636565,nan,300031.636565,nan,nan,0.0,27,64,,True,False,"HTTPConnectionPool(host='gpu03', port=9002): Read timed out.",0,56.69694568066818
207,2026-09-19T05:47:00.368+00:00,2026-09-19T05:52:00.415+00:00,2026-09-19T05:52:00.415+00:00,False,1,0.0,,0.0,300046.395939,300046.395939,300046.395939,300046.395939,300046.395939,300046.395939,nan,300046.395939,nan,nan,0.0,27,64,,True,False,TTFT timeout: 300.0s exceeded (TTFT: 300.041s),0,56.69694568066818
208,2026-09-19T05:47:00.752+00:00,2026-09-19T05:52:00.800+00:00,2026-09-19T05:52:00.800+00:00,False,1,0.0,,0.0,300047.795422,300047.795422,300047.795422,300047.795422,300047.795422,300047.795422,nan,300047.795422,nan,nan,0.0,27,64,,True,False,TTFT timeout: 300.0s exceeded (TTFT: 300.031s),0,56.69694568066818
209,2026-09-19T05:47:01.334+00:00,2026-09-19T05:52:01.439+00:00,2026-09-19T05:52:01.439+00:00,False,1,0.0,,0.0,300105.505246,300105.505246,300105.505246,300105.505246,300105.505246,300105.505246,nan,300105.505246,nan,nan,0.0,27,64,,True,False,"HTTPConnectionPool(host='gpu03', port=9002): Read timed out.",0,56.69694568066818
210,2026-09-19T05:47:01.679+00:00,2026-09-19T05:52:01.779+00:00,2026-09-19T05:52:01.779+00:00,False,1,0.0,,0.0,300099.631842,300099.631842,300099.631842,300099.631842,300099.631842,300099.631842,nan,300099.631842,nan,nan,0.0,27,64,,True,False,"HTTPConnectionPool(host='gpu03', port=9002): Read timed out.",0,56.69694568066818
211,2026-09-19T05:47:02.066+00:00,2026-09-19T05:52:02.141+00:00,2026-09-19T05:52:02.141+00:00,False,1,0.0,,0.0,300075.755418,300075.755418,300075.755418,300075.755418,300075.755418,300075.755418,nan,300075.755418,nan,nan,0.0,27,64,,True,False,"HTTPConnectionPool(host='gpu03', port=9002): Read timed out.",0,56.69694568066818
212,2026-09-19T05:47:02.604+00:00,2026-09-19T05:52:02.333+00:00,2026-09-19T05:52:02.685+00:00,False,5,4.0,,4.0,299728.299072,300080.918336,300080.918496,60016.1836992,0.02348,299728.299072,134003.15748077567,239810.1412302,88.154816,63.34733048533473,0.013329737932623919,27,64,,True,False,Request timeout: 300.0s exceeded,15,56.69694568066818
213,2026-09-19T05:47:03.198+00:00,2026-09-19T05:52:03.204+00:00,2026-09-19T05:52:03.204+00:00,False,1,0.0,,0.0,300006.570953,300006.570953,300006.570953,300006.570953,300006.570953,300006.570953,nan,300006.570953,nan,nan,0.0,27,64,,True,False,"HTTPConnectionPool(host='gpu03', port=9002): Read timed out.",0,56.69694568066818
214,2026-09-19T05:47:03.548+00:00,2026-09-19T05:52:03.620+00:00,2026-09-19T05:52:03.620+00:00,False,1,0.0,,0.0,300071.744054,300071.744054,300071.744054,300071.744054,300071.744054,300071.744054,nan,300071.744054,nan,nan,0.0,27,64,,True,False,"HTTPConnectionPool(host='gpu03', port=9002): Read timed out.",0,56.69694568066818
215,2026-09-19T05:47:03.986+00:00,2026-09-19T05:52:03.937+00:00,2026-09-19T05:52:05.051+00:00,False,12,11.0,,11.0,299951.007361,301064.840577,301064.840534,25088.736711166668,0.027,299951.007361,86559.1738326539,135057.72268565,101.2575650909091,36.3822941916694,0.03653697980447721,27,64,,True,False,Request timeout: 300.0s exceeded,33,56.69694568066818
216,2026-09-19T05:47:04.397+00:00,2026-09-19T05:52:04.316+00:00,2026-09-19T05:52:05.150+00:00,False,10,9.0,,9.0,299919.045264,300753.35592,300753.356005,30075.335600500002,0.022010000000000002,299919.045264,94813.42081741401,165008.1211125,92.701184,35.29350396257215,0.02992485311583352,27,64,,True,False,Request timeout: 300.0s exceeded,32,56.69694568066818
217,2026-09-19T05:47:04.943+00:00,2026-09-19T05:52:05.280+00:00,2026-09-19T05:52:05.280+00:00,False,1,0.0,,0.0,300337.308487,300337.308487,300337.308487,300337.308487,300337.308487,300337.308487,nan,300337.308487,nan,nan,0.0,27,64,,True,False,"HTTPConnectionPool(host='gpu03', port=9002): Read timed out.",0,56.69694568066818
218,2026-09-19T05:47:05.391+00:00,2026-09-19T05:52:05.405+00:00,2026-09-19T05:52:05.405+00:00,False,1,0.0,,0.0,300014.58446,300014.58446,300014.58446,300014.58446,300014.58446,300014.58446,nan,300014.58446,nan,nan,0.0,27,64,,True,False,"HTTPConnectionPool(host='gpu03', port=9002): Read timed out.",0,56.69694568066818
219,2026-09-19T05:47:05.855+00:00,2026-09-19T05:52:05.967+00:00,2026-09-19T05:52:05.967+00:00,False,1,0.0,,0.0,300112.169568,300112.169568,300112.169568,300112.169568,300112.169568,300112.169568,nan,300112.169568,nan,nan,0.0,27,64,,True,False,"HTTPConnectionPool(host='gpu03', port=9002): Read timed out.",0,56.69694568066818
220,2026-09-19T05:47:06.390+00:00,2026-09-19T05:52:06.344+00:00,2026-09-19T05:52:06.549+00:00,False,3,2.0,,2.0,299953.87090700003,300158.891835,300158.891844,100052.963948,0.037840000000000006,299953.87090700003,173119.29399380265,269978.98212600005,102.510464,144.91810675050772,0.006663137606129682,27,64,,True,False,Request timeout: 300.0s exceeded,4,56.69694568066818
221,2026-09-19T05:47:06.747+00:00,2026-09-19T05:52:06.549+00:00,2026-09-19T05:52:06.842+00:00,False,5,4.0,,4.0,299801.918541,300094.602317,300094.602272,60018.920454399995,0.03555,299801.918541,134042.77755663934,239861.62019719998,73.170944,48.8062196054923,0.013329130111359569,27,64,,True,False,Request timeout: 300.0s exceeded,13,56.69694568066818
222,2026-09-19T05:47:07.179+00:00,2026-09-19T05:52:07.149+00:00,2026-09-19T05:52:07.198+00:00,False,3,2.0,,2.0,299970.18501899997,300019.612475,300019.61236699997,100006.53745566665,0.08242000000000001,299970.18501899997,173173.60037495152,269978.1010099,24.713728,34.83391286202617,0.006666230862379559,27,64,,True,False,Request timeout: 300.0s exceeded,16,56.69694568066818
223,2026-09-19T05:47:07.665+00:00,2026-09-19T05:52:07.787+00:00,2026-09-19T05:52:07.787+00:00,False,1,0.0,,0.0,300121.81958300003,300121.81958300003,300121.81958300003,300121.81958300003,300121.81958300003,300121.81958300003,nan,300121.81958300003,nan,nan,0.0,27,64,,True,False,"HTTPConnectionPool(host='gpu03', port=9002): Read timed out.",0,56.69694568066818
224,2026-09-19T05:47:08.080+00:00,2026-09-19T05:52:08.128+00:00,2026-09-19T05:52:08.128+00:00,False,1,0.0,,0.0,300048.533106,300048.533106,300048.533106,300048.533106,300048.533106,300048.533106,nan,300048.533106,nan,nan,0.0,27,64,,True,False,TTFT timeout: 300.0s exceeded (TTFT: 300.042s),0,56.69694568066818
225,2026-09-19T05:47:08.557+00:00,2026-09-19T05:52:08.385+00:00,2026-09-19T05:52:08.603+00:00,False,4,3.0,,3.0,299828.521694,300046.360286,300046.360368,75011.590092,0.05197,299828.521694,149877.96360285938,254872.63688509996,72.612864,64.32197443172129,0.00999845489590489,27,64,,True,False,Request timeout: 300.0s exceeded,13,56.69694568066818
226,2026-09-19T05:47:09.062+00:00,2026-09-19T05:52:09.166+00:00,2026-09-19T05:52:09.166+00:00,False,1,0.0,,0.0,300103.916681,300103.916681,300103.916681,300103.916681,300103.916681,300103.916681,nan,300103.916681,nan,nan,0.0,27,64,,True,False,"HTTPConnectionPool(host='gpu03', port=9002): Read timed out.",0,56.69694568066818
227,2026-09-19T05:47:09.578+00:00,2026-09-19T05:52:09.599+00:00,2026-09-19T05:52:09.599+00:00,False,1,0.0,,0.0,300021.390336,300021.390336,300021.390336,300021.390336,300021.390336,300021.390336,nan,300021.390336,nan,nan,0.0,27,64,,True,False,TTFT timeout: 300.0s exceeded (TTFT: 300.016s),0,56.69694568066818
228,2026-09-19T05:47:10.041+00:00,2026-09-19T05:52:09.863+00:00,2026-09-19T05:52:10.101+00:00,True,3,3.0,,3.0,299821.970824,300060.01216800004,300060.012139,100020.00404633334,106.857398,299821.970824,173033.57938305716,269852.8921333,119.020672,17.201724440528398,0.009997999994482221,27,64,,True,True,,16,56.69694568066818
229,2026-09-19T05:47:10.594+00:00,2026-09-19T05:52:10.619+00:00,2026-09-19T05:52:10.619+00:00,False,1,0.0,,0.0,300025.67248199997,300025.67248199997,300025.67248199997,300025.67248199997,300025.67248199997,300025.67248199997,nan,300025.67248199997,nan,nan,0.0,27,64,,True,False,"HTTPConnectionPool(host='gpu03', port=9002): Read timed out.",0,56.69694568066818
230,2026-09-19T05:47:11.027+00:00,2026-09-19T05:52:11.124+00:00,2026-09-19T05:52:11.124+00:00,False,1,0.0,,0.0,300097.775097,300097.775097,300097.775097,300097.775097,300097.775097,300097.775097,nan,300097.775097,nan,nan,0.0,27,64,,True,False,"HTTPConnectionPool(host='gpu03', port=9002): Read timed out.",0,56.69694568066818
231,2026-09-19T05:47:11.499+00:00,2026-09-19T05:52:11.506+00:00,2026-09-19T05:52:11.506+00:00,False,1,0.0,,0.0,300007.334627,300007.334627,300007.334627,300007.334627,300007.334627,300007.334627,nan,300007.334627,nan,nan,0.0,27,64,,True,False,TTFT timeout: 300.0s exceeded (TTFT: 300.000s),0,56.69694568066818
232,2026-09-19T05:47:12.002+00:00,2026-09-19T05:52:11.730+00:00,2026-09-19T05:52:12.028+00:00,False,5,4.0,,4.0,299728.942536,300026.548424,300026.548474,60005.309694799995,0.037090000000000005,299728.942536,134009.59161730076,239803.88441159998,74.401472,49.67731113606661,0.01333215350778614,27,64,,True,False,Request timeout: 300.0s exceeded,12,56.69694568066818
233,2026-09-19T05:47:12.614+00:00,2026-09-19T05:52:12.653+00:00,2026-09-19T05:52:12.653+00:00,False,1,0.0,,0.0,300039.08044499997,300039.08044499997,300039.08044499997,300039.08044499997,300039.08044499997,300039.08044499997,nan,300039.08044499997,nan,nan,0.0,27,64,,True,False,"HTTPConnectionPool(host='gpu03', port=9002): Read timed out.",0,56.69694568066818
234,2026-09-19T05:47:13.068+00:00,2026-09-19T05:52:13.097+00:00,2026-09-19T05:52:13.097+00:00,False,1,0.0,,0.0,300028.89951,300028.89951,300028.89951,300028.89951,300028.89951,300028.89951,nan,300028.89951,nan,nan,0.0,27,64,,True,False,TTFT timeout: 300.0s exceeded (TTFT: 300.021s),0,56.69694568066818
235,2026-09-19T05:47:13.656+00:00,2026-09-19T05:52:13.354+00:00,2026-09-19T05:52:13.714+00:00,False,6,5.0,,5.0,299697.94094700005,300058.2763070001,300058.2763520001,50009.712725333346,0.04333,299697.94094700005,122321.75799541188,224802.27257700003,72.067072,46.95855912459052,0.016663429722845992,27,64,,True,False,Request timeout: 300.0s exceeded,16,56.69694568066818
236,2026-09-19T05:47:13.992+00:00,2026-09-19T05:52:14.114+00:00,2026-09-19T05:52:14.114+00:00,False,1,0.0,,0.0,300121.638938,300121.638938,300121.638938,300121.638938,300121.638938,300121.638938,nan,300121.638938,nan,nan,0.0,27,64,,True,False,"HTTPConnectionPool(host='gpu03', port=9002): Read timed out.",0,56.69694568066818
237,2026-09-19T05:47:14.516+00:00,2026-09-19T05:52:14.630+00:00,2026-09-19T05:52:14.630+00:00,False,1,0.0,,0.0,300114.403448,300114.403448,300114.403448,300114.403448,300114.403448,300114.403448,nan,300114.403448,nan,nan,0.0,27,64,,True,False,"HTTPConnectionPool(host='gpu03', port=9002): Read timed out.",0,56.69694568066818
238,2026-09-19T05:47:15.023+00:00,2026-09-19T05:52:14.912+00:00,2026-09-19T05:52:15.138+00:00,False,4,3.0,,3.0,299888.993705,300114.69840899995,300114.698191,75028.67454775,0.029,299888.993705,149906.88888015144,254922.88200994997,75.23490133333333,65.16319737621,0.009996178180888573,27,64,,True,False,Request timeout: 300.0s exceeded,11,56.69694568066818
239,2026-09-19T05:47:15.651+00:00,2026-09-19T05:52:15.732+00:00,2026-09-19T05:52:15.732+00:00,False,1,0.0,,0.0,300081.02460500004,300081.02460500004,300081.02460500004,300081.02460500004,300081.02460500004,300081.02460500004,nan,300081.02460500004,nan,nan,0.0,27,64,,True,False,"HTTPConnectionPool(host='gpu03', port=9002): Read timed out.",0,56.69694568066818
240,2026-09-19T05:47:16.093+00:00,2026-09-19T05:52:16.181+00:00,2026-09-19T05:52:16.181+00:00,False,1,0.0,,0.0,300087.939599,300087.939599,300087.939599,300087.939599,300087.939599,300087.939599,nan,300087.939599,nan,nan,0.0,27,64,,True,False,"HTTPConnectionPool(host='gpu03', port=9002): Read timed out.",0,56.69694568066818
241,2026-09-19T05:47:17.466+00:00,2026-09-19T05:52:16.769+00:00,2026-09-19T05:52:17.866+00:00,False,13,12.0,,12.0,299302.89533499995,300400.3005189999,300400.30070799997,23107.71543907692,0.02603,299302.89533499995,82986.33009557285,119798.37987039998,91.450432,34.30511476291279,0.03994669772056708,27,64,,True,False,Request timeout: 300.0s exceeded,48,56.69694568066818
242,2026-09-19T05:47:17.620+00:00,2026-09-19T05:52:17.867+00:00,2026-09-19T05:52:17.961+00:00,False,3,2.0,,2.0,300246.699028,300340.17154,300340.171609,100113.39053633333,0.05144,300246.699028,173320.53558462346,270231.3712393,46.736256,66.02227731667547,0.006659115861008407,27,64,,True,False,Request timeout: 300.0s exceeded,4,56.69694568066818
243,2026-09-19T05:47:17.773+00:00,2026-09-19T05:52:18.000+00:00,2026-09-19T05:52:18.000+00:00,False,1,0.0,,0.0,300226.95292,300226.95292,300226.95292,300226.95292,300226.95292,300226.95292,nan,300226.95292,nan,nan,0.0,27,64,,True,False,"HTTPConnectionPool(host='gpu03', port=9002): Read timed out.",0,56.69694568066818
244,2026-09-19T05:47:18.283+00:00,2026-09-19T05:52:18.374+00:00,2026-09-19T05:52:18.374+00:00,False,1,0.0,,0.0,300091.193956,300091.193956,300091.193956,300091.193956,300091.193956,300091.193956,nan,300091.193956,nan,nan,0.0,27,64,,True,False,"HTTPConnectionPool(host='gpu03', port=9002): Read timed out.",0,56.69694568066818
245,2026-09-19T05:47:18.879+00:00,2026-09-19T05:52:18.988+00:00,2026-09-19T05:52:18.988+00:00,False,1,0.0,,0.0,300108.71294700005,300108.71294700005,300108.71294700005,300108.71294700005,300108.71294700005,300108.71294700005,nan,300108.71294700005,nan,nan,0.0,27,64,,True,False,"HTTPConnectionPool(host='gpu03', port=9002): Read timed out.",0,56.69694568066818
247,2026-09-19T05:47:19.641+00:00,2026-09-19T05:52:19.396+00:00,2026-09-19T05:52:20.585+00:00,False,16,15.0,,15.0,299754.71917299996,300944.03808499995,300944.03822099994,18809.002388812496,0.023780000000000003,299754.71917299996,74918.86511245623,75020.46276474999,79.28792746666667,34.24154459832394,0.04984315388153108,27,64,,True,False,Request timeout: 300.0s exceeded,70,56.69694568066818
246,2026-09-19T05:47:19.292+00:00,2026-09-19T05:52:19.396+00:00,2026-09-19T05:52:20.583+00:00,False,16,15.0,,15.0,300104.076273,301290.513137,301290.513108,18830.65706925,0.02624,300104.076273,75006.25273164209,75105.33849075,79.09579093333333,34.97490023474456,0.04978583574976137,27,64,,True,False,Request timeout: 300.0s exceeded,55,56.69694568066818
249,2026-09-19T05:47:20.456+00:00,2026-09-19T05:52:20.730+00:00,2026-09-19T05:52:20.730+00:00,False,1,0.0,,0.0,300273.75362699997,300273.75362699997,300273.75362699997,300273.75362699997,300273.75362699997,300273.75362699997,nan,300273.75362699997,nan,nan,0.0,27,64,,True,False,"HTTPConnectionPool(host='gpu03', port=9002): Read timed out.",0,56.69694568066818
248,2026-09-19T05:47:20.106+00:00,2026-09-19T05:52:21.194+00:00,2026-09-19T05:52:21.194+00:00,False,1,0.0,,0.0,301088.340486,301088.340486,301088.340486,301088.340486,301088.340486,301088.340486,nan,301088.340486,nan,nan,0.0,27,64,,True,False,"HTTPConnectionPool(host='gpu03', port=9002): Read timed out.",0,56.69694568066818
0,2026-09-19T05:45:20.797+00:00,2026-09-19T05:45:21.011+00:00,2026-09-19T05:45:22.875+00:00,True,23,23.0,,23.0,213.98838500000002,2077.301025,2077.300903,90.31743056521739,31.864937,213.98838500000002,39.32110746206013,145.58742259999997,84.6960290909091,29.297781270443593,11.072059236094585,28,64,,False,True,,110,56.69694568066818
1,2026-09-19T05:45:21.130+00:00,2026-09-19T05:45:21.293+00:00,2026-09-19T05:45:29.679+00:00,True,88,88.0,,88.0,162.929453,8548.638509,8548.638742,97.14362206818181,42.237012,162.929453,23.088316197282683,111.79030435,96.38746041379311,22.099046903571786,10.294036870006103,28,64,,False,True,,423,56.69694568066818
2,2026-09-19T05:45:21.632+00:00,2026-09-19T05:45:22.049+00:00,2026-09-19T05:45:24.339+00:00,True,24,24.0,,24.0,417.032509,2707.166525,2707.166673,112.798611375,44.368756000000005,417.032509,67.07631207766832,113.38558929999999,99.57104417391305,17.709471978080945,8.865357848645827,28,64,,False,True,,68,56.69694568066818
3,2026-09-19T05:45:22.001+00:00,2026-09-19T05:45:24.493+00:00,2026-09-19T05:45:25.179+00:00,True,9,9.0,,9.0,2492.2533240000002,3178.0742520000003,3178.0741860000003,353.11935400000004,47.820589,2492.2533240000002,802.6383210697612,1540.0558104000002,85.727616,29.143241179106838,2.8319036266494377,28,64,,False,True,,37,56.69694568066818
4,2026-09-19T05:45:22.526+00:00,2026-09-19T05:45:27.719+00:00,2026-09-19T05:45:36.863+00:00,True,93,93.0,,93.0,5192.876763,14336.764379,14336.764439,154.15875740860216,0.0,5192.876763,529.0469462106081,112.5670002,99.3900827826087,30.616155063491252,6.486819308840927,28,64,,False,True,,322,56.69694568066818
5,2026-09-19T05:45:23.056+00:00,2026-09-19T05:45:30.396+00:00,2026-09-19T05:45:38.104+00:00,True,79,79.0,,79.0,7339.895001,15048.299737000001,15048.29963,190.48480544303797,0.0,7339.895001,815.6530704037583,146.0484339,98.82570174358975,40.00647732837557,5.249762523387196,28,64,,False,True,,377,56.69694568066818
6,2026-09-19T05:45:23.364+00:00,2026-09-19T05:45:32.341+00:00,2026-09-19T05:45:37.383+00:00,True,52,52.0,,52.0,8977.353396,14019.560884,14019.560917,269.60694071153847,0.0,8977.353396,1232.0758223045425,242.92570205000004,98.86681349019608,46.247687245438456,3.70910333285443,28,64,,False,True,,255,56.69694568066818
7,2026-09-19T05:45:23.902+00:00,2026-09-19T05:45:34.915+00:00,2026-09-19T05:45:38.514+00:00,True,38,38.0,,38.0,11013.296192,14612.592703999999,14612.592686,384.54191278947366,0.0,11013.296192,1771.4181778970794,246.33506230000003,97.27828410810811,46.97968910202502,2.600496761235124,28,64,,False,True,,156,56.69694568066818
8,2026-09-19T05:45:24.245+00:00,2026-09-19T05:45:37.124+00:00,2026-09-19T05:45:39.700+00:00,True,29,29.0,,29.0,12878.674055,15454.839942999999,15454.840014,532.9255177241379,0.0,12878.674055,2375.0388649557904,233.9616412,92.00592457142857,55.00162616353025,1.8764348325156899,28,64,,False,True,,125,56.69694568066818
9,2026-09-19T05:45:24.677+00:00,2026-09-19T05:45:39.390+00:00,2026-09-19T05:45:39.600+00:00,True,5,5.0,,5.0,14712.474863,14922.371823,14922.371914,2984.4743828,0.0,14712.474863,6556.314529818019,11790.5823104,52.47424,53.37532104295912,0.3350673779816591,28,64,,False,True,,23,56.69694568066818
10,2026-09-19T05:45:25.088+00:00,2026-09-19T05:45:41.485+00:00,2026-09-19T05:45:48.893+00:00,True,77,77.0,,77.0,16396.738849,23804.258337,23804.258311,309.14621183116884,0.0,16396.738849,1858.0354649426213,124.2480648,97.46736168421053,45.96228759260954,3.2347153568030107,28,64,,False,True,,270,56.69694568066818
11,2026-09-19T05:45:25.534+00:00,2026-09-19T05:45:43.948+00:00,2026-09-19T05:45:50.430+00:00,True,68,68.0,,68.0,18414.271098,24895.592826,24895.592917,366.1116605441177,0.0,18414.271098,2222.046377416801,117.1771656,96.73614519402986,56.94836015869726,2.7314071400213216,28,64,,False,True,,336,56.69694568066818
12,2026-09-19T05:45:26.091+00:00,2026-09-19T05:45:47.426+00:00,2026-09-19T05:45:53.177+00:00,True,59,59.0,,59.0,21335.005783,27085.786455,27085.786584,459.0811285423729,0.0,21335.005783,2765.499581612921,144.2822291,99.15139089655173,68.2107362040927,2.1782642382572828,28,64,,False,True,,179,56.69694568066818
13,2026-09-19T05:45:26.559+00:00,2026-09-19T05:45:49.945+00:00,2026-09-19T05:45:51.555+00:00,True,18,18.0,,18.0,23386.341904,24995.907856,24995.907873,1388.6615485,48.177447,23386.341904,5489.936874745798,3606.7857326,94.68035011764705,21.49318455883009,0.7201178730413383,28,64,,False,True,,61,56.69694568066818
14,2026-09-19T05:45:26.885+00:00,2026-09-19T05:45:51.557+00:00,2026-09-19T05:45:51.767+00:00,True,3,3.0,,3.0,24672.080467,24881.284947,24881.285039,8293.761679666666,101.504523,24672.080467,14184.040479382898,22215.6424252,104.60224,4.380848950142883,0.12057255107163256,28,64,,False,True,,12,56.69694568066818
15,2026-09-19T05:45:27.396+00:00,2026-09-19T05:45:54.292+00:00,2026-09-19T05:45:54.633+00:00,True,5,5.0,,5.0,26895.813965999998,27236.688973999997,27236.689101999997,5447.337820399999,33.116423000000005,26895.813965999998,11990.102055719295,21538.730987199997,85.218752,35.48716626761188,0.18357591132949289,28,64,,False,True,,15,56.69694568066818
16,2026-09-19T05:45:27.706+00:00,2026-09-19T05:45:55.721+00:00,2026-09-19T05:46:03.421+00:00,True,81,81.0,,81.0,28015.160468,35714.591636,35714.591691,440.9208850740741,0.0,28015.160468,3102.6535843255942,115.269792,96.2428896,58.873289566301025,2.267980572913865,28,64,,False,True,,199,56.69694568066818
17,2026-09-19T05:45:28.231+00:00,2026-09-19T05:45:59.017+00:00,2026-09-19T05:45:59.666+00:00,True,3,3.0,,3.0,30785.718092,31434.855756,31434.85574,10478.285246666666,110.32875299999999,30785.718092,17588.057606905157,27761.027172299997,324.568832,302.9811136028119,0.09543546257333747,28,64,,False,True,,11,56.69694568066818
18,2026-09-19T05:45:28.677+00:00,2026-09-19T05:46:01.450+00:00,2026-09-19T05:46:01.815+00:00,True,5,5.0,,5.0,32772.620603999996,33138.3207,33138.320631999995,6627.664126399999,48.733937,32772.620603999996,14615.496079906801,26240.052809999994,91.425024,28.671287692485294,0.1508827211030039,28,64,,False,True,,16,56.69694568066818
19,2026-09-19T05:45:29.147+00:00,2026-09-19T05:46:03.988+00:00,2026-09-19T05:46:08.354+00:00,True,45,45.0,,45.0,34841.531675,39207.478811,39207.478764,871.2773058666667,0.0,34841.531675,5180.336524727192,485.6523304,99.22607127272727,115.54193628504498,1.1477402109154455,28,64,,False,True,,199,56.69694568066818
20,2026-09-19T05:45:29.658+00:00,2026-09-19T05:46:07.349+00:00,2026-09-19T05:46:15.621+00:00,True,90,90.0,,90.0,37691.205755999996,45963.141756,45963.141726999995,510.7015747444444,0.0,37691.205755999996,3963.9328430238074,108.34872150000001,92.94310112359551,76.39588490446383,1.9580906909665603,28,64,,False,True,,409,56.69694568066818
21,2026-09-19T05:45:30.150+00:00,2026-09-19T05:46:08.953+00:00,2026-09-19T05:46:10.653+00:00,True,18,18.0,,18.0,38802.411866999995,40502.91746699999,40502.917356,2250.162075333333,91.780096,38802.411866999995,9122.24015491573,5912.683379999999,100.0297411764706,4.830318267331825,0.44441243065183184,28,64,,False,True,,90,56.69694568066818
22,2026-09-19T05:45:30.506+00:00,2026-09-19T05:46:10.753+00:00,2026-09-19T05:46:14.762+00:00,True,42,42.0,,42.0,40247.090832,44255.61512,44255.615104000004,1053.7051215238096,0.0,40247.090832,6196.098867102339,107.46807554999998,97.76888507317074,108.3313006773004,0.9490321145941852,28,64,,False,True,,178,56.69694568066818
23,2026-09-19T05:45:30.917+00:00,2026-09-19T05:46:13.177+00:00,2026-09-19T05:46:13.271+00:00,True,2,2.0,,2.0,42259.406995,42353.591443,42353.591564999995,21176.795782499998,94.18457000000001,42259.406995,29815.31470695658,40151.14587375,94.184448,nan,0.047221497206243426,28,64,,False,True,,5,56.69694568066818
24,2026-09-19T05:45:31.414+00:00,2026-09-19T05:46:15.824+00:00,2026-09-19T05:46:23.750+00:00,True,81,81.0,,81.0,44409.902785,52335.918016999996,52335.917892,646.1224431111111,0.0,44409.902785,4924.894256034557,114.28599400000002,99.07519040000001,121.03712508083188,1.547694261781922,28,64,,False,True,,385,56.69694568066818
25,2026-09-19T05:45:31.955+00:00,2026-09-19T05:46:18.710+00:00,2026-09-19T05:46:28.070+00:00,True,92,92.0,,92.0,46755.493771,56115.442315,56115.442478000004,609.9504617173914,0.0,46755.493771,4865.277975870486,119.65628350000001,102.85657740659342,117.53582668272774,1.639477409508146,28,64,,False,True,,278,56.69694568066818
26,2026-09-19T05:45:32.333+00:00,2026-09-19T05:46:21.012+00:00,2026-09-19T05:46:25.398+00:00,True,45,45.0,,45.0,48678.640542,53064.704158,53064.703995,1179.2156443333333,0.016190000000000003,48678.640542,7242.998787668292,115.11514599999998,99.683264,137.48996745013912,0.8480213112281307,28,64,,False,True,,182,56.69694568066818
27,2026-09-19T05:45:32.647+00:00,2026-09-19T05:46:23.027+00:00,2026-09-19T05:46:24.023+00:00,True,11,11.0,,11.0,50380.121417999995,51376.061257999994,51376.061348999996,4670.551031727272,56.285539,50380.121417999995,15160.157310155242,25246.535832499998,99.593984,16.293532833400782,0.21410749930323125,28,64,,False,True,,44,56.69694568066818
28,2026-09-19T05:45:33.113+00:00,2026-09-19T05:46:25.396+00:00,2026-09-19T05:46:29.779+00:00,True,43,43.0,,43.0,52282.654827,56666.204011,56666.203888,1317.8186950697675,0.0,52282.654827,7957.977090071752,116.8696849,104.37021866666667,118.63538784230435,0.7588297248859809,28,64,,False,True,,195,56.69694568066818
29,2026-09-19T05:45:33.485+00:00,2026-09-19T05:46:27.467+00:00,2026-09-19T05:46:31.402+00:00,True,40,40.0,,40.0,53982.528429,57917.165741,57917.165898,1447.9291474499998,0.0,53982.528429,8520.311659182404,153.85708705,100.8881362051282,123.79301473093668,0.6906415306798015,28,64,,False,True,,172,56.69694568066818
30,2026-09-19T05:45:33.858+00:00,2026-09-19T05:46:29.394+00:00,2026-09-19T05:46:33.133+00:00,True,41,41.0,,41.0,55535.776059,59274.179643,59274.179768,1445.7117016585366,0.0,55535.776059,8658.691717197113,116.484796,93.46008959999999,31.724528421772632,0.6917008425411739,28,64,,False,True,,165,56.69694568066818
31,2026-09-19T05:45:34.409+00:00,2026-09-19T05:46:32.422+00:00,2026-09-19T05:46:38.254+00:00,True,58,58.0,,58.0,58013.225588,63845.194868,63845.194907000005,1100.7792225344829,0.01644,58013.225588,7604.590773393582,113.04042354999997,102.3152505263158,89.34973958999524,0.9084473799463696,28,64,,False,True,,194,56.69694568066818
32,2026-09-19T05:45:34.750+00:00,2026-09-19T05:46:34.401+00:00,2026-09-19T05:46:41.796+00:00,True,75,75.0,,75.0,59651.389670000004,67046.13015000001,67046.130023,893.9484003066667,0.0,59651.389670000004,6877.581765579603,114.9010096,99.92892540540541,127.79651332705963,1.118632795542488,28,64,,False,True,,248,56.69694568066818
33,2026-09-19T05:45:35.239+00:00,2026-09-19T05:46:37.717+00:00,2026-09-19T05:46:39.365+00:00,True,17,17.0,,17.0,62477.812681999996,64126.36257,64126.36251499999,3772.138971470588,0.0,62477.812681999996,15129.59591229397,13220.140268399999,103.034368,219.29823734530808,0.26510157942364015,28,64,,False,True,,95,56.69694568066818
34,2026-09-19T05:45:35.682+00:00,2026-09-19T05:46:39.506+00:00,2026-09-19T05:46:45.686+00:00,True,63,63.0,,63.0,63824.088676,70003.971172,70003.971238,1111.1741466349206,44.490756000000005,63824.088676,8028.539927733122,111.32439099999999,99.67552412903225,17.38364705054544,0.89994894497069,28,64,,False,True,,210,56.69694568066818
35,2026-09-19T05:45:36.067+00:00,2026-09-19T05:46:41.325+00:00,2026-09-19T05:46:49.231+00:00,True,82,82.0,,82.0,65257.789288,73163.1594,73163.159521,892.2336526951219,44.393254999999996,65257.789288,7195.763374625089,111.90064405000001,97.59716187654321,18.669040947110627,1.1207826544461665,28,64,,False,True,,164,56.69694568066818
36,2026-09-19T05:45:36.463+00:00,2026-09-19T05:46:43.767+00:00,2026-09-19T05:46:51.715+00:00,True,83,83.0,,83.0,67303.808632,75251.656824,75251.656905,906.6464687349397,0.0,67303.808632,7377.7100153464235,110.9371962,96.92497795121952,109.05109755948435,1.1029657485697886,28,64,,False,True,,325,56.69694568066818
37,2026-09-19T05:45:36.854+00:00,2026-09-19T05:46:45.179+00:00,2026-09-19T05:46:53.118+00:00,True,82,82.0,,82.0,68325.47680799999,76263.919816,76263.919753,930.0478018658536,0.0,68325.47680799999,7535.287367627985,113.29289415,98.0054692345679,112.09994985163497,1.0752135504946414,28,64,,False,True,,386,56.69694568066818
38,2026-09-19T05:45:37.309+00:00,2026-09-19T05:46:47.664+00:00,2026-09-19T05:46:56.025+00:00,True,85,85.0,,85.0,70355.044689,78715.58382500001,78715.58384400001,926.065692282353,0.0,70355.044689,7621.683048915269,114.53046299999998,99.53022780952381,147.09116093175075,1.0798370013868088,28,64,,False,True,,359,56.69694568066818
39,2026-09-19T05:45:37.647+00:00,2026-09-19T05:46:49.633+00:00,2026-09-19T05:46:49.845+00:00,True,3,3.0,,3.0,71985.46893799999,72197.64967399999,72197.64975099999,24065.88325033333,105.993532,71985.46893799999,41499.578544457596,64797.54077229999,106.090368,0.13703163733970342,0.04155259919881253,28,64,,False,True,,7,56.69694568066818
40,2026-09-19T05:45:38.069+00:00,2026-09-19T05:46:52.034+00:00,2026-09-19T05:46:53.008+00:00,True,10,10.0,,10.0,73964.503008,74938.44528,74938.445173,7493.8445173,9.851786,73964.503008,23355.486326114424,40796.0290935,108.215808,63.86416887354548,0.13344285383338286,28,64,,False,True,,38,56.69694568066818
41,2026-09-19T05:45:38.572+00:00,2026-09-19T05:46:54.614+00:00,2026-09-19T05:46:58.463+00:00,True,39,39.0,,39.0,76041.688347,79891.046939,79891.046996,2048.4883845128206,0.01702,76041.688347,12160.881246687546,190.1237362,101.29891031578947,130.98606258283252,0.4881648381673863,28,64,,False,True,,73,56.69694568066818
42,2026-09-19T05:45:39.020+00:00,2026-09-19T05:46:57.135+00:00,2026-09-19T05:47:03.612+00:00,True,65,65.0,,65.0,78115.540104,84591.964552,84591.964491,1301.414838323077,48.053387,78115.540104,9676.503364260601,115.18343639999999,101.194132,16.981216726176815,0.7683944963832053,28,64,,False,True,,382,56.69694568066818
43,2026-09-19T05:45:39.431+00:00,2026-09-19T05:46:59.917+00:00,2026-09-19T05:47:07.076+00:00,True,75,75.0,,75.0,80486.103166,87645.657982,87645.658011,1168.60877348,0.0,80486.103166,9283.525157454538,114.02362339999999,96.75074075675676,134.577052963184,0.8557183747243123,28,64,,False,True,,337,56.69694568066818
44,2026-09-19T05:45:39.977+00:00,2026-09-19T05:47:02.886+00:00,2026-09-19T05:47:10.498+00:00,True,80,80.0,,80.0,82909.014493,90520.536797,90520.536857,1131.5067107124999,0.0,82909.014493,9259.656199532348,112.44388929999997,96.34838359493672,131.2638055349818,0.8837773485524816,28,64,,False,True,,470,56.69694568066818
45,2026-09-19T05:45:40.408+00:00,2026-09-19T05:47:05.454+00:00,2026-09-19T05:47:08.841+00:00,True,36,36.0,,36.0,85045.389325,88432.407309,88432.407459,2456.45576275,44.354776,85045.389325,14158.116634184022,115.39407225,96.7719424,20.011066615741303,0.4070905802010909,28,64,,False,True,,161,56.69694568066818
46,2026-09-19T05:45:40.820+00:00,2026-09-19T05:47:07.580+00:00,2026-09-19T05:47:17.561+00:00,True,93,93.0,,93.0,86759.585968,96741.032112,96741.03223,1040.2261530107526,43.960987,86759.585968,8985.859935412962,111.08927920000001,108.49397982608696,100.89245306807676,0.9613294169978578,28,64,,False,True,,379,56.69694568066818
47,2026-09-19T05:45:41.351+00:00,2026-09-19T05:47:10.813+00:00,2026-09-19T05:47:11.178+00:00,True,5,5.0,,5.0,89462.20656800001,89827.015016,89827.014932,17965.4029864,49.604794,89462.20656800001,39967.93552489377,71591.44263740002,91.202112,27.853777345499694,0.055662542043831684,28,64,,False,True,,16,56.69694568066818
48,2026-09-19T05:45:41.711+00:00,2026-09-19T05:47:12.826+00:00,2026-09-19T05:47:16.506+00:00,True,40,40.0,,40.0,91114.784675,94794.734499,94794.734381,2369.868359525,45.248044,91114.784675,14391.606111100826,111.67799935,94.3576877948718,19.57143252215143,0.4219643655462948,28,64,,False,True,,128,56.69694568066818
49,2026-09-19T05:45:42.056+00:00,2026-09-19T05:47:15.093+00:00,2026-09-19T05:47:17.459+00:00,True,19,19.0,,19.0,93036.6508,95403.379248,95403.379237,5021.230486157895,0.0185,93036.6508,21314.866198572585,10159.3735231,131.48491377777776,208.0942374904158,0.19915437115293072,28,64,,False,True,,77,56.69694568066818
50,2026-09-19T05:45:42.595+00:00,2026-09-19T05:47:17.895+00:00,2026-09-19T05:47:23.725+00:00,True,60,60.0,,60.0,95299.925231,101130.158319,101130.158232,1685.5026372,0.0,95299.925231,12291.545150662927,113.14369855,98.8175099661017,168.4677225812979,0.5932948291323639,28,64,,False,True,,207,56.69694568066818
51,2026-09-19T05:45:43.104+00:00,2026-09-19T05:47:20.566+00:00,2026-09-19T05:47:29.709+00:00,True,93,93.0,,93.0,97462.24193799999,106605.37461,106605.37452699999,1146.294349752688,43.776095999999995,97462.24193799999,10096.073824116651,112.440599,99.38187686956522,17.81656021017209,0.8723762787779392,28,64,,False,True,,381,56.69694568066818
52,2026-09-19T05:45:43.645+00:00,2026-09-19T05:47:23.252+00:00,2026-09-19T05:47:28.739+00:00,True,57,57.0,,57.0,99607.031368,105094.10644,105094.106344,1843.7562516491228,47.012229,99607.031368,13180.30964940041,112.8788746,97.98348342857143,19.573787649447027,0.5423710418294698,28,64,,False,True,,213,56.69694568066818
53,2026-09-19T05:45:44.004+00:00,2026-09-19T05:47:25.341+00:00,2026-09-19T05:47:33.039+00:00,True,80,80.0,,80.0,101337.085903,109034.739407,109034.739481,1362.9342435125,46.7292,101337.085903,11318.950081545694,110.26250645,97.43865194936708,17.539971653459556,0.7337111129452015,28,64,,False,True,,322,56.69694568066818
54,2026-09-19T05:45:44.401+00:00,2026-09-19T05:47:27.556+00:00,2026-09-19T05:47:30.273+00:00,True,29,29.0,,29.0,103154.303104,105871.82144,105871.821635,3650.752470172414,47.738188,103154.303104,19137.257785934566,107.9994082,97.05422628571428,16.79360821794611,0.2739161337319106,28,64,,True,True,,118,56.69694568066818
55,2026-09-19T05:45:44.858+00:00,2026-09-19T05:47:30.013+00:00,2026-09-19T05:47:36.347+00:00,True,65,65.0,,65.0,105155.516852,111489.53618,111489.536192,1715.223633723077,46.54011,105155.516852,13030.671412366615,111.92629000000001,98.969052,16.58470125401066,0.583014354773684,28,64,,True,True,,262,56.69694568066818
56,2026-09-19T05:45:45.167+00:00,2026-09-19T05:47:31.857+00:00,2026-09-19T05:47:33.613+00:00,True,19,19.0,,19.0,106689.911541,108445.841397,108445.84133699999,5707.675859842105,43.246148,106689.911541,24453.972017651864,10771.216548899998,97.55165866666667,19.772362547353058,0.1752026611185997,28,64,,True,True,,73,56.69694568066818
57,2026-09-19T05:45:45.489+00:00,2026-09-19T05:47:33.719+00:00,2026-09-19T05:47:40.332+00:00,True,70,70.0,,70.0,108230.013526,114843.574614,114843.574587,1640.6224941,42.872228,108230.013526,12924.523023861602,111.881748,95.84871142028986,21.89710962483662,0.6095247403720805,28,64,,True,True,,287,56.69694568066818
58,2026-09-19T05:45:46.010+00:00,2026-09-19T05:47:36.440+00:00,2026-09-19T05:47:37.648+00:00,True,13,13.0,,13.0,110429.891448,111637.32184799999,111637.321709,8587.486285307692,49.584503,110429.891448,30599.8385339462,44238.284496600005,100.6192,16.439680036874684,0.11644851188476353,28,64,,True,True,,44,56.69694568066818
59,2026-09-19T05:45:46.406+00:00,2026-09-19T05:47:38.376+00:00,2026-09-19T05:47:45.842+00:00,True,77,77.0,,77.0,111969.828222,119435.30022199999,119435.300341,1551.1077966363637,47.116738,111969.828222,12748.965137336905,111.56857679999999,98.22989473684211,18.539514468932115,0.6447005186647204,28,64,,True,True,,115,56.69694568066818
60,2026-09-19T05:45:46.736+00:00,2026-09-19T05:47:40.217+00:00,2026-09-19T05:47:43.548+00:00,True,33,33.0,,33.0,113480.51058599999,116812.116858,116812.11674099999,3539.761113363636,48.726355000000005,113480.51058599999,19736.300716577764,116.86665560000002,104.112696,11.294130826521979,0.2825049394500376,28,64,,True,True,,96,56.69694568066818
61,2026-09-19T05:45:47.247+00:00,2026-09-19T05:47:43.132+00:00,2026-09-19T05:47:43.761+00:00,True,7,7.0,,7.0,115885.464274,116514.099922,116514.09979,16644.871398571428,99.474295,115885.464274,43760.98841653735,81153.79689370001,104.772608,5.5948544163405005,0.06007856563871779,28,64,,True,True,,20,56.69694568066818
62,2026-09-19T05:45:47.586+00:00,2026-09-19T05:47:45.006+00:00,2026-09-19T05:47:52.685+00:00,True,77,77.0,,77.0,117420.14382099999,125098.96263699999,125098.962548,1624.661851272727,47.725156999999996,117420.14382099999,13369.760348473537,111.6546206,101.03708968421053,14.07911011130723,0.615512697922453,28,64,,True,True,,361,56.69694568066818
63,2026-09-19T05:45:48.002+00:00,2026-09-19T05:47:47.173+00:00,2026-09-19T05:47:52.883+00:00,True,58,58.0,,58.0,119171.00216599999,124881.16997399999,124881.17002899999,2153.123621189655,47.709767,119171.00216599999,15634.773149648394,113.31445039999998,100.17838259649123,15.977949729735496,0.46444151678011575,28,64,,True,True,,257,56.69694568066818
64,2026-09-19T05:45:48.434+00:00,2026-09-19T05:47:49.586+00:00,2026-09-19T05:47:52.578+00:00,True,30,30.0,,30.0,121152.099006,124144.351422,124144.35134400001,4138.1450448000005,50.90088,121152.099006,22100.410262404337,114.16066839999999,103.18111779310344,10.977424609848164,0.24165416836422898,28,64,,True,True,,60,56.69694568066818
65,2026-09-19T05:45:48.831+00:00,2026-09-19T05:47:51.654+00:00,2026-09-19T05:47:54.052+00:00,True,25,25.0,,25.0,122823.12713,125220.84053799999,125220.84058199999,5008.833623279999,49.751983,122823.12713,24544.64705469965,111.0079322,99.90472533333333,11.48290328224212,0.19964727830119783,28,64,,True,True,,109,56.69694568066818
66,2026-09-19T05:45:49.347+00:00,2026-09-19T05:47:54.006+00:00,2026-09-19T05:47:57.535+00:00,True,38,38.0,,38.0,124659.26816200001,128187.63091400001,128187.63089500001,3373.3587077631582,44.618134,124659.26816200001,20206.942519191387,109.50498695,95.36115545945945,18.79310934791159,0.296440457858948,28,64,,True,True,,128,56.69694568066818
67,2026-09-19T05:45:49.692+00:00,2026-09-19T05:47:55.693+00:00,2026-09-19T05:47:59.747+00:00,True,42,42.0,,42.0,126001.247454,130054.86819,130054.868037,3096.5444770714284,48.269306,126001.247454,19427.16539248072,110.82846205000001,98.86879843902439,16.20915155523153,0.3229406217892688,28,64,,True,True,,219,56.69694568066818
68,2026-09-19T05:45:50.138+00:00,2026-09-19T05:47:58.215+00:00,2026-09-19T05:48:06.349+00:00,True,83,83.0,,83.0,128076.870023,136210.348679,136210.348907,1641.0885410481926,50.508540999999994,128076.870023,14047.385555056579,110.3731871,99.18876409756098,16.92926622950372,0.6093516447535267,28,64,,True,True,,373,56.69694568066818
69,2026-09-19T05:45:50.626+00:00,2026-09-19T05:48:01.096+00:00,2026-09-19T05:48:02.643+00:00,True,17,17.0,,17.0,130469.78172900001,132017.285089,132017.28511700002,7765.722653941177,43.159088000000004,130469.78172900001,31620.118230550208,26180.3313578,96.71896,20.05830592393493,0.12877101652665693,28,64,,True,True,,42,56.69694568066818
70,2026-09-19T05:45:51.065+00:00,2026-09-19T05:48:03.274+00:00,2026-09-19T05:48:03.901+00:00,True,8,8.0,,8.0,132209.097042,132835.27304200002,132835.272984,16604.409123,51.043330000000005,132209.097042,46711.354331356,85975.9575993,89.45371428571428,26.546937242742445,0.06022496748638858,28,64,,True,True,,15,56.69694568066818
71,2026-09-19T05:45:51.571+00:00,2026-09-19T05:48:05.923+00:00,2026-09-19T05:48:10.836+00:00,True,49,49.0,,49.0,134351.34160100002,139264.82716900003,139264.827194,2842.1393304897965,49.499203,134351.34160100002,19178.430245172065,112.8549112,102.36428266666667,13.874366445633855,0.3518476344392238,28,64,,True,True,,181,56.69694568066818
72,2026-09-19T05:45:52.226+00:00,2026-09-19T05:48:08.623+00:00,2026-09-19T05:48:14.594+00:00,True,60,60.0,,60.0,136397.385722,142368.829178,142368.82911700002,2372.8138186166666,50.60053,136397.385722,17595.766097882726,113.56680725000002,101.21090603389831,14.146909298105678,0.42144056635447613,28,64,,True,True,,233,56.69694568066818
73,2026-09-19T05:45:52.293+00:00,2026-09-19T05:48:10.152+00:00,2026-09-19T05:48:17.212+00:00,True,71,71.0,,71.0,137859.34797,144918.921218,144918.921397,2041.111568971831,46.775019,137859.34797,16348.932504237146,110.0317555,100.8510464,14.978671071879154,0.4899291231487671,28,64,,True,True,,248,56.69694568066818
74,2026-09-19T05:45:52.642+00:00,2026-09-19T05:48:11.849+00:00,2026-09-19T05:48:20.464+00:00,True,86,86.0,,86.0,139206.88145800002,147821.67109000002,147821.671123,1718.8566409651164,44.466525999999995,139206.88145800002,15000.142891131278,112.8840485,101.35046625882353,15.305221384239182,0.5817820848990376,28,64,,True,True,,375,56.69694568066818
75,2026-09-19T05:45:53.076+00:00,2026-09-19T05:48:14.075+00:00,2026-09-19T05:48:20.044+00:00,True,60,60.0,,60.0,140999.027463,146967.369991,146967.369946,2449.456165766667,46.7615,140999.027463,18189.843739497544,115.04920105,101.1583479322034,16.155557317851404,0.40825388658499007,28,64,,True,True,,217,56.69694568066818
76,2026-09-19T05:45:53.395+00:00,2026-09-19T05:48:16.052+00:00,2026-09-19T05:48:25.726+00:00,True,100,100.0,,100.0,142657.370361,152330.757881,152330.758049,1523.3075804900002,44.377935,142657.370361,14255.97947774438,111.96332394999999,97.71098505050506,19.748436828741326,0.6564662409027038,28,64,,True,True,,296,56.69694568066818
77,2026-09-19T05:45:53.839+00:00,2026-09-19T05:48:18.718+00:00,2026-09-19T05:48:24.354+00:00,True,59,59.0,,59.0,144879.274982,150514.609126,150514.608931,2551.0950666271187,45.228313,144879.274982,18849.036159067455,111.8302087,97.16093351724138,19.974514569428205,0.3919885275097081,28,64,,True,True,,271,56.69694568066818
78,2026-09-19T05:45:54.360+00:00,2026-09-19T05:48:21.547+00:00,2026-09-19T05:48:26.470+00:00,True,53,53.0,,53.0,147187.219368,152109.82877599998,152109.82895,2869.9967726415093,49.232304,147187.219368,20204.72730765963,112.601292,94.66556553846154,21.448181891704287,0.34843244796527173,28,64,,True,True,,245,56.69694568066818
79,2026-09-19T05:45:54.891+00:00,2026-09-19T05:48:24.303+00:00,2026-09-19T05:48:28.692+00:00,True,46,46.0,,46.0,149411.896962,153801.050498,153801.050383,3343.5010952826087,46.231422,149411.896962,22015.210565624002,113.09802074999999,97.53674524444445,20.368243533380465,0.2990876840636285,28,64,,True,True,,257,56.69694568066818
80,2026-09-19T05:45:55.393+00:00,2026-09-19T05:48:26.992+00:00,2026-09-19T05:48:27.843+00:00,True,9,9.0,,9.0,151599.16747400002,152450.46168200002,152450.46170500002,16938.940189444445,99.47305499999999,151599.16747400002,50497.58547872057,91005.11744480002,106.411776,5.339637564035115,0.05903557064178205,28,64,,True,True,,35,56.69694568066818
81,2026-09-19T05:45:55.851+00:00,2026-09-19T05:48:29.463+00:00,2026-09-19T05:48:33.200+00:00,True,38,38.0,,38.0,153611.86687,157348.848374,157348.848329,4140.7591665526315,48.741465,153611.86687,24902.75586963217,113.25932125,100.99950010810811,15.684275228186548,0.2415016086401751,28,64,,True,True,,168,56.69694568066818
82,2026-09-19T05:45:56.239+00:00,2026-09-19T05:48:31.710+00:00,2026-09-19T05:48:37.019+00:00,True,53,53.0,,53.0,155471.0859,160779.897164,160779.897016,3033.5829625660376,43.548017,155471.0859,21341.578107179983,112.66958860000001,102.0925243076923,15.55064171146761,0.3296432012637657,28,64,,True,True,,239,56.69694568066818
83,2026-09-19T05:45:56.694+00:00,2026-09-19T05:48:33.832+00:00,2026-09-19T05:48:39.338+00:00,True,56,56.0,,56.0,157138.59097,162643.97081,162643.97076,2904.3566207142853,48.498326,157138.59097,20985.15949423454,114.14146349999999,100.09781527272726,18.653631757229288,0.3443103345368945,28,64,,True,True,,265,56.69694568066818
84,2026-09-19T05:45:57.142+00:00,2026-09-19T05:48:36.262+00:00,2026-09-19T05:48:36.698+00:00,True,5,5.0,,5.0,159119.36016299998,159555.94614699998,159555.94616499997,31911.189232999994,108.450185,159119.36016299998,71111.52937913845,127317.63305819998,109.146496,1.0590883363497117,0.03133697064096543,28,64,,True,True,,25,56.69694568066818
85,2026-09-19T05:45:57.570+00:00,2026-09-19T05:48:38.799+00:00,2026-09-19T05:48:39.125+00:00,True,4,4.0,,4.0,161229.22905899998,161554.70259499998,161554.70273299998,40388.675683249996,102.808059,161229.22905899998,80560.36901799736,137061.60175919998,108.49117866666667,4.936450942833053,0.02475941545339948,28,64,,True,True,,22,56.69694568066818
86,2026-09-19T05:45:58.093+00:00,2026-09-19T05:48:41.539+00:00,2026-09-19T05:48:48.027+00:00,True,67,67.0,,67.0,163445.758132,169933.78501199998,169933.784938,2536.325148328358,44.468076,163445.758132,19956.075688072273,114.61775229999999,98.30343757575758,17.90525977648592,0.3942712156694959,28,64,,True,True,,280,56.69694568066818
87,2026-09-19T05:45:58.437+00:00,2026-09-19T05:48:43.322+00:00,2026-09-19T05:48:47.924+00:00,True,49,49.0,,49.0,164885.168717,169486.529869,169486.53010099998,3458.9087775714283,44.538186,164885.168717,23541.337756644756,112.39617919999999,95.86169066666668,19.835149430566446,0.28910852111889496,28,64,,True,True,,186,56.69694568066818
88,2026-09-19T05:45:58.811+00:00,2026-09-19T05:48:45.480+00:00,2026-09-19T05:48:46.140+00:00,True,8,8.0,,8.0,166668.631824,167329.451536,167329.451609,20916.181451125,52.392407,166668.631824,58892.886004694985,108371.75446010001,94.402816,18.745488666618286,0.04780987403331591,28,64,,True,True,,34,56.69694568066818
89,2026-09-19T05:45:59.243+00:00,2026-09-19T05:48:47.923+00:00,2026-09-19T05:48:55.299+00:00,True,73,73.0,,73.0,168680.73536000002,176056.322944,176056.32289900002,2411.730450671233,44.076696000000005,168680.73536000002,19730.60051838556,110.6966642,102.43871644444445,11.468540437263428,0.4146400355255621,28,64,,True,True,,348,56.69694568066818
90,2026-09-19T05:45:59.726+00:00,2026-09-19T05:48:50.318+00:00,2026-09-19T05:48:56.822+00:00,True,65,65.0,,65.0,170592.117372,177096.07871600002,177096.07883100002,2724.5550589384616,49.739222999999996,170592.117372,21146.747430666535,111.39447340000001,101.624396,13.725342460623683,0.36703240676625704,28,64,,True,True,,224,56.69694568066818
91,2026-09-19T05:46:00.096+00:00,2026-09-19T05:48:52.631+00:00,2026-09-19T05:48:54.261+00:00,True,17,17.0,,17.0,172534.32562400002,174164.31116,174164.31129,10244.95948764706,50.061853,172534.32562400002,41821.014686946415,34597.27219920001,101.874096,14.265654908534973,0.09760897560914511,28,64,,True,True,,63,56.69694568066818
92,2026-09-19T05:46:00.436+00:00,2026-09-19T05:48:54.049+00:00,2026-09-19T05:49:03.884+00:00,True,100,100.0,,100.0,173613.613618,183447.92965,183447.929642,1834.47929642,45.898612,173613.613618,17351.43603298653,110.77362145000001,99.33652557575758,17.082286215393488,0.5451138107188772,28,64,,True,True,,354,56.69694568066818
93,2026-09-19T05:46:00.950+00:00,2026-09-19T05:48:57.039+00:00,2026-09-19T05:49:01.308+00:00,True,44,44.0,,44.0,176088.916362,180358.367114,180358.36715799998,4099.053799045454,46.088581,176088.916362,26531.439556454858,113.88684225000002,99.28955237209303,16.5651679167967,0.24395874005772464,28,64,,True,True,,172,56.69694568066818
94,2026-09-19T05:46:01.425+00:00,2026-09-19T05:48:59.396+00:00,2026-09-19T05:49:06.327+00:00,True,70,70.0,,70.0,177971.157503,184902.557439,184902.557236,2641.4651033714285,46.050722,177971.157503,21259.62140553815,110.60021339999999,100.45507153623188,16.321440827236323,0.3785777815598535,28,64,,True,True,,303,56.69694568066818
95,2026-09-19T05:46:01.856+00:00,2026-09-19T05:49:01.781+00:00,2026-09-19T05:49:03.462+00:00,True,18,18.0,,18.0,179924.95935699999,181606.109821,181606.109962,10089.22833122222,49.157144,179924.95935699999,42385.41433288682,27084.24852315,98.89120376470588,17.98961899806666,0.09911560804722756,28,64,,True,True,,69,56.69694568066818
96,2026-09-19T05:46:02.282+00:00,2026-09-19T05:49:04.632+00:00,2026-09-19T05:49:13.653+00:00,True,91,91.0,,91.0,182349.530283,191370.735275,191370.735428,2102.9751145934065,46.053512000000005,182349.530283,19104.926027438712,113.58509750000002,100.23561102222222,18.457388717916743,0.475516801820471,28,64,,True,True,,418,56.69694568066818
97,2026-09-19T05:46:02.816+00:00,2026-09-19T05:49:07.345+00:00,2026-09-19T05:49:09.768+00:00,True,25,25.0,,25.0,184529.73003099998,186952.746735,186952.746739,7478.109869559999,44.579445,184529.73003099998,36885.75964643739,115.33862280000001,100.95902933333333,20.4752861016701,0.1337236303643977,28,64,,True,True,,117,56.69694568066818
98,2026-09-19T05:46:03.317+00:00,2026-09-19T05:49:10.141+00:00,2026-09-19T05:49:19.612+00:00,True,96,96.0,,96.0,186824.33348,196295.475624,196295.475518,2044.7445366458333,46.66677,186824.33348,19057.512193191993,112.24408575000001,99.69623309473684,18.314081003950395,0.489058648421862,28,64,,True,True,,343,56.69694568066818
99,2026-09-19T05:46:03.643+00:00,2026-09-19T05:49:11.737+00:00,2026-09-19T05:49:12.458+00:00,True,8,8.0,,8.0,188094.238236,188815.5167,188815.516609,23601.939576125,98.374438,188094.238236,66464.92568223753,122298.94770335002,103.03978057142857,3.1016798095444376,0.04236939918826067,28,64,,True,True,,34,56.69694568066818
100,2026-09-19T05:46:04.146+00:00,2026-09-19T05:49:14.292+00:00,2026-09-19T05:49:20.698+00:00,True,66,66.0,,66.0,190146.40393399997,196552.60246199998,196552.60255499996,2978.0697356818177,49.344694000000004,190146.40393399997,23393.280593973483,113.7520075,98.55690043076923,19.184413949728985,0.33578797315980563,28,64,,True,True,,365,56.69694568066818
101,2026-09-19T05:46:04.546+00:00,2026-09-19T05:49:16.705+00:00,2026-09-19T05:49:25.120+00:00,True,85,85.0,,85.0,192159.052881,200574.58798500002,200574.58806200002,2359.7010360235295,45.100544,192159.052881,20831.715329383464,110.76423919999998,100.18494171428571,16.239395113018503,0.42378249834099985,28,64,,True,True,,330,56.69694568066818
102,2026-09-19T05:46:04.927+00:00,2026-09-19T05:49:18.667+00:00,2026-09-19T05:49:23.637+00:00,True,52,52.0,,52.0,193740.279331,198710.402595,198710.402539,3821.3538949807694,45.845862000000004,193740.279331,26853.435060306972,112.02991809999999,97.45339733333333,19.12146440050554,0.26168735668048226,28,64,,True,True,,236,56.69694568066818
103,2026-09-19T05:46:05.471+00:00,2026-09-19T05:49:21.849+00:00,2026-09-19T05:49:25.662+00:00,True,38,38.0,,38.0,196377.47243599998,200190.41681999998,200190.41691399997,5268.168866157895,50.837540000000004,196377.47243599998,31839.917840313246,113.52138804999998,103.05255091891893,12.830689181480977,0.1898192760853656,28,64,,True,True,,180,56.69694568066818
104,2026-09-19T05:46:05.838+00:00,2026-09-19T05:49:23.853+00:00,2026-09-19T05:49:29.802+00:00,True,58,58.0,,58.0,198014.427035,203963.605147,203963.605299,3516.6138844655175,50.827421,198014.427035,25986.865533995046,112.40519054999999,104.37154582456141,10.592653413657386,0.2843644578560887,28,64,,True,True,,196,56.69694568066818
105,2026-09-19T05:46:06.199+00:00,2026-09-19T05:49:25.655+00:00,2026-09-19T05:49:27.934+00:00,True,23,23.0,,23.0,199456.553514,201734.994474,201734.994484,8771.086716695652,48.417206,199456.553514,41567.97338105506,113.71868650000002,103.56549818181819,12.845268246104053,0.11401095808870326,28,64,,True,True,,109,56.69694568066818
106,2026-09-19T05:46:06.595+00:00,2026-09-19T05:49:28.034+00:00,2026-09-19T05:49:32.050+00:00,True,40,40.0,,40.0,201439.635721,205454.993929,205454.994084,5136.3748521,52.356267,201439.635721,31834.127493204647,112.84835985,102.95790276923077,15.277623340617492,0.19468984050990254,28,64,,True,True,,245,56.69694568066818
107,2026-09-19T05:46:07.337+00:00,2026-09-19T05:49:31.839+00:00,2026-09-19T05:49:40.375+00:00,True,84,84.0,,84.0,204501.29193,213037.688986,213037.68913,2536.1629658333336,45.924264,204501.29193,22301.703082421023,114.3333898,102.84815730120482,14.251642389654586,0.3942964289549731,28,64,,True,True,,364,56.69694568066818
108,2026-09-19T05:46:07.426+00:00,2026-09-19T05:49:32.531+00:00,2026-09-19T05:49:33.848+00:00,True,13,13.0,,13.0,205104.837027,206421.955491,206421.955489,15878.611960692308,104.301034,205104.837027,56855.40485555002,82111.803453,109.759872,3.414065531843337,0.06297779695516352,28,64,,True,True,,56,56.69694568066818
109,2026-09-19T05:46:07.798+00:00,2026-09-19T05:49:34.815+00:00,2026-09-19T05:49:38.167+00:00,True,34,34.0,,34.0,207016.57767199998,210368.715656,210368.715714,6187.3151680588235,48.936445,207016.57767199998,35485.6332831954,113.91791409999998,101.57993890909091,16.95438168650993,0.16162098957526377,28,64,,True,True,,140,56.69694568066818
110,2026-09-19T05:46:08.338+00:00,2026-09-19T05:49:38.266+00:00,2026-09-19T05:49:45.677+00:00,True,77,77.0,,77.0,209927.79928900002,217338.777593,217338.77757300003,2822.581526922078,43.271921,209927.79928900002,23912.387577506808,110.55768699999999,97.51287242105263,18.65206580949655,0.3542856035759723,28,64,,True,True,,285,56.69694568066818
111,2026-09-19T05:46:08.778+00:00,2026-09-19T05:49:40.634+00:00,2026-09-19T05:49:43.844+00:00,True,34,34.0,,34.0,211855.92602,215066.38950800002,215066.38963800002,6325.482048176471,48.436978,211855.92602,36316.312501499364,112.05978580000001,97.28677236363636,20.25903317343067,0.1580907183022909,28,64,,True,True,,160,56.69694568066818
112,2026-09-19T05:46:09.165+00:00,2026-09-19T05:49:42.779+00:00,2026-09-19T05:49:46.210+00:00,True,36,36.0,,36.0,213614.90788999997,217045.36395399997,217045.36378199997,6029.037882833332,50.264184,213614.90788999997,35586.154339369685,112.70865574999999,98.0130304,19.509894428158717,0.16586394357462408,28,64,,True,True,,163,56.69694568066818
113,2026-09-19T05:46:09.574+00:00,2026-09-19T05:49:44.792+00:00,2026-09-19T05:49:48.945+00:00,True,44,44.0,,44.0,215218.13319999998,219370.96136,219370.961208,4985.703663818182,44.618858,215218.13319999998,32430.801863819204,111.739789,96.57739906976745,21.705485739629285,0.2005734930786648,28,64,,True,True,,192,56.69694568066818
114,2026-09-19T05:46:09.956+00:00,2026-09-19T05:49:46.637+00:00,2026-09-19T05:49:55.651+00:00,True,95,95.0,,95.0,216681.051203,225695.821635,225695.821476,2375.7454892210526,43.545660000000005,216681.051203,22221.176491818882,113.9573354,95.90181310638297,20.13571840209522,0.4209205084604357,28,64,,True,True,,324,56.69694568066818
115,2026-09-19T05:46:10.513+00:00,2026-09-19T05:49:49.460+00:00,2026-09-19T05:49:54.067+00:00,True,48,48.0,,48.0,218946.896949,223553.84043699998,223553.84052199998,4657.371677541666,47.55433,218946.896949,31588.117787174844,108.62431665,98.02007421276596,14.580754882879994,0.21471337690361417,28,64,,True,True,,213,56.69694568066818
116,2026-09-19T05:46:10.925+00:00,2026-09-19T05:49:51.713+00:00,2026-09-19T05:49:56.179+00:00,True,46,46.0,,46.0,220788.63658000002,225254.39555600003,225254.395419,4896.83468302174,46.010714,220788.63658000002,32538.880281113547,110.0513795,99.23908835555555,15.928101351172543,0.20421355102286579,28,64,,True,True,,166,56.69694568066818
117,2026-09-19T05:46:11.234+00:00,2026-09-19T05:49:53.388+00:00,2026-09-19T05:50:02.489+00:00,True,93,93.0,,93.0,222154.044324,231254.961572,231254.961381,2486.612487967742,45.166046,222154.044324,23026.051324250264,113.15705120000001,98.92301356521739,19.163039391276612,0.4021535337785388,28,64,,True,True,,396,56.69694568066818
118,2026-09-19T05:46:11.542+00:00,2026-09-19T05:49:55.124+00:00,2026-09-19T05:50:03.388+00:00,True,84,84.0,,84.0,223581.491556,231845.512804,231845.512809,2760.0656286785716,44.449777000000005,223581.491556,24383.883782755704,111.40608035000001,99.56652106024097,18.17136130333717,0.36231022539139157,28,64,,True,True,,359,56.69694568066818
119,2026-09-19T05:46:12.088+00:00,2026-09-19T05:49:57.705+00:00,2026-09-19T05:50:06.525+00:00,True,91,91.0,,91.0,225617.568704,234436.961984,234436.96183800002,2576.2303498681317,46.910523,225617.568704,23640.88259670186,112.7911905,97.99325866666668,18.891412916052854,0.38816404729818427,28,64,,True,True,,317,56.69694568066818
120,2026-09-19T05:46:12.405+00:00,2026-09-19T05:49:59.757+00:00,2026-09-19T05:50:02.807+00:00,True,32,32.0,,32.0,227351.912758,230401.885494,230401.885556,7200.058923625,43.91503,227351.912758,40173.132710717895,113.3294137,98.38621729032259,20.966381874431228,0.13888775229156416,28,64,,True,True,,87,56.69694568066818
121,2026-09-19T05:46:12.789+00:00,2026-09-19T05:50:02.223+00:00,2026-09-19T05:50:02.487+00:00,True,4,4.0,,4.0,229433.91047600002,229697.67777200002,229697.67767900001,57424.419419750004,49.858864999999994,229433.91047600002,114672.99722690615,195035.35520315001,87.922432,33.12409470803995,0.017414194339267268,28,64,,True,True,,14,56.69694568066818
122,2026-09-19T05:46:13.248+00:00,2026-09-19T05:50:04.420+00:00,2026-09-19T05:50:09.193+00:00,True,52,52.0,,52.0,231171.86062700002,235945.199251,235945.199385,4537.407680480769,42.393313,231171.86062700002,32044.796957819413,110.20705865,93.59487498039216,21.572904312556883,0.22039015909233256,28,64,,True,True,,172,56.69694568066818
123,2026-09-19T05:46:13.575+00:00,2026-09-19T05:50:06.520+00:00,2026-09-19T05:50:13.211+00:00,True,70,70.0,,70.0,232945.012184,239636.755416,239636.755306,3423.382218657143,47.762589999999996,232945.012184,27830.669343150203,111.58373195,96.9817859710145,19.288253805976268,0.2921087788827834,28,64,,True,True,,340,56.69694568066818
124,2026-09-19T05:46:14.015+00:00,2026-09-19T05:50:09.394+00:00,2026-09-19T05:50:13.871+00:00,True,45,45.0,,45.0,235378.773782,239856.628758,239856.628703,5330.1473045111115,47.932349,235378.773782,35073.028129386956,115.08369199999999,101.76943127272726,14.943568534239011,0.18761207573463448,28,64,,True,True,,221,56.69694568066818
125,2026-09-19T05:46:14.342+00:00,2026-09-19T05:50:11.087+00:00,2026-09-19T05:50:18.405+00:00,True,73,73.0,,73.0,236744.508855,244062.625975,244062.625956,3343.3236432328767,47.140422,236744.508855,27696.958214308896,112.65734560000001,101.64051555555555,17.461825528584008,0.299103558803295,28,64,,True,True,,293,56.69694568066818
126,2026-09-19T05:46:14.661+00:00,2026-09-19T05:50:12.462+00:00,2026-09-19T05:50:19.415+00:00,True,71,71.0,,71.0,237800.866082,244753.455138,244753.454964,3447.231760056338,43.855819000000004,237800.866082,28209.99067593686,115.953788,99.32270079999999,20.71184661291827,0.29008783536873006,28,64,,True,True,,248,56.69694568066818
127,2026-09-19T05:46:15.199+00:00,2026-09-19T05:50:15.330+00:00,2026-09-19T05:50:16.231+00:00,True,10,10.0,,10.0,240131.181231,241032.02833499998,241032.02837699998,24103.2028377,44.271997999999996,240131.181231,75904.49715086765,132124.2812694,100.09412266666668,21.479540034011528,0.04148826224082317,28,64,,True,True,,49,56.69694568066818
128,2026-09-19T05:46:15.553+00:00,2026-09-19T05:50:18.040+00:00,2026-09-19T05:50:21.380+00:00,True,36,36.0,,36.0,242487.095806,245826.716414,245826.716536,6828.5199037777775,44.351968,242487.095806,40398.61898823013,113.425481,95.41773165714287,22.29531710988489,0.14644461971078818,28,64,,True,True,,108,56.69694568066818
129,2026-09-19T05:46:16.038+00:00,2026-09-19T05:50:20.353+00:00,2026-09-19T05:50:26.383+00:00,True,64,64.0,,64.0,244315.53342,250345.701484,250345.701446,3911.65158509375,46.130324,244315.53342,30527.482237359876,108.1795588,95.7169533968254,17.924876981166914,0.25564649051539773,28,64,,True,True,,278,56.69694568066818
130,2026-09-19T05:46:16.379+00:00,2026-09-19T05:50:21.983+00:00,2026-09-19T05:50:22.593+00:00,True,7,7.0,,7.0,245604.086262,246213.57848599998,246213.578479,35173.368354142855,95.04128200000001,245604.086262,92791.22470367052,171954.50812649998,101.58203733333333,3.990637576666799,0.028430600956470112,28,64,,True,True,,21,56.69694568066818
131,2026-09-19T05:46:16.773+00:00,2026-09-19T05:50:24.079+00:00,2026-09-19T05:50:32.483+00:00,True,86,86.0,,86.0,247305.752634,255709.84249,255709.842474,2973.3702613255814,46.409413,247305.752634,26657.008415124077,110.87643274999999,98.87164536470587,16.23077106466487,0.3363186929473127,28,64,,True,True,,333,56.69694568066818
132,2026-09-19T05:46:17.293+00:00,2026-09-19T05:50:26.955+00:00,2026-09-19T05:50:27.882+00:00,True,10,10.0,,10.0,249662.728562,250589.34181,250589.341999,25058.9341999,97.100047,249662.728562,78917.72912000981,137363.22866705,102.95702755555556,3.922271935007283,0.03990592707483196,28,64,,True,True,,53,56.69694568066818
133,2026-09-19T05:46:17.740+00:00,2026-09-19T05:50:29.355+00:00,2026-09-19T05:50:30.511+00:00,True,12,12.0,,12.0,251614.836198,252770.487526,252770.487698,21064.207308166668,94.206963,251614.836198,72604.61886362369,113288.07326925,105.05921163636364,4.807385054366402,0.04747389664612518,28,64,,True,True,,57,56.69694568066818
134,2026-09-19T05:46:18.272+00:00,2026-09-19T05:50:31.866+00:00,2026-09-19T05:50:32.281+00:00,True,5,5.0,,5.0,253594.302986,254009.32353,254009.3234,50801.86468,100.509849,253594.302986,113364.41937112731,202896.69438179999,103.755136,2.8749093953973577,0.019684316821581043,28,64,,True,True,,12,56.69694568066818
135,2026-09-19T05:46:18.702+00:00,2026-09-19T05:50:34.124+00:00,2026-09-19T05:50:34.804+00:00,True,8,8.0,,8.0,255421.867619,256102.019939,256102.019963,32012.752495375,55.819872000000004,255421.867619,90270.91606757873,166061.99227055,97.16461714285715,18.473795854978547,0.031237551355141557,28,64,,True,True,,33,56.69694568066818
136,2026-09-19T05:46:19.252+00:00,2026-09-19T05:50:37.167+00:00,2026-09-19T05:50:44.309+00:00,True,72,72.0,,72.0,257915.68827200003,265056.8628,265056.862861,3681.3453175138893,43.52864,257915.68827200003,30383.80767986979,114.58554120000001,100.57992292957746,18.873034043573973,0.27163982565630823,28,64,,True,True,,288,56.69694568066818
137,2026-09-19T05:46:19.690+00:00,2026-09-19T05:50:39.328+00:00,2026-09-19T05:50:45.784+00:00,True,65,65.0,,65.0,259637.916228,266094.34298,266094.343025,4093.7591234615384,44.969657,259637.916228,32191.61100876721,113.35462100000001,100.881668,15.788214266023394,0.2442742648042145,28,64,,True,True,,313,56.69694568066818
138,2026-09-19T05:46:20.119+00:00,2026-09-19T05:50:41.246+00:00,2026-09-19T05:50:41.246+00:00,True,1,1.0,,1.0,261126.985581,261126.985581,261126.985581,261126.985581,261126.985581,261126.985581,nan,261126.985581,nan,nan,0.003829554413057038,28,64,,True,True,,3,56.69694568066818
139,2026-09-19T05:46:20.510+00:00,2026-09-19T05:50:43.898+00:00,2026-09-19T05:50:46.934+00:00,True,33,33.0,,33.0,263387.820405,266424.764021,266424.763995,8073.477696818182,44.902797,263387.820405,45833.41775302857,108.02155600000002,94.904488,19.745376617256497,0.1238623598720684,28,64,,True,True,,102,56.69694568066818
140,2026-09-19T05:46:21.057+00:00,2026-09-19T05:50:47.138+00:00,2026-09-19T05:50:50.834+00:00,True,39,39.0,,39.0,266081.527232,269777.261504,269777.26144100004,6917.36567797436,45.863105000000004,266081.527232,42591.57414601597,113.0205428,97.25616505263157,18.42068881384615,0.14456370334021554,28,64,,True,True,,204,56.69694568066818
141,2026-09-19T05:46:21.376+00:00,2026-09-19T05:50:48.428+00:00,2026-09-19T05:50:48.539+00:00,True,2,2.0,,2.0,267052.074836,267163.475796,267163.47589999996,133581.73794999998,111.401064,267052.074836,188755.56059868715,253705.04114739998,111.40096,nan,0.0074860532265538975,28,64,,True,True,,3,56.69694568066818
142,2026-09-19T05:46:21.757+00:00,2026-09-19T05:50:50.631+00:00,2026-09-19T05:50:53.627+00:00,True,33,33.0,,33.0,268873.993748,271870.931988,271870.93187100004,8238.513087,44.074599,268873.993748,46788.65569970894,108.78577000000001,93.65432,20.24840060290693,0.12138112654668272,28,64,,True,True,,127,56.69694568066818
143,2026-09-19T05:46:22.744+00:00,2026-09-19T05:50:52.772+00:00,2026-09-19T05:50:59.837+00:00,True,72,72.0,,72.0,270028.05812400003,277092.75342,277092.75332300004,3848.510462819445,46.278944,270028.05812400003,31811.389201508242,110.55105705,99.50275064788732,15.819328236089866,0.25984079017348705,28,64,,True,True,,304,56.69694568066818
144,2026-09-19T05:46:22.809+00:00,2026-09-19T05:50:53.731+00:00,2026-09-19T05:50:59.381+00:00,True,57,57.0,,57.0,270921.45751599997,276571.329644,276571.32970099995,4852.128591245613,45.786205,270921.45751599997,35871.063345747614,110.06316159999999,100.89057371428572,14.700644110516615,0.2060951150409186,28,64,,True,True,,275,56.69694568066818
145,2026-09-19T05:46:23.101+00:00,2026-09-19T05:50:58.126+00:00,2026-09-19T05:51:02.545+00:00,True,46,46.0,,46.0,275025.644238,279443.79003,279443.78988,6074.864997391304,46.478383,275025.644238,40535.84694280313,113.65486749999998,98.18101759999999,18.13022003885331,0.16461271154052706,28,64,,True,True,,137,56.69694568066818
146,2026-09-19T05:46:23.633+00:00,2026-09-19T05:51:00.764+00:00,2026-09-19T05:51:07.514+00:00,True,70,70.0,,70.0,277131.022205,283880.305021,283880.305007,4055.4329286714283,46.429453,277131.022205,33111.80755491773,112.58166139999999,97.81569298550725,20.310775647955943,0.24658279831995308,28,64,,True,True,,279,56.69694568066818
147,2026-09-19T05:46:24.120+00:00,2026-09-19T05:51:03.404+00:00,2026-09-19T05:51:07.716+00:00,True,46,46.0,,46.0,279284.78681,283596.269434,283596.269596,6165.136295565218,43.882629,279284.78681,41164.17477542526,112.175157,95.81072497777778,22.48609794106548,0.16220241575041366,28,64,,True,True,,146,56.69694568066818
148,2026-09-19T05:46:24.447+00:00,2026-09-19T05:51:04.900+00:00,2026-09-19T05:51:14.118+00:00,True,97,97.0,,97.0,280453.17981,289671.732898,289671.732916,2986.3065249072165,43.78976,280453.17981,28465.9634049655,110.173201,96.02659466666667,20.586463641715238,0.33486180729327814,28,64,,True,True,,144,56.69694568066818
149,2026-09-19T05:46:24.936+00:00,2026-09-19T05:51:07.614+00:00,2026-09-19T05:51:17.146+00:00,True,97,97.0,,97.0,282678.351811,292210.337731,292210.337708,3012.477708329897,46.625743,282678.351811,28691.561002106133,109.92594580000001,99.29152,16.119097401901076,0.33195266380101607,28,64,,True,True,,439,56.69694568066818
150,2026-09-19T05:46:25.419+00:00,2026-09-19T05:51:10.574+00:00,2026-09-19T05:51:17.198+00:00,True,68,68.0,,68.0,285155.479473,291779.276977,291779.276863,4290.8717185735295,46.781411999999996,285155.479473,34568.19687253612,111.50638905,98.86264931343284,17.78396949933608,0.23305287717660708,28,64,,True,True,,279,56.69694568066818
151,2026-09-19T05:46:25.924+00:00,2026-09-19T05:51:13.026+00:00,2026-09-19T05:51:17.146+00:00,True,42,42.0,,42.0,287101.547819,291222.32145100005,291222.32143300003,6933.86479602381,48.967788,287101.547819,44285.22443169104,109.98460205,100.50667395121951,14.576223706788342,0.14421971430876998,28,64,,True,True,,168,56.69694568066818
152,2026-09-19T05:46:26.309+00:00,2026-09-19T05:51:14.995+00:00,2026-09-19T05:51:18.733+00:00,True,38,38.0,,38.0,288686.132603,292424.16575499997,292424.165615,7695.372779342105,45.526586,288686.132603,46814.68828487814,112.9523117,101.02792302702703,15.466745506821514,0.12994822059896827,28,64,,True,True,,181,56.69694568066818
153,2026-09-19T05:46:26.679+00:00,2026-09-19T05:51:17.037+00:00,2026-09-19T05:51:25.134+00:00,True,82,82.0,,82.0,290357.912326,298455.032582,298455.032575,3639.695519207317,45.235536,290357.912326,32053.633974881912,114.3854925,99.96444760493827,19.461804657564926,0.274748257017481,28,64,,True,True,,374,56.69694568066818
154,2026-09-19T05:46:27.086+00:00,2026-09-19T05:51:19.059+00:00,2026-09-19T05:51:25.348+00:00,True,64,64.0,,64.0,291973.432378,298262.706234,298262.706136,4660.354783375,42.270793,291973.432378,36484.205436239594,116.33145264999999,99.82974374603175,19.45874494271162,0.21457593813216871,28,64,,True,True,,313,56.69694568066818
155,2026-09-19T05:46:27.524+00:00,2026-09-19T05:51:21.567+00:00,2026-09-19T05:51:24.051+00:00,True,26,26.0,,26.0,294042.17520399997,296526.23280399997,296526.23272399994,11404.855104769229,50.672273000000004,294042.17520399997,57646.93229276804,115.15179099999999,99.362304,21.57137897848709,0.08768195567096981,28,64,,True,True,,114,56.69694568066818
156,2026-09-19T05:46:28.044+00:00,2026-09-19T05:51:24.921+00:00,2026-09-19T05:51:27.095+00:00,True,22,22.0,,22.0,296876.722426,299051.29497,299051.295076,13593.240685272727,55.990771,296876.722426,63272.25371816219,111.97739100000001,103.55107352380952,11.479430085782655,0.07356597470078495,28,64,,True,True,,86,56.69694568066818
157,2026-09-19T05:46:28.585+00:00,2026-09-19T05:51:27.465+00:00,2026-09-19T05:51:28.623+00:00,False,13,12.0,,12.0,298879.232889,300037.21509699995,300037.215202,23079.78578476923,0.02063,298879.232889,82867.42592500252,119617.90323179998,96.49851733333333,30.76550029939443,0.039995038602529634,28,64,,True,False,Request timeout: 300.0s exceeded,38,56.69694568066818
158,2026-09-19T05:46:29.022+00:00,2026-09-19T05:51:29.173+00:00,2026-09-19T05:51:29.602+00:00,False,6,5.0,,5.0,300150.52359500004,300579.243467,300579.24362100003,50096.540603500005,0.02281,300150.52359500004,122500.94084322617,225141.09996650004,85.7439744,48.0767189532352,0.016634548488205704,28,64,,True,False,Request timeout: 300.0s exceeded,15,56.69694568066818
159,2026-09-19T05:46:29.327+00:00,2026-09-19T05:51:29.601+00:00,2026-09-19T05:51:29.601+00:00,False,1,0.0,,0.0,300274.008277,300274.008277,300274.008277,300274.008277,300274.008277,300274.008277,nan,300274.008277,nan,nan,0.0,28,64,,True,False,TTFT timeout: 300.0s exceeded (TTFT: 300.002s),0,56.69694568066818
160,2026-09-19T05:46:29.692+00:00,2026-09-19T05:51:29.748+00:00,2026-09-19T05:51:29.748+00:00,False,1,0.0,,0.0,300055.373077,300055.373077,300055.373077,300055.373077,300055.373077,300055.373077,nan,300055.373077,nan,nan,0.0,28,64,,True,False,"HTTPConnectionPool(host='gpu03', port=9002): Read timed out.",0,56.69694568066818
161,2026-09-19T05:46:30.243+00:00,2026-09-19T05:51:30.319+00:00,2026-09-19T05:51:30.319+00:00,False,1,0.0,,0.0,300075.827328,300075.827328,300075.827328,300075.827328,300075.827328,300075.827328,nan,300075.827328,nan,nan,0.0,28,64,,True,False,TTFT timeout: 300.0s exceeded (TTFT: 300.069s),0,56.69694568066818
162,2026-09-19T05:46:30.701+00:00,2026-09-19T05:51:30.769+00:00,2026-09-19T05:51:30.769+00:00,False,1,0.0,,0.0,300067.81037,300067.81037,300067.81037,300067.81037,300067.81037,300067.81037,nan,300067.81037,nan,nan,0.0,28,64,,True,False,"HTTPConnectionPool(host='gpu03', port=9002): Read timed out.",0,56.69694568066818
163,2026-09-19T05:46:31.179+00:00,2026-09-19T05:51:30.984+00:00,2026-09-19T05:51:31.207+00:00,False,4,3.0,,3.0,299805.25226700003,300027.57879500004,300027.578707,75006.89467675,0.02187,299805.25226700003,149865.58088699903,254851.33422975003,74.10884266666667,64.17451037855791,0.009999080791335557,28,64,,True,False,Request timeout: 300.0s exceeded,8,56.69694568066818
164,2026-09-19T05:46:31.707+00:00,2026-09-19T05:51:31.528+00:00,2026-09-19T05:51:31.741+00:00,False,4,3.0,,3.0,299821.955036,300034.3759,300034.375978,75008.5939945,0.02284,299821.955036,149875.5823937186,254864.8842224,70.80695466666667,61.3319200844409,0.009998854267951902,28,64,,True,False,Request timeout: 300.0s exceeded,10,56.69694568066818
165,2026-09-19T05:46:32.195+00:00,2026-09-19T05:51:32.315+00:00,2026-09-19T05:51:32.315+00:00,False,1,0.0,,0.0,300120.473925,300120.473925,300120.473925,300120.473925,300120.473925,300120.473925,nan,300120.473925,nan,nan,0.0,28,64,,True,False,"HTTPConnectionPool(host='gpu03', port=9002): Read timed out.",0,56.69694568066818
166,2026-09-19T05:46:32.706+00:00,2026-09-19T05:51:32.666+00:00,2026-09-19T05:51:32.779+00:00,False,3,2.0,,2.0,299959.763421,300072.837341,300072.83742199995,100024.27914066667,0.04375,299959.763421,173149.217720716,269975.09010399994,56.53696,79.89342699443874,0.006665048451977074,28,64,,True,False,Request timeout: 300.0s exceeded,8,56.69694568066818
167,2026-09-19T05:46:33.120+00:00,2026-09-19T05:51:33.024+00:00,2026-09-19T05:51:33.141+00:00,False,3,2.0,,2.0,299904.578889,300021.183305,300021.183331,100007.06111033334,0.046090000000000006,299904.578889,173116.33835178893,269925.77683529997,58.302208,82.386606308943,0.006666195959792646,28,64,,True,False,Request timeout: 300.0s exceeded,3,56.69694568066818
168,2026-09-19T05:46:33.568+00:00,2026-09-19T05:51:33.673+00:00,2026-09-19T05:51:33.673+00:00,False,1,0.0,,0.0,300105.28322000004,300105.28322000004,300105.28322000004,300105.28322000004,300105.28322000004,300105.28322000004,nan,300105.28322000004,nan,nan,0.0,28,64,,True,False,"HTTPConnectionPool(host='gpu03', port=9002): Read timed out.",0,56.69694568066818
169,2026-09-19T05:46:34.003+00:00,2026-09-19T05:51:34.025+00:00,2026-09-19T05:51:34.025+00:00,False,1,0.0,,0.0,300022.010283,300022.010283,300022.010283,300022.010283,300022.010283,300022.010283,nan,300022.010283,nan,nan,0.0,28,64,,True,False,TTFT timeout: 300.0s exceeded (TTFT: 300.007s),0,56.69694568066818
170,2026-09-19T05:46:34.429+00:00,2026-09-19T05:51:34.277+00:00,2026-09-19T05:51:34.549+00:00,False,4,3.0,,3.0,299848.895992,300120.572152,300120.57215900003,75030.14303975001,0.02511,299848.895992,149879.1824139291,254892.97840599998,90.55872,78.71215208032305,0.00999598254291149,28,64,,True,False,Request timeout: 300.0s exceeded,14,56.69694568066818
171,2026-09-19T05:46:34.772+00:00,2026-09-19T05:51:34.548+00:00,2026-09-19T05:51:34.853+00:00,False,5,4.0,,4.0,299776.22393599997,300081.32089599996,300081.320785,60016.26415699999,0.042319,299776.22393599997,134029.89946078343,239842.67597499996,76.27424,51.336660941135726,0.01332972005074015,28,64,,True,False,Request timeout: 300.0s exceeded,13,56.69694568066818
172,2026-09-19T05:46:35.141+00:00,2026-09-19T05:51:35.232+00:00,2026-09-19T05:51:35.232+00:00,False,1,0.0,,0.0,300090.68000199995,300090.68000199995,300090.68000199995,300090.68000199995,300090.68000199995,300090.68000199995,nan,300090.68000199995,nan,nan,0.0,28,64,,True,False,"HTTPConnectionPool(host='gpu03', port=9002): Read timed out.",0,56.69694568066818
173,2026-09-19T05:46:35.446+00:00,2026-09-19T05:51:35.563+00:00,2026-09-19T05:51:35.563+00:00,False,1,0.0,,0.0,300117.54896600003,300117.54896600003,300117.54896600003,300117.54896600003,300117.54896600003,300117.54896600003,nan,300117.54896600003,nan,nan,0.0,28,64,,True,False,"HTTPConnectionPool(host='gpu03', port=9002): Read timed out.",0,56.69694568066818
174,2026-09-19T05:46:35.948+00:00,2026-09-19T05:51:35.893+00:00,2026-09-19T05:51:36.024+00:00,False,3,2.0,,2.0,299944.21192000003,300075.13288000005,300075.132859,100025.04428633334,0.02489,299944.21192000003,173135.0902397277,269962.88033290004,65.46048,92.5399808642719,0.006664997465150833,28,64,,True,False,Request timeout: 300.0s exceeded,5,56.69694568066818
175,2026-09-19T05:46:36.469+00:00,2026-09-19T05:51:36.346+00:00,2026-09-19T05:51:36.554+00:00,False,4,3.0,,3.0,299877.01368000003,300084.25233600003,300084.25224400003,75021.06306100001,0.07022,299877.01368000003,149903.97502189002,254911.05727065005,69.079552,59.76492970320196,0.009997192377295905,28,64,,True,False,Request timeout: 300.0s exceeded,7,56.69694568066818
176,2026-09-19T05:46:36.969+00:00,2026-09-19T05:51:37.033+00:00,2026-09-19T05:51:37.033+00:00,False,1,0.0,,0.0,300064.615695,300064.615695,300064.615695,300064.615695,300064.615695,300064.615695,nan,300064.615695,nan,nan,0.0,28,64,,True,False,"HTTPConnectionPool(host='gpu03', port=9002): Read timed out.",0,56.69694568066818
177,2026-09-19T05:46:37.690+00:00,2026-09-19T05:51:37.331+00:00,2026-09-19T05:51:37.896+00:00,False,7,6.0,,6.0,299641.392992,300205.832032,300205.832127,42886.547446714285,0.0238,299641.392992,113218.25289005492,209787.12391909998,94.07317333333333,46.68055064642864,0.01998628727292826,28,64,,True,False,Request timeout: 300.0s exceeded,18,56.69694568066818
178,2026-09-19T05:46:37.771+00:00,2026-09-19T05:51:37.567+00:00,2026-09-19T05:51:37.997+00:00,False,6,5.0,,5.0,299795.883981,300226.090957,300226.090934,50037.68182233333,0.027059999999999997,299795.883981,122356.03857782451,224875.586285,86.0413952,48.548151629930004,0.016654115516949283,28,64,,True,False,Request timeout: 300.0s exceeded,24,56.69694568066818
179,2026-09-19T05:46:38.082+00:00,2026-09-19T05:51:38.117+00:00,2026-09-19T05:51:38.117+00:00,False,1,0.0,,0.0,300035.738687,300035.738687,300035.738687,300035.738687,300035.738687,300035.738687,nan,300035.738687,nan,nan,0.0,28,64,,True,False,"HTTPConnectionPool(host='gpu03', port=9002): Read timed out.",0,56.69694568066818
180,2026-09-19T05:46:38.623+00:00,2026-09-19T05:51:38.927+00:00,2026-09-19T05:51:39.478+00:00,False,7,6.0,,6.0,300303.36345,300854.778234,300854.778295,42979.25404214286,0.026420000000000003,300303.36345,113469.28255350993,210267.5650404,91.902464,65.83254119337931,0.019943176688831898,28,64,,True,False,Request timeout: 300.0s exceeded,16,56.69694568066818
181,2026-09-19T05:46:39.118+00:00,2026-09-19T05:51:39.357+00:00,2026-09-19T05:51:39.577+00:00,False,6,5.0,,5.0,300239.183663,300458.911023,300458.911039,50076.485173166664,0.03872,300239.183663,122554.19496768012,225196.40260075004,43.945472,25.797414740005248,0.016641210550141585,28,64,,True,False,Request timeout: 300.0s exceeded,18,56.69694568066818
182,2026-09-19T05:46:39.651+00:00,2026-09-19T05:51:39.677+00:00,2026-09-19T05:51:39.677+00:00,False,1,0.0,,0.0,300025.840621,300025.840621,300025.840621,300025.840621,300025.840621,300025.840621,nan,300025.840621,nan,nan,0.0,28,64,,True,False,"HTTPConnectionPool(host='gpu03', port=9002): Read timed out.",0,56.69694568066818
183,2026-09-19T05:46:40.038+00:00,2026-09-19T05:51:40.053+00:00,2026-09-19T05:51:40.053+00:00,False,1,0.0,,0.0,300014.626975,300014.626975,300014.626975,300014.626975,300014.626975,300014.626975,nan,300014.626975,nan,nan,0.0,28,64,,True,False,"HTTPConnectionPool(host='gpu03', port=9002): Read timed out.",0,56.69694568066818
184,2026-09-19T05:46:40.462+00:00,2026-09-19T05:51:40.545+00:00,2026-09-19T05:51:40.545+00:00,False,1,0.0,,0.0,300083.701868,300083.701868,300083.701868,300083.701868,300083.701868,300083.701868,nan,300083.701868,nan,nan,0.0,28,64,,True,False,"HTTPConnectionPool(host='gpu03', port=9002): Read timed out.",0,56.69694568066818
185,2026-09-19T05:46:40.779+00:00,2026-09-19T05:51:40.776+00:00,2026-09-19T05:51:40.952+00:00,False,3,2.0,,2.0,299997.061083,300172.896219,300172.89645,100057.63214999999,0.04368,299997.061083,173152.64697191637,270014.9341434,87.917568,124.27267046222435,0.006662826741495145,28,64,,True,False,Request timeout: 300.0s exceeded,7,56.69694568066818
186,2026-09-19T05:46:41.196+00:00,2026-09-19T05:51:40.951+00:00,2026-09-19T05:51:41.272+00:00,False,5,4.0,,4.0,299754.858311,300075.919943,300075.91997499997,60015.183995,0.022760000000000002,299754.858311,134018.5611030432,239830.2871262,80.265408,56.506930460950905,0.013329959967330291,28,64,,True,False,Request timeout: 300.0s exceeded,22,56.69694568066818
187,2026-09-19T05:46:41.708+00:00,2026-09-19T05:51:41.420+00:00,2026-09-19T05:51:41.722+00:00,False,5,4.0,,4.0,299711.437396,300014.05038800003,300014.050181,60002.810036200004,0.04339,299711.437396,134001.20351780637,239789.94288300004,75.653248,50.45944096770781,0.013332708900889502,28,64,,True,False,Request timeout: 300.0s exceeded,14,56.69694568066818
188,2026-09-19T05:46:42.174+00:00,2026-09-19T05:51:42.279+00:00,2026-09-19T05:51:42.279+00:00,False,1,0.0,,0.0,300104.748926,300104.748926,300104.748926,300104.748926,300104.748926,300104.748926,nan,300104.748926,nan,nan,0.0,28,64,,True,False,"HTTPConnectionPool(host='gpu03', port=9002): Read timed out.",0,56.69694568066818
189,2026-09-19T05:46:42.649+00:00,2026-09-19T05:51:42.684+00:00,2026-09-19T05:51:42.684+00:00,False,1,0.0,,0.0,300035.345639,300035.345639,300035.345639,300035.345639,300035.345639,300035.345639,nan,300035.345639,nan,nan,0.0,28,64,,True,False,TTFT timeout: 300.0s exceeded (TTFT: 300.030s),0,56.69694568066818
190,2026-09-19T05:46:43.008+00:00,2026-09-19T05:51:42.814+00:00,2026-09-19T05:51:43.033+00:00,False,4,3.0,,3.0,299805.954995,300025.267635,300025.267552,75006.316888,0.08904999999999999,299805.954995,149866.43431267308,254851.88961905,73.10421333333333,63.28532439221736,0.00999915781643329,28,64,,True,False,Request timeout: 300.0s exceeded,10,56.69694568066818
191,2026-09-19T05:46:43.398+00:00,2026-09-19T05:51:43.499+00:00,2026-09-19T05:51:43.499+00:00,False,1,0.0,,0.0,300100.931888,300100.931888,300100.931888,300100.931888,300100.931888,300100.931888,nan,300100.931888,nan,nan,0.0,28,64,,True,False,"HTTPConnectionPool(host='gpu03', port=9002): Read timed out.",0,56.69694568066818
192,2026-09-19T05:46:43.814+00:00,2026-09-19T05:51:43.926+00:00,2026-09-19T05:51:43.926+00:00,False,1,0.0,,0.0,300112.548922,300112.548922,300112.548922,300112.548922,300112.548922,300112.548922,nan,300112.548922,nan,nan,0.0,28,64,,True,False,"HTTPConnectionPool(host='gpu03', port=9002): Read timed out.",0,56.69694568066818
193,2026-09-19T05:46:44.249+00:00,2026-09-19T05:51:44.351+00:00,2026-09-19T05:51:44.351+00:00,False,1,0.0,,0.0,300102.29548900004,300102.29548900004,300102.29548900004,300102.29548900004,300102.29548900004,300102.29548900004,nan,300102.29548900004,nan,nan,0.0,28,64,,True,False,TTFT timeout: 300.0s exceeded (TTFT: 300.097s),0,56.69694568066818
194,2026-09-19T05:46:44.763+00:00,2026-09-19T05:51:44.629+00:00,2026-09-19T05:51:44.841+00:00,False,4,3.0,,3.0,299866.21893699997,300077.808569,300077.80851099995,75019.45212774999,0.02307,299866.21893699997,149897.85287966867,254902.85897784997,70.52987733333333,61.241519827100475,0.009997407053544844,28,64,,True,False,Request timeout: 300.0s exceeded,6,56.69694568066818
195,2026-09-19T05:46:45.156+00:00,2026-09-19T05:51:45.260+00:00,2026-09-19T05:51:45.260+00:00,False,1,0.0,,0.0,300104.16576,300104.16576,300104.16576,300104.16576,300104.16576,300104.16576,nan,300104.16576,nan,nan,0.0,28,64,,True,False,"HTTPConnectionPool(host='gpu03', port=9002): Read timed out.",0,56.69694568066818
196,2026-09-19T05:46:45.657+00:00,2026-09-19T05:51:45.767+00:00,2026-09-19T05:51:45.767+00:00,False,1,0.0,,0.0,300110.32889099995,300110.32889099995,300110.32889099995,300110.32889099995,300110.32889099995,300110.32889099995,nan,300110.32889099995,nan,nan,0.0,28,64,,True,False,"HTTPConnectionPool(host='gpu03', port=9002): Read timed out.",0,56.69694568066818
197,2026-09-19T05:46:45.991+00:00,2026-09-19T05:51:46.013+00:00,2026-09-19T05:51:46.013+00:00,False,1,0.0,,0.0,300021.435252,300021.435252,300021.435252,300021.435252,300021.435252,300021.435252,nan,300021.435252,nan,nan,0.0,28,64,,True,False,TTFT timeout: 300.0s exceeded (TTFT: 300.013s),0,56.69694568066818
198,2026-09-19T05:46:46.494+00:00,2026-09-19T05:51:46.286+00:00,2026-09-19T05:51:46.584+00:00,False,5,4.0,,4.0,299792.076264,300089.934824,300089.93500099995,60017.987000199995,0.039880000000000006,299792.076264,134037.79762965525,239854.4732514,74.46464,49.73516214436323,0.013329337427947936,28,64,,True,False,Request timeout: 300.0s exceeded,25,56.69694568066818
199,2026-09-19T05:46:46.974+00:00,2026-09-19T05:51:47.044+00:00,2026-09-19T05:51:47.044+00:00,False,1,0.0,,0.0,300070.28771,300070.28771,300070.28771,300070.28771,300070.28771,300070.28771,nan,300070.28771,nan,nan,0.0,28,64,,True,False,"HTTPConnectionPool(host='gpu03', port=9002): Read timed out.",0,56.69694568066818
200,2026-09-19T05:46:47.527+00:00,2026-09-19T05:51:47.543+00:00,2026-09-19T05:51:47.543+00:00,False,1,0.0,,0.0,300016.41537199996,300016.41537199996,300016.41537199996,300016.41537199996,300016.41537199996,300016.41537199996,nan,300016.41537199996,nan,nan,0.0,28,64,,True,False,TTFT timeout: 300.0s exceeded (TTFT: 300.007s),0,56.69694568066818
201,2026-09-19T05:46:47.944+00:00,2026-09-19T05:51:47.824+00:00,2026-09-19T05:51:48.067+00:00,False,4,3.0,,3.0,299879.427338,300122.908426,300122.90836899995,75030.72709224999,0.04381,299879.427338,149899.14499833962,254918.0808767,81.16036266666667,71.91700707940878,0.009995904730277186,28,64,,True,False,Request timeout: 300.0s exceeded,11,56.69694568066818
202,2026-09-19T05:46:48.340+00:00,2026-09-19T05:51:48.068+00:00,2026-09-19T05:51:48.369+00:00,False,5,4.0,,4.0,299728.568984,300029.269144,300029.269295,60005.853859,0.039729999999999994,299728.568984,134009.07877859924,239804.2561924,75.17504,50.321396248692885,0.013332032609392476,28,64,,True,False,Request timeout: 300.0s exceeded,29,56.69694568066818
203,2026-09-19T05:46:48.718+00:00,2026-09-19T05:51:48.808+00:00,2026-09-19T05:51:48.808+00:00,False,1,0.0,,0.0,300090.161103,300090.161103,300090.161103,300090.161103,300090.161103,300090.161103,nan,300090.161103,nan,nan,0.0,28,64,,True,False,"HTTPConnectionPool(host='gpu03', port=9002): Read timed out.",0,56.69694568066818
204,2026-09-19T05:46:49.033+00:00,2026-09-19T05:51:49.087+00:00,2026-09-19T05:51:49.087+00:00,False,1,0.0,,0.0,300053.95365100005,300053.95365100005,300053.95365100005,300053.95365100005,300053.95365100005,300053.95365100005,nan,300053.95365100005,nan,nan,0.0,28,64,,True,False,"HTTPConnectionPool(host='gpu03', port=9002): Read timed out.",0,56.69694568066818
205,2026-09-19T05:46:49.568+00:00,2026-09-19T05:51:49.393+00:00,2026-09-19T05:51:49.656+00:00,False,4,3.0,,3.0,299825.46119199996,300087.87936799997,300087.87942799996,75021.96985699999,0.03749,299825.46119199996,149869.00697715953,254871.42838809997,87.47272533333333,75.72464455657699,0.009997071545569083,28,64,,True,False,Request timeout: 300.0s exceeded,7,56.69694568066818
206,2026-09-19T05:46:49.999+00:00,2026-09-19T05:51:49.864+00:00,2026-09-19T05:51:50.012+00:00,False,5,4.0,,4.0,299864.327238,300012.539206,300012.539304,60002.5078608,0.040939,299864.327238,134086.83504041616,239901.6230816,37.052992,24.704544189322256,0.0133327760585815,28,64,,True,False,Request timeout: 300.0s exceeded,22,56.69694568066818
207,2026-09-19T05:46:50.432+00:00,2026-09-19T05:51:50.753+00:00,2026-09-19T05:51:51.467+00:00,False,8,7.0,,7.0,300321.626276,301035.532196,301035.532242,37629.44153025,0.02277,300321.626276,106143.68111754378,195262.086222,101.98656,48.69877699655125,0.023253068994667378,28,64,,True,False,Request timeout: 300.0s exceeded,54,56.69694568066818
208,2026-09-19T05:46:50.761+00:00,2026-09-19T05:51:50.866+00:00,2026-09-19T05:51:51.464+00:00,False,7,6.0,,6.0,300105.441982,300702.62035000004,300702.620185,42957.51716928572,0.028480000000000002,300105.441982,113391.58647779662,210118.2167569,99.529728,52.01719255717148,0.019953268092630372,28,64,,True,False,Request timeout: 300.0s exceeded,21,56.69694568066818
209,2026-09-19T05:46:51.318+00:00,2026-09-19T05:51:51.461+00:00,2026-09-19T05:51:51.667+00:00,False,4,3.0,,3.0,300143.63309500006,300349.46733500005,300349.46735000005,75087.36683750001,0.07773000000000001,300143.63309500006,150037.51866479762,255137.57597830004,68.61141333333333,59.35300782732701,0.009988364642757623,28,64,,True,False,Request timeout: 300.0s exceeded,16,56.69694568066818
210,2026-09-19T05:46:51.770+00:00,2026-09-19T05:51:51.840+00:00,2026-09-19T05:51:51.840+00:00,False,1,0.0,,0.0,300069.82643699995,300069.82643699995,300069.82643699995,300069.82643699995,300069.82643699995,300069.82643699995,nan,300069.82643699995,nan,nan,0.0,28,64,,True,False,"HTTPConnectionPool(host='gpu03', port=9002): Read timed out.",0,56.69694568066818
211,2026-09-19T05:46:52.248+00:00,2026-09-19T05:51:52.291+00:00,2026-09-19T05:51:52.291+00:00,False,1,0.0,,0.0,300043.566259,300043.566259,300043.566259,300043.566259,300043.566259,300043.566259,nan,300043.566259,nan,nan,0.0,28,64,,True,False,"HTTPConnectionPool(host='gpu03', port=9002): Read timed out.",0,56.69694568066818
212,2026-09-19T05:46:52.746+00:00,2026-09-19T05:51:52.767+00:00,2026-09-19T05:51:52.767+00:00,False,1,0.0,,0.0,300021.608147,300021.608147,300021.608147,300021.608147,300021.608147,300021.608147,nan,300021.608147,nan,nan,0.0,28,64,,True,False,TTFT timeout: 300.0s exceeded (TTFT: 300.016s),0,56.69694568066818
213,2026-09-19T05:46:53.109+00:00,2026-09-19T05:51:52.989+00:00,2026-09-19T05:51:53.165+00:00,False,4,3.0,,3.0,299880.753043,300056.220307,300056.220251,75014.05506275,0.021989,299880.753043,149911.137741059,254912.5343635,58.489088,50.871075320683204,0.009998126340892302,28,64,,True,False,Request timeout: 300.0s exceeded,5,56.69694568066818
214,2026-09-19T05:46:53.414+00:00,2026-09-19T05:51:53.069+00:00,2026-09-19T05:51:53.474+00:00,False,6,5.0,,5.0,299654.879884,300059.935372,300059.935338,50009.989223,0.03761,299654.879884,122300.52655486394,224768.01570449997,81.0110976,45.4373506709269,0.016663337588876163,28,64,,True,False,Request timeout: 300.0s exceeded,36,56.69694568066818
215,2026-09-19T05:46:53.889+00:00,2026-09-19T05:51:53.999+00:00,2026-09-19T05:51:53.999+00:00,False,1,0.0,,0.0,300109.770654,300109.770654,300109.770654,300109.770654,300109.770654,300109.770654,nan,300109.770654,nan,nan,0.0,28,64,,True,False,"HTTPConnectionPool(host='gpu03', port=9002): Read timed out.",0,56.69694568066818
216,2026-09-19T05:46:54.304+00:00,2026-09-19T05:51:54.397+00:00,2026-09-19T05:51:54.397+00:00,False,1,0.0,,0.0,300092.540949,300092.540949,300092.540949,300092.540949,300092.540949,300092.540949,nan,300092.540949,nan,nan,0.0,28,64,,True,False,TTFT timeout: 300.0s exceeded (TTFT: 300.088s),0,56.69694568066818
217,2026-09-19T05:46:54.793+00:00,2026-09-19T05:51:54.779+00:00,2026-09-19T05:51:54.885+00:00,False,3,2.0,,2.0,299986.452667,300091.822267,300091.82225800003,100030.60741933333,0.05034,299986.452667,173166.84961885033,269998.3393254,52.6848,74.43659911120841,0.006664626796196215,28,64,,True,False,Request timeout: 300.0s exceeded,4,56.69694568066818
218,2026-09-19T05:46:55.700+00:00,2026-09-19T05:51:55.015+00:00,2026-09-19T05:51:55.928+00:00,False,11,10.0,,10.0,299315.36071499996,300227.420619,300227.420794,27293.40189036363,0.04511,299315.36071499996,90219.48433258556,149718.6175075,91.2059904,37.77316508806825,0.03330808351676305,28,64,,True,False,Request timeout: 300.0s exceeded,43,56.69694568066818
219,2026-09-19T05:46:55.742+00:00,2026-09-19T05:51:55.924+00:00,2026-09-19T05:51:56.025+00:00,False,3,2.0,,2.0,300182.77707,300282.918382,300282.918354,100094.30611800001,0.02855,300182.77707,173281.7060746546,270174.5106364,50.070656,70.77005246085741,0.0066603855150219795,28,64,,True,False,Request timeout: 300.0s exceeded,4,56.69694568066818
220,2026-09-19T05:46:56.117+00:00,2026-09-19T05:51:56.150+00:00,2026-09-19T05:51:56.150+00:00,False,1,0.0,,0.0,300033.536134,300033.536134,300033.536134,300033.536134,300033.536134,300033.536134,nan,300033.536134,nan,nan,0.0,28,64,,True,False,"HTTPConnectionPool(host='gpu03', port=9002): Read timed out.",0,56.69694568066818
221,2026-09-19T05:46:56.667+00:00,2026-09-19T05:51:56.764+00:00,2026-09-19T05:51:56.764+00:00,False,1,0.0,,0.0,300096.945146,300096.945146,300096.945146,300096.945146,300096.945146,300096.945146,nan,300096.945146,nan,nan,0.0,28,64,,True,False,"HTTPConnectionPool(host='gpu03', port=9002): Read timed out.",0,56.69694568066818
222,2026-09-19T05:46:56.971+00:00,2026-09-19T05:51:57.077+00:00,2026-09-19T05:51:57.077+00:00,False,1,0.0,,0.0,300106.34739,300106.34739,300106.34739,300106.34739,300106.34739,300106.34739,nan,300106.34739,nan,nan,0.0,28,64,,True,False,"HTTPConnectionPool(host='gpu03', port=9002): Read timed out.",0,56.69694568066818
223,2026-09-19T05:46:57.312+00:00,2026-09-19T05:51:57.289+00:00,2026-09-19T05:51:57.408+00:00,False,3,2.0,,2.0,299976.75383099995,300096.513703,300096.51368699997,100032.17122899999,0.025670000000000002,299976.75383099995,173157.0982271538,269991.05186649994,59.879936,84.64645169936422,0.006664522607481417,28,64,,True,False,Request timeout: 300.0s exceeded,3,56.69694568066818
224,2026-09-19T05:46:57.674+00:00,2026-09-19T05:51:57.406+00:00,2026-09-19T05:51:57.708+00:00,False,5,4.0,,4.0,299732.62071,300034.424742,300034.42472899996,60006.8849458,0.02273,299732.62071,134010.76737681794,239806.61056759997,75.451008,50.35564860340422,0.013331803520344725,28,64,,True,False,Request timeout: 300.0s exceeded,15,56.69694568066818
225,2026-09-19T05:46:58.104+00:00,2026-09-19T05:51:57.813+00:00,2026-09-19T05:51:58.117+00:00,False,5,4.0,,4.0,299708.99753,300012.725146,300012.725053,60002.5450106,0.03821,299708.99753,133999.98778733623,239787.7352296,75.931904,50.60879221459902,0.013332767795277404,28,64,,True,False,Request timeout: 300.0s exceeded,14,56.69694568066818
226,2026-09-19T05:46:58.475+00:00,2026-09-19T05:51:58.527+00:00,2026-09-19T05:51:58.527+00:00,False,1,0.0,,0.0,300051.446296,300051.446296,300051.446296,300051.446296,300051.446296,300051.446296,nan,300051.446296,nan,nan,0.0,28,64,,True,False,"HTTPConnectionPool(host='gpu03', port=9002): Read timed out.",0,56.69694568066818
227,2026-09-19T05:46:58.828+00:00,2026-09-19T05:51:58.929+00:00,2026-09-19T05:51:58.929+00:00,False,1,0.0,,0.0,300100.954975,300100.954975,300100.954975,300100.954975,300100.954975,300100.954975,nan,300100.954975,nan,nan,0.0,28,64,,True,False,TTFT timeout: 300.0s exceeded (TTFT: 300.093s),0,56.69694568066818
228,2026-09-19T05:46:59.166+00:00,2026-09-19T05:51:59.077+00:00,2026-09-19T05:51:59.198+00:00,False,3,2.0,,2.0,299910.94230500003,300032.39715300006,300032.397086,100010.79902866668,0.052289,299910.94230500003,173118.6129302447,269931.98832370003,60.727424,85.80769073970002,0.006665946807671273,28,64,,True,False,Request timeout: 300.0s exceeded,4,56.69694568066818
229,2026-09-19T05:46:59.579+00:00,2026-09-19T05:51:59.426+00:00,2026-09-19T05:51:59.622+00:00,False,4,3.0,,3.0,299847.324485,300043.87411699997,300043.874103,75010.96852575,0.05354,299847.324485,149890.91112404395,254885.15576315002,65.516544,56.707216551081615,0.009998537743284075,28,64,,True,False,Request timeout: 300.0s exceeded,10,56.69694568066818
230,2026-09-19T05:46:59.975+00:00,2026-09-19T05:52:00.086+00:00,2026-09-19T05:52:00.086+00:00,False,1,0.0,,0.0,300111.133633,300111.133633,300111.133633,300111.133633,300111.133633,300111.133633,nan,300111.133633,nan,nan,0.0,28,64,,True,False,"HTTPConnectionPool(host='gpu03', port=9002): Read timed out.",0,56.69694568066818
231,2026-09-19T05:47:00.507+00:00,2026-09-19T05:52:00.542+00:00,2026-09-19T05:52:00.542+00:00,False,1,0.0,,0.0,300035.82134799997,300035.82134799997,300035.82134799997,300035.82134799997,300035.82134799997,300035.82134799997,nan,300035.82134799997,nan,nan,0.0,28,64,,True,False,"HTTPConnectionPool(host='gpu03', port=9002): Read timed out.",0,56.69694568066818
232,2026-09-19T05:47:00.902+00:00,2026-09-19T05:52:00.802+00:00,2026-09-19T05:52:00.910+00:00,False,3,2.0,,2.0,299900.25462900003,300008.49347700004,300008.49342300004,100002.83114100002,0.07536,299900.25462900003,173116.25532749243,269921.0455095,54.119424,76.42962200038956,0.006666477928076822,28,64,,True,False,Request timeout: 300.0s exceeded,4,56.69694568066818
233,2026-09-19T05:47:01.289+00:00,2026-09-19T05:52:01.244+00:00,2026-09-19T05:52:01.329+00:00,False,4,3.0,,3.0,299955.10588,300040.2246,300040.224781,75010.05619525,0.04152,299955.10588,149963.367945135,254969.45517475,28.37290666666667,25.879010130783698,0.009998659359755725,28,64,,True,False,Request timeout: 300.0s exceeded,8,56.69694568066818
234,2026-09-19T05:47:01.668+00:00,2026-09-19T05:52:01.771+00:00,2026-09-19T05:52:01.771+00:00,False,1,0.0,,0.0,300103.228575,300103.228575,300103.228575,300103.228575,300103.228575,300103.228575,nan,300103.228575,nan,nan,0.0,28,64,,True,False,"HTTPConnectionPool(host='gpu03', port=9002): Read timed out.",0,56.69694568066818
235,2026-09-19T05:47:01.998+00:00,2026-09-19T05:52:02.037+00:00,2026-09-19T05:52:02.037+00:00,False,1,0.0,,0.0,300038.820137,300038.820137,300038.820137,300038.820137,300038.820137,300038.820137,nan,300038.820137,nan,nan,0.0,28,64,,True,False,"HTTPConnectionPool(host='gpu03', port=9002): Read timed out.",0,56.69694568066818
236,2026-09-19T05:47:02.337+00:00,2026-09-19T05:52:02.334+00:00,2026-09-19T05:52:02.462+00:00,False,3,2.0,,2.0,299997.06307200005,300125.41123200004,300125.41113600007,100041.80371200002,0.03587,299997.06307200005,173166.34610396295,270010.1879842,64.17408,90.70516887474054,0.006663880914948516,28,64,,True,False,Request timeout: 300.0s exceeded,5,56.69694568066818
237,2026-09-19T05:47:02.889+00:00,2026-09-19T05:52:02.597+00:00,2026-09-19T05:52:02.995+00:00,False,8,7.0,,7.0,299707.925561,300106.078265,300106.07844300003,37513.259805375004,0.05639,299707.925561,105942.6483319377,194848.1291812,56.87895771428572,34.51638686827089,0.023325085717920222,28,64,,True,False,Request timeout: 300.0s exceeded,21,56.69694568066818
238,2026-09-19T05:47:03.191+00:00,2026-09-19T05:52:03.204+00:00,2026-09-19T05:52:03.204+00:00,False,1,0.0,,0.0,300013.557987,300013.557987,300013.557987,300013.557987,300013.557987,300013.557987,nan,300013.557987,nan,nan,0.0,28,64,,True,False,"HTTPConnectionPool(host='gpu03', port=9002): Read timed out.",0,56.69694568066818
240,2026-09-19T05:47:04.005+00:00,2026-09-19T05:52:03.938+00:00,2026-09-19T05:52:05.053+00:00,False,12,11.0,,11.0,299932.538654,301048.324126,301048.32418299996,25087.36034858333,0.02161,299932.538654,86553.79111892484,135049.53728299998,101.43504290909091,36.325726382753565,0.03653898433726569,28,64,,True,False,Request timeout: 300.0s exceeded,31,56.69694568066818
239,2026-09-19T05:47:03.686+00:00,2026-09-19T05:52:03.938+00:00,2026-09-19T05:52:04.946+00:00,False,11,10.0,,10.0,300251.744445,301259.10367700004,301259.103561,27387.191232818182,0.02233,300251.744445,90498.94130100666,150197.82944600002,100.7359232,37.8980262504741,0.03319401763447343,28,64,,True,False,Request timeout: 300.0s exceeded,30,56.69694568066818
241,2026-09-19T05:47:04.378+00:00,2026-09-19T05:52:04.315+00:00,2026-09-19T05:52:05.152+00:00,False,10,9.0,,9.0,299936.905633,300773.662369,300773.662357,30077.366235700003,0.02298,299936.905633,94818.98287019008,165019.0463488,92.97297066666667,35.44912427749402,0.029922832767712466,28,64,,True,False,Request timeout: 300.0s exceeded,24,56.69694568066818
243,2026-09-19T05:47:05.119+00:00,2026-09-19T05:52:05.259+00:00,2026-09-19T05:52:05.259+00:00,False,1,0.0,,0.0,300139.76468300004,300139.76468300004,300139.76468300004,300139.76468300004,300139.76468300004,300139.76468300004,nan,300139.76468300004,nan,nan,0.0,28,64,,True,False,"HTTPConnectionPool(host='gpu03', port=9002): Read timed out.",0,56.69694568066818
244,2026-09-19T05:47:05.654+00:00,2026-09-19T05:52:05.771+00:00,2026-09-19T05:52:05.771+00:00,False,1,0.0,,0.0,300117.192088,300117.192088,300117.192088,300117.192088,300117.192088,300117.192088,nan,300117.192088,nan,nan,0.0,28,64,,True,False,"HTTPConnectionPool(host='gpu03', port=9002): Read timed out.",0,56.69694568066818
242,2026-09-19T05:47:04.758+00:00,2026-09-19T05:52:05.874+00:00,2026-09-19T05:52:05.874+00:00,False,1,0.0,,0.0,301116.832921,301116.832921,301116.832921,301116.832921,301116.832921,301116.832921,nan,301116.832921,nan,nan,0.0,28,64,,True,False,"HTTPConnectionPool(host='gpu03', port=9002): Read timed out.",0,56.69694568066818
245,2026-09-19T05:47:06.145+00:00,2026-09-19T05:52:06.257+00:00,2026-09-19T05:52:06.257+00:00,False,1,0.0,,0.0,300112.393575,300112.393575,300112.393575,300112.393575,300112.393575,300112.393575,nan,300112.393575,nan,nan,0.0,28,64,,True,False,"HTTPConnectionPool(host='gpu03', port=9002): Read timed out.",0,56.69694568066818
246,2026-09-19T05:47:06.671+00:00,2026-09-19T05:52:06.547+00:00,2026-09-19T05:52:06.741+00:00,False,4,3.0,,3.0,299876.462756,300069.95958799997,300069.959712,75017.489928,0.03861,299876.462756,149905.9888368044,254909.97340234998,64.498944,55.91236254548248,0.009997668557422542,28,64,,True,False,Request timeout: 300.0s exceeded,13,56.69694568066818
247,2026-09-19T05:47:07.130+00:00,2026-09-19T05:52:06.646+00:00,2026-09-19T05:52:07.148+00:00,False,9,8.0,,8.0,299516.14015,300018.550902,300018.550896,33335.394544,0.04796,299516.14015,99817.78513983621,179751.1255044,62.801344,35.544763573734286,0.026665017799559907,28,64,,True,False,Request timeout: 300.0s exceeded,32,56.69694568066818
248,2026-09-19T05:47:07.563+00:00,2026-09-19T05:52:07.688+00:00,2026-09-19T05:52:07.688+00:00,False,1,0.0,,0.0,300125.395795,300125.395795,300125.395795,300125.395795,300125.395795,300125.395795,nan,300125.395795,nan,nan,0.0,28,64,,True,False,"HTTPConnectionPool(host='gpu03', port=9002): Read timed out.",0,56.69694568066818
249,2026-09-19T05:47:07.935+00:00,2026-09-19T05:52:07.990+00:00,2026-09-19T05:52:07.990+00:00,False,1,0.0,,0.0,300055.197956,300055.197956,300055.197956,300055.197956,300055.197956,300055.197956,nan,300055.197956,nan,nan,0.0,28,64,,True,False,TTFT timeout: 300.0s exceeded (TTFT: 300.049s),0,56.69694568066818
250,2026-09-19T05:47:08.480+00:00,2026-09-19T05:52:08.268+00:00,2026-09-19T05:52:08.508+00:00,False,4,3.0,,3.0,299788.402441,300028.267017,300028.26714099996,75007.06678524999,0.03567,299788.402441,149854.2344595657,254838.71199009998,79.95485866666667,69.32106114648406,0.009999057854872108,28,64,,True,False,Request timeout: 300.0s exceeded,11,56.69694568066818
251,2026-09-19T05:47:08.883+00:00,2026-09-19T05:52:08.989+00:00,2026-09-19T05:52:08.989+00:00,False,1,0.0,,0.0,300106.065935,300106.065935,300106.065935,300106.065935,300106.065935,300106.065935,nan,300106.065935,nan,nan,0.0,28,64,,True,False,"HTTPConnectionPool(host='gpu03', port=9002): Read timed out.",0,56.69694568066818
252,2026-09-19T05:47:09.385+00:00,2026-09-19T05:52:09.463+00:00,2026-09-19T05:52:09.463+00:00,False,1,0.0,,0.0,300078.026658,300078.026658,300078.026658,300078.026658,300078.026658,300078.026658,nan,300078.026658,nan,nan,0.0,28,64,,True,False,"HTTPConnectionPool(host='gpu03', port=9002): Read timed out.",0,56.69694568066818
253,2026-09-19T05:47:09.688+00:00,2026-09-19T05:52:09.728+00:00,2026-09-19T05:52:09.728+00:00,False,1,0.0,,0.0,300040.589476,300040.589476,300040.589476,300040.589476,300040.589476,300040.589476,nan,300040.589476,nan,nan,0.0,28,64,,True,False,"HTTPConnectionPool(host='gpu03', port=9002): Read timed out.",0,56.69694568066818
254,2026-09-19T05:47:10.107+00:00,2026-09-19T05:52:09.864+00:00,2026-09-19T05:52:10.205+00:00,False,5,4.0,,4.0,299757.438105,300097.956249,300097.956259,60019.591251800004,0.02527,299757.438105,134017.53992992008,239831.68109280002,85.129536,57.78768249988707,0.013328981143347353,28,64,,True,False,Request timeout: 300.0s exceeded,13,56.69694568066818
255,2026-09-19T05:47:10.495+00:00,2026-09-19T05:52:10.600+00:00,2026-09-19T05:52:10.600+00:00,False,1,0.0,,0.0,300105.085458,300105.085458,300105.085458,300105.085458,300105.085458,300105.085458,nan,300105.085458,nan,nan,0.0,28,64,,True,False,"HTTPConnectionPool(host='gpu03', port=9002): Read timed out.",0,56.69694568066818
256,2026-09-19T05:47:10.951+00:00,2026-09-19T05:52:11.015+00:00,2026-09-19T05:52:11.015+00:00,False,1,0.0,,0.0,300064.165468,300064.165468,300064.165468,300064.165468,300064.165468,300064.165468,nan,300064.165468,nan,nan,0.0,28,64,,True,False,"HTTPConnectionPool(host='gpu03', port=9002): Read timed out.",0,56.69694568066818
257,2026-09-19T05:47:11.494+00:00,2026-09-19T05:52:11.504+00:00,2026-09-19T05:52:11.504+00:00,False,1,0.0,,0.0,300009.60644199996,300009.60644199996,300009.60644199996,300009.60644199996,300009.60644199996,300009.60644199996,nan,300009.60644199996,nan,nan,0.0,28,64,,True,False,TTFT timeout: 300.0s exceeded (TTFT: 300.001s),0,56.69694568066818
258,2026-09-19T05:47:11.844+00:00,2026-09-19T05:52:11.633+00:00,2026-09-19T05:52:11.931+00:00,False,5,4.0,,4.0,299788.92701499996,300087.06179899996,300087.061763,60017.41235259999,0.035,299788.92701499996,134036.35837321053,239851.45896599998,74.533696,49.69714654450736,0.013329465042645601,28,64,,True,False,Request timeout: 300.0s exceeded,23,56.69694568066818
259,2026-09-19T05:47:12.386+00:00,2026-09-19T05:52:12.406+00:00,2026-09-19T05:52:12.406+00:00,False,1,0.0,,0.0,300019.56148900004,300019.56148900004,300019.56148900004,300019.56148900004,300019.56148900004,300019.56148900004,nan,300019.56148900004,nan,nan,0.0,28,64,,True,False,"HTTPConnectionPool(host='gpu03', port=9002): Read timed out.",0,56.69694568066818
260,2026-09-19T05:47:12.730+00:00,2026-09-19T05:52:12.808+00:00,2026-09-19T05:52:12.808+00:00,False,1,0.0,,0.0,300077.806577,300077.806577,300077.806577,300077.806577,300077.806577,300077.806577,nan,300077.806577,nan,nan,0.0,28,64,,True,False,TTFT timeout: 300.0s exceeded (TTFT: 300.057s),0,56.69694568066818
261,2026-09-19T05:47:13.132+00:00,2026-09-19T05:52:13.097+00:00,2026-09-19T05:52:13.220+00:00,False,3,2.0,,2.0,299964.61189,300087.942962,300087.942927,100029.314309,0.02423,299964.61189,173149.057790537,269980.48138169997,61.665536,87.1742057070414,0.006664712951340598,28,64,,True,False,Request timeout: 300.0s exceeded,7,56.69694568066818
262,2026-09-19T05:47:13.562+00:00,2026-09-19T05:52:13.357+00:00,2026-09-19T05:52:13.617+00:00,False,5,4.0,,4.0,299795.119219,300055.627891,300055.62773899996,60011.125547799995,0.038439999999999995,299795.119219,134043.33451362574,239858.31150259997,65.127168,50.279247937235446,0.013330861440976083,28,64,,True,False,Request timeout: 300.0s exceeded,14,56.69694568066818
263,2026-09-19T05:47:14.065+00:00,2026-09-19T05:52:14.129+00:00,2026-09-19T05:52:14.129+00:00,False,1,0.0,,0.0,300064.58486,300064.58486,300064.58486,300064.58486,300064.58486,300064.58486,nan,300064.58486,nan,nan,0.0,28,64,,True,False,"HTTPConnectionPool(host='gpu03', port=9002): Read timed out.",0,56.69694568066818
264,2026-09-19T05:47:14.621+00:00,2026-09-19T05:52:14.643+00:00,2026-09-19T05:52:14.643+00:00,False,1,0.0,,0.0,300022.241472,300022.241472,300022.241472,300022.241472,300022.241472,300022.241472,nan,300022.241472,nan,nan,0.0,28,64,,True,False,TTFT timeout: 300.0s exceeded (TTFT: 300.004s),0,56.69694568066818
265,2026-09-19T05:47:15.111+00:00,2026-09-19T05:52:14.915+00:00,2026-09-19T05:52:15.138+00:00,False,4,3.0,,3.0,299804.140855,300026.336823,300026.336889,75006.58422225,0.03551,299804.140855,149865.04691199388,254850.5657359,74.06532266666667,64.16271459840799,0.00999912218296304,28,64,,True,False,Request timeout: 300.0s exceeded,11,56.69694568066818
266,2026-09-19T05:47:15.632+00:00,2026-09-19T05:52:15.644+00:00,2026-09-19T05:52:15.644+00:00,False,1,0.0,,0.0,300012.185175,300012.185175,300012.185175,300012.185175,300012.185175,300012.185175,nan,300012.185175,nan,nan,0.0,28,64,,True,False,"HTTPConnectionPool(host='gpu03', port=9002): Read timed out.",0,56.69694568066818
267,2026-09-19T05:47:16.127+00:00,2026-09-19T05:52:16.181+00:00,2026-09-19T05:52:16.181+00:00,False,1,0.0,,0.0,300054.797717,300054.797717,300054.797717,300054.797717,300054.797717,300054.797717,nan,300054.797717,nan,nan,0.0,28,64,,True,False,"HTTPConnectionPool(host='gpu03', port=9002): Read timed out.",0,56.69694568066818
269,2026-09-19T05:47:17.602+00:00,2026-09-19T05:52:16.659+00:00,2026-09-19T05:52:17.866+00:00,False,14,13.0,,13.0,299057.97375199996,300264.571128,300264.57107699994,21447.469362642856,0.036840000000000005,299057.97375199996,79901.80579337702,104753.59844345,92.81518276923077,32.82681850567069,0.043295151176720816,28,64,,True,False,Request timeout: 300.0s exceeded,60,56.69694568066818
268,2026-09-19T05:47:17.490+00:00,2026-09-19T05:52:16.661+00:00,2026-09-19T05:52:17.735+00:00,False,13,12.0,,12.0,299171.08355599997,300245.22653199994,300245.22652699996,23095.786655923075,0.02307,299171.08355599997,82950.30910461964,119735.59434139999,89.51191466666667,32.58317339579125,0.039967329834371394,28,64,,True,False,Request timeout: 300.0s exceeded,47,56.69694568066818
270,2026-09-19T05:47:17.617+00:00,2026-09-19T05:52:17.958+00:00,2026-09-19T05:52:17.958+00:00,False,1,0.0,,0.0,300341.371346,300341.371346,300341.371346,300341.371346,300341.371346,300341.371346,nan,300341.371346,nan,nan,0.0,28,64,,True,False,"HTTPConnectionPool(host='gpu03', port=9002): Read timed out.",0,56.69694568066818
271,2026-09-19T05:47:17.965+00:00,2026-09-19T05:52:17.980+00:00,2026-09-19T05:52:17.980+00:00,False,1,0.0,,0.0,300014.53177,300014.53177,300014.53177,300014.53177,300014.53177,300014.53177,nan,300014.53177,nan,nan,0.0,28,64,,True,False,"HTTPConnectionPool(host='gpu03', port=9002): Read timed out.",0,56.69694568066818
272,2026-09-19T05:47:18.324+00:00,2026-09-19T05:52:18.344+00:00,2026-09-19T05:52:18.344+00:00,False,1,0.0,,0.0,300020.383306,300020.383306,300020.383306,300020.383306,300020.383306,300020.383306,nan,300020.383306,nan,nan,0.0,28,64,,True,False,"HTTPConnectionPool(host='gpu03', port=9002): Read timed out.",0,56.69694568066818
273,2026-09-19T05:47:18.682+00:00,2026-09-19T05:52:18.791+00:00,2026-09-19T05:52:18.791+00:00,False,1,0.0,,0.0,300109.54824699997,300109.54824699997,300109.54824699997,300109.54824699997,300109.54824699997,300109.54824699997,nan,300109.54824699997,nan,nan,0.0,28,64,,True,False,"HTTPConnectionPool(host='gpu03', port=9002): Read timed out.",0,56.69694568066818
274,2026-09-19T05:47:19.020+00:00,2026-09-19T05:52:19.093+00:00,2026-09-19T05:52:19.093+00:00,False,1,0.0,,0.0,300073.848347,300073.848347,300073.848347,300073.848347,300073.848347,300073.848347,nan,300073.848347,nan,nan,0.0,28,64,,True,False,"HTTPConnectionPool(host='gpu03', port=9002): Read timed out.",0,56.69694568066818
275,2026-09-19T05:47:19.502+00:00,2026-09-19T05:52:19.393+00:00,2026-09-19T05:52:20.582+00:00,False,16,15.0,,15.0,299891.48145200004,301080.061548,301080.061401,18817.5038375625,0.022749,299891.48145200004,74953.06771514389,75051.69968450001,79.23867306666666,33.57347003027254,0.04982063549103071,28,64,,True,False,Request timeout: 300.0s exceeded,70,56.69694568066818
276,2026-09-19T05:47:19.829+00:00,2026-09-19T05:52:19.428+00:00,2026-09-19T05:52:20.686+00:00,False,16,15.0,,15.0,299598.418516,300856.465492,300856.46568599995,18803.529105374997,0.03756,299598.418516,74878.64361550187,74980.56855625,83.86979840000001,32.14375608669446,0.049857662109637664,28,64,,True,False,Request timeout: 300.0s exceeded,55,56.69694568066818
278,2026-09-19T05:47:20.797+00:00,2026-09-19T05:52:20.900+00:00,2026-09-19T05:52:20.900+00:00,False,1,0.0,,0.0,300103.010689,300103.010689,300103.010689,300103.010689,300103.010689,300103.010689,nan,300103.010689,nan,nan,0.0,28,64,,True,False,"HTTPConnectionPool(host='gpu03', port=9002): Read timed out.",0,56.69694568066818
277,2026-09-19T05:47:20.267+00:00,2026-09-19T05:52:21.342+00:00,2026-09-19T05:52:21.342+00:00,False,1,0.0,,0.0,301074.608741,301074.608741,301074.608741,301074.608741,301074.608741,301074.608741,nan,301074.608741,nan,nan,0.0,28,64,,True,False,"HTTPConnectionPool(host='gpu03', port=9002): Read timed out.",0,56.69694568066818
0,2026-09-19T05:45:20.800+00:00,2026-09-19T05:45:21.010+00:00,2026-09-19T05:45:24.126+00:00,True,35,35.0,,35.0,210.951572,3326.585236,3326.585272,95.04529348571428,31.159787,210.951572,33.41281324386894,131.1927664,91.63628423529411,27.040226666531137,10.521299626185199,29,64,,False,True,,153,56.69694568066818
1,2026-09-19T05:45:21.324+00:00,2026-09-19T05:45:21.551+00:00,2026-09-19T05:45:23.915+00:00,True,25,25.0,,25.0,226.934454,2590.815926,2590.815797,103.63263188,43.561679,226.934454,34.97060479153617,149.751301,98.49506133333333,24.239595061295947,9.649469786376478,29,64,,False,True,,107,56.69694568066818
2,2026-09-19T05:45:21.743+00:00,2026-09-19T05:45:22.877+00:00,2026-09-19T05:45:32.097+00:00,True,95,95.0,,95.0,1133.40328,10353.748624,10353.74856,108.98682694736841,44.310906,1133.40328,107.85328628124121,112.1471287,98.08878025531915,18.79315643568461,9.175420753386836,29,64,,False,True,,438,56.69694568066818
3,2026-09-19T05:45:22.238+00:00,2026-09-19T05:45:26.586+00:00,2026-09-19T05:45:29.329+00:00,True,28,28.0,,28.0,4347.579911999999,7090.881544,7090.881581999999,253.24577078571426,50.299213,4347.579911999999,802.6151825627829,142.13228600000002,101.60376414814814,18.308737391399266,3.948733288838029,29,64,,False,True,,119,56.69694568066818
4,2026-09-19T05:45:22.733+00:00,2026-09-19T05:45:29.009+00:00,2026-09-19T05:45:31.330+00:00,True,24,24.0,,24.0,6276.598028,8597.51758,8597.517692,358.22990383333337,49.761814,6276.598028,1260.6609951689088,113.45080149999998,100.90954573913044,11.915419449572076,2.7915034516277197,29,64,,False,True,,112,56.69694568066818
5,2026-09-19T05:45:23.060+00:00,2026-09-19T05:45:30.597+00:00,2026-09-19T05:45:32.098+00:00,True,16,16.0,,16.0,7536.301974,9037.496726,9037.496866,564.843554125,49.216716,7536.301974,1859.1112993036443,1966.73217075,100.07965013333335,14.898887411504745,1.77040174786117,29,64,,False,True,,47,56.69694568066818
6,2026-09-19T05:45:23.470+00:00,2026-09-19T05:45:32.603+00:00,2026-09-19T05:45:38.306+00:00,True,59,59.0,,59.0,9133.037434,14836.20825,14836.208034,251.46115311864406,0.0,9133.037434,1177.1055557681643,239.6620691,98.33053131034482,46.084533672350865,3.9767573362284128,29,64,,False,True,,293,56.69694568066818
7,2026-09-19T05:45:23.763+00:00,2026-09-19T05:45:34.093+00:00,2026-09-19T05:45:36.460+00:00,True,25,25.0,,25.0,10330.406132999999,12697.443572999999,12697.443457,507.89773827999994,0.0,10330.406132999999,2046.747516863003,220.96311720000003,98.62656,40.896880891302985,1.9689002637633537,29,64,,False,True,,118,56.69694568066818
8,2026-09-19T05:45:24.256+00:00,2026-09-19T05:45:37.183+00:00,2026-09-19T05:45:44.661+00:00,True,77,77.0,,77.0,12927.029602,20404.947554,20404.947500000002,264.9993181818182,0.0,12927.029602,1462.5642548012963,118.9905388,98.39365726315789,42.360716489508704,3.773594604750926,29,64,,False,True,,272,56.69694568066818
9,2026-09-19T05:45:24.542+00:00,2026-09-19T05:45:38.521+00:00,2026-09-19T05:45:40.663+00:00,True,23,23.0,,23.0,13979.45212,16121.2326,16121.23255,700.9231543478261,0.0,13979.45212,2895.168095280004,295.2134043,97.35365818181819,57.782870369863886,1.426689916998034,29,64,,False,True,,89,56.69694568066818
10,2026-09-19T05:45:25.027+00:00,2026-09-19T05:45:41.069+00:00,2026-09-19T05:45:49.306+00:00,True,85,85.0,,85.0,16041.718365,24278.699613,24278.699725000002,285.63176147058823,0.0,16041.718365,1729.8877443962533,118.8282918,98.05930057142857,44.084014930585745,3.501011230209663,29,64,,False,True,,403,56.69694568066818
11,2026-09-19T05:45:25.432+00:00,2026-09-19T05:45:43.329+00:00,2026-09-19T05:45:48.190+00:00,True,51,51.0,,51.0,17897.539802,22758.483674,22758.483596,446.24477639215684,0.0,17897.539802,2492.9471244157626,116.5773935,97.21887744,45.314350332795705,2.240922582125451,29,64,,False,True,,262,56.69694568066818
12,2026-09-19T05:45:25.899+00:00,2026-09-19T05:45:46.341+00:00,2026-09-19T05:45:52.912+00:00,True,67,67.0,,67.0,20442.876840999998,27013.856169,27013.856171999996,403.19188316417905,0.0,20442.876840999998,2485.947397384178,115.78033520000001,99.56029284848485,55.749438500231825,2.480208659616929,29,64,,False,True,,258,56.69694568066818
13,2026-09-19T05:45:26.383+00:00,2026-09-19T05:45:48.889+00:00,2026-09-19T05:45:50.850+00:00,True,21,21.0,,21.0,22506.745952,24467.104864,24467.104774,1165.1002273333334,0.0,22506.745952,4890.532855876252,378.342058,98.01794559999999,75.07815265031114,0.8582952546583732,29,64,,False,True,,101,56.69694568066818
14,2026-09-19T05:45:26.864+00:00,2026-09-19T05:45:51.458+00:00,2026-09-19T05:46:00.230+00:00,True,93,93.0,,93.0,24594.477088,33365.785888,33365.786011,358.77189259139783,0.0,24594.477088,2541.7063736378077,116.32607479999999,95.34031304347826,80.59546637094664,2.7872863631078877,29,64,,False,True,,314,56.69694568066818
15,2026-09-19T05:45:27.235+00:00,2026-09-19T05:45:53.498+00:00,2026-09-19T05:45:57.591+00:00,True,45,45.0,,45.0,26262.580932,30355.738820000002,30355.738855,674.5719745555556,0.0,26262.580932,3901.6822638188396,111.88548499999999,93.02631563636363,66.59133273561835,1.4824215041128093,29,64,,False,True,,179,56.69694568066818
16,2026-09-19T05:45:27.536+00:00,2026-09-19T05:45:54.947+00:00,2026-09-19T05:46:02.247+00:00,True,79,79.0,,79.0,27411.351975,34710.538151,34710.538079,439.37389973417726,0.0,27411.351975,3074.0811754578804,114.279669,93.57930994871795,60.69835005179074,2.2759658653613823,29,64,,False,True,,272,56.69694568066818
17,2026-09-19T05:45:28.008+00:00,2026-09-19T05:45:57.700+00:00,2026-09-19T05:46:02.244+00:00,True,48,48.0,,48.0,29692.047660999997,34235.676204999996,34235.676146,713.2432530416665,0.0,29692.047660999997,4272.381692159099,120.77607524999999,96.67294774468085,75.75058233640618,1.4020462079551324,29,64,,False,True,,195,56.69694568066818
18,2026-09-19T05:45:28.375+00:00,2026-09-19T05:46:00.183+00:00,2026-09-19T05:46:05.780+00:00,True,57,57.0,,57.0,31807.117522999997,37404.599507,37404.599334,656.2210409473684,0.0,31807.117522999997,4200.381857018641,116.6584186,99.95503542857143,75.44981598931332,1.523876762517745,29,64,,False,True,,168,56.69694568066818
19,2026-09-19T05:45:28.884+00:00,2026-09-19T05:46:02.345+00:00,2026-09-19T05:46:10.266+00:00,True,80,80.0,,80.0,33460.85408,41382.016575999995,41382.016768999994,517.2752096125,0.0,33460.85408,3730.743705752838,112.15290885,100.26787969620253,83.2309751701168,1.9332069004678947,29,64,,False,True,,231,56.69694568066818
20,2026-09-19T05:45:29.297+00:00,2026-09-19T05:46:04.999+00:00,2026-09-19T05:46:11.649+00:00,True,68,68.0,,68.0,35702.635818999996,42352.363819,42352.36384799999,622.828880117647,0.0,35702.635818999996,4318.417972972999,114.21421325,99.24967164179104,87.49468752378203,1.6055774428697658,29,64,,False,True,,238,56.69694568066818
21,2026-09-19T05:45:29.797+00:00,2026-09-19T05:46:07.593+00:00,2026-09-19T05:46:07.950+00:00,True,5,5.0,,5.0,37795.359063,38152.274007,38152.273922,7630.454784400001,54.773783,37795.359063,16862.707754505067,30258.356922800005,89.228736,24.75611678192092,0.13105378722858363,29,64,,False,True,,15,56.69694568066818
22,2026-09-19T05:45:30.314+00:00,2026-09-19T05:46:10.166+00:00,2026-09-19T05:46:18.341+00:00,True,86,86.0,,86.0,39852.539081,48027.333577000005,48027.333468000004,558.4573659069767,0.0,39852.539081,4287.721030347771,111.51927775,96.17405289411765,76.92241183953102,1.7906469835998737,29,64,,False,True,,387,56.69694568066818
23,2026-09-19T05:45:30.640+00:00,2026-09-19T05:46:11.343+00:00,2026-09-19T05:46:18.811+00:00,True,79,79.0,,79.0,40702.82425,48171.238458,48171.238582,609.7625136962025,0.0,40702.82425,4569.35374377715,112.6458936,95.7489001025641,80.54398683450893,1.639982747565838,29,64,,False,True,,422,56.69694568066818
24,2026-09-19T05:45:31.065+00:00,2026-09-19T05:46:13.958+00:00,2026-09-19T05:46:17.549+00:00,True,39,39.0,,39.0,42892.446689000004,46483.807457,46483.807393,1191.8924972564103,42.208062,42892.446689000004,6853.1870891965955,111.8570639,94.50949389473683,21.362494337622167,0.8390018402876545,29,64,,False,True,,146,56.69694568066818
25,2026-09-19T05:45:31.361+00:00,2026-09-19T05:46:15.417+00:00,2026-09-19T05:46:19.615+00:00,True,44,44.0,,44.0,44056.124219,48253.444411,48253.444552,1096.6691943636363,41.252784,44056.124219,6627.024505161648,115.28957065,97.61209748837209,19.99331303975759,0.911852004288623,29,64,,False,True,,172,56.69694568066818
26,2026-09-19T05:45:31.808+00:00,2026-09-19T05:46:17.970+00:00,2026-09-19T05:46:22.852+00:00,True,50,50.0,,50.0,46161.754435,51044.251203,51044.251172000004,1020.88502344,0.0,46161.754435,6516.217410077111,425.2710556,99.64279118367347,165.17735227919215,0.9795422368163053,29,64,,False,True,,273,56.69694568066818
27,2026-09-19T05:45:32.331+00:00,2026-09-19T05:46:21.006+00:00,2026-09-19T05:46:24.335+00:00,True,35,35.0,,35.0,48675.556189,52004.071773,52004.071766,1485.8306218857144,0.016079999999999997,48675.556189,8212.563029935904,364.1053873,97.89751717647059,156.101226494156,0.673024223041159,29,64,,False,True,,175,56.69694568066818
28,2026-09-19T05:45:32.716+00:00,2026-09-19T05:46:23.647+00:00,2026-09-19T05:46:25.938+00:00,True,23,23.0,,23.0,50930.959946,53222.230602,53222.230394000006,2314.010017130435,54.215074,50930.959946,10598.130135015941,120.52169400000001,104.14866618181819,12.784624003268732,0.43215024511084094,29,64,,False,True,,138,56.69694568066818
29,2026-09-19T05:45:33.119+00:00,2026-09-19T05:46:25.507+00:00,2026-09-19T05:46:27.466+00:00,True,19,19.0,,19.0,52388.081571999996,54347.163812,54347.163868999996,2860.377045736842,99.66114599999999,52388.081571999996,11993.682086078677,5346.273412299999,108.83790222222223,5.124900344428764,0.3496042602282909,29,64,,False,True,,71,56.69694568066818
30,2026-09-19T05:45:33.501+00:00,2026-09-19T05:46:27.469+00:00,2026-09-19T05:46:29.402+00:00,True,19,19.0,,19.0,53967.909073,55900.497873,55900.497869000006,2942.131466789474,0.0,53967.909073,12357.723177914604,6123.6427468,107.36604444444444,182.0969806309331,0.3398896382491259,29,64,,False,True,,91,56.69694568066818
31,2026-09-19T05:45:33.934+00:00,2026-09-19T05:46:29.772+00:00,2026-09-19T05:46:34.191+00:00,True,44,44.0,,44.0,55837.51417,60256.76921,60256.769152,1369.4720261818181,50.361112,55837.51417,8402.341355367784,116.01855485,102.77337302325581,14.976294046649796,0.730208416031338,29,64,,False,True,,196,56.69694568066818
32,2026-09-19T05:45:34.345+00:00,2026-09-19T05:46:31.725+00:00,2026-09-19T05:46:41.326+00:00,True,96,96.0,,96.0,57380.608743000004,66980.856039,66980.85605300001,697.7172505520833,0.0,57380.608743000004,5847.057330886872,116.43885949999999,101.05523469473684,108.0203791434455,1.4332453431784065,29,64,,False,True,,465,56.69694568066818
33,2026-09-19T05:45:34.823+00:00,2026-09-19T05:46:34.715+00:00,2026-09-19T05:46:44.026+00:00,True,95,95.0,,95.0,59891.835835,69202.61957899999,69202.619603,728.4486274,0.0,59891.835835,6135.612192409447,115.3801455,99.05089089361702,111.47051901776673,1.3727804030821458,29,64,,False,True,,424,56.69694568066818
34,2026-09-19T05:45:35.276+00:00,2026-09-19T05:46:37.716+00:00,2026-09-19T05:46:43.664+00:00,True,66,66.0,,66.0,62439.83908,68387.421288,68387.421238,1036.173049060606,0.0,62439.83908,7675.327405755037,113.956948,91.50126473846154,110.09857432960064,0.9650897600313681,29,64,,False,True,,294,56.69694568066818
35,2026-09-19T05:45:35.650+00:00,2026-09-19T05:46:39.506+00:00,2026-09-19T05:46:44.648+00:00,True,53,53.0,,53.0,63856.019972,68997.482244,68997.48221,1301.839286981132,48.477396,63856.019972,8757.735543248145,112.26945919999999,98.87427446153846,17.956340618966927,0.7681439710013312,29,64,,False,True,,231,56.69694568066818
36,2026-09-19T05:45:35.938+00:00,2026-09-19T05:46:40.812+00:00,2026-09-19T05:46:45.887+00:00,True,52,52.0,,52.0,64874.540559,69948.903695,69948.903904,1345.171228923077,46.374081,64874.540559,8982.698418863667,112.16251455000001,99.49731639215688,17.187113838569235,0.7433997854596397,29,64,,False,True,,104,56.69694568066818
37,2026-09-19T05:45:36.361+00:00,2026-09-19T05:46:43.141+00:00,2026-09-19T05:46:45.182+00:00,True,22,22.0,,22.0,66780.335751,68821.708167,68821.708302,3128.2594682727276,45.873092,66780.335751,14216.904252519455,111.5798576,97.20821028571429,20.219333403000785,0.31966657884479815,29,64,,False,True,,97,56.69694568066818
38,2026-09-19T05:45:36.735+00:00,2026-09-19T05:46:44.858+00:00,2026-09-19T05:46:53.225+00:00,True,86,86.0,,86.0,68123.20794400001,76490.33063200001,76490.33058400001,889.4224486511629,0.0,68123.20794400001,7336.105083248801,111.646188,98.43673750588235,109.34528496578324,1.1243251178211222,29,64,,False,True,,402,56.69694568066818
39,2026-09-19T05:45:37.152+00:00,2026-09-19T05:46:46.941+00:00,2026-09-19T05:46:51.345+00:00,True,47,47.0,,47.0,69789.17996899999,74192.63264099999,74192.63255799998,1578.5666501702126,0.0,69789.17996899999,10166.881094955894,109.5454953,95.727232,147.46145266629358,0.6334860797758924,29,64,,False,True,,221,56.69694568066818
40,2026-09-19T05:45:37.670+00:00,2026-09-19T05:46:49.737+00:00,2026-09-19T05:46:54.612+00:00,True,50,50.0,,50.0,72067.149096,76942.6394,76942.639468,1538.8527893599999,0.0,72067.149096,10178.779636070309,191.30932375,99.49980212244898,145.37990557385098,0.6498347390978636,29,64,,False,True,,251,56.69694568066818
41,2026-09-19T05:45:38.004+00:00,2026-09-19T05:46:51.924+00:00,2026-09-19T05:46:59.324+00:00,True,73,73.0,,73.0,73920.39106299999,81320.43919099998,81320.43921199998,1113.9786193424657,0.01662,73920.39106299999,8640.16660164504,118.61922340000001,102.77844622222223,90.6106835597291,0.8976832974123825,29,64,,False,True,,327,56.69694568066818
42,2026-09-19T05:45:38.420+00:00,2026-09-19T05:46:53.436+00:00,2026-09-19T05:46:59.332+00:00,True,59,59.0,,59.0,75016.228085,80911.341045,80911.34112499999,1371.3786631355931,0.01601,75016.228085,9753.54564134255,118.27533740000001,101.63987862068966,99.3206418747869,0.7291932037955755,29,64,,False,True,,255,56.69694568066818
43,2026-09-19T05:45:38.837+00:00,2026-09-19T05:46:56.127+00:00,2026-09-19T05:47:03.100+00:00,True,69,69.0,,69.0,77290.40741300001,84262.78552500001,84262.78572700001,1221.1997931449278,47.260579,77290.40741300001,9292.340300731352,114.3400334,102.53497223529412,15.311587398842441,0.8188668291713228,29,64,,False,True,,235,56.69694568066818
44,2026-09-19T05:45:39.269+00:00,2026-09-19T05:46:58.674+00:00,2026-09-19T05:47:05.455+00:00,True,70,70.0,,70.0,79404.674997,86185.57611699999,86185.576099,1231.2225157,0.0,79404.674997,9479.952263559939,114.6493325,98.2739292753623,140.37629064899184,0.8122008711176044,29,64,,False,True,,278,56.69694568066818
45,2026-09-19T05:45:39.670+00:00,2026-09-19T05:47:01.301+00:00,2026-09-19T05:47:09.865+00:00,True,89,89.0,,89.0,81630.684267,90194.654827,90194.654836,1013.4230880449438,0.0,81630.684267,8643.393968266491,111.16607339999999,97.31784727272726,123.6477267848504,0.9867547048182462,29,64,,False,True,,389,56.69694568066818
46,2026-09-19T05:45:40.137+00:00,2026-09-19T05:47:04.854+00:00,2026-09-19T05:47:09.974+00:00,True,60,60.0,,60.0,84717.267109,89837.71920499999,89837.719336,1497.2953222666665,0.0,84717.267109,10925.80101755974,111.06046755,86.78732366101696,34.34230512580542,0.6678709180392979,29,64,,False,True,,189,56.69694568066818
47,2026-09-19T05:45:40.524+00:00,2026-09-19T05:47:06.032+00:00,2026-09-19T05:47:15.190+00:00,True,95,95.0,,95.0,85507.92304899999,94666.02583299999,94666.025673,996.4844807684209,43.260608,85507.92304899999,8762.950093471465,109.48235569999999,97.42662536170214,17.88440918800808,1.0035279200120766,29,64,,False,True,,445,56.69694568066818
48,2026-09-19T05:45:40.873+00:00,2026-09-19T05:47:08.051+00:00,2026-09-19T05:47:11.593+00:00,True,36,36.0,,36.0,87178.06897499999,90719.82667099999,90719.82674499998,2519.9951873611108,48.354427,87178.06897499999,14512.818627131039,111.24847875000002,101.19307702857142,13.364606279824908,0.3968261549986841,29,64,,False,True,,159,56.69694568066818
49,2026-09-19T05:45:41.181+00:00,2026-09-19T05:47:10.080+00:00,2026-09-19T05:47:18.459+00:00,True,87,87.0,,87.0,88898.263273,97277.317097,97277.316985,1118.1300802873563,0.01745,88898.263273,9520.995752407036,112.22394690000002,97.43085841860466,102.67443051573586,0.8943503233466853,29,64,,False,True,,352,56.69694568066818
50,2026-09-19T05:45:41.492+00:00,2026-09-19T05:47:11.591+00:00,2026-09-19T05:47:14.118+00:00,True,27,27.0,,27.0,90099.71304,92626.60353600001,92626.603591,3430.614947814815,45.990392,90099.71304,17321.0022925414,112.13356239999999,97.188096,17.28366880854152,0.2914929293451449,29,64,,False,True,,120,56.69694568066818
51,2026-09-19T05:45:41.789+00:00,2026-09-19T05:47:13.498+00:00,2026-09-19T05:47:22.460+00:00,True,93,93.0,,93.0,91708.997659,100671.046427,100671.046462,1082.4843705591397,0.0,91708.997659,9501.243664209038,113.7364174,97.41357356521739,173.38342797720267,0.9238008672874725,29,64,,False,True,,370,56.69694568066818
52,2026-09-19T05:45:42.231+00:00,2026-09-19T05:47:16.100+00:00,2026-09-19T05:47:18.351+00:00,True,24,24.0,,24.0,93869.576234,96120.705322,96120.70518199999,4005.0293825833332,0.01654,93869.576234,19142.19108489387,910.5855984499999,97.87517773913044,211.9826482381506,0.24968605795807564,29,64,,False,True,,109,56.69694568066818
53,2026-09-19T05:45:42.690+00:00,2026-09-19T05:47:18.196+00:00,2026-09-19T05:47:22.351+00:00,True,43,43.0,,43.0,95506.367285,99661.549877,99661.549975,2317.7104645348836,0.0,95506.367285,14550.826276515287,108.99776600000001,98.93291885714285,199.03698463948012,0.4314602778410492,29,64,,False,True,,179,56.69694568066818
54,2026-09-19T05:45:43.013+00:00,2026-09-19T05:47:20.398+00:00,2026-09-19T05:47:22.349+00:00,True,22,22.0,,22.0,97385.45164,99336.25612,99336.256074,4515.284367,0.0,97385.45164,20742.861991072397,113.14777135,92.89545142857143,29.006337428856842,0.22146999352807903,29,64,,False,True,,77,56.69694568066818
55,2026-09-19T05:45:43.486+00:00,2026-09-19T05:47:22.461+00:00,2026-09-19T05:47:23.508+00:00,True,12,12.0,,12.0,98974.35233499999,100021.381327,100021.381369,8335.115114083332,47.510669,98974.35233499999,28543.96609107333,44602.3871226,95.18445381818181,23.76737243950965,0.11997434789236101,29,64,,False,True,,53,56.69694568066818
56,2026-09-19T05:45:44.011+00:00,2026-09-19T05:47:25.445+00:00,2026-09-19T05:47:30.374+00:00,True,52,52.0,,52.0,101434.32886499999,106363.50467299999,106363.504666,2045.4520128076922,44.508486,101434.32886499999,14053.020644401135,110.34228370000001,96.65050603921568,19.398905435420712,0.48888949419132877,29,64,,False,True,,219,56.69694568066818
57,2026-09-19T05:45:44.469+00:00,2026-09-19T05:47:28.076+00:00,2026-09-19T05:47:29.244+00:00,True,13,13.0,,13.0,103606.79747,104775.346078,104775.345919,8059.641993769231,46.310370999999996,103606.79747,28708.35179791628,41508.7261532,97.37905066666667,16.676608898841174,0.12407498983894695,29,64,,True,True,,39,56.69694568066818
58,2026-09-19T05:45:44.941+00:00,2026-09-19T05:47:30.480+00:00,2026-09-19T05:47:31.150+00:00,True,8,8.0,,8.0,105539.141344,106208.807648,106208.807713,13276.100964125,50.75877,105539.141344,37279.90260521938,68638.52784565,95.66661485714285,20.00800757594815,0.0753233199502042,29,64,,True,True,,28,56.69694568066818
59,2026-09-19T05:45:45.258+00:00,2026-09-19T05:47:32.575+00:00,2026-09-19T05:47:33.926+00:00,True,15,15.0,,15.0,107317.194777,108668.033817,108668.034019,7244.535601266666,49.139614,107317.194777,27684.27422899547,32273.239455,96.48850285714285,20.30554786167175,0.13803507317764135,29,64,,True,True,,39,56.69694568066818
60,2026-09-19T05:45:45.639+00:00,2026-09-19T05:47:34.458+00:00,2026-09-19T05:47:37.073+00:00,True,27,27.0,,27.0,108819.200292,111434.10793999999,111434.10785999999,4127.189179999999,46.71886,108819.200292,20922.91502643127,110.7793296,100.57337107692307,15.498776250178754,0.24229565345053725,29,64,,True,True,,91,56.69694568066818
61,2026-09-19T05:45:46.039+00:00,2026-09-19T05:47:36.546+00:00,2026-09-19T05:47:42.182+00:00,True,60,60.0,,60.0,110506.842655,116142.547487,116142.547583,1935.7091263833333,46.696220000000004,110506.842655,14254.057038068277,111.4302955,95.52042088135593,21.96056114078892,0.5166065434092177,29,64,,True,True,,204,56.69694568066818
62,2026-09-19T05:45:46.534+00:00,2026-09-19T05:47:38.955+00:00,2026-09-19T05:47:42.291+00:00,True,36,36.0,,36.0,112420.531084,115756.651148,115756.651159,3215.4625321944445,47.702628,112420.531084,18720.882192406112,114.2751505,95.3177161142857,22.639283167642677,0.31099724847751864,29,64,,True,True,,182,56.69694568066818
63,2026-09-19T05:45:46.887+00:00,2026-09-19T05:47:41.119+00:00,2026-09-19T05:47:51.126+00:00,True,100,100.0,,100.0,114231.827458,124239.73581,124239.735736,1242.39735736,48.369845999999995,114231.827458,11413.082640349472,111.47477945,101.08998335353536,14.319920494233452,0.8048954655934728,29,64,,True,True,,363,56.69694568066818
64,2026-09-19T05:45:47.346+00:00,2026-09-19T05:47:43.866+00:00,2026-09-19T05:47:47.379+00:00,True,36,36.0,,36.0,116520.37795200001,120033.896544,120033.89656000001,3334.274904444445,45.349762999999996,116520.37795200001,19403.33662753199,111.03704575,100.38624548571428,13.668122515316668,0.29991528257023403,29,64,,True,True,,130,56.69694568066818
65,2026-09-19T05:45:47.803+00:00,2026-09-19T05:47:45.946+00:00,2026-09-19T05:47:53.199+00:00,True,73,73.0,,73.0,118143.26073800001,125396.594754,125396.59474900001,1717.7615719041098,45.537362,118143.26073800001,13815.839827821963,111.87420000000002,100.74075022222222,14.850526889845494,0.5821529694901973,29,64,,True,True,,272,56.69694568066818
66,2026-09-19T05:45:48.258+00:00,2026-09-19T05:47:48.330+00:00,2026-09-19T05:47:52.683+00:00,True,45,45.0,,45.0,120071.97429000001,124424.35265800002,124424.35255800001,2764.9856124000003,45.664442,120071.97429000001,17884.53599825271,110.5277684,98.91769018181819,17.80640401133322,0.36166553442869503,29,64,,True,True,,181,56.69694568066818
67,2026-09-19T05:45:48.763+00:00,2026-09-19T05:47:51.230+00:00,2026-09-19T05:47:57.539+00:00,True,65,65.0,,65.0,122467.372112,128776.021072,128776.021174,1981.1695565230768,48.341235999999995,122467.372112,15177.988323201036,108.3558604,98.57264,14.437085476524386,0.5047523557484187,29,64,,True,True,,286,56.69694568066818
68,2026-09-19T05:45:49.228+00:00,2026-09-19T05:47:53.604+00:00,2026-09-19T05:48:02.227+00:00,True,89,89.0,,89.0,124375.857234,132998.803282,132998.80336299998,1494.3685771123594,44.282756,124375.857234,13173.43848660797,110.6971544,97.98802327272726,16.884228992087948,0.6691789535225481,29,64,,True,True,,356,56.69694568066818
69,2026-09-19T05:45:49.529+00:00,2026-09-19T05:47:54.866+00:00,2026-09-19T05:48:00.576+00:00,True,59,59.0,,59.0,125337.25319599999,131046.59719599999,131046.597201,2221.128766118644,46.160342,125337.25319599999,16304.713900557052,110.3941979,98.43696551724138,17.090841419805873,0.4502215338850545,29,64,,True,True,,225,56.69694568066818
70,2026-09-19T05:45:49.891+00:00,2026-09-19T05:47:56.702+00:00,2026-09-19T05:47:59.326+00:00,True,27,27.0,,27.0,126810.747888,129434.909168,129434.909184,4793.885525333333,49.368154000000004,126810.747888,24385.320407041756,111.6488372,100.92928,15.017593091500478,0.20859905703611503,29,64,,True,True,,125,56.69694568066818
71,2026-09-19T05:45:50.424+00:00,2026-09-19T05:48:00.049+00:00,2026-09-19T05:48:05.397+00:00,True,55,55.0,,55.0,129625.14103900001,134972.835119,134972.835209,2454.0515492545455,48.826854,129625.14103900001,17465.305515224394,110.0911174,99.03137185185184,17.34250999978781,0.40748940297141095,29,64,,True,True,,260,56.69694568066818
72,2026-09-19T05:45:50.861+00:00,2026-09-19T05:48:02.327+00:00,2026-09-19T05:48:11.851+00:00,True,96,96.0,,96.0,131465.977961,140989.823593,140989.823734,1468.6439972291666,47.234299,131465.977961,13407.469167539657,113.10853800000001,100.25100665263157,17.111143713955336,0.6809002065079985,29,64,,True,True,,471,56.69694568066818
73,2026-09-19T05:45:51.327+00:00,2026-09-19T05:48:04.490+00:00,2026-09-19T05:48:06.242+00:00,True,19,19.0,,19.0,133162.435814,134914.71127,134914.71146,7100.774287368421,47.721937,133162.435814,30527.231838216405,13420.483126699999,97.34863644444445,21.594152540154553,0.14082971249870577,29,64,,True,True,,56,56.69694568066818
74,2026-09-19T05:45:51.679+00:00,2026-09-19T05:48:06.247+00:00,2026-09-19T05:48:08.407+00:00,True,22,22.0,,22.0,134567.84278799998,136728.23677199997,136728.236659,6214.919848136363,47.488877,134567.84278799998,28668.030534412355,114.51446365,102.875904,14.028372493340202,0.1609031208139246,29,64,,True,True,,122,56.69694568066818
75,2026-09-19T05:45:52.238+00:00,2026-09-19T05:48:07.824+00:00,2026-09-19T05:48:12.682+00:00,True,49,49.0,,49.0,135586.173357,140444.520365,140444.520479,2866.214703653061,48.011917000000004,135586.173357,19355.00058495239,111.345905,101.21556266666667,16.171046977724338,0.348892216461378,29,64,,True,True,,165,56.69694568066818
76,2026-09-19T05:45:52.372+00:00,2026-09-19T05:48:10.371+00:00,2026-09-19T05:48:18.398+00:00,True,81,81.0,,81.0,137999.623317,146026.108821,146026.10876099998,1802.791466185185,45.295093,137999.623317,15322.151812593833,111.112448,100.3310688,15.980459666889931,0.5546953257467845,29,64,,True,True,,284,56.69694568066818
77,2026-09-19T05:45:52.822+00:00,2026-09-19T05:48:12.576+00:00,2026-09-19T05:48:17.695+00:00,True,52,52.0,,52.0,139753.26142300002,144872.80702300003,144872.80706900003,2786.0155205576925,42.49785,139753.26142300002,19366.37574060429,113.4885187,100.38324705882353,15.407575295615462,0.35893554538323036,29,64,,True,True,,232,56.69694568066818
78,2026-09-19T05:45:53.152+00:00,2026-09-19T05:48:14.598+00:00,2026-09-19T05:48:20.152+00:00,True,56,56.0,,56.0,141446.260386,147000.739234,147000.739306,2625.0132018928575,46.56146,141446.260386,18888.06402651977,111.49825700000001,100.99052450909092,17.374586016941258,0.3809504652276448,29,64,,True,True,,256,56.69694568066818
79,2026-09-19T05:45:53.492+00:00,2026-09-19T05:48:16.372+00:00,2026-09-19T05:48:20.879+00:00,True,45,45.0,,45.0,142880.546431,147387.67475099998,147387.67468199998,3275.2816596,50.530881,142880.546431,21284.10886235475,113.82815919999999,102.43473454545455,14.204204302669265,0.30531725312868935,29,64,,True,True,,201,56.69694568066818
80,2026-09-19T05:45:53.983+00:00,2026-09-19T05:48:19.558+00:00,2026-09-19T05:48:26.882+00:00,True,77,77.0,,77.0,145575.49709400002,152898.71066200003,152898.71064900002,1985.697540896104,48.015008,145575.49709400002,16578.897987143027,109.70106699999998,96.35807326315789,19.6069482651529,0.5036013689495215,29,64,,True,True,,320,56.69694568066818
81,2026-09-19T05:45:54.470+00:00,2026-09-19T05:48:21.962+00:00,2026-09-19T05:48:29.358+00:00,True,78,78.0,,78.0,147491.914077,154888.43734099998,154888.43734899999,1985.7491967820513,46.173911,147491.914077,16689.30746545966,111.7873309,96.05874368831168,21.186606619473398,0.5035882686857793,29,64,,True,True,,429,56.69694568066818
82,2026-09-19T05:45:54.935+00:00,2026-09-19T05:48:24.561+00:00,2026-09-19T05:48:31.602+00:00,True,73,73.0,,73.0,149626.041995,156667.19092300002,156667.190886,2146.1259025479453,47.696078,149626.041995,17500.968252303886,110.90933199999999,97.7937351111111,19.339936327199275,0.4659558875723928,29,64,,True,True,,364,56.69694568066818
83,2026-09-19T05:45:55.336+00:00,2026-09-19T05:48:26.670+00:00,2026-09-19T05:48:32.233+00:00,True,57,57.0,,57.0,151334.002021,156897.112421,156897.112241,2752.5809165087717,46.783599,151334.002021,20031.527673883713,112.07135539999999,99.34125714285715,17.496048611792062,0.3632954049979749,29,64,,True,True,,232,56.69694568066818
84,2026-09-19T05:45:55.650+00:00,2026-09-19T05:48:28.430+00:00,2026-09-19T05:48:37.825+00:00,True,96,96.0,,96.0,152779.36976,162174.57104,162174.571047,1689.3184484062501,44.046436,152779.36976,15582.896905018259,113.5065705,98.89685557894737,18.942855981330254,0.5919547027895131,29,64,,True,True,,407,56.69694568066818
85,2026-09-19T05:45:56.134+00:00,2026-09-19T05:48:31.232+00:00,2026-09-19T05:48:35.267+00:00,True,40,40.0,,40.0,155097.115926,159132.211222,159132.211444,3978.3052861,51.466859,155097.115926,24506.651276212826,114.03123855,103.46398194871796,12.541019380619218,0.2513633141451,29,64,,True,True,,180,56.69694568066818
86,2026-09-19T05:45:56.640+00:00,2026-09-19T05:48:33.512+00:00,2026-09-19T05:48:40.464+00:00,True,70,70.0,,70.0,156872.61013,163824.72968199998,163824.72971299998,2340.3532816142856,47.961817,156872.61013,18737.82916389214,114.42781395,100.75535582608696,18.049785211290978,0.42728591791896703,29,64,,True,True,,330,56.69694568066818
87,2026-09-19T05:45:57.151+00:00,2026-09-19T05:48:36.694+00:00,2026-09-19T05:48:38.258+00:00,True,17,17.0,,17.0,159543.026595,161106.918819,161106.918776,9476.877575058823,47.503687,159543.026595,38671.168698474554,32000.825126199998,97.743264,24.449691281562473,0.10551998712792166,29,64,,True,True,,62,56.69694568066818
88,2026-09-19T05:45:57.608+00:00,2026-09-19T05:48:38.911+00:00,2026-09-19T05:48:41.423+00:00,True,25,25.0,,25.0,161302.17808500002,163814.30454900002,163814.30464500003,6552.572185800001,48.921105000000004,161302.17808500002,32239.50350323486,116.29397080000001,104.671936,12.36996856155167,0.1526118251322919,29,64,,True,True,,119,56.69694568066818
89,2026-09-19T05:45:57.897+00:00,2026-09-19T05:48:40.680+00:00,2026-09-19T05:48:48.237+00:00,True,77,77.0,,77.0,162782.871087,170339.213871,170339.213969,2212.197584012987,43.641607,162782.871087,18539.506831024024,111.25591660000002,99.42556294736843,16.897148904534856,0.45203918845318286,29,64,,True,True,,343,56.69694568066818
90,2026-09-19T05:45:58.206+00:00,2026-09-19T05:48:42.174+00:00,2026-09-19T05:48:44.350+00:00,True,23,23.0,,23.0,163968.67332899998,166144.667697,166144.66777899998,7223.681207782608,47.537558,163968.67332899998,34169.211772059265,109.99937840000001,98.90883490909091,16.59712541074486,0.13843357309513762,29,64,,True,True,,77,56.69694568066818
91,2026-09-19T05:45:58.718+00:00,2026-09-19T05:48:44.972+00:00,2026-09-19T05:48:47.925+00:00,True,32,32.0,,32.0,166253.684573,169206.066269,169206.06633600002,5287.689573000001,45.385433,166253.684573,29372.948309651343,114.4551491,95.23811922580644,20.979090735078827,0.18911851510765057,29,64,,True,True,,152,56.69694568066818
92,2026-09-19T05:45:59.058+00:00,2026-09-19T05:48:47.141+00:00,2026-09-19T05:48:50.427+00:00,True,34,34.0,,34.0,168082.870391,171369.577847,171369.577799,5040.281699970588,44.926854,168082.870391,28808.89869547537,110.14429015,99.59719563636364,17.261545820605185,0.19840160912548577,29,64,,True,True,,140,56.69694568066818
93,2026-09-19T05:45:59.587+00:00,2026-09-19T05:48:49.528+00:00,2026-09-19T05:48:58.053+00:00,True,85,85.0,,85.0,169940.895407,178466.78110300002,178466.78101900002,2099.6091884588236,47.694998,169940.895407,18421.674529282107,111.03452419999999,101.49863923809524,14.295769624261817,0.47627911185859984,29,64,,True,True,,171,56.69694568066818
94,2026-09-19T05:46:00.049+00:00,2026-09-19T05:48:52.200+00:00,2026-09-19T05:48:59.096+00:00,True,70,70.0,,70.0,172151.51851499997,179047.42328299998,179047.42320299998,2557.8203314714283,48.161957,172151.51851499997,20564.104126756305,113.62055984999999,99.9406488115942,17.46852890123262,0.3909578742686452,29,64,,True,True,,278,56.69694568066818
95,2026-09-19T05:46:00.406+00:00,2026-09-19T05:48:53.944+00:00,2026-09-19T05:49:00.588+00:00,True,68,68.0,,68.0,173537.984207,180181.309135,180181.309228,2649.725135705882,46.410691,173537.984207,21032.554405630683,111.1867882,99.15410340298509,17.13220328637508,0.3773976353399193,29,64,,True,True,,315,56.69694568066818
96,2026-09-19T05:46:00.755+00:00,2026-09-19T05:48:55.505+00:00,2026-09-19T05:49:02.726+00:00,True,75,75.0,,75.0,174749.765787,181971.210139,181971.210139,2426.2828018533337,47.029830000000004,174749.765787,20167.10564865932,111.71903999999999,97.58708583783785,19.364315222467816,0.41215310895998725,29,64,,True,True,,260,56.69694568066818
97,2026-09-19T05:46:01.135+00:00,2026-09-19T05:48:57.689+00:00,2026-09-19T05:49:07.131+00:00,True,96,96.0,,96.0,176553.89547400002,185996.044338,185996.04450000002,1937.4587968750002,46.7521,176553.89547400002,18009.320676488627,112.31630999999999,99.39104067368422,17.310434860970403,0.516140009007636,29,64,,True,True,,450,56.69694568066818
98,2026-09-19T05:46:01.428+00:00,2026-09-19T05:48:59.500+00:00,2026-09-19T05:49:06.213+00:00,True,68,68.0,,68.0,178071.809656,184785.340792,184785.340632,2717.431479882353,46.114781,178071.809656,21582.233625078286,111.05299435,100.20195725373134,16.307237095487608,0.3679945590302148,29,64,,True,True,,265,56.69694568066818
99,2026-09-19T05:46:01.934+00:00,2026-09-19T05:49:02.414+00:00,2026-09-19T05:49:03.997+00:00,True,16,16.0,,16.0,180479.560021,182062.56674100002,182062.56687600003,11378.910429750002,99.426366,180479.560021,45093.50671773808,45204.769353250005,105.53378133333332,3.932861032350634,0.08788187646921075,29,64,,True,True,,67,56.69694568066818
100,2026-09-19T05:46:02.256+00:00,2026-09-19T05:49:04.413+00:00,2026-09-19T05:49:08.311+00:00,True,40,40.0,,40.0,182157.490986,186055.577642,186055.577604,4651.3894401,45.603113,182157.490986,28785.83122706548,113.81410605,99.9509398974359,19.806357620971824,0.214989523597977,29,64,,True,True,,170,56.69694568066818
101,2026-09-19T05:46:02.616+00:00,2026-09-19T05:49:06.435+00:00,2026-09-19T05:49:16.330+00:00,True,99,99.0,,99.0,183818.60492800002,193714.057088,193714.057246,1956.707648949495,48.328826,183818.60492800002,18464.32414412323,113.97274400000002,100.97400163265306,16.731366129783574,0.5110625500710384,29,64,,True,True,,248,56.69694568066818
102,2026-09-19T05:46:02.925+00:00,2026-09-19T05:49:07.828+00:00,2026-09-19T05:49:08.526+00:00,True,8,8.0,,8.0,184903.682799,185601.862639,185601.862445,23200.232805625,51.758207999999996,184903.682799,65338.063622410984,120227.31237705,99.73997714285714,21.503146396627226,0.043103015703889726,29,64,,True,True,,33,56.69694568066818
103,2026-09-19T05:46:03.386+00:00,2026-09-19T05:49:10.456+00:00,2026-09-19T05:49:20.274+00:00,True,100,100.0,,100.0,187070.16157,196888.81808199998,196888.818011,1968.88818011,42.740119,187070.16157,18697.10759715309,112.46911045,99.17834860606061,18.718126943817083,0.5079008598566128,29,64,,True,True,,363,56.69694568066818
104,2026-09-19T05:46:03.849+00:00,2026-09-19T05:49:12.659+00:00,2026-09-19T05:49:18.933+00:00,True,63,63.0,,63.0,188809.885146,195083.565274,195083.56530699998,3096.5645286825393,44.044686,188809.885146,23775.06735849971,114.917872,101.18838916129032,17.474037971398968,0.32293853104188885,29,64,,True,True,,229,56.69694568066818
105,2026-09-19T05:46:04.155+00:00,2026-09-19T05:49:14.552+00:00,2026-09-19T05:49:19.615+00:00,True,52,52.0,,52.0,190396.672706,195459.823298,195459.82336500002,3758.842757019231,47.705258,190396.672706,26389.50766937721,113.90811305,99.2774625882353,19.480088845728936,0.26603932778922185,29,64,,True,True,,207,56.69694568066818
106,2026-09-19T05:46:04.493+00:00,2026-09-19T05:49:16.435+00:00,2026-09-19T05:49:25.014+00:00,True,87,87.0,,87.0,191942.096802,200520.73181,200520.73174,2304.835997011494,47.022369,191942.096802,20567.665504526783,111.548796,99.75156986046511,17.311660679930185,0.433870349537899,29,64,,True,True,,415,56.69694568066818
107,2026-09-19T05:46:04.844+00:00,2026-09-19T05:49:18.242+00:00,2026-09-19T05:49:27.415+00:00,True,92,92.0,,92.0,193397.881378,202571.23612999998,202571.23621799998,2201.8612632391305,46.208830999999996,193397.881378,20152.6197881064,112.63324055000001,100.80609617582418,16.391038060684835,0.45416122129480935,29,64,,True,True,,377,56.69694568066818
108,2026-09-19T05:46:05.166+00:00,2026-09-19T05:49:19.765+00:00,2026-09-19T05:49:20.591+00:00,True,9,9.0,,9.0,194598.35155700002,195425.110981,195425.11095300002,21713.901217000002,97.75833999999999,194598.35155700002,64831.66901181377,116803.711937,103.344928,4.461346892321068,0.04605344704588662,29,64,,True,True,,36,56.69694568066818
109,2026-09-19T05:46:05.626+00:00,2026-09-19T05:49:22.468+00:00,2026-09-19T05:49:30.597+00:00,True,80,80.0,,80.0,196842.904937,204971.38800900002,204971.38798300002,2562.1423497875003,48.103966,196842.904937,21996.20649737737,114.45402444999998,102.89219078481013,13.96601754115829,0.3902983766519028,29,64,,True,True,,380,56.69694568066818
110,2026-09-19T05:46:06.092+00:00,2026-09-19T05:49:25.228+00:00,2026-09-19T05:49:32.426+00:00,True,71,71.0,,71.0,199135.756982,206334.39019799998,206334.39025599998,2906.1181726197183,46.52069,199135.756982,23620.8664847901,114.23337599999999,102.83761737142856,14.971720014888465,0.34410163003786176,29,64,,True,True,,343,56.69694568066818
111,2026-09-19T05:46:06.385+00:00,2026-09-19T05:49:26.890+00:00,2026-09-19T05:49:35.909+00:00,True,87,87.0,,87.0,200504.649865,209524.06976900002,209524.069816,2408.3226415632184,47.151239000000004,200504.649865,21485.114384387714,114.16905129999999,104.87697562790697,12.397242293236102,0.4152267569827055,29,64,,True,True,,314,56.69694568066818
112,2026-09-19T05:46:06.836+00:00,2026-09-19T05:49:29.310+00:00,2026-09-19T05:49:33.528+00:00,True,42,42.0,,42.0,202474.42823,206692.79546199998,206692.79567599998,4921.257039904762,47.619158000000006,202474.42823,31226.611484182733,114.99268215000001,102.88700565853658,17.413865475910324,0.20320011593109255,29,64,,True,True,,190,56.69694568066818
113,2026-09-19T05:46:07.342+00:00,2026-09-19T05:49:31.248+00:00,2026-09-19T05:49:31.947+00:00,True,8,8.0,,8.0,203905.598161,204604.572369,204604.572296,25575.571537,48.309196,203905.598161,72056.21523293003,132578.53057335,99.85345828571428,23.07607764882329,0.0390998104654874,29,64,,True,True,,37,56.69694568066818
114,2026-09-19T05:46:07.596+00:00,2026-09-19T05:49:33.846+00:00,2026-09-19T05:49:38.579+00:00,True,47,47.0,,47.0,206250.014919,210982.731463,210982.731563,4488.994288574469,45.332533000000005,206250.014919,30069.65313408144,113.8103883,102.88514226086956,15.288649066180799,0.22276704673454464,29,64,,True,True,,211,56.69694568066818
115,2026-09-19T05:46:08.097+00:00,2026-09-19T05:49:36.925+00:00,2026-09-19T05:49:41.254+00:00,True,46,46.0,,46.0,208827.944193,213157.490689,213157.490835,4633.858496413043,48.252689,208827.944193,30775.820310893345,109.70987324999999,96.21214435555555,18.482468717264325,0.21580287819729826,29,64,,True,True,,199,56.69694568066818
116,2026-09-19T05:46:08.534+00:00,2026-09-19T05:49:39.285+00:00,2026-09-19T05:49:43.208+00:00,True,41,41.0,,41.0,210751.732665,214674.437817,214674.437743,5235.961896170731,45.446346,210751.732665,32898.58071201157,112.68954,98.0676288,19.067390043194365,0.1909868749019415,29,64,,True,True,,185,56.69694568066818
117,2026-09-19T05:46:09.033+00:00,2026-09-19T05:49:41.876+00:00,2026-09-19T05:49:50.747+00:00,True,93,93.0,,93.0,212842.938424,221713.208888,221713.208971,2384.012999688172,45.611725,212842.938424,22060.796865946904,112.2132116,96.41598330434783,21.295614508110848,0.41946080013202824,29,64,,True,True,,447,56.69694568066818
118,2026-09-19T05:46:09.508+00:00,2026-09-19T05:49:44.368+00:00,2026-09-19T05:49:48.065+00:00,True,40,40.0,,40.0,214859.771743,218556.868191,218556.86802999998,5463.92170075,47.74784,214859.771743,33957.33124926448,112.84610270000002,94.79734482051282,22.42125922641458,0.1830187279451837,29,64,,True,True,,190,56.69694568066818
119,2026-09-19T05:46:10.011+00:00,2026-09-19T05:49:46.907+00:00,2026-09-19T05:49:48.941+00:00,True,23,23.0,,23.0,216895.540908,218929.345452,218929.345455,9518.667193695652,44.889826,216895.540908,45206.57671320003,116.1997429,92.4456610909091,24.50941873952724,0.10505672481920758,29,64,,True,True,,108,56.69694568066818
120,2026-09-19T05:46:10.336+00:00,2026-09-19T05:49:48.736+00:00,2026-09-19T05:49:51.303+00:00,True,28,28.0,,28.0,218399.832483,220967.729571,220967.729642,7891.704630071429,46.172443,218399.832483,41255.71943019929,109.01845174999998,95.10729955555556,19.02907549506544,0.126715335557644,29,64,,True,True,,101,56.69694568066818
121,2026-09-19T05:46:10.805+00:00,2026-09-19T05:49:50.741+00:00,2026-09-19T05:49:59.550+00:00,True,90,90.0,,90.0,219936.68633899998,228744.855555,228744.85541899997,2541.609504655555,44.649687,219936.68633899998,23172.93685814188,111.60250945,98.96819343820225,17.71188563926218,0.39345147142931125,29,64,,True,True,,329,56.69694568066818
122,2026-09-19T05:46:11.197+00:00,2026-09-19T05:49:52.936+00:00,2026-09-19T05:50:01.852+00:00,True,91,91.0,,91.0,221739.74754699998,230655.44188299996,230655.44187999997,2534.675185494505,43.971819,221739.74754699998,23234.264540658307,112.82919,99.06327040000001,19.00678826848956,0.3945278691762225,29,64,,True,True,,487,56.69694568066818
123,2026-09-19T05:46:11.570+00:00,2026-09-19T05:49:55.330+00:00,2026-09-19T05:50:04.940+00:00,True,97,97.0,,97.0,223759.905077,233370.265653,233370.26562,2405.8790270103095,45.290456,223759.905077,22709.21840898289,112.53266319999999,100.10792266666667,17.503678276293574,0.41564849630085277,29,64,,True,True,,364,56.69694568066818
124,2026-09-19T05:46:11.915+00:00,2026-09-19T05:49:57.025+00:00,2026-09-19T05:50:04.315+00:00,True,75,75.0,,75.0,225109.883368,232400.204776,232400.204883,3098.6693984400004,45.323336000000005,225109.883368,25982.08148002613,112.3460203,98.51785686486487,19.18930618459967,0.32271916486600816,29,64,,True,True,,327,56.69694568066818
125,2026-09-19T05:46:12.268+00:00,2026-09-19T05:49:59.025+00:00,2026-09-19T05:50:03.381+00:00,True,45,45.0,,45.0,226757.003156,231113.16904399998,231113.16903699999,5135.848200822222,45.486717,226757.003156,33788.18514611267,113.158558,99.00377018181818,19.55127714958541,0.19470980466471285,29,64,,True,True,,202,56.69694568066818
126,2026-09-19T05:46:12.728+00:00,2026-09-19T05:50:01.744+00:00,2026-09-19T05:50:11.086+00:00,True,100,100.0,,100.0,229016.585935,238358.767311,238358.76747400002,2383.5876747400002,44.679108,229016.585935,22892.23201376519,109.06934890000002,94.36546844444445,21.470973828560656,0.4195356484182703,29,64,,True,True,,358,56.69694568066818
127,2026-09-19T05:46:13.084+00:00,2026-09-19T05:50:03.793+00:00,2026-09-19T05:50:07.554+00:00,True,41,41.0,,41.0,230709.247408,234470.48542399998,234470.485557,5718.792330658536,46.260394,230709.247408,36016.05207432792,110.57183599999999,94.03095040000001,21.353543283633094,0.17486209373371014,29,64,,True,True,,191,56.69694568066818
128,2026-09-19T05:46:13.461+00:00,2026-09-19T05:50:06.061+00:00,2026-09-19T05:50:07.660+00:00,True,19,19.0,,19.0,232600.495264,234198.83792,234198.837933,12326.254628052631,46.062205,232600.495264,53341.84751441579,23358.1526944,88.79681422222222,25.10882330631393,0.0811276442220871,29,64,,True,True,,94,56.69694568066818
129,2026-09-19T05:46:13.838+00:00,2026-09-19T05:50:08.426+00:00,2026-09-19T05:50:09.955+00:00,True,17,17.0,,17.0,234587.306438,236116.755654,236116.755557,13889.220915117647,49.524136,234587.306438,56872.597357481936,47005.172966,95.590576,17.35879508759436,0.07199827878759864,29,64,,True,True,,83,56.69694568066818
130,2026-09-19T05:46:14.358+00:00,2026-09-19T05:50:11.081+00:00,2026-09-19T05:50:13.430+00:00,True,23,23.0,,23.0,236723.46425400002,239072.40761400003,239072.40753700002,10394.452501608697,97.401176,236723.46425400002,49337.99145097248,113.2173344,106.77015272727273,3.5744028901645897,0.09620516323713606,29,64,,True,True,,82,56.69694568066818
131,2026-09-19T05:46:14.731+00:00,2026-09-19T05:50:12.883+00:00,2026-09-19T05:50:18.836+00:00,True,60,60.0,,60.0,238151.63964500002,244105.128029,244105.127978,4068.4187996333335,46.733222000000005,238151.63964500002,30732.223179724322,113.8026194,100.90658277966101,18.860869870895982,0.2457957376170808,29,64,,True,True,,226,56.69694568066818
132,2026-09-19T05:46:15.235+00:00,2026-09-19T05:50:15.918+00:00,2026-09-19T05:50:21.577+00:00,True,60,60.0,,60.0,240682.503652,246341.504484,246341.50456200002,4105.6917427,43.710789,240682.503652,31059.60234921955,113.39716469999999,95.91526833898304,21.54378078275416,0.24356431582927604,29,64,,True,True,,229,56.69694568066818
133,2026-09-19T05:46:15.611+00:00,2026-09-19T05:50:18.409+00:00,2026-09-19T05:50:27.574+00:00,True,97,97.0,,97.0,242798.51486000002,251963.32996400003,251963.32997900003,2597.560102876289,47.35193099999999,242798.51486000002,24642.768452110955,109.92962479999998,95.466824,19.38250832553183,0.3849766551897022,29,64,,True,True,,418,56.69694568066818
134,2026-09-19T05:46:16.058+00:00,2026-09-19T05:50:20.454+00:00,2026-09-19T05:50:22.798+00:00,True,25,25.0,,25.0,244395.677514,246740.500298,246740.50041600002,9869.620016640001,47.590500999999996,244395.677514,48859.597571027145,108.4071666,97.70094933333333,15.177405862159215,0.1013210233820809,29,64,,True,True,,105,56.69694568066818
135,2026-09-19T05:46:16.551+00:00,2026-09-19T05:50:22.692+00:00,2026-09-19T05:50:24.934+00:00,True,24,24.0,,24.0,246140.90526,248383.493676,248383.493696,10349.312237333334,46.631432000000004,246140.90526,50223.4013108188,110.5209791,97.50384417391305,15.564947565566348,0.09662477826045247,29,64,,True,True,,69,56.69694568066818
136,2026-09-19T05:46:16.875+00:00,2026-09-19T05:50:24.542+00:00,2026-09-19T05:50:25.393+00:00,True,10,10.0,,10.0,247666.887347,248517.609651,248517.60973700002,24851.760973700002,43.627699,247666.887347,78289.25729108033,136264.0185869,94.52470044444445,19.355849147804438,0.040238597232780685,29,64,,True,True,,37,56.69694568066818
137,2026-09-19T05:46:17.310+00:00,2026-09-19T05:50:26.961+00:00,2026-09-19T05:50:29.774+00:00,True,28,28.0,,28.0,249651.356308,252464.37544399998,252464.375561,9016.584841464286,98.052884,249651.356308,47159.982542907,113.67084185,104.18589392592592,4.025970775431149,0.11090673664653641,29,64,,True,True,,101,56.69694568066818
138,2026-09-19T05:46:17.749+00:00,2026-09-19T05:50:29.458+00:00,2026-09-19T05:50:39.166+00:00,True,97,97.0,,97.0,251709.125742,261417.20459,261417.204398,2695.0227257525776,48.804318,251709.125742,25546.925998507846,113.01933559999999,101.12582133333333,14.751645016781886,0.3710543847033033,29,64,,True,True,,333,56.69694568066818
139,2026-09-19T05:46:18.138+00:00,2026-09-19T05:50:31.556+00:00,2026-09-19T05:50:35.422+00:00,True,40,40.0,,40.0,253418.484186,257283.567066,257283.56694699998,6432.089173675,46.831742,253418.484186,40053.31349030677,110.94109629999998,99.10468923076924,15.053510832929591,0.15547048129093666,29,64,,True,True,,137,56.69694568066818
140,2026-09-19T05:46:18.511+00:00,2026-09-19T05:50:32.782+00:00,2026-09-19T05:50:36.639+00:00,True,40,40.0,,40.0,254270.254175,258127.188831,258127.188724,6453.1797181,43.886029,254270.254175,40188.023895232785,110.48496395000001,98.89576041025641,16.909831075528224,0.15496236634796592,29,64,,True,True,,186,56.69694568066818
141,2026-09-19T05:46:18.897+00:00,2026-09-19T05:50:35.015+00:00,2026-09-19T05:50:40.657+00:00,True,57,57.0,,57.0,256118.7454,261760.187704,261760.18773,4592.283995263158,45.832004,256118.7454,33910.4180492623,113.7143744,100.74004114285715,18.28251895920197,0.21775656756655423,29,64,,True,True,,200,56.69694568066818
142,2026-09-19T05:46:19.326+00:00,2026-09-19T05:50:37.488+00:00,2026-09-19T05:50:37.599+00:00,True,2,2.0,,2.0,258161.39681799998,258272.83668999997,258272.83680099997,129136.41840049998,111.439983,258161.39681799998,182468.87436292437,245258.89897624997,111.439872,nan,0.00774374891928942,29,64,,True,True,,3,56.69694568066818
143,2026-09-19T05:46:19.741+00:00,2026-09-19T05:50:39.752+00:00,2026-09-19T05:50:45.996+00:00,True,63,63.0,,63.0,260010.87741999998,266254.509036,266254.508889,4226.262045857143,45.960894,260010.87741999998,32745.607945048487,111.633611,100.70373574193547,16.322851079254505,0.23661571114080865,29,64,,True,True,,317,56.69694568066818
144,2026-09-19T05:46:20.051+00:00,2026-09-19T05:50:41.453+00:00,2026-09-19T05:50:41.936+00:00,True,6,6.0,,6.0,261401.94183700002,261885.232205,261885.23241400003,43647.53873566667,52.296019,261401.94183700002,106677.4376945464,196079.14611650002,96.6580736,24.906445363305878,0.022910799320304116,29,64,,True,True,,37,56.69694568066818
145,2026-09-19T05:46:20.467+00:00,2026-09-19T05:50:43.792+00:00,2026-09-19T05:50:46.570+00:00,True,29,29.0,,29.0,263325.050949,266103.217733,266103.217741,9175.973025551724,46.344893,263325.050949,48879.8117296574,109.1202198,99.22024228571428,14.520307263002898,0.10898026805935782,29,64,,True,True,,124,56.69694568066818
146,2026-09-19T05:46:20.757+00:00,2026-09-19T05:50:45.179+00:00,2026-09-19T05:50:53.926+00:00,True,93,93.0,,93.0,264421.47748,273168.830312,273168.830237,2937.2992498602152,44.447267999999994,264421.47748,27409.377295183902,109.21883160000002,95.07992208695651,19.275648494783912,0.3404487982533731,29,64,,True,True,,543,56.69694568066818
147,2026-09-19T05:46:21.230+00:00,2026-09-19T05:50:48.066+00:00,2026-09-19T05:50:53.218+00:00,True,56,56.0,,56.0,266836.542955,271987.996395,271987.996194,4856.928503464286,43.741839,266836.542955,35645.022746723786,112.2605,93.6627898181818,20.93174424299025,0.20589143911583832,29,64,,True,True,,271,56.69694568066818
148,2026-09-19T05:46:21.520+00:00,2026-09-19T05:50:49.581+00:00,2026-09-19T05:50:51.037+00:00,True,16,16.0,,16.0,268060.399357,269516.555261,269516.555325,16844.7847078125,51.669032,268060.399357,66990.83304015746,67101.96620050001,97.07706026666666,18.818818262479013,0.05936555542758993,29,64,,True,True,,53,56.69694568066818
149,2026-09-19T05:46:21.930+00:00,2026-09-19T05:50:51.398+00:00,2026-09-19T05:50:57.599+00:00,True,65,65.0,,65.0,269468.34837,275669.412306,275669.41211000003,4241.067878615385,46.347893,269468.34837,33411.4220478493,110.45729659999999,96.891624,18.24572161364107,0.2357896708824857,29,64,,True,True,,255,56.69694568066818
151,2026-09-19T05:46:22.766+00:00,2026-09-19T05:50:54.546+00:00,2026-09-19T05:51:02.658+00:00,True,83,83.0,,83.0,271780.322783,279892.226783,279892.226749,3372.195503,43.43779,271780.322783,29820.912717415722,112.070846,98.92565853658536,17.734507967016242,0.29654271200732474,29,64,,True,True,,368,56.69694568066818
150,2026-09-19T05:46:22.746+00:00,2026-09-19T05:50:55.544+00:00,2026-09-19T05:50:58.228+00:00,True,28,28.0,,28.0,272798.212047,275482.740943,275482.741057,9838.669323464286,43.162651,272798.212047,51535.229746843164,112.19503945000001,99.42699614814815,19.23486593530601,0.10163976118487025,29,64,,True,True,,164,56.69694568066818
152,2026-09-19T05:46:22.940+00:00,2026-09-19T05:50:57.442+00:00,2026-09-19T05:51:01.870+00:00,True,46,46.0,,46.0,274501.41325599997,278929.995144,278929.995113,6063.695545934782,45.483615,274501.41325599997,40458.518888203645,111.48866675000001,98.41293084444443,17.605540984848286,0.16491593159872286,29,64,,True,True,,172,56.69694568066818
153,2026-09-19T05:46:23.264+00:00,2026-09-19T05:50:58.850+00:00,2026-09-19T05:51:04.692+00:00,True,59,59.0,,59.0,275586.35507700004,281427.841925,281427.84186200006,4769.963421389832,43.50237,275586.35507700004,35865.17924012793,112.0358634,100.71529048275863,16.66572312436814,0.20964521348148416,29,64,,True,True,,189,56.69694568066818
154,2026-09-19T05:46:23.705+00:00,2026-09-19T05:51:01.337+00:00,2026-09-19T05:51:04.902+00:00,True,35,35.0,,35.0,277631.931918,281196.57883,281196.578888,8034.187968228571,47.034523,277631.931918,46910.641369391655,114.9826108,104.84255623529413,11.185681823387847,0.12446808615392001,29,64,,True,True,,160,56.69694568066818
155,2026-09-19T05:46:24.105+00:00,2026-09-19T05:51:03.409+00:00,2026-09-19T05:51:03.728+00:00,True,4,4.0,,4.0,279303.569595,279622.540475,279622.54060300003,69905.63515075001,99.992581,279303.569595,139598.62303771664,237424.62848565,106.32362666666667,5.600053156075336,0.014304998421104128,29,64,,True,True,,9,56.69694568066818
156,2026-09-19T05:46:24.507+00:00,2026-09-19T05:51:05.105+00:00,2026-09-19T05:51:14.537+00:00,True,99,99.0,,99.0,280598.641458,290029.826354,290029.826476,2929.594206828283,44.531568,280598.641458,28191.55985554752,112.3098,96.23658057142856,20.58451666882439,0.34134420326537085,29,64,,True,True,,346,56.69694568066818
157,2026-09-19T05:46:24.880+00:00,2026-09-19T05:51:07.515+00:00,2026-09-19T05:51:10.261+00:00,True,29,29.0,,29.0,282634.6137,285381.017796,285381.017848,9840.72475337931,51.089123,282634.6137,52465.718499840434,111.2493904,98.08586057142857,16.213216867786876,0.10161853168780197,29,64,,True,True,,144,56.69694568066818
158,2026-09-19T05:46:25.360+00:00,2026-09-19T05:51:10.156+00:00,2026-09-19T05:51:14.066+00:00,True,40,40.0,,40.0,284796.561424,288705.93128,288705.931293,7217.648282325001,45.814324,284796.561424,45014.443477506575,109.31348444999999,100.24025271794872,15.67428174081644,0.1385492837734816,29,64,,True,True,,189,56.69694568066818
159,2026-09-19T05:46:25.673+00:00,2026-09-19T05:51:11.717+00:00,2026-09-19T05:51:14.062+00:00,True,25,25.0,,25.0,286044.054573,288388.416813,288388.416953,11535.536678120001,46.690503,286044.054573,57189.27774316135,111.5547478,97.68176,19.487003145970057,0.08668864123003517,29,64,,True,True,,119,56.69694568066818
160,2026-09-19T05:46:25.997+00:00,2026-09-19T05:51:13.447+00:00,2026-09-19T05:51:16.358+00:00,True,30,30.0,,30.0,287449.419604,290360.418644,290360.418544,9678.680618133334,47.63852,287449.419604,52462.519096621734,114.58475885,100.3792772413793,14.771496348652683,0.10331986756356717,29,64,,True,True,,172,56.69694568066818
161,2026-09-19T05:46:26.435+00:00,2026-09-19T05:51:16.043+00:00,2026-09-19T05:51:16.043+00:00,True,1,1.0,,1.0,289608.104534,289608.104534,289608.104534,289608.104534,289608.104534,289608.104534,nan,289608.104534,nan,nan,0.003452942042520084,29,64,,True,True,,3,56.69694568066818
162,2026-09-19T05:46:26.763+00:00,2026-09-19T05:51:17.522+00:00,2026-09-19T05:51:21.152+00:00,True,37,37.0,,37.0,290758.87289999996,294388.929348,294388.92936999997,7956.457550540539,45.771465,290758.87289999996,47783.88965447851,112.6509558,100.83490133333333,15.84912454056592,0.125684074064694,29,64,,True,True,,109,56.69694568066818
163,2026-09-19T05:46:27.139+00:00,2026-09-19T05:51:19.368+00:00,2026-09-19T05:51:20.825+00:00,True,16,16.0,,16.0,292228.841746,293685.722898,293685.722813,18355.3576758125,48.10193,292228.841746,73032.93133016418,73141.49210049999,97.12541013333335,18.74309685455311,0.05448000618524095,29,64,,True,True,,61,56.69694568066818
164,2026-09-19T05:46:27.635+00:00,2026-09-19T05:51:22.090+00:00,2026-09-19T05:51:27.678+00:00,False,58,57.0,,57.0,294454.777763,300043.658403,300043.658319,5173.16652274138,0.023649999999999997,294454.777763,38650.93937001596,114.03517805,98.05053754385965,24.34017942918118,0.18997235370141083,29,64,,True,False,Request timeout: 300.0s exceeded,215,56.69694568066818
165,2026-09-19T05:46:27.967+00:00,2026-09-19T05:51:24.544+00:00,2026-09-19T05:51:27.996+00:00,False,36,35.0,,35.0,296576.86748,300028.61839200003,300028.61832,8334.128286666668,0.02675,296576.86748,49413.0464232585,113.06669000000002,98.62145462857144,23.478857831937706,0.1166555383535814,29,64,,True,False,Request timeout: 300.0s exceeded,163,56.69694568066818
166,2026-09-19T05:46:28.440+00:00,2026-09-19T05:51:27.042+00:00,2026-09-19T05:51:28.513+00:00,False,17,16.0,,16.0,298601.91244700004,300073.05843100004,300073.058612,17651.356388941178,0.020460000000000002,298601.91244700004,72399.30723152589,59810.275867,91.946624,30.678980589457385,0.05332034833003544,29,64,,True,False,Request timeout: 300.0s exceeded,76,56.69694568066818
167,2026-09-19T05:46:28.874+00:00,2026-09-19T05:51:28.835+00:00,2026-09-19T05:51:29.602+00:00,False,9,8.0,,8.0,299961.060911,300728.596783,300728.59672000003,33414.28852444445,0.0347,299961.060911,99955.046365683,180023.74906660002,95.941984,39.1850938633239,0.026602059416958763,29,64,,True,False,Request timeout: 300.0s exceeded,34,56.69694568066818
168,2026-09-19T05:46:29.347+00:00,2026-09-19T05:51:29.622+00:00,2026-09-19T05:51:29.622+00:00,False,1,0.0,,0.0,300275.378334,300275.378334,300275.378334,300275.378334,300275.378334,300275.378334,nan,300275.378334,nan,nan,0.0,29,64,,True,False,"HTTPConnectionPool(host='gpu03', port=9002): Read timed out.",0,56.69694568066818
169,2026-09-19T05:46:29.834+00:00,2026-09-19T05:51:29.852+00:00,2026-09-19T05:51:29.852+00:00,False,1,0.0,,0.0,300018.04217000003,300018.04217000003,300018.04217000003,300018.04217000003,300018.04217000003,300018.04217000003,nan,300018.04217000003,nan,nan,0.0,29,64,,True,False,"HTTPConnectionPool(host='gpu03', port=9002): Read timed out.",0,56.69694568066818
170,2026-09-19T05:46:30.205+00:00,2026-09-19T05:51:30.209+00:00,2026-09-19T05:51:30.320+00:00,False,3,2.0,,2.0,300004.71683999995,300115.37488799996,300115.3751349999,100038.45837833332,0.023849,300004.71683999995,173175.86855865511,270015.30860059994,55.329024,78.21338653717349,0.0066641037659146245,29,64,,True,False,Request timeout: 300.0s exceeded,10,56.69694568066818
171,2026-09-19T05:46:30.552+00:00,2026-09-19T05:51:30.665+00:00,2026-09-19T05:51:30.665+00:00,False,1,0.0,,0.0,300112.46468000003,300112.46468000003,300112.46468000003,300112.46468000003,300112.46468000003,300112.46468000003,nan,300112.46468000003,nan,nan,0.0,29,64,,True,False,"HTTPConnectionPool(host='gpu03', port=9002): Read timed out.",0,56.69694568066818
172,2026-09-19T05:46:31.051+00:00,2026-09-19T05:51:30.986+00:00,2026-09-19T05:51:31.097+00:00,False,3,2.0,,2.0,299934.46836400003,300045.317388,300045.31747,100015.10582333335,0.02585,299934.46836400003,173135.2555316686,269952.10385320004,55.424512,78.34553065244164,0.006665659765700406,29,64,,True,False,Request timeout: 300.0s exceeded,8,56.69694568066818
173,2026-09-19T05:46:31.378+00:00,2026-09-19T05:51:31.096+00:00,2026-09-19T05:51:31.411+00:00,False,6,5.0,,5.0,299717.763039,300032.337119,300032.33705599996,50005.389509333334,0.02093,299717.763039,122333.58620414817,224816.0740005,62.914816,45.20849499895346,0.016664870353680847,29,64,,True,False,Request timeout: 300.0s exceeded,21,56.69694568066818
174,2026-09-19T05:46:31.791+00:00,2026-09-19T05:51:31.740+00:00,2026-09-19T05:51:31.840+00:00,False,3,2.0,,2.0,299949.027289,300048.81711299997,300048.81687,100016.27229,0.10683,299949.027289,173146.85203594845,269964.09283519996,49.894912,70.41072907892966,0.006665582018431319,29,64,,True,False,Request timeout: 300.0s exceeded,3,56.69694568066818
175,2026-09-19T05:46:32.115+00:00,2026-09-19T05:51:32.220+00:00,2026-09-19T05:51:32.220+00:00,False,1,0.0,,0.0,300105.494687,300105.494687,300105.494687,300105.494687,300105.494687,300105.494687,nan,300105.494687,nan,nan,0.0,29,64,,True,False,"HTTPConnectionPool(host='gpu03', port=9002): Read timed out.",0,56.69694568066818
176,2026-09-19T05:46:32.544+00:00,2026-09-19T05:51:32.529+00:00,2026-09-19T05:51:32.668+00:00,False,3,2.0,,2.0,299984.99201499997,300123.732239,300123.73229699995,100041.24409899999,0.039,299984.99201499997,173156.37890308813,270000.3629417,69.370112,98.04912333560152,0.006663918194937425,29,64,,True,False,Request timeout: 300.0s exceeded,4,56.69694568066818
177,2026-09-19T05:46:32.864+00:00,2026-09-19T05:51:32.778+00:00,2026-09-19T05:51:32.913+00:00,False,3,2.0,,2.0,299913.634305,300048.86630500003,300048.86624400003,100016.288748,0.03449,299913.634305,173116.1925927421,269935.79061940004,67.616,95.57458901270358,0.006665580925631619,29,64,,True,False,Request timeout: 300.0s exceeded,4,56.69694568066818
178,2026-09-19T05:46:33.329+00:00,2026-09-19T05:51:33.433+00:00,2026-09-19T05:51:33.433+00:00,False,1,0.0,,0.0,300104.185651,300104.185651,300104.185651,300104.185651,300104.185651,300104.185651,nan,300104.185651,nan,nan,0.0,29,64,,True,False,TTFT timeout: 300.0s exceeded (TTFT: 300.093s),0,56.69694568066818
179,2026-09-19T05:46:33.838+00:00,2026-09-19T05:51:33.911+00:00,2026-09-19T05:51:33.911+00:00,False,1,0.0,,0.0,300073.067108,300073.067108,300073.067108,300073.067108,300073.067108,300073.067108,nan,300073.067108,nan,nan,0.0,29,64,,True,False,"HTTPConnectionPool(host='gpu03', port=9002): Read timed out.",0,56.69694568066818
180,2026-09-19T05:46:34.327+00:00,2026-09-19T05:51:34.278+00:00,2026-09-19T05:51:34.408+00:00,False,3,2.0,,2.0,299950.645883,300081.044859,300081.044915,100027.01497166666,0.023280000000000002,299950.645883,173138.9554534739,269968.6188699,65.199488,92.17305467023282,0.0066648661562070536,29,64,,True,False,Request timeout: 300.0s exceeded,6,56.69694568066818
181,2026-09-19T05:46:34.641+00:00,2026-09-19T05:51:34.549+00:00,2026-09-19T05:51:34.657+00:00,False,3,2.0,,2.0,299908.245967,300015.868879,300015.86898,100005.28966000001,0.023280000000000002,299908.245967,173121.0468093989,269928.1813436,53.811456,76.06794536709401,0.006666314043563555,29,64,,True,False,Request timeout: 300.0s exceeded,3,56.69694568066818
182,2026-09-19T05:46:34.969+00:00,2026-09-19T05:51:35.077+00:00,2026-09-19T05:51:35.077+00:00,False,1,0.0,,0.0,300107.362226,300107.362226,300107.362226,300107.362226,300107.362226,300107.362226,nan,300107.362226,nan,nan,0.0,29,64,,True,False,"HTTPConnectionPool(host='gpu03', port=9002): Read timed out.",0,56.69694568066818
183,2026-09-19T05:46:35.329+00:00,2026-09-19T05:51:35.427+00:00,2026-09-19T05:51:35.427+00:00,False,1,0.0,,0.0,300097.829106,300097.829106,300097.829106,300097.829106,300097.829106,300097.829106,nan,300097.829106,nan,nan,0.0,29,64,,True,False,"HTTPConnectionPool(host='gpu03', port=9002): Read timed out.",0,56.69694568066818
184,2026-09-19T05:46:35.795+00:00,2026-09-19T05:51:35.752+00:00,2026-09-19T05:51:35.891+00:00,False,3,2.0,,2.0,299956.372964,300095.83715599997,300095.836954,100031.94565133333,0.03922,299956.372964,173139.64691631487,269974.6781446,69.732096,98.56032194041966,0.006664537632224243,29,64,,True,False,Request timeout: 300.0s exceeded,5,56.69694568066818
185,2026-09-19T05:46:36.175+00:00,2026-09-19T05:51:36.019+00:00,2026-09-19T05:51:36.255+00:00,False,4,3.0,,3.0,299844.468939,300080.102603,300080.102448,75020.025612,0.032850000000000004,299844.468939,149882.97289445883,254887.46763749997,78.54455466666667,69.28670003453482,0.009997330625979357,29,64,,True,False,Request timeout: 300.0s exceeded,17,56.69694568066818
186,2026-09-19T05:46:36.616+00:00,2026-09-19T05:51:36.696+00:00,2026-09-19T05:51:36.696+00:00,False,1,0.0,,0.0,300080.63491,300080.63491,300080.63491,300080.63491,300080.63491,300080.63491,nan,300080.63491,nan,nan,0.0,29,64,,True,False,"HTTPConnectionPool(host='gpu03', port=9002): Read timed out.",0,56.69694568066818
187,2026-09-19T05:46:36.982+00:00,2026-09-19T05:51:37.033+00:00,2026-09-19T05:51:37.033+00:00,False,1,0.0,,0.0,300051.25501599995,300051.25501599995,300051.25501599995,300051.25501599995,300051.25501599995,300051.25501599995,nan,300051.25501599995,nan,nan,0.0,29,64,,True,False,"HTTPConnectionPool(host='gpu03', port=9002): Read timed out.",0,56.69694568066818
188,2026-09-19T05:46:37.781+00:00,2026-09-19T05:51:37.676+00:00,2026-09-19T05:51:37.997+00:00,False,5,4.0,,4.0,299895.742623,300215.857311,300215.857168,60043.1714336,0.02609,299895.742623,134081.67151341744,239939.21858259998,80.028672,53.7296480554575,0.013323746572974375,29,64,,True,False,Request timeout: 300.0s exceeded,14,56.69694568066818
189,2026-09-19T05:46:37.865+00:00,2026-09-19T05:51:37.900+00:00,2026-09-19T05:51:37.993+00:00,False,3,2.0,,2.0,300034.713438,300127.593822,300127.593875,100042.53129166667,0.09029999999999999,300034.713438,173198.3164989027,270040.5211079,46.440192,65.54891175307795,0.006663832453826827,29,64,,True,False,Request timeout: 300.0s exceeded,5,56.69694568066818
190,2026-09-19T05:46:38.291+00:00,2026-09-19T05:51:38.338+00:00,2026-09-19T05:51:38.338+00:00,False,1,0.0,,0.0,300047.496661,300047.496661,300047.496661,300047.496661,300047.496661,300047.496661,nan,300047.496661,nan,nan,0.0,29,64,,True,False,"HTTPConnectionPool(host='gpu03', port=9002): Read timed out.",0,56.69694568066818
191,2026-09-19T05:46:38.616+00:00,2026-09-19T05:51:38.825+00:00,2026-09-19T05:51:39.479+00:00,False,8,7.0,,7.0,300208.967077,300862.920357,300862.920356,37607.8650445,0.02368,300208.967077,106106.88274342191,195199.28529929998,93.42189714285715,59.24145193031918,0.023266409804484686,29,64,,True,False,Request timeout: 300.0s exceeded,33,56.69694568066818
192,2026-09-19T05:46:39.055+00:00,2026-09-19T05:51:39.356+00:00,2026-09-19T05:51:39.524+00:00,False,5,4.0,,4.0,300301.001908,300469.58302799996,300469.58307199995,60093.9166144,0.05435,300301.001908,134279.8453849109,240255.1266934,42.14528,30.137603846432828,0.013312495593363439,29,64,,True,False,Request timeout: 300.0s exceeded,14,56.69694568066818
193,2026-09-19T05:46:39.344+00:00,2026-09-19T05:51:39.359+00:00,2026-09-19T05:51:39.685+00:00,False,7,6.0,,6.0,300014.62883999996,300341.34576799994,300341.34589999996,42905.90655714285,0.0256,300014.62883999996,113374.29425356393,210042.39657119996,54.45282133333333,34.63732456960743,0.01997726947869085,29,64,,True,False,Request timeout: 300.0s exceeded,30,56.69694568066818
194,2026-09-19T05:46:39.793+00:00,2026-09-19T05:51:39.845+00:00,2026-09-19T05:51:39.845+00:00,False,1,0.0,,0.0,300051.99263700005,300051.99263700005,300051.99263700005,300051.99263700005,300051.99263700005,300051.99263700005,nan,300051.99263700005,nan,nan,0.0,29,64,,True,False,"HTTPConnectionPool(host='gpu03', port=9002): Read timed out.",0,56.69694568066818
195,2026-09-19T05:46:40.296+00:00,2026-09-19T05:51:40.334+00:00,2026-09-19T05:51:40.334+00:00,False,1,0.0,,0.0,300037.605975,300037.605975,300037.605975,300037.605975,300037.605975,300037.605975,nan,300037.605975,nan,nan,0.0,29,64,,True,False,"HTTPConnectionPool(host='gpu03', port=9002): Read timed out.",0,56.69694568066818
196,2026-09-19T05:46:40.603+00:00,2026-09-19T05:51:40.708+00:00,2026-09-19T05:51:40.708+00:00,False,1,0.0,,0.0,300104.95370599994,300104.95370599994,300104.95370599994,300104.95370599994,300104.95370599994,300104.95370599994,nan,300104.95370599994,nan,nan,0.0,29,64,,True,False,"HTTPConnectionPool(host='gpu03', port=9002): Read timed out.",0,56.69694568066818
197,2026-09-19T05:46:40.998+00:00,2026-09-19T05:51:40.951+00:00,2026-09-19T05:51:41.084+00:00,False,3,2.0,,2.0,299952.535547,300086.136059,300086.13601,100028.71200333333,0.02947,299952.535547,173139.12288553955,269970.63909159997,66.800256,94.42819355791846,0.006664753081451187,29,64,,True,False,Request timeout: 300.0s exceeded,8,56.69694568066818
198,2026-09-19T05:46:41.500+00:00,2026-09-19T05:51:41.083+00:00,2026-09-19T05:51:41.520+00:00,False,7,6.0,,6.0,299582.65976,300019.729328,300019.729188,42859.96131257143,0.04108,299582.65976,113204.07555086105,209738.45717180002,72.844928,41.101789976273025,0.019998684797960176,29,64,,True,False,Request timeout: 300.0s exceeded,22,56.69694568066818
199,2026-09-19T05:46:41.841+00:00,2026-09-19T05:51:41.923+00:00,2026-09-19T05:51:41.923+00:00,False,1,0.0,,0.0,300082.701,300082.701,300082.701,300082.701,300082.701,300082.701,nan,300082.701,nan,nan,0.0,29,64,,True,False,"HTTPConnectionPool(host='gpu03', port=9002): Read timed out.",0,56.69694568066818
200,2026-09-19T05:46:42.347+00:00,2026-09-19T05:51:42.400+00:00,2026-09-19T05:51:42.400+00:00,False,1,0.0,,0.0,300053.53174299997,300053.53174299997,300053.53174299997,300053.53174299997,300053.53174299997,300053.53174299997,nan,300053.53174299997,nan,nan,0.0,29,64,,True,False,TTFT timeout: 300.0s exceeded (TTFT: 300.046s),0,56.69694568066818
201,2026-09-19T05:46:42.754+00:00,2026-09-19T05:51:42.684+00:00,2026-09-19T05:51:42.818+00:00,False,3,2.0,,2.0,299930.102686,300064.095902,300064.095749,100021.36524966666,0.026109999999999998,299930.102686,173126.0580114357,269950.4891127,66.996608,94.71058372205312,0.006665242617541267,29,64,,True,False,Request timeout: 300.0s exceeded,6,56.69694568066818
202,2026-09-19T05:46:43.201+00:00,2026-09-19T05:51:43.036+00:00,2026-09-19T05:51:43.237+00:00,False,4,3.0,,3.0,299835.711976,300036.261096,300036.26086599997,75009.06521649999,0.09783,299835.711976,149884.4386078608,254875.5572248,66.84970666666666,57.81951049656748,0.009998791442878687,29,64,,True,False,Request timeout: 300.0s exceeded,5,56.69694568066818
203,2026-09-19T05:46:43.542+00:00,2026-09-19T05:51:43.648+00:00,2026-09-19T05:51:43.648+00:00,False,1,0.0,,0.0,300106.080443,300106.080443,300106.080443,300106.080443,300106.080443,300106.080443,nan,300106.080443,nan,nan,0.0,29,64,,True,False,"HTTPConnectionPool(host='gpu03', port=9002): Read timed out.",0,56.69694568066818
204,2026-09-19T05:46:43.969+00:00,2026-09-19T05:51:44.055+00:00,2026-09-19T05:51:44.055+00:00,False,1,0.0,,0.0,300085.444302,300085.444302,300085.444302,300085.444302,300085.444302,300085.444302,nan,300085.444302,nan,nan,0.0,29,64,,True,False,"HTTPConnectionPool(host='gpu03', port=9002): Read timed out.",0,56.69694568066818
205,2026-09-19T05:46:44.480+00:00,2026-09-19T05:51:44.348+00:00,2026-09-19T05:51:44.631+00:00,False,4,3.0,,3.0,299868.758676,300151.064724,300151.064538,75037.7661345,0.022969999999999997,299868.758676,149887.34322718647,254910.64025025,94.102016,81.7603743815585,0.009994967043540595,29,64,,True,False,Request timeout: 300.0s exceeded,11,56.69694568066818
206,2026-09-19T05:46:44.893+00:00,2026-09-19T05:51:44.630+00:00,2026-09-19T05:51:44.992+00:00,False,6,5.0,,5.0,299736.81898000004,300099.54128400004,300099.54121700005,50016.59020283334,0.051840000000000004,299736.81898000004,122337.43483791464,224829.83488,72.5444608,46.42454382649509,0.016661138429626042,29,64,,True,False,Request timeout: 300.0s exceeded,11,56.69694568066818
207,2026-09-19T05:46:45.356+00:00,2026-09-19T05:51:45.370+00:00,2026-09-19T05:51:45.370+00:00,False,1,0.0,,0.0,300014.198947,300014.198947,300014.198947,300014.198947,300014.198947,300014.198947,nan,300014.198947,nan,nan,0.0,29,64,,True,False,"HTTPConnectionPool(host='gpu03', port=9002): Read timed out.",0,56.69694568066818
208,2026-09-19T05:46:45.773+00:00,2026-09-19T05:51:45.866+00:00,2026-09-19T05:51:45.866+00:00,False,1,0.0,,0.0,300092.690278,300092.690278,300092.690278,300092.690278,300092.690278,300092.690278,nan,300092.690278,nan,nan,0.0,29,64,,True,False,TTFT timeout: 300.0s exceeded (TTFT: 300.083s),0,56.69694568066818
209,2026-09-19T05:46:46.085+00:00,2026-09-19T05:51:46.012+00:00,2026-09-19T05:51:46.169+00:00,False,3,2.0,,2.0,299926.85108399997,300084.09549999994,300084.09569299995,100028.03189766666,0.024210000000000002,299926.85108399997,173117.47344427207,269949.8880155,78.622208,111.1545612221535,0.006664798401486761,29,64,,True,False,Request timeout: 300.0s exceeded,3,56.69694568066818
210,2026-09-19T05:46:46.604+00:00,2026-09-19T05:51:46.287+00:00,2026-09-19T05:51:46.683+00:00,True,5,5.0,,5.0,299683.13246,300078.82398,300078.82380199997,60015.7647604,93.00772500000001,299683.13246,133978.1315918426,239767.11001679997,98.92288,4.25417289960246,0.016662288706960696,29,64,,True,True,,23,56.69694568066818
211,2026-09-19T05:46:47.124+00:00,2026-09-19T05:51:47.229+00:00,2026-09-19T05:51:47.229+00:00,False,1,0.0,,0.0,300105.043418,300105.043418,300105.043418,300105.043418,300105.043418,300105.043418,nan,300105.043418,nan,nan,0.0,29,64,,True,False,"HTTPConnectionPool(host='gpu03', port=9002): Read timed out.",0,56.69694568066818
212,2026-09-19T05:46:47.415+00:00,2026-09-19T05:51:47.521+00:00,2026-09-19T05:51:47.521+00:00,False,1,0.0,,0.0,300106.524769,300106.524769,300106.524769,300106.524769,300106.524769,300106.524769,nan,300106.524769,nan,nan,0.0,29,64,,True,False,"HTTPConnectionPool(host='gpu03', port=9002): Read timed out.",0,56.69694568066818
213,2026-09-19T05:46:47.914+00:00,2026-09-19T05:51:47.824+00:00,2026-09-19T05:51:47.932+00:00,False,3,2.0,,2.0,299910.141866,300017.829546,300017.82958900003,100005.94319633333,0.02906,299910.141866,173122.12273523575,269929.89354570006,53.84384,76.10541636964265,0.006666270478079543,29,64,,True,False,Request timeout: 300.0s exceeded,3,56.69694568066818
214,2026-09-19T05:46:48.426+00:00,2026-09-19T05:51:48.164+00:00,2026-09-19T05:51:48.420+00:00,True,4,4.0,,4.0,299737.45133899996,299993.810763,299993.81087,74998.4527175,51.115592,299737.45133899996,149826.00106760632,254792.667677,85.45314133333333,29.88207130750754,0.01333360841620851,29,64,,True,True,,17,56.69694568066818
215,2026-09-19T05:46:48.743+00:00,2026-09-19T05:51:48.844+00:00,2026-09-19T05:51:48.844+00:00,False,1,0.0,,0.0,300101.830908,300101.830908,300101.830908,300101.830908,300101.830908,300101.830908,nan,300101.830908,nan,nan,0.0,29,64,,True,False,"HTTPConnectionPool(host='gpu03', port=9002): Read timed out.",0,56.69694568066818
216,2026-09-19T05:46:49.193+00:00,2026-09-19T05:51:49.242+00:00,2026-09-19T05:51:49.242+00:00,False,1,0.0,,0.0,300049.053985,300049.053985,300049.053985,300049.053985,300049.053985,300049.053985,nan,300049.053985,nan,nan,0.0,29,64,,True,False,TTFT timeout: 300.0s exceeded (TTFT: 300.040s),0,56.69694568066818
217,2026-09-19T05:46:49.571+00:00,2026-09-19T05:51:49.392+00:00,2026-09-19T05:51:49.656+00:00,False,4,3.0,,3.0,299820.496204,300084.67028400005,300084.67037500005,75021.16759375001,0.02686,299820.496204,149866.2320025205,254867.36287885,88.05802666666668,76.24214138798918,0.009997178453537134,29,64,,True,False,Request timeout: 300.0s exceeded,13,56.69694568066818
218,2026-09-19T05:46:50.034+00:00,2026-09-19T05:51:49.862+00:00,2026-09-19T05:51:50.063+00:00,False,6,5.0,,5.0,299828.497403,300029.214203,300029.2142,50004.869033333336,0.060590000000000005,299828.497403,122388.08468343332,224884.14717075002,40.14336,22.429033118765684,0.016665043813423434,29,64,,True,False,Request timeout: 300.0s exceeded,26,56.69694568066818
219,2026-09-19T05:46:50.428+00:00,2026-09-19T05:51:50.755+00:00,2026-09-19T05:51:51.460+00:00,False,8,7.0,,7.0,300327.069994,301032.54097000003,301032.54118,37629.0676475,0.04186,300327.069994,106146.03142618126,195264.56879335002,100.781568,47.78283614117945,0.02325330005003545,29,64,,True,False,Request timeout: 300.0s exceeded,22,56.69694568066818
220,2026-09-19T05:46:50.791+00:00,2026-09-19T05:51:50.999+00:00,2026-09-19T05:51:51.468+00:00,False,6,5.0,,5.0,300207.043749,300676.209829,300676.209676,50112.701612666664,0.039740000000000004,300207.043749,122520.7150305557,225191.54586725,93.833216,54.99005455045616,0.016629183941235623,29,64,,True,False,Request timeout: 300.0s exceeded,15,56.69694568066818
221,2026-09-19T05:46:51.100+00:00,2026-09-19T05:51:51.254+00:00,2026-09-19T05:51:51.567+00:00,False,5,4.0,,4.0,300154.211733,300467.107477,300467.10738400003,60093.4214768,0.027809999999999998,300154.211733,134198.06924238923,240146.366274,78.223936,52.85353188117002,0.013312605275125466,29,64,,True,False,Request timeout: 300.0s exceeded,12,56.69694568066818
222,2026-09-19T05:46:51.574+00:00,2026-09-19T05:51:51.681+00:00,2026-09-19T05:51:51.681+00:00,False,1,0.0,,0.0,300107.596236,300107.596236,300107.596236,300107.596236,300107.596236,300107.596236,nan,300107.596236,nan,nan,0.0,29,64,,True,False,"HTTPConnectionPool(host='gpu03', port=9002): Read timed out.",0,56.69694568066818
223,2026-09-19T05:46:51.942+00:00,2026-09-19T05:51:51.966+00:00,2026-09-19T05:51:51.966+00:00,False,1,0.0,,0.0,300023.92813099996,300023.92813099996,300023.92813099996,300023.92813099996,300023.92813099996,300023.92813099996,nan,300023.92813099996,nan,nan,0.0,29,64,,True,False,"HTTPConnectionPool(host='gpu03', port=9002): Read timed out.",0,56.69694568066818
224,2026-09-19T05:46:52.454+00:00,2026-09-19T05:51:52.567+00:00,2026-09-19T05:51:52.567+00:00,False,1,0.0,,0.0,300112.838216,300112.838216,300112.838216,300112.838216,300112.838216,300112.838216,nan,300112.838216,nan,nan,0.0,29,64,,True,False,"HTTPConnectionPool(host='gpu03', port=9002): Read timed out.",0,56.69694568066818
225,2026-09-19T05:46:52.959+00:00,2026-09-19T05:51:52.992+00:00,2026-09-19T05:51:52.992+00:00,False,1,0.0,,0.0,300032.576566,300032.576566,300032.576566,300032.576566,300032.576566,300032.576566,nan,300032.576566,nan,nan,0.0,29,64,,True,False,TTFT timeout: 300.0s exceeded (TTFT: 300.027s),0,56.69694568066818
226,2026-09-19T05:46:53.473+00:00,2026-09-19T05:51:53.072+00:00,2026-09-19T05:51:53.576+00:00,False,7,6.0,,6.0,299598.502316,300102.93342,300102.933316,42871.84761657143,0.03284,299598.502316,113205.820181331,209750.2545884,84.07185066666668,41.38976499329247,0.019993140125701074,29,64,,True,False,Request timeout: 300.0s exceeded,14,56.69694568066818
227,2026-09-19T05:46:53.844+00:00,2026-09-19T05:51:53.952+00:00,2026-09-19T05:51:53.952+00:00,False,1,0.0,,0.0,300107.951173,300107.951173,300107.951173,300107.951173,300107.951173,300107.951173,nan,300107.951173,nan,nan,0.0,29,64,,True,False,"HTTPConnectionPool(host='gpu03', port=9002): Read timed out.",0,56.69694568066818
228,2026-09-19T05:46:54.234+00:00,2026-09-19T05:51:54.285+00:00,2026-09-19T05:51:54.285+00:00,False,1,0.0,,0.0,300051.218448,300051.218448,300051.218448,300051.218448,300051.218448,300051.218448,nan,300051.218448,nan,nan,0.0,29,64,,True,False,TTFT timeout: 300.0s exceeded (TTFT: 300.046s),0,56.69694568066818
229,2026-09-19T05:46:54.588+00:00,2026-09-19T05:51:54.531+00:00,2026-09-19T05:51:54.644+00:00,False,3,2.0,,2.0,299942.518517,300055.773685,300055.77347,100018.59115666668,0.023510000000000003,299942.518517,173139.20917109997,269959.58980960003,56.627584,80.05018973940066,0.006665427481824127,29,64,,True,False,Request timeout: 300.0s exceeded,3,56.69694568066818
230,2026-09-19T05:46:55.714+00:00,2026-09-19T05:51:55.601+00:00,2026-09-19T05:51:55.928+00:00,False,5,4.0,,4.0,299887.62375800003,300214.559054,300214.55910400004,60042.91182080001,0.038340000000000006,299887.62375800003,134077.2784402542,239934.0254116,81.733824,54.986438032400976,0.013323804190590618,29,64,,True,False,Request timeout: 300.0s exceeded,14,56.69694568066818
231,2026-09-19T05:46:55.755+00:00,2026-09-19T05:51:55.805+00:00,2026-09-19T05:51:56.025+00:00,False,4,3.0,,3.0,300049.61491500004,300269.39654700004,300269.396675,75067.34916875,0.05603,300049.61491500004,149988.18640038566,255060.40647105005,73.260544,64.4667538097455,0.009991028171698547,29,64,,True,False,Request timeout: 300.0s exceeded,13,56.69694568066818
232,2026-09-19T05:46:55.770+00:00,2026-09-19T05:51:55.928+00:00,2026-09-19T05:51:56.025+00:00,False,3,2.0,,2.0,300158.356476,300255.293948,300255.293908,100085.09796933334,0.039450000000000006,300158.356476,173268.53125279385,270152.21062659996,48.468736,68.48938984679808,0.006660998291495143,29,64,,True,False,Request timeout: 300.0s exceeded,4,56.69694568066818
233,2026-09-19T05:46:55.898+00:00,2026-09-19T05:51:56.106+00:00,2026-09-19T05:51:56.106+00:00,False,1,0.0,,0.0,300208.311848,300208.311848,300208.311848,300208.311848,300208.311848,300208.311848,nan,300208.311848,nan,nan,0.0,29,64,,True,False,"HTTPConnectionPool(host='gpu03', port=9002): Read timed out.",0,56.69694568066818
234,2026-09-19T05:46:56.248+00:00,2026-09-19T05:51:56.276+00:00,2026-09-19T05:51:56.276+00:00,False,1,0.0,,0.0,300028.422963,300028.422963,300028.422963,300028.422963,300028.422963,300028.422963,nan,300028.422963,nan,nan,0.0,29,64,,True,False,"HTTPConnectionPool(host='gpu03', port=9002): Read timed out.",0,56.69694568066818
235,2026-09-19T05:46:56.735+00:00,2026-09-19T05:51:56.827+00:00,2026-09-19T05:51:56.827+00:00,False,1,0.0,,0.0,300091.391662,300091.391662,300091.391662,300091.391662,300091.391662,300091.391662,nan,300091.391662,nan,nan,0.0,29,64,,True,False,"HTTPConnectionPool(host='gpu03', port=9002): Read timed out.",0,56.69694568066818
236,2026-09-19T05:46:57.108+00:00,2026-09-19T05:51:57.215+00:00,2026-09-19T05:51:57.215+00:00,False,1,0.0,,0.0,300107.013563,300107.013563,300107.013563,300107.013563,300107.013563,300107.013563,nan,300107.013563,nan,nan,0.0,29,64,,True,False,"HTTPConnectionPool(host='gpu03', port=9002): Read timed out.",0,56.69694568066818
237,2026-09-19T05:46:57.463+00:00,2026-09-19T05:51:57.291+00:00,2026-09-19T05:51:57.508+00:00,False,4,3.0,,3.0,299828.226869,300044.498229,300044.498347,75011.12458675,0.02693,299828.226869,149878.07708573912,254871.753959,72.09045333333333,63.250723008439905,0.009998516945677636,29,64,,True,False,Request timeout: 300.0s exceeded,7,56.69694568066818
238,2026-09-19T05:46:57.830+00:00,2026-09-19T05:51:57.412+00:00,2026-09-19T05:51:57.913+00:00,False,7,6.0,,6.0,299581.790623,300082.815647,300082.815491,42868.97364157143,0.02284,299581.790623,113199.71821105752,209738.4161056,83.50417066666667,41.025309595994024,0.01999448048054192,29,64,,True,False,Request timeout: 300.0s exceeded,23,56.69694568066818
239,2026-09-19T05:46:58.169+00:00,2026-09-19T05:51:58.219+00:00,2026-09-19T05:51:58.219+00:00,False,1,0.0,,0.0,300050.395823,300050.395823,300050.395823,300050.395823,300050.395823,300050.395823,nan,300050.395823,nan,nan,0.0,29,64,,True,False,TTFT timeout: 300.0s exceeded (TTFT: 300.042s),0,56.69694568066818
240,2026-09-19T05:46:58.650+00:00,2026-09-19T05:51:58.753+00:00,2026-09-19T05:51:58.753+00:00,False,1,0.0,,0.0,300102.9696,300102.9696,300102.9696,300102.9696,300102.9696,300102.9696,nan,300102.9696,nan,nan,0.0,29,64,,True,False,"HTTPConnectionPool(host='gpu03', port=9002): Read timed out.",0,56.69694568066818
241,2026-09-19T05:46:59.010+00:00,2026-09-19T05:51:59.074+00:00,2026-09-19T05:51:59.074+00:00,False,1,0.0,,0.0,300064.52061400004,300064.52061400004,300064.52061400004,300064.52061400004,300064.52061400004,300064.52061400004,nan,300064.52061400004,nan,nan,0.0,29,64,,True,False,TTFT timeout: 300.0s exceeded (TTFT: 300.058s),0,56.69694568066818
242,2026-09-19T05:46:59.371+00:00,2026-09-19T05:51:59.199+00:00,2026-09-19T05:51:59.424+00:00,False,4,3.0,,3.0,299828.134685,300052.586269,300052.586413,75013.14660325,0.023530000000000002,299828.134685,149876.66805234653,254870.7557432,74.81719466666667,64.77322324643842,0.009998247431570116,29,64,,True,False,Request timeout: 300.0s exceeded,15,56.69694568066818
243,2026-09-19T05:46:59.837+00:00,2026-09-19T05:51:59.949+00:00,2026-09-19T05:51:59.949+00:00,False,1,0.0,,0.0,300111.785808,300111.785808,300111.785808,300111.785808,300111.785808,300111.785808,nan,300111.785808,nan,nan,0.0,29,64,,True,False,"HTTPConnectionPool(host='gpu03', port=9002): Read timed out.",0,56.69694568066818
244,2026-09-19T05:47:00.346+00:00,2026-09-19T05:52:00.319+00:00,2026-09-19T05:52:00.414+00:00,False,3,2.0,,2.0,299972.531162,300068.15433000005,300068.15424700006,100022.71808233335,0.061519,299972.531162,173161.62419257328,269984.83420240006,47.811584,67.5285392113963,0.006665152469996864,29,64,,True,False,Request timeout: 300.0s exceeded,7,56.69694568066818
245,2026-09-19T05:47:00.748+00:00,2026-09-19T05:52:00.802+00:00,2026-09-19T05:52:00.802+00:00,False,1,0.0,,0.0,300053.868038,300053.868038,300053.868038,300053.868038,300053.868038,300053.868038,nan,300053.868038,nan,nan,0.0,29,64,,True,False,TTFT timeout: 300.0s exceeded (TTFT: 300.034s),0,56.69694568066818
246,2026-09-19T05:47:01.240+00:00,2026-09-19T05:52:01.128+00:00,2026-09-19T05:52:01.278+00:00,False,4,3.0,,3.0,299888.716429,300038.320781,300038.320931,75009.58023275,0.060020000000000004,299888.716429,149919.43214225615,254922.88640725001,49.86811733333334,60.02679242700311,0.009998722803777189,29,64,,True,False,Request timeout: 300.0s exceeded,10,56.69694568066818
247,2026-09-19T05:47:01.712+00:00,2026-09-19T05:52:01.830+00:00,2026-09-19T05:52:01.830+00:00,False,1,0.0,,0.0,300118.594842,300118.594842,300118.594842,300118.594842,300118.594842,300118.594842,nan,300118.594842,nan,nan,0.0,29,64,,True,False,"HTTPConnectionPool(host='gpu03', port=9002): Read timed out.",0,56.69694568066818
248,2026-09-19T05:47:02.170+00:00,2026-09-19T05:52:02.183+00:00,2026-09-19T05:52:02.183+00:00,False,1,0.0,,0.0,300013.29377,300013.29377,300013.29377,300013.29377,300013.29377,300013.29377,nan,300013.29377,nan,nan,0.0,29,64,,True,False,TTFT timeout: 300.0s exceeded (TTFT: 300.004s),0,56.69694568066818
249,2026-09-19T05:47:02.652+00:00,2026-09-19T05:52:02.462+00:00,2026-09-19T05:52:02.685+00:00,False,4,3.0,,3.0,299810.112715,300033.227211,300033.227107,75008.30677675,0.03753,299810.112715,149867.88144601142,254859.35370475,74.37149866666667,69.74905312707462,0.009998892548958365,29,64,,True,False,Request timeout: 300.0s exceeded,8,56.69694568066818
250,2026-09-19T05:47:02.977+00:00,2026-09-19T05:52:02.600+00:00,2026-09-19T05:52:03.097+00:00,False,9,8.0,,8.0,299622.79248,300119.83004800003,300119.83007,33346.64778555556,0.09162000000000001,299622.79248,99853.55963961467,179816.5260904,62.129696,35.039038977299555,0.026656019359735442,29,64,,True,False,Request timeout: 300.0s exceeded,26,56.69694568066818
251,2026-09-19T05:47:03.315+00:00,2026-09-19T05:52:03.375+00:00,2026-09-19T05:52:03.375+00:00,False,1,0.0,,0.0,300059.5323,300059.5323,300059.5323,300059.5323,300059.5323,300059.5323,nan,300059.5323,nan,nan,0.0,29,64,,True,False,"HTTPConnectionPool(host='gpu03', port=9002): Read timed out.",0,56.69694568066818
252,2026-09-19T05:47:03.625+00:00,2026-09-19T05:52:03.735+00:00,2026-09-19T05:52:03.735+00:00,False,1,0.0,,0.0,300110.49708099995,300110.49708099995,300110.49708099995,300110.49708099995,300110.49708099995,300110.49708099995,nan,300110.49708099995,nan,nan,0.0,29,64,,True,False,"HTTPConnectionPool(host='gpu03', port=9002): Read timed out.",0,56.69694568066818
253,2026-09-19T05:47:04.104+00:00,2026-09-19T05:52:04.083+00:00,2026-09-19T05:52:05.053+00:00,True,10,10.0,,10.0,299979.41428799997,300949.32020799996,300949.32027499995,30094.932027499995,100.152834,299979.41428799997,94827.74129456171,165044.89471725,107.76732444444444,7.809505285398927,0.03322818603839523,29,64,,True,True,,40,56.69694568066818
254,2026-09-19T05:47:04.488+00:00,2026-09-19T05:52:04.319+00:00,2026-09-19T05:52:05.150+00:00,False,10,9.0,,9.0,299830.57695200003,300662.37676,300662.37661900005,30066.237661900002,0.02693,299830.57695200003,94785.53284296488,164958.97511630002,92.4222008888889,35.08239375956446,0.02993390824946527,29,64,,True,False,Request timeout: 300.0s exceeded,39,56.69694568066818
256,2026-09-19T05:47:05.284+00:00,2026-09-19T05:52:05.300+00:00,2026-09-19T05:52:05.300+00:00,False,1,0.0,,0.0,300016.16987800004,300016.16987800004,300016.16987800004,300016.16987800004,300016.16987800004,300016.16987800004,nan,300016.16987800004,nan,nan,0.0,29,64,,True,False,"HTTPConnectionPool(host='gpu03', port=9002): Read timed out.",0,56.69694568066818
257,2026-09-19T05:47:05.693+00:00,2026-09-19T05:52:05.812+00:00,2026-09-19T05:52:05.812+00:00,False,1,0.0,,0.0,300119.472718,300119.472718,300119.472718,300119.472718,300119.472718,300119.472718,nan,300119.472718,nan,nan,0.0,29,64,,True,False,"HTTPConnectionPool(host='gpu03', port=9002): Read timed out.",0,56.69694568066818
255,2026-09-19T05:47:04.834+00:00,2026-09-19T05:52:05.968+00:00,2026-09-19T05:52:05.968+00:00,False,1,0.0,,0.0,301133.50487199996,301133.50487199996,301133.50487199996,301133.50487199996,301133.50487199996,301133.50487199996,nan,301133.50487199996,nan,nan,0.0,29,64,,True,False,"HTTPConnectionPool(host='gpu03', port=9002): Read timed out.",0,56.69694568066818
258,2026-09-19T05:47:06.042+00:00,2026-09-19T05:52:06.149+00:00,2026-09-19T05:52:06.149+00:00,False,1,0.0,,0.0,300106.59901,300106.59901,300106.59901,300106.59901,300106.59901,300106.59901,nan,300106.59901,nan,nan,0.0,29,64,,True,False,"HTTPConnectionPool(host='gpu03', port=9002): Read timed out.",0,56.69694568066818
259,2026-09-19T05:47:06.400+00:00,2026-09-19T05:52:06.344+00:00,2026-09-19T05:52:06.548+00:00,False,3,2.0,,2.0,299943.910561,300147.73750499997,300147.73733,100049.24577666666,0.022850000000000002,299943.910561,173113.88776932878,269969.8998968,101.913472,144.0948308104536,0.006663385226972378,29,64,,True,False,Request timeout: 300.0s exceeded,9,56.69694568066818
260,2026-09-19T05:47:06.770+00:00,2026-09-19T05:52:06.546+00:00,2026-09-19T05:52:06.843+00:00,False,5,4.0,,4.0,299775.770953,300072.757833,300072.757893,60014.5515786,0.03792,299775.770953,134030.6030769872,239840.76653680002,74.24672,49.49697668026459,0.0133301004359287,29,64,,True,False,Request timeout: 300.0s exceeded,15,56.69694568066818
261,2026-09-19T05:47:07.071+00:00,2026-09-19T05:52:06.650+00:00,2026-09-19T05:52:07.149+00:00,False,9,8.0,,8.0,299578.580833,300077.877345,300077.877317,33341.986368555554,0.03774,299578.580833,99838.72812257348,179788.271383,62.412064,34.44249967612615,0.026659746032535375,29,64,,True,False,Request timeout: 300.0s exceeded,36,56.69694568066818
262,2026-09-19T05:47:07.510+00:00,2026-09-19T05:52:07.615+00:00,2026-09-19T05:52:07.615+00:00,False,1,0.0,,0.0,300104.952102,300104.952102,300104.952102,300104.952102,300104.952102,300104.952102,nan,300104.952102,nan,nan,0.0,29,64,,True,False,TTFT timeout: 300.0s exceeded (TTFT: 300.099s),0,56.69694568066818
263,2026-09-19T05:47:07.894+00:00,2026-09-19T05:52:07.990+00:00,2026-09-19T05:52:07.990+00:00,False,1,0.0,,0.0,300096.80755800003,300096.80755800003,300096.80755800003,300096.80755800003,300096.80755800003,300096.80755800003,nan,300096.80755800003,nan,nan,0.0,29,64,,True,False,TTFT timeout: 300.0s exceeded (TTFT: 300.078s),0,56.69694568066818
264,2026-09-19T05:47:08.219+00:00,2026-09-19T05:52:08.127+00:00,2026-09-19T05:52:08.271+00:00,False,3,2.0,,2.0,299908.271445,300052.649301,300052.649221,100017.54974033334,0.02265,299908.271445,173110.45801936774,269931.8798131,72.188928,102.05833958896976,0.00666549688749352,29,64,,True,False,Request timeout: 300.0s exceeded,8,56.69694568066818
265,2026-09-19T05:47:08.710+00:00,2026-09-19T05:52:08.507+00:00,2026-09-19T05:52:08.758+00:00,False,5,4.0,,4.0,299797.026524,300047.623388,300047.623358,60009.5246716,0.04083,299797.026524,134045.29509107958,239858.64348739997,62.649216,48.26469482119141,0.013331217074255866,29,64,,True,False,Request timeout: 300.0s exceeded,13,56.69694568066818
266,2026-09-19T05:47:09.122+00:00,2026-09-19T05:52:09.148+00:00,2026-09-19T05:52:09.148+00:00,False,1,0.0,,0.0,300025.426927,300025.426927,300025.426927,300025.426927,300025.426927,300025.426927,nan,300025.426927,nan,nan,0.0,29,64,,True,False,"HTTPConnectionPool(host='gpu03', port=9002): Read timed out.",0,56.69694568066818
267,2026-09-19T05:47:09.617+00:00,2026-09-19T05:52:09.599+00:00,2026-09-19T05:52:09.731+00:00,False,3,2.0,,2.0,299982.660916,300114.307892,300114.30791200005,100038.10263733334,0.023010000000000003,299982.660916,173157.0793200283,269997.557223,65.823488,93.0558859718256,0.006664127458793886,29,64,,True,False,Request timeout: 300.0s exceeded,4,56.69694568066818
268,2026-09-19T05:47:09.943+00:00,2026-09-19T05:52:09.863+00:00,2026-09-19T05:52:09.997+00:00,True,2,2.0,,2.0,299920.86293199996,300054.19592399994,300054.195914,150027.097957,133.332982,299920.86293199996,211981.7953428102,284931.48643449997,133.332992,nan,0.006665462530330939,29,64,,True,True,,4,56.69694568066818
269,2026-09-19T05:47:10.292+00:00,2026-09-19T05:52:10.101+00:00,2026-09-19T05:52:10.303+00:00,False,4,3.0,,3.0,299808.936168,300011.025384,300011.025572,75002.756393,0.02343,299808.936168,149870.79410510926,254853.24548189997,67.363072,58.41116821183456,0.00999963250070607,29,64,,True,False,Request timeout: 300.0s exceeded,5,56.69694568066818
270,2026-09-19T05:47:10.817+00:00,2026-09-19T05:52:10.914+00:00,2026-09-19T05:52:10.914+00:00,False,1,0.0,,0.0,300097.73993,300097.73993,300097.73993,300097.73993,300097.73993,300097.73993,nan,300097.73993,nan,nan,0.0,29,64,,True,False,"HTTPConnectionPool(host='gpu03', port=9002): Read timed out.",0,56.69694568066818
271,2026-09-19T05:47:11.181+00:00,2026-09-19T05:52:11.226+00:00,2026-09-19T05:52:11.226+00:00,False,1,0.0,,0.0,300045.127279,300045.127279,300045.127279,300045.127279,300045.127279,300045.127279,nan,300045.127279,nan,nan,0.0,29,64,,True,False,TTFT timeout: 300.0s exceeded (TTFT: 300.033s),0,56.69694568066818
272,2026-09-19T05:47:11.558+00:00,2026-09-19T05:52:11.504+00:00,2026-09-19T05:52:11.632+00:00,False,3,2.0,,2.0,299945.404302,300074.36251,300074.362585,100024.78752833334,0.02345,299945.404302,173136.3448641233,269963.7573551,64.479104,91.15391580864427,0.006665014575956484,29,64,,True,False,Request timeout: 300.0s exceeded,5,56.69694568066818
273,2026-09-19T05:47:11.886+00:00,2026-09-19T05:52:11.634+00:00,2026-09-19T05:52:11.932+00:00,False,5,4.0,,4.0,299747.988151,300045.413047,300045.41304,60009.082608,0.0538,299747.988151,134018.12931967998,239819.3081332,74.356224,49.68802313236235,0.013331315281175213,29,64,,True,False,Request timeout: 300.0s exceeded,9,56.69694568066818
274,2026-09-19T05:47:12.383+00:00,2026-09-19T05:52:12.406+00:00,2026-09-19T05:52:12.406+00:00,False,1,0.0,,0.0,300023.177799,300023.177799,300023.177799,300023.177799,300023.177799,300023.177799,nan,300023.177799,nan,nan,0.0,29,64,,True,False,"HTTPConnectionPool(host='gpu03', port=9002): Read timed out.",0,56.69694568066818
275,2026-09-19T05:47:12.695+00:00,2026-09-19T05:52:12.777+00:00,2026-09-19T05:52:12.777+00:00,False,1,0.0,,0.0,300081.92765100003,300081.92765100003,300081.92765100003,300081.92765100003,300081.92765100003,300081.92765100003,nan,300081.92765100003,nan,nan,0.0,29,64,,True,False,"HTTPConnectionPool(host='gpu03', port=9002): Read timed out.",0,56.69694568066818
276,2026-09-19T05:47:13.152+00:00,2026-09-19T05:52:13.094+00:00,2026-09-19T05:52:13.218+00:00,False,3,2.0,,2.0,299942.653012,300066.626132,300066.626018,100022.20867266667,0.05602,299942.653012,173136.19460994308,269960.7794094,61.98656,87.58294736769271,0.006665186414700432,29,64,,True,False,Request timeout: 300.0s exceeded,4,56.69694568066818
277,2026-09-19T05:47:13.654+00:00,2026-09-19T05:52:13.356+00:00,2026-09-19T05:52:13.716+00:00,False,6,5.0,,5.0,299701.863748,300061.778756,300061.778643,50010.2964405,0.0423,299701.863748,122323.39383114493,224805.020668,71.9830016,47.0383962262138,0.016663235220190538,29,64,,True,False,Request timeout: 300.0s exceeded,17,56.69694568066818
278,2026-09-19T05:47:14.173+00:00,2026-09-19T05:52:14.282+00:00,2026-09-19T05:52:14.282+00:00,False,1,0.0,,0.0,300108.59008,300108.59008,300108.59008,300108.59008,300108.59008,300108.59008,nan,300108.59008,nan,nan,0.0,29,64,,True,False,"HTTPConnectionPool(host='gpu03', port=9002): Read timed out.",0,56.69694568066818
279,2026-09-19T05:47:14.670+00:00,2026-09-19T05:52:14.644+00:00,2026-09-19T05:52:14.782+00:00,False,3,2.0,,2.0,299973.580466,300112.444594,300112.444765,100037.48158833334,0.038899,299973.580466,173149.75466698848,269990.1049594,69.432064,98.13673669421766,0.006664168834136993,29,64,,True,False,Request timeout: 300.0s exceeded,16,56.69694568066818
280,2026-09-19T05:47:15.145+00:00,2026-09-19T05:52:14.913+00:00,2026-09-19T05:52:15.254+00:00,False,5,4.0,,4.0,299767.964199,300109.22704699996,300109.227091,60021.8454182,0.02112,299767.964199,134022.16379591703,239837.61006620002,85.315712,56.90944482249767,0.013328480564756382,29,64,,True,False,Request timeout: 300.0s exceeded,14,56.69694568066818
281,2026-09-19T05:47:15.659+00:00,2026-09-19T05:52:15.685+00:00,2026-09-19T05:52:15.685+00:00,False,1,0.0,,0.0,300025.941499,300025.941499,300025.941499,300025.941499,300025.941499,300025.941499,nan,300025.941499,nan,nan,0.0,29,64,,True,False,"HTTPConnectionPool(host='gpu03', port=9002): Read timed out.",0,56.69694568066818
282,2026-09-19T05:47:16.176+00:00,2026-09-19T05:52:16.258+00:00,2026-09-19T05:52:16.258+00:00,False,1,0.0,,0.0,300081.480145,300081.480145,300081.480145,300081.480145,300081.480145,300081.480145,nan,300081.480145,nan,nan,0.0,29,64,,True,False,TTFT timeout: 300.0s exceeded (TTFT: 300.069s),0,56.69694568066818
285,2026-09-19T05:47:17.488+00:00,2026-09-19T05:52:16.529+00:00,2026-09-19T05:52:17.638+00:00,False,13,12.0,,12.0,299041.095776,300150.197088,300150.19703,23088.476694615383,0.03959,299041.095776,82913.44984428928,119696.0455628,92.42510933333332,34.82197161321724,0.039979983742878436,29,64,,True,False,Request timeout: 300.0s exceeded,42,56.69694568066818
283,2026-09-19T05:47:16.524+00:00,2026-09-19T05:52:16.531+00:00,2026-09-19T05:52:16.660+00:00,False,3,2.0,,2.0,300007.06091,300136.35627,300136.356082,100045.45202733333,0.02684,300007.06091,173171.84513092545,270019.2816522,64.64768,91.3876117713993,0.006663637903969281,29,64,,True,False,Request timeout: 300.0s exceeded,8,56.69694568066818
284,2026-09-19T05:47:17.458+00:00,2026-09-19T05:52:16.661+00:00,2026-09-19T05:52:17.868+00:00,False,14,13.0,,13.0,299203.56114,300410.728116,300410.728093,21457.9091495,0.02413,299203.56114,79940.70430097452,104809.66685775001,92.85899815384616,33.75094114186418,0.043274087052511005,29,64,,True,False,Request timeout: 300.0s exceeded,53,56.69694568066818
286,2026-09-19T05:47:17.737+00:00,2026-09-19T05:52:17.987+00:00,2026-09-19T05:52:17.987+00:00,False,1,0.0,,0.0,300250.24088700005,300250.24088700005,300250.24088700005,300250.24088700005,300250.24088700005,300250.24088700005,nan,300250.24088700005,nan,nan,0.0,29,64,,True,False,"HTTPConnectionPool(host='gpu03', port=9002): Read timed out.",0,56.69694568066818
287,2026-09-19T05:47:18.069+00:00,2026-09-19T05:52:18.151+00:00,2026-09-19T05:52:18.151+00:00,False,1,0.0,,0.0,300081.529765,300081.529765,300081.529765,300081.529765,300081.529765,300081.529765,nan,300081.529765,nan,nan,0.0,29,64,,True,False,"HTTPConnectionPool(host='gpu03', port=9002): Read timed out.",0,56.69694568066818
288,2026-09-19T05:47:18.358+00:00,2026-09-19T05:52:18.386+00:00,2026-09-19T05:52:18.386+00:00,False,1,0.0,,0.0,300027.963214,300027.963214,300027.963214,300027.963214,300027.963214,300027.963214,nan,300027.963214,nan,nan,0.0,29,64,,True,False,"HTTPConnectionPool(host='gpu03', port=9002): Read timed out.",0,56.69694568066818
289,2026-09-19T05:47:18.677+00:00,2026-09-19T05:52:18.786+00:00,2026-09-19T05:52:18.786+00:00,False,1,0.0,,0.0,300109.476188,300109.476188,300109.476188,300109.476188,300109.476188,300109.476188,nan,300109.476188,nan,nan,0.0,29,64,,True,False,"HTTPConnectionPool(host='gpu03', port=9002): Read timed out.",0,56.69694568066818
290,2026-09-19T05:47:19.004+00:00,2026-09-19T05:52:19.112+00:00,2026-09-19T05:52:19.112+00:00,False,1,0.0,,0.0,300108.111865,300108.111865,300108.111865,300108.111865,300108.111865,300108.111865,nan,300108.111865,nan,nan,0.0,29,64,,True,False,"HTTPConnectionPool(host='gpu03', port=9002): Read timed out.",0,56.69694568066818
291,2026-09-19T05:47:19.452+00:00,2026-09-19T05:52:19.395+00:00,2026-09-19T05:52:20.581+00:00,False,16,15.0,,15.0,299942.979781,301128.667333,301128.667327,18820.5417079375,0.043989,299942.979781,74965.99060987376,75066.44158975,79.0458368,33.82851330711968,0.04981259384186231,29,64,,True,False,Request timeout: 300.0s exceeded,43,56.69694568066818
292,2026-09-19T05:47:19.825+00:00,2026-09-19T05:52:19.428+00:00,2026-09-19T05:52:20.686+00:00,False,16,15.0,,15.0,299603.166725,300860.86246900004,300860.862395,18803.8038996875,0.07293000000000001,299603.166725,74879.83614929268,74981.33537825,83.84638293333333,31.189350010003697,0.04985693345722415,29,64,,True,False,Request timeout: 300.0s exceeded,45,56.69694568066818
294,2026-09-19T05:47:20.641+00:00,2026-09-19T05:52:20.729+00:00,2026-09-19T05:52:20.729+00:00,False,1,0.0,,0.0,300088.37153299997,300088.37153299997,300088.37153299997,300088.37153299997,300088.37153299997,300088.37153299997,nan,300088.37153299997,nan,nan,0.0,29,64,,True,False,"HTTPConnectionPool(host='gpu03', port=9002): Read timed out.",0,56.69694568066818
293,2026-09-19T05:47:20.339+00:00,2026-09-19T05:52:21.501+00:00,2026-09-19T05:52:21.501+00:00,False,1,0.0,,0.0,301162.17673799995,301162.17673799995,301162.17673799995,301162.17673799995,301162.17673799995,301162.17673799995,nan,301162.17673799995,nan,nan,0.0,29,64,,True,False,"HTTPConnectionPool(host='gpu03', port=9002): Read timed out.",0,56.69694568066818
0,2026-09-19T05:45:20.800+00:00,2026-09-19T05:45:21.012+00:00,2026-09-19T05:45:25.123+00:00,True,46,46.0,,46.0,212.39268900000002,4323.228657000001,4323.228751,93.9832337173913,32.131916000000004,212.39268900000002,31.09462093043217,112.03308925000002,91.35191040000001,25.751038071445308,10.64019593909719,30,64,,False,True,,152,56.69694568066818
1,2026-09-19T05:45:21.286+00:00,2026-09-19T05:45:21.548+00:00,2026-09-19T05:45:21.754+00:00,True,3,3.0,,3.0,262.003193,467.449081,467.449144,155.81638133333334,97.932701,262.003193,92.08515601732157,246.55419870000003,102.722944,6.774648649192074,6.417811312372652,30,64,,False,True,,18,56.69694568066818
2,2026-09-19T05:45:21.854+00:00,2026-09-19T05:45:23.809+00:00,2026-09-19T05:45:28.229+00:00,True,47,47.0,,47.0,1954.470967,6374.327351,6374.32734,135.62398595744682,45.594994,1954.470967,272.0027308233547,114.1396283,96.0838344347826,22.710987016624895,7.373327005652867,30,64,,False,True,,209,56.69694568066818
3,2026-09-19T05:45:22.426+00:00,2026-09-19T05:45:27.309+00:00,2026-09-19T05:45:33.783+00:00,True,66,66.0,,66.0,4882.436036,11356.430788,11356.430773,172.06713292424243,0.0,4882.436036,589.2960604139864,112.191431,99.59991926153846,26.106029209078336,5.811685135239871,30,64,,False,True,,332,56.69694568066818
4,2026-09-19T05:45:22.743+00:00,2026-09-19T05:45:29.013+00:00,2026-09-19T05:45:32.506+00:00,True,36,36.0,,36.0,6269.877713999999,9763.554258,9763.554474999999,271.20984652777776,43.851836999999996,6269.877713999999,1028.4842164291867,119.43850950000002,99.81932982857143,17.287777634702987,3.687181844716287,30,64,,False,True,,122,56.69694568066818
5,2026-09-19T05:45:23.100+00:00,2026-09-19T05:45:30.800+00:00,2026-09-19T05:45:38.308+00:00,True,77,77.0,,77.0,7700.264491000001,15208.241963,15208.242017,197.5096365844156,0.0,7700.264491000001,867.2515554451836,157.753747,98.7891772631579,41.5554216252046,5.063044116955308,30,64,,False,True,,359,56.69694568066818
6,2026-09-19T05:45:23.430+00:00,2026-09-19T05:45:32.605+00:00,2026-09-19T05:45:35.277+00:00,True,28,28.0,,28.0,9174.730247,11846.984455,11846.98445,423.1065875,0.0,9174.730247,1715.5636560018386,198.94461569999999,98.97237807407407,38.0619075142188,2.363470645745859,30,64,,False,True,,126,56.69694568066818
7,2026-09-19T05:45:23.801+00:00,2026-09-19T05:45:34.302+00:00,2026-09-19T05:45:40.364+00:00,True,63,63.0,,63.0,10500.844216,16562.966968,16562.967151,262.9042404920635,0.0,10500.844216,1311.570307872748,236.7207628,97.77617341935485,49.16476798464438,3.8036663432172095,30,64,,False,True,,237,56.69694568066818
8,2026-09-19T05:45:24.244+00:00,2026-09-19T05:45:37.139+00:00,2026-09-19T05:45:38.208+00:00,True,14,14.0,,14.0,12894.982637000001,13964.183789,13964.183826,997.4417018571429,0.04262,12894.982637000001,3424.5193090519056,4590.16706405,82.24624246153846,35.66836918983352,1.0025648624754004,30,64,,False,True,,66,56.69694568066818
9,2026-09-19T05:45:24.722+00:00,2026-09-19T05:45:39.494+00:00,2026-09-19T05:45:42.366+00:00,True,29,29.0,,29.0,14772.235734,17644.069334,17644.069382,608.4161855862069,0.0,14772.235734,2724.38256302188,212.14328760000004,102.56548571428571,40.70106536522268,1.643611768409751,30,64,,False,True,,107,56.69694568066818
10,2026-09-19T05:45:25.215+00:00,2026-09-19T05:45:41.980+00:00,2026-09-19T05:45:49.792+00:00,True,79,79.0,,79.0,16764.93302,24577.236380000002,24577.236359,311.10425770886076,0.0,16764.93302,1875.7946758839605,153.985628,100.15773538461539,57.194482215460106,3.2143565199335074,30,64,,False,True,,319,56.69694568066818
11,2026-09-19T05:45:25.765+00:00,2026-09-19T05:45:45.239+00:00,2026-09-19T05:45:54.636+00:00,True,96,96.0,,96.0,19474.010659000003,28870.471459000004,28870.471577000004,300.7340789270834,0.0,19474.010659000003,1978.9533285240495,174.01030200000002,98.91011368421053,77.19724031094168,3.325196823901302,30,64,,False,True,,414,56.69694568066818
12,2026-09-19T05:45:26.225+00:00,2026-09-19T05:45:48.141+00:00,2026-09-19T05:45:55.508+00:00,True,76,76.0,,76.0,21916.289809,29283.008273,29283.008505,385.30274348684213,0.0,21916.289809,2503.9638093444714,184.55139225,98.22291285333334,79.95700175682539,2.595361763773252,30,64,,False,True,,416,56.69694568066818
13,2026-09-19T05:45:26.541+00:00,2026-09-19T05:45:49.837+00:00,2026-09-19T05:45:53.130+00:00,True,34,34.0,,34.0,23296.447282,26589.43365,26589.43384,782.0421717647059,0.016309999999999998,23296.447282,3978.836307296519,234.2691287,99.7874656969697,72.57963887286053,1.2787034296234436,30,64,,False,True,,162,56.69694568066818
14,2026-09-19T05:45:27.073+00:00,2026-09-19T05:45:52.499+00:00,2026-09-19T05:45:55.924+00:00,True,37,37.0,,37.0,25426.046041,28851.522649000002,28851.52273,779.7708845945946,0.0,25426.046041,4164.99179840741,186.7446802,95.152128,72.79311671175799,1.2824279830958045,30,64,,False,True,,165,56.69694568066818
15,2026-09-19T05:45:27.522+00:00,2026-09-19T05:45:54.835+00:00,2026-09-19T05:45:59.803+00:00,True,55,55.0,,55.0,27313.078135000003,32280.529271000003,32280.529270000003,586.918714,0.0,27313.078135000003,3671.1555246358103,114.1674814,91.98983585185185,70.51433391890804,1.703813451702311,30,64,,False,True,,189,56.69694568066818
16,2026-09-19T05:45:27.933+00:00,2026-09-19T05:45:57.064+00:00,2026-09-19T05:46:05.994+00:00,True,91,91.0,,91.0,29131.507136999997,38061.137856999994,38061.137754999996,418.25426104395603,0.0,29131.507136999997,3044.423892854557,115.20919150000002,99.21811911111111,78.972281095807,2.3908901605069537,30,64,,False,True,,408,56.69694568066818
17,2026-09-19T05:45:28.313+00:00,2026-09-19T05:45:59.668+00:00,2026-09-19T05:46:01.238+00:00,True,20,20.0,,20.0,31355.052205,32924.458413,32924.458219,1646.22291095,0.0,31355.052205,6992.844297846338,1680.3198525500002,82.6003267368421,40.566372293761525,0.6074511461698983,30,64,,False,True,,89,56.69694568066818
18,2026-09-19T05:45:28.694+00:00,2026-09-19T05:46:01.553+00:00,2026-09-19T05:46:06.826+00:00,True,53,53.0,,53.0,32859.561631000004,38131.892383000006,38131.892490000006,719.4696696226416,0.0,32859.561631000004,4500.332610068388,115.575363,101.390976,77.33933067310416,1.3899126607109724,30,64,,False,True,,215,56.69694568066818
19,2026-09-19T05:45:29.023+00:00,2026-09-19T05:46:03.307+00:00,2026-09-19T05:46:11.151+00:00,True,80,80.0,,80.0,34283.681104,42127.308880000004,42127.308832,526.5913604,0.0,34283.681104,3822.81226169344,112.51412744999999,99.2864275443038,82.5797479871718,1.8990057073875923,30,64,,False,True,,390,56.69694568066818
20,2026-09-19T05:45:29.405+00:00,2026-09-19T05:46:05.993+00:00,2026-09-19T05:46:13.469+00:00,True,77,77.0,,77.0,36587.590387000004,44063.52869100001,44063.528661000004,572.253618974026,0.0,36587.590387000004,4159.442846995438,115.5931766,98.36760926315789,96.72490178306666,1.747476933587647,30,64,,False,True,,363,56.69694568066818
21,2026-09-19T05:45:29.867+00:00,2026-09-19T05:46:07.949+00:00,2026-09-19T05:46:09.566+00:00,True,17,17.0,,17.0,38081.688516,39698.5369,39698.536649,2335.208038176471,88.834593,38081.688516,9211.658642336066,7703.707972,101.053024,5.375159471562247,0.42822736875222217,30,64,,False,True,,60,56.69694568066818
22,2026-09-19T05:45:30.398+00:00,2026-09-19T05:46:10.359+00:00,2026-09-19T05:46:11.441+00:00,True,12,12.0,,12.0,39961.410378,41043.870794,41043.870686,3420.3225571666667,89.66714999999999,39961.410378,11507.459655404366,18041.42144815,98.40549236363636,5.850129671236617,0.29237008517613355,30,64,,False,True,,57,56.69694568066818
23,2026-09-19T05:45:30.712+00:00,2026-09-19T05:46:11.841+00:00,2026-09-19T05:46:14.560+00:00,True,29,29.0,,29.0,41128.547528999996,43848.46228099999,43848.46230299999,1512.0159414827585,0.0,41128.547528999996,7620.472692717371,491.42128620000005,97.13981257142856,133.72912353343543,0.6613686886932408,30,64,,False,True,,111,56.69694568066818
24,2026-09-19T05:45:31.093+00:00,2026-09-19T05:46:14.059+00:00,2026-09-19T05:46:15.621+00:00,True,18,18.0,,18.0,42965.994499,44528.128771,44528.12874,2473.78493,45.389944,42965.994499,10105.544447357443,6535.466914549999,91.89025129411765,21.318224051297154,0.40423885972327056,30,64,,False,True,,66,56.69694568066818
25,2026-09-19T05:45:31.618+00:00,2026-09-19T05:46:16.855+00:00,2026-09-19T05:46:23.910+00:00,True,72,72.0,,72.0,45237.455558,52292.013254000005,52292.013095,726.2779596527778,0.0,45237.455558,5321.144305211159,115.5371615,99.35996754929577,130.1184973442954,1.3768833043446163,30,64,,False,True,,261,56.69694568066818
26,2026-09-19T05:45:32.153+00:00,2026-09-19T05:46:20.399+00:00,2026-09-19T05:46:28.177+00:00,True,81,81.0,,81.0,48245.63895,56023.704102,56023.704191,691.6506690246914,0.0,48245.63895,5350.978478691028,116.523477,97.2258144,111.8645350668444,1.4458165752933205,30,64,,False,True,,289,56.69694568066818
27,2026-09-19T05:45:32.626+00:00,2026-09-19T05:46:22.855+00:00,2026-09-19T05:46:26.049+00:00,True,32,32.0,,32.0,50229.17136,53423.598496,53423.598613,1669.48745665625,58.065695,50229.17136,8861.140314237642,118.97866859999998,103.04603664516128,13.212272545072675,0.5989862326925796,30,64,,False,True,,98,56.69694568066818
28,2026-09-19T05:45:33.022+00:00,2026-09-19T05:46:25.084+00:00,2026-09-19T05:46:28.174+00:00,True,30,30.0,,30.0,52061.277993,55151.433769,55151.433654,1838.3811218,46.77087,52061.277993,9485.599709342778,119.72154030000002,106.55709572413794,13.179753181644983,0.543956846628032,30,64,,False,True,,146,56.69694568066818
29,2026-09-19T05:45:33.575+00:00,2026-09-19T05:46:28.069+00:00,2026-09-19T05:46:35.826+00:00,True,77,77.0,,77.0,54494.038977,62250.802369,62250.80237,808.4519788311687,0.0,54494.038977,6199.166959355972,114.7569124,102.06267621052632,88.68064619592316,1.236931847778799,30,64,,False,True,,348,56.69694568066818
30,2026-09-19T05:45:34.000+00:00,2026-09-19T05:46:30.189+00:00,2026-09-19T05:46:35.565+00:00,True,53,53.0,,53.0,56188.699295,61564.300191,61564.300234999995,1161.5905704716981,46.9285,56188.699295,7703.924074888714,114.60029899999999,103.37694030769231,14.050953185243849,0.8608885317557463,30,64,,False,True,,197,56.69694568066818
31,2026-09-19T05:45:34.459+00:00,2026-09-19T05:46:32.909+00:00,2026-09-19T05:46:36.975+00:00,True,40,40.0,,40.0,58449.503624,62515.984264,62515.984195,1562.899604875,46.178991,58449.503624,9225.1977972806,114.6571729,104.26873435897436,10.794595633373259,0.6398363629865156,30,64,,False,True,,180,56.69694568066818
32,2026-09-19T05:45:34.998+00:00,2026-09-19T05:46:35.721+00:00,2026-09-19T05:46:40.121+00:00,True,45,45.0,,45.0,60722.664101999995,65122.795942,65122.795791,1447.1732398,0.0,60722.664101999995,9038.618565930614,613.2036918,100.00299636363636,167.99301522887018,0.6910022726923171,30,64,,False,True,,153,56.69694568066818
33,2026-09-19T05:45:35.399+00:00,2026-09-19T05:46:37.857+00:00,2026-09-19T05:46:45.580+00:00,True,79,79.0,,79.0,62457.854596,70181.34618,70181.34615699999,888.3714703417721,0.0,62457.854596,7016.585273575767,112.284803,99.01912287179486,97.45502632820767,1.1256552388918568,30,64,,False,True,,290,56.69694568066818
34,2026-09-19T05:45:35.712+00:00,2026-09-19T05:46:39.603+00:00,2026-09-19T05:46:48.789+00:00,True,94,94.0,,94.0,63891.169029,73077.30355699999,73077.303498,777.4181223191489,47.394538999999995,63891.169029,6579.705545714185,112.38539580000001,98.77564008602151,17.32214289967912,1.2863090922160312,30,64,,False,True,,481,56.69694568066818
35,2026-09-19T05:45:36.091+00:00,2026-09-19T05:46:41.425+00:00,2026-09-19T05:46:43.563+00:00,True,23,23.0,,23.0,65334.620337,67472.868017,67472.868,2933.602956521739,44.922335,65334.620337,13602.961757175375,115.18756359999999,97.19307636363637,22.547386081640354,0.34087775836362966,30,64,,False,True,,112,56.69694568066818
36,2026-09-19T05:45:36.504+00:00,2026-09-19T05:46:43.769+00:00,2026-09-19T05:46:44.130+00:00,True,5,5.0,,5.0,67265.475572,67626.66469199999,67626.66473399999,13525.3329468,52.957074999999996,67265.475572,30041.66085786242,53833.483196,90.29728,25.077629708113964,0.07393533338916067,30,64,,False,True,,17,56.69694568066818
37,2026-09-19T05:45:37.102+00:00,2026-09-19T05:46:45.687+00:00,2026-09-19T05:46:52.031+00:00,True,67,67.0,,67.0,68585.27263400001,74929.24831400001,74929.24846100001,1118.346991955224,0.0,68585.27263400001,8368.17399510711,111.9980293,96.12084363636365,123.1425598023146,0.8941768602726196,30,64,,False,True,,320,56.69694568066818
38,2026-09-19T05:45:37.542+00:00,2026-09-19T05:46:49.334+00:00,2026-09-19T05:46:58.672+00:00,True,94,94.0,,94.0,71792.884392,81130.61060000001,81130.610665,863.091602819149,0.0,71792.884392,7395.611906636954,119.99903594999999,100.40565815053763,128.0861596368724,1.158625570605529,30,64,,False,True,,416,56.69694568066818
39,2026-09-19T05:45:38.115+00:00,2026-09-19T05:46:52.127+00:00,2026-09-19T05:46:53.596+00:00,True,15,15.0,,15.0,74012.511155,75480.908467,75480.90844,5032.060562666667,6.457625,74012.511155,19082.93157751403,22381.053291700002,104.88552228571429,51.56608363485637,0.19872574806857218,30,64,,False,True,,71,56.69694568066818
40,2026-09-19T05:45:38.468+00:00,2026-09-19T05:46:53.812+00:00,2026-09-19T05:47:02.051+00:00,True,82,82.0,,82.0,75343.52515700001,83583.187493,83583.18748600001,1019.3071644634148,0.01625,75343.52515700001,8309.560198211275,112.974753,101.72422637037037,91.1064760419077,0.9810585413109233,30,64,,False,True,,333,56.69694568066818
41,2026-09-19T05:45:38.860+00:00,2026-09-19T05:46:56.239+00:00,2026-09-19T05:47:01.623+00:00,True,54,54.0,,54.0,77378.610456,82762.924824,82762.924764,1532.6467548888888,46.999078999999995,77378.610456,10516.083740304397,114.70921215,101.59083713207548,16.920829680861583,0.6524660663556059,30,64,,False,True,,184,56.69694568066818
42,2026-09-19T05:45:39.247+00:00,2026-09-19T05:46:58.460+00:00,2026-09-19T05:47:06.863+00:00,True,87,87.0,,87.0,79212.419427,87615.301987,87615.302094,1007.072437862069,0.0,79212.419427,8482.900393600563,111.68138800000001,97.70793674418604,125.18492206025614,0.9929772314533448,30,64,,False,True,,414,56.69694568066818
43,2026-09-19T05:45:39.571+00:00,2026-09-19T05:47:00.761+00:00,2026-09-19T05:47:02.467+00:00,True,17,17.0,,17.0,81190.12645200001,82895.51038800001,82895.510311,4876.206488882353,95.596155,81190.12645200001,19665.647416835847,16327.251969600002,106.586496,3.952049905796636,0.2050774513653387,30,64,,False,True,,47,56.69694568066818
44,2026-09-19T05:45:40.023+00:00,2026-09-19T05:47:03.360+00:00,2026-09-19T05:47:05.356+00:00,True,23,23.0,,23.0,83337.52580799999,85333.570096,85333.57023499999,3710.1552276086954,0.0,83337.52580799999,17359.8936971256,1089.5270879,90.72928581818181,251.32845066768897,0.26953050217077607,30,64,,False,True,,110,56.69694568066818
45,2026-09-19T05:45:40.464+00:00,2026-09-19T05:47:05.776+00:00,2026-09-19T05:47:09.871+00:00,True,43,43.0,,43.0,85311.99865899999,89406.96877099999,89406.968652,2079.2318291162787,50.945131,85311.99865899999,12995.099925336941,109.70775019999998,97.4992883809524,16.798687839214846,0.48094685001721554,30,64,,False,True,,188,56.69694568066818
46,2026-09-19T05:45:40.802+00:00,2026-09-19T05:47:07.582+00:00,2026-09-19T05:47:14.631+00:00,True,73,73.0,,73.0,86779.80505,93828.56741799999,93828.567373,1285.3228407260274,43.316948,86779.80505,10145.365369228895,110.7498358,97.89947733333332,17.973494149533526,0.7780146495767103,30,64,,False,True,,303,56.69694568066818
47,2026-09-19T05:45:41.197+00:00,2026-09-19T05:47:10.181+00:00,2026-09-19T05:47:11.132+00:00,True,10,10.0,,10.0,88984.11324199999,89935.09538599999,89935.095341,8993.5095341,101.189173,88984.11324199999,28105.83355439107,48991.93445435,105.66468266666668,4.483314009000039,0.11119129809203138,30,64,,False,True,,38,56.69694568066818
48,2026-09-19T05:45:41.514+00:00,2026-09-19T05:47:11.688+00:00,2026-09-19T05:47:20.525+00:00,True,92,92.0,,92.0,90174.249485,99011.568397,99011.56848999999,1076.2127009782607,0.0,90174.249485,9392.78792583799,113.7466656,97.11339463736265,174.17527278775134,0.9291843517831555,30,64,,False,True,,425,56.69694568066818
49,2026-09-19T05:45:41.970+00:00,2026-09-19T05:47:14.781+00:00,2026-09-19T05:47:15.997+00:00,True,13,13.0,,13.0,92811.52613,94027.660786,94027.660917,7232.896993615384,89.5573,92811.52613,25713.178547239677,37189.955362400004,101.34455466666667,5.774226788458164,0.1382571882713007,30,64,,False,True,,65,56.69694568066818
50,2026-09-19T05:45:42.435+00:00,2026-09-19T05:47:17.537+00:00,2026-09-19T05:47:17.537+00:00,True,1,1.0,,1.0,95101.85976899999,95101.85976899999,95101.85976899999,95101.85976899999,95101.85976899999,95101.85976899999,nan,95101.85976899999,nan,nan,0.010515041476885676,30,64,,False,True,,3,56.69694568066818
51,2026-09-19T05:45:42.787+00:00,2026-09-19T05:47:18.874+00:00,2026-09-19T05:47:20.671+00:00,True,20,20.0,,20.0,96086.449773,97883.084141,97883.083927,4894.15419635,0.0,96086.449773,21466.455546757217,6068.7893958,94.55970357894736,302.28282877962835,0.20432539672728456,30,64,,False,True,,88,56.69694568066818
52,2026-09-19T05:45:43.168+00:00,2026-09-19T05:47:20.770+00:00,2026-09-19T05:47:21.395+00:00,True,7,7.0,,7.0,97602.181329,98227.039185,98227.039263,14032.43418042857,101.627122,97602.181329,36850.79476580941,68354.1787695,104.142976,2.7450420100968946,0.07126347345985108,30,64,,False,True,,19,56.69694568066818
53,2026-09-19T05:45:43.480+00:00,2026-09-19T05:47:22.350+00:00,2026-09-19T05:47:28.744+00:00,True,66,66.0,,66.0,98870.14615,105264.531558,105264.531708,1594.917147090909,46.065652,98870.14615,12157.979671646995,113.539681,98.37516012307691,19.319853101339692,0.626991817881548,30,64,,False,True,,301,56.69694568066818
54,2026-09-19T05:45:44.052+00:00,2026-09-19T05:47:25.712+00:00,2026-09-19T05:47:35.406+00:00,True,100,100.0,,100.0,101660.714673,111354.42961699999,111354.429534,1113.54429534,46.860859,101660.714673,10156.294846221546,110.95653805,97.91631256565657,17.550051299230567,0.8980334266355349,30,64,,False,True,,429,56.69694568066818
55,2026-09-19T05:45:44.607+00:00,2026-09-19T05:47:28.743+00:00,2026-09-19T05:47:32.378+00:00,True,38,38.0,,38.0,104136.027547,107771.329947,107771.329815,2836.0876267105264,48.139936999999996,104136.027547,16877.162000618104,110.63306090000002,98.25141621621623,14.552937549644119,0.3525984138702539,30,64,,True,True,,123,56.69694568066818
56,2026-09-19T05:45:45.115+00:00,2026-09-19T05:47:31.764+00:00,2026-09-19T05:47:40.328+00:00,True,90,90.0,,90.0,106648.59124,115212.317832,115212.317918,1280.1368657555554,45.007003,106648.59124,11231.624221933567,111.88786384999999,96.22164710112361,20.383561513861274,0.7811664732866148,30,64,,True,True,,325,56.69694568066818
57,2026-09-19T05:45:45.590+00:00,2026-09-19T05:47:34.242+00:00,2026-09-19T05:47:43.139+00:00,True,92,92.0,,92.0,108651.929518,117548.24414200001,117548.24417,1277.6983061956523,46.740429,108651.929518,11317.571735586194,112.6823237,97.76169916483516,19.94846993963578,0.7826573733322859,30,64,,True,True,,456,56.69694568066818
58,2026-09-19T05:45:45.921+00:00,2026-09-19T05:47:35.822+00:00,2026-09-19T05:47:38.276+00:00,True,26,26.0,,26.0,109900.73453,112354.851138,112354.851178,4321.340429923077,50.201962,109900.73453,21534.062558160054,111.798989,98.16466431999999,17.629973757638474,0.2314096786801441,30,64,,True,True,,90,56.69694568066818
59,2026-09-19T05:45:46.313+00:00,2026-09-19T05:47:37.859+00:00,2026-09-19T05:47:42.497+00:00,True,50,50.0,,50.0,111545.752816,116183.54583999999,116183.545919,2323.67091838,43.868087,111545.752816,15761.582676462165,112.98437135,94.6488372244898,22.971336382671776,0.430353537917121,30,64,,True,True,,232,56.69694568066818
60,2026-09-19T05:45:46.701+00:00,2026-09-19T05:47:39.957+00:00,2026-09-19T05:47:40.328+00:00,True,6,6.0,,6.0,113255.96731800001,113627.23874200002,113627.23875100001,18937.87312516667,48.609004,113255.96731800001,46206.25024463685,84969.78373025,74.2542848,32.930827899571845,0.05280424013139572,30,64,,True,True,,30,56.69694568066818
61,2026-09-19T05:45:47.159+00:00,2026-09-19T05:47:42.500+00:00,2026-09-19T05:47:47.281+00:00,True,48,48.0,,48.0,115341.42808,120122.272368,120122.272547,2502.5473447291665,50.910111,115341.42808,16633.422845281693,109.83731900000001,101.72009123404256,11.272860698850218,0.3995928403098289,30,64,,True,True,,160,56.69694568066818
62,2026-09-19T05:45:47.504+00:00,2026-09-19T05:47:44.383+00:00,2026-09-19T05:47:49.695+00:00,True,55,55.0,,55.0,116878.853441,122191.452481,122191.452532,2221.662773309091,48.686964999999994,116878.853441,15746.68451372978,110.2213681,98.3814637037037,16.884610595406894,0.4501133171205421,30,64,,True,True,,187,56.69694568066818
63,2026-09-19T05:45:47.875+00:00,2026-09-19T05:47:46.465+00:00,2026-09-19T05:47:50.016+00:00,True,37,37.0,,37.0,118589.44083200001,122140.98848000001,122140.98845,3301.1077959459462,47.83917700000001,118589.44083200001,19479.772975051983,110.25059159999999,98.65410133333333,17.48740458414711,0.302928611111237,30,64,,True,True,,48,56.69694568066818
64,2026-09-19T05:45:48.396+00:00,2026-09-19T05:47:49.119+00:00,2026-09-19T05:47:52.179+00:00,True,32,32.0,,32.0,120723.07426000001,123782.5277,123782.527579,3868.20398684375,45.758722,120723.07426000001,21323.58850518922,113.25465614999999,98.69204645161291,19.742590111375698,0.2585179071278571,30,64,,True,True,,110,56.69694568066818
65,2026-09-19T05:45:48.843+00:00,2026-09-19T05:47:51.866+00:00,2026-09-19T05:47:55.489+00:00,True,38,38.0,,38.0,123022.886198,126646.48607,126646.486146,3332.802267,44.237026,123022.886198,19941.06650864733,108.80085709999999,97.93513167567568,16.01171337111746,0.30004780376611995,30,64,,True,True,,154,56.69694568066818
66,2026-09-19T05:45:49.218+00:00,2026-09-19T05:47:53.503+00:00,2026-09-19T05:47:54.054+00:00,True,7,7.0,,7.0,124284.4394,124835.28996000001,124835.28997,17833.612852857143,48.052915999999996,124284.4394,46940.406419615436,87029.8176977,91.80842666666668,21.499078291885414,0.056073887457969256,30,64,,True,True,,15,56.69694568066818
67,2026-09-19T05:45:49.554+00:00,2026-09-19T05:47:54.864+00:00,2026-09-19T05:47:58.805+00:00,True,42,42.0,,42.0,125309.9854,129251.466872,129251.466727,3077.415874452381,44.177184999999994,125309.9854,19320.92643729454,111.862361,96.1336944390244,19.557359069244924,0.32494795623165607,30,64,,True,True,,190,56.69694568066818
68,2026-09-19T05:45:49.866+00:00,2026-09-19T05:47:56.553+00:00,2026-09-19T05:48:01.407+00:00,True,49,49.0,,49.0,126686.959701,131541.353557,131541.353443,2684.5174172040815,46.077442000000005,126686.959701,18083.695189944854,111.1280198,101.13320533333332,14.497533817018834,0.3725064299172437,30,64,,True,True,,229,56.69694568066818
69,2026-09-19T05:45:50.381+00:00,2026-09-19T05:47:59.943+00:00,2026-09-19T05:48:06.454+00:00,True,67,67.0,,67.0,129561.91765999999,136072.519132,136072.519225,2030.933122761194,47.439298,129561.91765999999,15816.466522426941,112.206193,98.64547684848485,18.360526580433135,0.492384505169668,30,64,,True,True,,228,56.69694568066818
70,2026-09-19T05:45:50.804+00:00,2026-09-19T05:48:01.969+00:00,2026-09-19T05:48:11.052+00:00,True,92,92.0,,92.0,131164.956343,140248.465079,140248.465046,1524.4398374565217,44.065406,131164.956343,13664.497106854285,113.26892115000001,99.81877731868131,18.152973377951803,0.6559786586482618,30,64,,True,True,,519,56.69694568066818
71,2026-09-19T05:45:51.352+00:00,2026-09-19T05:48:04.806+00:00,2026-09-19T05:48:11.055+00:00,True,63,63.0,,63.0,133454.474094,139703.39723,139703.39718600002,2217.514241047619,46.479091,133454.474094,16800.993560064242,112.1852481,100.78908283870969,17.00498522123717,0.45095539012755903,30,64,,True,True,,315,56.69694568066818
72,2026-09-19T05:45:51.730+00:00,2026-09-19T05:48:06.453+00:00,2026-09-19T05:48:15.429+00:00,True,89,89.0,,89.0,134723.00667899998,143698.890199,143698.89033199998,1614.5942733932582,47.776777,134723.00667899998,14269.804559496693,111.25955900000001,101.99867636363636,13.433164453222142,0.6193506426998096,30,64,,True,True,,459,56.69694568066818
73,2026-09-19T05:45:52.279+00:00,2026-09-19T05:48:09.829+00:00,2026-09-19T05:48:14.702+00:00,True,49,49.0,,49.0,137550.133331,142423.061331,142423.061467,2906.593091163265,45.276392,137550.133331,19635.521200171665,113.30475080000001,101.51933333333332,14.040408883920879,0.3440454062851589,30,64,,True,True,,167,56.69694568066818
74,2026-09-19T05:45:52.616+00:00,2026-09-19T05:48:11.745+00:00,2026-09-19T05:48:17.586+00:00,True,59,59.0,,59.0,139128.44773500002,144969.77995900004,144969.779837,2457.114912491526,47.597658,139128.44773500002,18099.87537465433,111.702489,100.71262455172413,14.797101126645432,0.4069813723707535,30,64,,True,True,,257,56.69694568066818
75,2026-09-19T05:45:53.091+00:00,2026-09-19T05:48:14.177+00:00,2026-09-19T05:48:19.671+00:00,True,55,55.0,,55.0,141085.486209,146579.838593,146579.838441,2665.0879716545455,47.664438000000004,141085.486209,19010.249634603755,112.1765741,101.74726637037037,15.439063635261657,0.37522213510355545,30,64,,True,True,,273,56.69694568066818
76,2026-09-19T05:45:53.414+00:00,2026-09-19T05:48:16.054+00:00,2026-09-19T05:48:21.549+00:00,True,55,55.0,,55.0,142640.10900099998,148134.894537,148134.89454999997,2693.3617190909085,49.389633,142640.10900099998,19219.87347826025,112.8745667,101.7552877037037,15.051492919209478,0.37128321569272477,30,64,,True,True,,279,56.69694568066818
77,2026-09-19T05:45:53.957+00:00,2026-09-19T05:48:19.135+00:00,2026-09-19T05:48:21.035+00:00,True,20,20.0,,20.0,145177.997924,147078.01098,147078.010989,7353.90054945,50.72769,145177.997924,32440.430940639864,7367.6835982,100.00068715789473,17.6614221808912,0.13598225776060874,30,64,,True,True,,123,56.69694568066818
78,2026-09-19T05:45:54.451+00:00,2026-09-19T05:48:21.860+00:00,2026-09-19T05:48:30.041+00:00,True,86,86.0,,86.0,147409.61391100002,155590.18479100004,155590.184562,1809.1881925813957,45.889860999999996,147409.61391100002,15885.223038372476,112.179895,96.24201035294116,20.92222289283707,0.5527340951199551,30,64,,True,True,,387,56.69694568066818
79,2026-09-19T05:45:54.904+00:00,2026-09-19T05:48:24.462+00:00,2026-09-19T05:48:24.931+00:00,True,7,7.0,,7.0,149557.381188,150027.161156,150027.16113,21432.45159,50.081143,149557.381188,56497.78905089086,104721.88075859999,78.29666133333333,27.65479292132558,0.04665821805907078,30,64,,True,True,,26,56.69694568066818
80,2026-09-19T05:45:55.445+00:00,2026-09-19T05:48:27.412+00:00,2026-09-19T05:48:36.915+00:00,True,96,96.0,,96.0,151966.438895,161469.521391,161469.521331,1681.9741805312499,44.765423999999996,151966.438895,15499.81071871844,112.57549424999999,100.03244732631579,18.15091714908427,0.5945394472777006,30,64,,True,True,,462,56.69694568066818
81,2026-09-19T05:45:55.808+00:00,2026-09-19T05:48:29.258+00:00,2026-09-19T05:48:33.732+00:00,True,45,45.0,,45.0,153449.746614,157924.114614,157924.114613,3509.4247691777778,48.945374,153449.746614,22859.783050639624,111.3369196,101.69018181818181,14.494324347167193,0.2849469829860344,30,64,,True,True,,254,56.69694568066818
82,2026-09-19T05:45:56.170+00:00,2026-09-19T05:48:31.444+00:00,2026-09-19T05:48:33.298+00:00,True,19,19.0,,19.0,155273.619938,157127.98793799998,157127.98791099997,8269.894100578947,55.629678,155273.619938,35598.57901544455,15628.035927199999,103.02044444444445,12.453079240853475,0.12092053267745702,30,64,,True,True,,89,56.69694568066818
83,2026-09-19T05:45:56.626+00:00,2026-09-19T05:48:33.514+00:00,2026-09-19T05:48:38.697+00:00,True,53,53.0,,53.0,156887.845215,162070.749791,162070.74984,3057.9386762264153,46.234051,156887.845215,21536.52114567471,113.65067020000001,99.67124184615383,20.044339114140072,0.3270176763441071,30,64,,True,True,,212,56.69694568066818
84,2026-09-19T05:45:57.162+00:00,2026-09-19T05:48:36.699+00:00,2026-09-19T05:48:45.633+00:00,True,89,89.0,,89.0,159536.915229,168471.593757,168471.59377900002,1892.9392559438204,49.097485,159536.915229,16900.12372947111,113.928348,101.53043781818181,15.182060098868384,0.5282789698563177,30,64,,True,True,,327,56.69694568066818
85,2026-09-19T05:45:57.518+00:00,2026-09-19T05:48:38.582+00:00,2026-09-19T05:48:44.451+00:00,True,58,58.0,,58.0,161063.91959900002,166933.226223,166933.22616000002,2878.1590717241384,48.249858,161063.91959900002,21135.212026296133,113.0852092,102.9702916491228,13.024746479366735,0.34744431238943363,30,64,,True,True,,271,56.69694568066818
86,2026-09-19T05:45:58.037+00:00,2026-09-19T05:48:41.322+00:00,2026-09-19T05:48:44.241+00:00,True,30,30.0,,30.0,163285.206432,166203.93462400002,166203.934614,5540.1311538,46.387252000000004,163285.206432,29793.29213195776,112.56313949999999,100.64579972413793,15.381479032766348,0.18050114197277234,30,64,,True,True,,132,56.69694568066818
87,2026-09-19T05:45:58.421+00:00,2026-09-19T05:48:43.317+00:00,2026-09-19T05:48:44.867+00:00,True,17,17.0,,17.0,164895.28603400002,166445.940498,166445.94051600003,9790.937677411766,47.35449,164895.28603400002,39969.479814348946,33070.2986956,96.915904,18.720740123000066,0.10213526355245817,30,64,,True,True,,84,56.69694568066818
88,2026-09-19T05:45:58.817+00:00,2026-09-19T05:48:45.582+00:00,2026-09-19T05:48:52.627+00:00,True,72,72.0,,72.0,166765.34949700002,173810.102137,173810.10233300002,2414.0291990694445,43.973867,166765.34949700002,19641.798840793574,111.80940515000002,99.22186816901409,17.094932153933655,0.41424519699809165,30,64,,True,True,,241,56.69694568066818
89,2026-09-19T05:45:59.386+00:00,2026-09-19T05:48:48.543+00:00,2026-09-19T05:48:56.394+00:00,True,79,79.0,,79.0,169157.294887,177008.137255,177008.137308,2240.609333012658,46.301441,169157.294887,19020.364028491975,111.149467,100.65182523076923,14.769198866774937,0.4463071654507706,30,64,,True,True,,195,56.69694568066818
90,2026-09-19T05:45:59.786+00:00,2026-09-19T05:48:50.844+00:00,2026-09-19T05:48:50.942+00:00,True,2,2.0,,2.0,171058.606843,171155.70738699997,171155.707424,85577.853712,97.100581,171058.606843,120888.0403997266,162510.53152989998,97.100544,nan,0.011685266185589722,30,64,,True,True,,5,56.69694568066818
91,2026-09-19T05:46:00.261+00:00,2026-09-19T05:48:53.260+00:00,2026-09-19T05:48:58.791+00:00,True,57,57.0,,57.0,172998.887628,178529.233868,178529.233837,3132.0918217017543,47.440328,172998.887628,22901.189431984545,110.6713296,98.75618285714285,18.786475249899542,0.31927544170241806,30,64,,True,True,,238,56.69694568066818
92,2026-09-19T05:46:00.671+00:00,2026-09-19T05:48:55.090+00:00,2026-09-19T05:48:55.303+00:00,True,3,3.0,,3.0,174418.862108,174631.520028,174631.520058,58210.506686,106.19372,174418.862108,100639.387927554,156987.6223202,106.32896,0.19133743813483026,0.017179029304211446,30,64,,True,True,,11,56.69694568066818
93,2026-09-19T05:46:01.211+00:00,2026-09-19T05:48:58.157+00:00,2026-09-19T05:48:59.193+00:00,True,12,12.0,,12.0,176945.591421,177981.564285,177981.564384,14831.797031999999,45.730683,176945.591421,51052.60964339457,79685.66335955,94.17935127272726,22.390200498740608,0.06742271340409464,30,64,,True,True,,50,56.69694568066818
94,2026-09-19T05:46:01.635+00:00,2026-09-19T05:49:00.333+00:00,2026-09-19T05:49:07.393+00:00,True,72,72.0,,72.0,178698.03640900002,185757.87359300003,185757.87360000002,2579.970466666667,48.921815,178698.03640900002,21048.054317794944,112.99561560000001,99.43432653521127,17.546397716588594,0.3876013361229238,30,64,,True,True,,251,56.69694568066818
95,2026-09-19T05:46:02.206+00:00,2026-09-19T05:49:04.100+00:00,2026-09-19T05:49:06.913+00:00,True,29,29.0,,29.0,181893.285178,184707.06412199998,184707.06406799998,6369.209105793103,46.75529,181893.285178,33758.079095191504,113.35244560000001,100.49210514285716,18.53570290552666,0.15700536488872643,30,64,,True,True,,117,56.69694568066818
96,2026-09-19T05:46:02.689+00:00,2026-09-19T05:49:06.862+00:00,2026-09-19T05:49:14.825+00:00,True,81,81.0,,81.0,184172.925193,192135.264009,192135.263919,2372.0402952962963,46.545,184172.925193,20452.608187662045,113.014344,99.5292352,18.914470640991404,0.42157799828044995,30,64,,True,True,,450,56.69694568066818
97,2026-09-19T05:46:03.256+00:00,2026-09-19T05:49:09.280+00:00,2026-09-19T05:49:15.369+00:00,True,62,62.0,,62.0,186023.306696,192112.438984,192112.43885900002,3098.587723532258,48.756766000000006,186023.306696,23612.31278705981,112.98204614999999,99.82184078688525,17.79818671778968,0.322727670982115,30,64,,True,True,,289,56.69694568066818
98,2026-09-19T05:46:03.822+00:00,2026-09-19T05:49:12.660+00:00,2026-09-19T05:49:16.919+00:00,True,43,43.0,,43.0,188837.769091,193096.892803,193096.892811,4490.625414209302,49.885303,188837.769091,28782.0299724185,113.1873724,101.40770742857143,16.633091148048923,0.22268613117389294,30,64,,True,True,,189,56.69694568066818
99,2026-09-19T05:46:04.256+00:00,2026-09-19T05:49:15.034+00:00,2026-09-19T05:49:21.539+00:00,True,66,66.0,,66.0,190778.126006,197283.876022,197283.875852,2989.1496341212123,47.309708,190778.126006,23470.8507901317,113.01798575000001,100.08846178461538,18.07334545237353,0.33454330546830924,30,64,,True,True,,182,56.69694568066818
100,2026-09-19T05:46:04.789+00:00,2026-09-19T05:49:17.922+00:00,2026-09-19T05:49:26.255+00:00,True,84,84.0,,84.0,193133.138463,201465.661727,201465.66183,2398.4007360714286,50.338302000000006,193133.138463,21061.605503411505,112.4486045,100.39184655421685,16.189145999295697,0.4169445020056363,30,64,,True,True,,426,56.69694568066818
101,2026-09-19T05:46:05.214+00:00,2026-09-19T05:49:20.074+00:00,2026-09-19T05:49:29.803+00:00,True,95,95.0,,95.0,194859.912001,204589.122881,204589.12284199998,2153.569714126316,51.518459,194859.912001,19981.589138646217,112.561104,103.50224340425531,11.198196600049869,0.4643453115308437,30,64,,True,True,,384,56.69694568066818
102,2026-09-19T05:46:05.757+00:00,2026-09-19T05:49:23.420+00:00,2026-09-19T05:49:26.095+00:00,True,26,26.0,,26.0,197662.768445,200337.175613,200337.175753,7705.275990499999,98.488277,197662.768445,38743.87859373057,113.19777674999999,106.97628672,3.622588854116849,0.12978120471372387,30,64,,True,True,,120,56.69694568066818
103,2026-09-19T05:46:06.136+00:00,2026-09-19T05:49:25.548+00:00,2026-09-19T05:49:35.695+00:00,True,98,98.0,,98.0,199412.20581,209558.988786,209558.988619,2138.35702672449,48.833955,199412.20581,20133.112345008896,115.41089885000001,104.60601006185567,13.434609230630432,0.46764875402255746,30,64,,True,True,,409,56.69694568066818
104,2026-09-19T05:46:06.628+00:00,2026-09-19T05:49:28.142+00:00,2026-09-19T05:49:29.903+00:00,True,18,18.0,,18.0,201513.614015,203274.972607,203274.972611,11293.054033944445,48.873775,201513.614015,47472.79560394166,30326.85865965,103.60932894117647,15.009575036082502,0.08855000578354598,30,64,,True,True,,64,56.69694568066818
105,2026-09-19T05:46:07.356+00:00,2026-09-19T05:49:30.330+00:00,2026-09-19T05:49:39.695+00:00,True,92,92.0,,92.0,202973.636943,212339.340367,212339.340578,2308.036310630435,47.770748,202973.636943,21150.739382912052,112.68742610000001,102.91981784615383,14.664473442385075,0.4332687472843721,30,64,,True,True,,274,56.69694568066818
106,2026-09-19T05:46:07.492+00:00,2026-09-19T05:49:33.312+00:00,2026-09-19T05:49:38.580+00:00,True,52,52.0,,52.0,205820.392853,211087.827861,211087.82764899998,4059.3813009423075,47.433918,205820.392853,28527.833826205842,112.41787755000001,103.28303937254901,14.334021889215945,0.2463429584118023,30,64,,True,True,,234,56.69694568066818
107,2026-09-19T05:46:07.872+00:00,2026-09-19T05:49:35.476+00:00,2026-09-19T05:49:41.258+00:00,True,60,60.0,,60.0,207604.297887,213385.671327,213385.671213,3556.42785355,47.337228,207604.297887,26788.955243638604,110.3541489,97.98938033898304,18.094583197670445,0.2811810166393685,30,64,,True,True,,222,56.69694568066818
108,2026-09-19T05:46:08.259+00:00,2026-09-19T05:49:37.964+00:00,2026-09-19T05:49:45.316+00:00,True,76,76.0,,76.0,209704.90361500002,217057.50163100002,217057.50163900002,2856.019758407895,46.510161999999994,209704.90361500002,24043.563226343143,111.48863800000001,98.03464021333333,17.64912129485914,0.3501376337096185,30,64,,True,True,,357,56.69694568066818
109,2026-09-19T05:46:08.688+00:00,2026-09-19T05:49:40.212+00:00,2026-09-19T05:49:47.754+00:00,True,80,80.0,,80.0,211523.597583,219065.817103,219065.817177,2738.3227147125,44.044608999999994,211523.597583,23638.39339716536,111.46947995,95.47113316455696,22.14579708001351,0.36518705226560166,30,64,,True,True,,269,56.69694568066818
110,2026-09-19T05:46:09.109+00:00,2026-09-19T05:49:42.355+00:00,2026-09-19T05:49:48.428+00:00,True,64,64.0,,64.0,213246.53383700002,219319.23271700004,219319.23273400002,3426.8630114687503,45.249306,213246.53383700002,26643.77641863171,111.37505235,96.39204571428571,21.69779096096863,0.2918120732374748,30,64,,True,True,,228,56.69694568066818
111,2026-09-19T05:46:09.671+00:00,2026-09-19T05:49:45.103+00:00,2026-09-19T05:49:53.037+00:00,True,83,83.0,,83.0,215431.76803,223366.226142,223366.22601100002,2691.1593495301204,44.409268,215431.76803,23636.09527225898,112.82950519999999,96.76168429268293,19.134501204099966,0.3715870632439957,30,64,,True,True,,327,56.69694568066818
112,2026-09-19T05:46:10.216+00:00,2026-09-19T05:49:47.966+00:00,2026-09-19T05:49:49.878+00:00,True,21,21.0,,21.0,217750.518646,219662.103926,219662.103844,10460.10018304762,49.949273999999996,217750.518646,47496.20544685357,109.65182799999998,95.579264,19.427435611539902,0.09560137877525976,30,64,,True,True,,94,56.69694568066818
113,2026-09-19T05:46:10.693+00:00,2026-09-19T05:49:50.186+00:00,2026-09-19T05:49:53.085+00:00,True,31,31.0,,31.0,219492.949447,222391.945159,222391.945252,7173.933717806452,51.074462,219492.949447,39404.74449102604,106.46917450000001,96.6331904,15.234428549183209,0.1393935377373332,30,64,,True,True,,130,56.69694568066818
114,2026-09-19T05:46:11.259+00:00,2026-09-19T05:49:53.599+00:00,2026-09-19T05:50:01.315+00:00,True,78,78.0,,78.0,222340.15821599998,230056.82586399998,230056.82568999997,2949.446483205128,44.727967,222340.15821599998,25163.724491179317,113.29286069999998,100.21646296103896,17.893503483097057,0.3390466668705164,30,64,,True,True,,395,56.69694568066818
115,2026-09-19T05:46:11.731+00:00,2026-09-19T05:49:56.282+00:00,2026-09-19T05:50:04.011+00:00,True,79,79.0,,79.0,224551.530528,232279.991584,232279.99138300002,2940.253055481013,45.101436,224551.530528,25252.880367246067,112.2990264,99.08283405128205,18.983213346278802,0.3401067800169565,30,64,,True,True,,454,56.69694568066818
116,2026-09-19T05:46:12.271+00:00,2026-09-19T05:49:59.030+00:00,2026-09-19T05:50:02.382+00:00,True,35,35.0,,35.0,226758.396223,230110.60742299998,230110.607184,6574.588776685714,47.969569,226758.396223,38312.50421295924,113.6622061,98.59444705882352,19.95199904277024,0.15210076750465215,30,64,,True,True,,132,56.69694568066818
117,2026-09-19T05:46:12.680+00:00,2026-09-19T05:50:01.639+00:00,2026-09-19T05:50:06.065+00:00,True,47,47.0,,47.0,228959.220636,233384.4095,233384.40969700002,4965.625738234043,43.346701,228959.220636,33383.10838461582,112.2866874,96.19975791304348,19.879969616829573,0.20138448879551227,30,64,,True,True,,176,56.69694568066818
118,2026-09-19T05:46:13.044+00:00,2026-09-19T05:50:03.584+00:00,2026-09-19T05:50:05.033+00:00,True,15,15.0,,15.0,230540.545216,231989.40128,231989.401249,15465.960083266667,93.685384,230540.545216,59498.59207155309,69239.9410163,103.48971885714285,4.869230544266925,0.06465812626455174,30,64,,True,True,,55,56.69694568066818
119,2026-09-19T05:46:13.449+00:00,2026-09-19T05:50:06.058+00:00,2026-09-19T05:50:07.147+00:00,True,13,13.0,,13.0,232608.680534,233697.176918,233697.176909,17976.705916076924,51.934742,232608.680534,64488.88599383689,93109.57272979998,90.708032,22.214432647669888,0.05562754403559379,30,64,,True,True,,44,56.69694568066818
120,2026-09-19T05:46:13.922+00:00,2026-09-19T05:50:09.039+00:00,2026-09-19T05:50:14.194+00:00,True,52,52.0,,52.0,235117.47174,240272.264188,240272.264172,4620.620464846154,45.986093999999994,235117.47174,32590.914264099763,114.56871105,101.07436172549019,15.954458403121851,0.21642115112925736,30,64,,True,True,,194,56.69694568066818
121,2026-09-19T05:46:14.417+00:00,2026-09-19T05:50:11.514+00:00,2026-09-19T05:50:16.806+00:00,True,52,52.0,,52.0,237096.13226800002,242388.345516,242388.34533200003,4661.314333307692,45.553084999999996,237096.13226800002,32864.930854074126,113.9659877,103.76888721568628,14.728892395583207,0.21453176673697577,30,64,,True,True,,311,56.69694568066818
122,2026-09-19T05:46:14.899+00:00,2026-09-19T05:50:13.984+00:00,2026-09-19T05:50:20.671+00:00,True,69,69.0,,69.0,239085.283711,245772.012671,245772.012685,3561.9132273188407,45.669514,239085.283711,28770.655035963762,113.5769324,98.33424941176472,20.57483243654923,0.28074799587683763,30,64,,True,True,,280,56.69694568066818
123,2026-09-19T05:46:15.405+00:00,2026-09-19T05:50:16.919+00:00,2026-09-19T05:50:21.381+00:00,True,48,48.0,,48.0,241514.44382100002,245975.73201300003,245975.73198900002,5124.4944164375,43.9725,241514.44382100002,34845.9136893007,114.0630239,94.92102536170214,22.438610785283373,0.19514120196809967,30,64,,True,True,,189,56.69694568066818
124,2026-09-19T05:46:15.781+00:00,2026-09-19T05:50:19.523+00:00,2026-09-19T05:50:24.541+00:00,True,52,52.0,,52.0,243741.441833,248759.68055299998,248759.680431,4783.840008288461,45.536345000000004,243741.441833,33787.21434381606,109.754286,98.39683764705883,14.67985937632599,0.2090370910768276,30,64,,True,True,,188,56.69694568066818
125,2026-09-19T05:46:16.219+00:00,2026-09-19T05:50:21.479+00:00,2026-09-19T05:50:26.594+00:00,True,54,54.0,,54.0,245260.644227,250375.62790700002,250375.62799100002,4636.585703537037,45.014866999999995,245260.644227,33362.61752876316,113.56627665,96.50912603773585,17.52558722982894,0.2156759443856806,30,64,,True,True,,260,56.69694568066818
126,2026-09-19T05:46:16.618+00:00,2026-09-19T05:50:23.002+00:00,2026-09-19T05:50:25.551+00:00,True,28,28.0,,28.0,246383.715085,248932.28622100002,248932.286206,8890.43879307143,46.536273,246383.715085,46544.31124461113,113.60583275,94.39152355555555,19.78821891965908,0.11248038743813983,30,64,,True,True,,141,56.69694568066818
127,2026-09-19T05:46:17.060+00:00,2026-09-19T05:50:25.298+00:00,2026-09-19T05:50:29.568+00:00,True,45,45.0,,45.0,248237.05006799998,252507.13928399998,252507.139145,5611.2697587777775,43.883239,248237.05006799998,36990.53271843752,110.33572620000001,97.04748218181818,19.71944859284537,0.17821278292408033,30,64,,True,True,,145,56.69694568066818
128,2026-09-19T05:46:17.554+00:00,2026-09-19T05:50:28.409+00:00,2026-09-19T05:50:34.800+00:00,True,64,64.0,,64.0,250855.554773,257246.608597,257246.608687,4019.478260734375,50.466243999999996,250855.554773,31344.265998608073,112.4323363,101.44529879365079,12.142190950989187,0.24878850822971105,30,64,,True,True,,313,56.69694568066818
129,2026-09-19T05:46:18.111+00:00,2026-09-19T05:50:31.449+00:00,2026-09-19T05:50:31.759+00:00,True,4,4.0,,4.0,253337.76166100003,253647.65478100002,253647.65498800002,63411.913747000006,96.976776,253337.76166100003,126617.23202825533,215353.30543565002,103.29770666666667,5.7016615535632535,0.015769907289123603,30,64,,True,True,,14,56.69694568066818
130,2026-09-19T05:46:18.630+00:00,2026-09-19T05:50:33.599+00:00,2026-09-19T05:50:40.073+00:00,True,65,65.0,,65.0,254968.54455000002,261442.878246,261442.878093,4022.1981245076927,45.117307000000004,254968.54455000002,31612.412684169554,113.1706732,101.161464,16.939036779296302,0.24862027390487726,30,64,,True,True,,217,56.69694568066818
131,2026-09-19T05:46:19.141+00:00,2026-09-19T05:50:36.585+00:00,2026-09-19T05:50:41.566+00:00,True,51,51.0,,51.0,257443.597206,262424.374678,262424.374707,5145.5759746470585,47.232991,257443.597206,36035.37078088208,115.07296550000001,99.61554944,20.212221946013244,0.19434170344343216,30,64,,True,True,,213,56.69694568066818
132,2026-09-19T05:46:19.575+00:00,2026-09-19T05:50:38.842+00:00,2026-09-19T05:50:43.999+00:00,True,52,52.0,,52.0,259267.287409,264424.225905,264424.225965,5085.081268557693,47.870739,259267.287409,35939.88563532527,113.39269855,101.1164410980392,17.47009553739376,0.19665369094691837,30,64,,True,True,,214,56.69694568066818
133,2026-09-19T05:46:20.057+00:00,2026-09-19T05:50:41.456+00:00,2026-09-19T05:50:44.513+00:00,True,31,31.0,,31.0,261398.948033,264455.79974499997,264455.799848,8530.83225316129,48.545668,261398.948033,46930.338197045705,114.05218700000002,101.89505706666667,14.208693607026813,0.11722185722488059,30,64,,True,True,,95,56.69694568066818
134,2026-09-19T05:46:20.608+00:00,2026-09-19T05:50:44.306+00:00,2026-09-19T05:50:45.995+00:00,True,18,18.0,,18.0,263698.214625,265387.34998500004,265387.349869,14743.74165938889,53.834136,263698.214625,62130.846776187806,39646.65892195,99.36090352941176,12.131756757551141,0.06782538806396529,30,64,,True,True,,77,56.69694568066818
135,2026-09-19T05:46:21.053+00:00,2026-09-19T05:50:47.144+00:00,2026-09-19T05:50:47.762+00:00,True,7,7.0,,7.0,266091.927627,266709.50535500003,266709.50538000005,38101.357911428575,92.486218,266091.927627,100534.39160880295,186297.00285689998,102.92962133333333,6.074202258921139,0.026245783743937982,30,64,,True,True,,21,56.69694568066818
136,2026-09-19T05:46:21.371+00:00,2026-09-19T05:50:48.275+00:00,2026-09-19T05:50:48.327+00:00,True,2,2.0,,2.0,266904.428084,266956.382004,266956.382024,133478.191012,51.95394,266904.428084,188693.19404363024,253561.8043768,51.95392,nan,0.007491860599047347,30,64,,True,True,,4,56.69694568066818
137,2026-09-19T05:46:21.762+00:00,2026-09-19T05:50:50.635+00:00,2026-09-19T05:50:56.914+00:00,True,66,66.0,,66.0,268872.858921,275151.51312899997,275151.513313,4168.9623229242425,43.804129,268872.858921,33084.07614132095,108.9411825,96.59468012307691,18.397196873365708,0.2398678431728524,30,64,,True,True,,296,56.69694568066818
139,2026-09-19T05:46:22.817+00:00,2026-09-19T05:50:54.244+00:00,2026-09-19T05:50:54.863+00:00,True,7,7.0,,7.0,271426.994676,272045.711348,272045.711227,38863.67303242857,91.50161,271426.994676,102550.78566220576,190030.9623297,103.11944533333333,5.832247630835257,0.025730969862802294,30,64,,True,True,,24,56.69694568066818
138,2026-09-19T05:46:22.807+00:00,2026-09-19T05:50:54.351+00:00,2026-09-19T05:50:58.750+00:00,True,45,45.0,,45.0,271544.021097,275942.620265,275942.620284,6132.058228533333,47.262822,271544.021097,40464.49350945357,111.1431422,99.9681629090909,16.31153885868463,0.16307738165559382,30,64,,True,True,,207,56.69694568066818
140,2026-09-19T05:46:23.022+00:00,2026-09-19T05:50:57.703+00:00,2026-09-19T05:51:04.585+00:00,True,69,69.0,,69.0,274680.715187,281562.422963,281562.422976,4080.6148257391305,45.788595,274680.715187,33055.492619665216,112.20783640000002,101.20158494117648,15.616942114422748,0.24506111033526393,30,64,,True,True,,290,56.69694568066818
141,2026-09-19T05:46:23.400+00:00,2026-09-19T05:50:59.528+00:00,2026-09-19T05:51:00.616+00:00,True,12,12.0,,12.0,276128.268378,277216.185434,277216.185612,23101.348801,44.482318,276128.268378,79682.8165831588,124319.5142722,98.90155054545454,18.56833526542847,0.043287515774785006,30,64,,True,True,,37,56.69694568066818
142,2026-09-19T05:46:23.851+00:00,2026-09-19T05:51:01.970+00:00,2026-09-19T05:51:05.428+00:00,True,34,34.0,,34.0,278118.56657599995,281576.90718399995,281576.90716999996,8281.673740294116,45.129707,278118.56657599995,47678.96926981149,114.73280115,104.79820024242424,11.492749158152975,0.12074853843672016,30,64,,True,True,,169,56.69694568066818
143,2026-09-19T05:46:24.338+00:00,2026-09-19T05:51:04.477+00:00,2026-09-19T05:51:10.371+00:00,True,63,63.0,,63.0,280139.761305,286032.934297,286032.934202,4540.205304793651,46.613193,280139.761305,35282.32360195082,111.10090029999999,95.05117729032258,21.60404503693291,0.22025435691466375,30,64,,True,True,,211,56.69694568066818
144,2026-09-19T05:46:24.895+00:00,2026-09-19T05:51:07.511+00:00,2026-09-19T05:51:11.620+00:00,True,42,42.0,,42.0,282615.397684,286724.16696400003,286724.167085,6826.765882976191,50.922103,282615.397684,43593.04142675511,110.0352496,100.21388487804877,13.867282186758745,0.14648224614171906,30,64,,True,True,,132,56.69694568066818
145,2026-09-19T05:46:25.333+00:00,2026-09-19T05:51:09.949+00:00,2026-09-19T05:51:13.855+00:00,True,40,40.0,,40.0,284616.107398,288522.14567,288522.14558500005,7213.053639625001,47.135942,284616.107398,44985.92463296172,110.08144039999999,100.15482748717949,15.476294158565375,0.13863753822817604,30,64,,True,True,,174,56.69694568066818
146,2026-09-19T05:46:25.662+00:00,2026-09-19T05:51:11.717+00:00,2026-09-19T05:51:18.951+00:00,True,74,74.0,,74.0,286055.645916,293289.460444,293289.460416,3963.371086702703,48.599678999999995,286055.645916,33241.77850189988,110.86989589999999,99.09334969863013,17.382887087463896,0.2523104645082511,30,64,,True,True,,321,56.69694568066818
147,2026-09-19T05:46:26.010+00:00,2026-09-19T05:51:13.649+00:00,2026-09-19T05:51:17.150+00:00,True,36,36.0,,36.0,287639.12754,291139.627508,291139.627427,8087.211872972222,45.834115,287639.12754,47923.18834807117,112.40190175,100.0142848,16.63646814465751,0.1236520095465561,30,64,,True,True,,203,56.69694568066818
148,2026-09-19T05:46:26.329+00:00,2026-09-19T05:51:15.207+00:00,2026-09-19T05:51:17.194+00:00,True,21,21.0,,21.0,288877.58211400005,290864.81872200005,290864.81860400003,13850.705647809526,47.120242,288877.58211400005,63016.57633630355,110.458947,99.3618304,17.68930657509586,0.07219848757326397,30,64,,True,True,,64,56.69694568066818
149,2026-09-19T05:46:26.792+00:00,2026-09-19T05:51:17.832+00:00,2026-09-19T05:51:26.832+00:00,False,91,90.0,,90.0,291039.968096,300040.35107200005,300040.351043,3297.146714758242,0.02224,291039.968096,30498.802000155487,114.51401249999999,100.00425528888888,20.406509450174987,0.29995965435463345,30,64,,True,False,Request timeout: 300.0s exceeded,180,56.69694568066818
150,2026-09-19T05:46:27.323+00:00,2026-09-19T05:51:20.084+00:00,2026-09-19T05:51:20.822+00:00,True,9,9.0,,9.0,292760.751995,293498.989947,293498.98992,32610.99888,49.428587,292760.751995,97556.16051684238,175699.82406939997,92.279744,26.286245894339885,0.030664500759015282,30,64,,True,True,,25,56.69694568066818
151,2026-09-19T05:46:27.899+00:00,2026-09-19T05:51:23.942+00:00,2026-09-19T05:51:27.994+00:00,False,42,41.0,,41.0,296043.035763,300094.738291,300094.738466,7145.112820619048,0.02101,296043.035763,45665.18903705089,112.47111060000002,98.82201287804878,22.59612939467748,0.13662352173680084,30,64,,True,False,Request timeout: 300.0s exceeded,115,56.69694568066818
152,2026-09-19T05:46:28.420+00:00,2026-09-19T05:51:26.929+00:00,2026-09-19T05:51:28.514+00:00,False,18,17.0,,17.0,298509.19317000004,300094.506706,300094.50665200007,16671.917036222225,0.03555,298509.19317000004,70337.31765505733,44871.94060205,93.25373741176472,30.42200207345049,0.056648821021754836,30,64,,True,False,Request timeout: 300.0s exceeded,76,56.69694568066818
153,2026-09-19T05:46:28.944+00:00,2026-09-19T05:51:28.952+00:00,2026-09-19T05:51:29.603+00:00,False,8,7.0,,7.0,300008.758336,300659.536192,300659.53623200004,37582.442029000005,0.03785,300008.758336,106036.25132505853,195045.5737832,92.96826514285715,41.183301264507016,0.023282148601233215,30,64,,True,False,Request timeout: 300.0s exceeded,32,56.69694568066818
154,2026-09-19T05:46:29.265+00:00,2026-09-19T05:51:29.493+00:00,2026-09-19T05:51:29.601+00:00,False,3,2.0,,2.0,300227.810759,300336.710855,300336.711029,100112.23700966667,0.02274,300227.810759,173305.1791064248,270215.9174361,54.450048,76.97213695033288,0.006659192591895909,30,64,,True,False,Request timeout: 300.0s exceeded,6,56.69694568066818
155,2026-09-19T05:46:29.577+00:00,2026-09-19T05:51:29.622+00:00,2026-09-19T05:51:29.622+00:00,False,1,0.0,,0.0,300045.074524,300045.074524,300045.074524,300045.074524,300045.074524,300045.074524,nan,300045.074524,nan,nan,0.0,30,64,,True,False,"HTTPConnectionPool(host='gpu03', port=9002): Read timed out.",0,56.69694568066818
156,2026-09-19T05:46:30.123+00:00,2026-09-19T05:51:30.151+00:00,2026-09-19T05:51:30.151+00:00,False,1,0.0,,0.0,300027.982792,300027.982792,300027.982792,300027.982792,300027.982792,300027.982792,nan,300027.982792,nan,nan,0.0,30,64,,True,False,"HTTPConnectionPool(host='gpu03', port=9002): Read timed out.",0,56.69694568066818
157,2026-09-19T05:46:30.585+00:00,2026-09-19T05:51:30.690+00:00,2026-09-19T05:51:30.690+00:00,False,1,0.0,,0.0,300104.79269,300104.79269,300104.79269,300104.79269,300104.79269,300104.79269,nan,300104.79269,nan,nan,0.0,30,64,,True,False,"HTTPConnectionPool(host='gpu03', port=9002): Read timed out.",0,56.69694568066818
158,2026-09-19T05:46:31.090+00:00,2026-09-19T05:51:30.983+00:00,2026-09-19T05:51:31.099+00:00,False,3,2.0,,2.0,299892.710662,300008.197126,300008.197108,100002.73236933333,0.036090000000000004,299892.710662,173109.80878186904,269914.9846314,57.743232,81.61021437690867,0.006666484513288225,30,64,,True,False,Request timeout: 300.0s exceeded,7,56.69694568066818
159,2026-09-19T05:46:31.400+00:00,2026-09-19T05:51:31.098+00:00,2026-09-19T05:51:31.531+00:00,False,7,6.0,,6.0,299698.29011400003,300130.99974600004,300130.999551,42875.85707871429,0.02683,299698.29011400003,113248.05629671365,209824.982802,72.118272,47.049003749047316,0.01999127049547625,30,64,,True,False,Request timeout: 300.0s exceeded,13,56.69694568066818
160,2026-09-19T05:46:31.740+00:00,2026-09-19T05:51:31.530+00:00,2026-09-19T05:51:31.841+00:00,False,5,4.0,,4.0,299790.838119,300101.18256700004,300101.182487,60020.2364974,0.08849,299790.838119,134035.84854443802,239854.07622220003,77.586112,51.728836878372285,0.013328837846571856,30,64,,True,False,Request timeout: 300.0s exceeded,11,56.69694568066818
161,2026-09-19T05:46:32.202+00:00,2026-09-19T05:51:32.311+00:00,2026-09-19T05:51:32.311+00:00,False,1,0.0,,0.0,300108.80806300003,300108.80806300003,300108.80806300003,300108.80806300003,300108.80806300003,300108.80806300003,nan,300108.80806300003,nan,nan,0.0,30,64,,True,False,"HTTPConnectionPool(host='gpu03', port=9002): Read timed out.",0,56.69694568066818
162,2026-09-19T05:46:32.658+00:00,2026-09-19T05:51:32.667+00:00,2026-09-19T05:51:32.667+00:00,False,1,0.0,,0.0,300008.466487,300008.466487,300008.466487,300008.466487,300008.466487,300008.466487,nan,300008.466487,nan,nan,0.0,30,64,,True,False,TTFT timeout: 300.0s exceeded (TTFT: 300.002s),0,56.69694568066818
163,2026-09-19T05:46:33.074+00:00,2026-09-19T05:51:33.025+00:00,2026-09-19T05:51:33.140+00:00,False,3,2.0,,2.0,299950.43502100004,300065.62887700007,300065.62896700006,100021.87632233335,0.04537,299950.43502100004,173143.22033993035,269966.90637650003,57.596928,81.39027588368842,0.006665208566156107,30,64,,True,False,Request timeout: 300.0s exceeded,14,56.69694568066818
164,2026-09-19T05:46:33.643+00:00,2026-09-19T05:51:33.734+00:00,2026-09-19T05:51:33.734+00:00,False,1,0.0,,0.0,300091.337056,300091.337056,300091.337056,300091.337056,300091.337056,300091.337056,nan,300091.337056,nan,nan,0.0,30,64,,True,False,"HTTPConnectionPool(host='gpu03', port=9002): Read timed out.",0,56.69694568066818
165,2026-09-19T05:46:34.198+00:00,2026-09-19T05:51:34.251+00:00,2026-09-19T05:51:34.251+00:00,False,1,0.0,,0.0,300053.287361,300053.287361,300053.287361,300053.287361,300053.287361,300053.287361,nan,300053.287361,nan,nan,0.0,30,64,,True,False,"HTTPConnectionPool(host='gpu03', port=9002): Read timed out.",0,56.69694568066818
166,2026-09-19T05:46:34.596+00:00,2026-09-19T05:51:34.551+00:00,2026-09-19T05:51:34.657+00:00,False,3,2.0,,2.0,299954.640738,300061.213538,300061.213594,100020.40453133333,0.02159,299954.640738,173148.13583403185,269969.8317908,53.2864,75.32793832159243,0.006665306643328356,30,64,,True,False,Request timeout: 300.0s exceeded,4,56.69694568066818
167,2026-09-19T05:46:34.973+00:00,2026-09-19T05:51:35.080+00:00,2026-09-19T05:51:35.080+00:00,False,1,0.0,,0.0,300107.379326,300107.379326,300107.379326,300107.379326,300107.379326,300107.379326,nan,300107.379326,nan,nan,0.0,30,64,,True,False,"HTTPConnectionPool(host='gpu03', port=9002): Read timed out.",0,56.69694568066818
168,2026-09-19T05:46:35.548+00:00,2026-09-19T05:51:35.614+00:00,2026-09-19T05:51:35.614+00:00,False,1,0.0,,0.0,300066.03384,300066.03384,300066.03384,300066.03384,300066.03384,300066.03384,nan,300066.03384,nan,nan,0.0,30,64,,True,False,TTFT timeout: 300.0s exceeded (TTFT: 300.045s),0,56.69694568066818
169,2026-09-19T05:46:36.061+00:00,2026-09-19T05:51:35.891+00:00,2026-09-19T05:51:36.152+00:00,False,4,3.0,,3.0,299829.867648,300091.294592,300091.294488,75022.823622,0.02019,299829.867648,149871.3753502007,254875.21591919998,87.14231466666668,75.46457742122834,0.009996957772729659,30,64,,True,False,Request timeout: 300.0s exceeded,10,56.69694568066818
170,2026-09-19T05:46:36.557+00:00,2026-09-19T05:51:36.677+00:00,2026-09-19T05:51:36.677+00:00,False,1,0.0,,0.0,300119.514968,300119.514968,300119.514968,300119.514968,300119.514968,300119.514968,nan,300119.514968,nan,nan,0.0,30,64,,True,False,"HTTPConnectionPool(host='gpu03', port=9002): Read timed out.",0,56.69694568066818
171,2026-09-19T05:46:36.876+00:00,2026-09-19T05:51:36.911+00:00,2026-09-19T05:51:36.911+00:00,False,1,0.0,,0.0,300034.992379,300034.992379,300034.992379,300034.992379,300034.992379,300034.992379,nan,300034.992379,nan,nan,0.0,30,64,,True,False,"HTTPConnectionPool(host='gpu03', port=9002): Read timed out.",0,56.69694568066818
173,2026-09-19T05:46:37.723+00:00,2026-09-19T05:51:37.185+00:00,2026-09-19T05:51:37.895+00:00,False,8,7.0,,7.0,299461.517306,300171.738618,300171.738697,37521.467337125,0.026690000000000002,299461.517306,105839.77212985016,194701.52003645,101.46018742857143,46.96476691979413,0.023319983527524,30,64,,True,False,Request timeout: 300.0s exceeded,29,56.69694568066818
172,2026-09-19T05:46:37.708+00:00,2026-09-19T05:51:37.186+00:00,2026-09-19T05:51:37.898+00:00,False,8,7.0,,7.0,299478.190608,300190.021648,300190.02161399997,37523.752701749996,0.03706,299478.190608,105845.58573552596,194712.09218009998,101.69014857142857,46.96878176153322,0.02331856322728853,30,64,,True,False,Request timeout: 300.0s exceeded,29,56.69694568066818
174,2026-09-19T05:46:38.064+00:00,2026-09-19T05:51:38.155+00:00,2026-09-19T05:51:38.155+00:00,False,1,0.0,,0.0,300091.48373000004,300091.48373000004,300091.48373000004,300091.48373000004,300091.48373000004,300091.48373000004,nan,300091.48373000004,nan,nan,0.0,30,64,,True,False,"HTTPConnectionPool(host='gpu03', port=9002): Read timed out.",0,56.69694568066818
175,2026-09-19T05:46:38.620+00:00,2026-09-19T05:51:38.825+00:00,2026-09-19T05:51:39.478+00:00,False,8,7.0,,7.0,300205.542564,300858.225828,300858.226007,37607.278250875,0.02666,300205.542564,106105.7367578453,195198.36481370003,93.24046628571428,60.53555725402918,0.02326677284869015,30,64,,True,False,Request timeout: 300.0s exceeded,21,56.69694568066818
176,2026-09-19T05:46:38.946+00:00,2026-09-19T05:51:39.361+00:00,2026-09-19T05:51:39.525+00:00,False,5,4.0,,4.0,300415.1382,300579.226776,300579.22699399997,60115.8453988,0.029,300415.1382,134331.39058532807,240344.28804799996,41.022144,27.901057382702422,0.013307639529530468,30,64,,True,False,Request timeout: 300.0s exceeded,29,56.69694568066818
177,2026-09-19T05:46:39.517+00:00,2026-09-19T05:51:39.614+00:00,2026-09-19T05:51:39.614+00:00,False,1,0.0,,0.0,300096.65974000003,300096.65974000003,300096.65974000003,300096.65974000003,300096.65974000003,300096.65974000003,nan,300096.65974000003,nan,nan,0.0,30,64,,True,False,"HTTPConnectionPool(host='gpu03', port=9002): Read timed out.",0,56.69694568066818
178,2026-09-19T05:46:39.966+00:00,2026-09-19T05:51:39.990+00:00,2026-09-19T05:51:39.990+00:00,False,1,0.0,,0.0,300023.60652100004,300023.60652100004,300023.60652100004,300023.60652100004,300023.60652100004,300023.60652100004,nan,300023.60652100004,nan,nan,0.0,30,64,,True,False,"HTTPConnectionPool(host='gpu03', port=9002): Read timed out.",0,56.69694568066818
179,2026-09-19T05:46:40.439+00:00,2026-09-19T05:51:40.545+00:00,2026-09-19T05:51:40.545+00:00,False,1,0.0,,0.0,300105.85220599995,300105.85220599995,300105.85220599995,300105.85220599995,300105.85220599995,300105.85220599995,nan,300105.85220599995,nan,nan,0.0,30,64,,True,False,"HTTPConnectionPool(host='gpu03', port=9002): Read timed out.",0,56.69694568066818
180,2026-09-19T05:46:40.839+00:00,2026-09-19T05:51:40.866+00:00,2026-09-19T05:51:40.866+00:00,False,1,0.0,,0.0,300026.547268,300026.547268,300026.547268,300026.547268,300026.547268,300026.547268,nan,300026.547268,nan,nan,0.0,30,64,,True,False,"HTTPConnectionPool(host='gpu03', port=9002): Read timed out.",0,56.69694568066818
181,2026-09-19T05:46:41.397+00:00,2026-09-19T05:51:41.083+00:00,2026-09-19T05:51:41.422+00:00,False,6,5.0,,5.0,299686.24045700004,300025.48064900003,300025.480639,50004.24677316667,0.04113,299686.24045700004,122318.70288229086,224790.47007850002,67.84803840000001,44.18749122204297,0.01666525119527932,30,64,,True,False,Request timeout: 300.0s exceeded,14,56.69694568066818
182,2026-09-19T05:46:41.891+00:00,2026-09-19T05:51:41.955+00:00,2026-09-19T05:51:41.955+00:00,False,1,0.0,,0.0,300064.069905,300064.069905,300064.069905,300064.069905,300064.069905,300064.069905,nan,300064.069905,nan,nan,0.0,30,64,,True,False,"HTTPConnectionPool(host='gpu03', port=9002): Read timed out.",0,56.69694568066818
183,2026-09-19T05:46:42.288+00:00,2026-09-19T05:51:42.364+00:00,2026-09-19T05:51:42.364+00:00,False,1,0.0,,0.0,300076.494407,300076.494407,300076.494407,300076.494407,300076.494407,300076.494407,nan,300076.494407,nan,nan,0.0,30,64,,True,False,"HTTPConnectionPool(host='gpu03', port=9002): Read timed out.",0,56.69694568066818
184,2026-09-19T05:46:42.616+00:00,2026-09-19T05:51:42.642+00:00,2026-09-19T05:51:42.642+00:00,False,1,0.0,,0.0,300026.83952700003,300026.83952700003,300026.83952700003,300026.83952700003,300026.83952700003,300026.83952700003,nan,300026.83952700003,nan,nan,0.0,30,64,,True,False,"HTTPConnectionPool(host='gpu03', port=9002): Read timed out.",0,56.69694568066818
185,2026-09-19T05:46:43.046+00:00,2026-09-19T05:51:42.817+00:00,2026-09-19T05:51:43.138+00:00,False,5,4.0,,4.0,299770.883377,300091.524657,300091.524781,60018.3049562,0.02683,299770.883377,134025.77381807615,239839.1210102,80.16032,53.590547833592396,0.01332926681142341,30,64,,True,False,Request timeout: 300.0s exceeded,22,56.69694568066818
186,2026-09-19T05:46:43.411+00:00,2026-09-19T05:51:43.520+00:00,2026-09-19T05:51:43.520+00:00,False,1,0.0,,0.0,300109.128839,300109.128839,300109.128839,300109.128839,300109.128839,300109.128839,nan,300109.128839,nan,nan,0.0,30,64,,True,False,"HTTPConnectionPool(host='gpu03', port=9002): Read timed out.",0,56.69694568066818
187,2026-09-19T05:46:43.975+00:00,2026-09-19T05:51:44.055+00:00,2026-09-19T05:51:44.055+00:00,False,1,0.0,,0.0,300079.894785,300079.894785,300079.894785,300079.894785,300079.894785,300079.894785,nan,300079.894785,nan,nan,0.0,30,64,,True,False,"HTTPConnectionPool(host='gpu03', port=9002): Read timed out.",0,56.69694568066818
188,2026-09-19T05:46:44.365+00:00,2026-09-19T05:51:44.349+00:00,2026-09-19T05:51:44.480+00:00,False,3,2.0,,2.0,299983.808786,300115.248914,300115.24880400003,100038.416268,0.052899999999999996,299983.808786,173157.80174179858,269998.56661920005,65.720064,92.86726382373053,0.006664106563186042,30,64,,True,False,Request timeout: 300.0s exceeded,4,56.69694568066818
189,2026-09-19T05:46:44.880+00:00,2026-09-19T05:51:44.628+00:00,2026-09-19T05:51:44.889+00:00,False,5,4.0,,4.0,299747.873584,300008.657712,300008.65783599997,60001.7315672,0.08732,299747.873584,134022.1752138254,239820.0647812,65.196032,51.740565176583836,0.013332948557237602,30,64,,True,False,Request timeout: 300.0s exceeded,9,56.69694568066818
190,2026-09-19T05:46:45.374+00:00,2026-09-19T05:51:45.487+00:00,2026-09-19T05:51:45.487+00:00,False,1,0.0,,0.0,300113.064111,300113.064111,300113.064111,300113.064111,300113.064111,300113.064111,nan,300113.064111,nan,nan,0.0,30,64,,True,False,"HTTPConnectionPool(host='gpu03', port=9002): Read timed out.",0,56.69694568066818
191,2026-09-19T05:46:45.868+00:00,2026-09-19T05:51:45.865+00:00,2026-09-19T05:51:46.012+00:00,False,3,2.0,,2.0,299996.971752,300144.152808,300144.152754,100048.050918,0.03699,299996.971752,173160.86052318485,270011.988978,73.590528,104.02058919103368,0.006663464809455693,30,64,,True,False,Request timeout: 300.0s exceeded,8,56.69694568066818
192,2026-09-19T05:46:46.442+00:00,2026-09-19T05:51:46.171+00:00,2026-09-19T05:51:46.488+00:00,False,5,4.0,,4.0,299729.834754,300046.823682,300046.823778,60009.3647556,0.022600000000000002,299729.834754,134007.82454832262,239806.5051694,79.247232,53.198959693343376,0.013331252605557786,30,64,,True,False,Request timeout: 300.0s exceeded,19,56.69694568066818
193,2026-09-19T05:46:47.007+00:00,2026-09-19T05:51:47.065+00:00,2026-09-19T05:51:47.065+00:00,False,1,0.0,,0.0,300057.308732,300057.308732,300057.308732,300057.308732,300057.308732,300057.308732,nan,300057.308732,nan,nan,0.0,30,64,,True,False,"HTTPConnectionPool(host='gpu03', port=9002): Read timed out.",0,56.69694568066818
194,2026-09-19T05:46:47.564+00:00,2026-09-19T05:51:47.545+00:00,2026-09-19T05:51:47.678+00:00,False,3,2.0,,2.0,299981.289865,300114.07348099997,300114.07366,100038.02455333334,0.02158,299981.289865,173155.95979531773,269996.4371,66.391808,93.86178405562528,0.00666413266396392,30,64,,True,False,Request timeout: 300.0s exceeded,10,56.69694568066818
195,2026-09-19T05:46:47.981+00:00,2026-09-19T05:51:47.824+00:00,2026-09-19T05:51:48.069+00:00,False,4,3.0,,3.0,299842.135555,300087.221763,300087.221793,75021.80544825,0.02359,299842.135555,149880.23161283028,254886.24551679997,81.69540266666667,72.03891468476647,0.009997093452947194,30,64,,True,False,Request timeout: 300.0s exceeded,10,56.69694568066818
196,2026-09-19T05:46:48.429+00:00,2026-09-19T05:51:48.164+00:00,2026-09-19T05:51:48.521+00:00,False,6,5.0,,5.0,299735.042584,300091.930904,300091.931115,50015.3218525,0.10099,299735.042584,122337.1857754428,224827.5738205,71.377664,45.85474471709919,0.01666156095879669,30,64,,True,False,Request timeout: 300.0s exceeded,17,56.69694568066818
197,2026-09-19T05:46:48.934+00:00,2026-09-19T05:51:48.974+00:00,2026-09-19T05:51:48.974+00:00,False,1,0.0,,0.0,300040.161408,300040.161408,300040.161408,300040.161408,300040.161408,300040.161408,nan,300040.161408,nan,nan,0.0,30,64,,True,False,"HTTPConnectionPool(host='gpu03', port=9002): Read timed out.",0,56.69694568066818
198,2026-09-19T05:46:49.423+00:00,2026-09-19T05:51:49.392+00:00,2026-09-19T05:51:49.523+00:00,False,3,2.0,,2.0,299968.846926,300099.98779000004,300099.98777400004,100033.32925800001,0.02302,299968.846926,173149.2498260981,269985.07401620003,65.570432,92.6980107445857,0.006664445456090898,30,64,,True,False,Request timeout: 300.0s exceeded,10,56.69694568066818
199,2026-09-19T05:46:49.858+00:00,2026-09-19T05:51:49.657+00:00,2026-09-19T05:51:49.864+00:00,False,4,3.0,,3.0,299798.683036,300006.29161200003,300006.291725,75001.57293125,0.05264,299798.683036,149864.74832896347,254846.13729115002,69.20285866666667,60.936383689062396,0.00999979028399817,30,64,,True,False,Request timeout: 300.0s exceeded,11,56.69694568066818
200,2026-09-19T05:46:50.348+00:00,2026-09-19T05:51:50.413+00:00,2026-09-19T05:51:50.413+00:00,False,1,0.0,,0.0,300064.89757599996,300064.89757599996,300064.89757599996,300064.89757599996,300064.89757599996,300064.89757599996,nan,300064.89757599996,nan,nan,0.0,30,64,,True,False,"HTTPConnectionPool(host='gpu03', port=9002): Read timed out.",0,56.69694568066818
201,2026-09-19T05:46:50.888+00:00,2026-09-19T05:51:51.105+00:00,2026-09-19T05:51:51.567+00:00,False,6,5.0,,5.0,300216.97112400003,300679.23902800004,300679.238987,50113.20649783334,0.0428,300216.97112400003,122525.33141131888,225200.81710675004,92.4535808,55.88171224346329,0.01662901641018982,30,64,,True,False,Request timeout: 300.0s exceeded,16,56.69694568066818
202,2026-09-19T05:46:51.421+00:00,2026-09-19T05:51:51.635+00:00,2026-09-19T05:51:51.635+00:00,False,1,0.0,,0.0,300214.376361,300214.376361,300214.376361,300214.376361,300214.376361,300214.376361,nan,300214.376361,nan,nan,0.0,30,64,,True,False,"HTTPConnectionPool(host='gpu03', port=9002): Read timed out.",0,56.69694568066818
203,2026-09-19T05:46:51.773+00:00,2026-09-19T05:51:51.840+00:00,2026-09-19T05:51:51.840+00:00,False,1,0.0,,0.0,300066.626075,300066.626075,300066.626075,300066.626075,300066.626075,300066.626075,nan,300066.626075,nan,nan,0.0,30,64,,True,False,"HTTPConnectionPool(host='gpu03', port=9002): Read timed out.",0,56.69694568066818
204,2026-09-19T05:46:52.096+00:00,2026-09-19T05:51:52.112+00:00,2026-09-19T05:51:52.112+00:00,False,1,0.0,,0.0,300015.76811299997,300015.76811299997,300015.76811299997,300015.76811299997,300015.76811299997,300015.76811299997,nan,300015.76811299997,nan,nan,0.0,30,64,,True,False,"HTTPConnectionPool(host='gpu03', port=9002): Read timed out.",0,56.69694568066818
205,2026-09-19T05:46:52.449+00:00,2026-09-19T05:51:52.514+00:00,2026-09-19T05:51:52.514+00:00,False,1,0.0,,0.0,300065.23119300004,300065.23119300004,300065.23119300004,300065.23119300004,300065.23119300004,300065.23119300004,nan,300065.23119300004,nan,nan,0.0,30,64,,True,False,"HTTPConnectionPool(host='gpu03', port=9002): Read timed out.",0,56.69694568066818
206,2026-09-19T05:46:52.828+00:00,2026-09-19T05:51:52.768+00:00,2026-09-19T05:51:52.990+00:00,False,3,2.0,,2.0,299940.639027,300162.482227,300162.482172,100054.160724,0.039619999999999995,299940.639027,173106.80359561017,269968.7554768,110.9216,156.81071508596852,0.006663057905043196,30,64,,True,False,Request timeout: 300.0s exceeded,5,56.69694568066818
207,2026-09-19T05:46:53.380+00:00,2026-09-19T05:51:52.989+00:00,2026-09-19T05:51:53.475+00:00,False,7,6.0,,6.0,299608.605731,300095.424291,300095.424344,42870.77490628572,0.02485,299608.605731,113210.74817458444,209757.8592074,81.13642666666667,40.67958886190561,0.01999364040346663,30,64,,True,False,Request timeout: 300.0s exceeded,23,56.69694568066818
208,2026-09-19T05:46:53.825+00:00,2026-09-19T05:51:53.932+00:00,2026-09-19T05:51:53.932+00:00,False,1,0.0,,0.0,300107.594065,300107.594065,300107.594065,300107.594065,300107.594065,300107.594065,nan,300107.594065,nan,nan,0.0,30,64,,True,False,"HTTPConnectionPool(host='gpu03', port=9002): Read timed out.",0,56.69694568066818
209,2026-09-19T05:46:54.292+00:00,2026-09-19T05:51:54.391+00:00,2026-09-19T05:51:54.391+00:00,False,1,0.0,,0.0,300099.65168300003,300099.65168300003,300099.65168300003,300099.65168300003,300099.65168300003,300099.65168300003,nan,300099.65168300003,nan,nan,0.0,30,64,,True,False,"HTTPConnectionPool(host='gpu03', port=9002): Read timed out.",0,56.69694568066818
210,2026-09-19T05:46:54.851+00:00,2026-09-19T05:51:54.779+00:00,2026-09-19T05:51:54.883+00:00,False,3,2.0,,2.0,299928.383343,300032.05156700005,300032.05171800003,100010.683906,0.03828,299928.383343,173133.81412639486,269945.90801819996,51.834112,73.25056042184283,0.006665954485710606,30,64,,True,False,Request timeout: 300.0s exceeded,5,56.69694568066818
211,2026-09-19T05:46:55.649+00:00,2026-09-19T05:51:55.015+00:00,2026-09-19T05:51:55.926+00:00,False,11,10.0,,10.0,299366.144926,300277.37026999996,300277.37031699996,27297.942756090906,0.03374,299366.144926,90234.82147303407,149743.172065,91.1225344,37.6644800575174,0.033302542882296844,30,64,,True,False,Request timeout: 300.0s exceeded,27,56.69694568066818
212,2026-09-19T05:46:55.684+00:00,2026-09-19T05:51:55.599+00:00,2026-09-19T05:51:55.927+00:00,False,5,4.0,,4.0,299914.39622500003,300242.242113,300242.24203900003,60048.44840780001,0.03576,299914.39622500003,134089.1496528224,239955.10506200005,81.961472,54.97164596952181,0.013322575703703108,30,64,,True,False,Request timeout: 300.0s exceeded,13,56.69694568066818
213,2026-09-19T05:46:55.953+00:00,2026-09-19T05:51:56.112+00:00,2026-09-19T05:51:56.112+00:00,False,1,0.0,,0.0,300159.459693,300159.459693,300159.459693,300159.459693,300159.459693,300159.459693,nan,300159.459693,nan,nan,0.0,30,64,,True,False,"HTTPConnectionPool(host='gpu03', port=9002): Read timed out.",0,56.69694568066818
214,2026-09-19T05:46:56.356+00:00,2026-09-19T05:51:56.381+00:00,2026-09-19T05:51:56.381+00:00,False,1,0.0,,0.0,300025.879276,300025.879276,300025.879276,300025.879276,300025.879276,300025.879276,nan,300025.879276,nan,nan,0.0,30,64,,True,False,"HTTPConnectionPool(host='gpu03', port=9002): Read timed out.",0,56.69694568066818
215,2026-09-19T05:46:56.821+00:00,2026-09-19T05:51:56.934+00:00,2026-09-19T05:51:56.934+00:00,False,1,0.0,,0.0,300113.571079,300113.571079,300113.571079,300113.571079,300113.571079,300113.571079,nan,300113.571079,nan,nan,0.0,30,64,,True,False,"HTTPConnectionPool(host='gpu03', port=9002): Read timed out.",0,56.69694568066818
216,2026-09-19T05:46:57.300+00:00,2026-09-19T05:51:57.290+00:00,2026-09-19T05:51:57.406+00:00,False,3,2.0,,2.0,299989.232931,300105.847843,300105.847824,100035.28260800001,0.14802,299989.232931,173165.21033350914,270001.9563252,58.307456,82.24993671027528,0.006664315321993649,30,64,,True,False,Request timeout: 300.0s exceeded,4,56.69694568066818
217,2026-09-19T05:46:57.627+00:00,2026-09-19T05:51:57.410+00:00,2026-09-19T05:51:57.711+00:00,False,5,4.0,,4.0,299782.29699400003,300083.98992200004,300083.98999200005,60016.797998400005,0.057999,299782.29699400003,134032.99566773165,239846.13328540002,75.423232,50.24897071269383,0.013329601492701121,30,64,,True,False,Request timeout: 300.0s exceeded,13,56.69694568066818
218,2026-09-19T05:46:57.977+00:00,2026-09-19T05:51:57.508+00:00,2026-09-19T05:51:58.015+00:00,False,7,6.0,,6.0,299530.71836299996,300038.196379,300038.19614599994,42862.59944942857,0.054060000000000004,299530.71836299996,113180.00834740994,209702.62550959998,84.57966933333333,41.45523347086957,0.019997453898906142,30,64,,True,False,Request timeout: 300.0s exceeded,17,56.69694568066818
219,2026-09-19T05:46:58.377+00:00,2026-09-19T05:51:58.386+00:00,2026-09-19T05:51:58.386+00:00,False,1,0.0,,0.0,300009.329021,300009.329021,300009.329021,300009.329021,300009.329021,300009.329021,nan,300009.329021,nan,nan,0.0,30,64,,True,False,"HTTPConnectionPool(host='gpu03', port=9002): Read timed out.",0,56.69694568066818
220,2026-09-19T05:46:58.793+00:00,2026-09-19T05:51:58.832+00:00,2026-09-19T05:51:58.832+00:00,False,1,0.0,,0.0,300039.46911,300039.46911,300039.46911,300039.46911,300039.46911,300039.46911,nan,300039.46911,nan,nan,0.0,30,64,,True,False,"HTTPConnectionPool(host='gpu03', port=9002): Read timed out.",0,56.69694568066818
221,2026-09-19T05:46:59.119+00:00,2026-09-19T05:51:59.074+00:00,2026-09-19T05:51:59.200+00:00,False,3,2.0,,2.0,299955.418621,300081.043197,300081.043102,100027.01436733334,0.02625,299955.418621,173143.08840564147,269972.43658200005,62.812288,88.79269959007216,0.006664866193120442,30,64,,True,False,Request timeout: 300.0s exceeded,4,56.69694568066818
222,2026-09-19T05:46:59.673+00:00,2026-09-19T05:51:59.424+00:00,2026-09-19T05:51:59.719+00:00,False,6,5.0,,5.0,299751.20389099995,300046.36139499996,300046.3613759999,50007.72689599999,0.06157,299751.20389099995,122348.82268505865,224838.20423224996,59.031500799999996,41.533925065175374,0.01666409143158275,30,64,,True,False,Request timeout: 300.0s exceeded,17,56.69694568066818
223,2026-09-19T05:47:00.165+00:00,2026-09-19T05:52:00.222+00:00,2026-09-19T05:52:00.222+00:00,False,1,0.0,,0.0,300056.082657,300056.082657,300056.082657,300056.082657,300056.082657,300056.082657,nan,300056.082657,nan,nan,0.0,30,64,,True,False,"HTTPConnectionPool(host='gpu03', port=9002): Read timed out.",0,56.69694568066818
224,2026-09-19T05:47:00.710+00:00,2026-09-19T05:52:00.662+00:00,2026-09-19T05:52:00.802+00:00,False,3,2.0,,2.0,299951.660393,300091.695209,300091.695319,100030.56510633334,0.022709,299951.660393,173136.7614192056,269970.4955754,70.017408,98.98770859267731,0.006664629617980905,30,64,,True,False,Request timeout: 300.0s exceeded,5,56.69694568066818
225,2026-09-19T05:47:01.022+00:00,2026-09-19T05:52:00.909+00:00,2026-09-19T05:52:01.129+00:00,False,4,3.0,,3.0,299887.281297,300107.418769,300107.418826,75026.8547065,0.024460000000000003,299887.281297,149906.96006142435,254921.2234956,73.37915733333332,63.623613714441255,0.009996420655995757,30,64,,True,False,Request timeout: 300.0s exceeded,5,56.69694568066818
226,2026-09-19T05:47:01.441+00:00,2026-09-19T05:52:01.549+00:00,2026-09-19T05:52:01.549+00:00,False,1,0.0,,0.0,300108.29951700004,300108.29951700004,300108.29951700004,300108.29951700004,300108.29951700004,300108.29951700004,nan,300108.29951700004,nan,nan,0.0,30,64,,True,False,"HTTPConnectionPool(host='gpu03', port=9002): Read timed out.",0,56.69694568066818
227,2026-09-19T05:47:01.898+00:00,2026-09-19T05:52:01.931+00:00,2026-09-19T05:52:01.931+00:00,False,1,0.0,,0.0,300032.22492400004,300032.22492400004,300032.22492400004,300032.22492400004,300032.22492400004,300032.22492400004,nan,300032.22492400004,nan,nan,0.0,30,64,,True,False,"HTTPConnectionPool(host='gpu03', port=9002): Read timed out.",0,56.69694568066818
228,2026-09-19T05:47:02.339+00:00,2026-09-19T05:52:02.334+00:00,2026-09-19T05:52:02.462+00:00,False,3,2.0,,2.0,299995.26907599997,300122.459092,300122.45892299997,100040.819641,0.02376,299995.26907599997,173165.64447930572,270008.4587771,63.595008,89.9032532163325,0.006663946463889652,30,64,,True,False,Request timeout: 300.0s exceeded,10,56.69694568066818
229,2026-09-19T05:47:02.761+00:00,2026-09-19T05:52:02.460+00:00,2026-09-19T05:52:02.786+00:00,False,6,5.0,,5.0,299698.98187699995,300025.07954099996,300025.079696,50004.179949333324,0.02121,299698.98187699995,122324.97992313506,224808.68433074997,65.2195328,51.561542441959304,0.016665273475302,30,64,,True,False,Request timeout: 300.0s exceeded,20,56.69694568066818
230,2026-09-19T05:47:03.288+00:00,2026-09-19T05:52:03.375+00:00,2026-09-19T05:52:03.375+00:00,False,1,0.0,,0.0,300086.854916,300086.854916,300086.854916,300086.854916,300086.854916,300086.854916,nan,300086.854916,nan,nan,0.0,30,64,,True,False,"HTTPConnectionPool(host='gpu03', port=9002): Read timed out.",0,56.69694568066818
231,2026-09-19T05:47:03.721+00:00,2026-09-19T05:52:03.936+00:00,2026-09-19T05:52:04.952+00:00,False,11,10.0,,10.0,300214.164674,301230.372546,301230.372637,27384.579330636363,0.042409999999999996,300214.164674,90487.34393778417,150180.1845525,101.62078720000001,38.3357758420787,0.0331971836554195,30,64,,True,False,Request timeout: 300.0s exceeded,34,56.69694568066818
232,2026-09-19T05:47:04.096+00:00,2026-09-19T05:52:04.083+00:00,2026-09-19T05:52:05.052+00:00,False,11,10.0,,10.0,299987.08322100004,300955.849685,300955.84969000006,27359.622699090913,0.02247,299987.08322100004,90420.30541028891,150054.996944,96.87664640000001,34.72302378315515,0.03322746512641855,30,64,,True,False,Request timeout: 300.0s exceeded,31,56.69694568066818
233,2026-09-19T05:47:04.593+00:00,2026-09-19T05:52:04.435+00:00,2026-09-19T05:52:05.150+00:00,False,9,8.0,,8.0,299842.814121,300557.528233,300557.528064,33395.280896000004,0.038329999999999996,299842.814121,99917.83074472731,179949.38377699998,89.339264,36.349384331232216,0.02661720053073564,30,64,,True,False,Request timeout: 300.0s exceeded,29,56.69694568066818
234,2026-09-19T05:47:04.928+00:00,2026-09-19T05:52:05.280+00:00,2026-09-19T05:52:05.280+00:00,False,1,0.0,,0.0,300351.896653,300351.896653,300351.896653,300351.896653,300351.896653,300351.896653,nan,300351.896653,nan,nan,0.0,30,64,,True,False,"HTTPConnectionPool(host='gpu03', port=9002): Read timed out.",0,56.69694568066818
235,2026-09-19T05:47:05.294+00:00,2026-09-19T05:52:05.321+00:00,2026-09-19T05:52:05.321+00:00,False,1,0.0,,0.0,300027.054589,300027.054589,300027.054589,300027.054589,300027.054589,300027.054589,nan,300027.054589,nan,nan,0.0,30,64,,True,False,"HTTPConnectionPool(host='gpu03', port=9002): Read timed out.",0,56.69694568066818
236,2026-09-19T05:47:05.682+00:00,2026-09-19T05:52:05.794+00:00,2026-09-19T05:52:05.794+00:00,False,1,0.0,,0.0,300111.50140899996,300111.50140899996,300111.50140899996,300111.50140899996,300111.50140899996,300111.50140899996,nan,300111.50140899996,nan,nan,0.0,30,64,,True,False,"HTTPConnectionPool(host='gpu03', port=9002): Read timed out.",0,56.69694568066818
237,2026-09-19T05:47:06.014+00:00,2026-09-19T05:52:06.134+00:00,2026-09-19T05:52:06.134+00:00,False,1,0.0,,0.0,300119.43128200003,300119.43128200003,300119.43128200003,300119.43128200003,300119.43128200003,300119.43128200003,nan,300119.43128200003,nan,nan,0.0,30,64,,True,False,"HTTPConnectionPool(host='gpu03', port=9002): Read timed out.",0,56.69694568066818
238,2026-09-19T05:47:06.430+00:00,2026-09-19T05:52:06.344+00:00,2026-09-19T05:52:06.548+00:00,False,3,2.0,,2.0,299914.426249,300118.767241,300118.767007,100039.58900233333,0.027370000000000002,299914.426249,173096.7167697886,269943.41496290005,102.170496,144.45216297968554,0.006664028439094478,30,64,,True,False,Request timeout: 300.0s exceeded,3,56.69694568066818
239,2026-09-19T05:47:06.840+00:00,2026-09-19T05:52:06.546+00:00,2026-09-19T05:52:06.894+00:00,False,6,5.0,,5.0,299706.278006,300054.338678,300054.338721,50009.056453499994,0.03839,299706.278006,122326.16282150782,224804.60428824998,69.6121344,43.62314888093335,0.016663648397918004,30,64,,True,False,Request timeout: 300.0s exceeded,14,56.69694568066818
240,2026-09-19T05:47:07.205+00:00,2026-09-19T05:52:07.311+00:00,2026-09-19T05:52:07.311+00:00,False,1,0.0,,0.0,300106.655071,300106.655071,300106.655071,300106.655071,300106.655071,300106.655071,nan,300106.655071,nan,nan,0.0,30,64,,True,False,"HTTPConnectionPool(host='gpu03', port=9002): Read timed out.",0,56.69694568066818
241,2026-09-19T05:47:07.620+00:00,2026-09-19T05:52:07.714+00:00,2026-09-19T05:52:07.714+00:00,False,1,0.0,,0.0,300094.345105,300094.345105,300094.345105,300094.345105,300094.345105,300094.345105,nan,300094.345105,nan,nan,0.0,30,64,,True,False,"HTTPConnectionPool(host='gpu03', port=9002): Read timed out.",0,56.69694568066818
242,2026-09-19T05:47:08.003+00:00,2026-09-19T05:52:07.990+00:00,2026-09-19T05:52:08.129+00:00,False,3,2.0,,2.0,299987.145755,300126.308123,300126.30835300003,100042.10278433333,0.0198,299987.145755,173157.50054562595,270002.3454593,69.581184,98.3747771210363,0.006663861000750208,30,64,,True,False,Request timeout: 300.0s exceeded,4,56.69694568066818
243,2026-09-19T05:47:08.322+00:00,2026-09-19T05:52:08.270+00:00,2026-09-19T05:52:08.387+00:00,False,3,2.0,,2.0,299948.112286,300065.02467,300065.024689,100021.67489633332,0.02634,299948.112286,173141.3835267061,269964.9896637,58.456192,82.63224954787296,0.006665221987132699,30,64,,True,False,Request timeout: 300.0s exceeded,4,56.69694568066818
244,2026-09-19T05:47:08.858+00:00,2026-09-19T05:52:08.964+00:00,2026-09-19T05:52:08.964+00:00,False,1,0.0,,0.0,300106.627416,300106.627416,300106.627416,300106.627416,300106.627416,300106.627416,nan,300106.627416,nan,nan,0.0,30,64,,True,False,"HTTPConnectionPool(host='gpu03', port=9002): Read timed out.",0,56.69694568066818
245,2026-09-19T05:47:09.217+00:00,2026-09-19T05:52:09.322+00:00,2026-09-19T05:52:09.322+00:00,False,1,0.0,,0.0,300105.31725900003,300105.31725900003,300105.31725900003,300105.31725900003,300105.31725900003,300105.31725900003,nan,300105.31725900003,nan,nan,0.0,30,64,,True,False,"HTTPConnectionPool(host='gpu03', port=9002): Read timed out.",0,56.69694568066818
246,2026-09-19T05:47:09.563+00:00,2026-09-19T05:52:09.600+00:00,2026-09-19T05:52:09.600+00:00,False,1,0.0,,0.0,300037.17021899996,300037.17021899996,300037.17021899996,300037.17021899996,300037.17021899996,300037.17021899996,nan,300037.17021899996,nan,nan,0.0,30,64,,True,False,TTFT timeout: 300.0s exceeded (TTFT: 300.028s),0,56.69694568066818
247,2026-09-19T05:47:09.962+00:00,2026-09-19T05:52:09.864+00:00,2026-09-19T05:52:09.993+00:00,False,3,2.0,,2.0,299902.024036,300030.977124,300030.976969,100010.32565633334,0.064379,299902.024036,173111.3007857885,269924.7104878,64.476544,91.09236923440979,0.006665978357206158,30,64,,True,False,Request timeout: 300.0s exceeded,3,56.69694568066818
248,2026-09-19T05:47:10.489+00:00,2026-09-19T05:52:10.606+00:00,2026-09-19T05:52:10.606+00:00,False,1,0.0,,0.0,300117.598948,300117.598948,300117.598948,300117.598948,300117.598948,300117.598948,nan,300117.598948,nan,nan,0.0,30,64,,True,False,"HTTPConnectionPool(host='gpu03', port=9002): Read timed out.",0,56.69694568066818
249,2026-09-19T05:47:10.873+00:00,2026-09-19T05:52:10.883+00:00,2026-09-19T05:52:10.883+00:00,False,1,0.0,,0.0,300010.291609,300010.291609,300010.291609,300010.291609,300010.291609,300010.291609,nan,300010.291609,nan,nan,0.0,30,64,,True,False,"HTTPConnectionPool(host='gpu03', port=9002): Read timed out.",0,56.69694568066818
250,2026-09-19T05:47:11.261+00:00,2026-09-19T05:52:11.304+00:00,2026-09-19T05:52:11.304+00:00,False,1,0.0,,0.0,300042.446827,300042.446827,300042.446827,300042.446827,300042.446827,300042.446827,nan,300042.446827,nan,nan,0.0,30,64,,True,False,"HTTPConnectionPool(host='gpu03', port=9002): Read timed out.",0,56.69694568066818
251,2026-09-19T05:47:11.675+00:00,2026-09-19T05:52:11.504+00:00,2026-09-19T05:52:11.732+00:00,False,4,3.0,,3.0,299829.801644,300057.66263599996,300057.662634,75014.4156585,0.02834,299829.801644,149876.93405601344,254874.55258564997,75.953664,67.27431731869677,0.009998078281504515,30,64,,True,False,Request timeout: 300.0s exceeded,9,56.69694568066818
252,2026-09-19T05:47:12.166+00:00,2026-09-19T05:52:12.246+00:00,2026-09-19T05:52:12.246+00:00,False,1,0.0,,0.0,300080.290652,300080.290652,300080.290652,300080.290652,300080.290652,300080.290652,nan,300080.290652,nan,nan,0.0,30,64,,True,False,"HTTPConnectionPool(host='gpu03', port=9002): Read timed out.",0,56.69694568066818
253,2026-09-19T05:47:12.596+00:00,2026-09-19T05:52:12.653+00:00,2026-09-19T05:52:12.653+00:00,False,1,0.0,,0.0,300057.102403,300057.102403,300057.102403,300057.102403,300057.102403,300057.102403,nan,300057.102403,nan,nan,0.0,30,64,,True,False,"HTTPConnectionPool(host='gpu03', port=9002): Read timed out.",0,56.69694568066818
254,2026-09-19T05:47:12.950+00:00,2026-09-19T05:52:12.943+00:00,2026-09-19T05:52:13.095+00:00,False,3,2.0,,2.0,299993.018231,300145.395319,300145.395386,100048.46512866666,0.02547,299993.018231,173157.07908511217,270008.95157639997,76.188544,107.71103039373452,0.006663437224730247,30,64,,True,False,Request timeout: 300.0s exceeded,9,56.69694568066818
255,2026-09-19T05:47:13.467+00:00,2026-09-19T05:52:13.357+00:00,2026-09-19T05:52:13.567+00:00,False,4,3.0,,3.0,299890.029356,300100.65924400004,300100.65922900004,75025.16480725001,0.03698,299890.029356,149909.91805443703,254923.5234299,70.20996266666667,61.299246151791635,0.009996645817298316,30,64,,True,False,Request timeout: 300.0s exceeded,5,56.69694568066818
256,2026-09-19T05:47:13.914+00:00,2026-09-19T05:52:13.963+00:00,2026-09-19T05:52:13.963+00:00,False,1,0.0,,0.0,300049.583224,300049.583224,300049.583224,300049.583224,300049.583224,300049.583224,nan,300049.583224,nan,nan,0.0,30,64,,True,False,"HTTPConnectionPool(host='gpu03', port=9002): Read timed out.",0,56.69694568066818
257,2026-09-19T05:47:14.252+00:00,2026-09-19T05:52:14.368+00:00,2026-09-19T05:52:14.368+00:00,False,1,0.0,,0.0,300116.140333,300116.140333,300116.140333,300116.140333,300116.140333,300116.140333,nan,300116.140333,nan,nan,0.0,30,64,,True,False,"HTTPConnectionPool(host='gpu03', port=9002): Read timed out.",0,56.69694568066818
258,2026-09-19T05:47:14.639+00:00,2026-09-19T05:52:14.643+00:00,2026-09-19T05:52:14.782+00:00,False,3,2.0,,2.0,300003.741195,300143.181067,300143.181073,100047.72702433333,0.02197,300003.741195,173167.00193764333,270017.3088663,69.719936,98.56810577186697,0.006663486383032458,30,64,,True,False,Request timeout: 300.0s exceeded,10,56.69694568066818
259,2026-09-19T05:47:15.172+00:00,2026-09-19T05:52:14.914+00:00,2026-09-19T05:52:15.253+00:00,False,5,4.0,,4.0,299741.280832,300080.74144,300080.741388,60016.148277600005,0.02123,299741.280832,134010.43205003103,239816.28958440002,84.865152,56.627914354891416,0.013329745790433488,30,64,,True,False,Request timeout: 300.0s exceeded,13,56.69694568066818
260,2026-09-19T05:47:15.579+00:00,2026-09-19T05:52:15.643+00:00,2026-09-19T05:52:15.643+00:00,False,1,0.0,,0.0,300064.19292299997,300064.19292299997,300064.19292299997,300064.19292299997,300064.19292299997,300064.19292299997,nan,300064.19292299997,nan,nan,0.0,30,64,,True,False,"HTTPConnectionPool(host='gpu03', port=9002): Read timed out.",0,56.69694568066818
261,2026-09-19T05:47:16.108+00:00,2026-09-19T05:52:16.182+00:00,2026-09-19T05:52:16.182+00:00,False,1,0.0,,0.0,300073.533713,300073.533713,300073.533713,300073.533713,300073.533713,300073.533713,nan,300073.533713,nan,nan,0.0,30,64,,True,False,"HTTPConnectionPool(host='gpu03', port=9002): Read timed out.",0,56.69694568066818
262,2026-09-19T05:47:16.452+00:00,2026-09-19T05:52:16.529+00:00,2026-09-19T05:52:16.529+00:00,False,1,0.0,,0.0,300077.838353,300077.838353,300077.838353,300077.838353,300077.838353,300077.838353,nan,300077.838353,nan,nan,0.0,30,64,,True,False,TTFT timeout: 300.0s exceeded (TTFT: 300.065s),0,56.69694568066818
263,2026-09-19T05:47:17.655+00:00,2026-09-19T05:52:17.074+00:00,2026-09-19T05:52:17.866+00:00,False,10,9.0,,9.0,299419.20448799996,300211.252872,300211.252902,30021.125290199994,0.04242,299419.20448799996,94656.84370186718,164740.52852025,88.005376,39.45331593307554,0.02997888957825741,30,64,,True,False,Request timeout: 300.0s exceeded,30,56.69694568066818
265,2026-09-19T05:47:17.825+00:00,2026-09-19T05:52:17.959+00:00,2026-09-19T05:52:17.959+00:00,False,1,0.0,,0.0,300133.675934,300133.675934,300133.675934,300133.675934,300133.675934,300133.675934,nan,300133.675934,nan,nan,0.0,30,64,,True,False,"HTTPConnectionPool(host='gpu03', port=9002): Read timed out.",0,56.69694568066818
264,2026-09-19T05:47:17.749+00:00,2026-09-19T05:52:17.980+00:00,2026-09-19T05:52:17.980+00:00,False,1,0.0,,0.0,300230.414254,300230.414254,300230.414254,300230.414254,300230.414254,300230.414254,nan,300230.414254,nan,nan,0.0,30,64,,True,False,"HTTPConnectionPool(host='gpu03', port=9002): Read timed out.",0,56.69694568066818
266,2026-09-19T05:47:18.252+00:00,2026-09-19T05:52:18.323+00:00,2026-09-19T05:52:18.323+00:00,False,1,0.0,,0.0,300071.900547,300071.900547,300071.900547,300071.900547,300071.900547,300071.900547,nan,300071.900547,nan,nan,0.0,30,64,,True,False,"HTTPConnectionPool(host='gpu03', port=9002): Read timed out.",0,56.69694568066818
267,2026-09-19T05:47:18.750+00:00,2026-09-19T05:52:18.833+00:00,2026-09-19T05:52:18.833+00:00,False,1,0.0,,0.0,300083.216544,300083.216544,300083.216544,300083.216544,300083.216544,300083.216544,nan,300083.216544,nan,nan,0.0,30,64,,True,False,"HTTPConnectionPool(host='gpu03', port=9002): Read timed out.",0,56.69694568066818
269,2026-09-19T05:47:19.587+00:00,2026-09-19T05:52:19.392+00:00,2026-09-19T05:52:20.583+00:00,False,16,15.0,,15.0,299805.325235,300996.079539,300996.079539,18812.2549711875,0.039920000000000004,299805.325235,74931.49227496692,75030.55139375,79.38362026666667,33.21603932172705,0.04983453612742638,30,64,,True,False,Request timeout: 300.0s exceeded,48,56.69694568066818
268,2026-09-19T05:47:19.232+00:00,2026-09-19T05:52:19.394+00:00,2026-09-19T05:52:20.585+00:00,False,16,15.0,,15.0,300161.685428,301353.303732,301353.30366,18834.58147875,0.03977,300161.685428,75020.56794905334,75119.77753699999,79.44122026666666,33.29529082147833,0.049775462270491067,30,64,,True,False,Request timeout: 300.0s exceeded,61,56.69694568066818
271,2026-09-19T05:47:20.695+00:00,2026-09-19T05:52:20.730+00:00,2026-09-19T05:52:20.730+00:00,False,1,0.0,,0.0,300034.65692900005,300034.65692900005,300034.65692900005,300034.65692900005,300034.65692900005,300034.65692900005,nan,300034.65692900005,nan,nan,0.0,30,64,,True,False,"HTTPConnectionPool(host='gpu03', port=9002): Read timed out.",0,56.69694568066818
270,2026-09-19T05:47:20.159+00:00,2026-09-19T05:52:21.305+00:00,2026-09-19T05:52:21.305+00:00,False,1,0.0,,0.0,301145.19193000003,301145.19193000003,301145.19193000003,301145.19193000003,301145.19193000003,301145.19193000003,nan,301145.19193000003,nan,nan,0.0,30,64,,True,False,"HTTPConnectionPool(host='gpu03', port=9002): Read timed out.",0,56.69694568066818
0,2026-09-19T05:45:20.801+00:00,2026-09-19T05:45:21.011+00:00,2026-09-19T05:45:30.298+00:00,True,99,99.0,,99.0,209.991885,9496.630476999999,9496.630349,95.92555908080809,33.326192999999996,209.991885,25.54920828193579,110.76182220000001,94.76161828571428,22.890759624422184,10.424750151095093,31,64,,False,True,,327,56.69694568066818
1,2026-09-19T05:45:21.347+00:00,2026-09-19T05:45:21.656+00:00,2026-09-19T05:45:30.702+00:00,True,94,94.0,,94.0,308.55164399999995,9354.435548,9354.435761,99.51527405319149,41.958323,308.55164399999995,30.160506710777327,112.64677045,97.26756886021505,20.963725658102483,10.048708927188816,31,64,,False,True,,393,56.69694568066818
2,2026-09-19T05:45:21.755+00:00,2026-09-19T05:45:22.989+00:00,2026-09-19T05:45:27.418+00:00,True,47,47.0,,47.0,1233.8774950000002,5662.258935,5662.258919,120.4735940212766,44.186517,1233.8774950000002,167.4167101151319,112.28574629999999,96.26916173913044,22.45330018782022,8.30057412413267,31,64,,False,True,,149,56.69694568066818
3,2026-09-19T05:45:22.395+00:00,2026-09-19T05:45:27.264+00:00,2026-09-19T05:45:29.682+00:00,True,26,26.0,,26.0,4868.820167000001,7286.824135000001,7286.824085000001,280.2624648076923,45.352655,4868.820167000001,936.0465308197988,110.42218274999999,96.72015872,17.70290705758376,3.5680839167116796,31,64,,False,True,,134,56.69694568066818
4,2026-09-19T05:45:22.782+00:00,2026-09-19T05:45:29.325+00:00,2026-09-19T05:45:32.098+00:00,True,29,29.0,,29.0,6543.038477,9316.851981,9316.851975,321.2707577586207,44.793856,6543.038477,1196.7111638945119,111.09245719999998,99.064768,15.378513855313539,3.112639339890786,31,64,,False,True,,115,56.69694568066818
5,2026-09-19T05:45:23.346+00:00,2026-09-19T05:45:32.336+00:00,2026-09-19T05:45:36.661+00:00,True,45,45.0,,45.0,8990.147506,13315.214258,13315.214268,295.8936504,0.0,8990.147506,1326.1439722515222,214.1072594,98.29697163636364,41.18562855733826,3.3795926320121557,31,64,,False,True,,175,56.69694568066818
6,2026-09-19T05:45:23.765+00:00,2026-09-19T05:45:34.192+00:00,2026-09-19T05:45:43.953+00:00,True,100,100.0,,100.0,10427.055167999999,20188.098112,20188.097965999998,201.88097965999998,0.0,10427.055167999999,1033.856264672181,150.71443605,98.59639337373738,45.92903377470616,4.953413612575968,31,64,,False,True,,350,56.69694568066818
7,2026-09-19T05:45:24.143+00:00,2026-09-19T05:45:36.356+00:00,2026-09-19T05:45:39.403+00:00,True,32,32.0,,32.0,12213.079475,15259.867315,15259.867338,476.8708543125,0.0,12213.079475,2142.415780656766,279.55605465,98.28347870967741,59.59125408968982,2.0970038165761076,31,64,,False,True,,156,56.69694568066818
8,2026-09-19T05:45:24.514+00:00,2026-09-19T05:45:38.413+00:00,2026-09-19T05:45:43.538+00:00,True,53,53.0,,53.0,13898.995778,19024.072514,19024.072648,358.94476694339625,0.0,13898.995778,1896.2850245301865,198.0902024,98.559168,50.10243253275491,2.785943964469058,31,64,,False,True,,255,56.69694568066818
9,2026-09-19T05:45:25.037+00:00,2026-09-19T05:45:41.278+00:00,2026-09-19T05:45:46.921+00:00,True,59,59.0,,59.0,16240.453701999999,21884.048966,21884.048864,370.91608244067794,0.0,16240.453701999999,2102.294048335937,156.99804399999996,97.30336662068966,52.1138753153788,2.696027599447659,31,64,,False,True,,265,56.69694568066818
10,2026-09-19T05:45:25.479+00:00,2026-09-19T05:45:43.644+00:00,2026-09-19T05:45:48.351+00:00,True,50,50.0,,50.0,18165.071399,22872.293415,22872.293351,457.44586702,0.0,18165.071399,2555.7601887042956,113.73689304999999,96.06575542857144,46.63942812127016,2.1860510047151296,31,64,,False,True,,208,56.69694568066818
11,2026-09-19T05:45:26.138+00:00,2026-09-19T05:45:47.631+00:00,2026-09-19T05:45:55.155+00:00,True,77,77.0,,77.0,21492.792235,29017.653419000002,29017.653383,376.85264133766236,0.0,21492.792235,2439.3303679997894,169.34572,99.01133136842105,79.62375261348929,2.6535570912009865,31,64,,False,True,,272,56.69694568066818
12,2026-09-19T05:45:26.571+00:00,2026-09-19T05:45:50.093+00:00,2026-09-19T05:45:50.637+00:00,True,7,7.0,,7.0,23521.727037999997,24066.040893999998,24066.041108999998,3438.0058727142855,51.822569,23521.727037999997,8856.124339333575,16499.6883652,90.718976,27.561044803733548,0.29086628876065773,31,64,,False,True,,25,56.69694568066818
13,2026-09-19T05:45:27.083+00:00,2026-09-19T05:45:52.504+00:00,2026-09-19T05:46:00.704+00:00,True,88,88.0,,88.0,25420.269464,33620.282776,33620.282669,382.0486666931818,0.0,25420.269464,2700.700764882857,113.53518264999998,94.25302657471265,71.59890819901419,2.6174675741519704,31,64,,False,True,,494,56.69694568066818
14,2026-09-19T05:45:27.469+00:00,2026-09-19T05:45:54.632+00:00,2026-09-19T05:45:55.156+00:00,True,7,7.0,,7.0,27163.684692000003,27687.248980000004,27687.249053000003,3955.3212932857145,44.581296,27163.684692000003,10233.964415366498,19047.6284853,87.26071466666667,30.59080514622347,0.2528239625777367,31,64,,False,True,,32,56.69694568066818
15,2026-09-19T05:45:27.988+00:00,2026-09-19T05:45:57.701+00:00,2026-09-19T05:46:01.024+00:00,True,36,36.0,,36.0,29712.569622000003,33035.536406,33035.536491000006,917.6537914166668,0.0,29712.569622000003,4937.017401041836,224.03512575000002,94.94190811428571,87.08203700033425,1.089735597375122,31,64,,False,True,,156,56.69694568066818
16,2026-09-19T05:45:28.375+00:00,2026-09-19T05:46:00.066+00:00,2026-09-19T05:46:02.665+00:00,True,27,27.0,,27.0,31690.896793,34290.469017,34290.469048,1270.017372148148,46.080572999999994,31690.896793,6079.7044828868065,117.279089,99.98354707692307,19.605025322098957,0.7873908049089194,31,64,,False,True,,133,56.69694568066818
17,2026-09-19T05:45:28.974+00:00,2026-09-19T05:46:03.095+00:00,2026-09-19T05:46:08.158+00:00,True,52,52.0,,52.0,34121.685581,39184.822604999994,39184.822537,753.5542795576923,0.0,34121.685581,4719.225566000001,315.96202845,99.2771965490196,105.96196586234474,1.327044415236546,31,64,,False,True,,165,56.69694568066818
18,2026-09-19T05:45:29.563+00:00,2026-09-19T05:46:06.526+00:00,2026-09-19T05:46:13.373+00:00,True,71,71.0,,71.0,36963.241512,43810.222376,43810.222351000004,617.0453852253521,0.0,36963.241512,4376.333724931431,114.324218,97.81401234285714,103.75017048938899,1.6206263321524483,31,64,,False,True,,319,56.69694568066818
19,2026-09-19T05:45:30.189+00:00,2026-09-19T05:46:09.360+00:00,2026-09-19T05:46:16.030+00:00,True,70,70.0,,70.0,39171.373508000004,45840.862148,45840.862261,654.8694608714286,0.0,39171.373508000004,4671.084980115738,108.02028135,96.65925565217391,85.06209392636134,1.527021890949624,31,64,,False,True,,196,56.69694568066818
20,2026-09-19T05:45:30.573+00:00,2026-09-19T05:46:10.955+00:00,2026-09-19T05:46:16.292+00:00,True,57,57.0,,57.0,40382.190578,45719.880690000005,45719.880703,802.1031702280702,0.0,40382.190578,5336.946742533294,109.0054394,95.31589485714285,94.38879288191653,1.2467224135269281,31,64,,False,True,,181,56.69694568066818
21,2026-09-19T05:45:31.025+00:00,2026-09-19T05:46:13.670+00:00,2026-09-19T05:46:22.767+00:00,True,91,91.0,,91.0,42644.971567,51741.698607,51741.698407,568.5900923846154,0.0,42644.971567,4461.227749526913,114.22866400000001,101.0747448888889,113.00495046183345,1.7587362311234378,31,64,,False,True,,287,56.69694568066818
22,2026-09-19T05:45:31.386+00:00,2026-09-19T05:46:15.620+00:00,2026-09-19T05:46:20.900+00:00,True,54,54.0,,54.0,44234.267894000004,49514.317558,49514.317505000006,916.9318056481483,0.0,44234.267894000004,6006.60952181491,112.92109744999999,99.62357856603774,88.87656695619097,1.0905936436818617,31,64,,False,True,,261,56.69694568066818
23,2026-09-19T05:45:31.966+00:00,2026-09-19T05:46:18.818+00:00,2026-09-19T05:46:20.688+00:00,True,19,19.0,,19.0,46851.71066700001,48721.967819000005,48721.967670000005,2564.314087894737,0.0,46851.71066700001,10725.710057198447,5301.991263300001,103.90317511111111,152.76321635995407,0.3899678286924735,31,64,,False,True,,77,56.69694568066818
24,2026-09-19T05:45:32.542+00:00,2026-09-19T05:46:22.761+00:00,2026-09-19T05:46:28.590+00:00,True,61,61.0,,61.0,50219.030344,56047.178312,56047.178259,918.806200967213,0.017839999999999998,50219.030344,6417.517218568212,119.54593000000001,97.13579946666667,29.400653980469457,1.0883687963813082,31,64,,False,True,,269,56.69694568066818
25,2026-09-19T05:45:33.074+00:00,2026-09-19T05:46:25.296+00:00,2026-09-19T05:46:27.469+00:00,True,21,21.0,,21.0,52222.717537000004,54395.766625000004,54395.766435000005,2590.2745921428573,94.820278,52222.717537000004,11372.222980350421,118.742861,108.65245440000001,6.274369454295874,0.3860594546772783,31,64,,False,True,,68,56.69694568066818
26,2026-09-19T05:45:33.480+00:00,2026-09-19T05:46:27.357+00:00,2026-09-19T05:46:35.353+00:00,True,79,79.0,,79.0,53877.326955,61872.807019,61872.807079,783.2000896075949,0.0,53877.326955,6050.756753300638,114.95994759999998,102.50615466666667,86.94758422344192,1.2768129297211384,31,64,,False,True,,298,56.69694568066818
27,2026-09-19T05:45:33.988+00:00,2026-09-19T05:46:30.089+00:00,2026-09-19T05:46:32.803+00:00,True,28,28.0,,28.0,56101.48087,58815.22935,58815.229283,2100.5439029642857,45.866012000000005,56101.48087,10583.203672421729,115.21366474999999,100.50920296296297,18.036283820858188,0.4760671735780624,31,64,,False,True,,107,56.69694568066818
28,2026-09-19T05:45:34.462+00:00,2026-09-19T05:46:32.909+00:00,2026-09-19T05:46:40.809+00:00,True,79,79.0,,79.0,58446.581371,66347.27308300001,66347.273108,839.8389001012658,0.0,58446.581371,6565.519136628484,116.0394886,101.29091938461539,124.27025355811392,1.1907045509040215,31,64,,False,True,,385,56.69694568066818
29,2026-09-19T05:45:34.968+00:00,2026-09-19T05:46:35.462+00:00,2026-09-19T05:46:39.360+00:00,True,40,40.0,,40.0,60494.500358000005,64392.080134,64392.080075000005,1609.802001875,0.0,60494.500358000005,9550.861345413798,766.81990045,99.93794297435898,179.44028774177468,0.6211944064667573,31,64,,False,True,,191,56.69694568066818
30,2026-09-19T05:45:35.346+00:00,2026-09-19T05:46:37.700+00:00,2026-09-19T05:46:38.357+00:00,True,8,8.0,,8.0,62354.768628,63011.60498,63011.604887999994,7876.450610999999,72.86769899999999,62354.768628,22012.56741044588,40567.506261899995,93.83376457142857,11.95657235388703,0.12696074005001484,31,64,,False,True,,26,56.69694568066818
31,2026-09-19T05:45:35.834+00:00,2026-09-19T05:46:40.333+00:00,2026-09-19T05:46:44.647+00:00,True,45,45.0,,45.0,64499.41442,68813.158804,68813.15885,1529.1813077777779,43.989957000000004,64499.41442,9600.410598217239,114.17023219999999,98.03964509090909,20.057179890264816,0.6539446928773195,31,64,,False,True,,181,56.69694568066818
32,2026-09-19T05:45:36.387+00:00,2026-09-19T05:46:43.251+00:00,2026-09-19T05:46:44.970+00:00,True,19,19.0,,19.0,66864.635033,68583.224985,68583.225051,3609.643423736842,44.054917,66864.635033,15317.91028126755,6790.1246213,95.47721955555555,22.01590951990406,0.2770356746005388,31,64,,False,True,,71,56.69694568066818
33,2026-09-19T05:45:36.854+00:00,2026-09-19T05:46:45.183+00:00,2026-09-19T05:46:48.882+00:00,True,39,39.0,,39.0,68328.568641,72027.895617,72027.89575200001,1846.869121846154,47.742298000000005,68328.568641,10925.75210947268,112.8843609,97.35070989473684,17.179419818518348,0.5414568850848842,31,64,,False,True,,176,56.69694568066818
34,2026-09-19T05:45:37.286+00:00,2026-09-19T05:46:47.668+00:00,2026-09-19T05:46:47.668+00:00,True,1,1.0,,1.0,70381.987486,70381.987486,70381.987486,70381.987486,70381.987486,70381.987486,nan,70381.987486,nan,nan,0.014208180753618453,31,64,,False,True,,3,56.69694568066818
35,2026-09-19T05:45:37.688+00:00,2026-09-19T05:46:49.846+00:00,2026-09-19T05:46:58.152+00:00,True,84,84.0,,84.0,72158.46745200001,80464.03878000002,80464.03877600002,957.9052235238097,0.0,72158.46745200001,7863.430702721063,116.8832255,100.06712443373493,139.04744332190222,1.0439446151798046,31,64,,False,True,,356,56.69694568066818
36,2026-09-19T05:45:38.182+00:00,2026-09-19T05:46:52.454+00:00,2026-09-19T05:47:02.464+00:00,True,99,99.0,,99.0,74271.950256,84282.267056,84282.266871,851.3360289999999,0.01645,74271.950256,7454.747015036212,114.4107179,102.14608979591836,77.74002696806772,1.1746243125403952,31,64,,False,True,,430,56.69694568066818
37,2026-09-19T05:45:38.545+00:00,2026-09-19T05:46:54.398+00:00,2026-09-19T05:47:01.194+00:00,True,68,68.0,,68.0,75853.00658,82648.989172,82648.989186,1215.4263115588235,0.01657,75853.00658,9186.77153022801,116.26597880000001,101.432576,100.71576235654379,0.8227565839732881,31,64,,False,True,,234,56.69694568066818
38,2026-09-19T05:45:39.047+00:00,2026-09-19T05:46:57.234+00:00,2026-09-19T05:47:05.002+00:00,True,79,79.0,,79.0,78186.76893600001,85955.278632,85955.278722,1088.0415028101268,0.0,78186.76893600001,8786.466286015671,114.4694239,99.59627815384616,131.60169536846917,0.919082588728755,31,64,,False,True,,278,56.69694568066818
39,2026-09-19T05:45:39.603+00:00,2026-09-19T05:47:00.874+00:00,2026-09-19T05:47:07.282+00:00,True,67,67.0,,67.0,81270.96014200001,87678.771726,87678.77174000001,1308.6383841791046,0.0,81270.96014200001,9917.973963740038,112.09502700000002,97.08805430303029,142.41974007127087,0.7641530404802879,31,64,,False,True,,305,56.69694568066818
40,2026-09-19T05:45:40.093+00:00,2026-09-19T05:47:04.852+00:00,2026-09-19T05:47:05.150+00:00,True,15,15.0,,15.0,84759.566561,85057.261537,85057.261582,5670.484105466667,0.0,84759.566561,21879.36670032889,25499.8155266,21.26392685714286,38.24714564646731,0.1763517861843575,31,64,,False,True,,42,56.69694568066818
41,2026-09-19T05:45:40.587+00:00,2026-09-19T05:47:06.710+00:00,2026-09-19T05:47:13.803+00:00,True,73,73.0,,73.0,86122.423176,93215.39828,93215.398085,1276.9232614383561,43.058538999999996,86122.423176,10068.350161928967,111.46592260000001,98.5135431111111,16.350537579822195,0.7831324153196549,31,64,,False,True,,356,56.69694568066818
42,2026-09-19T05:45:41.155+00:00,2026-09-19T05:47:09.865+00:00,2026-09-19T05:47:10.386+00:00,True,6,6.0,,6.0,88710.006016,89231.410944,89231.410823,14871.901803833332,100.699394,88710.006016,36173.13592731399,66560.0372475,104.2809856,3.6641001856276803,0.06724089573979156,31,64,,False,True,,30,56.69694568066818
43,2026-09-19T05:45:41.751+00:00,2026-09-19T05:47:13.035+00:00,2026-09-19T05:47:22.033+00:00,True,94,94.0,,94.0,91283.794507,100282.095947,100282.095875,1066.830807180851,0.0,91283.794507,9406.686637087134,114.8993306,96.7559294623656,166.72434910039848,0.9373557573994052,31,64,,False,True,,466,56.69694568066818
44,2026-09-19T05:45:42.413+00:00,2026-09-19T05:47:17.532+00:00,2026-09-19T05:47:20.669+00:00,True,41,41.0,,41.0,95118.609279,98255.837311,98255.837308,2396.4838367804878,0.0,95118.609279,14844.212300299707,183.92514799999998,78.4307008,208.6705342933319,0.4172780073129553,31,64,,False,True,,174,56.69694568066818
45,2026-09-19T05:45:42.941+00:00,2026-09-19T05:47:20.399+00:00,2026-09-19T05:47:29.394+00:00,True,98,98.0,,98.0,97457.710442,106452.59965799999,106452.599669,1086.2510170306123,0.0,97457.710442,9835.39083922637,112.61258220000002,92.7308166597938,29.114327675291687,0.9205975271138925,31,64,,False,True,,196,56.69694568066818
46,2026-09-19T05:45:43.447+00:00,2026-09-19T05:47:22.138+00:00,2026-09-19T05:47:28.538+00:00,True,66,66.0,,66.0,98690.948351,105091.304703,105091.304745,1592.2924961363635,46.94385,98690.948351,12135.911211250082,112.04987500000001,98.4670208,19.6634818005966,0.628025317475347,31,64,,False,True,,220,56.69694568066818
47,2026-09-19T05:45:43.830+00:00,2026-09-19T05:47:24.582+00:00,2026-09-19T05:47:25.707+00:00,True,12,12.0,,12.0,100751.348261,101876.89014900001,101876.89037000001,8489.740864166668,50.796051,100751.348261,29054.87629482537,45403.21612005,102.32198981818182,18.046424373990135,0.11778922562761195,31,64,,False,True,,57,56.69694568066818
48,2026-09-19T05:45:44.208+00:00,2026-09-19T05:47:26.565+00:00,2026-09-19T05:47:34.672+00:00,True,84,84.0,,84.0,102356.35239900001,110463.77972700002,110463.779563,1315.0449947976192,45.649743,102356.35239900001,11157.348757066971,111.5131633,97.6798473253012,17.046773924209457,0.7604302533155886,31,64,,True,True,,312,56.69694568066818
49,2026-09-19T05:45:44.618+00:00,2026-09-19T05:47:28.946+00:00,2026-09-19T05:47:31.153+00:00,True,24,24.0,,24.0,104327.65857700001,106534.73544100001,106534.73562300002,4438.947317625,44.403766000000005,104327.65857700001,21276.21483925642,108.79428815,95.95986365217391,19.37116472903484,0.22527863706285203,31,64,,True,True,,62,56.69694568066818
50,2026-09-19T05:45:45.251+00:00,2026-09-19T05:47:32.476+00:00,2026-09-19T05:47:36.240+00:00,True,39,39.0,,39.0,107225.000445,110988.545021,110988.545042,2845.8601292820513,45.103894,107225.000445,17153.891371491813,112.44232050000001,99.0406467368421,18.008896585926056,0.3513876138534915,31,64,,True,True,,188,56.69694568066818
51,2026-09-19T05:45:45.907+00:00,2026-09-19T05:47:35.819+00:00,2026-09-19T05:47:41.225+00:00,True,58,58.0,,58.0,109911.376595,115317.508307,115317.508305,1988.2329018103446,45.820432000000004,109911.376595,14419.633463652166,113.38032855000002,94.844416,21.91039414141339,0.5029591850492601,31,64,,True,True,,194,56.69694568066818
52,2026-09-19T05:45:46.460+00:00,2026-09-19T05:47:38.589+00:00,2026-09-19T05:47:45.011+00:00,True,67,67.0,,67.0,112129.036904,118551.191144,118551.191186,1769.4207639701492,46.269071000000004,112129.036904,13686.869797538937,113.3436283,97.30536727272727,20.692869924713417,0.5651567002698221,31,64,,True,True,,324,56.69694568066818
53,2026-09-19T05:45:46.826+00:00,2026-09-19T05:47:40.743+00:00,2026-09-19T05:47:47.480+00:00,True,67,67.0,,67.0,113916.763483,120653.886043,120653.885961,1800.8042680746269,46.71007,113916.763483,13904.682241561299,111.17534830000001,102.07761454545455,12.24411927954637,0.5553074351548178,31,64,,True,True,,188,56.69694568066818
54,2026-09-19T05:45:47.306+00:00,2026-09-19T05:47:43.442+00:00,2026-09-19T05:47:44.077+00:00,True,7,7.0,,7.0,116135.692001,116771.097825,116771.09784,16681.585405714286,102.735478,116135.692001,43855.138846131485,81327.1742948,105.90097066666667,1.683485194231855,0.059946340578989926,31,64,,True,True,,19,56.69694568066818
55,2026-09-19T05:45:47.760+00:00,2026-09-19T05:47:45.743+00:00,2026-09-19T05:47:48.329+00:00,True,26,26.0,,26.0,117983.44925599999,120569.396136,120569.396201,4637.284469269231,94.031798,117983.44925599999,23118.172684230278,112.4148775,103.43787520000001,4.617534322434286,0.21564344546167,31,64,,True,True,,122,56.69694568066818
56,2026-09-19T05:45:48.314+00:00,2026-09-19T05:47:48.692+00:00,2026-09-19T05:47:57.011+00:00,True,86,86.0,,86.0,120377.717247,128696.540159,128696.54037399999,1496.4713996976743,46.3212,120377.717247,12970.120560840382,111.14020000000001,97.86850484705882,16.92326342603466,0.6682386324741136,31,64,,True,True,,214,56.69694568066818
57,2026-09-19T05:45:48.887+00:00,2026-09-19T05:47:52.175+00:00,2026-09-19T05:48:00.051+00:00,True,81,81.0,,81.0,123288.287381,131164.465557,131164.465732,1619.3143917530865,43.947404999999996,123288.287381,13687.768629236838,110.66880799999998,98.45222720000001,15.942196468677142,0.6175453058572478,31,64,,True,True,,384,56.69694568066818
58,2026-09-19T05:45:49.453+00:00,2026-09-19T05:47:54.558+00:00,2026-09-19T05:47:59.218+00:00,True,49,49.0,,49.0,125104.720057,129764.674233,129764.674239,2648.2586579387753,44.151925999999996,125104.720057,17858.24393230344,112.363488,97.08237866666667,19.07805807545637,0.37760661974936,31,64,,True,True,,178,56.69694568066818
59,2026-09-19T05:45:49.823+00:00,2026-09-19T05:47:56.195+00:00,2026-09-19T05:48:01.408+00:00,True,53,53.0,,53.0,126372.490654,131584.651422,131584.651472,2482.7292730566037,45.874430999999994,126372.490654,17344.835370153494,112.41854,100.23386092307693,15.696825056863963,0.402782539051806,31,64,,True,True,,168,56.69694568066818
60,2026-09-19T05:45:50.331+00:00,2026-09-19T05:47:59.532+00:00,2026-09-19T05:48:07.511+00:00,True,81,81.0,,81.0,129201.271262,137180.147678,137180.147573,1693.5820688024692,47.467618,129201.271262,14344.624418498039,112.876474,99.7359552,16.511661229008027,0.5904644467224919,31,64,,True,True,,465,56.69694568066818
61,2026-09-19T05:45:50.811+00:00,2026-09-19T05:48:02.068+00:00,2026-09-19T05:48:03.065+00:00,True,11,11.0,,11.0,131257.462965,132253.982133,132253.982163,12023.089287545456,53.139274,131257.462965,39545.571144020396,65683.988497,99.6519168,16.72720172553998,0.0831732990008418,31,64,,True,True,,53,56.69694568066818
62,2026-09-19T05:45:51.407+00:00,2026-09-19T05:48:05.018+00:00,2026-09-19T05:48:08.518+00:00,True,36,36.0,,36.0,133610.967703,137110.975383,137110.975363,3808.638204527778,45.847992,133610.967703,22251.835288652033,113.73950925,100.00021942857143,18.38073038281613,0.26256103787052143,31,64,,True,True,,156,56.69694568066818
63,2026-09-19T05:45:52.243+00:00,2026-09-19T05:48:08.625+00:00,2026-09-19T05:48:09.835+00:00,True,13,13.0,,13.0,136381.853608,137591.867816,137591.867733,10583.989825615385,48.967695,136381.853608,37797.55737976681,54618.7238878,100.83451733333332,16.651401264599258,0.09448232810811716,31,64,,True,True,,61,56.69694568066818
64,2026-09-19T05:45:52.293+00:00,2026-09-19T05:48:10.052+00:00,2026-09-19T05:48:18.019+00:00,True,80,80.0,,80.0,137758.786698,145725.614986,145725.614952,1821.5701869000002,49.083813,137758.786698,15390.632871796892,111.32687989999998,100.84592769620254,14.99418339704048,0.548976924939968,31,64,,True,True,,285,56.69694568066818
65,2026-09-19T05:45:52.844+00:00,2026-09-19T05:48:12.680+00:00,2026-09-19T05:48:19.360+00:00,True,67,67.0,,67.0,139835.73671700002,146515.35450900003,146515.35440100002,2186.796334343284,46.802288999999995,139835.73671700002,17071.29697940282,113.91397390000002,101.20633018181819,15.627408860555457,0.4572899558857115,31,64,,True,True,,329,56.69694568066818
66,2026-09-19T05:45:53.329+00:00,2026-09-19T05:48:15.582+00:00,2026-09-19T05:48:22.684+00:00,True,71,71.0,,71.0,142252.791196,149355.04502000002,149355.045103,2103.592184549296,48.133437,142252.791196,16870.265699793767,113.2449025,101.46076891428572,14.957484631228827,0.47537731310309905,31,64,,True,True,,264,56.69694568066818
67,2026-09-19T05:45:53.764+00:00,2026-09-19T05:48:18.182+00:00,2026-09-19T05:48:22.898+00:00,True,47,47.0,,47.0,144417.856574,149133.693758,149133.693803,3173.057314957447,51.762288,144417.856574,21050.558665340865,111.354327,102.5181996521739,11.47666141139081,0.3151534627464343,31,64,,True,True,,231,56.69694568066818
68,2026-09-19T05:45:54.289+00:00,2026-09-19T05:48:21.132+00:00,2026-09-19T05:48:28.062+00:00,True,72,72.0,,72.0,146842.832864,153772.92412799998,153772.923996,2135.7350555,45.895152,146842.832864,17294.10160959996,113.96214505,97.60691921126761,19.537629011165055,0.46822287088764397,31,64,,True,True,,257,56.69694568066818
69,2026-09-19T05:45:54.669+00:00,2026-09-19T05:48:22.945+00:00,2026-09-19T05:48:24.773+00:00,True,22,22.0,,22.0,148276.199479,150104.259383,150104.25950400002,6822.920886545455,46.156741000000004,148276.199479,31594.043233774846,108.54844064999999,87.05047161904761,26.40731741818828,0.1465647949660488,31,64,,True,True,,103,56.69694568066818
70,2026-09-19T05:45:55.070+00:00,2026-09-19T05:48:25.456+00:00,2026-09-19T05:48:32.237+00:00,True,69,69.0,,69.0,150386.49018599998,157167.536714,157167.536611,2277.790385666666,45.137783999999996,150386.49018599998,18092.40938533172,114.1449566,99.72127247058823,17.67015173433611,0.4390219598946841,31,64,,True,True,,231,56.69694568066818
71,2026-09-19T05:45:55.442+00:00,2026-09-19T05:48:27.417+00:00,2026-09-19T05:48:28.897+00:00,True,16,16.0,,16.0,151974.278687,153454.222879,153454.222955,9590.8889346875,53.003025,151974.278687,37968.90842924265,38079.620156000004,98.66294613333334,19.124526705156683,0.10426562201951353,31,64,,True,True,,72,56.69694568066818
72,2026-09-19T05:45:56.101+00:00,2026-09-19T05:48:31.022+00:00,2026-09-19T05:48:33.943+00:00,True,29,29.0,,29.0,154920.438494,157841.954014,157841.95396800002,5442.825998896552,53.347925000000004,154920.438494,28748.629788242757,113.78002140000001,104.33984,10.901569298431637,0.18372808535700091,31,64,,True,True,,91,56.69694568066818
73,2026-09-19T05:45:56.763+00:00,2026-09-19T05:48:34.257+00:00,2026-09-19T05:48:43.883+00:00,True,96,96.0,,96.0,157494.342129,167120.26059299998,167120.260787,1740.8360498645834,45.094364,157494.342129,16063.866386603198,114.64346249999998,101.32545751578948,16.989851829732878,0.5744366341900083,31,64,,True,True,,460,56.69694568066818
74,2026-09-19T05:45:57.128+00:00,2026-09-19T05:48:36.105+00:00,2026-09-19T05:48:43.372+00:00,True,72,72.0,,72.0,158977.224037,166244.061797,166244.062031,2308.945305986111,47.511027,158977.224037,18723.590274668448,113.86991454999999,102.3498276056338,16.058564929795775,0.4330981763903178,31,64,,True,True,,349,56.69694568066818
75,2026-09-19T05:45:57.704+00:00,2026-09-19T05:48:39.719+00:00,2026-09-19T05:48:45.074+00:00,True,53,53.0,,53.0,162015.300217,167369.562489,167369.56245,3157.9162726415097,47.716139000000005,162015.300217,22240.372488514462,112.76620319999998,102.96658215384616,11.722754729294873,0.31666450704549887,31,64,,True,True,,220,56.69694568066818
76,2026-09-19T05:45:58.109+00:00,2026-09-19T05:48:41.642+00:00,2026-09-19T05:48:42.381+00:00,True,8,8.0,,8.0,163533.757874,164272.226738,164272.226777,20534.028347125,98.065389,163533.757874,57780.61636060629,106335.41287230002,105.495552,3.6693643498844137,0.048699650323479865,31,64,,True,True,,42,56.69694568066818
77,2026-09-19T05:45:58.495+00:00,2026-09-19T05:48:43.476+00:00,2026-09-19T05:48:51.999+00:00,True,87,87.0,,87.0,164981.00693099998,173503.47502699998,173503.474891,1994.2928148390802,46.495121,164981.00693099998,17677.203316087947,110.8503693,99.09846623255815,16.084554753723015,0.5014308790441309,31,64,,True,True,,346,56.69694568066818
78,2026-09-19T05:45:59.127+00:00,2026-09-19T05:48:47.355+00:00,2026-09-19T05:48:52.205+00:00,True,49,49.0,,49.0,168227.51716999998,173077.14635399997,173077.14626999997,3532.1866585714283,47.691558,168227.51716999998,24018.072585626032,109.93207480000001,101.03394133333333,13.201854958306205,0.2831107458854146,31,64,,True,True,,176,56.69694568066818
79,2026-09-19T05:45:59.770+00:00,2026-09-19T05:48:50.738+00:00,2026-09-19T05:48:56.499+00:00,True,58,58.0,,58.0,170968.429416,176729.054568,176729.054603,3047.0526655689655,48.919904,170968.429416,22435.988879744433,110.6152492,101.06359915789473,14.466786807911992,0.3281859914985476,31,64,,True,True,,337,56.69694568066818
80,2026-09-19T05:46:00.207+00:00,2026-09-19T05:48:53.159+00:00,2026-09-19T05:48:58.989+00:00,True,60,60.0,,60.0,172951.832009,178781.75277700002,178781.75262400002,2979.695877066667,47.844747000000005,172951.832009,22315.23623981637,111.665378,98.81221640677965,18.254186981171426,0.335604719542267,31,64,,True,True,,287,56.69694568066818
81,2026-09-19T05:46:00.718+00:00,2026-09-19T05:48:55.504+00:00,2026-09-19T05:48:56.502+00:00,True,12,12.0,,12.0,174785.63333399998,175783.982134,175783.98230399998,14648.665191999999,45.251583,174785.63333399998,50430.07309021397,78714.4734658,90.75898181818181,27.321214896309858,0.06826560562755035,31,64,,True,True,,42,56.69694568066818
82,2026-09-19T05:46:01.366+00:00,2026-09-19T05:48:59.294+00:00,2026-09-19T05:49:06.645+00:00,True,74,74.0,,74.0,177928.83446399999,185279.632544,185279.632621,2503.7788192027024,47.579997999999996,177928.83446399999,20672.10697585481,111.47212230000001,100.69586410958904,15.540734287893635,0.3993963016006445,31,64,,True,True,,326,56.69694568066818
83,2026-09-19T05:46:01.948+00:00,2026-09-19T05:49:02.517+00:00,2026-09-19T05:49:03.465+00:00,True,10,10.0,,10.0,180569.703909,181516.917989,181516.918,18151.6918,100.753652,180569.703909,57067.87246878508,99363.42047505,105.2460088888889,3.6186265661290764,0.05509128356072024,31,64,,True,True,,35,56.69694568066818
84,2026-09-19T05:46:02.516+00:00,2026-09-19T05:49:06.112+00:00,2026-09-19T05:49:12.149+00:00,True,61,61.0,,61.0,183596.479093,189633.416821,189633.41666,3108.7445354098363,47.481828,183596.479093,23494.244998504506,113.24344300000001,100.6156288,18.49652768738803,0.32167326319695816,31,64,,True,True,,207,56.69694568066818
85,2026-09-19T05:46:03.134+00:00,2026-09-19T05:49:08.856+00:00,2026-09-19T05:49:10.567+00:00,True,18,18.0,,18.0,185721.651908,187432.602308,187432.602353,10412.922352944444,50.921459999999996,185721.651908,43751.29468116863,27953.9083213,100.6441411764706,18.229227919376715,0.09603452002667799,31,64,,True,True,,52,56.69694568066818
86,2026-09-19T05:46:03.544+00:00,2026-09-19T05:49:11.155+00:00,2026-09-19T05:49:13.601+00:00,True,25,25.0,,25.0,187611.059944,190057.147624,190057.14771800002,7602.28590872,55.27688,187611.059944,37501.82943479037,110.99246780000001,101.92032,10.873853061018204,0.13153938335146861,31,64,,True,True,,114,56.69694568066818
87,2026-09-19T05:46:03.938+00:00,2026-09-19T05:49:13.186+00:00,2026-09-19T05:49:14.822+00:00,True,18,18.0,,18.0,189248.585792,190883.71616,190883.716185,10604.650899166667,51.436758999999995,189248.585792,44583.65333629986,28484.45624015,96.18413929411764,21.1192417593373,0.0942982479705722,31,64,,True,True,,65,56.69694568066818
88,2026-09-19T05:46:04.592+00:00,2026-09-19T05:49:16.916+00:00,2026-09-19T05:49:20.807+00:00,True,41,41.0,,41.0,192324.16401100002,196214.417579,196214.41762000002,4785.71750292683,44.555955000000004,192324.16401100002,30020.806131387144,111.35881799999999,97.2563392,20.499874908840514,0.20895508345350078,31,64,,True,True,,171,56.69694568066818
89,2026-09-19T05:46:05.007+00:00,2026-09-19T05:49:19.033+00:00,2026-09-19T05:49:21.747+00:00,True,29,29.0,,29.0,194025.62067899999,196739.486663,196739.486655,6784.120229482758,43.131738,194025.62067899999,36011.66038011757,112.52779179999999,96.92378514285716,20.13533794796193,0.14740304801991697,31,64,,True,True,,144,56.69694568066818
90,2026-09-19T05:46:05.476+00:00,2026-09-19T05:49:21.851+00:00,2026-09-19T05:49:27.836+00:00,True,59,59.0,,59.0,196375.359121,202360.045457,202360.04536999998,3429.831277457627,49.619902,196375.359121,25552.463896935467,113.06419369999999,103.18424717241379,12.88787878397191,0.291559531263977,31,64,,True,True,,287,56.69694568066818
91,2026-09-19T05:46:06.033+00:00,2026-09-19T05:49:25.014+00:00,2026-09-19T05:49:33.638+00:00,True,84,84.0,,84.0,198980.929497,207604.638681,207604.638899,2471.483796416667,47.500599,198980.929497,21699.267640805105,115.59263580000001,103.90011065060241,14.454906570371431,0.4046152366039964,31,64,,True,True,,404,56.69694568066818
92,2026-09-19T05:46:06.504+00:00,2026-09-19T05:49:27.519+00:00,2026-09-19T05:49:30.230+00:00,True,27,27.0,,27.0,201014.790171,203725.942811,203725.942693,7545.405284925926,51.05982,201014.790171,38665.24838706716,114.0157742,104.27510153846154,11.80700955644562,0.13253098563420743,31,64,,True,True,,134,56.69694568066818
93,2026-09-19T05:46:07.352+00:00,2026-09-19T05:49:31.835+00:00,2026-09-19T05:49:37.340+00:00,True,53,53.0,,53.0,204482.747053,209988.106413,209988.106231,3962.0397402075473,49.344374,204482.747053,28073.325308309824,113.76848259999998,105.8722953846154,12.042077792999546,0.2523952470706163,31,64,,True,True,,203,56.69694568066818
94,2026-09-19T05:46:07.554+00:00,2026-09-19T05:49:33.741+00:00,2026-09-19T05:49:36.020+00:00,True,22,22.0,,22.0,206187.318278,208465.83552599998,208465.835478,9475.719794454544,102.169249,206187.318278,43936.15166257804,114.1308715,108.50082133333333,3.7769649327810995,0.10553287997762179,31,64,,True,True,,98,56.69694568066818
95,2026-09-19T05:46:07.952+00:00,2026-09-19T05:49:36.020+00:00,2026-09-19T05:49:45.004+00:00,True,93,93.0,,93.0,208068.457704,217052.220648,217052.220673,2333.8948459462367,47.289968,208068.457704,21565.57619010461,112.1899096,97.6495972173913,18.67502358975053,0.4284683184643425,31,64,,True,True,,321,56.69694568066818
96,2026-09-19T05:46:08.435+00:00,2026-09-19T05:49:38.885+00:00,2026-09-19T05:49:47.964+00:00,True,95,95.0,,95.0,210449.97753799998,219528.97657799997,219528.97657399997,2310.8313323578946,46.402413,210449.97753799998,21581.81242411047,112.1694207,96.58509617021276,20.60417006519499,0.432744694941198,31,64,,True,True,,441,56.69694568066818
97,2026-09-19T05:46:08.999+00:00,2026-09-19T05:49:41.773+00:00,2026-09-19T05:49:50.944+00:00,True,96,96.0,,96.0,212774.409811,221945.56040299998,221945.560394,2311.9329207708333,42.950291,212774.409811,21706.35453213379,112.29271424999999,96.53842728421053,21.133041392974697,0.43253850099856467,31,64,,True,True,,458,56.69694568066818
98,2026-09-19T05:46:09.639+00:00,2026-09-19T05:49:45.002+00:00,2026-09-19T05:49:45.882+00:00,True,10,10.0,,10.0,215362.69956799998,216242.686256,216242.68637199997,21624.2686372,50.205655,215362.69956799998,68072.74805465866,118498.96554155,97.77629866666668,18.652290962812263,0.04624433858614506,31,64,,True,True,,68,56.69694568066818
99,2026-09-19T05:46:10.269+00:00,2026-09-19T05:49:48.264+00:00,2026-09-19T05:49:48.530+00:00,True,4,4.0,,4.0,217994.998524,218261.768444,218261.76841,54565.4421025,54.310265,217994.998524,108953.04037140125,185311.9263087,88.92330666666668,30.019439803537797,0.0183266177513186,31,64,,True,True,,13,56.69694568066818
100,2026-09-19T05:46:10.819+00:00,2026-09-19T05:49:50.946+00:00,2026-09-19T05:49:55.437+00:00,True,47,47.0,,47.0,220126.31343200002,224617.28124,224617.28137300003,4779.091093042553,49.287057,220126.31343200002,32094.486427260475,111.3139483,97.62973495652173,16.896378467106544,0.20924480850510002,31,64,,True,True,,202,56.69694568066818
101,2026-09-19T05:46:11.288+00:00,2026-09-19T05:49:53.703+00:00,2026-09-19T05:49:57.499+00:00,True,39,39.0,,39.0,222414.64131600002,226211.15690000003,226211.15673500003,5800.286070128206,45.598545,222414.64131600002,35598.8521084008,110.28853200000002,99.90830484210527,17.82857714856275,0.17240528952884726,31,64,,True,True,,164,56.69694568066818
102,2026-09-19T05:46:11.702+00:00,2026-09-19T05:49:55.963+00:00,2026-09-19T05:49:56.073+00:00,True,2,2.0,,2.0,224260.868617,224371.305225,224371.305233,112185.6526165,110.436616,224260.868617,158498.2904738012,213053.34701695,110.436608,nan,0.008913795808222429,31,64,,True,True,,5,56.69694568066818
103,2026-09-19T05:46:12.110+00:00,2026-09-19T05:49:58.019+00:00,2026-09-19T05:50:04.729+00:00,True,69,69.0,,69.0,225909.096683,232619.094763,232619.094703,3371.2912275797103,44.891746,225909.096683,27184.387005924953,112.97022820000001,98.67644235294117,19.554278101803767,0.2966222530884641,31,64,,True,True,,385,56.69694568066818
104,2026-09-19T05:46:12.659+00:00,2026-09-19T05:50:01.526+00:00,2026-09-19T05:50:08.016+00:00,True,70,70.0,,70.0,228867.28223699998,235357.134141,235357.134164,3362.2447737714283,45.291256000000004,228867.28223699998,27343.639500837264,110.89922289999998,94.05582469565218,22.316861067072516,0.2974203448537223,31,64,,True,True,,307,56.69694568066818
105,2026-09-19T05:46:13.202+00:00,2026-09-19T05:50:04.215+00:00,2026-09-19T05:50:11.298+00:00,True,76,76.0,,76.0,231012.61283199998,238095.432416,238095.432504,3132.834638210526,45.090696,231012.61283199998,26488.139354960564,111.6317095,94.43759445333333,20.773172035145986,0.31919973948602637,31,64,,True,True,,339,56.69694568066818
106,2026-09-19T05:46:13.868+00:00,2026-09-19T05:50:08.625+00:00,2026-09-19T05:50:10.871+00:00,True,25,25.0,,25.0,234756.60144,237002.770528,237002.770687,9480.11082748,44.130948,234756.60144,46932.60714173533,111.6228046,93.59037866666667,21.97616711108171,0.10548399896045287,31,64,,True,True,,139,56.69694568066818
107,2026-09-19T05:46:14.411+00:00,2026-09-19T05:50:11.185+00:00,2026-09-19T05:50:14.625+00:00,True,33,33.0,,33.0,236773.769729,240214.171393,240214.17155,7279.21731969697,96.60234799999999,236773.769729,41198.30750534209,114.759866,107.512552,4.25651380878711,0.13737740703903217,31,64,,True,True,,102,56.69694568066818
108,2026-09-19T05:46:14.992+00:00,2026-09-19T05:50:14.411+00:00,2026-09-19T05:50:21.128+00:00,True,70,70.0,,70.0,239418.699975,246135.890375,246135.89046999998,3516.227006714286,44.061718,239418.699975,28604.379946317033,115.52385735,97.35058550724638,20.983575187597538,0.2843957453476273,31,64,,True,True,,254,56.69694568066818
109,2026-09-19T05:46:15.547+00:00,2026-09-19T05:50:17.819+00:00,2026-09-19T05:50:20.052+00:00,True,24,24.0,,24.0,242271.729522,244504.81957000002,244504.8195,10187.700812500001,47.924468999999995,242271.729522,49433.69608336094,113.38543875,97.0908716521739,22.668272699566547,0.09815757432596935,31,64,,True,True,,112,56.69694568066818
110,2026-09-19T05:46:16.189+00:00,2026-09-19T05:50:21.334+00:00,2026-09-19T05:50:30.406+00:00,True,94,94.0,,94.0,245145.575301,254217.13293300002,254217.132885,2704.4375838829787,39.41385,245145.575301,25274.78095101685,110.48501949999999,97.5436304516129,17.983580165051848,0.36976264705484696,31,64,,True,True,,450,56.69694568066818
111,2026-09-19T05:46:16.717+00:00,2026-09-19T05:50:23.677+00:00,2026-09-19T05:50:25.193+00:00,True,17,17.0,,17.0,246960.032879,248475.077231,248475.077371,14616.18102182353,45.421166,246960.032879,59873.64272784245,49477.756691,94.690272,18.086287504801362,0.06841732454396461,31,64,,True,True,,63,56.69694568066818
112,2026-09-19T05:46:17.130+00:00,2026-09-19T05:50:26.013+00:00,2026-09-19T05:50:27.059+00:00,True,13,13.0,,13.0,248883.469781,249929.366485,249929.366243,19225.335864846154,47.314330999999996,248883.469781,69003.68686035482,99621.36323779999,87.15805866666668,28.4826780637343,0.052014695923218855,31,64,,True,True,,76,56.69694568066818
113,2026-09-19T05:46:17.710+00:00,2026-09-19T05:50:29.252+00:00,2026-09-19T05:50:32.483+00:00,True,32,32.0,,32.0,251541.85521500002,254772.567791,254772.56768700003,7961.642740218751,94.13256299999999,251541.85521500002,44448.31502956922,111.5433278,104.21653470967742,4.176427518568521,0.12560221956961576,31,64,,True,True,,163,56.69694568066818
114,2026-09-19T05:46:18.070+00:00,2026-09-19T05:50:31.134+00:00,2026-09-19T05:50:35.956+00:00,True,49,49.0,,49.0,253063.846921,257886.242569,257886.242607,5262.984543,44.671077,253063.846921,36137.628566069056,109.3028082,100.466576,14.382938274089842,0.19000625823182316,31,64,,True,True,,178,56.69694568066818
115,2026-09-19T05:46:18.586+00:00,2026-09-19T05:50:33.235+00:00,2026-09-19T05:50:42.099+00:00,True,90,90.0,,90.0,254649.083105,263512.751841,263512.751896,2927.919465511111,45.393646000000004,254649.083105,26831.879038074243,113.11134444999999,99.5917835505618,19.08486842250403,0.3415394487410035,31,64,,True,True,,486,56.69694568066818
116,2026-09-19T05:46:19.146+00:00,2026-09-19T05:50:36.639+00:00,2026-09-19T05:50:38.844+00:00,True,23,23.0,,23.0,257492.46973399998,259698.11888599998,259698.118875,11291.222559782607,44.377308,257492.46973399998,53669.99059868892,117.4906697,100.25677963636365,21.554556526747735,0.08856436888592305,31,64,,True,True,,93,56.69694568066818
117,2026-09-19T05:46:19.716+00:00,2026-09-19T05:50:39.324+00:00,2026-09-19T05:50:42.518+00:00,True,33,33.0,,33.0,259607.599489,262801.631617,262801.631705,7963.685809242424,44.935546,259607.599489,45174.511043280305,114.2071258,99.813504,19.211072368898662,0.12556999664329827,31,64,,True,True,,106,56.69694568066818
118,2026-09-19T05:46:20.245+00:00,2026-09-19T05:50:42.727+00:00,2026-09-19T05:50:43.262+00:00,True,6,6.0,,6.0,262482.315553,263017.361441,263017.36148200004,43836.22691366667,101.596656,262482.315553,107114.27038594264,196889.88739,107.0091776,5.215999562130043,0.022812182310428655,31,64,,True,True,,25,56.69694568066818
119,2026-09-19T05:46:20.639+00:00,2026-09-19T05:50:44.404+00:00,2026-09-19T05:50:50.333+00:00,True,63,63.0,,63.0,263765.318322,269693.73893,269693.739038,4280.853000603174,44.124399,263765.318322,33219.26547172703,109.841823,95.61968722580644,19.973158429841387,0.23359830395006642,31,64,,True,True,,271,56.69694568066818
120,2026-09-19T05:46:21.197+00:00,2026-09-19T05:50:47.762+00:00,2026-09-19T05:50:49.787+00:00,True,23,23.0,,23.0,266564.442868,268590.29938000004,268590.299289,11677.83909952174,44.406098,266564.442868,55563.33236440745,110.2953414,92.08438690909091,23.322949593264177,0.08563228103580811,31,64,,True,True,,80,56.69694568066818
121,2026-09-19T05:46:21.627+00:00,2026-09-19T05:50:50.001+00:00,2026-09-19T05:50:50.106+00:00,True,2,2.0,,2.0,268374.135551,268479.302655,268479.30289,134239.651445,105.16733900000001,268374.135551,189694.80660462356,254960.68714040003,105.167104,nan,0.007449363806527874,31,64,,True,True,,3,56.69694568066818
122,2026-09-19T05:46:22.765+00:00,2026-09-19T05:50:54.032+00:00,2026-09-19T05:51:03.836+00:00,True,99,99.0,,99.0,271266.666572,281070.607692,281070.60777400003,2839.0970482222224,43.437470999999995,271266.666572,27253.276535179455,111.775391,100.04021551020408,16.861442974219297,0.352224662738429,31,64,,True,True,,403,56.69694568066818
123,2026-09-19T05:46:22.771+00:00,2026-09-19T05:50:56.013+00:00,2026-09-19T05:51:03.620+00:00,True,77,77.0,,77.0,273242.68330800004,280849.11991600005,280849.12001400004,3647.3911690129876,44.562887,273242.68330800004,31127.492511287153,111.35377400000002,100.08469221052631,16.881532567799937,0.2741685643274586,31,64,,True,True,,269,56.69694568066818
124,2026-09-19T05:46:23.074+00:00,2026-09-19T05:50:57.920+00:00,2026-09-19T05:50:59.635+00:00,True,18,18.0,,18.0,274845.97569,276561.519242,276561.519193,15364.528844055556,43.66056,274845.97569,64758.033698632054,41323.186597500004,100.91432658823528,15.304450555926074,0.06508497656989451,31,64,,True,True,,69,56.69694568066818
125,2026-09-19T05:46:23.565+00:00,2026-09-19T05:51:00.610+00:00,2026-09-19T05:51:08.706+00:00,True,84,84.0,,84.0,277044.91187999997,285140.27239199996,285140.27238399995,3394.527052190476,45.187706,277044.91187999997,30217.442817739004,112.36376614999999,97.534464,20.115466965922188,0.2945918487603884,31,64,,True,True,,403,56.69694568066818
126,2026-09-19T05:46:24.168+00:00,2026-09-19T05:51:03.833+00:00,2026-09-19T05:51:10.366+00:00,True,69,69.0,,69.0,279665.46672799997,286198.21092,286198.21090699994,4147.800158072463,47.581500999999996,279665.46672799997,33656.20637201941,110.4583064,96.06976752941176,20.283535224699676,0.24109165385134895,31,64,,True,True,,388,56.69694568066818
127,2026-09-19T05:46:24.724+00:00,2026-09-19T05:51:06.534+00:00,2026-09-19T05:51:07.920+00:00,True,17,17.0,,17.0,281809.632017,283196.314641,283196.314635,16658.606743235294,48.165620000000004,281809.632017,68327.85999009927,56448.6148602,86.667664,26.29546149094438,0.06002902976174115,31,64,,True,True,,49,56.69694568066818
128,2026-09-19T05:46:25.269+00:00,2026-09-19T05:51:09.745+00:00,2026-09-19T05:51:17.517+00:00,True,79,79.0,,79.0,284476.085236,292248.42802,292248.428031,3699.347190265823,45.398726,284476.085236,31994.853377826093,112.11315880000001,99.6454203076923,16.50645949100651,0.2703179638475032,31,64,,True,True,,340,56.69694568066818
129,2026-09-19T05:46:25.801+00:00,2026-09-19T05:51:12.290+00:00,2026-09-19T05:51:13.025+00:00,True,9,9.0,,9.0,286488.66636900004,287223.70995300007,287223.70995200006,31913.745550222226,48.338659,286488.66636900004,95465.59843825482,171939.555239,91.880448,26.13911480915052,0.031334460520242975,31,64,,True,True,,28,56.69694568066818
130,2026-09-19T05:46:26.380+00:00,2026-09-19T05:51:15.732+00:00,2026-09-19T05:51:20.454+00:00,True,48,48.0,,48.0,289352.205839,294074.340111,294074.340023,6126.548750479166,46.791383,289352.205839,41749.89486772979,112.00860605,100.47094195744681,16.30428670854881,0.1632240336980171,31,64,,True,True,,193,56.69694568066818
131,2026-09-19T05:46:26.941+00:00,2026-09-19T05:51:18.528+00:00,2026-09-19T05:51:22.093+00:00,True,36,36.0,,36.0,291586.25491,295151.953982,295151.95401700004,8198.665389361111,47.812901,291586.25491,48580.731511598075,112.07704025,101.87711634285714,13.710796303186218,0.121971071220472,31,64,,True,True,,122,56.69694568066818
132,2026-09-19T05:46:27.529+00:00,2026-09-19T05:51:21.567+00:00,2026-09-19T05:51:21.567+00:00,True,1,1.0,,1.0,294038.119193,294038.119193,294038.119193,294038.119193,294038.119193,294038.119193,nan,294038.119193,nan,nan,0.003400919590781434,31,64,,True,True,,2,56.69694568066818
133,2026-09-19T05:46:28.038+00:00,2026-09-19T05:51:24.816+00:00,2026-09-19T05:51:28.093+00:00,False,34,33.0,,33.0,296777.482064,300054.20398399996,300054.20397499995,8825.12364632353,0.02094,296777.482064,50879.894338686274,112.28515175000001,99.29460363636365,22.78351744199908,0.10998012879619472,31,64,,True,False,Request timeout: 300.0s exceeded,163,56.69694568066818
134,2026-09-19T05:46:28.452+00:00,2026-09-19T05:51:27.039+00:00,2026-09-19T05:51:28.512+00:00,False,17,16.0,,16.0,298587.369191,300060.83504700003,300060.834941,17650.637349470588,0.040299999999999996,298587.369191,72395.74478712094,59805.878795,92.091616,30.614318825852173,0.053322520406549695,31,64,,True,False,Request timeout: 300.0s exceeded,44,56.69694568066818
135,2026-09-19T05:46:29.079+00:00,2026-09-19T05:51:29.278+00:00,2026-09-19T05:51:29.603+00:00,False,5,4.0,,4.0,300198.703867,300523.980283,300523.980171,60104.7960342,0.02361,300198.703867,134216.58295533495,240181.3850022,81.319104,54.27648753447187,0.013310085924701403,31,64,,True,False,Request timeout: 300.0s exceeded,22,56.69694568066818
136,2026-09-19T05:46:29.544+00:00,2026-09-19T05:51:29.622+00:00,2026-09-19T05:51:29.622+00:00,False,1,0.0,,0.0,300077.981338,300077.981338,300077.981338,300077.981338,300077.981338,300077.981338,nan,300077.981338,nan,nan,0.0,31,64,,True,False,"HTTPConnectionPool(host='gpu03', port=9002): Read timed out.",0,56.69694568066818
137,2026-09-19T05:46:29.928+00:00,2026-09-19T05:51:29.937+00:00,2026-09-19T05:51:29.937+00:00,False,1,0.0,,0.0,300008.199958,300008.199958,300008.199958,300008.199958,300008.199958,300008.199958,nan,300008.199958,nan,nan,0.0,31,64,,True,False,"HTTPConnectionPool(host='gpu03', port=9002): Read timed out.",0,56.69694568066818
138,2026-09-19T05:46:30.506+00:00,2026-09-19T05:51:30.612+00:00,2026-09-19T05:51:30.612+00:00,False,1,0.0,,0.0,300106.401292,300106.401292,300106.401292,300106.401292,300106.401292,300106.401292,nan,300106.401292,nan,nan,0.0,31,64,,True,False,"HTTPConnectionPool(host='gpu03', port=9002): Read timed out.",0,56.69694568066818
139,2026-09-19T05:46:30.963+00:00,2026-09-19T05:51:30.985+00:00,2026-09-19T05:51:30.985+00:00,False,1,0.0,,0.0,300021.733919,300021.733919,300021.733919,300021.733919,300021.733919,300021.733919,nan,300021.733919,nan,nan,0.0,31,64,,True,False,TTFT timeout: 300.0s exceeded (TTFT: 300.001s),0,56.69694568066818
140,2026-09-19T05:46:31.620+00:00,2026-09-19T05:51:31.313+00:00,2026-09-19T05:51:31.633+00:00,False,6,5.0,,5.0,299693.337597,300013.129981,300013.130183,50002.18836383333,0.07569,299693.337597,122323.18914473738,224799.67608725,63.9584768,47.450701445136794,0.016665937255201643,31,64,,True,False,Request timeout: 300.0s exceeded,20,56.69694568066818
141,2026-09-19T05:46:32.035+00:00,2026-09-19T05:51:32.118+00:00,2026-09-19T05:51:32.118+00:00,False,1,0.0,,0.0,300082.67270399997,300082.67270399997,300082.67270399997,300082.67270399997,300082.67270399997,300082.67270399997,nan,300082.67270399997,nan,nan,0.0,31,64,,True,False,"HTTPConnectionPool(host='gpu03', port=9002): Read timed out.",0,56.69694568066818
142,2026-09-19T05:46:32.646+00:00,2026-09-19T05:51:32.668+00:00,2026-09-19T05:51:32.668+00:00,False,1,0.0,,0.0,300021.325327,300021.325327,300021.325327,300021.325327,300021.325327,300021.325327,nan,300021.325327,nan,nan,0.0,31,64,,True,False,TTFT timeout: 300.0s exceeded (TTFT: 300.015s),0,56.69694568066818
143,2026-09-19T05:46:33.210+00:00,2026-09-19T05:51:33.023+00:00,2026-09-19T05:51:33.231+00:00,False,4,3.0,,3.0,299813.100843,300020.753707,300020.753876,75005.188469,0.02366,299813.100843,149871.94996434846,254858.70735719998,69.21762133333333,61.38841536324316,0.009999308257620729,31,64,,True,False,Request timeout: 300.0s exceeded,10,56.69694568066818
144,2026-09-19T05:46:33.667+00:00,2026-09-19T05:51:33.734+00:00,2026-09-19T05:51:33.734+00:00,False,1,0.0,,0.0,300067.439692,300067.439692,300067.439692,300067.439692,300067.439692,300067.439692,nan,300067.439692,nan,nan,0.0,31,64,,True,False,"HTTPConnectionPool(host='gpu03', port=9002): Read timed out.",0,56.69694568066818
145,2026-09-19T05:46:34.121+00:00,2026-09-19T05:51:34.140+00:00,2026-09-19T05:51:34.140+00:00,False,1,0.0,,0.0,300019.268496,300019.268496,300019.268496,300019.268496,300019.268496,300019.268496,nan,300019.268496,nan,nan,0.0,31,64,,True,False,TTFT timeout: 300.0s exceeded (TTFT: 300.010s),0,56.69694568066818
146,2026-09-19T05:46:34.706+00:00,2026-09-19T05:51:34.549+00:00,2026-09-19T05:51:34.748+00:00,False,4,3.0,,3.0,299843.158209,300042.339777,300042.339812,75010.584953,0.03712,299843.158209,149888.38969207078,254882.9594358,66.393856,58.15593135201616,0.009998588873255972,31,64,,True,False,Request timeout: 300.0s exceeded,10,56.69694568066818
147,2026-09-19T05:46:35.252+00:00,2026-09-19T05:51:35.298+00:00,2026-09-19T05:51:35.298+00:00,False,1,0.0,,0.0,300046.60116900003,300046.60116900003,300046.60116900003,300046.60116900003,300046.60116900003,300046.60116900003,nan,300046.60116900003,nan,nan,0.0,31,64,,True,False,"HTTPConnectionPool(host='gpu03', port=9002): Read timed out.",0,56.69694568066818
148,2026-09-19T05:46:35.729+00:00,2026-09-19T05:51:35.752+00:00,2026-09-19T05:51:35.752+00:00,False,1,0.0,,0.0,300023.146548,300023.146548,300023.146548,300023.146548,300023.146548,300023.146548,nan,300023.146548,nan,nan,0.0,31,64,,True,False,TTFT timeout: 300.0s exceeded (TTFT: 300.010s),0,56.69694568066818
149,2026-09-19T05:46:36.342+00:00,2026-09-19T05:51:36.153+00:00,2026-09-19T05:51:36.350+00:00,False,4,3.0,,3.0,299810.876065,300007.769249,300007.769363,75001.94234075,0.03842,299810.876065,149872.6296639657,254854.2190819,65.63106133333334,56.82221250226504,0.009999741031739964,31,64,,True,False,Request timeout: 300.0s exceeded,10,56.69694568066818
150,2026-09-19T05:46:36.968+00:00,2026-09-19T05:51:37.020+00:00,2026-09-19T05:51:37.020+00:00,False,1,0.0,,0.0,300052.03788300004,300052.03788300004,300052.03788300004,300052.03788300004,300052.03788300004,300052.03788300004,nan,300052.03788300004,nan,nan,0.0,31,64,,True,False,"HTTPConnectionPool(host='gpu03', port=9002): Read timed out.",0,56.69694568066818
151,2026-09-19T05:46:37.727+00:00,2026-09-19T05:51:37.456+00:00,2026-09-19T05:51:37.995+00:00,False,7,6.0,,6.0,299728.92718400003,300267.401168,300267.401007,42895.343001,0.0385,299728.92718400003,113252.97254695641,209844.13124480002,89.745664,44.24018339653849,0.019982189130957284,31,64,,True,False,Request timeout: 300.0s exceeded,23,56.69694568066818
152,2026-09-19T05:46:37.843+00:00,2026-09-19T05:51:37.784+00:00,2026-09-19T05:51:37.998+00:00,False,4,3.0,,3.0,299940.954883,300154.504195,300154.504133,75038.62603325,0.0245,299940.954883,149934.8944173358,254966.69489919997,71.183104,61.89674271328571,0.009994852511195381,31,64,,True,False,Request timeout: 300.0s exceeded,10,56.69694568066818
153,2026-09-19T05:46:38.327+00:00,2026-09-19T05:51:38.349+00:00,2026-09-19T05:51:38.349+00:00,False,1,0.0,,0.0,300022.38856,300022.38856,300022.38856,300022.38856,300022.38856,300022.38856,nan,300022.38856,nan,nan,0.0,31,64,,True,False,"HTTPConnectionPool(host='gpu03', port=9002): Read timed out.",0,56.69694568066818
154,2026-09-19T05:46:38.884+00:00,2026-09-19T05:51:39.174+00:00,2026-09-19T05:51:39.527+00:00,False,6,5.0,,5.0,300290.205493,300643.095861,300643.09579399996,50107.18263233333,0.02176,300290.205493,122564.16510594545,225263.91401875002,70.5780736,68.78835687532718,0.01663101554246804,31,64,,True,False,Request timeout: 300.0s exceeded,16,56.69694568066818
155,2026-09-19T05:46:39.283+00:00,2026-09-19T05:51:39.358+00:00,2026-09-19T05:51:39.578+00:00,False,6,5.0,,5.0,300074.99641900003,300294.41837100004,300294.41832500004,50049.06972083334,0.02035,300074.99641900003,122487.1906757123,225072.64229400002,43.8843904,25.3604035982158,0.01665032612701688,31,64,,True,False,Request timeout: 300.0s exceeded,14,56.69694568066818
156,2026-09-19T05:46:39.928+00:00,2026-09-19T05:51:40.011+00:00,2026-09-19T05:51:40.011+00:00,False,1,0.0,,0.0,300082.600824,300082.600824,300082.600824,300082.600824,300082.600824,300082.600824,nan,300082.600824,nan,nan,0.0,31,64,,True,False,"HTTPConnectionPool(host='gpu03', port=9002): Read timed out.",0,56.69694568066818
157,2026-09-19T05:46:40.496+00:00,2026-09-19T05:51:40.595+00:00,2026-09-19T05:51:40.595+00:00,False,1,0.0,,0.0,300099.536843,300099.536843,300099.536843,300099.536843,300099.536843,300099.536843,nan,300099.536843,nan,nan,0.0,31,64,,True,False,"HTTPConnectionPool(host='gpu03', port=9002): Read timed out.",0,56.69694568066818
158,2026-09-19T05:46:40.981+00:00,2026-09-19T05:51:40.951+00:00,2026-09-19T05:51:41.084+00:00,False,3,2.0,,2.0,299970.01454500004,300103.50523300003,300103.50529900007,100034.50176633334,0.02209,299970.01454500004,173149.24604094677,269986.35995690007,66.745344,94.36103538426848,0.006664367343684314,31,64,,True,False,Request timeout: 300.0s exceeded,8,56.69694568066818
159,2026-09-19T05:46:41.637+00:00,2026-09-19T05:51:41.082+00:00,2026-09-19T05:51:41.724+00:00,False,9,8.0,,8.0,299445.540712,300086.744424,300086.74441,33342.97160111111,0.03455,299445.540712,99788.46943277908,179708.8608716,80.150464,37.043504644244386,0.02665895828006519,31,64,,True,False,Request timeout: 300.0s exceeded,34,56.69694568066818
160,2026-09-19T05:46:42.122+00:00,2026-09-19T05:51:42.191+00:00,2026-09-19T05:51:42.191+00:00,False,1,0.0,,0.0,300069.222986,300069.222986,300069.222986,300069.222986,300069.222986,300069.222986,nan,300069.222986,nan,nan,0.0,31,64,,True,False,"HTTPConnectionPool(host='gpu03', port=9002): Read timed out.",0,56.69694568066818
161,2026-09-19T05:46:42.644+00:00,2026-09-19T05:51:42.684+00:00,2026-09-19T05:51:42.684+00:00,False,1,0.0,,0.0,300040.81752700004,300040.81752700004,300040.81752700004,300040.81752700004,300040.81752700004,300040.81752700004,nan,300040.81752700004,nan,nan,0.0,31,64,,True,False,TTFT timeout: 300.0s exceeded (TTFT: 300.036s),0,56.69694568066818
162,2026-09-19T05:46:43.145+00:00,2026-09-19T05:51:42.925+00:00,2026-09-19T05:51:43.238+00:00,False,5,4.0,,4.0,299779.40606300003,300092.18788700004,300092.187854,60018.43757080001,0.05418,299779.40606300003,134030.46365980722,239845.93645480004,78.195456,52.408778915171936,0.013329237352577147,31,64,,True,False,Request timeout: 300.0s exceeded,19,56.69694568066818
163,2026-09-19T05:46:43.698+00:00,2026-09-19T05:51:43.734+00:00,2026-09-19T05:51:43.734+00:00,False,1,0.0,,0.0,300036.66968,300036.66968,300036.66968,300036.66968,300036.66968,300036.66968,nan,300036.66968,nan,nan,0.0,31,64,,True,False,"HTTPConnectionPool(host='gpu03', port=9002): Read timed out.",0,56.69694568066818
164,2026-09-19T05:46:44.344+00:00,2026-09-19T05:51:44.351+00:00,2026-09-19T05:51:44.481+00:00,False,3,2.0,,2.0,300006.83283200004,300136.79609600006,300136.795923,100045.59864100002,0.0359,300006.83283200004,173171.52075999056,270019.14226790005,64.981632,91.8468578267901,0.006663628138951318,31,64,,True,False,Request timeout: 300.0s exceeded,8,56.69694568066818
165,2026-09-19T05:46:44.869+00:00,2026-09-19T05:51:44.629+00:00,2026-09-19T05:51:44.889+00:00,False,5,4.0,,4.0,299760.14859500004,300020.32574700005,300020.325948,60004.065189600005,0.045829999999999996,299760.14859500004,134027.73237826992,239830.06198360003,65.044288,50.90341811588928,0.013332430028001182,31,64,,True,False,Request timeout: 300.0s exceeded,13,56.69694568066818
166,2026-09-19T05:46:45.281+00:00,2026-09-19T05:51:45.370+00:00,2026-09-19T05:51:45.370+00:00,False,1,0.0,,0.0,300088.804111,300088.804111,300088.804111,300088.804111,300088.804111,300088.804111,nan,300088.804111,nan,nan,0.0,31,64,,True,False,"HTTPConnectionPool(host='gpu03', port=9002): Read timed out.",0,56.69694568066818
167,2026-09-19T05:46:45.915+00:00,2026-09-19T05:51:46.011+00:00,2026-09-19T05:51:46.011+00:00,False,1,0.0,,0.0,300095.589119,300095.589119,300095.589119,300095.589119,300095.589119,300095.589119,nan,300095.589119,nan,nan,0.0,31,64,,True,False,TTFT timeout: 300.0s exceeded (TTFT: 300.090s),0,56.69694568066818
168,2026-09-19T05:46:46.419+00:00,2026-09-19T05:51:46.172+00:00,2026-09-19T05:51:46.487+00:00,False,5,4.0,,4.0,299753.407689,300068.251849,300068.25187700003,60013.6503754,0.023199,299753.407689,134018.60638414693,239825.3052994,78.71104,52.860176728405385,0.013330300607785978,31,64,,True,False,Request timeout: 300.0s exceeded,12,56.69694568066818
169,2026-09-19T05:46:46.979+00:00,2026-09-19T05:51:47.065+00:00,2026-09-19T05:51:47.065+00:00,False,1,0.0,,0.0,300085.550075,300085.550075,300085.550075,300085.550075,300085.550075,300085.550075,nan,300085.550075,nan,nan,0.0,31,64,,True,False,"HTTPConnectionPool(host='gpu03', port=9002): Read timed out.",0,56.69694568066818
170,2026-09-19T05:46:47.493+00:00,2026-09-19T05:51:47.545+00:00,2026-09-19T05:51:47.545+00:00,False,1,0.0,,0.0,300051.965039,300051.965039,300051.965039,300051.965039,300051.965039,300051.965039,nan,300051.965039,nan,nan,0.0,31,64,,True,False,TTFT timeout: 300.0s exceeded (TTFT: 300.045s),0,56.69694568066818
171,2026-09-19T05:46:48.094+00:00,2026-09-19T05:51:47.932+00:00,2026-09-19T05:51:48.166+00:00,False,4,3.0,,3.0,299838.37214999995,300072.18923799996,300072.18924299994,75018.04731074999,0.02366,299838.37214999995,149880.22745287666,254882.93696685,77.93902933333332,69.98651765809817,0.009997594270959155,31,64,,True,False,Request timeout: 300.0s exceeded,6,56.69694568066818
172,2026-09-19T05:46:48.602+00:00,2026-09-19T05:51:48.708+00:00,2026-09-19T05:51:48.708+00:00,False,1,0.0,,0.0,300106.25668,300106.25668,300106.25668,300106.25668,300106.25668,300106.25668,nan,300106.25668,nan,nan,0.0,31,64,,True,False,"HTTPConnectionPool(host='gpu03', port=9002): Read timed out.",0,56.69694568066818
173,2026-09-19T05:46:49.098+00:00,2026-09-19T05:51:49.184+00:00,2026-09-19T05:51:49.184+00:00,False,1,0.0,,0.0,300085.78628500004,300085.78628500004,300085.78628500004,300085.78628500004,300085.78628500004,300085.78628500004,nan,300085.78628500004,nan,nan,0.0,31,64,,True,False,"HTTPConnectionPool(host='gpu03', port=9002): Read timed out.",0,56.69694568066818
174,2026-09-19T05:46:49.673+00:00,2026-09-19T05:51:49.525+00:00,2026-09-19T05:51:49.751+00:00,False,4,3.0,,3.0,299851.476967,300077.324519,300077.324502,75019.3311255,0.03379,299851.476967,149888.10746293474,254893.520284,75.28251733333333,67.84125111665455,0.009997423180204504,31,64,,True,False,Request timeout: 300.0s exceeded,5,56.69694568066818
175,2026-09-19T05:46:50.216+00:00,2026-09-19T05:51:50.285+00:00,2026-09-19T05:51:50.285+00:00,False,1,0.0,,0.0,300068.863042,300068.863042,300068.863042,300068.863042,300068.863042,300068.863042,nan,300068.863042,nan,nan,0.0,31,64,,True,False,"HTTPConnectionPool(host='gpu03', port=9002): Read timed out.",0,56.69694568066818
176,2026-09-19T05:46:50.692+00:00,2026-09-19T05:51:50.865+00:00,2026-09-19T05:51:51.466+00:00,False,7,6.0,,6.0,300173.21548199997,300773.98143399996,300773.98151599994,42967.71164514285,0.02218,300173.21548199997,113416.97637928248,210165.3406578,100.12765866666668,51.86170041734581,0.019948534016784973,31,64,,True,False,Request timeout: 300.0s exceeded,18,56.69694568066818
177,2026-09-19T05:46:51.302+00:00,2026-09-19T05:51:51.366+00:00,2026-09-19T05:51:51.566+00:00,False,4,3.0,,3.0,300064.391162,300264.56985,300264.56977,75066.1424425,0.022940000000000002,300064.391162,149998.83993826868,255070.40400815,66.72622933333334,57.93389736722353,0.009991188775614378,31,64,,True,False,Request timeout: 300.0s exceeded,6,56.69694568066818
178,2026-09-19T05:46:51.891+00:00,2026-09-19T05:51:51.902+00:00,2026-09-19T05:51:51.902+00:00,False,1,0.0,,0.0,300011.103878,300011.103878,300011.103878,300011.103878,300011.103878,300011.103878,nan,300011.103878,nan,nan,0.0,31,64,,True,False,"HTTPConnectionPool(host='gpu03', port=9002): Read timed out.",0,56.69694568066818
179,2026-09-19T05:46:52.470+00:00,2026-09-19T05:51:52.575+00:00,2026-09-19T05:51:52.575+00:00,False,1,0.0,,0.0,300104.91485299997,300104.91485299997,300104.91485299997,300104.91485299997,300104.91485299997,300104.91485299997,nan,300104.91485299997,nan,nan,0.0,31,64,,True,False,"HTTPConnectionPool(host='gpu03', port=9002): Read timed out.",0,56.69694568066818
180,2026-09-19T05:46:52.849+00:00,2026-09-19T05:51:52.768+00:00,2026-09-19T05:51:52.991+00:00,False,3,2.0,,2.0,299919.051538,300142.321938,300142.321999,100047.44066633334,0.021929999999999998,299919.051538,173093.9284950661,269949.4712373,111.6352,157.84524059111573,0.006663505456631797,31,64,,True,False,Request timeout: 300.0s exceeded,4,56.69694568066818
181,2026-09-19T05:46:53.321+00:00,2026-09-19T05:51:52.989+00:00,2026-09-19T05:51:53.265+00:00,True,4,4.0,,4.0,299667.96975199995,299944.49096799997,299944.49111199996,74986.12277799999,81.87408900000001,299667.96975199995,149787.89816015435,254732.43885154996,92.17373866666667,8.930531880439224,0.013335800857988574,31,64,,True,True,,22,56.69694568066818
182,2026-09-19T05:46:53.845+00:00,2026-09-19T05:51:53.926+00:00,2026-09-19T05:51:53.926+00:00,False,1,0.0,,0.0,300080.611899,300080.611899,300080.611899,300080.611899,300080.611899,300080.611899,nan,300080.611899,nan,nan,0.0,31,64,,True,False,"HTTPConnectionPool(host='gpu03', port=9002): Read timed out.",0,56.69694568066818
183,2026-09-19T05:46:54.400+00:00,2026-09-19T05:51:54.495+00:00,2026-09-19T05:51:54.495+00:00,False,1,0.0,,0.0,300094.946243,300094.946243,300094.946243,300094.946243,300094.946243,300094.946243,nan,300094.946243,nan,nan,0.0,31,64,,True,False,"HTTPConnectionPool(host='gpu03', port=9002): Read timed out.",0,56.69694568066818
184,2026-09-19T05:46:54.779+00:00,2026-09-19T05:51:54.778+00:00,2026-09-19T05:51:54.885+00:00,False,3,2.0,,2.0,299998.350348,300106.03956400004,300106.039684,100035.34656133334,0.023940000000000003,299998.350348,173173.04945981235,270009.28185280005,53.844608,76.11410529776987,0.006664311064534521,31,64,,True,False,Request timeout: 300.0s exceeded,4,56.69694568066818
185,2026-09-19T05:46:55.689+00:00,2026-09-19T05:51:54.883+00:00,2026-09-19T05:51:55.928+00:00,False,12,11.0,,11.0,299194.353463,300238.887735,300238.88780699996,25019.90731725,0.022850000000000002,299194.353463,86342.5660139503,134710.03246915,94.9576610909091,38.183635760104316,0.03663749250799562,31,64,,True,False,Request timeout: 300.0s exceeded,39,56.69694568066818
186,2026-09-19T05:46:55.774+00:00,2026-09-19T05:51:55.379+00:00,2026-09-19T05:51:55.925+00:00,False,7,6.0,,6.0,299605.061195,300151.64449100004,300151.644442,42878.80634885714,0.04075,299605.061195,113205.64513129633,209759.72301739999,91.097216,45.363050992947144,0.01998989547491854,31,64,,True,False,Request timeout: 300.0s exceeded,24,56.69694568066818
187,2026-09-19T05:46:56.082+00:00,2026-09-19T05:51:56.105+00:00,2026-09-19T05:51:56.105+00:00,False,1,0.0,,0.0,300023.041914,300023.041914,300023.041914,300023.041914,300023.041914,300023.041914,nan,300023.041914,nan,nan,0.0,31,64,,True,False,"HTTPConnectionPool(host='gpu03', port=9002): Read timed out.",0,56.69694568066818
188,2026-09-19T05:46:56.556+00:00,2026-09-19T05:51:56.567+00:00,2026-09-19T05:51:56.567+00:00,False,1,0.0,,0.0,300010.741071,300010.741071,300010.741071,300010.741071,300010.741071,300010.741071,nan,300010.741071,nan,nan,0.0,31,64,,True,False,"HTTPConnectionPool(host='gpu03', port=9002): Read timed out.",0,56.69694568066818
189,2026-09-19T05:46:57.022+00:00,2026-09-19T05:51:57.105+00:00,2026-09-19T05:51:57.105+00:00,False,1,0.0,,0.0,300083.227501,300083.227501,300083.227501,300083.227501,300083.227501,300083.227501,nan,300083.227501,nan,nan,0.0,31,64,,True,False,TTFT timeout: 300.0s exceeded (TTFT: 300.073s),0,56.69694568066818
190,2026-09-19T05:46:57.602+00:00,2026-09-19T05:51:57.408+00:00,2026-09-19T05:51:57.710+00:00,False,5,4.0,,4.0,299805.310399,300107.621567,300107.621417,60021.5242834,0.036469999999999995,299805.310399,134043.21851376255,239864.71465100002,75.577792,50.37584837731796,0.013328551867873796,31,64,,True,False,Request timeout: 300.0s exceeded,24,56.69694568066818
191,2026-09-19T05:46:58.007+00:00,2026-09-19T05:51:57.507+00:00,2026-09-19T05:51:57.507+00:00,True,1,1.0,,1.0,299499.33251599997,299499.33251599997,299499.33251599997,299499.33251599997,299499.33251599997,299499.33251599997,nan,299499.33251599997,nan,nan,0.0033389056048950547,31,64,,True,True,,1,56.69694568066818
192,2026-09-19T05:46:58.558+00:00,2026-09-19T05:51:58.630+00:00,2026-09-19T05:51:58.630+00:00,False,1,0.0,,0.0,300071.927577,300071.927577,300071.927577,300071.927577,300071.927577,300071.927577,nan,300071.927577,nan,nan,0.0,31,64,,True,False,"HTTPConnectionPool(host='gpu03', port=9002): Read timed out.",0,56.69694568066818
193,2026-09-19T05:46:59.150+00:00,2026-09-19T05:51:59.074+00:00,2026-09-19T05:51:59.202+00:00,False,3,2.0,,2.0,299924.34579299996,300051.844289,300051.84445,100017.28148333333,0.028239999999999998,299924.34579299996,173124.60781488867,269944.65825539996,63.749248,90.11522685876947,0.006665514770419696,31,64,,True,False,Request timeout: 300.0s exceeded,4,56.69694568066818
194,2026-09-19T05:46:59.810+00:00,2026-09-19T05:51:59.669+00:00,2026-09-19T05:51:59.869+00:00,False,5,4.0,,4.0,299859.203801,300059.57576900005,300059.575758,60011.915151600006,0.06575,299859.203801,134078.71522618152,239907.6993768,50.092992,41.497881165471505,0.013330686047091488,31,64,,True,False,Request timeout: 300.0s exceeded,8,56.69694568066818
195,2026-09-19T05:47:00.373+00:00,2026-09-19T05:52:00.415+00:00,2026-09-19T05:52:00.415+00:00,False,1,0.0,,0.0,300041.971199,300041.971199,300041.971199,300041.971199,300041.971199,300041.971199,nan,300041.971199,nan,nan,0.0,31,64,,True,False,TTFT timeout: 300.0s exceeded (TTFT: 300.018s),0,56.69694568066818
196,2026-09-19T05:47:00.825+00:00,2026-09-19T05:52:00.802+00:00,2026-09-19T05:52:00.911+00:00,False,3,2.0,,2.0,299976.124591,300085.191599,300085.19173300004,100028.39724433335,0.036289999999999996,299976.124591,173159.8198869367,269989.41521710006,54.533504,77.07061146910804,0.0066647740574702335,31,64,,True,False,Request timeout: 300.0s exceeded,4,56.69694568066818
197,2026-09-19T05:47:01.250+00:00,2026-09-19T05:52:01.131+00:00,2026-09-19T05:52:01.279+00:00,False,4,3.0,,3.0,299880.46805900004,300028.28860300005,300028.28865600005,75007.07216400001,0.07893,299880.46805900004,149915.60496979964,254915.57312285004,49.273514666666664,58.87229424600327,0.009999057135474398,31,64,,True,False,Request timeout: 300.0s exceeded,11,56.69694568066818
198,2026-09-19T05:47:01.852+00:00,2026-09-19T05:52:01.930+00:00,2026-09-19T05:52:01.930+00:00,False,1,0.0,,0.0,300078.179306,300078.179306,300078.179306,300078.179306,300078.179306,300078.179306,nan,300078.179306,nan,nan,0.0,31,64,,True,False,"HTTPConnectionPool(host='gpu03', port=9002): Read timed out.",0,56.69694568066818
199,2026-09-19T05:47:02.415+00:00,2026-09-19T05:52:02.333+00:00,2026-09-19T05:52:02.459+00:00,False,3,2.0,,2.0,299917.844078,300043.433326,300043.433279,100014.47775966667,0.11537,299917.844078,173121.40488032455,269938.6070533,62.794624,88.64209150253367,0.006665701621361536,31,64,,True,False,Request timeout: 300.0s exceeded,4,56.69694568066818
200,2026-09-19T05:47:02.937+00:00,2026-09-19T05:52:02.601+00:00,2026-09-19T05:52:02.994+00:00,True,7,7.0,,7.0,299663.295314,300056.56149,300056.561699,42865.22309985714,49.639019,299663.295314,113237.3082904255,209796.3894449,65.54436266666666,24.73094388539477,0.023328934935599767,31,64,,True,True,,24,56.69694568066818
201,2026-09-19T05:47:03.569+00:00,2026-09-19T05:52:03.619+00:00,2026-09-19T05:52:03.619+00:00,False,1,0.0,,0.0,300049.945065,300049.945065,300049.945065,300049.945065,300049.945065,300049.945065,nan,300049.945065,nan,nan,0.0,31,64,,True,False,"HTTPConnectionPool(host='gpu03', port=9002): Read timed out.",0,56.69694568066818
202,2026-09-19T05:47:04.087+00:00,2026-09-19T05:52:04.081+00:00,2026-09-19T05:52:05.051+00:00,False,11,10.0,,10.0,299993.832966,300963.734534,300963.734613,27360.33951027273,0.037090000000000005,299993.832966,90422.30643001774,150060.79205100003,96.9901568,35.07455946951868,0.03322659461108693,31,64,,True,False,Request timeout: 300.0s exceeded,36,56.69694568066818
203,2026-09-19T05:47:04.583+00:00,2026-09-19T05:52:04.436+00:00,2026-09-19T05:52:05.149+00:00,False,9,8.0,,8.0,299853.10977700003,300566.605585,300566.605753,33396.28952811111,0.03842,299853.10977700003,99921.31334045953,179954.97437260003,89.186976,36.229751751691246,0.026616396669980714,31,64,,True,False,Request timeout: 300.0s exceeded,49,56.69694568066818
204,2026-09-19T05:47:05.118+00:00,2026-09-19T05:52:05.260+00:00,2026-09-19T05:52:05.260+00:00,False,1,0.0,,0.0,300142.240077,300142.240077,300142.240077,300142.240077,300142.240077,300142.240077,nan,300142.240077,nan,nan,0.0,31,64,,True,False,"HTTPConnectionPool(host='gpu03', port=9002): Read timed out.",0,56.69694568066818
205,2026-09-19T05:47:05.715+00:00,2026-09-19T05:52:05.770+00:00,2026-09-19T05:52:05.770+00:00,False,1,0.0,,0.0,300054.872564,300054.872564,300054.872564,300054.872564,300054.872564,300054.872564,nan,300054.872564,nan,nan,0.0,31,64,,True,False,"HTTPConnectionPool(host='gpu03', port=9002): Read timed out.",0,56.69694568066818
206,2026-09-19T05:47:06.173+00:00,2026-09-19T05:52:06.273+00:00,2026-09-19T05:52:06.273+00:00,False,1,0.0,,0.0,300099.931472,300099.931472,300099.931472,300099.931472,300099.931472,300099.931472,nan,300099.931472,nan,nan,0.0,31,64,,True,False,"HTTPConnectionPool(host='gpu03', port=9002): Read timed out.",0,56.69694568066818
207,2026-09-19T05:47:06.578+00:00,2026-09-19T05:52:06.547+00:00,2026-09-19T05:52:06.648+00:00,False,3,2.0,,2.0,299969.24153899995,300069.90867499996,300069.90865099995,100023.30288366665,0.023329999999999997,299969.24153899995,173158.26956772976,269982.3817632999,50.333568,71.14946898907937,0.006665113502487723,31,64,,True,False,Request timeout: 300.0s exceeded,4,56.69694568066818
208,2026-09-19T05:47:07.022+00:00,2026-09-19T05:52:06.645+00:00,2026-09-19T05:52:07.046+00:00,False,8,7.0,,7.0,299622.73629000003,300023.384482,300023.38470600004,37502.923088250005,0.040299999999999996,299622.73629000003,105912.4031494066,194789.72239740004,57.235456,33.84839173813806,0.023331514682049612,31,64,,True,False,Request timeout: 300.0s exceeded,20,56.69694568066818
209,2026-09-19T05:47:07.424+00:00,2026-09-19T05:52:07.448+00:00,2026-09-19T05:52:07.448+00:00,False,1,0.0,,0.0,300024.600938,300024.600938,300024.600938,300024.600938,300024.600938,300024.600938,nan,300024.600938,nan,nan,0.0,31,64,,True,False,"HTTPConnectionPool(host='gpu03', port=9002): Read timed out.",0,56.69694568066818
210,2026-09-19T05:47:08.000+00:00,2026-09-19T05:52:07.989+00:00,2026-09-19T05:52:08.126+00:00,False,3,2.0,,2.0,299989.069341,300126.353693,300126.353804,100042.11793466666,0.040049999999999995,299989.069341,173159.1529165417,270003.8868482,68.642176,97.01821821717404,0.006663859988935877,31,64,,True,False,Request timeout: 300.0s exceeded,5,56.69694568066818
211,2026-09-19T05:47:08.452+00:00,2026-09-19T05:52:08.272+00:00,2026-09-19T05:52:08.509+00:00,False,4,3.0,,3.0,299819.689908,300056.943284,300056.943064,75014.235766,0.0207,299819.689908,149870.31321261992,254865.0198138,79.08445866666668,68.54937234282518,0.009998102250746916,31,64,,True,False,Request timeout: 300.0s exceeded,10,56.69694568066818
212,2026-09-19T05:47:08.965+00:00,2026-09-19T05:52:09.010+00:00,2026-09-19T05:52:09.010+00:00,False,1,0.0,,0.0,300045.19765499997,300045.19765499997,300045.19765499997,300045.19765499997,300045.19765499997,300045.19765499997,nan,300045.19765499997,nan,nan,0.0,31,64,,True,False,"HTTPConnectionPool(host='gpu03', port=9002): Read timed out.",0,56.69694568066818
213,2026-09-19T05:47:09.398+00:00,2026-09-19T05:52:09.463+00:00,2026-09-19T05:52:09.463+00:00,False,1,0.0,,0.0,300064.601029,300064.601029,300064.601029,300064.601029,300064.601029,300064.601029,nan,300064.601029,nan,nan,0.0,31,64,,True,False,"HTTPConnectionPool(host='gpu03', port=9002): Read timed out.",0,56.69694568066818
214,2026-09-19T05:47:09.807+00:00,2026-09-19T05:52:09.731+00:00,2026-09-19T05:52:09.865+00:00,False,3,2.0,,2.0,299923.81144900003,300057.82898500003,300057.82886,100019.27628666667,0.02862,299923.81144900003,173122.41873940904,269944.8291832,67.008768,94.7241601722519,0.006665381825781258,31,64,,True,False,Request timeout: 300.0s exceeded,9,56.69694568066818
215,2026-09-19T05:47:10.324+00:00,2026-09-19T05:52:10.101+00:00,2026-09-19T05:52:10.405+00:00,False,5,4.0,,4.0,299776.995273,300080.784841,300080.784887,60016.156977399995,0.038759999999999996,299776.995273,134030.39038377322,239842.625177,75.947392,50.69669448157971,0.013329743862538315,31,64,,True,False,Request timeout: 300.0s exceeded,9,56.69694568066818
216,2026-09-19T05:47:10.743+00:00,2026-09-19T05:52:10.814+00:00,2026-09-19T05:52:10.814+00:00,False,1,0.0,,0.0,300071.63623400003,300071.63623400003,300071.63623400003,300071.63623400003,300071.63623400003,300071.63623400003,nan,300071.63623400003,nan,nan,0.0,31,64,,True,False,"HTTPConnectionPool(host='gpu03', port=9002): Read timed out.",0,56.69694568066818
217,2026-09-19T05:47:11.130+00:00,2026-09-19T05:52:11.225+00:00,2026-09-19T05:52:11.225+00:00,False,1,0.0,,0.0,300095.43858200003,300095.43858200003,300095.43858200003,300095.43858200003,300095.43858200003,300095.43858200003,nan,300095.43858200003,nan,nan,0.0,31,64,,True,False,TTFT timeout: 300.0s exceeded (TTFT: 300.086s),0,56.69694568066818
218,2026-09-19T05:47:11.575+00:00,2026-09-19T05:52:11.506+00:00,2026-09-19T05:52:11.632+00:00,False,3,2.0,,2.0,299931.615384,300057.392536,300057.392465,100019.13082166667,0.03947,299931.615384,173129.3015723206,269951.02760669996,62.888576,88.88212314204813,0.006665391520923937,31,64,,True,False,Request timeout: 300.0s exceeded,4,56.69694568066818
219,2026-09-19T05:47:12.102+00:00,2026-09-19T05:52:11.834+00:00,2026-09-19T05:52:12.129+00:00,False,5,4.0,,4.0,299731.62381699996,300027.12282499997,300027.12288099993,60005.42457619999,0.02212,299731.62381699996,134011.026201055,239805.84390299997,73.874752,49.39907801995099,0.013332127983419427,31,64,,True,False,Request timeout: 300.0s exceeded,9,56.69694568066818
220,2026-09-19T05:47:12.751+00:00,2026-09-19T05:52:12.856+00:00,2026-09-19T05:52:12.856+00:00,False,1,0.0,,0.0,300105.355897,300105.355897,300105.355897,300105.355897,300105.355897,300105.355897,nan,300105.355897,nan,nan,0.0,31,64,,True,False,"HTTPConnectionPool(host='gpu03', port=9002): Read timed out.",0,56.69694568066818
221,2026-09-19T05:47:13.300+00:00,2026-09-19T05:52:13.095+00:00,2026-09-19T05:52:13.355+00:00,False,4,3.0,,3.0,299795.45179799997,300055.37422999996,300055.37418899994,75013.84354724998,0.02609,299795.45179799997,149854.4181122434,254846.61210104998,86.64081066666667,75.29790494026408,0.009998154532971053,31,64,,True,False,Request timeout: 300.0s exceeded,14,56.69694568066818
222,2026-09-19T05:47:13.671+00:00,2026-09-19T05:52:13.469+00:00,2026-09-19T05:52:13.716+00:00,False,5,4.0,,4.0,299798.114519,300044.781271,300044.781393,60008.9562786,0.05471,299798.114519,134046.22081038283,239858.49031800003,61.666688,47.40638422332452,0.013331343351668584,31,64,,True,False,Request timeout: 300.0s exceeded,12,56.69694568066818
223,2026-09-19T05:47:14.282+00:00,2026-09-19T05:52:14.369+00:00,2026-09-19T05:52:14.369+00:00,False,1,0.0,,0.0,300087.38674,300087.38674,300087.38674,300087.38674,300087.38674,300087.38674,nan,300087.38674,nan,nan,0.0,31,64,,True,False,TTFT timeout: 300.0s exceeded (TTFT: 300.080s),0,56.69694568066818
224,2026-09-19T05:47:14.762+00:00,2026-09-19T05:52:14.782+00:00,2026-09-19T05:52:14.782+00:00,False,1,0.0,,0.0,300020.050422,300020.050422,300020.050422,300020.050422,300020.050422,300020.050422,nan,300020.050422,nan,nan,0.0,31,64,,True,False,TTFT timeout: 300.0s exceeded (TTFT: 300.011s),0,56.69694568066818
225,2026-09-19T05:47:15.237+00:00,2026-09-19T05:52:15.021+00:00,2026-09-19T05:52:15.254+00:00,False,4,3.0,,3.0,299783.509432,300016.782776,300016.782938,75004.1957345,0.02183,299783.509432,149852.88588039568,254833.56086185,77.75778133333333,67.32369622129994,0.009999440605427314,31,64,,True,False,Request timeout: 300.0s exceeded,6,56.69694568066818
226,2026-09-19T05:47:15.645+00:00,2026-09-19T05:52:15.731+00:00,2026-09-19T05:52:15.731+00:00,False,1,0.0,,0.0,300086.44501200004,300086.44501200004,300086.44501200004,300086.44501200004,300086.44501200004,300086.44501200004,nan,300086.44501200004,nan,nan,0.0,31,64,,True,False,"HTTPConnectionPool(host='gpu03', port=9002): Read timed out.",0,56.69694568066818
227,2026-09-19T05:47:16.110+00:00,2026-09-19T05:52:16.157+00:00,2026-09-19T05:52:16.157+00:00,False,1,0.0,,0.0,300047.224917,300047.224917,300047.224917,300047.224917,300047.224917,300047.224917,nan,300047.224917,nan,nan,0.0,31,64,,True,False,"HTTPConnectionPool(host='gpu03', port=9002): Read timed out.",0,56.69694568066818
228,2026-09-19T05:47:17.558+00:00,2026-09-19T05:52:16.979+00:00,2026-09-19T05:52:17.868+00:00,False,11,10.0,,10.0,299421.383414,300310.034422,300310.03440999996,27300.912219090907,0.0238,299421.383414,90252.15701370279,149776.38930049998,88.8651008,37.310411911416296,0.03329892062796628,31,64,,True,False,Request timeout: 300.0s exceeded,53,56.69694568066818
230,2026-09-19T05:47:17.840+00:00,2026-09-19T05:52:17.959+00:00,2026-09-19T05:52:17.959+00:00,False,1,0.0,,0.0,300118.70060900005,300118.70060900005,300118.70060900005,300118.70060900005,300118.70060900005,300118.70060900005,nan,300118.70060900005,nan,nan,0.0,31,64,,True,False,"HTTPConnectionPool(host='gpu03', port=9002): Read timed out.",0,56.69694568066818
229,2026-09-19T05:47:17.786+00:00,2026-09-19T05:52:18.001+00:00,2026-09-19T05:52:18.001+00:00,False,1,0.0,,0.0,300215.21117699996,300215.21117699996,300215.21117699996,300215.21117699996,300215.21117699996,300215.21117699996,nan,300215.21117699996,nan,nan,0.0,31,64,,True,False,"HTTPConnectionPool(host='gpu03', port=9002): Read timed out.",0,56.69694568066818
231,2026-09-19T05:47:18.226+00:00,2026-09-19T05:52:18.239+00:00,2026-09-19T05:52:18.239+00:00,False,1,0.0,,0.0,300013.718393,300013.718393,300013.718393,300013.718393,300013.718393,300013.718393,nan,300013.718393,nan,nan,0.0,31,64,,True,False,"HTTPConnectionPool(host='gpu03', port=9002): Read timed out.",0,56.69694568066818
232,2026-09-19T05:47:18.662+00:00,2026-09-19T05:52:18.777+00:00,2026-09-19T05:52:18.777+00:00,False,1,0.0,,0.0,300115.420325,300115.420325,300115.420325,300115.420325,300115.420325,300115.420325,nan,300115.420325,nan,nan,0.0,31,64,,True,False,"HTTPConnectionPool(host='gpu03', port=9002): Read timed out.",0,56.69694568066818
233,2026-09-19T05:47:19.112+00:00,2026-09-19T05:52:19.143+00:00,2026-09-19T05:52:20.485+00:00,False,16,15.0,,15.0,300030.575704,301372.607832,301372.607707,18835.7879816875,0.02935,300030.575704,74985.29666059137,75198.57366475002,89.46880853333333,56.59642537821483,0.04977227395650284,31,64,,True,False,Request timeout: 300.0s exceeded,85,56.69694568066818
234,2026-09-19T05:47:19.484+00:00,2026-09-19T05:52:19.397+00:00,2026-09-19T05:52:20.584+00:00,False,16,15.0,,15.0,299912.962612,301099.941428,301099.94152500003,18818.746345312502,0.02291,299912.962612,74958.46509997302,75059.364361,79.13192106666666,34.54367128389538,0.04981734612388442,31,64,,True,False,Request timeout: 300.0s exceeded,31,56.69694568066818
235,2026-09-19T05:47:19.939+00:00,2026-09-19T05:52:19.619+00:00,2026-09-19T05:52:20.686+00:00,False,14,13.0,,13.0,299679.725145,300747.333977,300747.333932,21481.952423714283,0.0365,299679.725145,80070.83344972809,104957.40042079998,82.1237563076923,33.393335511344034,0.043225653335281736,31,64,,True,False,Request timeout: 300.0s exceeded,40,56.69694568066818
236,2026-09-19T05:47:20.542+00:00,2026-09-19T05:52:20.730+00:00,2026-09-19T05:52:20.730+00:00,False,1,0.0,,0.0,300187.718579,300187.718579,300187.718579,300187.718579,300187.718579,300187.718579,nan,300187.718579,nan,nan,0.0,31,64,,True,False,"HTTPConnectionPool(host='gpu03', port=9002): Read timed out.",0,56.69694568066818
0,2026-09-19T05:45:20.804+00:00,2026-09-19T05:45:21.012+00:00,2026-09-19T05:45:25.916+00:00,True,55,55.0,,55.0,208.33529800000002,5112.349378,5112.349342,92.95180621818182,33.457363,208.33529800000002,30.425816186544637,111.44097549999998,90.81507555555555,26.217348368367148,10.75826316501016,32,64,,False,True,,243,56.69694568066818
1,2026-09-19T05:45:21.225+00:00,2026-09-19T05:45:21.450+00:00,2026-09-19T05:45:23.287+00:00,True,20,20.0,,20.0,224.43749100000002,2061.615091,2061.615142,103.0807571,45.327264,224.43749100000002,37.35568355190102,157.5788565,96.69355789473684,24.732927918384693,9.701131936465826,32,64,,False,True,,93,56.69694568066818
2,2026-09-19T05:45:21.695+00:00,2026-09-19T05:45:22.517+00:00,2026-09-19T05:45:22.774+00:00,True,4,4.0,,4.0,822.6645030000001,1078.9486630000001,1078.948556,269.737139,51.3329,822.6645030000001,369.4196492146635,715.2237508500001,85.42805333333332,29.785999769132165,3.7073126249381154,32,64,,False,True,,29,56.69694568066818
3,2026-09-19T05:45:22.092+00:00,2026-09-19T05:45:25.444+00:00,2026-09-19T05:45:25.811+00:00,True,5,5.0,,5.0,3352.033031,3718.588679,3718.588517,743.7177034,47.504569000000004,3352.033031,1458.3208211455446,2704.1613704,91.638912,29.790579292062652,1.3445961442943446,32,64,,False,True,,23,56.69694568066818
4,2026-09-19T05:45:22.568+00:00,2026-09-19T05:45:27.821+00:00,2026-09-19T05:45:34.298+00:00,True,66,66.0,,66.0,5253.505182,11730.010269999999,11730.010073,177.72742534848484,0.0,5253.505182,634.9612901113919,115.15547424999998,99.63853981538462,26.96871948821512,5.626593539205827,32,64,,False,True,,324,56.69694568066818
5,2026-09-19T05:45:22.864+00:00,2026-09-19T05:45:29.778+00:00,2026-09-19T05:45:33.997+00:00,True,43,43.0,,43.0,6913.706914,11133.073058,11133.073033,258.90867518604654,0.0,6913.706914,1039.4728088210552,140.9872113,100.46109866666667,31.382772329698895,3.862365743580661,32,64,,False,True,,202,56.69694568066818
6,2026-09-19T05:45:23.369+00:00,2026-09-19T05:45:32.337+00:00,2026-09-19T05:45:37.283+00:00,True,51,51.0,,51.0,8967.856399,13914.075407,13914.075613,272.82501201960787,0.0,8967.856399,1242.7696158076617,241.689382,98.92438016,46.98538726901504,3.6653531412042315,32,64,,False,True,,206,56.69694568066818
7,2026-09-19T05:45:23.831+00:00,2026-09-19T05:45:34.506+00:00,2026-09-19T05:45:41.277+00:00,True,70,70.0,,70.0,10675.11425,17446.407434,17446.407333,249.23439047142858,0.0,10675.11425,1265.0496293257145,190.00417619999996,98.13468382608696,46.94657424043829,4.012287358575739,32,64,,False,True,,232,56.69694568066818
8,2026-09-19T05:45:24.154+00:00,2026-09-19T05:45:36.456+00:00,2026-09-19T05:45:37.594+00:00,True,12,12.0,,12.0,12302.896476,13439.914332,13439.914338,1119.9928615,0.05898,12302.896476,3522.0929511315458,5669.0864316,103.36525963636365,55.08592950840912,0.892862834060511,32,64,,False,True,,24,56.69694568066818
9,2026-09-19T05:45:24.530+00:00,2026-09-19T05:45:38.516+00:00,2026-09-19T05:45:41.376+00:00,True,30,30.0,,30.0,13985.789545,16845.371241,16845.371092999998,561.5123697666667,0.0,13985.789545,2535.908756645263,220.76503205,98.60626537931034,49.557296572264775,1.7809046515391067,32,64,,False,True,,109,56.69694568066818
10,2026-09-19T05:45:24.840+00:00,2026-09-19T05:45:39.902+00:00,2026-09-19T05:45:46.135+00:00,True,65,65.0,,65.0,15062.175987999999,21294.983924,21294.983866,327.6151364,0.0,15062.175987999999,1856.8025656845807,136.51884760000002,97.387624,49.47733846749528,3.052362013137907,32,64,,False,True,,259,56.69694568066818
11,2026-09-19T05:45:25.219+00:00,2026-09-19T05:45:42.083+00:00,2026-09-19T05:45:51.255+00:00,True,95,95.0,,95.0,16864.1163,26035.809100000002,26035.809051,274.06114790526317,0.0,16864.1163,1721.0547722907222,121.38885669999999,97.5712,54.16699008603164,3.6488207312904284,32,64,,False,True,,384,56.69694568066818
12,2026-09-19T05:45:25.552+00:00,2026-09-19T05:45:44.152+00:00,2026-09-19T05:45:47.025+00:00,True,31,31.0,,31.0,18599.555537,21473.147857,21473.147801,692.6821871290323,0.0,18599.555537,3323.8847801663974,234.5141085,95.78641066666667,59.20472895741687,1.4436635097212518,32,64,,False,True,,148,56.69694568066818
13,2026-09-19T05:45:25.868+00:00,2026-09-19T05:45:45.969+00:00,2026-09-19T05:45:53.292+00:00,True,75,75.0,,75.0,20101.258778,27424.68585,27424.685955,365.6624794,0.0,20101.258778,2310.500492530582,114.7716474,98.9652307027027,62.51973682818902,2.734762411143535,32,64,,False,True,,267,56.69694568066818
14,2026-09-19T05:45:26.163+00:00,2026-09-19T05:45:47.727+00:00,2026-09-19T05:45:52.239+00:00,True,46,46.0,,46.0,21563.66167,26076.123238,26076.123096000003,566.8722412173913,0.0,21563.66167,3165.5901661305275,311.096005,100.27692373333333,79.92603164020728,1.7640659073495055,32,64,,False,True,,156,56.69694568066818
15,2026-09-19T05:45:26.491+00:00,2026-09-19T05:45:49.796+00:00,2026-09-19T05:45:58.545+00:00,True,94,94.0,,94.0,23304.545063999998,32054.063656,32054.063756999996,341.00067826595745,0.0,23304.545063999998,2394.869948842795,112.67012915,94.08084507526883,65.76204722303628,2.932545495909525,32,64,,False,True,,467,56.69694568066818
16,2026-09-19T05:45:26.944+00:00,2026-09-19T05:45:52.209+00:00,2026-09-19T05:45:56.643+00:00,True,51,51.0,,51.0,25264.858836,29698.742228,29698.742236,582.3282791372549,0.0,25264.858836,3525.967709333204,110.76741200000001,88.67766784,65.55158646340912,1.717244441143947,32,64,,False,True,,204,56.69694568066818
17,2026-09-19T05:45:27.319+00:00,2026-09-19T05:45:53.809+00:00,2026-09-19T05:46:00.183+00:00,True,69,69.0,,69.0,26489.769752999997,32864.305176999995,32864.30495,476.2942746376811,0.0,26489.769752999997,3178.724367905958,118.5843574,93.743168,80.96758057998348,2.0995423341032473,32,64,,False,True,,255,56.69694568066818
18,2026-09-19T05:45:27.687+00:00,2026-09-19T05:45:55.618+00:00,2026-09-19T05:46:03.466+00:00,True,83,83.0,,83.0,27931.494364,35779.313627999996,35779.31365,431.07606807228916,0.0,27931.494364,3055.9225485906386,114.1266512,95.70511297560975,58.21277488108602,2.319776194226551,32,64,,False,True,,325,56.69694568066818
19,2026-09-19T05:45:28.103+00:00,2026-09-19T05:45:58.014+00:00,2026-09-19T05:46:05.896+00:00,True,81,81.0,,81.0,29911.486179000003,37793.532131,37793.532208000004,466.5868173827161,0.0,29911.486179000003,3313.576243548921,114.27881299999999,98.52557440000001,82.93486595949062,2.143223864846442,32,64,,False,True,,335,56.69694568066818
20,2026-09-19T05:45:28.486+00:00,2026-09-19T05:46:00.651+00:00,2026-09-19T05:46:07.641+00:00,True,71,71.0,,71.0,32165.537918,39154.890622,39154.890407,551.4773296760563,0.0,32165.537918,3806.556167386094,115.910845,99.84789577142857,90.42754955573352,1.8133111565916917,32,64,,False,True,,257,56.69694568066818
21,2026-09-19T05:45:28.901+00:00,2026-09-19T05:46:02.456+00:00,2026-09-19T05:46:08.248+00:00,True,59,59.0,,59.0,33555.105601,39346.922561,39346.922509,666.8969916779662,0.0,33555.105601,4356.683881261042,163.93507499999998,99.85891310344827,102.35347817187414,1.499481945723496,32,64,,False,True,,220,56.69694568066818
22,2026-09-19T05:45:29.401+00:00,2026-09-19T05:46:05.900+00:00,2026-09-19T05:46:13.572+00:00,True,79,79.0,,79.0,36499.010424,44171.767672,44171.7678,559.1363012658228,0.0,36499.010424,4096.571777230313,110.38516880000002,98.36868266666667,98.93875988304701,1.7884726865951808,32,64,,False,True,,302,56.69694568066818
23,2026-09-19T05:45:29.805+00:00,2026-09-19T05:46:07.752+00:00,2026-09-19T05:46:07.849+00:00,True,2,2.0,,2.0,37947.02155,38044.367598,38044.367783999995,19022.183891999997,97.346234,37947.02155,26763.76208165268,36054.5377842,97.346048,nan,0.05257019964514118,32,64,,False,True,,3,56.69694568066818
24,2026-09-19T05:45:30.313+00:00,2026-09-19T05:46:10.163+00:00,2026-09-19T05:46:19.501+00:00,True,98,98.0,,98.0,39850.064957,49188.339005,49188.338964,501.92182616326534,0.0,39850.064957,4016.3989015802026,112.10249805000001,96.2708664742268,73.14749620453006,1.9923421278778755,32,64,,False,True,,479,56.69694568066818
25,2026-09-19T05:45:30.725+00:00,2026-09-19T05:46:12.580+00:00,2026-09-19T05:46:19.507+00:00,True,79,79.0,,79.0,41855.079086000005,48782.00030200001,48782.00045000001,617.4936765822786,0.0,41855.079086000005,4699.167582512279,113.08134799999999,88.80668225641026,30.04327627395561,1.6194497870305882,32,64,,False,True,,394,56.69694568066818
26,2026-09-19T05:45:31.253+00:00,2026-09-19T05:46:14.909+00:00,2026-09-19T05:46:24.543+00:00,True,99,99.0,,99.0,43655.700722,53289.862386,53289.862460000004,538.281438989899,0.0,43655.700722,4379.017876558383,116.760723,98.30777208163266,108.68410498116262,1.8577642269537684,32,64,,False,True,,446,56.69694568066818
27,2026-09-19T05:45:31.572+00:00,2026-09-19T05:46:16.655+00:00,2026-09-19T05:46:23.807+00:00,True,73,73.0,,73.0,45083.11270799999,52234.77350799999,52234.773498999995,715.5448424520547,0.0,45083.11270799999,5266.533548811694,117.89920900000001,99.32862222222222,129.89439537141374,1.39753645124583,32,64,,False,True,,323,56.69694568066818
28,2026-09-19T05:45:31.863+00:00,2026-09-19T05:46:18.396+00:00,2026-09-19T05:46:26.708+00:00,True,82,82.0,,82.0,46533.471788999996,54845.064749,54845.06469099999,668.8422523292683,0.0,46533.471788999996,5128.96919980453,116.88929159999999,102.6122587654321,126.4000475078797,1.4951208531756748,32,64,,False,True,,333,56.69694568066818
29,2026-09-19T05:45:32.343+00:00,2026-09-19T05:46:21.107+00:00,2026-09-19T05:46:24.236+00:00,True,33,33.0,,33.0,48763.416094,51892.66819,51892.668375,1572.5051022727273,0.01694,48763.416094,8472.911727345814,422.86590880000006,97.789128,151.57135462690502,0.635927986573627,32,64,,False,True,,151,56.69694568066818
30,2026-09-19T05:45:32.678+00:00,2026-09-19T05:46:23.325+00:00,2026-09-19T05:46:30.656+00:00,True,72,72.0,,72.0,50646.786148,57977.409891999996,57977.40986,805.2418036111111,0.0,50646.786148,5957.307863522053,116.32112310000001,103.24822174647888,91.62959146600537,1.2418629968831172,32,64,,False,True,,279,56.69694568066818
31,2026-09-19T05:45:33.123+00:00,2026-09-19T05:46:25.506+00:00,2026-09-19T05:46:35.726+00:00,True,100,100.0,,100.0,52383.273493,62603.228437,62603.228261000004,626.03228261,0.0,52383.273493,5228.569420943704,116.3548724,103.23186812121213,77.27208984051707,1.5973617095583783,32,64,,False,True,,394,56.69694568066818
32,2026-09-19T05:45:33.643+00:00,2026-09-19T05:46:28.177+00:00,2026-09-19T05:46:34.934+00:00,True,67,67.0,,67.0,54533.803823,61290.215471,61290.215303000004,914.779332880597,0.0,54533.803823,6650.52664509548,113.61190429999999,102.36987345454546,95.02368094647143,1.0931598051193283,32,64,,False,True,,250,56.69694568066818
33,2026-09-19T05:45:33.980+00:00,2026-09-19T05:46:29.983+00:00,2026-09-19T05:46:36.151+00:00,True,61,61.0,,61.0,56002.974281,62170.989385,62170.989511,1019.1965493606558,48.082507,56002.974281,7157.29772633369,114.059392,102.80025173333334,14.202366860349505,0.9811650193026762,32,64,,False,True,,235,56.69694568066818
34,2026-09-19T05:45:34.423+00:00,2026-09-19T05:46:32.808+00:00,2026-09-19T05:46:39.369+00:00,True,63,63.0,,63.0,58385.153075,64945.430579,64945.430616000005,1030.879851047619,0.0,58385.153075,7343.755860241541,117.31260600000002,105.81092748387097,136.5377091898389,0.9700451508034338,32,64,,False,True,,351,56.69694568066818
35,2026-09-19T05:45:34.735+00:00,2026-09-19T05:46:34.192+00:00,2026-09-19T05:46:39.366+00:00,True,44,44.0,,44.0,59456.556257,64630.537184999994,64630.537069,1468.8758424772727,0.016649,59456.556257,8946.61192222589,598.2757234,120.3251378604651,156.5842881033751,0.6807927322970154,32,64,,False,True,,151,56.69694568066818
36,2026-09-19T05:45:35.051+00:00,2026-09-19T05:46:36.149+00:00,2026-09-19T05:46:42.389+00:00,True,64,64.0,,64.0,61097.838133000005,67338.11614900001,67338.116194,1052.15806553125,0.0,61097.838133000005,7626.041115025894,114.10830659999999,99.052032,135.96131959659377,0.9504275388159996,32,64,,False,True,,298,56.69694568066818
37,2026-09-19T05:45:35.399+00:00,2026-09-19T05:46:37.856+00:00,2026-09-19T05:46:39.365+00:00,True,16,16.0,,16.0,62457.618936,63966.807287999996,63966.807236,3997.92545225,0.0,62457.618936,15590.806696865067,16292.7089925,100.6125568,227.92892444435338,0.25012972631200175,32,64,,False,True,,68,56.69694568066818
38,2026-09-19T05:45:35.782+00:00,2026-09-19T05:46:39.697+00:00,2026-09-19T05:46:44.339+00:00,True,48,48.0,,48.0,63914.841342,68556.821502,68556.821592,1428.2671165,44.855205000000005,63914.841342,9211.078247975474,113.49331484999999,98.76553531914894,19.93439149621233,0.7001491456047112,32,64,,False,True,,223,56.69694568066818
39,2026-09-19T05:45:36.072+00:00,2026-09-19T05:46:41.325+00:00,2026-09-19T05:46:44.859+00:00,True,37,37.0,,37.0,65253.276259000006,68787.40131500001,68787.40143700001,1859.1189577567568,45.237894,65253.276259000006,10711.45378418003,116.21800080000001,98.17014044444444,21.160667976391267,0.5378891961707478,32,64,,False,True,,144,56.69694568066818
40,2026-09-19T05:45:36.517+00:00,2026-09-19T05:46:43.817+00:00,2026-09-19T05:46:48.584+00:00,True,49,49.0,,49.0,67299.744311,72066.706743,72066.706878,1470.7491199591836,49.372104,67299.744311,9600.074094369049,113.59709720000001,99.31171733333333,15.527464786329935,0.6799256163423825,32,64,,False,True,,222,56.69694568066818
41,2026-09-19T05:45:37.104+00:00,2026-09-19T05:46:45.177+00:00,2026-09-19T05:46:47.044+00:00,True,20,20.0,,20.0,68073.668625,69940.29467300001,69940.29450500001,3497.01472525,50.412292,68073.668625,15199.77655593058,3511.5663176000003,98.24347621052631,17.37746722786655,0.28595818895971664,32,64,,False,True,,81,56.69694568066818
42,2026-09-19T05:45:37.245+00:00,2026-09-19T05:46:47.562+00:00,2026-09-19T05:46:51.507+00:00,True,42,42.0,,42.0,70317.21320900001,74261.98428100001,74261.98449500001,1768.1424879761908,0.0,70317.21320900001,10836.410508505922,111.8020722,96.21392858536585,154.53605849861015,0.5655652808989879,32,64,,False,True,,139,56.69694568066818
43,2026-09-19T05:45:37.657+00:00,2026-09-19T05:46:49.736+00:00,2026-09-19T05:46:50.309+00:00,True,7,7.0,,7.0,72079.444888,72651.956376,72651.95634399999,10378.850906285714,47.362809,72079.444888,27207.413303724312,50488.56344020001,95.41858133333332,23.8806730663722,0.09634977981559757,32,64,,False,True,,32,56.69694568066818
44,2026-09-19T05:45:38.038+00:00,2026-09-19T05:46:51.927+00:00,2026-09-19T05:46:53.596+00:00,True,17,17.0,,17.0,73889.19227599999,75558.35656399999,75558.35645999998,4444.609203529411,14.386396000000001,73889.19227599999,17895.516911916307,14979.554862399998,104.322768,46.83886280666144,0.22499165907083402,32,64,,False,True,,70,56.69694568066818
45,2026-09-19T05:45:38.475+00:00,2026-09-19T05:46:53.859+00:00,2026-09-19T05:46:55.654+00:00,True,13,13.0,,13.0,75383.90218199999,77178.83133399999,77178.83113099998,5936.833163923076,0.02955,75383.90218199999,20867.12713594526,30619.401562199997,149.57742933333336,200.13496550167116,0.16843996955254545,32,64,,False,True,,51,56.69694568066818
46,2026-09-19T05:45:38.795+00:00,2026-09-19T05:46:55.934+00:00,2026-09-19T05:47:03.409+00:00,True,75,75.0,,75.0,77139.109588,84614.53154000001,84614.53133200001,1128.1937510933335,48.741286,77139.109588,8895.607217668512,114.649422,101.01921556756757,16.323480456812142,0.8863725725946385,32,64,,False,True,,410,56.69694568066818
47,2026-09-19T05:45:39.134+00:00,2026-09-19T05:46:57.653+00:00,2026-09-19T05:46:58.147+00:00,True,6,6.0,,6.0,78519.131585,79013.005505,79013.00556599999,13168.834261,49.662414,78519.131585,32014.98614413273,58917.921214250004,98.774784,27.6434165190386,0.07593686585710648,32,64,,False,True,,18,56.69694568066818
48,2026-09-19T05:45:39.444+00:00,2026-09-19T05:47:00.019+00:00,2026-09-19T05:47:08.157+00:00,True,85,85.0,,85.0,80575.028707,88712.874979,88712.874827,1043.680880317647,0.0,80575.028707,8729.99794525913,110.7119342,96.87912228571429,127.29241548860145,0.9581472815543526,32,64,,False,True,,316,56.69694568066818
49,2026-09-19T05:45:39.807+00:00,2026-09-19T05:47:02.255+00:00,2026-09-19T05:47:02.255+00:00,True,1,1.0,,1.0,82447.940187,82447.940187,82447.940187,82447.940187,82447.940187,82447.940187,nan,82447.940187,nan,nan,0.012128865775565795,32,64,,False,True,,2,56.69694568066818
50,2026-09-19T05:45:40.183+00:00,2026-09-19T05:47:04.853+00:00,2026-09-19T05:47:07.078+00:00,True,31,31.0,,31.0,84670.407338,86895.12593000001,86895.126019,2803.0685812580646,0.0,84670.407338,15193.99335127851,112.23102200000001,74.1572864,42.81415659201734,0.3567518853125621,32,64,,False,True,,137,56.69694568066818
51,2026-09-19T05:45:40.601+00:00,2026-09-19T05:47:06.966+00:00,2026-09-19T05:47:14.631+00:00,True,79,79.0,,79.0,86365.09127599999,94030.33031599999,94030.33027299999,1190.257345227848,42.574870000000004,86365.09127599999,9705.79141485844,113.64021290000001,98.27229538461539,17.729812525422687,0.8401544452147642,32,64,,False,True,,359,56.69694568066818
52,2026-09-19T05:45:41.036+00:00,2026-09-19T05:47:09.154+00:00,2026-09-19T05:47:16.307+00:00,True,74,74.0,,74.0,88117.715337,95271.203721,95271.203834,1287.4487004594596,43.211878,88117.715337,10232.09875410332,110.2733475,97.99299156164383,16.963329206073144,0.77672997831231,32,64,,False,True,,326,56.69694568066818
53,2026-09-19T05:45:41.417+00:00,2026-09-19T05:47:11.386+00:00,2026-09-19T05:47:16.102+00:00,True,50,50.0,,50.0,89969.073078,94685.60223,94685.602022,1893.71204044,47.174969,89969.073078,12709.947581355715,111.09613135,96.25569697959183,17.541533721190184,0.5280633889674738,32,64,,False,True,,249,56.69694568066818
54,2026-09-19T05:45:41.877+00:00,2026-09-19T05:47:13.911+00:00,2026-09-19T05:47:23.619+00:00,True,100,100.0,,100.0,92033.91397499999,101742.655607,101742.65553699998,1017.4265553699998,0.0,92033.91397499999,9195.013299674125,111.79081685,98.0680972929293,162.91127550565517,0.9828719272501465,32,64,,False,True,,434,56.69694568066818
55,2026-09-19T05:45:42.185+00:00,2026-09-19T05:47:15.901+00:00,2026-09-19T05:47:20.410+00:00,True,37,37.0,,37.0,93715.45674600001,98224.28183400001,98224.28181700001,2654.7103193783787,0.0,93715.45674600001,15388.267337991321,1037.2913442,125.24514133333332,259.73904799415976,0.37668893382728275,32,64,,False,True,,211,56.69694568066818
56,2026-09-19T05:45:42.614+00:00,2026-09-19T05:47:17.995+00:00,2026-09-19T05:47:22.674+00:00,True,48,48.0,,48.0,95380.624352,100059.815648,100059.815683,2084.579493395833,0.0,95380.624352,13753.90210406106,111.76635675,99.55726161702128,188.52838035434692,0.479713056526698,32,64,,False,True,,215,56.69694568066818
57,2026-09-19T05:45:42.926+00:00,2026-09-19T05:47:20.405+00:00,2026-09-19T05:47:26.976+00:00,True,74,74.0,,74.0,97479.17231200001,104049.57333600002,104049.57320700001,1406.0753136081082,0.0,97479.17231200001,11321.310312853611,112.85986999999999,90.00549347945206,33.75464144219505,0.7111994564459864,32,64,,False,True,,293,56.69694568066818
58,2026-09-19T05:45:43.452+00:00,2026-09-19T05:47:22.245+00:00,2026-09-19T05:47:26.032+00:00,True,39,39.0,,39.0,98793.36968,102579.744336,102579.744366,2630.249855538462,50.513172,98793.36968,15803.655289880302,113.7977728,99.64143831578947,18.7191779928047,0.38019201795098534,32,64,,False,True,,146,56.69694568066818
59,2026-09-19T05:45:43.748+00:00,2026-09-19T05:47:23.618+00:00,2026-09-19T05:47:25.230+00:00,True,17,17.0,,17.0,99869.75409,101481.88413800001,101481.88424700001,5969.522602764706,51.579589999999996,99869.75409,24197.54259314144,20065.3390436,100.758128,18.735542236056613,0.167517583501727,32,64,,False,True,,48,56.69694568066818
60,2026-09-19T05:45:44.081+00:00,2026-09-19T05:47:25.922+00:00,2026-09-19T05:47:28.438+00:00,True,27,27.0,,27.0,101840.96184,104357.381936,104357.381826,3865.088215777778,42.070081,101840.96184,19580.68604869959,113.3859696,96.7853883076923,20.342203163831233,0.2587263066503382,32,64,,True,True,,116,56.69694568066818
61,2026-09-19T05:45:44.427+00:00,2026-09-19T05:47:27.863+00:00,2026-09-19T05:47:37.333+00:00,True,97,97.0,,97.0,103436.188452,112905.77667600001,112905.776612,1163.9770784742268,41.490682,103436.188452,10492.35146034966,112.3036456,98.641544,16.770845337870345,0.8591234466094325,32,64,,True,True,,465,56.69694568066818
62,2026-09-19T05:45:44.754+00:00,2026-09-19T05:47:29.605+00:00,2026-09-19T05:47:36.756+00:00,True,73,73.0,,73.0,104851.05749699999,112002.22293699998,112002.22292499998,1534.2770263698628,44.852564,104851.05749699999,12260.273285474592,110.5654094,99.32174222222223,15.73885560488262,0.6517727781265708,32,64,,True,True,,311,56.69694568066818
63,2026-09-19T05:45:45.091+00:00,2026-09-19T05:47:31.653+00:00,2026-09-19T05:47:34.350+00:00,True,28,28.0,,28.0,106562.340024,109259.34508,109259.345079,3902.119467107143,46.8966,106562.340024,20119.51775781323,113.08550460000001,99.88907614814815,15.397864429620002,0.25627098514546576,32,64,,True,True,,126,56.69694568066818
64,2026-09-19T05:45:45.400+00:00,2026-09-19T05:47:33.244+00:00,2026-09-19T05:47:33.614+00:00,True,5,5.0,,5.0,107844.00375,108214.487462,108214.48760600001,21642.8975212,44.928844,107844.00375,48187.89119967985,86297.15217020002,92.620928,31.829013691935685,0.04620453432130122,32,64,,True,True,,22,56.69694568066818
65,2026-09-19T05:45:45.882+00:00,2026-09-19T05:47:35.712+00:00,2026-09-19T05:47:38.120+00:00,True,25,25.0,,25.0,109830.805786,112238.818586,112238.818732,4489.55274928,53.924923,109830.805786,21946.09888660702,111.6082284,100.33386666666667,14.36257567340293,0.22273933666581155,32,64,,True,True,,80,56.69694568066818
66,2026-09-19T05:45:46.368+00:00,2026-09-19T05:47:38.126+00:00,2026-09-19T05:47:45.841+00:00,True,80,80.0,,80.0,111757.92129299999,119473.44999699999,119473.449962,1493.418124525,47.045799,111757.92129299999,12484.010815876702,110.7391959,97.66492030379747,19.237196318034968,0.6696048369073533,32,64,,True,True,,197,56.69694568066818
67,2026-09-19T05:45:46.709+00:00,2026-09-19T05:47:39.954+00:00,2026-09-19T05:47:48.009+00:00,True,81,81.0,,81.0,113244.262545,121299.641489,121299.641632,1497.5264399012347,47.682077,113244.262545,12571.516612353822,111.479417,100.6922368,14.96906354311015,0.6677678433810165,32,64,,True,True,,322,56.69694568066818
68,2026-09-19T05:45:47.129+00:00,2026-09-19T05:47:42.500+00:00,2026-09-19T05:47:46.554+00:00,True,41,41.0,,41.0,115370.800862,119424.25673400001,119424.256655,2912.786747682927,46.73072,115370.800862,18002.070077239478,109.631281,101.3363968,12.424794905630907,0.34331383858910236,32,64,,True,True,,191,56.69694568066818
69,2026-09-19T05:45:47.642+00:00,2026-09-19T05:47:45.220+00:00,2026-09-19T05:47:53.509+00:00,True,83,83.0,,83.0,117577.750098,125866.570322,125866.570384,1516.4647034216869,47.623987,117577.750098,12894.745994005041,110.2890712,101.08317346341464,13.109902545218711,0.6594284708613576,32,64,,True,True,,278,56.69694568066818
70,2026-09-19T05:45:48.013+00:00,2026-09-19T05:47:47.173+00:00,2026-09-19T05:47:53.601+00:00,True,65,65.0,,65.0,119159.833581,125588.449261,125588.449238,1932.129988276923,46.885538999999994,119159.833581,14767.507492639303,111.9766992,100.44712,15.58227726252325,0.517563521028243,32,64,,True,True,,297,56.69694568066818
71,2026-09-19T05:45:48.546+00:00,2026-09-19T05:47:50.124+00:00,2026-09-19T05:47:53.195+00:00,True,31,31.0,,31.0,121578.100648,124649.11863200001,124649.118589,4020.939309322581,49.748432,121578.100648,21817.688350549684,110.6304495,102.36726613333335,10.765144277648353,0.24869810825956098,32,64,,True,True,,154,56.69694568066818
72,2026-09-19T05:45:48.948+00:00,2026-09-19T05:47:52.579+00:00,2026-09-19T05:47:55.796+00:00,True,34,34.0,,34.0,123631.778498,126848.021698,126848.021548,3730.8241631764704,44.822644,123631.778498,21185.96668706695,109.58299575000001,97.46191515151516,16.427339530994292,0.26803729017506683,32,64,,True,True,,159,56.69694568066818
73,2026-09-19T05:45:49.382+00:00,2026-09-19T05:47:54.152+00:00,2026-09-19T05:47:56.296+00:00,True,23,23.0,,23.0,124769.45056,126913.647424,126913.64745,5517.98467173913,49.175233,124769.45056,25995.91083865915,109.31424640000002,97.46349381818182,15.667044385195544,0.18122558500868197,32,64,,True,True,,97,56.69694568066818
74,2026-09-19T05:45:49.760+00:00,2026-09-19T05:47:55.893+00:00,2026-09-19T05:48:03.589+00:00,True,78,78.0,,78.0,126132.39287299999,133828.547497,133828.54757999998,1715.7506099999998,45.767433,126132.39287299999,14270.371850296395,110.5665302,99.95006005194806,15.013396353573418,0.5828352878278718,32,64,,True,True,,267,56.69694568066818
75,2026-09-19T05:45:50.200+00:00,2026-09-19T05:47:58.701+00:00,2026-09-19T05:47:58.701+00:00,True,1,1.0,,1.0,128500.70713,128500.70713,128500.70713,128500.70713,128500.70713,128500.70713,nan,128500.70713,nan,nan,0.007782058342981198,32,64,,True,True,,4,56.69694568066818
76,2026-09-19T05:45:50.508+00:00,2026-09-19T05:48:00.576+00:00,2026-09-19T05:48:02.069+00:00,True,16,16.0,,16.0,130068.175971,131560.624227,131560.624129,8222.5390080625,47.467957999999996,130068.175971,32492.17296148735,32597.798312250005,99.4965504,14.702711069599243,0.12161693587279546,32,64,,True,True,,45,56.69694568066818
77,2026-09-19T05:45:50.923+00:00,2026-09-19T05:48:02.648+00:00,2026-09-19T05:48:09.616+00:00,True,71,71.0,,71.0,131724.870469,138693.16435699997,138693.16440399998,1953.4248507605632,45.704302000000006,131724.870469,15621.062255531187,111.34881700000001,99.54705554285714,18.06597066585855,0.5119214081614294,32,64,,True,True,,177,56.69694568066818
78,2026-09-19T05:45:51.331+00:00,2026-09-19T05:48:04.490+00:00,2026-09-19T05:48:09.727+00:00,True,53,53.0,,53.0,133158.601793,138396.20102500002,138396.200902,2611.249073622642,46.712879,133158.601793,18276.913042044605,114.33980159999999,100.72306215384616,17.02993202577115,0.3829584887985909,32,64,,True,True,,211,56.69694568066818
79,2026-09-19T05:45:51.787+00:00,2026-09-19T05:48:06.983+00:00,2026-09-19T05:48:12.363+00:00,True,54,54.0,,54.0,135196.05863999997,140576.07348799997,140576.073552,2603.260621333333,47.676627,135196.05863999997,18384.045835290442,113.8658063,101.50971411320755,15.347602399048096,0.384133648494668,32,64,,True,True,,187,56.69694568066818
80,2026-09-19T05:45:52.261+00:00,2026-09-19T05:48:09.412+00:00,2026-09-19T05:48:11.951+00:00,True,26,26.0,,26.0,137151.076633,139690.045721,139690.045719,5372.694066115384,48.916535,137151.076633,26877.626463000684,114.20844299999999,101.55876352,16.215613168595436,0.18612636187355294,32,64,,True,True,,78,56.69694568066818
81,2026-09-19T05:45:52.585+00:00,2026-09-19T05:48:11.425+00:00,2026-09-19T05:48:13.877+00:00,True,25,25.0,,25.0,138839.987326,141291.442558,141291.442579,5651.65770316,56.832237,138839.987326,27747.57047421401,110.72518419999999,102.143968,10.217426998863838,0.17693923671093897,32,64,,True,True,,113,56.69694568066818
82,2026-09-19T05:45:53.110+00:00,2026-09-19T05:48:14.388+00:00,2026-09-19T05:48:19.136+00:00,True,48,48.0,,48.0,141278.313044,146025.818452,146025.81846900002,3042.2045514375004,44.123886,141278.313044,20377.194721756747,112.07195350000002,101.01075336170213,16.26288493275711,0.3287089948122977,32,64,,True,True,,206,56.69694568066818
83,2026-09-19T05:45:53.479+00:00,2026-09-19T05:48:16.263+00:00,2026-09-19T05:48:19.560+00:00,True,33,33.0,,33.0,142783.908619,146080.92698699998,146080.92685699998,4426.694753242424,50.87691,142783.908619,24837.556342899763,112.37930840000001,103.031824,13.885406882889425,0.22590218093931405,32,64,,True,True,,151,56.69694568066818
84,2026-09-19T05:45:53.989+00:00,2026-09-19T05:48:19.559+00:00,2026-09-19T05:48:26.572+00:00,True,74,74.0,,74.0,145570.474976,152583.427296,152583.427104,2061.938204108108,45.139132,145570.474976,16911.068488249322,110.9634228,96.06784,20.4209363567133,0.4849805861054998,32,64,,True,True,,343,56.69694568066818
85,2026-09-19T05:45:54.309+00:00,2026-09-19T05:48:21.238+00:00,2026-09-19T05:48:29.727+00:00,True,89,89.0,,89.0,146928.92193,155417.626954,155417.626965,1746.265471516854,44.462255,146928.92193,15564.222517816193,111.806086,96.46255709090909,20.19482748983855,0.5726506172066437,32,64,,True,True,,314,56.69694568066818
86,2026-09-19T05:45:54.716+00:00,2026-09-19T05:48:23.049+00:00,2026-09-19T05:48:24.775+00:00,True,21,21.0,,21.0,148333.50410299998,150059.276647,150059.27654899997,7145.679835666666,47.536728000000004,148333.50410299998,32350.20502296444,109.596942,86.28862720000001,26.648879600836626,0.1399446969839824,32,64,,True,True,,59,56.69694568066818
87,2026-09-19T05:45:55.011+00:00,2026-09-19T05:48:25.141+00:00,2026-09-19T05:48:31.236+00:00,True,62,62.0,,62.0,150130.655362,156225.56454599998,156225.56456499998,2519.7671704032255,45.218854,150130.655362,19053.93040831342,110.42152850000001,99.916544,17.074041397574273,0.39686206403014374,32,64,,True,True,,270,56.69694568066818
88,2026-09-19T05:45:55.440+00:00,2026-09-19T05:48:27.306+00:00,2026-09-19T05:48:36.593+00:00,True,94,94.0,,94.0,151865.903723,161152.736875,161152.736776,1714.3908167659574,46.563010000000006,151865.903723,15653.482497904415,112.30600015,99.8584209892473,17.91312197751222,0.5832975711291344,32,64,,True,True,,400,56.69694568066818
89,2026-09-19T05:45:55.781+00:00,2026-09-19T05:48:29.051+00:00,2026-09-19T05:48:31.548+00:00,True,26,26.0,,26.0,153269.963199,155766.986431,155766.986495,5991.037942115384,48.321856,153269.963199,30039.128190958905,109.96026575,99.88092928,15.088658092118097,0.16691598518866643,32,64,,True,True,,123,56.69694568066818
90,2026-09-19T05:45:56.152+00:00,2026-09-19T05:48:31.338+00:00,2026-09-19T05:48:31.813+00:00,True,6,6.0,,6.0,155185.50617699997,155660.06540899997,155660.06541699998,25943.344236166664,48.936184000000004,155185.50617699997,63315.47418893347,116416.25138624998,94.9118464,25.744308558880753,0.03854553179220938,32,64,,True,True,,32,56.69694568066818
91,2026-09-19T05:45:56.603+00:00,2026-09-19T05:48:33.406+00:00,2026-09-19T05:48:34.152+00:00,True,8,8.0,,8.0,156802.365737,157548.17616899998,157548.176147,19693.522018375,100.801822,156802.365737,55400.33908010964,101961.4239429,106.54434742857143,4.1762042082761734,0.0507781187604387,32,64,,True,True,,28,56.69694568066818
92,2026-09-19T05:45:57.108+00:00,2026-09-19T05:48:36.105+00:00,2026-09-19T05:48:40.463+00:00,True,44,44.0,,44.0,158996.953201,163354.643825,163354.643659,3712.6055377045454,50.007993,158996.953201,23954.421589738045,114.85621965000001,101.34164241860466,18.323184617133368,0.26935261202085387,32,64,,True,True,,176,56.69694568066818
93,2026-09-19T05:45:57.506+00:00,2026-09-19T05:48:38.586+00:00,2026-09-19T05:48:45.831+00:00,True,72,72.0,,72.0,161079.881111,168325.175191,168325.175266,2337.8496564722223,44.938053999999994,161079.881111,18971.42452845041,112.03964404999999,102.04639549295774,13.549696232867568,0.4277435025289651,32,64,,True,True,,333,56.69694568066818
94,2026-09-19T05:45:57.812+00:00,2026-09-19T05:48:40.144+00:00,2026-09-19T05:48:41.644+00:00,True,15,15.0,,15.0,162332.387998,163832.48527799998,163832.485269,10922.165684599999,100.23269400000001,162332.387998,41886.37655247892,48777.4970807,107.14980571428572,3.8241008441668285,0.09155693374575362,32,64,,True,True,,68,56.69694568066818
95,2026-09-19T05:45:58.246+00:00,2026-09-19T05:48:42.380+00:00,2026-09-19T05:48:46.519+00:00,True,43,43.0,,43.0,164134.57007800002,168272.857182,168272.85703200003,3913.32225655814,45.987922,164134.57007800002,25015.267281784167,112.99081619999998,98.53064533333333,17.218394980059184,0.2555373499927692,32,64,,True,True,,145,56.69694568066818
96,2026-09-19T05:45:58.758+00:00,2026-09-19T05:48:45.164+00:00,2026-09-19T05:48:52.737+00:00,True,77,77.0,,77.0,166405.597034,173979.154538,173979.154615,2259.4695404545455,44.454875,166405.597034,18952.328492969704,110.9516786,99.65207242105264,16.556476137004434,0.4425817575931598,32,64,,True,True,,336,56.69694568066818
97,2026-09-19T05:45:59.084+00:00,2026-09-19T05:48:47.247+00:00,2026-09-19T05:48:55.394+00:00,True,81,81.0,,81.0,168163.582871,176310.60597499998,176310.60612399998,2176.6741496790123,45.783892,168163.582871,18673.531333574334,110.68030999999999,101.8377888,12.45603564981597,0.4594164914360593,32,64,,True,True,,337,56.69694568066818
98,2026-09-19T05:45:59.500+00:00,2026-09-19T05:48:48.956+00:00,2026-09-19T05:48:51.890+00:00,True,30,30.0,,30.0,169455.430241,172389.639009,172389.638929,5746.321297633333,50.679311,169455.430241,30919.71755964241,110.89491575,101.17961268965517,14.165442473980324,0.1740243797275646,32,64,,True,True,,109,56.69694568066818
99,2026-09-19T05:45:59.805+00:00,2026-09-19T05:48:51.048+00:00,2026-09-19T05:48:52.519+00:00,True,15,15.0,,15.0,171242.82693900002,172713.44197900002,172713.44205900002,11514.229470600001,97.535112,171242.82693900002,44187.585816964696,51451.7482499,105.04393142857143,4.898218969389364,0.08684905950646173,32,64,,True,True,,41,56.69694568066818
100,2026-09-19T05:46:00.148+00:00,2026-09-19T05:48:52.950+00:00,2026-09-19T05:48:54.364+00:00,True,15,15.0,,15.0,172802.416463,174216.815439,174216.815416,11614.454361066666,46.005682,172802.416463,44591.30948137991,51919.7875827,101.02849828571428,16.546474607101068,0.0860996107763896,32,64,,True,True,,74,56.69694568066818
101,2026-09-19T05:46:00.659+00:00,2026-09-19T05:48:55.087+00:00,2026-09-19T05:49:01.309+00:00,True,64,64.0,,64.0,174428.069076,180649.68034000002,180649.68047000002,2822.6512573437503,44.338296,174428.069076,21791.17136038219,111.8764661,98.75573434920635,17.847742233360105,0.3542768516365258,32,64,,True,True,,376,56.69694568066818
102,2026-09-19T05:46:00.952+00:00,2026-09-19T05:48:57.147+00:00,2026-09-19T05:49:04.630+00:00,True,76,76.0,,76.0,176195.02065299999,183678.11057299998,183678.11071799998,2416.8172462894736,46.851879999999994,176195.02065299999,20199.516510715137,112.0223515,99.77453226666667,16.252218706914636,0.4137673224256899,32,64,,True,True,,290,56.69694568066818
103,2026-09-19T05:46:01.289+00:00,2026-09-19T05:48:58.738+00:00,2026-09-19T05:49:03.676+00:00,True,51,51.0,,51.0,177448.82649500002,182386.975871,182386.97603800002,3576.215216431373,41.787322,177448.82649500002,24833.98210384702,110.457405,98.76298752,17.32336197477951,0.279625229578189,32,64,,True,True,,230,56.69694568066818
104,2026-09-19T05:46:01.798+00:00,2026-09-19T05:49:01.310+00:00,2026-09-19T05:49:04.206+00:00,True,30,30.0,,30.0,179511.79231999998,182407.90521599998,182407.90528699997,6080.263509566666,46.836059999999996,179511.79231999998,32755.991258430768,115.03026575,99.86596193103448,18.18718520690643,0.16446655622997933,32,64,,True,True,,131,56.69694568066818
105,2026-09-19T05:46:02.144+00:00,2026-09-19T05:49:03.571+00:00,2026-09-19T05:49:05.428+00:00,True,19,19.0,,19.0,181426.735868,183283.561468,183283.561249,9646.503223631578,50.89696,181426.735868,41598.48403073996,18245.9645168,103.15697777777778,13.629658085735738,0.10366450677747914,32,64,,True,True,,71,56.69694568066818
106,2026-09-19T05:46:02.488+00:00,2026-09-19T05:49:05.532+00:00,2026-09-19T05:49:07.018+00:00,True,16,16.0,,16.0,183044.022674,184530.398866,184530.398977,11533.1499360625,52.950596,183044.022674,45736.23631576254,45846.818546,99.09174613333334,18.746061343672707,0.08670658112877479,32,64,,True,True,,86,56.69694568066818
107,2026-09-19T05:46:02.987+00:00,2026-09-19T05:49:08.200+00:00,2026-09-19T05:49:16.709+00:00,True,85,85.0,,85.0,185213.201718,193722.307894,193722.307879,2279.0859750470586,44.490435,185213.201718,20078.212156790818,113.7283562,101.29888304761904,17.1555780925922,0.4387723898401513,32,64,,True,True,,281,56.69694568066818
108,2026-09-19T05:46:03.473+00:00,2026-09-19T05:49:10.833+00:00,2026-09-19T05:49:12.046+00:00,True,13,13.0,,13.0,187359.208539,188572.71791500002,188572.717814,14505.593678000001,53.379225,187359.208539,51936.04972865238,75010.6648104,101.12578133333332,15.43000988082133,0.06893892257447234,32,64,,True,True,,49,56.69694568066818
109,2026-09-19T05:46:03.817+00:00,2026-09-19T05:49:12.557+00:00,2026-09-19T05:49:17.556+00:00,True,50,50.0,,50.0,188739.63497299998,193738.35497299998,193738.35499199998,3874.7670998399994,44.566145,188739.63497299998,26677.39278576983,114.00569650000001,102.01469387755103,15.980265457544713,0.2580800276071724,32,64,,True,True,,195,56.69694568066818
110,2026-09-19T05:46:04.319+00:00,2026-09-19T05:49:15.365+00:00,2026-09-19T05:49:19.612+00:00,True,44,44.0,,44.0,191045.26728600002,195292.30651800003,195292.30646500003,4438.461510568182,45.582783000000006,191045.26728600002,28786.27525646136,115.19024574999999,98.76835423255815,20.939359979638134,0.2253032942490468,32,64,,True,True,,193,56.69694568066818
111,2026-09-19T05:46:04.686+00:00,2026-09-19T05:49:17.446+00:00,2026-09-19T05:49:21.118+00:00,True,39,39.0,,39.0,192759.926733,196431.977165,196431.977195,5036.717363974359,45.808473,192759.926733,30850.824198276703,113.3859649,96.63290610526316,20.53109639608032,0.198542012165568,32,64,,True,True,,126,56.69694568066818
112,2026-09-19T05:46:05.099+00:00,2026-09-19T05:49:19.614+00:00,2026-09-19T05:49:22.259+00:00,True,27,27.0,,27.0,194515.834263,197160.434583,197160.434572,7302.238317481481,48.507756,194515.834263,37415.01645769787,112.81850200000001,101.71539692307692,11.956893190466564,0.13694431165718304,32,64,,True,True,,112,56.69694568066818
113,2026-09-19T05:46:05.518+00:00,2026-09-19T05:49:22.053+00:00,2026-09-19T05:49:29.799+00:00,True,76,76.0,,76.0,196535.496722,204280.972306,204280.97222000003,2687.9075292105263,50.678271,196535.496722,22532.325016099097,114.04631649999999,103.27300778666667,12.887412034733794,0.3720366079233106,32,64,,True,True,,356,56.69694568066818
114,2026-09-19T05:46:05.886+00:00,2026-09-19T05:49:24.065+00:00,2026-09-19T05:49:31.615+00:00,True,74,74.0,,74.0,198178.712577,205728.391681,205728.391626,2780.113400351351,46.991169,198178.712577,23025.78868015814,114.30155415000002,103.42026169863014,13.063412721962969,0.3596975575191562,32,64,,True,True,,355,56.69694568066818
115,2026-09-19T05:46:06.268+00:00,2026-09-19T05:49:26.092+00:00,2026-09-19T05:49:32.426+00:00,True,63,63.0,,63.0,199824.377917,206158.233661,206158.233867,3272.3529185238094,50.856519999999996,199824.377917,25162.63902608299,112.90378319999999,102.15896361290322,15.363958708272257,0.30559051113910485,32,64,,True,True,,306,56.69694568066818
116,2026-09-19T05:46:06.635+00:00,2026-09-19T05:49:28.239+00:00,2026-09-19T05:49:31.944+00:00,True,37,37.0,,37.0,201603.99725299998,205309.07450099997,205309.074516,5548.893905837837,47.661477,201603.99725299998,33126.57732349411,114.5502598,102.91881244444444,16.68873455084697,0.1802160965847605,32,64,,True,True,,120,56.69694568066818
117,2026-09-19T05:46:07.380+00:00,2026-09-19T05:49:30.117+00:00,2026-09-19T05:49:35.476+00:00,True,52,52.0,,52.0,202736.64802000002,208095.93582800002,208095.93584200004,4001.844920038462,49.538153,202736.64802000002,28099.945520387955,115.77659755,105.08407466666667,14.062866570477123,0.24988474567316957,32,64,,True,True,,176,56.69694568066818
118,2026-09-19T05:46:07.509+00:00,2026-09-19T05:49:33.527+00:00,2026-09-19T05:49:42.461+00:00,True,90,90.0,,90.0,206017.666189,214951.45127700001,214951.451299,2388.349458877778,44.271015,206017.666189,21705.59387136869,112.41732094999999,100.37960773033709,16.272901694336404,0.4186991967968633,32,64,,True,True,,357,56.69694568066818
119,2026-09-19T05:46:08.016+00:00,2026-09-19T05:49:36.387+00:00,2026-09-19T05:49:41.046+00:00,True,49,49.0,,49.0,208371.12441999998,213029.94809999998,213029.948166,4347.549962571428,48.815457,208371.12441999998,29753.44319725627,114.5166208,97.05882666666668,17.87165648399825,0.23001460797896145,32,64,,True,True,,196,56.69694568066818
120,2026-09-19T05:46:08.347+00:00,2026-09-19T05:49:38.475+00:00,2026-09-19T05:49:47.647+00:00,True,96,96.0,,96.0,210128.178257,219299.681361,219299.681318,2284.371680395833,46.708082000000005,210128.178257,21436.27340721781,111.554448,96.5421379368421,20.08449029799027,0.43775713400134714,32,64,,True,True,,328,56.69694568066818
121,2026-09-19T05:46:08.638+00:00,2026-09-19T05:49:39.792+00:00,2026-09-19T05:49:47.275+00:00,True,79,79.0,,79.0,211154.58688,218636.765952,218636.765873,2767.553998392405,48.271588,211154.58688,23745.96404678187,111.94664,95.92537271794872,21.267665011690813,0.3613298964426863,32,64,,True,True,,324,56.69694568066818
122,2026-09-19T05:46:09.000+00:00,2026-09-19T05:49:41.769+00:00,2026-09-19T05:49:45.104+00:00,True,35,35.0,,35.0,212768.91130399998,216104.84551199997,216104.84554299997,6174.424158371428,45.459176,212768.91130399998,35947.9315595329,114.1195834,98.115712,21.098552349583247,0.161958423084301,32,64,,True,True,,156,56.69694568066818
123,2026-09-19T05:46:09.469+00:00,2026-09-19T05:49:44.267+00:00,2026-09-19T05:49:47.491+00:00,True,35,35.0,,35.0,214797.593516,218022.131372,218022.131361,6229.203753171429,46.720271999999994,214797.593516,36291.39673978396,112.18003440000001,94.83934870588236,23.68649269509591,0.1605341612787066,32,64,,True,True,,202,56.69694568066818
124,2026-09-19T05:46:09.785+00:00,2026-09-19T05:49:46.102+00:00,2026-09-19T05:49:49.311+00:00,True,35,35.0,,35.0,216317.330494,219525.901886,219525.901797,6272.168622771428,47.87634,216317.330494,36548.35828303213,112.3203931,94.36974682352941,23.340284304187474,0.15943448904801916,32,64,,True,True,,207,56.69694568066818
125,2026-09-19T05:46:10.190+00:00,2026-09-19T05:49:47.752+00:00,2026-09-19T05:49:51.708+00:00,True,42,42.0,,42.0,217561.84567100002,221517.685415,221517.685472,5274.230606476191,43.674019,217561.84567100002,33555.63832569159,109.86340450000002,96.48389619512194,17.600565036877242,0.1896011143368329,32,64,,True,True,,163,56.69694568066818
126,2026-09-19T05:46:10.504+00:00,2026-09-19T05:49:49.462+00:00,2026-09-19T05:49:54.274+00:00,True,50,50.0,,50.0,218958.52730199997,223770.26438999997,223770.26441399998,4475.40528828,50.50516399999999,218958.52730199997,30951.52767128388,108.14025235000001,98.19871608163265,14.167324919508188,0.22344345052413694,32,64,,True,True,,195,56.69694568066818
127,2026-09-19T05:46:10.859+00:00,2026-09-19T05:49:51.152+00:00,2026-09-19T05:49:55.754+00:00,True,48,48.0,,48.0,220293.09552,224895.104608,224895.104494,4685.314676958334,49.692775999999995,220293.09552,31782.440891121572,111.64805894999999,97.91508697872341,16.54825385204731,0.2134328360933675,32,64,,True,True,,223,56.69694568066818
128,2026-09-19T05:46:11.235+00:00,2026-09-19T05:49:53.393+00:00,2026-09-19T05:49:58.920+00:00,True,57,57.0,,57.0,222158.54792399998,227685.38619599998,227685.38611,3994.4804580701752,47.161822,222158.54792399998,29412.55182494802,113.0773024,98.69354057142857,18.29969164235441,0.2503454479548033,32,64,,True,True,,213,56.69694568066818
129,2026-09-19T05:46:11.681+00:00,2026-09-19T05:49:55.860+00:00,2026-09-19T05:50:04.626+00:00,True,89,89.0,,89.0,224179.232465,232945.308625,232945.30858100002,2617.3630177640453,46.318914,224179.232465,23752.39861059787,113.08197779999999,99.61450181818181,17.8233868733074,0.3820639296208106,32,64,,True,True,,417,56.69694568066818
130,2026-09-19T05:46:12.188+00:00,2026-09-19T05:49:58.382+00:00,2026-09-19T05:50:02.805+00:00,True,46,46.0,,46.0,226193.85626,230616.813316,230616.813275,5013.40898423913,46.237294999999996,226193.85626,33335.979339964426,115.29816875,98.28793457777778,21.000791985695106,0.19946507515464204,32,64,,True,True,,257,56.69694568066818
131,2026-09-19T05:46:12.658+00:00,2026-09-19T05:50:01.529+00:00,2026-09-19T05:50:06.884+00:00,True,57,57.0,,57.0,228870.33062,234225.17170799998,234225.171621,4109.213537210526,43.93357,228870.33062,30301.957440976326,112.66783880000001,95.62216228571428,20.868715089720617,0.24335556927698546,32,64,,True,True,,246,56.69694568066818
132,2026-09-19T05:46:12.990+00:00,2026-09-19T05:50:03.176+00:00,2026-09-19T05:50:12.466+00:00,True,97,97.0,,97.0,230185.55405099998,239475.93357099997,239475.93355,2468.8240572164946,0.03436,230185.55405099998,23361.99001912152,111.72747299999999,96.77478666666667,25.758467317877145,0.40505114043637863,32,64,,True,True,,396,56.69694568066818
133,2026-09-19T05:46:13.447+00:00,2026-09-19T05:50:05.955+00:00,2026-09-19T05:50:11.832+00:00,True,63,63.0,,63.0,232507.248707,238384.863555,238384.863644,3783.8867245079364,45.854354,232507.248707,29281.22381860364,110.11798400000002,94.80023948387097,21.292577978188607,0.26427852448553085,32,64,,True,True,,308,56.69694568066818
134,2026-09-19T05:46:13.883+00:00,2026-09-19T05:50:08.935+00:00,2026-09-19T05:50:13.654+00:00,True,48,48.0,,48.0,235052.531629,239771.12132500001,239771.121195,4995.2316915625,48.903098,235052.531629,33912.42337785553,114.9991961,100.39552544680852,15.840716267487368,0.2001909142967136,32,64,,True,True,,224,56.69694568066818
135,2026-09-19T05:46:14.208+00:00,2026-09-19T05:50:10.318+00:00,2026-09-19T05:50:18.037+00:00,True,77,77.0,,77.0,236109.844962,243828.607714,243828.607891,3166.605297285714,43.793288999999994,236109.844962,26895.64506802242,113.10976040000001,101.56266778947368,16.785222353911433,0.315795593970325,32,64,,True,True,,383,56.69694568066818
136,2026-09-19T05:46:14.592+00:00,2026-09-19T05:50:12.248+00:00,2026-09-19T05:50:19.417+00:00,True,73,73.0,,73.0,237655.284475,244824.60236299998,244824.602459,3353.761677520548,47.51468,237655.284475,27803.799935180596,114.91306,99.57385955555556,19.92732429013336,0.2981726480730206,32,64,,True,True,,322,56.69694568066818
137,2026-09-19T05:46:14.918+00:00,2026-09-19T05:50:14.085+00:00,2026-09-19T05:50:15.919+00:00,True,19,19.0,,19.0,239166.585345,241000.778497,241000.778501,12684.251500052631,47.268791,239166.585345,54845.20364526363,24022.286988599997,101.89961955555555,19.657459192855185,0.078837919605461,32,64,,True,True,,72,56.69694568066818
138,2026-09-19T05:46:15.206+00:00,2026-09-19T05:50:15.591+00:00,2026-09-19T05:50:25.092+00:00,True,99,99.0,,99.0,240385.080597,249885.172757,249885.172884,2524.0926553939394,45.061946000000006,240385.080597,24149.874538934717,113.38119280000001,96.93971591836734,19.415110002181027,0.39618196993333504,32,64,,True,True,,455,56.69694568066818
139,2026-09-19T05:46:15.559+00:00,2026-09-19T05:50:18.034+00:00,2026-09-19T05:50:24.740+00:00,True,70,70.0,,70.0,242475.292033,249181.376385,249181.376454,3559.733949342857,44.791167,242475.292033,28969.729471599065,111.4604774,97.18962828985508,17.559698667672865,0.2809198705598521,32,64,,True,True,,322,56.69694568066818
140,2026-09-19T05:46:15.983+00:00,2026-09-19T05:50:20.252+00:00,2026-09-19T05:50:25.914+00:00,True,60,60.0,,60.0,244269.563923,249931.58888300002,249931.589077,4165.5264846166665,45.218826,244269.563923,31522.68075681464,108.69768239999998,95.96652474576271,17.691444930778857,0.2400656926487499,32,64,,True,True,,201,56.69694568066818
141,2026-09-19T05:46:16.406+00:00,2026-09-19T05:50:22.076+00:00,2026-09-19T05:50:28.199+00:00,True,65,65.0,,65.0,245670.415751,251793.32416699998,251793.324263,3873.7434502,42.411282,245670.415751,30459.80446944038,112.01212759999999,95.670444,19.45126262450347,0.2581482261892267,32,64,,True,True,,259,56.69694568066818
142,2026-09-19T05:46:16.702+00:00,2026-09-19T05:50:23.673+00:00,2026-09-19T05:50:24.541+00:00,True,10,10.0,,10.0,246971.382432,247838.67612800002,247838.67613600002,24783.867613600003,47.73056,246971.382432,78068.73692438111,135883.53146220002,96.36596622222223,18.660167410429214,0.040348827536648674,32,64,,True,True,,45,56.69694568066818
143,2026-09-19T05:46:17.191+00:00,2026-09-19T05:50:26.486+00:00,2026-09-19T05:50:29.993+00:00,True,36,36.0,,36.0,249295.555805,252802.44502100002,252802.44508900002,7022.290141361112,47.966859,249295.555805,41532.56258188729,110.90206749999999,100.19683474285715,15.34519917610636,0.1424036859968246,32,64,,True,True,,133,56.69694568066818
144,2026-09-19T05:46:17.587+00:00,2026-09-19T05:50:28.615+00:00,2026-09-19T05:50:38.249+00:00,True,96,96.0,,96.0,251028.02283700003,260662.47301300004,260662.473082,2715.234094604167,46.337874000000006,251028.02283700003,25610.093620393778,112.362976,101.41526501052631,14.348487042997373,0.3682923701687284,32,64,,True,True,,357,56.69694568066818
145,2026-09-19T05:46:17.896+00:00,2026-09-19T05:50:30.304+00:00,2026-09-19T05:50:37.384+00:00,True,71,71.0,,71.0,252407.563218,259487.98280199998,259487.982845,3654.7603217605633,50.368655,252407.563218,29943.265245155017,110.83134,101.14885120000001,12.957919560936817,0.27361575373675756,32,64,,True,True,,296,56.69694568066818
146,2026-09-19T05:46:18.302+00:00,2026-09-19T05:50:31.967+00:00,2026-09-19T05:50:40.603+00:00,True,87,87.0,,87.0,253664.217145,262300.97874500003,262300.978718,3014.953778367816,45.805635,253664.217145,27184.896549754645,113.575259,100.42746046511628,16.282495206521755,0.33168004334661066,32,64,,True,True,,345,56.69694568066818
147,2026-09-19T05:46:18.696+00:00,2026-09-19T05:50:34.015+00:00,2026-09-19T05:50:37.860+00:00,True,39,39.0,,39.0,255318.27205700002,259163.56332100002,259163.56338300003,6645.219573923077,46.956572,255318.27205700002,40867.44282089279,112.8985158,101.19187536842105,15.742114307787524,0.1504841170581321,32,64,,True,True,,128,56.69694568066818
148,2026-09-19T05:46:19.065+00:00,2026-09-19T05:50:36.270+00:00,2026-09-19T05:50:43.795+00:00,True,76,76.0,,76.0,257205.13341299997,264729.583205,264729.58312799997,3483.2839885263156,48.063819,257205.13341299997,29491.950060494888,112.85417475,100.32599722666667,18.975116284512147,0.2870854064736222,32,64,,True,True,,337,56.69694568066818
149,2026-09-19T05:46:19.355+00:00,2026-09-19T05:50:37.757+00:00,2026-09-19T05:50:43.999+00:00,True,63,63.0,,63.0,258401.230817,264643.656673,264643.656623,4200.692962269842,47.324901,258401.230817,32542.81491866291,113.54517320000001,100.684288,18.070669232128704,0.2380559609552414,32,64,,True,True,,189,56.69694568066818
150,2026-09-19T05:46:19.654+00:00,2026-09-19T05:50:39.164+00:00,2026-09-19T05:50:44.716+00:00,True,56,56.0,,56.0,259510.39762099998,265062.523061,265062.522932,4733.259338071428,45.282754999999995,259510.39762099998,34665.04972351337,112.62868074999999,100.94773527272727,16.494845117300986,0.21127090828722128,32,64,,True,True,,194,56.69694568066818
151,2026-09-19T05:46:20.012+00:00,2026-09-19T05:50:41.342+00:00,2026-09-19T05:50:43.679+00:00,True,24,24.0,,24.0,261330.160771,263667.199107,263667.19915,10986.133297916667,45.570345,261330.160771,53323.05730917235,114.08548855,101.61036243478262,17.50142925397608,0.0910238364168326,32,64,,True,True,,101,56.69694568066818
152,2026-09-19T05:46:20.468+00:00,2026-09-19T05:50:43.798+00:00,2026-09-19T05:50:44.000+00:00,True,3,3.0,,3.0,263329.723298,263531.976866,263531.976923,87843.99230766666,96.715258,263329.723298,151975.10110334042,237007.3048049,101.126784,6.238831414680156,0.011383817765407011,32,64,,True,True,,10,56.69694568066818
153,2026-09-19T05:46:20.976+00:00,2026-09-19T05:50:46.413+00:00,2026-09-19T05:50:48.273+00:00,True,21,21.0,,21.0,265436.65084799996,267297.30569599994,267297.30574899993,12728.44313090476,48.005379999999995,265436.65084799996,57902.72833694422,108.427441,93.0327424,21.542204986195777,0.07856420380040614,32,64,,True,True,,91,56.69694568066818
154,2026-09-19T05:46:21.408+00:00,2026-09-19T05:50:48.797+00:00,2026-09-19T05:50:56.487+00:00,True,81,81.0,,81.0,267388.254465,275078.602241,275078.602388,3396.0321282469135,46.952973,267388.254465,29699.13085527859,110.88993599999999,96.1293472,18.74623905143996,0.294461289755409,32,64,,True,True,,296,56.69694568066818
155,2026-09-19T05:46:21.715+00:00,2026-09-19T05:50:50.426+00:00,2026-09-19T05:50:53.628+00:00,True,35,35.0,,35.0,268711.4802,271912.592264,271912.592164,7768.931204685714,45.177046000000004,268711.4802,45404.61996776955,108.93812010000002,94.15035482352941,19.644803350033616,0.12871783431794323,32,64,,True,True,,182,56.69694568066818
156,2026-09-19T05:46:22.736+00:00,2026-09-19T05:50:51.596+00:00,2026-09-19T05:50:52.057+00:00,True,6,6.0,,6.0,268859.320656,269321.04891199997,269321.048856,44886.841476,50.490914,268859.320656,109723.66015141291,201671.710932,92.3456512,23.817407786940105,0.022278243844061688,32,64,,True,True,,18,56.69694568066818
157,2026-09-19T05:46:22.742+00:00,2026-09-19T05:50:52.612+00:00,2026-09-19T05:50:55.017+00:00,True,26,26.0,,26.0,269869.804137,272275.308137,272275.308137,10472.127236038461,46.267744,269869.804137,52906.955510096974,109.74249075,96.22016,17.74920893499997,0.09549158231754769,32,64,,True,True,,106,56.69694568066818
158,2026-09-19T05:46:23.048+00:00,2026-09-19T05:50:57.812+00:00,2026-09-19T05:51:05.952+00:00,True,81,81.0,,81.0,274763.56647799996,282903.489166,282903.48923899996,3492.6356696172834,49.113268,274763.56647799996,30517.98277100922,112.196073,101.74903359999999,13.741519226208824,0.28631672320050966,32,64,,True,True,,330,56.69694568066818
159,2026-09-19T05:46:23.396+00:00,2026-09-19T05:50:59.529+00:00,2026-09-19T05:51:00.615+00:00,True,12,12.0,,12.0,276133.100637,277219.012189,277219.012315,23101.584359583332,50.977523,276133.100637,79684.26370163228,124320.4077755,98.719232,16.21626809793257,0.04328707437936741,32,64,,True,True,,43,56.69694568066818
160,2026-09-19T05:46:23.762+00:00,2026-09-19T05:51:01.451+00:00,2026-09-19T05:51:09.952+00:00,True,88,88.0,,88.0,277689.097389,286190.064045,286190.064042,3252.159818659091,46.816752,277689.097389,29591.347547067802,111.80329819999999,97.7122604137931,19.674392417005183,0.3074879636148481,32,64,,True,True,,401,56.69694568066818
161,2026-09-19T05:46:24.188+00:00,2026-09-19T05:51:03.835+00:00,2026-09-19T05:51:09.640+00:00,True,62,62.0,,62.0,279646.506422,285451.57471,285451.574621,4604.057655177419,46.205244,279646.506422,35503.06235199275,111.436573,95.16505390163934,21.653444463444643,0.21719971264123492,32,64,,True,True,,224,56.69694568066818
162,2026-09-19T05:46:24.682+00:00,2026-09-19T05:51:06.268+00:00,2026-09-19T05:51:14.226+00:00,True,84,84.0,,84.0,281585.619259,289543.328315,289543.328179,3446.9443830833334,43.77231,281585.619259,30713.05546392581,110.46427214999999,95.87601272289157,20.128868120851617,0.29011202050083057,32,64,,True,True,,364,56.69694568066818
163,2026-09-19T05:46:25.167+00:00,2026-09-19T05:51:09.322+00:00,2026-09-19T05:51:15.630+00:00,True,64,64.0,,64.0,284154.94757,290462.972658,290462.972435,4538.483944296875,44.666017,284154.94757,35506.855842100085,110.02849965000001,100.12738234920634,15.47379565805286,0.22033789510016327,32,64,,True,True,,312,56.69694568066818
164,2026-09-19T05:46:25.521+00:00,2026-09-19T05:51:10.985+00:00,2026-09-19T05:51:19.269+00:00,True,84,84.0,,84.0,285463.740839,293748.568231,293748.56810699997,3497.006763178571,43.65753,285463.740839,31135.761002228865,111.70014315,99.81719749397591,16.499062652697923,0.28595884060256427,32,64,,True,True,,297,56.69694568066818
165,2026-09-19T05:46:25.899+00:00,2026-09-19T05:51:12.871+00:00,2026-09-19T05:51:13.747+00:00,True,10,10.0,,10.0,286972.085075,287847.871059,287847.87091500004,28784.787091500002,51.281722,286972.085075,90717.77090296982,157883.7588323,97.30955377777778,17.54578512260618,0.03474057307844499,32,64,,True,True,,23,56.69694568066818
166,2026-09-19T05:46:26.328+00:00,2026-09-19T05:51:15.209+00:00,2026-09-19T05:51:18.422+00:00,True,33,33.0,,33.0,288881.171976,292093.283336,292093.28339500003,8851.311618030304,48.190769,288881.171976,50270.28644641505,113.25398840000001,100.37848,17.137696369171614,0.11297760641089279,32,64,,True,True,,103,56.69694568066818
167,2026-09-19T05:46:26.656+00:00,2026-09-19T05:51:16.935+00:00,2026-09-19T05:51:26.086+00:00,True,92,92.0,,92.0,290278.843906,299430.30425800005,299430.304336,3254.6772210434783,44.975877,290278.843906,30253.182099553163,114.18455900000001,100.56549837362637,17.925997363096887,0.3072501303032089,32,64,,True,True,,402,56.69694568066818
168,2026-09-19T05:46:27.174+00:00,2026-09-19T05:51:19.470+00:00,2026-09-19T05:51:24.275+00:00,True,49,49.0,,49.0,292296.017033,297100.131721,297100.131779,6063.267995489796,44.708557,292296.017033,41742.2805882478,116.18659079999999,100.08572266666667,19.99031041957343,0.1649275606717495,32,64,,True,True,,220,56.69694568066818
169,2026-09-19T05:46:27.699+00:00,2026-09-19T05:51:22.904+00:00,2026-09-19T05:51:23.723+00:00,True,9,9.0,,9.0,295204.312147,296023.961427,296023.961436,32891.55127066666,56.204141,295204.312147,98367.28692183571,177167.89962820002,102.45616,18.926564160312186,0.03040294426375148,32,64,,True,True,,37,56.69694568066818
170,2026-09-19T05:46:28.151+00:00,2026-09-19T05:51:25.444+00:00,2026-09-19T05:51:28.196+00:00,False,29,28.0,,28.0,297293.19197600003,300045.197096,300045.197081,10346.38610624138,0.026850000000000002,297293.19197600003,55187.71391636293,111.68606179999999,98.28589714285715,24.694087979021347,0.09331927413269457,32,64,,True,False,Request timeout: 300.0s exceeded,112,56.69694568066818
171,2026-09-19T05:46:28.666+00:00,2026-09-19T05:51:27.993+00:00,2026-09-19T05:51:27.993+00:00,True,1,1.0,,1.0,299327.467544,299327.467544,299327.467544,299327.467544,299327.467544,299327.467544,nan,299327.467544,nan,nan,0.0033408227056643367,32,64,,True,True,,1,56.69694568066818
172,2026-09-19T05:46:29.019+00:00,2026-09-19T05:51:29.068+00:00,2026-09-19T05:51:29.602+00:00,False,7,6.0,,6.0,300048.454949,300582.432293,300582.432353,42940.347479,0.028149999999999998,300048.454949,113374.02576881833,210067.66036490002,88.996224,43.740654192202946,0.019961246418258253,32,64,,True,False,Request timeout: 300.0s exceeded,34,56.69694568066818
173,2026-09-19T05:46:29.416+00:00,2026-09-19T05:51:29.664+00:00,2026-09-19T05:51:29.664+00:00,False,1,0.0,,0.0,300247.80481199996,300247.80481199996,300247.80481199996,300247.80481199996,300247.80481199996,300247.80481199996,nan,300247.80481199996,nan,nan,0.0,32,64,,True,False,"HTTPConnectionPool(host='gpu03', port=9002): Read timed out.",0,56.69694568066818
174,2026-09-19T05:46:29.887+00:00,2026-09-19T05:51:29.916+00:00,2026-09-19T05:51:29.916+00:00,False,1,0.0,,0.0,300028.793198,300028.793198,300028.793198,300028.793198,300028.793198,300028.793198,nan,300028.793198,nan,nan,0.0,32,64,,True,False,"HTTPConnectionPool(host='gpu03', port=9002): Read timed out.",0,56.69694568066818
175,2026-09-19T05:46:30.327+00:00,2026-09-19T05:51:30.355+00:00,2026-09-19T05:51:30.355+00:00,False,1,0.0,,0.0,300027.080795,300027.080795,300027.080795,300027.080795,300027.080795,300027.080795,nan,300027.080795,nan,nan,0.0,32,64,,True,False,"HTTPConnectionPool(host='gpu03', port=9002): Read timed out.",0,56.69694568066818
176,2026-09-19T05:46:30.788+00:00,2026-09-19T05:51:30.893+00:00,2026-09-19T05:51:30.893+00:00,False,1,0.0,,0.0,300105.177869,300105.177869,300105.177869,300105.177869,300105.177869,300105.177869,nan,300105.177869,nan,nan,0.0,32,64,,True,False,"HTTPConnectionPool(host='gpu03', port=9002): Read timed out.",0,56.69694568066818
177,2026-09-19T05:46:31.134+00:00,2026-09-19T05:51:30.984+00:00,2026-09-19T05:51:31.209+00:00,False,4,3.0,,3.0,299850.225832,300074.41450400004,300074.414387,75018.60359675,0.02079,299850.225832,149887.75746723422,254889.61056520004,74.72955733333333,64.70359787229609,0.009997520131660572,32,64,,True,False,Request timeout: 300.0s exceeded,6,56.69694568066818
178,2026-09-19T05:46:31.433+00:00,2026-09-19T05:51:31.099+00:00,2026-09-19T05:51:31.531+00:00,False,7,6.0,,6.0,299666.14162999997,300098.43935799995,300098.439357,42871.20562242857,0.03532,299666.14162999997,113235.93107270618,209802.33807949998,72.04962133333333,46.53979663461738,0.01999343952882857,32,64,,True,False,Request timeout: 300.0s exceeded,31,56.69694568066818
179,2026-09-19T05:46:31.855+00:00,2026-09-19T05:51:31.955+00:00,2026-09-19T05:51:31.955+00:00,False,1,0.0,,0.0,300100.65142400004,300100.65142400004,300100.65142400004,300100.65142400004,300100.65142400004,300100.65142400004,nan,300100.65142400004,nan,nan,0.0,32,64,,True,False,"HTTPConnectionPool(host='gpu03', port=9002): Read timed out.",0,56.69694568066818
180,2026-09-19T05:46:32.192+00:00,2026-09-19T05:51:32.297+00:00,2026-09-19T05:51:32.297+00:00,False,1,0.0,,0.0,300104.98914099997,300104.98914099997,300104.98914099997,300104.98914099997,300104.98914099997,300104.98914099997,nan,300104.98914099997,nan,nan,0.0,32,64,,True,False,"HTTPConnectionPool(host='gpu03', port=9002): Read timed out.",0,56.69694568066818
181,2026-09-19T05:46:32.633+00:00,2026-09-19T05:51:32.667+00:00,2026-09-19T05:51:32.667+00:00,False,1,0.0,,0.0,300034.558056,300034.558056,300034.558056,300034.558056,300034.558056,300034.558056,nan,300034.558056,nan,nan,0.0,32,64,,True,False,TTFT timeout: 300.0s exceeded (TTFT: 300.027s),0,56.69694568066818
182,2026-09-19T05:46:32.973+00:00,2026-09-19T05:51:32.912+00:00,2026-09-19T05:51:33.023+00:00,False,3,2.0,,2.0,299938.96996200003,300050.258282,300050.258287,100016.75276233334,0.026269999999999998,299938.96996200003,173137.7278090278,269956.1991713,55.64416,78.65543575564583,0.006665550003027542,32,64,,True,False,Request timeout: 300.0s exceeded,8,56.69694568066818
183,2026-09-19T05:46:33.377+00:00,2026-09-19T05:51:33.446+00:00,2026-09-19T05:51:33.446+00:00,False,1,0.0,,0.0,300069.097404,300069.097404,300069.097404,300069.097404,300069.097404,300069.097404,nan,300069.097404,nan,nan,0.0,32,64,,True,False,"HTTPConnectionPool(host='gpu03', port=9002): Read timed out.",0,56.69694568066818
184,2026-09-19T05:46:33.879+00:00,2026-09-19T05:51:33.932+00:00,2026-09-19T05:51:33.932+00:00,False,1,0.0,,0.0,300052.48789700004,300052.48789700004,300052.48789700004,300052.48789700004,300052.48789700004,300052.48789700004,nan,300052.48789700004,nan,nan,0.0,32,64,,True,False,"HTTPConnectionPool(host='gpu03', port=9002): Read timed out.",0,56.69694568066818
185,2026-09-19T05:46:34.400+00:00,2026-09-19T05:51:34.276+00:00,2026-09-19T05:51:34.548+00:00,False,4,3.0,,3.0,299876.220518,300147.312486,300147.312426,75036.8281065,0.05533,299876.220518,149892.94191581995,254915.74356815004,90.36398933333332,78.32172916152751,0.009995091993835296,32,64,,True,False,Request timeout: 300.0s exceeded,9,56.69694568066818
186,2026-09-19T05:46:34.809+00:00,2026-09-19T05:51:34.550+00:00,2026-09-19T05:51:34.852+00:00,False,5,4.0,,4.0,299741.16879900004,300042.97129500005,300042.97128600004,60008.594257200006,0.040310000000000006,299741.16879900004,134014.59047090382,239814.35983400003,75.450624,50.71426448428883,0.013331423771521146,32,64,,True,False,Request timeout: 300.0s exceeded,15,56.69694568066818
187,2026-09-19T05:46:35.158+00:00,2026-09-19T05:51:35.265+00:00,2026-09-19T05:51:35.265+00:00,False,1,0.0,,0.0,300106.223617,300106.223617,300106.223617,300106.223617,300106.223617,300106.223617,nan,300106.223617,nan,nan,0.0,32,64,,True,False,"HTTPConnectionPool(host='gpu03', port=9002): Read timed out.",0,56.69694568066818
188,2026-09-19T05:46:35.669+00:00,2026-09-19T05:51:35.752+00:00,2026-09-19T05:51:35.752+00:00,False,1,0.0,,0.0,300082.582158,300082.582158,300082.582158,300082.582158,300082.582158,300082.582158,nan,300082.582158,nan,nan,0.0,32,64,,True,False,TTFT timeout: 300.0s exceeded (TTFT: 300.077s),0,56.69694568066818
189,2026-09-19T05:46:36.056+00:00,2026-09-19T05:51:35.892+00:00,2026-09-19T05:51:36.152+00:00,False,4,3.0,,3.0,299836.15869300003,300096.29693300003,300096.29703600006,75024.07425900002,0.02014,299836.15869300003,149874.7354939808,254880.36643590004,86.71274666666667,75.08238214028165,0.009996791132247076,32,64,,True,False,Request timeout: 300.0s exceeded,16,56.69694568066818
190,2026-09-19T05:46:36.374+00:00,2026-09-19T05:51:36.153+00:00,2026-09-19T05:51:36.451+00:00,False,5,4.0,,4.0,299778.964771,300076.925219,300076.925316,60015.3850632,0.037709000000000006,299778.964771,134031.92260090707,239843.4861462,74.490112,49.70418344961306,0.01332991531115146,32,64,,True,False,Request timeout: 300.0s exceeded,17,56.69694568066818
191,2026-09-19T05:46:36.860+00:00,2026-09-19T05:51:36.911+00:00,2026-09-19T05:51:36.911+00:00,False,1,0.0,,0.0,300051.47489,300051.47489,300051.47489,300051.47489,300051.47489,300051.47489,nan,300051.47489,nan,nan,0.0,32,64,,True,False,"HTTPConnectionPool(host='gpu03', port=9002): Read timed out.",0,56.69694568066818
192,2026-09-19T05:46:37.707+00:00,2026-09-19T05:51:37.331+00:00,2026-09-19T05:51:37.997+00:00,False,8,7.0,,7.0,299623.99206300004,300290.39103900007,300290.391193,37536.298899125,0.024489999999999998,299623.99206300004,105899.42749285835,194799.32472085004,95.19985371428572,42.86160498683155,0.023310769205035532,32,64,,True,False,Request timeout: 300.0s exceeded,32,56.69694568066818
193,2026-09-19T05:46:37.788+00:00,2026-09-19T05:51:37.567+00:00,2026-09-19T05:51:37.567+00:00,True,1,1.0,,1.0,299779.54050999996,299779.54050999996,299779.54050999996,299779.54050999996,299779.54050999996,299779.54050999996,nan,299779.54050999996,nan,nan,0.0033357846846344148,32,64,,True,True,,2,56.69694568066818
194,2026-09-19T05:46:38.207+00:00,2026-09-19T05:51:38.313+00:00,2026-09-19T05:51:38.313+00:00,False,1,0.0,,0.0,300105.53667400003,300105.53667400003,300105.53667400003,300105.53667400003,300105.53667400003,300105.53667400003,nan,300105.53667400003,nan,nan,0.0,32,64,,True,False,"HTTPConnectionPool(host='gpu03', port=9002): Read timed out.",0,56.69694568066818
195,2026-09-19T05:46:38.607+00:00,2026-09-19T05:51:38.826+00:00,2026-09-19T05:51:39.423+00:00,False,7,6.0,,6.0,300218.947823,300816.08113500004,300816.081213,42973.72588757143,0.03835,300218.947823,113434.49606903928,210210.2563103,99.52221866666667,65.03419040218127,0.019945742186925585,32,64,,True,False,Request timeout: 300.0s exceeded,25,56.69694568066818
196,2026-09-19T05:46:39.080+00:00,2026-09-19T05:51:39.361+00:00,2026-09-19T05:51:39.575+00:00,False,6,5.0,,5.0,300280.849695,300495.09379099996,300495.09371399996,50082.515619,0.03917,300280.849695,122571.65253944391,225226.078356,42.8488192,24.402692690007207,0.01663920677346431,32,64,,True,False,Request timeout: 300.0s exceeded,23,56.69694568066818
197,2026-09-19T05:46:39.491+00:00,2026-09-19T05:51:39.635+00:00,2026-09-19T05:51:39.635+00:00,False,1,0.0,,0.0,300144.217801,300144.217801,300144.217801,300144.217801,300144.217801,300144.217801,nan,300144.217801,nan,nan,0.0,32,64,,True,False,"HTTPConnectionPool(host='gpu03', port=9002): Read timed out.",0,56.69694568066818
198,2026-09-19T05:46:39.807+00:00,2026-09-19T05:51:39.824+00:00,2026-09-19T05:51:39.824+00:00,False,1,0.0,,0.0,300016.897098,300016.897098,300016.897098,300016.897098,300016.897098,300016.897098,nan,300016.897098,nan,nan,0.0,32,64,,True,False,"HTTPConnectionPool(host='gpu03', port=9002): Read timed out.",0,56.69694568066818
199,2026-09-19T05:46:40.113+00:00,2026-09-19T05:51:40.292+00:00,2026-09-19T05:51:40.292+00:00,False,1,0.0,,0.0,300178.77431199996,300178.77431199996,300178.77431199996,300178.77431199996,300178.77431199996,300178.77431199996,nan,300178.77431199996,nan,nan,0.0,32,64,,True,False,"HTTPConnectionPool(host='gpu03', port=9002): Read timed out.",0,56.69694568066818
200,2026-09-19T05:46:40.445+00:00,2026-09-19T05:51:40.545+00:00,2026-09-19T05:51:40.545+00:00,False,1,0.0,,0.0,300100.417469,300100.417469,300100.417469,300100.417469,300100.417469,300100.417469,nan,300100.417469,nan,nan,0.0,32,64,,True,False,"HTTPConnectionPool(host='gpu03', port=9002): Read timed out.",0,56.69694568066818
201,2026-09-19T05:46:40.772+00:00,2026-09-19T05:51:40.776+00:00,2026-09-19T05:51:40.954+00:00,False,3,2.0,,2.0,300003.969897,300181.746281,300181.746249,100060.582083,0.026420000000000003,300003.969897,173156.0759670777,270021.3479005,88.888192,125.66923463933902,0.006662630305734183,32,64,,True,False,Request timeout: 300.0s exceeded,5,56.69694568066818
202,2026-09-19T05:46:41.166+00:00,2026-09-19T05:51:40.953+00:00,2026-09-19T05:51:41.173+00:00,False,4,3.0,,3.0,299787.44496399997,300006.99491599994,300006.99500999996,75001.74875249999,0.04221,299787.44496399997,149857.14066447617,254838.86217054995,73.18331733333333,66.56822651455336,0.009999766841569748,32,64,,True,False,Request timeout: 300.0s exceeded,8,56.69694568066818
203,2026-09-19T05:46:41.599+00:00,2026-09-19T05:51:41.081+00:00,2026-09-19T05:51:41.624+00:00,False,8,7.0,,7.0,299482.00875599997,300025.17982799996,300025.179679,37503.147459875,0.037378999999999996,299482.00875599997,105855.45146001298,194699.4966546,77.59586742857144,38.8704654149113,0.023331375066629398,32,64,,True,False,Request timeout: 300.0s exceeded,21,56.69694568066818
204,2026-09-19T05:46:42.100+00:00,2026-09-19T05:51:42.192+00:00,2026-09-19T05:51:42.192+00:00,False,1,0.0,,0.0,300091.352463,300091.352463,300091.352463,300091.352463,300091.352463,300091.352463,nan,300091.352463,nan,nan,0.0,32,64,,True,False,"HTTPConnectionPool(host='gpu03', port=9002): Read timed out.",0,56.69694568066818
205,2026-09-19T05:46:42.574+00:00,2026-09-19T05:51:42.537+00:00,2026-09-19T05:51:42.685+00:00,True,2,2.0,,2.0,299963.13682200003,300110.787894,300110.78804300004,150055.39402150002,147.651221,299963.13682200003,212001.56297320483,284972.36254195,147.651072,nan,0.00666420562231307,32,64,,True,True,,4,56.69694568066818
206,2026-09-19T05:46:42.956+00:00,2026-09-19T05:51:42.816+00:00,2026-09-19T05:51:43.036+00:00,False,4,3.0,,3.0,299859.34971,300079.406798,300079.406815,75019.85170375,0.02561,299859.34971,149893.00765009972,254897.2909278,73.35236266666668,63.54358905419043,0.009997353807152337,32,64,,True,False,Request timeout: 300.0s exceeded,10,56.69694568066818
207,2026-09-19T05:46:43.400+00:00,2026-09-19T05:51:43.499+00:00,2026-09-19T05:51:43.499+00:00,False,1,0.0,,0.0,300098.804773,300098.804773,300098.804773,300098.804773,300098.804773,300098.804773,nan,300098.804773,nan,nan,0.0,32,64,,True,False,"HTTPConnectionPool(host='gpu03', port=9002): Read timed out.",0,56.69694568066818
208,2026-09-19T05:46:43.875+00:00,2026-09-19T05:51:43.945+00:00,2026-09-19T05:51:43.945+00:00,False,1,0.0,,0.0,300069.16364499996,300069.16364499996,300069.16364499996,300069.16364499996,300069.16364499996,300069.16364499996,nan,300069.16364499996,nan,nan,0.0,32,64,,True,False,"HTTPConnectionPool(host='gpu03', port=9002): Read timed out.",0,56.69694568066818
209,2026-09-19T05:46:44.371+00:00,2026-09-19T05:51:44.350+00:00,2026-09-19T05:51:44.483+00:00,False,3,2.0,,2.0,299979.00536799995,300111.84735199995,300111.84744199994,100037.28248066665,0.03631,299979.00536799995,173154.62402228353,269994.38540759997,66.420992,93.88205822125546,0.006664182096264292,32,64,,True,False,Request timeout: 300.0s exceeded,10,56.69694568066818
210,2026-09-19T05:46:44.723+00:00,2026-09-19T05:51:44.479+00:00,2026-09-19T05:51:44.737+00:00,False,4,3.0,,3.0,299756.162407,300014.08573500003,300014.08570500003,75003.52142625001,0.02148,299756.162407,149835.10714918032,254814.98720995002,85.97444266666668,76.91807256557229,0.00999953049754429,32,64,,True,False,Request timeout: 300.0s exceeded,11,56.69694568066818
211,2026-09-19T05:46:45.141+00:00,2026-09-19T05:51:45.219+00:00,2026-09-19T05:51:45.219+00:00,False,1,0.0,,0.0,300077.55620999995,300077.55620999995,300077.55620999995,300077.55620999995,300077.55620999995,300077.55620999995,nan,300077.55620999995,nan,nan,0.0,32,64,,True,False,"HTTPConnectionPool(host='gpu03', port=9002): Read timed out.",0,56.69694568066818
212,2026-09-19T05:46:45.672+00:00,2026-09-19T05:51:45.782+00:00,2026-09-19T05:51:45.782+00:00,False,1,0.0,,0.0,300110.587801,300110.587801,300110.587801,300110.587801,300110.587801,300110.587801,nan,300110.587801,nan,nan,0.0,32,64,,True,False,"HTTPConnectionPool(host='gpu03', port=9002): Read timed out.",0,56.69694568066818
213,2026-09-19T05:46:46.031+00:00,2026-09-19T05:51:46.010+00:00,2026-09-19T05:51:46.172+00:00,False,3,2.0,,2.0,299979.418191,300140.825679,300140.825761,100046.94192033334,0.03448,299979.418191,173146.62228391084,269997.6136809,80.703744,114.08381611704264,0.006663538675471614,32,64,,True,False,Request timeout: 300.0s exceeded,8,56.69694568066818
214,2026-09-19T05:46:46.337+00:00,2026-09-19T05:51:46.172+00:00,2026-09-19T05:51:46.393+00:00,False,4,3.0,,3.0,299834.84492799995,300055.37971199997,300055.37957099994,75013.84489274998,0.02884,299834.84492799995,149880.6757314307,254876.74764399993,73.51159466666667,63.75992728752156,0.009998154350305162,32,64,,True,False,Request timeout: 300.0s exceeded,7,56.69694568066818
215,2026-09-19T05:46:46.870+00:00,2026-09-19T05:51:46.885+00:00,2026-09-19T05:51:46.885+00:00,False,1,0.0,,0.0,300015.60961000004,300015.60961000004,300015.60961000004,300015.60961000004,300015.60961000004,300015.60961000004,nan,300015.60961000004,nan,nan,0.0,32,64,,True,False,"HTTPConnectionPool(host='gpu03', port=9002): Read timed out.",0,56.69694568066818
216,2026-09-19T05:46:47.174+00:00,2026-09-19T05:51:47.189+00:00,2026-09-19T05:51:47.189+00:00,False,1,0.0,,0.0,300015.155347,300015.155347,300015.155347,300015.155347,300015.155347,300015.155347,nan,300015.155347,nan,nan,0.0,32,64,,True,False,"HTTPConnectionPool(host='gpu03', port=9002): Read timed out.",0,56.69694568066818
217,2026-09-19T05:46:47.681+00:00,2026-09-19T05:51:47.677+00:00,2026-09-19T05:51:47.825+00:00,False,3,2.0,,2.0,299995.995627,300144.026347,300144.026447,100048.00881566666,0.037450000000000004,299995.995627,173160.05181671496,270011.1954013,74.01536,104.62066828981982,0.006663467617002568,32,64,,True,False,Request timeout: 300.0s exceeded,10,56.69694568066818
218,2026-09-19T05:46:48.121+00:00,2026-09-19T05:51:47.930+00:00,2026-09-19T05:51:48.163+00:00,False,4,3.0,,3.0,299809.01349800004,300041.53778600006,300041.537635,75010.38440875,0.08181000000000001,299809.01349800004,149865.7637157017,254858.25800705006,77.508096,70.29122620042851,0.009998615598816532,32,64,,True,False,Request timeout: 300.0s exceeded,10,56.69694568066818
219,2026-09-19T05:46:48.651+00:00,2026-09-19T05:51:48.746+00:00,2026-09-19T05:51:48.746+00:00,False,1,0.0,,0.0,300095.57219700003,300095.57219700003,300095.57219700003,300095.57219700003,300095.57219700003,300095.57219700003,nan,300095.57219700003,nan,nan,0.0,32,64,,True,False,"HTTPConnectionPool(host='gpu03', port=9002): Read timed out.",0,56.69694568066818
220,2026-09-19T05:46:49.090+00:00,2026-09-19T05:51:49.184+00:00,2026-09-19T05:51:49.184+00:00,False,1,0.0,,0.0,300093.737416,300093.737416,300093.737416,300093.737416,300093.737416,300093.737416,nan,300093.737416,nan,nan,0.0,32,64,,True,False,"HTTPConnectionPool(host='gpu03', port=9002): Read timed out.",0,56.69694568066818
221,2026-09-19T05:46:49.604+00:00,2026-09-19T05:51:49.525+00:00,2026-09-19T05:51:49.656+00:00,False,3,2.0,,2.0,299920.801974,300052.726966,300052.72697,100017.57565666667,0.07305,299920.801974,173121.2848279454,269941.9069712,65.962496,93.18187542967028,0.006665495162210698,32,64,,True,False,Request timeout: 300.0s exceeded,12,56.69694568066818
222,2026-09-19T05:46:49.921+00:00,2026-09-19T05:51:49.748+00:00,2026-09-19T05:51:49.960+00:00,False,5,4.0,,4.0,299827.221638,300039.099526,300039.099718,60007.8199436,0.03732,299827.221638,134063.12753846947,239885.0312274,52.969472,47.87232847060216,0.013331595803077589,32,64,,True,False,Request timeout: 300.0s exceeded,20,56.69694568066818
223,2026-09-19T05:46:50.390+00:00,2026-09-19T05:51:50.603+00:00,2026-09-19T05:51:51.369+00:00,False,8,7.0,,7.0,300212.783998,300978.39679800003,300978.39674700005,37622.299593375006,0.036950000000000004,300212.783998,106102.58905722402,195191.28572050002,109.37325714285716,51.36912961720133,0.023257483176435455,32,64,,True,False,Request timeout: 300.0s exceeded,29,56.69694568066818
224,2026-09-19T05:46:50.909+00:00,2026-09-19T05:51:51.106+00:00,2026-09-19T05:51:51.566+00:00,False,6,5.0,,5.0,300197.66723799997,300657.70742999995,300657.70743699995,50109.61790616666,0.02247,300197.66723799997,122517.63210273202,225184.74486375,92.0080384,54.7219757868815,0.016630207296994423,32,64,,True,False,Request timeout: 300.0s exceeded,24,56.69694568066818
225,2026-09-19T05:46:51.313+00:00,2026-09-19T05:51:51.363+00:00,2026-09-19T05:51:51.667+00:00,False,5,4.0,,4.0,300049.466178,300353.637442,300353.63750099996,60070.727500199995,0.04922,300049.466178,134152.2003915683,240060.22310159996,76.042816,50.688174271215566,0.013317634619199253,32,64,,True,False,Request timeout: 300.0s exceeded,12,56.69694568066818
226,2026-09-19T05:46:51.796+00:00,2026-09-19T05:51:51.819+00:00,2026-09-19T05:51:51.819+00:00,False,1,0.0,,0.0,300023.044239,300023.044239,300023.044239,300023.044239,300023.044239,300023.044239,nan,300023.044239,nan,nan,0.0,32,64,,True,False,"HTTPConnectionPool(host='gpu03', port=9002): Read timed out.",0,56.69694568066818
227,2026-09-19T05:46:52.088+00:00,2026-09-19T05:51:52.097+00:00,2026-09-19T05:51:52.097+00:00,False,1,0.0,,0.0,300009.36909,300009.36909,300009.36909,300009.36909,300009.36909,300009.36909,nan,300009.36909,nan,nan,0.0,32,64,,True,False,"HTTPConnectionPool(host='gpu03', port=9002): Read timed out.",0,56.69694568066818
228,2026-09-19T05:46:52.597+00:00,2026-09-19T05:51:52.702+00:00,2026-09-19T05:51:52.702+00:00,False,1,0.0,,0.0,300105.199988,300105.199988,300105.199988,300105.199988,300105.199988,300105.199988,nan,300105.199988,nan,nan,0.0,32,64,,True,False,"HTTPConnectionPool(host='gpu03', port=9002): Read timed out.",0,56.69694568066818
229,2026-09-19T05:46:53.042+00:00,2026-09-19T05:51:52.990+00:00,2026-09-19T05:51:53.071+00:00,False,3,2.0,,2.0,299947.61165499996,300028.56986299995,300028.569676,100009.52322533332,0.035559,299947.61165499996,173151.46848743348,269960.9427357,40.479104,57.19577449410752,0.006666031841278471,32,64,,True,False,Request timeout: 300.0s exceeded,8,56.69694568066818
230,2026-09-19T05:46:53.576+00:00,2026-09-19T05:51:53.067+00:00,2026-09-19T05:51:53.680+00:00,False,8,7.0,,7.0,299491.260398,300103.936494,300103.93657200004,37512.992071500004,0.07717,299491.260398,105855.21179946435,194706.01365490002,87.52515657142857,38.66440530376844,0.023325252183554582,32,64,,True,False,Request timeout: 300.0s exceeded,25,56.69694568066818
231,2026-09-19T05:46:53.928+00:00,2026-09-19T05:51:54.008+00:00,2026-09-19T05:51:54.008+00:00,False,1,0.0,,0.0,300079.798663,300079.798663,300079.798663,300079.798663,300079.798663,300079.798663,nan,300079.798663,nan,nan,0.0,32,64,,True,False,"HTTPConnectionPool(host='gpu03', port=9002): Read timed out.",0,56.69694568066818
232,2026-09-19T05:46:54.269+00:00,2026-09-19T05:51:54.374+00:00,2026-09-19T05:51:54.374+00:00,False,1,0.0,,0.0,300104.704143,300104.704143,300104.704143,300104.704143,300104.704143,300104.704143,nan,300104.704143,nan,nan,0.0,32,64,,True,False,"HTTPConnectionPool(host='gpu03', port=9002): Read timed out.",0,56.69694568066818
233,2026-09-19T05:46:54.617+00:00,2026-09-19T05:51:54.532+00:00,2026-09-19T05:51:54.644+00:00,False,3,2.0,,2.0,299914.29719199997,300026.969192,300026.96912599995,100008.98970866666,0.02096,299914.29719199997,173123.08379122798,269934.13257019996,56.336,79.64144807874935,0.006666067405160885,32,64,,True,False,Request timeout: 300.0s exceeded,3,56.69694568066818
235,2026-09-19T05:46:55.744+00:00,2026-09-19T05:51:54.883+00:00,2026-09-19T05:51:55.807+00:00,False,11,10.0,,10.0,299139.226463,300062.711391,300062.711404,27278.428309454546,0.041299999999999996,299139.226463,90166.03402351742,149635.0467755,92.3484928,39.41992198744395,0.03332636685725802,32,64,,True,False,Request timeout: 300.0s exceeded,40,56.69694568066818
234,2026-09-19T05:46:55.663+00:00,2026-09-19T05:51:54.884+00:00,2026-09-19T05:51:55.926+00:00,False,12,11.0,,11.0,299220.742731,300262.911051,300262.911011,25021.909250916666,0.022879999999999998,299220.742731,86350.2459830799,134721.52890535,94.74257454545454,38.06216357695522,0.03663456123001364,32,64,,True,False,Request timeout: 300.0s exceeded,23,56.69694568066818
236,2026-09-19T05:46:55.854+00:00,2026-09-19T05:51:56.105+00:00,2026-09-19T05:51:56.105+00:00,False,1,0.0,,0.0,300251.177118,300251.177118,300251.177118,300251.177118,300251.177118,300251.177118,nan,300251.177118,nan,nan,0.0,32,64,,True,False,"HTTPConnectionPool(host='gpu03', port=9002): Read timed out.",0,56.69694568066818
237,2026-09-19T05:46:56.321+00:00,2026-09-19T05:51:56.339+00:00,2026-09-19T05:51:56.339+00:00,False,1,0.0,,0.0,300018.107829,300018.107829,300018.107829,300018.107829,300018.107829,300018.107829,nan,300018.107829,nan,nan,0.0,32,64,,True,False,"HTTPConnectionPool(host='gpu03', port=9002): Read timed out.",0,56.69694568066818
238,2026-09-19T05:46:56.644+00:00,2026-09-19T05:51:56.719+00:00,2026-09-19T05:51:56.719+00:00,False,1,0.0,,0.0,300074.937073,300074.937073,300074.937073,300074.937073,300074.937073,300074.937073,nan,300074.937073,nan,nan,0.0,32,64,,True,False,"HTTPConnectionPool(host='gpu03', port=9002): Read timed out.",0,56.69694568066818
239,2026-09-19T05:46:57.141+00:00,2026-09-19T05:51:57.256+00:00,2026-09-19T05:51:57.256+00:00,False,1,0.0,,0.0,300114.34493099997,300114.34493099997,300114.34493099997,300114.34493099997,300114.34493099997,300114.34493099997,nan,300114.34493099997,nan,nan,0.0,32,64,,True,False,"HTTPConnectionPool(host='gpu03', port=9002): Read timed out.",0,56.69694568066818
240,2026-09-19T05:46:57.483+00:00,2026-09-19T05:51:57.289+00:00,2026-09-19T05:51:57.509+00:00,False,4,3.0,,3.0,299806.562149,300026.47075700003,300026.470889,75006.61772225,0.04227,299806.562149,149866.6387666212,254853.4745587,73.30286933333333,64.13493621127273,0.009999117719282127,32,64,,True,False,Request timeout: 300.0s exceeded,6,56.69694568066818
241,2026-09-19T05:46:57.997+00:00,2026-09-19T05:51:57.509+00:00,2026-09-19T05:51:58.014+00:00,True,6,6.0,,6.0,299512.539254,300017.585014,300017.585173,50002.930862166664,99.506986,299512.539254,122234.24530155752,224660.10880975,101.009152,1.2641202235483777,0.019998827734447687,32,64,,True,True,,19,56.69694568066818
242,2026-09-19T05:46:58.304+00:00,2026-09-19T05:51:58.311+00:00,2026-09-19T05:51:58.311+00:00,False,1,0.0,,0.0,300006.704845,300006.704845,300006.704845,300006.704845,300006.704845,300006.704845,nan,300006.704845,nan,nan,0.0,32,64,,True,False,"HTTPConnectionPool(host='gpu03', port=9002): Read timed out.",0,56.69694568066818
243,2026-09-19T05:46:58.692+00:00,2026-09-19T05:51:58.753+00:00,2026-09-19T05:51:58.753+00:00,False,1,0.0,,0.0,300060.518439,300060.518439,300060.518439,300060.518439,300060.518439,300060.518439,nan,300060.518439,nan,nan,0.0,32,64,,True,False,"HTTPConnectionPool(host='gpu03', port=9002): Read timed out.",0,56.69694568066818
244,2026-09-19T05:46:59.154+00:00,2026-09-19T05:51:59.077+00:00,2026-09-19T05:51:59.200+00:00,False,3,2.0,,2.0,299922.882486,300045.63935,300045.63934500003,100015.213115,0.01927,299922.882486,173125.13096011002,269942.86799630005,61.378432,86.77505807119721,0.006665652613158032,32,64,,True,False,Request timeout: 300.0s exceeded,4,56.69694568066818
245,2026-09-19T05:46:59.544+00:00,2026-09-19T05:51:59.426+00:00,2026-09-19T05:51:59.621+00:00,False,4,3.0,,3.0,299882.64601200004,300077.142524,300077.14240500005,75019.28560125001,0.04224,299882.64601200004,149908.9139449799,254915.03466090004,64.83217066666667,56.12580469742243,0.009997429243582129,32,64,,True,False,Request timeout: 300.0s exceeded,8,56.69694568066818
246,2026-09-19T05:46:59.907+00:00,2026-09-19T05:51:59.949+00:00,2026-09-19T05:51:59.949+00:00,False,1,0.0,,0.0,300042.57479000004,300042.57479000004,300042.57479000004,300042.57479000004,300042.57479000004,300042.57479000004,nan,300042.57479000004,nan,nan,0.0,32,64,,True,False,"HTTPConnectionPool(host='gpu03', port=9002): Read timed out.",0,56.69694568066818
247,2026-09-19T05:47:00.321+00:00,2026-09-19T05:52:00.318+00:00,2026-09-19T05:52:00.415+00:00,False,3,2.0,,2.0,299997.850993,300094.96510499995,300094.965125,100031.65504166666,0.0761,299997.850993,173175.81237817058,270007.7696969,48.557056,68.56252165853553,0.006664556998816097,32,64,,True,False,Request timeout: 300.0s exceeded,4,56.69694568066818
248,2026-09-19T05:47:00.686+00:00,2026-09-19T05:52:00.663+00:00,2026-09-19T05:52:00.802+00:00,False,3,2.0,,2.0,299976.955164,300116.34281199996,300116.342761,100038.78092033333,0.02434,299976.955164,173151.55209743732,269993.19597329997,69.693824,98.5275574406066,0.006664082273096496,32,64,,True,False,Request timeout: 300.0s exceeded,4,56.69694568066818
249,2026-09-19T05:47:00.984+00:00,2026-09-19T05:52:00.910+00:00,2026-09-19T05:52:01.015+00:00,False,3,2.0,,2.0,299926.681874,300031.602962,300031.602846,100010.53428200001,0.091899,299926.681874,173132.47036153747,269944.49659389997,52.460544,74.06044093103417,0.006665964452595704,32,64,,True,False,Request timeout: 300.0s exceeded,5,56.69694568066818
250,2026-09-19T05:47:01.371+00:00,2026-09-19T05:52:01.478+00:00,2026-09-19T05:52:01.478+00:00,False,1,0.0,,0.0,300107.660666,300107.660666,300107.660666,300107.660666,300107.660666,300107.660666,nan,300107.660666,nan,nan,0.0,32,64,,True,False,"HTTPConnectionPool(host='gpu03', port=9002): Read timed out.",0,56.69694568066818
251,2026-09-19T05:47:01.760+00:00,2026-09-19T05:52:01.820+00:00,2026-09-19T05:52:01.820+00:00,False,1,0.0,,0.0,300060.398989,300060.398989,300060.398989,300060.398989,300060.398989,300060.398989,nan,300060.398989,nan,nan,0.0,32,64,,True,False,"HTTPConnectionPool(host='gpu03', port=9002): Read timed out.",0,56.69694568066818
252,2026-09-19T05:47:02.221+00:00,2026-09-19T05:52:02.184+00:00,2026-09-19T05:52:02.334+00:00,False,3,2.0,,2.0,299963.26550800004,300113.07594000007,300113.07593000005,100037.69197666668,0.02138,299963.26550800004,173140.64173804654,269981.91786140006,74.905216,105.90192314991285,0.006664154814766714,32,64,,True,False,Request timeout: 300.0s exceeded,12,56.69694568066818
253,2026-09-19T05:47:02.602+00:00,2026-09-19T05:52:02.334+00:00,2026-09-19T05:52:02.687+00:00,False,5,4.0,,4.0,299731.777204,300084.10846799996,300084.10856799997,60016.821713599995,0.02286,299731.777204,134004.74494525846,239813.40593439995,88.082816,62.75394642514818,0.01332959622694098,32,64,,True,False,Request timeout: 300.0s exceeded,13,56.69694568066818
254,2026-09-19T05:47:02.966+00:00,2026-09-19T05:52:02.600+00:00,2026-09-19T05:52:02.994+00:00,False,8,7.0,,7.0,299633.98822299996,300027.268223,300027.268177,37503.408522125,0.05107,299633.98822299996,105916.75319322011,194798.98946394998,56.182857142857145,32.815647697828524,0.0233312126643007,32,64,,True,False,Request timeout: 300.0s exceeded,21,56.69694568066818
255,2026-09-19T05:47:03.350+00:00,2026-09-19T05:52:03.462+00:00,2026-09-19T05:52:03.462+00:00,False,1,0.0,,0.0,300112.02763599996,300112.02763599996,300112.02763599996,300112.02763599996,300112.02763599996,300112.02763599996,nan,300112.02763599996,nan,nan,0.0,32,64,,True,False,"HTTPConnectionPool(host='gpu03', port=9002): Read timed out.",0,56.69694568066818
256,2026-09-19T05:47:03.676+00:00,2026-09-19T05:52:03.754+00:00,2026-09-19T05:52:03.754+00:00,False,1,0.0,,0.0,300077.96790499997,300077.96790499997,300077.96790499997,300077.96790499997,300077.96790499997,300077.96790499997,nan,300077.96790499997,nan,nan,0.0,32,64,,True,False,"HTTPConnectionPool(host='gpu03', port=9002): Read timed out.",0,56.69694568066818
257,2026-09-19T05:47:04.137+00:00,2026-09-19T05:52:04.082+00:00,2026-09-19T05:52:04.432+00:00,True,4,4.0,,4.0,299945.235559,300294.849383,300294.849321,75073.71233025,111.479477,299945.235559,149914.3489069385,254971.98586105,116.53794133333332,6.2828945149946085,0.013320241783096145,32,64,,True,True,,12,56.69694568066818
258,2026-09-19T05:47:04.536+00:00,2026-09-19T05:52:04.431+00:00,2026-09-19T05:52:05.152+00:00,False,9,8.0,,8.0,299894.912479,300616.649183,300616.649035,33401.84989277778,0.022670000000000003,299894.912479,99934.90430531501,179979.32779099996,90.217088,36.50963302490782,0.026611965843348916,32,64,,True,False,Request timeout: 300.0s exceeded,41,56.69694568066818
259,2026-09-19T05:47:04.888+00:00,2026-09-19T05:52:05.149+00:00,2026-09-19T05:52:05.253+00:00,False,3,2.0,,2.0,300260.76104,300364.727504,300364.72744600003,100121.57581533334,0.04142,300260.76104,173325.6264801714,270245.0774346,51.983232,73.45674144552832,0.006658571452845992,32,64,,True,False,Request timeout: 300.0s exceeded,3,56.69694568066818
260,2026-09-19T05:47:05.189+00:00,2026-09-19T05:52:05.260+00:00,2026-09-19T05:52:05.260+00:00,False,1,0.0,,0.0,300071.879242,300071.879242,300071.879242,300071.879242,300071.879242,300071.879242,nan,300071.879242,nan,nan,0.0,32,64,,True,False,"HTTPConnectionPool(host='gpu03', port=9002): Read timed out.",0,56.69694568066818
261,2026-09-19T05:47:05.680+00:00,2026-09-19T05:52:05.794+00:00,2026-09-19T05:52:05.794+00:00,False,1,0.0,,0.0,300113.620534,300113.620534,300113.620534,300113.620534,300113.620534,300113.620534,nan,300113.620534,nan,nan,0.0,32,64,,True,False,"HTTPConnectionPool(host='gpu03', port=9002): Read timed out.",0,56.69694568066818
262,2026-09-19T05:47:06.155+00:00,2026-09-19T05:52:06.260+00:00,2026-09-19T05:52:06.260+00:00,False,1,0.0,,0.0,300104.97281199996,300104.97281199996,300104.97281199996,300104.97281199996,300104.97281199996,300104.97281199996,nan,300104.97281199996,nan,nan,0.0,32,64,,True,False,"HTTPConnectionPool(host='gpu03', port=9002): Read timed out.",0,56.69694568066818
264,2026-09-19T05:47:06.916+00:00,2026-09-19T05:52:06.547+00:00,2026-09-19T05:52:06.943+00:00,False,7,6.0,,6.0,299631.537231,300027.741775,300027.741778,42861.105968285716,0.02759,299631.537231,113225.12350540214,209772.81890910002,66.03409066666667,40.309385697409475,0.019998150719341093,32,64,,True,False,Request timeout: 300.0s exceeded,17,56.69694568066818
263,2026-09-19T05:47:06.503+00:00,2026-09-19T05:52:06.549+00:00,2026-09-19T05:52:06.549+00:00,False,1,0.0,,0.0,300045.82024900004,300045.82024900004,300045.82024900004,300045.82024900004,300045.82024900004,300045.82024900004,nan,300045.82024900004,nan,nan,0.0,32,64,,True,False,TTFT timeout: 300.0s exceeded (TTFT: 300.026s),0,56.69694568066818
265,2026-09-19T05:47:07.357+00:00,2026-09-19T05:52:07.485+00:00,2026-09-19T05:52:07.485+00:00,False,1,0.0,,0.0,300128.439951,300128.439951,300128.439951,300128.439951,300128.439951,300128.439951,nan,300128.439951,nan,nan,0.0,32,64,,True,False,"HTTPConnectionPool(host='gpu03', port=9002): Read timed out.",0,56.69694568066818
266,2026-09-19T05:47:07.771+00:00,2026-09-19T05:52:07.851+00:00,2026-09-19T05:52:07.851+00:00,False,1,0.0,,0.0,300079.49545499997,300079.49545499997,300079.49545499997,300079.49545499997,300079.49545499997,300079.49545499997,nan,300079.49545499997,nan,nan,0.0,32,64,,True,False,TTFT timeout: 300.0s exceeded (TTFT: 300.073s),0,56.69694568066818
267,2026-09-19T05:47:08.211+00:00,2026-09-19T05:52:08.127+00:00,2026-09-19T05:52:08.272+00:00,False,3,2.0,,2.0,299916.79124500003,300061.001165,300061.001201,100020.33373366667,0.02124,299916.79124500003,173115.42533884873,269939.5309921,72.10496,101.94176313659622,0.006665311360806342,32,64,,True,False,Request timeout: 300.0s exceeded,8,56.69694568066818
268,2026-09-19T05:47:08.536+00:00,2026-09-19T05:52:08.385+00:00,2026-09-19T05:52:08.603+00:00,False,4,3.0,,3.0,299849.605964,300067.39181999996,300067.391809,75016.84795225,0.0247,299849.605964,149888.51461851684,254890.7312873,72.59528533333332,64.58881101943095,0.009997754110515268,32,64,,True,False,Request timeout: 300.0s exceeded,10,56.69694568066818
269,2026-09-19T05:47:08.953+00:00,2026-09-19T05:52:09.010+00:00,2026-09-19T05:52:09.010+00:00,False,1,0.0,,0.0,300056.999008,300056.999008,300056.999008,300056.999008,300056.999008,300056.999008,nan,300056.999008,nan,nan,0.0,32,64,,True,False,"HTTPConnectionPool(host='gpu03', port=9002): Read timed out.",0,56.69694568066818
270,2026-09-19T05:47:09.263+00:00,2026-09-19T05:52:09.291+00:00,2026-09-19T05:52:09.291+00:00,False,1,0.0,,0.0,300027.290097,300027.290097,300027.290097,300027.290097,300027.290097,300027.290097,nan,300027.290097,nan,nan,0.0,32,64,,True,False,"HTTPConnectionPool(host='gpu03', port=9002): Read timed out.",0,56.69694568066818
271,2026-09-19T05:47:09.629+00:00,2026-09-19T05:52:09.599+00:00,2026-09-19T05:52:09.732+00:00,False,3,2.0,,2.0,299969.969437,300102.543901,300102.54398,100034.18132666666,0.02461,299969.969437,173149.48430825715,269986.2274866,66.287232,93.70954679406294,0.0066643886919524895,32,64,,True,False,Request timeout: 300.0s exceeded,9,56.69694568066818
272,2026-09-19T05:47:10.005+00:00,2026-09-19T05:52:09.863+00:00,2026-09-19T05:52:10.104+00:00,False,4,3.0,,3.0,299858.16830900003,300098.34008500003,300098.34007900005,75024.58501975001,0.037630000000000004,299858.16830900003,149889.06659935528,254899.44814595004,80.05725866666667,70.5638111736796,0.009996723071344808,32,64,,True,False,Request timeout: 300.0s exceeded,11,56.69694568066818
273,2026-09-19T05:47:10.480+00:00,2026-09-19T05:52:10.406+00:00,2026-09-19T05:52:10.508+00:00,True,2,2.0,,2.0,299926.231459,300028.525731,300028.52561899996,150014.26280949998,102.29416,299926.231459,212007.53922617313,284935.03459404997,102.294272,nan,0.0066660328218029604,32,64,,True,True,,4,56.69694568066818
274,2026-09-19T05:47:10.950+00:00,2026-09-19T05:52:10.995+00:00,2026-09-19T05:52:10.995+00:00,False,1,0.0,,0.0,300045.21852399997,300045.21852399997,300045.21852399997,300045.21852399997,300045.21852399997,300045.21852399997,nan,300045.21852399997,nan,nan,0.0,32,64,,True,False,"HTTPConnectionPool(host='gpu03', port=9002): Read timed out.",0,56.69694568066818
275,2026-09-19T05:47:11.272+00:00,2026-09-19T05:52:11.358+00:00,2026-09-19T05:52:11.358+00:00,False,1,0.0,,0.0,300086.60049800004,300086.60049800004,300086.60049800004,300086.60049800004,300086.60049800004,300086.60049800004,nan,300086.60049800004,nan,nan,0.0,32,64,,True,False,TTFT timeout: 300.0s exceeded (TTFT: 300.073s),0,56.69694568066818
276,2026-09-19T05:47:11.798+00:00,2026-09-19T05:52:11.631+00:00,2026-09-19T05:52:11.834+00:00,False,4,3.0,,3.0,299832.732662,300035.560438,300035.560384,75008.890096,0.05151,299832.732662,149882.56932405362,254873.11404604997,67.60925866666668,58.509394821087845,0.009998814792554987,32,64,,True,False,Request timeout: 300.0s exceeded,7,56.69694568066818
277,2026-09-19T05:47:12.296+00:00,2026-09-19T05:52:12.406+00:00,2026-09-19T05:52:12.406+00:00,False,1,0.0,,0.0,300109.608547,300109.608547,300109.608547,300109.608547,300109.608547,300109.608547,nan,300109.608547,nan,nan,0.0,32,64,,True,False,"HTTPConnectionPool(host='gpu03', port=9002): Read timed out.",0,56.69694568066818
278,2026-09-19T05:47:12.728+00:00,2026-09-19T05:52:12.808+00:00,2026-09-19T05:52:12.808+00:00,False,1,0.0,,0.0,300080.35662,300080.35662,300080.35662,300080.35662,300080.35662,300080.35662,nan,300080.35662,nan,nan,0.0,32,64,,True,False,TTFT timeout: 300.0s exceeded (TTFT: 300.058s),0,56.69694568066818
279,2026-09-19T05:47:13.041+00:00,2026-09-19T05:52:13.096+00:00,2026-09-19T05:52:13.096+00:00,False,1,0.0,,0.0,300055.390347,300055.390347,300055.390347,300055.390347,300055.390347,300055.390347,nan,300055.390347,nan,nan,0.0,32,64,,True,False,TTFT timeout: 300.0s exceeded (TTFT: 300.049s),0,56.69694568066818
280,2026-09-19T05:47:13.517+00:00,2026-09-19T05:52:13.355+00:00,2026-09-19T05:52:13.564+00:00,False,4,3.0,,3.0,299838.150018,300047.303298,300047.303105,75011.82577625,0.06599,299838.150018,149884.22448017236,254879.62503465,69.71776,61.160993896336514,0.009998423471983247,32,64,,True,False,Request timeout: 300.0s exceeded,10,56.69694568066818
281,2026-09-19T05:47:13.951+00:00,2026-09-19T05:52:14.049+00:00,2026-09-19T05:52:14.049+00:00,False,1,0.0,,0.0,300098.66595,300098.66595,300098.66595,300098.66595,300098.66595,300098.66595,nan,300098.66595,nan,nan,0.0,32,64,,True,False,"HTTPConnectionPool(host='gpu03', port=9002): Read timed out.",0,56.69694568066818
282,2026-09-19T05:47:14.288+00:00,2026-09-19T05:52:14.370+00:00,2026-09-19T05:52:14.370+00:00,False,1,0.0,,0.0,300081.053395,300081.053395,300081.053395,300081.053395,300081.053395,300081.053395,nan,300081.053395,nan,nan,0.0,32,64,,True,False,TTFT timeout: 300.0s exceeded (TTFT: 300.073s),0,56.69694568066818
283,2026-09-19T05:47:14.675+00:00,2026-09-19T05:52:14.644+00:00,2026-09-19T05:52:14.781+00:00,False,3,2.0,,2.0,299968.635838,300106.202558,300106.20269,100035.40089666666,0.04252,299968.635838,173147.2741653531,269985.5246874,68.78336,97.21426215804445,0.006664307445006806,32,64,,True,False,Request timeout: 300.0s exceeded,14,56.69694568066818
284,2026-09-19T05:47:14.994+00:00,2026-09-19T05:52:14.782+00:00,2026-09-19T05:52:15.023+00:00,False,4,3.0,,3.0,299787.935768,300029.168664,300029.16861500003,75007.29215375001,0.0232,299787.935768,149853.77343436726,254839.407272,80.41096533333332,70.40131689559102,0.00999902780572536,32,64,,True,False,Request timeout: 300.0s exceeded,5,56.69694568066818
285,2026-09-19T05:47:15.365+00:00,2026-09-19T05:52:15.135+00:00,2026-09-19T05:52:15.449+00:00,False,5,4.0,,4.0,299770.690539,300084.82685899996,300084.826817,60016.96536339999,0.03139,299770.690539,134026.41482720771,239840.36562059997,78.53408,53.436128374257855,0.013329564316423998,32,64,,True,False,Request timeout: 300.0s exceeded,22,56.69694568066818
286,2026-09-19T05:47:15.881+00:00,2026-09-19T05:52:15.936+00:00,2026-09-19T05:52:15.936+00:00,False,1,0.0,,0.0,300055.152923,300055.152923,300055.152923,300055.152923,300055.152923,300055.152923,nan,300055.152923,nan,nan,0.0,32,64,,True,False,"HTTPConnectionPool(host='gpu03', port=9002): Read timed out.",0,56.69694568066818
287,2026-09-19T05:47:16.208+00:00,2026-09-19T05:52:16.274+00:00,2026-09-19T05:52:16.274+00:00,False,1,0.0,,0.0,300065.991599,300065.991599,300065.991599,300065.991599,300065.991599,300065.991599,nan,300065.991599,nan,nan,0.0,32,64,,True,False,"HTTPConnectionPool(host='gpu03', port=9002): Read timed out.",0,56.69694568066818
289,2026-09-19T05:47:17.602+00:00,2026-09-19T05:52:16.661+00:00,2026-09-19T05:52:17.638+00:00,False,12,11.0,,11.0,299058.43813,300035.761906,300035.762009,25002.98016741667,0.03861,299058.43813,86305.09282316515,134637.66184430002,88.847616,33.877302472573014,0.03666229628802135,32,64,,True,False,Request timeout: 300.0s exceeded,47,56.69694568066818
288,2026-09-19T05:47:17.577+00:00,2026-09-19T05:52:16.978+00:00,2026-09-19T05:52:17.867+00:00,False,11,10.0,,10.0,299401.28315100004,300290.037071,300290.036987,27299.09427154546,0.03915,299401.28315100004,90246.09339132888,149765.7616205,88.875392,37.13589027082836,0.03330113811813083,32,64,,True,False,Request timeout: 300.0s exceeded,42,56.69694568066818
290,2026-09-19T05:47:17.652+00:00,2026-09-19T05:52:17.538+00:00,2026-09-19T05:52:17.865+00:00,False,5,4.0,,4.0,299886.46447,300213.283798,300213.283727,60042.6567454,0.06406,299886.46447,134076.77353475936,239935.47660520003,81.704832,56.79255821776389,0.01332386078789045,32,64,,True,False,Request timeout: 300.0s exceeded,9,56.69694568066818
291,2026-09-19T05:47:17.872+00:00,2026-09-19T05:52:17.959+00:00,2026-09-19T05:52:17.959+00:00,False,1,0.0,,0.0,300086.54478500003,300086.54478500003,300086.54478500003,300086.54478500003,300086.54478500003,300086.54478500003,nan,300086.54478500003,nan,nan,0.0,32,64,,True,False,"HTTPConnectionPool(host='gpu03', port=9002): Read timed out.",0,56.69694568066818
292,2026-09-19T05:47:18.232+00:00,2026-09-19T05:52:18.353+00:00,2026-09-19T05:52:18.353+00:00,False,1,0.0,,0.0,300120.61497000005,300120.61497000005,300120.61497000005,300120.61497000005,300120.61497000005,300120.61497000005,nan,300120.61497000005,nan,nan,0.0,32,64,,True,False,"HTTPConnectionPool(host='gpu03', port=9002): Read timed out.",0,56.69694568066818
293,2026-09-19T05:47:18.545+00:00,2026-09-19T05:52:18.657+00:00,2026-09-19T05:52:18.657+00:00,False,1,0.0,,0.0,300112.06174699997,300112.06174699997,300112.06174699997,300112.06174699997,300112.06174699997,300112.06174699997,nan,300112.06174699997,nan,nan,0.0,32,64,,True,False,"HTTPConnectionPool(host='gpu03', port=9002): Read timed out.",0,56.69694568066818
294,2026-09-19T05:47:19.025+00:00,2026-09-19T05:52:19.130+00:00,2026-09-19T05:52:19.130+00:00,False,1,0.0,,0.0,300104.214893,300104.214893,300104.214893,300104.214893,300104.214893,300104.214893,nan,300104.214893,nan,nan,0.0,32,64,,True,False,"HTTPConnectionPool(host='gpu03', port=9002): Read timed out.",0,56.69694568066818
295,2026-09-19T05:47:19.370+00:00,2026-09-19T05:52:19.396+00:00,2026-09-19T05:52:20.585+00:00,False,16,15.0,,15.0,300025.69670800003,301215.01997200004,301215.019885,18825.9387428125,0.04112,300025.69670800003,74986.60917716988,75086.60698975001,79.2882176,33.66505163933303,0.049798313515024416,32,64,,True,False,Request timeout: 300.0s exceeded,70,56.69694568066818
296,2026-09-19T05:47:19.663+00:00,2026-09-19T05:52:19.397+00:00,2026-09-19T05:52:20.687+00:00,False,17,16.0,,16.0,299734.080212,301024.3453,301024.345462,17707.314438941175,0.04312,299734.080212,72676.64118221738,60034.1644352,80.641568,33.29245132937298,0.0531518471838364,32,64,,True,False,Request timeout: 300.0s exceeded,85,56.69694568066818
298,2026-09-19T05:47:20.524+00:00,2026-09-19T05:52:20.730+00:00,2026-09-19T05:52:20.730+00:00,False,1,0.0,,0.0,300205.290689,300205.290689,300205.290689,300205.290689,300205.290689,300205.290689,nan,300205.290689,nan,nan,0.0,32,64,,True,False,"HTTPConnectionPool(host='gpu03', port=9002): Read timed out.",0,56.69694568066818
297,2026-09-19T05:47:20.074+00:00,2026-09-19T05:52:21.174+00:00,2026-09-19T05:52:21.174+00:00,False,1,0.0,,0.0,301099.381922,301099.381922,301099.381922,301099.381922,301099.381922,301099.381922,nan,301099.381922,nan,nan,0.0,32,64,,True,False,"HTTPConnectionPool(host='gpu03', port=9002): Read timed out.",0,56.69694568066818
0,2026-09-19T05:45:20.803+00:00,2026-09-19T05:45:21.011+00:00,2026-09-19T05:45:27.106+00:00,True,67,67.0,,67.0,207.94956,6302.619384,6302.61948,94.06894746268657,33.779002,207.94956,28.688996372984573,110.828986,92.34348218181819,25.163040048799978,10.630500735946075,33,64,,False,True,,301,56.69694568066818
1,2026-09-19T05:45:21.298+00:00,2026-09-19T05:45:21.547+00:00,2026-09-19T05:45:28.027+00:00,True,68,68.0,,68.0,248.80307399999998,6729.284866,6729.284987,98.96007333823529,46.054522,248.80307399999998,29.488830588433117,112.04933455000003,96.7236088358209,23.18387454784207,10.105085659781311,33,64,,False,True,,228,56.69694568066818
2,2026-09-19T05:45:22.012+00:00,2026-09-19T05:45:24.490+00:00,2026-09-19T05:45:25.705+00:00,True,15,15.0,,15.0,2478.417326,3693.248174,3693.2481759999996,246.21654506666664,47.530609,2478.417326,618.0855599414468,819.9265689999999,86.773632,27.43898573782316,4.061465488725643,33,64,,False,True,,78,56.69694568066818
3,2026-09-19T05:45:22.304+00:00,2026-09-19T05:45:27.003+00:00,2026-09-19T05:45:30.500+00:00,True,36,36.0,,36.0,4699.019173000001,8196.219301000001,8196.219246,227.67275683333335,47.337548999999996,4699.019173000001,766.7414327096549,123.34165050000001,99.92000365714286,18.84085017243236,4.392269005736306,33,64,,False,True,,121,56.69694568066818
4,2026-09-19T05:45:22.881+00:00,2026-09-19T05:45:29.780+00:00,2026-09-19T05:45:34.193+00:00,True,45,45.0,,45.0,6898.60195,11312.115678,11312.115706,251.38034902222222,0.0,6898.60195,1013.8605194558892,136.50428240000002,100.30713018181818,29.886036960800233,3.978035699150141,33,64,,False,True,,212,56.69694568066818
5,2026-09-19T05:45:23.548+00:00,2026-09-19T05:45:32.853+00:00,2026-09-19T05:45:33.996+00:00,True,12,12.0,,12.0,9305.515502,10448.394734,10448.394839,870.6995699166666,0.0,9305.515502,2656.800423730829,4320.0698313,103.898112,55.24900080847085,1.1485017847718693,33,64,,False,True,,39,56.69694568066818
6,2026-09-19T05:45:23.938+00:00,2026-09-19T05:45:35.062+00:00,2026-09-19T05:45:36.663+00:00,True,17,17.0,,17.0,11124.847911,12725.101607,12725.101573,748.5353866470589,0.0,11124.847911,2674.324949647924,2420.0168710000003,100.015856,48.38732593516279,1.3359421814477617,33,64,,False,True,,49,56.69694568066818
7,2026-09-19T05:45:24.604+00:00,2026-09-19T05:45:38.717+00:00,2026-09-19T05:45:40.563+00:00,True,20,20.0,,20.0,14113.264989,15959.404892999999,15959.404937,797.97024685,0.0,14113.264989,3134.6834660321,1003.0196914,97.16525810526316,62.39177684842365,1.2531795598952602,33,64,,False,True,,85,56.69694568066818
8,2026-09-19T05:45:25.026+00:00,2026-09-19T05:45:41.071+00:00,2026-09-19T05:45:49.207+00:00,True,84,84.0,,84.0,16045.263947000001,24181.346635,24181.346681000003,287.8731747738095,0.0,16045.263947000001,1740.568837717182,118.24354145000001,98.02509262650604,45.297875464934386,3.4737519488852073,33,64,,False,True,,368,56.69694568066818
9,2026-09-19T05:45:25.649+00:00,2026-09-19T05:45:44.821+00:00,2026-09-19T05:45:45.493+00:00,True,8,8.0,,8.0,19171.746174,19843.477886,19843.477958,2480.43474475,50.264093,19171.746174,6744.335354725025,12499.7679002,95.96167314285715,20.63956575154322,0.4031551346976414,33,64,,False,True,,28,56.69694568066818
10,2026-09-19T05:45:26.079+00:00,2026-09-19T05:45:47.320+00:00,2026-09-19T05:45:49.794+00:00,True,23,23.0,,23.0,21240.761823,23715.089887000002,23715.089828,1031.0908620869566,47.534648999999995,21240.761823,4405.97277725275,354.4968161,112.46945745454545,62.21229334426375,0.9698466297025509,33,64,,False,True,,96,56.69694568066818
11,2026-09-19T05:45:26.469+00:00,2026-09-19T05:45:49.408+00:00,2026-09-19T05:45:54.293+00:00,True,49,49.0,,49.0,22938.892146000002,27823.586418000003,27823.586375000003,567.828293367347,0.0,22938.892146000002,3263.9526932060066,439.80870880000003,101.764464,100.18527682484475,1.7610957575296717,33,64,,False,True,,260,56.69694568066818
12,2026-09-19T05:45:26.851+00:00,2026-09-19T05:45:51.354+00:00,2026-09-19T05:45:58.860+00:00,True,79,79.0,,79.0,24502.607942000002,32008.518982,32008.518923000003,405.17112560759494,0.0,24502.607942000002,2746.8479058735193,111.1791884,96.22962871794871,71.3840096879053,2.4680929487685974,33,64,,False,True,,287,56.69694568066818
13,2026-09-19T05:45:27.442+00:00,2026-09-19T05:45:54.429+00:00,2026-09-19T05:46:02.983+00:00,True,91,91.0,,91.0,26986.727094,35540.659894000004,35540.660006,390.5567033626374,0.0,26986.727094,2819.5614508389813,114.26885850000001,95.04369777777778,55.85053570884857,2.5604476751812557,33,64,,False,True,,344,56.69694568066818
14,2026-09-19T05:45:28.064+00:00,2026-09-19T05:45:57.807+00:00,2026-09-19T05:45:57.920+00:00,True,2,2.0,,2.0,29742.909842,29856.39413,29856.394198,14928.197099,113.484356,29742.909842,20951.167683812117,28261.4385677,113.484288,nan,0.06698732577322122,33,64,,False,True,,10,56.69694568066818
15,2026-09-19T05:45:28.532+00:00,2026-09-19T05:46:00.919+00:00,2026-09-19T05:46:04.573+00:00,True,37,37.0,,37.0,32386.261743,36040.735983,36040.736021,974.0739465135135,48.253017,32386.261743,5307.604005845592,113.37271820000002,101.51317333333333,16.19983672717395,1.026616105105414,33,64,,False,True,,169,56.69694568066818
16,2026-09-19T05:45:28.922+00:00,2026-09-19T05:46:02.665+00:00,2026-09-19T05:46:07.401+00:00,True,48,48.0,,48.0,33742.783784,38478.658856,38478.658952,801.6387281666666,0.0,33742.783784,4857.026941807198,401.8619831,100.76329940425532,110.01251063176383,1.2474447246103881,33,64,,False,True,,267,56.69694568066818
17,2026-09-19T05:45:29.339+00:00,2026-09-19T05:46:05.757+00:00,2026-09-19T05:46:08.048+00:00,True,29,29.0,,29.0,36418.225822,38709.04515,38709.045245,1334.7946636206896,0.0,36418.225822,6748.375864860794,399.4673753999999,81.814976,110.58473590265976,0.7491789034739339,33,64,,False,True,,136,56.69694568066818
18,2026-09-19T05:45:29.966+00:00,2026-09-19T05:46:08.456+00:00,2026-09-19T05:46:16.965+00:00,True,89,89.0,,89.0,38489.280177,46998.408113,46998.408105,528.0720011797753,0.0,38489.280177,4070.2966325144243,109.2476032,96.69463563636364,75.41148165793723,1.8936811601366164,33,64,,False,True,,311,56.69694568066818
19,2026-09-19T05:45:30.438+00:00,2026-09-19T05:46:10.457+00:00,2026-09-19T05:46:18.609+00:00,True,86,86.0,,86.0,40019.537103,48171.192271,48171.192174,560.1301415581396,0.0,40019.537103,4305.761266385671,112.991224,95.90182550588236,77.25462291509992,1.7852993863258326,33,64,,False,True,,362,56.69694568066818
20,2026-09-19T05:45:30.919+00:00,2026-09-19T05:46:13.170+00:00,2026-09-19T05:46:15.518+00:00,True,26,26.0,,26.0,42251.631942,44599.849286,44599.849263,1715.3788178076923,41.828241999999996,42251.631942,8267.826385855727,109.31433750000001,93.92869376,18.817790381647754,0.5829616112214412,33,64,,False,True,,88,56.69694568066818
21,2026-09-19T05:45:31.331+00:00,2026-09-19T05:46:15.062+00:00,2026-09-19T05:46:23.803+00:00,True,90,90.0,,90.0,43730.152858999994,52472.053659,52472.053695999995,583.0228188444444,0.0,43730.152858999994,4600.659977266659,114.06588780000001,98.22360449438203,116.18475621943433,1.7151987338799959,33,64,,False,True,,417,56.69694568066818
22,2026-09-19T05:45:31.736+00:00,2026-09-19T05:46:17.550+00:00,2026-09-19T05:46:24.438+00:00,True,70,70.0,,70.0,45814.588683,52702.287115,52702.287069,752.8898152714286,0.0,45814.588683,5465.698533395056,116.66814055,99.82171640579709,138.86667464182983,1.3282156018628795,33,64,,False,True,,237,56.69694568066818
23,2026-09-19T05:45:32.408+00:00,2026-09-19T05:46:21.317+00:00,2026-09-19T05:46:29.395+00:00,True,75,75.0,,75.0,48909.319983999994,56986.723119999995,56986.723168,759.8229755733332,0.0,48909.319983999994,5636.4551183410495,116.583466,109.15409643243242,130.79864034987108,1.316096028930607,33,64,,False,True,,274,56.69694568066818
24,2026-09-19T05:45:32.810+00:00,2026-09-19T05:46:24.019+00:00,2026-09-19T05:46:28.595+00:00,True,44,44.0,,44.0,51209.373877,55785.323701,55785.32371,1267.8482661363637,45.459753,51209.373877,7704.068316198254,118.20103545,106.41743776744185,11.065710487495766,0.7887379167293648,33,64,,False,True,,193,56.69694568066818
25,2026-09-19T05:45:33.376+00:00,2026-09-19T05:46:26.820+00:00,2026-09-19T05:46:32.909+00:00,True,61,61.0,,61.0,53444.522042000004,59533.45157800001,59533.451537,975.9582219180329,0.0,53444.522042000004,6830.602440485798,115.17491899999999,101.48215893333334,100.43038122685871,1.0246340231101592,33,64,,False,True,,307,56.69694568066818
26,2026-09-19T05:45:33.825+00:00,2026-09-19T05:46:29.409+00:00,2026-09-19T05:46:33.986+00:00,True,52,52.0,,52.0,55583.867727,60160.903502999994,60160.903579,1156.9404534423077,0.0,55583.867727,7695.736573849653,114.26225575000001,89.74579952941177,36.849411023040155,0.8643487210494929,33,64,,False,True,,244,56.69694568066818
27,2026-09-19T05:45:34.472+00:00,2026-09-19T05:46:33.021+00:00,2026-09-19T05:46:37.684+00:00,True,42,42.0,,42.0,58548.108372,63211.42306,63211.423153,1505.033884595238,0.07817,58548.108372,9017.0509319531,115.54999004999999,113.73938263414635,89.36516115125026,0.6644368686358126,33,64,,False,True,,158,56.69694568066818
28,2026-09-19T05:45:34.843+00:00,2026-09-19T05:46:34.716+00:00,2026-09-19T05:46:35.029+00:00,True,4,4.0,,4.0,59873.190438,60186.36343,60186.363364,15046.590841,102.56819,59873.190438,29884.399762632907,50908.09130745,104.39099733333333,1.6751531764484504,0.06646023737008494,33,64,,False,True,,17,56.69694568066818
29,2026-09-19T05:45:35.487+00:00,2026-09-19T05:46:39.369+00:00,2026-09-19T05:46:41.536+00:00,True,31,31.0,,31.0,63881.709785,66048.82479299999,66048.824721,2130.607249064516,0.0,63881.709785,11460.615915345634,115.1469705,72.23716693333334,47.78839619374833,0.4693497590177479,33,64,,False,True,,154,56.69694568066818
30,2026-09-19T05:45:36.116+00:00,2026-09-19T05:46:41.631+00:00,2026-09-19T05:46:46.679+00:00,True,52,52.0,,52.0,65515.098183,70562.89645500001,70562.89649,1356.9787786538461,45.482184000000004,65515.098183,9071.60309974618,113.2527478,98.97643670588235,18.853557449566864,0.7369312005660353,33,64,,False,True,,221,56.69694568066818
31,2026-09-19T05:45:36.725+00:00,2026-09-19T05:46:44.858+00:00,2026-09-19T05:46:46.465+00:00,True,17,17.0,,17.0,68132.578613,69739.462453,69739.46244300001,4102.321320176471,48.430066,68132.578613,16500.225786147184,13716.3781754,100.43024,14.72265909223941,0.24376442550667676,33,64,,False,True,,80,56.69694568066818
32,2026-09-19T05:45:37.136+00:00,2026-09-19T05:46:46.677+00:00,2026-09-19T05:46:47.872+00:00,True,14,14.0,,14.0,69540.41884299999,70735.437083,70735.43695999999,5052.531211428571,48.408466,69540.41884299999,18560.903930424338,24411.180271699996,91.92448,22.931049508468877,0.19792059789738192,33,64,,False,True,,61,56.69694568066818
33,2026-09-19T05:45:37.704+00:00,2026-09-19T05:46:49.999+00:00,2026-09-19T05:46:56.335+00:00,True,64,64.0,,64.0,72294.862552,78631.795928,78631.796105,1228.621814140625,0.0,72294.862552,9025.737046682481,235.93587685000003,100.58624406349206,163.2197249379203,0.8139201101117193,33,64,,False,True,,161,56.69694568066818
34,2026-09-19T05:45:38.219+00:00,2026-09-19T05:46:52.649+00:00,2026-09-19T05:47:02.670+00:00,True,99,99.0,,99.0,74430.004075,84450.84324300001,84450.84328500001,853.0388210606061,0.016309999999999998,74430.004075,7470.615923136068,112.99598689999999,102.25346089795919,77.30633603331037,1.1722795912781598,33,64,,False,True,,440,56.69694568066818
35,2026-09-19T05:45:38.700+00:00,2026-09-19T05:46:55.657+00:00,2026-09-19T05:46:55.791+00:00,True,3,3.0,,3.0,76957.635246,77091.13847800001,77091.138542,25697.046180666668,0.054308999999999996,76957.635246,44393.0224475509,69275.21662010001,66.751616,94.32428845906378,0.0389149785465437,33,64,,False,True,,12,56.69694568066818
36,2026-09-19T05:45:39.122+00:00,2026-09-19T05:46:57.546+00:00,2026-09-19T05:47:06.031+00:00,True,87,87.0,,87.0,78423.761589,86908.696757,86908.696925,998.9505393678161,0.0,78423.761589,8398.246611808656,113.2708203,98.6620368372093,124.66123627723402,1.0010505650919526,33,64,,False,True,,401,56.69694568066818
37,2026-09-19T05:45:39.619+00:00,2026-09-19T05:47:00.977+00:00,2026-09-19T05:47:05.671+00:00,True,49,49.0,,49.0,81357.553599,86051.294399,86051.294538,1756.1488681224491,0.0,81357.553599,11609.717461860066,112.5673578,97.78626666666668,167.22201818175728,0.5694278086370009,33,64,,False,True,,230,56.69694568066818
38,2026-09-19T05:45:40.104+00:00,2026-09-19T05:47:04.848+00:00,2026-09-19T05:47:05.878+00:00,True,20,20.0,,20.0,84743.665838,85773.936302,85773.936271,4288.69681355,0.0,84743.665838,18937.19791060585,4340.9661787000005,54.224761263157895,50.260842846701905,0.2331710641048621,33,64,,False,True,,92,56.69694568066818
39,2026-09-19T05:45:40.771+00:00,2026-09-19T05:47:07.386+00:00,2026-09-19T05:47:08.520+00:00,True,13,13.0,,13.0,86615.324536,87749.326968,87749.327146,6749.948242,42.366021,86615.324536,23996.56928371132,34714.421180200006,94.50020266666667,23.075380507377677,0.14814928443543252,33,64,,False,True,,59,56.69694568066818
40,2026-09-19T05:45:41.163+00:00,2026-09-19T05:47:09.980+00:00,2026-09-19T05:47:17.501+00:00,True,74,74.0,,74.0,88816.489835,96337.769835,96337.769659,1301.8617521486487,0.01625,88816.489835,10313.305865304947,109.74883009999999,103.03123287671232,109.73130201971544,0.7681307147419082,33,64,,False,True,,382,56.69694568066818
41,2026-09-19T05:45:41.599+00:00,2026-09-19T05:47:11.995+00:00,2026-09-19T05:47:21.605+00:00,True,100,100.0,,100.0,90395.35691500001,100005.65553900001,100005.65553700001,1000.0565553700001,0.0,90395.35691500001,9031.382976610854,113.80651565,97.07372347474748,168.4206329400903,0.9999434478083311,33,64,,False,True,,463,56.69694568066818
42,2026-09-19T05:45:42.012+00:00,2026-09-19T05:47:14.886+00:00,2026-09-19T05:47:17.498+00:00,True,19,19.0,,19.0,92874.004833,95486.266465,95486.266334,5025.592964947368,0.046490000000000004,92874.004833,21274.47395750708,10182.2449476,145.1256462222222,213.31931930748348,0.19898149444312344,33,64,,False,True,,60,56.69694568066818
43,2026-09-19T05:45:42.542+00:00,2026-09-19T05:47:17.553+00:00,2026-09-19T05:47:17.906+00:00,True,7,7.0,,7.0,95010.267441,95363.555121,95363.554903,13623.364986142858,0.05578,95010.267441,35888.29279081104,66554.53604040001,58.88128,60.24985438612454,0.07340330371616494,33,64,,False,True,,29,56.69694568066818
44,2026-09-19T05:45:43.179+00:00,2026-09-19T05:47:20.873+00:00,2026-09-19T05:47:26.139+00:00,True,53,53.0,,53.0,97693.935843,102959.332579,102959.332601,1942.628917,46.9498,97693.935843,13405.395684418247,112.7551536,101.25762953846153,16.835044466033448,0.514766351649895,33,64,,False,True,,224,56.69694568066818
45,2026-09-19T05:45:43.683+00:00,2026-09-19T05:47:23.351+00:00,2026-09-19T05:47:23.995+00:00,True,8,8.0,,8.0,99668.483794,100312.144594,100312.144583,12539.018072875,49.099093999999994,99668.483794,35205.630201879016,64823.2233986,91.95154285714285,28.082711680505092,0.07975106137326572,33,64,,False,True,,19,56.69694568066818
46,2026-09-19T05:45:44.293+00:00,2026-09-19T05:47:27.084+00:00,2026-09-19T05:47:35.711+00:00,True,89,89.0,,89.0,102791.038867,111417.78523499999,111417.785238,1251.8852273932584,48.210567000000005,102791.038867,10885.449439748669,110.06052839999998,98.03120872727274,16.523790922416744,0.798795271439682,33,64,,True,True,,432,56.69694568066818
47,2026-09-19T05:45:44.868+00:00,2026-09-19T05:47:30.167+00:00,2026-09-19T05:47:32.936+00:00,True,29,29.0,,29.0,105298.974543,108067.748687,108067.74890800001,3726.4741002758624,48.473786,105298.974543,19535.170965034573,110.47860080000001,98.88479085714285,13.834496148668622,0.2683501817363995,33,64,,True,True,,129,56.69694568066818
48,2026-09-19T05:45:45.300+00:00,2026-09-19T05:47:32.682+00:00,2026-09-19T05:47:38.126+00:00,True,56,56.0,,56.0,107381.82708300001,112826.08436300002,112826.08450400001,2014.7515090000002,45.929922,107381.82708300001,14336.284281241213,112.37871224999999,98.986496,18.4656689300733,0.4963391250894508,33,64,,True,True,,255,56.69694568066818
49,2026-09-19T05:45:45.690+00:00,2026-09-19T05:47:34.886+00:00,2026-09-19T05:47:40.329+00:00,True,59,59.0,,59.0,109195.243472,114638.996688,114638.996773,1943.0338436101695,45.189593,109195.243472,14203.808523632497,113.0310968,93.85781406896552,22.771240226739774,0.5146590750490745,33,64,,True,True,,291,56.69694568066818
50,2026-09-19T05:45:46.310+00:00,2026-09-19T05:47:37.755+00:00,2026-09-19T05:47:45.006+00:00,True,76,76.0,,76.0,111444.31160500001,118696.07480500001,118696.07473800001,1561.7904570789476,44.082036,111444.31160500001,12772.464395281017,112.99855299999999,96.690176,20.513045487631814,0.6402907604556991,33,64,,True,True,,371,56.69694568066818
51,2026-09-19T05:45:46.911+00:00,2026-09-19T05:47:41.335+00:00,2026-09-19T05:47:43.760+00:00,True,24,24.0,,24.0,114424.199823,116848.545167,116848.545231,4868.6893846250005,96.306693,114424.199823,23335.22631703969,113.14292695,105.40631930434783,3.887364494251535,0.20539408484460964,33,64,,True,True,,123,56.69694568066818
52,2026-09-19T05:45:47.449+00:00,2026-09-19T05:47:44.183+00:00,2026-09-19T05:47:51.233+00:00,True,72,72.0,,72.0,116733.73589499999,123783.73269499998,123783.73280499999,1719.2185111805554,43.754057,116733.73589499999,13745.511538711751,111.48517969999999,99.29572957746478,17.469960962033472,0.58165962871233,33,64,,True,True,,294,56.69694568066818
53,2026-09-19T05:45:48.125+00:00,2026-09-19T05:47:47.790+00:00,2026-09-19T05:47:50.228+00:00,True,26,26.0,,26.0,119665.124675,122103.474243,122103.47420899999,4696.287469576923,50.436681,119665.124675,23449.14208583484,114.27497825,97.53398272,20.149967930940196,0.21293415409505057,33,64,,True,True,,84,56.69694568066818
54,2026-09-19T05:45:48.649+00:00,2026-09-19T05:47:50.913+00:00,2026-09-19T05:47:54.254+00:00,True,34,34.0,,34.0,122264.53872400001,125604.85411600002,125604.85415000001,3694.260416176471,44.165515,122264.53872400001,20950.83903066103,110.92022535,101.22167854545455,11.387968616030069,0.2706901754656706,33,64,,True,True,,117,56.69694568066818
55,2026-09-19T05:45:49.233+00:00,2026-09-19T05:47:53.705+00:00,2026-09-19T05:48:02.436+00:00,True,90,90.0,,90.0,124472.02140700001,133202.55785500002,133202.557861,1480.0284206777778,45.557103000000005,124472.02140700001,13110.173575458128,110.6329739,98.09591514606741,16.849333315572302,0.6756627008467141,33,64,,True,True,,221,56.69694568066818
56,2026-09-19T05:45:49.801+00:00,2026-09-19T05:47:56.098+00:00,2026-09-19T05:48:04.172+00:00,True,83,83.0,,83.0,126297.865311,134371.440223,134371.440337,1618.9330161084338,44.254813999999996,126297.865311,13852.19537900203,109.365093,98.45823063414635,17.444167501507337,0.6176907820758262,33,64,,True,True,,249,56.69694568066818
57,2026-09-19T05:45:50.193+00:00,2026-09-19T05:47:58.538+00:00,2026-09-19T05:48:08.305+00:00,True,99,99.0,,99.0,128345.170157,138111.260141,138111.260269,1395.0632350404042,47.919476,128345.170157,12889.170230615047,111.463587,99.65397942857143,16.84190332846215,0.7168133858088711,33,64,,True,True,,421,56.69694568066818
58,2026-09-19T05:45:50.688+00:00,2026-09-19T05:48:01.408+00:00,2026-09-19T05:48:10.055+00:00,True,88,88.0,,88.0,130719.53067800001,139366.89887,139366.898721,1583.714758193182,43.051247000000004,130719.53067800001,13924.164906376998,113.36079135,99.39503668965517,18.125447752395097,0.6314268360242807,33,64,,True,True,,362,56.69694568066818
59,2026-09-19T05:45:51.156+00:00,2026-09-19T05:48:03.696+00:00,2026-09-19T05:48:06.344+00:00,True,29,29.0,,29.0,132540.416768,135187.990272,135187.99025899998,4661.654836517241,48.754985,132540.416768,24594.589033830653,112.4550288,94.55619657142857,22.77094037687271,0.21451609674536637,33,64,,True,True,,93,56.69694568066818
60,2026-09-19T05:45:51.807+00:00,2026-09-19T05:48:07.187+00:00,2026-09-19T05:48:13.249+00:00,True,61,61.0,,61.0,135380.142616,141441.974296,141441.974238,2318.720889147541,46.850649,135380.142616,17320.722939938223,113.572582,101.030528,16.26327980837475,0.43127226061157353,33,64,,True,True,,207,56.69694568066818
61,2026-09-19T05:45:52.351+00:00,2026-09-19T05:48:10.368+00:00,2026-09-19T05:48:17.694+00:00,True,74,74.0,,74.0,138017.584275,145343.569811,145343.570012,1964.1022974594596,46.562650000000005,138017.584275,16032.55975387253,110.87667365000001,100.35596624657533,15.740688990935519,0.5091384510248866,33,64,,True,True,,264,56.69694568066818
62,2026-09-19T05:45:52.906+00:00,2026-09-19T05:48:13.094+00:00,2026-09-19T05:48:22.477+00:00,True,94,94.0,,94.0,140187.913274,149571.46937,149571.46928599998,1591.185843468085,44.459545,140187.913274,14448.880363274613,110.91683265,100.89845264516129,15.308096016261214,0.6284621017359201,33,64,,True,True,,362,56.69694568066818
63,2026-09-19T05:45:53.415+00:00,2026-09-19T05:48:16.157+00:00,2026-09-19T05:48:19.562+00:00,True,34,34.0,,34.0,142742.387919,146147.239887,146147.240032,4298.448236235294,45.159364000000004,142742.387919,24462.427175685618,114.81211975000001,103.17733236363635,14.857168186440521,0.23264209454991114,33,64,,True,True,,104,56.69694568066818
64,2026-09-19T05:45:53.797+00:00,2026-09-19T05:48:18.501+00:00,2026-09-19T05:48:26.042+00:00,True,79,79.0,,79.0,144704.529356,152245.153484,152245.153468,1927.1538413670887,45.743201,144704.529356,16269.667208487455,112.1359479,96.6746683076923,20.249333302730395,0.5188999333781905,33,64,,True,True,,272,56.69694568066818
65,2026-09-19T05:45:54.220+00:00,2026-09-19T05:48:20.772+00:00,2026-09-19T05:48:24.825+00:00,True,45,45.0,,45.0,146552.288742,150605.616102,150605.61600500002,3346.7914667777777,44.881074,146552.288742,21833.005072294098,110.7748646,92.12107636363636,23.486523088800976,0.29879363840936085,33,64,,True,True,,230,56.69694568066818
66,2026-09-19T05:45:54.811+00:00,2026-09-19T05:48:23.519+00:00,2026-09-19T05:48:23.519+00:00,True,1,1.0,,1.0,148707.759756,148707.759756,148707.759756,148707.759756,148707.759756,148707.759756,nan,148707.759756,nan,nan,0.006724598646639571,33,64,,True,True,,2,56.69694568066818
67,2026-09-19T05:45:55.449+00:00,2026-09-19T05:48:27.635+00:00,2026-09-19T05:48:33.941+00:00,True,64,64.0,,64.0,152186.074237,158492.363389,158492.36330199998,2476.4431765937497,45.405943,152186.074237,19010.754020252163,112.48299095,100.0998278095238,16.700380869860165,0.4038049444875768,33,64,,True,True,,270,56.69694568066818
68,2026-09-19T05:45:55.992+00:00,2026-09-19T05:48:30.250+00:00,2026-09-19T05:48:39.454+00:00,True,92,92.0,,92.0,154257.809291,163461.659275,163461.659212,1776.7571653478262,43.866507,154257.809291,16071.952265673772,115.79333605,101.14120861538461,16.724842649321314,0.5628231134325122,33,64,,True,True,,380,56.69694568066818
69,2026-09-19T05:45:56.610+00:00,2026-09-19T05:48:33.406+00:00,2026-09-19T05:48:40.254+00:00,True,69,69.0,,69.0,156796.963029,163644.83144500002,163644.831507,2371.6642247391305,46.303631,156796.963029,18864.02188818979,114.11261339999999,100.70394729411764,18.629224371302254,0.4216448475073926,33,64,,True,True,,377,56.69694568066818
70,2026-09-19T05:45:57.035+00:00,2026-09-19T05:48:35.733+00:00,2026-09-19T05:48:45.738+00:00,True,100,100.0,,100.0,158697.53031799998,168702.87610999998,168702.87606799998,1687.0287606799998,44.052706,158697.53031799998,15859.656004665689,113.8321669,101.0640989090909,17.339242522787842,0.5927581218875997,33,64,,True,True,,386,56.69694568066818
71,2026-09-19T05:45:57.609+00:00,2026-09-19T05:48:39.017+00:00,2026-09-19T05:48:41.855+00:00,True,28,28.0,,28.0,161407.390158,164245.98011,164245.9801,5865.927860714285,49.807252999999996,161407.390158,30483.263518723317,117.0611182,105.13296118518518,11.80289824951825,0.17047601397153,33,64,,True,True,,136,56.69694568066818
72,2026-09-19T05:45:58.155+00:00,2026-09-19T05:48:41.966+00:00,2026-09-19T05:48:49.533+00:00,True,78,78.0,,78.0,163811.525801,171378.493097,171378.49318800002,2197.160169076923,50.524511,163811.525801,18536.88289371591,110.27373785,98.27230254545455,16.424266637037448,0.45513295507769524,33,64,,True,True,,336,56.69694568066818
73,2026-09-19T05:45:58.697+00:00,2026-09-19T05:48:44.764+00:00,2026-09-19T05:48:52.626+00:00,True,80,80.0,,80.0,166066.717243,173928.916795,173928.91658599998,2174.1114573249997,49.107224,166066.717243,18555.70295535978,110.3509479,99.5215133164557,15.474438107479392,0.45995801890890514,33,64,,True,True,,347,56.69694568066818
74,2026-09-19T05:45:59.130+00:00,2026-09-19T05:48:47.450+00:00,2026-09-19T05:48:51.055+00:00,True,37,37.0,,37.0,168320.31849099998,171924.721179,171924.72102099998,4646.614081648649,44.391766000000004,168320.31849099998,27655.234553177324,111.40516800000002,100.1222968888889,16.27145651924104,0.2152104697117835,33,64,,True,True,,180,56.69694568066818
75,2026-09-19T05:45:59.602+00:00,2026-09-19T05:48:49.530+00:00,2026-09-19T05:48:57.686+00:00,True,81,81.0,,81.0,169928.177208,178083.916088,178083.91591100002,2198.5668630987657,47.959607000000005,169928.177208,18869.586274142734,112.669265,101.946736,13.975012034850202,0.4548417497735951,33,64,,True,True,,437,56.69694568066818
76,2026-09-19T05:46:00.092+00:00,2026-09-19T05:48:52.413+00:00,2026-09-19T05:48:59.812+00:00,True,75,75.0,,75.0,172320.773057,179720.025793,179720.02572900002,2396.2670097200003,44.265834999999996,172320.773057,19886.350091752087,112.2019454,99.98990183783785,16.785929111448915,0.4173157647238731,33,64,,True,True,,314,56.69694568066818
77,2026-09-19T05:46:00.591+00:00,2026-09-19T05:48:54.771+00:00,2026-09-19T05:49:00.223+00:00,True,56,56.0,,56.0,174180.184851,179631.858451,179631.858475,3207.7117584821426,48.519555,174180.184851,23262.567229216635,112.3174655,99.12133818181819,17.70534722869935,0.3117487091816494,33,64,,True,True,,247,56.69694568066818
78,2026-09-19T05:46:01.219+00:00,2026-09-19T05:48:58.154+00:00,2026-09-19T05:49:07.505+00:00,True,95,95.0,,95.0,176935.597614,186286.524206,186286.524145,1960.910780473684,45.361042999999995,176935.597614,18143.011390836124,110.36168669999999,99.4779424680851,17.47451005797981,0.5099671079532665,33,64,,True,True,,342,56.69694568066818
79,2026-09-19T05:46:01.682+00:00,2026-09-19T05:49:00.536+00:00,2026-09-19T05:49:05.905+00:00,True,55,55.0,,55.0,178854.841168,184222.94664,184222.946589,3349.5081198000003,47.03476,178854.841168,24103.384439169215,111.2622867,99.40936059259259,18.45090533359168,0.2985512988644051,33,64,,True,True,,142,56.69694568066818
80,2026-09-19T05:46:02.221+00:00,2026-09-19T05:49:04.206+00:00,2026-09-19T05:49:10.135+00:00,True,60,60.0,,60.0,181984.961342,187914.587966,187914.587882,3131.909798033333,46.403311,181984.961342,23481.190555153706,113.01037045,100.50214616949152,19.354886332460886,0.3192939976052099,33,64,,True,True,,272,56.69694568066818
81,2026-09-19T05:46:02.613+00:00,2026-09-19T05:49:06.328+00:00,2026-09-19T05:49:12.147+00:00,True,59,59.0,,59.0,183714.557054,189533.738622,189533.738602,3212.4362474915256,48.877424,183714.557054,23904.542855310363,113.7128199,100.33071668965518,18.03741074432153,0.3112902242574748,33,64,,True,True,,119,56.69694568066818
82,2026-09-19T05:46:03.138+00:00,2026-09-19T05:49:08.859+00:00,2026-09-19T05:49:16.225+00:00,True,74,74.0,,74.0,185720.447102,193086.870654,193086.87069,2609.2820363513515,43.899007,185720.447102,21577.83924067675,112.4703328,100.90991167123288,16.652457537568438,0.38324718687167253,33,64,,True,True,,269,56.69694568066818
83,2026-09-19T05:46:03.742+00:00,2026-09-19T05:49:12.149+00:00,2026-09-19T05:49:15.475+00:00,True,34,34.0,,34.0,188406.50500900001,191732.294449,191732.294303,5639.185126558824,51.928408000000005,188406.50500900001,32294.168872075174,112.17634185000001,100.7814981818182,15.73030493118697,0.17733058532319323,33,64,,True,True,,148,56.69694568066818
84,2026-09-19T05:46:04.149+00:00,2026-09-19T05:49:14.447+00:00,2026-09-19T05:49:14.603+00:00,True,3,3.0,,3.0,190297.52769800002,190454.443922,190454.443969,63484.81465633334,52.519256,190297.52769800002,109823.03408013523,171278.21462970003,78.458112,36.68284435976425,0.01575179837351887,33,64,,True,True,,10,56.69694568066818
85,2026-09-19T05:46:04.559+00:00,2026-09-19T05:49:16.811+00:00,2026-09-19T05:49:18.462+00:00,True,17,17.0,,17.0,192251.945042,193902.48533,193902.485299,11406.028547,56.639277,192251.945042,46602.92768472336,38542.0502804,103.158768,13.020847816306075,0.08767293503777392,33,64,,True,True,,51,56.69694568066818
86,2026-09-19T05:46:05.222+00:00,2026-09-19T05:49:20.170+00:00,2026-09-19T05:49:26.997+00:00,True,67,67.0,,67.0,194948.585963,201775.36919499998,201775.369121,3011.572673447761,47.791387,194948.585963,23804.12686079636,113.627411,103.43610957575758,12.374231559467463,0.3320524217960904,33,64,,True,True,,268,56.69694568066818
87,2026-09-19T05:46:05.760+00:00,2026-09-19T05:49:23.417+00:00,2026-09-19T05:49:29.096+00:00,True,55,55.0,,55.0,197657.517877,203336.225589,203336.225577,3697.022283218182,50.179131999999996,197657.517877,26637.955612220318,111.2227714,105.16125392592592,8.333112180065523,0.2704879558016905,33,64,,True,True,,249,56.69694568066818
88,2026-09-19T05:46:06.410+00:00,2026-09-19T05:49:27.001+00:00,2026-09-19T05:49:32.379+00:00,True,53,53.0,,53.0,200590.90133199998,205968.53538,205968.53537099998,3886.1987805849053,45.858392,200590.90133199998,27539.07752960252,113.4785278,103.41603938461539,13.98993194274161,0.257320856810571,33,64,,True,True,,149,56.69694568066818
89,2026-09-19T05:46:07.361+00:00,2026-09-19T05:49:31.565+00:00,2026-09-19T05:49:40.375+00:00,True,87,87.0,,87.0,204204.483597,213014.19546900003,213014.195454,2448.4390282068966,49.123474,204204.483597,21882.04093513503,114.178791,102.43851013953488,14.643491961695387,0.4084234846811471,33,64,,True,True,,367,56.69694568066818
90,2026-09-19T05:46:07.446+00:00,2026-09-19T05:49:32.639+00:00,2026-09-19T05:49:36.235+00:00,True,34,34.0,,34.0,205193.19751899998,208788.732111,208788.73213099997,6140.84506267647,100.591734,205193.19751899998,35171.65755003991,116.29934695,108.9555936969697,4.039363067292544,0.16284403691825816,33,64,,True,True,,103,56.69694568066818
91,2026-09-19T05:46:07.929+00:00,2026-09-19T05:49:35.801+00:00,2026-09-19T05:49:43.846+00:00,True,83,83.0,,83.0,207872.51439599998,215916.835932,215916.83590699997,2601.40766153012,48.988638,207872.51439599998,22806.211577563576,112.02510430000001,98.10148214634145,17.848706426169546,0.38440726329529806,33,64,,True,True,,388,56.69694568066818
92,2026-09-19T05:46:08.514+00:00,2026-09-19T05:49:39.080+00:00,2026-09-19T05:49:46.912+00:00,True,81,81.0,,81.0,210566.337902,218398.318446,218398.318598,2696.2755382469136,45.542635000000004,210566.337902,23385.390152939137,114.174087,97.89975679999999,19.631393654807745,0.3708819764563692,33,64,,True,True,,392,56.69694568066818
93,2026-09-19T05:46:08.993+00:00,2026-09-19T05:49:41.667+00:00,2026-09-19T05:49:43.735+00:00,True,22,22.0,,22.0,212674.593211,214742.033595,214742.03361,9761.001527727272,50.90278300000001,212674.593211,45321.39002730035,111.16641625,98.44954209523809,19.30836529041083,0.10244850359148432,33,64,,True,True,,93,56.69694568066818
94,2026-09-19T05:46:09.664+00:00,2026-09-19T05:49:45.102+00:00,2026-09-19T05:49:53.495+00:00,True,88,88.0,,88.0,215437.585557,223830.496917,223830.497023,2543.5283752613636,44.012129,215437.585557,22955.448083954907,110.79204600000001,96.47024551724138,19.34974975229538,0.39315464698553493,33,64,,True,True,,410,56.69694568066818
95,2026-09-19T05:46:10.311+00:00,2026-09-19T05:49:48.530+00:00,2026-09-19T05:49:56.494+00:00,True,82,82.0,,82.0,218218.907109,226183.214565,226183.214493,2758.3318840609754,45.206986,218218.907109,24087.393981215027,110.15346265,98.32478340740741,15.936130242352203,0.36253795471827566,33,64,,True,True,,339,56.69694568066818
96,2026-09-19T05:46:10.843+00:00,2026-09-19T05:49:51.153+00:00,2026-09-19T05:49:58.279+00:00,True,73,73.0,,73.0,220310.09128,227436.166928,227436.166933,3115.563930589041,44.721836,220310.09128,25773.76693407546,111.24464820000001,98.9732728888889,16.2590518107862,0.3209691799946215,33,64,,True,True,,348,56.69694568066818
97,2026-09-19T05:46:11.383+00:00,2026-09-19T05:49:54.276+00:00,2026-09-19T05:49:59.653+00:00,True,55,55.0,,55.0,222892.688238,228269.60651,228269.606378,4150.3564796,46.585482000000006,222892.688238,30041.42300269404,111.71773239999999,99.5725605925926,18.203189535621355,0.24094315857854062,33,64,,True,True,,223,56.69694568066818
98,2026-09-19T05:46:11.875+00:00,2026-09-19T05:49:56.708+00:00,2026-09-19T05:50:00.768+00:00,True,42,42.0,,42.0,224832.655555,228892.411843,228892.412007,5449.8193335000005,49.144517,224832.655555,34677.1576862448,112.08930455,99.01844604878049,18.14565675944926,0.18349232140036295,33,64,,True,True,,152,56.69694568066818
99,2026-09-19T05:46:12.335+00:00,2026-09-19T05:49:59.439+00:00,2026-09-19T05:50:05.142+00:00,True,58,58.0,,58.0,227104.439487,232806.825663,232806.825778,4013.910789275862,48.632588000000005,227104.439487,29807.14267194953,112.72918655000001,100.0418627368421,17.3775654831743,0.2491335889092789,33,64,,True,True,,205,56.69694568066818
100,2026-09-19T05:46:12.790+00:00,2026-09-19T05:50:02.225+00:00,2026-09-19T05:50:10.625+00:00,True,89,89.0,,89.0,229434.729784,237834.34219999998,237834.34210399998,2672.2959786966294,0.04068,229434.729784,24309.92934584955,110.38588179999999,95.4501410909091,26.540617652845576,0.37421004543220254,33,64,,True,True,,398,56.69694568066818
101,2026-09-19T05:46:13.280+00:00,2026-09-19T05:50:04.627+00:00,2026-09-19T05:50:08.217+00:00,True,40,40.0,,40.0,231346.994095,234937.076655,234937.076648,5873.4269162,46.288963,231346.994095,36564.62380151992,112.02198709999999,92.05339897435897,23.18667113016098,0.17025835414960547,33,64,,True,True,,174,56.69694568066818
102,2026-09-19T05:46:13.760+00:00,2026-09-19T05:50:08.112+00:00,2026-09-19T05:50:11.724+00:00,True,38,38.0,,38.0,234352.29288800003,237964.102168,237964.10237100002,6262.2132202894745,46.619243000000004,234352.29288800003,38001.130142309434,111.3084498,97.61646702702703,16.833566945898685,0.15968795147585926,33,64,,True,True,,156,56.69694568066818
103,2026-09-19T05:46:14.303+00:00,2026-09-19T05:50:10.620+00:00,2026-09-19T05:50:16.448+00:00,True,57,57.0,,57.0,236317.14880899998,242145.07661699998,242145.07656899997,4248.159238052631,47.090180999999994,236317.14880899998,31287.189523053272,115.8788076,104.07013942857144,13.679180531883523,0.23539607245517818,33,64,,True,True,,278,56.69694568066818
104,2026-09-19T05:46:14.791+00:00,2026-09-19T05:50:13.430+00:00,2026-09-19T05:50:21.782+00:00,True,86,86.0,,86.0,238639.08724599998,246991.02068599997,246991.02068599997,2871.9886126279066,44.89519799999999,238639.08724599998,25722.526988628702,114.14425849999999,98.25804047058824,20.21916450560703,0.3481907956052051,33,64,,True,True,,394,56.69694568066818
105,2026-09-19T05:46:15.324+00:00,2026-09-19T05:50:16.442+00:00,2026-09-19T05:50:20.718+00:00,True,46,46.0,,46.0,241118.47969,245394.058314,245394.058217,5334.6534395,44.995476000000004,241118.47969,35536.97884763564,116.45822174999999,95.0128583111111,23.221589243880953,0.18745360142803283,33,64,,True,True,,156,56.69694568066818
106,2026-09-19T05:46:15.941+00:00,2026-09-19T05:50:20.152+00:00,2026-09-19T05:50:28.406+00:00,True,87,87.0,,87.0,244210.85417699997,252464.83203299998,252464.83196399998,2901.8946202758616,41.745314,244210.85417699997,26171.86821156222,110.6219326,95.97648669767442,18.091551196158267,0.34460245135698,33,64,,True,True,,418,56.69694568066818
107,2026-09-19T05:46:16.423+00:00,2026-09-19T05:50:22.182+00:00,2026-09-19T05:50:31.758+00:00,True,98,98.0,,98.0,245758.814407,255334.723015,255334.722989,2605.4563570306123,45.105776,245758.814407,24815.422079917123,109.5171674,98.72070729896907,16.15660491433122,0.3838099215132712,33,64,,True,True,,405,56.69694568066818
108,2026-09-19T05:46:17.074+00:00,2026-09-19T05:50:25.547+00:00,2026-09-19T05:50:30.197+00:00,True,48,48.0,,48.0,248473.354024,253123.441704,253123.441587,5273.4050330625,46.517663,248473.354024,35849.7631905115,112.08999019999999,98.93803574468085,17.55661666255222,0.189630797040642,33,64,,True,True,,207,56.69694568066818
109,2026-09-19T05:46:17.679+00:00,2026-09-19T05:50:29.043+00:00,2026-09-19T05:50:37.279+00:00,True,82,82.0,,82.0,251364.544443,259599.771835,259599.77195199998,3165.8508774634147,44.949597000000004,251364.544443,27747.345605885064,110.36228055000001,101.66947397530865,12.714924180931291,0.3158708477298612,33,64,,True,True,,348,56.69694568066818
110,2026-09-19T05:46:18.138+00:00,2026-09-19T05:50:31.447+00:00,2026-09-19T05:50:41.246+00:00,True,99,99.0,,99.0,253309.607687,263108.657927,263108.657964,2657.663211757576,48.255959000000004,253309.607687,25448.529570347127,112.407006,99.99030857142857,16.82505821497565,0.3762704001457365,33,64,,True,True,,375,56.69694568066818
111,2026-09-19T05:46:18.680+00:00,2026-09-19T05:50:34.013+00:00,2026-09-19T05:50:34.121+00:00,True,2,2.0,,2.0,255332.730503,255441.005959,255441.005994,127720.502997,108.27549099999999,255332.730503,180470.94286362611,242571.5077524,108.275456,nan,0.007829596475677101,33,64,,True,True,,5,56.69694568066818
112,2026-09-19T05:46:19.244+00:00,2026-09-19T05:50:37.059+00:00,2026-09-19T05:50:40.288+00:00,True,33,33.0,,33.0,257815.662592,261043.906048,261043.906099,7910.421396939394,48.03733999999999,257815.662592,44862.388972242974,113.9895694,100.882608,19.647257555784865,0.12641551568697434,33,64,,True,True,,143,56.69694568066818
113,2026-09-19T05:46:19.723+00:00,2026-09-19T05:50:39.322+00:00,2026-09-19T05:50:47.137+00:00,True,80,80.0,,80.0,259598.70709,267413.413778,267413.41366,3342.66767075,46.967352,259598.70709,29012.964121066936,112.97981635000001,98.92033782278482,18.707100976766963,0.299162255437246,33,64,,True,True,,292,56.69694568066818
114,2026-09-19T05:46:20.105+00:00,2026-09-19T05:50:41.780+00:00,2026-09-19T05:50:46.779+00:00,True,52,52.0,,52.0,261675.260728,266673.97893599997,266673.978899,5128.345748057693,48.300919,261675.260728,36274.24179997839,112.79030015000001,98.01408250980393,17.815892904805768,0.19499465304966881,33,64,,True,True,,236,56.69694568066818
115,2026-09-19T05:46:20.666+00:00,2026-09-19T05:50:44.715+00:00,2026-09-19T05:50:49.114+00:00,True,47,47.0,,47.0,264049.619621,268448.41078900005,268448.410687,5711.6683124893625,49.945616,264049.619621,38501.65156653591,109.2050633,95.62589495652173,18.85306390016582,0.1750801945962791,33,64,,True,True,,155,56.69694568066818
116,2026-09-19T05:46:21.334+00:00,2026-09-19T05:50:48.274+00:00,2026-09-19T05:50:49.270+00:00,True,12,12.0,,12.0,266940.062681,267935.476953,267935.477067,22327.956422249998,47.715129999999995,266940.062681,77032.83966015048,120186.28069574999,90.49220654545455,26.003293072138092,0.04478690219177278,33,64,,True,True,,51,56.69694568066818
117,2026-09-19T05:46:21.868+00:00,2026-09-19T05:50:50.938+00:00,2026-09-19T05:50:55.125+00:00,True,45,45.0,,45.0,269069.781533,273257.459485,273257.45957300003,6072.387990511111,45.870504999999994,269069.781533,40096.37135449793,110.1399372,95.1744989090909,18.823874568047813,0.16467985937075652,33,64,,True,True,,160,56.69694568066818
118,2026-09-19T05:46:22.731+00:00,2026-09-19T05:50:51.699+00:00,2026-09-19T05:51:01.022+00:00,True,97,97.0,,97.0,268967.255648,278290.882656,278290.882643,2868.9781715773197,43.231111,268967.255648,27299.63240333475,111.112615,97.12111466666667,18.793636290865752,0.3485561548917265,33,64,,True,True,,245,56.69694568066818
119,2026-09-19T05:46:22.958+00:00,2026-09-19T05:50:57.440+00:00,2026-09-19T05:51:05.535+00:00,True,81,81.0,,81.0,274482.163441,282576.791025,282576.791135,3488.602359691358,44.788737,274482.163441,30486.77928657936,112.01292300000001,101.1828448,15.043042829238026,0.2866477452241781,33,64,,True,True,,374,56.69694568066818
120,2026-09-19T05:46:23.572+00:00,2026-09-19T05:51:00.610+00:00,2026-09-19T05:51:03.086+00:00,True,26,26.0,,26.0,277038.873325,279514.747117,279514.747063,10750.56719473077,45.678315000000005,277038.873325,54312.374034441775,111.19412949999997,99.03495168,19.22498299565916,0.09301834793395303,33,64,,True,True,,98,56.69694568066818
121,2026-09-19T05:46:24.165+00:00,2026-09-19T05:51:03.723+00:00,2026-09-19T05:51:09.326+00:00,True,60,60.0,,60.0,279557.819794,285160.493458,285160.49343800003,4752.674890633333,45.246967,279557.819794,36078.50680130021,112.82008034999998,94.9605705762712,22.36207719212859,0.21040782778992184,33,64,,True,True,,287,56.69694568066818
122,2026-09-19T05:46:24.679+00:00,2026-09-19T05:51:06.159+00:00,2026-09-19T05:51:09.427+00:00,True,37,37.0,,37.0,281480.073581,284747.945837,284747.94581199996,7695.890427351351,45.725105000000006,281480.073581,46260.12241386288,111.22971840000002,90.77422933333332,24.988864798371104,0.12993947995389626,33,64,,True,True,,182,56.69694568066818
123,2026-09-19T05:46:25.349+00:00,2026-09-19T05:51:10.056+00:00,2026-09-19T05:51:11.303+00:00,True,13,13.0,,13.0,284706.9185,285954.12054800004,285954.12067800004,21996.470821384617,91.624,284706.9185,78934.66596893872,113948.64549680002,103.933504,5.251893316140865,0.04546183833646779,33,64,,True,True,,41,56.69694568066818
124,2026-09-19T05:46:25.899+00:00,2026-09-19T05:51:12.873+00:00,2026-09-19T05:51:15.205+00:00,True,25,25.0,,25.0,286974.13184,289306.151296,289306.15123899997,11572.246049559999,49.834545,286974.13184,57375.39553253226,111.02992460000002,97.16747733333332,17.8451989029407,0.0864136482684793,33,64,,True,True,,105,56.69694568066818
125,2026-09-19T05:46:26.319+00:00,2026-09-19T05:51:15.103+00:00,2026-09-19T05:51:15.838+00:00,True,8,8.0,,8.0,288783.969448,289519.125672,289519.125621,36189.890702625,100.33519899999999,288783.969448,102063.42060864631,187747.86630135,105.02231771428572,3.6276995835508816,0.027632025972140112,33,64,,True,True,,34,56.69694568066818
126,2026-09-19T05:46:26.901+00:00,2026-09-19T05:51:18.421+00:00,2026-09-19T05:51:23.504+00:00,True,52,52.0,,52.0,291519.31192199996,296602.128178,296602.128138,5703.887079576923,47.050092,291519.31192199996,40412.63838044059,113.07954355000001,99.66306384313725,18.782014411764138,0.17531903873863378,33,64,,True,True,,176,56.69694568066818
127,2026-09-19T05:46:27.518+00:00,2026-09-19T05:51:21.358+00:00,2026-09-19T05:51:24.277+00:00,True,30,30.0,,30.0,293839.64611900004,296758.779815,296758.77981000004,9891.959327,45.614235,293839.64611900004,53629.16058515019,117.98686454999999,100.65978262068965,21.873078160929282,0.1010922070063169,33,64,,True,True,,86,56.69694568066818
128,2026-09-19T05:46:28.102+00:00,2026-09-19T05:51:25.344+00:00,2026-09-19T05:51:28.195+00:00,False,30,29.0,,29.0,297241.562762,300092.559754,300092.55976100004,10003.085325366666,0.054770000000000006,297241.562762,54250.69223749698,110.82128730000001,98.31024110344828,23.302810367431427,0.09663685105612971,33,64,,True,False,Request timeout: 300.0s exceeded,105,56.69694568066818
129,2026-09-19T05:46:28.663+00:00,2026-09-19T05:51:28.090+00:00,2026-09-19T05:51:29.491+00:00,False,15,14.0,,14.0,299426.83508600004,300827.526542,300827.526542,20055.168436133335,0.02161,299426.83508600004,77285.84883910623,89911.75161600001,100.04938971428571,29.138978628722622,0.04653829442049211,33,64,,True,False,Request timeout: 300.0s exceeded,80,56.69694568066818
130,2026-09-19T05:46:29.156+00:00,2026-09-19T05:51:29.382+00:00,2026-09-19T05:51:29.601+00:00,False,4,3.0,,3.0,300226.72856699995,300445.17848699994,300445.17849599995,75111.29462399999,0.026010000000000002,300226.72856699995,150076.9647912066,255209.27369249996,72.81664,63.04917229924669,0.009985182704903376,33,64,,True,False,Request timeout: 300.0s exceeded,13,56.69694568066818
131,2026-09-19T05:46:29.704+00:00,2026-09-19T05:51:29.748+00:00,2026-09-19T05:51:29.748+00:00,False,1,0.0,,0.0,300043.86808499997,300043.86808499997,300043.86808499997,300043.86808499997,300043.86808499997,300043.86808499997,nan,300043.86808499997,nan,nan,0.0,33,64,,True,False,"HTTPConnectionPool(host='gpu03', port=9002): Read timed out.",0,56.69694568066818
132,2026-09-19T05:46:30.133+00:00,2026-09-19T05:51:30.151+00:00,2026-09-19T05:51:30.151+00:00,False,1,0.0,,0.0,300017.133528,300017.133528,300017.133528,300017.133528,300017.133528,300017.133528,nan,300017.133528,nan,nan,0.0,33,64,,True,False,"HTTPConnectionPool(host='gpu03', port=9002): Read timed out.",0,56.69694568066818
133,2026-09-19T05:46:30.663+00:00,2026-09-19T05:51:30.769+00:00,2026-09-19T05:51:30.769+00:00,False,1,0.0,,0.0,300106.29730000003,300106.29730000003,300106.29730000003,300106.29730000003,300106.29730000003,300106.29730000003,nan,300106.29730000003,nan,nan,0.0,33,64,,True,False,"HTTPConnectionPool(host='gpu03', port=9002): Read timed out.",0,56.69694568066818
134,2026-09-19T05:46:31.256+00:00,2026-09-19T05:51:30.985+00:00,2026-09-19T05:51:31.311+00:00,False,5,4.0,,4.0,299728.863786,300055.570474,300055.570486,60011.1140972,0.03818,299728.863786,134006.30424681876,239805.5485394,81.676672,54.51832477844197,0.013330863991897134,33,64,,True,False,Request timeout: 300.0s exceeded,11,56.69694568066818
135,2026-09-19T05:46:31.833+00:00,2026-09-19T05:51:31.851+00:00,2026-09-19T05:51:31.851+00:00,False,1,0.0,,0.0,300017.542244,300017.542244,300017.542244,300017.542244,300017.542244,300017.542244,nan,300017.542244,nan,nan,0.0,33,64,,True,False,"HTTPConnectionPool(host='gpu03', port=9002): Read timed out.",0,56.69694568066818
136,2026-09-19T05:46:32.355+00:00,2026-09-19T05:51:32.412+00:00,2026-09-19T05:51:32.412+00:00,False,1,0.0,,0.0,300056.84320999996,300056.84320999996,300056.84320999996,300056.84320999996,300056.84320999996,300056.84320999996,nan,300056.84320999996,nan,nan,0.0,33,64,,True,False,TTFT timeout: 300.0s exceeded (TTFT: 300.047s),0,56.69694568066818
137,2026-09-19T05:46:32.720+00:00,2026-09-19T05:51:32.667+00:00,2026-09-19T05:51:32.777+00:00,False,3,2.0,,2.0,299947.030281,300056.562953,300056.56289,100018.85429666667,0.03935,299947.030281,173142.88798375888,269963.2765788,54.766336,77.3955411771989,0.006665409949101077,33,64,,True,False,Request timeout: 300.0s exceeded,4,56.69694568066818
138,2026-09-19T05:46:33.328+00:00,2026-09-19T05:51:33.330+00:00,2026-09-19T05:51:33.433+00:00,False,3,2.0,,2.0,300001.990435,300105.327651,300105.327618,100035.109206,0.09931999999999999,300001.990435,173176.40673812787,270012.1151778,51.668608,72.9299751778156,0.0066643268736829965,33,64,,True,False,Request timeout: 300.0s exceeded,3,56.69694568066818
139,2026-09-19T05:46:33.994+00:00,2026-09-19T05:51:34.025+00:00,2026-09-19T05:51:34.025+00:00,False,1,0.0,,0.0,300030.497024,300030.497024,300030.497024,300030.497024,300030.497024,300030.497024,nan,300030.497024,nan,nan,0.0,33,64,,True,False,TTFT timeout: 300.0s exceeded (TTFT: 300.023s),0,56.69694568066818
140,2026-09-19T05:46:34.591+00:00,2026-09-19T05:51:34.406+00:00,2026-09-19T05:51:34.655+00:00,False,4,3.0,,3.0,299815.657848,300064.792696,300064.792626,75016.1981565,0.04388,299815.657848,149866.31863547745,254864.61813825,83.04494933333334,73.98408398980239,0.009997840709820772,33,64,,True,False,Request timeout: 300.0s exceeded,20,56.69694568066818
141,2026-09-19T05:46:34.957+00:00,2026-09-19T05:51:35.007+00:00,2026-09-19T05:51:35.007+00:00,False,1,0.0,,0.0,300049.23898900003,300049.23898900003,300049.23898900003,300049.23898900003,300049.23898900003,300049.23898900003,nan,300049.23898900003,nan,nan,0.0,33,64,,True,False,TTFT timeout: 300.0s exceeded (TTFT: 300.044s),0,56.69694568066818
142,2026-09-19T05:46:35.417+00:00,2026-09-19T05:51:35.428+00:00,2026-09-19T05:51:35.428+00:00,False,1,0.0,,0.0,300010.92898900004,300010.92898900004,300010.92898900004,300010.92898900004,300010.92898900004,300010.92898900004,nan,300010.92898900004,nan,nan,0.0,33,64,,True,False,"HTTPConnectionPool(host='gpu03', port=9002): Read timed out.",0,56.69694568066818
143,2026-09-19T05:46:36.040+00:00,2026-09-19T05:51:35.891+00:00,2026-09-19T05:51:36.150+00:00,False,4,3.0,,3.0,299851.340918,300110.00639,300110.00635399995,75027.50158849999,0.040670000000000005,299851.340918,149882.5719582381,254893.45001869995,86.221824,74.68589580347647,0.009996334464441115,33,64,,True,False,Request timeout: 300.0s exceeded,8,56.69694568066818
144,2026-09-19T05:46:36.459+00:00,2026-09-19T05:51:36.347+00:00,2026-09-19T05:51:36.554+00:00,False,4,3.0,,3.0,299888.45201300003,300095.93694100005,300095.936767,75023.98419175,0.09234999999999999,299888.45201300003,149909.65317538325,254920.97439275,69.16164266666667,59.83635043064941,0.009996803124294918,33,64,,True,False,Request timeout: 300.0s exceeded,6,56.69694568066818
146,2026-09-19T05:46:37.783+00:00,2026-09-19T05:51:37.330+00:00,2026-09-19T05:51:37.996+00:00,False,8,7.0,,7.0,299546.360325,300212.662277,300212.66218600003,37526.582773250004,0.02843,299546.360325,105871.98543523786,194750.22612350003,95.18599314285714,42.83796971104619,0.023316804650768675,33,64,,True,False,Request timeout: 300.0s exceeded,34,56.69694568066818
145,2026-09-19T05:46:37.717+00:00,2026-09-19T05:51:37.331+00:00,2026-09-19T05:51:37.898+00:00,False,7,6.0,,6.0,299613.72185699997,300180.473089,300180.47312599997,42882.92473228571,0.03276,299613.72185699997,113207.64855676517,209767.2174948,94.45853866666667,46.746483979456315,0.019987975694278657,33,64,,True,False,Request timeout: 300.0s exceeded,13,56.69694568066818
147,2026-09-19T05:46:38.131+00:00,2026-09-19T05:51:38.156+00:00,2026-09-19T05:51:38.156+00:00,False,1,0.0,,0.0,300024.480837,300024.480837,300024.480837,300024.480837,300024.480837,300024.480837,nan,300024.480837,nan,nan,0.0,33,64,,True,False,"HTTPConnectionPool(host='gpu03', port=9002): Read timed out.",0,56.69694568066818
148,2026-09-19T05:46:38.521+00:00,2026-09-19T05:51:38.826+00:00,2026-09-19T05:51:39.428+00:00,False,7,6.0,,6.0,300304.98476200004,300907.057594,300907.05746000004,42986.72249428572,0.03878,300304.98476200004,113466.7026745218,210268.61601880004,100.345472,62.58175534993356,0.019939711776702566,33,64,,True,False,Request timeout: 300.0s exceeded,27,56.69694568066818
149,2026-09-19T05:46:38.957+00:00,2026-09-19T05:51:39.354+00:00,2026-09-19T05:51:39.528+00:00,False,5,4.0,,4.0,300397.094212,300570.88877200003,300570.88857300003,60114.1777146,0.02308,300397.094212,134322.2365031794,240332.53838140002,43.44864,31.231720927540064,0.013308008690869013,33,64,,True,False,Request timeout: 300.0s exceeded,20,56.69694568066818
150,2026-09-19T05:46:39.387+00:00,2026-09-19T05:51:39.360+00:00,2026-09-19T05:51:39.686+00:00,False,7,6.0,,6.0,299972.417029,300298.466309,300298.466252,42899.78089314286,0.0249,299972.417029,113358.38182734491,210013.30561660003,54.341546666666666,34.90436221013644,0.019980122022421994,33,64,,True,False,Request timeout: 300.0s exceeded,27,56.69694568066818
151,2026-09-19T05:46:39.896+00:00,2026-09-19T05:51:40.010+00:00,2026-09-19T05:51:40.010+00:00,False,1,0.0,,0.0,300114.27606,300114.27606,300114.27606,300114.27606,300114.27606,300114.27606,nan,300114.27606,nan,nan,0.0,33,64,,True,False,"HTTPConnectionPool(host='gpu03', port=9002): Read timed out.",0,56.69694568066818
152,2026-09-19T05:46:40.264+00:00,2026-09-19T05:51:40.333+00:00,2026-09-19T05:51:40.333+00:00,False,1,0.0,,0.0,300069.256101,300069.256101,300069.256101,300069.256101,300069.256101,300069.256101,nan,300069.256101,nan,nan,0.0,33,64,,True,False,"HTTPConnectionPool(host='gpu03', port=9002): Read timed out.",0,56.69694568066818
153,2026-09-19T05:46:40.803+00:00,2026-09-19T05:51:40.916+00:00,2026-09-19T05:51:40.916+00:00,False,1,0.0,,0.0,300112.609289,300112.609289,300112.609289,300112.609289,300112.609289,300112.609289,nan,300112.609289,nan,nan,0.0,33,64,,True,False,"HTTPConnectionPool(host='gpu03', port=9002): Read timed out.",0,56.69694568066818
154,2026-09-19T05:46:41.252+00:00,2026-09-19T05:51:40.951+00:00,2026-09-19T05:51:41.272+00:00,False,5,4.0,,4.0,299699.43731,300019.76012600004,300019.759976,60003.951995200005,0.0339,299699.43731,133993.8583540309,239785.0460314,80.080704,55.39554420592347,0.013332455163353607,33,64,,True,False,Request timeout: 300.0s exceeded,12,56.69694568066818
155,2026-09-19T05:46:41.782+00:00,2026-09-19T05:51:41.820+00:00,2026-09-19T05:51:41.820+00:00,False,1,0.0,,0.0,300038.27354,300038.27354,300038.27354,300038.27354,300038.27354,300038.27354,nan,300038.27354,nan,nan,0.0,33,64,,True,False,TTFT timeout: 300.0s exceeded (TTFT: 300.024s),0,56.69694568066818
156,2026-09-19T05:46:42.391+00:00,2026-09-19T05:51:42.498+00:00,2026-09-19T05:51:42.498+00:00,False,1,0.0,,0.0,300107.73191100004,300107.73191100004,300107.73191100004,300107.73191100004,300107.73191100004,300107.73191100004,nan,300107.73191100004,nan,nan,0.0,33,64,,True,False,"HTTPConnectionPool(host='gpu03', port=9002): Read timed out.",0,56.69694568066818
157,2026-09-19T05:46:42.972+00:00,2026-09-19T05:51:42.816+00:00,2026-09-19T05:51:43.037+00:00,False,4,3.0,,3.0,299843.976215,300065.37679099996,300065.376787,75016.34419675,0.035840000000000004,299843.976215,149885.09713007387,254884.63649764995,73.800192,64.03058715047788,0.00999782124843262,33,64,,True,False,Request timeout: 300.0s exceeded,11,56.69694568066818
158,2026-09-19T05:46:43.459+00:00,2026-09-19T05:51:43.556+00:00,2026-09-19T05:51:43.556+00:00,False,1,0.0,,0.0,300097.649938,300097.649938,300097.649938,300097.649938,300097.649938,300097.649938,nan,300097.649938,nan,nan,0.0,33,64,,True,False,"HTTPConnectionPool(host='gpu03', port=9002): Read timed out.",0,56.69694568066818
159,2026-09-19T05:46:43.999+00:00,2026-09-19T05:51:44.106+00:00,2026-09-19T05:51:44.106+00:00,False,1,0.0,,0.0,300106.235825,300106.235825,300106.235825,300106.235825,300106.235825,300106.235825,nan,300106.235825,nan,nan,0.0,33,64,,True,False,"HTTPConnectionPool(host='gpu03', port=9002): Read timed out.",0,56.69694568066818
160,2026-09-19T05:46:44.486+00:00,2026-09-19T05:51:44.350+00:00,2026-09-19T05:51:44.626+00:00,False,4,3.0,,3.0,299864.249987,300140.208515,300140.208494,75035.0521235,0.06639,299864.249987,149886.14606937848,254906.13142760002,91.986176,79.79564853340733,0.009995328566082708,33,64,,True,False,Request timeout: 300.0s exceeded,11,56.69694568066818
161,2026-09-19T05:46:44.924+00:00,2026-09-19T05:51:44.630+00:00,2026-09-19T05:51:44.840+00:00,True,3,3.0,,3.0,299706.192342,299916.58159,299916.581488,99972.19382933334,101.196348,299706.192342,172974.71675762112,269746.4923876,105.194624,5.6545009981245915,0.010002781387062953,33,64,,True,True,,13,56.69694568066818
162,2026-09-19T05:46:45.386+00:00,2026-09-19T05:51:45.500+00:00,2026-09-19T05:51:45.500+00:00,False,1,0.0,,0.0,300114.800607,300114.800607,300114.800607,300114.800607,300114.800607,300114.800607,nan,300114.800607,nan,nan,0.0,33,64,,True,False,"HTTPConnectionPool(host='gpu03', port=9002): Read timed out.",0,56.69694568066818
163,2026-09-19T05:46:45.841+00:00,2026-09-19T05:51:45.864+00:00,2026-09-19T05:51:45.864+00:00,False,1,0.0,,0.0,300023.022911,300023.022911,300023.022911,300023.022911,300023.022911,300023.022911,nan,300023.022911,nan,nan,0.0,33,64,,True,False,TTFT timeout: 300.0s exceeded (TTFT: 300.017s),0,56.69694568066818
164,2026-09-19T05:46:46.314+00:00,2026-09-19T05:51:46.173+00:00,2026-09-19T05:51:46.389+00:00,False,4,3.0,,3.0,299858.890452,300075.686868,300075.686784,75018.921696,0.03772,299858.890452,149893.32121000596,254896.54043625,72.265472,62.5693957300486,0.009997477740739679,33,64,,True,False,Request timeout: 300.0s exceeded,11,56.69694568066818
165,2026-09-19T05:46:46.743+00:00,2026-09-19T05:51:46.391+00:00,2026-09-19T05:51:46.787+00:00,False,6,5.0,,5.0,299647.458179,300043.473795,300043.473719,50007.24561983333,0.03889,299647.458179,122298.23446082298,224761.49519225,79.20312320000001,44.41077263621793,0.016664251805777224,33,64,,True,False,Request timeout: 300.0s exceeded,19,56.69694568066818
166,2026-09-19T05:46:47.177+00:00,2026-09-19T05:51:47.256+00:00,2026-09-19T05:51:47.256+00:00,False,1,0.0,,0.0,300078.512581,300078.512581,300078.512581,300078.512581,300078.512581,300078.512581,nan,300078.512581,nan,nan,0.0,33,64,,True,False,"HTTPConnectionPool(host='gpu03', port=9002): Read timed out.",0,56.69694568066818
167,2026-09-19T05:46:47.657+00:00,2026-09-19T05:51:47.678+00:00,2026-09-19T05:51:47.678+00:00,False,1,0.0,,0.0,300020.908619,300020.908619,300020.908619,300020.908619,300020.908619,300020.908619,nan,300020.908619,nan,nan,0.0,33,64,,True,False,TTFT timeout: 300.0s exceeded (TTFT: 300.003s),0,56.69694568066818
168,2026-09-19T05:46:48.283+00:00,2026-09-19T05:51:48.069+00:00,2026-09-19T05:51:48.369+00:00,False,5,4.0,,4.0,299785.43626,300085.42474,300085.424793,60017.0849586,0.04672,299785.43626,134034.5901393781,239849.5742934,74.99712,50.19314810168618,0.013329537759008721,33,64,,True,False,Request timeout: 300.0s exceeded,22,56.69694568066818
169,2026-09-19T05:46:48.932+00:00,2026-09-19T05:51:48.953+00:00,2026-09-19T05:51:48.953+00:00,False,1,0.0,,0.0,300020.996773,300020.996773,300020.996773,300020.996773,300020.996773,300020.996773,nan,300020.996773,nan,nan,0.0,33,64,,True,False,"HTTPConnectionPool(host='gpu03', port=9002): Read timed out.",0,56.69694568066818
170,2026-09-19T05:46:49.324+00:00,2026-09-19T05:51:49.392+00:00,2026-09-19T05:51:49.392+00:00,False,1,0.0,,0.0,300068.741852,300068.741852,300068.741852,300068.741852,300068.741852,300068.741852,nan,300068.741852,nan,nan,0.0,33,64,,True,False,TTFT timeout: 300.0s exceeded (TTFT: 300.051s),0,56.69694568066818
171,2026-09-19T05:46:49.814+00:00,2026-09-19T05:51:49.655+00:00,2026-09-19T05:51:49.863+00:00,False,4,3.0,,3.0,299841.260916,300048.891764,300048.891825,75012.22295625,0.06908,299841.260916,149886.0334069298,254881.77181049998,69.21028266666667,60.352429269118815,0.009998370540090564,33,64,,True,False,Request timeout: 300.0s exceeded,10,56.69694568066818
172,2026-09-19T05:46:50.406+00:00,2026-09-19T05:51:50.754+00:00,2026-09-19T05:51:51.367+00:00,False,7,6.0,,6.0,300348.491543,300960.998935,300960.998998,42994.42842828571,0.021929999999999998,300348.491543,113482.4852579029,210289.0009451,102.08456533333333,52.902371339740284,0.019936137975458575,33,64,,True,False,Request timeout: 300.0s exceeded,24,56.69694568066818
173,2026-09-19T05:46:51.077+00:00,2026-09-19T05:51:51.258+00:00,2026-09-19T05:51:51.567+00:00,False,5,4.0,,4.0,300181.51165899995,300490.00369099993,300490.0038809999,60098.00077619999,0.03692,300181.51165899995,134210.77006031494,240166.3769552,77.123008,51.48937776449725,0.013311590904412524,33,64,,True,False,Request timeout: 300.0s exceeded,14,56.69694568066818
174,2026-09-19T05:46:51.731+00:00,2026-09-19T05:51:51.828+00:00,2026-09-19T05:51:51.828+00:00,False,1,0.0,,0.0,300097.323444,300097.323444,300097.323444,300097.323444,300097.323444,300097.323444,nan,300097.323444,nan,nan,0.0,33,64,,True,False,"HTTPConnectionPool(host='gpu03', port=9002): Read timed out.",0,56.69694568066818
175,2026-09-19T05:46:52.306+00:00,2026-09-19T05:51:52.409+00:00,2026-09-19T05:51:52.409+00:00,False,1,0.0,,0.0,300103.548385,300103.548385,300103.548385,300103.548385,300103.548385,300103.548385,nan,300103.548385,nan,nan,0.0,33,64,,True,False,"HTTPConnectionPool(host='gpu03', port=9002): Read timed out.",0,56.69694568066818
176,2026-09-19T05:46:52.846+00:00,2026-09-19T05:51:52.768+00:00,2026-09-19T05:51:52.989+00:00,False,3,2.0,,2.0,299921.85399000003,300142.84522200003,300142.845258,100047.615086,0.0396,299921.85399000003,173096.20369501293,269951.7637578,110.495616,156.20864477448657,0.006663493839144173,33,64,,True,False,Request timeout: 300.0s exceeded,4,56.69694568066818
177,2026-09-19T05:46:53.498+00:00,2026-09-19T05:51:53.071+00:00,2026-09-19T05:51:53.576+00:00,False,7,6.0,,6.0,299573.208295,300078.165991,300078.165954,42868.309422000006,0.03065,299573.208295,113196.22675232853,209733.0455905,84.159616,41.35088016786557,0.019994790291340134,33,64,,True,False,Request timeout: 300.0s exceeded,20,56.69694568066818
178,2026-09-19T05:46:54.165+00:00,2026-09-19T05:51:54.284+00:00,2026-09-19T05:51:54.284+00:00,False,1,0.0,,0.0,300119.03356,300119.03356,300119.03356,300119.03356,300119.03356,300119.03356,nan,300119.03356,nan,nan,0.0,33,64,,True,False,"HTTPConnectionPool(host='gpu03', port=9002): Read timed out.",0,56.69694568066818
179,2026-09-19T05:46:54.743+00:00,2026-09-19T05:51:54.642+00:00,2026-09-19T05:51:54.777+00:00,False,3,2.0,,2.0,299899.05193699995,300033.37744099996,300033.377496,100011.12583199999,0.09282,299899.05193699995,173108.03490969999,269922.57001719996,67.162752,94.85141676544848,0.006665925028268863,33,64,,True,False,Request timeout: 300.0s exceeded,4,56.69694568066818
180,2026-09-19T05:46:55.751+00:00,2026-09-19T05:51:55.602+00:00,2026-09-19T05:51:55.925+00:00,False,5,4.0,,4.0,299851.637142,300174.00616600004,300174.00626,60034.801252000005,0.03771,299851.637142,134061.69499845224,239904.73435620003,80.592256,54.13896749181506,0.013325604209006523,33,64,,True,False,Request timeout: 300.0s exceeded,7,56.69694568066818
181,2026-09-19T05:46:55.825+00:00,2026-09-19T05:51:56.107+00:00,2026-09-19T05:51:56.107+00:00,False,1,0.0,,0.0,300281.878396,300281.878396,300281.878396,300281.878396,300281.878396,300281.878396,nan,300281.878396,nan,nan,0.0,33,64,,True,False,"HTTPConnectionPool(host='gpu03', port=9002): Read timed out.",0,56.69694568066818
182,2026-09-19T05:46:56.243+00:00,2026-09-19T05:51:56.255+00:00,2026-09-19T05:51:56.255+00:00,False,1,0.0,,0.0,300012.327992,300012.327992,300012.327992,300012.327992,300012.327992,300012.327992,nan,300012.327992,nan,nan,0.0,33,64,,True,False,"HTTPConnectionPool(host='gpu03', port=9002): Read timed out.",0,56.69694568066818
183,2026-09-19T05:46:56.903+00:00,2026-09-19T05:51:57.006+00:00,2026-09-19T05:51:57.006+00:00,False,1,0.0,,0.0,300103.427895,300103.427895,300103.427895,300103.427895,300103.427895,300103.427895,nan,300103.427895,nan,nan,0.0,33,64,,True,False,"HTTPConnectionPool(host='gpu03', port=9002): Read timed out.",0,56.69694568066818
184,2026-09-19T05:46:57.428+00:00,2026-09-19T05:51:57.291+00:00,2026-09-19T05:51:57.505+00:00,False,4,3.0,,3.0,299862.576818,300077.058994,300077.059051,75019.26476275,0.058929999999999996,299862.576818,149895.55030895583,254901.3527696,71.49405866666667,63.40076295036271,0.009997432026484851,33,64,,True,False,Request timeout: 300.0s exceeded,11,56.69694568066818
185,2026-09-19T05:46:57.987+00:00,2026-09-19T05:51:57.506+00:00,2026-09-19T05:51:58.015+00:00,False,7,6.0,,6.0,299518.861201,300027.971217,300027.971269,42861.13875271429,0.020059999999999998,299518.861201,113175.4239869956,209694.65821929998,84.85166933333333,41.61754899074915,0.019998135426048013,33,64,,True,False,Request timeout: 300.0s exceeded,13,56.69694568066818
186,2026-09-19T05:46:58.503+00:00,2026-09-19T05:51:58.527+00:00,2026-09-19T05:51:58.527+00:00,False,1,0.0,,0.0,300024.33146899997,300024.33146899997,300024.33146899997,300024.33146899997,300024.33146899997,300024.33146899997,nan,300024.33146899997,nan,nan,0.0,33,64,,True,False,"HTTPConnectionPool(host='gpu03', port=9002): Read timed out.",0,56.69694568066818
187,2026-09-19T05:46:58.975+00:00,2026-09-19T05:51:59.037+00:00,2026-09-19T05:51:59.037+00:00,False,1,0.0,,0.0,300061.438116,300061.438116,300061.438116,300061.438116,300061.438116,300061.438116,nan,300061.438116,nan,nan,0.0,33,64,,True,False,"HTTPConnectionPool(host='gpu03', port=9002): Read timed out.",0,56.69694568066818
188,2026-09-19T05:46:59.422+00:00,2026-09-19T05:51:59.313+00:00,2026-09-19T05:51:59.523+00:00,False,4,3.0,,3.0,299890.928245,300100.711029,300100.711071,75025.17776775,0.02767,299890.928245,149910.50857157318,254924.05244365003,69.92759466666668,60.92469693679677,0.009996644092289729,33,64,,True,False,Request timeout: 300.0s exceeded,11,56.69694568066818
189,2026-09-19T05:47:00.023+00:00,2026-09-19T05:52:00.107+00:00,2026-09-19T05:52:00.107+00:00,False,1,0.0,,0.0,300083.446246,300083.446246,300083.446246,300083.446246,300083.446246,300083.446246,nan,300083.446246,nan,nan,0.0,33,64,,True,False,"HTTPConnectionPool(host='gpu03', port=9002): Read timed out.",0,56.69694568066818
190,2026-09-19T05:47:00.663+00:00,2026-09-19T05:52:00.661+00:00,2026-09-19T05:52:00.801+00:00,False,3,2.0,,2.0,299997.447515,300137.776731,300137.77682100004,100045.925607,0.0246,299997.447515,173163.1117028713,270011.7332341,70.164608,99.19298451968288,0.006663606366993617,33,64,,True,False,Request timeout: 300.0s exceeded,8,56.69694568066818
191,2026-09-19T05:47:01.197+00:00,2026-09-19T05:52:01.129+00:00,2026-09-19T05:52:01.244+00:00,False,3,2.0,,2.0,299932.528986,300047.883866,300047.88389299996,100015.96129766667,0.09233,299932.528986,173132.8358320842,269950.8023451,57.67744,81.43752193038019,0.006665602750570275,33,64,,True,False,Request timeout: 300.0s exceeded,8,56.69694568066818
192,2026-09-19T05:47:01.845+00:00,2026-09-19T05:52:01.931+00:00,2026-09-19T05:52:01.931+00:00,False,1,0.0,,0.0,300085.444209,300085.444209,300085.444209,300085.444209,300085.444209,300085.444209,nan,300085.444209,nan,nan,0.0,33,64,,True,False,"HTTPConnectionPool(host='gpu03', port=9002): Read timed out.",0,56.69694568066818
193,2026-09-19T05:47:02.426+00:00,2026-09-19T05:52:02.333+00:00,2026-09-19T05:52:02.461+00:00,False,3,2.0,,2.0,299906.789413,300034.232101,300034.23196999996,100011.41065666666,0.02705,299906.789413,173114.48781964555,269928.85202239995,63.721344,90.07721279821288,0.006665906040103929,33,64,,True,False,Request timeout: 300.0s exceeded,5,56.69694568066818
194,2026-09-19T05:47:02.837+00:00,2026-09-19T05:52:02.461+00:00,2026-09-19T05:52:02.887+00:00,False,8,7.0,,7.0,299623.665623,300050.358487,300050.358316,37506.2947895,0.022760000000000002,299623.665623,105911.4189014357,194803.76193730003,60.95612342857142,42.339577005819756,0.02332941721948745,33,64,,True,False,Request timeout: 300.0s exceeded,27,56.69694568066818
195,2026-09-19T05:47:03.515+00:00,2026-09-19T05:52:03.625+00:00,2026-09-19T05:52:03.625+00:00,False,1,0.0,,0.0,300109.719414,300109.719414,300109.719414,300109.719414,300109.719414,300109.719414,nan,300109.719414,nan,nan,0.0,33,64,,True,False,"HTTPConnectionPool(host='gpu03', port=9002): Read timed out.",0,56.69694568066818
196,2026-09-19T05:47:04.042+00:00,2026-09-19T05:52:04.083+00:00,2026-09-19T05:52:05.053+00:00,False,11,10.0,,10.0,300040.579875,301010.13584299997,301010.135963,27364.55781481818,0.04119,300040.579875,90436.41154088746,150083.588702,96.9555968,34.98680194862691,0.03322147266567719,33,64,,True,False,Request timeout: 300.0s exceeded,43,56.69694568066818
197,2026-09-19T05:47:04.435+00:00,2026-09-19T05:52:04.316+00:00,2026-09-19T05:52:05.151+00:00,False,10,9.0,,9.0,299881.012413,300715.31513299997,300715.315084,30071.5315084,0.0221,299881.012413,94801.3939990245,164987.07465944998,92.70030222222222,35.11418319901764,0.029928638639570092,33,64,,True,False,Request timeout: 300.0s exceeded,44,56.69694568066818
198,2026-09-19T05:47:05.074+00:00,2026-09-19T05:52:05.261+00:00,2026-09-19T05:52:05.261+00:00,False,1,0.0,,0.0,300186.68861199997,300186.68861199997,300186.68861199997,300186.68861199997,300186.68861199997,300186.68861199997,nan,300186.68861199997,nan,nan,0.0,33,64,,True,False,"HTTPConnectionPool(host='gpu03', port=9002): Read timed out.",0,56.69694568066818
199,2026-09-19T05:47:05.614+00:00,2026-09-19T05:52:05.641+00:00,2026-09-19T05:52:05.641+00:00,False,1,0.0,,0.0,300027.679252,300027.679252,300027.679252,300027.679252,300027.679252,300027.679252,nan,300027.679252,nan,nan,0.0,33,64,,True,False,"HTTPConnectionPool(host='gpu03', port=9002): Read timed out.",0,56.69694568066818
200,2026-09-19T05:47:06.022+00:00,2026-09-19T05:52:06.124+00:00,2026-09-19T05:52:06.124+00:00,False,1,0.0,,0.0,300102.201854,300102.201854,300102.201854,300102.201854,300102.201854,300102.201854,nan,300102.201854,nan,nan,0.0,33,64,,True,False,"HTTPConnectionPool(host='gpu03', port=9002): Read timed out.",0,56.69694568066818
201,2026-09-19T05:47:06.505+00:00,2026-09-19T05:52:06.547+00:00,2026-09-19T05:52:06.547+00:00,False,1,0.0,,0.0,300042.21465700003,300042.21465700003,300042.21465700003,300042.21465700003,300042.21465700003,300042.21465700003,nan,300042.21465700003,nan,nan,0.0,33,64,,True,False,TTFT timeout: 300.0s exceeded (TTFT: 300.025s),0,56.69694568066818
202,2026-09-19T05:47:07.136+00:00,2026-09-19T05:52:06.648+00:00,2026-09-19T05:52:07.148+00:00,False,9,8.0,,8.0,299511.96359,300011.653062,300011.653022,33334.628113555555,0.075749,299511.96359,99816.50625986508,179748.24891320002,62.461184,35.28232866862021,0.02666563087916699,33,64,,True,False,Request timeout: 300.0s exceeded,32,56.69694568066818
203,2026-09-19T05:47:07.719+00:00,2026-09-19T05:52:07.760+00:00,2026-09-19T05:52:07.760+00:00,False,1,0.0,,0.0,300041.32816399995,300041.32816399995,300041.32816399995,300041.32816399995,300041.32816399995,300041.32816399995,nan,300041.32816399995,nan,nan,0.0,33,64,,True,False,"HTTPConnectionPool(host='gpu03', port=9002): Read timed out.",0,56.69694568066818
204,2026-09-19T05:47:08.209+00:00,2026-09-19T05:52:08.129+00:00,2026-09-19T05:52:08.271+00:00,False,3,2.0,,2.0,299920.434957,300062.126605,300062.12648900005,100020.70882966668,0.037079999999999995,299920.434957,173118.25551687833,269942.5569065001,70.845824,100.13862953086202,0.006665286361290068,33,64,,True,False,Request timeout: 300.0s exceeded,9,56.69694568066818
205,2026-09-19T05:47:08.657+00:00,2026-09-19T05:52:08.507+00:00,2026-09-19T05:52:08.709+00:00,False,4,3.0,,3.0,299849.96194999997,300052.17788599996,300052.177903,75013.04447575,0.03583,299849.96194999997,149891.28592637545,254888.26978565,67.405312,58.498811363654085,0.009998261039584263,33,64,,True,False,Request timeout: 300.0s exceeded,10,56.69694568066818
206,2026-09-19T05:47:09.172+00:00,2026-09-19T05:52:09.278+00:00,2026-09-19T05:52:09.278+00:00,False,1,0.0,,0.0,300106.234732,300106.234732,300106.234732,300106.234732,300106.234732,300106.234732,nan,300106.234732,nan,nan,0.0,33,64,,True,False,"HTTPConnectionPool(host='gpu03', port=9002): Read timed out.",0,56.69694568066818
207,2026-09-19T05:47:09.693+00:00,2026-09-19T05:52:09.728+00:00,2026-09-19T05:52:09.728+00:00,False,1,0.0,,0.0,300035.05281900003,300035.05281900003,300035.05281900003,300035.05281900003,300035.05281900003,300035.05281900003,nan,300035.05281900003,nan,nan,0.0,33,64,,True,False,"HTTPConnectionPool(host='gpu03', port=9002): Read timed out.",0,56.69694568066818
208,2026-09-19T05:47:10.062+00:00,2026-09-19T05:52:09.865+00:00,2026-09-19T05:52:10.205+00:00,False,5,4.0,,4.0,299802.50304900005,300142.29031300003,300142.29034500004,60028.45806900001,0.037340000000000005,299802.50304900005,134037.77541823508,239868.43172620007,84.946816,58.162642857237685,0.013327012317486632,33,64,,True,False,Request timeout: 300.0s exceeded,18,56.69694568066818
209,2026-09-19T05:47:10.483+00:00,2026-09-19T05:52:10.507+00:00,2026-09-19T05:52:10.507+00:00,False,1,0.0,,0.0,300024.37229900004,300024.37229900004,300024.37229900004,300024.37229900004,300024.37229900004,300024.37229900004,nan,300024.37229900004,nan,nan,0.0,33,64,,True,False,TTFT timeout: 300.0s exceeded (TTFT: 300.004s),0,56.69694568066818
210,2026-09-19T05:47:10.856+00:00,2026-09-19T05:52:10.883+00:00,2026-09-19T05:52:10.883+00:00,False,1,0.0,,0.0,300027.016509,300027.016509,300027.016509,300027.016509,300027.016509,300027.016509,nan,300027.016509,nan,nan,0.0,33,64,,True,False,"HTTPConnectionPool(host='gpu03', port=9002): Read timed out.",0,56.69694568066818
211,2026-09-19T05:47:11.262+00:00,2026-09-19T05:52:11.324+00:00,2026-09-19T05:52:11.324+00:00,False,1,0.0,,0.0,300061.889069,300061.889069,300061.889069,300061.889069,300061.889069,300061.889069,nan,300061.889069,nan,nan,0.0,33,64,,True,False,"HTTPConnectionPool(host='gpu03', port=9002): Read timed out.",0,56.69694568066818
212,2026-09-19T05:47:11.694+00:00,2026-09-19T05:52:11.507+00:00,2026-09-19T05:52:11.730+00:00,False,4,3.0,,3.0,299813.234342,300036.47171799996,300036.471754,75009.1179385,0.05619,299813.234342,149869.4206251709,254860.16065369998,74.41245866666667,66.00372954346157,0.00999878442384717,33,64,,True,False,Request timeout: 300.0s exceeded,10,56.69694568066818
213,2026-09-19T05:47:12.309+00:00,2026-09-19T05:52:12.420+00:00,2026-09-19T05:52:12.420+00:00,False,1,0.0,,0.0,300110.821753,300110.821753,300110.821753,300110.821753,300110.821753,300110.821753,nan,300110.821753,nan,nan,0.0,33,64,,True,False,"HTTPConnectionPool(host='gpu03', port=9002): Read timed out.",0,56.69694568066818
214,2026-09-19T05:47:12.837+00:00,2026-09-19T05:52:12.943+00:00,2026-09-19T05:52:12.943+00:00,False,1,0.0,,0.0,300105.76550599997,300105.76550599997,300105.76550599997,300105.76550599997,300105.76550599997,300105.76550599997,nan,300105.76550599997,nan,nan,0.0,33,64,,True,False,TTFT timeout: 300.0s exceeded (TTFT: 300.099s),0,56.69694568066818
215,2026-09-19T05:47:13.326+00:00,2026-09-19T05:52:13.220+00:00,2026-09-19T05:52:13.354+00:00,False,3,2.0,,2.0,299894.63,300028.07,300028.06994200003,100009.35664733333,0.044039999999999996,299894.63,173105.73740674363,269918.5065902,66.72,94.2940582299545,0.006666042947248235,33,64,,True,False,Request timeout: 300.0s exceeded,4,56.69694568066818
216,2026-09-19T05:47:13.974+00:00,2026-09-19T05:52:14.049+00:00,2026-09-19T05:52:14.049+00:00,False,1,0.0,,0.0,300075.657464,300075.657464,300075.657464,300075.657464,300075.657464,300075.657464,nan,300075.657464,nan,nan,0.0,33,64,,True,False,"HTTPConnectionPool(host='gpu03', port=9002): Read timed out.",0,56.69694568066818
217,2026-09-19T05:47:14.491+00:00,2026-09-19T05:52:14.586+00:00,2026-09-19T05:52:14.586+00:00,False,1,0.0,,0.0,300095.266838,300095.266838,300095.266838,300095.266838,300095.266838,300095.266838,nan,300095.266838,nan,nan,0.0,33,64,,True,False,"HTTPConnectionPool(host='gpu03', port=9002): Read timed out.",0,56.69694568066818
218,2026-09-19T05:47:15.163+00:00,2026-09-19T05:52:14.914+00:00,2026-09-19T05:52:15.255+00:00,False,5,4.0,,4.0,299751.489758,300092.317662,300092.31764100003,60018.4635282,0.0272,299751.489758,134014.84483054938,239824.71194860002,85.206976,56.886317099544705,0.013329231588345024,33,64,,True,False,Request timeout: 300.0s exceeded,12,56.69694568066818
219,2026-09-19T05:47:15.586+00:00,2026-09-19T05:52:15.657+00:00,2026-09-19T05:52:15.657+00:00,False,1,0.0,,0.0,300071.071306,300071.071306,300071.071306,300071.071306,300071.071306,300071.071306,nan,300071.071306,nan,nan,0.0,33,64,,True,False,TTFT timeout: 300.0s exceeded (TTFT: 300.054s),0,56.69694568066818
220,2026-09-19T05:47:16.044+00:00,2026-09-19T05:52:16.155+00:00,2026-09-19T05:52:16.155+00:00,False,1,0.0,,0.0,300111.41352600005,300111.41352600005,300111.41352600005,300111.41352600005,300111.41352600005,300111.41352600005,nan,300111.41352600005,nan,nan,0.0,33,64,,True,False,"HTTPConnectionPool(host='gpu03', port=9002): Read timed out.",0,56.69694568066818
221,2026-09-19T05:47:17.517+00:00,2026-09-19T05:52:16.531+00:00,2026-09-19T05:52:17.638+00:00,False,13,12.0,,12.0,299013.54471,300121.24083799997,300121.240658,23086.249281384615,0.037270000000000005,299013.54471,82905.84109243947,119683.8251094,92.30801066666668,34.9729227674278,0.03998384108533452,33,64,,True,False,Request timeout: 300.0s exceeded,40,56.69694568066818
223,2026-09-19T05:47:17.574+00:00,2026-09-19T05:52:16.661+00:00,2026-09-19T05:52:17.736+00:00,False,13,12.0,,12.0,299086.666914,300161.934498,300161.934422,23089.379570923076,0.023899999999999998,299086.666914,82926.87016867149,119704.2111366,89.605632,32.6309226059374,0.03997842038188209,33,64,,True,False,Request timeout: 300.0s exceeded,44,56.69694568066818
222,2026-09-19T05:47:17.525+00:00,2026-09-19T05:52:17.321+00:00,2026-09-19T05:52:17.865+00:00,False,7,6.0,,6.0,299795.306278,300339.82007,300339.82016,42905.68859428571,0.04394,299795.306278,113277.68174992663,209896.3495591,90.75229866666668,46.496930749857945,0.019977370961338337,33,64,,True,False,Request timeout: 300.0s exceeded,26,56.69694568066818
224,2026-09-19T05:47:17.873+00:00,2026-09-19T05:52:17.958+00:00,2026-09-19T05:52:17.958+00:00,False,1,0.0,,0.0,300085.685537,300085.685537,300085.685537,300085.685537,300085.685537,300085.685537,nan,300085.685537,nan,nan,0.0,33,64,,True,False,"HTTPConnectionPool(host='gpu03', port=9002): Read timed out.",0,56.69694568066818
225,2026-09-19T05:47:18.268+00:00,2026-09-19T05:52:18.323+00:00,2026-09-19T05:52:18.323+00:00,False,1,0.0,,0.0,300055.467966,300055.467966,300055.467966,300055.467966,300055.467966,300055.467966,nan,300055.467966,nan,nan,0.0,33,64,,True,False,"HTTPConnectionPool(host='gpu03', port=9002): Read timed out.",0,56.69694568066818
226,2026-09-19T05:47:18.883+00:00,2026-09-19T05:52:18.991+00:00,2026-09-19T05:52:18.991+00:00,False,1,0.0,,0.0,300108.453348,300108.453348,300108.453348,300108.453348,300108.453348,300108.453348,nan,300108.453348,nan,nan,0.0,33,64,,True,False,"HTTPConnectionPool(host='gpu03', port=9002): Read timed out.",0,56.69694568066818
227,2026-09-19T05:47:19.347+00:00,2026-09-19T05:52:19.395+00:00,2026-09-19T05:52:20.585+00:00,False,16,15.0,,15.0,300048.621753,301238.51692100003,301238.516989,18827.4073118125,0.03512,300048.621753,74992.33146292479,75094.36814325,79.32634453333333,34.97463245544279,0.04979442918959051,33,64,,True,False,Request timeout: 300.0s exceeded,48,56.69694568066818
228,2026-09-19T05:47:19.809+00:00,2026-09-19T05:52:19.426+00:00,2026-09-19T05:52:20.688+00:00,False,16,15.0,,15.0,299616.443505,300878.461297,300878.46122399997,18804.903826499998,0.05364,299616.443505,74883.08348340576,74984.373024,84.13451946666667,31.632579319290127,0.04985401725114965,33,64,,True,False,Request timeout: 300.0s exceeded,45,56.69694568066818
230,2026-09-19T05:47:20.653+00:00,2026-09-19T05:52:20.730+00:00,2026-09-19T05:52:20.730+00:00,False,1,0.0,,0.0,300077.14985900006,300077.14985900006,300077.14985900006,300077.14985900006,300077.14985900006,300077.14985900006,nan,300077.14985900006,nan,nan,0.0,33,64,,True,False,"HTTPConnectionPool(host='gpu03', port=9002): Read timed out.",0,56.69694568066818
229,2026-09-19T05:47:20.216+00:00,2026-09-19T05:52:21.341+00:00,2026-09-19T05:52:21.341+00:00,False,1,0.0,,0.0,301125.29252200003,301125.29252200003,301125.29252200003,301125.29252200003,301125.29252200003,301125.29252200003,nan,301125.29252200003,nan,nan,0.0,33,64,,True,False,"HTTPConnectionPool(host='gpu03', port=9002): Read timed out.",0,56.69694568066818
0,2026-09-19T05:45:20.803+00:00,2026-09-19T05:45:21.012+00:00,2026-09-19T05:45:29.015+00:00,True,86,86.0,,86.0,209.59581500000002,8212.157095,8212.157171,95.4901996627907,34.156161,209.59581500000002,27.143210873638992,112.65011475,94.14777976470589,24.263149260201537,10.472278964604975,34,64,,False,True,,399,56.69694568066818
1,2026-09-19T05:45:21.423+00:00,2026-09-19T05:45:21.654+00:00,2026-09-19T05:45:22.721+00:00,True,12,12.0,,12.0,230.765743,1297.757615,1297.757437,108.14645308333333,39.028799,230.765743,49.072067894647034,193.41328334999997,96.99926109090909,31.759050987403516,9.246719003070538,34,64,,False,True,,52,56.69694568066818
2,2026-09-19T05:45:22.149+00:00,2026-09-19T05:45:26.017+00:00,2026-09-19T05:45:27.828+00:00,True,19,19.0,,19.0,3867.86086,5679.194748,5679.1946499999995,298.90498157894734,48.437127000000004,3867.86086,864.5350665343352,528.3249406,100.62966044444445,22.35265826902626,3.3455447194676835,34,64,,False,True,,82,56.69694568066818
3,2026-09-19T05:45:22.638+00:00,2026-09-19T05:45:28.230+00:00,2026-09-19T05:45:30.196+00:00,True,21,21.0,,21.0,5591.384404,7557.626708000001,7557.626734,359.88698733333337,53.270165999999996,5591.384404,1198.7798213929173,109.335955,98.31211520000001,15.334380934185141,2.778650072485162,34,64,,False,True,,86,56.69694568066818
4,2026-09-19T05:45:23.264+00:00,2026-09-19T05:45:31.585+00:00,2026-09-19T05:45:32.096+00:00,True,6,6.0,,6.0,8320.774256,8831.796592,8831.796785,1471.9661308333334,97.933182,8320.774256,3355.218393130004,6266.9964202500005,102.2044672,3.3558573625258865,0.6793634723692468,34,64,,False,True,,30,56.69694568066818
5,2026-09-19T05:45:23.877+00:00,2026-09-19T05:45:34.609+00:00,2026-09-19T05:45:42.920+00:00,True,86,86.0,,86.0,10731.973138,19042.378001999998,19042.378005,221.42300005813954,0.0,10731.973138,1147.7847655129126,217.6182995,97.76946898823529,49.82205670694112,4.516242666276635,34,64,,False,True,,427,56.69694568066818
6,2026-09-19T05:45:24.564+00:00,2026-09-19T05:45:38.621+00:00,2026-09-19T05:45:45.842+00:00,True,73,73.0,,73.0,14056.833811,21277.524755,21277.524747,291.472941739726,0.0,14056.833811,1634.3626346173985,194.2061516,100.28737422222223,53.769144576656615,3.4308501971238807,34,64,,False,True,,290,56.69694568066818
7,2026-09-19T05:45:25.255+00:00,2026-09-19T05:45:42.452+00:00,2026-09-19T05:45:50.640+00:00,True,85,85.0,,85.0,17197.016804000003,25385.150948000002,25385.151016000003,298.648835482353,0.0,17197.016804000003,1855.3952178119553,117.74309860000001,97.47778742857143,50.892794755276725,3.3484142038043236,34,64,,False,True,,494,56.69694568066818
8,2026-09-19T05:45:25.710+00:00,2026-09-19T05:45:45.027+00:00,2026-09-19T05:45:52.610+00:00,True,78,78.0,,78.0,19316.697195999997,26899.667563999996,26899.667457999996,344.8675315128205,0.0,19316.697195999997,2177.1328951922997,152.4051836,98.48013464935065,69.59923429330175,2.899664087462104,34,64,,False,True,,382,56.69694568066818
9,2026-09-19T05:45:26.271+00:00,2026-09-19T05:45:48.349+00:00,2026-09-19T05:45:57.922+00:00,True,99,99.0,,99.0,22077.924513,31651.062177,31651.062118,319.7076981616162,0.0,22077.924513,2210.230947983393,113.96005459999998,97.68507820408163,71.14867933391284,3.127857114126827,34,64,,False,True,,539,56.69694568066818
10,2026-09-19T05:45:26.806+00:00,2026-09-19T05:45:51.055+00:00,2026-09-19T05:45:54.535+00:00,True,35,35.0,,35.0,24248.906243,27729.050883,27729.050745,792.2585927142858,0.0,24248.906243,4082.6763235021617,452.12247950000005,102.35719529411764,98.97498883709204,1.2622141359139574,34,64,,False,True,,156,56.69694568066818
11,2026-09-19T05:45:27.237+00:00,2026-09-19T05:45:53.499+00:00,2026-09-19T05:45:56.961+00:00,True,39,39.0,,39.0,26262.776602,29724.599834,29724.599895000003,762.1692280769231,0.0,26262.776602,4191.43313066955,146.90795500000002,91.10061136842104,72.52406964946603,1.312044576471993,34,64,,False,True,,175,56.69694568066818
12,2026-09-19T05:45:27.693+00:00,2026-09-19T05:45:55.721+00:00,2026-09-19T05:45:59.663+00:00,True,43,43.0,,43.0,28027.587629,31970.163757000002,31970.163932000003,743.4921844651163,0.0,28027.587629,4260.557091169165,116.00535959999999,93.8708601904762,78.45585731240449,1.3450040583725495,34,64,,False,True,,172,56.69694568066818
13,2026-09-19T05:45:28.169+00:00,2026-09-19T05:45:58.642+00:00,2026-09-19T05:46:01.599+00:00,True,32,32.0,,32.0,30472.946931000002,33430.572275,33430.572222,1044.7053819375,0.0,30472.946931000002,5370.783005194945,306.83206154999993,95.40726916129032,90.74466068520209,0.9572076641933586,34,64,,False,True,,120,56.69694568066818
14,2026-09-19T05:45:28.874+00:00,2026-09-19T05:46:02.249+00:00,2026-09-19T05:46:11.149+00:00,True,90,90.0,,90.0,33375.579939,42275.667235,42275.667417000004,469.7296379666667,0.0,33375.579939,3508.4329156967037,114.21317600000002,100.00098085393259,78.97181677768822,2.128884199502097,34,64,,False,True,,416,56.69694568066818
15,2026-09-19T05:45:29.366+00:00,2026-09-19T05:46:05.748+00:00,2026-09-19T05:46:14.465+00:00,True,91,91.0,,91.0,36381.231457999995,45098.317154,45098.31718099999,495.585903087912,0.0,36381.231457999995,3804.700474579297,112.32046399999999,96.85650773333333,90.49765211697034,2.0178136512113456,34,64,,False,True,,378,56.69694568066818
16,2026-09-19T05:45:29.981+00:00,2026-09-19T05:46:08.451+00:00,2026-09-19T05:46:10.358+00:00,True,20,20.0,,20.0,38470.009332,40377.521652,40377.521769,2018.87608845,93.876522,38470.009332,8579.707432514742,2024.8972175,100.39538526315789,4.100665679920339,0.4953251012375928,34,64,,False,True,,59,56.69694568066818
17,2026-09-19T05:45:30.657+00:00,2026-09-19T05:46:11.543+00:00,2026-09-19T05:46:15.162+00:00,True,39,39.0,,39.0,40885.387305,44505.333288999995,44505.333433,1141.1623957179486,0.0,40885.387305,6532.617858445798,170.13991009999998,95.26173642105263,114.10366231902688,0.8762994705993877,34,64,,False,True,,176,56.69694568066818
18,2026-09-19T05:45:31.181+00:00,2026-09-19T05:46:14.659+00:00,2026-09-19T05:46:21.479+00:00,True,71,71.0,,71.0,43477.631516999994,50297.817373,50297.817359999994,708.4199628169014,0.0,43477.631516999994,5148.849970364617,113.95541499999999,97.43122651428571,76.98652973333073,1.4115920671761193,34,64,,False,True,,269,56.69694568066818
19,2026-09-19T05:45:31.923+00:00,2026-09-19T05:46:18.607+00:00,2026-09-19T05:46:22.812+00:00,True,37,37.0,,37.0,46684.012158,50888.43891,50888.438904999995,1375.3632136486485,0.0,46684.012158,7657.711043596034,738.0951595999999,116.789632,182.1651755920796,0.7270806649313267,34,64,,False,True,,130,56.69694568066818
20,2026-09-19T05:45:32.567+00:00,2026-09-19T05:46:22.810+00:00,2026-09-19T05:46:23.805+00:00,True,14,14.0,,14.0,50242.950828,51238.349484,51238.349509,3659.882107785714,0.01849,50242.950828,13407.602255429398,17657.75814965,76.56912738461538,45.98098185535412,0.27323284494891326,34,64,,False,True,,44,56.69694568066818
21,2026-09-19T05:45:33.046+00:00,2026-09-19T05:46:25.078+00:00,2026-09-19T05:46:34.401+00:00,True,91,91.0,,91.0,52031.353912,61354.409784,61354.409910999995,674.2242847362637,0.0,52031.353912,5444.093418917234,116.32984700000002,103.5895096888889,80.22834028685281,1.4831859734348054,34,64,,False,True,,414,56.69694568066818
22,2026-09-19T05:45:33.625+00:00,2026-09-19T05:46:28.179+00:00,2026-09-19T05:46:28.179+00:00,True,1,1.0,,1.0,54554.082425,54554.082425,54554.082425,54554.082425,54554.082425,54554.082425,nan,54554.082425,nan,nan,0.018330433865784153,34,64,,False,True,,4,56.69694568066818
23,2026-09-19T05:45:34.040+00:00,2026-09-19T05:46:30.235+00:00,2026-09-19T05:46:40.226+00:00,True,99,99.0,,99.0,56195.199189000006,66186.064597,66186.064572,668.5461067878789,0.0,56195.199189000006,5638.63194924503,113.4005406,101.94760620408164,109.26959267138837,1.4957831471443515,34,64,,False,True,,395,56.69694568066818
24,2026-09-19T05:45:34.494+00:00,2026-09-19T05:46:33.129+00:00,2026-09-19T05:46:40.223+00:00,True,71,71.0,,71.0,58635.091188,65729.3253,65729.325136,925.7651427605633,0.0,58635.091188,6947.979573581264,116.41909100000001,101.3462016,135.47751092270195,1.080187567359679,34,64,,False,True,,321,56.69694568066818
25,2026-09-19T05:45:34.971+00:00,2026-09-19T05:46:35.565+00:00,2026-09-19T05:46:39.355+00:00,True,39,39.0,,39.0,60594.381804,64384.14462,64384.144534,1650.8755008717949,0.0,60594.381804,9688.440722194253,727.0572130999999,99.73060042105263,175.2776302014546,0.6057391960424557,34,64,,False,True,,141,56.69694568066818
26,2026-09-19T05:45:35.548+00:00,2026-09-19T05:46:39.360+00:00,2026-09-19T05:46:40.116+00:00,True,12,12.0,,12.0,63812.323216,64568.300943999995,64568.300922999995,5380.691743583333,0.0,63812.323216,18401.250594223096,28776.408244249997,68.725248,48.81850878087692,0.18584970991272612,34,64,,False,True,,38,56.69694568066818
27,2026-09-19T05:45:35.977+00:00,2026-09-19T05:46:41.118+00:00,2026-09-19T05:46:43.927+00:00,True,30,30.0,,30.0,65140.662143,67949.919871,67949.919672,2264.9973224,45.531803,65140.662143,11875.336891387851,111.45198094999999,96.87095613793103,21.99709826698054,0.4415016243868088,34,64,,False,True,,60,56.69694568066818
28,2026-09-19T05:45:36.666+00:00,2026-09-19T05:46:44.441+00:00,2026-09-19T05:46:44.441+00:00,True,1,1.0,,1.0,67774.76087299999,67774.76087299999,67774.76087299999,67774.76087299999,67774.76087299999,67774.76087299999,nan,67774.76087299999,nan,nan,0.014754755120034345,34,64,,False,True,,3,56.69694568066818
29,2026-09-19T05:45:37.234+00:00,2026-09-19T05:46:47.452+00:00,2026-09-19T05:46:51.609+00:00,True,44,44.0,,44.0,70217.66340199999,74374.56861799999,74374.56865999999,1690.3311059090906,0.0,70217.66340199999,10572.202282643111,111.9636168,96.67221432558141,151.8429439419871,0.5916000699915482,34,64,,False,True,,215,56.69694568066818
30,2026-09-19T05:45:37.963+00:00,2026-09-19T05:46:51.819+00:00,2026-09-19T05:46:55.749+00:00,True,39,39.0,,39.0,73855.655176,77785.5122,77785.512266,1994.5003145128205,0.01772,73855.655176,11810.47943388066,312.60647029999996,103.41729010526316,127.46399493572474,0.5013787130400872,34,64,,False,True,,128,56.69694568066818
31,2026-09-19T05:45:38.659+00:00,2026-09-19T05:46:55.653+00:00,2026-09-19T05:46:56.818+00:00,True,16,16.0,,16.0,76993.775021,78158.86020499999,78158.86034799999,4884.928771749999,0.01816,76993.775021,19229.07294372903,19335.336308749997,77.6723456,44.13687828118281,0.20471127595814714,34,64,,False,True,,60,56.69694568066818
32,2026-09-19T05:45:39.294+00:00,2026-09-19T05:46:58.886+00:00,2026-09-19T05:47:05.777+00:00,True,71,71.0,,71.0,79592.381786,86483.030618,86483.0307,1218.0708549295775,0.0,79592.381786,9435.201317517543,115.2820745,98.43784045714285,138.7622978531647,0.8209703047249889,34,64,,False,True,,341,56.69694568066818
33,2026-09-19T05:45:39.711+00:00,2026-09-19T05:47:01.626+00:00,2026-09-19T05:47:03.409+00:00,True,19,19.0,,19.0,81914.60673,83697.922698,83697.922756,4405.153829263158,46.60486,81914.60673,18769.780172986008,8294.1480108,99.07310933333333,19.417818941353598,0.22700682869461483,34,64,,False,True,,94,56.69694568066818
34,2026-09-19T05:45:40.412+00:00,2026-09-19T05:47:05.460+00:00,2026-09-19T05:47:13.137+00:00,True,78,78.0,,78.0,85047.64254,92724.832428,92724.832389,1188.779902423077,42.71965,85047.64254,9618.471987242356,112.44885170000002,99.70376477922078,15.273936563610837,0.841198608372426,34,64,,False,True,,368,56.69694568066818
35,2026-09-19T05:45:41.032+00:00,2026-09-19T05:47:09.156+00:00,2026-09-19T05:47:11.486+00:00,True,24,24.0,,24.0,88124.428442,90454.05225000001,90454.052346,3768.91884775,57.659285000000004,88124.428442,17967.65152825103,112.0380155,101.2879916521739,11.005619755842222,0.2653280798705179,34,64,,False,True,,103,56.69694568066818
36,2026-09-19T05:45:41.644+00:00,2026-09-19T05:47:12.307+00:00,2026-09-19T05:47:17.790+00:00,True,58,58.0,,58.0,90662.67385600001,96146.288832,96146.28900100001,1657.694637948276,0.015909,90662.67385600001,11892.70381819669,124.12544975,96.20377150877192,134.1804969221799,0.603247412922464,34,64,,False,True,,265,56.69694568066818
37,2026-09-19T05:45:42.103+00:00,2026-09-19T05:47:15.493+00:00,2026-09-19T05:47:17.835+00:00,True,23,23.0,,23.0,93389.65406100001,95731.620141,95731.62023700001,4162.244358130435,0.01651,93389.65406100001,19451.941070896057,907.3619661000001,106.45300363636365,206.77253222065426,0.240254995853241,34,64,,False,True,,103,56.69694568066818
38,2026-09-19T05:45:42.513+00:00,2026-09-19T05:47:17.570+00:00,2026-09-19T05:47:21.084+00:00,True,42,42.0,,42.0,95056.501024,98570.191136,98570.19110899999,2346.9093121190476,0.0,95056.501024,14655.698305949181,122.5307246,85.69975882926829,204.02182782656524,0.42609230555362776,34,64,,False,True,,114,56.69694568066818
39,2026-09-19T05:45:43.212+00:00,2026-09-19T05:47:21.088+00:00,2026-09-19T05:47:27.759+00:00,True,68,68.0,,68.0,97875.502047,104546.748127,104546.748116,1537.4521781764706,48.292856,97875.502047,11857.087228729717,114.0627807,99.57083701492537,18.314986625268237,0.6504267346258901,34,64,,False,True,,242,56.69694568066818
40,2026-09-19T05:45:43.866+00:00,2026-09-19T05:47:24.904+00:00,2026-09-19T05:47:28.434+00:00,True,37,37.0,,37.0,101037.597529,104567.899481,104567.89948600001,2826.1594455675677,49.819702,101037.597529,16594.367616612777,113.84692260000001,98.0639431111111,18.94689494592441,0.3538370779526169,34,64,,False,True,,174,56.69694568066818
41,2026-09-19T05:45:44.540+00:00,2026-09-19T05:47:28.638+00:00,2026-09-19T05:47:37.283+00:00,True,88,88.0,,88.0,104098.464796,112742.871324,112742.871273,1281.1689917386364,44.863474000000004,104098.464796,11086.35222490171,110.62319370000002,99.36099457471265,15.353576459676763,0.7805371547359828,34,64,,True,True,,389,56.69694568066818
42,2026-09-19T05:45:45.033+00:00,2026-09-19T05:47:31.352+00:00,2026-09-19T05:47:35.613+00:00,True,44,44.0,,44.0,106319.32744,110580.41262399999,110580.41266199999,2513.1911968636364,45.762451999999996,106319.32744,16013.311856069131,112.60233945000002,99.09500427906977,17.466903338911163,0.3979004866767009,34,64,,True,True,,146,56.69694568066818
43,2026-09-19T05:45:45.634+00:00,2026-09-19T05:47:34.351+00:00,2026-09-19T05:47:40.219+00:00,True,63,63.0,,63.0,108717.030933,114584.881429,114584.881634,1818.807644984127,43.613077,108717.030933,13685.153084278043,112.9730292,94.64274993548388,22.69564499225853,0.5498107535158254,34,64,,True,True,,273,56.69694568066818
44,2026-09-19T05:45:46.195+00:00,2026-09-19T05:47:37.283+00:00,2026-09-19T05:47:42.607+00:00,True,57,57.0,,57.0,111087.927879,116412.452679,116412.452471,2042.3237275614035,47.35626799999999,111087.927879,14701.378766097476,112.54307279999999,95.0808,22.579280129892858,0.4896383392692009,34,64,,True,True,,220,56.69694568066818
45,2026-09-19T05:45:46.920+00:00,2026-09-19T05:47:41.335+00:00,2026-09-19T05:47:45.526+00:00,True,42,42.0,,42.0,114414.45530500001,118605.39264900002,118605.392743,2823.9379224523814,50.047083,114414.45530500001,17638.765445691246,111.35613865,102.217984,12.448714530246278,0.3541154332189137,34,64,,True,True,,190,56.69694568066818
46,2026-09-19T05:45:47.643+00:00,2026-09-19T05:47:45.218+00:00,2026-09-19T05:47:48.486+00:00,True,33,33.0,,33.0,117575.814182,120843.689254,120843.689258,3661.9299775151517,52.648356,117575.814182,20449.54749227366,111.57669200000001,102.121096,9.988984030525808,0.27308004417704984,34,64,,True,True,,148,56.69694568066818
47,2026-09-19T05:45:48.058+00:00,2026-09-19T05:47:47.381+00:00,2026-09-19T05:47:53.090+00:00,True,58,58.0,,58.0,119322.644106,125031.45050600001,125031.45044100001,2155.714662775862,48.044766,119322.644106,15654.6881515141,111.96895199999999,100.15449824561404,16.28750097601188,0.46388328508767235,34,64,,True,True,,202,56.69694568066818
48,2026-09-19T05:45:48.725+00:00,2026-09-19T05:47:51.124+00:00,2026-09-19T05:47:51.124+00:00,True,1,1.0,,1.0,122399.12134499999,122399.12134499999,122399.12134499999,122399.12134499999,122399.12134499999,122399.12134499999,nan,122399.12134499999,nan,nan,0.008169993289260241,34,64,,True,True,,5,56.69694568066818
49,2026-09-19T05:45:49.251+00:00,2026-09-19T05:47:53.700+00:00,2026-09-19T05:48:01.509+00:00,True,80,80.0,,80.0,124449.07840000001,132258.552192,132258.552208,1653.2319026000002,40.319285,124449.07840000001,13902.787405326619,110.50257549999998,98.8540986329114,16.508806322913372,0.6048758184186369,34,64,,True,True,,420,56.69694568066818
50,2026-09-19T05:45:49.832+00:00,2026-09-19T05:47:56.452+00:00,2026-09-19T05:48:02.331+00:00,True,60,60.0,,60.0,126620.567249,132498.977233,132498.977314,2208.3162885666666,44.211836000000005,126620.567249,16333.790307347066,110.27065845000001,99.63406752542373,16.37487068896102,0.45283368410074404,34,64,,True,True,,304,56.69694568066818
51,2026-09-19T05:45:50.561+00:00,2026-09-19T05:48:00.782+00:00,2026-09-19T05:48:09.045+00:00,True,84,84.0,,84.0,130220.49312,138484.08224,138484.082268,1648.620027,48.598436,130220.49312,14197.367639158434,111.78773915,99.56131469879519,16.9804064105521,0.6065679075983889,34,64,,True,True,,315,56.69694568066818
52,2026-09-19T05:45:51.260+00:00,2026-09-19T05:48:04.118+00:00,2026-09-19T05:48:10.784+00:00,True,67,67.0,,67.0,132857.447426,139523.84461,139523.84480299999,2082.4454448208953,49.630783,132857.447426,16218.788544742103,111.348106,101.00601793939394,16.093454270397167,0.4802046573994561,34,64,,True,True,,275,56.69694568066818
53,2026-09-19T05:45:51.869+00:00,2026-09-19T05:48:07.610+00:00,2026-09-19T05:48:10.789+00:00,True,32,32.0,,32.0,135741.578282,138920.022314,138920.02239,4341.2506996875,50.428681,135741.578282,23977.826483414832,112.25474735,102.53045264516129,13.822102965584287,0.23034836495829675,34,64,,True,True,,142,56.69694568066818
54,2026-09-19T05:45:52.602+00:00,2026-09-19T05:48:11.540+00:00,2026-09-19T05:48:21.551+00:00,True,100,100.0,,100.0,138938.014214,148949.437958,148949.437963,1489.49437963,47.138639000000005,138938.014214,13883.696857708055,111.33913585,101.12549236363635,14.966652968172896,0.6713687635947809,34,64,,True,True,,355,56.69694568066818
55,2026-09-19T05:45:53.219+00:00,2026-09-19T05:48:14.905+00:00,2026-09-19T05:48:15.940+00:00,True,12,12.0,,12.0,141685.906598,142720.85239000001,142720.852556,11893.404379666667,44.369375999999995,141685.906598,40874.04363668782,63818.33938925,94.08598109090909,22.772341788725452,0.08408021532276667,34,64,,True,True,,58,56.69694568066818
56,2026-09-19T05:45:53.661+00:00,2026-09-19T05:48:17.104+00:00,2026-09-19T05:48:26.570+00:00,True,98,98.0,,98.0,143442.32934,152908.200188,152908.20015699998,1560.2877567040816,44.376105,143442.32934,14480.019723673262,112.91175584999999,97.58629740206185,20.262106452490375,0.6409074194811619,34,64,,True,True,,412,56.69694568066818
57,2026-09-19T05:45:54.223+00:00,2026-09-19T05:48:21.035+00:00,2026-09-19T05:48:23.418+00:00,True,25,25.0,,25.0,146811.995019,149194.40858699998,149194.408596,5967.77634384,48.447246,146811.995019,29342.54941670178,111.406991,99.267232,15.373202209507205,0.16756660143480986,34,64,,True,True,,123,56.69694568066818
58,2026-09-19T05:45:54.842+00:00,2026-09-19T05:48:23.833+00:00,2026-09-19T05:48:29.055+00:00,True,56,56.0,,56.0,148990.320279,154212.142743,154212.14260300001,2753.788260767857,47.441618000000005,148990.320279,19896.994950274933,112.89862624999998,94.94222661818182,23.06290383371839,0.36313612536547124,34,64,,True,True,,286,56.69694568066818
59,2026-09-19T05:45:55.566+00:00,2026-09-19T05:48:28.164+00:00,2026-09-19T05:48:31.911+00:00,True,40,40.0,,40.0,152597.977522,156344.499378,156344.499389,3908.612484725,45.381693,152597.977522,24112.67826808781,111.369012,96.06466297435898,20.70296419435939,0.25584526580171196,34,64,,True,True,,183,56.69694568066818
60,2026-09-19T05:45:56.271+00:00,2026-09-19T05:48:32.017+00:00,2026-09-19T05:48:34.525+00:00,True,25,25.0,,25.0,155746.460729,158254.221881,158254.22170000002,6330.168868000001,46.52592,155746.460729,31128.39667251945,113.8857212,104.490048,12.832402405539014,0.1579736685874887,34,64,,True,True,,117,56.69694568066818
61,2026-09-19T05:45:56.822+00:00,2026-09-19T05:48:34.527+00:00,2026-09-19T05:48:36.917+00:00,True,25,25.0,,25.0,157704.96746,160094.60355600002,160094.603615,6403.7841446,49.546924,157704.96746,31521.0854675401,116.0261206,99.56817066666667,19.210778416508386,0.1561576683080087,34,64,,True,True,,119,56.69694568066818
62,2026-09-19T05:45:57.372+00:00,2026-09-19T05:48:37.660+00:00,2026-09-19T05:48:44.355+00:00,True,66,66.0,,66.0,160288.301007,166982.525391,166982.525367,2530.0382631363636,46.83851,160288.301007,19717.45405757362,114.12971375,102.98806744615385,14.228497879720821,0.3952509392552118,34,64,,True,True,,315,56.69694568066818
63,2026-09-19T05:45:57.829+00:00,2026-09-19T05:48:40.249+00:00,2026-09-19T05:48:47.036+00:00,True,69,69.0,,69.0,162420.13157199998,169207.250932,169207.25093299997,2452.2789990289853,42.38562,162420.13157199998,19541.077032764802,114.377821,99.81057882352941,16.322573678291835,0.40778394318178074,34,64,,True,True,,324,56.69694568066818
64,2026-09-19T05:45:58.341+00:00,2026-09-19T05:48:42.591+00:00,2026-09-19T05:48:51.680+00:00,True,93,93.0,,93.0,164250.218784,173339.2008,173339.200941,1863.8623757096773,46.043021,164250.218784,17021.717668305017,110.97217500000001,98.7932827826087,16.365615432407946,0.5365202999136016,34,64,,True,True,,350,56.69694568066818
65,2026-09-19T05:45:58.928+00:00,2026-09-19T05:48:46.242+00:00,2026-09-19T05:48:52.629+00:00,True,65,65.0,,65.0,167313.20522499998,173700.29719299998,173700.297118,2672.312263353846,47.913267,167313.20522499998,20740.27691540459,112.24170399999998,99.798312,16.382459247694655,0.3742077650435906,34,64,,True,True,,265,56.69694568066818
66,2026-09-19T05:45:59.399+00:00,2026-09-19T05:48:48.654+00:00,2026-09-19T05:48:53.530+00:00,True,49,49.0,,49.0,169254.750107,174130.562971,174130.563005,3553.6849592857143,49.696843,169254.750107,24164.742463992225,111.9602928,101.57943466666667,13.689141071452159,0.281398045029927,34,64,,True,True,,195,56.69694568066818
67,2026-09-19T05:46:00.007+00:00,2026-09-19T05:48:51.890+00:00,2026-09-19T05:48:59.919+00:00,True,81,81.0,,81.0,171883.310978,179911.976322,179911.97641099998,2221.1355112469137,45.674843,171883.310978,19087.001774150096,111.592108,100.3583168,16.489991223991,0.4502201668610938,34,64,,True,True,,332,56.69694568066818
68,2026-09-19T05:46:00.699+00:00,2026-09-19T05:48:55.502+00:00,2026-09-19T05:49:00.023+00:00,True,47,47.0,,47.0,174802.821794,179323.866786,179323.866808,3815.4014214468084,45.938961000000006,174802.821794,25483.28282130796,111.05783660000002,98.28358678260871,18.87902497574452,0.2620956197430678,34,64,,True,True,,188,56.69694568066818
69,2026-09-19T05:46:01.164+00:00,2026-09-19T05:48:57.888+00:00,2026-09-19T05:49:02.307+00:00,True,47,47.0,,47.0,176724.01129300002,181142.39542100002,181142.395419,3854.093519553192,43.658487,176724.01129300002,25763.843820886028,111.73718560000002,96.05182886956521,20.54725360736093,0.2594643837560251,34,64,,True,True,,258,56.69694568066818
70,2026-09-19T05:46:01.796+00:00,2026-09-19T05:49:01.210+00:00,2026-09-19T05:49:04.899+00:00,True,38,38.0,,38.0,179414.70678799998,183103.278692,183103.27885099998,4818.50733818421,49.279894,179414.70678799998,29088.741687086065,111.39864754999999,99.69113254054055,17.321904301397968,0.20753314889527572,34,64,,True,True,,135,56.69694568066818
71,2026-09-19T05:46:02.351+00:00,2026-09-19T05:49:05.008+00:00,2026-09-19T05:49:08.203+00:00,True,33,33.0,,33.0,182657.044517,185852.249893,185852.249929,5631.886361484849,47.448879,182657.044517,31779.134457834272,112.751263,99.850168,19.820656128340115,0.17756040090447633,34,64,,True,True,,42,56.69694568066818
72,2026-09-19T05:46:02.975+00:00,2026-09-19T05:49:08.094+00:00,2026-09-19T05:49:15.680+00:00,True,76,76.0,,76.0,185119.52215799998,192705.19358199998,192705.19377199997,2535.594654894737,45.393773,185119.52215799998,21223.07057316376,112.93932975,101.14228565333333,17.197038685333517,0.39438480399678727,34,64,,True,True,,310,56.69694568066818
73,2026-09-19T05:46:03.379+00:00,2026-09-19T05:49:10.346+00:00,2026-09-19T05:49:15.793+00:00,True,55,55.0,,55.0,186967.15815200002,192413.490312,192413.49020800003,3498.4270946909096,45.198843000000004,186967.15815200002,25197.052206456192,114.782098,100.85800296296297,16.703988024947655,0.28584274372247526,34,64,,True,True,,265,56.69694568066818
74,2026-09-19T05:46:04.098+00:00,2026-09-19T05:49:13.970+00:00,2026-09-19T05:49:17.821+00:00,True,39,39.0,,39.0,189871.76162099998,193723.11624499998,193723.116281,4967.259391820512,49.810803,189871.76162099998,30387.59057734167,113.3061929,101.3514374736842,17.925531139240167,0.20131825646804605,34,64,,True,True,,126,56.69694568066818
75,2026-09-19T05:46:04.517+00:00,2026-09-19T05:49:16.544+00:00,2026-09-19T05:49:16.918+00:00,True,5,5.0,,5.0,192027.099232,192400.541536,192400.541593,38480.1083186,52.364577,192027.099232,85835.38063908306,153643.63642380002,93.360576,27.414287084453658,0.025987452842301133,34,64,,True,True,,14,56.69694568066818
76,2026-09-19T05:46:05.096+00:00,2026-09-19T05:49:19.615+00:00,2026-09-19T05:49:27.418+00:00,True,77,77.0,,77.0,194518.585196,202322.2355,202322.235327,2627.561497753247,44.878295,194518.585196,22155.75227886762,111.13866740000002,102.67960926315789,12.722975542000048,0.3805810063817726,34,64,,True,True,,155,56.69694568066818
77,2026-09-19T05:46:05.771+00:00,2026-09-19T05:49:23.744+00:00,2026-09-19T05:49:27.205+00:00,True,34,34.0,,34.0,197973.223344,201433.75915199998,201433.759342,5924.522333588236,53.621934,197973.223344,33934.144946460394,114.45033405,104.86472145454546,9.895907488877501,0.16878997911340138,34,64,,True,True,,169,56.69694568066818
78,2026-09-19T05:46:06.192+00:00,2026-09-19T05:49:25.555+00:00,2026-09-19T05:49:29.696+00:00,True,41,41.0,,41.0,199362.932245,203504.598037,203504.598061,4963.52678197561,51.89951799999999,199362.932245,31119.09105851783,112.473335,103.5416448,12.472356337879784,0.20146964931252132,34,64,,True,True,,183,56.69694568066818
79,2026-09-19T05:46:06.829+00:00,2026-09-19T05:49:29.202+00:00,2026-09-19T05:49:38.781+00:00,True,94,94.0,,94.0,202373.35772799997,211952.59023999996,211952.59012999997,2254.814788617021,45.426742,202373.35772799997,20862.599924998955,113.956451,103.00250012903226,15.556825243422704,0.4434954057110655,34,64,,True,True,,380,56.69694568066818
80,2026-09-19T05:46:07.509+00:00,2026-09-19T05:49:33.527+00:00,2026-09-19T05:49:38.063+00:00,True,45,45.0,,45.0,206017.890869,210554.652725,210554.652803,4678.992284511111,50.583991000000005,206017.890869,30695.96686027158,115.1527632,103.108224,14.663478374552502,0.21372123302719576,34,64,,True,True,,199,56.69694568066818
81,2026-09-19T05:46:08.162+00:00,2026-09-19T05:49:37.491+00:00,2026-09-19T05:49:37.753+00:00,True,4,4.0,,4.0,209328.778093,209590.592109,209590.592087,52397.64802175,55.178091,209328.778093,104620.75584435585,177945.08676565002,87.27133866666667,27.80669167233566,0.01908482608761253,34,64,,True,True,,22,56.69694568066818
82,2026-09-19T05:46:08.671+00:00,2026-09-19T05:49:39.898+00:00,2026-09-19T05:49:40.526+00:00,True,8,8.0,,8.0,211226.80542699998,211854.814387,211854.8143,26481.8517875,50.666153,211226.80542699998,74648.23771107964,137335.9378625,89.71556571428572,25.40762004494986,0.03776170970269393,34,64,,True,True,,35,56.69694568066818
83,2026-09-19T05:46:09.232+00:00,2026-09-19T05:49:43.203+00:00,2026-09-19T05:49:46.101+00:00,True,31,31.0,,31.0,213970.938433,216869.119809,216869.119789,6995.778057709677,46.809892,213970.938433,38412.96977802751,112.760841,96.60604586666666,21.309598332147925,0.14294335693021756,34,64,,True,True,,93,56.69694568066818
84,2026-09-19T05:46:09.670+00:00,2026-09-19T05:49:45.210+00:00,2026-09-19T05:49:52.735+00:00,True,79,79.0,,79.0,215539.321542,223065.026502,223065.02668399998,2823.6079327088605,46.453152,215539.321542,24239.220792798948,112.35429289999998,96.48339692307692,19.495114292585367,0.3541568180312286,34,64,,True,True,,352,56.69694568066818
85,2026-09-19T05:46:10.257+00:00,2026-09-19T05:49:48.269+00:00,2026-09-19T05:49:49.975+00:00,True,19,19.0,,19.0,218011.792865,219718.193377,219718.193226,11564.115432947368,46.512553999999994,218011.792865,49993.59154415245,21901.8327593,94.80002844444445,22.324939589361318,0.08647440481817158,34,64,,True,True,,54,56.69694568066818
86,2026-09-19T05:46:10.902+00:00,2026-09-19T05:49:51.510+00:00,2026-09-19T05:49:58.232+00:00,True,68,68.0,,68.0,220607.989016,227329.939992,227329.93997,3343.0873525,48.204139000000005,220607.989016,26740.485722037763,110.7571487,100.32762650746268,14.702955476909462,0.29912469955516197,34,64,,True,True,,272,56.69694568066818
87,2026-09-19T05:46:11.349+00:00,2026-09-19T05:49:54.166+00:00,2026-09-19T05:49:59.027+00:00,True,50,50.0,,50.0,222816.587973,227677.138373,227677.13838199998,4553.5427676399995,46.630993000000004,222816.587973,31497.00121335965,115.21092915000001,99.19490612244898,18.683436791355692,0.21960922540270936,34,64,,True,True,,185,56.69694568066818
88,2026-09-19T05:46:12.094+00:00,2026-09-19T05:49:57.813+00:00,2026-09-19T05:50:02.597+00:00,True,50,50.0,,50.0,225719.15445899998,230502.988571,230502.98848499998,4610.059769699999,46.964054,225719.15445899998,31907.708903528277,112.42719645000001,97.62926759183674,21.06945267093654,0.21691692723801234,34,64,,True,True,,198,56.69694568066818
89,2026-09-19T05:46:12.771+00:00,2026-09-19T05:50:02.064+00:00,2026-09-19T05:50:02.113+00:00,True,2,2.0,,2.0,229293.108199,229342.137575,229342.13759700002,114671.06879850001,49.029398,229293.108199,162100.04266705038,217830.90425895003,49.029376,nan,0.008720595443765564,34,64,,True,True,,8,56.69694568066818
90,2026-09-19T05:46:13.212+00:00,2026-09-19T05:50:04.316+00:00,2026-09-19T05:50:08.832+00:00,True,49,49.0,,49.0,231104.135122,235619.734994,235619.73493500001,4808.5660190816325,49.295415999999996,231104.135122,33001.44344714638,111.86205399999999,94.07499733333333,20.584986192552094,0.20796220656664338,34,64,,True,True,,217,56.69694568066818
91,2026-09-19T05:46:13.865+00:00,2026-09-19T05:50:08.526+00:00,2026-09-19T05:50:11.186+00:00,True,29,29.0,,29.0,234660.801849,237321.08754500002,237321.087704,8183.485782896552,46.975461,234660.801849,43557.777795734,109.5710698,95.01020342857143,18.509789152052864,0.12219731630254357,34,64,,True,True,,86,56.69694568066818
92,2026-09-19T05:46:14.446+00:00,2026-09-19T05:50:11.720+00:00,2026-09-19T05:50:18.408+00:00,True,67,67.0,,67.0,237273.67927000002,243961.742246,243961.742311,3641.2200344925377,46.302294,237273.67927000002,28975.218915848418,115.14622190000001,101.33428751515152,17.68089754758384,0.2746332247965348,34,64,,True,True,,237,56.69694568066818
93,2026-09-19T05:46:14.880+00:00,2026-09-19T05:50:13.985+00:00,2026-09-19T05:50:21.580+00:00,True,79,79.0,,79.0,239105.10506600002,246699.87114600002,246699.87095900002,3122.7831766962026,44.149688999999995,239105.10506600002,26890.4794965202,115.53559379999999,97.3687958974359,21.22057277012484,0.3202271636098538,34,64,,True,True,,269,56.69694568066818
94,2026-09-19T05:46:15.524+00:00,2026-09-19T05:50:17.713+00:00,2026-09-19T05:50:22.185+00:00,True,47,47.0,,47.0,242189.173781,246660.51074099998,246660.51080599998,5248.095974595744,45.949035,242189.173781,35312.748645566084,112.69996789999999,97.20297739130434,19.713226609707966,0.1905452958757198,34,64,,True,True,,221,56.69694568066818
95,2026-09-19T05:46:16.019+00:00,2026-09-19T05:50:20.250+00:00,2026-09-19T05:50:29.044+00:00,True,92,92.0,,92.0,244231.00773399998,253024.72984599997,253024.729937,2750.2688036630434,47.424421,244231.00773399998,25452.773957569872,108.11390915,96.63430892307693,17.638828763498854,0.3636008229551101,34,64,,True,True,,338,56.69694568066818
96,2026-09-19T05:46:16.475+00:00,2026-09-19T05:50:22.285+00:00,2026-09-19T05:50:24.340+00:00,True,22,22.0,,22.0,245810.257629,247865.658589,247865.658487,11266.620840318183,55.005194,245810.257629,52386.057678931065,117.20065665,97.87623619047619,14.637136170923846,0.08875775742891208,34,64,,True,True,,104,56.69694568066818
97,2026-09-19T05:46:17.099+00:00,2026-09-19T05:50:25.654+00:00,2026-09-19T05:50:30.197+00:00,True,47,47.0,,47.0,248555.044418,253098.389314,253098.389306,5385.0721128936175,43.728599,248555.044418,36241.076859938476,110.7311113,98.76836730434783,17.779002467525334,0.18569853457933572,34,64,,True,True,,181,56.69694568066818
98,2026-09-19T05:46:17.721+00:00,2026-09-19T05:50:29.355+00:00,2026-09-19T05:50:30.918+00:00,True,16,16.0,,16.0,251634.545523,253197.213043,253197.213265,15824.8258290625,96.093859,251634.545523,62882.59208311969,62992.78008975001,104.17783466666667,4.711479892776589,0.06319184878738278,34,64,,True,True,,61,56.69694568066818
99,2026-09-19T05:46:18.164+00:00,2026-09-19T05:50:31.551+00:00,2026-09-19T05:50:31.654+00:00,True,2,2.0,,2.0,253387.03848,253489.240592,253489.240674,126744.620337,102.202194,253387.03848,179099.4253095551,240722.7966657,102.202112,nan,0.007889881224659438,34,64,,True,True,,4,56.69694568066818
100,2026-09-19T05:46:18.817+00:00,2026-09-19T05:50:34.540+00:00,2026-09-19T05:50:41.034+00:00,True,66,66.0,,66.0,255723.67015700002,262217.029517,262217.02962600003,3972.9852973636366,46.571913,255723.67015700002,31465.116890455243,114.60436575000001,99.8978363076923,18.962417203974553,0.25169989958917255,34,64,,True,True,,279,56.69694568066818
101,2026-09-19T05:46:19.511+00:00,2026-09-19T05:50:38.406+00:00,2026-09-19T05:50:42.517+00:00,True,42,42.0,,42.0,258895.104324,263005.54989200004,263005.54989,6262.036902142858,48.212099,258895.104324,39932.91662880981,112.84350005,100.25476995121952,18.95649378974032,0.15969244762038967,34,64,,True,True,,146,56.69694568066818
102,2026-09-19T05:46:20.123+00:00,2026-09-19T05:50:41.780+00:00,2026-09-19T05:50:44.976+00:00,True,33,33.0,,33.0,261657.19522999998,264852.94127799995,264852.941299,8025.846706030303,49.412326,261657.19522999998,45531.289495291254,114.5352422,99.867064,16.53973675966973,0.12459744581564573,34,64,,True,True,,96,56.69694568066818
103,2026-09-19T05:46:20.829+00:00,2026-09-19T05:50:45.385+00:00,2026-09-19T05:50:47.865+00:00,True,27,27.0,,27.0,264556.16128400003,267035.43706,267035.43709500006,9890.20137388889,49.006888,264556.16128400003,50895.509139152855,109.9286293,95.3567606153846,19.46448594174579,0.10111017585255318,34,64,,True,True,,88,56.69694568066818
104,2026-09-19T05:46:21.537+00:00,2026-09-19T05:50:49.787+00:00,2026-09-19T05:50:58.335+00:00,True,88,88.0,,88.0,268249.953552,276797.533968,276797.534048,3145.426523272727,44.838957,268249.953552,28585.07283195915,110.74142585,98.24805075862069,16.970471124796532,0.317921907534673,34,64,,True,True,,366,56.69694568066818
105,2026-09-19T05:46:22.769+00:00,2026-09-19T05:50:55.229+00:00,2026-09-19T05:51:04.478+00:00,True,93,93.0,,93.0,272459.521955,281708.478883,281708.478941,3029.1234294731184,44.978356,272459.521955,28242.31623549147,113.14881,100.53214052173912,16.25896923743664,0.3301285086226497,34,64,,True,True,,396,56.69694568066818
106,2026-09-19T05:46:22.845+00:00,2026-09-19T05:50:55.331+00:00,2026-09-19T05:51:01.970+00:00,True,68,68.0,,68.0,272485.633217,279124.521153,279124.521203,4104.772370632353,45.260897,272485.633217,33031.7250709692,111.51050835,99.08787964179105,17.484868586090325,0.24361886845020797,34,64,,True,True,,285,56.69694568066818
107,2026-09-19T05:46:23.548+00:00,2026-09-19T05:51:00.299+00:00,2026-09-19T05:51:01.553+00:00,True,14,14.0,,14.0,276750.28451599996,278004.20195599995,278004.20200899994,19857.443000642856,43.885369,276750.28451599996,73938.8490841859,96935.21891569998,96.45518769230769,22.210016454750406,0.05035895105720666,34,64,,True,True,,39,56.69694568066818
108,2026-09-19T05:46:24.133+00:00,2026-09-19T05:51:03.623+00:00,2026-09-19T05:51:09.114+00:00,True,59,59.0,,59.0,279489.8897,284981.250212,284981.250238,4830.190682,47.004742,279489.8897,36374.16490126845,111.89510890000001,94.67862951724138,22.168328999125702,0.20703116417697445,34,64,,True,True,,204,56.69694568066818
109,2026-09-19T05:46:24.556+00:00,2026-09-19T05:51:05.324+00:00,2026-09-19T05:51:10.989+00:00,True,61,61.0,,61.0,280768.038991,286433.46823899995,286433.46812,4695.6306249180325,45.055847,280768.038991,35936.58067350991,111.561224,94.4238208,22.141606289705738,0.21296394019536022,34,64,,True,True,,250,56.69694568066818
110,2026-09-19T05:46:24.992+00:00,2026-09-19T05:51:08.021+00:00,2026-09-19T05:51:14.995+00:00,True,72,72.0,,72.0,283029.107708,290003.374076,290003.374024,4027.8246392222222,41.419745000000006,283029.107708,33343.7286103344,112.0975565,98.2291037746479,18.0166114203488,0.24827297347627153,34,64,,True,True,,353,56.69694568066818
111,2026-09-19T05:46:25.580+00:00,2026-09-19T05:51:11.409+00:00,2026-09-19T05:51:16.256+00:00,True,50,50.0,,50.0,285829.225982,290676.267006,290676.26695,5813.525339,45.371815000000005,285829.225982,40408.37131874537,114.1589098,98.91920457142857,17.74325372006837,0.17201266727072673,34,64,,True,True,,250,56.69694568066818
112,2026-09-19T05:46:26.001+00:00,2026-09-19T05:51:13.647+00:00,2026-09-19T05:51:18.527+00:00,True,50,50.0,,50.0,287645.894564,292525.669284,292525.66942600004,5850.51338852,48.0335,287645.894564,40665.19240033341,111.8236454,99.58723918367347,17.379031607147446,0.1709251708487068,34,64,,True,True,,256,56.69694568066818
113,2026-09-19T05:46:26.502+00:00,2026-09-19T05:51:16.256+00:00,2026-09-19T05:51:23.242+00:00,True,71,71.0,,71.0,289754.79899,296740.33678199997,296740.33687,4179.4413643661965,43.429771,289754.79899,34375.72980531455,115.2292555,99.79339702857143,18.71426860923217,0.23926642656660488,34,64,,True,True,,269,56.69694568066818
114,2026-09-19T05:46:27.047+00:00,2026-09-19T05:51:18.955+00:00,2026-09-19T05:51:20.563+00:00,True,17,17.0,,17.0,291908.10033600003,293515.70584,293515.705957,17265.62976217647,48.837447999999995,291908.10033600003,70773.74612397475,58472.70324960001,100.475344,14.58003496919051,0.05791853608429037,34,64,,True,True,,77,56.69694568066818
115,2026-09-19T05:46:27.690+00:00,2026-09-19T05:51:22.854+00:00,2026-09-19T05:51:27.779+00:00,False,51,50.0,,50.0,295164.247278,300088.975086,300088.975027,5884.097549549019,0.040600000000000004,295164.247278,41317.47602300447,113.507025,98.49455616,23.087286281671457,0.1666172507192939,34,64,,True,False,Request timeout: 300.0s exceeded,251,56.69694568066818
116,2026-09-19T05:46:28.379+00:00,2026-09-19T05:51:26.829+00:00,2026-09-19T05:51:28.405+00:00,False,18,17.0,,17.0,298449.540524,300025.983404,300025.983297,16668.110183166667,0.04764,298449.540524,70323.38039530603,44861.521179200005,92.73193411764706,30.450410357127147,0.056661759115405184,34,64,,True,False,Request timeout: 300.0s exceeded,84,56.69694568066818
117,2026-09-19T05:46:29.026+00:00,2026-09-19T05:51:29.171+00:00,2026-09-19T05:51:29.600+00:00,False,6,5.0,,5.0,300144.708658,300574.61867399997,300574.618662,50095.769777,0.048530000000000004,300144.708658,122498.46975176355,225136.25352499998,85.98200320000001,48.101394913403695,0.016634804435776217,34,64,,True,False,Request timeout: 300.0s exceeded,16,56.69694568066818
118,2026-09-19T05:46:29.478+00:00,2026-09-19T05:51:29.643+00:00,2026-09-19T05:51:29.643+00:00,False,1,0.0,,0.0,300164.460625,300164.460625,300164.460625,300164.460625,300164.460625,300164.460625,nan,300164.460625,nan,nan,0.0,34,64,,True,False,"HTTPConnectionPool(host='gpu03', port=9002): Read timed out.",0,56.69694568066818
119,2026-09-19T05:46:29.974+00:00,2026-09-19T05:51:30.076+00:00,2026-09-19T05:51:30.076+00:00,False,1,0.0,,0.0,300101.679995,300101.679995,300101.679995,300101.679995,300101.679995,300101.679995,nan,300101.679995,nan,nan,0.0,34,64,,True,False,TTFT timeout: 300.0s exceeded (TTFT: 300.090s),0,56.69694568066818
120,2026-09-19T05:46:30.533+00:00,2026-09-19T05:51:30.639+00:00,2026-09-19T05:51:30.639+00:00,False,1,0.0,,0.0,300106.520013,300106.520013,300106.520013,300106.520013,300106.520013,300106.520013,nan,300106.520013,nan,nan,0.0,34,64,,True,False,"HTTPConnectionPool(host='gpu03', port=9002): Read timed out.",0,56.69694568066818
121,2026-09-19T05:46:31.045+00:00,2026-09-19T05:51:30.987+00:00,2026-09-19T05:51:31.097+00:00,False,3,2.0,,2.0,299941.767687,300051.810055,300051.80999499996,100017.26999833333,0.04207,299941.767687,173139.70256630608,269958.5909421,55.021184,77.75233028842287,0.006665515530912466,34,64,,True,False,Request timeout: 300.0s exceeded,10,56.69694568066818
122,2026-09-19T05:46:31.770+00:00,2026-09-19T05:51:31.740+00:00,2026-09-19T05:51:31.841+00:00,False,3,2.0,,2.0,299969.504741,300070.822117,300070.822008,100023.607336,0.037659,299969.504741,173158.23393445995,269982.6822277,50.658688,71.58898393684794,0.006665093213295441,34,64,,True,False,Request timeout: 300.0s exceeded,10,56.69694568066818
123,2026-09-19T05:46:32.417+00:00,2026-09-19T05:51:32.432+00:00,2026-09-19T05:51:32.432+00:00,False,1,0.0,,0.0,300014.60571,300014.60571,300014.60571,300014.60571,300014.60571,300014.60571,nan,300014.60571,nan,nan,0.0,34,64,,True,False,"HTTPConnectionPool(host='gpu03', port=9002): Read timed out.",0,56.69694568066818
124,2026-09-19T05:46:32.939+00:00,2026-09-19T05:51:32.913+00:00,2026-09-19T05:51:33.023+00:00,False,3,2.0,,2.0,299974.271089,300084.444017,300084.444017,100028.14800566666,0.045759999999999995,299974.271089,173158.43072608594,269987.85669690004,55.086464,77.83921956969508,0.0066647906610137345,34,64,,True,False,Request timeout: 300.0s exceeded,3,56.69694568066818
125,2026-09-19T05:46:33.499+00:00,2026-09-19T05:51:33.607+00:00,2026-09-19T05:51:33.607+00:00,False,1,0.0,,0.0,300107.98948000005,300107.98948000005,300107.98948000005,300107.98948000005,300107.98948000005,300107.98948000005,nan,300107.98948000005,nan,nan,0.0,34,64,,True,False,"HTTPConnectionPool(host='gpu03', port=9002): Read timed out.",0,56.69694568066818
126,2026-09-19T05:46:34.151+00:00,2026-09-19T05:51:34.139+00:00,2026-09-19T05:51:34.278+00:00,False,3,2.0,,2.0,299988.762837,300127.168469,300127.168589,100042.38952966667,0.036340000000000004,299988.762837,173158.65249266734,270003.72349450004,69.202816,97.81615145019045,0.00666384189809387,34,64,,True,False,Request timeout: 300.0s exceeded,5,56.69694568066818
127,2026-09-19T05:46:34.829+00:00,2026-09-19T05:51:34.657+00:00,2026-09-19T05:51:34.853+00:00,False,4,3.0,,3.0,299827.522502,300023.31130199996,300023.31137199997,75005.82784299999,0.02631,299827.522502,149881.13697618945,254869.10632219995,65.26293333333334,56.91227230221353,0.009999223016974954,34,64,,True,False,Request timeout: 300.0s exceeded,18,56.69694568066818
128,2026-09-19T05:46:35.469+00:00,2026-09-19T05:51:35.576+00:00,2026-09-19T05:51:35.576+00:00,False,1,0.0,,0.0,300107.4959,300107.4959,300107.4959,300107.4959,300107.4959,300107.4959,nan,300107.4959,nan,nan,0.0,34,64,,True,False,"HTTPConnectionPool(host='gpu03', port=9002): Read timed out.",0,56.69694568066818
129,2026-09-19T05:46:36.125+00:00,2026-09-19T05:51:36.014+00:00,2026-09-19T05:51:36.152+00:00,False,3,2.0,,2.0,299889.147504,300027.77048,300027.770566,100009.25685533333,0.042140000000000004,299889.147504,173101.0768670742,269914.0908458,69.311488,97.96187201565735,0.006666049602009495,34,64,,True,False,Request timeout: 300.0s exceeded,9,56.69694568066818
130,2026-09-19T05:46:36.570+00:00,2026-09-19T05:51:36.676+00:00,2026-09-19T05:51:36.676+00:00,False,1,0.0,,0.0,300105.450191,300105.450191,300105.450191,300105.450191,300105.450191,300105.450191,nan,300105.450191,nan,nan,0.0,34,64,,True,False,"HTTPConnectionPool(host='gpu03', port=9002): Read timed out.",0,56.69694568066818
131,2026-09-19T05:46:36.985+00:00,2026-09-19T05:51:37.012+00:00,2026-09-19T05:51:37.012+00:00,False,1,0.0,,0.0,300027.207162,300027.207162,300027.207162,300027.207162,300027.207162,300027.207162,nan,300027.207162,nan,nan,0.0,34,64,,True,False,"HTTPConnectionPool(host='gpu03', port=9002): Read timed out.",0,56.69694568066818
132,2026-09-19T05:46:37.766+00:00,2026-09-19T05:51:37.681+00:00,2026-09-19T05:51:37.998+00:00,False,5,4.0,,4.0,299915.148957,300232.378013,300232.37789,60046.475578,0.03778,299915.148957,134090.67265640618,239953.750062,79.307264,52.877283119968354,0.013323013415384534,34,64,,True,False,Request timeout: 300.0s exceeded,9,56.69694568066818
133,2026-09-19T05:46:38.075+00:00,2026-09-19T05:51:38.166+00:00,2026-09-19T05:51:38.166+00:00,False,1,0.0,,0.0,300091.57060000004,300091.57060000004,300091.57060000004,300091.57060000004,300091.57060000004,300091.57060000004,nan,300091.57060000004,nan,nan,0.0,34,64,,True,False,"HTTPConnectionPool(host='gpu03', port=9002): Read timed out.",0,56.69694568066818
134,2026-09-19T05:46:38.483+00:00,2026-09-19T05:51:38.542+00:00,2026-09-19T05:51:38.542+00:00,False,1,0.0,,0.0,300059.045834,300059.045834,300059.045834,300059.045834,300059.045834,300059.045834,nan,300059.045834,nan,nan,0.0,34,64,,True,False,"HTTPConnectionPool(host='gpu03', port=9002): Read timed out.",0,56.69694568066818
135,2026-09-19T05:46:39.101+00:00,2026-09-19T05:51:39.355+00:00,2026-09-19T05:51:39.578+00:00,False,6,5.0,,5.0,300253.17877999996,300476.33321199997,300476.33304799994,50079.388841333326,0.03907,300253.17877999996,122559.62882286716,225207.99701599998,44.6308864,26.829369698134556,0.016640245661119234,34,64,,True,False,Request timeout: 300.0s exceeded,15,56.69694568066818
136,2026-09-19T05:46:39.552+00:00,2026-09-19T05:51:39.692+00:00,2026-09-19T05:51:39.692+00:00,False,1,0.0,,0.0,300139.885273,300139.885273,300139.885273,300139.885273,300139.885273,300139.885273,nan,300139.885273,nan,nan,0.0,34,64,,True,False,"HTTPConnectionPool(host='gpu03', port=9002): Read timed out.",0,56.69694568066818
137,2026-09-19T05:46:40.249+00:00,2026-09-19T05:51:40.333+00:00,2026-09-19T05:51:40.333+00:00,False,1,0.0,,0.0,300084.903714,300084.903714,300084.903714,300084.903714,300084.903714,300084.903714,nan,300084.903714,nan,nan,0.0,34,64,,True,False,"HTTPConnectionPool(host='gpu03', port=9002): Read timed out.",0,56.69694568066818
138,2026-09-19T05:46:40.837+00:00,2026-09-19T05:51:40.887+00:00,2026-09-19T05:51:40.887+00:00,False,1,0.0,,0.0,300049.919385,300049.919385,300049.919385,300049.919385,300049.919385,300049.919385,nan,300049.919385,nan,nan,0.0,34,64,,True,False,"HTTPConnectionPool(host='gpu03', port=9002): Read timed out.",0,56.69694568066818
139,2026-09-19T05:46:41.435+00:00,2026-09-19T05:51:41.083+00:00,2026-09-19T05:51:41.519+00:00,False,7,6.0,,6.0,299647.951767,300083.923863,300083.923797,42869.131971,0.02146,299647.951767,113228.82259016484,209784.3142134,72.662016,40.60981337087541,0.019994406640521115,34,64,,True,False,Request timeout: 300.0s exceeded,13,56.69694568066818
140,2026-09-19T05:46:41.916+00:00,2026-09-19T05:51:41.955+00:00,2026-09-19T05:51:41.955+00:00,False,1,0.0,,0.0,300038.166386,300038.166386,300038.166386,300038.166386,300038.166386,300038.166386,nan,300038.166386,nan,nan,0.0,34,64,,True,False,"HTTPConnectionPool(host='gpu03', port=9002): Read timed out.",0,56.69694568066818
141,2026-09-19T05:46:42.447+00:00,2026-09-19T05:51:42.536+00:00,2026-09-19T05:51:42.536+00:00,False,1,0.0,,0.0,300089.147236,300089.147236,300089.147236,300089.147236,300089.147236,300089.147236,nan,300089.147236,nan,nan,0.0,34,64,,True,False,TTFT timeout: 300.0s exceeded (TTFT: 300.084s),0,56.69694568066818
142,2026-09-19T05:46:43.103+00:00,2026-09-19T05:51:42.923+00:00,2026-09-19T05:51:43.139+00:00,False,4,3.0,,3.0,299819.510288,300036.069648,300036.06955099996,75009.01738774999,0.03853,299819.510288,149873.67066033647,254863.4899256,72.18645333333333,62.63991255221346,0.009998797822940345,34,64,,True,False,Request timeout: 300.0s exceeded,14,56.69694568066818
143,2026-09-19T05:46:43.569+00:00,2026-09-19T05:51:43.643+00:00,2026-09-19T05:51:43.643+00:00,False,1,0.0,,0.0,300073.624749,300073.624749,300073.624749,300073.624749,300073.624749,300073.624749,nan,300073.624749,nan,nan,0.0,34,64,,True,False,"HTTPConnectionPool(host='gpu03', port=9002): Read timed out.",0,56.69694568066818
144,2026-09-19T05:46:44.015+00:00,2026-09-19T05:51:44.055+00:00,2026-09-19T05:51:44.055+00:00,False,1,0.0,,0.0,300039.55187,300039.55187,300039.55187,300039.55187,300039.55187,300039.55187,nan,300039.55187,nan,nan,0.0,34,64,,True,False,"HTTPConnectionPool(host='gpu03', port=9002): Read timed out.",0,56.69694568066818
145,2026-09-19T05:46:44.429+00:00,2026-09-19T05:51:44.350+00:00,2026-09-19T05:51:44.480+00:00,False,3,2.0,,2.0,299920.74289399997,300050.90634999995,300050.90626499994,100016.968755,0.03753,299920.74289399997,173121.7589357398,269941.68118869996,65.081728,91.98624271549758,0.006665535606371616,34,64,,True,False,Request timeout: 300.0s exceeded,5,56.69694568066818
146,2026-09-19T05:46:45.004+00:00,2026-09-19T05:51:44.738+00:00,2026-09-19T05:51:45.098+00:00,False,6,5.0,,5.0,299734.065672,300094.668808,300094.668914,50015.77815233333,0.07715000000000001,299734.065672,122336.48391922416,224827.14384775,72.1206272,46.75060496120771,0.01666140894758444,34,64,,True,False,Request timeout: 300.0s exceeded,18,56.69694568066818
147,2026-09-19T05:46:45.608+00:00,2026-09-19T05:51:45.678+00:00,2026-09-19T05:51:45.678+00:00,False,1,0.0,,0.0,300069.159993,300069.159993,300069.159993,300069.159993,300069.159993,300069.159993,nan,300069.159993,nan,nan,0.0,34,64,,True,False,"HTTPConnectionPool(host='gpu03', port=9002): Read timed out.",0,56.69694568066818
148,2026-09-19T05:46:46.268+00:00,2026-09-19T05:51:46.169+00:00,2026-09-19T05:51:46.284+00:00,False,3,2.0,,2.0,299901.63539099996,300016.45523099997,300016.455217,100005.48507233332,0.051039,299901.63539099996,173115.15379714064,269922.94873059995,57.40992,81.11747974436089,0.006666301014922948,34,64,,True,False,Request timeout: 300.0s exceeded,4,56.69694568066818
149,2026-09-19T05:46:46.879+00:00,2026-09-19T05:51:46.991+00:00,2026-09-19T05:51:46.991+00:00,False,1,0.0,,0.0,300111.618071,300111.618071,300111.618071,300111.618071,300111.618071,300111.618071,nan,300111.618071,nan,nan,0.0,34,64,,True,False,"HTTPConnectionPool(host='gpu03', port=9002): Read timed out.",0,56.69694568066818
150,2026-09-19T05:46:47.394+00:00,2026-09-19T05:51:47.498+00:00,2026-09-19T05:51:47.498+00:00,False,1,0.0,,0.0,300104.104204,300104.104204,300104.104204,300104.104204,300104.104204,300104.104204,nan,300104.104204,nan,nan,0.0,34,64,,True,False,"HTTPConnectionPool(host='gpu03', port=9002): Read timed out.",0,56.69694568066818
151,2026-09-19T05:46:47.904+00:00,2026-09-19T05:51:47.825+00:00,2026-09-19T05:51:47.931+00:00,False,3,2.0,,2.0,299920.646301,300027.121053,300027.12105699995,100009.04035233332,0.03571,299920.646301,173128.5374372137,269939.2255755,53.237376,75.23869578895243,0.006666064031080373,34,64,,True,False,Request timeout: 300.0s exceeded,7,56.69694568066818
152,2026-09-19T05:46:48.642+00:00,2026-09-19T05:51:48.746+00:00,2026-09-19T05:51:48.746+00:00,False,1,0.0,,0.0,300103.881527,300103.881527,300103.881527,300103.881527,300103.881527,300103.881527,nan,300103.881527,nan,nan,0.0,34,64,,True,False,"HTTPConnectionPool(host='gpu03', port=9002): Read timed out.",0,56.69694568066818
153,2026-09-19T05:46:49.312+00:00,2026-09-19T05:51:49.392+00:00,2026-09-19T05:51:49.392+00:00,False,1,0.0,,0.0,300080.241105,300080.241105,300080.241105,300080.241105,300080.241105,300080.241105,nan,300080.241105,nan,nan,0.0,34,64,,True,False,"HTTPConnectionPool(host='gpu03', port=9002): Read timed out.",0,56.69694568066818
154,2026-09-19T05:46:49.869+00:00,2026-09-19T05:51:49.653+00:00,2026-09-19T05:51:49.911+00:00,False,5,4.0,,4.0,299783.832792,300042.04130399995,300042.041177,60008.40823539999,0.03975,299783.832792,134038.54453087796,239849.9677052,64.552128,51.3263145250915,0.013331465092744237,34,64,,True,False,Request timeout: 300.0s exceeded,22,56.69694568066818
155,2026-09-19T05:46:50.435+00:00,2026-09-19T05:51:50.753+00:00,2026-09-19T05:51:51.464+00:00,False,8,7.0,,7.0,300318.817463,301029.266359,301029.26638700004,37628.658298375005,0.041299999999999996,300318.817463,106142.86239998451,195259.51134514998,101.49269942857143,48.035020387221515,0.023253553000564316,34,64,,True,False,Request timeout: 300.0s exceeded,27,56.69694568066818
156,2026-09-19T05:46:51.083+00:00,2026-09-19T05:51:51.253+00:00,2026-09-19T05:51:51.464+00:00,True,3,3.0,,3.0,300169.587678,300381.037534,300381.037458,100127.01248599999,95.59959500000001,300169.587678,173241.9522506221,270164.2139287,105.724928,14.319353553659047,0.009987314860580809,34,64,,True,True,,9,56.69694568066818
157,2026-09-19T05:46:51.740+00:00,2026-09-19T05:51:51.819+00:00,2026-09-19T05:51:51.819+00:00,False,1,0.0,,0.0,300079.52812699997,300079.52812699997,300079.52812699997,300079.52812699997,300079.52812699997,300079.52812699997,nan,300079.52812699997,nan,nan,0.0,34,64,,True,False,"HTTPConnectionPool(host='gpu03', port=9002): Read timed out.",0,56.69694568066818
158,2026-09-19T05:46:52.143+00:00,2026-09-19T05:51:52.206+00:00,2026-09-19T05:51:52.206+00:00,False,1,0.0,,0.0,300062.823142,300062.823142,300062.823142,300062.823142,300062.823142,300062.823142,nan,300062.823142,nan,nan,0.0,34,64,,True,False,"HTTPConnectionPool(host='gpu03', port=9002): Read timed out.",0,56.69694568066818
159,2026-09-19T05:46:52.657+00:00,2026-09-19T05:51:52.746+00:00,2026-09-19T05:51:52.746+00:00,False,1,0.0,,0.0,300088.34686299996,300088.34686299996,300088.34686299996,300088.34686299996,300088.34686299996,300088.34686299996,nan,300088.34686299996,nan,nan,0.0,34,64,,True,False,"HTTPConnectionPool(host='gpu03', port=9002): Read timed out.",0,56.69694568066818
160,2026-09-19T05:46:53.257+00:00,2026-09-19T05:51:52.991+00:00,2026-09-19T05:51:53.266+00:00,False,5,4.0,,4.0,299734.093477,300009.34902900003,300009.34902,60001.869804,0.040619999999999996,299734.093477,134014.39330341265,239807.2240246,68.813888,46.96064421334478,0.01333291783388172,34,64,,True,False,Request timeout: 300.0s exceeded,14,56.69694568066818
161,2026-09-19T05:46:53.807+00:00,2026-09-19T05:51:53.925+00:00,2026-09-19T05:51:53.925+00:00,False,1,0.0,,0.0,300117.979532,300117.979532,300117.979532,300117.979532,300117.979532,300117.979532,nan,300117.979532,nan,nan,0.0,34,64,,True,False,"HTTPConnectionPool(host='gpu03', port=9002): Read timed out.",0,56.69694568066818
162,2026-09-19T05:46:54.258+00:00,2026-09-19T05:51:54.333+00:00,2026-09-19T05:51:54.333+00:00,False,1,0.0,,0.0,300075.366907,300075.366907,300075.366907,300075.366907,300075.366907,300075.366907,nan,300075.366907,nan,nan,0.0,34,64,,True,False,"HTTPConnectionPool(host='gpu03', port=9002): Read timed out.",0,56.69694568066818
163,2026-09-19T05:46:54.717+00:00,2026-09-19T05:51:54.644+00:00,2026-09-19T05:51:54.780+00:00,False,3,2.0,,2.0,299927.111341,300063.179693,300063.179856,100021.05995200001,0.04185,299927.111341,173123.73222474038,269948.0028734,68.034176,96.15584210054742,0.006665262969106159,34,64,,True,False,Request timeout: 300.0s exceeded,8,56.69694568066818
164,2026-09-19T05:46:55.647+00:00,2026-09-19T05:51:55.015+00:00,2026-09-19T05:51:55.928+00:00,False,11,10.0,,10.0,299367.603982,300280.85147,300280.851569,27298.259233545454,0.04308,299367.603982,90235.20047924778,149744.7703465,91.3247488,37.8128008772282,0.033302156801027535,34,64,,True,False,Request timeout: 300.0s exceeded,40,56.69694568066818
165,2026-09-19T05:46:56.063+00:00,2026-09-19T05:51:56.106+00:00,2026-09-19T05:51:56.106+00:00,False,1,0.0,,0.0,300043.78702499997,300043.78702499997,300043.78702499997,300043.78702499997,300043.78702499997,300043.78702499997,nan,300043.78702499997,nan,nan,0.0,34,64,,True,False,"HTTPConnectionPool(host='gpu03', port=9002): Read timed out.",0,56.69694568066818
166,2026-09-19T05:46:56.673+00:00,2026-09-19T05:51:56.720+00:00,2026-09-19T05:51:56.720+00:00,False,1,0.0,,0.0,300046.59623900003,300046.59623900003,300046.59623900003,300046.59623900003,300046.59623900003,300046.59623900003,nan,300046.59623900003,nan,nan,0.0,34,64,,True,False,"HTTPConnectionPool(host='gpu03', port=9002): Read timed out.",0,56.69694568066818
167,2026-09-19T05:46:57.137+00:00,2026-09-19T05:51:57.242+00:00,2026-09-19T05:51:57.242+00:00,False,1,0.0,,0.0,300105.165384,300105.165384,300105.165384,300105.165384,300105.165384,300105.165384,nan,300105.165384,nan,nan,0.0,34,64,,True,False,"HTTPConnectionPool(host='gpu03', port=9002): Read timed out.",0,56.69694568066818
168,2026-09-19T05:46:57.656+00:00,2026-09-19T05:51:57.410+00:00,2026-09-19T05:51:57.710+00:00,False,5,4.0,,4.0,299753.947719,300054.61306299997,300054.61294099997,60010.922588199996,0.02258,299753.947719,134020.43236986073,239823.582923,75.166336,50.15575207089361,0.013330906527873155,34,64,,True,False,Request timeout: 300.0s exceeded,22,56.69694568066818
169,2026-09-19T05:46:58.234+00:00,2026-09-19T05:51:58.325+00:00,2026-09-19T05:51:58.325+00:00,False,1,0.0,,0.0,300090.57482700003,300090.57482700003,300090.57482700003,300090.57482700003,300090.57482700003,300090.57482700003,nan,300090.57482700003,nan,nan,0.0,34,64,,True,False,TTFT timeout: 300.0s exceeded (TTFT: 300.067s),0,56.69694568066818
170,2026-09-19T05:46:58.779+00:00,2026-09-19T05:51:58.832+00:00,2026-09-19T05:51:58.832+00:00,False,1,0.0,,0.0,300052.779739,300052.779739,300052.779739,300052.779739,300052.779739,300052.779739,nan,300052.779739,nan,nan,0.0,34,64,,True,False,"HTTPConnectionPool(host='gpu03', port=9002): Read timed out.",0,56.69694568066818
171,2026-09-19T05:46:59.273+00:00,2026-09-19T05:51:59.201+00:00,2026-09-19T05:51:59.313+00:00,False,3,2.0,,2.0,299927.630651,300039.61093900003,300039.61101600004,100013.203672,0.040909999999999995,299927.630651,173130.9813871496,269946.0615314,55.990144,79.12445685517974,0.006665786539786617,34,64,,True,False,Request timeout: 300.0s exceeded,3,56.69694568066818
172,2026-09-19T05:46:59.936+00:00,2026-09-19T05:52:00.041+00:00,2026-09-19T05:52:00.041+00:00,False,1,0.0,,0.0,300104.734543,300104.734543,300104.734543,300104.734543,300104.734543,300104.734543,nan,300104.734543,nan,nan,0.0,34,64,,True,False,"HTTPConnectionPool(host='gpu03', port=9002): Read timed out.",0,56.69694568066818
173,2026-09-19T05:47:00.536+00:00,2026-09-19T05:52:00.554+00:00,2026-09-19T05:52:00.662+00:00,False,3,2.0,,2.0,300018.579768,300126.491704,300126.491752,100042.16391733334,0.03546,300018.579768,173184.66467843752,270027.50944359996,53.955968,76.2553003798372,0.006663856924607981,34,64,,True,False,Request timeout: 300.0s exceeded,5,56.69694568066818
174,2026-09-19T05:47:00.999+00:00,2026-09-19T05:52:00.909+00:00,2026-09-19T05:52:01.016+00:00,False,3,2.0,,2.0,299909.448975,300016.430351,300016.430512,100005.47683733334,0.03488,299909.448975,173121.9264415827,269929.1987432,53.490688,75.59801917088018,0.0066663015677512335,34,64,,True,False,Request timeout: 300.0s exceeded,4,56.69694568066818
175,2026-09-19T05:47:01.553+00:00,2026-09-19T05:52:01.589+00:00,2026-09-19T05:52:01.589+00:00,False,1,0.0,,0.0,300035.866553,300035.866553,300035.866553,300035.866553,300035.866553,300035.866553,nan,300035.866553,nan,nan,0.0,34,64,,True,False,"HTTPConnectionPool(host='gpu03', port=9002): Read timed out.",0,56.69694568066818
176,2026-09-19T05:47:01.970+00:00,2026-09-19T05:52:02.042+00:00,2026-09-19T05:52:02.042+00:00,False,1,0.0,,0.0,300072.721406,300072.721406,300072.721406,300072.721406,300072.721406,300072.721406,nan,300072.721406,nan,nan,0.0,34,64,,True,False,TTFT timeout: 300.0s exceeded (TTFT: 300.064s),0,56.69694568066818
177,2026-09-19T05:47:02.427+00:00,2026-09-19T05:52:02.333+00:00,2026-09-19T05:52:02.462+00:00,False,3,2.0,,2.0,299905.86565600004,300034.953656,300034.95378800004,100011.65126266668,0.02361,299905.86565600004,173113.479757745,269928.18554260005,64.544,91.24569261198803,0.006665890009245609,34,64,,True,False,Request timeout: 300.0s exceeded,4,56.69694568066818
178,2026-09-19T05:47:02.992+00:00,2026-09-19T05:52:02.602+00:00,2026-09-19T05:52:03.097+00:00,False,9,8.0,,8.0,299609.94888,300104.889296,300104.889495,33344.987721666665,0.04488,299609.94888,99849.36572411413,179809.100514,61.867552,34.7456751730829,0.026657346432331613,34,64,,True,False,Request timeout: 300.0s exceeded,27,56.69694568066818
179,2026-09-19T05:47:03.685+00:00,2026-09-19T05:52:03.783+00:00,2026-09-19T05:52:04.947+00:00,False,12,11.0,,11.0,300098.431614,301262.665086,301262.664973,25105.222081083335,0.01957,300098.431614,86600.41004832959,135128.38167095,105.83940654545455,39.313928408777805,0.03651298775060589,34,64,,True,False,Request timeout: 300.0s exceeded,50,56.69694568066818
180,2026-09-19T05:47:04.371+00:00,2026-09-19T05:52:04.211+00:00,2026-09-19T05:52:05.153+00:00,False,11,10.0,,10.0,299839.652552,300781.568968,300781.569008,27343.779000727274,0.063079,299839.652552,90376.66248730438,149976.944066,94.1916416,33.35123610704772,0.03324671798977116,34,64,,True,False,Request timeout: 300.0s exceeded,44,56.69694568066818
181,2026-09-19T05:47:05.116+00:00,2026-09-19T05:52:05.280+00:00,2026-09-19T05:52:05.280+00:00,False,1,0.0,,0.0,300163.794384,300163.794384,300163.794384,300163.794384,300163.794384,300163.794384,nan,300163.794384,nan,nan,0.0,34,64,,True,False,"HTTPConnectionPool(host='gpu03', port=9002): Read timed out.",0,56.69694568066818
182,2026-09-19T05:47:05.797+00:00,2026-09-19T05:52:05.812+00:00,2026-09-19T05:52:05.812+00:00,False,1,0.0,,0.0,300014.319155,300014.319155,300014.319155,300014.319155,300014.319155,300014.319155,nan,300014.319155,nan,nan,0.0,34,64,,True,False,"HTTPConnectionPool(host='gpu03', port=9002): Read timed out.",0,56.69694568066818
183,2026-09-19T05:47:06.205+00:00,2026-09-19T05:52:06.311+00:00,2026-09-19T05:52:06.311+00:00,False,1,0.0,,0.0,300105.844814,300105.844814,300105.844814,300105.844814,300105.844814,300105.844814,nan,300105.844814,nan,nan,0.0,34,64,,True,False,"HTTPConnectionPool(host='gpu03', port=9002): Read timed out.",0,56.69694568066818
184,2026-09-19T05:47:06.898+00:00,2026-09-19T05:52:06.546+00:00,2026-09-19T05:52:06.942+00:00,False,7,6.0,,6.0,299647.944622,300044.37598199997,300044.37598799996,42863.482284,0.11631,299647.944622,113231.31064174756,209784.2027998,66.07189333333334,40.356707284924035,0.019997042038741454,34,64,,True,False,Request timeout: 300.0s exceeded,17,56.69694568066818
185,2026-09-19T05:47:07.550+00:00,2026-09-19T05:52:07.661+00:00,2026-09-19T05:52:07.661+00:00,False,1,0.0,,0.0,300111.127782,300111.127782,300111.127782,300111.127782,300111.127782,300111.127782,nan,300111.127782,nan,nan,0.0,34,64,,True,False,"HTTPConnectionPool(host='gpu03', port=9002): Read timed out.",0,56.69694568066818
186,2026-09-19T05:47:08.228+00:00,2026-09-19T05:52:08.129+00:00,2026-09-19T05:52:08.270+00:00,False,3,2.0,,2.0,299901.313032,300041.926408,300041.926477,100013.97549233332,0.024059999999999998,299901.313032,173107.52647177165,269925.24066729995,70.306688,99.39464005996878,0.006665735098902078,34,64,,True,False,Request timeout: 300.0s exceeded,7,56.69694568066818
187,2026-09-19T05:47:08.810+00:00,2026-09-19T05:52:08.872+00:00,2026-09-19T05:52:08.872+00:00,False,1,0.0,,0.0,300062.72631,300062.72631,300062.72631,300062.72631,300062.72631,300062.72631,nan,300062.72631,nan,nan,0.0,34,64,,True,False,"HTTPConnectionPool(host='gpu03', port=9002): Read timed out.",0,56.69694568066818
188,2026-09-19T05:47:09.288+00:00,2026-09-19T05:52:09.396+00:00,2026-09-19T05:52:09.396+00:00,False,1,0.0,,0.0,300107.756275,300107.756275,300107.756275,300107.756275,300107.756275,300107.756275,nan,300107.756275,nan,nan,0.0,34,64,,True,False,"HTTPConnectionPool(host='gpu03', port=9002): Read timed out.",0,56.69694568066818
189,2026-09-19T05:47:09.902+00:00,2026-09-19T05:52:09.732+00:00,2026-09-19T05:52:09.994+00:00,False,4,3.0,,3.0,299829.56101099995,300092.22776299994,300092.22792499996,75023.05698124999,0.05331,299829.56101099995,149871.01545864882,254874.84947989992,87.555584,75.77945293365329,0.009996926686049571,34,64,,True,False,Request timeout: 300.0s exceeded,11,56.69694568066818
190,2026-09-19T05:47:10.441+00:00,2026-09-19T05:52:10.404+00:00,2026-09-19T05:52:10.508+00:00,False,3,2.0,,2.0,299962.952473,300066.379545,300066.37965899997,100022.126553,0.039560000000000005,299962.952473,173153.84221086313,269976.9959883,51.713536,73.0782300139863,0.006665191891982909,34,64,,True,False,Request timeout: 300.0s exceeded,4,56.69694568066818
191,2026-09-19T05:47:11.005+00:00,2026-09-19T05:52:11.110+00:00,2026-09-19T05:52:11.110+00:00,False,1,0.0,,0.0,300105.38937,300105.38937,300105.38937,300105.38937,300105.38937,300105.38937,nan,300105.38937,nan,nan,0.0,34,64,,True,False,"HTTPConnectionPool(host='gpu03', port=9002): Read timed out.",0,56.69694568066818
192,2026-09-19T05:47:11.693+00:00,2026-09-19T05:52:11.508+00:00,2026-09-19T05:52:11.730+00:00,False,4,3.0,,3.0,299815.433807,300037.013839,300037.013853,75009.25346325,0.04506,299815.433807,149870.79637084962,254861.71021370002,73.86001066666667,65.26932045604536,0.009998766357572807,34,64,,True,False,Request timeout: 300.0s exceeded,11,56.69694568066818
193,2026-09-19T05:47:12.194+00:00,2026-09-19T05:52:12.267+00:00,2026-09-19T05:52:12.267+00:00,False,1,0.0,,0.0,300073.414297,300073.414297,300073.414297,300073.414297,300073.414297,300073.414297,nan,300073.414297,nan,nan,0.0,34,64,,True,False,"HTTPConnectionPool(host='gpu03', port=9002): Read timed out.",0,56.69694568066818
194,2026-09-19T05:47:12.665+00:00,2026-09-19T05:52:12.772+00:00,2026-09-19T05:52:12.772+00:00,False,1,0.0,,0.0,300107.153072,300107.153072,300107.153072,300107.153072,300107.153072,300107.153072,nan,300107.153072,nan,nan,0.0,34,64,,True,False,"HTTPConnectionPool(host='gpu03', port=9002): Read timed out.",0,56.69694568066818
195,2026-09-19T05:47:13.076+00:00,2026-09-19T05:52:13.096+00:00,2026-09-19T05:52:13.096+00:00,False,1,0.0,,0.0,300020.29183,300020.29183,300020.29183,300020.29183,300020.29183,300020.29183,nan,300020.29183,nan,nan,0.0,34,64,,True,False,TTFT timeout: 300.0s exceeded (TTFT: 300.015s),0,56.69694568066818
196,2026-09-19T05:47:13.710+00:00,2026-09-19T05:52:13.467+00:00,2026-09-19T05:52:13.818+00:00,False,6,5.0,,5.0,299757.493125,300108.206725,300108.206783,50018.034463833326,0.03736,299757.493125,122346.85501840452,224843.93964024997,70.14272,44.74823666171725,0.016660657349439566,34,64,,True,False,Request timeout: 300.0s exceeded,21,56.69694568066818
197,2026-09-19T05:47:14.258+00:00,2026-09-19T05:52:14.368+00:00,2026-09-19T05:52:14.368+00:00,False,1,0.0,,0.0,300110.54162599996,300110.54162599996,300110.54162599996,300110.54162599996,300110.54162599996,300110.54162599996,nan,300110.54162599996,nan,nan,0.0,34,64,,True,False,"HTTPConnectionPool(host='gpu03', port=9002): Read timed out.",0,56.69694568066818
198,2026-09-19T05:47:14.959+00:00,2026-09-19T05:52:14.779+00:00,2026-09-19T05:52:15.023+00:00,False,4,3.0,,3.0,299820.34839099995,300063.99715899996,300063.99716299993,75015.99929074998,0.02139,299820.34839099995,149869.57732262954,254867.18546994997,81.216256,71.13851659279314,0.00999786721634032,34,64,,True,False,Request timeout: 300.0s exceeded,5,56.69694568066818
199,2026-09-19T05:47:15.609+00:00,2026-09-19T05:52:15.715+00:00,2026-09-19T05:52:15.715+00:00,False,1,0.0,,0.0,300106.266337,300106.266337,300106.266337,300106.266337,300106.266337,300106.266337,nan,300106.266337,nan,nan,0.0,34,64,,True,False,"HTTPConnectionPool(host='gpu03', port=9002): Read timed out.",0,56.69694568066818
200,2026-09-19T05:47:16.175+00:00,2026-09-19T05:52:16.258+00:00,2026-09-19T05:52:16.258+00:00,False,1,0.0,,0.0,300082.807382,300082.807382,300082.807382,300082.807382,300082.807382,300082.807382,nan,300082.807382,nan,nan,0.0,34,64,,True,False,TTFT timeout: 300.0s exceeded (TTFT: 300.069s),0,56.69694568066818
201,2026-09-19T05:47:17.462+00:00,2026-09-19T05:52:16.661+00:00,2026-09-19T05:52:17.737+00:00,False,13,12.0,,12.0,299199.45908,300275.837192,300275.837395,23098.141338076923,0.03982,299199.45908,82958.12748708502,119747.1761864,89.698176,32.84063924443062,0.03996325549273902,34,64,,True,False,Request timeout: 300.0s exceeded,44,56.69694568066818
202,2026-09-19T05:47:17.467+00:00,2026-09-19T05:52:16.662+00:00,2026-09-19T05:52:16.881+00:00,True,3,3.0,,3.0,299195.09664999996,299414.43233,299414.43238099996,99804.81079366665,108.727893,299195.09664999996,172677.05282198408,269286.6477688,109.66784,1.3290439647927377,0.010019557095676493,34,64,,True,True,,10,56.69694568066818
203,2026-09-19T05:47:17.951+00:00,2026-09-19T05:52:17.980+00:00,2026-09-19T05:52:17.980+00:00,False,1,0.0,,0.0,300028.779047,300028.779047,300028.779047,300028.779047,300028.779047,300028.779047,nan,300028.779047,nan,nan,0.0,34,64,,True,False,"HTTPConnectionPool(host='gpu03', port=9002): Read timed out.",0,56.69694568066818
204,2026-09-19T05:47:18.691+00:00,2026-09-19T05:52:18.799+00:00,2026-09-19T05:52:18.799+00:00,False,1,0.0,,0.0,300108.608578,300108.608578,300108.608578,300108.608578,300108.608578,300108.608578,nan,300108.608578,nan,nan,0.0,34,64,,True,False,"HTTPConnectionPool(host='gpu03', port=9002): Read timed out.",0,56.69694568066818
205,2026-09-19T05:47:19.097+00:00,2026-09-19T05:52:19.141+00:00,2026-09-19T05:52:20.483+00:00,False,16,15.0,,15.0,300043.435334,301385.90829399996,301385.908235,18836.6192646875,0.02416,300043.435334,74988.5048034498,75204.00490624999,89.49819733333332,57.42019427560353,0.04977007745620143,34,64,,True,False,Request timeout: 300.0s exceeded,85,56.69694568066818
206,2026-09-19T05:47:19.635+00:00,2026-09-19T05:52:19.392+00:00,2026-09-19T05:52:20.580+00:00,False,16,15.0,,15.0,299757.051229,300945.47414099996,300945.473978,18809.092123625,0.04095,299757.051229,74919.46288738404,75018.177193,79.22819413333335,33.82323686350344,0.049842916039242874,34,64,,True,False,Request timeout: 300.0s exceeded,78,56.69694568066818
208,2026-09-19T05:47:20.787+00:00,2026-09-19T05:52:20.879+00:00,2026-09-19T05:52:20.879+00:00,False,1,0.0,,0.0,300092.743917,300092.743917,300092.743917,300092.743917,300092.743917,300092.743917,nan,300092.743917,nan,nan,0.0,34,64,,True,False,"HTTPConnectionPool(host='gpu03', port=9002): Read timed out.",0,56.69694568066818
207,2026-09-19T05:47:20.217+00:00,2026-09-19T05:52:21.305+00:00,2026-09-19T05:52:21.305+00:00,False,1,0.0,,0.0,301087.28053600003,301087.28053600003,301087.28053600003,301087.28053600003,301087.28053600003,301087.28053600003,nan,301087.28053600003,nan,nan,0.0,34,64,,True,False,"HTTPConnectionPool(host='gpu03', port=9002): Read timed out.",0,56.69694568066818
0,2026-09-19T05:45:20.805+00:00,2026-09-19T05:45:21.012+00:00,2026-09-19T05:45:26.011+00:00,True,56,56.0,,56.0,207.267551,5206.794975,5206.794973,92.97848166071428,33.762122000000005,207.267551,29.62058377077063,111.66669750000001,90.90049861818183,25.442889785933886,10.755176700615142,35,64,,False,True,,228,56.69694568066818
1,2026-09-19T05:45:21.205+00:00,2026-09-19T05:45:21.364+00:00,2026-09-19T05:45:27.525+00:00,True,65,65.0,,65.0,159.810931,6320.021107,6320.021002,97.23109233846154,45.852703,159.810931,24.682563366256776,114.20107180000001,96.253284,23.574682153818703,10.284775778360387,35,64,,False,True,,279,56.69694568066818
2,2026-09-19T05:45:21.772+00:00,2026-09-19T05:45:23.181+00:00,2026-09-19T05:45:24.334+00:00,True,12,12.0,,12.0,1409.422277,2561.4745009999997,2561.4746729999997,213.45622275,95.82623699999999,1409.422277,376.6525287347142,695.8133985999999,104.73202036363637,4.161296702353997,4.684801662212604,35,64,,False,True,,60,56.69694568066818
3,2026-09-19T05:45:22.285+00:00,2026-09-19T05:45:26.901+00:00,2026-09-19T05:45:32.408+00:00,True,56,56.0,,56.0,4616.229377000001,10123.354369,10123.354537000001,180.7741881607143,48.920235999999996,4616.229377000001,603.7568702345692,119.71671175,100.12954530909091,18.14106449806947,5.53176328307588,35,64,,False,True,,187,56.69694568066818
4,2026-09-19T05:45:22.814+00:00,2026-09-19T05:45:29.532+00:00,2026-09-19T05:45:34.962+00:00,True,56,56.0,,56.0,6717.761571000001,12147.760419000002,12147.7605,216.92429464285715,0.0,6717.761571000001,884.9763961200647,119.33670425,98.72725178181818,29.126880008182674,4.609903230591527,35,64,,False,True,,207,56.69694568066818
5,2026-09-19T05:45:23.371+00:00,2026-09-19T05:45:32.342+00:00,2026-09-19T05:45:39.804+00:00,True,77,77.0,,77.0,8971.435019999999,16433.363212,16433.363254,213.420302,0.0,8971.435019999999,1012.412645195597,239.92899859999997,98.18326568421053,49.84807531039531,4.685589858062221,35,64,,False,True,,412,56.69694568066818
6,2026-09-19T05:45:23.982+00:00,2026-09-19T05:45:35.166+00:00,2026-09-19T05:45:37.285+00:00,True,22,22.0,,22.0,11184.055314,13303.179282,13303.179186,604.6899629999999,0.0,11184.055314,2363.7139096257483,269.17881140000003,100.91066514285716,62.1996223316128,1.653740022113911,35,64,,False,True,,93,56.69694568066818
7,2026-09-19T05:45:24.519+00:00,2026-09-19T05:45:38.417+00:00,2026-09-19T05:45:39.394+00:00,True,10,10.0,,10.0,13897.335182,14875.192206000002,14875.192304,1487.5192304,0.0,13897.335182,4361.104399327824,7784.9745152,108.65078044444445,85.18267792375171,0.6722602210118964,35,64,,False,True,,40,56.69694568066818
8,2026-09-19T05:45:25.139+00:00,2026-09-19T05:45:41.886+00:00,2026-09-19T05:45:45.839+00:00,True,40,40.0,,40.0,16747.308142,20700.020846000003,20700.020973000002,517.500524325,0.0,16747.308142,2632.604939708313,283.24757225,101.3516077948718,59.17631724654383,1.9323652037640073,35,64,,False,True,,184,56.69694568066818
9,2026-09-19T05:45:25.571+00:00,2026-09-19T05:45:44.351+00:00,2026-09-19T05:45:52.237+00:00,True,81,81.0,,81.0,18780.650295000003,26665.928759000002,26665.928762000003,329.20899706172844,0.0,18780.650295000003,2076.922582099124,117.386397,98.56598079999999,69.10008802125894,3.0375840546210764,35,64,,False,True,,332,56.69694568066818
10,2026-09-19T05:45:26.058+00:00,2026-09-19T05:45:47.129+00:00,2026-09-19T05:45:47.222+00:00,True,2,2.0,,2.0,21070.275639,21163.093047,21163.093233,10581.5466165,92.817594,21070.275639,14833.302835675795,20021.402736750002,92.817408,nan,0.09450414434025808,35,64,,False,True,,5,56.69694568066818
11,2026-09-19T05:45:26.412+00:00,2026-09-19T05:45:48.994+00:00,2026-09-19T05:45:54.741+00:00,True,58,58.0,,58.0,22581.18668,28328.8206,28328.820558,488.4279406551724,0.0,22581.18668,2953.085460011702,392.5710869,100.83568280701755,87.39399245146357,2.0473849165467906,35,64,,False,True,,221,56.69694568066818
12,2026-09-19T05:45:26.749+00:00,2026-09-19T05:45:50.853+00:00,2026-09-19T05:45:54.326+00:00,True,35,35.0,,35.0,24104.10574,27576.859915999998,27576.85987,787.9102819999999,0.0,24104.10574,4058.395273358353,480.5482991,102.13982870588235,105.15875167453719,1.2691800337896022,35,64,,False,True,,101,56.69694568066818
13,2026-09-19T05:45:27.333+00:00,2026-09-19T05:45:54.297+00:00,2026-09-19T05:45:54.327+00:00,True,4,4.0,,4.0,26963.615208,26993.761512,26993.761508,6748.440377,0.0,26963.615208,13476.790713380751,22923.5948718,10.048768,17.404976729472292,0.1481823864459131,35,64,,False,True,,19,56.69694568066818
14,2026-09-19T05:45:27.691+00:00,2026-09-19T05:45:55.619+00:00,2026-09-19T05:46:04.310+00:00,True,91,91.0,,91.0,27927.715162,36619.111002,36619.110964,402.4078127912088,0.0,27927.715162,2918.025203462571,114.53566350000001,96.5710648888889,55.84918200159454,2.4850412123612156,35,64,,False,True,,287,56.69694568066818
15,2026-09-19T05:45:28.169+00:00,2026-09-19T05:45:58.753+00:00,2026-09-19T05:46:05.748+00:00,True,68,68.0,,68.0,30584.066642,37579.47093,37579.470777,552.639276132353,0.0,30584.066642,3697.2303351924133,114.0191185,104.4090192238806,87.87819806218499,1.8094985990267103,35,64,,False,True,,372,56.69694568066818
16,2026-09-19T05:45:28.552+00:00,2026-09-19T05:46:01.024+00:00,2026-09-19T05:46:07.848+00:00,True,69,69.0,,69.0,32471.594614999998,39296.004983,39296.005017999996,569.5073191014493,0.0,32471.594614999998,3898.0774711783097,114.19057799999999,100.358976,90.64913153975941,1.7559036861342614,35,64,,False,True,,232,56.69694568066818
17,2026-09-19T05:45:28.931+00:00,2026-09-19T05:46:02.772+00:00,2026-09-19T05:46:04.681+00:00,True,20,20.0,,20.0,33841.480004,35750.418244,35750.418336999996,1787.5209168499998,48.760966,33841.480004,7544.73814019753,1798.3530937,100.47043368421052,17.413818976456007,0.5594340145476928,35,64,,False,True,,99,56.69694568066818
18,2026-09-19T05:45:29.277+00:00,2026-09-19T05:46:04.786+00:00,2026-09-19T05:46:06.724+00:00,True,20,20.0,,20.0,35508.838241,37447.304033,37447.304144999995,1872.36520725,0.0,35508.838241,7918.1693103060015,2339.1725742,102.02451536842105,127.00925189269253,0.5340838417199602,35,64,,False,True,,91,56.69694568066818
19,2026-09-19T05:45:29.635+00:00,2026-09-19T05:46:07.400+00:00,2026-09-19T05:46:09.160+00:00,True,24,24.0,,24.0,37764.621965000006,39524.729741,39524.729725000005,1646.8637385416669,0.018449999999999998,37764.621965000006,7693.163089157207,112.39327915000001,76.52642504347827,42.596694820249745,0.6072147781216627,35,64,,False,True,,107,56.69694568066818
20,2026-09-19T05:45:30.203+00:00,2026-09-19T05:46:09.467+00:00,2026-09-19T05:46:18.395+00:00,True,94,94.0,,94.0,39263.961332,48192.129523999996,48192.129644,512.6822302553192,0.0,39263.961332,4040.5410915467733,113.27088415,96.00180851612903,74.22744249553821,1.9505259661370098,35,64,,False,True,,393,56.69694568066818
21,2026-09-19T05:45:30.602+00:00,2026-09-19T05:46:11.149+00:00,2026-09-19T05:46:13.377+00:00,True,24,24.0,,24.0,40546.728645,42774.766533,42774.766534,1782.2819389166668,0.0,40546.728645,8258.050542532228,647.70436575,96.87121252173912,147.37534860151658,0.5610784568861272,35,64,,False,True,,90,56.69694568066818
22,2026-09-19T05:45:31.016+00:00,2026-09-19T05:46:13.567+00:00,2026-09-19T05:46:17.441+00:00,True,42,42.0,,42.0,42550.707506,46424.728626,46424.728482,1105.350678142857,44.138548,42550.707506,6551.165102783241,114.4499535,94.48832,19.479785260991026,0.9046902640692671,35,64,,False,True,,172,56.69694568066818
23,2026-09-19T05:45:31.533+00:00,2026-09-19T05:46:16.390+00:00,2026-09-19T05:46:18.335+00:00,True,21,21.0,,21.0,44857.059084,46801.942284,46801.942083,2228.6639087142858,42.98299,44857.059084,9767.416499796476,113.839175,97.24416,22.269469753139894,0.448699326890525,35,64,,False,True,,84,56.69694568066818
24,2026-09-19T05:45:31.930+00:00,2026-09-19T05:46:18.705+00:00,2026-09-19T05:46:19.506+00:00,True,9,9.0,,9.0,46775.487865,47575.594105000004,47575.594211,5286.177134555556,54.434144,46775.487865,15558.501673385968,28110.0681826,100.01328,18.99839902701025,0.18917262452123823,35,64,,False,True,,52,56.69694568066818
25,2026-09-19T05:45:32.463+00:00,2026-09-19T05:46:21.695+00:00,2026-09-19T05:46:29.401+00:00,True,72,72.0,,72.0,49232.167343,56937.814447,56937.814522,790.8029794722222,0.0,49232.167343,5790.795291968264,115.18032005,108.53024090140845,133.5779261678996,1.2645374730184014,35,64,,False,True,,345,56.69694568066818
26,2026-09-19T05:45:32.894+00:00,2026-09-19T05:46:24.233+00:00,2026-09-19T05:46:30.447+00:00,True,61,61.0,,61.0,51339.397515000004,57553.138571,57553.138492000005,943.4940736393444,0.0,51339.397515000004,6560.81826754318,116.14718699999999,103.56235093333333,99.48841917909876,1.0598900688056794,35,64,,False,True,,247,56.69694568066818
27,2026-09-19T05:45:33.317+00:00,2026-09-19T05:46:26.259+00:00,2026-09-19T05:46:30.770+00:00,True,45,45.0,,45.0,52941.942402,57452.848002,57452.8481,1276.7299577777778,0.0,52941.942402,7877.687716845141,117.31558659999999,102.52058181818181,117.18123762953223,0.78325098867916,35,64,,False,True,,215,56.69694568066818
28,2026-09-19T05:45:33.744+00:00,2026-09-19T05:46:28.383+00:00,2026-09-19T05:46:35.138+00:00,True,67,67.0,,67.0,54638.849764,61393.7313,61393.731218,916.3243465373134,0.0,54638.849764,6663.373281735787,115.72668750000001,102.34668993939394,95.85227396333397,1.0913166308886653,35,64,,False,True,,311,56.69694568066818
29,2026-09-19T05:45:34.210+00:00,2026-09-19T05:46:31.090+00:00,2026-09-19T05:46:39.363+00:00,True,74,74.0,,74.0,56880.592969,65153.390665,65153.390572,880.4512239459459,0.01767,56880.592969,6600.236995635629,113.47901764999999,113.32599583561644,125.46449673848646,1.1357812578087718,35,64,,False,True,,309,56.69694568066818
30,2026-09-19T05:45:34.821+00:00,2026-09-19T05:46:34.612+00:00,2026-09-19T05:46:42.824+00:00,True,83,83.0,,83.0,59790.807781,68002.56534900001,68002.565328,819.3080160000001,0.0,59790.807781,6553.000086246382,114.1727864,100.14338497560975,120.71950673892353,1.2205421894605117,35,64,,False,True,,294,56.69694568066818
31,2026-09-19T05:45:35.248+00:00,2026-09-19T05:46:37.716+00:00,2026-09-19T05:46:43.410+00:00,True,63,63.0,,63.0,62468.518503,68162.117479,68162.117296,1081.9383697777778,0.0,62468.518503,7859.544393717748,117.0960334,91.83224154838709,114.49897826368921,0.924267061090196,35,64,,False,True,,229,56.69694568066818
32,2026-09-19T05:45:35.767+00:00,2026-09-19T05:46:39.703+00:00,2026-09-19T05:46:49.436+00:00,True,100,100.0,,100.0,63936.248092,73669.024284,73669.024328,736.69024328,44.757655,63936.248092,6383.81723895484,111.78287395,98.31087062626263,17.416023148362935,1.3574226205914168,35,64,,False,True,,350,56.69694568066818
33,2026-09-19T05:45:36.176+00:00,2026-09-19T05:46:42.117+00:00,2026-09-19T05:46:48.988+00:00,True,71,71.0,,71.0,65940.189695,72811.98310299999,72811.98302399999,1025.5208876619718,47.582718,65940.189695,7814.028927343975,111.18314849999999,98.16847725714285,17.179516324418078,0.9751142184874054,35,64,,False,True,,197,56.69694568066818
34,2026-09-19T05:45:36.527+00:00,2026-09-19T05:46:44.026+00:00,2026-09-19T05:46:51.337+00:00,True,74,74.0,,74.0,67498.63081399999,74810.08860599999,74810.08864999999,1010.9471439189188,0.0,67498.63081399999,7835.761383259729,112.8280464,100.15695605479452,116.07056973426054,0.9891713989236603,35,64,,False,True,,297,56.69694568066818
35,2026-09-19T05:45:37.106+00:00,2026-09-19T05:46:46.838+00:00,2026-09-19T05:46:51.719+00:00,True,52,52.0,,52.0,69731.637915,74612.80501899999,74612.805253,1434.8616394807693,0.0,69731.637915,9657.75498858488,112.44544470000001,95.70915890196079,139.59628084747777,0.6969313107416121,35,64,,False,True,,173,56.69694568066818
36,2026-09-19T05:45:37.414+00:00,2026-09-19T05:46:48.377+00:00,2026-09-19T05:46:55.823+00:00,True,76,76.0,,76.0,70963.47581,78408.846434,78408.846332,1031.6953464736844,0.0,70963.47581,8129.990996253599,151.14862525,99.27160832,146.88428703934895,0.969278384473777,35,64,,False,True,,327,56.69694568066818
37,2026-09-19T05:45:37.811+00:00,2026-09-19T05:46:51.334+00:00,2026-09-19T05:46:59.701+00:00,True,91,91.0,,91.0,73523.088678,81890.216742,81890.216729,899.8924915274725,0.0,73523.088678,7698.134246871645,115.23286499999999,92.9680896,93.87571160910136,1.111243853300583,35,64,,False,True,,392,56.69694568066818
38,2026-09-19T05:45:38.420+00:00,2026-09-19T05:46:53.543+00:00,2026-09-19T05:47:01.512+00:00,True,80,80.0,,80.0,75123.44912399999,83092.646692,83092.646558,1038.658081975,0.019309999999999997,75123.44912399999,8388.367151942404,115.23798395,100.87591858227847,99.994571653508,0.9627807415563073,35,64,,False,True,,349,56.69694568066818
39,2026-09-19T05:45:38.931+00:00,2026-09-19T05:46:56.657+00:00,2026-09-19T05:47:05.667+00:00,True,92,92.0,,92.0,77726.510259,86736.397235,86736.397242,942.7869265434783,0.0,77726.510259,8094.122007385962,114.18995955,99.00974698901099,121.07322488537767,1.0606850518674302,35,64,,False,True,,307,56.69694568066818
40,2026-09-19T05:45:39.419+00:00,2026-09-19T05:46:59.814+00:00,2026-09-19T05:47:03.096+00:00,True,33,33.0,,33.0,80394.579421,83676.546013,83676.546011,2535.6529094242424,48.476956,80394.579421,13977.053323042668,113.47082320000001,102.561456,14.256666699879423,0.3943757429336665,35,64,,False,True,,102,56.69694568066818
41,2026-09-19T05:45:39.761+00:00,2026-09-19T05:47:01.839+00:00,2026-09-19T05:47:04.899+00:00,True,33,33.0,,33.0,82077.556618,85138.05377,85138.053738,2579.9410223636364,0.0,82077.556618,14272.63999094395,541.0554108,95.640536,204.56277210206682,0.38760575957196913,35,64,,False,True,,144,56.69694568066818
42,2026-09-19T05:45:40.151+00:00,2026-09-19T05:47:04.851+00:00,2026-09-19T05:47:06.497+00:00,True,25,25.0,,25.0,84700.357779,86345.858195,86345.858078,3453.83432312,0.0,84700.357779,16926.416515814504,109.3956092,68.56251733333333,45.05375850302107,0.28953328535505446,35,64,,False,True,,107,56.69694568066818
43,2026-09-19T05:45:40.693+00:00,2026-09-19T05:47:07.172+00:00,2026-09-19T05:47:14.990+00:00,True,81,81.0,,81.0,86479.789756,94297.638076,94297.63821399999,1164.1683730123457,44.518976,86479.789756,9598.024215342042,111.322659,97.723104,18.076636565009974,0.8589822783760219,35,64,,False,True,,252,56.69694568066818
44,2026-09-19T05:45:41.096+00:00,2026-09-19T05:47:09.257+00:00,2026-09-19T05:47:11.182+00:00,True,20,20.0,,20.0,88161.390814,90086.55331,90086.553277,4504.32766385,53.026526,88161.390814,19690.83325606708,4512.796829149999,101.32434189473685,12.5389005007094,0.22200871567566025,35,64,,False,True,,108,56.69694568066818
45,2026-09-19T05:45:41.601+00:00,2026-09-19T05:47:12.000+00:00,2026-09-19T05:47:15.697+00:00,True,40,40.0,,40.0,90398.812386,94095.758562,94095.758652,2352.3939663,37.599841999999995,90398.812386,14278.332977513546,110.35802770000001,94.7934916923077,20.183159788745183,0.4250988632356247,35,64,,False,True,,175,56.69694568066818
46,2026-09-19T05:45:42.209+00:00,2026-09-19T05:47:16.000+00:00,2026-09-19T05:47:17.531+00:00,True,7,7.0,,7.0,93790.920928,95321.96886400001,95321.96877600001,13617.424110857144,97.044342,93790.920928,35354.859619536015,65960.74040800001,255.174656,376.49308558191086,0.07343532748455084,35,64,,False,True,,29,56.69694568066818
47,2026-09-19T05:45:42.579+00:00,2026-09-19T05:47:17.795+00:00,2026-09-19T05:47:19.080+00:00,True,14,14.0,,14.0,95216.159008,96501.027616,96501.027753,6892.930553785714,44.082235999999995,95216.159008,25421.182595350834,33411.37686045,98.83604676923076,21.935830846369896,0.14507617530985525,35,64,,False,True,,50,56.69694568066818
48,2026-09-19T05:45:43.196+00:00,2026-09-19T05:47:20.873+00:00,2026-09-19T05:47:23.938+00:00,True,31,31.0,,31.0,97677.051772,100742.088828,100742.088871,3249.7448022903227,43.814187,97677.051772,17524.972712223534,112.57009099999999,102.16790186666665,15.023304601433075,0.30771647045086814,35,64,,False,True,,143,56.69694568066818
49,2026-09-19T05:45:43.810+00:00,2026-09-19T05:47:24.469+00:00,2026-09-19T05:47:26.458+00:00,True,20,20.0,,20.0,100659.131517,102647.257213,102647.257303,5132.36286515,44.311046000000005,100659.131517,22484.673317240497,5144.61292965,104.6381945263158,15.508804330764793,0.19484203029895525,35,64,,False,True,,127,56.69694568066818
50,2026-09-19T05:45:44.358+00:00,2026-09-19T05:47:27.446+00:00,2026-09-19T05:47:33.458+00:00,True,62,62.0,,62.0,103088.04496,109099.561376,109099.561418,1759.670345451613,44.910484,103088.04496,13079.68760492537,110.74474694999999,98.54944944262294,15.119540368761973,0.5682882609062342,35,64,,True,True,,171,56.69694568066818
51,2026-09-19T05:45:44.943+00:00,2026-09-19T05:47:30.581+00:00,2026-09-19T05:47:39.642+00:00,True,94,94.0,,94.0,105638.661308,114699.528892,114699.528863,1220.207753861702,43.059487999999995,105638.661308,10885.763915963149,111.86788200000001,97.42868369892473,19.31275240790042,0.8195325726970467,35,64,,True,True,,417,56.69694568066818
52,2026-09-19T05:45:45.426+00:00,2026-09-19T05:47:33.458+00:00,2026-09-19T05:47:37.859+00:00,True,45,45.0,,45.0,108031.370617,112432.441721,112432.441649,2498.498703311111,44.394585,108031.370617,16089.463772045654,110.622765,100.02434327272726,16.854236262693238,0.4002403515496627,35,64,,True,True,,159,56.69694568066818
53,2026-09-19T05:45:45.780+00:00,2026-09-19T05:47:35.198+00:00,2026-09-19T05:47:44.906+00:00,True,100,100.0,,100.0,109418.040053,119125.833461,119125.83369,1191.2583369000001,45.669602,109418.040053,10932.014791329513,111.67401995,98.05851927272727,19.17000814235748,0.8394484814474644,35,64,,True,True,,306,56.69694568066818
54,2026-09-19T05:45:46.173+00:00,2026-09-19T05:47:37.067+00:00,2026-09-19T05:47:38.272+00:00,True,14,14.0,,14.0,110894.21052699999,112099.17001499998,112099.16993299998,8007.083566642857,50.448001,110894.21052699999,29612.96090060534,38884.7727163,92.6891913846154,23.6276443535892,0.12488941709494067,35,64,,True,True,,55,56.69694568066818
55,2026-09-19T05:45:46.785+00:00,2026-09-19T05:47:40.532+00:00,2026-09-19T05:47:50.441+00:00,True,99,99.0,,99.0,113747.73966400001,123656.44033600001,123656.440426,1249.0549537979798,45.546912,113747.73966400001,11421.925703831643,110.52818099999999,101.10919053061224,14.872280643597517,0.8006052877714789,35,64,,True,True,,477,56.69694568066818
56,2026-09-19T05:45:47.311+00:00,2026-09-19T05:47:43.551+00:00,2026-09-19T05:47:51.868+00:00,True,84,84.0,,84.0,116240.317784,124557.27804,124557.278154,1482.8247399285715,45.306943,116240.317784,12671.934623776591,111.18856565,100.20434043373494,15.495701553814458,0.6743885329047128,35,64,,True,True,,458,56.69694568066818
57,2026-09-19T05:45:47.842+00:00,2026-09-19T05:47:46.146+00:00,2026-09-19T05:47:50.809+00:00,True,48,48.0,,48.0,118303.979717,122966.295237,122966.295262,2561.7978179583333,46.227991,118303.979717,17061.399413451236,110.92974785,99.19820255319148,17.522741689003617,0.3903508673452904,35,64,,True,True,,215,56.69694568066818
58,2026-09-19T05:45:48.433+00:00,2026-09-19T05:47:49.594+00:00,2026-09-19T05:47:58.114+00:00,True,87,87.0,,87.0,121160.659346,129681.38357,129681.383457,1490.5906144482758,44.074816,121160.659346,12979.173217870524,110.6662469,99.07818865116279,15.673166909713743,0.6708750138607115,35,64,,True,True,,353,56.69694568066818
59,2026-09-19T05:45:48.983+00:00,2026-09-19T05:47:52.682+00:00,2026-09-19T05:48:01.408+00:00,True,89,89.0,,89.0,123698.69019,132424.138894,132424.138846,1487.9116724269663,45.591162,123698.69019,13101.533749283008,110.85064040000002,99.15282618181818,15.437577981905791,0.672082905302037,35,64,,True,True,,353,56.69694568066818
60,2026-09-19T05:45:49.586+00:00,2026-09-19T05:47:54.965+00:00,2026-09-19T05:48:00.887+00:00,True,61,61.0,,61.0,125378.522197,131300.923221,131300.923339,2152.4741530983606,43.823636,125378.522197,16040.445845759767,110.27436900000001,98.70668373333334,17.2767548451428,0.46458165337746676,35,64,,True,True,,273,56.69694568066818
61,2026-09-19T05:45:49.927+00:00,2026-09-19T05:47:56.807+00:00,2026-09-19T05:48:05.766+00:00,True,91,91.0,,91.0,126880.37989200001,135839.36971600002,135839.369649,1492.740325813187,46.151632,126880.37989200001,13290.253350997198,112.77126400000002,99.54433137777778,16.879866030311714,0.6699088798060099,35,64,,True,True,,443,56.69694568066818
62,2026-09-19T05:45:50.345+00:00,2026-09-19T05:47:59.636+00:00,2026-09-19T05:48:03.849+00:00,True,43,43.0,,43.0,129291.000789,133503.854037,133503.854248,3104.740796465116,49.369142999999994,129291.000789,19701.401474105875,110.2141853,100.30602971428571,14.520807529207756,0.3220880798548537,35,64,,True,True,,138,56.69694568066818
63,2026-09-19T05:45:50.953+00:00,2026-09-19T05:48:02.751+00:00,2026-09-19T05:48:05.127+00:00,True,25,25.0,,25.0,131798.415974,134173.860966,134173.861018,5366.95444072,41.360472,131798.415974,26339.89539042098,113.60165,98.97687466666667,20.40045600814129,0.1863254125655299,35,64,,True,True,,137,56.69694568066818
64,2026-09-19T05:45:51.466+00:00,2026-09-19T05:48:05.234+00:00,2026-09-19T05:48:14.597+00:00,True,94,94.0,,94.0,133767.911882,143130.874314,143130.87420199998,1522.6688744893615,46.36864,133767.911882,13786.731070267475,111.8011388,100.67701539784946,15.367933688625296,0.6567416041474263,35,64,,True,True,,454,56.69694568066818
65,2026-09-19T05:45:52.218+00:00,2026-09-19T05:48:08.725+00:00,2026-09-19T05:48:11.850+00:00,True,32,32.0,,32.0,136507.20641400001,139631.44679800002,139631.44672900002,4363.482710281251,43.904476,136507.20641400001,24113.48319626947,112.25283605,100.78194787096774,17.66466746124405,0.22917473630630852,35,64,,True,True,,136,56.69694568066818
66,2026-09-19T05:45:52.578+00:00,2026-09-19T05:48:11.425+00:00,2026-09-19T05:48:16.158+00:00,True,48,48.0,,48.0,138847.720568,143580.24844,143580.248547,2991.2551780625,47.052509,138847.720568,20026.41371399709,110.16170505,100.69208238297873,14.521615879654444,0.33430782103750484,35,64,,True,True,,221,56.69694568066818
67,2026-09-19T05:45:52.997+00:00,2026-09-19T05:48:13.671+00:00,2026-09-19T05:48:23.419+00:00,True,98,98.0,,98.0,140673.998984,150422.142856,150422.142766,1534.9198241428571,47.937267,140673.998984,14200.076418361166,111.14547885,100.49632857731959,15.412385126756218,0.651499826683203,35,64,,True,True,,391,56.69694568066818
68,2026-09-19T05:45:53.566+00:00,2026-09-19T05:48:16.894+00:00,2026-09-19T05:48:25.036+00:00,True,85,85.0,,85.0,143327.387293,151469.582237,151469.582155,1781.9950841764708,45.144574,143327.387293,15535.53762666728,112.49496459999999,96.9308921904762,20.516733136140406,0.5611687755697576,35,64,,True,True,,309,56.69694568066818
69,2026-09-19T05:45:54.056+00:00,2026-09-19T05:48:19.880+00:00,2026-09-19T05:48:29.358+00:00,True,99,99.0,,99.0,145823.358847,155301.538943,155301.538847,1568.7024125959595,45.318243,145823.358847,14646.092261767613,111.61734489999999,96.71612342857144,20.061070460187867,0.6374695361926566,35,64,,True,True,,397,56.69694568066818
70,2026-09-19T05:45:54.652+00:00,2026-09-19T05:48:22.795+00:00,2026-09-19T05:48:30.917+00:00,True,86,86.0,,86.0,148142.321836,156264.71005999998,156264.71012499998,1817.0315130813951,43.679627,148142.321836,15964.307211969226,112.38824475,95.55750851764705,21.306435319458238,0.5503481878088733,35,64,,True,True,,391,56.69694568066818
71,2026-09-19T05:45:55.097+00:00,2026-09-19T05:48:25.618+00:00,2026-09-19T05:48:32.123+00:00,True,66,66.0,,66.0,150521.252347,157026.500859,157026.500833,2379.189406560606,48.197517,150521.252347,18515.573940588696,112.236813,100.08074633846154,16.965867534874704,0.42031121905508095,35,64,,True,True,,233,56.69694568066818
72,2026-09-19T05:45:55.624+00:00,2026-09-19T05:48:28.268+00:00,2026-09-19T05:48:33.298+00:00,True,52,52.0,,52.0,152644.510289,157674.39470499998,157674.394597,3032.1998960961537,46.88933,152644.510289,21154.315481387184,111.23933799999999,98.62518462745099,17.847182785477724,0.32979356031325885,35,64,,True,True,,225,56.69694568066818
73,2026-09-19T05:45:56.159+00:00,2026-09-19T05:48:31.341+00:00,2026-09-19T05:48:35.269+00:00,True,39,39.0,,39.0,155182.114665,159110.456425,159110.456296,4079.7552896410257,50.033462,155182.114665,24832.475388300114,112.2783789,103.37741473684211,13.356485612424885,0.2451127403960622,35,64,,True,True,,223,56.69694568066818
74,2026-09-19T05:45:56.709+00:00,2026-09-19T05:48:33.942+00:00,2026-09-19T05:48:34.367+00:00,True,5,5.0,,5.0,157232.443498,157658.12465,157658.12462400002,31531.624924800002,98.97617600000001,157232.443498,70268.89396402703,125808.20405180001,106.420288,5.7225955925452805,0.0317141917747656,35,64,,True,True,,12,56.69694568066818
75,2026-09-19T05:45:57.249+00:00,2026-09-19T05:48:37.017+00:00,2026-09-19T05:48:46.144+00:00,True,91,91.0,,91.0,159768.293864,168894.567912,168894.56790300002,1855.9842626703298,44.285185,159768.293864,16737.645472629083,112.21907650000001,101.40304497777778,15.843680601926046,0.5387976719737618,35,64,,True,True,,446,56.69694568066818
76,2026-09-19T05:45:57.859+00:00,2026-09-19T05:48:40.466+00:00,2026-09-19T05:48:43.986+00:00,True,35,35.0,,35.0,162607.130591,166127.243231,166127.24325899998,4746.492664542857,48.789826,162607.130591,27468.123410455555,112.6984061,103.53272470588236,10.590358754556814,0.2106818804627516,35,64,,True,True,,137,56.69694568066818
77,2026-09-19T05:45:58.363+00:00,2026-09-19T05:48:42.795+00:00,2026-09-19T05:48:47.715+00:00,True,52,52.0,,52.0,164431.675437,169351.813421,169351.813351,3256.7656413653845,46.174441,164431.675437,22789.200168269177,111.99851604999999,96.47329380392156,19.223897317553956,0.3070531041243157,35,64,,True,True,,167,56.69694568066818
78,2026-09-19T05:45:58.841+00:00,2026-09-19T05:48:45.933+00:00,2026-09-19T05:48:51.050+00:00,True,53,53.0,,53.0,167091.981688,172208.721784,172208.721899,3249.2211679056604,46.339341,167091.981688,22938.339393628543,110.79171360000001,98.398848,17.675648969172762,0.3077660611550062,35,64,,True,True,,235,56.69694568066818
79,2026-09-19T05:45:59.449+00:00,2026-09-19T05:48:48.855+00:00,2026-09-19T05:48:54.263+00:00,True,54,54.0,,54.0,169406.371478,174814.012566,174814.01250699998,3237.2965279074074,49.107714,169406.371478,23039.406148606,111.62722794999999,102.0309639245283,13.040332512391014,0.3088997226673269,35,64,,True,True,,241,56.69694568066818
80,2026-09-19T05:45:59.852+00:00,2026-09-19T05:48:51.155+00:00,2026-09-19T05:48:54.675+00:00,True,35,35.0,,35.0,171303.51431600002,174823.357388,174823.35737600003,4994.9530678857145,52.362097,171303.51431600002,28938.081477378022,111.25893909999999,103.52479623529412,9.66610582770942,0.20020208124891226,35,64,,True,True,,173,56.69694568066818
81,2026-09-19T05:46:00.355+00:00,2026-09-19T05:48:53.732+00:00,2026-09-19T05:49:00.999+00:00,True,74,74.0,,74.0,173376.430658,180643.736642,180643.736721,2441.131577310811,46.67346,173376.430658,20143.035037580772,111.11086385,99.55213676712329,16.98230983848709,0.4096460877946369,35,64,,True,True,,349,56.69694568066818
82,2026-09-19T05:46:00.863+00:00,2026-09-19T05:48:56.289+00:00,2026-09-19T05:48:56.390+00:00,True,2,2.0,,2.0,175425.63223500003,175527.18513100003,175527.18518600002,87763.59259300001,101.55295100000001,175425.63223500003,123972.84536700432,166659.4282708,101.552896,nan,0.011394246415490304,35,64,,True,True,,8,56.69694568066818
83,2026-09-19T05:46:01.449+00:00,2026-09-19T05:48:59.497+00:00,2026-09-19T05:49:07.125+00:00,True,77,77.0,,77.0,178048.53271,185676.409574,185676.409564,2411.3819423896102,47.300528,178048.53271,20279.082193321905,111.8707474,100.36680084210526,16.50261290348757,0.4146999620288985,35,64,,True,True,,288,56.69694568066818
84,2026-09-19T05:46:01.900+00:00,2026-09-19T05:49:01.938+00:00,2026-09-19T05:49:08.861+00:00,True,69,69.0,,69.0,180038.31647999998,186961.60454399997,186961.60439099997,2709.5884694347824,48.358157,180038.31647999998,21661.815233166544,113.01397980000002,101.81305976470588,15.924620835240864,0.3690597337795172,35,64,,True,True,,324,56.69694568066818
85,2026-09-19T05:46:02.330+00:00,2026-09-19T05:49:04.896+00:00,2026-09-19T05:49:13.971+00:00,True,91,91.0,,91.0,182566.229833,191641.57677699998,191641.57676899998,2105.951393065934,47.070069000000004,182566.229833,19127.578115610915,113.0709195,100.83718826666667,17.238857300864403,0.47484476766693684,35,64,,True,True,,439,56.69694568066818
86,2026-09-19T05:46:02.707+00:00,2026-09-19T05:49:06.860+00:00,2026-09-19T05:49:07.721+00:00,True,10,10.0,,10.0,184152.71634,185014.2293,185014.22918400003,18501.4229184,50.145482,184152.71634,58203.936212815664,101335.50579795001,95.72366222222223,24.529328938355498,0.05404989679893772,35,64,,True,True,,31,56.69694568066818
87,2026-09-19T05:46:03.207+00:00,2026-09-19T05:49:09.170+00:00,2026-09-19T05:49:14.606+00:00,True,56,56.0,,56.0,185962.82181999998,191398.86098799997,191398.86097999997,3417.8368032142853,47.952647,185962.82181999998,24837.12688143816,111.92198225,98.83707578181819,19.068377534447418,0.29258272338157226,35,64,,True,True,,262,56.69694568066818
88,2026-09-19T05:46:03.734+00:00,2026-09-19T05:49:12.145+00:00,2026-09-19T05:49:16.113+00:00,True,40,40.0,,40.0,188410.716358,192379.003078,192379.003002,4809.47507505,46.342241,188410.716358,29774.265871612,112.76501795000001,101.75094153846153,15.914299531033503,0.20792289886117152,35,64,,True,True,,230,56.69694568066818
89,2026-09-19T05:46:04.267+00:00,2026-09-19T05:49:15.142+00:00,2026-09-19T05:49:24.588+00:00,True,95,95.0,,95.0,190874.825638,200320.784294,200320.784437,2108.6398361789475,44.203555,190874.825638,19573.041399607766,113.5313474,100.48892187234043,17.15669915744538,0.4742393573128868,35,64,,True,True,,330,56.69694568066818
90,2026-09-19T05:46:04.867+00:00,2026-09-19T05:49:18.346+00:00,2026-09-19T05:49:22.359+00:00,True,42,42.0,,42.0,193478.499118,197492.15083,197492.150927,4702.194069690477,44.319875999999994,193478.499118,29839.28124558865,111.37408415,97.89394419512195,19.23741680215083,0.21266667978188833,35,64,,True,True,,218,56.69694568066818
91,2026-09-19T05:46:05.459+00:00,2026-09-19T05:49:21.639+00:00,2026-09-19T05:49:26.888+00:00,True,52,52.0,,52.0,196180.74306900002,201429.49110100002,201429.49097900002,3873.6440572884617,43.916326,196180.74306900002,27191.1057873473,111.96368115000001,102.91662807843137,14.10464819044392,0.2581548496983808,35,64,,True,True,,189,56.69694568066818
92,2026-09-19T05:46:05.963+00:00,2026-09-19T05:49:24.588+00:00,2026-09-19T05:49:31.354+00:00,True,66,66.0,,66.0,198625.525745,205390.951665,205390.951618,3111.984115424242,48.605255,198625.525745,24436.303382005288,112.127506,104.0834756923077,12.327510011437921,0.32133840105891504,35,64,,True,True,,318,56.69694568066818
93,2026-09-19T05:46:06.314+00:00,2026-09-19T05:49:26.469+00:00,2026-09-19T05:49:29.200+00:00,True,27,27.0,,27.0,200155.403308,202886.436908,202886.436953,7514.312479740741,94.52556799999999,200155.403308,38499.71057327851,110.9176756,105.03975384615384,3.547140486079949,0.13307937391715988,35,64,,True,True,,140,56.69694568066818
94,2026-09-19T05:46:06.846+00:00,2026-09-19T05:49:29.420+00:00,2026-09-19T05:49:37.546+00:00,True,80,80.0,,80.0,202573.916486,210699.725638,210699.725678,2633.746570975,42.946079,202573.916486,22636.958793686594,113.47568395,102.85834369620252,17.023002861533012,0.3796872528322452,35,64,,True,True,,282,56.69694568066818
95,2026-09-19T05:46:07.466+00:00,2026-09-19T05:49:32.975+00:00,2026-09-19T05:49:38.784+00:00,True,57,57.0,,57.0,205508.514748,211317.54591599997,211317.545979,3707.3253680526313,49.647653,205508.514748,27206.531234376984,114.7422258,103.73269942857144,13.361872325663226,0.2697362386683113,35,64,,True,True,,184,56.69694568066818
96,2026-09-19T05:46:07.854+00:00,2026-09-19T05:49:35.251+00:00,2026-09-19T05:49:39.389+00:00,True,42,42.0,,42.0,207397.413604,211535.131876,211535.132028,5036.550762571429,46.855968999999995,207397.413604,31986.546841877913,115.10268205,100.91995785365854,15.013405765435213,0.1985485797442858,35,64,,True,True,,235,56.69694568066818
97,2026-09-19T05:46:08.326+00:00,2026-09-19T05:49:38.162+00:00,2026-09-19T05:49:47.277+00:00,True,95,95.0,,95.0,209835.75354499999,218950.794569,218950.794581,2304.745206115789,43.89033,209835.75354499999,21518.754698074783,112.79594069999999,96.96852153191489,20.216408800808118,0.4338874411805881,35,64,,True,True,,450,56.69694568066818
98,2026-09-19T05:46:08.943+00:00,2026-09-19T05:49:41.460+00:00,2026-09-19T05:49:42.674+00:00,True,13,13.0,,13.0,212517.439461,213731.164133,213731.164277,16440.858790538463,55.525132,212517.439461,58913.68217208227,85073.9319042,101.14372266666668,14.832942500730173,0.06082407332938306,35,64,,True,True,,44,56.69694568066818
99,2026-09-19T05:46:09.495+00:00,2026-09-19T05:49:44.368+00:00,2026-09-19T05:49:46.529+00:00,True,23,23.0,,23.0,214872.77812200002,217034.32026600002,217034.32031600003,9436.274796347827,46.529733,214872.77812200002,44783.58885182436,112.044426,98.25191563636363,20.240273823280173,0.10597402278041052,35,64,,True,True,,84,56.69694568066818
100,2026-09-19T05:46:10.095+00:00,2026-09-19T05:49:47.231+00:00,2026-09-19T05:49:50.184+00:00,True,32,32.0,,32.0,217136.18519800002,220089.20612600003,220089.20611800003,6877.787691187501,46.505002999999995,217136.18519800002,38367.78345363162,110.52328515,95.25873961290323,21.31580509737638,0.14539559010304282,35,64,,True,True,,101,56.69694568066818
101,2026-09-19T05:46:10.563+00:00,2026-09-19T05:49:49.879+00:00,2026-09-19T05:49:55.120+00:00,True,55,55.0,,55.0,219315.91847099998,224556.91482299997,224556.914745,4082.852995363636,48.313449,219315.91847099998,29559.47002055676,109.7850888,97.055488,16.583783239630414,0.24492677076255723,35,64,,True,True,,311,56.69694568066818
102,2026-09-19T05:46:11.025+00:00,2026-09-19T05:49:52.222+00:00,2026-09-19T05:49:56.075+00:00,True,40,40.0,,40.0,221196.998483,225049.38581100001,225049.385683,5626.234642075,44.951106,221196.998483,34958.70219270085,111.35244275000001,98.77916225641026,17.379167869046064,0.1777387654529865,35,64,,True,True,,132,56.69694568066818
103,2026-09-19T05:46:11.393+00:00,2026-09-19T05:49:54.379+00:00,2026-09-19T05:49:57.135+00:00,True,28,28.0,,28.0,222985.388085,225741.39755700002,225741.397731,8062.192776107143,48.525228000000006,222985.388085,42120.9896827527,112.43382734999999,102.0744248888889,15.049422162057807,0.12403573426504529,35,64,,True,True,,140,56.69694568066818
104,2026-09-19T05:46:11.901+00:00,2026-09-19T05:49:57.028+00:00,2026-09-19T05:50:03.489+00:00,True,67,67.0,,67.0,225126.740869,231587.835269,231587.83526300002,3456.534854671642,43.880471,225126.740869,27491.656549416446,112.35847229999999,97.89536969696971,20.504362020212483,0.28930707833672004,35,64,,True,True,,311,56.69694568066818
105,2026-09-19T05:46:12.510+00:00,2026-09-19T05:50:00.509+00:00,2026-09-19T05:50:08.012+00:00,True,80,80.0,,80.0,227998.466273,235501.95273699999,235501.952797,2943.7744099625,44.617708,227998.466273,25480.393322142532,111.41753940000001,94.9808413164557,21.595356371141698,0.339699943334827,35,64,,True,True,,276,56.69694568066818
106,2026-09-19T05:46:12.882+00:00,2026-09-19T05:50:02.702+00:00,2026-09-19T05:50:04.014+00:00,True,14,14.0,,14.0,229820.771128,231132.329272,231132.32925799998,16509.452089857143,54.092856,229820.771128,61395.222626301766,80510.44186445,100.889088,14.860005555566481,0.060571362059543776,35,64,,True,True,,41,56.69694568066818
107,2026-09-19T05:46:13.403+00:00,2026-09-19T05:50:05.352+00:00,2026-09-19T05:50:08.327+00:00,True,34,34.0,,34.0,231948.842113,234924.377729,234924.377741,6909.540521794117,45.185516,231948.842113,39763.44186836166,119.45065084999999,90.16774593939394,24.403411566250405,0.1447274238998778,35,64,,True,True,,152,56.69694568066818
108,2026-09-19T05:46:13.889+00:00,2026-09-19T05:50:08.935+00:00,2026-09-19T05:50:18.836+00:00,True,100,100.0,,100.0,235045.79073500002,244946.176015,244946.176019,2449.46176019,45.338385,235045.79073500002,23494.585427478258,113.82113905000001,100.00389171717171,17.891024776640307,0.4082529542893383,35,64,,True,True,,354,56.69694568066818
109,2026-09-19T05:46:14.300+00:00,2026-09-19T05:50:10.625+00:00,2026-09-19T05:50:11.830+00:00,True,13,13.0,,13.0,236325.540339,237530.149363,237530.149385,18271.54995269231,51.333842,236325.540339,65517.072164025274,94596.4920486,100.38408533333333,16.48418349823712,0.05472989443598189,35,64,,True,True,,47,56.69694568066818
110,2026-09-19T05:46:14.693+00:00,2026-09-19T05:50:12.674+00:00,2026-09-19T05:50:21.983+00:00,True,95,95.0,,95.0,237980.892858,247289.765818,247289.765755,2603.0501658421053,44.559577,237980.892858,24406.171679789248,114.84453939999999,99.03056340425532,19.329448530756675,0.3841647052628857,35,64,,True,True,,401,56.69694568066818
111,2026-09-19T05:46:15.083+00:00,2026-09-19T05:50:14.844+00:00,2026-09-19T05:50:23.007+00:00,True,85,85.0,,85.0,239761.83762900002,247923.918397,247923.918226,2916.751979129412,44.642027,239761.83762900002,25995.29100282321,114.604909,97.1676281904762,20.140754842483,0.34284711434694937,35,64,,True,True,,211,56.69694568066818
112,2026-09-19T05:46:15.476+00:00,2026-09-19T05:50:17.505+00:00,2026-09-19T05:50:22.081+00:00,True,48,48.0,,48.0,242028.79440900002,246604.33616900002,246604.33607600004,5137.590334916667,44.455207,242028.79440900002,34919.80111312402,114.11221819999999,97.35195234042554,19.36618967722095,0.19464377936609029,35,64,,True,True,,213,56.69694568066818
113,2026-09-19T05:46:16.093+00:00,2026-09-19T05:50:20.816+00:00,2026-09-19T05:50:28.301+00:00,True,79,79.0,,79.0,244722.565543,252208.284839,252208.284758,3192.5099336455696,47.44308,244722.565543,27522.64806816583,108.68697990000001,95.9707602051282,18.083390362036265,0.3132331677780948,35,64,,True,True,,302,56.69694568066818
114,2026-09-19T05:46:16.556+00:00,2026-09-19T05:50:22.802+00:00,2026-09-19T05:50:27.984+00:00,True,56,56.0,,56.0,246246.02462799998,251428.050868,251428.05069799998,4489.786619607143,45.912534,246246.02462799998,32893.42469188342,110.15578025,94.2186589090909,20.06793955889869,0.22272773386530392,35,64,,True,True,,167,56.69694568066818
115,2026-09-19T05:46:17.158+00:00,2026-09-19T05:50:26.384+00:00,2026-09-19T05:50:26.601+00:00,True,3,3.0,,3.0,249225.223895,249442.402007,249442.401915,83147.467305,105.590837,249225.223895,143827.55624171783,224313.86022380003,108.589056,4.239834887411536,0.012026824532886804,35,64,,True,True,,6,56.69694568066818
116,2026-09-19T05:46:17.510+00:00,2026-09-19T05:50:28.089+00:00,2026-09-19T05:50:32.283+00:00,True,41,41.0,,41.0,250578.68076800002,254772.908992,254772.90905000002,6213.973391463415,93.115986,250578.68076800002,39117.43967916204,110.182446,104.8557056,3.636050031777727,0.16092762830324092,35,64,,True,True,,185,56.69694568066818
117,2026-09-19T05:46:17.981+00:00,2026-09-19T05:50:30.514+00:00,2026-09-19T05:50:36.586+00:00,True,61,61.0,,61.0,252532.980191,258604.44489500002,258604.444801,4239.417127885246,50.343734,252532.980191,32320.58095766892,110.81649499999999,101.19107840000001,12.252245806201266,0.23588148310740578,35,64,,True,True,,308,56.69694568066818
118,2026-09-19T05:46:18.562+00:00,2026-09-19T05:50:33.089+00:00,2026-09-19T05:50:34.906+00:00,True,20,20.0,,20.0,254527.396504,256344.506776,256344.506761,12817.22533805,44.850447,254527.396504,56892.67443193807,12831.895629500003,95.63738273684211,20.587063242725527,0.07802000616879409,35,64,,True,True,,74,56.69694568066818
119,2026-09-19T05:46:18.928+00:00,2026-09-19T05:50:35.110+00:00,2026-09-19T05:50:38.626+00:00,True,36,36.0,,36.0,256182.159635,259698.40411499998,259698.404028,7213.8445563333335,46.944131999999996,256182.159635,42680.28632899894,114.1313255,100.464128,18.138251697935402,0.13862233817986205,35,64,,True,True,,142,56.69694568066818
120,2026-09-19T05:46:19.349+00:00,2026-09-19T05:50:37.596+00:00,2026-09-19T05:50:37.648+00:00,True,2,2.0,,2.0,258246.31431400002,258298.71418600003,258298.71409300002,129149.35704650001,52.399779,258246.31431400002,182570.6678287984,245336.61858725004,52.399872,nan,0.0077429731166211175,35,64,,True,True,,4,56.69694568066818
121,2026-09-19T05:46:19.784+00:00,2026-09-19T05:50:40.180+00:00,2026-09-19T05:50:42.518+00:00,True,25,25.0,,25.0,260395.88266499998,262734.714025,262734.71417,10509.388566799998,48.724708,260395.88266499998,52059.690264995304,113.53953240000001,97.45130666666667,20.832458147890517,0.09515301429723205,35,64,,True,True,,58,56.69694568066818
122,2026-09-19T05:46:20.341+00:00,2026-09-19T05:50:42.943+00:00,2026-09-19T05:50:46.202+00:00,True,33,33.0,,33.0,262602.66762900003,265861.729133,265861.729111,8056.416033666667,47.493911,262602.66762900003,45695.52892927084,109.9528168,101.845672,10.444948065563414,0.12412467227839105,35,64,,True,True,,127,56.69694568066818
123,2026-09-19T05:46:20.709+00:00,2026-09-19T05:50:45.076+00:00,2026-09-19T05:50:48.328+00:00,True,35,35.0,,35.0,264367.166243,267618.68573100003,267618.685772,7646.2481649142865,46.309984,264367.166243,44670.04598954562,108.12174940000001,95.63292611764705,18.782157421925707,0.13078309500099947,35,64,,True,True,,161,56.69694568066818
124,2026-09-19T05:46:21.075+00:00,2026-09-19T05:50:47.143+00:00,2026-09-19T05:50:56.015+00:00,True,93,93.0,,93.0,266067.902304,274940.05616,274940.056274,2956.3446911182796,50.760743999999995,266067.902304,27579.961670242705,110.4889202,96.43645495652173,17.424113565111426,0.33825555031486254,35,64,,True,True,,276,56.69694568066818
125,2026-09-19T05:46:21.414+00:00,2026-09-19T05:50:48.897+00:00,2026-09-19T05:50:51.293+00:00,True,26,26.0,,26.0,267482.582789,269879.120389,269879.120489,10379.966172653847,47.96175,267482.582789,52438.854345183776,115.50078975000001,95.861504,20.852721010797993,0.09633942767607945,35,64,,True,True,,115,56.69694568066818
126,2026-09-19T05:46:22.791+00:00,2026-09-19T05:50:54.544+00:00,2026-09-19T05:50:58.851+00:00,True,44,44.0,,44.0,271752.820698,276059.85993000004,276059.860074,6274.087728954546,44.639478000000004,271752.820698,40953.18227620627,111.643906,100.16370306976745,16.741588137785367,0.1593857216733972,35,64,,True,True,,216,56.69694568066818
128,2026-09-19T05:46:22.888+00:00,2026-09-19T05:50:56.221+00:00,2026-09-19T05:51:02.657+00:00,True,66,66.0,,66.0,273332.87166500004,279768.79435300006,279768.794286,4238.921125545455,48.749018,273332.87166500004,33632.767242373986,111.64260850000001,99.0141952,17.219492673294923,0.23590908397283247,35,64,,True,True,,271,56.69694568066818
127,2026-09-19T05:46:22.880+00:00,2026-09-19T05:50:56.221+00:00,2026-09-19T05:51:01.026+00:00,True,50,50.0,,50.0,273340.81139700004,278146.05350900005,278146.05353000003,5562.921070600001,42.707782,273340.81139700004,38642.36443556374,111.48010435,98.06616555102042,19.50662810597972,0.17976167329795364,35,64,,True,True,,187,56.69694568066818
129,2026-09-19T05:46:23.439+00:00,2026-09-19T05:50:59.628+00:00,2026-09-19T05:51:00.405+00:00,True,9,9.0,,9.0,276189.71780800004,276966.02142400004,276966.021307,30774.00236744445,53.797586,276189.71780800004,92030.89475736303,165756.17133560003,97.037952,17.567721744515097,0.032494960767126504,35,64,,True,True,,25,56.69694568066818
130,2026-09-19T05:46:23.953+00:00,2026-09-19T05:51:02.658+00:00,2026-09-19T05:51:08.811+00:00,True,64,64.0,,64.0,278704.522406,284857.33239,284857.332457,4450.895819640625,43.75506,278704.522406,34825.862935072575,112.28816365,97.66365053968254,19.891891691976042,0.22467387257694735,35,64,,True,True,,298,56.69694568066818
131,2026-09-19T05:46:24.375+00:00,2026-09-19T05:51:04.691+00:00,2026-09-19T05:51:11.824+00:00,True,75,75.0,,75.0,280315.59632300003,287448.93264300004,287448.932694,3832.6524359200002,45.294056,280315.59632300003,32356.93189148786,109.706459,96.39643675675676,19.49632553373131,0.26091591055983143,35,64,,True,True,,359,56.69694568066818
132,2026-09-19T05:46:24.793+00:00,2026-09-19T05:51:07.156+00:00,2026-09-19T05:51:13.650+00:00,True,68,68.0,,68.0,282362.92309,288856.369234,288856.369379,4247.887784985294,47.97438,282362.92309,34229.786291658806,110.24873049999998,96.91710662686567,19.006572390835405,0.2354111151515368,35,64,,True,True,,340,56.69694568066818
133,2026-09-19T05:46:25.129+00:00,2026-09-19T05:51:09.010+00:00,2026-09-19T05:51:10.054+00:00,True,12,12.0,,12.0,283880.456389,284925.077189,284925.077312,23743.756442666665,47.350522,283880.456389,81921.81743023045,127807.90904565001,94.96552727272727,21.907283925794676,0.04211633499721758,35,64,,True,True,,37,56.69694568066818
134,2026-09-19T05:46:25.721+00:00,2026-09-19T05:51:11.822+00:00,2026-09-19T05:51:16.721+00:00,True,51,51.0,,51.0,286100.672326,291000.259142,291000.259152,5705.887434352941,46.828732,286100.672326,40048.38993960954,111.598874,97.99173631999999,18.48079337698728,0.17525757588797686,35,64,,True,True,,261,56.69694568066818
135,2026-09-19T05:46:26.334+00:00,2026-09-19T05:51:15.413+00:00,2026-09-19T05:51:24.820+00:00,True,95,95.0,,95.0,289078.526273,298485.303617,298485.303797,3141.9505662842107,46.513233,289078.526273,29648.56942695869,113.3550901,100.07209940425531,18.331858380230614,0.3182736263688841,35,64,,True,True,,467,56.69694568066818
136,2026-09-19T05:46:26.767+00:00,2026-09-19T05:51:17.625+00:00,2026-09-19T05:51:20.190+00:00,True,26,26.0,,26.0,290858.497071,293423.197743,293423.197826,11285.507608692307,46.140184,290858.497071,57021.926467344885,113.8034935,102.58802688,12.511350294223323,0.08860921767600859,35,64,,True,True,,86,56.69694568066818
137,2026-09-19T05:46:27.319+00:00,2026-09-19T05:51:19.977+00:00,2026-09-19T05:51:27.360+00:00,False,76,75.0,,75.0,292657.427922,300040.823762,300040.823819,3947.9055765657895,0.022719999999999997,292657.427922,33558.82472409214,115.69505975,98.44527786666666,23.14112368871206,0.24996598482709106,35,64,,True,False,Request timeout: 300.0s exceeded,408,56.69694568066818
138,2026-09-19T05:46:27.745+00:00,2026-09-19T05:51:23.397+00:00,2026-09-19T05:51:27.780+00:00,False,45,44.0,,44.0,295652.049861,300035.229893,300035.229733,6667.449549622222,0.019379999999999998,295652.049861,44058.36116162713,114.221492,99.617728,23.032242198100047,0.14664944518579198,35,64,,True,False,Request timeout: 300.0s exceeded,187,56.69694568066818
139,2026-09-19T05:46:28.281+00:00,2026-09-19T05:51:26.189+00:00,2026-09-19T05:51:28.301+00:00,False,23,22.0,,22.0,297908.75164,300020.73832799995,300020.738204,13044.379921913041,0.03642,297908.75164,62098.25704496699,111.49961400000001,95.99939490909091,26.776822259347213,0.07332826431467658,35,64,,True,False,Request timeout: 300.0s exceeded,93,56.69694568066818
140,2026-09-19T05:46:28.883+00:00,2026-09-19T05:51:28.952+00:00,2026-09-19T05:51:29.603+00:00,False,8,7.0,,7.0,300068.674556,300719.990268,300719.99021099997,37589.998776374996,0.03429,300068.674556,106057.40779255693,195085.33825479995,93.04510171428572,41.324482799269354,0.02327746816485874,35,64,,True,False,Request timeout: 300.0s exceeded,20,56.69694568066818
141,2026-09-19T05:46:29.268+00:00,2026-09-19T05:51:29.601+00:00,2026-09-19T05:51:29.601+00:00,False,1,0.0,,0.0,300333.115078,300333.115078,300333.115078,300333.115078,300333.115078,300333.115078,nan,300333.115078,nan,nan,0.0,35,64,,True,False,TTFT timeout: 300.0s exceeded (TTFT: 300.004s),0,56.69694568066818
142,2026-09-19T05:46:29.613+00:00,2026-09-19T05:51:29.643+00:00,2026-09-19T05:51:29.643+00:00,False,1,0.0,,0.0,300030.109251,300030.109251,300030.109251,300030.109251,300030.109251,300030.109251,nan,300030.109251,nan,nan,0.0,35,64,,True,False,"HTTPConnectionPool(host='gpu03', port=9002): Read timed out.",0,56.69694568066818
143,2026-09-19T05:46:30.093+00:00,2026-09-19T05:51:30.130+00:00,2026-09-19T05:51:30.130+00:00,False,1,0.0,,0.0,300036.356471,300036.356471,300036.356471,300036.356471,300036.356471,300036.356471,nan,300036.356471,nan,nan,0.0,35,64,,True,False,"HTTPConnectionPool(host='gpu03', port=9002): Read timed out.",0,56.69694568066818
144,2026-09-19T05:46:30.608+00:00,2026-09-19T05:51:30.713+00:00,2026-09-19T05:51:30.713+00:00,False,1,0.0,,0.0,300104.84245,300104.84245,300104.84245,300104.84245,300104.84245,300104.84245,nan,300104.84245,nan,nan,0.0,35,64,,True,False,"HTTPConnectionPool(host='gpu03', port=9002): Read timed out.",0,56.69694568066818
145,2026-09-19T05:46:31.020+00:00,2026-09-19T05:51:30.986+00:00,2026-09-19T05:51:31.097+00:00,False,3,2.0,,2.0,299966.40684899996,300077.39052899997,300077.39065499994,100025.79688499999,0.0436,299966.40684899996,173153.65635497443,269980.8601847,55.49184,78.41576615480334,0.006664947320670322,35,64,,True,False,Request timeout: 300.0s exceeded,5,56.69694568066818
146,2026-09-19T05:46:31.389+00:00,2026-09-19T05:51:31.098+00:00,2026-09-19T05:51:31.411+00:00,False,6,5.0,,5.0,299708.36667,300021.584206,300021.584071,50003.59734516667,0.04034,299708.36667,122329.86081452471,224808.699212,62.6435072,44.85038494799155,0.016665467630378596,35,64,,True,False,Request timeout: 300.0s exceeded,12,56.69694568066818
147,2026-09-19T05:46:31.750+00:00,2026-09-19T05:51:31.633+00:00,2026-09-19T05:51:31.840+00:00,False,4,3.0,,3.0,299882.658099,300089.95461099996,300089.954623,75022.48865575,0.06655,299882.658099,149906.78760657768,254916.35604525,69.09883733333332,59.89785344703155,0.009997002411789607,35,64,,True,False,Request timeout: 300.0s exceeded,13,56.69694568066818
148,2026-09-19T05:46:32.360+00:00,2026-09-19T05:51:32.412+00:00,2026-09-19T05:51:32.412+00:00,False,1,0.0,,0.0,300052.092301,300052.092301,300052.092301,300052.092301,300052.092301,300052.092301,nan,300052.092301,nan,nan,0.0,35,64,,True,False,"HTTPConnectionPool(host='gpu03', port=9002): Read timed out.",0,56.69694568066818
149,2026-09-19T05:46:32.893+00:00,2026-09-19T05:51:32.911+00:00,2026-09-19T05:51:33.024+00:00,False,3,2.0,,2.0,300017.98006699997,300130.89014699997,300130.89019699994,100043.63006566666,0.046249000000000005,300017.98006699997,173182.87639312478,270027.4684484,56.45504,79.77395423268946,0.006663759265234004,35,64,,True,False,Request timeout: 300.0s exceeded,8,56.69694568066818
150,2026-09-19T05:46:33.311+00:00,2026-09-19T05:51:33.330+00:00,2026-09-19T05:51:33.330+00:00,False,1,0.0,,0.0,300019.34527399996,300019.34527399996,300019.34527399996,300019.34527399996,300019.34527399996,300019.34527399996,nan,300019.34527399996,nan,nan,0.0,35,64,,True,False,TTFT timeout: 300.0s exceeded (TTFT: 300.014s),0,56.69694568066818
151,2026-09-19T05:46:33.707+00:00,2026-09-19T05:51:33.796+00:00,2026-09-19T05:51:33.796+00:00,False,1,0.0,,0.0,300089.226833,300089.226833,300089.226833,300089.226833,300089.226833,300089.226833,nan,300089.226833,nan,nan,0.0,35,64,,True,False,"HTTPConnectionPool(host='gpu03', port=9002): Read timed out.",0,56.69694568066818
152,2026-09-19T05:46:34.110+00:00,2026-09-19T05:51:34.139+00:00,2026-09-19T05:51:34.139+00:00,False,1,0.0,,0.0,300029.413811,300029.413811,300029.413811,300029.413811,300029.413811,300029.413811,nan,300029.413811,nan,nan,0.0,35,64,,True,False,TTFT timeout: 300.0s exceeded (TTFT: 300.023s),0,56.69694568066818
153,2026-09-19T05:46:34.517+00:00,2026-09-19T05:51:34.409+00:00,2026-09-19T05:51:34.548+00:00,False,3,2.0,,2.0,299891.35271899996,300031.17454299994,300031.174418,100010.39147266666,0.02807,299891.35271899996,173102.00427832,269916.19680999994,69.910912,98.82913565435553,0.006665973971026012,35,64,,True,False,Request timeout: 300.0s exceeded,5,56.69694568066818
154,2026-09-19T05:46:34.934+00:00,2026-09-19T05:51:34.853+00:00,2026-09-19T05:51:35.007+00:00,False,4,3.0,,3.0,299918.963257,300072.822585,300072.822784,75018.205696,0.06376,299918.963257,149933.8445211383,254946.88856665,51.286442666666666,52.58309135581853,0.009997573169593543,35,64,,True,False,Request timeout: 300.0s exceeded,10,56.69694568066818
155,2026-09-19T05:46:35.502+00:00,2026-09-19T05:51:35.612+00:00,2026-09-19T05:51:35.612+00:00,False,1,0.0,,0.0,300109.258258,300109.258258,300109.258258,300109.258258,300109.258258,300109.258258,nan,300109.258258,nan,nan,0.0,35,64,,True,False,"HTTPConnectionPool(host='gpu03', port=9002): Read timed out.",0,56.69694568066818
156,2026-09-19T05:46:36.030+00:00,2026-09-19T05:51:35.891+00:00,2026-09-19T05:51:36.150+00:00,False,4,3.0,,3.0,299861.295444,300120.812628,300120.81264799996,75030.20316199999,0.02092,299861.295444,149887.40734448266,254901.94521029998,86.505728,74.94144905278348,0.009995974533490626,35,64,,True,False,Request timeout: 300.0s exceeded,13,56.69694568066818
157,2026-09-19T05:46:36.434+00:00,2026-09-19T05:51:36.150+00:00,2026-09-19T05:51:36.451+00:00,False,5,4.0,,4.0,299715.937928,300016.684168,300016.684067,60003.3368134,0.03623,299715.937928,134003.42486004825,239793.5316986,75.18656,50.2674859479762,0.013332591855991997,35,64,,True,False,Request timeout: 300.0s exceeded,12,56.69694568066818
158,2026-09-19T05:46:36.892+00:00,2026-09-19T05:51:36.992+00:00,2026-09-19T05:51:36.992+00:00,False,1,0.0,,0.0,300100.20638,300100.20638,300100.20638,300100.20638,300100.20638,300100.20638,nan,300100.20638,nan,nan,0.0,35,64,,True,False,"HTTPConnectionPool(host='gpu03', port=9002): Read timed out.",0,56.69694568066818
159,2026-09-19T05:46:37.717+00:00,2026-09-19T05:51:37.571+00:00,2026-09-19T05:51:37.995+00:00,False,6,5.0,,5.0,299853.615287,300277.595831,300277.59590400005,50046.265984000005,0.027579999999999997,299853.615287,122380.11540581459,224918.26495075002,84.7961088,47.7355722767932,0.016651258933130873,35,64,,True,False,Request timeout: 300.0s exceeded,12,56.69694568066818
160,2026-09-19T05:46:37.829+00:00,2026-09-19T05:51:37.784+00:00,2026-09-19T05:51:37.995+00:00,False,4,3.0,,3.0,299954.519941,300166.22810099996,300166.228175,75041.55704375,0.02465,299954.519941,149941.98376651207,254978.65581909998,70.56938666666667,61.8407696426628,0.009994462131797718,35,64,,True,False,Request timeout: 300.0s exceeded,10,56.69694568066818
161,2026-09-19T05:46:38.269+00:00,2026-09-19T05:51:38.323+00:00,2026-09-19T05:51:38.323+00:00,False,1,0.0,,0.0,300053.467146,300053.467146,300053.467146,300053.467146,300053.467146,300053.467146,nan,300053.467146,nan,nan,0.0,35,64,,True,False,"HTTPConnectionPool(host='gpu03', port=9002): Read timed out.",0,56.69694568066818
162,2026-09-19T05:46:38.870+00:00,2026-09-19T05:51:39.173+00:00,2026-09-19T05:51:39.526+00:00,False,6,5.0,,5.0,300303.09203299996,300655.78630499996,300655.78617499996,50109.297695833324,0.039020000000000006,300303.09203299996,122569.44169576367,225273.2436495,70.5388544,68.04095428532962,0.016630313560397455,35,64,,True,False,Request timeout: 300.0s exceeded,22,56.69694568066818
163,2026-09-19T05:46:39.405+00:00,2026-09-19T05:51:39.354+00:00,2026-09-19T05:51:39.685+00:00,False,7,6.0,,6.0,299949.550812,300280.824284,300280.824262,42897.26060885714,0.03009,299949.550812,113349.41037628894,209997.49577609997,55.212245333333335,35.90942636406655,0.019981295889628013,35,64,,True,False,Request timeout: 300.0s exceeded,24,56.69694568066818
164,2026-09-19T05:46:39.824+00:00,2026-09-19T05:51:39.939+00:00,2026-09-19T05:51:39.939+00:00,False,1,0.0,,0.0,300115.124664,300115.124664,300115.124664,300115.124664,300115.124664,300115.124664,nan,300115.124664,nan,nan,0.0,35,64,,True,False,"HTTPConnectionPool(host='gpu03', port=9002): Read timed out.",0,56.69694568066818
165,2026-09-19T05:46:40.411+00:00,2026-09-19T05:51:40.494+00:00,2026-09-19T05:51:40.494+00:00,False,1,0.0,,0.0,300083.832655,300083.832655,300083.832655,300083.832655,300083.832655,300083.832655,nan,300083.832655,nan,nan,0.0,35,64,,True,False,"HTTPConnectionPool(host='gpu03', port=9002): Read timed out.",0,56.69694568066818
166,2026-09-19T05:46:40.990+00:00,2026-09-19T05:51:40.954+00:00,2026-09-19T05:51:41.081+00:00,False,3,2.0,,2.0,299964.088659,300090.391123,300090.391339,100030.13044633334,0.02624,299964.088659,173147.89839820898,269980.3074371,63.151232,89.2724008304291,0.006664658580088447,35,64,,True,False,Request timeout: 300.0s exceeded,12,56.69694568066818
167,2026-09-19T05:46:41.457+00:00,2026-09-19T05:51:41.080+00:00,2026-09-19T05:51:41.519+00:00,False,7,6.0,,6.0,299623.593194,300062.404586,300062.404568,42866.057795428576,0.028239999999999998,299623.593194,113219.43690952283,209766.3126314,73.135232,40.12482519244189,0.019995840559493876,35,64,,True,False,Request timeout: 300.0s exceeded,14,56.69694568066818
168,2026-09-19T05:46:41.951+00:00,2026-09-19T05:51:42.010+00:00,2026-09-19T05:51:42.010+00:00,False,1,0.0,,0.0,300059.16601,300059.16601,300059.16601,300059.16601,300059.16601,300059.16601,nan,300059.16601,nan,nan,0.0,35,64,,True,False,"HTTPConnectionPool(host='gpu03', port=9002): Read timed out.",0,56.69694568066818
169,2026-09-19T05:46:42.362+00:00,2026-09-19T05:51:42.400+00:00,2026-09-19T05:51:42.400+00:00,False,1,0.0,,0.0,300038.016759,300038.016759,300038.016759,300038.016759,300038.016759,300038.016759,nan,300038.016759,nan,nan,0.0,35,64,,True,False,TTFT timeout: 300.0s exceeded (TTFT: 300.033s),0,56.69694568066818
170,2026-09-19T05:46:42.922+00:00,2026-09-19T05:51:42.816+00:00,2026-09-19T05:51:43.036+00:00,False,4,3.0,,3.0,299894.536737,300113.978401,300113.978434,75028.4946085,0.04003,299894.536737,149910.7036953228,254927.36150895,73.14722133333333,63.41891269898914,0.009996202162871344,35,64,,True,False,Request timeout: 300.0s exceeded,13,56.69694568066818
171,2026-09-19T05:46:43.269+00:00,2026-09-19T05:51:43.037+00:00,2026-09-19T05:51:43.344+00:00,False,5,4.0,,4.0,299767.60818599997,300075.41977,300075.419879,60015.08397579999,0.05321,299767.60818599997,134025.7428547749,239835.2756462,76.952896,51.3474575262178,0.013329982186031418,35,64,,True,False,Request timeout: 300.0s exceeded,13,56.69694568066818
172,2026-09-19T05:46:43.754+00:00,2026-09-19T05:51:43.838+00:00,2026-09-19T05:51:43.838+00:00,False,1,0.0,,0.0,300083.81549400004,300083.81549400004,300083.81549400004,300083.81549400004,300083.81549400004,300083.81549400004,nan,300083.81549400004,nan,nan,0.0,35,64,,True,False,"HTTPConnectionPool(host='gpu03', port=9002): Read timed out.",0,56.69694568066818
173,2026-09-19T05:46:44.285+00:00,2026-09-19T05:51:44.349+00:00,2026-09-19T05:51:44.349+00:00,False,1,0.0,,0.0,300063.708779,300063.708779,300063.708779,300063.708779,300063.708779,300063.708779,nan,300063.708779,nan,nan,0.0,35,64,,True,False,TTFT timeout: 300.0s exceeded (TTFT: 300.059s),0,56.69694568066818
174,2026-09-19T05:46:44.838+00:00,2026-09-19T05:51:44.629+00:00,2026-09-19T05:51:44.891+00:00,False,5,4.0,,4.0,299791.189273,300052.598809,300052.598743,60010.519748599996,0.02146,299791.189273,134041.47645150343,239855.04967560002,65.352384,50.95825298597317,0.013330996018288849,35,64,,True,False,Request timeout: 300.0s exceeded,20,56.69694568066818
175,2026-09-19T05:46:45.388+00:00,2026-09-19T05:51:45.501+00:00,2026-09-19T05:51:45.501+00:00,False,1,0.0,,0.0,300113.69991,300113.69991,300113.69991,300113.69991,300113.69991,300113.69991,nan,300113.69991,nan,nan,0.0,35,64,,True,False,"HTTPConnectionPool(host='gpu03', port=9002): Read timed out.",0,56.69694568066818
176,2026-09-19T05:46:45.881+00:00,2026-09-19T05:51:45.865+00:00,2026-09-19T05:51:46.011+00:00,False,3,2.0,,2.0,299984.655142,300130.169382,300130.169338,100043.38977933333,0.08644,299984.655142,173154.23031835738,270000.7324034,72.75712,102.77173679208174,0.006663775268305126,35,64,,True,False,Request timeout: 300.0s exceeded,10,56.69694568066818
177,2026-09-19T05:46:46.479+00:00,2026-09-19T05:51:46.172+00:00,2026-09-19T05:51:46.488+00:00,False,5,4.0,,4.0,299692.396283,300008.33049100003,300008.330449,60001.666089800005,0.039990000000000005,299692.396283,133991.19949972632,239776.8947816,78.983552,53.222263547556366,0.013332963099569651,35,64,,True,False,Request timeout: 300.0s exceeded,14,56.69694568066818
178,2026-09-19T05:46:46.989+00:00,2026-09-19T05:51:47.065+00:00,2026-09-19T05:51:47.065+00:00,False,1,0.0,,0.0,300075.378439,300075.378439,300075.378439,300075.378439,300075.378439,300075.378439,nan,300075.378439,nan,nan,0.0,35,64,,True,False,"HTTPConnectionPool(host='gpu03', port=9002): Read timed out.",0,56.69694568066818
179,2026-09-19T05:46:47.459+00:00,2026-09-19T05:51:47.508+00:00,2026-09-19T05:51:47.508+00:00,False,1,0.0,,0.0,300048.379255,300048.379255,300048.379255,300048.379255,300048.379255,300048.379255,nan,300048.379255,nan,nan,0.0,35,64,,True,False,"HTTPConnectionPool(host='gpu03', port=9002): Read timed out.",0,56.69694568066818
180,2026-09-19T05:46:47.835+00:00,2026-09-19T05:51:47.825+00:00,2026-09-19T05:51:47.933+00:00,False,3,2.0,,2.0,299990.036578,300097.97181,300097.97179,100032.65726333333,0.02339,299990.036578,173168.17856283687,270001.82410240005,53.967616,76.28878895699421,0.006664490226099406,35,64,,True,False,Request timeout: 300.0s exceeded,3,56.69694568066818
181,2026-09-19T05:46:48.189+00:00,2026-09-19T05:51:48.066+00:00,2026-09-19T05:51:48.263+00:00,False,4,3.0,,3.0,299877.33210500004,300073.97722500004,300073.97742400004,75018.49435600001,0.07192,299877.33210500004,149905.89898382715,254910.59362970004,65.54837333333333,56.70996679430371,0.009997534700420072,35,64,,True,False,Request timeout: 300.0s exceeded,13,56.69694568066818
182,2026-09-19T05:46:48.620+00:00,2026-09-19T05:51:48.725+00:00,2026-09-19T05:51:48.725+00:00,False,1,0.0,,0.0,300104.768955,300104.768955,300104.768955,300104.768955,300104.768955,300104.768955,nan,300104.768955,nan,nan,0.0,35,64,,True,False,"HTTPConnectionPool(host='gpu03', port=9002): Read timed out.",0,56.69694568066818
183,2026-09-19T05:46:49.003+00:00,2026-09-19T05:51:49.110+00:00,2026-09-19T05:51:49.110+00:00,False,1,0.0,,0.0,300106.653584,300106.653584,300106.653584,300106.653584,300106.653584,300106.653584,nan,300106.653584,nan,nan,0.0,35,64,,True,False,TTFT timeout: 300.0s exceeded (TTFT: 300.094s),0,56.69694568066818
184,2026-09-19T05:46:49.389+00:00,2026-09-19T05:51:49.391+00:00,2026-09-19T05:51:49.521+00:00,False,3,2.0,,2.0,300002.208808,300132.318248,300132.318228,100044.10607600001,0.049119,300002.208808,173168.80885962883,270014.9939573,65.05472,91.93175589536648,0.006663727557481482,35,64,,True,False,Request timeout: 300.0s exceeded,4,56.69694568066818
185,2026-09-19T05:46:49.746+00:00,2026-09-19T05:51:49.522+00:00,2026-09-19T05:51:49.864+00:00,False,5,4.0,,4.0,299775.839334,300118.19325400004,300118.19332300004,60023.6386646,0.02198,299775.839334,134025.5643607007,239847.1236804,85.58848,59.02410810425737,0.013328082368584253,35,64,,True,False,Request timeout: 300.0s exceeded,14,56.69694568066818
186,2026-09-19T05:46:50.212+00:00,2026-09-19T05:51:50.284+00:00,2026-09-19T05:51:50.284+00:00,False,1,0.0,,0.0,300072.68279299996,300072.68279299996,300072.68279299996,300072.68279299996,300072.68279299996,300072.68279299996,nan,300072.68279299996,nan,nan,0.0,35,64,,True,False,"HTTPConnectionPool(host='gpu03', port=9002): Read timed out.",0,56.69694568066818
187,2026-09-19T05:46:50.685+00:00,2026-09-19T05:51:50.864+00:00,2026-09-19T05:51:51.364+00:00,True,5,5.0,,5.0,300179.590528,300679.17145599995,300679.17139,60135.834277999995,106.874927,300179.590528,134188.54024271696,240173.45132719996,124.895232,19.888087794831158,0.016629020147249134,35,64,,True,True,,16,56.69694568066818
188,2026-09-19T05:46:51.190+00:00,2026-09-19T05:51:51.256+00:00,2026-09-19T05:51:51.567+00:00,False,5,4.0,,4.0,300065.999901,300377.128989,300377.129066,60075.4258132,0.02336,300065.999901,134158.8169438765,240074.280438,77.782272,51.93389880518668,0.013316593089038023,35,64,,True,False,Request timeout: 300.0s exceeded,20,56.69694568066818
189,2026-09-19T05:46:51.683+00:00,2026-09-19T05:51:51.697+00:00,2026-09-19T05:51:51.697+00:00,False,1,0.0,,0.0,300014.063793,300014.063793,300014.063793,300014.063793,300014.063793,300014.063793,nan,300014.063793,nan,nan,0.0,35,64,,True,False,"HTTPConnectionPool(host='gpu03', port=9002): Read timed out.",0,56.69694568066818
190,2026-09-19T05:46:52.105+00:00,2026-09-19T05:51:52.212+00:00,2026-09-19T05:51:52.212+00:00,False,1,0.0,,0.0,300107.057858,300107.057858,300107.057858,300107.057858,300107.057858,300107.057858,nan,300107.057858,nan,nan,0.0,35,64,,True,False,"HTTPConnectionPool(host='gpu03', port=9002): Read timed out.",0,56.69694568066818
191,2026-09-19T05:46:52.529+00:00,2026-09-19T05:51:52.613+00:00,2026-09-19T05:51:52.613+00:00,False,1,0.0,,0.0,300084.456667,300084.456667,300084.456667,300084.456667,300084.456667,300084.456667,nan,300084.456667,nan,nan,0.0,35,64,,True,False,"HTTPConnectionPool(host='gpu03', port=9002): Read timed out.",0,56.69694568066818
192,2026-09-19T05:46:53.015+00:00,2026-09-19T05:51:52.988+00:00,2026-09-19T05:51:53.069+00:00,False,3,2.0,,2.0,299972.50323699997,300054.207173,300054.20728599996,100018.06909533333,0.039399,299972.50323699997,173165.62437549775,269983.41937829996,40.851968,57.717653239748685,0.006665462280443464,35,64,,True,False,Request timeout: 300.0s exceeded,8,56.69694568066818
193,2026-09-19T05:46:53.471+00:00,2026-09-19T05:51:53.070+00:00,2026-09-19T05:51:53.576+00:00,False,7,6.0,,6.0,299599.159834,300105.35017,300105.35012,42872.19287428571,0.042658999999999996,299599.159834,113205.95787043888,209750.4333946,84.365056,41.37416555306266,0.019992979120836044,35,64,,True,False,Request timeout: 300.0s exceeded,14,56.69694568066818
194,2026-09-19T05:46:54.075+00:00,2026-09-19T05:51:54.189+00:00,2026-09-19T05:51:54.189+00:00,False,1,0.0,,0.0,300114.306722,300114.306722,300114.306722,300114.306722,300114.306722,300114.306722,nan,300114.306722,nan,nan,0.0,35,64,,True,False,"HTTPConnectionPool(host='gpu03', port=9002): Read timed out.",0,56.69694568066818
195,2026-09-19T05:46:54.485+00:00,2026-09-19T05:51:54.533+00:00,2026-09-19T05:51:54.533+00:00,False,1,0.0,,0.0,300047.72366,300047.72366,300047.72366,300047.72366,300047.72366,300047.72366,nan,300047.72366,nan,nan,0.0,35,64,,True,False,TTFT timeout: 300.0s exceeded (TTFT: 300.042s),0,56.69694568066818
196,2026-09-19T05:46:55.664+00:00,2026-09-19T05:51:55.015+00:00,2026-09-19T05:51:55.928+00:00,False,11,10.0,,10.0,299351.70965,300264.534994,300264.53493699996,27296.775903363636,0.038840000000000006,299351.70965,90230.42108900909,149737.43049349997,91.2825344,38.334088195083055,0.03330396645144863,35,64,,True,False,Request timeout: 300.0s exceeded,42,56.69694568066818
197,2026-09-19T05:46:55.709+00:00,2026-09-19T05:51:55.271+00:00,2026-09-19T05:51:55.928+00:00,False,8,7.0,,7.0,299561.620429,300218.477773,300218.477705,37527.309713125,0.0207,299561.620429,105877.85750836396,194757.62176670003,93.83676342857143,42.22353246818559,0.023316352983752092,35,64,,True,False,Request timeout: 300.0s exceeded,20,56.69694568066818
198,2026-09-19T05:46:56.168+00:00,2026-09-19T05:51:56.181+00:00,2026-09-19T05:51:56.181+00:00,False,1,0.0,,0.0,300013.644187,300013.644187,300013.644187,300013.644187,300013.644187,300013.644187,nan,300013.644187,nan,nan,0.0,35,64,,True,False,"HTTPConnectionPool(host='gpu03', port=9002): Read timed out.",0,56.69694568066818
199,2026-09-19T05:46:56.732+00:00,2026-09-19T05:51:56.838+00:00,2026-09-19T05:51:56.838+00:00,False,1,0.0,,0.0,300105.570289,300105.570289,300105.570289,300105.570289,300105.570289,300105.570289,nan,300105.570289,nan,nan,0.0,35,64,,True,False,"HTTPConnectionPool(host='gpu03', port=9002): Read timed out.",0,56.69694568066818
200,2026-09-19T05:46:57.206+00:00,2026-09-19T05:51:57.290+00:00,2026-09-19T05:51:57.290+00:00,False,1,0.0,,0.0,300083.60091000004,300083.60091000004,300083.60091000004,300083.60091000004,300083.60091000004,300083.60091000004,nan,300083.60091000004,nan,nan,0.0,35,64,,True,False,TTFT timeout: 300.0s exceeded (TTFT: 300.077s),0,56.69694568066818
201,2026-09-19T05:46:57.687+00:00,2026-09-19T05:51:57.412+00:00,2026-09-19T05:51:57.710+00:00,False,5,4.0,,4.0,299724.221,300022.773576,300022.773486,60004.5546972,0.03957,299724.221,134007.37428726396,239799.9130116,74.638144,49.7930485532782,0.013332321251229094,35,64,,True,False,Request timeout: 300.0s exceeded,11,56.69694568066818
202,2026-09-19T05:46:58.296+00:00,2026-09-19T05:51:58.310+00:00,2026-09-19T05:51:58.310+00:00,False,1,0.0,,0.0,300014.054519,300014.054519,300014.054519,300014.054519,300014.054519,300014.054519,nan,300014.054519,nan,nan,0.0,35,64,,True,False,"HTTPConnectionPool(host='gpu03', port=9002): Read timed out.",0,56.69694568066818
203,2026-09-19T05:46:58.907+00:00,2026-09-19T05:51:58.929+00:00,2026-09-19T05:51:58.929+00:00,False,1,0.0,,0.0,300021.61673199997,300021.61673199997,300021.61673199997,300021.61673199997,300021.61673199997,300021.61673199997,nan,300021.61673199997,nan,nan,0.0,35,64,,True,False,TTFT timeout: 300.0s exceeded (TTFT: 300.015s),0,56.69694568066818
204,2026-09-19T05:46:59.341+00:00,2026-09-19T05:51:59.200+00:00,2026-09-19T05:51:59.424+00:00,False,4,3.0,,3.0,299859.101183,300083.85638300003,300083.85616,75020.96404,0.0399,299859.101183,149892.10078389294,254897.28746855003,74.9184,64.8600632678786,0.009997205568336439,35,64,,True,False,Request timeout: 300.0s exceeded,9,56.69694568066818
205,2026-09-19T05:46:59.721+00:00,2026-09-19T05:51:59.522+00:00,2026-09-19T05:51:59.821+00:00,False,6,5.0,,5.0,299800.448175,300100.297903,300100.297788,50016.71629800001,0.025079999999999998,299800.448175,122368.54367764339,224875.65779900004,59.9699456,42.29792950259552,0.016661096423223564,35,64,,True,False,Request timeout: 300.0s exceeded,35,56.69694568066818
206,2026-09-19T05:47:00.204+00:00,2026-09-19T05:52:00.222+00:00,2026-09-19T05:52:00.222+00:00,False,1,0.0,,0.0,300017.579708,300017.579708,300017.579708,300017.579708,300017.579708,300017.579708,nan,300017.579708,nan,nan,0.0,35,64,,True,False,"HTTPConnectionPool(host='gpu03', port=9002): Read timed out.",0,56.69694568066818
207,2026-09-19T05:47:00.556+00:00,2026-09-19T05:52:00.554+00:00,2026-09-19T05:52:00.662+00:00,False,3,2.0,,2.0,299998.387735,300105.896471,300105.896661,100035.298887,0.03526,299998.387735,173173.12309356098,270009.2963281,53.754368,75.97055696433476,0.006664314242133744,35,64,,True,False,Request timeout: 300.0s exceeded,4,56.69694568066818
208,2026-09-19T05:47:01.001+00:00,2026-09-19T05:52:00.910+00:00,2026-09-19T05:52:01.018+00:00,False,3,2.0,,2.0,299908.56769700005,300016.48705700005,300016.48710200004,100005.49570066668,0.048060000000000005,299908.56769700005,173121.14703768466,269928.4980618,53.95968,76.24244800698236,0.006666300307756155,35,64,,True,False,Request timeout: 300.0s exceeded,4,56.69694568066818
209,2026-09-19T05:47:01.405+00:00,2026-09-19T05:52:01.445+00:00,2026-09-19T05:52:01.445+00:00,False,1,0.0,,0.0,300039.941819,300039.941819,300039.941819,300039.941819,300039.941819,300039.941819,nan,300039.941819,nan,nan,0.0,35,64,,True,False,"HTTPConnectionPool(host='gpu03', port=9002): Read timed out.",0,56.69694568066818
210,2026-09-19T05:47:01.783+00:00,2026-09-19T05:52:01.821+00:00,2026-09-19T05:52:01.821+00:00,False,1,0.0,,0.0,300037.089344,300037.089344,300037.089344,300037.089344,300037.089344,300037.089344,nan,300037.089344,nan,nan,0.0,35,64,,True,False,"HTTPConnectionPool(host='gpu03', port=9002): Read timed out.",0,56.69694568066818
211,2026-09-19T05:47:02.363+00:00,2026-09-19T05:52:02.335+00:00,2026-09-19T05:52:02.461+00:00,False,3,2.0,,2.0,299971.94827,300097.924078,300097.92391,100032.64130333334,0.042469,299971.94827,173152.53048930713,269987.3467601,62.987904,89.01824968270792,0.006664491286118226,35,64,,True,False,Request timeout: 300.0s exceeded,4,56.69694568066818
212,2026-09-19T05:47:02.748+00:00,2026-09-19T05:52:02.459+00:00,2026-09-19T05:52:02.784+00:00,False,6,5.0,,5.0,299711.45871700003,300036.491677,300036.491739,50006.081956500006,0.13535,299711.45871700003,122330.16086387078,224819.02382575002,65.006592,52.595604787773055,0.016664639597848245,35,64,,True,False,Request timeout: 300.0s exceeded,26,56.69694568066818
213,2026-09-19T05:47:03.235+00:00,2026-09-19T05:52:03.352+00:00,2026-09-19T05:52:03.352+00:00,False,1,0.0,,0.0,300116.80713800003,300116.80713800003,300116.80713800003,300116.80713800003,300116.80713800003,300116.80713800003,nan,300116.80713800003,nan,nan,0.0,35,64,,True,False,"HTTPConnectionPool(host='gpu03', port=9002): Read timed out.",0,56.69694568066818
214,2026-09-19T05:47:03.623+00:00,2026-09-19T05:52:03.737+00:00,2026-09-19T05:52:03.737+00:00,False,1,0.0,,0.0,300113.80365200003,300113.80365200003,300113.80365200003,300113.80365200003,300113.80365200003,300113.80365200003,nan,300113.80365200003,nan,nan,0.0,35,64,,True,False,"HTTPConnectionPool(host='gpu03', port=9002): Read timed out.",0,56.69694568066818
215,2026-09-19T05:47:03.991+00:00,2026-09-19T05:52:03.937+00:00,2026-09-19T05:52:04.209+00:00,True,3,3.0,,3.0,299945.429344,300217.81078400003,300217.810895,100072.60363166667,126.468969,299945.429344,173094.94486607084,269965.4776678,136.19072,13.748780606638249,0.009992744907990927,35,64,,True,True,,10,56.69694568066818
216,2026-09-19T05:47:04.588+00:00,2026-09-19T05:52:04.434+00:00,2026-09-19T05:52:05.152+00:00,False,9,8.0,,8.0,299846.31799199997,300563.46359199996,300563.46364,33395.94040444444,0.02346,299846.31799199997,99918.8973832764,179950.2918268,89.6432,36.357706715558834,0.02661667490916196,35,64,,True,False,Request timeout: 300.0s exceeded,32,56.69694568066818
217,2026-09-19T05:47:05.064+00:00,2026-09-19T05:52:05.259+00:00,2026-09-19T05:52:05.259+00:00,False,1,0.0,,0.0,300194.747634,300194.747634,300194.747634,300194.747634,300194.747634,300194.747634,nan,300194.747634,nan,nan,0.0,35,64,,True,False,"HTTPConnectionPool(host='gpu03', port=9002): Read timed out.",0,56.69694568066818
218,2026-09-19T05:47:05.469+00:00,2026-09-19T05:52:05.536+00:00,2026-09-19T05:52:05.536+00:00,False,1,0.0,,0.0,300066.535434,300066.535434,300066.535434,300066.535434,300066.535434,300066.535434,nan,300066.535434,nan,nan,0.0,35,64,,True,False,"HTTPConnectionPool(host='gpu03', port=9002): Read timed out.",0,56.69694568066818
219,2026-09-19T05:47:06.082+00:00,2026-09-19T05:52:06.191+00:00,2026-09-19T05:52:06.191+00:00,False,1,0.0,,0.0,300109.754939,300109.754939,300109.754939,300109.754939,300109.754939,300109.754939,nan,300109.754939,nan,nan,0.0,35,64,,True,False,"HTTPConnectionPool(host='gpu03', port=9002): Read timed out.",0,56.69694568066818
220,2026-09-19T05:47:06.580+00:00,2026-09-19T05:52:06.547+00:00,2026-09-19T05:52:06.648+00:00,False,3,2.0,,2.0,299967.48336199997,300068.78332999995,300068.78342299996,100022.92780766665,0.022609999999999998,299967.48336199997,173157.0718596287,269980.86277089996,50.649984,71.59803490364712,0.0066651384985971845,35,64,,True,False,Request timeout: 300.0s exceeded,14,56.69694568066818
221,2026-09-19T05:47:07.158+00:00,2026-09-19T05:52:06.741+00:00,2026-09-19T05:52:07.198+00:00,False,9,8.0,,8.0,299582.927903,300040.23887899995,300040.239068,33337.804340888884,0.023819,299582.927903,99841.92590246513,179790.55548539996,57.163872,32.28250205487159,0.026663090357111185,35,64,,True,False,Request timeout: 300.0s exceeded,28,56.69694568066818
222,2026-09-19T05:47:07.614+00:00,2026-09-19T05:52:07.671+00:00,2026-09-19T05:52:07.671+00:00,False,1,0.0,,0.0,300057.525006,300057.525006,300057.525006,300057.525006,300057.525006,300057.525006,nan,300057.525006,nan,nan,0.0,35,64,,True,False,"HTTPConnectionPool(host='gpu03', port=9002): Read timed out.",0,56.69694568066818
223,2026-09-19T05:47:08.077+00:00,2026-09-19T05:52:08.128+00:00,2026-09-19T05:52:08.128+00:00,False,1,0.0,,0.0,300051.00109,300051.00109,300051.00109,300051.00109,300051.00109,300051.00109,nan,300051.00109,nan,nan,0.0,35,64,,True,False,TTFT timeout: 300.0s exceeded (TTFT: 300.045s),0,56.69694568066818
224,2026-09-19T05:47:08.623+00:00,2026-09-19T05:52:08.507+00:00,2026-09-19T05:52:08.708+00:00,False,4,3.0,,3.0,299884.05257999996,300085.01258,300085.012526,75021.2531315,0.03821,299884.05257999996,149908.54049801762,254917.27751415,66.98666666666666,58.202223607667136,0.009997167050121263,35,64,,True,False,Request timeout: 300.0s exceeded,5,56.69694568066818
225,2026-09-19T05:47:09.212+00:00,2026-09-19T05:52:09.317+00:00,2026-09-19T05:52:09.317+00:00,False,1,0.0,,0.0,300104.943711,300104.943711,300104.943711,300104.943711,300104.943711,300104.943711,nan,300104.943711,nan,nan,0.0,35,64,,True,False,"HTTPConnectionPool(host='gpu03', port=9002): Read timed out.",0,56.69694568066818
226,2026-09-19T05:47:09.598+00:00,2026-09-19T05:52:09.600+00:00,2026-09-19T05:52:09.731+00:00,False,3,2.0,,2.0,300002.86862900003,300133.45115700003,300133.45099800004,100044.48366600001,0.04069,300002.86862900003,173169.0533709344,270015.6359340001,65.291264,92.27822690443938,0.006663702404014268,35,64,,True,False,Request timeout: 300.0s exceeded,8,56.69694568066818
227,2026-09-19T05:47:10.023+00:00,2026-09-19T05:52:09.863+00:00,2026-09-19T05:52:10.104+00:00,False,4,3.0,,3.0,299840.64455,300081.078982,300081.078939,75020.26973475,0.02124,299840.64455,149880.26081078453,254884.090151,80.14481066666667,70.11670624575223,0.009997298097491683,35,64,,True,False,Request timeout: 300.0s exceeded,5,56.69694568066818
228,2026-09-19T05:47:10.587+00:00,2026-09-19T05:52:10.619+00:00,2026-09-19T05:52:10.619+00:00,False,1,0.0,,0.0,300032.758935,300032.758935,300032.758935,300032.758935,300032.758935,300032.758935,nan,300032.758935,nan,nan,0.0,35,64,,True,False,"HTTPConnectionPool(host='gpu03', port=9002): Read timed out.",0,56.69694568066818
229,2026-09-19T05:47:11.123+00:00,2026-09-19T05:52:11.225+00:00,2026-09-19T05:52:11.225+00:00,False,1,0.0,,0.0,300101.404447,300101.404447,300101.404447,300101.404447,300101.404447,300101.404447,nan,300101.404447,nan,nan,0.0,35,64,,True,False,TTFT timeout: 300.0s exceeded (TTFT: 300.089s),0,56.69694568066818
230,2026-09-19T05:47:11.713+00:00,2026-09-19T05:52:11.506+00:00,2026-09-19T05:52:11.733+00:00,False,4,3.0,,3.0,299793.11061900004,300020.233819,300020.233911,75005.05847775,0.024640000000000002,299793.11061900004,149858.71124608797,254842.80757575002,75.70773333333332,66.43949960193852,0.009999325584853313,35,64,,True,False,Request timeout: 300.0s exceeded,10,56.69694568066818
231,2026-09-19T05:47:12.122+00:00,2026-09-19T05:52:11.932+00:00,2026-09-19T05:52:12.177+00:00,False,5,4.0,,4.0,299809.877292,300054.968108,300054.96807999996,60010.993616,0.07385,299809.877292,134051.6573363591,239868.19513379998,61.272704,46.80878604709516,0.013330890753857684,35,64,,True,False,Request timeout: 300.0s exceeded,13,56.69694568066818
232,2026-09-19T05:47:12.671+00:00,2026-09-19T05:52:12.777+00:00,2026-09-19T05:52:12.777+00:00,False,1,0.0,,0.0,300106.00103399996,300106.00103399996,300106.00103399996,300106.00103399996,300106.00103399996,300106.00103399996,nan,300106.00103399996,nan,nan,0.0,35,64,,True,False,"HTTPConnectionPool(host='gpu03', port=9002): Read timed out.",0,56.69694568066818
233,2026-09-19T05:47:13.107+00:00,2026-09-19T05:52:13.096+00:00,2026-09-19T05:52:13.219+00:00,False,3,2.0,,2.0,299988.960183,300112.450231,300112.44999,100037.48333,0.03625,299988.960183,173163.0694742091,270002.4095204,61.745024,87.26924085843287,0.00666416870896418,35,64,,True,False,Request timeout: 300.0s exceeded,7,56.69694568066818
234,2026-09-19T05:47:13.567+00:00,2026-09-19T05:52:13.355+00:00,2026-09-19T05:52:13.617+00:00,False,5,4.0,,4.0,299788.22735500004,300049.651483,300049.65152300004,60009.930304600006,0.02183,299788.22735500004,134040.150238027,239853.23868240003,65.356032,51.09749989441096,0.013331126965920268,35,64,,True,False,Request timeout: 300.0s exceeded,19,56.69694568066818
235,2026-09-19T05:47:13.902+00:00,2026-09-19T05:52:13.922+00:00,2026-09-19T05:52:13.922+00:00,False,1,0.0,,0.0,300019.859908,300019.859908,300019.859908,300019.859908,300019.859908,300019.859908,nan,300019.859908,nan,nan,0.0,35,64,,True,False,TTFT timeout: 300.0s exceeded (TTFT: 300.005s),0,56.69694568066818
236,2026-09-19T05:47:14.270+00:00,2026-09-19T05:52:14.369+00:00,2026-09-19T05:52:14.369+00:00,False,1,0.0,,0.0,300099.483562,300099.483562,300099.483562,300099.483562,300099.483562,300099.483562,nan,300099.483562,nan,nan,0.0,35,64,,True,False,TTFT timeout: 300.0s exceeded (TTFT: 300.091s),0,56.69694568066818
237,2026-09-19T05:47:14.826+00:00,2026-09-19T05:52:14.780+00:00,2026-09-19T05:52:14.916+00:00,False,3,2.0,,2.0,299953.784218,300090.02921,300090.028994,100030.00966466668,0.04028,299953.784218,173139.08096935388,269972.0262458,68.122496,96.28255563573605,0.006664666617764964,35,64,,True,False,Request timeout: 300.0s exceeded,4,56.69694568066818
238,2026-09-19T05:47:15.291+00:00,2026-09-19T05:52:15.138+00:00,2026-09-19T05:52:15.347+00:00,False,4,3.0,,3.0,299847.039109,300056.301189,300056.301145,75014.07528625,0.02138,299847.039109,149888.6508812307,254887.17603085,69.75402666666668,61.212214964513265,0.009998123645836568,35,64,,True,False,Request timeout: 300.0s exceeded,11,56.69694568066818
239,2026-09-19T05:47:15.850+00:00,2026-09-19T05:52:15.917+00:00,2026-09-19T05:52:15.917+00:00,False,1,0.0,,0.0,300066.33097899996,300066.33097899996,300066.33097899996,300066.33097899996,300066.33097899996,300066.33097899996,nan,300066.33097899996,nan,nan,0.0,35,64,,True,False,"HTTPConnectionPool(host='gpu03', port=9002): Read timed out.",0,56.69694568066818
241,2026-09-19T05:47:17.473+00:00,2026-09-19T05:52:16.530+00:00,2026-09-19T05:52:17.636+00:00,False,13,12.0,,12.0,299057.464878,300162.926638,300162.92662100005,23089.455893923077,0.023710000000000002,299057.464878,82918.07370776948,119700.98157120003,92.12181333333332,34.22876565507935,0.03997828823968038,35,64,,True,False,Request timeout: 300.0s exceeded,62,56.69694568066818
240,2026-09-19T05:47:16.465+00:00,2026-09-19T05:52:16.531+00:00,2026-09-19T05:52:16.531+00:00,False,1,0.0,,0.0,300065.810022,300065.810022,300065.810022,300065.810022,300065.810022,300065.810022,nan,300065.810022,nan,nan,0.0,35,64,,True,False,TTFT timeout: 300.0s exceeded (TTFT: 300.058s),0,56.69694568066818
242,2026-09-19T05:47:17.569+00:00,2026-09-19T05:52:16.662+00:00,2026-09-19T05:52:17.867+00:00,False,14,13.0,,13.0,299093.208799,300298.347743,300298.347857,21449.881989785714,0.023940000000000003,299093.208799,79911.25302127036,104768.14225755,92.7029956923077,33.57352783409446,0.04329028147409456,35,64,,True,False,Request timeout: 300.0s exceeded,56,56.69694568066818
243,2026-09-19T05:47:17.925+00:00,2026-09-19T05:52:18.001+00:00,2026-09-19T05:52:18.001+00:00,False,1,0.0,,0.0,300075.68416500004,300075.68416500004,300075.68416500004,300075.68416500004,300075.68416500004,300075.68416500004,nan,300075.68416500004,nan,nan,0.0,35,64,,True,False,"HTTPConnectionPool(host='gpu03', port=9002): Read timed out.",0,56.69694568066818
244,2026-09-19T05:47:18.388+00:00,2026-09-19T05:52:18.408+00:00,2026-09-19T05:52:18.408+00:00,False,1,0.0,,0.0,300019.21956199995,300019.21956199995,300019.21956199995,300019.21956199995,300019.21956199995,300019.21956199995,nan,300019.21956199995,nan,nan,0.0,35,64,,True,False,"HTTPConnectionPool(host='gpu03', port=9002): Read timed out.",0,56.69694568066818
245,2026-09-19T05:47:18.915+00:00,2026-09-19T05:52:19.021+00:00,2026-09-19T05:52:19.021+00:00,False,1,0.0,,0.0,300105.97008,300105.97008,300105.97008,300105.97008,300105.97008,300105.97008,nan,300105.97008,nan,nan,0.0,35,64,,True,False,"HTTPConnectionPool(host='gpu03', port=9002): Read timed out.",0,56.69694568066818
246,2026-09-19T05:47:19.333+00:00,2026-09-19T05:52:19.394+00:00,2026-09-19T05:52:20.584+00:00,False,16,15.0,,15.0,300060.85189499997,301250.67128699995,301250.67131099995,18828.166956937497,0.029789000000000003,300060.85189499997,74995.38991873963,75094.54878375,79.3212928,34.17739445138225,0.04979242016596066,35,64,,True,False,Request timeout: 300.0s exceeded,60,56.69694568066818
247,2026-09-19T05:47:19.704+00:00,2026-09-19T05:52:19.396+00:00,2026-09-19T05:52:20.685+00:00,False,17,16.0,,16.0,299691.93229,300980.88537800004,300980.88556400005,17704.757974352942,0.0465,299691.93229,72666.43872827245,60023.076234,80.559568,33.3624858854033,0.053159522007205535,35,64,,True,False,Request timeout: 300.0s exceeded,44,56.69694568066818
249,2026-09-19T05:47:20.536+00:00,2026-09-19T05:52:20.747+00:00,2026-09-19T05:52:20.747+00:00,False,1,0.0,,0.0,300211.87871200003,300211.87871200003,300211.87871200003,300211.87871200003,300211.87871200003,300211.87871200003,nan,300211.87871200003,nan,nan,0.0,35,64,,True,False,"HTTPConnectionPool(host='gpu03', port=9002): Read timed out.",0,56.69694568066818
248,2026-09-19T05:47:20.186+00:00,2026-09-19T05:52:21.342+00:00,2026-09-19T05:52:21.342+00:00,False,1,0.0,,0.0,301155.95487099997,301155.95487099997,301155.95487099997,301155.95487099997,301155.95487099997,301155.95487099997,nan,301155.95487099997,nan,nan,0.0,35,64,,True,False,"HTTPConnectionPool(host='gpu03', port=9002): Read timed out.",0,56.69694568066818
0,2026-09-19T05:45:20.809+00:00,2026-09-19T05:45:21.010+00:00,2026-09-19T05:45:24.707+00:00,True,41,41.0,,41.0,201.628374,3898.2988379999997,3898.298921,95.08046148780488,34.89718,201.628374,30.65151836657808,115.041363,92.4167616,25.79222992456727,10.517408157717027,36,64,,False,True,,141,56.69694568066818
1,2026-09-19T05:45:21.353+00:00,2026-09-19T05:45:21.651+00:00,2026-09-19T05:45:25.810+00:00,True,45,45.0,,45.0,297.770179,4457.147075,4457.147179,99.04771508888889,45.589974000000005,297.770179,38.93789915274593,110.7944756,94.53129309090909,24.741864392061064,10.096144292030122,36,64,,False,True,,195,56.69694568066818
2,2026-09-19T05:45:21.862+00:00,2026-09-19T05:45:23.918+00:00,2026-09-19T05:45:24.492+00:00,True,7,7.0,,7.0,2056.402149,2630.854373,2630.854411,375.8363444285714,54.763403,2056.402149,741.294414502817,1472.0954424000001,95.74203733333333,20.426024741120848,2.6607326014848183,36,64,,False,True,,32,56.69694568066818
3,2026-09-19T05:45:22.212+00:00,2026-09-19T05:45:26.432+00:00,2026-09-19T05:45:35.844+00:00,True,96,96.0,,96.0,4220.908637,13632.640605,13632.640559000001,142.00667248958334,0.0,4220.908637,421.4322444744661,110.85532925,99.07086282105263,25.2468164520333,7.041922601905194,36,64,,False,True,,385,56.69694568066818
4,2026-09-19T05:45:22.673+00:00,2026-09-19T05:45:28.542+00:00,2026-09-19T05:45:31.587+00:00,True,32,32.0,,32.0,5868.514819,8913.746947,8913.746924,278.554591375,48.724737,5868.514819,1020.1704312637049,110.39834309999998,98.2332944516129,15.84796843843553,3.5899605620697908,36,64,,False,True,,149,56.69694568066818
5,2026-09-19T05:45:23.218+00:00,2026-09-19T05:45:31.429+00:00,2026-09-19T05:45:34.965+00:00,True,37,37.0,,37.0,8211.035552,11747.150239999999,11747.150271999999,317.4905478918919,0.0,8211.035552,1334.176944292318,159.41621659999998,98.225408,34.71526999034023,3.149700075684058,36,64,,False,True,,174,56.69694568066818
6,2026-09-19T05:45:23.569+00:00,2026-09-19T05:45:33.168+00:00,2026-09-19T05:45:36.194+00:00,True,31,31.0,,31.0,9598.05824,12624.126464,12624.126268,407.22987961290323,0.0,9598.05824,1706.101310987405,178.1115595,100.86894079999999,35.43509697192612,2.455615450970184,36,64,,False,True,,63,56.69694568066818
7,2026-09-19T05:45:23.928+00:00,2026-09-19T05:45:34.960+00:00,2026-09-19T05:45:38.618+00:00,True,38,38.0,,38.0,11031.50568,14689.58568,14689.585596,386.568042,0.0,11031.50568,1774.0856823157344,246.51081050000002,98.86702702702702,45.88739160960862,2.5868666977951142,36,64,,False,True,,148,56.69694568066818
8,2026-09-19T05:45:24.346+00:00,2026-09-19T05:45:37.386+00:00,2026-09-19T05:45:46.611+00:00,True,96,96.0,,96.0,13040.723688,22265.077992,22265.078046,231.9278963125,0.0,13040.723688,1321.98837817289,119.01566499999998,97.09846635789474,49.979624206010094,4.311684874155549,36,64,,False,True,,334,56.69694568066818
9,2026-09-19T05:45:24.765+00:00,2026-09-19T05:45:39.701+00:00,2026-09-19T05:45:42.088+00:00,True,25,25.0,,25.0,14936.414621,17323.234717,17323.234809999998,692.9293924,52.377858,14936.414621,2967.411001104855,108.30992,99.45083733333333,10.629645558970738,1.4431484886287709,36,64,,False,True,,131,56.69694568066818
10,2026-09-19T05:45:25.238+00:00,2026-09-19T05:45:42.368+00:00,2026-09-19T05:45:49.413+00:00,True,75,75.0,,75.0,17130.033629999998,24174.460125999998,24174.460098,322.32613463999996,0.0,17130.033629999998,1967.4593796117233,117.2233317,95.19495264864865,42.15897760167262,3.102447773769986,36,64,,False,True,,324,56.69694568066818
11,2026-09-19T05:45:25.718+00:00,2026-09-19T05:45:45.029+00:00,2026-09-19T05:45:53.708+00:00,True,89,89.0,,89.0,19311.315168,27990.01392,27990.013818,314.4945372808989,0.0,19311.315168,2037.6204949891267,116.7836578,98.62157672727274,66.68391825666282,3.179705456895321,36,64,,False,True,,395,56.69694568066818
12,2026-09-19T05:45:26.074+00:00,2026-09-19T05:45:47.319+00:00,2026-09-19T05:45:50.846+00:00,True,37,37.0,,37.0,21245.245221999998,24772.334629999998,24772.334593999996,669.5225565945946,0.0,21245.245221999998,3477.0678689950823,177.26509900000002,97.97470577777777,58.471371107594635,1.4936016549361462,36,64,,False,True,,147,56.69694568066818
13,2026-09-19T05:45:26.381+00:00,2026-09-19T05:45:48.770+00:00,2026-09-19T05:45:51.357+00:00,True,27,27.0,,27.0,22389.375427000003,24976.715459000003,24976.715298000003,925.0635295555556,0.0,22389.375427000003,4290.172617321649,300.4535522,99.51307815384617,65.89400780207806,1.0810068299140965,36,64,,False,True,,125,56.69694568066818
14,2026-09-19T05:45:26.744+00:00,2026-09-19T05:45:50.848+00:00,2026-09-19T05:45:51.462+00:00,True,7,7.0,,7.0,24103.474981,24717.649956999998,24717.649881,3531.092840142857,93.42549199999999,24103.474981,9071.569142394666,16905.0496825,102.362496,5.331526502789384,0.28319844371036623,36,64,,False,True,,24,56.69694568066818
15,2026-09-19T05:45:27.090+00:00,2026-09-19T05:45:52.610+00:00,2026-09-19T05:45:55.718+00:00,True,33,33.0,,33.0,25520.359581,28628.924061,28628.924059,867.5431533030303,0.0,25520.359581,4426.259595194756,255.75052240000002,97.14264,76.804700453475,1.1526804126374603,36,64,,False,True,,127,56.69694568066818
16,2026-09-19T05:45:27.564+00:00,2026-09-19T05:45:55.104+00:00,2026-09-19T05:46:02.034+00:00,True,75,75.0,,75.0,27540.019675,34470.283483,34470.283449,459.60377932,0.0,27540.019675,3169.8214477206125,114.7740884,93.65221362162163,61.46467123907532,2.1757871540855875,36,64,,False,True,,299,56.69694568066818
17,2026-09-19T05:45:27.903+00:00,2026-09-19T05:45:56.648+00:00,2026-09-19T05:46:03.987+00:00,True,75,75.0,,75.0,28745.405576,36083.571848,36083.571901,481.11429201333334,0.0,28745.405576,3308.302798255169,116.2300057,99.16440908108108,59.04299376388766,2.078508200793792,36,64,,False,True,,317,56.69694568066818
18,2026-09-19T05:45:28.295+00:00,2026-09-19T05:45:59.664+00:00,2026-09-19T05:46:05.747+00:00,True,61,61.0,,61.0,31369.168852000003,37452.261588,37452.261433,613.9714989016394,0.0,31369.168852000003,4004.0418368220885,114.121135,101.38487893333334,70.61413832698928,1.6287400924152704,36,64,,False,True,,276,56.69694568066818
19,2026-09-19T05:45:28.704+00:00,2026-09-19T05:46:01.552+00:00,2026-09-19T05:46:05.756+00:00,True,39,39.0,,39.0,32848.375227000004,37052.925115000005,37052.925213,950.0750054615386,0.0,32848.375227000004,5242.900532548785,163.1896685,110.64604968421052,84.8391048393507,1.052548479747737,36,64,,False,True,,181,56.69694568066818
20,2026-09-19T05:45:29.095+00:00,2026-09-19T05:46:03.675+00:00,2026-09-19T05:46:04.365+00:00,True,8,8.0,,8.0,34579.735814,35269.75591,35269.755937,4408.719492125,53.879684000000005,34579.735814,12190.946513924624,22516.95814965,98.57429942857144,20.621936640682083,0.22682323122434106,36,64,,False,True,,46,56.69694568066818
21,2026-09-19T05:45:29.603+00:00,2026-09-19T05:46:06.726+00:00,2026-09-19T05:46:06.827+00:00,True,2,2.0,,2.0,37123.069759000005,37224.473407000005,37224.473533000004,18612.236766500002,101.403774,37123.069759000005,26178.271068816848,35271.986459750005,101.403648,nan,0.053728093830439604,36,64,,False,True,,3,56.69694568066818
22,2026-09-19T05:45:30.016+00:00,2026-09-19T05:46:08.550+00:00,2026-09-19T05:46:10.165+00:00,True,17,17.0,,17.0,38534.722331,40148.875802999995,40148.875852,2361.6985795294117,92.39502499999999,38534.722331,9321.57582770856,7795.858378999999,100.884592,4.391676709498427,0.42342406007616606,36,64,,False,True,,66,56.69694568066818
23,2026-09-19T05:45:30.367+00:00,2026-09-19T05:46:10.266+00:00,2026-09-19T05:46:11.051+00:00,True,9,9.0,,9.0,39898.645914,40684.366746,40684.366614,4520.485179333334,91.53753599999999,39898.645914,13266.811329864144,23982.1322644,98.215104,5.654418883616297,0.22121519197259867,36,64,,False,True,,29,56.69694568066818
24,2026-09-19T05:45:30.721+00:00,2026-09-19T05:46:12.587+00:00,2026-09-19T05:46:12.587+00:00,True,2,2.0,,2.0,41866.666289,41866.666289,41866.666289,20933.3331445,0.0,41866.666289,29604.203638626128,39773.33297455,0.0,nan,0.04777070106786787,36,64,,False,True,,10,56.69694568066818
25,2026-09-19T05:45:31.075+00:00,2026-09-19T05:46:13.961+00:00,2026-09-19T05:46:13.961+00:00,True,1,1.0,,1.0,42886.266704,42886.266704,42886.266704,42886.266704,42886.266704,42886.266704,nan,42886.266704,nan,nan,0.02331748778465555,36,64,,False,True,,3,56.69694568066818
26,2026-09-19T05:45:31.560+00:00,2026-09-19T05:46:16.653+00:00,2026-09-19T05:46:18.816+00:00,True,23,23.0,,23.0,45093.079593999995,47255.542314,47255.542476999995,2054.588803347826,49.453255,45093.079593999995,9382.080320735997,117.1234591,98.29376,19.28458537297136,0.48671539619990745,36,64,,False,True,,91,56.69694568066818
27,2026-09-19T05:45:31.965+00:00,2026-09-19T05:46:18.818+00:00,2026-09-19T05:46:28.177+00:00,True,92,92.0,,92.0,46853.070075,56212.147195000005,56212.147032,611.0015981739131,0.0,46853.070075,4875.4318571851745,118.65743065000001,102.84700131868131,116.81137197423097,1.6366569254302257,36,64,,False,True,,312,56.69694568066818
28,2026-09-19T05:45:32.274+00:00,2026-09-19T05:46:20.689+00:00,2026-09-19T05:46:22.919+00:00,True,24,24.0,,24.0,48415.66813400001,50645.60119000001,50645.601030000005,2110.23337625,0.016798999999999998,48415.66813400001,9864.724439737167,806.3526015,96.95361113043478,187.69498395046756,0.47388123422530937,36,64,,False,True,,90,56.69694568066818
29,2026-09-19T05:45:32.712+00:00,2026-09-19T05:46:23.538+00:00,2026-09-19T05:46:26.934+00:00,True,33,33.0,,33.0,50825.75498,54221.347428,54221.34738,1643.0711327272727,50.955691,50825.75498,8829.164117265716,118.84385180000001,106.112264,11.771636327391505,0.6086163764893593,36,64,,False,True,,144,56.69694568066818
30,2026-09-19T05:45:33.049+00:00,2026-09-19T05:46:25.082+00:00,2026-09-19T05:46:31.515+00:00,True,63,63.0,,63.0,52032.820319,58465.439327,58465.439218,928.0228447301587,0.0,52032.820319,6543.152877734591,118.12020649999998,103.75191948387096,96.8478858355487,1.0775596784219474,36,64,,False,True,,315,56.69694568066818
31,2026-09-19T05:45:33.415+00:00,2026-09-19T05:46:26.935+00:00,2026-09-19T05:46:36.569+00:00,True,95,95.0,,95.0,53519.271626,63154.061514,63154.061564,664.7795954105263,0.0,53519.271626,5481.016385914117,113.9904417,102.49776476595744,79.53968919615059,1.5042579641364853,36,64,,False,True,,417,56.69694568066818
32,2026-09-19T05:45:33.905+00:00,2026-09-19T05:46:29.402+00:00,2026-09-19T05:46:34.933+00:00,True,56,56.0,,56.0,55497.680718,61027.830350000004,61027.830464000006,1089.7826868571428,0.0,55497.680718,7402.781719570006,114.10912975,100.54817512727273,20.73055863469971,0.9176141389729088,36,64,,False,True,,189,56.69694568066818
33,2026-09-19T05:45:34.406+00:00,2026-09-19T05:46:32.317+00:00,2026-09-19T05:46:33.236+00:00,True,10,10.0,,10.0,57911.162747,58830.158971000004,58830.158911,5883.0158911,48.877396,57911.162747,18280.837647039323,31903.544250500003,102.11069155555555,20.540866020473086,0.16998084273288203,36,64,,False,True,,25,56.69694568066818
34,2026-09-19T05:45:34.952+00:00,2026-09-19T05:46:35.461+00:00,2026-09-19T05:46:39.401+00:00,True,41,41.0,,41.0,60508.994225,64448.865457,64448.865383000004,1571.9235459268293,0.0,60508.994225,9436.085082203115,715.88165,98.4967808,173.22797951478856,0.636163254531688,36,64,,False,True,,155,56.69694568066818
35,2026-09-19T05:45:35.502+00:00,2026-09-19T05:46:39.356+00:00,2026-09-19T05:46:43.453+00:00,True,50,50.0,,50.0,63854.178729,67951.269289,67951.269147,1359.02538294,0.0,63854.178729,9018.605832213736,113.33657950000001,83.6140930612245,39.81483689868197,0.735821427961082,36,64,,False,True,,199,56.69694568066818
36,2026-09-19T05:45:35.872+00:00,2026-09-19T05:46:40.443+00:00,2026-09-19T05:46:41.329+00:00,True,10,10.0,,10.0,64571.042042,65457.225978,65457.225953,6545.7225953,48.092207,64571.042042,20388.027429244732,35564.11408565,98.46488177777778,19.610806161176253,0.15277152141095887,36,64,,False,True,,40,56.69694568066818
37,2026-09-19T05:45:36.429+00:00,2026-09-19T05:46:43.567+00:00,2026-09-19T05:46:47.300+00:00,True,39,39.0,,39.0,67138.263221,70871.370421,70871.370353,1817.2146244358976,50.640041,67138.263221,10735.007109087375,110.01923620000001,98.23966315789473,16.20242376727057,0.5502927313007603,36,64,,False,True,,173,56.69694568066818
38,2026-09-19T05:45:37.135+00:00,2026-09-19T05:46:45.884+00:00,2026-09-19T05:46:47.454+00:00,True,18,18.0,,18.0,68748.76344,70318.89207999999,70318.89207599999,3906.6051153333333,48.096157,68748.76344,16182.486275248262,10409.521647349999,92.36050823529412,24.116839051310205,0.2559767292624842,36,64,,False,True,,88,56.69694568066818
39,2026-09-19T05:45:37.275+00:00,2026-09-19T05:46:47.559+00:00,2026-09-19T05:46:51.926+00:00,True,46,46.0,,46.0,70283.927077,74650.551077,74650.550932,1622.8380637391303,0.0,70283.927077,10349.545848632246,111.88345825,97.0360888888889,149.3240274103145,0.6162044263082834,36,64,,False,True,,150,56.69694568066818
40,2026-09-19T05:45:37.775+00:00,2026-09-19T05:46:51.329+00:00,2026-09-19T05:46:53.866+00:00,True,34,34.0,,34.0,73553.918066,76091.565426,76091.565393,2237.987217441176,0.0,73553.918066,12601.322523996449,164.84913174999997,76.89840484848484,55.287747826605994,0.4468300764960004,36,64,,False,True,,169,56.69694568066818
41,2026-09-19T05:45:38.141+00:00,2026-09-19T05:46:52.237+00:00,2026-09-19T05:47:02.151+00:00,True,98,98.0,,98.0,74096.483708,84010.439292,84010.43908,857.2493783673469,0.01696,74096.483708,7475.0745884362805,114.57690400000001,102.20572767010309,88.9478761922914,1.1665216945167454,36,64,,False,True,,349,56.69694568066818
42,2026-09-19T05:45:38.524+00:00,2026-09-19T05:46:53.970+00:00,2026-09-19T05:46:53.970+00:00,True,1,1.0,,1.0,75446.138435,75446.138435,75446.138435,75446.138435,75446.138435,75446.138435,nan,75446.138435,nan,nan,0.013254488841222031,36,64,,False,True,,3,56.69694568066818
43,2026-09-19T05:45:38.993+00:00,2026-09-19T05:46:57.026+00:00,2026-09-19T05:47:05.153+00:00,True,83,83.0,,83.0,78033.243767,86160.483447,86160.48347100001,1038.0781141084337,0.0,78033.243767,8555.316042521772,114.24785820000001,99.11267902439025,127.17923391394324,0.9633186430651342,36,64,,False,True,,416,56.69694568066818
44,2026-09-19T05:45:39.431+00:00,2026-09-19T05:46:59.913+00:00,2026-09-19T05:47:04.870+00:00,True,41,41.0,,41.0,80481.831506,85438.488658,85438.488688,2083.8655777560975,0.0,80481.831506,12551.016469254693,116.44127699999999,123.91642879999999,177.1199861400346,0.4798774023744506,36,64,,False,True,,215,56.69694568066818
45,2026-09-19T05:45:39.737+00:00,2026-09-19T05:47:01.622+00:00,2026-09-19T05:47:06.861+00:00,True,56,56.0,,56.0,81884.361531,87123.201083,87123.201151,1555.7714491250001,0.0,81884.361531,10930.642493441332,111.334056,95.25162821818182,157.41606630053636,0.6427679344179543,36,64,,False,True,,267,56.69694568066818
46,2026-09-19T05:45:40.040+00:00,2026-09-19T05:47:03.612+00:00,2026-09-19T05:47:04.852+00:00,True,5,5.0,,5.0,83571.943677,84812.415997,84812.415968,16962.4831936,0.0,83571.943677,37239.2560698897,67094.63272560001,310.11808,584.0912905729391,0.05895363245137199,36,64,,False,True,,18,56.69694568066818
47,2026-09-19T05:45:40.563+00:00,2026-09-19T05:47:06.345+00:00,2026-09-19T05:47:12.094+00:00,True,59,59.0,,59.0,85781.704755,91531.150899,91531.151027,1551.3754411355933,46.316392,85781.704755,11154.931482045213,112.81506990000001,99.12838179310344,15.197685062382014,0.6445892946883572,36,64,,False,True,,305,56.69694568066818
48,2026-09-19T05:45:41.111+00:00,2026-09-19T05:47:09.356+00:00,2026-09-19T05:47:15.996+00:00,True,69,69.0,,69.0,88245.08888699999,94884.78962299999,94884.78947999999,1375.141876521739,45.334834,88245.08888699999,10611.718799139298,111.67254000000001,97.64265788235295,16.917751494430863,0.7271976917918408,36,64,,False,True,,313,56.69694568066818
49,2026-09-19T05:45:41.593+00:00,2026-09-19T05:47:11.995+00:00,2026-09-19T05:47:16.104+00:00,True,44,44.0,,44.0,90401.99075900001,94510.492519,94510.49268000001,2147.9657427272728,41.744902,90401.99075900001,13614.223510369819,114.49929479999999,95.54655255813954,20.313743016928463,0.4655567739333748,36,64,,False,True,,138,56.69694568066818
50,2026-09-19T05:45:41.928+00:00,2026-09-19T05:47:14.366+00:00,2026-09-19T05:47:18.461+00:00,True,43,43.0,,43.0,92438.538106,96533.064314,96533.06427900001,2244.9549832325583,0.016120000000000002,92438.538106,14082.55752402278,122.98379879999999,97.48871923809524,140.01707393161342,0.44544323031257793,36,64,,False,True,,222,56.69694568066818
51,2026-09-19T05:45:42.453+00:00,2026-09-19T05:47:17.457+00:00,2026-09-19T05:47:22.667+00:00,True,59,59.0,,59.0,95004.010557,100214.576957,100214.577022,1698.5521529152543,0.0,95004.010557,12357.942776578335,125.3820232,89.83735172413793,171.52775356525703,0.5887367066900425,36,64,,False,True,,271,56.69694568066818
52,2026-09-19T05:45:42.850+00:00,2026-09-19T05:47:20.400+00:00,2026-09-19T05:47:25.600+00:00,True,66,66.0,,66.0,97550.365506,102750.58771400001,102750.58762600001,1556.8270852424243,0.0,97550.365506,11997.847433396737,112.39589375,80.00341858461537,42.820333518895275,0.6423320923838117,36,64,,False,True,,315,56.69694568066818
53,2026-09-19T05:45:43.265+00:00,2026-09-19T05:47:21.395+00:00,2026-09-19T05:47:23.148+00:00,True,18,18.0,,18.0,98129.80584999999,99883.291162,99883.29122599999,5549.071734777777,50.438372,98129.80584999999,23105.1092968648,14816.00100255,103.14619482352941,14.080443749584866,0.1802103213720294,36,64,,False,True,,23,56.69694568066818
54,2026-09-19T05:45:43.796+00:00,2026-09-19T05:47:24.258+00:00,2026-09-19T05:47:33.456+00:00,True,94,94.0,,94.0,100461.446341,109659.212485,109659.212364,1166.587365574468,46.311949999999996,100461.446341,10351.619569149323,111.99942765,98.90071122580645,16.733738779949366,0.8572011221844039,36,64,,False,True,,493,56.69694568066818
55,2026-09-19T05:45:44.339+00:00,2026-09-19T05:47:27.347+00:00,2026-09-19T05:47:33.720+00:00,True,66,66.0,,66.0,103007.832648,109381.012296,109381.012194,1657.2880635454544,45.695772,103007.832648,12667.328356921074,109.01224825,98.04891766153847,15.750169847706006,0.6033954030466911,36,64,,True,True,,270,56.69694568066818
56,2026-09-19T05:45:44.847+00:00,2026-09-19T05:47:29.911+00:00,2026-09-19T05:47:39.328+00:00,True,97,97.0,,97.0,105064.217036,114481.304268,114481.304271,1180.2196316597938,46.001451,105064.217036,10657.71006590842,110.43593179999999,98.09465866666667,18.024817289304263,0.8472999204562137,36,64,,True,True,,385,56.69694568066818
57,2026-09-19T05:45:45.280+00:00,2026-09-19T05:47:32.679+00:00,2026-09-19T05:47:33.723+00:00,True,12,12.0,,12.0,107399.093144,108443.48789599999,108443.487889,9036.957324083332,46.179281,107399.093144,30976.047664451795,48390.51552425,94.94497745454545,23.710654576408825,0.11065671376697418,36,64,,True,True,,49,56.69694568066818
58,2026-09-19T05:45:45.669+00:00,2026-09-19T05:47:34.773+00:00,2026-09-19T05:47:43.028+00:00,True,86,86.0,,86.0,109103.70629799999,117358.78392999999,117358.78395399998,1364.6370227209302,42.762149,109103.70629799999,11754.500088429108,112.484275,97.1185603764706,20.36576742451262,0.7327955958652034,36,64,,True,True,,372,56.69694568066818
59,2026-09-19T05:45:46.212+00:00,2026-09-19T05:47:37.278+00:00,2026-09-19T05:47:42.818+00:00,True,59,59.0,,59.0,111065.567412,116605.90610000001,116605.905985,1976.371287881356,47.902637999999996,111065.567412,14447.085785007901,111.8236257,95.5230808275862,22.066589398778092,0.5059778014108669,36,64,,True,True,,360,56.69694568066818
60,2026-09-19T05:45:46.682+00:00,2026-09-19T05:47:39.741+00:00,2026-09-19T05:47:41.764+00:00,True,22,22.0,,22.0,113059.87071999999,115082.79987199999,115082.79984499999,5231.036356590908,46.109972,113059.87071999999,24083.91835367376,114.94404924999999,96.32995961904761,23.089725433490138,0.19116670800909727,36,64,,True,True,,97,56.69694568066818
61,2026-09-19T05:45:47.200+00:00,2026-09-19T05:47:42.823+00:00,2026-09-19T05:47:52.477+00:00,True,97,97.0,,97.0,115623.11922499999,125276.93349699999,125276.933549,1291.5147788556699,45.333133000000004,115623.11922499999,11729.548039189453,112.4521306,100.56056533333333,14.885638542889161,0.7742845972704374,36,64,,True,True,,522,56.69694568066818
62,2026-09-19T05:45:47.545+00:00,2026-09-19T05:47:44.590+00:00,2026-09-19T05:47:51.966+00:00,True,75,75.0,,75.0,117045.012457,124421.560809,124421.56078700001,1658.9541438266667,49.306582999999996,117045.012457,13503.69318639022,110.73085869999998,99.68308583783785,16.302545130165836,0.6027894161778985,36,64,,True,True,,409,56.69694568066818
63,2026-09-19T05:45:48.036+00:00,2026-09-19T05:47:47.276+00:00,2026-09-19T05:47:49.436+00:00,True,23,23.0,,23.0,119239.487413,121400.234677,121400.234633,5278.271071,49.229723,119239.487413,24842.679528621968,110.95741800000002,98.21578472727273,19.203182490240295,0.1894559764336064,36,64,,True,True,,108,56.69694568066818
64,2026-09-19T05:45:48.588+00:00,2026-09-19T05:47:50.544+00:00,2026-09-19T05:47:56.811+00:00,True,65,65.0,,65.0,121955.277445,128222.786437,128222.786434,1972.6582528307692,42.13736,121955.277445,15114.552347118806,109.96770639999998,97.929828,16.229958295774683,0.5069301783730663,36,64,,True,True,,303,56.69694568066818
65,2026-09-19T05:45:49.046+00:00,2026-09-19T05:47:52.881+00:00,2026-09-19T05:47:58.697+00:00,True,61,61.0,,61.0,123835.38388600001,129650.79969400002,129650.79962100001,2125.4229446065574,44.462195,123835.38388600001,15843.096003787168,108.383985,96.9235968,17.606923303060785,0.4704945911939713,36,64,,True,True,,217,56.69694568066818
66,2026-09-19T05:45:49.416+00:00,2026-09-19T05:47:54.354+00:00,2026-09-19T05:47:59.429+00:00,True,53,53.0,,53.0,124937.77131299999,130013.025585,130013.025384,2453.0759506415093,45.134183,124937.77131299999,17148.12559783125,111.852544,97.6010436923077,18.13573146315454,0.4076514623171324,36,64,,True,True,,220,56.69694568066818
67,2026-09-19T05:45:49.759+00:00,2026-09-19T05:47:55.899+00:00,2026-09-19T05:47:57.115+00:00,True,14,14.0,,14.0,126139.947245,127355.19562900001,127355.195447,9096.799674785714,48.160925999999996,126139.947245,33687.33999441746,44217.86066425,93.48064492307692,18.69511244297055,0.10992876993243034,36,64,,True,True,,28,56.69694568066818
68,2026-09-19T05:45:50.217+00:00,2026-09-19T05:47:58.808+00:00,2026-09-19T05:48:02.961+00:00,True,42,42.0,,42.0,128591.491074,132744.66253,132744.662343,3160.5871986428574,46.923909,128591.491074,19826.471292466515,111.55681224999998,101.29686478048781,12.570826144636676,0.3163969021391583,36,64,,True,True,,136,56.69694568066818
69,2026-09-19T05:45:50.546+00:00,2026-09-19T05:48:00.788+00:00,2026-09-19T05:48:05.818+00:00,True,53,53.0,,53.0,130241.512741,135271.217957,135271.217891,2552.287130018868,43.796767,130241.512741,17876.773035703005,111.92731199999999,96.7251003076923,20.57292467702884,0.39180544686784474,36,64,,True,True,,261,56.69694568066818
70,2026-09-19T05:45:50.967+00:00,2026-09-19T05:48:02.852+00:00,2026-09-19T05:48:04.809+00:00,True,21,21.0,,21.0,131885.315199,133842.618751,133842.6187,6373.458033333333,47.242288,131885.315199,28758.38609518457,115.813977,97.8651776,20.27744436212154,0.15690069572733237,36,64,,True,True,,97,56.69694568066818
71,2026-09-19T05:45:51.433+00:00,2026-09-19T05:48:05.122+00:00,2026-09-19T05:48:12.053+00:00,True,70,70.0,,70.0,133689.011868,140620.43894,140620.438939,2008.8634134142858,45.645401,133689.011868,15966.896028899073,113.4155359,100.4554648115942,17.618520252085332,0.49779392332765826,36,64,,True,True,,259,56.69694568066818
72,2026-09-19T05:45:51.774+00:00,2026-09-19T05:48:06.775+00:00,2026-09-19T05:48:12.162+00:00,True,54,54.0,,54.0,135000.956202,140387.60196200002,140387.602097,2599.770409203704,51.624877999999995,135000.956202,18357.4780697344,112.67686880000001,101.63482566037736,14.507803614322103,0.3846493511201699,36,64,,True,True,,243,56.69694568066818
73,2026-09-19T05:45:52.307+00:00,2026-09-19T05:48:10.260+00:00,2026-09-19T05:48:18.021+00:00,True,78,78.0,,78.0,137953.88464700003,145713.94122300003,145713.94146000003,1868.127454615385,44.390275,137953.88464700003,15608.798397636394,112.46189165,100.77995553246753,15.852248376686747,0.5352953831687877,36,64,,True,True,,314,56.69694568066818
74,2026-09-19T05:45:52.778+00:00,2026-09-19T05:48:12.469+00:00,2026-09-19T05:48:16.999+00:00,True,46,46.0,,46.0,139691.47633,144221.163626,144221.16351800002,3135.2426851739133,48.837334999999996,139691.47633,20581.5480455437,111.451712,100.65971768888889,14.483137014431456,0.318954575344358,36,64,,True,True,,147,56.69694568066818
75,2026-09-19T05:45:53.229+00:00,2026-09-19T05:48:15.225+00:00,2026-09-19T05:48:24.770+00:00,True,99,99.0,,99.0,141996.016896,151541.441536,151541.44136599998,1530.721629959596,44.593855000000005,141996.016896,14261.36034841432,112.38242890000001,97.40229224489796,19.34556590102858,0.6532866455310951,36,64,,True,True,,419,56.69694568066818
76,2026-09-19T05:45:53.561+00:00,2026-09-19T05:48:16.888+00:00,2026-09-19T05:48:19.037+00:00,True,22,22.0,,22.0,143326.77951499997,145475.62380299997,145475.62379399998,6612.528354272726,50.93426,143326.77951499997,30535.560754711674,116.30399515,102.32591847619048,17.26455122187873,0.1512280849868837,36,64,,True,True,,86,56.69694568066818
77,2026-09-19T05:45:54.008+00:00,2026-09-19T05:48:19.779+00:00,2026-09-19T05:48:24.775+00:00,True,54,54.0,,54.0,145771.015482,150766.56722599998,150766.567002,2791.973463,45.829422,145771.015482,19824.10796472636,111.59606349999999,94.25569328301887,21.943983391543615,0.35816959285843314,36,64,,True,True,,258,56.69694568066818
78,2026-09-19T05:45:54.392+00:00,2026-09-19T05:48:21.758+00:00,2026-09-19T05:48:25.508+00:00,True,42,42.0,,42.0,147366.215695,151115.93601499998,151115.935815,3597.998471785714,43.119308,147366.215695,22725.00073484027,110.61400405,91.45659317073171,23.68311332839279,0.27793230222807885,36,64,,True,True,,209,56.69694568066818
79,2026-09-19T05:45:54.812+00:00,2026-09-19T05:48:23.518+00:00,2026-09-19T05:48:29.725+00:00,True,66,66.0,,66.0,148706.527529,154912.97821700003,154912.97839,2347.1663392424243,46.62254,148706.527529,18292.76794287059,112.53950250000001,95.48385673846154,21.979575549783565,0.42604564678595286,36,64,,True,True,,256,56.69694568066818
80,2026-09-19T05:45:55.292+00:00,2026-09-19T05:48:26.677+00:00,2026-09-19T05:48:31.548+00:00,True,50,50.0,,50.0,151384.091605,156255.805141,156255.805166,3125.11610332,44.298415,151384.091605,21394.890079830275,111.35217,99.4227252244898,17.522451569426433,0.31998811151292383,36,64,,True,True,,232,56.69694568066818
81,2026-09-19T05:45:55.684+00:00,2026-09-19T05:48:28.636+00:00,2026-09-19T05:48:36.590+00:00,True,81,81.0,,81.0,152952.88375,160906.832678,160906.832769,1986.5041082592593,47.672218,152952.88375,16983.726981203086,111.117488,99.4243616,17.858226614130924,0.5033968952834575,36,64,,True,True,,367,56.69694568066818
82,2026-09-19T05:45:56.021+00:00,2026-09-19T05:48:30.560+00:00,2026-09-19T05:48:38.586+00:00,True,81,81.0,,81.0,154538.878587,162565.01900300002,162565.01904100002,2006.9755437160495,47.392466999999996,154538.878587,17159.84838163045,112.55032499999999,100.32675520000001,17.967752372483112,0.49826217532386347,36,64,,True,True,,402,56.69694568066818
83,2026-09-19T05:45:56.381+00:00,2026-09-19T05:48:32.127+00:00,2026-09-19T05:48:41.322+00:00,True,91,91.0,,91.0,155746.18021700002,164941.34924100002,164941.349213,1812.5422990439563,48.468795,155746.18021700002,16315.93380507791,113.92475699999999,102.16854471111111,16.317404539491076,0.5517112623289966,36,64,,True,True,,388,56.69694568066818
84,2026-09-19T05:45:56.725+00:00,2026-09-19T05:48:34.047+00:00,2026-09-19T05:48:41.422+00:00,True,74,74.0,,74.0,157321.740547,164696.942339,164696.942369,2225.6343563378377,45.620862,157321.740547,18276.54522896053,115.97477865,101.03016153424657,18.146265479902123,0.44931010223422285,36,64,,True,True,,277,56.69694568066818
85,2026-09-19T05:45:57.138+00:00,2026-09-19T05:48:36.268+00:00,2026-09-19T05:48:39.822+00:00,True,36,36.0,,36.0,159129.592058,162683.781882,162683.78195600002,4518.993943222223,46.893899,159129.592058,26504.680318457184,115.52296625,101.54828068571429,18.623471736998138,0.22128819224347762,36,64,,True,True,,216,56.69694568066818
86,2026-09-19T05:45:57.597+00:00,2026-09-19T05:48:38.910+00:00,2026-09-19T05:48:42.383+00:00,True,34,34.0,,34.0,161313.28575,164785.77983,164785.779791,4846.6405820882355,47.336779,161313.28575,27646.95617006258,117.01218555,105.22709333333333,11.191890528936149,0.20632848316812188,36,64,,True,True,,122,56.69694568066818
87,2026-09-19T05:45:57.994+00:00,2026-09-19T05:48:40.893+00:00,2026-09-19T05:48:50.166+00:00,True,94,94.0,,94.0,162898.805383,172171.841671,172171.841556,1831.6153357021276,48.478836,162898.805383,16791.4519411943,111.9521141,99.71006761290322,15.810151934383272,0.5459661643140395,36,64,,True,True,,188,56.69694568066818
88,2026-09-19T05:45:58.369+00:00,2026-09-19T05:48:42.901+00:00,2026-09-19T05:48:46.401+00:00,True,37,37.0,,37.0,164532.43554,168031.91458,168031.914636,4541.403098270271,45.463502999999996,164532.43554,27032.99065397144,110.4766374,97.20775111111111,17.848278106897986,0.22019626505168635,36,64,,True,True,,171,56.69694568066818
89,2026-09-19T05:45:58.771+00:00,2026-09-19T05:48:45.270+00:00,2026-09-19T05:48:49.742+00:00,True,47,47.0,,47.0,166498.781723,170970.651163,170970.651154,3637.6734288085104,45.126813999999996,166498.781723,24272.170410808776,111.5816293,97.21455304347826,18.941747638313156,0.2749009825972479,36,64,,True,True,,153,56.69694568066818
90,2026-09-19T05:45:59.205+00:00,2026-09-19T05:48:47.917+00:00,2026-09-19T05:48:56.608+00:00,True,87,87.0,,87.0,168712.03531600002,177402.51390800002,177402.51381300003,2039.109354172414,47.30449900000001,168712.03531600002,18077.000665868498,111.21277460000002,101.05207665116279,14.567637611351596,0.4904101868878686,36,64,,True,True,,373,56.69694568066818
91,2026-09-19T05:45:59.557+00:00,2026-09-19T05:48:49.324+00:00,2026-09-19T05:48:58.003+00:00,True,86,86.0,,86.0,169767.038718,178445.50835,178445.508241,2074.947770244186,48.624265,169767.038718,18295.445833718353,111.74149899999999,102.09964272941177,13.521320342117935,0.48193984144067703,36,64,,True,True,,460,56.69694568066818
92,2026-09-19T05:46:00.004+00:00,2026-09-19T05:48:51.891+00:00,2026-09-19T05:48:52.950+00:00,True,11,11.0,,11.0,171887.000039,172946.197735,172946.197817,15722.381619727274,97.25139,171887.000039,51793.94463760585,85999.4667925,105.9197696,4.224219334502075,0.06360359547687168,36,64,,True,True,,29,56.69694568066818
93,2026-09-19T05:46:00.508+00:00,2026-09-19T05:48:54.568+00:00,2026-09-19T05:49:03.246+00:00,True,89,89.0,,89.0,174059.658648,182737.923224,182737.92334100002,2053.2350937191013,44.653525,174059.658648,18439.842021943678,111.4384258,98.61664290909091,17.753446115114684,0.48703628907341734,36,64,,True,True,,423,56.69694568066818
94,2026-09-19T05:46:00.821+00:00,2026-09-19T05:48:55.818+00:00,2026-09-19T05:48:56.712+00:00,True,10,10.0,,10.0,174997.652773,175890.760741,175890.760862,17589.076086200002,49.524502999999996,174997.652773,55307.73900897222,96297.67570945,99.23421866666668,18.77920679761997,0.05685346949363104,36,64,,True,True,,27,56.69694568066818
95,2026-09-19T05:46:01.163+00:00,2026-09-19T05:48:57.894+00:00,2026-09-19T05:49:06.116+00:00,True,84,84.0,,84.0,176730.74693700002,184953.03839300002,184953.038364,2201.8218852857144,44.669055,176730.74693700002,19272.104883303593,110.81618015,99.06375248192771,17.947814912735055,0.45416934336332143,36,64,,True,True,,358,56.69694568066818
96,2026-09-19T05:46:01.652+00:00,2026-09-19T05:49:00.430+00:00,2026-09-19T05:49:06.114+00:00,True,58,58.0,,58.0,178777.91131999998,184461.54754399997,184461.54767799997,3180.371511689655,46.69911,178777.91131999998,23461.6029908644,111.6884759,99.71291621052632,17.109281124267767,0.3144286750937354,36,64,,True,True,,211,56.69694568066818
97,2026-09-19T05:46:02.007+00:00,2026-09-19T05:49:02.932+00:00,2026-09-19T05:49:03.570+00:00,True,7,7.0,,7.0,180924.756342,181562.75851800002,181562.758611,25937.53694442857,102.269448,180924.756342,68342.9399430597,126681.84453840001,106.333696,4.494691717433443,0.03855416197207658,36,64,,True,True,,21,56.69694568066818
98,2026-09-19T05:46:02.468+00:00,2026-09-19T05:49:05.321+00:00,2026-09-19T05:49:09.336+00:00,True,41,41.0,,41.0,182852.94193399997,186867.79326199996,186867.79312799996,4557.751051902438,49.960262,182852.94193399997,28541.162131451645,113.379763,100.37128320000001,18.231829412299355,0.2194064546078067,36,64,,True,True,,196,56.69694568066818
99,2026-09-19T05:46:02.935+00:00,2026-09-19T05:49:07.932+00:00,2026-09-19T05:49:16.545+00:00,True,86,86.0,,86.0,184997.260828,193610.181404,193610.181294,2251.2811778372093,46.987059,184997.260828,19937.847889349498,114.28301925,101.32847736470588,16.503257149399023,0.4441915160471165,36,64,,True,True,,374,56.69694568066818
100,2026-09-19T05:46:03.391+00:00,2026-09-19T05:49:10.459+00:00,2026-09-19T05:49:13.601+00:00,True,32,32.0,,32.0,187068.457584,190210.57060799998,190210.570721,5944.08033503125,48.46358600000001,187068.457584,33051.42891031746,111.3484893,101.35848464516128,14.322080950738709,0.16823460387986516,36,64,,True,True,,120,56.69694568066818
101,2026-09-19T05:46:03.946+00:00,2026-09-19T05:49:13.189+00:00,2026-09-19T05:49:20.592+00:00,True,76,76.0,,76.0,189243.032625,196645.950513,196645.95064999998,2587.4467190789474,45.365823,189243.032625,21696.350738032972,114.35540599999999,98.70557184,19.26503955251241,0.386481388514409,36,64,,True,True,,417,56.69694568066818
102,2026-09-19T05:46:04.429+00:00,2026-09-19T05:49:16.005+00:00,2026-09-19T05:49:19.352+00:00,True,35,35.0,,35.0,191576.245054,194922.90131,194922.901112,5569.225746057143,44.444065,191576.245054,32365.664571281282,113.60072209999998,98.43106635294117,21.193353127670505,0.17955817282001652,36,64,,True,True,,123,56.69694568066818
103,2026-09-19T05:46:04.910+00:00,2026-09-19T05:49:18.562+00:00,2026-09-19T05:49:25.446+00:00,True,70,70.0,,70.0,193652.93008700002,200535.998759,200535.99868500003,2864.7999812142857,45.285503,193652.93008700002,23134.035389507244,112.23977339999999,99.75461843478261,16.943212092948546,0.34906450928107197,36,64,,True,True,,282,56.69694568066818
104,2026-09-19T05:46:05.335+00:00,2026-09-19T05:49:20.805+00:00,2026-09-19T05:49:27.099+00:00,True,62,62.0,,62.0,195469.797354,201764.426986,201764.426964,3254.264951032258,49.504434,195469.797354,24811.58670438783,113.65670770000001,103.19064970491803,11.972654251625253,0.3072890544987003,36,64,,True,True,,299,56.69694568066818
105,2026-09-19T05:46:05.642+00:00,2026-09-19T05:49:22.566+00:00,2026-09-19T05:49:29.697+00:00,True,70,70.0,,70.0,196923.429007,204054.323599,204054.32369,2915.061767,49.554794,196923.429007,23524.50307964994,114.19784250000001,103.34629843478261,13.30018926302554,0.3430459044698382,36,64,,True,True,,299,56.69694568066818
106,2026-09-19T05:46:06.019+00:00,2026-09-19T05:49:24.798+00:00,2026-09-19T05:49:25.550+00:00,True,8,8.0,,8.0,198778.701673,199530.906217,199530.906333,24941.363291625,100.119574,198778.701673,70240.8920769277,129247.26137684999,107.457792,5.657333763388781,0.04009403932290866,36,64,,True,True,,34,56.69694568066818
107,2026-09-19T05:46:06.557+00:00,2026-09-19T05:49:27.841+00:00,2026-09-19T05:49:31.839+00:00,True,40,40.0,,40.0,201284.627945,205282.15242499998,205282.15258999998,5132.053814749999,51.390429,201284.627945,31809.69087546135,113.36394525,102.5006276923077,15.190588963471807,0.19485376360038914,36,64,,True,True,,146,56.69694568066818
108,2026-09-19T05:46:07.384+00:00,2026-09-19T05:49:31.567+00:00,2026-09-19T05:49:39.488+00:00,True,78,78.0,,78.0,204183.535076,212104.026084,212104.02621,2719.2823873076923,49.207294000000005,204183.535076,23107.5902793617,116.49848635000001,102.86351958441558,14.560665975064097,0.3677440802991146,36,64,,True,True,,348,56.69694568066818
109,2026-09-19T05:46:07.647+00:00,2026-09-19T05:49:34.280+00:00,2026-09-19T05:49:37.854+00:00,True,36,36.0,,36.0,206632.477439,210207.270399,210207.270387,5839.090844083334,46.65326,206632.477439,34421.72760528934,116.28958399999999,102.13694171428571,17.229867663718323,0.17125953793923226,36,64,,True,True,,104,56.69694568066818
110,2026-09-19T05:46:08.029+00:00,2026-09-19T05:49:36.497+00:00,2026-09-19T05:49:43.522+00:00,True,72,72.0,,72.0,208468.505111,215493.563415,215493.563484,2992.9661595000002,46.061154,208468.505111,24556.593809016038,110.43291550000002,98.94448315492957,16.687757960426506,0.3341167079841803,36,64,,True,True,,327,56.69694568066818
111,2026-09-19T05:46:08.566+00:00,2026-09-19T05:49:39.594+00:00,2026-09-19T05:49:46.533+00:00,True,72,72.0,,72.0,211027.9847,217966.687804,217966.687813,3027.315108513889,48.134149,211027.9847,24858.37663690842,111.61412564999999,97.72821273239437,19.469436639685718,0.33032570584705057,36,64,,True,True,,310,56.69694568066818
112,2026-09-19T05:46:08.980+00:00,2026-09-19T05:49:41.565+00:00,2026-09-19T05:49:43.208+00:00,True,17,17.0,,17.0,212584.541688,214227.532024,214227.531975,12601.619527941177,51.725531000000004,212584.541688,51534.42125228627,42608.897013600006,102.686896,14.030962222928244,0.07935487954972792,36,64,,True,True,,85,56.69694568066818
113,2026-09-19T05:46:09.365+00:00,2026-09-19T05:49:43.950+00:00,2026-09-19T05:49:49.465+00:00,True,59,59.0,,59.0,214585.078542,220099.734286,220099.73427400002,3730.5039707457627,44.455738,214585.078542,27924.22881674801,113.1207018,95.08027144827587,23.266352474821456,0.26806029635335565,36,64,,True,True,,205,56.69694568066818
114,2026-09-19T05:46:09.753+00:00,2026-09-19T05:49:45.780+00:00,2026-09-19T05:49:48.840+00:00,True,33,33.0,,33.0,216026.65701300002,219086.92069300002,219086.920627,6638.997594757577,45.883555,216026.65701300002,37588.77330248152,113.291255,95.63324,23.031734938630798,0.150625148665273,36,64,,True,True,,114,56.69694568066818
115,2026-09-19T05:46:10.289+00:00,2026-09-19T05:49:48.534+00:00,2026-09-19T05:49:48.634+00:00,True,2,2.0,,2.0,218244.794639,218345.177103,218345.177249,109172.5886245,100.38261,218244.794639,154251.39302365817,207337.57403755,100.382464,nan,0.009159808458038621,36,64,,True,True,,10,56.69694568066818
116,2026-09-19T05:46:10.790+00:00,2026-09-19T05:49:50.744+00:00,2026-09-19T05:49:56.920+00:00,True,63,63.0,,63.0,219953.691159,226129.30613500002,226129.30609,3589.354064920635,44.982716999999994,219953.691159,27699.01556730155,110.66872900000003,99.60669316129032,15.93408055757188,0.2786016597175988,36,64,,True,True,,283,56.69694568066818
117,2026-09-19T05:46:11.205+00:00,2026-09-19T05:49:52.935+00:00,2026-09-19T05:49:53.391+00:00,True,6,6.0,,6.0,221729.568371,222185.709939,222185.709991,37030.95166516666,55.614572,221729.568371,90483.4753014454,166323.501345,91.22831359999999,20.60029115711166,0.027004436971429308,36,64,,True,True,,17,56.69694568066818
118,2026-09-19T05:46:11.713+00:00,2026-09-19T05:49:56.176+00:00,2026-09-19T05:50:03.587+00:00,True,76,76.0,,76.0,224462.936813,231874.052077,231874.05197,3050.974368026316,44.486867,224462.936813,25736.336600177423,112.6071025,98.81487018666667,18.772424351641103,0.32776414315976227,36,64,,True,True,,189,56.69694568066818
119,2026-09-19T05:46:12.241+00:00,2026-09-19T05:49:58.650+00:00,2026-09-19T05:50:05.140+00:00,True,66,66.0,,66.0,226408.797046,232898.96894999998,232898.969043,3528.7722582272727,45.016487,226408.797046,27856.711639755653,116.21099849999999,99.84879852307692,18.081822309951335,0.2833846809092969,36,64,,True,True,,360,56.69694568066818
120,2026-09-19T05:46:12.607+00:00,2026-09-19T05:50:01.206+00:00,2026-09-19T05:50:04.322+00:00,True,33,33.0,,33.0,228598.813103,231714.781103,231714.781069,7021.660032393939,48.224491,228598.813103,39777.000054151664,112.15943820000001,97.374,20.569834748089793,0.14241646494416388,36,64,,True,True,,148,56.69694568066818
121,2026-09-19T05:46:13.031+00:00,2026-09-19T05:50:03.487+00:00,2026-09-19T05:50:12.781+00:00,True,97,97.0,,97.0,230455.80777,239749.907738,239749.907581,2471.6485317628867,46.47314299999999,230455.80777,23389.41954743323,110.793493,96.81354133333333,18.713072749595497,0.40458826831333805,36,64,,True,True,,482,56.69694568066818
122,2026-09-19T05:46:13.396+00:00,2026-09-19T05:50:05.241+00:00,2026-09-19T05:50:14.848+00:00,True,99,99.0,,99.0,231844.685662,241451.77020600002,241451.770283,2438.9067705353536,0.04513,231844.685662,23291.428323559205,112.9907199,98.0314749387755,24.94517396791408,0.4100197729572905,36,64,,True,True,,497,56.69694568066818
123,2026-09-19T05:46:13.748+00:00,2026-09-19T05:50:07.964+00:00,2026-09-19T05:50:08.427+00:00,True,6,6.0,,6.0,234216.06187099998,234679.85707099998,234679.85716199997,39113.309527,50.329144,234216.06187099998,95580.44061300762,175689.9522865,92.75904,24.35285651787798,0.02556674473423069,36,64,,True,True,,22,56.69694568066818
124,2026-09-19T05:46:14.196+00:00,2026-09-19T05:50:10.318+00:00,2026-09-19T05:50:10.874+00:00,True,7,7.0,,7.0,236121.54325400002,236678.03605400003,236678.03605300002,33811.14800757143,50.643303,236121.54325400002,89210.50097020836,165316.43556980003,92.7488,20.997885517184056,0.029576043965494514,36,64,,True,True,,41,56.69694568066818
125,2026-09-19T05:46:14.659+00:00,2026-09-19T05:50:12.568+00:00,2026-09-19T05:50:22.079+00:00,True,97,97.0,,97.0,237908.576104,247419.829096,247419.828965,2550.7198862371133,43.638259,237908.576104,24145.904488575863,115.9960928,99.075552,19.816101399505815,0.39204618463447233,36,64,,True,True,,522,56.69694568066818
126,2026-09-19T05:46:15.104+00:00,2026-09-19T05:50:14.849+00:00,2026-09-19T05:50:21.782+00:00,True,73,73.0,,73.0,239745.08178799998,246678.60729199997,246678.60737299998,3379.1590051095886,43.014961,239745.08178799998,28048.7764608433,113.37951099999998,96.29896533333333,21.32676645555402,0.29593162050565647,36,64,,True,True,,311,56.69694568066818
127,2026-09-19T05:46:15.549+00:00,2026-09-19T05:50:17.933+00:00,2026-09-19T05:50:26.851+00:00,True,95,95.0,,95.0,242383.20936399998,251301.290644,251301.290571,2645.2767428526313,44.267807999999995,242383.20936399998,24858.266731321994,111.0060278,94.87320510638298,19.98117902279185,0.3780322805209126,36,64,,True,True,,395,56.69694568066818
128,2026-09-19T05:46:16.036+00:00,2026-09-19T05:50:20.351+00:00,2026-09-19T05:50:22.597+00:00,True,24,24.0,,24.0,244314.931151,246560.526287,246560.526202,10273.355258416666,44.226178999999995,244314.931151,49850.6495386736,111.33547505,97.63457113043478,16.533958873236113,0.0973391822341572,36,64,,True,True,,109,56.69694568066818
129,2026-09-19T05:46:16.393+00:00,2026-09-19T05:50:21.981+00:00,2026-09-19T05:50:26.803+00:00,True,52,52.0,,52.0,245587.61417,250409.91817,250409.918006,4815.57534626923,46.753492,245587.61417,34043.7679768897,110.78478075,94.55498039215686,20.328454950767522,0.20765950638064537,36,64,,True,True,,192,56.69694568066818
130,2026-09-19T05:46:16.738+00:00,2026-09-19T05:50:23.877+00:00,2026-09-19T05:50:31.552+00:00,True,79,79.0,,79.0,247139.283857,254813.994897,254813.99484600002,3225.4936056455695,44.296378,247139.283857,27794.27694067016,109.5841048,98.39373128205128,17.257917464334277,0.3100300673514149,36,64,,True,True,,335,56.69694568066818
131,2026-09-19T05:46:17.245+00:00,2026-09-19T05:50:26.750+00:00,2026-09-19T05:50:26.804+00:00,True,2,2.0,,2.0,249505.086404,249559.419332,249559.419158,124779.709579,54.332754,249505.086404,176388.31947800991,237032.5487215,54.332928,nan,0.008014123471490013,36,64,,True,True,,3,56.69694568066818
132,2026-09-19T05:46:17.701+00:00,2026-09-19T05:50:29.250+00:00,2026-09-19T05:50:35.957+00:00,True,67,67.0,,67.0,251549.315659,258256.650059,258256.649955,3854.576865,47.081671,251549.315659,30719.227031884857,111.266753,101.62627878787877,12.576530037125366,0.25943184806545555,36,64,,True,True,,322,56.69694568066818
133,2026-09-19T05:46:18.061+00:00,2026-09-19T05:50:31.139+00:00,2026-09-19T05:50:39.329+00:00,True,83,83.0,,83.0,253077.965799,261268.206055,261268.206171,3147.8097129036146,47.85967,253077.965799,27767.957227525163,111.01715010000002,99.88097873170732,16.688570094363996,0.3176812106350496,36,64,,True,True,,330,56.69694568066818
134,2026-09-19T05:46:18.591+00:00,2026-09-19T05:50:33.235+00:00,2026-09-19T05:50:35.426+00:00,True,23,23.0,,23.0,254644.082947,256835.437827,256835.437901,11166.758169608695,46.849542,254644.082947,53076.19482758066,111.1997111,99.60704,16.948644410620197,0.08955150502047313,36,64,,True,True,,90,56.69694568066818
135,2026-09-19T05:46:18.922+00:00,2026-09-19T05:50:35.110+00:00,2026-09-19T05:50:35.216+00:00,True,2,2.0,,2.0,256187.337692,256293.026268,256293.026139,128146.5130695,105.688447,256187.337692,181077.07071857442,243383.25522975,105.688576,nan,0.007803567772104122,36,64,,True,True,,4,56.69694568066818
136,2026-09-19T05:46:19.393+00:00,2026-09-19T05:50:37.859+00:00,2026-09-19T05:50:42.516+00:00,True,48,48.0,,48.0,258465.971899,263122.718139,263122.718196,5481.72329575,46.077544,258465.971899,37292.05419315024,113.98044845,99.07970723404256,20.48045402239235,0.18242438486304707,36,64,,True,True,,159,56.69694568066818
137,2026-09-19T05:46:19.869+00:00,2026-09-19T05:50:40.870+00:00,2026-09-19T05:50:45.478+00:00,True,47,47.0,,47.0,261000.537696,265608.373088,265608.372937,5651.241977382979,47.490591,261000.537696,38056.233033270546,111.25092000000001,100.17033460869565,15.694379415773753,0.17695225287355004,36,64,,True,True,,177,56.69694568066818
138,2026-09-19T05:46:20.270+00:00,2026-09-19T05:50:42.834+00:00,2026-09-19T05:50:43.894+00:00,True,11,11.0,,11.0,262564.556355,263624.737859,263624.737853,23965.885259363637,90.71582099999999,262564.556355,79134.22709763328,131341.2300715,106.01815040000001,7.816936238070247,0.041725977953872305,36,64,,True,True,,44,56.69694568066818
139,2026-09-19T05:46:20.644+00:00,2026-09-19T05:50:44.509+00:00,2026-09-19T05:50:50.833+00:00,True,67,67.0,,67.0,263865.093063,270189.247431,270189.247381,4032.6753340447763,44.935017,263865.093063,32224.55180493848,112.0771889,95.82052072727274,20.36907840905104,0.24797433886450357,36,64,,True,True,,228,56.69694568066818
140,2026-09-19T05:46:20.976+00:00,2026-09-19T05:50:46.410+00:00,2026-09-19T05:50:52.056+00:00,True,61,61.0,,61.0,265434.032174,271080.57886199997,271080.578647,4443.943912245902,46.939341999999996,265434.032174,33973.30211001465,111.027925,94.10911146666668,20.76301378467063,0.22502534211812164,36,64,,True,True,,275,56.69694568066818
141,2026-09-19T05:46:21.378+00:00,2026-09-19T05:50:48.538+00:00,2026-09-19T05:50:52.924+00:00,True,48,48.0,,48.0,267159.815948,271546.328844,271546.328792,5657.215183166667,46.035584,267159.815948,38547.732909689534,109.54023949999998,93.33006161702127,21.79433549632085,0.17676541680508376,36,64,,True,True,,215,56.69694568066818
142,2026-09-19T05:46:21.934+00:00,2026-09-19T05:50:51.500+00:00,2026-09-19T05:50:55.703+00:00,True,45,45.0,,45.0,269565.826546,273769.39493,273769.39492000005,6083.764331555556,45.491116000000005,269565.826546,40170.263791153775,110.2261586,95.5356450909091,19.375161797869083,0.16437191604819826,36,64,,True,True,,196,56.69694568066818
143,2026-09-19T05:46:22.751+00:00,2026-09-19T05:50:51.593+00:00,2026-09-19T05:50:57.123+00:00,True,58,58.0,,58.0,268842.47001499997,274372.568959,274372.568995,4730.561534396551,45.193686,268842.47001499997,35288.011031728456,109.91773205,97.01927971929824,18.07612606094809,0.21139139462832762,36,64,,True,True,,231,56.69694568066818
144,2026-09-19T05:46:22.827+00:00,2026-09-19T05:50:52.361+00:00,2026-09-19T05:50:54.914+00:00,True,28,28.0,,28.0,269534.01631,272086.990902,272086.990872,9717.392531142856,48.604978,269534.01631,50919.27544391511,111.30045965,94.55461451851852,18.878165922974357,0.1029082644016781,36,64,,True,True,,131,56.69694568066818
145,2026-09-19T05:46:23.143+00:00,2026-09-19T05:50:58.226+00:00,2026-09-19T05:50:59.732+00:00,True,16,16.0,,16.0,275082.715828,276588.84523599996,276588.845042,17286.802815125,53.106758,275082.715828,68745.57803731444,68852.69456875,100.4086272,13.482059009691293,0.057847596805098815,36,64,,True,True,,44,56.69694568066818
146,2026-09-19T05:46:23.699+00:00,2026-09-19T05:51:01.237+00:00,2026-09-19T05:51:01.455+00:00,True,3,3.0,,3.0,277537.411625,277755.786025,277755.786094,92585.26203133333,104.02443099999999,277537.411625,160173.2601158604,249795.10546629998,109.1872,7.301414916904805,0.010800855107047092,36,64,,True,True,,10,56.69694568066818
147,2026-09-19T05:46:24.043+00:00,2026-09-19T05:51:02.978+00:00,2026-09-19T05:51:06.893+00:00,True,40,40.0,,40.0,278935.345959,282849.812007,282849.812136,7071.2453034,47.077341999999994,278935.345959,44087.68401592005,112.79748535,100.3709243076923,17.52848754391976,0.14141780656021818,36,64,,True,True,,169,56.69694568066818
148,2026-09-19T05:46:24.473+00:00,2026-09-19T05:51:05.004+00:00,2026-09-19T05:51:14.227+00:00,True,97,97.0,,97.0,280530.924893,289753.753437,289753.753579,2987.1520987525773,44.207909,280530.924893,28473.852442004154,111.4620898,96.07113066666668,20.225451510446526,0.33476701802618863,36,64,,True,True,,442,56.69694568066818
149,2026-09-19T05:46:24.973+00:00,2026-09-19T05:51:07.925+00:00,2026-09-19T05:51:15.000+00:00,True,73,73.0,,73.0,282952.673662,290026.846078,290026.845989,3972.970493,42.934461999999996,282952.673662,33105.610890278556,112.37712579999999,98.25239466666667,18.204087245493884,0.25170083730927223,36,64,,True,True,,349,56.69694568066818
150,2026-09-19T05:46:25.311+00:00,2026-09-19T05:51:09.850+00:00,2026-09-19T05:51:12.770+00:00,True,30,30.0,,30.0,284538.974584,287459.003512,287459.003594,9581.966786466666,47.048403,284538.974584,51931.09026571006,111.79592574999998,100.69065268965517,15.233155361739003,0.10436270784173801,36,64,,True,True,,114,56.69694568066818
151,2026-09-19T05:46:25.861+00:00,2026-09-19T05:51:12.500+00:00,2026-09-19T05:51:17.520+00:00,True,52,52.0,,52.0,286639.088697,291659.264057,291659.264007,5608.832000134616,47.197812,286639.088697,39736.04326545459,110.93942355000001,98.43481098039216,18.07658914984625,0.17829023935902635,36,64,,True,True,,196,56.69694568066818
152,2026-09-19T05:46:26.212+00:00,2026-09-19T05:51:14.436+00:00,2026-09-19T05:51:19.164+00:00,True,48,48.0,,48.0,288224.473857,292951.873537,292951.873619,6103.1640337291665,44.843568,288224.473857,41587.10450561973,112.53597789999999,100.58297191489362,16.00760608605387,0.16384943854587627,36,64,,True,True,,169,56.69694568066818
153,2026-09-19T05:46:26.602+00:00,2026-09-19T05:51:16.669+00:00,2026-09-19T05:51:23.616+00:00,True,71,71.0,,71.0,290066.47777999996,297013.67291599995,297013.67291799997,4183.2911678591545,48.149159,290066.47777999996,34412.78435149064,115.093336,99.2456448,18.85938144254231,0.23904623414451326,36,64,,True,True,,292,56.69694568066818
154,2026-09-19T05:46:27.040+00:00,2026-09-19T05:51:18.953+00:00,2026-09-19T05:51:24.704+00:00,True,59,59.0,,59.0,291913.427224,297663.70204,297663.702098,5045.14749318644,46.297574,291913.427224,37990.98921810488,114.6878988,99.14266924137931,20.249277418092895,0.19821026075954534,36,64,,True,True,,260,56.69694568066818
155,2026-09-19T05:46:27.521+00:00,2026-09-19T05:51:21.353+00:00,2026-09-19T05:51:21.985+00:00,True,7,7.0,,7.0,293831.737066,294463.631594,294463.631606,42066.23308657143,98.28803500000001,293831.737066,111018.15210967713,205715.4804967,105.31575466666668,4.337404473948477,0.023772035826996274,36,64,,True,True,,19,56.69694568066818
156,2026-09-19T05:46:27.825+00:00,2026-09-19T05:51:23.833+00:00,2026-09-19T05:51:26.828+00:00,True,30,30.0,,30.0,296008.261017,299003.020441,299003.020295,9966.767343166666,45.873915000000004,296008.261017,54024.61540670141,116.80638794999999,103.26756634482759,15.482522167131943,0.10033343461130578,36,64,,True,True,,136,56.69694568066818
157,2026-09-19T05:46:28.288+00:00,2026-09-19T05:51:26.404+00:00,2026-09-19T05:51:28.408+00:00,False,22,21.0,,21.0,298116.031425,300119.829441,300119.829517,13641.810432590908,0.05631,298116.031425,63538.213907376616,114.20946065,95.41895314285715,27.915726355162178,0.06997205096082579,36,64,,True,False,Request timeout: 300.0s exceeded,94,56.69694568066818
158,2026-09-19T05:46:28.614+00:00,2026-09-19T05:51:27.781+00:00,2026-09-19T05:51:29.489+00:00,False,18,17.0,,17.0,299167.459639,300875.551799,300875.55173,16715.308429444445,0.02468,299167.459639,70490.76867602125,44976.3239553,100.47600941176471,26.317776059107157,0.05650176592399523,36,64,,True,False,Request timeout: 300.0s exceeded,102,56.69694568066818
159,2026-09-19T05:46:28.971+00:00,2026-09-19T05:51:29.069+00:00,2026-09-19T05:51:29.604+00:00,False,7,6.0,,6.0,300098.373251,300632.502915,300632.50314600003,42947.500449428575,0.02782,300098.373251,113392.88353111225,210103.41422150002,89.02161066666667,43.817771094800314,0.019957921854166324,36,64,,True,False,Request timeout: 300.0s exceeded,27,56.69694568066818
160,2026-09-19T05:46:29.318+00:00,2026-09-19T05:51:29.604+00:00,2026-09-19T05:51:29.604+00:00,False,1,0.0,,0.0,300285.933549,300285.933549,300285.933549,300285.933549,300285.933549,300285.933549,nan,300285.933549,nan,nan,0.0,36,64,,True,False,TTFT timeout: 300.0s exceeded (TTFT: 300.006s),0,56.69694568066818
161,2026-09-19T05:46:29.831+00:00,2026-09-19T05:51:29.852+00:00,2026-09-19T05:51:29.852+00:00,False,1,0.0,,0.0,300021.07462300005,300021.07462300005,300021.07462300005,300021.07462300005,300021.07462300005,300021.07462300005,nan,300021.07462300005,nan,nan,0.0,36,64,,True,False,"HTTPConnectionPool(host='gpu03', port=9002): Read timed out.",0,56.69694568066818
162,2026-09-19T05:46:30.353+00:00,2026-09-19T05:51:30.375+00:00,2026-09-19T05:51:30.375+00:00,False,1,0.0,,0.0,300022.812845,300022.812845,300022.812845,300022.812845,300022.812845,300022.812845,nan,300022.812845,nan,nan,0.0,36,64,,True,False,"HTTPConnectionPool(host='gpu03', port=9002): Read timed out.",0,56.69694568066818
163,2026-09-19T05:46:30.742+00:00,2026-09-19T05:51:30.769+00:00,2026-09-19T05:51:30.769+00:00,False,1,0.0,,0.0,300026.875566,300026.875566,300026.875566,300026.875566,300026.875566,300026.875566,nan,300026.875566,nan,nan,0.0,36,64,,True,False,"HTTPConnectionPool(host='gpu03', port=9002): Read timed out.",0,56.69694568066818
164,2026-09-19T05:46:31.098+00:00,2026-09-19T05:51:30.985+00:00,2026-09-19T05:51:31.206+00:00,False,4,3.0,,3.0,299887.447355,300108.334395,300108.334548,75027.083637,0.1022,299887.447355,149906.91816239315,254920.9961405,73.62901333333333,63.68013226378492,0.009996390157067167,36,64,,True,False,Request timeout: 300.0s exceeded,11,56.69694568066818
165,2026-09-19T05:46:31.428+00:00,2026-09-19T05:51:31.098+00:00,2026-09-19T05:51:31.531+00:00,False,7,6.0,,6.0,299669.982181,300103.055077,300103.055316,42871.865045142855,0.039009,299669.982181,113237.33411232734,209805.546688,72.178816,47.39046127604398,0.019993132020800417,36,64,,True,False,Request timeout: 300.0s exceeded,29,56.69694568066818
166,2026-09-19T05:46:31.919+00:00,2026-09-19T05:51:32.025+00:00,2026-09-19T05:51:32.025+00:00,False,1,0.0,,0.0,300105.975915,300105.975915,300105.975915,300105.975915,300105.975915,300105.975915,nan,300105.975915,nan,nan,0.0,36,64,,True,False,"HTTPConnectionPool(host='gpu03', port=9002): Read timed out.",0,56.69694568066818
167,2026-09-19T05:46:32.306+00:00,2026-09-19T05:51:32.413+00:00,2026-09-19T05:51:32.413+00:00,False,1,0.0,,0.0,300107.372082,300107.372082,300107.372082,300107.372082,300107.372082,300107.372082,nan,300107.372082,nan,nan,0.0,36,64,,True,False,TTFT timeout: 300.0s exceeded (TTFT: 300.090s),0,56.69694568066818
168,2026-09-19T05:46:32.809+00:00,2026-09-19T05:51:32.779+00:00,2026-09-19T05:51:32.912+00:00,False,3,2.0,,2.0,299969.76467299997,300103.345217,300103.34520599997,100034.448402,0.04014,299969.76467299997,173149.07587067274,269986.142245,66.790272,94.39886842548908,0.006664370897144887,36,64,,True,False,Request timeout: 300.0s exceeded,11,56.69694568066818
169,2026-09-19T05:46:33.245+00:00,2026-09-19T05:51:33.141+00:00,2026-09-19T05:51:33.330+00:00,False,4,3.0,,3.0,299896.416893,300085.197949,300085.19787000003,75021.29946750001,0.03787,299896.416893,149916.75161601047,254926.95341555003,62.92701866666666,54.753009136017255,0.009997160874658852,36,64,,True,False,Request timeout: 300.0s exceeded,16,56.69694568066818
170,2026-09-19T05:46:33.703+00:00,2026-09-19T05:51:33.796+00:00,2026-09-19T05:51:33.796+00:00,False,1,0.0,,0.0,300093.112215,300093.112215,300093.112215,300093.112215,300093.112215,300093.112215,nan,300093.112215,nan,nan,0.0,36,64,,True,False,"HTTPConnectionPool(host='gpu03', port=9002): Read timed out.",0,56.69694568066818
171,2026-09-19T05:46:34.031+00:00,2026-09-19T05:51:34.043+00:00,2026-09-19T05:51:34.043+00:00,False,1,0.0,,0.0,300012.437187,300012.437187,300012.437187,300012.437187,300012.437187,300012.437187,nan,300012.437187,nan,nan,0.0,36,64,,True,False,"HTTPConnectionPool(host='gpu03', port=9002): Read timed out.",0,56.69694568066818
172,2026-09-19T05:46:34.497+00:00,2026-09-19T05:51:34.406+00:00,2026-09-19T05:51:34.549+00:00,False,3,2.0,,2.0,299908.886278,300052.050438,300052.05031900003,100017.35010633334,0.038439999999999995,299908.886278,173111.16310996658,269932.3102103,71.58208,101.17804255808075,0.006665510190916898,36,64,,True,False,Request timeout: 300.0s exceeded,8,56.69694568066818
173,2026-09-19T05:46:34.937+00:00,2026-09-19T05:51:34.852+00:00,2026-09-19T05:51:35.007+00:00,False,4,3.0,,3.0,299915.58554400003,300070.230792,300070.23100900004,75017.55775225001,0.03768,299915.58554400003,149932.02466662676,254944.00882245004,51.548416,52.547119537739995,0.009997659521512192,36,64,,True,False,Request timeout: 300.0s exceeded,11,56.69694568066818
174,2026-09-19T05:46:35.311+00:00,2026-09-19T05:51:35.417+00:00,2026-09-19T05:51:35.417+00:00,False,1,0.0,,0.0,300106.044096,300106.044096,300106.044096,300106.044096,300106.044096,300106.044096,nan,300106.044096,nan,nan,0.0,36,64,,True,False,"HTTPConnectionPool(host='gpu03', port=9002): Read timed out.",0,56.69694568066818
175,2026-09-19T05:46:35.685+00:00,2026-09-19T05:51:35.752+00:00,2026-09-19T05:51:35.752+00:00,False,1,0.0,,0.0,300066.58891500003,300066.58891500003,300066.58891500003,300066.58891500003,300066.58891500003,300066.58891500003,nan,300066.58891500003,nan,nan,0.0,36,64,,True,False,TTFT timeout: 300.0s exceeded (TTFT: 300.062s),0,56.69694568066818
176,2026-09-19T05:46:36.243+00:00,2026-09-19T05:51:36.151+00:00,2026-09-19T05:51:36.348+00:00,False,4,3.0,,3.0,299907.247149,300104.673069,300104.673126,75026.1682815,0.06125,299907.247149,149920.72650240676,254936.6670426,65.80864,57.13239902636934,0.009996512114658877,36,64,,True,False,Request timeout: 300.0s exceeded,12,56.69694568066818
177,2026-09-19T05:46:36.563+00:00,2026-09-19T05:51:36.677+00:00,2026-09-19T05:51:36.677+00:00,False,1,0.0,,0.0,300113.900611,300113.900611,300113.900611,300113.900611,300113.900611,300113.900611,nan,300113.900611,nan,nan,0.0,36,64,,True,False,"HTTPConnectionPool(host='gpu03', port=9002): Read timed out.",0,56.69694568066818
179,2026-09-19T05:46:37.788+00:00,2026-09-19T05:51:37.570+00:00,2026-09-19T05:51:37.995+00:00,False,6,5.0,,5.0,299782.33609399997,300206.45385399996,300206.453841,50034.408973499994,0.03664,299782.33609399997,122351.00458303715,224864.90104325,84.823552,47.673923144175326,0.016655204895866964,36,64,,True,False,Request timeout: 300.0s exceeded,19,56.69694568066818
178,2026-09-19T05:46:37.747+00:00,2026-09-19T05:51:37.571+00:00,2026-09-19T05:51:37.996+00:00,False,6,5.0,,5.0,299824.363885,300249.457005,300249.456959,50041.576159833334,0.030588999999999998,299824.363885,122368.08268927822,224895.562106,85.018624,47.57302568167907,0.01665281945844364,36,64,,True,False,Request timeout: 300.0s exceeded,19,56.69694568066818
180,2026-09-19T05:46:37.798+00:00,2026-09-19T05:51:37.784+00:00,2026-09-19T05:51:37.998+00:00,False,4,3.0,,3.0,299985.69367799995,300199.52740599995,300199.52737699996,75049.88184424999,0.02343,299985.69367799995,149957.21636336955,255004.19017979995,71.27790933333333,61.74376138980447,0.009993353506991699,36,64,,True,False,Request timeout: 300.0s exceeded,10,56.69694568066818
181,2026-09-19T05:46:38.181+00:00,2026-09-19T05:51:38.197+00:00,2026-09-19T05:51:38.197+00:00,False,1,0.0,,0.0,300016.618607,300016.618607,300016.618607,300016.618607,300016.618607,300016.618607,nan,300016.618607,nan,nan,0.0,36,64,,True,False,"HTTPConnectionPool(host='gpu03', port=9002): Read timed out.",0,56.69694568066818
182,2026-09-19T05:46:38.670+00:00,2026-09-19T05:51:39.173+00:00,2026-09-19T05:51:39.478+00:00,False,5,4.0,,4.0,300502.575396,300807.192356,300807.192387,60161.4384774,0.041299999999999996,300502.575396,134354.79745759588,240439.428275,76.15424,79.12088043440838,0.013297554385820903,36,64,,True,False,Request timeout: 300.0s exceeded,19,56.69694568066818
183,2026-09-19T05:46:39.122+00:00,2026-09-19T05:51:39.357+00:00,2026-09-19T05:51:39.577+00:00,False,6,5.0,,5.0,300235.00643199997,300454.64035199996,300454.64038899995,50075.77339816666,0.0396,300235.00643199997,122552.49736472704,225194.19179799996,43.926784,26.48202705972849,0.016641447088792543,36,64,,True,False,Request timeout: 300.0s exceeded,12,56.69694568066818
184,2026-09-19T05:46:39.435+00:00,2026-09-19T05:51:39.426+00:00,2026-09-19T05:51:39.685+00:00,False,6,5.0,,5.0,299991.297278,300250.15142199997,300250.151365,50041.691894166666,0.02391,299991.297278,122449.80370346541,225020.46167924997,51.7708288,38.26637581702646,0.01665278094388877,36,64,,True,False,Request timeout: 300.0s exceeded,17,56.69694568066818
185,2026-09-19T05:46:39.829+00:00,2026-09-19T05:51:39.845+00:00,2026-09-19T05:51:39.845+00:00,False,1,0.0,,0.0,300015.998881,300015.998881,300015.998881,300015.998881,300015.998881,300015.998881,nan,300015.998881,nan,nan,0.0,36,64,,True,False,"HTTPConnectionPool(host='gpu03', port=9002): Read timed out.",0,56.69694568066818
186,2026-09-19T05:46:40.184+00:00,2026-09-19T05:51:40.276+00:00,2026-09-19T05:51:40.276+00:00,False,1,0.0,,0.0,300092.488444,300092.488444,300092.488444,300092.488444,300092.488444,300092.488444,nan,300092.488444,nan,nan,0.0,36,64,,True,False,"HTTPConnectionPool(host='gpu03', port=9002): Read timed out.",0,56.69694568066818
187,2026-09-19T05:46:40.693+00:00,2026-09-19T05:51:40.777+00:00,2026-09-19T05:51:40.777+00:00,False,1,0.0,,0.0,300083.84569,300083.84569,300083.84569,300083.84569,300083.84569,300083.84569,nan,300083.84569,nan,nan,0.0,36,64,,True,False,TTFT timeout: 300.0s exceeded (TTFT: 300.068s),0,56.69694568066818
188,2026-09-19T05:46:41.129+00:00,2026-09-19T05:51:40.953+00:00,2026-09-19T05:51:41.174+00:00,False,4,3.0,,3.0,299823.23364999995,300045.00235399994,300045.00236099993,75011.25059024998,0.03971,299823.23364999995,149874.66523109475,254869.13728344996,73.92290133333333,66.57602878031646,0.009998500146523126,36,64,,True,False,Request timeout: 300.0s exceeded,18,56.69694568066818
189,2026-09-19T05:46:41.606+00:00,2026-09-19T05:51:41.078+00:00,2026-09-19T05:51:41.621+00:00,False,8,7.0,,7.0,299472.523739,300015.819995,300015.81982200005,37501.977477750006,0.06733,299472.523739,105852.09190590528,194692.9886256,77.61375085714285,39.585553735869226,0.02333210295415975,36,64,,True,False,Request timeout: 300.0s exceeded,21,56.69694568066818
190,2026-09-19T05:46:41.984+00:00,2026-09-19T05:51:42.090+00:00,2026-09-19T05:51:42.090+00:00,False,1,0.0,,0.0,300106.304513,300106.304513,300106.304513,300106.304513,300106.304513,300106.304513,nan,300106.304513,nan,nan,0.0,36,64,,True,False,"HTTPConnectionPool(host='gpu03', port=9002): Read timed out.",0,56.69694568066818
191,2026-09-19T05:46:42.295+00:00,2026-09-19T05:51:42.364+00:00,2026-09-19T05:51:42.364+00:00,False,1,0.0,,0.0,300069.435944,300069.435944,300069.435944,300069.435944,300069.435944,300069.435944,nan,300069.435944,nan,nan,0.0,36,64,,True,False,"HTTPConnectionPool(host='gpu03', port=9002): Read timed out.",0,56.69694568066818
192,2026-09-19T05:46:42.732+00:00,2026-09-19T05:51:42.684+00:00,2026-09-19T05:51:42.818+00:00,False,3,2.0,,2.0,299951.85013599996,300085.32136799995,300085.32159899996,100028.44053299999,0.04203,299951.85013599996,173138.76437273226,269970.00806569995,66.735616,94.31903889832024,0.006664771175353041,36,64,,True,False,Request timeout: 300.0s exceeded,17,56.69694568066818
193,2026-09-19T05:46:43.131+00:00,2026-09-19T05:51:42.924+00:00,2026-09-19T05:51:43.239+00:00,False,5,4.0,,4.0,299792.460112,300107.819344,300107.819187,60021.5638374,0.02183,299792.460112,134036.0135685026,239856.39453799996,78.839808,52.78228418251321,0.01332854308409399,36,64,,True,False,Request timeout: 300.0s exceeded,13,56.69694568066818
194,2026-09-19T05:46:43.682+00:00,2026-09-19T05:51:43.705+00:00,2026-09-19T05:51:43.705+00:00,False,1,0.0,,0.0,300023.708979,300023.708979,300023.708979,300023.708979,300023.708979,300023.708979,nan,300023.708979,nan,nan,0.0,36,64,,True,False,"HTTPConnectionPool(host='gpu03', port=9002): Read timed out.",0,56.69694568066818
195,2026-09-19T05:46:44.077+00:00,2026-09-19T05:51:44.180+00:00,2026-09-19T05:51:44.180+00:00,False,1,0.0,,0.0,300103.503657,300103.503657,300103.503657,300103.503657,300103.503657,300103.503657,nan,300103.503657,nan,nan,0.0,36,64,,True,False,"HTTPConnectionPool(host='gpu03', port=9002): Read timed out.",0,56.69694568066818
196,2026-09-19T05:46:44.556+00:00,2026-09-19T05:51:44.482+00:00,2026-09-19T05:51:44.630+00:00,False,3,2.0,,2.0,299926.26561799995,300074.0434099999,300074.04331899993,100024.68110633332,0.02498,299926.26561799995,173119.86620136237,269948.4143282999,73.888896,104.45919904212232,0.006665021663561021,36,64,,True,False,Request timeout: 300.0s exceeded,8,56.69694568066818
197,2026-09-19T05:46:45.003+00:00,2026-09-19T05:51:44.738+00:00,2026-09-19T05:51:45.099+00:00,False,6,5.0,,5.0,299735.59449800005,300096.46233800007,300096.46216000005,50016.07702666667,0.05346,299735.59449800005,122337.08648549502,224828.80267875004,72.173568,46.80136613136877,0.016661309370479934,36,64,,True,False,Request timeout: 300.0s exceeded,15,56.69694568066818
198,2026-09-19T05:46:45.518+00:00,2026-09-19T05:51:45.549+00:00,2026-09-19T05:51:45.549+00:00,False,1,0.0,,0.0,300030.893287,300030.893287,300030.893287,300030.893287,300030.893287,300030.893287,nan,300030.893287,nan,nan,0.0,36,64,,True,False,"HTTPConnectionPool(host='gpu03', port=9002): Read timed out.",0,56.69694568066818
199,2026-09-19T05:46:46.038+00:00,2026-09-19T05:51:46.010+00:00,2026-09-19T05:51:46.169+00:00,False,3,2.0,,2.0,299972.139399,300130.974855,300130.97478399996,100043.65826133333,0.10093,299972.139399,173143.1617727352,269990.7989046,79.417728,112.17062275503034,0.006663757384476044,36,64,,True,False,Request timeout: 300.0s exceeded,12,56.69694568066818
200,2026-09-19T05:46:46.358+00:00,2026-09-19T05:51:46.173+00:00,2026-09-19T05:51:46.392+00:00,False,4,3.0,,3.0,299814.682965,300033.567317,300033.567513,75008.39187825,0.023440000000000003,299814.682965,149870.86961753957,254859.33114704996,72.96145066666668,63.233146023018186,0.009998881214615412,36,64,,True,False,Request timeout: 300.0s exceeded,10,56.69694568066818
201,2026-09-19T05:46:46.660+00:00,2026-09-19T05:51:46.391+00:00,2026-09-19T05:51:46.682+00:00,False,5,4.0,,4.0,299730.985343,300022.250879,300022.25080399995,60004.4501608,0.02148,299730.985343,134011.21376217893,239804.3729994,72.816384,48.53854485358835,0.013332344478720726,36,64,,True,False,Request timeout: 300.0s exceeded,13,56.69694568066818
202,2026-09-19T05:46:47.112+00:00,2026-09-19T05:51:47.219+00:00,2026-09-19T05:51:47.219+00:00,False,1,0.0,,0.0,300106.830153,300106.830153,300106.830153,300106.830153,300106.830153,300106.830153,nan,300106.830153,nan,nan,0.0,36,64,,True,False,"HTTPConnectionPool(host='gpu03', port=9002): Read timed out.",0,56.69694568066818
203,2026-09-19T05:46:47.465+00:00,2026-09-19T05:51:47.508+00:00,2026-09-19T05:51:47.508+00:00,False,1,0.0,,0.0,300042.421129,300042.421129,300042.421129,300042.421129,300042.421129,300042.421129,nan,300042.421129,nan,nan,0.0,36,64,,True,False,"HTTPConnectionPool(host='gpu03', port=9002): Read timed out.",0,56.69694568066818
204,2026-09-19T05:46:47.967+00:00,2026-09-19T05:51:47.826+00:00,2026-09-19T05:51:48.069+00:00,False,4,3.0,,3.0,299859.32002499996,300101.85263299994,300101.852608,75025.463152,0.03753,299859.32002499996,149889.24937865481,254901.01569449998,80.84420266666667,71.7960942218894,0.009996606064504223,36,64,,True,False,Request timeout: 300.0s exceeded,10,56.69694568066818
205,2026-09-19T05:46:48.412+00:00,2026-09-19T05:51:48.165+00:00,2026-09-19T05:51:48.522+00:00,False,6,5.0,,5.0,299752.436753,300110.325009,300110.324991,50018.3874985,0.030059000000000002,299752.436753,122344.20533954896,224840.68167700002,71.5776512,46.022791232766785,0.016660539752672805,36,64,,True,False,Request timeout: 300.0s exceeded,11,56.69694568066818
206,2026-09-19T05:46:48.771+00:00,2026-09-19T05:51:48.844+00:00,2026-09-19T05:51:48.844+00:00,False,1,0.0,,0.0,300073.441334,300073.441334,300073.441334,300073.441334,300073.441334,300073.441334,nan,300073.441334,nan,nan,0.0,36,64,,True,False,"HTTPConnectionPool(host='gpu03', port=9002): Read timed out.",0,56.69694568066818
207,2026-09-19T05:46:49.116+00:00,2026-09-19T05:51:49.184+00:00,2026-09-19T05:51:49.184+00:00,False,1,0.0,,0.0,300068.332406,300068.332406,300068.332406,300068.332406,300068.332406,300068.332406,nan,300068.332406,nan,nan,0.0,36,64,,True,False,"HTTPConnectionPool(host='gpu03', port=9002): Read timed out.",0,56.69694568066818
208,2026-09-19T05:46:49.456+00:00,2026-09-19T05:51:49.392+00:00,2026-09-19T05:51:49.524+00:00,False,3,2.0,,2.0,299936.594192,300067.913488,300067.913719,100022.63790633333,0.04137,299936.594192,173130.57714948605,269956.0625885,65.659648,92.79847647605669,0.006665157819614665,36,64,,True,False,Request timeout: 300.0s exceeded,3,56.69694568066818
209,2026-09-19T05:46:49.973+00:00,2026-09-19T05:51:49.866+00:00,2026-09-19T05:51:50.012+00:00,False,5,4.0,,4.0,299892.926371,300039.514019,300039.51413100003,60007.9028262,0.05306,299892.926371,134099.80653106095,239924.38855,36.646912,24.46299449449289,0.013331577385992902,36,64,,True,False,Request timeout: 300.0s exceeded,13,56.69694568066818
210,2026-09-19T05:46:50.358+00:00,2026-09-19T05:51:50.433+00:00,2026-09-19T05:51:50.433+00:00,False,1,0.0,,0.0,300075.018741,300075.018741,300075.018741,300075.018741,300075.018741,300075.018741,nan,300075.018741,nan,nan,0.0,36,64,,True,False,"HTTPConnectionPool(host='gpu03', port=9002): Read timed out.",0,56.69694568066818
211,2026-09-19T05:46:50.850+00:00,2026-09-19T05:51:51.104+00:00,2026-09-19T05:51:51.564+00:00,False,6,5.0,,5.0,300254.036737,300714.109697,300714.109666,50119.01827766666,0.04895,300254.036737,122540.64240959632,225227.82540849998,92.014592,55.36054897581215,0.01662708811714225,36,64,,True,False,Request timeout: 300.0s exceeded,22,56.69694568066818
212,2026-09-19T05:46:51.271+00:00,2026-09-19T05:51:51.368+00:00,2026-09-19T05:51:51.565+00:00,False,4,3.0,,3.0,300096.50468699995,300293.96183899994,300293.96183099994,75073.49045774998,0.033039,300096.50468699995,150015.35008168337,255097.54679234992,65.81905066666667,57.16898646378532,0.009990210864141265,36,64,,True,False,Request timeout: 300.0s exceeded,10,56.69694568066818
213,2026-09-19T05:46:51.769+00:00,2026-09-19T05:51:51.878+00:00,2026-09-19T05:51:51.878+00:00,False,1,0.0,,0.0,300108.878441,300108.878441,300108.878441,300108.878441,300108.878441,300108.878441,nan,300108.878441,nan,nan,0.0,36,64,,True,False,"HTTPConnectionPool(host='gpu03', port=9002): Read timed out.",0,56.69694568066818
214,2026-09-19T05:46:52.154+00:00,2026-09-19T05:51:52.206+00:00,2026-09-19T05:51:52.206+00:00,False,1,0.0,,0.0,300051.811739,300051.811739,300051.811739,300051.811739,300051.811739,300051.811739,nan,300051.811739,nan,nan,0.0,36,64,,True,False,"HTTPConnectionPool(host='gpu03', port=9002): Read timed out.",0,56.69694568066818
215,2026-09-19T05:46:52.686+00:00,2026-09-19T05:51:52.746+00:00,2026-09-19T05:51:52.746+00:00,False,1,0.0,,0.0,300059.82808899996,300059.82808899996,300059.82808899996,300059.82808899996,300059.82808899996,300059.82808899996,nan,300059.82808899996,nan,nan,0.0,36,64,,True,False,"HTTPConnectionPool(host='gpu03', port=9002): Read timed out.",0,56.69694568066818
216,2026-09-19T05:46:53.230+00:00,2026-09-19T05:51:52.989+00:00,2026-09-19T05:51:53.265+00:00,False,5,4.0,,4.0,299758.73398900003,300034.374565,300034.374481,60006.8748962,0.053399999999999996,299758.73398900003,134025.36966427017,239826.56011500006,68.910144,46.301510299097934,0.013331805749922272,36,64,,True,False,Request timeout: 300.0s exceeded,12,56.69694568066818
217,2026-09-19T05:46:53.572+00:00,2026-09-19T05:51:53.071+00:00,2026-09-19T05:51:53.682+00:00,False,8,7.0,,7.0,299499.23322899995,300109.97012499993,300109.970138,37513.74626725,0.02619,299499.23322899995,105858.12858950917,194712.13181594998,87.248128,38.731864254270576,0.023324783235573292,36,64,,True,False,Request timeout: 300.0s exceeded,24,56.69694568066818
218,2026-09-19T05:46:53.934+00:00,2026-09-19T05:51:54.009+00:00,2026-09-19T05:51:54.009+00:00,False,1,0.0,,0.0,300074.472145,300074.472145,300074.472145,300074.472145,300074.472145,300074.472145,nan,300074.472145,nan,nan,0.0,36,64,,True,False,"HTTPConnectionPool(host='gpu03', port=9002): Read timed out.",0,56.69694568066818
219,2026-09-19T05:46:54.452+00:00,2026-09-19T05:51:54.495+00:00,2026-09-19T05:51:54.495+00:00,False,1,0.0,,0.0,300042.472226,300042.472226,300042.472226,300042.472226,300042.472226,300042.472226,nan,300042.472226,nan,nan,0.0,36,64,,True,False,"HTTPConnectionPool(host='gpu03', port=9002): Read timed out.",0,56.69694568066818
220,2026-09-19T05:46:54.881+00:00,2026-09-19T05:51:54.779+00:00,2026-09-19T05:51:55.809+00:00,False,12,11.0,,11.0,299897.764195,300927.674723,300927.674595,25077.30621625,0.02558,299897.764195,86546.00665612354,135026.6933745,93.62822981818181,37.41155556285966,0.036553633726527,36,64,,True,False,Request timeout: 300.0s exceeded,50,56.69694568066818
221,2026-09-19T05:46:55.662+00:00,2026-09-19T05:51:54.780+00:00,2026-09-19T05:51:55.807+00:00,False,12,11.0,,11.0,299117.46904500003,300144.550517,300144.55057200004,25012.045881000002,0.02498,299117.46904500003,86320.8289585686,134675.16102710002,93.3710429090909,37.034240644538635,0.03664900788987327,36,64,,True,False,Request timeout: 300.0s exceeded,52,56.69694568066818
222,2026-09-19T05:46:55.808+00:00,2026-09-19T05:51:56.024+00:00,2026-09-19T05:51:56.024+00:00,False,1,0.0,,0.0,300215.37926099997,300215.37926099997,300215.37926099997,300215.37926099997,300215.37926099997,300215.37926099997,nan,300215.37926099997,nan,nan,0.0,36,64,,True,False,TTFT timeout: 300.0s exceeded (TTFT: 300.055s),0,56.69694568066818
223,2026-09-19T05:46:56.120+00:00,2026-09-19T05:51:56.160+00:00,2026-09-19T05:51:56.160+00:00,False,1,0.0,,0.0,300040.125237,300040.125237,300040.125237,300040.125237,300040.125237,300040.125237,nan,300040.125237,nan,nan,0.0,36,64,,True,False,"HTTPConnectionPool(host='gpu03', port=9002): Read timed out.",0,56.69694568066818
224,2026-09-19T05:46:56.499+00:00,2026-09-19T05:51:56.546+00:00,2026-09-19T05:51:56.546+00:00,False,1,0.0,,0.0,300046.557419,300046.557419,300046.557419,300046.557419,300046.557419,300046.557419,nan,300046.557419,nan,nan,0.0,36,64,,True,False,"HTTPConnectionPool(host='gpu03', port=9002): Read timed out.",0,56.69694568066818
225,2026-09-19T05:46:57.045+00:00,2026-09-19T05:51:57.105+00:00,2026-09-19T05:51:57.105+00:00,False,1,0.0,,0.0,300060.416305,300060.416305,300060.416305,300060.416305,300060.416305,300060.416305,nan,300060.416305,nan,nan,0.0,36,64,,True,False,TTFT timeout: 300.0s exceeded (TTFT: 300.049s),0,56.69694568066818
226,2026-09-19T05:46:57.594+00:00,2026-09-19T05:51:57.409+00:00,2026-09-19T05:51:57.609+00:00,False,4,3.0,,3.0,299815.19697600004,300015.74584000005,300015.74592300004,75003.93648075001,0.02196,299815.19697600004,149874.18111298236,254857.95846255,66.84962133333333,57.87462647864749,0.009999475166213162,36,64,,True,False,Request timeout: 300.0s exceeded,11,56.69694568066818
227,2026-09-19T05:46:58.070+00:00,2026-09-19T05:51:57.609+00:00,2026-09-19T05:51:58.117+00:00,False,7,6.0,,6.0,299539.63856,300047.34672,300047.346932,42863.906704571426,0.02023,299539.63856,113183.36534616724,209708.7199568,84.61802666666667,41.478650403478895,0.019996844050079593,36,64,,True,False,Request timeout: 300.0s exceeded,18,56.69694568066818
228,2026-09-19T05:46:58.545+00:00,2026-09-19T05:51:58.651+00:00,2026-09-19T05:51:58.651+00:00,False,1,0.0,,0.0,300106.31725300004,300106.31725300004,300106.31725300004,300106.31725300004,300106.31725300004,300106.31725300004,nan,300106.31725300004,nan,nan,0.0,36,64,,True,False,"HTTPConnectionPool(host='gpu03', port=9002): Read timed out.",0,56.69694568066818
229,2026-09-19T05:46:59.091+00:00,2026-09-19T05:51:59.076+00:00,2026-09-19T05:51:59.199+00:00,False,3,2.0,,2.0,299984.060573,300107.835805,300107.835718,100035.94523933333,0.051689,299984.060573,173160.15835864333,269998.0268613,61.887616,87.44917407840072,0.00666427117650981,36,64,,True,False,Request timeout: 300.0s exceeded,10,56.69694568066818
230,2026-09-19T05:46:59.395+00:00,2026-09-19T05:51:59.200+00:00,2026-09-19T05:51:59.425+00:00,False,4,3.0,,3.0,299805.133679,300030.25905500003,300030.25921600003,75007.56480400001,0.04488,299805.133679,149865.0553050515,254851.48484765002,75.041792,64.96903335061367,0.009998991466557562,36,64,,True,False,Request timeout: 300.0s exceeded,20,56.69694568066818
231,2026-09-19T05:46:59.757+00:00,2026-09-19T05:51:59.522+00:00,2026-09-19T05:51:59.821+00:00,False,6,5.0,,5.0,299764.84380900004,300064.53763300006,300064.53762200003,50010.75627033334,0.03411,299764.84380900004,122354.02094083832,224848.91840450003,59.938764799999994,42.16394184650106,0.016663082013761155,36,64,,True,False,Request timeout: 300.0s exceeded,12,56.69694568066818
232,2026-09-19T05:47:00.194+00:00,2026-09-19T05:52:00.221+00:00,2026-09-19T05:52:00.221+00:00,False,1,0.0,,0.0,300027.236005,300027.236005,300027.236005,300027.236005,300027.236005,300027.236005,nan,300027.236005,nan,nan,0.0,36,64,,True,False,"HTTPConnectionPool(host='gpu03', port=9002): Read timed out.",0,56.69694568066818
233,2026-09-19T05:47:00.619+00:00,2026-09-19T05:52:00.554+00:00,2026-09-19T05:52:00.661+00:00,False,3,2.0,,2.0,299935.23536299996,300042.777891,300042.777799,100014.25926633332,0.07483,299935.23536299996,173136.65237576084,269952.4585873,53.771264,75.93797348385768,0.006665716182399042,36,64,,True,False,Request timeout: 300.0s exceeded,4,56.69694568066818
234,2026-09-19T05:47:01.145+00:00,2026-09-19T05:52:01.018+00:00,2026-09-19T05:52:01.245+00:00,False,4,3.0,,3.0,299872.34011,300100.126606,300100.126511,75025.03162775,0.0679,299872.34011,149898.21526629946,254908.93746775002,75.928832,65.74370762517027,0.00999666356002137,36,64,,True,False,Request timeout: 300.0s exceeded,9,56.69694568066818
235,2026-09-19T05:47:01.659+00:00,2026-09-19T05:52:01.683+00:00,2026-09-19T05:52:01.683+00:00,False,1,0.0,,0.0,300024.44086000003,300024.44086000003,300024.44086000003,300024.44086000003,300024.44086000003,300024.44086000003,nan,300024.44086000003,nan,nan,0.0,36,64,,True,False,"HTTPConnectionPool(host='gpu03', port=9002): Read timed out.",0,56.69694568066818
236,2026-09-19T05:47:02.208+00:00,2026-09-19T05:52:02.182+00:00,2026-09-19T05:52:02.332+00:00,False,3,2.0,,2.0,299973.824643,300123.983491,300123.98362400004,100041.32787466668,0.044700000000000004,299973.824643,173146.63750195818,269991.4536068,75.079424,106.1153449470377,0.006663912616167095,36,64,,True,False,Request timeout: 300.0s exceeded,10,56.69694568066818
237,2026-09-19T05:47:02.573+00:00,2026-09-19T05:52:02.334+00:00,2026-09-19T05:52:02.599+00:00,False,4,3.0,,3.0,299761.207355,300026.826299,300026.826322,75006.7065805,0.03602,299761.207355,149836.346959689,254817.58845635003,88.539648,76.76628459857184,0.00999910586998733,36,64,,True,False,Request timeout: 300.0s exceeded,10,56.69694568066818
238,2026-09-19T05:47:02.938+00:00,2026-09-19T05:52:02.597+00:00,2026-09-19T05:52:02.995+00:00,False,8,7.0,,7.0,299659.10910500004,300056.901361,300056.901138,37507.11264225,0.038429000000000005,299659.10910500004,105925.40708111369,194815.71000855003,56.82746514285714,33.5957003262172,0.023328908511183563,36,64,,True,False,Request timeout: 300.0s exceeded,25,56.69694568066818
239,2026-09-19T05:47:03.345+00:00,2026-09-19T05:52:03.464+00:00,2026-09-19T05:52:03.464+00:00,False,1,0.0,,0.0,300119.547269,300119.547269,300119.547269,300119.547269,300119.547269,300119.547269,nan,300119.547269,nan,nan,0.0,36,64,,True,False,"HTTPConnectionPool(host='gpu03', port=9002): Read timed out.",0,56.69694568066818
240,2026-09-19T05:47:03.751+00:00,2026-09-19T05:52:03.935+00:00,2026-09-19T05:52:04.947+00:00,False,11,10.0,,10.0,300184.418384,301195.692112,301195.69212900003,27381.42655718182,0.017929999999999998,300184.418384,90478.52378860512,150164.29357,101.1273728,38.12992386649251,0.033201006063132824,36,64,,True,False,Request timeout: 300.0s exceeded,42,56.69694568066818
241,2026-09-19T05:47:04.166+00:00,2026-09-19T05:52:04.082+00:00,2026-09-19T05:52:05.050+00:00,False,11,10.0,,10.0,299915.513739,300884.136331,300884.136489,27353.10331718182,0.02197,299915.513739,90398.73082547435,150021.232718,96.8622592,34.985880591687014,0.033235384629913114,36,64,,True,False,Request timeout: 300.0s exceeded,33,56.69694568066818
242,2026-09-19T05:47:04.499+00:00,2026-09-19T05:52:04.430+00:00,2026-09-19T05:52:05.151+00:00,False,9,8.0,,8.0,299930.60952600004,300651.98347800004,300651.98350300005,33405.775944777786,0.02125,299930.60952600004,99946.81842242487,180001.03597480003,90.171744,36.49302002052629,0.026608838256958957,36,64,,True,False,Request timeout: 300.0s exceeded,26,56.69694568066818
243,2026-09-19T05:47:05.030+00:00,2026-09-19T05:52:05.259+00:00,2026-09-19T05:52:05.259+00:00,False,1,0.0,,0.0,300228.652694,300228.652694,300228.652694,300228.652694,300228.652694,300228.652694,nan,300228.652694,nan,nan,0.0,36,64,,True,False,"HTTPConnectionPool(host='gpu03', port=9002): Read timed out.",0,56.69694568066818
244,2026-09-19T05:47:05.451+00:00,2026-09-19T05:52:05.535+00:00,2026-09-19T05:52:05.535+00:00,False,1,0.0,,0.0,300083.943094,300083.943094,300083.943094,300083.943094,300083.943094,300083.943094,nan,300083.943094,nan,nan,0.0,36,64,,True,False,"HTTPConnectionPool(host='gpu03', port=9002): Read timed out.",0,56.69694568066818
245,2026-09-19T05:47:05.853+00:00,2026-09-19T05:52:05.958+00:00,2026-09-19T05:52:05.958+00:00,False,1,0.0,,0.0,300104.979956,300104.979956,300104.979956,300104.979956,300104.979956,300104.979956,nan,300104.979956,nan,nan,0.0,36,64,,True,False,"HTTPConnectionPool(host='gpu03', port=9002): Read timed out.",0,56.69694568066818
246,2026-09-19T05:47:06.395+00:00,2026-09-19T05:52:06.345+00:00,2026-09-19T05:52:06.546+00:00,False,3,2.0,,2.0,299950.171785,300151.711881,300151.71174,100050.57058,0.02343,299950.171785,173118.16216476352,269975.306259,100.770048,142.47706100476677,0.00666329699559712,36,64,,True,False,Request timeout: 300.0s exceeded,9,56.69694568066818
247,2026-09-19T05:47:06.913+00:00,2026-09-19T05:52:06.544+00:00,2026-09-19T05:52:06.943+00:00,False,7,6.0,,6.0,299630.447584,300029.307616,300029.307633,42861.32966185715,0.07770999999999999,299630.447584,113224.54447881525,209772.9955468,66.476672,40.65218291916544,0.019998046349789435,36,64,,True,False,Request timeout: 300.0s exceeded,14,56.69694568066818
248,2026-09-19T05:47:07.340+00:00,2026-09-19T05:52:07.386+00:00,2026-09-19T05:52:07.386+00:00,False,1,0.0,,0.0,300045.516047,300045.516047,300045.516047,300045.516047,300045.516047,300045.516047,nan,300045.516047,nan,nan,0.0,36,64,,True,False,"HTTPConnectionPool(host='gpu03', port=9002): Read timed out.",0,56.69694568066818
249,2026-09-19T05:47:07.869+00:00,2026-09-19T05:52:07.975+00:00,2026-09-19T05:52:07.975+00:00,False,1,0.0,,0.0,300106.04115899996,300106.04115899996,300106.04115899996,300106.04115899996,300106.04115899996,300106.04115899996,nan,300106.04115899996,nan,nan,0.0,36,64,,True,False,"HTTPConnectionPool(host='gpu03', port=9002): Read timed out.",0,56.69694568066818
250,2026-09-19T05:47:08.341+00:00,2026-09-19T05:52:08.272+00:00,2026-09-19T05:52:08.386+00:00,False,3,2.0,,2.0,299931.094166,300045.365654,300045.365705,100015.12190166667,0.03854,299931.094166,173132.32001821292,269949.4080493,57.135744,80.74783826028207,0.006665658693446769,36,64,,True,False,Request timeout: 300.0s exceeded,4,56.69694568066818
251,2026-09-19T05:47:08.686+00:00,2026-09-19T05:52:08.507+00:00,2026-09-19T05:52:08.709+00:00,False,4,3.0,,3.0,299820.80655800004,300022.995614,300022.99584100005,75005.74896025001,0.028319,299820.80655800004,149876.71267108156,254863.44768260003,67.396352,58.479552342328205,0.009999233538284191,36,64,,True,False,Request timeout: 300.0s exceeded,14,56.69694568066818
252,2026-09-19T05:47:09.170+00:00,2026-09-19T05:52:09.275+00:00,2026-09-19T05:52:09.275+00:00,False,1,0.0,,0.0,300104.683027,300104.683027,300104.683027,300104.683027,300104.683027,300104.683027,nan,300104.683027,nan,nan,0.0,36,64,,True,False,"HTTPConnectionPool(host='gpu03', port=9002): Read timed out.",0,56.69694568066818
253,2026-09-19T05:47:09.703+00:00,2026-09-19T05:52:09.729+00:00,2026-09-19T05:52:09.729+00:00,False,1,0.0,,0.0,300025.33101200004,300025.33101200004,300025.33101200004,300025.33101200004,300025.33101200004,300025.33101200004,nan,300025.33101200004,nan,nan,0.0,36,64,,True,False,"HTTPConnectionPool(host='gpu03', port=9002): Read timed out.",0,56.69694568066818
254,2026-09-19T05:47:10.081+00:00,2026-09-19T05:52:09.863+00:00,2026-09-19T05:52:10.204+00:00,False,5,4.0,,4.0,299782.028288,300122.56383999996,300122.563922,60024.512784399994,0.03741,299782.028288,134028.5352425423,239852.19142699998,85.133888,58.41369492556631,0.013327888276112632,36,64,,True,False,Request timeout: 300.0s exceeded,13,56.69694568066818
255,2026-09-19T05:47:10.429+00:00,2026-09-19T05:52:10.205+00:00,2026-09-19T05:52:10.508+00:00,False,5,4.0,,4.0,299776.514703,300079.567759,300079.567799,60015.91355980001,0.026359999999999998,299776.514703,134030.25776120825,239841.768042,75.763264,50.51882473389494,0.013329797926170306,36,64,,True,False,Request timeout: 300.0s exceeded,14,56.69694568066818
256,2026-09-19T05:47:10.917+00:00,2026-09-19T05:52:10.995+00:00,2026-09-19T05:52:10.995+00:00,False,1,0.0,,0.0,300077.468509,300077.468509,300077.468509,300077.468509,300077.468509,300077.468509,nan,300077.468509,nan,nan,0.0,36,64,,True,False,"HTTPConnectionPool(host='gpu03', port=9002): Read timed out.",0,56.69694568066818
257,2026-09-19T05:47:11.249+00:00,2026-09-19T05:52:11.225+00:00,2026-09-19T05:52:11.358+00:00,False,3,2.0,,2.0,299975.61738300003,300108.39306300005,300108.39305600006,100036.13101866668,0.037899999999999996,299975.61738300003,173152.687123357,269991.32942200004,66.38784,93.83300198120386,0.006664258801919449,36,64,,True,False,Request timeout: 300.0s exceeded,4,56.69694568066818
258,2026-09-19T05:47:11.699+00:00,2026-09-19T05:52:11.505+00:00,2026-09-19T05:52:11.733+00:00,False,4,3.0,,3.0,299805.49439,300033.34975,300033.349841,75008.33746025,0.02367,299805.49439,149864.78133408955,254853.8443229,75.95178666666668,67.21121015944377,0.009998888465231354,36,64,,True,False,Request timeout: 300.0s exceeded,10,56.69694568066818
259,2026-09-19T05:47:12.041+00:00,2026-09-19T05:52:11.836+00:00,2026-09-19T05:52:12.129+00:00,False,5,4.0,,4.0,299795.328957,300088.070333,300088.070318,60017.6140636,0.07709999999999999,299795.328957,134039.82416515998,239856.48125580003,73.185344,48.81783041675446,0.013329420245067735,36,64,,True,False,Request timeout: 300.0s exceeded,13,56.69694568066818
260,2026-09-19T05:47:12.388+00:00,2026-09-19T05:52:12.494+00:00,2026-09-19T05:52:12.494+00:00,False,1,0.0,,0.0,300106.087085,300106.087085,300106.087085,300106.087085,300106.087085,300106.087085,nan,300106.087085,nan,nan,0.0,36,64,,True,False,"HTTPConnectionPool(host='gpu03', port=9002): Read timed out.",0,56.69694568066818
261,2026-09-19T05:47:12.810+00:00,2026-09-19T05:52:12.898+00:00,2026-09-19T05:52:12.898+00:00,False,1,0.0,,0.0,300088.73189099994,300088.73189099994,300088.73189099994,300088.73189099994,300088.73189099994,300088.73189099994,nan,300088.73189099994,nan,nan,0.0,36,64,,True,False,"HTTPConnectionPool(host='gpu03', port=9002): Read timed out.",0,56.69694568066818
262,2026-09-19T05:47:13.252+00:00,2026-09-19T05:52:13.094+00:00,2026-09-19T05:52:13.356+00:00,False,4,3.0,,3.0,299842.431957,300103.914965,300103.91488399997,75025.97872099999,0.03892,299842.431957,149877.6481983743,254886.364719,87.16100266666668,75.58973159074783,0.00999653736723121,36,64,,True,False,Request timeout: 300.0s exceeded,11,56.69694568066818
263,2026-09-19T05:47:13.642+00:00,2026-09-19T05:52:13.353+00:00,2026-09-19T05:52:13.353+00:00,True,1,1.0,,1.0,299710.785208,299710.785208,299710.785208,299710.785208,299710.785208,299710.785208,nan,299710.785208,nan,nan,0.003336549931981919,36,64,,True,True,,3,56.69694568066818
264,2026-09-19T05:47:13.961+00:00,2026-09-19T05:52:14.049+00:00,2026-09-19T05:52:14.049+00:00,False,1,0.0,,0.0,300088.103754,300088.103754,300088.103754,300088.103754,300088.103754,300088.103754,nan,300088.103754,nan,nan,0.0,36,64,,True,False,"HTTPConnectionPool(host='gpu03', port=9002): Read timed out.",0,56.69694568066818
265,2026-09-19T05:47:14.398+00:00,2026-09-19T05:52:14.441+00:00,2026-09-19T05:52:14.441+00:00,False,1,0.0,,0.0,300042.237999,300042.237999,300042.237999,300042.237999,300042.237999,300042.237999,nan,300042.237999,nan,nan,0.0,36,64,,True,False,"HTTPConnectionPool(host='gpu03', port=9002): Read timed out.",0,56.69694568066818
266,2026-09-19T05:47:14.777+00:00,2026-09-19T05:52:14.784+00:00,2026-09-19T05:52:14.915+00:00,False,3,2.0,,2.0,300007.41274199996,300138.04032599996,300138.04031099996,100046.01343699999,0.02354,300007.41274199996,173171.66388247893,270019.73187069996,65.313792,92.33434289859434,0.0066636005147087205,36,64,,True,False,Request timeout: 300.0s exceeded,8,56.69694568066818
267,2026-09-19T05:47:15.216+00:00,2026-09-19T05:52:15.022+00:00,2026-09-19T05:52:15.254+00:00,False,4,3.0,,3.0,299805.918819,300038.064483,300038.064498,75009.5161245,0.02104,299805.918819,149864.278451276,254852.6593128,77.381888,67.0124041149675,0.009998731344869005,36,64,,True,False,Request timeout: 300.0s exceeded,5,56.69694568066818
268,2026-09-19T05:47:15.582+00:00,2026-09-19T05:52:15.644+00:00,2026-09-19T05:52:15.644+00:00,False,1,0.0,,0.0,300061.39933,300061.39933,300061.39933,300061.39933,300061.39933,300061.39933,nan,300061.39933,nan,nan,0.0,36,64,,True,False,"HTTPConnectionPool(host='gpu03', port=9002): Read timed out.",0,56.69694568066818
269,2026-09-19T05:47:15.924+00:00,2026-09-19T05:52:16.030+00:00,2026-09-19T05:52:16.030+00:00,False,1,0.0,,0.0,300105.786303,300105.786303,300105.786303,300105.786303,300105.786303,300105.786303,nan,300105.786303,nan,nan,0.0,36,64,,True,False,"HTTPConnectionPool(host='gpu03', port=9002): Read timed out.",0,56.69694568066818
270,2026-09-19T05:47:16.279+00:00,2026-09-19T05:52:16.367+00:00,2026-09-19T05:52:16.367+00:00,False,1,0.0,,0.0,300088.83131599997,300088.83131599997,300088.83131599997,300088.83131599997,300088.83131599997,300088.83131599997,nan,300088.83131599997,nan,nan,0.0,36,64,,True,False,"HTTPConnectionPool(host='gpu03', port=9002): Read timed out.",0,56.69694568066818
271,2026-09-19T05:47:17.614+00:00,2026-09-19T05:52:16.770+00:00,2026-09-19T05:52:17.868+00:00,False,13,12.0,,12.0,299155.90176,300254.76537599997,300254.76532999997,23096.520409999997,0.020329999999999997,299155.90176,82945.52762117972,119741.65659900001,91.571968,34.06011129890045,0.03996606010556656,36,64,,True,False,Request timeout: 300.0s exceeded,55,56.69694568066818
272,2026-09-19T05:47:17.774+00:00,2026-09-19T05:52:17.959+00:00,2026-09-19T05:52:17.959+00:00,False,1,0.0,,0.0,300185.192473,300185.192473,300185.192473,300185.192473,300185.192473,300185.192473,nan,300185.192473,nan,nan,0.0,36,64,,True,False,"HTTPConnectionPool(host='gpu03', port=9002): Read timed out.",0,56.69694568066818
273,2026-09-19T05:47:17.787+00:00,2026-09-19T05:52:18.000+00:00,2026-09-19T05:52:18.000+00:00,False,1,0.0,,0.0,300213.293442,300213.293442,300213.293442,300213.293442,300213.293442,300213.293442,nan,300213.293442,nan,nan,0.0,36,64,,True,False,"HTTPConnectionPool(host='gpu03', port=9002): Read timed out.",0,56.69694568066818
274,2026-09-19T05:47:18.059+00:00,2026-09-19T05:52:18.151+00:00,2026-09-19T05:52:18.151+00:00,False,1,0.0,,0.0,300091.279932,300091.279932,300091.279932,300091.279932,300091.279932,300091.279932,nan,300091.279932,nan,nan,0.0,36,64,,True,False,"HTTPConnectionPool(host='gpu03', port=9002): Read timed out.",0,56.69694568066818
275,2026-09-19T05:47:18.395+00:00,2026-09-19T05:52:18.408+00:00,2026-09-19T05:52:18.408+00:00,False,1,0.0,,0.0,300012.851127,300012.851127,300012.851127,300012.851127,300012.851127,300012.851127,nan,300012.851127,nan,nan,0.0,36,64,,True,False,"HTTPConnectionPool(host='gpu03', port=9002): Read timed out.",0,56.69694568066818
276,2026-09-19T05:47:18.701+00:00,2026-09-19T05:52:18.773+00:00,2026-09-19T05:52:18.773+00:00,False,1,0.0,,0.0,300072.138437,300072.138437,300072.138437,300072.138437,300072.138437,300072.138437,nan,300072.138437,nan,nan,0.0,36,64,,True,False,"HTTPConnectionPool(host='gpu03', port=9002): Read timed out.",0,56.69694568066818
277,2026-09-19T05:47:19.054+00:00,2026-09-19T05:52:19.140+00:00,2026-09-19T05:52:19.140+00:00,False,1,0.0,,0.0,300086.563463,300086.563463,300086.563463,300086.563463,300086.563463,300086.563463,nan,300086.563463,nan,nan,0.0,36,64,,True,False,TTFT timeout: 300.0s exceeded (TTFT: 300.079s),0,56.69694568066818
278,2026-09-19T05:47:19.610+00:00,2026-09-19T05:52:19.394+00:00,2026-09-19T05:52:20.580+00:00,False,16,15.0,,15.0,299784.584024,300970.33224799996,300970.33243,18810.645776875,0.049049999999999996,299784.584024,74926.39088715235,75027.393449,79.04988159999999,34.3631836010198,0.04983879935262184,36,64,,True,False,Request timeout: 300.0s exceeded,55,56.69694568066818
279,2026-09-19T05:47:19.925+00:00,2026-09-19T05:52:19.522+00:00,2026-09-19T05:52:20.687+00:00,False,15,14.0,,14.0,299596.430001,300762.206385,300762.206356,20050.813757066666,0.02599,299596.430001,77333.97198000687,89953.1602763,83.26974171428571,32.9947127280137,0.04654840170336716,36,64,,True,False,Request timeout: 300.0s exceeded,43,56.69694568066818
281,2026-09-19T05:47:20.652+00:00,2026-09-19T05:52:20.768+00:00,2026-09-19T05:52:20.768+00:00,False,1,0.0,,0.0,300116.06116399996,300116.06116399996,300116.06116399996,300116.06116399996,300116.06116399996,300116.06116399996,nan,300116.06116399996,nan,nan,0.0,36,64,,True,False,"HTTPConnectionPool(host='gpu03', port=9002): Read timed out.",0,56.69694568066818
280,2026-09-19T05:47:20.317+00:00,2026-09-19T05:52:21.499+00:00,2026-09-19T05:52:21.499+00:00,False,1,0.0,,0.0,301182.56876,301182.56876,301182.56876,301182.56876,301182.56876,301182.56876,nan,301182.56876,nan,nan,0.0,36,64,,True,False,"HTTPConnectionPool(host='gpu03', port=9002): Read timed out.",0,56.69694568066818
0,2026-09-19T05:45:20.808+00:00,2026-09-19T05:45:21.011+00:00,2026-09-19T05:45:29.686+00:00,True,93,93.0,,93.0,203.05308,8878.468888,8878.468939,95.46740794623656,32.531025,203.05308,26.108884796279675,110.36117259999999,94.29799791304349,23.676746433364205,10.474779060801504,37,64,,False,True,,412,56.69694568066818
1,2026-09-19T05:45:21.266+00:00,2026-09-19T05:45:21.449+00:00,2026-09-19T05:45:27.920+00:00,True,68,68.0,,68.0,182.65995800000002,6653.322614000001,6653.322565,97.84297889705883,45.772444,182.65995800000002,25.027866805661574,112.62934355000002,96.57705456716418,22.918526211858264,10.22045734816971,37,64,,False,True,,252,56.69694568066818
2,2026-09-19T05:45:21.708+00:00,2026-09-19T05:45:22.621+00:00,2026-09-19T05:45:31.231+00:00,True,89,89.0,,89.0,913.0562319999999,9522.288104,9522.288137,106.99200153932584,45.598864,913.0562319999999,88.45752975451636,111.8596054,97.83218036363635,19.014102590299128,9.346493093672942,37,64,,False,True,,379,56.69694568066818
3,2026-09-19T05:45:22.165+00:00,2026-09-19T05:45:26.219+00:00,2026-09-19T05:45:32.409+00:00,True,63,63.0,,63.0,4054.1674049999997,10243.784556999999,10243.784676,162.59975676190476,45.925123,4054.1674049999997,498.51419259768386,114.2158335,99.83253470967742,17.858853692889205,6.150070772129769,37,64,,False,True,,314,56.69694568066818
4,2026-09-19T05:45:22.624+00:00,2026-09-19T05:45:28.125+00:00,2026-09-19T05:45:33.097+00:00,True,51,51.0,,51.0,5500.851025,10472.799568999999,10472.799592,205.34901160784312,0.0,5500.851025,756.934703141797,126.8188995,99.43897088,30.074337344330125,4.869758049314961,37,64,,False,True,,247,56.69694568066818
5,2026-09-19T05:45:23.052+00:00,2026-09-19T05:45:30.398+00:00,2026-09-19T05:45:31.584+00:00,True,13,13.0,,13.0,7346.5811459999995,8531.84809,8531.848214,656.2960164615384,51.438660000000006,7346.5811459999995,2010.2347900038967,3006.0226152,98.77224533333333,15.429889016256805,1.5237027034315143,37,64,,False,True,,39,56.69694568066818
6,2026-09-19T05:45:23.561+00:00,2026-09-19T05:45:33.095+00:00,2026-09-19T05:45:35.638+00:00,True,27,27.0,,27.0,9534.905127,12077.634855,12077.634902,447.3198111851852,50.236532,9534.905127,1816.2366431722014,109.21840619999999,97.79729723076923,15.59693932678741,2.2355370338773173,37,64,,False,True,,120,56.69694568066818
7,2026-09-19T05:45:23.886+00:00,2026-09-19T05:45:34.604+00:00,2026-09-19T05:45:44.351+00:00,True,100,100.0,,100.0,10718.09041,20465.024426,20465.024461,204.65024461000002,0.0,10718.09041,1063.007054437675,141.75262485000002,98.45387894949495,47.326752787050715,4.886385567805821,37,64,,False,True,,354,56.69694568066818
8,2026-09-19T05:45:24.336+00:00,2026-09-19T05:45:37.280+00:00,2026-09-19T05:45:46.916+00:00,True,100,100.0,,100.0,12944.019053,22579.561069,22579.561014,225.79561014,0.0,12944.019053,1285.5790572946635,113.9691167,97.32870723232323,48.60917800586659,4.428784053614413,37,64,,False,True,,436,56.69694568066818
9,2026-09-19T05:45:24.624+00:00,2026-09-19T05:45:38.926+00:00,2026-09-19T05:45:44.661+00:00,True,59,59.0,,59.0,14302.043889,20037.263345,20037.263226,339.61463094915257,0.0,14302.043889,1849.6780057520714,153.70612169999998,98.88309406896552,46.8813593864241,2.9445138781750138,37,64,,False,True,,293,56.69694568066818
10,2026-09-19T05:45:24.931+00:00,2026-09-19T05:45:40.466+00:00,2026-09-19T05:45:48.142+00:00,True,79,79.0,,79.0,15535.474255000001,23210.741071,23210.740984,293.8068478987342,0.0,15535.474255000001,1737.3903354827237,117.83227659999999,98.40085661538461,45.33074451950775,3.4035966261630612,37,64,,False,True,,394,56.69694568066818
11,2026-09-19T05:45:25.401+00:00,2026-09-19T05:45:43.118+00:00,2026-09-19T05:45:43.221+00:00,True,2,2.0,,2.0,17717.534390999997,17820.449718999997,17820.449640999996,8910.224820499998,102.91525,17717.534390999997,12455.416642619457,16836.803433949997,102.915328,nan,0.11223061323012622,37,64,,False,True,,8,56.69694568066818
12,2026-09-19T05:45:25.759+00:00,2026-09-19T05:45:45.134+00:00,2026-09-19T05:45:46.717+00:00,True,18,18.0,,18.0,19375.172888999998,20957.981976999996,20957.981952,1164.3323306666666,0.0,19375.172888999998,4545.43386130111,3200.7781729,93.10641694117648,76.58107817013192,0.8588613168841263,37,64,,False,True,,74,56.69694568066818
13,2026-09-19T05:45:26.081+00:00,2026-09-19T05:45:47.321+00:00,2026-09-19T05:45:50.854+00:00,True,37,37.0,,37.0,21240.258772999998,24773.316308999998,24773.316250999997,669.5490878648648,0.0,21240.258772999998,3476.2105010465507,170.01863380000003,98.1404871111111,57.827983423565485,1.493542468779528,37,64,,False,True,,165,56.69694568066818
14,2026-09-19T05:45:26.541+00:00,2026-09-19T05:45:49.951+00:00,2026-09-19T05:45:58.014+00:00,True,85,85.0,,85.0,23409.970298,31473.122170000002,31473.122071,370.2720243647059,0.0,23409.970298,2529.5922482848437,115.40596719999999,95.98990323809524,65.42071194021271,2.7007171243093735,37,64,,False,True,,360,56.69694568066818
15,2026-09-19T05:45:26.966+00:00,2026-09-19T05:45:52.215+00:00,2026-09-19T05:45:57.171+00:00,True,55,55.0,,55.0,25248.859504,30204.996976000002,30204.996866,549.1817612,0.0,25248.859504,3392.7368950615546,111.8992288,91.78032355555555,62.05408991487463,1.8208907633297025,37,64,,False,True,,111,56.69694568066818
16,2026-09-19T05:45:27.364+00:00,2026-09-19T05:45:54.292+00:00,2026-09-19T05:46:02.450+00:00,True,89,89.0,,89.0,26927.743081999997,35085.812842,35085.812785999995,394.2226155730337,0.0,26927.743081999997,2845.0925801538124,113.51945940000002,92.70533818181819,57.98675888800589,2.5366378256872304,37,64,,False,True,,114,56.69694568066818
17,2026-09-19T05:45:27.714+00:00,2026-09-19T05:45:55.874+00:00,2026-09-19T05:46:05.758+00:00,True,99,99.0,,99.0,28160.089081000002,38044.678649,38044.678663,384.2896834646465,0.0,28160.089081000002,2821.030011253484,114.07604669999999,100.86315885714285,74.41743318052654,2.6022036068006638,37,64,,False,True,,393,56.69694568066818
18,2026-09-19T05:45:28.191+00:00,2026-09-19T05:45:59.021+00:00,2026-09-19T05:46:02.032+00:00,True,32,32.0,,32.0,30830.313188,33841.318628,33841.318665,1057.54120828125,0.0,30830.313188,5433.649681078258,308.38114195,97.12920774193547,91.09258715859549,0.9455896311771813,37,64,,False,True,,165,56.69694568066818
19,2026-09-19T05:45:28.480+00:00,2026-09-19T05:46:00.549+00:00,2026-09-19T05:46:03.676+00:00,True,32,32.0,,32.0,32069.721581,35196.150253,35196.150289000005,1099.8796965312501,45.924413,32069.721581,5651.37802621127,114.85109105,100.85253780645162,17.75947601407909,0.9091903452501152,37,64,,False,True,,119,56.69694568066818
20,2026-09-19T05:45:28.941+00:00,2026-09-19T05:46:02.882+00:00,2026-09-19T05:46:08.458+00:00,True,57,57.0,,57.0,33940.969292,39516.556876,39516.556864,693.2729274385965,0.0,33940.969292,4483.485533507404,200.854117,99.564064,99.38135101983322,1.4424333622704462,37,64,,False,True,,211,56.69694568066818
21,2026-09-19T05:45:29.359+00:00,2026-09-19T05:46:05.754+00:00,2026-09-19T05:46:06.207+00:00,True,8,8.0,,8.0,36395.309105,36847.982129,36847.982141,4605.997767625,0.0,36395.309105,12844.91299615003,23694.4474126,64.66757485714285,52.3681248291877,0.21710822513952158,37,64,,False,True,,35,56.69694568066818
22,2026-09-19T05:45:29.806+00:00,2026-09-19T05:46:07.845+00:00,2026-09-19T05:46:12.981+00:00,True,53,53.0,,53.0,38039.786554,43174.984506,43174.984361999996,814.6223464528301,0.0,38039.786554,5212.482483305304,112.1617208,98.75380676923076,96.75671127218237,1.2275626871999137,37,64,,False,True,,230,56.69694568066818
23,2026-09-19T05:45:30.105+00:00,2026-09-19T05:46:08.953+00:00,2026-09-19T05:46:11.055+00:00,True,22,22.0,,22.0,38848.363130000005,40950.830714,40950.83077300001,1861.4013987727276,91.306448,38848.363130000005,8261.155043845225,111.83621880000003,100.117504,4.784396562324991,0.5372296389699069,37,64,,False,True,,64,56.69694568066818
24,2026-09-19T05:45:30.609+00:00,2026-09-19T05:46:11.245+00:00,2026-09-19T05:46:16.963+00:00,True,61,61.0,,61.0,40636.170206,46353.607646000004,46353.607648000005,759.8952073442623,0.0,40636.170206,5191.512723774898,111.59831,95.290624,91.03909169124155,1.3159709264886932,37,64,,False,True,,211,56.69694568066818
25,2026-09-19T05:45:31.026+00:00,2026-09-19T05:46:13.669+00:00,2026-09-19T05:46:20.399+00:00,True,69,69.0,,69.0,42642.946821000005,49372.862981000006,49372.862865,715.5487371739131,0.0,42642.946821000005,5122.26046233264,113.24536199999999,98.96935529411765,76.80886699828757,1.3975288414316391,37,64,,False,True,,328,56.69694568066818
26,2026-09-19T05:45:31.445+00:00,2026-09-19T05:46:15.822+00:00,2026-09-19T05:46:24.440+00:00,True,88,88.0,,88.0,44376.643312,52995.291888,52995.291835,602.2192253977273,0.0,44376.643312,4721.417074906789,115.32609424999998,99.06492616091954,116.10421355281674,1.6605248667368186,37,64,,False,True,,402,56.69694568066818
27,2026-09-19T05:45:31.837+00:00,2026-09-19T05:46:18.334+00:00,2026-09-19T05:46:21.742+00:00,True,35,35.0,,35.0,46496.617825,49904.539745,49904.539787,1425.8439939142856,0.0,46496.617825,7843.157259262492,283.2402546,100.23299764705882,109.12461925348043,0.7013389999956205,37,64,,False,True,,161,56.69694568066818
28,2026-09-19T05:45:32.218+00:00,2026-09-19T05:46:20.398+00:00,2026-09-19T05:46:25.183+00:00,True,50,50.0,,50.0,48180.426332,52965.304924000004,52965.304836,1059.3060967200001,0.0,48180.426332,6801.145306125817,120.26878634999998,97.65058351020407,129.82672606740027,0.9440142008385504,37,64,,False,True,,263,56.69694568066818
29,2026-09-19T05:45:32.508+00:00,2026-09-19T05:46:22.756+00:00,2026-09-19T05:46:22.756+00:00,True,2,2.0,,2.0,50247.455567000005,50247.488591,50247.48858700001,25123.744293500004,0.03302,50247.455567000005,35530.293220129526,47735.08443965,0.033024,nan,0.0398029843099109,37,64,,False,True,,3,56.69694568066818
30,2026-09-19T05:45:32.933+00:00,2026-09-19T05:46:24.439+00:00,2026-09-19T05:46:32.912+00:00,True,83,83.0,,83.0,51505.631196999995,59978.819036999994,59978.819169999995,722.6363755421686,0.0,51505.631196999995,5642.771967513679,115.68956189999999,103.33155902439024,85.27898432593003,1.3838218446548372,37,64,,False,True,,363,56.69694568066818
31,2026-09-19T05:45:33.272+00:00,2026-09-19T05:46:25.939+00:00,2026-09-19T05:46:29.406+00:00,True,31,31.0,,31.0,52666.674018,56133.873761999996,56133.873895,1810.7701256451612,0.0,52666.674018,9439.42454952021,467.2155835,115.5733248,137.50844845656042,0.5522512152187429,37,64,,False,True,,180,56.69694568066818
32,2026-09-19T05:45:33.701+00:00,2026-09-19T05:46:28.389+00:00,2026-09-19T05:46:36.042+00:00,True,76,76.0,,76.0,54687.432662,62340.758998,62340.759088,820.2731458947368,0.0,54687.432662,6261.998059650854,113.68830275,102.04435114666666,89.03829121424005,1.2191061068479807,37,64,,False,True,,256,56.69694568066818
33,2026-09-19T05:45:34.181+00:00,2026-09-19T05:46:30.982+00:00,2026-09-19T05:46:32.106+00:00,True,12,12.0,,12.0,56801.483895000005,57925.15467900001,57925.15459800001,4827.0962165,54.864830999999995,56801.483895000005,16367.69431876588,25621.772279200006,102.15188945454545,15.897427554751445,0.20716388357527235,37,64,,False,True,,32,56.69694568066818
34,2026-09-19T05:45:34.599+00:00,2026-09-19T05:46:33.445+00:00,2026-09-19T05:46:41.426+00:00,True,80,80.0,,80.0,58846.85853899999,66827.242283,66827.24216899999,835.3405271124999,0.0,58846.85853899999,6569.210301998019,115.67873765,101.01751574683544,127.70060413914727,1.197116584000519,37,64,,False,True,,210,56.69694568066818
35,2026-09-19T05:45:34.919+00:00,2026-09-19T05:46:35.140+00:00,2026-09-19T05:46:39.373+00:00,True,42,42.0,,42.0,60220.988091,64454.004411,64454.004241,1534.6191485952381,0.0,60220.988091,9277.908962220454,681.00936695,103.24430048780488,171.12065011119307,0.6516274727041179,37,64,,False,True,,143,56.69694568066818
36,2026-09-19T05:45:35.310+00:00,2026-09-19T05:46:37.711+00:00,2026-09-19T05:46:40.011+00:00,True,27,27.0,,27.0,62400.684041,64700.570121,64700.570176,2396.317413925926,0.0,62400.684041,11993.18232525777,663.0947856,88.45715692307692,172.19435988219152,0.41730698739602845,37,64,,False,True,,122,56.69694568066818
37,2026-09-19T05:45:35.705+00:00,2026-09-19T05:46:39.603+00:00,2026-09-19T05:46:46.674+00:00,True,72,72.0,,72.0,63897.877013,70968.92034099999,70968.920304,985.6794486666666,46.96432,63897.877013,7518.720211089167,113.23390144999999,99.59215954929577,17.56842681954124,1.0145286084957437,37,64,,False,True,,251,56.69694568066818
38,2026-09-19T05:45:36.016+00:00,2026-09-19T05:46:41.225+00:00,2026-09-19T05:46:44.030+00:00,True,30,30.0,,30.0,65209.244701999996,68013.38627,68013.386293,2267.112876433333,44.978535,65209.244701999996,11887.8909125253,113.3120147,96.6945368275862,22.235884622035652,0.44108963904408166,37,64,,False,True,,98,56.69694568066818
39,2026-09-19T05:45:36.527+00:00,2026-09-19T05:46:43.925+00:00,2026-09-19T05:46:47.045+00:00,True,32,32.0,,32.0,67397.75327,70517.338038,70517.337831,2203.66680721875,47.193829,67397.75327,11896.571436127388,110.13920105000001,100.63176670967741,14.619157051358766,0.45378910903806396,37,64,,False,True,,113,56.69694568066818
40,2026-09-19T05:45:37.121+00:00,2026-09-19T05:46:46.205+00:00,2026-09-19T05:46:49.897+00:00,True,40,40.0,,40.0,69084.316473,72776.279865,72776.280112,1819.4070027999999,48.330406,69084.316473,10908.237897455905,110.53965725,94.665728,19.12273031233244,0.5496296330919909,37,64,,False,True,,173,56.69694568066818
41,2026-09-19T05:45:37.215+00:00,2026-09-19T05:46:47.247+00:00,2026-09-19T05:46:48.986+00:00,True,19,19.0,,19.0,70031.92029899999,71771.62692299999,71771.626807,3777.454042473684,51.375439,70031.92029899999,16044.25920801918,7102.7328038999985,96.650368,16.41627698297046,0.26472856774424386,37,64,,False,True,,90,56.69694568066818
42,2026-09-19T05:45:37.540+00:00,2026-09-19T05:46:49.330+00:00,2026-09-19T05:46:56.552+00:00,True,73,73.0,,73.0,71790.786787,79012.169187,79012.169175,1082.3584818493152,0.0,71790.786787,8392.09805390438,171.0639606,100.29697777777777,152.18792494833846,0.9239083137589748,37,64,,False,True,,327,56.69694568066818
43,2026-09-19T05:45:37.950+00:00,2026-09-19T05:46:51.507+00:00,2026-09-19T05:46:57.655+00:00,True,61,61.0,,61.0,73556.411888,79704.48408,79704.484103,1306.6308869344264,0.016550000000000002,73556.411888,9405.33092025453,114.544801,102.46786986666666,99.45735425028118,0.7653270791988797,37,64,,False,True,,233,56.69694568066818
44,2026-09-19T05:45:38.316+00:00,2026-09-19T05:46:53.013+00:00,2026-09-19T05:47:02.669+00:00,True,96,96.0,,96.0,74696.377048,84352.371416,84352.37144399999,878.6705358749999,0.01713,74696.377048,7613.775215159106,114.73921825,101.64204597894737,86.12101501618667,1.1380830009693204,37,64,,False,True,,342,56.69694568066818
45,2026-09-19T05:45:38.726+00:00,2026-09-19T05:46:55.686+00:00,2026-09-19T05:47:00.019+00:00,True,44,44.0,,44.0,76959.787,81293.025016,81293.025144,1847.5687532727272,46.349241,76959.787,11586.942691183518,113.6702925,100.77297711627907,15.678843534877299,0.5412518477611082,37,64,,False,True,,211,56.69694568066818
46,2026-09-19T05:45:39.211+00:00,2026-09-19T05:46:58.351+00:00,2026-09-19T05:47:04.853+00:00,True,57,57.0,,57.0,79139.494559,85641.542303,85641.542445,1502.4832007894736,0.0,79139.494559,10467.935394886726,113.5753296,116.10799542857143,148.32642099354436,0.6655648470030333,37,64,,False,True,,253,56.69694568066818
47,2026-09-19T05:45:39.549+00:00,2026-09-19T05:47:00.655+00:00,2026-09-19T05:47:06.128+00:00,True,57,57.0,,57.0,81105.957139,86579.22433900001,86579.224449,1518.933762263158,0.0,81105.957139,10730.908197729275,113.0235606,97.73691428571428,155.54975657986148,0.6583565564969388,37,64,,False,True,,247,56.69694568066818
48,2026-09-19T05:45:40.011+00:00,2026-09-19T05:47:03.252+00:00,2026-09-19T05:47:12.201+00:00,True,93,93.0,,93.0,83241.478233,92190.468185,92190.468129,991.2953562258065,0.0,83241.478233,8622.493646117915,110.456217,97.27162991304348,121.08919402656603,1.0087810793343137,37,64,,False,True,,393,56.69694568066818
49,2026-09-19T05:45:40.483+00:00,2026-09-19T05:47:05.881+00:00,2026-09-19T05:47:09.974+00:00,True,43,43.0,,43.0,85397.76623800001,89490.83734200001,89490.83717500001,2081.182259883721,44.761375,85397.76623800001,13008.189463146704,113.318554,97.45407390476191,19.183653051219974,0.4804961186771593,37,64,,False,True,,213,56.69694568066818
50,2026-09-19T05:45:40.964+00:00,2026-09-19T05:47:08.736+00:00,2026-09-19T05:47:13.188+00:00,True,45,45.0,,45.0,87772.127079,92223.843431,92223.84331499999,2049.4187403333335,49.016335,87772.127079,13069.219209738729,112.39350680000001,101.17537163636364,11.978552639128546,0.4879432294932284,37,64,,False,True,,199,56.69694568066818
51,2026-09-19T05:45:41.281+00:00,2026-09-19T05:47:10.392+00:00,2026-09-19T05:47:16.306+00:00,True,62,62.0,,62.0,89110.410154,95024.64657,95024.646608,1532.6555904516129,44.088226000000006,89110.410154,11304.733576348752,111.3338191,96.9546953442623,17.56901147659813,0.6524623057064215,37,64,,False,True,,299,56.69694568066818
52,2026-09-19T05:45:41.684+00:00,2026-09-19T05:47:12.618+00:00,2026-09-19T05:47:18.247+00:00,True,60,60.0,,60.0,90934.224789,96563.056533,96563.056463,1609.3842743833334,0.016280000000000003,90934.224789,11727.838087102577,113.86066175,95.40392786440678,119.32276018357103,0.6213556421497001,37,64,,False,True,,221,56.69694568066818
53,2026-09-19T05:45:42.056+00:00,2026-09-19T05:47:15.087+00:00,2026-09-19T05:47:24.149+00:00,True,93,93.0,,93.0,93031.021844,102093.45922,102093.459142,1097.7791305591397,0.0,93031.021844,9638.246453356822,111.8389516,98.50475408695651,176.20736263767574,0.9109300508624689,37,64,,False,True,,315,56.69694568066818
54,2026-09-19T05:45:42.428+00:00,2026-09-19T05:47:17.455+00:00,2026-09-19T05:47:21.931+00:00,True,53,53.0,,53.0,95027.679813,99503.33549299999,99503.335352,1877.421421735849,0.0,95027.679813,13042.488673371501,126.8442064,86.07030153846154,182.7407320221662,0.5326454609526986,37,64,,False,True,,107,56.69694568066818
55,2026-09-19T05:45:42.712+00:00,2026-09-19T05:47:18.459+00:00,2026-09-19T05:47:20.520+00:00,True,22,22.0,,22.0,95747.00185,97807.66873,97807.668704,4445.803122909091,0.0,95747.00185,20394.31548357654,1266.19632625,98.12699428571429,285.7668509897325,0.2249312378636836,37,64,,False,True,,100,56.69694568066818
56,2026-09-19T05:45:43.030+00:00,2026-09-19T05:47:20.404+00:00,2026-09-19T05:47:27.187+00:00,True,71,71.0,,71.0,97374.619126,104157.618678,104157.618732,1467.0087145352113,0.0,97374.619126,11544.764674697595,111.602863,96.89999359999999,23.408589211063365,0.6816592093900904,37,64,,False,True,,296,56.69694568066818
57,2026-09-19T05:45:43.529+00:00,2026-09-19T05:47:22.671+00:00,2026-09-19T05:47:24.906+00:00,True,24,24.0,,24.0,99141.965391,101377.419855,101377.419737,4224.0591557083335,47.02943,99141.965391,20217.441901729093,111.7538475,97.1936723478261,23.018333964522796,0.2367391085147676,37,64,,False,True,,102,56.69694568066818
58,2026-09-19T05:45:43.977+00:00,2026-09-19T05:47:25.339+00:00,2026-09-19T05:47:32.934+00:00,True,79,79.0,,79.0,101361.383197,108956.730397,108956.730367,1379.1991185696204,47.234128,101361.383197,11393.104250757899,111.2958985,97.37624615384615,17.5532506631586,0.7250584678170113,37,64,,False,True,,324,56.69694568066818
59,2026-09-19T05:45:44.409+00:00,2026-09-19T05:47:27.552+00:00,2026-09-19T05:47:34.884+00:00,True,75,75.0,,75.0,103142.40351199999,110474.60549599999,110474.605491,1472.9947398799998,44.999424,103142.40351199999,11898.427396351075,110.03438969999999,99.0838105945946,15.314716590313683,0.6788890502325945,37,64,,True,True,,253,56.69694568066818
60,2026-09-19T05:45:44.884+00:00,2026-09-19T05:47:30.270+00:00,2026-09-19T05:47:31.450+00:00,True,13,13.0,,13.0,105386.144277,106566.648085,106566.648201,8197.434477,47.851447,105386.144277,29201.577239700415,42221.302023,98.37531733333333,16.341478023679084,0.12198938630058911,37,64,,True,True,,59,56.69694568066818
61,2026-09-19T05:45:45.369+00:00,2026-09-19T05:47:33.140+00:00,2026-09-19T05:47:35.198+00:00,True,22,22.0,,22.0,107771.645502,109829.455166,109829.455195,4992.2479634090905,45.665932,107771.645502,22956.108916944526,113.44222865,97.99093638095239,20.39838677454532,0.20031056301561767,37,64,,True,True,,132,56.69694568066818
62,2026-09-19T05:45:45.658+00:00,2026-09-19T05:47:34.668+00:00,2026-09-19T05:47:38.122+00:00,True,36,36.0,,36.0,109009.728231,112463.950823,112463.950838,3123.998634388889,46.44567,109009.728231,18151.848558693015,111.03040975,98.69207405714285,18.54157815447074,0.3201025727493617,37,64,,True,True,,175,56.69694568066818
63,2026-09-19T05:45:45.955+00:00,2026-09-19T05:47:36.128+00:00,2026-09-19T05:47:37.541+00:00,True,15,15.0,,15.0,110173.056826,111585.954618,111585.954661,7439.063644066667,52.158797,110173.056826,28420.506755616974,33130.0095847,100.92127085714286,14.770355097144837,0.13442552023102325,37,64,,True,True,,48,56.69694568066818
64,2026-09-19T05:45:46.360+00:00,2026-09-19T05:47:38.123+00:00,2026-09-19T05:47:45.740+00:00,True,79,79.0,,79.0,111762.267003,119379.257211,119379.257375,1511.1298401898734,45.261383,111762.267003,12563.265784897474,111.53211979999998,97.65372061538461,19.700756368230202,0.6617565048203422,37,64,,True,True,,239,56.69694568066818
65,2026-09-19T05:45:46.868+00:00,2026-09-19T05:47:41.011+00:00,2026-09-19T05:47:45.528+00:00,True,45,45.0,,45.0,114143.386157,118660.791085,118660.791064,2636.9064680888887,47.869387,114143.386157,17000.190872526724,111.03733540000002,102.66829381818181,12.348362048891707,0.3792322601976019,37,64,,True,True,,167,56.69694568066818
66,2026-09-19T05:45:47.310+00:00,2026-09-19T05:47:43.551+00:00,2026-09-19T05:47:45.323+00:00,True,19,19.0,,19.0,116240.93722200001,118013.043206,118013.04340000001,6211.212810526316,47.523778,116240.93722200001,26644.91942714322,11723.646734400001,98.45033244444444,17.722247257776942,0.1609991530074703,37,64,,True,True,,54,56.69694568066818
67,2026-09-19T05:45:47.768+00:00,2026-09-19T05:47:45.836+00:00,2026-09-19T05:47:53.601+00:00,True,78,78.0,,78.0,118067.63837700001,125832.83645700001,125832.83649900001,1613.2414935769232,47.694387,118067.63837700001,13357.116295773378,110.30059220000001,100.84672831168832,14.150624791405862,0.6198699973409119,37,64,,True,True,,156,56.69694568066818
68,2026-09-19T05:45:48.072+00:00,2026-09-19T05:47:47.486+00:00,2026-09-19T05:47:55.995+00:00,True,87,87.0,,87.0,119414.124169,127923.161993,127923.162077,1470.3811732988506,46.172221,119414.124169,12791.940783186323,111.0828896,98.94230027906977,16.545250553131165,0.680095759396259,37,64,,True,True,,413,56.69694568066818
69,2026-09-19T05:45:48.509+00:00,2026-09-19T05:47:50.014+00:00,2026-09-19T05:47:55.381+00:00,True,55,55.0,,55.0,121505.36520999999,126872.509402,126872.50927299999,2306.772895872727,43.914476,121505.36520999999,16370.385248927678,112.20650870000001,99.3915591111111,15.39094626089434,0.43350604681216304,37,64,,True,True,,247,56.69694568066818
70,2026-09-19T05:45:48.825+00:00,2026-09-19T05:47:51.650+00:00,2026-09-19T05:47:56.602+00:00,True,52,52.0,,52.0,122824.962426,127776.74457,127776.74452,2457.245086923077,45.613732000000006,122824.962426,17019.30116825978,108.38599265,97.09376752941176,16.625678000238732,0.40695981240555723,37,64,,True,True,,205,56.69694568066818
71,2026-09-19T05:45:49.276+00:00,2026-09-19T05:47:53.806+00:00,2026-09-19T05:47:56.808+00:00,True,33,33.0,,33.0,124529.27266,127532.203092,127532.203253,3864.612219787879,48.582795,124529.27266,21661.436782672863,108.8778312,93.841576,19.636852326616452,0.2587581740134627,37,64,,True,True,,164,56.69694568066818
72,2026-09-19T05:45:49.739+00:00,2026-09-19T05:47:55.793+00:00,2026-09-19T05:47:57.118+00:00,True,15,15.0,,15.0,126053.17854000001,127379.06730800001,127379.06738100002,8491.9378254,47.380858,126053.17854000001,32522.34309374794,37892.312252100004,94.70634057142857,19.483063262475103,0.11775875202265615,37,64,,True,True,,74,56.69694568066818
73,2026-09-19T05:45:50.134+00:00,2026-09-19T05:47:58.215+00:00,2026-09-19T05:48:02.753+00:00,True,46,46.0,,46.0,128081.21092299999,132618.634283,132618.634443,2883.0137922391305,47.326328000000004,128081.21092299999,18869.68289828104,110.86037650000002,100.83163022222223,14.472180518375309,0.34685924982336064,37,64,,True,True,,261,56.69694568066818
74,2026-09-19T05:45:50.472+00:00,2026-09-19T05:48:00.269+00:00,2026-09-19T05:48:10.159+00:00,True,100,100.0,,100.0,129797.22588099999,139686.991769,139686.991751,1396.8699175099998,44.362996,129797.22588099999,12969.744209340866,111.5917535,99.89662513131313,17.195360980195407,0.7158862735434216,37,64,,True,True,,413,56.69694568066818
75,2026-09-19T05:45:50.979+00:00,2026-09-19T05:48:02.962+00:00,2026-09-19T05:48:06.774+00:00,True,40,40.0,,40.0,131983.090238,135795.13811,135795.138062,3394.87845155,44.975474000000006,131983.090238,20852.914083787786,113.38524845,97.74481723076923,20.69645076275079,0.2945613558535376,37,64,,True,True,,137,56.69694568066818
76,2026-09-19T05:45:51.360+00:00,2026-09-19T05:48:04.912+00:00,2026-09-19T05:48:05.450+00:00,True,7,7.0,,7.0,133552.224483,134089.675491,134089.675715,19155.667959285714,51.548618000000005,133552.224483,50444.14670135374,93520.34205630001,89.575168,28.693827247856248,0.05220387009192094,37,64,,True,True,,21,56.69694568066818
77,2026-09-19T05:45:51.801+00:00,2026-09-19T05:48:07.190+00:00,2026-09-19T05:48:14.599+00:00,True,74,74.0,,74.0,135389.448745,142798.724905,142798.724905,1929.7124987162163,47.517877,135389.448745,15726.911560667211,111.48273979999998,101.49693369863014,14.521190670385277,0.518211910149969,37,64,,True,True,,405,56.69694568066818
78,2026-09-19T05:45:52.225+00:00,2026-09-19T05:48:09.302+00:00,2026-09-19T05:48:18.500+00:00,True,92,92.0,,92.0,137076.949929,146274.589353,146274.589248,1589.9411874782609,46.604279000000005,137076.949929,14280.730488807267,112.2611851,101.0729607032967,15.318642265334331,0.6289540815457647,37,64,,True,True,,440,56.69694568066818
79,2026-09-19T05:45:52.627+00:00,2026-09-19T05:48:11.742+00:00,2026-09-19T05:48:12.569+00:00,True,9,9.0,,9.0,139115.589174,139942.71519,139942.715221,15549.19058011111,96.574611,139115.589174,46337.39969764758,83513.80659919999,103.390752,4.88099168676343,0.06431202930270943,37,64,,True,True,,35,56.69694568066818
80,2026-09-19T05:45:53.140+00:00,2026-09-19T05:48:14.491+00:00,2026-09-19T05:48:15.584+00:00,True,12,12.0,,12.0,141350.516533,142443.571253,142443.571362,11870.297613499999,44.115446000000006,141350.516533,40775.69795903563,63667.72374099999,99.3686109090909,18.520819237069453,0.08424388615395141,37,64,,True,True,,32,56.69694568066818
81,2026-09-19T05:45:53.462+00:00,2026-09-19T05:48:16.261+00:00,2026-09-19T05:48:18.291+00:00,True,21,21.0,,21.0,142798.774195,144829.001139,144829.001273,6896.619108238096,50.66432,142798.774195,31139.10008065116,114.275871,101.5113472,17.062633982840396,0.14499858339729343,37,64,,True,True,,62,56.69694568066818
82,2026-09-19T05:45:53.799+00:00,2026-09-19T05:48:18.498+00:00,2026-09-19T05:48:19.670+00:00,True,12,12.0,,12.0,144698.7151,145870.595292,145870.595173,12155.882931083333,94.240047,144698.7151,41740.167488828294,65175.99011775,106.53456290909091,5.31646443599416,0.08226469478635298,37,64,,True,True,,54,56.69694568066818
83,2026-09-19T05:45:54.174+00:00,2026-09-19T05:48:20.459+00:00,2026-09-19T05:48:29.462+00:00,True,94,94.0,,94.0,146284.894014,155288.21663799998,155288.216785,1652.002306223404,46.044301,146284.894014,15078.162611073032,111.5102275,96.80992068817204,19.924629892723093,0.605326032039688,37,64,,True,True,,367,56.69694568066818
84,2026-09-19T05:45:54.581+00:00,2026-09-19T05:48:22.371+00:00,2026-09-19T05:48:22.371+00:00,True,1,1.0,,1.0,147789.922069,147789.922069,147789.922069,147789.922069,147789.922069,147789.922069,nan,147789.922069,nan,nan,0.006766361237629729,37,64,,True,True,,1,56.69694568066818
85,2026-09-19T05:45:54.996+00:00,2026-09-19T05:48:25.037+00:00,2026-09-19T05:48:32.984+00:00,True,80,80.0,,80.0,150040.400115,157987.525875,157987.525848,1974.8440731,46.51202,150040.400115,16763.78752155549,113.03142749999999,100.59652860759493,16.330904223304536,0.5063690918439735,37,64,,True,True,,292,56.69694568066818
86,2026-09-19T05:45:55.419+00:00,2026-09-19T05:48:27.094+00:00,2026-09-19T05:48:36.591+00:00,True,96,96.0,,96.0,151675.393054,161172.164382,161172.16444099997,1678.8767129270832,44.439774,151675.393054,15470.112162763893,112.00041249999998,99.96601397894737,17.613579881030258,0.5956363517739138,37,64,,True,True,,340,56.69694568066818
87,2026-09-19T05:45:55.759+00:00,2026-09-19T05:48:29.054+00:00,2026-09-19T05:48:39.014+00:00,True,100,100.0,,100.0,153294.92549000002,163254.76472200002,163254.76475300002,1632.5476475300002,47.444887,153294.92549000002,15319.441604786527,112.06048995,100.60443668686868,17.14710824876775,0.6125395492761634,37,64,,True,True,,489,56.69694568066818
88,2026-09-19T05:45:56.264+00:00,2026-09-19T05:48:32.020+00:00,2026-09-19T05:48:36.486+00:00,True,45,45.0,,45.0,155755.379159,160221.756887,160221.756919,3560.483487088889,46.157561,155755.379159,23203.515152496788,114.689097,101.50858472727273,17.040401461000585,0.2808607324892665,37,64,,True,True,,166,56.69694568066818
89,2026-09-19T05:45:56.575+00:00,2026-09-19T05:48:33.403+00:00,2026-09-19T05:48:37.287+00:00,True,40,40.0,,40.0,156828.290926,160712.564078,160712.56404599998,4017.8141011499997,49.692203,156828.290926,24780.989496550872,111.33810284999998,99.59674748717948,18.978529185447414,0.24889155511566888,37,64,,True,True,,140,56.69694568066818
90,2026-09-19T05:45:57.071+00:00,2026-09-19T05:48:35.999+00:00,2026-09-19T05:48:44.966+00:00,True,89,89.0,,89.0,158927.529336,167894.843,167894.842918,1886.4589091910113,45.877832000000005,158927.529336,16835.49079214208,112.69144960000001,101.90129163636364,16.39289070569001,0.5300937087150438,37,64,,True,True,,313,56.69694568066818
91,2026-09-19T05:45:57.569+00:00,2026-09-19T05:48:38.799+00:00,2026-09-19T05:48:41.001+00:00,True,22,22.0,,22.0,161230.691874,163432.27421,163432.274145,7428.7397338636365,54.153723,161230.691874,34352.14963346744,112.03152269999998,104.8372540952381,12.024936908099043,0.13461233471995507,37,64,,True,True,,109,56.69694568066818
92,2026-09-19T05:45:57.920+00:00,2026-09-19T05:48:40.675+00:00,2026-09-19T05:48:50.166+00:00,True,96,96.0,,96.0,162754.871233,172246.114753,172246.114792,1794.2303624166668,48.203637,162754.871233,16600.909995632283,110.19440575,99.90782652631579,15.660721585988826,0.5573420343191107,37,64,,True,True,,330,56.69694568066818
93,2026-09-19T05:45:58.287+00:00,2026-09-19T05:48:42.590+00:00,2026-09-19T05:48:52.413+00:00,True,100,100.0,,100.0,164303.261331,174126.64411499997,174126.64406,1741.2664406,46.144771999999996,164303.261331,16420.411215400087,110.34551045,99.22608872727274,15.973736169486541,0.574294649209205,37,64,,True,True,,482,56.69694568066818
94,2026-09-19T05:45:58.735+00:00,2026-09-19T05:48:45.076+00:00,2026-09-19T05:48:50.739+00:00,True,59,59.0,,59.0,166341.275446,172004.15595800002,172004.15613400002,2915.3246802372882,45.632133,166341.275446,21643.08602417205,110.9697895,97.63587089655172,18.333105305635726,0.34301496769884227,37,64,,True,True,,243,56.69694568066818
95,2026-09-19T05:45:59.203+00:00,2026-09-19T05:48:47.817+00:00,2026-09-19T05:48:53.421+00:00,True,56,56.0,,56.0,168613.25884999998,174218.10032199998,174218.10024399997,3111.0375043571426,46.78324,168613.25884999998,22518.28059741471,112.336741,101.90620858181818,13.38472990748787,0.3214361762440157,37,64,,True,True,,217,56.69694568066818
96,2026-09-19T05:45:59.540+00:00,2026-09-19T05:48:49.163+00:00,2026-09-19T05:48:59.096+00:00,True,100,100.0,,100.0,169623.183296,179555.76416,179555.764139,1795.55764139,44.534205,169623.183296,16952.29297222804,111.81277945,100.32909963636364,16.083521411902595,0.556930046037905,37,64,,True,True,,448,56.69694568066818
97,2026-09-19T05:45:59.930+00:00,2026-09-19T05:48:51.363+00:00,2026-09-19T05:48:56.499+00:00,True,52,52.0,,52.0,171432.33190000002,176568.29734000002,176568.29728800003,3395.544178615385,45.637223,171432.33190000002,23759.426719173814,112.32522115,100.70520470588235,15.539670510863957,0.2945036044600281,37,64,,True,True,,172,56.69694568066818
98,2026-09-19T05:46:00.410+00:00,2026-09-19T05:48:54.048+00:00,2026-09-19T05:48:59.503+00:00,True,56,56.0,,56.0,173638.56616999998,179092.90344999998,179092.90341799997,3198.087561035714,43.680287,173638.56616999998,23190.18411213429,114.621183,99.16976872727274,17.936772097686383,0.31268687324416705,37,64,,True,True,,215,56.69694568066818
99,2026-09-19T05:46:00.818+00:00,2026-09-19T05:48:55.608+00:00,2026-09-19T05:48:58.790+00:00,True,34,34.0,,34.0,174789.840372,177971.462388,177971.462337,5234.454774617648,47.457218999999995,174789.840372,29959.684024619255,113.12082600000002,96.41278836363637,22.728477226125037,0.19104186448654195,37,64,,True,True,,147,56.69694568066818
100,2026-09-19T05:46:01.275+00:00,2026-09-19T05:48:58.578+00:00,2026-09-19T05:49:06.541+00:00,True,81,81.0,,81.0,177303.283538,185266.212434,185266.212354,2287.2371895555552,46.76868,177303.283538,19689.312484812857,111.452808,99.53661120000001,17.02733272824042,0.43720870058190336,37,64,,True,True,,377,56.69694568066818
101,2026-09-19T05:46:01.560+00:00,2026-09-19T05:49:00.021+00:00,2026-09-19T05:49:07.613+00:00,True,77,77.0,,77.0,178460.669628,186052.369852,186052.369878,2416.2645438701297,46.025072,178460.669628,20326.104657208565,113.03041439999998,99.89079242105264,17.55763612573122,0.41386196833317185,37,64,,True,True,,427,56.69694568066818
102,2026-09-19T05:46:01.916+00:00,2026-09-19T05:49:02.040+00:00,2026-09-19T05:49:02.935+00:00,True,10,10.0,,10.0,180124.06426699998,181018.70567499998,181018.70570299999,18101.870570299998,48.061957,180124.06426699998,56928.799003780536,99119.91949384999,99.4046008888889,19.767439137392156,0.055242909635835905,37,64,,True,True,,55,56.69694568066818
103,2026-09-19T05:46:02.216+00:00,2026-09-19T05:49:04.104+00:00,2026-09-19T05:49:08.042+00:00,True,40,40.0,,40.0,181888.433289,185826.080649,185826.080745,4645.652018625,50.293921000000005,181888.433289,28743.127521233157,114.5227364,100.96531692307693,17.30937696684217,0.21525503772290455,37,64,,True,True,,183,56.69694568066818
104,2026-09-19T05:46:02.680+00:00,2026-09-19T05:49:06.752+00:00,2026-09-19T05:49:16.546+00:00,True,98,98.0,,98.0,184071.658572,193865.77031599998,193865.770428,1978.2221472244896,41.159003,184071.658572,18583.85494376603,114.04697935,100.97022416494845,18.433681011264355,0.5055044004945309,37,64,,True,True,,339,56.69694568066818
105,2026-09-19T05:46:03.114+00:00,2026-09-19T05:49:08.860+00:00,2026-09-19T05:49:14.928+00:00,True,62,62.0,,62.0,185745.948402,191814.009842,191814.00984500002,3093.77435233871,47.385348,185745.948402,23577.13268306689,111.7702045,99.47641704918033,18.532054258493385,0.3232297789461276,37,64,,True,True,,279,56.69694568066818
106,2026-09-19T05:46:03.435+00:00,2026-09-19T05:49:10.832+00:00,2026-09-19T05:49:18.029+00:00,True,72,72.0,,72.0,187397.114609,194593.77816100002,194593.778047,2702.691361763889,49.508924,187397.114609,22073.02187315081,113.53816810000001,101.36145847887323,15.951878114973848,0.3700015523642783,37,64,,True,True,,342,56.69694568066818
107,2026-09-19T05:46:03.743+00:00,2026-09-19T05:49:12.149+00:00,2026-09-19T05:49:19.508+00:00,True,75,75.0,,75.0,188406.05330899998,195764.25721299998,195764.25712799997,2610.19009504,44.729875,188406.05330899998,21743.783348551755,113.7343261,99.4351878918919,18.798101280575896,0.38311385882049326,37,64,,True,True,,306,56.69694568066818
108,2026-09-19T05:46:04.254+00:00,2026-09-19T05:49:15.038+00:00,2026-09-19T05:49:15.683+00:00,True,7,7.0,,7.0,190783.403283,191428.973587,191428.973565,27346.996223571427,99.77245500000001,190783.403283,72068.68147535781,133581.9413379,107.59505066666667,4.155293760626156,0.036567087357957676,37,64,,True,True,,37,56.69694568066818
109,2026-09-19T05:46:04.627+00:00,2026-09-19T05:49:16.923+00:00,2026-09-19T05:49:26.577+00:00,True,97,97.0,,97.0,192296.817875,201950.593235,201950.593203,2081.964878381443,47.261869,192296.817875,19514.579976010165,113.0088946,100.56016,16.19928608938078,0.4803154991831386,37,64,,True,True,,424,56.69694568066818
110,2026-09-19T05:46:04.932+00:00,2026-09-19T05:49:18.771+00:00,2026-09-19T05:49:18.877+00:00,True,2,2.0,,2.0,193838.74871,193945.37578200002,193945.37574900003,96972.68787450001,106.62703900000001,193838.74871,136989.2969672214,184152.14262645,106.627072,nan,0.010312181932339834,37,64,,True,True,,3,56.69694568066818
111,2026-09-19T05:46:05.400+00:00,2026-09-19T05:49:21.329+00:00,2026-09-19T05:49:27.526+00:00,True,61,61.0,,61.0,195929.558861,202125.94439699998,202125.944282,3313.5400701967214,49.174634,195929.558861,25072.98964465338,112.311166,103.27309226666667,12.38060711672659,0.3017920345751784,37,64,,True,True,,255,56.69694568066818
112,2026-09-19T05:46:05.895+00:00,2026-09-19T05:49:24.065+00:00,2026-09-19T05:49:30.232+00:00,True,60,60.0,,60.0,198169.917357,204336.310957,204336.310751,3405.6051791833333,47.365488,198169.917357,25570.135980651634,114.44308095000001,104.51514576271187,11.418002569731865,0.2936335677148749,37,64,,True,True,,219,56.69694568066818
113,2026-09-19T05:46:06.269+00:00,2026-09-19T05:49:26.256+00:00,2026-09-19T05:49:36.281+00:00,True,97,97.0,,97.0,199986.60711500002,210011.40122700002,210011.401271,2165.0659924845363,46.923069000000005,199986.60711500002,20294.965117162777,115.0054678,104.42493866666668,13.4372909977157,0.4618796857374105,37,64,,True,True,,343,56.69694568066818
114,2026-09-19T05:46:06.757+00:00,2026-09-19T05:49:28.882+00:00,2026-09-19T05:49:31.615+00:00,True,28,28.0,,28.0,202125.166563,204858.727907,204858.727892,7316.3831390000005,49.930972000000004,202125.166563,38178.93712713139,115.6522038,101.24301274074075,18.308004612712114,0.13667955613153665,37,64,,True,True,,121,56.69694568066818
115,2026-09-19T05:46:07.342+00:00,2026-09-19T05:49:30.441+00:00,2026-09-19T05:49:31.946+00:00,True,16,16.0,,16.0,203099.073768,204603.91012000002,204603.909989,12787.7443743125,44.947924,203099.073768,50749.6920480832,50859.475208250005,100.32242346666666,21.396458060821715,0.07819987404256357,37,64,,True,True,,76,56.69694568066818
116,2026-09-19T05:46:07.505+00:00,2026-09-19T05:49:33.308+00:00,2026-09-19T05:49:40.212+00:00,True,68,68.0,,68.0,205802.15494600002,212706.91731400002,212706.91724600003,3128.042900676471,46.447691,205802.15494600002,24944.682939149,113.6277412,103.05615474626866,12.713842252500548,0.3196887099803047,37,64,,True,True,,260,56.69694568066818
117,2026-09-19T05:46:07.802+00:00,2026-09-19T05:49:34.923+00:00,2026-09-19T05:49:37.339+00:00,True,24,24.0,,24.0,207120.153787,209536.65196299998,209536.651842,8730.693826749999,50.535141,207120.153787,42256.779770872155,112.98922644999999,105.06513808695652,12.43192953961107,0.11453843408855233,37,64,,True,True,,68,56.69694568066818
118,2026-09-19T05:46:08.124+00:00,2026-09-19T05:49:37.121+00:00,2026-09-19T05:49:43.204+00:00,True,63,63.0,,63.0,208996.75659499998,215079.49041899998,215079.49029999998,3413.960163492063,47.688697,208996.75659499998,26318.76152211039,109.29159390000001,98.10861006451613,17.497406031358597,0.292914958452192,37,64,,True,True,,273,56.69694568066818
119,2026-09-19T05:46:08.535+00:00,2026-09-19T05:49:39.491+00:00,2026-09-19T05:49:40.997+00:00,True,17,17.0,,17.0,210955.784625,212461.743025,212461.743068,12497.749592235294,48.409017999999996,210955.784625,51141.46889542585,42278.815300199996,94.1224,20.5006432515378,0.08001440521929465,37,64,,True,True,,91,56.69694568066818
120,2026-09-19T05:46:08.841+00:00,2026-09-19T05:49:40.944+00:00,2026-09-19T05:49:45.782+00:00,True,51,51.0,,51.0,212103.272372,216941.057204,216941.057123,4253.746218098039,46.469563,212103.272372,29686.857367129618,112.1745865,96.75569664,20.694073531444417,0.23508689713834238,37,64,,True,True,,219,56.69694568066818
121,2026-09-19T05:46:09.274+00:00,2026-09-19T05:49:43.308+00:00,2026-09-19T05:49:51.913+00:00,True,91,91.0,,91.0,214033.712219,222639.013467,222639.01345600002,2446.5825654505497,46.389523999999994,214033.712219,22426.81565231572,111.904482,95.61445831111111,20.498975003136035,0.4087333957464207,37,64,,True,True,,424,56.69694568066818
122,2026-09-19T05:46:09.763+00:00,2026-09-19T05:49:45.786+00:00,2026-09-19T05:49:52.324+00:00,True,69,69.0,,69.0,216022.775581,222560.732701,222560.73261799998,3225.5178640289855,44.769526,216022.775581,25994.518836144525,111.0715326,96.14642823529412,19.735374896965446,0.3100277356324949,37,64,,True,True,,242,56.69694568066818
123,2026-09-19T05:46:10.148+00:00,2026-09-19T05:49:47.489+00:00,2026-09-19T05:49:57.236+00:00,True,100,100.0,,100.0,217341.682125,227087.872717,227087.872766,2270.87872766,49.169596,217341.682125,21724.32967031517,111.92993455,98.44636961616162,16.35585655365329,0.44035816974084463,37,64,,True,True,,300,56.69694568066818
124,2026-09-19T05:46:10.527+00:00,2026-09-19T05:49:49.664+00:00,2026-09-19T05:49:54.690+00:00,True,53,53.0,,53.0,219136.582992,224162.29793600002,224162.297911,4229.477319075472,46.390203,219136.582992,30087.453810938958,108.964678,96.6483643076923,17.2735310735774,0.2364358346073517,37,64,,True,True,,225,56.69694568066818
125,2026-09-19T05:46:10.819+00:00,2026-09-19T05:49:50.945+00:00,2026-09-19T05:49:51.303+00:00,True,5,5.0,,5.0,220126.406282,220484.394378,220484.394498,44096.8788996,48.00573,220126.406282,98403.5002352044,176121.9267676,89.497024,27.66512917553292,0.02267734192302048,37,64,,True,True,,16,56.69694568066818
126,2026-09-19T05:46:11.316+00:00,2026-09-19T05:49:54.069+00:00,2026-09-19T05:50:03.179+00:00,True,93,93.0,,93.0,222753.211738,231862.94281,231862.942794,2493.149922516129,43.961259,222753.211738,23088.17247487239,113.43227340000001,99.018816,19.572511703128015,0.4010990237288966,37,64,,True,True,,322,56.69694568066818
127,2026-09-19T05:46:11.755+00:00,2026-09-19T05:49:56.390+00:00,2026-09-19T05:49:58.868+00:00,True,26,26.0,,26.0,224635.559977,227112.89117699998,227112.891173,8735.111198961538,46.760521999999995,224635.559977,44035.227858904764,114.07540400000002,99.093248,18.686901486763965,0.11448051171933235,37,64,,True,True,,115,56.69694568066818
128,2026-09-19T05:46:12.209+00:00,2026-09-19T05:49:58.495+00:00,2026-09-19T05:49:59.340+00:00,True,10,10.0,,10.0,226285.961138,227130.06277000002,227130.062704,22713.0062704,48.301199000000004,226285.961138,71528.24908681678,124508.15541935,93.78907022222222,24.79808175055152,0.04402763719625418,37,64,,True,True,,44,56.69694568066818
129,2026-09-19T05:46:12.569+00:00,2026-09-19T05:50:00.613+00:00,2026-09-19T05:50:07.195+00:00,True,70,70.0,,70.0,228043.85938,234625.463988,234625.46375700002,3351.7923393857145,44.757358,228043.85938,27245.062299607514,111.28687550000001,95.3855740289855,21.76106792528048,0.2983478383385538,37,64,,True,True,,387,56.69694568066818
130,2026-09-19T05:46:12.970+00:00,2026-09-19T05:50:03.074+00:00,2026-09-19T05:50:08.018+00:00,True,53,53.0,,53.0,230103.572979,235047.31083499998,235047.310936,4434.854923320754,46.809672,230103.572979,31594.104448763203,111.312369,95.07188184615384,21.27492417461486,0.22548651933825048,37,64,,True,True,,211,56.69694568066818
131,2026-09-19T05:46:13.264+00:00,2026-09-19T05:50:04.523+00:00,2026-09-19T05:50:07.402+00:00,True,32,32.0,,32.0,231259.508825,234138.06216899998,234138.062168,7316.81444275,47.473692,231259.508825,40864.88223196038,109.83680175,92.85655948387097,21.31910113713647,0.13667149930070968,37,64,,True,True,,98,56.69694568066818
132,2026-09-19T05:46:13.699+00:00,2026-09-19T05:50:07.557+00:00,2026-09-19T05:50:11.401+00:00,True,41,41.0,,41.0,233858.626582,237702.057238,237702.057363,5797.611155195122,45.469955999999996,233858.626582,36507.58068411162,114.40833700000002,96.08576640000001,19.91639600968589,0.17248483448735408,37,64,,True,True,,180,56.69694568066818
133,2026-09-19T05:46:14.007+00:00,2026-09-19T05:50:09.292+00:00,2026-09-19T05:50:18.837+00:00,True,96,96.0,,96.0,235284.601827,244830.133219,244830.13344900002,2550.31389009375,46.595943,235284.601827,24003.385387733,112.81225425000001,100.47927781052631,17.61339910589091,0.39210859683733545,37,64,,True,True,,457,56.69694568066818
134,2026-09-19T05:46:14.466+00:00,2026-09-19T05:50:11.826+00:00,2026-09-19T05:50:21.483+00:00,True,98,98.0,,98.0,237359.57875299998,247016.910209,247016.91028699998,2520.5807172142854,43.15746,237359.57875299998,23966.888809079126,113.336386,99.56011810309279,19.254627871836103,0.39673397224944074,37,64,,True,True,,529,56.69694568066818
135,2026-09-19T05:46:14.821+00:00,2026-09-19T05:50:13.654+00:00,2026-09-19T05:50:21.329+00:00,True,79,79.0,,79.0,238832.20999200002,246507.948616,246507.94851800002,3120.353778708861,46.163163999999995,238832.20999200002,26859.658973503636,113.48815979999999,98.40690543589744,20.381697029731228,0.32047648136110596,37,64,,True,True,,367,56.69694568066818
136,2026-09-19T05:46:15.204+00:00,2026-09-19T05:50:15.324+00:00,2026-09-19T05:50:21.022+00:00,True,60,60.0,,60.0,240120.255486,245818.82137400002,245818.821365,4096.980356083333,47.287181,240120.255486,30986.929684686333,112.34923835000001,96.58586250847458,21.27504762725925,0.24408220519743382,37,64,,True,True,,258,56.69694568066818
137,2026-09-19T05:46:15.700+00:00,2026-09-19T05:50:19.157+00:00,2026-09-19T05:50:23.211+00:00,True,42,42.0,,42.0,243456.82507800002,247510.650614,247510.65060500003,5893.110728690477,44.345928,243456.82507800002,37550.95013406903,111.94921054999999,98.87379356097561,15.224339550580941,0.1696896674781895,37,64,,True,True,,190,56.69694568066818
138,2026-09-19T05:46:16.124+00:00,2026-09-19T05:50:20.821+00:00,2026-09-19T05:50:27.888+00:00,True,75,75.0,,75.0,244697.222922,251764.587018,251764.58709,3356.8611612,43.402021,244697.222922,28244.17959885521,110.48039569999999,95.50492021621622,18.616562426893886,0.29789733690639286,37,64,,True,True,,324,56.69694568066818
139,2026-09-19T05:46:16.615+00:00,2026-09-19T05:50:23.001+00:00,2026-09-19T05:50:27.369+00:00,True,48,48.0,,48.0,246386.336118,250754.429558,250754.42957,5224.050616041667,45.624695,246386.336118,35549.39651572947,114.04383155000001,92.93815829787233,21.91771810414534,0.19142234131061484,37,64,,True,True,,144,56.69694568066818
140,2026-09-19T05:46:17.071+00:00,2026-09-19T05:50:25.546+00:00,2026-09-19T05:50:30.922+00:00,True,55,55.0,,55.0,248474.234072,253850.603992,253850.60398299998,4615.465526963636,46.387142999999995,248474.234072,33490.83777361243,112.80821519999999,99.56240592592593,16.268802040091998,0.21666286837644594,37,64,,True,True,,173,56.69694568066818
141,2026-09-19T05:46:17.410+00:00,2026-09-19T05:50:27.366+00:00,2026-09-19T05:50:27.985+00:00,True,7,7.0,,7.0,249955.73721000002,250574.06553000002,250574.065498,35796.29507114286,97.197788,249955.73721000002,94435.43754320864,175001.1683979,103.05472,4.093034179858654,0.02793585196135122,37,64,,True,True,,28,56.69694568066818
142,2026-09-19T05:46:17.745+00:00,2026-09-19T05:50:29.462+00:00,2026-09-19T05:50:32.584+00:00,True,31,31.0,,31.0,251716.40861500002,254839.34928700002,254839.34921400002,8220.62416819355,93.637264,251716.40861500002,45190.90522417958,112.18462149999999,104.0980224,4.171392879656994,0.12164526430762387,37,64,,True,True,,182,56.69694568066818
143,2026-09-19T05:46:18.222+00:00,2026-09-19T05:50:31.758+00:00,2026-09-19T05:50:39.171+00:00,True,75,75.0,,75.0,253536.724086,260949.423222,260949.423268,3479.3256435733333,47.840540000000004,253536.724086,29264.336741487386,112.133815,100.17160994594595,16.12527639952386,0.2874120167577245,37,64,,True,True,,270,56.69694568066818
144,2026-09-19T05:46:18.666+00:00,2026-09-19T05:50:33.910+00:00,2026-09-19T05:50:39.170+00:00,True,53,53.0,,53.0,255244.17974700002,260503.871011,260503.87094700002,4915.167376358491,48.546439,255244.17974700002,35046.59471354674,113.9891216,101.14790892307693,16.849502927694235,0.20345187115381494,37,64,,True,True,,208,56.69694568066818
145,2026-09-19T05:46:18.978+00:00,2026-09-19T05:50:35.845+00:00,2026-09-19T05:50:45.182+00:00,True,94,94.0,,94.0,256866.854349,266203.716045,266203.716179,2831.95442743617,46.993002,256866.854349,26483.44379202492,114.03882024999999,100.39636232258066,17.5961272729361,0.35311302710781806,37,64,,True,True,,419,56.69694568066818
146,2026-09-19T05:46:19.373+00:00,2026-09-19T05:50:37.865+00:00,2026-09-19T05:50:42.833+00:00,True,51,51.0,,51.0,258492.017338,263460.109242,263460.109199,5165.884494098039,44.431288,258492.017338,36182.214204758355,114.641466,99.36183808,19.72498344720231,0.19357769245117182,37,64,,True,True,,223,56.69694568066818
147,2026-09-19T05:46:19.792+00:00,2026-09-19T05:50:40.289+00:00,2026-09-19T05:50:47.963+00:00,True,79,79.0,,79.0,260497.55559200002,268171.80404,268171.80395200005,3394.57979686076,46.033555,260497.55559200002,29297.200580853892,112.51335800000001,98.3878006153846,17.68857726281587,0.294587271330794,37,64,,True,True,,366,56.69694568066818
148,2026-09-19T05:46:20.133+00:00,2026-09-19T05:50:41.988+00:00,2026-09-19T05:50:49.689+00:00,True,80,80.0,,80.0,261855.094595,269555.736131,269555.736077,3369.4467009625,49.338356,261855.094595,29265.397107891145,111.87970425000002,97.4764751392405,18.41530025752961,0.29678463218130596,37,64,,True,True,,309,56.69694568066818
149,2026-09-19T05:46:20.645+00:00,2026-09-19T05:50:44.509+00:00,2026-09-19T05:50:45.684+00:00,True,13,13.0,,13.0,263863.925646,265039.10491,265039.10492,20387.623455384615,53.049679,263863.925646,73155.5256626594,105610.31100960002,97.93160533333332,14.607980489420541,0.04904936576968309,37,64,,True,True,,58,56.69694568066818
150,2026-09-19T05:46:20.999+00:00,2026-09-19T05:50:46.571+00:00,2026-09-19T05:50:52.767+00:00,True,67,67.0,,67.0,265572.211878,271768.71671,271768.716809,4056.24950461194,44.951087,265572.211878,32433.34615269051,110.78649300000001,93.88643684848485,20.920710542053108,0.2465331580878553,37,64,,True,True,,275,56.69694568066818
151,2026-09-19T05:46:21.424+00:00,2026-09-19T05:50:49.004+00:00,2026-09-19T05:50:54.031+00:00,True,54,54.0,,54.0,267580.07541600004,272607.65864800004,272607.658729,5048.289976462964,47.582701,267580.07541600004,36400.13215984552,112.2791495,94.86006098113208,18.994443801835995,0.19808687792490295,37,64,,True,True,,226,56.69694568066818
152,2026-09-19T05:46:21.899+00:00,2026-09-19T05:50:51.244+00:00,2026-09-19T05:50:53.530+00:00,True,26,26.0,,26.0,269345.275311,271630.876847,271630.876797,10447.341415269231,46.270764,269345.275311,52805.0291506914,107.11782425,91.42406144,22.180718343123,0.09571813153865007,37,64,,True,True,,100,56.69694568066818
153,2026-09-19T05:46:22.867+00:00,2026-09-19T05:50:55.018+00:00,2026-09-19T05:50:59.379+00:00,True,44,44.0,,44.0,272151.809084,276512.438588,276512.438458,6284.373601318182,50.465194000000004,272151.809084,41013.14325070288,109.92646850000001,101.40998846511627,14.309217641339524,0.1591248488664173,37,64,,True,True,,88,56.69694568066818
154,2026-09-19T05:46:22.881+00:00,2026-09-19T05:50:56.224+00:00,2026-09-19T05:51:04.259+00:00,True,81,81.0,,81.0,273342.46220300003,281377.665531,281377.66563400003,3473.798341160494,45.763185,273342.46220300003,30360.228744757085,110.835656,100.4400416,15.800775533868611,0.2878693298103152,37,64,,True,True,,278,56.69694568066818
155,2026-09-19T05:46:22.981+00:00,2026-09-19T05:50:57.597+00:00,2026-09-19T05:50:58.225+00:00,True,7,7.0,,7.0,274616.573822,275244.639102,275244.638991,39320.662713,99.299542,274616.573822,103755.7442848705,192264.6521588,104.67754666666667,4.097067837339415,0.025431921300403396,37,64,,True,True,,29,56.69694568066818
156,2026-09-19T05:46:23.393+00:00,2026-09-19T05:50:59.375+00:00,2026-09-19T05:51:02.868+00:00,True,37,37.0,,37.0,275981.96275400004,279474.109186,279474.109071,7553.354299216217,46.051224999999995,275981.96275400004,45355.211815458635,110.94797080000001,97.00406755555555,19.30434077474052,0.13239151242942213,37,64,,True,True,,157,56.69694568066818
157,2026-09-19T05:46:23.692+00:00,2026-09-19T05:51:01.231+00:00,2026-09-19T05:51:10.155+00:00,True,92,92.0,,92.0,277539.01034100004,286463.168293,286463.168262,3113.730089804348,45.460166,277539.01034100004,28925.22436775391,112.713637,98.0676698021978,19.602776696676756,0.32115821572531317,37,64,,True,True,,438,56.69694568066818
158,2026-09-19T05:46:24.144+00:00,2026-09-19T05:51:03.621+00:00,2026-09-19T05:51:11.875+00:00,True,86,86.0,,86.0,279476.495651,287730.634531,287730.634499,3345.7050523139537,46.123964,279476.495651,30126.26059382996,111.51333900000002,97.10751623529411,19.74646291307868,0.29889066258161817,37,64,,True,True,,291,56.69694568066818
159,2026-09-19T05:46:24.533+00:00,2026-09-19T05:51:05.212+00:00,2026-09-19T05:51:11.824+00:00,True,70,70.0,,70.0,280679.595593,287291.346761,287291.346661,4104.162095157143,45.142345999999996,280679.595593,33536.18177843275,111.3358764,95.82248069565217,21.0075855739682,0.24365509365039653,37,64,,True,True,,384,56.69694568066818
160,2026-09-19T05:46:24.877+00:00,2026-09-19T05:51:07.510+00:00,2026-09-19T05:51:13.024+00:00,True,57,57.0,,57.0,282632.729764,288146.729892,288146.729991,5055.205789315789,43.817189,282632.729764,37422.58197571871,110.062135,98.464288,18.135117073501846,0.19781588366928238,37,64,,True,True,,169,56.69694568066818
161,2026-09-19T05:46:25.274+00:00,2026-09-19T05:51:09.851+00:00,2026-09-19T05:51:13.749+00:00,True,40,40.0,,40.0,284577.076405,288474.598581,288474.598432,7211.8649608,46.074484,284577.076405,44979.78787475085,111.793181,99.93646605128205,15.645543728050493,0.1386603888063597,37,64,,True,True,,210,56.69694568066818
162,2026-09-19T05:46:25.784+00:00,2026-09-19T05:51:12.188+00:00,2026-09-19T05:51:12.188+00:00,True,1,1.0,,1.0,286403.660584,286403.660584,286403.660584,286403.660584,286403.660584,286403.660584,nan,286403.660584,nan,nan,0.003491575484618178,37,64,,True,True,,3,56.69694568066818
163,2026-09-19T05:46:26.222+00:00,2026-09-19T05:51:14.537+00:00,2026-09-19T05:51:22.908+00:00,True,85,85.0,,85.0,288315.224339,296686.025235,296686.025211,3490.423826011765,46.790403,288315.224339,31261.3728915886,113.05779859999998,99.6523916190476,17.617387658658128,0.28649815889600105,37,64,,True,True,,285,56.69694568066818
164,2026-09-19T05:46:26.604+00:00,2026-09-19T05:51:16.827+00:00,2026-09-19T05:51:19.676+00:00,True,29,29.0,,29.0,290223.51957,293072.04693,293072.047014,10105.932655655173,47.764731,290223.51957,53874.26543321766,114.41530780000001,101.73312,15.630346093948136,0.09895177757067573,37,64,,True,True,,128,56.69694568066818
165,2026-09-19T05:46:27.045+00:00,2026-09-19T05:51:18.842+00:00,2026-09-19T05:51:18.842+00:00,True,1,1.0,,1.0,291796.652233,291796.652233,291796.652233,291796.652233,291796.652233,291796.652233,nan,291796.652233,nan,nan,0.0034270441156449556,37,64,,True,True,,3,56.69694568066818
166,2026-09-19T05:46:27.449+00:00,2026-09-19T05:51:21.041+00:00,2026-09-19T05:51:21.568+00:00,True,6,6.0,,6.0,293591.824444,294118.64966000005,294118.649685,49019.7749475,96.370019,293591.824444,119815.34542039629,220221.19978275002,105.3650432,5.411659366219126,0.020399930459819447,37,64,,True,True,,16,56.69694568066818
167,2026-09-19T05:46:27.783+00:00,2026-09-19T05:51:23.502+00:00,2026-09-19T05:51:27.886+00:00,False,45,44.0,,44.0,295719.152769,300102.352769,300102.352731,6668.941171799999,0.02615,295719.152769,44068.3639848991,113.4274056,99.61818181818181,22.600930312920255,0.1466166446014785,37,64,,True,False,Request timeout: 300.0s exceeded,187,56.69694568066818
168,2026-09-19T05:46:28.290+00:00,2026-09-19T05:51:26.301+00:00,2026-09-19T05:51:28.407+00:00,False,23,22.0,,22.0,298011.05950599996,300117.49022599997,300117.49022299994,13048.586531434781,0.02016,298011.05950599996,62119.64223974092,108.89375100000001,95.74685090909091,26.46888343117089,0.07330462474357345,37,64,,True,False,Request timeout: 300.0s exceeded,80,56.69694568066818
169,2026-09-19T05:46:28.796+00:00,2026-09-19T05:51:28.623+00:00,2026-09-19T05:51:29.491+00:00,False,10,9.0,,9.0,299826.829045,300695.113205,300695.11317300005,30069.511317300003,0.03959,299826.829045,94783.06619169356,164958.27191290003,96.47601777777777,36.49515107327652,0.029930649367967004,37,64,,True,False,Request timeout: 300.0s exceeded,39,56.69694568066818
170,2026-09-19T05:46:29.135+00:00,2026-09-19T05:51:29.276+00:00,2026-09-19T05:51:29.605+00:00,False,5,4.0,,4.0,300141.314631,300469.39194299997,300469.39182799996,60093.878365599994,0.056479999999999995,300141.314631,134190.604702101,240135.71465079996,82.019328,54.739556042472785,0.013312504059511038,37,64,,True,False,Request timeout: 300.0s exceeded,25,56.69694568066818
171,2026-09-19T05:46:29.532+00:00,2026-09-19T05:51:29.643+00:00,2026-09-19T05:51:29.643+00:00,False,1,0.0,,0.0,300111.173631,300111.173631,300111.173631,300111.173631,300111.173631,300111.173631,nan,300111.173631,nan,nan,0.0,37,64,,True,False,"HTTPConnectionPool(host='gpu03', port=9002): Read timed out.",0,56.69694568066818
172,2026-09-19T05:46:30.037+00:00,2026-09-19T05:51:30.047+00:00,2026-09-19T05:51:30.047+00:00,False,1,0.0,,0.0,300009.885769,300009.885769,300009.885769,300009.885769,300009.885769,300009.885769,nan,300009.885769,nan,nan,0.0,37,64,,True,False,"HTTPConnectionPool(host='gpu03', port=9002): Read timed out.",0,56.69694568066818
173,2026-09-19T05:46:30.380+00:00,2026-09-19T05:51:30.396+00:00,2026-09-19T05:51:30.396+00:00,False,1,0.0,,0.0,300015.90733200003,300015.90733200003,300015.90733200003,300015.90733200003,300015.90733200003,300015.90733200003,nan,300015.90733200003,nan,nan,0.0,37,64,,True,False,"HTTPConnectionPool(host='gpu03', port=9002): Read timed out.",0,56.69694568066818
174,2026-09-19T05:46:30.852+00:00,2026-09-19T05:51:30.955+00:00,2026-09-19T05:51:30.955+00:00,False,1,0.0,,0.0,300103.33838599996,300103.33838599996,300103.33838599996,300103.33838599996,300103.33838599996,300103.33838599996,nan,300103.33838599996,nan,nan,0.0,37,64,,True,False,"HTTPConnectionPool(host='gpu03', port=9002): Read timed out.",0,56.69694568066818
175,2026-09-19T05:46:31.226+00:00,2026-09-19T05:51:30.984+00:00,2026-09-19T05:51:31.312+00:00,False,5,4.0,,4.0,299758.47645599995,300086.64055199997,300086.64057299995,60017.328114599986,0.02505,299758.47645599995,134019.38458945422,239829.56028459995,82.041024,54.8417965429084,0.01332948375389896,37,64,,True,False,Request timeout: 300.0s exceeded,14,56.69694568066818
176,2026-09-19T05:46:31.687+00:00,2026-09-19T05:51:31.529+00:00,2026-09-19T05:51:31.740+00:00,False,4,3.0,,3.0,299841.56784,300052.646752,300052.646715,75013.16167875,0.02846,299841.56784,149885.61236936614,254881.5018468,70.35963733333332,60.95088907138551,0.009998245416177132,37,64,,True,False,Request timeout: 300.0s exceeded,17,56.69694568066818
177,2026-09-19T05:46:31.983+00:00,2026-09-19T05:51:32.098+00:00,2026-09-19T05:51:32.098+00:00,False,1,0.0,,0.0,300114.95949800004,300114.95949800004,300114.95949800004,300114.95949800004,300114.95949800004,300114.95949800004,nan,300114.95949800004,nan,nan,0.0,37,64,,True,False,"HTTPConnectionPool(host='gpu03', port=9002): Read timed out.",0,56.69694568066818
178,2026-09-19T05:46:32.302+00:00,2026-09-19T05:51:32.412+00:00,2026-09-19T05:51:32.412+00:00,False,1,0.0,,0.0,300110.945934,300110.945934,300110.945934,300110.945934,300110.945934,300110.945934,nan,300110.945934,nan,nan,0.0,37,64,,True,False,TTFT timeout: 300.0s exceeded (TTFT: 300.092s),0,56.69694568066818
179,2026-09-19T05:46:32.662+00:00,2026-09-19T05:51:32.667+00:00,2026-09-19T05:51:32.777+00:00,False,3,2.0,,2.0,300005.058515,300114.651347,300114.651393,100038.217131,0.06403,300005.058515,173176.3732021691,270015.5055483,54.796416,77.40332500864619,0.006664119832282199,37,64,,True,False,Request timeout: 300.0s exceeded,9,56.69694568066818
180,2026-09-19T05:46:33.041+00:00,2026-09-19T05:51:32.911+00:00,2026-09-19T05:51:33.140+00:00,False,4,3.0,,3.0,299869.260595,300098.357299,300098.357159,75024.58928975,0.026690000000000002,299869.260595,149896.4572603984,254906.25691435003,76.365568,66.12539121166598,0.009996722497920838,37,64,,True,False,Request timeout: 300.0s exceeded,11,56.69694568066818
181,2026-09-19T05:46:33.408+00:00,2026-09-19T05:51:33.466+00:00,2026-09-19T05:51:33.466+00:00,False,1,0.0,,0.0,300058.54495899996,300058.54495899996,300058.54495899996,300058.54495899996,300058.54495899996,300058.54495899996,nan,300058.54495899996,nan,nan,0.0,37,64,,True,False,"HTTPConnectionPool(host='gpu03', port=9002): Read timed out.",0,56.69694568066818
182,2026-09-19T05:46:33.870+00:00,2026-09-19T05:51:33.932+00:00,2026-09-19T05:51:33.932+00:00,False,1,0.0,,0.0,300061.970026,300061.970026,300061.970026,300061.970026,300061.970026,300061.970026,nan,300061.970026,nan,nan,0.0,37,64,,True,False,"HTTPConnectionPool(host='gpu03', port=9002): Read timed out.",0,56.69694568066818
183,2026-09-19T05:46:34.381+00:00,2026-09-19T05:51:34.277+00:00,2026-09-19T05:51:34.407+00:00,False,3,2.0,,2.0,299896.02416100004,300025.85276900005,300025.85258400004,100008.61752800002,0.05328,299896.02416100004,173107.5841919994,269919.3992592001,64.914304,91.7273850650408,0.0066660922101931894,37,64,,True,False,Request timeout: 300.0s exceeded,4,56.69694568066818
184,2026-09-19T05:46:34.662+00:00,2026-09-19T05:51:34.550+00:00,2026-09-19T05:51:34.747+00:00,False,4,3.0,,3.0,299888.19793300005,300084.91370900004,300084.91380200005,75021.22845050001,0.04133,299888.19793300005,149911.3203430381,254921.11764415007,65.57192533333334,57.51231905596148,0.009997170343955298,37,64,,True,False,Request timeout: 300.0s exceeded,10,56.69694568066818
185,2026-09-19T05:46:35.009+00:00,2026-09-19T05:51:35.077+00:00,2026-09-19T05:51:35.077+00:00,False,1,0.0,,0.0,300067.725938,300067.725938,300067.725938,300067.725938,300067.725938,300067.725938,nan,300067.725938,nan,nan,0.0,37,64,,True,False,"HTTPConnectionPool(host='gpu03', port=9002): Read timed out.",0,56.69694568066818
186,2026-09-19T05:46:35.468+00:00,2026-09-19T05:51:35.567+00:00,2026-09-19T05:51:35.567+00:00,False,1,0.0,,0.0,300099.42826899997,300099.42826899997,300099.42826899997,300099.42826899997,300099.42826899997,300099.42826899997,nan,300099.42826899997,nan,nan,0.0,37,64,,True,False,"HTTPConnectionPool(host='gpu03', port=9002): Read timed out.",0,56.69694568066818
187,2026-09-19T05:46:35.835+00:00,2026-09-19T05:51:35.890+00:00,2026-09-19T05:51:35.890+00:00,False,1,0.0,,0.0,300054.211522,300054.211522,300054.211522,300054.211522,300054.211522,300054.211522,nan,300054.211522,nan,nan,0.0,37,64,,True,False,TTFT timeout: 300.0s exceeded (TTFT: 300.048s),0,56.69694568066818
188,2026-09-19T05:46:36.143+00:00,2026-09-19T05:51:36.019+00:00,2026-09-19T05:51:36.254+00:00,False,4,3.0,,3.0,299876.027546,300111.500186,300111.500156,75027.875039,0.03557,299876.027546,149898.77908366345,254914.48501700003,78.49088,69.51462283368103,0.009996284707985836,37,64,,True,False,Request timeout: 300.0s exceeded,11,56.69694568066818
189,2026-09-19T05:46:36.551+00:00,2026-09-19T05:51:36.634+00:00,2026-09-19T05:51:36.634+00:00,False,1,0.0,,0.0,300083.41625,300083.41625,300083.41625,300083.41625,300083.41625,300083.41625,nan,300083.41625,nan,nan,0.0,37,64,,True,False,"HTTPConnectionPool(host='gpu03', port=9002): Read timed out.",0,56.69694568066818
190,2026-09-19T05:46:37.694+00:00,2026-09-19T05:51:37.185+00:00,2026-09-19T05:51:37.899+00:00,True,7,7.0,,7.0,299491.722276,300205.46563600004,300205.46582800004,42886.49511828572,108.36694100000001,299491.722276,113152.27013665649,209688.12542640005,118.95722666666667,14.493921155502324,0.023317363610186628,37,64,,True,True,,21,56.69694568066818
191,2026-09-19T05:46:37.770+00:00,2026-09-19T05:51:37.571+00:00,2026-09-19T05:51:37.997+00:00,False,6,5.0,,5.0,299800.93127999996,300226.92295999994,300226.92283199995,50037.82047199999,0.03792,299800.93127999996,122358.4430749402,224878.37518149999,85.198336,47.78608041579439,0.016654069364279378,37,64,,True,False,Request timeout: 300.0s exceeded,16,56.69694568066818
192,2026-09-19T05:46:37.958+00:00,2026-09-19T05:51:37.993+00:00,2026-09-19T05:51:38.094+00:00,False,3,2.0,,2.0,300035.599581,300136.496093,300136.4961,100045.4987,0.07812000000000001,300035.599581,173196.51519284493,270042.1214628,50.448256,71.23418603831978,0.0066636347996155785,37,64,,True,False,Request timeout: 300.0s exceeded,9,56.69694568066818
193,2026-09-19T05:46:38.337+00:00,2026-09-19T05:51:38.359+00:00,2026-09-19T05:51:38.359+00:00,False,1,0.0,,0.0,300021.669803,300021.669803,300021.669803,300021.669803,300021.669803,300021.669803,nan,300021.669803,nan,nan,0.0,37,64,,True,False,"HTTPConnectionPool(host='gpu03', port=9002): Read timed out.",0,56.69694568066818
194,2026-09-19T05:46:38.840+00:00,2026-09-19T05:51:39.174+00:00,2026-09-19T05:51:39.474+00:00,False,5,4.0,,4.0,300333.818981,300633.12701299996,300633.127085,60126.625416999996,0.04028,300333.818981,134279.920086293,240303.58676920002,74.827008,77.35997817065366,0.013305253615071608,37,64,,True,False,Request timeout: 300.0s exceeded,12,56.69694568066818
195,2026-09-19T05:46:39.133+00:00,2026-09-19T05:51:39.358+00:00,2026-09-19T05:51:39.576+00:00,False,6,5.0,,5.0,300225.58016500005,300443.38982900005,300443.38980600005,50073.89830100001,0.040310000000000006,300225.58016500005,122548.79796875722,225186.58618125002,43.561932799999994,25.935918800589487,0.016642070251057257,37,64,,True,False,Request timeout: 300.0s exceeded,23,56.69694568066818
196,2026-09-19T05:46:39.438+00:00,2026-09-19T05:51:39.473+00:00,2026-09-19T05:51:39.684+00:00,False,5,4.0,,4.0,300034.18719,300245.26533400005,300245.26538600004,60049.053077200006,0.041229999999999996,300034.18719,134155.77394475768,240049.17675580003,52.769536,44.672611813315655,0.013322441556406573,37,64,,True,False,Request timeout: 300.0s exceeded,21,56.69694568066818
197,2026-09-19T05:46:39.887+00:00,2026-09-19T05:51:39.990+00:00,2026-09-19T05:51:39.990+00:00,False,1,0.0,,0.0,300102.180847,300102.180847,300102.180847,300102.180847,300102.180847,300102.180847,nan,300102.180847,nan,nan,0.0,37,64,,True,False,"HTTPConnectionPool(host='gpu03', port=9002): Read timed out.",0,56.69694568066818
198,2026-09-19T05:46:40.262+00:00,2026-09-19T05:51:40.287+00:00,2026-09-19T05:51:40.287+00:00,False,1,0.0,,0.0,300025.427772,300025.427772,300025.427772,300025.427772,300025.427772,300025.427772,nan,300025.427772,nan,nan,0.0,37,64,,True,False,"HTTPConnectionPool(host='gpu03', port=9002): Read timed out.",0,56.69694568066818
199,2026-09-19T05:46:40.614+00:00,2026-09-19T05:51:40.717+00:00,2026-09-19T05:51:40.717+00:00,False,1,0.0,,0.0,300102.508222,300102.508222,300102.508222,300102.508222,300102.508222,300102.508222,nan,300102.508222,nan,nan,0.0,37,64,,True,False,"HTTPConnectionPool(host='gpu03', port=9002): Read timed out.",0,56.69694568066818
200,2026-09-19T05:46:40.943+00:00,2026-09-19T05:51:40.953+00:00,2026-09-19T05:51:40.953+00:00,False,1,0.0,,0.0,300009.54168300005,300009.54168300005,300009.54168300005,300009.54168300005,300009.54168300005,300009.54168300005,nan,300009.54168300005,nan,nan,0.0,37,64,,True,False,TTFT timeout: 300.0s exceeded (TTFT: 300.000s),0,56.69694568066818
201,2026-09-19T05:46:41.336+00:00,2026-09-19T05:51:41.080+00:00,2026-09-19T05:51:41.422+00:00,False,6,5.0,,5.0,299744.039162,300086.088698,300086.088718,50014.34811966667,0.04498,299744.039162,122342.0695254718,224833.47812825002,68.4099072,43.51201191721021,0.016661885333284773,37,64,,True,False,Request timeout: 300.0s exceeded,8,56.69694568066818
202,2026-09-19T05:46:41.829+00:00,2026-09-19T05:51:41.902+00:00,2026-09-19T05:51:41.902+00:00,False,1,0.0,,0.0,300073.4855,300073.4855,300073.4855,300073.4855,300073.4855,300073.4855,nan,300073.4855,nan,nan,0.0,37,64,,True,False,"HTTPConnectionPool(host='gpu03', port=9002): Read timed out.",0,56.69694568066818
203,2026-09-19T05:46:42.134+00:00,2026-09-19T05:51:42.192+00:00,2026-09-19T05:51:42.192+00:00,False,1,0.0,,0.0,300057.866652,300057.866652,300057.866652,300057.866652,300057.866652,300057.866652,nan,300057.866652,nan,nan,0.0,37,64,,True,False,"HTTPConnectionPool(host='gpu03', port=9002): Read timed out.",0,56.69694568066818
204,2026-09-19T05:46:42.506+00:00,2026-09-19T05:51:42.536+00:00,2026-09-19T05:51:42.536+00:00,False,1,0.0,,0.0,300030.461824,300030.461824,300030.461824,300030.461824,300030.461824,300030.461824,nan,300030.461824,nan,nan,0.0,37,64,,True,False,TTFT timeout: 300.0s exceeded (TTFT: 300.024s),0,56.69694568066818
205,2026-09-19T05:46:42.881+00:00,2026-09-19T05:51:42.817+00:00,2026-09-19T05:51:42.925+00:00,False,3,2.0,,2.0,299936.286829,300043.611501,300043.611493,100014.53716433333,0.05725,299936.286829,173137.32227697485,269953.38488749997,53.662336,75.80890669730125,0.006665697663065672,37,64,,True,False,Request timeout: 300.0s exceeded,4,56.69694568066818
206,2026-09-19T05:46:43.183+00:00,2026-09-19T05:51:42.922+00:00,2026-09-19T05:51:43.238+00:00,False,5,4.0,,4.0,299738.91176700004,300054.54952700005,300054.54971200007,60010.90994240001,0.08434900000000001,299738.91176700004,134012.0348800665,239813.78222160003,78.90944,52.90645115028793,0.013330909350668135,37,64,,True,False,Request timeout: 300.0s exceeded,13,56.69694568066818
207,2026-09-19T05:46:43.543+00:00,2026-09-19T05:51:43.643+00:00,2026-09-19T05:51:43.643+00:00,False,1,0.0,,0.0,300099.60406800004,300099.60406800004,300099.60406800004,300099.60406800004,300099.60406800004,300099.60406800004,nan,300099.60406800004,nan,nan,0.0,37,64,,True,False,"HTTPConnectionPool(host='gpu03', port=9002): Read timed out.",0,56.69694568066818
208,2026-09-19T05:46:44.055+00:00,2026-09-19T05:51:44.159+00:00,2026-09-19T05:51:44.159+00:00,False,1,0.0,,0.0,300103.723424,300103.723424,300103.723424,300103.723424,300103.723424,300103.723424,nan,300103.723424,nan,nan,0.0,37,64,,True,False,"HTTPConnectionPool(host='gpu03', port=9002): Read timed out.",0,56.69694568066818
209,2026-09-19T05:46:44.437+00:00,2026-09-19T05:51:44.350+00:00,2026-09-19T05:51:44.482+00:00,False,3,2.0,,2.0,299913.403332,300045.026244,300045.02627900004,100015.00875966667,0.037590000000000005,299913.403332,173117.1003703879,269935.2215345,65.811456,93.01859598861294,0.006665666233619142,37,64,,True,False,Request timeout: 300.0s exceeded,4,56.69694568066818
210,2026-09-19T05:46:44.821+00:00,2026-09-19T05:51:44.627+00:00,2026-09-19T05:51:44.841+00:00,False,4,3.0,,3.0,299806.707736,300019.98876000004,300019.988986,75004.9972465,0.03817,299806.707736,149867.81549779014,254852.60859175,71.09367466666667,61.836688653059205,0.009999333752391544,37,64,,True,False,Request timeout: 300.0s exceeded,8,56.69694568066818
211,2026-09-19T05:46:45.223+00:00,2026-09-19T05:51:45.260+00:00,2026-09-19T05:51:45.260+00:00,False,1,0.0,,0.0,300036.90110799996,300036.90110799996,300036.90110799996,300036.90110799996,300036.90110799996,300036.90110799996,nan,300036.90110799996,nan,nan,0.0,37,64,,True,False,"HTTPConnectionPool(host='gpu03', port=9002): Read timed out.",0,56.69694568066818
212,2026-09-19T05:46:45.513+00:00,2026-09-19T05:51:45.549+00:00,2026-09-19T05:51:45.549+00:00,False,1,0.0,,0.0,300035.432116,300035.432116,300035.432116,300035.432116,300035.432116,300035.432116,nan,300035.432116,nan,nan,0.0,37,64,,True,False,"HTTPConnectionPool(host='gpu03', port=9002): Read timed out.",0,56.69694568066818
213,2026-09-19T05:46:45.948+00:00,2026-09-19T05:51:46.012+00:00,2026-09-19T05:51:46.012+00:00,False,1,0.0,,0.0,300063.99521200004,300063.99521200004,300063.99521200004,300063.99521200004,300063.99521200004,300063.99521200004,nan,300063.99521200004,nan,nan,0.0,37,64,,True,False,TTFT timeout: 300.0s exceeded (TTFT: 300.057s),0,56.69694568066818
214,2026-09-19T05:46:46.418+00:00,2026-09-19T05:51:46.171+00:00,2026-09-19T05:51:46.487+00:00,False,5,4.0,,4.0,299752.57877100003,300068.49992300005,300068.50003700005,60013.7000074,0.05514,299752.57877100003,134018.11535690827,239824.79114880002,78.980288,53.18756176610177,0.013330289587299005,37,64,,True,False,Request timeout: 300.0s exceeded,22,56.69694568066818
215,2026-09-19T05:46:46.843+00:00,2026-09-19T05:51:46.885+00:00,2026-09-19T05:51:46.885+00:00,False,1,0.0,,0.0,300042.615077,300042.615077,300042.615077,300042.615077,300042.615077,300042.615077,nan,300042.615077,nan,nan,0.0,37,64,,True,False,"HTTPConnectionPool(host='gpu03', port=9002): Read timed out.",0,56.69694568066818
216,2026-09-19T05:46:47.149+00:00,2026-09-19T05:51:47.256+00:00,2026-09-19T05:51:47.256+00:00,False,1,0.0,,0.0,300107.02179400006,300107.02179400006,300107.02179400006,300107.02179400006,300107.02179400006,300107.02179400006,nan,300107.02179400006,nan,nan,0.0,37,64,,True,False,"HTTPConnectionPool(host='gpu03', port=9002): Read timed out.",0,56.69694568066818
217,2026-09-19T05:46:47.659+00:00,2026-09-19T05:51:47.678+00:00,2026-09-19T05:51:47.825+00:00,False,3,2.0,,2.0,300018.210074,300165.81737,300165.817526,100055.27250866666,0.03822,300018.210074,173172.99945767506,270031.14598980005,73.803648,104.32017619208679,0.006662983871793422,37,64,,True,False,Request timeout: 300.0s exceeded,4,56.69694568066818
218,2026-09-19T05:46:48.038+00:00,2026-09-19T05:51:47.826+00:00,2026-09-19T05:51:48.067+00:00,False,4,3.0,,3.0,299788.13277200004,300029.37846800004,300029.37836800003,75007.34459200001,0.04589,299788.13277200004,149853.8701346197,254840.40838010007,80.415232,71.42560058628078,0.009999020813623317,37,64,,True,False,Request timeout: 300.0s exceeded,6,56.69694568066818
219,2026-09-19T05:46:48.528+00:00,2026-09-19T05:51:48.605+00:00,2026-09-19T05:51:48.605+00:00,False,1,0.0,,0.0,300076.913524,300076.913524,300076.913524,300076.913524,300076.913524,300076.913524,nan,300076.913524,nan,nan,0.0,37,64,,True,False,"HTTPConnectionPool(host='gpu03', port=9002): Read timed out.",0,56.69694568066818
220,2026-09-19T05:46:48.919+00:00,2026-09-19T05:51:48.974+00:00,2026-09-19T05:51:48.974+00:00,False,1,0.0,,0.0,300054.661965,300054.661965,300054.661965,300054.661965,300054.661965,300054.661965,nan,300054.661965,nan,nan,0.0,37,64,,True,False,"HTTPConnectionPool(host='gpu03', port=9002): Read timed out.",0,56.69694568066818
221,2026-09-19T05:46:49.201+00:00,2026-09-19T05:51:49.243+00:00,2026-09-19T05:51:49.243+00:00,False,1,0.0,,0.0,300041.75386299996,300041.75386299996,300041.75386299996,300041.75386299996,300041.75386299996,300041.75386299996,nan,300041.75386299996,nan,nan,0.0,37,64,,True,False,TTFT timeout: 300.0s exceeded (TTFT: 300.034s),0,56.69694568066818
222,2026-09-19T05:46:49.607+00:00,2026-09-19T05:51:49.526+00:00,2026-09-19T05:51:49.655+00:00,False,3,2.0,,2.0,299919.23586799996,300048.043036,300048.04318199994,100016.01439399998,0.023629999999999998,299919.23586799996,173121.28006559503,269940.19064959994,64.403584,91.04711440041386,0.006665599214589907,37,64,,True,False,Request timeout: 300.0s exceeded,5,56.69694568066818
223,2026-09-19T05:46:49.945+00:00,2026-09-19T05:51:49.750+00:00,2026-09-19T05:51:49.962+00:00,False,5,4.0,,4.0,299805.518189,300017.26961300004,300017.26939900004,60003.45387980001,0.041280000000000004,299805.518189,134053.43532284375,239867.16327540003,52.937856,46.650148894393666,0.013332565839158867,37,64,,True,False,Request timeout: 300.0s exceeded,22,56.69694568066818
224,2026-09-19T05:46:50.380+00:00,2026-09-19T05:51:50.603+00:00,2026-09-19T05:51:51.365+00:00,False,8,7.0,,7.0,300222.533816,300984.916408,300984.916393,37623.114549125,0.03736,300222.533816,106106.19922540413,195197.47873804998,108.91179885714286,51.22184945283012,0.023256979397968076,37,64,,True,False,Request timeout: 300.0s exceeded,17,56.69694568066818
225,2026-09-19T05:46:50.849+00:00,2026-09-19T05:51:50.999+00:00,2026-09-19T05:51:51.257+00:00,True,3,3.0,,3.0,300149.42305299995,300407.33050899993,300407.33050899993,100135.77683633332,106.1791,300149.42305299995,173216.90022439524,270149.65358329995,128.953728,32.20822739358178,0.009986440726718959,37,64,,True,True,,10,56.69694568066818
226,2026-09-19T05:46:51.306+00:00,2026-09-19T05:51:51.368+00:00,2026-09-19T05:51:51.566+00:00,False,4,3.0,,3.0,300061.794027,300259.627243,300259.627051,75064.90676275,0.02367,300061.794027,149997.93213365757,255068.0589612,65.94440533333334,57.27842030909852,0.009991353241680078,37,64,,True,False,Request timeout: 300.0s exceeded,6,56.69694568066818
227,2026-09-19T05:46:51.634+00:00,2026-09-19T05:51:51.655+00:00,2026-09-19T05:51:51.655+00:00,False,1,0.0,,0.0,300021.029551,300021.029551,300021.029551,300021.029551,300021.029551,300021.029551,nan,300021.029551,nan,nan,0.0,37,64,,True,False,"HTTPConnectionPool(host='gpu03', port=9002): Read timed out.",0,56.69694568066818
228,2026-09-19T05:46:51.963+00:00,2026-09-19T05:51:51.986+00:00,2026-09-19T05:51:51.986+00:00,False,1,0.0,,0.0,300023.08318,300023.08318,300023.08318,300023.08318,300023.08318,300023.08318,nan,300023.08318,nan,nan,0.0,37,64,,True,False,"HTTPConnectionPool(host='gpu03', port=9002): Read timed out.",0,56.69694568066818
229,2026-09-19T05:46:52.326+00:00,2026-09-19T05:51:52.409+00:00,2026-09-19T05:51:52.409+00:00,False,1,0.0,,0.0,300083.364673,300083.364673,300083.364673,300083.364673,300083.364673,300083.364673,nan,300083.364673,nan,nan,0.0,37,64,,True,False,"HTTPConnectionPool(host='gpu03', port=9002): Read timed out.",0,56.69694568066818
230,2026-09-19T05:46:52.611+00:00,2026-09-19T05:51:52.702+00:00,2026-09-19T05:51:52.702+00:00,False,1,0.0,,0.0,300090.747232,300090.747232,300090.747232,300090.747232,300090.747232,300090.747232,nan,300090.747232,nan,nan,0.0,37,64,,True,False,"HTTPConnectionPool(host='gpu03', port=9002): Read timed out.",0,56.69694568066818
231,2026-09-19T05:46:53.004+00:00,2026-09-19T05:51:52.993+00:00,2026-09-19T05:51:53.070+00:00,True,2,2.0,,2.0,299988.535579,300066.031899,300066.031939,150033.0159695,77.49636,299988.535579,212069.12958445953,284992.98361805006,77.49632,nan,0.0066651996140409024,37,64,,True,True,,8,56.69694568066818
232,2026-09-19T05:46:53.486+00:00,2026-09-19T05:51:53.070+00:00,2026-09-19T05:51:53.577+00:00,False,7,6.0,,6.0,299584.02592000004,300090.330688,300090.3305960001,42870.047228,0.02631,299584.02592000004,113200.23060526772,209740.39610230003,84.384128,41.447115779860006,0.019993979766839344,37,64,,True,False,Request timeout: 300.0s exceeded,30,56.69694568066818
233,2026-09-19T05:46:53.888+00:00,2026-09-19T05:51:53.998+00:00,2026-09-19T05:51:53.998+00:00,False,1,0.0,,0.0,300110.170653,300110.170653,300110.170653,300110.170653,300110.170653,300110.170653,nan,300110.170653,nan,nan,0.0,37,64,,True,False,"HTTPConnectionPool(host='gpu03', port=9002): Read timed out.",0,56.69694568066818
234,2026-09-19T05:46:54.368+00:00,2026-09-19T05:51:54.475+00:00,2026-09-19T05:51:54.475+00:00,False,1,0.0,,0.0,300107.109087,300107.109087,300107.109087,300107.109087,300107.109087,300107.109087,nan,300107.109087,nan,nan,0.0,37,64,,True,False,"HTTPConnectionPool(host='gpu03', port=9002): Read timed out.",0,56.69694568066818
235,2026-09-19T05:46:54.724+00:00,2026-09-19T05:51:54.645+00:00,2026-09-19T05:51:54.780+00:00,False,3,2.0,,2.0,299921.744443,300056.522299,300056.522432,100018.84081066666,0.05279,299921.744443,173121.00593123556,269943.0425186,67.388928,95.2277559649587,0.00666541085218285,37,64,,True,False,Request timeout: 300.0s exceeded,14,56.69694568066818
236,2026-09-19T05:46:55.687+00:00,2026-09-19T05:51:55.119+00:00,2026-09-19T05:51:55.923+00:00,False,10,9.0,,9.0,299431.111751,300235.90586299996,300235.905774,30023.5905774,0.06562,299431.111751,94660.16146750844,164742.38011564998,89.421568,39.972927593760254,0.029976427949649605,37,64,,True,False,Request timeout: 300.0s exceeded,37,56.69694568066818
237,2026-09-19T05:46:55.733+00:00,2026-09-19T05:51:55.600+00:00,2026-09-19T05:51:55.925+00:00,False,5,4.0,,4.0,299867.448286,300192.423902,300192.423957,60038.4847914,0.04001,299867.448286,134068.47471423578,239917.87855599998,81.243904,54.7272044691724,0.013324786641870178,37,64,,True,False,Request timeout: 300.0s exceeded,21,56.69694568066818
238,2026-09-19T05:46:56.033+00:00,2026-09-19T05:51:56.105+00:00,2026-09-19T05:51:56.105+00:00,False,1,0.0,,0.0,300071.37126,300071.37126,300071.37126,300071.37126,300071.37126,300071.37126,nan,300071.37126,nan,nan,0.0,37,64,,True,False,"HTTPConnectionPool(host='gpu03', port=9002): Read timed out.",0,56.69694568066818
239,2026-09-19T05:46:56.528+00:00,2026-09-19T05:51:56.546+00:00,2026-09-19T05:51:56.546+00:00,False,1,0.0,,0.0,300017.674687,300017.674687,300017.674687,300017.674687,300017.674687,300017.674687,nan,300017.674687,nan,nan,0.0,37,64,,True,False,"HTTPConnectionPool(host='gpu03', port=9002): Read timed out.",0,56.69694568066818
240,2026-09-19T05:46:56.958+00:00,2026-09-19T05:51:57.064+00:00,2026-09-19T05:51:57.064+00:00,False,1,0.0,,0.0,300106.160592,300106.160592,300106.160592,300106.160592,300106.160592,300106.160592,nan,300106.160592,nan,nan,0.0,37,64,,True,False,"HTTPConnectionPool(host='gpu03', port=9002): Read timed out.",0,56.69694568066818
241,2026-09-19T05:46:57.279+00:00,2026-09-19T05:51:57.291+00:00,2026-09-19T05:51:57.291+00:00,False,1,0.0,,0.0,300011.919157,300011.919157,300011.919157,300011.919157,300011.919157,300011.919157,nan,300011.919157,nan,nan,0.0,37,64,,True,False,TTFT timeout: 300.0s exceeded (TTFT: 300.006s),0,56.69694568066818
242,2026-09-19T05:46:57.739+00:00,2026-09-19T05:51:57.411+00:00,2026-09-19T05:51:57.813+00:00,False,6,5.0,,5.0,299672.55702999997,300073.993446,300073.993394,50012.33223233333,0.03144,299672.55702999997,122308.03858577953,224780.57144074998,80.2872832,44.99519127582648,0.01666255693331111,37,64,,True,False,Request timeout: 300.0s exceeded,15,56.69694568066818
243,2026-09-19T05:46:58.081+00:00,2026-09-19T05:51:57.710+00:00,2026-09-19T05:51:58.116+00:00,False,6,5.0,,5.0,299629.273499,300034.768539,300034.768552,50005.79475866667,0.019960000000000002,299629.273499,122290.03686731047,224747.55233625002,81.099008,45.329152662167424,0.016664735305002076,37,64,,True,False,Request timeout: 300.0s exceeded,14,56.69694568066818
244,2026-09-19T05:46:58.533+00:00,2026-09-19T05:51:58.638+00:00,2026-09-19T05:51:58.638+00:00,False,1,0.0,,0.0,300105.394487,300105.394487,300105.394487,300105.394487,300105.394487,300105.394487,nan,300105.394487,nan,nan,0.0,37,64,,True,False,"HTTPConnectionPool(host='gpu03', port=9002): Read timed out.",0,56.69694568066818
245,2026-09-19T05:46:59.005+00:00,2026-09-19T05:51:59.037+00:00,2026-09-19T05:51:59.037+00:00,False,1,0.0,,0.0,300032.200054,300032.200054,300032.200054,300032.200054,300032.200054,300032.200054,nan,300032.200054,nan,nan,0.0,37,64,,True,False,"HTTPConnectionPool(host='gpu03', port=9002): Read timed out.",0,56.69694568066818
246,2026-09-19T05:46:59.332+00:00,2026-09-19T05:51:59.198+00:00,2026-09-19T05:51:59.425+00:00,False,4,3.0,,3.0,299866.07280699996,300092.77847099997,300092.77826899994,75023.19456724999,0.02476,299866.07280699996,149895.26167791118,254903.17132959995,75.56855466666667,65.42280672889653,0.009996908340431493,37,64,,True,False,Request timeout: 300.0s exceeded,22,56.69694568066818
247,2026-09-19T05:46:59.820+00:00,2026-09-19T05:51:59.821+00:00,2026-09-19T05:51:59.869+00:00,False,3,2.0,,2.0,300001.29706099996,300049.49699699995,300049.49694199994,100016.49898066666,0.07141,300001.29706099996,173191.9171751212,270005.980202,24.099968,33.98149280887866,0.006665566914848042,37,64,,True,False,Request timeout: 300.0s exceeded,7,56.69694568066818
248,2026-09-19T05:47:00.158+00:00,2026-09-19T05:52:00.221+00:00,2026-09-19T05:52:00.221+00:00,False,1,0.0,,0.0,300063.42936,300063.42936,300063.42936,300063.42936,300063.42936,300063.42936,nan,300063.42936,nan,nan,0.0,37,64,,True,False,"HTTPConnectionPool(host='gpu03', port=9002): Read timed out.",0,56.69694568066818
249,2026-09-19T05:47:00.584+00:00,2026-09-19T05:52:00.555+00:00,2026-09-19T05:52:00.663+00:00,False,3,2.0,,2.0,299971.800408,300078.986584,300078.98663400003,100026.328878,0.04145,299971.800408,173157.86599746527,269985.3348448,53.593088,75.73342163419603,0.006664911871262093,37,64,,True,False,Request timeout: 300.0s exceeded,4,56.69694568066818
250,2026-09-19T05:47:01.011+00:00,2026-09-19T05:52:00.911+00:00,2026-09-19T05:52:01.017+00:00,False,3,2.0,,2.0,299899.624458,300005.738506,300005.738447,100001.91281566667,0.03394,299899.624458,173116.50456073042,269920.27001710003,53.057024,74.98617381525509,0.0066665391467503575,37,64,,True,False,Request timeout: 300.0s exceeded,4,56.69694568066818
251,2026-09-19T05:47:01.313+00:00,2026-09-19T05:52:01.423+00:00,2026-09-19T05:52:01.423+00:00,False,1,0.0,,0.0,300110.02874800004,300110.02874800004,300110.02874800004,300110.02874800004,300110.02874800004,300110.02874800004,nan,300110.02874800004,nan,nan,0.0,37,64,,True,False,"HTTPConnectionPool(host='gpu03', port=9002): Read timed out.",0,56.69694568066818
252,2026-09-19T05:47:01.670+00:00,2026-09-19T05:52:01.779+00:00,2026-09-19T05:52:01.779+00:00,False,1,0.0,,0.0,300108.668251,300108.668251,300108.668251,300108.668251,300108.668251,300108.668251,nan,300108.668251,nan,nan,0.0,37,64,,True,False,"HTTPConnectionPool(host='gpu03', port=9002): Read timed out.",0,56.69694568066818
253,2026-09-19T05:47:01.953+00:00,2026-09-19T05:52:02.037+00:00,2026-09-19T05:52:02.037+00:00,False,1,0.0,,0.0,300084.49323900003,300084.49323900003,300084.49323900003,300084.49323900003,300084.49323900003,300084.49323900003,nan,300084.49323900003,nan,nan,0.0,37,64,,True,False,"HTTPConnectionPool(host='gpu03', port=9002): Read timed out.",0,56.69694568066818
254,2026-09-19T05:47:02.467+00:00,2026-09-19T05:52:02.333+00:00,2026-09-19T05:52:02.602+00:00,False,4,3.0,,3.0,299866.192929,300134.73769700003,300134.737779,75033.68444475,0.023039999999999998,299866.192929,149888.3524826731,254907.5728053,89.51492266666668,77.89354822242257,0.009995510759666345,37,64,,True,False,Request timeout: 300.0s exceeded,13,56.69694568066818
255,2026-09-19T05:47:02.840+00:00,2026-09-19T05:52:02.463+00:00,2026-09-19T05:52:02.888+00:00,False,8,7.0,,7.0,299623.641323,300048.00279500004,300048.002751,37506.000343875,0.027649999999999997,299623.641323,105911.52799449171,194803.84987495,60.623067428571424,42.1574508348948,0.023329600379918432,37,64,,True,False,Request timeout: 300.0s exceeded,32,56.69694568066818
256,2026-09-19T05:47:03.313+00:00,2026-09-19T05:52:03.353+00:00,2026-09-19T05:52:03.353+00:00,False,1,0.0,,0.0,300040.162208,300040.162208,300040.162208,300040.162208,300040.162208,300040.162208,nan,300040.162208,nan,nan,0.0,37,64,,True,False,"HTTPConnectionPool(host='gpu03', port=9002): Read timed out.",0,56.69694568066818
257,2026-09-19T05:47:03.624+00:00,2026-09-19T05:52:03.738+00:00,2026-09-19T05:52:03.738+00:00,False,1,0.0,,0.0,300113.87476200005,300113.87476200005,300113.87476200005,300113.87476200005,300113.87476200005,300113.87476200005,nan,300113.87476200005,nan,nan,0.0,37,64,,True,False,"HTTPConnectionPool(host='gpu03', port=9002): Read timed out.",0,56.69694568066818
258,2026-09-19T05:47:04.107+00:00,2026-09-19T05:52:04.080+00:00,2026-09-19T05:52:05.052+00:00,False,11,10.0,,10.0,299972.636805,300944.140933,300944.140978,27358.558270727273,0.03546,299972.636805,90415.86736344403,150051.266693,97.1504128,35.4560859439735,0.03322875789838462,37,64,,True,False,Request timeout: 300.0s exceeded,68,56.69694568066818
259,2026-09-19T05:47:04.569+00:00,2026-09-19T05:52:04.430+00:00,2026-09-19T05:52:05.151+00:00,False,9,8.0,,8.0,299861.10534899996,300581.71155699994,300581.71135699993,33397.967928555554,0.022719,299861.10534899996,99923.6824203953,179961.16737579997,90.075776,36.67067659819415,0.026615059041883667,37,64,,True,False,Request timeout: 300.0s exceeded,43,56.69694568066818
260,2026-09-19T05:47:04.888+00:00,2026-09-19T05:52:05.152+00:00,2026-09-19T05:52:05.253+00:00,False,3,2.0,,2.0,300263.64350400004,300364.70104,300364.700856,100121.56695200001,0.07784999999999999,300263.64350400004,173328.13000259313,270247.3771038,50.528768,71.34804720065355,0.006658572039507589,37,64,,True,False,Request timeout: 300.0s exceeded,4,56.69694568066818
261,2026-09-19T05:47:05.310+00:00,2026-09-19T05:52:05.321+00:00,2026-09-19T05:52:05.321+00:00,False,1,0.0,,0.0,300011.388776,300011.388776,300011.388776,300011.388776,300011.388776,300011.388776,nan,300011.388776,nan,nan,0.0,37,64,,True,False,"HTTPConnectionPool(host='gpu03', port=9002): Read timed out.",0,56.69694568066818
262,2026-09-19T05:47:05.784+00:00,2026-09-19T05:52:05.812+00:00,2026-09-19T05:52:05.812+00:00,False,1,0.0,,0.0,300027.277545,300027.277545,300027.277545,300027.277545,300027.277545,300027.277545,nan,300027.277545,nan,nan,0.0,37,64,,True,False,"HTTPConnectionPool(host='gpu03', port=9002): Read timed out.",0,56.69694568066818
263,2026-09-19T05:47:06.139+00:00,2026-09-19T05:52:06.254+00:00,2026-09-19T05:52:06.254+00:00,False,1,0.0,,0.0,300115.393408,300115.393408,300115.393408,300115.393408,300115.393408,300115.393408,nan,300115.393408,nan,nan,0.0,37,64,,True,False,"HTTPConnectionPool(host='gpu03', port=9002): Read timed out.",0,56.69694568066818
264,2026-09-19T05:47:06.564+00:00,2026-09-19T05:52:06.543+00:00,2026-09-19T05:52:06.650+00:00,False,3,2.0,,2.0,299979.002656,300085.39011200005,300085.38993400004,100028.46331133334,0.038149999999999996,299979.002656,173162.25473143198,269991.7373032,53.193728,75.1733478086623,0.006664769648577512,37,64,,True,False,Request timeout: 300.0s exceeded,11,56.69694568066818
265,2026-09-19T05:47:07.045+00:00,2026-09-19T05:52:06.649+00:00,2026-09-19T05:52:07.149+00:00,False,9,8.0,,8.0,299604.11535399995,300104.2507779999,300104.25088599994,33344.916765111106,0.08086,299604.11535399995,99847.20482439872,179803.9332508,62.516928,34.95423488839654,0.026657403149940535,37,64,,True,False,Request timeout: 300.0s exceeded,34,56.69694568066818
266,2026-09-19T05:47:07.360+00:00,2026-09-19T05:52:07.385+00:00,2026-09-19T05:52:07.385+00:00,False,1,0.0,,0.0,300025.139694,300025.139694,300025.139694,300025.139694,300025.139694,300025.139694,nan,300025.139694,nan,nan,0.0,37,64,,True,False,"HTTPConnectionPool(host='gpu03', port=9002): Read timed out.",0,56.69694568066818
267,2026-09-19T05:47:07.862+00:00,2026-09-19T05:52:07.963+00:00,2026-09-19T05:52:07.963+00:00,False,1,0.0,,0.0,300101.257811,300101.257811,300101.257811,300101.257811,300101.257811,300101.257811,nan,300101.257811,nan,nan,0.0,37,64,,True,False,"HTTPConnectionPool(host='gpu03', port=9002): Read timed out.",0,56.69694568066818
268,2026-09-19T05:47:08.367+00:00,2026-09-19T05:52:08.271+00:00,2026-09-19T05:52:08.386+00:00,False,3,2.0,,2.0,299903.554051,300018.494979,300018.495198,100006.165066,0.041530000000000004,299903.554051,173116.22653685682,269924.6886076,57.470464,81.21685935981597,0.006666255692469863,37,64,,True,False,Request timeout: 300.0s exceeded,10,56.69694568066818
269,2026-09-19T05:47:08.846+00:00,2026-09-19T05:52:08.955+00:00,2026-09-19T05:52:08.955+00:00,False,1,0.0,,0.0,300108.855383,300108.855383,300108.855383,300108.855383,300108.855383,300108.855383,nan,300108.855383,nan,nan,0.0,37,64,,True,False,"HTTPConnectionPool(host='gpu03', port=9002): Read timed out.",0,56.69694568066818
270,2026-09-19T05:47:09.300+00:00,2026-09-19T05:52:09.406+00:00,2026-09-19T05:52:09.406+00:00,False,1,0.0,,0.0,300106.652047,300106.652047,300106.652047,300106.652047,300106.652047,300106.652047,nan,300106.652047,nan,nan,0.0,37,64,,True,False,"HTTPConnectionPool(host='gpu03', port=9002): Read timed out.",0,56.69694568066818
271,2026-09-19T05:47:09.605+00:00,2026-09-19T05:52:09.599+00:00,2026-09-19T05:52:09.599+00:00,True,1,1.0,,1.0,299993.31731199997,299993.31731199997,299993.31731199997,299993.31731199997,299993.31731199997,299993.31731199997,nan,299993.31731199997,nan,nan,0.003333407587076271,37,64,,True,True,,2,56.69694568066818
272,2026-09-19T05:47:09.985+00:00,2026-09-19T05:52:09.864+00:00,2026-09-19T05:52:10.102+00:00,False,4,3.0,,3.0,299879.17763,300116.823454,300116.823596,75029.205899,0.03572,299879.17763,149899.9918135357,254916.5568686,79.21527466666667,69.2358428700147,0.009996107400689656,37,64,,True,False,Request timeout: 300.0s exceeded,11,56.69694568066818
273,2026-09-19T05:47:10.398+00:00,2026-09-19T05:52:10.205+00:00,2026-09-19T05:52:10.405+00:00,False,4,3.0,,3.0,299807.03343199997,300006.99093599996,300006.991,75001.74775,0.02118,299807.03343199997,149870.19786063585,254850.97603729996,66.65250133333333,57.704360290866525,0.009999766974230228,37,64,,True,False,Request timeout: 300.0s exceeded,4,56.69694568066818
274,2026-09-19T05:47:10.903+00:00,2026-09-19T05:52:11.015+00:00,2026-09-19T05:52:11.015+00:00,False,1,0.0,,0.0,300112.17090499995,300112.17090499995,300112.17090499995,300112.17090499995,300112.17090499995,300112.17090499995,nan,300112.17090499995,nan,nan,0.0,37,64,,True,False,"HTTPConnectionPool(host='gpu03', port=9002): Read timed out.",0,56.69694568066818
275,2026-09-19T05:47:11.400+00:00,2026-09-19T05:52:11.359+00:00,2026-09-19T05:52:11.506+00:00,False,3,2.0,,2.0,299959.345775,300106.659439,300106.65927299997,100035.553091,0.05219,299959.345775,173139.09893059212,269978.1373283,73.656832,104.0926348867552,0.00666429729929576,37,64,,True,False,Request timeout: 300.0s exceeded,10,56.69694568066818
276,2026-09-19T05:47:11.756+00:00,2026-09-19T05:52:11.633+00:00,2026-09-19T05:52:11.833+00:00,False,4,3.0,,3.0,299877.275958,300077.703734,300077.703645,75019.42591125,0.038149999999999996,299877.275958,149905.24080164975,254910.84963944997,66.80925866666666,57.832574372768896,0.009997410546234091,37,64,,True,False,Request timeout: 300.0s exceeded,6,56.69694568066818
277,2026-09-19T05:47:12.244+00:00,2026-09-19T05:52:12.325+00:00,2026-09-19T05:52:12.325+00:00,False,1,0.0,,0.0,300081.090022,300081.090022,300081.090022,300081.090022,300081.090022,300081.090022,nan,300081.090022,nan,nan,0.0,37,64,,True,False,"HTTPConnectionPool(host='gpu03', port=9002): Read timed out.",0,56.69694568066818
278,2026-09-19T05:47:12.699+00:00,2026-09-19T05:52:12.750+00:00,2026-09-19T05:52:12.750+00:00,False,1,0.0,,0.0,300051.60727499996,300051.60727499996,300051.60727499996,300051.60727499996,300051.60727499996,300051.60727499996,nan,300051.60727499996,nan,nan,0.0,37,64,,True,False,"HTTPConnectionPool(host='gpu03', port=9002): Read timed out.",0,56.69694568066818
279,2026-09-19T05:47:13.159+00:00,2026-09-19T05:52:13.095+00:00,2026-09-19T05:52:13.220+00:00,False,3,2.0,,2.0,299936.069907,300060.74933099997,300060.749271,100020.249757,0.02366,299936.069907,173132.19008310372,269954.9284867,62.339712,88.12835862701178,0.006665316954846968,37,64,,True,False,Request timeout: 300.0s exceeded,3,56.69694568066818
280,2026-09-19T05:47:13.657+00:00,2026-09-19T05:52:13.355+00:00,2026-09-19T05:52:13.715+00:00,False,6,5.0,,5.0,299697.783877,300057.660229,300057.66018299997,50009.6100305,0.061090000000000005,299697.783877,122321.73106759762,224801.48713124997,71.9752704,46.006241526556856,0.016663463936178357,37,64,,True,False,Request timeout: 300.0s exceeded,15,56.69694568066818
281,2026-09-19T05:47:13.973+00:00,2026-09-19T05:52:14.070+00:00,2026-09-19T05:52:14.070+00:00,False,1,0.0,,0.0,300097.542319,300097.542319,300097.542319,300097.542319,300097.542319,300097.542319,nan,300097.542319,nan,nan,0.0,37,64,,True,False,"HTTPConnectionPool(host='gpu03', port=9002): Read timed out.",0,56.69694568066818
282,2026-09-19T05:47:14.435+00:00,2026-09-19T05:52:14.490+00:00,2026-09-19T05:52:14.490+00:00,False,1,0.0,,0.0,300054.98096200003,300054.98096200003,300054.98096200003,300054.98096200003,300054.98096200003,300054.98096200003,nan,300054.98096200003,nan,nan,0.0,37,64,,True,False,"HTTPConnectionPool(host='gpu03', port=9002): Read timed out.",0,56.69694568066818
283,2026-09-19T05:47:14.740+00:00,2026-09-19T05:52:14.783+00:00,2026-09-19T05:52:14.783+00:00,False,1,0.0,,0.0,300043.026479,300043.026479,300043.026479,300043.026479,300043.026479,300043.026479,nan,300043.026479,nan,nan,0.0,37,64,,True,False,TTFT timeout: 300.0s exceeded (TTFT: 300.032s),0,56.69694568066818
284,2026-09-19T05:47:15.083+00:00,2026-09-19T05:52:14.915+00:00,2026-09-19T05:52:15.136+00:00,False,4,3.0,,3.0,299832.009279,300052.888639,300052.888866,75013.2222165,0.040669,299832.009279,149879.20046039126,254874.50525969997,73.62645333333333,63.91518571868634,0.009998237356112787,37,64,,True,False,Request timeout: 300.0s exceeded,17,56.69694568066818
285,2026-09-19T05:47:15.420+00:00,2026-09-19T05:52:15.254+00:00,2026-09-19T05:52:15.448+00:00,False,4,3.0,,3.0,299834.170886,300028.337158,300028.33732,75007.08433,0.09269,299834.170886,149884.73136202435,254874.09756305,64.72209066666666,56.06861701556269,0.009999055517279854,37,64,,True,False,Request timeout: 300.0s exceeded,7,56.69694568066818
286,2026-09-19T05:47:15.842+00:00,2026-09-19T05:52:15.934+00:00,2026-09-19T05:52:15.934+00:00,False,1,0.0,,0.0,300091.17858899996,300091.17858899996,300091.17858899996,300091.17858899996,300091.17858899996,300091.17858899996,nan,300091.17858899996,nan,nan,0.0,37,64,,True,False,"HTTPConnectionPool(host='gpu03', port=9002): Read timed out.",0,56.69694568066818
287,2026-09-19T05:47:16.159+00:00,2026-09-19T05:52:16.257+00:00,2026-09-19T05:52:16.257+00:00,False,1,0.0,,0.0,300098.88408499997,300098.88408499997,300098.88408499997,300098.88408499997,300098.88408499997,300098.88408499997,nan,300098.88408499997,nan,nan,0.0,37,64,,True,False,TTFT timeout: 300.0s exceeded (TTFT: 300.089s),0,56.69694568066818
290,2026-09-19T05:47:17.571+00:00,2026-09-19T05:52:16.659+00:00,2026-09-19T05:52:16.659+00:00,True,1,1.0,,1.0,299087.77977100003,299087.77977100003,299087.77977100003,299087.77977100003,299087.77977100003,299087.77977100003,nan,299087.77977100003,nan,nan,0.003343500027870284,37,64,,True,True,,3,56.69694568066818
289,2026-09-19T05:47:17.557+00:00,2026-09-19T05:52:17.221+00:00,2026-09-19T05:52:17.869+00:00,False,8,7.0,,7.0,299664.76483600005,300312.41002000007,300312.40997400007,37539.05124675001,0.03696,299664.76483600005,105914.79018393144,194830.01182945003,92.52074057142856,43.20713777637983,0.023309060053608232,37,64,,True,False,Request timeout: 300.0s exceeded,28,56.69694568066818
288,2026-09-19T05:47:17.524+00:00,2026-09-19T05:52:17.534+00:00,2026-09-19T05:52:17.866+00:00,False,5,4.0,,4.0,300010.38172899996,300342.23836899997,300342.238354,60068.44767079999,0.05323,300010.38172899996,134131.62782850186,240034.14396959997,82.96416,56.8219634069045,0.013318140071546003,37,64,,True,False,Request timeout: 300.0s exceeded,17,56.69694568066818
291,2026-09-19T05:47:17.849+00:00,2026-09-19T05:52:17.980+00:00,2026-09-19T05:52:17.980+00:00,False,1,0.0,,0.0,300130.648348,300130.648348,300130.648348,300130.648348,300130.648348,300130.648348,nan,300130.648348,nan,nan,0.0,37,64,,True,False,"HTTPConnectionPool(host='gpu03', port=9002): Read timed out.",0,56.69694568066818
292,2026-09-19T05:47:18.209+00:00,2026-09-19T05:52:18.218+00:00,2026-09-19T05:52:18.218+00:00,False,1,0.0,,0.0,300009.239627,300009.239627,300009.239627,300009.239627,300009.239627,300009.239627,nan,300009.239627,nan,nan,0.0,37,64,,True,False,"HTTPConnectionPool(host='gpu03', port=9002): Read timed out.",0,56.69694568066818
293,2026-09-19T05:47:18.711+00:00,2026-09-19T05:52:18.754+00:00,2026-09-19T05:52:18.754+00:00,False,1,0.0,,0.0,300043.033208,300043.033208,300043.033208,300043.033208,300043.033208,300043.033208,nan,300043.033208,nan,nan,0.0,37,64,,True,False,"HTTPConnectionPool(host='gpu03', port=9002): Read timed out.",0,56.69694568066818
294,2026-09-19T05:47:19.119+00:00,2026-09-19T05:52:19.141+00:00,2026-09-19T05:52:20.481+00:00,False,16,15.0,,15.0,300021.937695,301362.113311,301362.113302,18835.132081375,0.02641,300021.937695,74983.16887405833,75198.590799,89.34504106666667,57.68636916749748,0.049774007207469655,37,64,,True,False,Request timeout: 300.0s exceeded,43,56.69694568066818
295,2026-09-19T05:47:19.594+00:00,2026-09-19T05:52:19.392+00:00,2026-09-19T05:52:20.580+00:00,False,16,15.0,,15.0,299798.25215200003,300985.957752,300985.957723,18811.6223576875,0.04521,299798.25215200003,74929.77495825126,75029.8902625,79.18037333333332,33.5566444786297,0.04983621200148939,37,64,,True,False,Request timeout: 300.0s exceeded,42,56.69694568066818
296,2026-09-19T05:47:20.016+00:00,2026-09-19T05:52:20.278+00:00,2026-09-19T05:52:20.685+00:00,False,6,5.0,,5.0,300261.340656,300669.104368,300669.104285,50111.517380833335,0.093359,300261.340656,122547.8920462782,225222.6232995,81.5527424,45.61633798630816,0.016629576924805402,37,64,,True,False,Request timeout: 300.0s exceeded,15,56.69694568066818
297,2026-09-19T05:47:20.331+00:00,2026-09-19T05:52:21.499+00:00,2026-09-19T05:52:21.499+00:00,False,1,0.0,,0.0,301168.480693,301168.480693,301168.480693,301168.480693,301168.480693,301168.480693,nan,301168.480693,nan,nan,0.0,37,64,,True,False,"HTTPConnectionPool(host='gpu03', port=9002): Read timed out.",0,56.69694568066818
0,2026-09-19T05:45:20.808+00:00,2026-09-19T05:45:21.010+00:00,2026-09-19T05:45:28.804+00:00,True,84,84.0,,84.0,202.61435200000003,7996.6147359999995,7996.614733,95.19779444047619,34.271901,202.61435200000003,26.984420687876558,112.6152735,93.90361908433735,24.385075041148163,10.504445039954218,38,64,,False,True,,320,56.69694568066818
1,2026-09-19T05:45:21.430+00:00,2026-09-19T05:45:21.749+00:00,2026-09-19T05:45:31.231+00:00,True,98,98.0,,98.0,319.382267,9800.735227000001,9800.73516,100.00750163265306,47.584349,319.382267,30.255307174884205,111.54014604999999,97.74590680412372,20.455936494293162,9.999249824647874,38,64,,False,True,,246,56.69694568066818
2,2026-09-19T05:45:22.005+00:00,2026-09-19T05:45:24.701+00:00,2026-09-19T05:45:33.890+00:00,True,95,95.0,,95.0,2696.333639,11885.004103000001,11885.004202,125.10530738947368,0.0,2696.333639,267.9235428606234,112.9218937,97.75181344680851,26.651315703452866,7.99326606677571,38,64,,False,True,,398,56.69694568066818
3,2026-09-19T05:45:22.352+00:00,2026-09-19T05:45:27.104+00:00,2026-09-19T05:45:37.124+00:00,True,100,100.0,,100.0,4751.89506,14771.841811999999,14771.841815,147.71841815,0.0,4751.89506,466.336350595751,142.94702305,101.21158335353536,34.54093018428923,6.769636533662605,38,64,,False,True,,404,56.69694568066818
4,2026-09-19T05:45:22.933+00:00,2026-09-19T05:45:29.883+00:00,2026-09-19T05:45:31.224+00:00,True,14,14.0,,14.0,6949.999449,8290.069593,8290.069567,592.1478262142857,92.482455,6949.999449,1829.9268581935505,2508.7405996999996,103.08231876923077,6.68820194900989,1.6887674877689052,38,64,,False,True,,28,56.69694568066818
5,2026-09-19T05:45:23.480+00:00,2026-09-19T05:45:32.603+00:00,2026-09-19T05:45:34.409+00:00,True,19,19.0,,19.0,9122.967907,10929.013091,10929.013128,575.2112172631579,0.0,9122.967907,2070.390930589166,1128.8914288,100.33584355555556,44.768241743637105,1.7384918328669976,38,64,,False,True,,81,56.69694568066818
6,2026-09-19T05:45:24.002+00:00,2026-09-19T05:45:35.271+00:00,2026-09-19T05:45:44.662+00:00,True,96,96.0,,96.0,11268.425558,20659.701846,20659.701717,215.20522621875,0.0,11268.425558,1140.9306631264867,168.03815100000003,98.85553987368421,46.57931916026813,4.646727272038871,38,64,,False,True,,426,56.69694568066818
7,2026-09-19T05:45:24.356+00:00,2026-09-19T05:45:37.387+00:00,2026-09-19T05:45:40.261+00:00,True,31,31.0,,31.0,13030.661121,15904.721152999999,15904.720935,513.0555140322581,0.0,13030.661121,2323.6981810942575,212.10248149999998,95.80200106666666,50.423039174683915,1.9491067904797992,38,64,,False,True,,145,56.69694568066818
8,2026-09-19T05:45:24.831+00:00,2026-09-19T05:45:39.803+00:00,2026-09-19T05:45:44.927+00:00,True,53,53.0,,53.0,14972.159688,20096.13076,20096.130979999998,379.1722826415094,0.0,14972.159688,2043.370535857936,124.16311879999998,98.53790523076923,36.59753101789656,2.6373236038796555,38,64,,False,True,,200,56.69694568066818
9,2026-09-19T05:45:25.308+00:00,2026-09-19T05:45:42.594+00:00,2026-09-19T05:45:48.243+00:00,True,60,60.0,,60.0,17285.156669,22934.403645,22934.403577,382.24005961666666,0.0,17285.156669,2219.542029827776,114.19039994999999,95.74994874576271,42.453657792795646,2.6161569722385516,38,64,,False,True,,280,56.69694568066818
10,2026-09-19T05:45:25.725+00:00,2026-09-19T05:45:45.130+00:00,2026-09-19T05:45:47.833+00:00,True,29,29.0,,29.0,19405.277739,22108.578859,22108.578721,762.3647834827586,0.0,19405.277739,3586.0161482133913,253.764697,96.54646857142856,59.421395093658795,1.3117080109468287,38,64,,False,True,,103,56.69694568066818
11,2026-09-19T05:45:26.348+00:00,2026-09-19T05:45:48.769+00:00,2026-09-19T05:45:58.387+00:00,True,100,100.0,,100.0,22420.938013,32038.314013,32038.314055,320.38314055,0.0,22420.938013,2233.4556292148554,114.92294765000001,97.14521212121213,69.68390291053407,3.121262871679939,38,64,,False,True,,375,56.69694568066818
12,2026-09-19T05:45:26.825+00:00,2026-09-19T05:45:51.057+00:00,2026-09-19T05:45:51.463+00:00,True,5,5.0,,5.0,24232.776781,24638.163277,24638.163146,4927.6326292,93.212592,24232.776781,10791.904996990383,19407.7451266,101.346624,6.20358989670035,0.20293720533411497,38,64,,False,True,,17,56.69694568066818
13,2026-09-19T05:45:27.383+00:00,2026-09-19T05:45:54.292+00:00,2026-09-19T05:46:00.338+00:00,True,68,68.0,,68.0,26909.034066,32954.386002,32954.386,484.6233235294118,0.0,26909.034066,3252.9096688717236,113.98733385,90.22913337313433,65.61027664791823,2.0634582600286677,38,64,,False,True,,302,56.69694568066818
14,2026-09-19T05:45:27.961+00:00,2026-09-19T05:45:57.276+00:00,2026-09-19T05:45:58.013+00:00,True,8,8.0,,8.0,29314.56384,30051.361279999997,30051.361233,3756.420154125,93.83828100000001,29314.56384,10327.051422184037,19094.0682106,105.25677714285715,6.7142428061561645,0.26621090224369365,38,64,,False,True,,33,56.69694568066818
15,2026-09-19T05:45:28.486+00:00,2026-09-19T05:46:00.653+00:00,2026-09-19T05:46:03.780+00:00,True,32,32.0,,32.0,32166.070465999997,35293.729218,35293.729090999994,1102.9290340937498,50.072722999999996,32166.070465999997,5668.40151701012,113.04644175000001,100.89221780645161,17.20602054220315,0.9066766450874173,38,64,,False,True,,110,56.69694568066818
16,2026-09-19T05:45:28.902+00:00,2026-09-19T05:46:02.451+00:00,2026-09-19T05:46:09.969+00:00,True,76,76.0,,76.0,33549.085914999996,41067.44137099999,41067.441200999994,540.3610684342104,0.0,33549.085914999996,3837.73985818591,115.354897,100.24473941333332,83.41904392234761,1.8506144396341144,38,64,,False,True,,336,56.69694568066818
17,2026-09-19T05:45:29.461+00:00,2026-09-19T05:46:06.102+00:00,2026-09-19T05:46:10.655+00:00,True,47,47.0,,47.0,36641.080973,41194.131597,41194.131645999994,876.4708860851063,0.01739,36641.080973,5330.772245835694,112.2911605,98.97936139130434,78.04414623825838,1.1409392109487464,38,64,,False,True,,195,56.69694568066818
18,2026-09-19T05:45:29.859+00:00,2026-09-19T05:46:07.948+00:00,2026-09-19T05:46:10.065+00:00,True,22,22.0,,22.0,38088.640369999994,40206.34942599999,40206.349346999996,1827.5613339545453,86.15533900000001,38088.640369999994,8099.027710631133,111.60417259999998,100.84328838095239,6.060054563204909,0.5471772571765342,38,64,,False,True,,86,56.69694568066818
19,2026-09-19T05:45:30.379+00:00,2026-09-19T05:46:10.262+00:00,2026-09-19T05:46:14.463+00:00,True,44,44.0,,44.0,39882.966961000006,44083.72420900001,44083.72414500001,1001.9028214772728,0.0,39882.966961000006,5998.78841855213,109.51091070000001,97.69202902325581,107.02253262683216,0.9981007909267585,38,64,,False,True,,140,56.69694568066818
20,2026-09-19T05:45:30.963+00:00,2026-09-19T05:46:13.475+00:00,2026-09-19T05:46:15.926+00:00,True,27,27.0,,27.0,42511.749446999995,44963.384903,44963.38477599999,1665.310547259259,47.610519999999994,42511.749446999995,8163.2604380916,106.1610803,94.2936713846154,17.122671398381875,0.6004885988509849,38,64,,False,True,,115,56.69694568066818
21,2026-09-19T05:45:31.334+00:00,2026-09-19T05:46:15.166+00:00,2026-09-19T05:46:21.697+00:00,True,67,67.0,,67.0,43832.49879,50362.986086,50362.986198,751.6863611641791,0.0,43832.49879,5343.502197650844,113.4244843,98.94677721212122,80.5832271864458,1.3303420866584554,38,64,,False,True,,277,56.69694568066818
22,2026-09-19T05:45:31.773+00:00,2026-09-19T05:46:17.758+00:00,2026-09-19T05:46:24.236+00:00,True,66,66.0,,66.0,45985.555635,52463.293619,52463.293775,794.898390530303,0.0,45985.555635,5649.8368605595415,114.53938550000001,99.65750744615384,138.56302871607437,1.2580224276292402,38,64,,False,True,,322,56.69694568066818
23,2026-09-19T05:45:32.381+00:00,2026-09-19T05:46:21.212+00:00,2026-09-19T05:46:24.756+00:00,True,37,37.0,,37.0,48830.852968,52374.901864,52374.901892,1415.537888972973,0.016300000000000002,48830.852968,8012.854170658062,274.15005,98.44580266666667,146.1418439241469,0.70644523776057,38,64,,False,True,,135,56.69694568066818
24,2026-09-19T05:45:32.893+00:00,2026-09-19T05:46:24.124+00:00,2026-09-19T05:46:30.447+00:00,True,62,62.0,,62.0,51231.164907,57554.666987,57554.667158,928.3010831935484,0.0,51231.164907,6493.92053058459,117.34045414999999,103.66396852459016,97.5976631683376,1.0772367080849252,38,64,,False,True,,245,56.69694568066818
25,2026-09-19T05:45:33.310+00:00,2026-09-19T05:46:26.156+00:00,2026-09-19T05:46:29.393+00:00,True,25,25.0,,25.0,52846.016876999995,56082.88241299999,56082.882313999995,2243.3152925599998,51.3583,52846.016876999995,10543.153707723159,664.8782342,134.86939733333335,142.5995187511726,0.44576881437543603,38,64,,False,True,,70,56.69694568066818
26,2026-09-19T05:45:33.777+00:00,2026-09-19T05:46:29.399+00:00,2026-09-19T05:46:33.235+00:00,True,46,46.0,,46.0,55621.917718000004,59457.82120600001,59457.821179000006,1292.561329978261,0.0,55621.917718000004,8188.533022652639,114.55818599999999,85.24229973333334,40.29900402185337,0.7736576797966833,38,64,,False,True,,147,56.69694568066818
27,2026-09-19T05:45:34.289+00:00,2026-09-19T05:46:31.406+00:00,2026-09-19T05:46:35.033+00:00,True,36,36.0,,36.0,57116.463993,60743.780217,60743.780274,1687.3272298333334,49.305524,57116.463993,9502.148108361349,119.33680999999999,103.63760640000001,14.248469608277967,0.5926532703660233,38,64,,False,True,,155,56.69694568066818
28,2026-09-19T05:45:34.848+00:00,2026-09-19T05:46:34.928+00:00,2026-09-19T05:46:37.810+00:00,True,28,28.0,,28.0,60079.789653,62961.435733,62961.435604,2248.622700142857,0.01715,60079.789653,11334.688211186254,547.92505745,106.7276325925926,141.02266460856,0.44471666940282856,38,64,,False,True,,123,56.69694568066818
29,2026-09-19T05:45:35.458+00:00,2026-09-19T05:46:38.154+00:00,2026-09-19T05:46:43.772+00:00,True,58,58.0,,58.0,62695.705097000005,68313.512969,68313.513019,1177.8191899827586,0.0,62695.705097000005,8220.19788550998,111.70919614999998,98.55803284210526,114.96003646499314,0.8490267515055159,38,64,,False,True,,269,56.69694568066818
30,2026-09-19T05:45:35.992+00:00,2026-09-19T05:46:41.114+00:00,2026-09-19T05:46:41.325+00:00,True,3,3.0,,3.0,65122.196686999996,65333.386191,65333.386221999994,21777.79540733333,99.882356,65122.196686999996,37537.35305467372,58621.1077362,105.594752,8.078711945619053,0.04591833019690115,38,64,,False,True,,13,56.69694568066818
31,2026-09-19T05:45:36.451+00:00,2026-09-19T05:46:43.568+00:00,2026-09-19T05:46:45.687+00:00,True,22,22.0,,22.0,67116.71735199999,69235.43248799999,69235.432531,3147.065115045454,49.668442999999996,67116.71735199999,14287.82764136274,111.77364204999999,100.89119695238095,12.844303870812768,0.3177563742930772,38,64,,False,True,,104,56.69694568066818
32,2026-09-19T05:45:37.104+00:00,2026-09-19T05:46:45.486+00:00,2026-09-19T05:46:54.722+00:00,True,95,95.0,,95.0,68382.091301,77618.244133,77618.244222,817.0341497052631,0.0,68382.091301,7006.534235040489,115.6891437,98.2569450212766,103.7934336698922,1.2239390501699072,38,64,,False,True,,398,56.69694568066818
33,2026-09-19T05:45:37.429+00:00,2026-09-19T05:46:48.379+00:00,2026-09-19T05:46:52.649+00:00,True,45,45.0,,45.0,70949.692073,75219.34916099999,75219.349106,1671.5410912444445,0.0,70949.692073,10563.124065265189,112.99267739999999,97.0376610909091,149.50080415039108,0.5982503239117597,38,64,,False,True,,200,56.69694568066818
34,2026-09-19T05:45:37.962+00:00,2026-09-19T05:46:51.716+00:00,2026-09-19T05:46:58.032+00:00,True,63,63.0,,63.0,73753.612745,80069.690313,80069.690457,1270.9474675714287,0.01717,73753.612745,9279.890426622247,115.51810859999999,101.87221883870968,110.16058709974143,0.786814583067913,38,64,,False,True,,260,56.69694568066818
35,2026-09-19T05:45:38.592+00:00,2026-09-19T05:46:54.766+00:00,2026-09-19T05:46:56.023+00:00,True,13,13.0,,13.0,76174.39679500001,77431.62738700002,77431.627206,5956.279015846155,0.016739999999999998,76174.39679500001,21098.966703272767,30940.715594800004,104.769216,219.64462050088946,0.16789005266577373,38,64,,False,True,,51,56.69694568066818
36,2026-09-19T05:45:39.117+00:00,2026-09-19T05:46:57.545+00:00,2026-09-19T05:47:00.024+00:00,True,25,25.0,,25.0,78427.51939,80906.35228600001,80906.352185,3236.2540874,53.768795,78427.51939,15664.85413304863,115.95472620000001,103.284704,15.33683312836858,0.30899922309717065,38,64,,False,True,,94,56.69694568066818
37,2026-09-19T05:45:39.681+00:00,2026-09-19T05:47:01.414+00:00,2026-09-19T05:47:03.354+00:00,True,20,20.0,,20.0,81732.956317,83673.344413,83673.34444500001,4183.66722225,51.23168,81732.956317,18253.213132170076,4192.64603995,102.1256892631579,13.165721405515127,0.23902474725143985,38,64,,False,True,,96,56.69694568066818
38,2026-09-19T05:45:40.031+00:00,2026-09-19T05:47:03.611+00:00,2026-09-19T05:47:12.623+00:00,True,93,93.0,,93.0,83580.063858,92592.547442,92592.547645,995.6187918817203,0.0,83580.063858,8657.511013527705,111.8051736,97.96177808695651,119.82799749190525,1.004400489772195,38,64,,False,True,,324,56.69694568066818
39,2026-09-19T05:45:40.527+00:00,2026-09-19T05:47:06.135+00:00,2026-09-19T05:47:15.598+00:00,True,98,98.0,,98.0,85608.05220399999,95071.13239599999,95071.132403,970.1135959489795,40.545595,85608.05220399999,8637.882253753942,112.511263,97.55752775257731,17.664329205283302,1.030807118103952,38,64,,False,True,,416,56.69694568066818
40,2026-09-19T05:45:40.968+00:00,2026-09-19T05:47:08.839+00:00,2026-09-19T05:47:15.189+00:00,True,66,66.0,,66.0,87871.152057,94221.383865,94221.383938,1427.5967263333334,47.300559,87871.152057,10804.178359788362,109.6284175,97.69587396923077,16.74063894763387,0.7004779307271111,38,64,,False,True,,223,56.69694568066818
41,2026-09-19T05:45:41.516+00:00,2026-09-19T05:47:11.691+00:00,2026-09-19T05:47:20.402+00:00,True,82,82.0,,82.0,90174.295795,98885.806579,98885.806665,1205.9244715243901,0.0,90174.295795,9947.695424962325,111.77263855,107.54951585185185,173.07725597888026,0.8292393300598716,38,64,,False,True,,329,56.69694568066818
42,2026-09-19T05:45:41.926+00:00,2026-09-19T05:47:14.268+00:00,2026-09-19T05:47:17.569+00:00,True,32,32.0,,32.0,92342.526851,95642.589059,95642.589118,2988.8309099375,0.018969999999999997,92342.526851,16306.173708063252,538.9634001500001,106.45361961290322,182.23509005682175,0.33457898113004697,38,64,,False,True,,115,56.69694568066818
43,2026-09-19T05:45:42.550+00:00,2026-09-19T05:47:17.728+00:00,2026-09-19T05:47:25.710+00:00,True,83,83.0,,83.0,95177.44811,103159.723694,103159.723642,1242.8882366506025,0.0,95177.44811,10437.374783098312,112.6762991,97.34482419512194,143.72980087928653,0.8045775718263916,38,64,,False,True,,204,56.69694568066818
44,2026-09-19T05:45:42.967+00:00,2026-09-19T05:47:20.413+00:00,2026-09-19T05:47:23.248+00:00,True,32,32.0,,32.0,97445.28612100001,100280.64202500001,100280.64211900001,3133.7700662187503,0.0,97445.28612100001,17209.917152836064,111.57664819999998,91.46309367741935,32.689177314048386,0.3191044587850005,38,64,,False,True,,151,56.69694568066818
45,2026-09-19T05:45:43.575+00:00,2026-09-19T05:47:22.931+00:00,2026-09-19T05:47:32.478+00:00,True,98,98.0,,98.0,99356.334538,108903.67328999999,108903.673384,1111.2619733061224,45.453613,99356.334538,10026.5785112008,111.57972170000001,98.42617270103092,17.802250122891312,0.8998778189881204,38,64,,False,True,,497,56.69694568066818
46,2026-09-19T05:45:43.981+00:00,2026-09-19T05:47:25.338+00:00,2026-09-19T05:47:31.655+00:00,True,66,66.0,,66.0,101357.19193700001,107674.59840100001,107674.59823300001,1631.4333065606063,46.045970999999994,101357.19193700001,12464.257760333294,109.95438725,97.19086867692309,18.31699841500189,0.6129579397566347,38,64,,False,True,,220,56.69694568066818
47,2026-09-19T05:45:44.478+00:00,2026-09-19T05:47:28.075+00:00,2026-09-19T05:47:36.653+00:00,True,88,88.0,,88.0,103596.820684,112175.236044,112175.23590500001,1274.7185898295454,44.493215,103596.820684,11032.958846740226,111.3979307,98.60247540229885,16.171021819424286,0.7844868716432437,38,64,,True,True,,316,56.69694568066818
48,2026-09-19T05:45:45.003+00:00,2026-09-19T05:47:31.152+00:00,2026-09-19T05:47:39.532+00:00,True,87,87.0,,87.0,106149.279792,114528.798,114528.798034,1316.422965908046,44.814644,106149.279792,11369.967718538865,110.8547213,97.43625823255815,19.56585004555347,0.75963427119876,38,64,,True,True,,300,56.69694568066818
49,2026-09-19T05:45:45.378+00:00,2026-09-19T05:47:33.140+00:00,2026-09-19T05:47:38.383+00:00,True,54,54.0,,54.0,107762.565953,113005.152065,113005.151969,2092.6879994259257,44.549665,107762.565953,14651.177378292505,112.37725565000001,98.91671909433963,17.6773701359096,0.47785431914590465,38,64,,True,True,,254,56.69694568066818
50,2026-09-19T05:45:45.733+00:00,2026-09-19T05:47:35.041+00:00,2026-09-19T05:47:38.855+00:00,True,40,40.0,,40.0,109308.261655,113121.678615,113121.678814,2828.0419703499997,49.209294,109308.261655,17267.703008486355,111.98660224999999,97.77992205128204,18.520360170594632,0.3536015420716713,38,64,,True,True,,127,56.69694568066818
51,2026-09-19T05:45:46.172+00:00,2026-09-19T05:47:37.176+00:00,2026-09-19T05:47:42.184+00:00,True,54,54.0,,54.0,111003.584399,116012.119439,116012.119457,2148.372582537037,46.211361,111003.584399,15092.830628536482,111.8963235,94.50066113207548,22.199104713677087,0.46546861018596924,38,64,,True,True,,196,56.69694568066818
52,2026-09-19T05:45:46.767+00:00,2026-09-19T05:47:40.537+00:00,2026-09-19T05:47:47.791+00:00,True,72,72.0,,72.0,113769.650022,121024.18775,121024.187789,1680.8914970694445,52.950626,113769.650022,13395.844744619368,111.28720549999998,102.17658771830986,11.09960540888844,0.5949223980641837,38,64,,True,True,,249,56.69694568066818
53,2026-09-19T05:45:47.343+00:00,2026-09-19T05:47:43.762+00:00,2026-09-19T05:47:44.749+00:00,True,11,11.0,,11.0,116419.877429,117406.645557,117406.64538,10673.331398181817,50.300372,116419.877429,35072.16553079981,58263.961271500004,98.6768128,17.48967214023695,0.09369145969390283,38,64,,True,True,,53,56.69694568066818
54,2026-09-19T05:45:47.963+00:00,2026-09-19T05:47:46.762+00:00,2026-09-19T05:47:50.762+00:00,True,41,41.0,,41.0,118798.430206,122798.516222,122798.516305,2995.0857635365855,46.30519,118798.430206,18537.588008136736,113.55789200000001,100.0021504,17.40742301014701,0.33388025573434926,38,64,,True,True,,187,56.69694568066818
55,2026-09-19T05:45:48.517+00:00,2026-09-19T05:47:50.015+00:00,2026-09-19T05:47:51.650+00:00,True,17,17.0,,17.0,121497.713089,123132.825281,123132.825509,7243.107382882353,55.747918,121497.713089,29442.74045842769,24385.949917799997,102.194512,12.498981297000446,0.13806229136060588,38,64,,True,True,,79,56.69694568066818
56,2026-09-19T05:45:49.087+00:00,2026-09-19T05:47:52.992+00:00,2026-09-19T05:47:55.792+00:00,True,30,30.0,,30.0,123904.26954099999,126704.97994099998,126704.97997199999,4223.4993324,47.529528,123904.26954099999,22604.094827304834,106.90925795,96.57622068965517,16.788282755392398,0.2367704885314647,38,64,,True,True,,109,56.69694568066818
57,2026-09-19T05:45:49.637+00:00,2026-09-19T05:47:55.491+00:00,2026-09-19T05:47:58.428+00:00,True,31,31.0,,31.0,125853.757723,128790.527259,128790.527163,4154.533134290323,48.690995,125853.757723,22586.425942360976,110.7269635,97.89231786666666,16.39786630200939,0.24070093243471596,38,64,,True,True,,159,56.69694568066818
58,2026-09-19T05:45:50.049+00:00,2026-09-19T05:47:57.801+00:00,2026-09-19T05:48:07.508+00:00,True,98,98.0,,98.0,127752.338681,137459.055609,137459.055693,1402.6434254387755,44.326615,127752.338681,12894.836779572373,111.35648235000001,100.06924668041236,16.383705684861678,0.7129395700110103,38,64,,True,True,,400,56.69694568066818
59,2026-09-19T05:45:50.485+00:00,2026-09-19T05:48:00.469+00:00,2026-09-19T05:48:02.433+00:00,True,21,21.0,,21.0,129984.698079,131948.874207,131948.87435199998,6283.279731047619,45.022243,129984.698079,28343.5603546782,107.927096,98.2088064,16.741388149155206,0.15915255151821472,38,64,,True,True,,67,56.69694568066818
60,2026-09-19T05:45:50.991+00:00,2026-09-19T05:48:02.962+00:00,2026-09-19T05:48:03.485+00:00,True,6,6.0,,6.0,131970.527337,132493.821289,132493.821292,22082.303548666667,101.884539,131970.527337,53834.01549966381,99005.60344,104.6587904,3.579903961556064,0.045285130594222935,38,64,,True,True,,27,56.69694568066818
61,2026-09-19T05:45:51.547+00:00,2026-09-19T05:48:05.767+00:00,2026-09-19T05:48:10.154+00:00,True,44,44.0,,44.0,134219.921013,138606.923381,138606.923428,3150.157350636364,50.47823,134219.921013,20219.038939854356,111.6753105,102.02331088372094,14.53929342411689,0.3174444603972174,38,64,,True,True,,172,56.69694568066818
62,2026-09-19T05:45:52.237+00:00,2026-09-19T05:48:07.818+00:00,2026-09-19T05:48:08.832+00:00,True,11,11.0,,11.0,135581.419428,136594.627236,136594.627396,12417.693399636362,51.746368000000004,135581.419428,40848.79020997428,67846.64232700001,101.3207808,17.845179391356417,0.08053025380709052,38,64,,True,True,,23,56.69694568066818
63,2026-09-19T05:45:52.534+00:00,2026-09-19T05:48:11.324+00:00,2026-09-19T05:48:20.046+00:00,True,87,87.0,,87.0,138790.745354,147512.63079400003,147512.630777,1695.5474801954024,47.418688,138790.745354,14869.063941289976,114.23352430000001,101.41727255813953,14.75199270637435,0.5897800041373723,38,64,,True,True,,267,56.69694568066818
64,2026-09-19T05:45:53.092+00:00,2026-09-19T05:48:14.286+00:00,2026-09-19T05:48:22.062+00:00,True,78,78.0,,78.0,141193.435004,148970.105212,148970.105139,1909.8731428076924,43.403597000000005,141193.435004,15975.58069693978,112.00253005,100.99571698701298,15.917896460331608,0.5235949849736486,38,64,,True,True,,281,56.69694568066818
65,2026-09-19T05:45:53.560+00:00,2026-09-19T05:48:16.784+00:00,2026-09-19T05:48:22.272+00:00,True,55,55.0,,55.0,143224.818956,148712.708364,148712.708453,2703.867426418182,45.581182999999996,143224.818956,19298.73357472339,113.8156101,101.62758162962963,15.848393192554887,0.36984061823000375,38,64,,True,True,,181,56.69694568066818
66,2026-09-19T05:45:54.087+00:00,2026-09-19T05:48:19.993+00:00,2026-09-19T05:48:25.240+00:00,True,57,57.0,,57.0,145906.070871,151153.027415,151153.027437,2651.807498894737,45.718782,145906.070871,19313.332869893708,111.0237646,93.69565257142857,21.693730515372238,0.37710127924532383,38,64,,True,True,,226,56.69694568066818
67,2026-09-19T05:45:54.589+00:00,2026-09-19T05:48:22.479+00:00,2026-09-19T05:48:27.955+00:00,True,58,58.0,,58.0,147889.28438499998,153365.77974499998,153365.779838,2644.237583413793,45.509021999999995,147889.28438499998,19406.210611048777,112.32584225000001,96.07886596491228,21.76727641416074,0.37818084383906325,38,64,,True,True,,223,56.69694568066818
68,2026-09-19T05:45:55.022+00:00,2026-09-19T05:48:25.141+00:00,2026-09-19T05:48:33.836+00:00,True,87,87.0,,87.0,150118.66563,158813.561246,158813.561198,1825.4432321609195,47.492358,150118.66563,16083.578283429633,112.25936529999998,101.10343739534883,15.514883497113873,0.5478121598522573,38,64,,True,True,,380,56.69694568066818
69,2026-09-19T05:45:55.550+00:00,2026-09-19T05:48:27.956+00:00,2026-09-19T05:48:31.911+00:00,True,42,42.0,,42.0,152406.91330199997,156361.25006999998,156361.24992899998,3722.8869030714277,42.59643,152406.91330199997,23502.023672948002,110.60053655000002,96.44723824390245,20.265771072156166,0.2686087504493434,38,64,,True,True,,188,56.69694568066818
70,2026-09-19T05:45:55.979+00:00,2026-09-19T05:48:30.145+00:00,2026-09-19T05:48:37.824+00:00,True,78,78.0,,78.0,154166.30060699998,161845.26636699997,161845.26634499998,2074.9393121153844,48.264196000000005,154166.30060699998,17444.61366696003,113.8090352,99.72682805194806,18.17499015270364,0.48194180621339505,38,64,,True,True,,116,56.69694568066818
71,2026-09-19T05:45:56.568+00:00,2026-09-19T05:48:33.197+00:00,2026-09-19T05:48:35.528+00:00,True,24,24.0,,24.0,156629.39681600002,158960.36641600003,158960.36656000002,6623.348606666667,48.303956,156629.39681600002,31951.158727629474,113.1245689,101.3465043478261,16.858562898812284,0.15098103093944742,38,64,,True,True,,109,56.69694568066818
72,2026-09-19T05:45:57.181+00:00,2026-09-19T05:48:36.806+00:00,2026-09-19T05:48:45.077+00:00,True,82,82.0,,82.0,159624.797752,167895.51544800002,167895.515344,2047.506284682927,48.019037,159624.797752,17616.340545328243,112.772454,102.10762587654321,15.146400866371827,0.48839898898548445,38,64,,True,True,,398,56.69694568066818
73,2026-09-19T05:45:57.772+00:00,2026-09-19T05:48:39.933+00:00,2026-09-19T05:48:47.454+00:00,True,76,76.0,,76.0,162160.767583,169681.299295,169681.2992,2232.6486736842107,45.061844,162160.767583,18589.620351343896,113.39796774999999,100.27375615999999,15.995405151867054,0.4478985033457926,38,64,,True,True,,366,56.69694568066818
74,2026-09-19T05:45:58.146+00:00,2026-09-19T05:48:41.857+00:00,2026-09-19T05:48:49.533+00:00,True,79,79.0,,79.0,163711.144747,171387.019307,171387.01919800002,2169.45593921519,47.361948,163711.144747,18407.878746608207,112.144139,98.4086482051282,17.01643719200817,0.46094506059697476,38,64,,True,True,,312,56.69694568066818
75,2026-09-19T05:45:58.624+00:00,2026-09-19T05:48:44.554+00:00,2026-09-19T05:48:48.958+00:00,True,46,46.0,,46.0,165930.200375,170334.102839,170334.10300399998,3702.915282695652,46.239922,165930.200375,24450.65052891615,113.73172975000001,97.8644992,18.07741623995194,0.27005748839079663,38,64,,True,True,,162,56.69694568066818
76,2026-09-19T05:45:59.081+00:00,2026-09-19T05:48:47.244+00:00,2026-09-19T05:48:55.708+00:00,True,85,85.0,,85.0,168162.46691299998,176626.934113,176626.93392999997,2077.963928588235,49.062894,168162.46691299998,18228.856113590886,110.54601620000001,100.76746666666668,14.131053194625366,0.4812403070169346,38,64,,True,True,,351,56.69694568066818
77,2026-09-19T05:45:59.570+00:00,2026-09-19T05:48:49.318+00:00,2026-09-19T05:48:56.183+00:00,True,69,69.0,,69.0,169748.545351,176613.672775,176613.67293,2559.6184482608696,46.607241,169748.545351,20423.175007872196,111.1062092,100.95775623529411,15.033338651637859,0.390683229196551,38,64,,True,True,,309,56.69694568066818
78,2026-09-19T05:46:00.047+00:00,2026-09-19T05:48:52.206+00:00,2026-09-19T05:49:01.102+00:00,True,90,90.0,,90.0,172159.820807,181055.335687,181055.335759,2011.725952877778,46.96004,172159.820807,18136.709883314124,111.28789450000001,99.94960539325842,16.00931536334199,0.497085599043531,38,64,,True,True,,340,56.69694568066818
79,2026-09-19T05:46:00.656+00:00,2026-09-19T05:48:55.087+00:00,2026-09-19T05:48:58.260+00:00,True,33,33.0,,33.0,174431.69095699998,177604.75694099997,177604.756902,5381.962330363636,50.148612,174431.69095699998,30347.404262620188,115.0719856,99.158312,18.769129492078953,0.1858058340800103,38,64,,True,True,,120,56.69694568066818
80,2026-09-19T05:46:01.034+00:00,2026-09-19T05:48:57.577+00:00,2026-09-19T05:49:02.726+00:00,True,54,54.0,,54.0,176543.20637200002,181692.53859600003,181692.538539,3364.6766396111116,44.541925000000006,176543.20637200002,24011.27347730024,109.3825136,97.1572117735849,19.16085211102831,0.29720538012885034,38,64,,True,True,,79,56.69694568066818
81,2026-09-19T05:46:01.617+00:00,2026-09-19T05:49:00.224+00:00,2026-09-19T05:49:06.005+00:00,True,59,59.0,,59.0,178607.332072,184388.087528,184388.087362,3125.221819694915,48.307576,178607.332072,23239.724405716923,112.4783359,99.66819751724137,16.90682705613424,0.3199772869873746,38,64,,True,True,,220,56.69694568066818
82,2026-09-19T05:46:02.010+00:00,2026-09-19T05:49:02.937+00:00,2026-09-19T05:49:11.638+00:00,True,87,87.0,,87.0,180927.506196,189628.19714,189628.197115,2179.634449597701,45.943822,180927.506196,19386.62613539358,112.41973100000001,101.17082493023256,17.778779571787354,0.4587925282850685,38,64,,True,True,,486,56.69694568066818
83,2026-09-19T05:46:02.635+00:00,2026-09-19T05:49:06.650+00:00,2026-09-19T05:49:15.898+00:00,True,93,93.0,,93.0,184014.23544800002,193262.91436000002,193262.91428700002,2078.0958525483875,46.470220999999995,184014.23544800002,19070.971419419,114.15167559999998,100.52911860869565,18.075728204460898,0.4812097567087521,38,64,,True,True,,315,56.69694568066818
84,2026-09-19T05:46:03.161+00:00,2026-09-19T05:49:08.953+00:00,2026-09-19T05:49:10.721+00:00,True,19,19.0,,19.0,185791.779493,187560.333733,187560.333832,9871.596517473685,49.022394,185791.779493,42601.02210833483,18680.1422857,98.25301333333333,22.188316361912893,0.10130073679143319,38,64,,True,True,,53,56.69694568066818
85,2026-09-19T05:46:03.616+00:00,2026-09-19T05:49:11.636+00:00,2026-09-19T05:49:20.596+00:00,True,91,91.0,,91.0,188019.79855099999,196979.76578299998,196979.765822,2164.6128112307692,44.912093999999996,188019.79855099999,19699.401943903045,112.80560000000001,99.55519146666667,17.607314951094146,0.461976384418331,38,64,,True,True,,368,56.69694568066818
86,2026-09-19T05:46:04.153+00:00,2026-09-19T05:49:14.552+00:00,2026-09-19T05:49:20.072+00:00,True,57,57.0,,57.0,190398.686231,195918.631703,195918.631715,3437.1689774561405,45.088924,190398.686231,25205.87400998639,115.574946,98.57045485714285,20.1625294622805,0.2909371074334999,38,64,,True,True,,281,56.69694568066818
87,2026-09-19T05:46:04.534+00:00,2026-09-19T05:49:16.550+00:00,2026-09-19T05:49:18.566+00:00,True,21,21.0,,21.0,192015.71168799998,194032.26592799998,194032.265914,9239.631710190475,49.284994,192015.71168799998,41879.26455764192,115.206079,100.827712,17.494544862084474,0.10822942204773571,38,64,,True,True,,82,56.69694568066818
88,2026-09-19T05:46:05.026+00:00,2026-09-19T05:49:19.036+00:00,2026-09-19T05:49:27.207+00:00,True,82,82.0,,82.0,194009.97732499999,202180.708589,202180.708723,2465.618399060975,46.78576,194009.97732499999,21413.6843957949,112.39223310000001,100.87322548148148,16.277805811718537,0.40557776541723606,38,64,,True,True,,361,56.69694568066818
89,2026-09-19T05:46:05.435+00:00,2026-09-19T05:49:21.431+00:00,2026-09-19T05:49:26.364+00:00,True,49,49.0,,49.0,195996.03782300002,200928.284351,200928.28410900003,4100.577226714287,49.062205,195996.03782300002,27984.75798152053,112.243472,102.755136,13.757563853877953,0.24386810527084526,38,64,,True,True,,223,56.69694568066818
90,2026-09-19T05:46:05.904+00:00,2026-09-19T05:49:24.161+00:00,2026-09-19T05:49:25.553+00:00,True,14,14.0,,14.0,198257.248713,199649.15245700002,199649.15248800002,14260.653749142857,95.86743399999999,198257.248713,52957.86319915317,69464.4393197,107.06951876923077,5.060344516960714,0.07012301243309955,38,64,,True,True,,65,56.69694568066818
91,2026-09-19T05:46:06.320+00:00,2026-09-19T05:49:26.466+00:00,2026-09-19T05:49:28.241+00:00,True,18,18.0,,18.0,200145.927199,201920.648223,201920.648354,11217.813797444443,97.97847999999999,200145.927199,47150.241393053366,30116.246694999998,104.39535435294117,4.079513939427358,0.08914392935248952,38,64,,True,True,,119,56.69694568066818
92,2026-09-19T05:46:06.711+00:00,2026-09-19T05:49:28.561+00:00,2026-09-19T05:49:30.436+00:00,True,19,19.0,,19.0,201850.56368000002,203725.462624,203725.46258800002,10722.392767789475,51.866638,201850.56368000002,46283.80109584768,20289.663032300003,104.16105244444445,14.281075916268255,0.09326276526889915,38,64,,True,True,,78,56.69694568066818
93,2026-09-19T05:46:07.344+00:00,2026-09-19T05:49:29.908+00:00,2026-09-19T05:49:34.171+00:00,True,42,42.0,,42.0,202564.207707,206826.646619,206826.646539,4924.4439652142855,50.323841,202564.207707,31240.29750150422,116.21099120000001,103.96192468292683,14.63164143915409,0.2030686117411609,38,64,,True,True,,174,56.69694568066818
94,2026-09-19T05:46:07.680+00:00,2026-09-19T05:49:34.382+00:00,2026-09-19T05:49:44.160+00:00,True,99,99.0,,99.0,206701.772845,216479.681837,216479.682045,2186.663455,44.978124,206701.772845,20764.289230692677,112.79040449999998,99.77458155102042,17.301584803004392,0.4573177452955737,38,64,,True,True,,405,56.69694568066818
95,2026-09-19T05:46:08.193+00:00,2026-09-19T05:49:37.651+00:00,2026-09-19T05:49:41.770+00:00,True,43,43.0,,43.0,209457.12065,213576.860042,213576.859952,4966.903719813953,45.406125,209457.12065,31926.95695527611,108.92658609999998,98.08903314285715,16.06829186891807,0.2013326724231456,38,64,,True,True,,138,56.69694568066818
96,2026-09-19T05:46:08.606+00:00,2026-09-19T05:49:39.691+00:00,2026-09-19T05:49:45.211+00:00,True,58,58.0,,58.0,211084.25720199998,216604.253362,216604.25350199998,3734.5560948620687,49.731156000000006,211084.25720199998,27704.011685886147,109.65436289999998,96.84203789473685,19.61590811927506,0.2677694417342187,38,64,,True,True,,222,56.69694568066818
97,2026-09-19T05:46:09.150+00:00,2026-09-19T05:49:42.782+00:00,2026-09-19T05:49:42.992+00:00,True,3,3.0,,3.0,213632.26031,213841.464278,213841.464248,71280.48808266668,102.200935,213632.26031,123280.25104598833,192279.7345793,104.601984,3.395741723719282,0.014029084631126143,38,64,,True,True,,10,56.69694568066818
98,2026-09-19T05:46:09.711+00:00,2026-09-19T05:49:45.520+00:00,2026-09-19T05:49:45.623+00:00,True,2,2.0,,2.0,215809.682042,215912.00473,215912.004585,107956.0022925,102.32254300000001,215809.682042,152528.13665358734,205024.31406705,102.322688,nan,0.00926303288462825,38,64,,True,True,,9,56.69694568066818
99,2026-09-19T05:46:10.347+00:00,2026-09-19T05:49:48.845+00:00,2026-09-19T05:49:50.744+00:00,True,21,21.0,,21.0,218497.58568000002,220397.07444800003,220397.07435600003,10495.098778857144,46.471833,218497.58568000002,47659.36099300724,112.005623,94.97443840000001,19.89487642680746,0.09528257147966222,38,64,,True,True,,75,56.69694568066818
100,2026-09-19T05:46:10.903+00:00,2026-09-19T05:49:51.617+00:00,2026-09-19T05:49:55.221+00:00,True,38,38.0,,38.0,220714.116772,224318.05738,224318.057264,5903.106770105263,48.777857000000004,220714.116772,35788.76042251364,111.46416185,97.40380021621623,16.539549269471372,0.16940232295087648,38,64,,True,True,,150,56.69694568066818
101,2026-09-19T05:46:11.525+00:00,2026-09-19T05:49:55.016+00:00,2026-09-19T05:50:04.217+00:00,True,93,93.0,,93.0,223491.38617399998,232692.317246,232692.317289,2502.0679278387097,47.54436,223491.38617399998,23164.613356147056,112.11351199999999,100.01012034782609,17.79071757364194,0.39966940507830057,38,64,,True,True,,379,56.69694568066818
102,2026-09-19T05:46:12.027+00:00,2026-09-19T05:49:57.337+00:00,2026-09-19T05:50:03.180+00:00,True,61,61.0,,61.0,225309.83502,231153.414924,231153.415067,3789.400247,45.962136,225309.83502,28835.506463207294,112.81629,97.39299840000001,21.748590949983026,0.26389400312366545,38,64,,True,True,,262,56.69694568066818
103,2026-09-19T05:46:12.647+00:00,2026-09-19T05:50:01.424+00:00,2026-09-19T05:50:06.883+00:00,True,58,58.0,,58.0,228777.577864,234236.724872,234236.72485499998,4038.564221637931,43.200582000000004,228777.577864,30027.39900852751,111.75548305000001,95.77450891228071,20.905958936960058,0.24761275172240577,38,64,,True,True,,195,56.69694568066818
104,2026-09-19T05:46:13.080+00:00,2026-09-19T05:50:03.795+00:00,2026-09-19T05:50:10.164+00:00,True,68,68.0,,68.0,230714.898514,237084.001362,237084.001308,3486.529431,46.753572999999996,230714.898514,27966.770286969964,112.0786326,95.06123653731343,20.074140691082896,0.28681817250153385,38,64,,True,True,,315,56.69694568066818
105,2026-09-19T05:46:13.717+00:00,2026-09-19T05:50:07.659+00:00,2026-09-19T05:50:16.917+00:00,True,93,93.0,,93.0,233942.20200999998,243200.25256999998,243200.25271299997,2615.056480784946,45.452295,233942.20200999998,24248.24714002379,112.52465760000001,100.6309843478261,16.86741065444478,0.3824009186554276,38,64,,True,True,,451,56.69694568066818
106,2026-09-19T05:46:14.175+00:00,2026-09-19T05:50:10.319+00:00,2026-09-19T05:50:10.319+00:00,True,1,1.0,,1.0,236143.99013299998,236143.99013299998,236143.99013299998,236143.99013299998,236143.99013299998,236143.99013299998,nan,236143.99013299998,nan,nan,0.0042347044251974586,38,64,,True,True,,2,56.69694568066818
107,2026-09-19T05:46:14.665+00:00,2026-09-19T05:50:12.674+00:00,2026-09-19T05:50:22.283+00:00,True,98,98.0,,98.0,238008.801523,247617.959155,247617.95931900002,2526.713870602041,41.151245,238008.801523,24032.52043367676,115.19037569999999,99.06348074226804,19.34814879662693,0.3957709704676772,38,64,,True,True,,418,56.69694568066818
108,2026-09-19T05:46:15.265+00:00,2026-09-19T05:50:16.128+00:00,2026-09-19T05:50:21.780+00:00,True,60,60.0,,60.0,240863.61506600003,246515.16348200003,246515.16355400003,4108.586059233334,43.694438999999996,240863.61506600003,31082.999788342193,112.2469825,95.78895620338983,21.180831864042243,0.24339273557255664,38,64,,True,True,,229,56.69694568066818
109,2026-09-19T05:46:15.847+00:00,2026-09-19T05:50:19.731+00:00,2026-09-19T05:50:21.881+00:00,True,23,23.0,,23.0,243883.47194800002,246033.284172,246033.28418900003,10697.099312565218,45.292437,243883.47194800002,50832.84620151122,110.15755130000001,97.71873745454545,17.006535263991307,0.0934832865293172,38,64,,True,True,,106,56.69694568066818
110,2026-09-19T05:46:16.408+00:00,2026-09-19T05:50:22.181+00:00,2026-09-19T05:50:25.655+00:00,True,37,37.0,,37.0,245773.034574,249247.132238,249247.132365,6736.408982837837,46.044974,245773.034574,40388.97640815194,109.30948359999998,96.5027128888889,16.72343806457392,0.14844704397509217,38,64,,True,True,,131,56.69694568066818
111,2026-09-19T05:46:16.972+00:00,2026-09-19T05:50:24.736+00:00,2026-09-19T05:50:33.807+00:00,True,93,93.0,,93.0,247764.448505,256835.38303300002,256835.38317800002,2761.6707868602152,49.142567,247764.448505,25681.75729837487,110.02415659999998,98.59711443478261,15.895796634866112,0.3620996410297981,38,64,,True,True,,364,56.69694568066818
112,2026-09-19T05:46:17.429+00:00,2026-09-19T05:50:27.472+00:00,2026-09-19T05:50:27.985+00:00,True,6,6.0,,6.0,250043.803407,250556.714767,250556.714718,41759.452453,97.77653500000001,250043.803407,102038.07629121182,187559.3067145,102.582272,3.288707205852172,0.023946674131561693,38,64,,True,True,,18,56.69694568066818
113,2026-09-19T05:46:17.883+00:00,2026-09-19T05:50:30.098+00:00,2026-09-19T05:50:30.617+00:00,True,6,6.0,,6.0,252214.736362,252733.42513,252733.425097,42122.237516166664,99.99539999999999,252214.736362,102923.8842282899,189187.938717,103.73775359999999,3.0678101753343214,0.02374042925629542,38,64,,True,True,,13,56.69694568066818
114,2026-09-19T05:46:18.441+00:00,2026-09-19T05:50:32.485+00:00,2026-09-19T05:50:36.582+00:00,True,42,42.0,,42.0,254044.333204,258141.288852,258141.28875,6146.221160714285,46.910392,254044.333204,39184.47538926518,111.15612705,99.92574751219513,14.491212383045836,0.16270159720198746,38,64,,True,True,,200,56.69694568066818
115,2026-09-19T05:46:18.935+00:00,2026-09-19T05:50:35.218+00:00,2026-09-19T05:50:42.208+00:00,True,71,71.0,,71.0,256282.819443,263272.551795,263272.55180899997,3708.0641099859154,45.135896,256282.819443,30403.330545308796,113.47620900000001,99.85331931428571,19.25727162081611,0.26968250019198703,38,64,,True,True,,282,56.69694568066818
116,2026-09-19T05:46:19.398+00:00,2026-09-19T05:50:37.965+00:00,2026-09-19T05:50:43.471+00:00,True,56,56.0,,56.0,258566.500227,264073.139075,264073.139008,4715.591768,44.290487999999996,258566.500227,34539.0281596591,114.68341099999999,100.12070632727273,19.43364475086258,0.21206246192307848,38,64,,True,True,,229,56.69694568066818
117,2026-09-19T05:46:19.752+00:00,2026-09-19T05:50:39.967+00:00,2026-09-19T05:50:47.338+00:00,True,76,76.0,,76.0,260215.059831,267586.292343,267586.292194,3520.8722657105263,43.215311,260215.059831,29837.446439604235,111.77566,98.28310015999999,18.772193500158927,0.28402052786239496,38,64,,True,True,,267,56.69694568066818
118,2026-09-19T05:46:20.166+00:00,2026-09-19T05:50:42.423+00:00,2026-09-19T05:50:51.398+00:00,True,93,93.0,,93.0,262256.338712,271231.517208,271231.517123,2916.467926053763,46.687222999999996,262256.338712,27184.605093830698,111.9584226,97.556288,17.733808872416265,0.34288050650353014,38,64,,True,True,,350,56.69694568066818
119,2026-09-19T05:46:20.565+00:00,2026-09-19T05:50:44.103+00:00,2026-09-19T05:50:51.703+00:00,True,80,80.0,,80.0,263537.910951,271137.713831,271137.713782,3389.221422275,48.981077,263537.910951,29453.684130974565,110.00635424999999,96.20003645569619,18.024311294662738,0.29505301519899946,38,64,,True,True,,335,56.69694568066818
120,2026-09-19T05:46:20.912+00:00,2026-09-19T05:50:45.994+00:00,2026-09-19T05:50:46.203+00:00,True,3,3.0,,3.0,265082.260029,265291.885629,265291.885678,88430.62855933333,103.707602,265082.260029,152984.8004766902,238584.6258308,104.8128,1.5629209468837508,0.011308299132056299,38,64,,True,True,,10,56.69694568066818
121,2026-09-19T05:46:21.403+00:00,2026-09-19T05:50:48.693+00:00,2026-09-19T05:50:57.707+00:00,True,94,94.0,,94.0,267289.710601,276303.848201,276303.848046,2939.402638787234,44.493748,267289.710601,27558.837847769555,110.910797,96.92621075268816,18.85531448190591,0.3402051785091996,38,64,,True,True,,426,56.69694568066818
122,2026-09-19T05:46:21.941+00:00,2026-09-19T05:50:51.499+00:00,2026-09-19T05:50:57.921+00:00,True,67,67.0,,67.0,269558.20447399997,275980.24658599996,275980.246497,4119.108156671641,40.395227,269558.20447399997,32919.89345905712,110.37371859999999,97.30366836363636,18.157644104089794,0.2427709983914436,38,64,,True,True,,301,56.69694568066818
123,2026-09-19T05:46:22.738+00:00,2026-09-19T05:50:51.595+00:00,2026-09-19T05:50:52.921+00:00,True,16,16.0,,16.0,268857.577199,270182.884847,270182.884938,16886.430308625,46.601613,268857.577199,67192.3098706609,67294.24707425,88.3538432,24.098016955117338,0.05921914709386765,38,64,,True,True,,58,56.69694568066818
124,2026-09-19T05:46:22.902+00:00,2026-09-19T05:50:56.696+00:00,2026-09-19T05:51:04.584+00:00,True,79,79.0,,79.0,273793.948517,281682.032741,281682.032706,3565.595350708861,43.827939,273793.948517,30792.85190299075,112.6013259,101.12928492307692,15.705995421320193,0.28045807264050326,38,64,,True,True,,288,56.69694568066818
125,2026-09-19T05:46:23.443+00:00,2026-09-19T05:50:59.630+00:00,2026-09-19T05:51:04.368+00:00,True,48,48.0,,48.0,276187.356384,280925.855712,280925.85563999997,5852.6219925,46.823381999999995,276187.356384,39849.662555616684,111.16092270000001,100.81913463829787,16.652224249825778,0.17086358917852232,38,64,,True,True,,175,56.69694568066818
126,2026-09-19T05:46:23.986+00:00,2026-09-19T05:51:02.872+00:00,2026-09-19T05:51:06.372+00:00,True,35,35.0,,35.0,278885.89382999996,282385.60301399993,282385.60296899994,8068.16008482857,50.145525,278885.89382999996,47122.92307327374,113.88407149999999,102.93262305882352,13.6223741349847,0.12394399582143285,38,64,,True,True,,177,56.69694568066818
127,2026-09-19T05:46:24.578+00:00,2026-09-19T05:51:05.533+00:00,2026-09-19T05:51:12.662+00:00,True,76,76.0,,76.0,280955.053473,288084.285601,288084.28570300003,3790.582706618421,43.63174,280955.053473,32216.858312359585,111.16676475,95.05642837333333,21.59953677344708,0.26381168220074613,38,64,,True,True,,259,56.69694568066818
128,2026-09-19T05:46:25.209+00:00,2026-09-19T05:51:09.530+00:00,2026-09-19T05:51:11.979+00:00,True,25,25.0,,25.0,284320.953321,286769.49501699995,286769.494852,11470.77979408,48.862328,284320.953321,56843.78741454165,109.338629,102.02257066666667,12.241024354698975,0.08717803125649044,38,64,,True,True,,133,56.69694568066818
129,2026-09-19T05:46:25.607+00:00,2026-09-19T05:51:11.511+00:00,2026-09-19T05:51:18.738+00:00,True,74,74.0,,74.0,285903.250614,293130.56735,293130.56722900004,3961.223881472973,42.674882,285903.250614,33224.0733370578,111.17807615,99.00433884931506,17.535953338056196,0.25244723083295323,38,64,,True,True,,311,56.69694568066818
130,2026-09-19T05:46:26.167+00:00,2026-09-19T05:51:14.225+00:00,2026-09-19T05:51:19.777+00:00,True,56,56.0,,56.0,288058.12619700003,293609.813365,293609.813327,5243.032380839286,47.723451000000004,288058.12619700003,38479.90026576542,110.53682674999999,100.93976669090908,14.369431150706063,0.1907293198350417,38,64,,True,True,,338,56.69694568066818
131,2026-09-19T05:46:26.530+00:00,2026-09-19T05:51:16.361+00:00,2026-09-19T05:51:20.821+00:00,True,46,46.0,,46.0,289831.233736,294291.231688,294291.231661,6397.635470891305,44.740536999999996,289831.233736,42718.67473353364,112.43705624999998,99.11106559999999,18.236360224838776,0.15630774908294928,38,64,,True,True,,219,56.69694568066818
132,2026-09-19T05:46:27.019+00:00,2026-09-19T05:51:18.740+00:00,2026-09-19T05:51:22.636+00:00,True,40,40.0,,40.0,291721.37928399997,295616.74875599996,295616.74889499997,7390.418722375,42.491703,291721.37928399997,46109.41086148963,115.51746705,99.88126851282051,18.049366046785945,0.13531033058284436,38,64,,True,True,,183,56.69694568066818
133,2026-09-19T05:46:27.479+00:00,2026-09-19T05:51:21.038+00:00,2026-09-19T05:51:25.135+00:00,True,42,42.0,,42.0,293559.14401,297656.602954,297656.60301799997,7087.0619766190475,50.105515,293559.14401,45281.742925905615,114.53016065,99.93802302439025,20.129690095158065,0.1411021948889563,38,64,,True,True,,157,56.69694568066818
134,2026-09-19T05:46:28.079+00:00,2026-09-19T05:51:25.026+00:00,2026-09-19T05:51:28.092+00:00,False,32,31.0,,31.0,296947.402006,300012.814358,300012.81442199997,9375.400450687499,0.02465,296947.402006,52475.904846813515,113.01176955,98.88426941935484,23.000454265654113,0.1033289196874379,38,64,,True,False,Request timeout: 300.0s exceeded,153,56.69694568066818
135,2026-09-19T05:46:28.697+00:00,2026-09-19T05:51:28.195+00:00,2026-09-19T05:51:29.490+00:00,False,14,13.0,,13.0,299498.380663,300793.055863,300793.055903,21485.218278785713,0.02568,299498.380663,80017.69776785445,104900.21664885,99.5904,30.186463059561163,0.04321908284319241,38,64,,True,False,Request timeout: 300.0s exceeded,57,56.69694568066818
136,2026-09-19T05:46:29.199+00:00,2026-09-19T05:51:29.385+00:00,2026-09-19T05:51:29.604+00:00,False,4,3.0,,3.0,300185.576393,300405.21210500004,300405.211919,75101.30297975,0.02936,300185.576393,150056.19124062994,255174.86531225004,73.211904,63.528075011759775,0.009986511149318594,38,64,,True,False,Request timeout: 300.0s exceeded,4,56.69694568066818
137,2026-09-19T05:46:29.613+00:00,2026-09-19T05:51:29.664+00:00,2026-09-19T05:51:29.664+00:00,False,1,0.0,,0.0,300050.72723400005,300050.72723400005,300050.72723400005,300050.72723400005,300050.72723400005,300050.72723400005,nan,300050.72723400005,nan,nan,0.0,38,64,,True,False,"HTTPConnectionPool(host='gpu03', port=9002): Read timed out.",0,56.69694568066818
138,2026-09-19T05:46:30.191+00:00,2026-09-19T05:51:30.210+00:00,2026-09-19T05:51:30.210+00:00,False,1,0.0,,0.0,300018.74437699997,300018.74437699997,300018.74437699997,300018.74437699997,300018.74437699997,300018.74437699997,nan,300018.74437699997,nan,nan,0.0,38,64,,True,False,TTFT timeout: 300.0s exceeded (TTFT: 300.006s),0,56.69694568066818
139,2026-09-19T05:46:30.691+00:00,2026-09-19T05:51:30.788+00:00,2026-09-19T05:51:30.788+00:00,False,1,0.0,,0.0,300097.444411,300097.444411,300097.444411,300097.444411,300097.444411,300097.444411,nan,300097.444411,nan,nan,0.0,38,64,,True,False,TTFT timeout: 300.0s exceeded (TTFT: 300.091s),0,56.69694568066818
140,2026-09-19T05:46:31.307+00:00,2026-09-19T05:51:31.097+00:00,2026-09-19T05:51:31.362+00:00,False,5,4.0,,4.0,299790.024769,300055.153217,300055.15338000003,60011.030676,0.02175,299790.024769,134040.54005015737,239854.3033718,66.282112,51.63144083950336,0.013330882529810106,38,64,,True,False,Request timeout: 300.0s exceeded,13,56.69694568066818
141,2026-09-19T05:46:31.928+00:00,2026-09-19T05:51:31.986+00:00,2026-09-19T05:51:31.986+00:00,False,1,0.0,,0.0,300058.637514,300058.637514,300058.637514,300058.637514,300058.637514,300058.637514,nan,300058.637514,nan,nan,0.0,38,64,,True,False,"HTTPConnectionPool(host='gpu03', port=9002): Read timed out.",0,56.69694568066818
142,2026-09-19T05:46:32.429+00:00,2026-09-19T05:51:32.528+00:00,2026-09-19T05:51:32.528+00:00,False,1,0.0,,0.0,300099.601226,300099.601226,300099.601226,300099.601226,300099.601226,300099.601226,nan,300099.601226,nan,nan,0.0,38,64,,True,False,TTFT timeout: 300.0s exceeded (TTFT: 300.090s),0,56.69694568066818
143,2026-09-19T05:46:32.999+00:00,2026-09-19T05:51:32.910+00:00,2026-09-19T05:51:33.024+00:00,False,3,2.0,,2.0,299911.26306699996,300025.038939,300025.038946,100008.34631533331,0.024820000000000002,299911.26306699996,173121.01353614524,269931.51186619996,56.887936,80.4165728754318,0.006666110292236751,38,64,,True,False,Request timeout: 300.0s exceeded,4,56.69694568066818
144,2026-09-19T05:46:33.636+00:00,2026-09-19T05:51:33.690+00:00,2026-09-19T05:51:33.690+00:00,False,1,0.0,,0.0,300053.687302,300053.687302,300053.687302,300053.687302,300053.687302,300053.687302,nan,300053.687302,nan,nan,0.0,38,64,,True,False,"HTTPConnectionPool(host='gpu03', port=9002): Read timed out.",0,56.69694568066818
145,2026-09-19T05:46:34.224+00:00,2026-09-19T05:51:34.276+00:00,2026-09-19T05:51:34.276+00:00,False,1,0.0,,0.0,300051.384657,300051.384657,300051.384657,300051.384657,300051.384657,300051.384657,nan,300051.384657,nan,nan,0.0,38,64,,True,False,TTFT timeout: 300.0s exceeded (TTFT: 300.045s),0,56.69694568066818
146,2026-09-19T05:46:34.572+00:00,2026-09-19T05:51:34.407+00:00,2026-09-19T05:51:34.658+00:00,False,4,3.0,,3.0,299835.26173100004,300086.02448300004,300086.024526,75021.5061315,0.02469,299835.26173100004,149875.84927359407,254881.15735475003,83.587584,74.08599403100935,0.009997133339243364,38,64,,True,False,Request timeout: 300.0s exceeded,10,56.69694568066818
147,2026-09-19T05:46:35.054+00:00,2026-09-19T05:51:35.159+00:00,2026-09-19T05:51:35.159+00:00,False,1,0.0,,0.0,300105.634884,300105.634884,300105.634884,300105.634884,300105.634884,300105.634884,nan,300105.634884,nan,nan,0.0,38,64,,True,False,"HTTPConnectionPool(host='gpu03', port=9002): Read timed out.",0,56.69694568066818
148,2026-09-19T05:46:35.676+00:00,2026-09-19T05:51:35.697+00:00,2026-09-19T05:51:35.697+00:00,False,1,0.0,,0.0,300021.20646899997,300021.20646899997,300021.20646899997,300021.20646899997,300021.20646899997,300021.20646899997,nan,300021.20646899997,nan,nan,0.0,38,64,,True,False,"HTTPConnectionPool(host='gpu03', port=9002): Read timed out.",0,56.69694568066818
149,2026-09-19T05:46:36.212+00:00,2026-09-19T05:51:36.152+00:00,2026-09-19T05:51:36.254+00:00,False,3,2.0,,2.0,299939.668134,300042.09015,300042.090248,100014.03008266666,0.039689999999999996,299939.668134,173140.68898206265,269955.939563,51.211008,72.36718606224211,0.006665731461209794,38,64,,True,False,Request timeout: 300.0s exceeded,3,56.69694568066818
150,2026-09-19T05:46:36.641+00:00,2026-09-19T05:51:36.676+00:00,2026-09-19T05:51:36.676+00:00,False,1,0.0,,0.0,300034.91899599996,300034.91899599996,300034.91899599996,300034.91899599996,300034.91899599996,300034.91899599996,nan,300034.91899599996,nan,nan,0.0,38,64,,True,False,"HTTPConnectionPool(host='gpu03', port=9002): Read timed out.",0,56.69694568066818
151,2026-09-19T05:46:37.768+00:00,2026-09-19T05:51:37.676+00:00,2026-09-19T05:51:37.994+00:00,False,5,4.0,,4.0,299907.939174,300226.009958,300226.009945,60045.201989,0.038130000000000004,299907.939174,134087.3543975229,239948.7610078,79.517696,53.46322614148787,0.013323296008095963,38,64,,True,False,Request timeout: 300.0s exceeded,13,56.69694568066818
152,2026-09-19T05:46:37.784+00:00,2026-09-19T05:51:37.678+00:00,2026-09-19T05:51:37.997+00:00,False,5,4.0,,4.0,299894.828275,300213.526003,300213.526094,60042.705218799994,0.04238,299894.828275,134081.42085929474,239937.9045874,79.674432,53.261628622005716,0.013323850038522345,38,64,,True,False,Request timeout: 300.0s exceeded,16,56.69694568066818
153,2026-09-19T05:46:38.301+00:00,2026-09-19T05:51:38.322+00:00,2026-09-19T05:51:38.322+00:00,False,1,0.0,,0.0,300020.978323,300020.978323,300020.978323,300020.978323,300020.978323,300020.978323,nan,300020.978323,nan,nan,0.0,38,64,,True,False,"HTTPConnectionPool(host='gpu03', port=9002): Read timed out.",0,56.69694568066818
154,2026-09-19T05:46:38.701+00:00,2026-09-19T05:51:39.174+00:00,2026-09-19T05:51:39.476+00:00,False,5,4.0,,4.0,300473.341014,300775.363926,300775.364031,60155.0728062,0.02581,300473.341014,134342.0129342933,240415.40889900003,75.505728,77.9185651150589,0.0132989615498699,38,64,,True,False,Request timeout: 300.0s exceeded,12,56.69694568066818
155,2026-09-19T05:46:39.164+00:00,2026-09-19T05:51:39.359+00:00,2026-09-19T05:51:39.577+00:00,False,6,5.0,,5.0,300195.246726,300413.47725399997,300413.477045,50068.91284083333,0.02442,300195.246726,122536.37991183942,225162.69718949997,43.6461056,25.1300602045053,0.0166437273244319,38,64,,True,False,Request timeout: 300.0s exceeded,26,56.69694568066818
156,2026-09-19T05:46:39.604+00:00,2026-09-19T05:51:39.635+00:00,2026-09-19T05:51:39.635+00:00,False,1,0.0,,0.0,300030.658667,300030.658667,300030.658667,300030.658667,300030.658667,300030.658667,nan,300030.658667,nan,nan,0.0,38,64,,True,False,"HTTPConnectionPool(host='gpu03', port=9002): Read timed out.",0,56.69694568066818
157,2026-09-19T05:46:40.169+00:00,2026-09-19T05:51:40.277+00:00,2026-09-19T05:51:40.277+00:00,False,1,0.0,,0.0,300107.14591900003,300107.14591900003,300107.14591900003,300107.14591900003,300107.14591900003,300107.14591900003,nan,300107.14591900003,nan,nan,0.0,38,64,,True,False,"HTTPConnectionPool(host='gpu03', port=9002): Read timed out.",0,56.69694568066818
158,2026-09-19T05:46:40.763+00:00,2026-09-19T05:51:40.775+00:00,2026-09-19T05:51:40.775+00:00,False,1,0.0,,0.0,300012.625826,300012.625826,300012.625826,300012.625826,300012.625826,300012.625826,nan,300012.625826,nan,nan,0.0,38,64,,True,False,TTFT timeout: 300.0s exceeded (TTFT: 300.002s),0,56.69694568066818
159,2026-09-19T05:46:41.236+00:00,2026-09-19T05:51:40.954+00:00,2026-09-19T05:51:41.269+00:00,False,5,4.0,,4.0,299717.591857,300033.487921,300033.487993,60006.6975986,0.06448999999999999,299717.591857,134002.4720338601,239799.4765154,78.974016,54.808863675352946,0.01333184514740973,38,64,,True,False,Request timeout: 300.0s exceeded,6,56.69694568066818
160,2026-09-19T05:46:41.810+00:00,2026-09-19T05:51:41.903+00:00,2026-09-19T05:51:41.903+00:00,False,1,0.0,,0.0,300092.431956,300092.431956,300092.431956,300092.431956,300092.431956,300092.431956,nan,300092.431956,nan,nan,0.0,38,64,,True,False,"HTTPConnectionPool(host='gpu03', port=9002): Read timed out.",0,56.69694568066818
161,2026-09-19T05:46:42.441+00:00,2026-09-19T05:51:42.537+00:00,2026-09-19T05:51:42.537+00:00,False,1,0.0,,0.0,300095.89342000004,300095.89342000004,300095.89342000004,300095.89342000004,300095.89342000004,300095.89342000004,nan,300095.89342000004,nan,nan,0.0,38,64,,True,False,TTFT timeout: 300.0s exceeded (TTFT: 300.084s),0,56.69694568066818
162,2026-09-19T05:46:42.994+00:00,2026-09-19T05:51:42.818+00:00,2026-09-19T05:51:43.036+00:00,False,4,3.0,,3.0,299823.980072,300042.285352,300042.285452,75010.571363,0.01993,299823.980072,149875.61469528577,254867.54250440001,72.76842666666667,63.220668954542056,0.009998590686911002,38,64,,True,False,Request timeout: 300.0s exceeded,7,56.69694568066818
163,2026-09-19T05:46:43.395+00:00,2026-09-19T05:51:43.499+00:00,2026-09-19T05:51:43.499+00:00,False,1,0.0,,0.0,300103.642582,300103.642582,300103.642582,300103.642582,300103.642582,300103.642582,nan,300103.642582,nan,nan,0.0,38,64,,True,False,"HTTPConnectionPool(host='gpu03', port=9002): Read timed out.",0,56.69694568066818
164,2026-09-19T05:46:43.891+00:00,2026-09-19T05:51:43.944+00:00,2026-09-19T05:51:43.944+00:00,False,1,0.0,,0.0,300053.60281099996,300053.60281099996,300053.60281099996,300053.60281099996,300053.60281099996,300053.60281099996,nan,300053.60281099996,nan,nan,0.0,38,64,,True,False,"HTTPConnectionPool(host='gpu03', port=9002): Read timed out.",0,56.69694568066818
165,2026-09-19T05:46:44.508+00:00,2026-09-19T05:51:44.350+00:00,2026-09-19T05:51:44.630+00:00,False,4,3.0,,3.0,299842.33591799997,300122.246574,300122.24664599996,75030.56166149999,0.0261,299842.33591799997,149874.53083681993,254888.2190973,93.303552,81.20402322669723,0.009995926773993082,38,64,,True,False,Request timeout: 300.0s exceeded,6,56.69694568066818
166,2026-09-19T05:46:45.131+00:00,2026-09-19T05:51:45.219+00:00,2026-09-19T05:51:45.219+00:00,False,1,0.0,,0.0,300087.806356,300087.806356,300087.806356,300087.806356,300087.806356,300087.806356,nan,300087.806356,nan,nan,0.0,38,64,,True,False,"HTTPConnectionPool(host='gpu03', port=9002): Read timed out.",0,56.69694568066818
167,2026-09-19T05:46:45.661+00:00,2026-09-19T05:51:45.774+00:00,2026-09-19T05:51:45.774+00:00,False,1,0.0,,0.0,300112.765056,300112.765056,300112.765056,300112.765056,300112.765056,300112.765056,nan,300112.765056,nan,nan,0.0,38,64,,True,False,"HTTPConnectionPool(host='gpu03', port=9002): Read timed out.",0,56.69694568066818
168,2026-09-19T05:46:46.083+00:00,2026-09-19T05:51:46.012+00:00,2026-09-19T05:51:46.172+00:00,False,3,2.0,,2.0,299928.82525,300088.982946,300088.98284199997,100029.66094733334,0.024050000000000002,299928.82525,173117.77299122338,269951.9560792,80.078848,113.21456126564865,0.006664689854208654,38,64,,True,False,Request timeout: 300.0s exceeded,8,56.69694568066818
169,2026-09-19T05:46:46.574+00:00,2026-09-19T05:51:46.284+00:00,2026-09-19T05:51:46.584+00:00,False,5,4.0,,4.0,299709.763907,300010.35475500004,300010.354657,60002.070931400005,0.02079,299709.763907,134000.68115543443,239789.34374620003,75.147712,50.36827927988307,0.013332873137884036,38,64,,True,False,Request timeout: 300.0s exceeded,21,56.69694568066818
170,2026-09-19T05:46:47.196+00:00,2026-09-19T05:51:47.290+00:00,2026-09-19T05:51:47.290+00:00,False,1,0.0,,0.0,300094.279787,300094.279787,300094.279787,300094.279787,300094.279787,300094.279787,nan,300094.279787,nan,nan,0.0,38,64,,True,False,TTFT timeout: 300.0s exceeded (TTFT: 300.088s),0,56.69694568066818
171,2026-09-19T05:46:47.625+00:00,2026-09-19T05:51:47.679+00:00,2026-09-19T05:51:47.679+00:00,False,1,0.0,,0.0,300053.752922,300053.752922,300053.752922,300053.752922,300053.752922,300053.752922,nan,300053.752922,nan,nan,0.0,38,64,,True,False,TTFT timeout: 300.0s exceeded (TTFT: 300.046s),0,56.69694568066818
172,2026-09-19T05:46:48.057+00:00,2026-09-19T05:51:47.932+00:00,2026-09-19T05:51:48.068+00:00,False,3,2.0,,2.0,299875.253633,300010.754433,300010.754542,100003.58484733333,0.02866,299875.253633,173093.9559130153,269901.2754946,67.7504,95.77298620494177,0.006666427687833607,38,64,,True,False,Request timeout: 300.0s exceeded,10,56.69694568066818
173,2026-09-19T05:46:48.431+00:00,2026-09-19T05:51:48.162+00:00,2026-09-19T05:51:48.521+00:00,False,6,5.0,,5.0,299731.259143,300089.790983,300089.79092,50014.96515333333,0.07659,299731.259143,122335.50705373372,224825.15980875,71.706368,45.9613293070522,0.01666167977131634,38,64,,True,False,Request timeout: 300.0s exceeded,23,56.69694568066818
174,2026-09-19T05:46:49.038+00:00,2026-09-19T05:51:49.110+00:00,2026-09-19T05:51:49.110+00:00,False,1,0.0,,0.0,300071.345047,300071.345047,300071.345047,300071.345047,300071.345047,300071.345047,nan,300071.345047,nan,nan,0.0,38,64,,True,False,TTFT timeout: 300.0s exceeded (TTFT: 300.066s),0,56.69694568066818
175,2026-09-19T05:46:49.481+00:00,2026-09-19T05:51:49.393+00:00,2026-09-19T05:51:49.525+00:00,False,3,2.0,,2.0,299911.99266900006,300043.35164500005,300043.35169700003,100014.45056566669,0.019280000000000002,299911.99266900006,173116.36206748855,269933.92737690004,65.679488,92.85766979892338,0.006665703435969894,38,64,,True,False,Request timeout: 300.0s exceeded,4,56.69694568066818
176,2026-09-19T05:46:49.880+00:00,2026-09-19T05:51:49.655+00:00,2026-09-19T05:51:49.910+00:00,False,5,4.0,,4.0,299775.29401099996,300029.83865099994,300029.83860599995,60005.967721199995,0.07887999999999999,299775.29401099996,134035.13554088297,239843.0995146,63.63616,51.48145894197151,0.01333200730295653,38,64,,True,False,Request timeout: 300.0s exceeded,13,56.69694568066818
177,2026-09-19T05:46:50.412+00:00,2026-09-19T05:51:50.754+00:00,2026-09-19T05:51:51.460+00:00,False,8,7.0,,7.0,300342.296658,301048.62779399997,301048.627843,37631.078480375,0.08145000000000001,300342.296658,106151.37156093302,195274.27621845,100.904448,48.12634920788747,0.023252057487503065,38,64,,True,False,Request timeout: 300.0s exceeded,21,56.69694568066818
178,2026-09-19T05:46:50.833+00:00,2026-09-19T05:51:50.996+00:00,2026-09-19T05:51:51.567+00:00,False,7,6.0,,6.0,300163.324411,300734.411515,300734.411558,42962.058794000004,0.02445,300163.324411,113415.10680350981,210159.16003029997,95.181184,50.00013075676471,0.01995115879747181,38,64,,True,False,Request timeout: 300.0s exceeded,23,56.69694568066818
179,2026-09-19T05:46:51.299+00:00,2026-09-19T05:51:51.361+00:00,2026-09-19T05:51:51.566+00:00,False,4,3.0,,3.0,300062.359527,300267.714791,300267.714802,75066.9287005,0.03707,300062.359527,149996.96168795772,255068.5640967,68.45175466666667,59.258368033915396,0.009991084130000912,38,64,,True,False,Request timeout: 300.0s exceeded,11,56.69694568066818
180,2026-09-19T05:46:51.778+00:00,2026-09-19T05:51:51.840+00:00,2026-09-19T05:51:51.840+00:00,False,1,0.0,,0.0,300061.316977,300061.316977,300061.316977,300061.316977,300061.316977,300061.316977,nan,300061.316977,nan,nan,0.0,38,64,,True,False,"HTTPConnectionPool(host='gpu03', port=9002): Read timed out.",0,56.69694568066818
181,2026-09-19T05:46:52.341+00:00,2026-09-19T05:51:52.388+00:00,2026-09-19T05:51:52.388+00:00,False,1,0.0,,0.0,300047.353589,300047.353589,300047.353589,300047.353589,300047.353589,300047.353589,nan,300047.353589,nan,nan,0.0,38,64,,True,False,"HTTPConnectionPool(host='gpu03', port=9002): Read timed out.",0,56.69694568066818
182,2026-09-19T05:46:52.685+00:00,2026-09-19T05:51:52.767+00:00,2026-09-19T05:51:52.767+00:00,False,1,0.0,,0.0,300082.10240499995,300082.10240499995,300082.10240499995,300082.10240499995,300082.10240499995,300082.10240499995,nan,300082.10240499995,nan,nan,0.0,38,64,,True,False,"HTTPConnectionPool(host='gpu03', port=9002): Read timed out.",0,56.69694568066818
183,2026-09-19T05:46:53.198+00:00,2026-09-19T05:51:52.988+00:00,2026-09-19T05:51:53.266+00:00,False,5,4.0,,4.0,299790.225055,300068.558239,300068.558231,60013.7116462,0.026449999999999998,299790.225055,134039.15202480817,239852.499772,69.583296,46.989491379655284,0.013330286996660482,38,64,,True,False,Request timeout: 300.0s exceeded,6,56.69694568066818
184,2026-09-19T05:46:53.786+00:00,2026-09-19T05:51:53.681+00:00,2026-09-19T05:51:53.833+00:00,False,4,3.0,,3.0,299894.72374299995,300047.1261749999,300047.12626899994,75011.78156724999,0.02308,299894.72374299995,149921.96754696983,254926.20796449998,50.80081066666666,52.363949095226246,0.009998429374225288,38,64,,True,False,Request timeout: 300.0s exceeded,10,56.69694568066818
185,2026-09-19T05:46:54.381+00:00,2026-09-19T05:51:54.495+00:00,2026-09-19T05:51:54.495+00:00,False,1,0.0,,0.0,300114.124788,300114.124788,300114.124788,300114.124788,300114.124788,300114.124788,nan,300114.124788,nan,nan,0.0,38,64,,True,False,"HTTPConnectionPool(host='gpu03', port=9002): Read timed out.",0,56.69694568066818
186,2026-09-19T05:46:54.793+00:00,2026-09-19T05:51:54.779+00:00,2026-09-19T05:51:54.885+00:00,False,3,2.0,,2.0,299985.730028,300091.687916,300091.68791800004,100030.56263933334,0.03694,299985.730028,173166.26266951705,269997.7491202,52.978944,74.87104551756943,0.006664629779948549,38,64,,True,False,Request timeout: 300.0s exceeded,10,56.69694568066818
187,2026-09-19T05:46:55.656+00:00,2026-09-19T05:51:54.780+00:00,2026-09-19T05:51:55.809+00:00,False,12,11.0,,11.0,299123.95502999995,300152.9229659999,300152.92292199994,25012.74357683333,0.055310000000000005,299123.95502999995,86322.65204466523,134676.93515109998,93.54253963636364,37.66446821519344,0.036647985604478135,38,64,,True,False,Request timeout: 300.0s exceeded,47,56.69694568066818
188,2026-09-19T05:46:55.809+00:00,2026-09-19T05:51:56.024+00:00,2026-09-19T05:51:56.024+00:00,False,1,0.0,,0.0,300214.86199299997,300214.86199299997,300214.86199299997,300214.86199299997,300214.86199299997,300214.86199299997,nan,300214.86199299997,nan,nan,0.0,38,64,,True,False,TTFT timeout: 300.0s exceeded (TTFT: 300.012s),0,56.69694568066818
189,2026-09-19T05:46:56.218+00:00,2026-09-19T05:51:56.276+00:00,2026-09-19T05:51:56.276+00:00,False,1,0.0,,0.0,300058.235993,300058.235993,300058.235993,300058.235993,300058.235993,300058.235993,nan,300058.235993,nan,nan,0.0,38,64,,True,False,"HTTPConnectionPool(host='gpu03', port=9002): Read timed out.",0,56.69694568066818
190,2026-09-19T05:46:56.728+00:00,2026-09-19T05:51:56.827+00:00,2026-09-19T05:51:56.827+00:00,False,1,0.0,,0.0,300098.611106,300098.611106,300098.611106,300098.611106,300098.611106,300098.611106,nan,300098.611106,nan,nan,0.0,38,64,,True,False,"HTTPConnectionPool(host='gpu03', port=9002): Read timed out.",0,56.69694568066818
191,2026-09-19T05:46:57.227+00:00,2026-09-19T05:51:57.291+00:00,2026-09-19T05:51:57.291+00:00,False,1,0.0,,0.0,300064.318375,300064.318375,300064.318375,300064.318375,300064.318375,300064.318375,nan,300064.318375,nan,nan,0.0,38,64,,True,False,TTFT timeout: 300.0s exceeded (TTFT: 300.055s),0,56.69694568066818
192,2026-09-19T05:46:57.634+00:00,2026-09-19T05:51:57.407+00:00,2026-09-19T05:51:57.710+00:00,False,5,4.0,,4.0,299772.552577,300075.961729,300075.961841,60015.1923682,0.041919,299772.552577,134028.44604228376,239838.85890460003,75.852288,50.58394001616434,0.013329958111114608,38,64,,True,False,Request timeout: 300.0s exceeded,12,56.69694568066818
193,2026-09-19T05:46:58.244+00:00,2026-09-19T05:51:58.325+00:00,2026-09-19T05:51:58.325+00:00,False,1,0.0,,0.0,300080.7428,300080.7428,300080.7428,300080.7428,300080.7428,300080.7428,nan,300080.7428,nan,nan,0.0,38,64,,True,False,TTFT timeout: 300.0s exceeded (TTFT: 300.061s),0,56.69694568066818
194,2026-09-19T05:46:58.823+00:00,2026-09-19T05:51:58.929+00:00,2026-09-19T05:51:58.929+00:00,False,1,0.0,,0.0,300105.803733,300105.803733,300105.803733,300105.803733,300105.803733,300105.803733,nan,300105.803733,nan,nan,0.0,38,64,,True,False,TTFT timeout: 300.0s exceeded (TTFT: 300.099s),0,56.69694568066818
195,2026-09-19T05:46:59.179+00:00,2026-09-19T05:51:59.076+00:00,2026-09-19T05:51:59.200+00:00,False,3,2.0,,2.0,299896.30183899996,300020.77441499993,300020.77427299996,100006.92475766665,0.056149,299896.30183899996,173109.2896664805,269919.11328359996,62.236288,87.93575405352506,0.0066662050449664036,38,64,,True,False,Request timeout: 300.0s exceeded,4,56.69694568066818
196,2026-09-19T05:46:59.614+00:00,2026-09-19T05:51:59.425+00:00,2026-09-19T05:51:59.620+00:00,False,4,3.0,,3.0,299811.52260900004,300006.723377,300006.72343,75001.6808575,0.064339,299811.52260900004,149873.2348872944,254854.64922120006,65.06692266666667,56.31302236766446,0.009999775892455865,38,64,,True,False,Request timeout: 300.0s exceeded,7,56.69694568066818
197,2026-09-19T05:46:59.965+00:00,2026-09-19T05:52:00.037+00:00,2026-09-19T05:52:00.037+00:00,False,1,0.0,,0.0,300072.42398,300072.42398,300072.42398,300072.42398,300072.42398,300072.42398,nan,300072.42398,nan,nan,0.0,38,64,,True,False,"HTTPConnectionPool(host='gpu03', port=9002): Read timed out.",0,56.69694568066818
198,2026-09-19T05:47:00.547+00:00,2026-09-19T05:52:00.555+00:00,2026-09-19T05:52:00.662+00:00,False,3,2.0,,2.0,300008.311422,300115.481726,300115.481818,100038.49393933333,0.02071,300008.311422,173178.9502139121,270018.19524840004,53.585152,75.75152356779441,0.006664101393562774,38,64,,True,False,Request timeout: 300.0s exceeded,3,56.69694568066818
199,2026-09-19T05:47:00.932+00:00,2026-09-19T05:52:00.802+00:00,2026-09-19T05:52:01.016+00:00,False,4,3.0,,3.0,299870.07292,300084.389208,300084.389143,75021.09728575,0.02444,299870.07292,149899.32561152749,254906.04015850005,71.43876266666668,61.9057840612959,0.009997187817459525,38,64,,True,False,Request timeout: 300.0s exceeded,9,56.69694568066818
200,2026-09-19T05:47:01.291+00:00,2026-09-19T05:52:01.339+00:00,2026-09-19T05:52:01.339+00:00,False,1,0.0,,0.0,300048.51447000005,300048.51447000005,300048.51447000005,300048.51447000005,300048.51447000005,300048.51447000005,nan,300048.51447000005,nan,nan,0.0,38,64,,True,False,"HTTPConnectionPool(host='gpu03', port=9002): Read timed out.",0,56.69694568066818
201,2026-09-19T05:47:01.662+00:00,2026-09-19T05:52:01.771+00:00,2026-09-19T05:52:01.771+00:00,False,1,0.0,,0.0,300108.89687199995,300108.89687199995,300108.89687199995,300108.89687199995,300108.89687199995,300108.89687199995,nan,300108.89687199995,nan,nan,0.0,38,64,,True,False,"HTTPConnectionPool(host='gpu03', port=9002): Read timed out.",0,56.69694568066818
202,2026-09-19T05:47:02.014+00:00,2026-09-19T05:52:02.037+00:00,2026-09-19T05:52:02.037+00:00,False,1,0.0,,0.0,300023.076464,300023.076464,300023.076464,300023.076464,300023.076464,300023.076464,nan,300023.076464,nan,nan,0.0,38,64,,True,False,"HTTPConnectionPool(host='gpu03', port=9002): Read timed out.",0,56.69694568066818
203,2026-09-19T05:47:02.577+00:00,2026-09-19T05:52:02.334+00:00,2026-09-19T05:52:02.600+00:00,False,4,3.0,,3.0,299757.01151499996,300022.643771,300022.64373199997,75005.66093299999,0.03986,299757.01151499996,149834.2468256219,254813.97293185,88.54408533333333,76.74896890231804,0.009999245264600186,38,64,,True,False,Request timeout: 300.0s exceeded,22,56.69694568066818
204,2026-09-19T05:47:03.075+00:00,2026-09-19T05:52:02.688+00:00,2026-09-19T05:52:03.098+00:00,False,8,7.0,,7.0,299613.015303,300023.10170299996,300023.101547,37502.887693375,0.07024,299613.015303,105908.49035265663,194785.78920675002,58.583771428571424,36.562311486059,0.023331536672564192,38,64,,True,False,Request timeout: 300.0s exceeded,19,56.69694568066818
205,2026-09-19T05:47:03.637+00:00,2026-09-19T05:52:03.747+00:00,2026-09-19T05:52:03.747+00:00,False,1,0.0,,0.0,300109.97465,300109.97465,300109.97465,300109.97465,300109.97465,300109.97465,nan,300109.97465,nan,nan,0.0,38,64,,True,False,"HTTPConnectionPool(host='gpu03', port=9002): Read timed out.",0,56.69694568066818
206,2026-09-19T05:47:04.221+00:00,2026-09-19T05:52:04.083+00:00,2026-09-19T05:52:05.150+00:00,False,12,11.0,,11.0,299861.868445,300928.475293,300928.47526499996,25077.37293875,0.040049999999999995,299861.868445,86534.67975055995,135005.5574311,96.9642589090909,32.90428777644373,0.036553536481683274,38,64,,True,False,Request timeout: 300.0s exceeded,30,56.69694568066818
207,2026-09-19T05:47:04.625+00:00,2026-09-19T05:52:04.536+00:00,2026-09-19T05:52:05.151+00:00,False,8,7.0,,7.0,299911.51636799995,300526.0855839999,300526.08560799994,37565.76070099999,0.024,299911.51636799995,106003.6991787761,194981.30963349997,87.79560228571428,38.91626084289043,0.023292487194238695,38,64,,True,False,Request timeout: 300.0s exceeded,15,56.69694568066818
208,2026-09-19T05:47:04.975+00:00,2026-09-19T05:52:05.261+00:00,2026-09-19T05:52:05.261+00:00,False,1,0.0,,0.0,300285.74434100004,300285.74434100004,300285.74434100004,300285.74434100004,300285.74434100004,300285.74434100004,nan,300285.74434100004,nan,nan,0.0,38,64,,True,False,"HTTPConnectionPool(host='gpu03', port=9002): Read timed out.",0,56.69694568066818
209,2026-09-19T05:47:05.558+00:00,2026-09-19T05:52:05.609+00:00,2026-09-19T05:52:05.609+00:00,False,1,0.0,,0.0,300051.71485000005,300051.71485000005,300051.71485000005,300051.71485000005,300051.71485000005,300051.71485000005,nan,300051.71485000005,nan,nan,0.0,38,64,,True,False,"HTTPConnectionPool(host='gpu03', port=9002): Read timed out.",0,56.69694568066818
210,2026-09-19T05:47:05.954+00:00,2026-09-19T05:52:06.060+00:00,2026-09-19T05:52:06.060+00:00,False,1,0.0,,0.0,300105.962732,300105.962732,300105.962732,300105.962732,300105.962732,300105.962732,nan,300105.962732,nan,nan,0.0,38,64,,True,False,"HTTPConnectionPool(host='gpu03', port=9002): Read timed out.",0,56.69694568066818
211,2026-09-19T05:47:06.493+00:00,2026-09-19T05:52:06.545+00:00,2026-09-19T05:52:06.545+00:00,False,1,0.0,,0.0,300051.283537,300051.283537,300051.283537,300051.283537,300051.283537,300051.283537,nan,300051.283537,nan,nan,0.0,38,64,,True,False,TTFT timeout: 300.0s exceeded (TTFT: 300.032s),0,56.69694568066818
212,2026-09-19T05:47:07.012+00:00,2026-09-19T05:52:06.648+00:00,2026-09-19T05:52:07.045+00:00,False,8,7.0,,7.0,299636.171139,300033.887619,300033.88743199996,37504.235928999995,0.03764,299636.171139,105917.30116227372,194799.73049825002,56.81664,33.78288870394897,0.02333069792732545,38,64,,True,False,Request timeout: 300.0s exceeded,41,56.69694568066818
213,2026-09-19T05:47:07.612+00:00,2026-09-19T05:52:07.714+00:00,2026-09-19T05:52:07.714+00:00,False,1,0.0,,0.0,300102.724225,300102.724225,300102.724225,300102.724225,300102.724225,300102.724225,nan,300102.724225,nan,nan,0.0,38,64,,True,False,"HTTPConnectionPool(host='gpu03', port=9002): Read timed out.",0,56.69694568066818
214,2026-09-19T05:47:08.087+00:00,2026-09-19T05:52:08.127+00:00,2026-09-19T05:52:08.127+00:00,False,1,0.0,,0.0,300039.690147,300039.690147,300039.690147,300039.690147,300039.690147,300039.690147,nan,300039.690147,nan,nan,0.0,38,64,,True,False,TTFT timeout: 300.0s exceeded (TTFT: 300.034s),0,56.69694568066818
215,2026-09-19T05:47:08.635+00:00,2026-09-19T05:52:08.506+00:00,2026-09-19T05:52:08.709+00:00,False,4,3.0,,3.0,299871.563529,300074.288137,300074.288061,75018.57201525,0.056369,299871.563529,149902.00202054475,254906.90123519997,67.57486933333333,58.760894590133574,0.009997524341806783,38,64,,True,False,Request timeout: 300.0s exceeded,10,56.69694568066818
216,2026-09-19T05:47:09.004+00:00,2026-09-19T05:52:09.033+00:00,2026-09-19T05:52:09.033+00:00,False,1,0.0,,0.0,300028.808073,300028.808073,300028.808073,300028.808073,300028.808073,300028.808073,nan,300028.808073,nan,nan,0.0,38,64,,True,False,"HTTPConnectionPool(host='gpu03', port=9002): Read timed out.",0,56.69694568066818
217,2026-09-19T05:47:09.392+00:00,2026-09-19T05:52:09.466+00:00,2026-09-19T05:52:09.466+00:00,False,1,0.0,,0.0,300074.300346,300074.300346,300074.300346,300074.300346,300074.300346,300074.300346,nan,300074.300346,nan,nan,0.0,38,64,,True,False,TTFT timeout: 300.0s exceeded (TTFT: 300.066s),0,56.69694568066818
218,2026-09-19T05:47:09.759+00:00,2026-09-19T05:52:09.730+00:00,2026-09-19T05:52:09.862+00:00,False,3,2.0,,2.0,299971.366028,300103.16148400004,300103.16145400004,100034.38715133334,0.06956,299971.366028,173150.5153763402,269987.4020118,65.897728,93.09498614839809,0.006664374977291366,38,64,,True,False,Request timeout: 300.0s exceeded,2,56.69694568066818
219,2026-09-19T05:47:10.239+00:00,2026-09-19T05:52:09.992+00:00,2026-09-19T05:52:10.303+00:00,False,5,4.0,,4.0,299753.74150999996,300064.25107799994,300064.25114699994,60012.85022939999,0.05271,299753.74150999996,134019.23999249734,239824.43393519998,77.627392,51.84154630248219,0.013330478341321051,38,64,,True,False,Request timeout: 300.0s exceeded,11,56.69694568066818
220,2026-09-19T05:47:10.874+00:00,2026-09-19T05:52:10.883+00:00,2026-09-19T05:52:10.883+00:00,False,1,0.0,,0.0,300008.878162,300008.878162,300008.878162,300008.878162,300008.878162,300008.878162,nan,300008.878162,nan,nan,0.0,38,64,,True,False,"HTTPConnectionPool(host='gpu03', port=9002): Read timed out.",0,56.69694568066818
221,2026-09-19T05:47:11.433+00:00,2026-09-19T05:52:11.358+00:00,2026-09-19T05:52:11.507+00:00,False,3,2.0,,2.0,299925.303296,300073.645824,300073.64578099997,100024.54859366667,0.023149999999999997,299925.303296,173119.14768696573,269947.6048999,74.171264,104.86142400667822,0.0066650304944575025,38,64,,True,False,Request timeout: 300.0s exceeded,4,56.69694568066818
222,2026-09-19T05:47:12.017+00:00,2026-09-19T05:52:11.733+00:00,2026-09-19T05:52:12.129+00:00,False,6,5.0,,5.0,299715.434767,300111.444495,300111.444274,50018.57404566667,0.03839,299715.434767,122325.98626809068,224812.19996225004,79.20194559999999,44.3773796480621,0.01666047760495619,38,64,,True,False,Request timeout: 300.0s exceeded,14,56.69694568066818
223,2026-09-19T05:47:12.420+00:00,2026-09-19T05:52:12.531+00:00,2026-09-19T05:52:12.531+00:00,False,1,0.0,,0.0,300110.52081,300110.52081,300110.52081,300110.52081,300110.52081,300110.52081,nan,300110.52081,nan,nan,0.0,38,64,,True,False,"HTTPConnectionPool(host='gpu03', port=9002): Read timed out.",0,56.69694568066818
224,2026-09-19T05:47:12.870+00:00,2026-09-19T05:52:12.933+00:00,2026-09-19T05:52:12.933+00:00,False,1,0.0,,0.0,300063.368327,300063.368327,300063.368327,300063.368327,300063.368327,300063.368327,nan,300063.368327,nan,nan,0.0,38,64,,True,False,"HTTPConnectionPool(host='gpu03', port=9002): Read timed out.",0,56.69694568066818
225,2026-09-19T05:47:13.353+00:00,2026-09-19T05:52:13.220+00:00,2026-09-19T05:52:13.470+00:00,False,4,3.0,,3.0,299866.376107,300117.044139,300117.043991,75029.26099775,0.03716,299866.376107,149891.42200670956,254906.95863789998,83.55601066666667,73.25530855609439,0.0099961000502542,38,64,,True,False,Request timeout: 300.0s exceeded,8,56.69694568066818
226,2026-09-19T05:47:13.781+00:00,2026-09-19T05:52:13.467+00:00,2026-09-19T05:52:13.818+00:00,False,6,5.0,,5.0,299685.947482,300037.709914,300037.70990799996,50006.284984666665,0.02684,299685.947482,122317.56106841005,224790.19760575,70.3524864,44.97458711320655,0.016664571934751647,38,64,,True,False,Request timeout: 300.0s exceeded,16,56.69694568066818
227,2026-09-19T05:47:14.217+00:00,2026-09-19T05:52:14.239+00:00,2026-09-19T05:52:14.239+00:00,False,1,0.0,,0.0,300021.468959,300021.468959,300021.468959,300021.468959,300021.468959,300021.468959,nan,300021.468959,nan,nan,0.0,38,64,,True,False,"HTTPConnectionPool(host='gpu03', port=9002): Read timed out.",0,56.69694568066818
228,2026-09-19T05:47:14.666+00:00,2026-09-19T05:52:14.643+00:00,2026-09-19T05:52:14.781+00:00,False,3,2.0,,2.0,299977.129068,300114.949484,300114.94937,100038.31645666667,0.020059999999999998,299977.129068,173152.10462817666,269993.1961854,68.910208,97.42514968446551,0.006664113212083179,38,64,,True,False,Request timeout: 300.0s exceeded,4,56.69694568066818
229,2026-09-19T05:47:15.257+00:00,2026-09-19T05:52:15.023+00:00,2026-09-19T05:52:15.348+00:00,False,5,4.0,,4.0,299765.86150199996,300090.77874999994,300090.77889399993,60018.15577879999,0.02557,299765.86150199996,134023.0503069253,239835.93267659994,81.229312,54.93890813528011,0.013329299942709424,38,64,,True,False,Request timeout: 300.0s exceeded,13,56.69694568066818
230,2026-09-19T05:47:15.649+00:00,2026-09-19T05:52:15.664+00:00,2026-09-19T05:52:15.664+00:00,False,1,0.0,,0.0,300015.64088599995,300015.64088599995,300015.64088599995,300015.64088599995,300015.64088599995,300015.64088599995,nan,300015.64088599995,nan,nan,0.0,38,64,,True,False,"HTTPConnectionPool(host='gpu03', port=9002): Read timed out.",0,56.69694568066818
231,2026-09-19T05:47:16.272+00:00,2026-09-19T05:52:16.380+00:00,2026-09-19T05:52:16.380+00:00,False,1,0.0,,0.0,300108.618688,300108.618688,300108.618688,300108.618688,300108.618688,300108.618688,nan,300108.618688,nan,nan,0.0,38,64,,True,False,"HTTPConnectionPool(host='gpu03', port=9002): Read timed out.",0,56.69694568066818
232,2026-09-19T05:47:17.508+00:00,2026-09-19T05:52:16.660+00:00,2026-09-19T05:52:17.735+00:00,False,13,12.0,,12.0,299152.103571,300227.642771,300227.642658,23094.434050615382,0.038259,299152.103571,82945.01275441865,119731.279221,89.62826666666668,32.632711897896606,0.039969670644728256,38,64,,True,False,Request timeout: 300.0s exceeded,39,56.69694568066818
234,2026-09-19T05:47:17.749+00:00,2026-09-19T05:52:17.866+00:00,2026-09-19T05:52:17.866+00:00,False,1,0.0,,0.0,300117.311592,300117.311592,300117.311592,300117.311592,300117.311592,300117.311592,nan,300117.311592,nan,nan,0.0,38,64,,True,False,TTFT timeout: 300.0s exceeded (TTFT: 300.000s),0,56.69694568066818
233,2026-09-19T05:47:17.649+00:00,2026-09-19T05:52:18.001+00:00,2026-09-19T05:52:18.001+00:00,False,1,0.0,,0.0,300352.365425,300352.365425,300352.365425,300352.365425,300352.365425,300352.365425,nan,300352.365425,nan,nan,0.0,38,64,,True,False,"HTTPConnectionPool(host='gpu03', port=9002): Read timed out.",0,56.69694568066818
235,2026-09-19T05:47:18.134+00:00,2026-09-19T05:52:18.151+00:00,2026-09-19T05:52:18.151+00:00,False,1,0.0,,0.0,300016.064769,300016.064769,300016.064769,300016.064769,300016.064769,300016.064769,nan,300016.064769,nan,nan,0.0,38,64,,True,False,"HTTPConnectionPool(host='gpu03', port=9002): Read timed out.",0,56.69694568066818
236,2026-09-19T05:47:18.654+00:00,2026-09-19T05:52:18.774+00:00,2026-09-19T05:52:18.774+00:00,False,1,0.0,,0.0,300119.536606,300119.536606,300119.536606,300119.536606,300119.536606,300119.536606,nan,300119.536606,nan,nan,0.0,38,64,,True,False,"HTTPConnectionPool(host='gpu03', port=9002): Read timed out.",0,56.69694568066818
237,2026-09-19T05:47:19.088+00:00,2026-09-19T05:52:19.143+00:00,2026-09-19T05:52:19.143+00:00,False,1,0.0,,0.0,300055.052907,300055.052907,300055.052907,300055.052907,300055.052907,300055.052907,nan,300055.052907,nan,nan,0.0,38,64,,True,False,TTFT timeout: 300.0s exceeded (TTFT: 300.045s),0,56.69694568066818
238,2026-09-19T05:47:19.655+00:00,2026-09-19T05:52:19.394+00:00,2026-09-19T05:52:20.584+00:00,False,16,15.0,,15.0,299738.509842,300928.894738,300928.89466700004,18808.055916687503,0.02863,299738.509842,74914.79461775042,75015.64447350001,79.35899306666666,33.29208200505262,0.04984566208924392,38,64,,True,False,Request timeout: 300.0s exceeded,42,56.69694568066818
240,2026-09-19T05:47:20.552+00:00,2026-09-19T05:52:20.748+00:00,2026-09-19T05:52:20.748+00:00,False,1,0.0,,0.0,300195.889918,300195.889918,300195.889918,300195.889918,300195.889918,300195.889918,nan,300195.889918,nan,nan,0.0,38,64,,True,False,"HTTPConnectionPool(host='gpu03', port=9002): Read timed out.",0,56.69694568066818
239,2026-09-19T05:47:20.063+00:00,2026-09-19T05:52:21.174+00:00,2026-09-19T05:52:21.174+00:00,False,1,0.0,,0.0,301110.684045,301110.684045,301110.684045,301110.684045,301110.684045,301110.684045,nan,301110.684045,nan,nan,0.0,38,64,,True,False,"HTTPConnectionPool(host='gpu03', port=9002): Read timed out.",0,56.69694568066818
0,2026-09-19T05:45:20.810+00:00,2026-09-19T05:45:21.094+00:00,2026-09-19T05:45:27.000+00:00,True,65,65.0,,65.0,283.482584,6189.942232,6189.942272,95.22988110769231,33.820312,283.482584,34.4743025005723,110.2157476,92.288432,25.21959650873645,10.500905753848722,39,64,,False,True,,215,56.69694568066818
1,2026-09-19T05:45:21.359+00:00,2026-09-19T05:45:21.655+00:00,2026-09-19T05:45:26.220+00:00,True,49,49.0,,49.0,296.433242,4861.06377,4861.063818,99.20538404081633,46.446431,296.433242,36.74568184959957,112.51889760000002,95.09646933333333,23.110525635271983,10.08009816748403,39,64,,False,True,,219,56.69694568066818
2,2026-09-19T05:45:21.852+00:00,2026-09-19T05:45:23.708+00:00,2026-09-19T05:45:26.583+00:00,True,32,32.0,,32.0,1856.212635,4730.471579,4730.47157,147.8272365625,42.312901,1856.212635,312.5979723846184,114.72933995,92.7180304516129,23.461946221475188,6.764653262490302,39,64,,False,True,,142,56.69694568066818
3,2026-09-19T05:45:22.232+00:00,2026-09-19T05:45:26.581+00:00,2026-09-19T05:45:27.829+00:00,True,13,13.0,,13.0,4348.6644289999995,5596.289900999999,5596.289793,430.4838302307692,56.341639,4348.6644289999995,1177.4330699029376,1830.8338105999999,103.96878933333333,20.669392879867626,2.322967578516087,39,64,,False,True,,27,56.69694568066818
4,2026-09-19T05:45:22.623+00:00,2026-09-19T05:45:28.022+00:00,2026-09-19T05:45:29.678+00:00,True,18,18.0,,18.0,5398.306284,7054.976236,7054.976175,391.94312083333335,45.006525,5398.306284,1249.5654312408653,905.07173325,97.45117364705882,19.41043581144035,2.5513905926642155,39,64,,False,True,,63,56.69694568066818
5,2026-09-19T05:45:23.091+00:00,2026-09-19T05:45:30.704+00:00,2026-09-19T05:45:32.098+00:00,True,15,15.0,,15.0,7612.579186,9006.900338,9006.900178,600.4600118666667,52.185528,7612.579186,1939.8939057874773,2362.3138670999997,99.594368,14.390539214045488,1.6653898052713194,39,64,,False,True,,63,56.69694568066818
6,2026-09-19T05:45:23.543+00:00,2026-09-19T05:45:32.854+00:00,2026-09-19T05:45:38.720+00:00,True,60,60.0,,60.0,9311.027929,15177.149657,15177.14973,252.9524955,0.0,9311.027929,1190.0031191285489,241.14395355,99.425792,43.737250944171414,3.95331148179901,39,64,,False,True,,230,56.69694568066818
7,2026-09-19T05:45:23.958+00:00,2026-09-19T05:45:35.058+00:00,2026-09-19T05:45:41.885+00:00,True,70,70.0,,70.0,11100.638508,17927.154732,17927.154734,256.1022104857143,0.0,11100.638508,1315.7819232028016,184.17872284999999,98.93501773913044,46.98090347036084,3.9046910146343468,39,64,,False,True,,287,56.69694568066818
8,2026-09-19T05:45:24.375+00:00,2026-09-19T05:45:37.588+00:00,2026-09-19T05:45:38.304+00:00,True,9,9.0,,9.0,13213.597305,13929.153656999999,13929.153567,1547.6837296666665,50.277203,13213.597305,4374.780817054343,7974.194811799999,89.444544,25.144128491413703,0.6461268373959758,39,64,,False,True,,49,56.69694568066818
9,2026-09-19T05:45:24.795+00:00,2026-09-19T05:45:39.703+00:00,2026-09-19T05:45:46.818+00:00,True,74,74.0,,74.0,14907.439338,22022.711274,22022.711381,297.60420785135136,0.0,14907.439338,1722.2733251626937,124.4170955,97.46947857534246,47.61488562319733,3.360167559721148,39,64,,False,True,,408,56.69694568066818
10,2026-09-19T05:45:25.371+00:00,2026-09-19T05:45:42.916+00:00,2026-09-19T05:45:52.257+00:00,True,95,95.0,,95.0,17545.001964000003,26885.760236000002,26885.760200000004,283.0080021052632,0.0,17545.001964000003,1791.0792777172862,117.27882229999999,99.36976885106384,65.77171243478189,3.533468987527275,39,64,,False,True,,324,56.69694568066818
11,2026-09-19T05:45:25.760+00:00,2026-09-19T05:45:45.240+00:00,2026-09-19T05:45:52.815+00:00,True,78,78.0,,78.0,19480.399774,27055.068062000002,27055.068016,346.8598463589744,0.0,19480.399774,2195.6578643658227,151.9162888,98.37231542857143,69.16227465642909,2.8830088256016744,39,64,,False,True,,261,56.69694568066818
12,2026-09-19T05:45:26.249+00:00,2026-09-19T05:45:48.245+00:00,2026-09-19T05:45:54.282+00:00,True,57,57.0,,57.0,21996.267173,28033.619620999998,28033.619626,491.8178881754386,0.0,21996.267173,2900.5164191361087,394.96219099999996,107.80986514285715,88.26900983355394,2.033272933378224,39,64,,False,True,,236,56.69694568066818
13,2026-09-19T05:45:26.716+00:00,2026-09-19T05:45:50.641+00:00,2026-09-19T05:45:54.740+00:00,True,41,41.0,,41.0,23925.121327,28024.505647,28024.505627000002,683.5245274878049,0.0,23925.121327,3721.6416815529665,468.71682799999996,102.484608,94.5373020199115,1.463005289600497,39,64,,False,True,,175,56.69694568066818
14,2026-09-19T05:45:27.223+00:00,2026-09-19T05:45:53.494+00:00,2026-09-19T05:45:57.276+00:00,True,42,42.0,,42.0,26270.734712999998,30053.427064999996,30053.426869,715.557782595238,0.0,26270.734712999998,4040.0062449840784,115.58966095,92.26078907317074,69.30650383548034,1.3975111693305984,39,64,,False,True,,190,56.69694568066818
15,2026-09-19T05:45:27.667+00:00,2026-09-19T05:45:55.360+00:00,2026-09-19T05:45:57.598+00:00,True,26,26.0,,26.0,27693.534088,29930.85812,29930.858124000002,1151.186850923077,46.018363,27693.534088,5413.653368181176,112.009689,89.49296128,25.02085638097835,0.868668712930306,39,64,,False,True,,88,56.69694568066818
16,2026-09-19T05:45:28.044+00:00,2026-09-19T05:45:57.807+00:00,2026-09-19T05:46:07.398+00:00,True,98,98.0,,98.0,29763.857193999997,39354.122026,39354.121802999995,401.57267145918365,0.0,29763.857193999997,2998.050712013463,117.0333074,98.86870960824743,93.20959495139772,2.4902092831661844,39,64,,False,True,,337,56.69694568066818
17,2026-09-19T05:45:28.592+00:00,2026-09-19T05:46:01.232+00:00,2026-09-19T05:46:01.340+00:00,True,2,2.0,,2.0,32639.885253,32748.250565000002,32748.250411,16374.1252055,108.365158,32639.885253,23003.25846148094,31013.30924825,108.365312,nan,0.06107196462389105,39,64,,False,True,,11,56.69694568066818
18,2026-09-19T05:45:28.974+00:00,2026-09-19T05:46:03.088+00:00,2026-09-19T05:46:04.788+00:00,True,18,18.0,,18.0,34113.496061,35813.454845,35813.454980999995,1989.6363878333332,48.302507,34113.496061,8017.078907616249,5217.06438225,99.99757552941176,18.65725179275972,0.5026044004384297,39,64,,False,True,,74,56.69694568066818
19,2026-09-19T05:45:29.530+00:00,2026-09-19T05:46:06.310+00:00,2026-09-19T05:46:14.563+00:00,True,85,85.0,,85.0,36780.334329000005,45032.90674500001,45032.906974000005,529.7989055764706,0.0,36780.334329000005,3979.829074782996,111.61755799999999,98.24490971428571,94.03492940571499,1.8875086274424764,39,64,,False,True,,404,56.69694568066818
20,2026-09-19T05:45:29.880+00:00,2026-09-19T05:46:08.054+00:00,2026-09-19T05:46:14.766+00:00,True,69,69.0,,69.0,38174.28978100001,44885.97182900001,44885.97197600001,650.5213329855073,0.0,38174.28978100001,4584.519993643114,107.22978800000001,98.7012065882353,83.97172589165832,1.5372286081465738,39,64,,False,True,,317,56.69694568066818
21,2026-09-19T05:45:30.263+00:00,2026-09-19T05:46:09.758+00:00,2026-09-19T05:46:10.760+00:00,True,11,11.0,,11.0,39494.581376,40496.607872,40496.607791,3681.5097991818184,88.861383,39494.581376,11877.853714031104,19801.705211,100.2026496,6.524954356590417,0.2716276887873756,39,64,,False,True,,34,56.69694568066818
22,2026-09-19T05:45:30.663+00:00,2026-09-19T05:46:11.538+00:00,2026-09-19T05:46:13.276+00:00,True,19,19.0,,19.0,40875.105148999995,42613.275516999995,42613.275689999995,2242.8039836842104,0.0,40875.105148999995,9356.671116568268,4758.7105916,96.56502044444444,168.4629479032061,0.44587044223859784,39,64,,False,True,,94,56.69694568066818
23,2026-09-19T05:45:31.021+00:00,2026-09-19T05:46:13.670+00:00,2026-09-19T05:46:20.400+00:00,True,68,68.0,,68.0,42648.107909,49378.928773,49378.92871,726.1607163235294,0.0,42648.107909,5160.2220441940035,113.62891190000002,100.46001289552238,76.72118512342585,1.377105613461219,39,64,,False,True,,275,56.69694568066818
24,2026-09-19T05:45:31.400+00:00,2026-09-19T05:46:15.718+00:00,2026-09-19T05:46:25.609+00:00,True,100,100.0,,100.0,44318.484118,54208.681622000004,54208.681569,542.08681569,0.0,44318.484118,4423.180928023449,112.87629924999999,99.9009848888889,108.71042218889467,1.8447229670203986,39,64,,False,True,,354,56.69694568066818
25,2026-09-19T05:45:31.921+00:00,2026-09-19T05:46:18.607+00:00,2026-09-19T05:46:18.607+00:00,True,1,1.0,,1.0,46685.275215,46685.275215,46685.275215,46685.275215,46685.275215,46685.275215,nan,46685.275215,nan,nan,0.02142003009288675,39,64,,False,True,,1,56.69694568066818
26,2026-09-19T05:45:32.304+00:00,2026-09-19T05:46:20.793+00:00,2026-09-19T05:46:20.793+00:00,True,1,1.0,,1.0,48489.486512999996,48489.486512999996,48489.486512999996,48489.486512999996,48489.486512999996,48489.486512999996,nan,48489.486512999996,nan,nan,0.020623027215021152,39,64,,False,True,,3,56.69694568066818
27,2026-09-19T05:45:32.774+00:00,2026-09-19T05:46:23.753+00:00,2026-09-19T05:46:25.297+00:00,True,16,16.0,,16.0,50979.350163,52523.073939,52523.073927000005,3282.6921204375003,47.633209,50979.350163,12719.119213925183,12836.68192875,102.9149184,16.838146185367066,0.30462801965060743,39,64,,False,True,,76,56.69694568066818
28,2026-09-19T05:45:33.157+00:00,2026-09-19T05:46:25.606+00:00,2026-09-19T05:46:30.879+00:00,True,52,52.0,,52.0,52449.728489,57722.581481,57722.581490000004,1110.0496440384616,0.0,52449.728489,7259.912933274204,118.97181145,103.38927435294117,107.5994334673499,0.9008606106280321,39,64,,False,True,,250,56.69694568066818
29,2026-09-19T05:45:33.522+00:00,2026-09-19T05:46:27.576+00:00,2026-09-19T05:46:34.190+00:00,True,66,66.0,,66.0,54053.85344,60668.513536,60668.513643,919.2199036818182,0.0,54053.85344,6641.723907332825,113.39730899999999,101.76400147692308,95.83263958759645,1.0878789697202051,39,64,,False,True,,315,56.69694568066818
30,2026-09-19T05:45:33.905+00:00,2026-09-19T05:46:29.455+00:00,2026-09-19T05:46:29.876+00:00,True,5,5.0,,5.0,55549.314246,55971.131334000005,55971.131226000005,11194.2262452,103.372447,55549.314246,24795.248101293342,44461.3687454,105.454272,2.83838650056166,0.08933176587343196,39,64,,False,True,,20,56.69694568066818
31,2026-09-19T05:45:34.441+00:00,2026-09-19T05:46:32.907+00:00,2026-09-19T05:46:36.258+00:00,True,33,33.0,,33.0,58465.957725,61816.881501,61816.881374,1873.2388295151516,47.935207999999996,58465.957725,10159.394007068913,112.26816060000002,104.716368,11.135772685709629,0.5338347583817563,39,64,,False,True,,146,56.69694568066818
32,2026-09-19T05:45:34.894+00:00,2026-09-19T05:46:35.137+00:00,2026-09-19T05:46:41.018+00:00,True,60,60.0,,60.0,60243.862038,66124.280854,66124.28086299999,1102.0713477166667,0.0,60243.862038,7765.8387736224995,143.02627895,99.66811552542373,140.90418698696985,0.9073822690408961,39,64,,False,True,,346,56.69694568066818
33,2026-09-19T05:45:35.277+00:00,2026-09-19T05:46:37.731+00:00,2026-09-19T05:46:42.008+00:00,True,47,47.0,,47.0,62453.820797,66730.354557,66730.354565,1419.7947779787235,0.0,62453.820797,9097.166374355982,114.0546305,92.9681252173913,129.45640102984427,0.7043271433520311,39,64,,False,True,,188,56.69694568066818
34,2026-09-19T05:45:35.782+00:00,2026-09-19T05:46:39.702+00:00,2026-09-19T05:46:43.033+00:00,True,34,34.0,,34.0,63919.551661,67251.181485,67251.181475,1977.9759257352941,47.392869,63919.551661,10944.811566104938,113.00217649999999,100.95847951515151,17.21578505988524,0.505567326093498,39,64,,False,True,,154,56.69694568066818
35,2026-09-19T05:45:36.331+00:00,2026-09-19T05:46:42.931+00:00,2026-09-19T05:46:50.201+00:00,True,76,76.0,,76.0,66600.13449499999,73870.21654299999,73870.21656799999,971.9765337894736,45.634623,66600.13449499999,7628.460407482505,110.689683,96.93442730666668,17.666264175619386,1.0288314229559659,39,64,,False,True,,349,56.69694568066818
36,2026-09-19T05:45:36.687+00:00,2026-09-19T05:46:44.649+00:00,2026-09-19T05:46:52.338+00:00,True,80,80.0,,80.0,67962.548303,75651.032911,75651.032705,945.6379088125001,0.0,67962.548303,7588.384809532282,110.53946945000001,97.32258997468354,112.39734625033455,1.0574872136130165,39,64,,False,True,,283,56.69694568066818
37,2026-09-19T05:45:37.104+00:00,2026-09-19T05:46:45.381+00:00,2026-09-19T05:46:49.999+00:00,True,49,49.0,,49.0,68277.863676,72895.20102,72895.201193,1487.6571672040816,48.716716,68277.863676,9740.254218776603,111.4649564,96.194528,17.712589165720907,0.6721978856544486,39,64,,False,True,,158,56.69694568066818
38,2026-09-19T05:45:37.508+00:00,2026-09-19T05:46:48.986+00:00,2026-09-19T05:46:55.687+00:00,True,66,66.0,,66.0,71477.155153,78178.536273,78178.536231,1184.5232762272726,0.0,71477.155153,8786.897822517018,218.92398874999998,103.09817107692307,155.7218337649226,0.8442214851596547,39,64,,False,True,,302,56.69694568066818
39,2026-09-19T05:45:37.991+00:00,2026-09-19T05:46:51.925+00:00,2026-09-19T05:46:58.789+00:00,True,68,68.0,,68.0,73934.169581,80797.79684499999,80797.796819,1188.2028943970588,0.01678,73934.169581,8953.930940913715,115.6221759,102.44219797014925,97.1200587336347,0.8416071063230735,39,64,,False,True,,314,56.69694568066818
40,2026-09-19T05:45:38.398+00:00,2026-09-19T05:46:53.329+00:00,2026-09-19T05:46:56.025+00:00,True,28,28.0,,28.0,74931.378785,77627.19523299999,77627.19527,2772.3998310714283,0.01653,74931.378785,14142.5532953953,556.7241428,99.84505362962963,145.69499745175617,0.36069833408198365,39,64,,False,True,,136,56.69694568066818
41,2026-09-19T05:45:38.964+00:00,2026-09-19T05:46:56.921+00:00,2026-09-19T05:46:58.564+00:00,True,17,17.0,,17.0,77957.813675,79600.00657099999,79600.006493,4682.353323117647,47.12637,77957.813675,18882.660069621976,15686.812374999998,102.637056,15.733127967207844,0.2135678215659026,39,64,,False,True,,69,56.69694568066818
42,2026-09-19T05:45:39.549+00:00,2026-09-19T05:47:00.656+00:00,2026-09-19T05:47:02.567+00:00,True,19,19.0,,19.0,81106.619919,83017.291279,83017.291346,4369.331123473685,99.266857,81106.619919,18582.78278694262,8209.2431706,106.1484088888889,2.604958930571163,0.22886798288980345,39,64,,False,True,,51,56.69694568066818
43,2026-09-19T05:45:40.015+00:00,2026-09-19T05:47:03.250+00:00,2026-09-19T05:47:11.392+00:00,True,85,85.0,,85.0,83234.734938,91376.928858,91376.928837,1075.0226922,0.0,83234.734938,9018.444360248506,110.67288060000001,96.93088,126.98499039725053,0.9302129220395472,39,64,,False,True,,171,56.69694568066818
44,2026-09-19T05:45:40.493+00:00,2026-09-19T05:47:05.877+00:00,2026-09-19T05:47:12.412+00:00,True,67,67.0,,67.0,85384.163849,91918.805513,91918.805508,1371.9224702686568,45.671163,85384.163849,10419.251523628483,109.89696830000001,99.00972218181819,15.688382206291386,0.7289041630390231,39,64,,False,True,,247,56.69694568066818
45,2026-09-19T05:45:40.993+00:00,2026-09-19T05:47:09.049+00:00,2026-09-19T05:47:11.897+00:00,True,29,29.0,,29.0,88055.82061200001,90903.52416400002,90903.52424200001,3134.604284206897,52.108757,88055.82061200001,16332.673084347922,113.2791568,101.70369828571428,11.043904910578412,0.3190195349047281,39,64,,False,True,,103,56.69694568066818
46,2026-09-19T05:45:41.480+00:00,2026-09-19T05:47:11.485+00:00,2026-09-19T05:47:14.630+00:00,True,34,34.0,,34.0,90004.888993,93150.013857,93150.013944,2739.7062924705883,48.640996,90004.888993,15419.378576464367,109.06760999999999,95.30681406060606,19.892234433337148,0.3650026295454489,39,64,,False,True,,151,56.69694568066818
47,2026-09-19T05:45:41.893+00:00,2026-09-19T05:47:14.009+00:00,2026-09-19T05:47:23.147+00:00,True,94,94.0,,94.0,92116.500411,101254.789819,101254.789871,1077.178615648936,0.0,92116.500411,9492.363555382028,113.8563954,98.26117643010754,164.3079358931818,0.9283511443560504,39,64,,False,True,,389,56.69694568066818
48,2026-09-19T05:45:42.465+00:00,2026-09-19T05:47:17.522+00:00,2026-09-19T05:47:26.139+00:00,True,93,93.0,,93.0,95057.371943,103674.535719,103674.53576500001,1114.7799544623656,0.0,95057.371943,9848.240127461868,114.253996,93.66482365217391,138.43316000064925,0.8970380176292053,39,64,,False,True,,406,56.69694568066818
49,2026-09-19T05:45:42.861+00:00,2026-09-19T05:47:20.415+00:00,2026-09-19T05:47:26.772+00:00,True,76,76.0,,76.0,97554.155477,103911.213013,103911.212993,1367.2528025394736,0.0,97554.155477,11180.575564582512,112.52489325,84.76076714666667,39.603418876199434,0.7313936368974144,39,64,,False,True,,347,56.69694568066818
50,2026-09-19T05:45:43.197+00:00,2026-09-19T05:47:20.976+00:00,2026-09-19T05:47:24.366+00:00,True,35,35.0,,35.0,97779.157223,101168.419815,101168.419721,2890.526277742857,48.560205,97779.157223,16510.854253717505,112.0373733,99.68419388235294,18.266462432447895,0.3459577609693043,39,64,,False,True,,149,56.69694568066818
51,2026-09-19T05:45:43.565+00:00,2026-09-19T05:47:22.828+00:00,2026-09-19T05:47:28.642+00:00,True,60,60.0,,60.0,99262.179278,105076.324046,105076.32420799999,1751.2720701333333,46.899699999999996,99262.179278,12801.984785613538,111.81467844999999,98.54482657627119,19.518123413751518,0.5710135041813357,39,64,,False,True,,205,56.69694568066818
52,2026-09-19T05:45:43.932+00:00,2026-09-19T05:47:25.119+00:00,2026-09-19T05:47:26.035+00:00,True,10,10.0,,10.0,101187.776445,102103.606973,102103.606926,10210.3606926,46.244952,101187.776445,31966.21167724084,55705.39592235,101.75894755555555,21.09462104561639,0.09793973294836071,39,64,,False,True,,35,56.69694568066818
53,2026-09-19T05:45:44.266+00:00,2026-09-19T05:47:26.875+00:00,2026-09-19T05:47:34.240+00:00,True,76,76.0,,76.0,102608.564046,109973.957966,109973.957987,1447.0257629868422,45.187483,102608.564046,11758.75595181596,108.7604945,98.20525226666666,16.452056443673545,0.6910726994430488,39,64,,True,True,,227,56.69694568066818
54,2026-09-19T05:45:44.848+00:00,2026-09-19T05:47:30.013+00:00,2026-09-19T05:47:30.376+00:00,True,5,5.0,,5.0,105164.94434999999,105527.79874999999,105527.79867399999,21105.559734799997,52.350536,105164.94434999999,46990.62991926658,84153.89575419998,90.7136,25.971064030713567,0.04738088029150708,39,64,,True,True,,19,56.69694568066818
55,2026-09-19T05:45:45.433+00:00,2026-09-19T05:47:33.459+00:00,2026-09-19T05:47:41.768+00:00,True,87,87.0,,87.0,108025.74971999999,116334.1862,116334.18626999999,1337.1745548275862,43.325008000000004,108025.74971999999,11571.237153951926,111.9530516,96.60972651162791,20.962925678071606,0.747845520236252,39,64,,True,True,,406,56.69694568066818
56,2026-09-19T05:45:45.783+00:00,2026-09-19T05:47:35.305+00:00,2026-09-19T05:47:43.656+00:00,True,86,86.0,,86.0,109521.491729,117872.446481,117872.446428,1370.6098421860465,46.996389,109521.491729,11799.427230440977,110.96853325000001,98.24652649411765,19.081447122725574,0.7296022316280882,39,64,,True,True,,384,56.69694568066818
57,2026-09-19T05:45:46.162+00:00,2026-09-19T05:47:36.971+00:00,2026-09-19T05:47:46.051+00:00,True,94,94.0,,94.0,110809.186539,119889.813227,119889.813156,1275.423544212766,48.814785,110809.186539,11419.039361703093,109.91063085000002,97.6411471827957,18.82442845687372,0.7840532691632432,39,64,,True,True,,433,56.69694568066818
58,2026-09-19T05:45:46.507+00:00,2026-09-19T05:47:38.743+00:00,2026-09-19T05:47:44.801+00:00,True,63,63.0,,63.0,112236.03899,118294.612302,118294.61219,1877.692256984127,45.795542000000005,112236.03899,14128.115296921527,113.81633830000001,97.71892438709678,20.719137589697453,0.5325686332963693,39,64,,True,True,,256,56.69694568066818
59,2026-09-19T05:45:46.978+00:00,2026-09-19T05:47:41.767+00:00,2026-09-19T05:47:51.331+00:00,True,96,96.0,,96.0,114788.896441,124352.678585,124352.678748,1295.3404036250001,42.20384,114788.896441,11705.327299254213,111.0788025,100.67139098947368,14.870348639820797,0.7719978459038996,39,64,,True,True,,359,56.69694568066818
60,2026-09-19T05:45:47.487+00:00,2026-09-19T05:47:44.282+00:00,2026-09-19T05:47:46.965+00:00,True,28,28.0,,28.0,116795.105259,119478.557419,119478.557425,4267.091336607143,51.418428999999996,116795.105259,22053.42228274408,109.14747684999999,99.38711703703703,14.321275569899065,0.23435167451684782,39,64,,True,True,,150,56.69694568066818
61,2026-09-19T05:45:47.849+00:00,2026-09-19T05:47:46.146+00:00,2026-09-19T05:47:48.904+00:00,True,28,28.0,,28.0,118297.559362,121054.636866,121054.636884,4323.379888714286,46.887599,118297.559362,22336.842756383503,114.46180585,102.11398162962962,12.076814909706425,0.23130051623709608,39,64,,True,True,,112,56.69694568066818
62,2026-09-19T05:45:48.288+00:00,2026-09-19T05:47:48.488+00:00,2026-09-19T05:47:52.684+00:00,True,43,43.0,,43.0,120200.548166,124396.552518,124396.552493,2892.943081232558,49.515273,120200.548166,18315.183485631016,111.68260409999999,99.90486552380952,16.306470631577895,0.3456687434627898,39,64,,True,True,,175,56.69694568066818
63,2026-09-19T05:45:48.793+00:00,2026-09-19T05:47:51.437+00:00,2026-09-19T05:47:59.747+00:00,True,85,85.0,,85.0,122643.323777,130953.643649,130953.643613,1540.6311013294116,43.270638,122643.323777,13291.814697841379,110.8042302,98.93237942857144,15.7610848849989,0.6490846503502316,39,64,,True,True,,414,56.69694568066818
64,2026-09-19T05:45:49.138+00:00,2026-09-19T05:47:53.195+00:00,2026-09-19T05:48:02.176+00:00,True,92,92.0,,92.0,124056.975319,133037.962967,133037.963013,1446.0648153586958,43.867216,124056.975319,12923.554027547878,111.35951095,98.69217195604396,15.871336096291007,0.6915319353079734,39,64,,True,True,,431,56.69694568066818
65,2026-09-19T05:45:49.491+00:00,2026-09-19T05:47:54.765+00:00,2026-09-19T05:48:03.900+00:00,True,94,94.0,,94.0,125273.764166,134408.457542,134408.457607,1429.8772085851062,45.339612,125273.764166,12910.882545340815,110.1744995,98.22250941935484,17.119356130652037,0.6993607524335056,39,64,,True,True,,433,56.69694568066818
66,2026-09-19T05:45:49.980+00:00,2026-09-19T05:47:57.217+00:00,2026-09-19T05:48:00.473+00:00,True,33,33.0,,33.0,127236.995279,130493.340367,130493.340424,3954.343649212121,48.501766,127236.995279,22131.40807812226,113.21811659999999,101.760784,14.288252940381481,0.25288646843732154,39,64,,True,True,,146,56.69694568066818
67,2026-09-19T05:45:50.482+00:00,2026-09-19T05:48:00.469+00:00,2026-09-19T05:48:05.767+00:00,True,55,55.0,,55.0,129987.61522200001,135285.56517400002,135285.565259,2459.7375501636366,45.897731,129987.61522200001,17514.307196778325,112.168053,98.1101842962963,18.80706512766608,0.4065474385922898,39,64,,True,True,,272,56.69694568066818
68,2026-09-19T05:45:51.038+00:00,2026-09-19T05:48:02.957+00:00,2026-09-19T05:48:03.376+00:00,True,5,5.0,,5.0,131918.863747,132338.136707,132338.136808,26467.6273616,100.726692,131918.863747,58949.03329746383,105556.966382,104.81824,3.5500272027802833,0.03778200392128935,39,64,,True,True,,26,56.69694568066818
69,2026-09-19T05:45:51.634+00:00,2026-09-19T05:48:06.134+00:00,2026-09-19T05:48:09.523+00:00,True,34,34.0,,34.0,134499.336751,137888.900911,137888.900821,4055.5559064999998,47.606908000000004,134499.336751,23048.835054598836,113.95533789999999,102.71406545454545,14.488304033698002,0.2465753209676042,39,64,,True,True,,151,56.69694568066818
70,2026-09-19T05:45:52.208+00:00,2026-09-19T05:48:08.142+00:00,2026-09-19T05:48:16.574+00:00,True,85,85.0,,85.0,135933.84177700002,144366.19403300004,144366.19396300003,1698.425811329412,46.054339999999996,135933.84177700002,14733.21564763379,112.3589042,100.38514590476191,16.089282097593777,0.5887805006521833,39,64,,True,True,,420,56.69694568066818
71,2026-09-19T05:45:52.686+00:00,2026-09-19T05:48:12.051+00:00,2026-09-19T05:48:21.131+00:00,True,91,91.0,,91.0,139364.484856,148444.603384,148444.603194,1631.2593757582417,46.393281,139364.484856,14598.799599208027,112.70230350000001,100.89020586666666,15.503884620299136,0.6130232957313987,39,64,,True,True,,287,56.69694568066818
72,2026-09-19T05:45:53.077+00:00,2026-09-19T05:48:14.182+00:00,2026-09-19T05:48:15.945+00:00,True,19,19.0,,19.0,141105.374672,142867.69736,142867.69733300002,7519.352491210527,50.329862,141105.374672,32349.336186136516,14209.602582200001,97.906816,17.49189203622699,0.13299017448376407,39,64,,True,True,,83,56.69694568066818
73,2026-09-19T05:45:53.518+00:00,2026-09-19T05:48:16.679+00:00,2026-09-19T05:48:18.926+00:00,True,23,23.0,,23.0,143161.080877,145407.767597,145407.767574,6322.076851043478,52.498006000000004,143161.080877,29829.859348517697,114.2499483,102.12212363636364,16.561022809831222,0.15817586900683928,39,64,,True,True,,109,56.69694568066818
74,2026-09-19T05:45:53.915+00:00,2026-09-19T05:48:19.031+00:00,2026-09-19T05:48:23.101+00:00,True,42,42.0,,42.0,145115.49933199998,149186.112836,149186.11270399997,3552.05030247619,50.127331,145115.49933199998,22376.493707689464,112.42923715,99.28325619512195,16.265972724528712,0.28152754436447125,39,64,,True,True,,209,56.69694568066818
75,2026-09-19T05:45:54.359+00:00,2026-09-19T05:48:21.546+00:00,2026-09-19T05:48:28.948+00:00,True,78,78.0,,78.0,147187.104329,154588.960841,154588.96083999999,1981.9097543589744,46.51943,147187.104329,16654.786185250985,113.0695485,96.12800664935064,20.737827359595265,0.5045638419177011,39,64,,True,True,,274,56.69694568066818
76,2026-09-19T05:45:54.791+00:00,2026-09-19T05:48:23.417+00:00,2026-09-19T05:48:27.743+00:00,True,46,46.0,,46.0,148626.29830899998,152951.503813,152951.50374999997,3325.0326902173906,48.700356,148626.29830899998,21899.590933645086,114.11056075,96.11567786666666,21.436286850135108,0.3007489227189296,39,64,,True,True,,198,56.69694568066818
77,2026-09-19T05:45:55.241+00:00,2026-09-19T05:48:26.363+00:00,2026-09-19T05:48:34.417+00:00,True,81,81.0,,81.0,151121.963175,159175.57111100003,159175.570966,1965.1305057530865,46.365341,151121.963175,16780.15151483236,111.340807,100.67009920000001,16.322589926768938,0.5088720551441601,39,64,,True,True,,372,56.69694568066818
78,2026-09-19T05:45:55.796+00:00,2026-09-19T05:48:29.159+00:00,2026-09-19T05:48:33.302+00:00,True,42,42.0,,42.0,153362.95614,157505.388652,157505.388682,3750.1283019523808,46.780401,153362.95614,23648.83257825168,113.0785532,101.03493931707317,15.11976678875988,0.2666575433352114,39,64,,True,True,,192,56.69694568066818
79,2026-09-19T05:45:56.252+00:00,2026-09-19T05:48:31.910+00:00,2026-09-19T05:48:34.738+00:00,True,28,28.0,,28.0,155657.928329,158485.658249,158485.658244,5660.202080142857,46.971039,155657.928329,29396.793614770286,114.52278564999999,104.73073777777778,12.201726742625109,0.17667213746248658,39,64,,True,True,,88,56.69694568066818
80,2026-09-19T05:45:56.796+00:00,2026-09-19T05:48:34.369+00:00,2026-09-19T05:48:36.699+00:00,True,25,25.0,,25.0,157572.978712,159903.54511200002,159903.544895,6396.1417958,46.830898999999995,157572.978712,31495.18141541893,113.96211760000001,97.10693333333333,21.53848396312497,0.15634425104515,39,64,,True,True,,109,56.69694568066818
81,2026-09-19T05:45:57.376+00:00,2026-09-19T05:48:37.657+00:00,2026-09-19T05:48:47.355+00:00,True,97,97.0,,97.0,160280.756805,169978.27590900002,169978.27592000001,1752.35336,45.590042999999994,160280.756805,16263.796575790233,114.5454226,101.015824,16.218153944287483,0.5706611593820975,39,64,,True,True,,350,56.69694568066818
82,2026-09-19T05:45:57.927+00:00,2026-09-19T05:48:40.680+00:00,2026-09-19T05:48:41.532+00:00,True,9,9.0,,9.0,162752.60189700002,163605.478697,163605.478861,18178.386540111114,103.35279700000001,162752.60189700002,54215.33080900126,97695.91128980002,106.6096,2.4934232039328696,0.0550103827309362,39,64,,True,True,,26,56.69694568066818
83,2026-09-19T05:45:58.515+00:00,2026-09-19T05:48:43.674+00:00,2026-09-19T05:48:47.042+00:00,True,36,36.0,,36.0,165158.517893,168526.78106100002,168526.78106900002,4681.299474138889,48.794925000000006,165158.517893,27510.387067519463,115.26829900000001,96.2360905142857,19.57765035174647,0.21361589993800112,39,64,,True,True,,168,56.69694568066818
84,2026-09-19T05:45:59.078+00:00,2026-09-19T05:48:47.138+00:00,2026-09-19T05:48:53.529+00:00,True,64,64.0,,64.0,168060.365664,174450.777184,174450.777139,2725.793392796875,46.93808,168060.365664,20994.870843713346,110.5071008,101.43510349206349,13.892676874541266,0.3668656628138533,39,64,,True,True,,292,56.69694568066818
85,2026-09-19T05:45:59.473+00:00,2026-09-19T05:48:48.850+00:00,2026-09-19T05:48:55.196+00:00,True,63,63.0,,63.0,169376.757317,175722.282053,175722.281909,2789.242569984127,43.054349,169376.757317,21326.574776738802,111.9315653,102.34717316129031,12.668152531690884,0.3585202699621123,39,64,,True,True,,212,56.69694568066818
86,2026-09-19T05:45:59.967+00:00,2026-09-19T05:48:51.473+00:00,2026-09-19T05:49:00.898+00:00,True,95,95.0,,95.0,171505.83046700002,180930.84653100002,180930.84650400002,1904.535226357895,47.883987999999995,171505.83046700002,17585.84664773343,109.930195,100.26612834042554,15.552372998030668,0.525062485592931,39,64,,True,True,,369,56.69694568066818
87,2026-09-19T05:46:00.316+00:00,2026-09-19T05:48:53.367+00:00,2026-09-19T05:48:54.466+00:00,True,12,12.0,,12.0,173051.009035,174149.304075,174149.304132,14512.442011,56.335678,173051.009035,49926.702514237484,77932.80401745,99.84500363636364,14.675016632904285,0.0689063907762274,39,64,,True,True,,53,56.69694568066818
88,2026-09-19T05:46:00.923+00:00,2026-09-19T05:48:56.715+00:00,2026-09-19T05:49:06.436+00:00,True,98,98.0,,98.0,175792.099862,185512.879894,185512.879963,1892.9885710510205,44.866154,175792.099862,17747.56844209709,110.95247250000003,100.21422713402062,16.842110897453622,0.5282652075478323,39,64,,True,True,,355,56.69694568066818
89,2026-09-19T05:46:01.512+00:00,2026-09-19T05:48:59.914+00:00,2026-09-19T05:49:09.066+00:00,True,92,92.0,,92.0,178402.20492699998,187554.720511,187554.72047399997,2038.638266021739,46.607911,178402.20492699998,18589.23758090218,113.30358555,100.57709432967033,17.183102356251872,0.4905235109483914,39,64,,True,True,,311,56.69694568066818
90,2026-09-19T05:46:01.976+00:00,2026-09-19T05:49:02.724+00:00,2026-09-19T05:49:05.853+00:00,True,31,31.0,,31.0,180747.853359,183876.881711,183876.881737,5931.512314096774,50.936831,180747.853359,32444.541517128324,113.628253,104.30094506666666,10.766331414860435,0.16859106871696258,39,64,,True,True,,122,56.69694568066818
91,2026-09-19T05:46:02.478+00:00,2026-09-19T05:49:05.528+00:00,2026-09-19T05:49:13.968+00:00,True,85,85.0,,85.0,183050.06912,191490.870656,191490.87054,2252.8337710588235,45.740942000000004,183050.06912,19843.67608308229,113.5942652,100.48573257142857,17.51976142719222,0.44388539103097274,39,64,,True,True,,419,56.69694568066818
92,2026-09-19T05:46:02.887+00:00,2026-09-19T05:49:07.606+00:00,2026-09-19T05:49:13.296+00:00,True,57,57.0,,57.0,184718.998914,190408.565378,190408.565207,3340.501143982456,49.119654000000004,184718.998914,24453.177120765995,113.51385880000002,101.59940114285715,16.071646620563342,0.29935628098895306,39,64,,True,True,,271,56.69694568066818
93,2026-09-19T05:46:03.264+00:00,2026-09-19T05:49:09.546+00:00,2026-09-19T05:49:13.760+00:00,True,43,43.0,,43.0,186281.927917,190495.640813,190495.640883,4430.131183325581,48.947375,186281.927917,28392.433055409045,111.64111519999999,100.32649752380952,17.083189385039386,0.22572695005767057,39,64,,True,True,,191,56.69694568066818
94,2026-09-19T05:46:03.721+00:00,2026-09-19T05:49:12.042+00:00,2026-09-19T05:49:19.404+00:00,True,75,75.0,,75.0,188320.897841,195682.809905,195682.809821,2609.104130946667,46.269751,188320.897841,21733.944311385596,112.56707409999999,99.48529816216215,18.38561215763241,0.38327331887972665,39,64,,True,True,,260,56.69694568066818
95,2026-09-19T05:46:04.212+00:00,2026-09-19T05:49:14.821+00:00,2026-09-19T05:49:18.031+00:00,True,32,32.0,,32.0,190609.048074,193818.972426,193818.972313,6056.84288478125,54.008693,190609.048074,33676.935847657565,114.27797545,103.54594683870968,13.822422596905795,0.165102516020291,39,64,,True,True,,147,56.69694568066818
96,2026-09-19T05:46:04.654+00:00,2026-09-19T05:49:17.127+00:00,2026-09-19T05:49:22.259+00:00,True,53,53.0,,53.0,192473.313429,197605.586581,197605.586505,3728.4072925471696,49.178093999999994,192473.313429,26424.691397074042,112.3628636,98.6975606153846,17.48220511695315,0.2682110405733641,39,64,,True,True,,266,56.69694568066818
97,2026-09-19T05:46:05.195+00:00,2026-09-19T05:49:20.076+00:00,2026-09-19T05:49:21.850+00:00,True,18,18.0,,18.0,194880.437473,196654.658017,196654.65806,10925.258781111112,94.785617,194880.437473,45909.160461253865,29325.894077949997,104.36591435294118,3.4853622918299494,0.09153101269761926,39,64,,True,True,,71,56.69694568066818
98,2026-09-19T05:46:05.648+00:00,2026-09-19T05:49:22.567+00:00,2026-09-19T05:49:29.907+00:00,True,72,72.0,,72.0,196918.572908,204258.547564,204258.54779,2836.924274861111,45.236493,196918.572908,23194.89707505108,115.1182921,103.37992473239437,13.960796472549049,0.3524944285498768,39,64,,True,True,,340,56.69694568066818
99,2026-09-19T05:46:06.081+00:00,2026-09-19T05:49:25.120+00:00,2026-09-19T05:49:26.785+00:00,True,17,17.0,,17.0,199038.62137,200703.981242,200703.981292,11806.116546588235,49.894603000000004,199038.62137,48248.71431221097,39900.8610148,104.084992,15.01807719376512,0.08470185740611767,39,64,,True,True,,107,56.69694568066818
100,2026-09-19T05:46:06.548+00:00,2026-09-19T05:49:27.838+00:00,2026-09-19T05:49:28.564+00:00,True,8,8.0,,8.0,201290.028293,202015.95930100002,202015.959425,25251.994928125,93.884049,201290.028293,71130.1071308067,130876.82441415,103.70442971428572,5.677484179826064,0.039600831675284366,39,64,,True,True,,24,56.69694568066818
101,2026-09-19T05:46:06.870+00:00,2026-09-19T05:49:29.801+00:00,2026-09-19T05:49:39.384+00:00,True,94,94.0,,94.0,202930.52834599998,212514.28796199997,212514.28783699998,2260.7902961382974,47.626288,202930.52834599998,20920.061808797032,113.89291714999999,103.05117866666667,14.368230090488309,0.4423232004843283,39,64,,True,True,,432,56.69694568066818
102,2026-09-19T05:46:07.336+00:00,2026-09-19T05:49:30.119+00:00,2026-09-19T05:49:31.032+00:00,True,10,10.0,,10.0,202782.366333,203695.684733,203695.68480500003,20369.568480500002,49.513763,202782.366333,64093.32692871944,111582.06668415,101.47982222222223,20.71505498721228,0.04909284167265393,39,64,,True,True,,27,56.69694568066818
103,2026-09-19T05:46:07.768+00:00,2026-09-19T05:49:34.713+00:00,2026-09-19T05:49:39.082+00:00,True,44,44.0,,44.0,206945.005631,211314.605631,211314.605579,4802.6046722500005,44.535074,206945.005631,31182.817845106492,114.12595545,101.61860465116278,15.931808204331643,0.20822034458343738,39,64,,True,True,,154,56.69694568066818
104,2026-09-19T05:46:08.166+00:00,2026-09-19T05:49:37.644+00:00,2026-09-19T05:49:39.494+00:00,True,19,19.0,,19.0,209478.726359,211328.076247,211328.076148,11122.530323578947,97.760819,209478.726359,48034.14534735183,21046.734153799996,102.74166044444445,4.0543493269336475,0.08990759929973917,39,64,,True,True,,104,56.69694568066818
105,2026-09-19T05:46:08.536+00:00,2026-09-19T05:49:39.386+00:00,2026-09-19T05:49:41.041+00:00,True,19,19.0,,19.0,210850.311693,212505.26798099998,212505.268068,11184.48779305263,49.089497,210850.311693,48351.29064540924,21182.103972300003,91.942016,21.697089687963874,0.08940954819858293,39,64,,True,True,,92,56.69694568066818
106,2026-09-19T05:46:08.873+00:00,2026-09-19T05:49:41.148+00:00,2026-09-19T05:49:44.897+00:00,True,39,39.0,,39.0,212275.05454800001,216023.562964,216023.56294600002,5539.065716564103,47.623419999999996,212275.05454800001,33975.42233737902,115.0365755,98.64495831578948,19.748970280706178,0.1805358612962943,39,64,,True,True,,141,56.69694568066818
107,2026-09-19T05:46:09.227+00:00,2026-09-19T05:49:43.097+00:00,2026-09-19T05:49:45.099+00:00,True,22,22.0,,22.0,213870.650563,215872.498115,215872.49798400002,9812.386272,49.557415999999996,213870.650563,45577.056945349126,114.60474400000001,95.32607390476191,21.036876347148638,0.10191200913550424,39,64,,True,True,,75,56.69694568066818
108,2026-09-19T05:46:09.557+00:00,2026-09-19T05:49:44.634+00:00,2026-09-19T05:49:50.642+00:00,True,64,64.0,,64.0,215077.005665,221085.260897,221085.260912,3454.45720175,44.887107,215077.005665,26872.7134387399,114.13002375,95.36913066666668,22.011769045482307,0.28948107956331176,39,64,,True,True,,311,56.69694568066818
109,2026-09-19T05:46:10.073+00:00,2026-09-19T05:49:47.226+00:00,2026-09-19T05:49:55.646+00:00,True,88,88.0,,88.0,217153.023328,225572.538208,225572.538173,2563.3242974204545,46.910273000000004,217153.023328,23138.280629466015,110.75157250000001,96.77603310344827,18.002769172753865,0.3901184102421872,39,64,,True,True,,413,56.69694568066818
110,2026-09-19T05:46:10.503+00:00,2026-09-19T05:49:49.307+00:00,2026-09-19T05:49:57.608+00:00,True,85,85.0,,85.0,218803.782779,227104.599419,227104.599647,2671.8188193764704,46.253963000000006,218803.782779,23721.88961170303,110.15775220000002,98.81924571428571,16.51265434006617,0.37427687601860493,39,64,,True,True,,359,56.69694568066818
111,2026-09-19T05:46:10.971+00:00,2026-09-19T05:49:51.918+00:00,2026-09-19T05:49:59.754+00:00,True,80,80.0,,80.0,220947.475226,228783.776794,228783.77680300002,2859.7972100375,46.982652,220947.475226,24691.594460068172,114.32967940000002,99.19369073417721,17.249166480547093,0.3496751435834241,39,64,,True,True,,276,56.69694568066818
112,2026-09-19T05:46:11.305+00:00,2026-09-19T05:49:53.963+00:00,2026-09-19T05:49:55.326+00:00,True,15,15.0,,15.0,222657.84285800002,224021.60170600002,224021.60188700003,14934.773459133334,48.275379,222657.84285800002,57464.859621835334,66879.2629591,97.41134628571429,20.232017664435013,0.06695782855657643,39,64,,True,True,,61,56.69694568066818
113,2026-09-19T05:46:11.702+00:00,2026-09-19T05:49:55.963+00:00,2026-09-19T05:50:00.508+00:00,True,46,46.0,,46.0,224260.56484799998,228806.31614399998,228806.31610099997,4974.050350021738,49.850035000000005,224260.56484799998,33050.52626838229,114.14370099999998,101.01669546666668,16.439781645349335,0.20104340114042024,39,64,,True,True,,241,56.69694568066818
114,2026-09-19T05:46:12.098+00:00,2026-09-19T05:49:57.915+00:00,2026-09-19T05:50:02.861+00:00,True,52,52.0,,52.0,225817.26126499998,230762.89710499998,230762.897137,4437.7480218653845,45.433715,225817.26126499998,31301.779296218767,111.81542905,96.97325176470588,21.56538110524688,0.22533951797432736,39,64,,True,True,,176,56.69694568066818
115,2026-09-19T05:46:12.558+00:00,2026-09-19T05:50:00.613+00:00,2026-09-19T05:50:07.964+00:00,True,78,78.0,,78.0,228055.32771399998,235406.57405,235406.57412799998,3018.0330016410253,43.994558,228055.32771399998,25811.38032930755,111.360631,95.47073163636364,21.998415194130768,0.3313416386724736,39,64,,True,True,,285,56.69694568066818
116,2026-09-19T05:46:12.993+00:00,2026-09-19T05:50:03.277+00:00,2026-09-19T05:50:09.860+00:00,True,70,70.0,,70.0,230284.47078200002,236866.800894,236866.80076600003,3383.811439514286,0.558079,230284.47078200002,27512.87112205083,110.98802295000002,95.39608857971014,28.314742187329866,0.29552474106038024,39,64,,True,True,,383,56.69694568066818
117,2026-09-19T05:46:13.333+00:00,2026-09-19T05:50:04.937+00:00,2026-09-19T05:50:12.679+00:00,True,82,82.0,,82.0,231604.11986399998,239345.58187999998,239345.581789,2918.848558402439,47.332871,231604.11986399998,25565.85003887114,111.54336855000001,95.57360513580247,20.32055284764748,0.3426008508530235,39,64,,True,True,,348,56.69694568066818
118,2026-09-19T05:46:13.779+00:00,2026-09-19T05:50:08.211+00:00,2026-09-19T05:50:16.446+00:00,True,82,82.0,,82.0,234431.94664399998,242667.53576399997,242667.535732,2959.3601918536583,46.726723,234431.94664399998,25877.454081135213,113.71690604999999,101.67393975308642,15.289047142187565,0.337910877702846,39,64,,True,True,,317,56.69694568066818
119,2026-09-19T05:46:14.344+00:00,2026-09-19T05:50:11.081+00:00,2026-09-19T05:50:18.995+00:00,True,79,79.0,,79.0,236737.591111,244651.547719,244651.547779,3096.855035177215,47.069291,236737.591111,26623.650537211393,113.54678089999999,101.46098215384616,17.75485882771583,0.32290823719103223,39,64,,True,True,,397,56.69694568066818
120,2026-09-19T05:46:14.698+00:00,2026-09-19T05:50:12.784+00:00,2026-09-19T05:50:20.147+00:00,True,75,75.0,,75.0,238085.68373699998,245448.998937,245448.99874299997,3272.653316573333,44.769857,238085.68373699998,27480.283924002186,115.09653199999998,99.50425945945945,19.701307766233096,0.3055624603270451,39,64,,True,True,,293,56.69694568066818
121,2026-09-19T05:46:15.285+00:00,2026-09-19T05:50:16.231+00:00,2026-09-19T05:50:21.983+00:00,True,61,61.0,,61.0,240945.950397,246698.043325,246698.043284,4044.230217770492,45.568435,240945.950397,30837.700140243927,110.723444,95.86821546666667,21.08180078041803,0.24726584442195432,39,64,,True,True,,233,56.69694568066818
122,2026-09-19T05:46:15.763+00:00,2026-09-19T05:50:19.314+00:00,2026-09-19T05:50:19.944+00:00,True,7,7.0,,7.0,243550.293813,244180.504373,244180.504192,34882.929170285715,99.86008,243550.293813,92013.65898781779,170518.24529489997,105.03509333333332,3.574077952771073,0.02866731731091476,39,64,,True,True,,29,56.69694568066818
123,2026-09-19T05:46:16.285+00:00,2026-09-19T05:50:21.581+00:00,2026-09-19T05:50:27.887+00:00,True,67,67.0,,67.0,245295.78578799998,251601.78386799997,251601.78392899997,3755.2505064029847,44.073389000000006,245295.78578799998,29955.983122214126,109.8412436,95.54542545454545,19.10693887701705,0.26629381942359676,39,64,,True,True,,290,56.69694568066818
124,2026-09-19T05:46:16.691+00:00,2026-09-19T05:50:23.559+00:00,2026-09-19T05:50:24.286+00:00,True,8,8.0,,8.0,246868.236699,247595.491483,247595.49155500002,30949.436444375002,97.63381600000001,246868.236699,87244.37038963326,160505.0010354,103.89354057142857,6.253160881334145,0.032310766048618794,39,64,,True,True,,34,56.69694568066818
125,2026-09-19T05:46:17.152+00:00,2026-09-19T05:50:26.380+00:00,2026-09-19T05:50:32.483+00:00,True,61,61.0,,61.0,249227.897229,255330.51892499998,255330.518997,4185.746213065574,45.379516,249227.897229,31897.342114700506,110.76314500000001,101.7103616,12.578464648086296,0.238906027594445,39,64,,True,True,,293,56.69694568066818
126,2026-09-19T05:46:17.487+00:00,2026-09-19T05:50:27.987+00:00,2026-09-19T05:50:37.648+00:00,True,96,96.0,,96.0,250499.85941,260160.33045,260160.330276,2710.003440375,47.82792,250499.85941,25556.15941182617,110.85061474999999,101.68916884210527,12.811765051539258,0.36900322133642954,39,64,,True,True,,449,56.69694568066818
127,2026-09-19T05:46:17.962+00:00,2026-09-19T05:50:30.407+00:00,2026-09-19T05:50:36.855+00:00,True,65,65.0,,65.0,252445.147333,258892.948677,258892.948887,3982.9684444153845,48.348828999999995,252445.147333,31299.473584048428,111.45134780000001,100.746896,13.465266154485509,0.2510690242131519,39,64,,True,True,,320,56.69694568066818
128,2026-09-19T05:46:18.284+00:00,2026-09-19T05:50:31.867+00:00,2026-09-19T05:50:33.601+00:00,True,19,19.0,,19.0,253583.34535100003,255316.72314300004,255316.72333900002,13437.722281000002,52.880447999999994,253583.34535100003,58153.91885463585,25458.000701600005,96.29876622222223,15.843069452351653,0.07441737370786446,39,64,,True,True,,87,56.69694568066818
129,2026-09-19T05:46:18.712+00:00,2026-09-19T05:50:34.228+00:00,2026-09-19T05:50:44.004+00:00,True,98,98.0,,98.0,255516.29131200002,265291.89988800004,265291.900043,2707.060204520408,47.843900000000005,255516.29131200002,25800.868875070104,113.61741534999999,100.77946985567011,17.620239948915053,0.36940441845896266,39,64,,True,True,,531,56.69694568066818
130,2026-09-19T05:46:19.213+00:00,2026-09-19T05:50:36.745+00:00,2026-09-19T05:50:39.972+00:00,True,33,33.0,,33.0,257531.655475,260758.827827,260758.827954,7901.782665272727,46.386804,257531.655475,44812.95545601323,114.303143,100.849136,19.519835245333265,0.12655372121051944,39,64,,True,True,,90,56.69694568066818
131,2026-09-19T05:46:19.560+00:00,2026-09-19T05:50:38.516+00:00,2026-09-19T05:50:39.428+00:00,True,10,10.0,,10.0,258955.621386,259867.887882,259867.88792500002,25986.7887925,45.205746,258955.621386,81856.90634322325,142477.08023400002,101.362944,21.344691623649005,0.03848109160967503,39,64,,True,True,,40,56.69694568066818
132,2026-09-19T05:46:20.066+00:00,2026-09-19T05:50:41.455+00:00,2026-09-19T05:50:49.891+00:00,True,88,88.0,,88.0,261388.982406,269825.182598,269825.182597,3066.195256784091,45.219766,261388.982406,27853.82899304203,112.5234657,96.96781829885059,19.35732882253918,0.3261370905142947,39,64,,True,True,,412,56.69694568066818
133,2026-09-19T05:46:20.643+00:00,2026-09-19T05:50:44.509+00:00,2026-09-19T05:50:48.067+00:00,True,38,38.0,,38.0,263866.015702,267424.21807,267424.217846,7037.4794170000005,43.627480000000006,263866.015702,42789.123705334176,111.6478796,96.16763156756757,18.987431511171003,0.14209633022112178,39,64,,True,True,,195,56.69694568066818
134,2026-09-19T05:46:21.027+00:00,2026-09-19T05:50:46.936+00:00,2026-09-19T05:50:53.114+00:00,True,66,66.0,,66.0,265909.517545,272086.734057,272086.73392,4122.526271515152,45.106686,265909.517545,32719.507092942225,110.60753125000001,95.03410018461538,19.971807755171344,0.2425697093566257,39,64,,True,True,,298,56.69694568066818
135,2026-09-19T05:46:21.560+00:00,2026-09-19T05:50:49.890+00:00,2026-09-19T05:50:59.530+00:00,True,99,99.0,,99.0,268329.86023,277970.05530199996,277970.055308,2807.7783364444444,47.088192,268329.86023,26958.28412300639,109.46043089999999,98.36933746938776,16.44385747003974,0.35615347089254507,39,64,,True,True,,397,56.69694568066818
137,2026-09-19T05:46:22.804+00:00,2026-09-19T05:50:53.729+00:00,2026-09-19T05:50:56.434+00:00,True,28,28.0,,28.0,270925.063798,273630.874486,273630.874489,9772.53123175,53.770337,270925.063798,51181.08738629609,109.33491255000001,100.21521066666668,13.82964576915272,0.10232763408952446,39,64,,True,True,,106,56.69694568066818
136,2026-09-19T05:46:22.768+00:00,2026-09-19T05:50:53.928+00:00,2026-09-19T05:50:58.644+00:00,True,48,48.0,,48.0,271160.282217,275876.450153,275876.450154,5747.426044875001,44.868557,271160.282217,39124.135403257904,111.2316605,100.34399863829788,16.314213390830936,0.17399092953885475,39,64,,True,True,,136,56.69694568066818
138,2026-09-19T05:46:22.934+00:00,2026-09-19T05:50:57.127+00:00,2026-09-19T05:51:03.616+00:00,True,66,66.0,,66.0,274192.888193,280682.628993,280682.628911,4252.767104712121,45.648006,274192.888193,33738.52576626388,112.04095299999999,99.84216615384616,16.68783972562433,0.23514102114828767,39,64,,True,True,,295,56.69694568066818
139,2026-09-19T05:46:23.274+00:00,2026-09-19T05:50:59.064+00:00,2026-09-19T05:51:03.513+00:00,True,46,46.0,,46.0,275790.03893,280238.57345799997,280238.573631,6092.142905021738,45.444226,275790.03893,40648.45133563154,111.66217875000001,98.85632284444443,18.413547237619643,0.16414585412844365,39,64,,True,True,,59,56.69694568066818
140,2026-09-19T05:46:23.689+00:00,2026-09-19T05:51:01.132+00:00,2026-09-19T05:51:09.638+00:00,True,88,88.0,,88.0,277443.100631,285948.800215,285948.800092,3249.4181828636365,44.528667999999996,277443.100631,29565.118432155658,111.73697535000001,97.76666188505746,19.70619028504085,0.3077474007019239,39,64,,True,True,,306,56.69694568066818
141,2026-09-19T05:46:24.155+00:00,2026-09-19T05:51:03.729+00:00,2026-09-19T05:51:10.364+00:00,True,70,70.0,,70.0,279573.440508,286208.08959600003,286208.089533,4088.686993328572,48.261719,279573.440508,33403.93041795762,111.26372380000001,96.15433460869565,19.498751750142244,0.24457729374040132,39,64,,True,True,,276,56.69694568066818
142,2026-09-19T05:46:24.642+00:00,2026-09-19T05:51:05.947+00:00,2026-09-19T05:51:14.114+00:00,True,87,87.0,,87.0,281305.65002,289472.831332,289472.831459,3327.273924816092,45.569426,281305.65002,30148.956942596473,108.918012,94.96722455813953,20.881400982184264,0.3005463400474313,39,64,,True,True,,343,56.69694568066818
143,2026-09-19T05:46:25.074+00:00,2026-09-19T05:51:08.494+00:00,2026-09-19T05:51:14.539+00:00,True,62,62.0,,62.0,283420.185303,289465.70568699995,289465.705621,4668.801703564516,46.571063,283420.185303,35981.81686613596,111.79243609999999,99.1068915409836,16.947896492747287,0.21418772166068184,39,64,,True,True,,265,56.69694568066818
144,2026-09-19T05:46:25.465+00:00,2026-09-19T05:51:10.669+00:00,2026-09-19T05:51:19.058+00:00,True,85,85.0,,85.0,285204.210183,293593.66349500004,293593.66347100004,3454.043099658824,46.852543,285204.210183,30923.911473577315,112.112407,99.8744441904762,16.66057461431055,0.28951578514380155,39,64,,True,True,,316,56.69694568066818
145,2026-09-19T05:46:25.927+00:00,2026-09-19T05:51:13.133+00:00,2026-09-19T05:51:19.574+00:00,True,65,65.0,,65.0,287206.235689,293647.10992899997,293647.109969,4517.647845676923,47.078432,287206.235689,35611.06980460609,113.7964644,100.63866,15.400672005462784,0.2213541281428452,39,64,,True,True,,222,56.69694568066818
146,2026-09-19T05:46:26.503+00:00,2026-09-19T05:51:16.254+00:00,2026-09-19T05:51:25.876+00:00,True,97,97.0,,97.0,289750.07601099997,299373.01514699997,299373.01522899995,3086.3197446288655,43.174831,289750.07601099997,29409.49090224925,113.1914458,100.23894933333332,18.52413288150857,0.3240104989167793,39,64,,True,True,,396,56.69694568066818
147,2026-09-19T05:46:27.086+00:00,2026-09-19T05:51:19.054+00:00,2026-09-19T05:51:26.296+00:00,True,73,73.0,,73.0,291968.07715100003,299210.03299100004,299210.032843,4098.767573191782,45.190546999999995,291968.07715100003,34160.511133733315,116.0686376,100.58272,18.15248787411014,0.2439757760469074,39,64,,True,True,,181,56.69694568066818
148,2026-09-19T05:46:27.648+00:00,2026-09-19T05:51:22.203+00:00,2026-09-19T05:51:27.675+00:00,False,57,56.0,,56.0,294554.553885,300027.211037,300027.211177,5263.635283807018,0.04385,294554.553885,39001.76684561619,111.48281580000001,97.72602057142856,23.945354740567357,0.18664973689034478,39,64,,True,False,Request timeout: 300.0s exceeded,216,56.69694568066818
149,2026-09-19T05:46:28.225+00:00,2026-09-19T05:51:25.977+00:00,2026-09-19T05:51:28.302+00:00,False,25,24.0,,24.0,297752.32832599996,300076.77786199993,300076.77800299996,12003.07112012,0.0422,297752.32832599996,59531.10070927056,112.57604420000001,96.852064,26.040409584287424,0.07997953114198388,39,64,,True,False,Request timeout: 300.0s exceeded,75,56.69694568066818
150,2026-09-19T05:46:28.598+00:00,2026-09-19T05:51:27.572+00:00,2026-09-19T05:51:28.727+00:00,False,13,12.0,,12.0,298973.289294,300128.354126,300128.354063,23086.796466384618,0.03465,298973.289294,82893.57983222965,119656.5724488,96.25540266666667,30.54117472534978,0.0399828934355271,39,64,,True,False,Request timeout: 300.0s exceeded,52,56.69694568066818
151,2026-09-19T05:46:29.016+00:00,2026-09-19T05:51:29.069+00:00,2026-09-19T05:51:29.602+00:00,False,7,6.0,,6.0,300052.27594,300585.75843600003,300585.758456,42940.82263657143,0.04366,300052.27594,113375.50111266931,210070.2822559,88.91374933333333,43.64757463453339,0.01996102553633626,39,64,,True,False,Request timeout: 300.0s exceeded,19,56.69694568066818
152,2026-09-19T05:46:29.490+00:00,2026-09-19T05:51:29.642+00:00,2026-09-19T05:51:29.642+00:00,False,1,0.0,,0.0,300151.697626,300151.697626,300151.697626,300151.697626,300151.697626,300151.697626,nan,300151.697626,nan,nan,0.0,39,64,,True,False,"HTTPConnectionPool(host='gpu03', port=9002): Read timed out.",0,56.69694568066818
153,2026-09-19T05:46:29.917+00:00,2026-09-19T05:51:29.937+00:00,2026-09-19T05:51:29.937+00:00,False,1,0.0,,0.0,300019.68289,300019.68289,300019.68289,300019.68289,300019.68289,300019.68289,nan,300019.68289,nan,nan,0.0,39,64,,True,False,"HTTPConnectionPool(host='gpu03', port=9002): Read timed out.",0,56.69694568066818
154,2026-09-19T05:46:30.335+00:00,2026-09-19T05:51:30.375+00:00,2026-09-19T05:51:30.375+00:00,False,1,0.0,,0.0,300040.299865,300040.299865,300040.299865,300040.299865,300040.299865,300040.299865,nan,300040.299865,nan,nan,0.0,39,64,,True,False,"HTTPConnectionPool(host='gpu03', port=9002): Read timed out.",0,56.69694568066818
155,2026-09-19T05:46:30.902+00:00,2026-09-19T05:51:30.923+00:00,2026-09-19T05:51:30.923+00:00,False,1,0.0,,0.0,300021.027527,300021.027527,300021.027527,300021.027527,300021.027527,300021.027527,nan,300021.027527,nan,nan,0.0,39,64,,True,False,"HTTPConnectionPool(host='gpu03', port=9002): Read timed out.",0,56.69694568066818
156,2026-09-19T05:46:31.242+00:00,2026-09-19T05:51:30.985+00:00,2026-09-19T05:51:31.312+00:00,False,5,4.0,,4.0,299743.258453,300069.865045,300069.86494299996,60013.9729886,0.02134,299743.258453,134012.75293102834,239817.06838699998,81.651648,54.48544866740912,0.013330228943183415,39,64,,True,False,Request timeout: 300.0s exceeded,12,56.69694568066818
157,2026-09-19T05:46:31.715+00:00,2026-09-19T05:51:31.531+00:00,2026-09-19T05:51:31.741+00:00,False,4,3.0,,3.0,299815.648941,300026.016685,300026.016528,75006.504132,0.02197,299815.648941,149872.77141174144,254859.37318695,70.12258133333333,60.74085996978381,0.00999913285236769,39,64,,True,False,Request timeout: 300.0s exceeded,10,56.69694568066818
158,2026-09-19T05:46:32.217+00:00,2026-09-19T05:51:32.321+00:00,2026-09-19T05:51:32.321+00:00,False,1,0.0,,0.0,300104.579074,300104.579074,300104.579074,300104.579074,300104.579074,300104.579074,nan,300104.579074,nan,nan,0.0,39,64,,True,False,"HTTPConnectionPool(host='gpu03', port=9002): Read timed out.",0,56.69694568066818
159,2026-09-19T05:46:32.557+00:00,2026-09-19T05:51:32.529+00:00,2026-09-19T05:51:32.667+00:00,False,3,2.0,,2.0,299971.725056,300110.020352,300110.020258,100036.67341933333,0.030699999999999998,299971.725056,173148.84761921872,269988.3790006,69.147648,97.74609696716473,0.0066642226662548395,39,64,,True,False,Request timeout: 300.0s exceeded,8,56.69694568066818
160,2026-09-19T05:46:32.931+00:00,2026-09-19T05:51:32.911+00:00,2026-09-19T05:51:33.024+00:00,False,3,2.0,,2.0,299980.092415,300092.656639,300092.656697,100030.88556566667,0.0385,299980.092415,173161.1017321883,269993.3357517,56.282112,79.5406203086064,0.006664608265992739,39,64,,True,False,Request timeout: 300.0s exceeded,7,56.69694568066818
161,2026-09-19T05:46:33.279+00:00,2026-09-19T05:51:33.142+00:00,2026-09-19T05:51:33.331+00:00,False,4,3.0,,3.0,299863.323181,300052.214829,300052.214907,75013.05372675,0.03632,299863.323181,149900.18632064338,254898.8901307,62.96388266666666,54.82705076944779,0.009998259808579326,39,64,,True,False,Request timeout: 300.0s exceeded,8,56.69694568066818
162,2026-09-19T05:46:33.880+00:00,2026-09-19T05:51:33.932+00:00,2026-09-19T05:51:33.932+00:00,False,1,0.0,,0.0,300051.50214999996,300051.50214999996,300051.50214999996,300051.50214999996,300051.50214999996,300051.50214999996,nan,300051.50214999996,nan,nan,0.0,39,64,,True,False,"HTTPConnectionPool(host='gpu03', port=9002): Read timed out.",0,56.69694568066818
163,2026-09-19T05:46:34.383+00:00,2026-09-19T05:51:34.276+00:00,2026-09-19T05:51:34.407+00:00,False,3,2.0,,2.0,299893.045378,300024.28685000003,300024.287027,100008.09567566667,0.024449000000000002,299893.045378,173105.45670490208,269916.8625602,65.620736,92.7673411502675,0.006666127002578025,39,64,,True,False,Request timeout: 300.0s exceeded,4,56.69694568066818
164,2026-09-19T05:46:34.864+00:00,2026-09-19T05:51:34.657+00:00,2026-09-19T05:51:34.902+00:00,False,5,4.0,,4.0,299792.588384,300037.064032,300037.064043,60007.4128086,0.042570000000000004,299792.588384,134043.99438351934,239855.16266080004,61.118912,47.21939097620366,0.013331686246514481,39,64,,True,False,Request timeout: 300.0s exceeded,13,56.69694568066818
165,2026-09-19T05:46:35.432+00:00,2026-09-19T05:51:35.448+00:00,2026-09-19T05:51:35.448+00:00,False,1,0.0,,0.0,300016.812996,300016.812996,300016.812996,300016.812996,300016.812996,300016.812996,nan,300016.812996,nan,nan,0.0,39,64,,True,False,"HTTPConnectionPool(host='gpu03', port=9002): Read timed out.",0,56.69694568066818
166,2026-09-19T05:46:35.854+00:00,2026-09-19T05:51:35.891+00:00,2026-09-19T05:51:35.891+00:00,False,1,0.0,,0.0,300036.891692,300036.891692,300036.891692,300036.891692,300036.891692,300036.891692,nan,300036.891692,nan,nan,0.0,39,64,,True,False,TTFT timeout: 300.0s exceeded (TTFT: 300.031s),0,56.69694568066818
167,2026-09-19T05:46:36.333+00:00,2026-09-19T05:51:36.150+00:00,2026-09-19T05:51:36.350+00:00,False,4,3.0,,3.0,299816.694052,300016.911396,300016.911312,75004.227828,0.03452,299816.694052,149874.9849432269,254859.8280817,66.73911466666667,57.9176332994417,0.009999436318575465,39,64,,True,False,Request timeout: 300.0s exceeded,9,56.69694568066818
168,2026-09-19T05:46:36.824+00:00,2026-09-19T05:51:36.911+00:00,2026-09-19T05:51:36.911+00:00,False,1,0.0,,0.0,300087.284445,300087.284445,300087.284445,300087.284445,300087.284445,300087.284445,nan,300087.284445,nan,nan,0.0,39,64,,True,False,"HTTPConnectionPool(host='gpu03', port=9002): Read timed out.",0,56.69694568066818
170,2026-09-19T05:46:37.756+00:00,2026-09-19T05:51:37.330+00:00,2026-09-19T05:51:37.900+00:00,False,7,6.0,,6.0,299574.18829,300144.22605,300144.225922,42877.74656028572,0.03872,299574.18829,113192.4993899256,209740.6084525,95.00629333333333,47.14384065553323,0.01999038955025735,39,64,,True,False,Request timeout: 300.0s exceeded,30,56.69694568066818
169,2026-09-19T05:46:37.700+00:00,2026-09-19T05:51:37.331+00:00,2026-09-19T05:51:37.997+00:00,False,8,7.0,,7.0,299631.229366,300296.958902,300296.958878,37537.11985975,0.02218,299631.229366,105902.01997321658,194803.96188714998,95.10421942857143,42.533696753385634,0.02331025936990726,39,64,,True,False,Request timeout: 300.0s exceeded,34,56.69694568066818
171,2026-09-19T05:46:38.069+00:00,2026-09-19T05:51:38.156+00:00,2026-09-19T05:51:38.156+00:00,False,1,0.0,,0.0,300086.842851,300086.842851,300086.842851,300086.842851,300086.842851,300086.842851,nan,300086.842851,nan,nan,0.0,39,64,,True,False,"HTTPConnectionPool(host='gpu03', port=9002): Read timed out.",0,56.69694568066818
172,2026-09-19T05:46:38.557+00:00,2026-09-19T05:51:38.826+00:00,2026-09-19T05:51:39.426+00:00,False,7,6.0,,6.0,300268.55155699997,300868.69030899997,300868.69047,42981.24149571428,0.03939,300268.55155699997,113453.05444868376,210243.3047093,100.02312533333333,63.47292877892093,0.019942254522522247,39,64,,True,False,Request timeout: 300.0s exceeded,30,56.69694568066818
173,2026-09-19T05:46:38.938+00:00,2026-09-19T05:51:39.355+00:00,2026-09-19T05:51:39.527+00:00,False,5,4.0,,4.0,300416.213897,300588.913289,300588.913491,60117.782698200004,0.02444,300416.213897,134330.90931791087,240347.08388520003,43.174848,30.259761560587265,0.01330721068928519,39,64,,True,False,Request timeout: 300.0s exceeded,18,56.69694568066818
174,2026-09-19T05:46:39.306+00:00,2026-09-19T05:51:39.356+00:00,2026-09-19T05:51:39.579+00:00,False,6,5.0,,5.0,300050.033617,300272.74747299997,300272.747406,50045.457900999994,0.038770000000000006,300050.033617,122476.73094225576,225054.32117424998,44.542771200000004,25.772063500552903,0.01665152779290965,39,64,,True,False,Request timeout: 300.0s exceeded,23,56.69694568066818
175,2026-09-19T05:46:39.750+00:00,2026-09-19T05:51:39.782+00:00,2026-09-19T05:51:39.782+00:00,False,1,0.0,,0.0,300031.45951300004,300031.45951300004,300031.45951300004,300031.45951300004,300031.45951300004,300031.45951300004,nan,300031.45951300004,nan,nan,0.0,39,64,,True,False,"HTTPConnectionPool(host='gpu03', port=9002): Read timed out.",0,56.69694568066818
176,2026-09-19T05:46:40.189+00:00,2026-09-19T05:51:40.276+00:00,2026-09-19T05:51:40.276+00:00,False,1,0.0,,0.0,300087.646935,300087.646935,300087.646935,300087.646935,300087.646935,300087.646935,nan,300087.646935,nan,nan,0.0,39,64,,True,False,"HTTPConnectionPool(host='gpu03', port=9002): Read timed out.",0,56.69694568066818
177,2026-09-19T05:46:40.770+00:00,2026-09-19T05:51:40.776+00:00,2026-09-19T05:51:40.776+00:00,False,1,0.0,,0.0,300006.566051,300006.566051,300006.566051,300006.566051,300006.566051,300006.566051,nan,300006.566051,nan,nan,0.0,39,64,,True,False,TTFT timeout: 300.0s exceeded (TTFT: 300.001s),0,56.69694568066818
178,2026-09-19T05:46:41.123+00:00,2026-09-19T05:51:40.953+00:00,2026-09-19T05:51:41.171+00:00,False,4,3.0,,3.0,299829.981125,300048.229829,300048.229823,75012.05745575,0.02053,299829.981125,149878.62557844355,254874.9932804,72.749568,66.37738729652465,0.009998392597449167,39,64,,True,False,Request timeout: 300.0s exceeded,11,56.69694568066818
179,2026-09-19T05:46:41.489+00:00,2026-09-19T05:51:41.079+00:00,2026-09-19T05:51:41.521+00:00,False,7,6.0,,6.0,299590.360392,300031.978312,300031.97826,42861.71118,0.03836,299590.360392,113206.69973597777,209744.1285579,73.60298666666667,41.57742539018971,0.019997868339756322,39,64,,True,False,Request timeout: 300.0s exceeded,23,56.69694568066818
180,2026-09-19T05:46:41.859+00:00,2026-09-19T05:51:41.962+00:00,2026-09-19T05:51:41.962+00:00,False,1,0.0,,0.0,300103.669782,300103.669782,300103.669782,300103.669782,300103.669782,300103.669782,nan,300103.669782,nan,nan,0.0,39,64,,True,False,"HTTPConnectionPool(host='gpu03', port=9002): Read timed out.",0,56.69694568066818
181,2026-09-19T05:46:42.337+00:00,2026-09-19T05:51:42.400+00:00,2026-09-19T05:51:42.400+00:00,False,1,0.0,,0.0,300062.72144199995,300062.72144199995,300062.72144199995,300062.72144199995,300062.72144199995,300062.72144199995,nan,300062.72144199995,nan,nan,0.0,39,64,,True,False,TTFT timeout: 300.0s exceeded (TTFT: 300.057s),0,56.69694568066818
182,2026-09-19T05:46:42.755+00:00,2026-09-19T05:51:42.684+00:00,2026-09-19T05:51:42.818+00:00,False,3,2.0,,2.0,299929.610268,300063.63906799996,300063.63906,100021.21302,0.039060000000000004,299929.610268,173125.76340162015,269950.04821439995,67.0144,94.71764347615647,0.0066652527650868185,39,64,,True,False,Request timeout: 300.0s exceeded,7,56.69694568066818
183,2026-09-19T05:46:43.124+00:00,2026-09-19T05:51:42.924+00:00,2026-09-19T05:51:43.239+00:00,False,5,4.0,,4.0,299799.666995,300115.04056299996,300115.040451,60023.0080902,0.02215,299799.666995,134039.23495286435,239861.8711132,78.843392,52.70213132354964,0.013328222379312317,39,64,,True,False,Request timeout: 300.0s exceeded,11,56.69694568066818
184,2026-09-19T05:46:43.472+00:00,2026-09-19T05:51:43.558+00:00,2026-09-19T05:51:43.558+00:00,False,1,0.0,,0.0,300085.721645,300085.721645,300085.721645,300085.721645,300085.721645,300085.721645,nan,300085.721645,nan,nan,0.0,39,64,,True,False,"HTTPConnectionPool(host='gpu03', port=9002): Read timed out.",0,56.69694568066818
185,2026-09-19T05:46:43.821+00:00,2026-09-19T05:51:43.933+00:00,2026-09-19T05:51:43.933+00:00,False,1,0.0,,0.0,300111.800324,300111.800324,300111.800324,300111.800324,300111.800324,300111.800324,nan,300111.800324,nan,nan,0.0,39,64,,True,False,"HTTPConnectionPool(host='gpu03', port=9002): Read timed out.",0,56.69694568066818
186,2026-09-19T05:46:44.267+00:00,2026-09-19T05:51:44.351+00:00,2026-09-19T05:51:44.351+00:00,False,1,0.0,,0.0,300084.301681,300084.301681,300084.301681,300084.301681,300084.301681,300084.301681,nan,300084.301681,nan,nan,0.0,39,64,,True,False,TTFT timeout: 300.0s exceeded (TTFT: 300.076s),0,56.69694568066818
187,2026-09-19T05:46:44.716+00:00,2026-09-19T05:51:44.481+00:00,2026-09-19T05:51:44.739+00:00,False,4,3.0,,3.0,299765.020396,300023.03818800004,300023.038244,75005.759561,0.04195,299765.020396,149839.5202256151,254822.22401920002,86.00593066666667,76.45100439911243,0.009999232119368593,39,64,,True,False,Request timeout: 300.0s exceeded,10,56.69694568066818
188,2026-09-19T05:46:45.199+00:00,2026-09-19T05:51:45.259+00:00,2026-09-19T05:51:45.259+00:00,False,1,0.0,,0.0,300060.732852,300060.732852,300060.732852,300060.732852,300060.732852,300060.732852,nan,300060.732852,nan,nan,0.0,39,64,,True,False,"HTTPConnectionPool(host='gpu03', port=9002): Read timed out.",0,56.69694568066818
189,2026-09-19T05:46:45.681+00:00,2026-09-19T05:51:45.782+00:00,2026-09-19T05:51:45.782+00:00,False,1,0.0,,0.0,300101.000834,300101.000834,300101.000834,300101.000834,300101.000834,300101.000834,nan,300101.000834,nan,nan,0.0,39,64,,True,False,"HTTPConnectionPool(host='gpu03', port=9002): Read timed out.",0,56.69694568066818
190,2026-09-19T05:46:46.062+00:00,2026-09-19T05:51:46.011+00:00,2026-09-19T05:51:46.172+00:00,False,3,2.0,,2.0,299949.711911,300109.887783,300109.887843,100036.629281,0.03606,299949.711911,173129.82661367036,269970.75470710004,80.087936,113.21075985959298,0.006664225610074323,39,64,,True,False,Request timeout: 300.0s exceeded,5,56.69694568066818
191,2026-09-19T05:46:46.491+00:00,2026-09-19T05:51:46.285+00:00,2026-09-19T05:51:46.584+00:00,False,5,4.0,,4.0,299794.12837,300092.99710599997,300092.997044,60018.5994088,0.04109,299794.12837,134038.602514801,239856.4706674,74.717184,49.98560483878299,0.013329201409478759,39,64,,True,False,Request timeout: 300.0s exceeded,13,56.69694568066818
192,2026-09-19T05:46:46.813+00:00,2026-09-19T05:51:46.893+00:00,2026-09-19T05:51:46.893+00:00,False,1,0.0,,0.0,300080.31753899995,300080.31753899995,300080.31753899995,300080.31753899995,300080.31753899995,300080.31753899995,nan,300080.31753899995,nan,nan,0.0,39,64,,True,False,TTFT timeout: 300.0s exceeded (TTFT: 300.075s),0,56.69694568066818
193,2026-09-19T05:46:47.186+00:00,2026-09-19T05:51:47.290+00:00,2026-09-19T05:51:47.290+00:00,False,1,0.0,,0.0,300104.801742,300104.801742,300104.801742,300104.801742,300104.801742,300104.801742,nan,300104.801742,nan,nan,0.0,39,64,,True,False,TTFT timeout: 300.0s exceeded (TTFT: 300.098s),0,56.69694568066818
194,2026-09-19T05:46:47.612+00:00,2026-09-19T05:51:47.679+00:00,2026-09-19T05:51:47.679+00:00,False,1,0.0,,0.0,300066.764832,300066.764832,300066.764832,300066.764832,300066.764832,300066.764832,nan,300066.764832,nan,nan,0.0,39,64,,True,False,TTFT timeout: 300.0s exceeded (TTFT: 300.058s),0,56.69694568066818
195,2026-09-19T05:46:48.060+00:00,2026-09-19T05:51:47.932+00:00,2026-09-19T05:51:48.165+00:00,False,4,3.0,,3.0,299872.11208999995,300104.760026,300104.76001699996,75026.19000424999,0.023,299872.11208999995,149897.29219940756,254911.56011599995,77.549312,69.71852096074694,0.009996509218114671,39,64,,True,False,Request timeout: 300.0s exceeded,18,56.69694568066818
196,2026-09-19T05:46:48.463+00:00,2026-09-19T05:51:48.522+00:00,2026-09-19T05:51:48.522+00:00,False,1,0.0,,0.0,300059.246052,300059.246052,300059.246052,300059.246052,300059.246052,300059.246052,nan,300059.246052,nan,nan,0.0,39,64,,True,False,TTFT timeout: 300.0s exceeded (TTFT: 300.054s),0,56.69694568066818
197,2026-09-19T05:46:49.011+00:00,2026-09-19T05:51:49.087+00:00,2026-09-19T05:51:49.087+00:00,False,1,0.0,,0.0,300075.56442,300075.56442,300075.56442,300075.56442,300075.56442,300075.56442,nan,300075.56442,nan,nan,0.0,39,64,,True,False,"HTTPConnectionPool(host='gpu03', port=9002): Read timed out.",0,56.69694568066818
198,2026-09-19T05:46:49.449+00:00,2026-09-19T05:51:49.391+00:00,2026-09-19T05:51:49.523+00:00,False,3,2.0,,2.0,299942.611927,300074.18338299997,300074.183264,100024.72775466666,0.0297,299942.611927,173133.97885107435,269961.504898,65.785728,92.99307226223924,0.00666501855458621,39,64,,True,False,Request timeout: 300.0s exceeded,8,56.69694568066818
199,2026-09-19T05:46:49.940+00:00,2026-09-19T05:51:49.750+00:00,2026-09-19T05:51:49.962+00:00,False,5,4.0,,4.0,299810.077979,300022.366235,300022.366217,60004.473243399996,0.0431,299810.077979,134055.41467336912,239871.12887040002,53.072064,47.38040826626657,0.013332339352549802,39,64,,True,False,Request timeout: 300.0s exceeded,7,56.69694568066818
200,2026-09-19T05:46:50.392+00:00,2026-09-19T05:51:50.753+00:00,2026-09-19T05:51:51.460+00:00,False,8,7.0,,7.0,300360.089186,301067.186274,301067.186178,37633.39827225,0.11648900000000001,300360.089186,106157.62333686912,195285.2794489,101.01386971428572,47.73094286081039,0.02325062417672223,39,64,,True,False,Request timeout: 300.0s exceeded,17,56.69694568066818
201,2026-09-19T05:46:50.967+00:00,2026-09-19T05:51:51.258+00:00,2026-09-19T05:51:51.566+00:00,False,5,4.0,,4.0,300291.477022,300598.988318,300598.988276,60119.797655200004,0.02212,300291.477022,134260.0577231424,240254.92806800004,76.877824,51.43578446384994,0.01330676467802496,39,64,,True,False,Request timeout: 300.0s exceeded,13,56.69694568066818
202,2026-09-19T05:46:51.437+00:00,2026-09-19T05:51:51.684+00:00,2026-09-19T05:51:51.684+00:00,False,1,0.0,,0.0,300246.705809,300246.705809,300246.705809,300246.705809,300246.705809,300246.705809,nan,300246.705809,nan,nan,0.0,39,64,,True,False,"HTTPConnectionPool(host='gpu03', port=9002): Read timed out.",0,56.69694568066818
203,2026-09-19T05:46:51.779+00:00,2026-09-19T05:51:51.878+00:00,2026-09-19T05:51:51.878+00:00,False,1,0.0,,0.0,300099.02822399995,300099.02822399995,300099.02822399995,300099.02822399995,300099.02822399995,300099.02822399995,nan,300099.02822399995,nan,nan,0.0,39,64,,True,False,"HTTPConnectionPool(host='gpu03', port=9002): Read timed out.",0,56.69694568066818
204,2026-09-19T05:46:52.262+00:00,2026-09-19T05:51:52.367+00:00,2026-09-19T05:51:52.367+00:00,False,1,0.0,,0.0,300105.14661500003,300105.14661500003,300105.14661500003,300105.14661500003,300105.14661500003,300105.14661500003,nan,300105.14661500003,nan,nan,0.0,39,64,,True,False,"HTTPConnectionPool(host='gpu03', port=9002): Read timed out.",0,56.69694568066818
205,2026-09-19T05:46:52.709+00:00,2026-09-19T05:51:52.767+00:00,2026-09-19T05:51:52.767+00:00,False,1,0.0,,0.0,300057.65588200005,300057.65588200005,300057.65588200005,300057.65588200005,300057.65588200005,300057.65588200005,nan,300057.65588200005,nan,nan,0.0,39,64,,True,False,"HTTPConnectionPool(host='gpu03', port=9002): Read timed out.",0,56.69694568066818
206,2026-09-19T05:46:53.058+00:00,2026-09-19T05:51:52.992+00:00,2026-09-19T05:51:53.073+00:00,False,3,2.0,,2.0,299933.94863700005,300014.65724500007,300014.65727900004,100004.88575966668,0.03997,299933.94863700005,173143.6520999353,269948.62064050004,40.354304,57.01312598409991,0.006666340966024023,39,64,,True,False,Request timeout: 300.0s exceeded,4,56.69694568066818
207,2026-09-19T05:46:53.556+00:00,2026-09-19T05:51:53.071+00:00,2026-09-19T05:51:53.578+00:00,False,7,6.0,,6.0,299515.19265100005,300021.784395,300021.78431600006,42860.25490228572,0.041069,299515.19265100005,113174.19602808238,209691.85404220002,84.43195733333333,41.546069197429006,0.019998547812450092,39,64,,True,False,Request timeout: 300.0s exceeded,16,56.69694568066818
208,2026-09-19T05:46:53.950+00:00,2026-09-19T05:51:54.050+00:00,2026-09-19T05:51:54.050+00:00,False,1,0.0,,0.0,300100.05217000004,300100.05217000004,300100.05217000004,300100.05217000004,300100.05217000004,300100.05217000004,nan,300100.05217000004,nan,nan,0.0,39,64,,True,False,"HTTPConnectionPool(host='gpu03', port=9002): Read timed out.",0,56.69694568066818
209,2026-09-19T05:46:54.403+00:00,2026-09-19T05:51:54.495+00:00,2026-09-19T05:51:54.495+00:00,False,1,0.0,,0.0,300091.75817000004,300091.75817000004,300091.75817000004,300091.75817000004,300091.75817000004,300091.75817000004,nan,300091.75817000004,nan,nan,0.0,39,64,,True,False,"HTTPConnectionPool(host='gpu03', port=9002): Read timed out.",0,56.69694568066818
210,2026-09-19T05:46:54.859+00:00,2026-09-19T05:51:54.778+00:00,2026-09-19T05:51:55.704+00:00,False,11,10.0,,10.0,299919.405893,300845.219141,300845.21909900004,27349.565372636363,0.02638,299919.405893,90401.19668253622,150025.56325950002,92.58132479999999,39.24129447252598,0.0332396839429687,39,64,,True,False,Request timeout: 300.0s exceeded,56,56.69694568066818
212,2026-09-19T05:46:55.775+00:00,2026-09-19T05:51:54.885+00:00,2026-09-19T05:51:55.928+00:00,False,12,11.0,,11.0,299110.017571,300153.429795,300153.429608,25012.785800666665,0.05772,299110.017571,86318.24963956664,134670.88065399998,94.85565672727273,37.79745498051998,0.036647923721920564,39,64,,True,False,Request timeout: 300.0s exceeded,35,56.69694568066818
211,2026-09-19T05:46:55.699+00:00,2026-09-19T05:51:55.119+00:00,2026-09-19T05:51:55.928+00:00,False,10,9.0,,9.0,299420.336417,300229.270049,300229.27012999996,30022.927012999997,0.03803,299420.336417,94656.60855749215,164736.5858465,89.88151466666667,39.982038958923745,0.029977090503304767,39,64,,True,False,Request timeout: 300.0s exceeded,31,56.69694568066818
213,2026-09-19T05:46:56.111+00:00,2026-09-19T05:51:56.150+00:00,2026-09-19T05:51:56.150+00:00,False,1,0.0,,0.0,300038.98894199997,300038.98894199997,300038.98894199997,300038.98894199997,300038.98894199997,300038.98894199997,nan,300038.98894199997,nan,nan,0.0,39,64,,True,False,"HTTPConnectionPool(host='gpu03', port=9002): Read timed out.",0,56.69694568066818
214,2026-09-19T05:46:56.577+00:00,2026-09-19T05:51:56.587+00:00,2026-09-19T05:51:56.587+00:00,False,1,0.0,,0.0,300010.14263,300010.14263,300010.14263,300010.14263,300010.14263,300010.14263,nan,300010.14263,nan,nan,0.0,39,64,,True,False,"HTTPConnectionPool(host='gpu03', port=9002): Read timed out.",0,56.69694568066818
215,2026-09-19T05:46:56.982+00:00,2026-09-19T05:51:57.094+00:00,2026-09-19T05:51:57.094+00:00,False,1,0.0,,0.0,300112.04605400003,300112.04605400003,300112.04605400003,300112.04605400003,300112.04605400003,300112.04605400003,nan,300112.04605400003,nan,nan,0.0,39,64,,True,False,"HTTPConnectionPool(host='gpu03', port=9002): Read timed out.",0,56.69694568066818
216,2026-09-19T05:46:57.433+00:00,2026-09-19T05:51:57.291+00:00,2026-09-19T05:51:57.510+00:00,False,4,3.0,,3.0,299858.693167,300077.389615,300077.38957,75019.3473925,0.024460000000000003,299858.693167,149892.90620666297,254897.58643194998,72.898816,63.70036013318305,0.009997421011456434,39,64,,True,False,Request timeout: 300.0s exceeded,10,56.69694568066818
217,2026-09-19T05:46:57.882+00:00,2026-09-19T05:51:57.409+00:00,2026-09-19T05:51:57.914+00:00,False,7,6.0,,6.0,299527.061802,300032.226858,300032.22676,42861.74668,0.0417,299527.061802,113178.771922201,209699.41804139997,84.194176,41.227292672978784,0.019997851773568626,39,64,,True,False,Request timeout: 300.0s exceeded,17,56.69694568066818
218,2026-09-19T05:46:58.319+00:00,2026-09-19T05:51:58.427+00:00,2026-09-19T05:51:58.427+00:00,False,1,0.0,,0.0,300108.218375,300108.218375,300108.218375,300108.218375,300108.218375,300108.218375,nan,300108.218375,nan,nan,0.0,39,64,,True,False,"HTTPConnectionPool(host='gpu03', port=9002): Read timed out.",0,56.69694568066818
219,2026-09-19T05:46:58.850+00:00,2026-09-19T05:51:58.928+00:00,2026-09-19T05:51:58.928+00:00,False,1,0.0,,0.0,300078.207468,300078.207468,300078.207468,300078.207468,300078.207468,300078.207468,nan,300078.207468,nan,nan,0.0,39,64,,True,False,TTFT timeout: 300.0s exceeded (TTFT: 300.073s),0,56.69694568066818
220,2026-09-19T05:46:59.284+00:00,2026-09-19T05:51:59.201+00:00,2026-09-19T05:51:59.311+00:00,False,3,2.0,,2.0,299917.009706,300026.86801,300026.867837,100008.95594566666,0.026949999999999998,299917.009706,173125.4616829238,269936.2918535,54.929152,77.64317562882466,0.00666606965324632,39,64,,True,False,Request timeout: 300.0s exceeded,6,56.69694568066818
221,2026-09-19T05:46:59.709+00:00,2026-09-19T05:51:59.522+00:00,2026-09-19T05:51:59.821+00:00,False,6,5.0,,5.0,299812.75281599996,300111.949232,300111.94902099995,50018.65817016666,0.039049999999999994,299812.75281599996,122373.62039407261,224884.88098975,59.839283200000004,42.36104615277526,0.016660449584880662,39,64,,True,False,Request timeout: 300.0s exceeded,26,56.69694568066818
222,2026-09-19T05:47:00.073+00:00,2026-09-19T05:52:00.128+00:00,2026-09-19T05:52:00.128+00:00,False,1,0.0,,0.0,300054.90796,300054.90796,300054.90796,300054.90796,300054.90796,300054.90796,nan,300054.90796,nan,nan,0.0,39,64,,True,False,"HTTPConnectionPool(host='gpu03', port=9002): Read timed out.",0,56.69694568066818
223,2026-09-19T05:47:00.590+00:00,2026-09-19T05:52:00.555+00:00,2026-09-19T05:52:00.663+00:00,False,3,2.0,,2.0,299964.773634,300073.024002,300073.024018,100024.34133933333,0.036340000000000004,299964.773634,173153.50205883087,269979.117675,54.125184,76.49315978731985,0.0066650443059709024,39,64,,True,False,Request timeout: 300.0s exceeded,4,56.69694568066818
224,2026-09-19T05:47:01.035+00:00,2026-09-19T05:52:00.911+00:00,2026-09-19T05:52:01.130+00:00,False,4,3.0,,3.0,299876.06078299996,300095.42923099996,300095.42932399997,75023.85733099999,0.0219,299876.06078299996,149901.47791635725,254911.70834569997,73.122816,63.43602182082832,0.009996820037171358,39,64,,True,False,Request timeout: 300.0s exceeded,11,56.69694568066818
225,2026-09-19T05:47:01.530+00:00,2026-09-19T05:52:01.609+00:00,2026-09-19T05:52:01.609+00:00,False,1,0.0,,0.0,300079.460528,300079.460528,300079.460528,300079.460528,300079.460528,300079.460528,nan,300079.460528,nan,nan,0.0,39,64,,True,False,"HTTPConnectionPool(host='gpu03', port=9002): Read timed out.",0,56.69694568066818
226,2026-09-19T05:47:01.945+00:00,2026-09-19T05:52:02.037+00:00,2026-09-19T05:52:02.037+00:00,False,1,0.0,,0.0,300091.803371,300091.803371,300091.803371,300091.803371,300091.803371,300091.803371,nan,300091.803371,nan,nan,0.0,39,64,,True,False,"HTTPConnectionPool(host='gpu03', port=9002): Read timed out.",0,56.69694568066818
227,2026-09-19T05:47:02.420+00:00,2026-09-19T05:52:02.336+00:00,2026-09-19T05:52:02.461+00:00,False,3,2.0,,2.0,299916.333591,300041.148439,300041.148414,100013.716138,0.02419,299916.333591,173120.75623704592,269937.1792952,62.407424,88.22303173973128,0.00666575238231569,39,64,,True,False,Request timeout: 300.0s exceeded,10,56.69694568066818
228,2026-09-19T05:47:02.800+00:00,2026-09-19T05:52:02.461+00:00,2026-09-19T05:52:02.837+00:00,False,7,6.0,,6.0,299661.07313599996,300036.48817599996,300036.488264,42862.355466285706,0.03976,299661.07313599996,113237.59846655918,209803.96415179997,62.56917333333334,46.06350632102658,0.019997567750761128,39,64,,True,False,Request timeout: 300.0s exceeded,16,56.69694568066818
229,2026-09-19T05:47:03.332+00:00,2026-09-19T05:52:03.462+00:00,2026-09-19T05:52:03.462+00:00,False,1,0.0,,0.0,300130.344774,300130.344774,300130.344774,300130.344774,300130.344774,300130.344774,nan,300130.344774,nan,nan,0.0,39,64,,True,False,"HTTPConnectionPool(host='gpu03', port=9002): Read timed out.",0,56.69694568066818
230,2026-09-19T05:47:03.761+00:00,2026-09-19T05:52:03.937+00:00,2026-09-19T05:52:04.951+00:00,False,11,10.0,,10.0,300176.009693,301190.420445,301190.420481,27380.947316454545,0.02888,300176.009693,90475.89398859834,150160.2310195,101.4410752,38.39512976879599,0.03320158717274373,39,64,,True,False,Request timeout: 300.0s exceeded,36,56.69694568066818
231,2026-09-19T05:47:04.310+00:00,2026-09-19T05:52:04.208+00:00,2026-09-19T05:52:05.151+00:00,False,11,10.0,,10.0,299898.73992400005,300841.48117200006,300841.4810980001,27349.225554363642,0.021929999999999998,299898.73992400005,90394.45320438269,150005.77536350003,94.2741248,33.56550577535137,0.03324009694754395,39,64,,True,False,Request timeout: 300.0s exceeded,30,56.69694568066818
232,2026-09-19T05:47:04.904+00:00,2026-09-19T05:52:05.253+00:00,2026-09-19T05:52:05.253+00:00,False,1,0.0,,0.0,300348.912013,300348.912013,300348.912013,300348.912013,300348.912013,300348.912013,nan,300348.912013,nan,nan,0.0,39,64,,True,False,TTFT timeout: 300.0s exceeded (TTFT: 300.067s),0,56.69694568066818
233,2026-09-19T05:47:05.408+00:00,2026-09-19T05:52:05.514+00:00,2026-09-19T05:52:05.514+00:00,False,1,0.0,,0.0,300106.699491,300106.699491,300106.699491,300106.699491,300106.699491,300106.699491,nan,300106.699491,nan,nan,0.0,39,64,,True,False,"HTTPConnectionPool(host='gpu03', port=9002): Read timed out.",0,56.69694568066818
234,2026-09-19T05:47:05.901+00:00,2026-09-19T05:52:05.968+00:00,2026-09-19T05:52:05.968+00:00,False,1,0.0,,0.0,300067.087473,300067.087473,300067.087473,300067.087473,300067.087473,300067.087473,nan,300067.087473,nan,nan,0.0,39,64,,True,False,"HTTPConnectionPool(host='gpu03', port=9002): Read timed out.",0,56.69694568066818
235,2026-09-19T05:47:06.250+00:00,2026-09-19T05:52:06.344+00:00,2026-09-19T05:52:06.344+00:00,False,1,0.0,,0.0,300093.910328,300093.910328,300093.910328,300093.910328,300093.910328,300093.910328,nan,300093.910328,nan,nan,0.0,39,64,,True,False,TTFT timeout: 300.0s exceeded (TTFT: 300.085s),0,56.69694568066818
236,2026-09-19T05:47:06.627+00:00,2026-09-19T05:52:06.547+00:00,2026-09-19T05:52:06.646+00:00,False,3,2.0,,2.0,299919.958684,300019.65199600003,300019.652009,100006.55066966667,0.02051,299919.958684,173130.09706742055,269937.9300971,49.846656,70.46485386038881,0.006666229984250047,39,64,,True,False,Request timeout: 300.0s exceeded,5,56.69694568066818
237,2026-09-19T05:47:07.024+00:00,2026-09-19T05:52:06.646+00:00,2026-09-19T05:52:07.045+00:00,False,8,7.0,,7.0,299622.43177100003,300020.89935500006,300020.89929200005,37502.612411500006,0.08120000000000001,299622.43177100003,105912.4054877254,194789.49907105003,56.923940571428574,33.29706463122886,0.0233317079411766,39,64,,True,False,Request timeout: 300.0s exceeded,15,56.69694568066818
238,2026-09-19T05:47:07.401+00:00,2026-09-19T05:52:07.427+00:00,2026-09-19T05:52:07.427+00:00,False,1,0.0,,0.0,300026.830555,300026.830555,300026.830555,300026.830555,300026.830555,300026.830555,nan,300026.830555,nan,nan,0.0,39,64,,True,False,"HTTPConnectionPool(host='gpu03', port=9002): Read timed out.",0,56.69694568066818
239,2026-09-19T05:47:07.805+00:00,2026-09-19T05:52:07.851+00:00,2026-09-19T05:52:07.851+00:00,False,1,0.0,,0.0,300046.080094,300046.080094,300046.080094,300046.080094,300046.080094,300046.080094,nan,300046.080094,nan,nan,0.0,39,64,,True,False,TTFT timeout: 300.0s exceeded (TTFT: 300.037s),0,56.69694568066818
240,2026-09-19T05:47:08.369+00:00,2026-09-19T05:52:08.270+00:00,2026-09-19T05:52:08.385+00:00,False,3,2.0,,2.0,299900.978868,300015.98686799995,300015.98688499996,100005.32896166666,0.038020000000000005,299900.978868,173114.72046289526,269922.37798089994,57.504,81.26935496725127,0.006666311421864173,39,64,,True,False,Request timeout: 300.0s exceeded,4,56.69694568066818
241,2026-09-19T05:47:08.847+00:00,2026-09-19T05:52:08.955+00:00,2026-09-19T05:52:08.955+00:00,False,1,0.0,,0.0,300107.866575,300107.866575,300107.866575,300107.866575,300107.866575,300107.866575,nan,300107.866575,nan,nan,0.0,39,64,,True,False,"HTTPConnectionPool(host='gpu03', port=9002): Read timed out.",0,56.69694568066818
242,2026-09-19T05:47:09.401+00:00,2026-09-19T05:52:09.465+00:00,2026-09-19T05:52:09.465+00:00,False,1,0.0,,0.0,300064.864908,300064.864908,300064.864908,300064.864908,300064.864908,300064.864908,nan,300064.864908,nan,nan,0.0,39,64,,True,False,TTFT timeout: 300.0s exceeded (TTFT: 300.055s),0,56.69694568066818
243,2026-09-19T05:47:09.879+00:00,2026-09-19T05:52:09.731+00:00,2026-09-19T05:52:09.996+00:00,False,4,3.0,,3.0,299852.35029699997,300117.49077699997,300117.490956,75029.372739,0.02881,299852.35029699997,149881.9980588814,254894.39493804995,88.38016,76.51468841830066,0.009996085173953182,39,64,,True,False,Request timeout: 300.0s exceeded,13,56.69694568066818
244,2026-09-19T05:47:10.238+00:00,2026-09-19T05:52:09.996+00:00,2026-09-19T05:52:10.305+00:00,False,5,4.0,,4.0,299757.72229,300067.635634,300067.63559900003,60013.527119800005,0.053770000000000005,299757.72229,134021.08687662496,239827.4223618,77.478336,51.682086540116956,0.013330327982718203,39,64,,True,False,Request timeout: 300.0s exceeded,10,56.69694568066818
245,2026-09-19T05:47:10.815+00:00,2026-09-19T05:52:10.883+00:00,2026-09-19T05:52:10.883+00:00,False,1,0.0,,0.0,300067.800664,300067.800664,300067.800664,300067.800664,300067.800664,300067.800664,nan,300067.800664,nan,nan,0.0,39,64,,True,False,"HTTPConnectionPool(host='gpu03', port=9002): Read timed out.",0,56.69694568066818
246,2026-09-19T05:47:11.171+00:00,2026-09-19T05:52:11.225+00:00,2026-09-19T05:52:11.225+00:00,False,1,0.0,,0.0,300053.85067,300053.85067,300053.85067,300053.85067,300053.85067,300053.85067,nan,300053.85067,nan,nan,0.0,39,64,,True,False,"HTTPConnectionPool(host='gpu03', port=9002): Read timed out.",0,56.69694568066818
247,2026-09-19T05:47:11.686+00:00,2026-09-19T05:52:11.505+00:00,2026-09-19T05:52:11.730+00:00,False,4,3.0,,3.0,299818.70254900004,300043.32053300005,300043.32064700004,75010.83016175001,0.095719,299818.70254900004,149871.92465117486,254864.74555480003,74.87266133333333,66.12967167910433,0.009998556190721956,39,64,,True,False,Request timeout: 300.0s exceeded,12,56.69694568066818
248,2026-09-19T05:47:12.279+00:00,2026-09-19T05:52:12.384+00:00,2026-09-19T05:52:12.384+00:00,False,1,0.0,,0.0,300105.01612,300105.01612,300105.01612,300105.01612,300105.01612,300105.01612,nan,300105.01612,nan,nan,0.0,39,64,,True,False,"HTTPConnectionPool(host='gpu03', port=9002): Read timed out.",0,56.69694568066818
249,2026-09-19T05:47:12.729+00:00,2026-09-19T05:52:12.808+00:00,2026-09-19T05:52:12.808+00:00,False,1,0.0,,0.0,300078.80510399997,300078.80510399997,300078.80510399997,300078.80510399997,300078.80510399997,300078.80510399997,nan,300078.80510399997,nan,nan,0.0,39,64,,True,False,TTFT timeout: 300.0s exceeded (TTFT: 300.057s),0,56.69694568066818
250,2026-09-19T05:47:13.090+00:00,2026-09-19T05:52:13.096+00:00,2026-09-19T05:52:13.219+00:00,False,3,2.0,,2.0,300005.72320300003,300128.26809900004,300128.267882,100042.75596066668,0.02911,300005.72320300003,173173.0202774151,270017.40243960003,61.272448,86.61105455279593,0.006663817482664718,39,64,,True,False,Request timeout: 300.0s exceeded,4,56.69694568066818
251,2026-09-19T05:47:13.423+00:00,2026-09-19T05:52:13.218+00:00,2026-09-19T05:52:13.470+00:00,False,4,3.0,,3.0,299795.589003,300047.624075,300047.623934,75011.9059835,0.03181,299795.589003,149855.80067006344,254846.65860645,84.01169066666667,73.41984133101693,0.009998412782799171,39,64,,True,False,Request timeout: 300.0s exceeded,10,56.69694568066818
252,2026-09-19T05:47:14.005+00:00,2026-09-19T05:52:14.123+00:00,2026-09-19T05:52:14.123+00:00,False,1,0.0,,0.0,300118.28511500004,300118.28511500004,300118.28511500004,300118.28511500004,300118.28511500004,300118.28511500004,nan,300118.28511500004,nan,nan,0.0,39,64,,True,False,"HTTPConnectionPool(host='gpu03', port=9002): Read timed out.",0,56.69694568066818
253,2026-09-19T05:47:14.544+00:00,2026-09-19T05:52:14.617+00:00,2026-09-19T05:52:14.617+00:00,False,1,0.0,,0.0,300073.130397,300073.130397,300073.130397,300073.130397,300073.130397,300073.130397,nan,300073.130397,nan,nan,0.0,39,64,,True,False,"HTTPConnectionPool(host='gpu03', port=9002): Read timed out.",0,56.69694568066818
254,2026-09-19T05:47:15.076+00:00,2026-09-19T05:52:14.915+00:00,2026-09-19T05:52:15.137+00:00,False,4,3.0,,3.0,299839.500642,300060.954978,300060.955008,75015.238752,0.0399,299839.500642,149882.85039239872,254880.9157146,73.818112,64.08113829066198,0.009997968580150507,39,64,,True,False,Request timeout: 300.0s exceeded,15,56.69694568066818
255,2026-09-19T05:47:15.500+00:00,2026-09-19T05:52:15.449+00:00,2026-09-19T05:52:15.554+00:00,False,3,2.0,,2.0,299949.20826499996,300053.901769,300053.901737,100017.96724566666,0.034989,299949.20826499996,173145.5416352582,269964.7532868,52.346752,73.98024936519336,0.006665469064753984,39,64,,True,False,Request timeout: 300.0s exceeded,4,56.69694568066818
256,2026-09-19T05:47:16.033+00:00,2026-09-19T05:52:16.143+00:00,2026-09-19T05:52:16.143+00:00,False,1,0.0,,0.0,300109.773182,300109.773182,300109.773182,300109.773182,300109.773182,300109.773182,nan,300109.773182,nan,nan,0.0,39,64,,True,False,"HTTPConnectionPool(host='gpu03', port=9002): Read timed out.",0,56.69694568066818
257,2026-09-19T05:47:16.559+00:00,2026-09-19T05:52:16.528+00:00,2026-09-19T05:52:17.737+00:00,False,14,13.0,,13.0,299968.8367,301177.96566,301177.965548,21512.711824857142,0.03805,299968.8367,80145.1923545747,105074.30884404999,93.00992,33.512265169666584,0.043163848230104954,39,64,,True,False,Request timeout: 300.0s exceeded,34,56.69694568066818
258,2026-09-19T05:47:17.576+00:00,2026-09-19T05:52:17.536+00:00,2026-09-19T05:52:17.866+00:00,False,5,4.0,,4.0,299960.008367,300290.276783,300290.276616,60058.055323199995,0.02678,299960.008367,134109.2779918788,239994.72966999997,82.567104,57.53610370577232,0.01332044461396443,39,64,,True,False,Request timeout: 300.0s exceeded,17,56.69694568066818
259,2026-09-19T05:47:17.723+00:00,2026-09-19T05:52:17.979+00:00,2026-09-19T05:52:17.979+00:00,False,1,0.0,,0.0,300256.732562,300256.732562,300256.732562,300256.732562,300256.732562,300256.732562,nan,300256.732562,nan,nan,0.0,39,64,,True,False,"HTTPConnectionPool(host='gpu03', port=9002): Read timed out.",0,56.69694568066818
260,2026-09-19T05:47:17.884+00:00,2026-09-19T05:52:18.000+00:00,2026-09-19T05:52:18.000+00:00,False,1,0.0,,0.0,300115.89166,300115.89166,300115.89166,300115.89166,300115.89166,300115.89166,nan,300115.89166,nan,nan,0.0,39,64,,True,False,"HTTPConnectionPool(host='gpu03', port=9002): Read timed out.",0,56.69694568066818
261,2026-09-19T05:47:18.258+00:00,2026-09-19T05:52:18.281+00:00,2026-09-19T05:52:18.281+00:00,False,1,0.0,,0.0,300023.029828,300023.029828,300023.029828,300023.029828,300023.029828,300023.029828,nan,300023.029828,nan,nan,0.0,39,64,,True,False,"HTTPConnectionPool(host='gpu03', port=9002): Read timed out.",0,56.69694568066818
262,2026-09-19T05:47:18.790+00:00,2026-09-19T05:52:18.901+00:00,2026-09-19T05:52:18.901+00:00,False,1,0.0,,0.0,300111.179811,300111.179811,300111.179811,300111.179811,300111.179811,300111.179811,nan,300111.179811,nan,nan,0.0,39,64,,True,False,"HTTPConnectionPool(host='gpu03', port=9002): Read timed out.",0,56.69694568066818
263,2026-09-19T05:47:19.206+00:00,2026-09-19T05:52:19.142+00:00,2026-09-19T05:52:20.586+00:00,False,17,16.0,,16.0,299935.534277,301379.708357,301379.708409,17728.218141705882,0.03878,299935.534277,72723.18014484041,60188.6083602,90.26088,54.78792965460942,0.05308917473981747,39,64,,True,False,Request timeout: 300.0s exceeded,71,56.69694568066818
264,2026-09-19T05:47:19.534+00:00,2026-09-19T05:52:19.398+00:00,2026-09-19T05:52:20.586+00:00,False,16,15.0,,15.0,299863.879007,301052.141663,301052.141797,18815.7588623125,0.03807,299863.879007,74946.1722795778,75045.31117850001,79.21751040000001,33.30719571639569,0.04982525590796531,39,64,,True,False,Request timeout: 300.0s exceeded,42,56.69694568066818
265,2026-09-19T05:47:20.022+00:00,2026-09-19T05:52:20.274+00:00,2026-09-19T05:52:20.688+00:00,False,6,5.0,,5.0,300252.61041799997,300666.61054599995,300666.610321,50111.10172016666,0.025439,300252.61041799997,122543.81897681602,225216.34244999997,82.8000256,46.36468611920806,0.016629714855667468,39,64,,True,False,Request timeout: 300.0s exceeded,26,56.69694568066818
266,2026-09-19T05:47:20.398+00:00,2026-09-19T05:52:20.376+00:00,2026-09-19T05:52:20.688+00:00,False,5,4.0,,4.0,299978.454889,300290.390121,300290.389974,60058.0779948,0.0417,299978.454889,134119.57553038857,240003.63973579998,77.983808,51.96309304760083,0.013320439586455719,39,64,,True,False,Request timeout: 300.0s exceeded,21,56.69694568066818
0,2026-09-19T05:45:20.812+00:00,2026-09-19T05:45:21.094+00:00,2026-09-19T05:45:24.490+00:00,True,38,38.0,,38.0,282.110538,3678.835274,3678.835431,96.81145871052631,34.60551,282.110538,40.4201348867501,123.27973030000001,91.80337124324325,26.450373478273978,10.329356214605003,40,64,,False,True,,203,56.69694568066818
1,2026-09-19T05:45:21.382+00:00,2026-09-19T05:45:21.652+00:00,2026-09-19T05:45:27.921+00:00,True,66,66.0,,66.0,269.91709299999997,6538.746277,6538.746429,99.07191559090909,41.303664,269.91709299999997,31.703895827501462,114.75051075000002,96.44352590769232,23.616996020019748,10.093678085071842,40,64,,False,True,,231,56.69694568066818
2,2026-09-19T05:45:21.855+00:00,2026-09-19T05:45:23.811+00:00,2026-09-19T05:45:26.689+00:00,True,32,32.0,,32.0,1955.596794,4833.740538,4833.74045,151.0543890625,45.996322,1955.596794,330.1161961966864,111.41444305,92.84334658064516,23.70667987236699,6.6201319140808215,40,64,,False,True,,149,56.69694568066818
3,2026-09-19T05:45:22.245+00:00,2026-09-19T05:45:26.795+00:00,2026-09-19T05:45:32.713+00:00,True,60,60.0,,60.0,4549.981610999999,10468.069802999999,10468.069963999998,174.46783273333332,47.021881,4549.981610999999,574.7128229823105,116.6004176,100.30657952542373,17.508877719396324,5.731715696317277,40,64,,False,True,,273,56.69694568066818
4,2026-09-19T05:45:22.618+00:00,2026-09-19T05:45:28.026+00:00,2026-09-19T05:45:32.856+00:00,True,50,50.0,,50.0,5407.465563,10237.338203,10237.338201,204.74676402,46.543141000000006,5407.465563,750.9947427193903,114.19002925000001,98.5688293877551,17.65719664918539,4.884082073731602,40,64,,False,True,,212,56.69694568066818
5,2026-09-19T05:45:23.110+00:00,2026-09-19T05:45:30.911+00:00,2026-09-19T05:45:36.194+00:00,True,53,53.0,,53.0,7801.2137170000005,13084.285205,13084.284966000001,246.87330124528302,0.0,7801.2137170000005,1058.2164882523762,182.56566299999997,101.5975286153846,35.76322541720411,4.0506607101278025,40,64,,False,True,,293,56.69694568066818
6,2026-09-19T05:45:23.571+00:00,2026-09-19T05:45:33.270+00:00,2026-09-19T05:45:42.374+00:00,True,93,93.0,,93.0,9698.953605,18803.222917,18803.222812,202.18519152688174,0.0,9698.953605,996.6073232428524,168.80872460000003,98.95944904347826,47.79596401916993,4.94596061592817,40,64,,False,True,,392,56.69694568066818
7,2026-09-19T05:45:23.979+00:00,2026-09-19T05:45:35.161+00:00,2026-09-19T05:45:42.453+00:00,True,75,75.0,,75.0,11182.473828,18473.663588,18473.66347,246.31551293333334,0.0,11182.473828,1280.9447554335595,251.71253129999997,98.52959135135136,52.97602423398431,4.059833591898793,40,64,,False,True,,347,56.69694568066818
8,2026-09-19T05:45:24.597+00:00,2026-09-19T05:45:38.720+00:00,2026-09-19T05:45:48.352+00:00,True,100,100.0,,100.0,14122.702227,23754.398867,23754.399086999998,237.54399087,0.0,14122.702227,1403.3673968504636,115.7456165,97.28986505050506,48.39200943245483,4.209746605666441,40,64,,False,True,,400,56.69694568066818
9,2026-09-19T05:45:25.180+00:00,2026-09-19T05:45:41.988+00:00,2026-09-19T05:45:44.712+00:00,True,29,29.0,,29.0,16808.19766,19531.768604,19531.768425000002,673.5092560344829,0.0,16808.19766,3103.5055064433072,227.21544279999998,97.27039085714286,48.41772626643034,1.4847605758579874,40,64,,False,True,,151,56.69694568066818
10,2026-09-19T05:45:25.684+00:00,2026-09-19T05:45:44.820+00:00,2026-09-19T05:45:49.790+00:00,True,51,51.0,,51.0,19135.554328000002,24106.023704000003,24106.023667,472.6671307254902,0.0,19135.554328000002,2666.3513055006165,239.30911700000001,99.40938752,64.21241426997435,2.115653772942129,40,64,,False,True,,206,56.69694568066818
11,2026-09-19T05:45:26.086+00:00,2026-09-19T05:45:47.424+00:00,2026-09-19T05:45:50.373+00:00,True,31,31.0,,31.0,21337.711357,24286.708989,24286.708866,783.442221483871,0.0,21337.711357,3815.1914564143685,248.3846915,98.29992106666666,61.58719791027311,1.2764183082212006,40,64,,False,True,,155,56.69694568066818
12,2026-09-19T05:45:26.607+00:00,2026-09-19T05:45:50.216+00:00,2026-09-19T05:45:58.539+00:00,True,88,88.0,,88.0,23609.332994,31932.282626,31932.282601,362.86684773863635,0.0,23609.332994,2507.440626113771,113.91307455,95.66608772413794,66.63220798993476,2.755831802902445,40,64,,False,True,,306,56.69694568066818
13,2026-09-19T05:45:27.052+00:00,2026-09-19T05:45:52.393+00:00,2026-09-19T05:46:01.707+00:00,True,99,99.0,,99.0,25340.635489999997,34655.23235399999,34655.232198,350.0528504848485,0.0,25340.635489999997,2538.175420699384,115.53081270000001,95.04690677551021,67.86963849177556,2.856711476891113,40,64,,False,True,,404,56.69694568066818
14,2026-09-19T05:45:27.579+00:00,2026-09-19T05:45:55.102+00:00,2026-09-19T05:45:55.509+00:00,True,6,6.0,,6.0,27523.131954999997,27930.265138999996,27930.265145999998,4655.044191,46.73275099999999,27523.131954999997,11203.061144954456,20668.559800249997,81.4266368,29.87274282674564,0.2148207319243093,40,64,,False,True,,25,56.69694568066818
15,2026-09-19T05:45:27.925+00:00,2026-09-19T05:45:56.962+00:00,2026-09-19T05:46:06.105+00:00,True,93,93.0,,93.0,29036.797907,38180.160211,38180.160027,410.5393551290323,0.0,29036.797907,3001.6939917081636,113.4692076,99.38437286956521,78.82833154631089,2.4358200564387884,40,64,,False,True,,455,56.69694568066818
16,2026-09-19T05:45:28.357+00:00,2026-09-19T05:45:59.958+00:00,2026-09-19T05:46:08.756+00:00,True,89,89.0,,89.0,31600.504704,40398.373248,40398.37324,453.91430606741574,0.0,31600.504704,3339.9305351810294,117.6980576,99.9757789090909,77.1544425733842,2.203059005709001,40,64,,False,True,,441,56.69694568066818
17,2026-09-19T05:45:28.722+00:00,2026-09-19T05:46:01.705+00:00,2026-09-19T05:46:04.309+00:00,True,26,26.0,,26.0,32982.774344,35586.716488,35586.716518999994,1368.7198661153845,51.871218999999996,32982.774344,6448.038412355041,114.438259,104.15768576,12.257690330192231,0.7306096927702592,40,64,,False,True,,140,56.69694568066818
18,2026-09-19T05:45:29.133+00:00,2026-09-19T05:46:03.881+00:00,2026-09-19T05:46:10.852+00:00,True,71,71.0,,71.0,34748.292221,41719.180157,41719.180093,587.5940858169015,0.0,34748.292221,4112.934297152976,114.5057635,99.58411337142856,86.13597605993189,1.701855111553217,40,64,,False,True,,296,56.69694568066818
19,2026-09-19T05:45:29.639+00:00,2026-09-19T05:46:07.365+00:00,2026-09-19T05:46:15.166+00:00,True,86,86.0,,86.0,37725.337247,45526.481311,45526.481384000006,529.377690511628,0.0,37725.337247,4058.8884849217416,108.64952249999999,91.77816545882354,78.8757322107388,1.889010473102846,40,64,,False,True,,392,56.69694568066818
20,2026-09-19T05:45:30.032+00:00,2026-09-19T05:46:08.652+00:00,2026-09-19T05:46:14.806+00:00,True,64,64.0,,64.0,38619.377364,44773.407956,44773.407998,699.58449996875,0.0,38619.377364,4816.000659456923,106.94133759999998,97.68302526984127,87.86518824183105,1.4294198927831108,40,64,,False,True,,292,56.69694568066818
21,2026-09-19T05:45:30.514+00:00,2026-09-19T05:46:10.848+00:00,2026-09-19T05:46:10.952+00:00,True,2,2.0,,2.0,40333.91924,40437.458952,40437.459019,20218.7295095,103.539779,40333.91924,28447.174126581103,38322.40026695,103.539712,nan,0.04945909193686073,40,64,,False,True,,3,56.69694568066818
22,2026-09-19T05:45:31.002+00:00,2026-09-19T05:46:13.566+00:00,2026-09-19T05:46:19.034+00:00,True,58,58.0,,58.0,42563.465596,48031.220092,48031.220049,828.1244836034483,38.24149,42563.465596,5576.2942952118565,113.90029940000001,95.92551747368421,19.38262358963935,1.2075479217247778,40,64,,False,True,,242,56.69694568066818
23,2026-09-19T05:45:31.420+00:00,2026-09-19T05:46:15.823+00:00,2026-09-19T05:46:22.820+00:00,True,72,72.0,,72.0,44403.212221,51400.215997,51400.215922,713.8918878055556,0.0,44403.212221,5222.973766922709,112.36300405000001,98.54934895774647,130.96860029300558,1.4007723236844436,40,64,,False,True,,312,56.69694568066818
24,2026-09-19T05:45:32.038+00:00,2026-09-19T05:46:19.242+00:00,2026-09-19T05:46:27.848+00:00,True,85,85.0,,85.0,47203.597988,55809.643172000004,55809.643205,656.5840377058823,0.0,47203.597988,5110.206187682936,118.09980580000001,102.45291885714285,119.01984897563291,1.523034285276437,40,64,,False,True,,324,56.69694568066818
25,2026-09-19T05:45:32.436+00:00,2026-09-19T05:46:21.592+00:00,2026-09-19T05:46:30.767+00:00,True,91,91.0,,91.0,49156.424509000004,58331.289405,58331.289423,641.0031804725276,0.0,49156.424509000004,5143.678800300269,118.44562849999998,101.94294328888888,119.455825489169,1.560054662398732,40,64,,False,True,,388,56.69694568066818
26,2026-09-19T05:45:33.047+00:00,2026-09-19T05:46:24.960+00:00,2026-09-19T05:46:24.960+00:00,True,1,1.0,,1.0,51913.341498,51913.341498,51913.341498,51913.341498,51913.341498,51913.341498,nan,51913.341498,nan,nan,0.01926287099123692,40,64,,False,True,,1,56.69694568066818
27,2026-09-19T05:45:33.426+00:00,2026-09-19T05:46:27.037+00:00,2026-09-19T05:46:30.241+00:00,True,33,33.0,,33.0,53610.392402000005,56814.360658000005,56814.36085600001,1721.6472986666668,0.0,53610.392402000005,9315.912369842923,394.93042539999993,100.124008,136.60259934648403,0.5808390628321413,40,64,,False,True,,146,56.69694568066818
28,2026-09-19T05:45:33.901+00:00,2026-09-19T05:46:29.403+00:00,2026-09-19T05:46:33.444+00:00,True,42,42.0,,42.0,55502.727135,59542.971103,59542.971226,1417.6897910952382,0.0,55502.727135,8549.083992921009,114.00149155,98.54253580487806,23.942081272781245,0.7053729302044163,40,64,,False,True,,171,56.69694568066818
29,2026-09-19T05:45:34.316+00:00,2026-09-19T05:46:31.620+00:00,2026-09-19T05:46:39.503+00:00,True,79,79.0,,79.0,57303.218555,65186.465147,65186.465112,825.145128,0.0,57303.218555,6436.867420338562,114.1914623,101.067264,120.9888720496639,1.2119080214251456,40,64,,False,True,,361,56.69694568066818
30,2026-09-19T05:45:34.683+00:00,2026-09-19T05:46:33.877+00:00,2026-09-19T05:46:43.035+00:00,True,92,92.0,,92.0,59194.647402,68351.82193,68351.82200100001,742.9545869673914,0.0,59194.647402,6162.031626938767,114.21433205000001,100.62829151648351,114.6114689211807,1.345977289299156,40,64,,False,True,,320,56.69694568066818
31,2026-09-19T05:45:35.113+00:00,2026-09-19T05:46:36.365+00:00,2026-09-19T05:46:40.809+00:00,True,46,46.0,,46.0,61251.36369,65695.452266,65695.452246,1428.1620053478262,0.0,61251.36369,9017.94127344306,585.4343064999999,98.75752391111112,165.2975333458118,0.7002006746790725,40,64,,False,True,,203,56.69694568066818
32,2026-09-19T05:45:35.559+00:00,2026-09-19T05:46:39.369+00:00,2026-09-19T05:46:40.914+00:00,True,20,20.0,,20.0,63810.052541000005,65354.436797,65354.436948,3267.7218474,0.0,63810.052541000005,14250.247681860788,3298.38548585,81.28338189473683,43.078898328620085,0.3060235996237377,40,64,,False,True,,56,56.69694568066818
33,2026-09-19T05:45:36.145+00:00,2026-09-19T05:46:41.903+00:00,2026-09-19T05:46:51.395+00:00,True,99,99.0,,99.0,65757.610044,75249.387324,75249.387315,760.0948213636364,0.0,65757.610044,6599.906480865114,111.972372,96.85487020408164,100.15920255166984,1.3156253295955407,40,64,,False,True,,403,56.69694568066818
34,2026-09-19T05:45:36.678+00:00,2026-09-19T05:46:44.544+00:00,2026-09-19T05:46:49.533+00:00,True,52,52.0,,52.0,67866.017259,72855.745003,72855.744833,1401.072016019231,45.075534,67866.017259,9397.769698151546,111.04427215,97.8377989019608,16.43352513835629,0.7137391841626048,40,64,,False,True,,185,56.69694568066818
35,2026-09-19T05:45:37.108+00:00,2026-09-19T05:46:46.205+00:00,2026-09-19T05:46:51.716+00:00,True,59,59.0,,59.0,69097.530952,74608.08532,74608.085284,1264.5438183728813,0.0,69097.530952,8984.308563797347,110.57623079999999,95.00955806896552,131.47448708987412,0.7907990098786789,40,64,,False,True,,189,56.69694568066818
36,2026-09-19T05:45:37.454+00:00,2026-09-19T05:46:48.590+00:00,2026-09-19T05:46:58.038+00:00,True,96,96.0,,96.0,71135.85988500001,80583.86346900002,80583.863389,839.4152436354168,0.0,71135.85988500001,7251.27744332916,113.231221,99.45266930526316,130.07631620066854,1.191305502955073,40,64,,False,True,,458,56.69694568066818
37,2026-09-19T05:45:37.912+00:00,2026-09-19T05:46:51.331+00:00,2026-09-19T05:46:52.908+00:00,True,17,17.0,,17.0,73418.246662,74995.474694,74995.474762,4411.498515411765,0.0,73418.246662,17782.711476461187,14889.941312400002,98.576752,54.920511217063705,0.22668034397227543,40,64,,False,True,,73,56.69694568066818
38,2026-09-19T05:45:38.365+00:00,2026-09-19T05:46:53.224+00:00,2026-09-19T05:46:53.592+00:00,True,5,5.0,,5.0,74858.363617,75227.017953,75227.018142,15045.4036284,47.591789,74858.363617,33436.47122992564,59909.258782599994,92.163584,30.02775284280469,0.06646548189805793,40,64,,False,True,,20,56.69694568066818
39,2026-09-19T05:45:38.738+00:00,2026-09-19T05:46:55.833+00:00,2026-09-19T05:47:02.568+00:00,True,67,67.0,,67.0,77095.258742,83829.89554200001,83829.895443,1251.1924692985076,46.965,77095.258742,9406.23125137297,113.4091633,102.03995151515151,15.447562501524635,0.7992375460665104,40,64,,False,True,,240,56.69694568066818
40,2026-09-19T05:45:39.159+00:00,2026-09-19T05:46:57.761+00:00,2026-09-19T05:47:05.921+00:00,True,84,84.0,,84.0,78602.08520999999,86762.45436199999,86762.45438699999,1032.8863617499999,0.0,78602.08520999999,8566.393370609228,113.07791150000001,98.31770062650602,126.99932370843257,0.9681607167257607,40,64,,False,True,,326,56.69694568066818
41,2026-09-19T05:45:39.532+00:00,2026-09-19T05:47:00.345+00:00,2026-09-19T05:47:04.855+00:00,True,40,40.0,,40.0,80812.66443799999,85322.48254999999,85322.48264799999,2133.0620661999997,0.0,80812.66443799999,12760.557951743001,165.72052615,115.63636184615385,180.03280849906238,0.46880961271326727,40,64,,False,True,,180,56.69694568066818
42,2026-09-19T05:45:40.032+00:00,2026-09-19T05:47:03.508+00:00,2026-09-19T05:47:04.862+00:00,True,14,14.0,,14.0,83475.750243,84829.573475,84829.573577,6059.2552555,0.0,83475.750243,22284.269565149472,29997.077580000005,104.1402486153846,331.01911219592404,0.16503678406594746,40,64,,False,True,,60,56.69694568066818
43,2026-09-19T05:45:40.462+00:00,2026-09-19T05:47:05.774+00:00,2026-09-19T05:47:10.501+00:00,True,49,49.0,,49.0,85312.176909,90038.584589,90038.584581,1837.5221343061226,47.700908000000005,85312.176909,12173.399467102723,112.74297579999998,98.46682666666668,17.497057234841485,0.5442111315240101,40,64,,False,True,,208,56.69694568066818
44,2026-09-19T05:45:41.080+00:00,2026-09-19T05:47:09.259+00:00,2026-09-19T05:47:15.085+00:00,True,61,61.0,,61.0,88178.852153,94005.528377,94005.528252,1541.0742336393444,41.911032,88178.852153,11277.725263178745,110.154461,97.11127040000001,17.908046704686072,0.6488980068849297,40,64,,False,True,,208,56.69694568066818
45,2026-09-19T05:45:41.487+00:00,2026-09-19T05:47:11.488+00:00,2026-09-19T05:47:17.537+00:00,True,62,62.0,,62.0,90001.236621,96049.61447700001,96049.61447100001,1549.1873301774194,0.01642,90001.236621,11418.263023763737,111.6210096,99.1537353442623,126.29943912715854,0.645499727797934,40,64,,False,True,,271,56.69694568066818
46,2026-09-19T05:45:41.943+00:00,2026-09-19T05:47:14.373+00:00,2026-09-19T05:47:21.930+00:00,True,78,78.0,,78.0,92430.091965,99986.74041299999,99986.740396,1281.881287128205,0.0,92430.091965,10456.14218649569,129.52197065000001,98.13829153246753,184.52144673269785,0.7801034384941172,40,64,,False,True,,279,56.69694568066818
47,2026-09-19T05:45:42.550+00:00,2026-09-19T05:47:17.575+00:00,2026-09-19T05:47:21.392+00:00,True,41,41.0,,41.0,95025.238156,98842.109836,98842.109891,2410.783168073171,0.0,95025.238156,14826.923678655055,124.86457700000001,95.421792,204.65270180496137,0.41480296270514344,40,64,,False,True,,128,56.69694568066818
48,2026-09-19T05:45:42.894+00:00,2026-09-19T05:47:20.406+00:00,2026-09-19T05:47:24.688+00:00,True,53,53.0,,53.0,97512.458405,101794.307237,101794.307289,1920.6473073396226,0.0,97512.458405,13383.115776675922,111.01992,82.34324676923077,40.53734094203099,0.5206577994249139,40,64,,False,True,,258,56.69694568066818
49,2026-09-19T05:45:43.446+00:00,2026-09-19T05:47:22.141+00:00,2026-09-19T05:47:26.876+00:00,True,49,49.0,,49.0,98695.65248899999,103430.63949699998,103430.63935099999,2110.8293745102037,47.443319,98695.65248899999,14085.300470838074,112.947839,98.64556266666668,19.901384618704952,0.47374743343263626,40,64,,False,True,,224,56.69694568066818
50,2026-09-19T05:45:44.028+00:00,2026-09-19T05:47:25.552+00:00,2026-09-19T05:47:32.730+00:00,True,75,75.0,,75.0,101523.686065,108701.572529,108701.57238700001,1449.3542984933333,45.380394,101523.686065,11711.758388167033,109.6694291,96.99846572972973,17.77760657527804,0.6899624196328079,40,64,,False,True,,307,56.69694568066818
51,2026-09-19T05:45:44.450+00:00,2026-09-19T05:47:27.966+00:00,2026-09-19T05:47:32.175+00:00,True,44,44.0,,44.0,103516.306773,107725.465941,107725.46576800001,2448.3060401818184,45.534133000000004,103516.306773,15590.921444355501,108.6839698,97.88742251162792,16.088071804014636,0.40844566895722034,40,64,,True,True,,181,56.69694568066818
52,2026-09-19T05:45:44.993+00:00,2026-09-19T05:47:30.939+00:00,2026-09-19T05:47:35.204+00:00,True,44,44.0,,44.0,105945.313123,110210.407523,110210.407417,2504.78198675,48.262127,105945.313123,15956.91236022132,111.11698585,99.18824186046511,16.805867590799938,0.3992363424553853,40,64,,True,True,,198,56.69694568066818
53,2026-09-19T05:45:45.508+00:00,2026-09-19T05:47:33.823+00:00,2026-09-19T05:47:34.028+00:00,True,3,3.0,,3.0,108315.136765,108520.272893,108520.27271,36173.424236666666,97.654989,108315.136765,62476.55591522249,97494.3711841,102.568064,6.9480651730645135,0.027644604275534515,40,64,,True,True,,9,56.69694568066818
54,2026-09-19T05:45:45.849+00:00,2026-09-19T05:47:35.607+00:00,2026-09-19T05:47:44.798+00:00,True,95,95.0,,95.0,109758.70787700001,118949.47370100001,118949.47363400001,1252.099722463158,45.011863,109758.70787700001,11250.99046072576,113.30870010000001,97.7741045106383,19.105208344403728,0.7986584307115041,40,64,,True,True,,421,56.69694568066818
55,2026-09-19T05:45:46.299+00:00,2026-09-19T05:47:37.753+00:00,2026-09-19T05:47:39.535+00:00,True,21,21.0,,21.0,111453.285764,113235.585156,113235.584997,5392.170714142857,46.015352,111453.285764,24301.66754039506,112.163395,89.1149696,25.9280342917874,0.18545406879886006,40,64,,True,True,,99,56.69694568066818
56,2026-09-19T05:45:46.768+00:00,2026-09-19T05:47:40.536+00:00,2026-09-19T05:47:43.441+00:00,True,29,29.0,,29.0,113767.734727,116673.23104700001,116673.23117900001,4023.2148682413795,48.734635000000004,113767.734727,21106.871883345324,114.38603359999999,103.76772571428572,11.637012164697994,0.24855744320921222,40,64,,True,True,,135,56.69694568066818
57,2026-09-19T05:45:47.194+00:00,2026-09-19T05:47:42.820+00:00,2026-09-19T05:47:46.462+00:00,True,37,37.0,,37.0,115625.89345900001,119267.36161900002,119267.36176400002,3223.442209837838,44.338456,115625.89345900001,18992.15529356047,112.4322628,101.15189333333333,13.654477126328095,0.31022737065482026,40,64,,True,True,,179,56.69694568066818
58,2026-09-19T05:45:47.707+00:00,2026-09-19T05:47:45.634+00:00,2026-09-19T05:47:47.174+00:00,True,16,16.0,,16.0,117927.951029,119467.669429,119467.66949500001,7466.729343437501,97.47950999999999,117927.951029,29456.32597848899,29562.60224675,102.64789333333333,3.5144342020626604,0.13392744728739225,40,64,,True,True,,84,56.69694568066818
59,2026-09-19T05:45:48.071+00:00,2026-09-19T05:47:47.480+00:00,2026-09-19T05:47:49.165+00:00,True,18,18.0,,18.0,119409.076152,121094.20075999999,121094.20081299999,6727.455600722222,46.114900999999996,119409.076152,28121.631869973717,18009.09826395,99.12497694117647,19.996185496021763,0.14864460797486667,40,64,,True,True,,90,56.69694568066818
60,2026-09-19T05:45:48.491+00:00,2026-09-19T05:47:49.803+00:00,2026-09-19T05:47:56.095+00:00,True,64,64.0,,64.0,121311.87124699999,127603.505167,127603.50516899998,1993.8047682656247,47.550348,121311.87124699999,15151.506450536834,109.58044714999998,99.86720507936508,13.530217179071323,0.5015536204608215,40,64,,True,True,,318,56.69694568066818
61,2026-09-19T05:45:49.122+00:00,2026-09-19T05:47:53.091+00:00,2026-09-19T05:47:59.221+00:00,True,64,64.0,,64.0,123969.027207,130099.66579900001,130099.665848,2032.807278875,45.826371,123969.027207,15483.973682048296,109.51800315,97.3117236825397,17.057852692508284,0.49193054883690507,40,64,,True,True,,312,56.69694568066818
62,2026-09-19T05:45:49.752+00:00,2026-09-19T05:47:55.796+00:00,2026-09-19T05:47:58.542+00:00,True,29,29.0,,29.0,126043.827492,128789.66889999999,128789.669031,4441.023070034483,49.350623,126043.827492,23387.54683085563,112.13523880000001,98.06576457142857,17.08246796453479,0.22517334074767548,40,64,,True,True,,110,56.69694568066818
63,2026-09-19T05:45:50.217+00:00,2026-09-19T05:47:58.697+00:00,2026-09-19T05:48:06.772+00:00,True,82,82.0,,82.0,128480.017068,136555.774636,136555.774759,1665.3143263292684,43.904756,128480.017068,14177.244290943676,111.5277206,99.70071071604939,16.975707175197172,0.6004872384091947,40,64,,True,True,,336,56.69694568066818
64,2026-09-19T05:45:50.690+00:00,2026-09-19T05:48:01.410+00:00,2026-09-19T05:48:04.591+00:00,True,34,34.0,,34.0,130720.62249600001,133901.250976,133901.25097000002,3938.2720873529415,45.907432,130720.62249600001,22401.88090477257,110.60008165,96.38268121212121,19.92352303734218,0.2539184641829376,40,64,,True,True,,160,56.69694568066818
65,2026-09-19T05:45:51.059+00:00,2026-09-19T05:48:03.171+00:00,2026-09-19T05:48:11.109+00:00,True,81,81.0,,81.0,132111.973581,140050.074829,140050.074946,1729.0132709382715,45.256252999999994,132111.973581,14668.09504664479,113.95145099999999,99.22626559999999,18.890203555998408,0.578364560668035,40,64,,True,True,,242,56.69694568066818
66,2026-09-19T05:45:51.515+00:00,2026-09-19T05:48:05.659+00:00,2026-09-19T05:48:09.200+00:00,True,36,36.0,,36.0,134143.03755500002,137684.007283,137684.00739800002,3824.555761055556,49.302374,134143.03755500002,22340.31690819561,114.25053050000001,101.17056365714286,16.253372884965657,0.2614682758761116,40,64,,True,True,,133,56.69694568066818
67,2026-09-19T05:45:52.220+00:00,2026-09-19T05:48:09.198+00:00,2026-09-19T05:48:09.198+00:00,True,1,1.0,,1.0,136977.353855,136977.353855,136977.353855,136977.353855,136977.353855,136977.353855,nan,136977.353855,nan,nan,0.0073004768442130165,40,64,,True,True,,3,56.69694568066818
68,2026-09-19T05:45:52.310+00:00,2026-09-19T05:48:10.366+00:00,2026-09-19T05:48:16.480+00:00,True,62,62.0,,62.0,138056.156125,144170.328541,144170.328642,2325.3278813225807,45.013134,138056.156125,17520.426745301877,110.08510455,100.23233468852459,15.682634277261878,0.4300468801551498,40,64,,True,True,,209,56.69694568066818
69,2026-09-19T05:45:52.687+00:00,2026-09-19T05:48:12.051+00:00,2026-09-19T05:48:18.928+00:00,True,69,69.0,,69.0,139364.69964500002,146241.15890900002,146241.158763,2119.437083521739,45.293513,139364.69964500002,16765.37121771373,112.2844566,101.12440094117648,15.332492318655508,0.4718233944175451,40,64,,True,True,,232,56.69694568066818
70,2026-09-19T05:45:53.278+00:00,2026-09-19T05:48:15.425+00:00,2026-09-19T05:48:21.035+00:00,True,57,57.0,,57.0,142146.676039,147756.314183,147756.314198,2592.216038561404,44.881843999999994,142146.676039,18814.527644318336,114.11467679999998,100.17210971428571,18.12888552949915,0.3857703159095051,40,64,,True,True,,210,56.69694568066818
71,2026-09-19T05:45:53.812+00:00,2026-09-19T05:48:18.611+00:00,2026-09-19T05:48:22.897+00:00,True,43,43.0,,43.0,144798.78248300002,149084.82997100003,149084.82984700002,3467.089066209303,50.459322,144798.78248300002,22066.04818277668,111.2473239,102.04874971428572,11.945146174081838,0.28842639461281444,40,64,,True,True,,241,56.69694568066818
72,2026-09-19T05:45:54.340+00:00,2026-09-19T05:48:21.343+00:00,2026-09-19T05:48:22.791+00:00,True,15,15.0,,15.0,147002.669095,148450.156327,148450.156268,9896.677084533332,97.162311,147002.669095,37929.230450911615,44177.790908200004,103.39194514285715,3.8883041119619404,0.101044016194625,40,64,,True,True,,44,56.69694568066818
73,2026-09-19T05:45:54.956+00:00,2026-09-19T05:48:24.930+00:00,2026-09-19T05:48:29.160+00:00,True,43,43.0,,43.0,149973.923113,154203.955753,154203.955819,3586.1385074186046,45.435643,149973.923113,22855.456688762726,115.49886420000001,100.71506285714285,17.75238127982232,0.27885147167609836,40,64,,True,True,,156,56.69694568066818
74,2026-09-19T05:45:55.392+00:00,2026-09-19T05:48:26.987+00:00,2026-09-19T05:48:32.128+00:00,True,53,53.0,,53.0,151595.238693,156736.115749,156736.11588899998,2957.28520545283,46.43218,151595.238693,20809.63602083097,113.6806256,98.86302030769231,18.90547234225638,0.3381479740436795,40,64,,True,True,,205,56.69694568066818
75,2026-09-19T05:45:55.879+00:00,2026-09-19T05:48:29.672+00:00,2026-09-19T05:48:31.338+00:00,True,18,18.0,,18.0,153792.48801300002,155459.17294100003,155459.17277900001,8636.620709944445,49.194915,153792.48801300002,36226.13293982878,23162.586780600002,98.04028988235295,17.978869440608,0.11578602702866156,40,64,,True,True,,54,56.69694568066818
76,2026-09-19T05:45:56.481+00:00,2026-09-19T05:48:32.553+00:00,2026-09-19T05:48:40.680+00:00,True,81,81.0,,81.0,156072.413083,164199.25391499998,164199.253966,2027.151283530864,44.857434,156072.413083,17330.101257810613,113.624762,101.5855104,18.07232695473254,0.4933030940684467,40,64,,True,True,,313,56.69694568066818
77,2026-09-19T05:45:56.880+00:00,2026-09-19T05:48:34.735+00:00,2026-09-19T05:48:44.452+00:00,True,97,97.0,,97.0,157855.492633,167572.81128899998,167572.8112,1727.5547546391751,45.126494,157855.492633,16017.528663838346,113.94098600000001,101.22206933333332,17.3499273776107,0.5788528535975418,40,64,,True,True,,403,56.69694568066818
78,2026-09-19T05:45:57.244+00:00,2026-09-19T05:48:37.017+00:00,2026-09-19T05:48:43.111+00:00,True,60,60.0,,60.0,159773.09431299998,165867.12132099998,165867.121325,2764.452022083333,49.308054,159773.09431299998,20613.288376536337,114.5837344,103.2885933559322,14.617560030139595,0.3617353428584738,40,64,,True,True,,258,56.69694568066818
79,2026-09-19T05:45:57.743+00:00,2026-09-19T05:48:39.823+00:00,2026-09-19T05:48:43.009+00:00,True,31,31.0,,31.0,162079.705524,165265.348276,165265.34827999998,5331.140267096774,97.10743099999999,162079.705524,29091.30275139678,113.95549650000001,106.18809173333334,3.742097147887872,0.18757713170596846,40,64,,True,True,,145,56.69694568066818
80,2026-09-19T05:45:58.275+00:00,2026-09-19T05:48:42.479+00:00,2026-09-19T05:48:49.529+00:00,True,73,73.0,,73.0,164204.16114500002,171253.997177,171253.99732800003,2345.9451688767126,44.434915999999994,164204.16114500002,19207.19116939867,112.0893332,97.91438933333333,17.417191023021264,0.4262674226783195,40,64,,True,True,,303,56.69694568066818
81,2026-09-19T05:45:58.832+00:00,2026-09-19T05:48:45.934+00:00,2026-09-19T05:48:50.846+00:00,True,51,51.0,,51.0,167101.82751499998,172014.031291,172014.03132799998,3372.824143686274,45.268684,167101.82751499998,23385.186314288356,110.51117450000001,98.24407552,18.445631552154072,0.2964874412699634,40,64,,True,True,,168,56.69694568066818
82,2026-09-19T05:45:59.370+00:00,2026-09-19T05:48:48.544+00:00,2026-09-19T05:48:50.947+00:00,True,25,25.0,,25.0,169174.127957,171576.83874099999,171576.838705,6863.0735482,42.926767999999996,169174.127957,33814.80696601696,109.18868140000001,100.11294933333333,16.725791471064632,0.14570731214915433,40,64,,True,True,,72,56.69694568066818
83,2026-09-19T05:45:59.841+00:00,2026-09-19T05:48:51.156+00:00,2026-09-19T05:48:52.628+00:00,True,15,15.0,,15.0,171314.66456900002,172787.175033,172787.17500500003,11519.145000333334,98.831749,171314.66456900002,44206.09912134856,51471.17807410001,105.17931885714285,3.3098850928499908,0.08681199861699923,40,64,,True,True,,69,56.69694568066818
84,2026-09-19T05:46:00.447+00:00,2026-09-19T05:48:54.155+00:00,2026-09-19T05:48:58.053+00:00,True,40,40.0,,40.0,173708.17498500002,177606.058121,177606.058045,4440.151451125001,48.046047,173708.17498500002,27449.876486283676,114.76376094999999,99.94572143589744,17.17433167201601,0.225217542820238,40,64,,True,True,,186,56.69694568066818
85,2026-09-19T05:46:00.903+00:00,2026-09-19T05:48:56.602+00:00,2026-09-19T05:49:00.024+00:00,True,35,35.0,,35.0,175699.0759,179121.005116,179121.00514,5117.743004,45.246734,175699.0759,29681.556767132024,112.6547457,100.64497694117648,16.70685837421543,0.1953986355611044,40,64,,True,True,,164,56.69694568066818
86,2026-09-19T05:46:01.315+00:00,2026-09-19T05:48:58.992+00:00,2026-09-19T05:48:59.196+00:00,True,3,3.0,,3.0,177676.98888800002,177881.73640800003,177881.736226,59293.91207533334,97.26881,177676.98888800002,102522.75202502559,159920.037852,102.37376,7.21923213836818,0.01686513781897779,40,64,,True,True,,10,56.69694568066818
87,2026-09-19T05:46:01.743+00:00,2026-09-19T05:49:00.998+00:00,2026-09-19T05:49:04.630+00:00,True,37,37.0,,37.0,179254.544326,182886.46599,182886.465912,4942.877457081081,50.336261,179254.544326,29452.68394551791,113.10474719999998,100.8867128888889,15.686979235387511,0.20231130718017762,40,64,,True,True,,193,56.69694568066818
88,2026-09-19T05:46:02.156+00:00,2026-09-19T05:49:03.674+00:00,2026-09-19T05:49:11.843+00:00,True,82,82.0,,82.0,181517.273284,189687.093956,189687.093852,2313.2572420975607,48.623046,181517.273284,20034.098829468923,112.4603541,100.86198360493827,17.64492488193783,0.43229087593603394,40,64,,True,True,,351,56.69694568066818
89,2026-09-19T05:46:02.746+00:00,2026-09-19T05:49:07.128+00:00,2026-09-19T05:49:13.088+00:00,True,60,60.0,,60.0,184382.306388,190342.468436,190342.468326,3172.3744721,45.696532,184382.306388,23790.618758076824,113.87632395,101.01969572881356,18.33470145691209,0.31522129818429967,40,64,,True,True,,351,56.69694568066818
90,2026-09-19T05:46:03.139+00:00,2026-09-19T05:49:08.858+00:00,2026-09-19T05:49:17.769+00:00,True,89,89.0,,89.0,185719.43479300002,194630.25642500003,194630.25629900003,2186.8568123483146,46.53466,185719.43479300002,19675.494159246093,112.8027698,101.25933672727274,16.58637172280216,0.45727730947267076,40,64,,True,True,,365,56.69694568066818
91,2026-09-19T05:46:03.498+00:00,2026-09-19T05:49:10.945+00:00,2026-09-19T05:49:13.090+00:00,True,22,22.0,,22.0,187446.512462,189592.03515,189592.03517400002,8617.819780636364,53.541954,187446.512462,39941.95014459446,111.3208852,102.16774704761905,11.751616096277203,0.11603862990654752,40,64,,True,True,,100,56.69694568066818
92,2026-09-19T05:46:03.900+00:00,2026-09-19T05:49:12.874+00:00,2026-09-19T05:49:21.117+00:00,True,84,84.0,,84.0,188973.62490999998,197217.124942,197217.124937,2347.8229159166663,48.879464999999996,188973.62490999998,20607.884024249317,113.16832735,99.3192774939759,18.01208589906562,0.4259265011834228,40,64,,True,True,,378,56.69694568066818
93,2026-09-19T05:46:04.368+00:00,2026-09-19T05:49:15.578+00:00,2026-09-19T05:49:24.479+00:00,True,90,90.0,,90.0,191209.894328,200110.656952,200110.65692799998,2223.4517436444444,44.213216,191209.894328,20144.758320705652,113.72154499999999,100.00856880898877,17.568630759496813,0.4497511595376355,40,64,,True,True,,135,56.69694568066818
94,2026-09-19T05:46:04.875+00:00,2026-09-19T05:49:18.458+00:00,2026-09-19T05:49:27.631+00:00,True,92,92.0,,92.0,193583.540262,202755.952422,202755.952253,2203.8690462282607,45.385653,193583.540262,20171.976935445546,111.92598425,100.79573802197802,16.1361486290401,0.45374746783521586,40,64,,True,True,,364,56.69694568066818
95,2026-09-19T05:46:05.333+00:00,2026-09-19T05:49:20.806+00:00,2026-09-19T05:49:24.066+00:00,True,33,33.0,,33.0,195473.171196,198733.175548,198733.175675,6022.21744469697,51.525419,195473.171196,34009.77973753668,110.62792580000001,101.875136,13.193365499668737,0.16605179235426404,40,64,,True,True,,192,56.69694568066818
96,2026-09-19T05:46:05.860+00:00,2026-09-19T05:49:23.961+00:00,2026-09-19T05:49:33.093+00:00,True,89,89.0,,89.0,198100.45533199998,207232.57334799998,207232.57339799998,2328.455880876404,47.194789,198100.45533199998,20987.610658049965,113.459921,103.77406836363636,13.697976798511444,0.42946916385844774,40,64,,True,True,,327,56.69694568066818
97,2026-09-19T05:46:06.204+00:00,2026-09-19T05:49:25.656+00:00,2026-09-19T05:49:29.799+00:00,True,41,41.0,,41.0,199451.690275,203594.916643,203594.916679,4965.729675097561,48.724325,199451.690275,31132.94702525991,115.768988,103.5806592,13.422953854540461,0.20138027351583024,40,64,,True,True,,162,56.69694568066818
98,2026-09-19T05:46:06.675+00:00,2026-09-19T05:49:28.456+00:00,2026-09-19T05:49:30.489+00:00,True,21,21.0,,21.0,201780.56777599998,203814.02339199997,203814.02344099997,9705.429687666665,52.698066,201780.56777599998,44009.94611960292,118.007992,101.6727808,17.081531745905007,0.10303510843123018,40,64,,True,True,,94,56.69694568066818
99,2026-09-19T05:46:07.384+00:00,2026-09-19T05:49:30.436+00:00,2026-09-19T05:49:36.819+00:00,True,62,62.0,,62.0,203052.707647,209435.80268700002,209435.80266000002,3377.996817096774,49.097954,203052.707647,25774.434294496077,114.80448915,104.64090229508197,14.557030429173563,0.2960334346112659,40,64,,True,True,,214,56.69694568066818
100,2026-09-19T05:46:07.482+00:00,2026-09-19T05:49:32.974+00:00,2026-09-19T05:49:32.974+00:00,True,1,1.0,,1.0,205491.866446,205491.866446,205491.866446,205491.866446,205491.866446,205491.866446,nan,205491.866446,nan,nan,0.004866372656470976,40,64,,True,True,,3,56.69694568066818
101,2026-09-19T05:46:08.055+00:00,2026-09-19T05:49:36.713+00:00,2026-09-19T05:49:40.635+00:00,True,41,41.0,,41.0,208658.268274,212580.551282,212580.551422,5184.891498097561,45.286684,208658.268274,32571.637099794643,111.01027400000001,98.0570752,17.02294667700147,0.1928680669644666,40,64,,True,True,,184,56.69694568066818
102,2026-09-19T05:46:08.678+00:00,2026-09-19T05:49:40.108+00:00,2026-09-19T05:49:44.059+00:00,True,42,42.0,,42.0,211430.072008,215381.121224,215381.121201,5128.121933357143,45.895404,211430.072008,32609.505533242496,112.74947309999997,96.36705404878049,21.475211975976453,0.19500316351459276,40,64,,True,True,,141,56.69694568066818
103,2026-09-19T05:46:09.228+00:00,2026-09-19T05:49:43.205+00:00,2026-09-19T05:49:48.737+00:00,True,59,59.0,,59.0,213976.983558,219509.042182,219509.04212,3720.492239322034,47.341101,213976.983558,27845.02142168597,110.661625,95.38032110344827,21.83995171003617,0.26878163839411107,40,64,,True,True,,246,56.69694568066818
104,2026-09-19T05:46:09.703+00:00,2026-09-19T05:49:45.310+00:00,2026-09-19T05:49:45.784+00:00,True,6,6.0,,6.0,215607.53113699998,216080.981633,216080.981656,36013.496942666665,45.718135000000004,215607.53113699998,87982.75237121552,161733.44514124998,94.6900992,27.532950192445764,0.027767367376137823,40,64,,True,True,,35,56.69694568066818
105,2026-09-19T05:46:10.228+00:00,2026-09-19T05:49:48.060+00:00,2026-09-19T05:49:54.804+00:00,True,71,71.0,,71.0,217832.120717,224576.00167700002,224576.0015,3163.0422746478876,44.533466999999995,217832.120717,25840.48924785258,110.35428599999999,96.34115657142857,18.16873979718792,0.31615132280303426,40,64,,True,True,,303,56.69694568066818
106,2026-09-19T05:46:10.706+00:00,2026-09-19T05:49:50.442+00:00,2026-09-19T05:49:57.607+00:00,True,73,73.0,,73.0,219735.936658,226900.938386,226900.93823099998,3108.2320305616436,46.015474000000005,219735.936658,25706.503457184248,111.2195276,99.5139128888889,15.440596515852963,0.3217263027613118,40,64,,True,True,,342,56.69694568066818
107,2026-09-19T05:46:11.219+00:00,2026-09-19T05:49:53.084+00:00,2026-09-19T05:49:55.121+00:00,True,22,22.0,,22.0,221864.85872999998,223902.36170599997,223902.361659,10177.38007540909,47.58476,221864.85872999998,47281.06576667584,113.84763255,97.02395123809524,21.200479940526314,0.09825711454034414,40,64,,True,True,,88,56.69694568066818
108,2026-09-19T05:46:11.715+00:00,2026-09-19T05:49:56.174+00:00,2026-09-19T05:50:04.525+00:00,True,85,85.0,,85.0,224458.952732,232810.32476400002,232810.32493200002,2738.9449992,49.351946000000005,224458.952732,24335.214280255394,111.164226,99.4210956190476,17.648717313461592,0.36510408241629555,40,64,,True,True,,299,56.69694568066818
109,2026-09-19T05:46:12.141+00:00,2026-09-19T05:49:58.232+00:00,2026-09-19T05:50:01.846+00:00,True,38,38.0,,38.0,226091.150755,229705.24381100002,229705.24390300002,6044.874839552632,46.291163,226091.150755,36660.9886395504,112.77592665,97.67819070270271,21.882709236627168,0.16542939712454344,40,64,,True,True,,146,56.69694568066818
110,2026-09-19T05:46:12.754+00:00,2026-09-19T05:50:02.068+00:00,2026-09-19T05:50:08.212+00:00,True,66,66.0,,66.0,229313.565482,235457.840426,235457.840325,3567.543035227273,47.072172,229313.565482,28214.92095266949,112.57670175000001,94.52730683076922,21.119554164444494,0.2803049576968432,40,64,,True,True,,355,56.69694568066818
111,2026-09-19T05:46:13.307+00:00,2026-09-19T05:50:04.732+00:00,2026-09-19T05:50:07.400+00:00,True,30,30.0,,30.0,231424.525667,234092.688483,234092.688394,7803.089613133334,46.751532,231424.525667,42235.352455746186,111.3980158,92.00561434482759,22.814405892880668,0.1281543656677625,40,64,,True,True,,147,56.69694568066818
112,2026-09-19T05:46:13.727+00:00,2026-09-19T05:50:07.790+00:00,2026-09-19T05:50:15.374+00:00,True,77,77.0,,77.0,234062.539954,241646.704306,241646.704332,3138.2688874285714,44.773566,234062.539954,26662.535413985348,113.8307332,99.79163621052632,17.620211197070102,0.3186470108133319,40,64,,True,True,,336,56.69694568066818
113,2026-09-19T05:46:14.318+00:00,2026-09-19T05:50:10.820+00:00,2026-09-19T05:50:10.984+00:00,True,3,3.0,,3.0,236502.322192,236666.065424,236666.065325,78888.68844166666,50.872542,236502.322192,136497.41433055676,212863.3770319,81.871616,43.83926278854607,0.012676088541149058,40,64,,True,True,,11,56.69694568066818
114,2026-09-19T05:46:14.739+00:00,2026-09-19T05:50:12.995+00:00,2026-09-19T05:50:16.757+00:00,True,37,37.0,,37.0,238255.98705599998,242017.79031999997,242017.79047399998,6541.021364162162,52.458699,238255.98705599998,39151.86652446502,116.92007480000001,104.4945351111111,13.697348288315732,0.15288132310884248,40,64,,True,True,,173,56.69694568066818
115,2026-09-19T05:46:15.265+00:00,2026-09-19T05:50:16.134+00:00,2026-09-19T05:50:21.123+00:00,True,53,53.0,,53.0,240868.999544,245858.447736,245858.447766,4638.83863709434,44.037628,240868.999544,33072.72913900677,115.15670279999999,95.95092676923076,22.335994556589224,0.21557119752464557,40,64,,True,True,,253,56.69694568066818
116,2026-09-19T05:46:15.653+00:00,2026-09-19T05:50:18.728+00:00,2026-09-19T05:50:26.803+00:00,True,86,86.0,,86.0,243074.80356600002,251149.93854200002,251149.93859300003,2920.348123174419,44.675678,243074.80356600002,26201.193576167258,110.31829849999998,95.00158795294118,20.201902822498568,0.3424249295032901,40,64,,True,True,,485,56.69694568066818
117,2026-09-19T05:46:16.061+00:00,2026-09-19T05:50:20.458+00:00,2026-09-19T05:50:26.224+00:00,True,61,61.0,,61.0,244397.160211,250162.696211,250162.696257,4101.027807491803,49.242036999999996,244397.160211,31279.550980227596,107.421753,96.09226666666667,16.875712816623757,0.24384131176995905,40,64,,True,True,,212,56.69694568066818
118,2026-09-19T05:46:16.682+00:00,2026-09-19T05:50:23.563+00:00,2026-09-19T05:50:27.365+00:00,True,42,42.0,,42.0,246880.45887099998,250682.703223,250682.703357,5968.635794214285,43.83115,246880.45887099998,38080.178095211384,113.53888305000001,92.73766712195122,21.614154790357166,0.16754247285516957,40,64,,True,True,,54,56.69694568066818
119,2026-09-19T05:46:17.108+00:00,2026-09-19T05:50:25.752+00:00,2026-09-19T05:50:31.868+00:00,True,62,62.0,,62.0,248644.31093200002,254759.91362000004,254759.91355100003,4109.030863725807,50.808763,248644.31093200002,31565.12999112493,111.40577214999999,100.25578177049181,14.819487399167508,0.2433663880593052,40,64,,True,True,,220,56.69694568066818
120,2026-09-19T05:46:17.473+00:00,2026-09-19T05:50:27.575+00:00,2026-09-19T05:50:28.723+00:00,True,12,12.0,,12.0,250101.702756,251249.442148,251249.44230300002,20937.453525250003,99.488912,250101.702756,72168.02242643891,112605.70075660001,104.33994472727274,3.3954472203178505,0.0477613000745742,40,64,,True,True,,47,56.69694568066818
121,2026-09-19T05:46:17.914+00:00,2026-09-19T05:50:30.306+00:00,2026-09-19T05:50:33.912+00:00,True,37,37.0,,37.0,252392.398763,255998.329003,255998.32891,6918.873754324324,52.522499,252392.398763,41476.58957370249,110.30639240000001,100.1647288888889,12.36891083043145,0.1445321934096156,40,64,,True,True,,174,56.69694568066818
122,2026-09-19T05:46:18.339+00:00,2026-09-19T05:50:32.071+00:00,2026-09-19T05:50:36.634+00:00,True,47,47.0,,47.0,253731.613651,258295.328211,258295.328083,5495.645278361702,46.431353,253731.613651,36996.091863856374,110.41834429999999,99.21118608695652,16.5797009749161,0.1819622535395064,40,64,,True,True,,221,56.69694568066818
123,2026-09-19T05:46:18.794+00:00,2026-09-19T05:50:34.545+00:00,2026-09-19T05:50:35.322+00:00,True,9,9.0,,9.0,255750.980893,256527.681309,256527.681375,28503.075708333334,47.339341,255750.980893,85217.96663623434,153494.327307,97.087552,20.663122464295054,0.03508393306357868,40,64,,True,True,,25,56.69694568066818
124,2026-09-19T05:46:19.247+00:00,2026-09-19T05:50:36.961+00:00,2026-09-19T05:50:37.754+00:00,True,9,9.0,,9.0,257714.39022499998,258507.239377,258507.23956999998,28723.026618888885,53.348457,257714.39022499998,85871.76312660948,154672.029967,99.106144,18.66166757225498,0.03481527256911611,40,64,,True,True,,23,56.69694568066818
125,2026-09-19T05:46:19.594+00:00,2026-09-19T05:50:38.956+00:00,2026-09-19T05:50:43.585+00:00,True,47,47.0,,47.0,259362.841459,263991.45201899996,263991.45204199996,5616.839405148936,48.15932,259362.841459,37817.28561471586,112.837658,100.62196869565217,17.962353419307295,0.17803606760955776,40,64,,True,True,,181,56.69694568066818
126,2026-09-19T05:46:20.134+00:00,2026-09-19T05:50:42.094+00:00,2026-09-19T05:50:50.108+00:00,True,83,83.0,,83.0,261960.05995300002,269974.412337,269974.412196,3252.7037613975904,45.568455,261960.05995300002,28743.130076365072,111.56690520000001,97.73600468292683,18.480810264813904,0.30743654289871697,40,64,,True,True,,368,56.69694568066818
127,2026-09-19T05:46:20.518+00:00,2026-09-19T05:50:44.002+00:00,2026-09-19T05:50:51.854+00:00,True,83,83.0,,83.0,263484.874313,271336.120649,271336.120796,3269.109889108434,47.522261,263484.874313,28910.71887180172,111.1044621,95.74690653658536,19.07023800584607,0.30589366355454267,40,64,,True,True,,365,56.69694568066818
128,2026-09-19T05:46:20.882+00:00,2026-09-19T05:50:45.681+00:00,2026-09-19T05:50:53.527+00:00,True,84,84.0,,84.0,264799.630817,272645.033441,272645.033404,3245.7742071904763,47.412290999999996,264799.630817,28881.702123084327,110.597122,94.5229231807229,20.278738761563144,0.3080929035818197,40,64,,True,True,,356,56.69694568066818
129,2026-09-19T05:46:21.256+00:00,2026-09-19T05:50:48.072+00:00,2026-09-19T05:50:55.702+00:00,True,81,81.0,,81.0,266815.193755,274445.44501900004,274445.444855,3388.2153685802473,44.207848,266815.193755,29635.541270983176,109.371459,95.3781408,19.294645182412957,0.29514062437579286,40,64,,True,True,,328,56.69694568066818
130,2026-09-19T05:46:21.657+00:00,2026-09-19T05:50:50.214+00:00,2026-09-19T05:50:53.532+00:00,True,36,36.0,,36.0,268556.817942,271874.989334,271874.989328,7552.083036888889,45.058307,268556.817942,44743.67335684757,113.52414200000001,94.80489691428572,20.396283997010162,0.132413798298209,40,64,,True,True,,169,56.69694568066818
132,2026-09-19T05:46:22.773+00:00,2026-09-19T05:50:51.850+00:00,2026-09-19T05:50:52.816+00:00,True,12,12.0,,12.0,269076.767238,270042.858758,270042.858941,22503.571578416668,46.205834,269076.767238,77650.422559669,121145.30129145,87.82650181818181,25.78832116071275,0.04443739062455211,40,64,,True,True,,43,56.69694568066818
131,2026-09-19T05:46:22.753+00:00,2026-09-19T05:50:51.854+00:00,2026-09-19T05:50:56.440+00:00,True,48,48.0,,48.0,269101.276651,273686.85079500003,273686.850808,5701.809391833333,47.432341,269101.276651,38827.34481583215,109.757589,97.56540731914895,16.76163251321513,0.17538292344177503,40,64,,True,True,,212,56.69694568066818
133,2026-09-19T05:46:23.114+00:00,2026-09-19T05:50:58.124+00:00,2026-09-19T05:51:04.481+00:00,True,64,64.0,,64.0,275010.295614,281367.49779,281367.497716,4396.3671518125,47.132632,275010.295614,34363.67702423787,111.189313,100.90797104761904,15.786867476070514,0.2274605293883898,40,64,,True,True,,264,56.69694568066818
134,2026-09-19T05:46:23.517+00:00,2026-09-19T05:51:00.296+00:00,2026-09-19T05:51:04.796+00:00,True,45,45.0,,45.0,276778.98297899996,281279.49984299997,281279.49964199995,6250.655547599999,48.03185,276778.98297899996,41244.529715671444,112.7087012,102.28447418181818,15.017505151559144,0.15998321962715864,40,64,,True,True,,151,56.69694568066818
135,2026-09-19T05:46:23.935+00:00,2026-09-19T05:51:02.542+00:00,2026-09-19T05:51:05.641+00:00,True,30,30.0,,30.0,278607.481958,281706.442598,281706.44252599997,9390.214750866666,99.80389,278607.481958,50847.024318211,113.40559700000001,106.86071172413793,3.8284776250425376,0.10649383707141738,40,64,,True,True,,132,56.69694568066818
136,2026-09-19T05:46:24.394+00:00,2026-09-19T05:51:04.686+00:00,2026-09-19T05:51:06.110+00:00,True,15,15.0,,15.0,280292.342467,281715.747779,281715.747751,18781.04985006667,53.815456,280292.342467,72344.92140594653,84165.6070309,101.671808,14.362017332820237,0.0532451597692266,40,64,,True,True,,65,56.69694568066818
137,2026-09-19T05:46:24.768+00:00,2026-09-19T05:51:06.888+00:00,2026-09-19T05:51:09.951+00:00,True,34,34.0,,34.0,282120.82827399997,285183.72849799995,285183.72834499995,8387.756716029411,44.721608,282120.82827399997,48367.41058372497,109.91661155,92.8151583030303,23.13016877350546,0.11922138818743458,40,64,,True,True,,151,56.69694568066818
138,2026-09-19T05:46:25.118+00:00,2026-09-19T05:51:09.009+00:00,2026-09-19T05:51:09.429+00:00,True,6,6.0,,6.0,283891.066324,284310.383316,284310.38326100004,47385.06387683334,45.532934999999995,283891.066324,115863.8088175557,212945.7809175,83.86339840000001,31.36997854298094,0.021103696354737883,40,64,,True,True,,19,56.69694568066818
139,2026-09-19T05:46:25.621+00:00,2026-09-19T05:51:11.512+00:00,2026-09-19T05:51:15.831+00:00,True,45,45.0,,45.0,285890.704903,290209.86599099997,290209.86611099995,6449.108135799999,46.447134,285890.704903,42603.44037951813,110.621358,98.162752,17.71443672398962,0.1550602004736653,40,64,,True,True,,199,56.69694568066818
140,2026-09-19T05:46:26.042+00:00,2026-09-19T05:51:13.749+00:00,2026-09-19T05:51:18.955+00:00,True,53,53.0,,53.0,287706.819467,292913.008779,292913.0087,5526.660541509435,48.736409,287706.819467,39505.82182944971,110.81486959999998,100.11902523076924,16.20866114480486,0.18094109312839696,40,64,,True,True,,212,56.69694568066818
141,2026-09-19T05:46:26.551+00:00,2026-09-19T05:51:16.465+00:00,2026-09-19T05:51:18.107+00:00,True,18,18.0,,18.0,289913.422449,291555.970929,291555.97073,16197.553929444444,44.366898,289913.422449,68310.47898532574,43582.3341039,96.6204988235294,23.056878483991355,0.061737716921542236,40,64,,True,True,,79,56.69694568066818
142,2026-09-19T05:46:27.111+00:00,2026-09-19T05:51:19.161+00:00,2026-09-19T05:51:19.581+00:00,True,5,5.0,,5.0,292050.78564200003,292470.126698,292470.12666,58494.025332000005,101.668047,292050.78564200003,130562.19818537204,233662.277892,104.835264,2.6992233431434802,0.01709576310049238,40,64,,True,True,,22,56.69694568066818
143,2026-09-19T05:46:27.641+00:00,2026-09-19T05:51:22.201+00:00,2026-09-19T05:51:27.673+00:00,False,57,56.0,,56.0,294559.805842,300031.80277,300031.802546,5263.715834140351,0.11675,294559.805842,39002.464118822856,113.9202644,97.71423085714285,24.064775810978624,0.18664688037397414,40,64,,True,False,Request timeout: 300.0s exceeded,236,56.69694568066818
144,2026-09-19T05:46:28.098+00:00,2026-09-19T05:51:25.240+00:00,2026-09-19T05:51:28.198+00:00,False,31,30.0,,30.0,297141.534851,300099.765123,300099.765183,9680.637586548388,0.03333,297141.534851,53350.489782606826,113.14786,98.60767573333334,23.80238230441882,0.09996675601430108,40,64,,True,False,Request timeout: 300.0s exceeded,115,56.69694568066818
145,2026-09-19T05:46:28.686+00:00,2026-09-19T05:51:28.195+00:00,2026-09-19T05:51:29.492+00:00,False,14,13.0,,13.0,299509.61037699995,300806.15872899996,300806.15887199994,21486.154205142855,0.03615,299509.61037699995,80020.66055423104,104905.64077799999,99.7344886153846,30.27452000779295,0.04321720025590255,40,64,,True,False,Request timeout: 300.0s exceeded,56,56.69694568066818
146,2026-09-19T05:46:29.275+00:00,2026-09-19T05:51:29.604+00:00,2026-09-19T05:51:29.604+00:00,False,1,0.0,,0.0,300329.42425700004,300329.42425700004,300329.42425700004,300329.42425700004,300329.42425700004,300329.42425700004,nan,300329.42425700004,nan,nan,0.0,40,64,,True,False,TTFT timeout: 300.0s exceeded (TTFT: 300.003s),0,56.69694568066818
147,2026-09-19T05:46:29.664+00:00,2026-09-19T05:51:29.769+00:00,2026-09-19T05:51:29.769+00:00,False,1,0.0,,0.0,300104.280244,300104.280244,300104.280244,300104.280244,300104.280244,300104.280244,nan,300104.280244,nan,nan,0.0,40,64,,True,False,"HTTPConnectionPool(host='gpu03', port=9002): Read timed out.",0,56.69694568066818
148,2026-09-19T05:46:30.251+00:00,2026-09-19T05:51:30.320+00:00,2026-09-19T05:51:30.320+00:00,False,1,0.0,,0.0,300068.493056,300068.493056,300068.493056,300068.493056,300068.493056,300068.493056,nan,300068.493056,nan,nan,0.0,40,64,,True,False,TTFT timeout: 300.0s exceeded (TTFT: 300.062s),0,56.69694568066818
149,2026-09-19T05:46:30.728+00:00,2026-09-19T05:51:30.833+00:00,2026-09-19T05:51:30.833+00:00,False,1,0.0,,0.0,300105.12367500004,300105.12367500004,300105.12367500004,300105.12367500004,300105.12367500004,300105.12367500004,nan,300105.12367500004,nan,nan,0.0,40,64,,True,False,"HTTPConnectionPool(host='gpu03', port=9002): Read timed out.",0,56.69694568066818
150,2026-09-19T05:46:31.209+00:00,2026-09-19T05:51:30.984+00:00,2026-09-19T05:51:31.310+00:00,False,5,4.0,,4.0,299774.496949,300100.514741,300100.51477,60020.102954,0.055869,299774.496949,134026.78903411998,239842.4803328,81.504448,54.513943383710654,0.013328867507782104,40,64,,True,False,Request timeout: 300.0s exceeded,11,56.69694568066818
151,2026-09-19T05:46:31.732+00:00,2026-09-19T05:51:31.531+00:00,2026-09-19T05:51:31.841+00:00,False,5,4.0,,4.0,299799.167729,300109.18347299995,300109.183578,60021.836715599995,0.04938,299799.167729,134039.61039742336,239860.97629160003,77.503936,51.75929141247279,0.013328482499969447,40,64,,True,False,Request timeout: 300.0s exceeded,20,56.69694568066818
152,2026-09-19T05:46:32.197+00:00,2026-09-19T05:51:32.311+00:00,2026-09-19T05:51:32.311+00:00,False,1,0.0,,0.0,300114.35112,300114.35112,300114.35112,300114.35112,300114.35112,300114.35112,nan,300114.35112,nan,nan,0.0,40,64,,True,False,"HTTPConnectionPool(host='gpu03', port=9002): Read timed out.",0,56.69694568066818
153,2026-09-19T05:46:32.755+00:00,2026-09-19T05:51:32.668+00:00,2026-09-19T05:51:32.777+00:00,False,3,2.0,,2.0,299912.861801,300022.220905,300022.22088000004,100007.40696000001,0.054020000000000006,299912.861801,173123.21086537675,269932.5061268,54.679552,77.25217386309976,0.006666172905350523,40,64,,True,False,Request timeout: 300.0s exceeded,12,56.69694568066818
154,2026-09-19T05:46:33.182+00:00,2026-09-19T05:51:33.023+00:00,2026-09-19T05:51:33.231+00:00,False,4,3.0,,3.0,299840.555638,300048.420982,300048.420921,75012.10523025,0.023370000000000002,299840.555638,149885.64203666977,254882.1445588,69.288448,61.573506929501036,0.00999838622773479,40,64,,True,False,Request timeout: 300.0s exceeded,17,56.69694568066818
155,2026-09-19T05:46:33.614+00:00,2026-09-19T05:51:33.719+00:00,2026-09-19T05:51:33.719+00:00,False,1,0.0,,0.0,300105.15186299995,300105.15186299995,300105.15186299995,300105.15186299995,300105.15186299995,300105.15186299995,nan,300105.15186299995,nan,nan,0.0,40,64,,True,False,"HTTPConnectionPool(host='gpu03', port=9002): Read timed out.",0,56.69694568066818
156,2026-09-19T05:46:34.189+00:00,2026-09-19T05:51:34.231+00:00,2026-09-19T05:51:34.231+00:00,False,1,0.0,,0.0,300042.501276,300042.501276,300042.501276,300042.501276,300042.501276,300042.501276,nan,300042.501276,nan,nan,0.0,40,64,,True,False,"HTTPConnectionPool(host='gpu03', port=9002): Read timed out.",0,56.69694568066818
157,2026-09-19T05:46:34.618+00:00,2026-09-19T05:51:34.547+00:00,2026-09-19T05:51:34.655+00:00,False,3,2.0,,2.0,299929.872656,300037.417488,300037.41759,100012.47253000001,0.03477,299929.872656,173133.55550728596,269947.6364068,53.772416,75.99644272938043,0.00666583527062917,40,64,,True,False,Request timeout: 300.0s exceeded,9,56.69694568066818
158,2026-09-19T05:46:35.022+00:00,2026-09-19T05:51:35.077+00:00,2026-09-19T05:51:35.077+00:00,False,1,0.0,,0.0,300055.21455800004,300055.21455800004,300055.21455800004,300055.21455800004,300055.21455800004,300055.21455800004,nan,300055.21455800004,nan,nan,0.0,40,64,,True,False,"HTTPConnectionPool(host='gpu03', port=9002): Read timed out.",0,56.69694568066818
159,2026-09-19T05:46:35.652+00:00,2026-09-19T05:51:35.752+00:00,2026-09-19T05:51:35.752+00:00,False,1,0.0,,0.0,300100.296087,300100.296087,300100.296087,300100.296087,300100.296087,300100.296087,nan,300100.296087,nan,nan,0.0,40,64,,True,False,TTFT timeout: 300.0s exceeded (TTFT: 300.095s),0,56.69694568066818
160,2026-09-19T05:46:36.049+00:00,2026-09-19T05:51:35.890+00:00,2026-09-19T05:51:36.153+00:00,False,4,3.0,,3.0,299841.8702,300104.484216,300104.484057,75026.12101425,0.02461,299841.8702,149877.17891580804,254885.7010733,87.53800533333333,75.83964877683623,0.009996518405372284,40,64,,True,False,Request timeout: 300.0s exceeded,16,56.69694568066818
161,2026-09-19T05:46:36.618+00:00,2026-09-19T05:51:36.676+00:00,2026-09-19T05:51:36.676+00:00,False,1,0.0,,0.0,300058.320621,300058.320621,300058.320621,300058.320621,300058.320621,300058.320621,nan,300058.320621,nan,nan,0.0,40,64,,True,False,"HTTPConnectionPool(host='gpu03', port=9002): Read timed out.",0,56.69694568066818
162,2026-09-19T05:46:37.711+00:00,2026-09-19T05:51:37.330+00:00,2026-09-19T05:51:37.995+00:00,False,8,7.0,,7.0,299618.48753600003,300283.72632,300283.72636000003,37535.465795000004,0.02194,299618.48753600003,105897.53993613344,194796.7511817,95.034112,42.812671774212646,0.023311286581479237,40,64,,True,False,Request timeout: 300.0s exceeded,15,56.69694568066818
163,2026-09-19T05:46:37.727+00:00,2026-09-19T05:51:37.567+00:00,2026-09-19T05:51:37.993+00:00,False,6,5.0,,5.0,299840.00654900004,300266.69326900004,300266.69326000003,50044.44887666668,0.04194,299840.00654900004,122374.33887244029,224908.09129500002,85.337344,48.25174273286436,0.01665186353359761,40,64,,True,False,Request timeout: 300.0s exceeded,23,56.69694568066818
164,2026-09-19T05:46:38.102+00:00,2026-09-19T05:51:38.118+00:00,2026-09-19T05:51:38.118+00:00,False,1,0.0,,0.0,300015.057686,300015.057686,300015.057686,300015.057686,300015.057686,300015.057686,nan,300015.057686,nan,nan,0.0,40,64,,True,False,"HTTPConnectionPool(host='gpu03', port=9002): Read timed out.",0,56.69694568066818
165,2026-09-19T05:46:38.544+00:00,2026-09-19T05:51:38.826+00:00,2026-09-19T05:51:39.426+00:00,False,7,6.0,,6.0,300282.400734,300882.219998,300882.219967,42983.17428100001,0.020999,300282.400734,113458.30922950797,210253.24364460004,99.96987733333333,63.7867915013685,0.019941357784583887,40,64,,True,False,Request timeout: 300.0s exceeded,19,56.69694568066818
166,2026-09-19T05:46:38.903+00:00,2026-09-19T05:51:39.355+00:00,2026-09-19T05:51:39.526+00:00,False,5,4.0,,4.0,300452.891591,300623.449543,300623.44968,60124.689936,0.019760000000000003,300452.891591,134347.55142890097,240375.9676214,42.639488,29.78453679773261,0.013305681928940327,40,64,,True,False,Request timeout: 300.0s exceeded,17,56.69694568066818
167,2026-09-19T05:46:39.405+00:00,2026-09-19T05:51:39.360+00:00,2026-09-19T05:51:39.684+00:00,False,7,6.0,,6.0,299955.579899,300279.553787,300279.55373600003,42897.07910514286,0.04599,299955.579899,113352.14843393727,210000.5716727,53.995648,33.74054804912304,0.01998138043143635,40,64,,True,False,Request timeout: 300.0s exceeded,35,56.69694568066818
168,2026-09-19T05:46:40.017+00:00,2026-09-19T05:51:40.134+00:00,2026-09-19T05:51:40.134+00:00,False,1,0.0,,0.0,300117.412748,300117.412748,300117.412748,300117.412748,300117.412748,300117.412748,nan,300117.412748,nan,nan,0.0,40,64,,True,False,"HTTPConnectionPool(host='gpu03', port=9002): Read timed out.",0,56.69694568066818
169,2026-09-19T05:46:40.611+00:00,2026-09-19T05:51:40.717+00:00,2026-09-19T05:51:40.717+00:00,False,1,0.0,,0.0,300106.060015,300106.060015,300106.060015,300106.060015,300106.060015,300106.060015,nan,300106.060015,nan,nan,0.0,40,64,,True,False,"HTTPConnectionPool(host='gpu03', port=9002): Read timed out.",0,56.69694568066818
170,2026-09-19T05:46:41.098+00:00,2026-09-19T05:51:40.954+00:00,2026-09-19T05:51:41.170+00:00,False,4,3.0,,3.0,299855.62924299994,300071.2452429999,300071.24506799993,75017.81126699998,0.064849,299855.62924299994,149891.88829348286,254896.69945299995,71.872,65.84932191409452,0.009997625722419946,40,64,,True,False,Request timeout: 300.0s exceeded,11,56.69694568066818
171,2026-09-19T05:46:41.596+00:00,2026-09-19T05:51:41.080+00:00,2026-09-19T05:51:41.623+00:00,False,8,7.0,,7.0,299484.718301,300027.250909,300027.25081600004,37503.406352000005,0.04132,299484.718301,105856.4418228655,194701.54885164998,77.50465828571429,39.34296129357727,0.02333121401070045,40,64,,True,False,Request timeout: 300.0s exceeded,29,56.69694568066818
172,2026-09-19T05:46:42.165+00:00,2026-09-19T05:51:42.264+00:00,2026-09-19T05:51:42.264+00:00,False,1,0.0,,0.0,300099.51890799997,300099.51890799997,300099.51890799997,300099.51890799997,300099.51890799997,300099.51890799997,nan,300099.51890799997,nan,nan,0.0,40,64,,True,False,TTFT timeout: 300.0s exceeded (TTFT: 300.091s),0,56.69694568066818
173,2026-09-19T05:46:42.718+00:00,2026-09-19T05:51:42.684+00:00,2026-09-19T05:51:42.816+00:00,False,3,2.0,,2.0,299966.187472,300097.934032,300097.93397,100032.64465666667,0.02901,299966.187472,173147.539666268,269982.74047360005,65.87328,93.11761356539606,0.006664491065062568,40,64,,True,False,Request timeout: 300.0s exceeded,5,56.69694568066818
174,2026-09-19T05:46:43.223+00:00,2026-09-19T05:51:43.035+00:00,2026-09-19T05:51:43.237+00:00,False,4,3.0,,3.0,299812.03414099995,300014.1200289999,300014.12000699993,75003.53000174998,0.10919,299812.03414099995,149872.34363926022,254855.51153075,67.36196266666667,58.24960542072673,0.009999529354518429,40,64,,True,False,Request timeout: 300.0s exceeded,9,56.69694568066818
175,2026-09-19T05:46:43.582+00:00,2026-09-19T05:51:43.690+00:00,2026-09-19T05:51:43.690+00:00,False,1,0.0,,0.0,300107.73283099994,300107.73283099994,300107.73283099994,300107.73283099994,300107.73283099994,300107.73283099994,nan,300107.73283099994,nan,nan,0.0,40,64,,True,False,"HTTPConnectionPool(host='gpu03', port=9002): Read timed out.",0,56.69694568066818
176,2026-09-19T05:46:44.178+00:00,2026-09-19T05:51:44.198+00:00,2026-09-19T05:51:44.198+00:00,False,1,0.0,,0.0,300020.175053,300020.175053,300020.175053,300020.175053,300020.175053,300020.175053,nan,300020.175053,nan,nan,0.0,40,64,,True,False,TTFT timeout: 300.0s exceeded (TTFT: 300.013s),0,56.69694568066818
177,2026-09-19T05:46:44.625+00:00,2026-09-19T05:51:44.483+00:00,2026-09-19T05:51:44.737+00:00,False,4,3.0,,3.0,299857.577638,300112.029862,300112.029824,75028.007456,0.02831,299857.577638,149886.39289590315,254900.83827370004,84.817408,75.79046493592945,0.009996267065267208,40,64,,True,False,Request timeout: 300.0s exceeded,11,56.69694568066818
178,2026-09-19T05:46:45.213+00:00,2026-09-19T05:51:45.260+00:00,2026-09-19T05:51:45.260+00:00,False,1,0.0,,0.0,300046.469736,300046.469736,300046.469736,300046.469736,300046.469736,300046.469736,nan,300046.469736,nan,nan,0.0,40,64,,True,False,"HTTPConnectionPool(host='gpu03', port=9002): Read timed out.",0,56.69694568066818
179,2026-09-19T05:46:45.644+00:00,2026-09-19T05:51:45.750+00:00,2026-09-19T05:51:45.750+00:00,False,1,0.0,,0.0,300105.715012,300105.715012,300105.715012,300105.715012,300105.715012,300105.715012,nan,300105.715012,nan,nan,0.0,40,64,,True,False,"HTTPConnectionPool(host='gpu03', port=9002): Read timed out.",0,56.69694568066818
180,2026-09-19T05:46:46.147+00:00,2026-09-19T05:51:46.170+00:00,2026-09-19T05:51:46.170+00:00,False,1,0.0,,0.0,300022.47573799995,300022.47573799995,300022.47573799995,300022.47573799995,300022.47573799995,300022.47573799995,nan,300022.47573799995,nan,nan,0.0,40,64,,True,False,TTFT timeout: 300.0s exceeded (TTFT: 300.013s),0,56.69694568066818
181,2026-09-19T05:46:46.501+00:00,2026-09-19T05:51:46.285+00:00,2026-09-19T05:51:46.584+00:00,False,5,4.0,,4.0,299784.22756300005,300083.56529100006,300083.56542500004,60016.71308500001,0.02195,299784.22756300005,134034.12231564743,239848.68501340004,74.834432,50.10317778688528,0.01332962035465381,40,64,,True,False,Request timeout: 300.0s exceeded,14,56.69694568066818
182,2026-09-19T05:46:47.131+00:00,2026-09-19T05:51:47.189+00:00,2026-09-19T05:51:47.189+00:00,False,1,0.0,,0.0,300058.24709500006,300058.24709500006,300058.24709500006,300058.24709500006,300058.24709500006,300058.24709500006,nan,300058.24709500006,nan,nan,0.0,40,64,,True,False,"HTTPConnectionPool(host='gpu03', port=9002): Read timed out.",0,56.69694568066818
183,2026-09-19T05:46:47.688+00:00,2026-09-19T05:51:47.677+00:00,2026-09-19T05:51:47.824+00:00,False,3,2.0,,2.0,299988.900694,300135.731798,300135.731867,100045.24395566666,0.03551,299988.900694,173156.30160943605,270004.6901909,73.415552,103.77530799077569,0.006663651768547364,40,64,,True,False,Request timeout: 300.0s exceeded,5,56.69694568066818
184,2026-09-19T05:46:48.200+00:00,2026-09-19T05:51:48.069+00:00,2026-09-19T05:51:48.264+00:00,False,4,3.0,,3.0,299869.407034,300064.054074,300064.054137,75016.01353425,0.02795,299869.407034,149902.2693550214,254903.86091919997,64.88234666666666,56.19411389646931,0.009997865319983172,40,64,,True,False,Request timeout: 300.0s exceeded,10,56.69694568066818
185,2026-09-19T05:46:48.721+00:00,2026-09-19T05:51:48.829+00:00,2026-09-19T05:51:48.829+00:00,False,1,0.0,,0.0,300108.462591,300108.462591,300108.462591,300108.462591,300108.462591,300108.462591,nan,300108.462591,nan,nan,0.0,40,64,,True,False,"HTTPConnectionPool(host='gpu03', port=9002): Read timed out.",0,56.69694568066818
186,2026-09-19T05:46:49.312+00:00,2026-09-19T05:51:49.391+00:00,2026-09-19T05:51:49.391+00:00,False,1,0.0,,0.0,300079.068958,300079.068958,300079.068958,300079.068958,300079.068958,300079.068958,nan,300079.068958,nan,nan,0.0,40,64,,True,False,TTFT timeout: 300.0s exceeded (TTFT: 300.069s),0,56.69694568066818
187,2026-09-19T05:46:49.898+00:00,2026-09-19T05:51:49.652+00:00,2026-09-19T05:51:49.912+00:00,False,5,4.0,,4.0,299754.26601099997,300013.65647499997,300013.656584,60002.7313168,0.038299999999999994,299754.26601099997,134025.1897418595,239826.19852679997,64.847616,51.4979182641405,0.013332726406517162,40,64,,True,False,Request timeout: 300.0s exceeded,21,56.69694568066818
188,2026-09-19T05:46:50.484+00:00,2026-09-19T05:51:50.754+00:00,2026-09-19T05:51:51.468+00:00,False,8,7.0,,7.0,300269.591969,300983.153569,300983.153496,37622.894187,0.03628,300269.591969,106125.30134597885,195227.50592954998,101.93737142857144,48.02198628676924,0.023257115612602745,40,64,,True,False,Request timeout: 300.0s exceeded,20,56.69694568066818
189,2026-09-19T05:46:51.029+00:00,2026-09-19T05:51:51.255+00:00,2026-09-19T05:51:51.568+00:00,False,5,4.0,,4.0,300226.19311500003,300538.81698700006,300538.81685700006,60107.763371400004,0.0385,300226.19311500003,134230.29052192578,240202.74294040006,78.155968,52.269214208626124,0.013309428845502581,40,64,,True,False,Request timeout: 300.0s exceeded,13,56.69694568066818
190,2026-09-19T05:46:51.615+00:00,2026-09-19T05:51:51.635+00:00,2026-09-19T05:51:51.635+00:00,False,1,0.0,,0.0,300019.55836799997,300019.55836799997,300019.55836799997,300019.55836799997,300019.55836799997,300019.55836799997,nan,300019.55836799997,nan,nan,0.0,40,64,,True,False,"HTTPConnectionPool(host='gpu03', port=9002): Read timed out.",0,56.69694568066818
191,2026-09-19T05:46:52.025+00:00,2026-09-19T05:51:52.066+00:00,2026-09-19T05:51:52.066+00:00,False,1,0.0,,0.0,300040.618331,300040.618331,300040.618331,300040.618331,300040.618331,300040.618331,nan,300040.618331,nan,nan,0.0,40,64,,True,False,"HTTPConnectionPool(host='gpu03', port=9002): Read timed out.",0,56.69694568066818
192,2026-09-19T05:46:52.560+00:00,2026-09-19T05:51:52.666+00:00,2026-09-19T05:51:52.666+00:00,False,1,0.0,,0.0,300106.59380800003,300106.59380800003,300106.59380800003,300106.59380800003,300106.59380800003,300106.59380800003,nan,300106.59380800003,nan,nan,0.0,40,64,,True,False,"HTTPConnectionPool(host='gpu03', port=9002): Read timed out.",0,56.69694568066818
193,2026-09-19T05:46:52.920+00:00,2026-09-19T05:51:52.990+00:00,2026-09-19T05:51:52.990+00:00,False,1,0.0,,0.0,300070.077718,300070.077718,300070.077718,300070.077718,300070.077718,300070.077718,nan,300070.077718,nan,nan,0.0,40,64,,True,False,TTFT timeout: 300.0s exceeded (TTFT: 300.059s),0,56.69694568066818
194,2026-09-19T05:46:53.473+00:00,2026-09-19T05:51:53.068+00:00,2026-09-19T05:51:53.576+00:00,False,7,6.0,,6.0,299595.200054,300103.148086,300103.147955,42871.87827928572,0.02865,299595.200054,113204.35055890636,209748.7395659,84.65800533333334,41.583399441700955,0.019993125824460167,40,64,,True,False,Request timeout: 300.0s exceeded,24,56.69694568066818
195,2026-09-19T05:46:53.817+00:00,2026-09-19T05:51:53.926+00:00,2026-09-19T05:51:53.926+00:00,False,1,0.0,,0.0,300109.289202,300109.289202,300109.289202,300109.289202,300109.289202,300109.289202,nan,300109.289202,nan,nan,0.0,40,64,,True,False,"HTTPConnectionPool(host='gpu03', port=9002): Read timed out.",0,56.69694568066818
196,2026-09-19T05:46:54.323+00:00,2026-09-19T05:51:54.391+00:00,2026-09-19T05:51:54.391+00:00,False,1,0.0,,0.0,300068.49276700005,300068.49276700005,300068.49276700005,300068.49276700005,300068.49276700005,300068.49276700005,nan,300068.49276700005,nan,nan,0.0,40,64,,True,False,"HTTPConnectionPool(host='gpu03', port=9002): Read timed out.",0,56.69694568066818
197,2026-09-19T05:46:55.644+00:00,2026-09-19T05:51:55.121+00:00,2026-09-19T05:51:55.379+00:00,True,4,4.0,,4.0,299476.909644,299734.292556,299734.292671,74933.57316775,46.866493999999996,299476.909644,149695.56019036332,254571.4595298,85.794304,33.77085533172484,0.013345153021663917,40,64,,True,True,,19,56.69694568066818
198,2026-09-19T05:46:55.681+00:00,2026-09-19T05:51:55.602+00:00,2026-09-19T05:51:55.928+00:00,False,5,4.0,,4.0,299921.10023900005,300247.197135,300247.197257,60049.43945140001,0.02101,299921.10023900005,134092.34337540777,239961.38243100003,81.524224,55.21586706069421,0.013322355839350207,40,64,,True,False,Request timeout: 300.0s exceeded,14,56.69694568066818
199,2026-09-19T05:46:55.797+00:00,2026-09-19T05:51:56.005+00:00,2026-09-19T05:51:56.005+00:00,False,1,0.0,,0.0,300208.176051,300208.176051,300208.176051,300208.176051,300208.176051,300208.176051,nan,300208.176051,nan,nan,0.0,40,64,,True,False,"HTTPConnectionPool(host='gpu03', port=9002): Read timed out.",0,56.69694568066818
200,2026-09-19T05:46:56.281+00:00,2026-09-19T05:51:56.298+00:00,2026-09-19T05:51:56.298+00:00,False,1,0.0,,0.0,300016.103889,300016.103889,300016.103889,300016.103889,300016.103889,300016.103889,nan,300016.103889,nan,nan,0.0,40,64,,True,False,"HTTPConnectionPool(host='gpu03', port=9002): Read timed out.",0,56.69694568066818
201,2026-09-19T05:46:56.793+00:00,2026-09-19T05:51:56.827+00:00,2026-09-19T05:51:56.827+00:00,False,1,0.0,,0.0,300033.89176800003,300033.89176800003,300033.89176800003,300033.89176800003,300033.89176800003,300033.89176800003,nan,300033.89176800003,nan,nan,0.0,40,64,,True,False,"HTTPConnectionPool(host='gpu03', port=9002): Read timed out.",0,56.69694568066818
202,2026-09-19T05:46:57.239+00:00,2026-09-19T05:51:57.291+00:00,2026-09-19T05:51:57.291+00:00,False,1,0.0,,0.0,300052.094473,300052.094473,300052.094473,300052.094473,300052.094473,300052.094473,nan,300052.094473,nan,nan,0.0,40,64,,True,False,TTFT timeout: 300.0s exceeded (TTFT: 300.044s),0,56.69694568066818
203,2026-09-19T05:46:57.639+00:00,2026-09-19T05:51:57.410+00:00,2026-09-19T05:51:57.712+00:00,False,5,4.0,,4.0,299771.25900900003,300072.616065,300072.616049,60014.523209800005,0.02886,299771.25900900003,134028.09688224972,239837.3044474,75.339264,50.21333948492821,0.013330106733676567,40,64,,True,False,Request timeout: 300.0s exceeded,13,56.69694568066818
204,2026-09-19T05:46:58.060+00:00,2026-09-19T05:51:57.607+00:00,2026-09-19T05:51:58.116+00:00,False,7,6.0,,6.0,299547.644942,300056.534542,300056.534641,42865.21923442857,0.05264,299547.644942,113186.31707694539,209714.5547096,84.81493333333333,41.54285087532821,0.019996231740656057,40,64,,True,False,Request timeout: 300.0s exceeded,23,56.69694568066818
205,2026-09-19T05:46:58.599+00:00,2026-09-19T05:51:58.681+00:00,2026-09-19T05:51:58.681+00:00,False,1,0.0,,0.0,300081.743148,300081.743148,300081.743148,300081.743148,300081.743148,300081.743148,nan,300081.743148,nan,nan,0.0,40,64,,True,False,"HTTPConnectionPool(host='gpu03', port=9002): Read timed out.",0,56.69694568066818
206,2026-09-19T05:46:58.948+00:00,2026-09-19T05:51:58.928+00:00,2026-09-19T05:51:59.075+00:00,False,3,2.0,,2.0,299980.608698,300127.93081000005,300127.930896,100042.643632,0.027059999999999997,299980.608698,173151.37258486138,269997.277342,73.661056,104.13408831469549,0.0066638249715789575,40,64,,True,False,Request timeout: 300.0s exceeded,3,56.69694568066818
207,2026-09-19T05:46:59.355+00:00,2026-09-19T05:51:59.202+00:00,2026-09-19T05:51:59.424+00:00,False,4,3.0,,3.0,299846.782651,300069.102267,300069.102305,75017.27557625,0.04233,299846.782651,149886.34720039202,254886.54208210003,74.10653866666667,64.14545987486595,0.009997697121547073,40,64,,True,False,Request timeout: 300.0s exceeded,12,56.69694568066818
208,2026-09-19T05:46:59.900+00:00,2026-09-19T05:51:59.949+00:00,2026-09-19T05:51:59.949+00:00,False,1,0.0,,0.0,300048.95911500003,300048.95911500003,300048.95911500003,300048.95911500003,300048.95911500003,300048.95911500003,nan,300048.95911500003,nan,nan,0.0,40,64,,True,False,"HTTPConnectionPool(host='gpu03', port=9002): Read timed out.",0,56.69694568066818
209,2026-09-19T05:47:00.418+00:00,2026-09-19T05:52:00.523+00:00,2026-09-19T05:52:00.523+00:00,False,1,0.0,,0.0,300105.307938,300105.307938,300105.307938,300105.307938,300105.307938,300105.307938,nan,300105.307938,nan,nan,0.0,40,64,,True,False,"HTTPConnectionPool(host='gpu03', port=9002): Read timed out.",0,56.69694568066818
210,2026-09-19T05:47:01.045+00:00,2026-09-19T05:52:00.912+00:00,2026-09-19T05:52:01.129+00:00,False,4,3.0,,3.0,299866.531526,300083.41703,300083.417133,75020.85428325,0.03879,299866.531526,149897.1268978486,254903.35131035,72.295168,62.67792734003434,0.009997220205274066,40,64,,True,False,Request timeout: 300.0s exceeded,11,56.69694568066818
211,2026-09-19T05:47:01.582+00:00,2026-09-19T05:52:01.688+00:00,2026-09-19T05:52:01.688+00:00,False,1,0.0,,0.0,300106.577435,300106.577435,300106.577435,300106.577435,300106.577435,300106.577435,nan,300106.577435,nan,nan,0.0,40,64,,True,False,"HTTPConnectionPool(host='gpu03', port=9002): Read timed out.",0,56.69694568066818
212,2026-09-19T05:47:02.090+00:00,2026-09-19T05:52:02.173+00:00,2026-09-19T05:52:02.173+00:00,False,1,0.0,,0.0,300082.55266000004,300082.55266000004,300082.55266000004,300082.55266000004,300082.55266000004,300082.55266000004,nan,300082.55266000004,nan,nan,0.0,40,64,,True,False,"HTTPConnectionPool(host='gpu03', port=9002): Read timed out.",0,56.69694568066818
213,2026-09-19T05:47:02.521+00:00,2026-09-19T05:52:02.335+00:00,2026-09-19T05:52:02.600+00:00,False,4,3.0,,3.0,299813.32505299995,300078.26457299996,300078.26463199995,75019.56615799999,0.023170000000000003,299813.32505299995,149862.51901200193,254862.08445004997,88.31317333333332,76.69106448089059,0.009997391861316204,40,64,,True,False,Request timeout: 300.0s exceeded,6,56.69694568066818
214,2026-09-19T05:47:02.935+00:00,2026-09-19T05:52:02.598+00:00,2026-09-19T05:52:02.995+00:00,False,8,7.0,,7.0,299662.467797,300059.274709,300059.27464300004,37507.409330375005,0.02215,299662.467797,105926.64443879499,194817.96541235,56.68670171428572,34.03909163632056,0.02332872398891405,40,64,,True,False,Request timeout: 300.0s exceeded,21,56.69694568066818
215,2026-09-19T05:47:03.514+00:00,2026-09-19T05:52:03.622+00:00,2026-09-19T05:52:03.622+00:00,False,1,0.0,,0.0,300108.48256699997,300108.48256699997,300108.48256699997,300108.48256699997,300108.48256699997,300108.48256699997,nan,300108.48256699997,nan,nan,0.0,40,64,,True,False,"HTTPConnectionPool(host='gpu03', port=9002): Read timed out.",0,56.69694568066818
216,2026-09-19T05:47:04.128+00:00,2026-09-19T05:52:04.084+00:00,2026-09-19T05:52:04.206+00:00,True,2,2.0,,2.0,299955.59144499997,300078.204949,300078.20509299997,150039.10254649998,122.613648,299955.59144499997,212013.93182361423,284963.94255514996,122.613504,nan,0.00666492923183112,40,64,,True,True,,2,56.69694568066818
217,2026-09-19T05:47:04.584+00:00,2026-09-19T05:52:04.430+00:00,2026-09-19T05:52:05.152+00:00,False,9,8.0,,8.0,299845.712825,300567.437241,300567.437341,33396.38192677778,0.038520000000000006,299845.712825,99918.50496241235,179950.45786459997,90.215552,36.63192311536336,0.026616323023659634,40,64,,True,False,Request timeout: 300.0s exceeded,22,56.69694568066818
218,2026-09-19T05:47:04.958+00:00,2026-09-19T05:52:05.259+00:00,2026-09-19T05:52:05.259+00:00,False,1,0.0,,0.0,300301.850592,300301.850592,300301.850592,300301.850592,300301.850592,300301.850592,nan,300301.850592,nan,nan,0.0,40,64,,True,False,"HTTPConnectionPool(host='gpu03', port=9002): Read timed out.",0,56.69694568066818
219,2026-09-19T05:47:05.579+00:00,2026-09-19T05:52:05.609+00:00,2026-09-19T05:52:05.609+00:00,False,1,0.0,,0.0,300029.825091,300029.825091,300029.825091,300029.825091,300029.825091,300029.825091,nan,300029.825091,nan,nan,0.0,40,64,,True,False,"HTTPConnectionPool(host='gpu03', port=9002): Read timed out.",0,56.69694568066818
220,2026-09-19T05:47:06.131+00:00,2026-09-19T05:52:06.170+00:00,2026-09-19T05:52:06.170+00:00,False,1,0.0,,0.0,300039.364346,300039.364346,300039.364346,300039.364346,300039.364346,300039.364346,nan,300039.364346,nan,nan,0.0,40,64,,True,False,"HTTPConnectionPool(host='gpu03', port=9002): Read timed out.",0,56.69694568066818
221,2026-09-19T05:47:06.532+00:00,2026-09-19T05:52:06.545+00:00,2026-09-19T05:52:06.545+00:00,False,1,0.0,,0.0,300012.77837699995,300012.77837699995,300012.77837699995,300012.77837699995,300012.77837699995,300012.77837699995,nan,300012.77837699995,nan,nan,0.0,40,64,,True,False,TTFT timeout: 300.0s exceeded (TTFT: 300.003s),0,56.69694568066818
222,2026-09-19T05:47:07.095+00:00,2026-09-19T05:52:06.646+00:00,2026-09-19T05:52:07.148+00:00,False,9,8.0,,8.0,299550.53307999996,300053.32603999996,300053.326105,33339.25845611111,0.05083,299550.53307999996,99829.23321924522,179771.17122359996,62.84912,34.562851118542866,0.02666192741664035,40,64,,True,False,Request timeout: 300.0s exceeded,43,56.69694568066818
223,2026-09-19T05:47:07.706+00:00,2026-09-19T05:52:07.787+00:00,2026-09-19T05:52:07.787+00:00,False,1,0.0,,0.0,300081.25841799995,300081.25841799995,300081.25841799995,300081.25841799995,300081.25841799995,300081.25841799995,nan,300081.25841799995,nan,nan,0.0,40,64,,True,False,"HTTPConnectionPool(host='gpu03', port=9002): Read timed out.",0,56.69694568066818
224,2026-09-19T05:47:08.321+00:00,2026-09-19T05:52:08.270+00:00,2026-09-19T05:52:08.384+00:00,False,3,2.0,,2.0,299948.521695,300062.697951,300062.697944,100020.89931466666,0.131889,299948.521695,173142.4092676391,269965.0739615,57.088128,80.54835495202796,0.006665273669993457,40,64,,True,False,Request timeout: 300.0s exceeded,4,56.69694568066818
225,2026-09-19T05:47:08.786+00:00,2026-09-19T05:52:08.603+00:00,2026-09-19T05:52:08.865+00:00,False,5,4.0,,4.0,299816.417658,300078.332538,300078.33246400004,60015.6664928,0.053899,299816.417658,134052.7024013927,239874.4092522,65.47872,50.85988859441274,0.013329852795997741,40,64,,True,False,Request timeout: 300.0s exceeded,8,56.69694568066818
226,2026-09-19T05:47:09.351+00:00,2026-09-19T05:52:09.463+00:00,2026-09-19T05:52:09.463+00:00,False,1,0.0,,0.0,300112.110038,300112.110038,300112.110038,300112.110038,300112.110038,300112.110038,nan,300112.110038,nan,nan,0.0,40,64,,True,False,"HTTPConnectionPool(host='gpu03', port=9002): Read timed out.",0,56.69694568066818
227,2026-09-19T05:47:09.931+00:00,2026-09-19T05:52:09.864+00:00,2026-09-19T05:52:09.996+00:00,False,3,2.0,,2.0,299932.26183499995,300064.13613899995,300064.13603099994,100021.37867699999,0.03365,299932.26183499995,173127.91585132392,269952.21970609995,65.937152,93.20142551795654,0.006665241723767787,40,64,,True,False,Request timeout: 300.0s exceeded,10,56.69694568066818
228,2026-09-19T05:47:10.321+00:00,2026-09-19T05:52:10.103+00:00,2026-09-19T05:52:10.406+00:00,False,5,4.0,,4.0,299781.660872,300084.83092,300084.83085699996,60016.966171399996,0.024059,299781.660872,134032.54613546512,239845.8188134,75.792512,50.5408572434305,0.013329564136037137,40,64,,True,False,Request timeout: 300.0s exceeded,14,56.69694568066818
229,2026-09-19T05:47:10.791+00:00,2026-09-19T05:52:10.883+00:00,2026-09-19T05:52:10.883+00:00,False,1,0.0,,0.0,300091.324019,300091.324019,300091.324019,300091.324019,300091.324019,300091.324019,nan,300091.324019,nan,nan,0.0,40,64,,True,False,"HTTPConnectionPool(host='gpu03', port=9002): Read timed out.",0,56.69694568066818
230,2026-09-19T05:47:11.135+00:00,2026-09-19T05:52:11.224+00:00,2026-09-19T05:52:11.224+00:00,False,1,0.0,,0.0,300089.701685,300089.701685,300089.701685,300089.701685,300089.701685,300089.701685,nan,300089.701685,nan,nan,0.0,40,64,,True,False,"HTTPConnectionPool(host='gpu03', port=9002): Read timed out.",0,56.69694568066818
231,2026-09-19T05:47:11.680+00:00,2026-09-19T05:52:11.505+00:00,2026-09-19T05:52:11.733+00:00,False,4,3.0,,3.0,299825.121605,300052.401477,300052.401526,75013.1003815,0.024118999999999998,299825.121605,149874.6908250049,254870.51089715,75.75995733333333,67.08534078418424,0.00999825358914836,40,64,,True,False,Request timeout: 300.0s exceeded,6,56.69694568066818
232,2026-09-19T05:47:12.227+00:00,2026-09-19T05:52:12.325+00:00,2026-09-19T05:52:12.325+00:00,False,1,0.0,,0.0,300098.141083,300098.141083,300098.141083,300098.141083,300098.141083,300098.141083,nan,300098.141083,nan,nan,0.0,40,64,,True,False,"HTTPConnectionPool(host='gpu03', port=9002): Read timed out.",0,56.69694568066818
233,2026-09-19T05:47:12.619+00:00,2026-09-19T05:52:12.674+00:00,2026-09-19T05:52:12.674+00:00,False,1,0.0,,0.0,300054.60970599996,300054.60970599996,300054.60970599996,300054.60970599996,300054.60970599996,300054.60970599996,nan,300054.60970599996,nan,nan,0.0,40,64,,True,False,"HTTPConnectionPool(host='gpu03', port=9002): Read timed out.",0,56.69694568066818
234,2026-09-19T05:47:13.062+00:00,2026-09-19T05:52:13.097+00:00,2026-09-19T05:52:13.097+00:00,False,1,0.0,,0.0,300034.985965,300034.985965,300034.985965,300034.985965,300034.985965,300034.985965,nan,300034.985965,nan,nan,0.0,40,64,,True,False,TTFT timeout: 300.0s exceeded (TTFT: 300.024s),0,56.69694568066818
235,2026-09-19T05:47:13.582+00:00,2026-09-19T05:52:13.355+00:00,2026-09-19T05:52:13.617+00:00,False,5,4.0,,4.0,299773.27512,300034.542832,300034.54285800003,60006.908571600005,0.019620000000000002,299773.27512,134033.4808337053,239841.08241899998,65.316928,50.917694291606985,0.013331798273106647,40,64,,True,False,Request timeout: 300.0s exceeded,16,56.69694568066818
236,2026-09-19T05:47:14.050+00:00,2026-09-19T05:52:14.163+00:00,2026-09-19T05:52:14.163+00:00,False,1,0.0,,0.0,300112.764524,300112.764524,300112.764524,300112.764524,300112.764524,300112.764524,nan,300112.764524,nan,nan,0.0,40,64,,True,False,"HTTPConnectionPool(host='gpu03', port=9002): Read timed out.",0,56.69694568066818
237,2026-09-19T05:47:14.438+00:00,2026-09-19T05:52:14.461+00:00,2026-09-19T05:52:14.461+00:00,False,1,0.0,,0.0,300023.123361,300023.123361,300023.123361,300023.123361,300023.123361,300023.123361,nan,300023.123361,nan,nan,0.0,40,64,,True,False,"HTTPConnectionPool(host='gpu03', port=9002): Read timed out.",0,56.69694568066818
238,2026-09-19T05:47:15.023+00:00,2026-09-19T05:52:14.780+00:00,2026-09-19T05:52:15.136+00:00,False,5,4.0,,4.0,299757.04676,300112.740328,300112.740376,60022.5480752,0.03872,299757.04676,134015.66912297133,239832.6877374,88.923392,60.43549508633808,0.013328324534401005,40,64,,True,False,Request timeout: 300.0s exceeded,11,56.69694568066818
239,2026-09-19T05:47:15.403+00:00,2026-09-19T05:52:15.137+00:00,2026-09-19T05:52:15.449+00:00,False,5,4.0,,4.0,299733.930665,300045.89584899996,300045.895789,60009.1791578,0.02887,299733.930665,134010.2178653413,239810.35838499997,77.991296,52.797649313885586,0.013331293829838038,40,64,,True,False,Request timeout: 300.0s exceeded,14,56.69694568066818
240,2026-09-19T05:47:15.962+00:00,2026-09-19T05:52:16.065+00:00,2026-09-19T05:52:16.065+00:00,False,1,0.0,,0.0,300102.60723699996,300102.60723699996,300102.60723699996,300102.60723699996,300102.60723699996,300102.60723699996,nan,300102.60723699996,nan,nan,0.0,40,64,,True,False,"HTTPConnectionPool(host='gpu03', port=9002): Read timed out.",0,56.69694568066818
241,2026-09-19T05:47:16.419+00:00,2026-09-19T05:52:16.392+00:00,2026-09-19T05:52:16.529+00:00,False,3,2.0,,2.0,299972.795035,300109.98287500005,300109.98285800003,100036.66095266667,0.05276,299972.795035,173149.78481572258,269989.22903780005,68.59392,96.9318719939098,0.006664223498466652,40,64,,True,False,Request timeout: 300.0s exceeded,10,56.69694568066818
242,2026-09-19T05:47:17.470+00:00,2026-09-19T05:52:16.660+00:00,2026-09-19T05:52:17.867+00:00,False,14,13.0,,13.0,299190.45375,300396.960502,300396.960646,21456.92576042857,0.03705,299190.45375,79937.2144702295,104800.8859763,92.8082116923077,32.96305563731528,0.043276070364611584,40,64,,True,False,Request timeout: 300.0s exceeded,38,56.69694568066818
243,2026-09-19T05:47:17.680+00:00,2026-09-19T05:52:17.323+00:00,2026-09-19T05:52:17.865+00:00,False,7,6.0,,6.0,299642.740736,300184.59776000003,300184.597784,42883.513969142856,0.10137900000000001,299642.740736,113220.18452856882,209788.61565110003,90.309504,45.803621066590935,0.019987701050528408,40,64,,True,False,Request timeout: 300.0s exceeded,21,56.69694568066818
244,2026-09-19T05:47:17.998+00:00,2026-09-19T05:52:18.020+00:00,2026-09-19T05:52:18.020+00:00,False,1,0.0,,0.0,300022.584317,300022.584317,300022.584317,300022.584317,300022.584317,300022.584317,nan,300022.584317,nan,nan,0.0,40,64,,True,False,"HTTPConnectionPool(host='gpu03', port=9002): Read timed out.",0,56.69694568066818
245,2026-09-19T05:47:18.548+00:00,2026-09-19T05:52:18.669+00:00,2026-09-19T05:52:18.669+00:00,False,1,0.0,,0.0,300121.473083,300121.473083,300121.473083,300121.473083,300121.473083,300121.473083,nan,300121.473083,nan,nan,0.0,40,64,,True,False,"HTTPConnectionPool(host='gpu03', port=9002): Read timed out.",0,56.69694568066818
246,2026-09-19T05:47:18.979+00:00,2026-09-19T05:52:19.078+00:00,2026-09-19T05:52:19.078+00:00,False,1,0.0,,0.0,300099.04045,300099.04045,300099.04045,300099.04045,300099.04045,300099.04045,nan,300099.04045,nan,nan,0.0,40,64,,True,False,"HTTPConnectionPool(host='gpu03', port=9002): Read timed out.",0,56.69694568066818
247,2026-09-19T05:47:19.458+00:00,2026-09-19T05:52:19.394+00:00,2026-09-19T05:52:20.581+00:00,False,16,15.0,,15.0,299935.983718,301123.115878,301123.115941,18820.1947463125,0.03817,299935.983718,74964.21760856325,75064.87662325,79.142144,34.0467236663546,0.04981351217844481,40,64,,True,False,Request timeout: 300.0s exceeded,65,56.69694568066818
248,2026-09-19T05:47:19.826+00:00,2026-09-19T05:52:19.424+00:00,2026-09-19T05:52:20.688+00:00,False,16,15.0,,15.0,299597.196479,300861.732287,300861.732203,18803.8582626875,0.03807,299597.196479,74878.22984217182,74978.733683,84.3023872,31.838916232618264,0.049856789316399676,40,64,,True,False,Request timeout: 300.0s exceeded,63,56.69694568066818
249,2026-09-19T05:47:20.425+00:00,2026-09-19T05:52:20.579+00:00,2026-09-19T05:52:20.687+00:00,False,3,2.0,,2.0,300154.434954,300262.090122,300262.090331,100087.36344366666,0.0289,300154.434954,173263.17474105762,270149.7541063,53.827584,76.08278895264469,0.006660847525531367,40,64,,True,False,Request timeout: 300.0s exceeded,10,56.69694568066818
250,2026-09-19T05:47:20.790+00:00,2026-09-19T05:52:20.879+00:00,2026-09-19T05:52:20.879+00:00,False,1,0.0,,0.0,300089.051235,300089.051235,300089.051235,300089.051235,300089.051235,300089.051235,nan,300089.051235,nan,nan,0.0,40,64,,True,False,"HTTPConnectionPool(host='gpu03', port=9002): Read timed out.",0,56.69694568066818
0,2026-09-19T05:45:20.812+00:00,2026-09-19T05:45:21.095+00:00,2026-09-19T05:45:30.398+00:00,True,99,99.0,,99.0,283.26528499999995,9586.487301,9586.48739,96.83320595959596,30.168400000000002,283.26528499999995,29.392250344148238,112.51045460000002,94.93083689795918,22.601657104275905,10.327036055184985,41,64,,False,True,,422,56.69694568066818
1,2026-09-19T05:45:21.387+00:00,2026-09-19T05:45:21.655+00:00,2026-09-19T05:45:23.912+00:00,True,24,24.0,,24.0,267.1443,2524.702828,2524.702991,105.19595795833334,47.19099,267.1443,40.968720762566925,149.95781769999996,98.15471860869566,22.599733726680544,9.506069282226035,41,64,,False,True,,143,56.69694568066818
2,2026-09-19T05:45:22.041+00:00,2026-09-19T05:45:24.915+00:00,2026-09-19T05:45:30.297+00:00,True,57,57.0,,57.0,2874.5264530000004,8256.104693000001,8256.104697,144.84394205263158,46.470831,2874.5264530000004,368.57289882743095,109.65044460000001,96.09961142857144,20.51686625332156,6.903982219160553,41,64,,False,True,,345,56.69694568066818
3,2026-09-19T05:45:22.614+00:00,2026-09-19T05:45:28.021+00:00,2026-09-19T05:45:34.959+00:00,True,71,71.0,,71.0,5406.903244,12345.028812,12345.02875,173.8736443661972,0.0,5406.903244,630.4569913983022,112.0233095,99.11607954285714,26.241319189886955,5.751302899429798,41,64,,False,True,,247,56.69694568066818
4,2026-09-19T05:45:23.109+00:00,2026-09-19T05:45:30.911+00:00,2026-09-19T05:45:37.129+00:00,True,62,62.0,,62.0,7801.734065000001,14020.008369,14020.008466000001,226.12916880645162,0.0,7801.734065000001,978.7429276290153,232.02786825000004,101.93892301639343,41.55216670417896,4.422251283179673,41,64,,False,True,,222,56.69694568066818
5,2026-09-19T05:45:23.562+00:00,2026-09-19T05:45:33.096+00:00,2026-09-19T05:45:41.787+00:00,True,89,89.0,,89.0,9534.199428,18224.856964,18224.857139,204.77367571910113,0.0,9534.199428,1001.3418473898661,113.9452966,98.757472,49.02126094947033,4.883440247339327,41,64,,False,True,,368,56.69694568066818
6,2026-09-19T05:45:24.028+00:00,2026-09-19T05:45:35.743+00:00,2026-09-19T05:45:41.177+00:00,True,56,56.0,,56.0,11715.011316,17149.01682,17149.016826,306.23244332142855,0.0,11715.011316,1553.0986134762861,244.56215500000002,98.80010007272728,50.83681032503442,3.2654933275644193,41,64,,False,True,,185,56.69694568066818
7,2026-09-19T05:45:24.412+00:00,2026-09-19T05:45:37.758+00:00,2026-09-19T05:45:45.841+00:00,True,82,82.0,,82.0,13346.453405999999,21429.022365999997,21429.022434,261.32954187804876,0.0,13346.453405999999,1463.7437975141863,139.14174865,99.78480197530864,51.46828902667729,3.8265861409573185,41,64,,False,True,,344,56.69694568066818
8,2026-09-19T05:45:25.009+00:00,2026-09-19T05:45:40.962+00:00,2026-09-19T05:45:42.368+00:00,True,14,14.0,,14.0,15953.194042,17358.980666,17358.980756,1239.9271968571427,0.0,15953.194042,4235.161873147685,5768.301171899999,108.13743261538461,60.00221867178006,0.806498968422781,41,64,,False,True,,60,56.69694568066818
9,2026-09-19T05:45:25.563+00:00,2026-09-19T05:45:44.158+00:00,2026-09-19T05:45:47.431+00:00,True,35,35.0,,35.0,18594.983057,21867.519121,21867.519022,624.7862577714286,0.0,18594.983057,3127.323003798316,184.9207736,96.25106070588235,54.83233465057079,1.6005473600518545,41,64,,False,True,,191,56.69694568066818
10,2026-09-19T05:45:26.060+00:00,2026-09-19T05:45:47.127+00:00,2026-09-19T05:45:47.224+00:00,True,2,2.0,,2.0,21067.767026,21164.008946,21164.009061,10582.0045305,96.242035,21067.767026,14829.107532959251,20019.19077645,96.24192,nan,0.09450005455502324,41,64,,False,True,,10,56.69694568066818
11,2026-09-19T05:45:26.496+00:00,2026-09-19T05:45:49.790+00:00,2026-09-19T05:45:50.000+00:00,True,5,5.0,,5.0,23293.705429,23503.145429,23503.145481000003,4700.6290962,0.0,23293.705429,10393.910274937387,18655.5991732,52.36,42.323413696876706,0.2127374829511378,41,64,,False,True,,18,56.69694568066818
12,2026-09-19T05:45:26.901+00:00,2026-09-19T05:45:51.660+00:00,2026-09-19T05:45:55.925+00:00,True,45,45.0,,45.0,24759.047274,29023.968362,29023.968488000002,644.9770775111111,0.0,24759.047274,3677.4496127535895,373.4352782,96.93002472727274,88.38898722703654,1.5504427044138054,41,64,,False,True,,215,56.69694568066818
13,2026-09-19T05:45:27.454+00:00,2026-09-19T05:45:54.533+00:00,2026-09-19T05:46:03.467+00:00,True,95,95.0,,95.0,27079.211618999998,36013.055330999996,36013.055495,379.0847946842105,0.0,27079.211618999998,2769.0583456032195,115.351803,95.04089055319149,55.01971963883071,2.6379322478152556,41,64,,False,True,,329,56.69694568066818
14,2026-09-19T05:45:28.021+00:00,2026-09-19T05:45:57.804+00:00,2026-09-19T05:46:07.403+00:00,True,96,96.0,,96.0,29782.58004,39382.354248,39382.354407,410.23285840625,0.0,29782.58004,3030.7744772274696,115.43724900000001,101.05025482105263,93.12688460507461,2.4376399489849003,41,64,,False,True,,123,56.69694568066818
15,2026-09-19T05:45:28.472+00:00,2026-09-19T05:46:00.549+00:00,2026-09-19T05:46:07.948+00:00,True,75,75.0,,75.0,32077.056964000003,39475.879108,39475.879209000006,526.3450561200001,0.0,32077.056964000003,3693.4540043204192,115.8050605,99.98408302702703,89.07203096170562,1.8998943581423837,41,64,,False,True,,259,56.69694568066818
16,2026-09-19T05:45:29.109+00:00,2026-09-19T05:46:03.780+00:00,2026-09-19T05:46:12.577+00:00,True,85,85.0,,85.0,34671.328301,43468.764461,43468.764518,511.3972296235294,0.0,34671.328301,3750.7878020268895,115.48749899999999,104.73138285714285,107.19869142649335,1.9554270992970517,41,64,,False,True,,404,56.69694568066818
17,2026-09-19T05:45:29.541+00:00,2026-09-19T05:46:06.416+00:00,2026-09-19T05:46:14.058+00:00,True,79,79.0,,79.0,36874.946726,44516.393638,44516.393717,563.4986546455697,0.0,36874.946726,4138.818432556637,114.11601590000001,97.96726810256409,95.3752413070268,1.7746271327011576,41,64,,False,True,,266,56.69694568066818
18,2026-09-19T05:45:30.131+00:00,2026-09-19T05:46:08.957+00:00,2026-09-19T05:46:13.866+00:00,True,51,51.0,,51.0,38825.653953,43735.040961,43735.041107,857.549825627451,0.0,38825.653953,5423.821068684482,106.897361,98.18774015999999,99.31186166431422,1.1661130041121583,41,64,,False,True,,229,56.69694568066818
19,2026-09-19T05:45:30.639+00:00,2026-09-19T05:46:11.347+00:00,2026-09-19T05:46:20.586+00:00,True,96,96.0,,96.0,40707.468349,49946.523965,49946.524027,520.2762919479167,0.0,40707.468349,4145.892485553753,112.655548,97.25321701052631,97.29384422397048,1.9220556783345315,41,64,,False,True,,380,56.69694568066818
20,2026-09-19T05:45:31.092+00:00,2026-09-19T05:46:13.958+00:00,2026-09-19T05:46:14.961+00:00,True,12,12.0,,12.0,42865.832331,43869.170826999994,43869.170824,3655.764235333333,48.437407,42865.832331,12347.985940470244,19349.9061852,91.21259054545455,21.381857685302858,0.2735406157395253,41,64,,False,True,,35,56.69694568066818
21,2026-09-19T05:45:31.730+00:00,2026-09-19T05:46:17.550+00:00,2026-09-19T05:46:20.476+00:00,True,30,30.0,,30.0,45819.91744,48745.9808,48745.980695,1624.8660231666665,0.0,45819.91744,8347.923624014524,424.66123899999997,100.89873655172414,118.42020991902601,0.6154353550313629,41,64,,False,True,,117,56.69694568066818
22,2026-09-19T05:45:32.224+00:00,2026-09-19T05:46:20.474+00:00,2026-09-19T05:46:25.080+00:00,True,47,47.0,,47.0,48250.15161,52856.793786,52856.793609,1124.6126299787234,0.016329999999999997,48250.15161,7024.534363892828,119.5547892,100.14439513043479,127.60852678079148,0.8891950614766333,41,64,,False,True,,158,56.69694568066818
23,2026-09-19T05:45:32.665+00:00,2026-09-19T05:46:23.227+00:00,2026-09-19T05:46:24.237+00:00,True,11,11.0,,11.0,50561.548316,51572.124956,51572.124953,4688.374995727273,54.772463,50561.548316,15214.418452026683,25336.562688500002,101.057664,16.51535421727562,0.2132935187251818,41,64,,False,True,,48,56.69694568066818
24,2026-09-19T05:45:33.118+00:00,2026-09-19T05:46:25.501+00:00,2026-09-19T05:46:33.982+00:00,True,83,83.0,,83.0,52383.656202,60864.320521999995,60864.320729,733.3050690240964,0.0,52383.656202,5739.119592967023,115.4681351,103.4227356097561,84.77042125213961,1.3636889278998663,41,64,,False,True,,291,56.69694568066818
25,2026-09-19T05:45:33.531+00:00,2026-09-19T05:46:27.683+00:00,2026-09-19T05:46:37.729+00:00,True,99,99.0,,99.0,54152.671359,64198.384511,64198.384563,648.468530939394,0.0,54152.671359,5433.185844286207,114.4980139,102.50727706122449,101.57946466565862,1.5420948790858897,41,64,,False,True,,407,56.69694568066818
26,2026-09-19T05:45:34.061+00:00,2026-09-19T05:46:30.446+00:00,2026-09-19T05:46:33.981+00:00,True,35,35.0,,35.0,56385.027404,59919.516236,59919.516432000004,1711.9861837714286,47.851017,56385.027404,9513.247969229546,116.7104207,103.95555388235294,14.349077847517115,0.5841168653990533,41,64,,False,True,,129,56.69694568066818
27,2026-09-19T05:45:34.711+00:00,2026-09-19T05:46:33.987+00:00,2026-09-19T05:46:40.013+00:00,True,61,61.0,,61.0,59275.406032,65301.92328,65301.923185,1070.5233309016394,0.0,59275.406032,7577.790604366901,114.33837199999999,100.44195413333334,136.7159348475588,0.9341225638706794,41,64,,False,True,,316,56.69694568066818
28,2026-09-19T05:45:35.119+00:00,2026-09-19T05:46:36.470+00:00,2026-09-19T05:46:46.097+00:00,True,98,98.0,,98.0,61350.646148,70978.3305,70978.330652,724.2686801224489,0.0,61350.646148,6188.343853459784,113.61642790000002,99.2544778556701,112.87781137440585,1.3807030865568188,41,64,,False,True,,460,56.69694568066818
29,2026-09-19T05:45:35.631+00:00,2026-09-19T05:46:39.395+00:00,2026-09-19T05:46:42.821+00:00,True,35,35.0,,35.0,63763.440950000004,67189.39807000001,67189.398233,1919.6970923714287,48.017008000000004,63763.440950000004,10760.969048867297,113.164798,100.76344470588235,16.646933016349415,0.520915516515506,41,64,,False,True,,165,56.69694568066818
30,2026-09-19T05:45:36.253+00:00,2026-09-19T05:46:42.605+00:00,2026-09-19T05:46:48.178+00:00,True,58,58.0,,58.0,66351.26142,71924.78410799999,71924.78392399999,1240.0824814482758,46.303632,66351.26142,8699.5264132014,111.70905105,97.78109978947369,17.976554131783484,0.8063979714267758,41,64,,False,True,,218,56.69694568066818
31,2026-09-19T05:45:36.791+00:00,2026-09-19T05:46:45.068+00:00,2026-09-19T05:46:51.818+00:00,True,71,71.0,,71.0,68276.39642399999,75026.36736799999,75026.36757799999,1056.7094025070421,0.0,68276.39642399999,8092.321035347742,112.3716665,96.42815634285714,117.95687281342869,0.9463339688532313,41,64,,False,True,,239,56.69694568066818
32,2026-09-19T05:45:37.336+00:00,2026-09-19T05:46:47.876+00:00,2026-09-19T05:46:57.761+00:00,True,100,100.0,,100.0,70539.691235,80424.76208300001,80424.762014,804.2476201400001,0.0,70539.691235,7045.155407821042,112.04750295,99.84920048484848,129.11096480153492,1.2433981451732234,41,64,,False,True,,492,56.69694568066818
33,2026-09-19T05:45:37.764+00:00,2026-09-19T05:46:51.326+00:00,2026-09-19T05:46:53.328+00:00,True,28,28.0,,28.0,73561.524389,75564.004517,75564.00438099999,2698.7144421785715,0.0,73561.524389,13887.928298327268,201.8309549,74.16593066666667,59.54926475941008,0.37054679908739757,41,64,,False,True,,164,56.69694568066818
34,2026-09-19T05:45:38.348+00:00,2026-09-19T05:46:53.224+00:00,2026-09-19T05:46:59.806+00:00,True,66,66.0,,66.0,74875.966726,81457.700358,81457.70039499999,1234.2075817424243,0.01685,74875.966726,9204.73022517421,115.1229895,101.2574404923077,105.89443618030575,0.8102364750040247,41,64,,False,True,,273,56.69694568066818
35,2026-09-19T05:45:38.927+00:00,2026-09-19T05:46:56.661+00:00,2026-09-19T05:46:57.440+00:00,True,9,9.0,,9.0,77733.346602,78512.857386,78512.85747300001,8723.650830333334,46.9521,77733.346602,25878.643288328185,46684.4562248,97.438848,20.884831635494532,0.11463090632089047,41,64,,False,True,,39,56.69694568066818
36,2026-09-19T05:45:39.349+00:00,2026-09-19T05:46:59.330+00:00,2026-09-19T05:47:08.256+00:00,True,93,93.0,,93.0,79980.591404,88906.499372,88906.49938400001,955.9838643440861,0.0,79980.591404,8284.437648081914,113.069481,97.0207387826087,122.59271823110639,1.0460427601684337,41,64,,False,True,,435,56.69694568066818
37,2026-09-19T05:45:39.981+00:00,2026-09-19T05:47:03.097+00:00,2026-09-19T05:47:07.176+00:00,True,45,45.0,,45.0,83115.67162800001,87194.83066800001,87194.83043900001,1937.6628986444448,0.0,83115.67162800001,12377.548693408415,113.1529666,92.70816,175.50321018077045,0.5160856401148415,41,64,,False,True,,237,56.69694568066818
38,2026-09-19T05:45:40.405+00:00,2026-09-19T05:47:05.354+00:00,2026-09-19T05:47:06.607+00:00,True,14,14.0,,14.0,84948.930752,86201.622976,86201.623153,6157.258796642857,48.660046,84948.930752,22677.812461330348,29805.00640675,96.3609403076923,21.350838846063574,0.16240993518066174,41,64,,False,True,,40,56.69694568066818
39,2026-09-19T05:45:40.797+00:00,2026-09-19T05:47:07.582+00:00,2026-09-19T05:47:17.532+00:00,True,94,94.0,,94.0,86784.6653,96734.8413,96734.84138499999,1029.094057287234,0.031129999999999998,86784.6653,8940.65139281636,110.7688141,106.99113978494623,98.05387649324906,0.9717284769040088,41,64,,False,True,,364,56.69694568066818
40,2026-09-19T05:45:41.296+00:00,2026-09-19T05:47:10.707+00:00,2026-09-19T05:47:13.140+00:00,True,25,25.0,,25.0,89410.12985099999,91844.00914699999,91844.00903999999,3673.7603615999997,53.716794,89410.12985099999,17861.74718330216,113.4328098,101.41163733333333,11.486858075842514,0.27220066101411694,41,64,,False,True,,127,56.69694568066818
41,2026-09-19T05:45:41.820+00:00,2026-09-19T05:47:13.654+00:00,2026-09-19T05:47:17.454+00:00,True,34,34.0,,34.0,91834.067796,95633.881684,95633.881591,2812.761223264706,0.03476,91834.067796,15730.381831773055,403.54421084999996,115.14587539393939,152.46390325554407,0.3555225344961435,41,64,,False,True,,121,56.69694568066818
42,2026-09-19T05:45:42.259+00:00,2026-09-19T05:47:16.205+00:00,2026-09-19T05:47:16.411+00:00,True,3,3.0,,3.0,93945.509965,94151.414605,94151.41457200001,31383.804857333336,97.98230000000001,93945.509965,54180.026155262414,84561.7511992,102.95232,7.028799796913268,0.031863567983403215,41,64,,False,True,,6,56.69694568066818
43,2026-09-19T05:45:42.763+00:00,2026-09-19T05:47:18.774+00:00,2026-09-19T05:47:22.035+00:00,True,34,34.0,,34.0,96011.20723,99272.09555,99272.095549,2919.767516147059,0.0,96011.20723,16450.35394736834,540.0858733,98.81479757575758,226.6665084605514,0.34249302194769676,41,64,,False,True,,167,56.69694568066818
44,2026-09-19T05:45:43.250+00:00,2026-09-19T05:47:21.294+00:00,2026-09-19T05:47:24.041+00:00,True,29,29.0,,29.0,98043.402222,100790.68465400001,100790.684617,3475.540848862069,44.581086000000006,98043.402222,18187.99489804655,114.1375828,98.11722971428571,21.345543213244234,0.2877250025590445,41,64,,False,True,,117,56.69694568066818
45,2026-09-19T05:45:43.719+00:00,2026-09-19T05:47:23.357+00:00,2026-09-19T05:47:27.236+00:00,True,41,41.0,,41.0,99637.970045,103517.272701,103517.27282299999,2524.8115322682925,46.98601,99637.970045,15545.70494569354,114.52238099999998,96.98256640000001,21.48054721634775,0.3960691673014288,41,64,,False,True,,195,56.69694568066818
46,2026-09-19T05:45:44.188+00:00,2026-09-19T05:47:26.563+00:00,2026-09-19T05:47:29.500+00:00,True,32,32.0,,32.0,102374.988715,105311.574443,105311.574416,3290.9867005,48.529077,102374.988715,18080.77685154136,108.85825349999999,94.72857187096774,19.778860974083713,0.30386023729348033,41,64,,True,True,,150,56.69694568066818
47,2026-09-19T05:45:44.759+00:00,2026-09-19T05:47:29.605+00:00,2026-09-19T05:47:34.884+00:00,True,54,54.0,,54.0,104846.748637,110125.447389,110125.447244,2039.360134148148,42.802509,104846.748637,14254.289550973699,111.60917630000002,99.59808966037735,15.0899811620358,0.4903498807977951,41,64,,True,True,,207,56.69694568066818
48,2026-09-19T05:45:45.211+00:00,2026-09-19T05:47:32.067+00:00,2026-09-19T05:47:32.067+00:00,True,1,1.0,,1.0,106855.959229,106855.959229,106855.959229,106855.959229,106855.959229,106855.959229,nan,106855.959229,nan,nan,0.009358392430476694,41,64,,True,True,,1,56.69694568066818
49,2026-09-19T05:45:45.647+00:00,2026-09-19T05:47:34.458+00:00,2026-09-19T05:47:39.067+00:00,True,48,48.0,,48.0,108810.946561,113419.628545,113419.628523,2362.9089275625,46.87169,108810.946561,15691.36563430215,113.08334210000001,98.05706348936171,19.311203259031988,0.42320716983265094,41,64,,True,True,,244,56.69694568066818
50,2026-09-19T05:45:46.265+00:00,2026-09-19T05:47:37.751+00:00,2026-09-19T05:47:41.120+00:00,True,38,38.0,,38.0,111486.456216,114855.07112800001,114855.071056,3022.501869894737,48.996344,111486.456216,18070.73895368784,111.49077809999999,91.04364627027027,24.99486772938364,0.33085173886358904,41,64,,True,True,,96,56.69694568066818
51,2026-09-19T05:45:46.757+00:00,2026-09-19T05:47:40.330+00:00,2026-09-19T05:47:41.009+00:00,True,8,8.0,,8.0,113573.115507,114251.52702699999,114251.526975,14281.440871875,55.343099,113573.115507,40119.898987061555,73861.34325335,96.91593142857143,19.040746813180544,0.07002094596170635,41,64,,True,True,,30,56.69694568066818
52,2026-09-19T05:45:47.305+00:00,2026-09-19T05:47:43.553+00:00,2026-09-19T05:47:51.652+00:00,True,82,82.0,,82.0,116248.128815,124346.809391,124346.809481,1516.4245058658537,47.482808,116248.128815,12826.426333749014,110.35246360000001,99.98371081481483,15.64134968412182,0.659445951219839,41,64,,True,True,,105,56.69694568066818
53,2026-09-19T05:45:47.739+00:00,2026-09-19T05:47:45.738+00:00,2026-09-19T05:47:46.147+00:00,True,5,5.0,,5.0,117998.66873100001,118408.17682700002,118408.17671400002,23681.635342800004,98.33501799999999,117998.66873100001,52724.82464097584,94420.41475000001,102.377024,4.072238584507543,0.04222681350212188,41,64,,True,True,,17,56.69694568066818
54,2026-09-19T05:45:48.410+00:00,2026-09-19T05:47:49.382+00:00,2026-09-19T05:47:54.663+00:00,True,54,54.0,,54.0,120971.840493,126252.444653,126252.44479,2338.008236851852,48.151947,120971.840493,16448.630050920758,110.43098195,99.63404075471698,14.381402763613185,0.42771449019000723,41,64,,True,True,,251,56.69694568066818
55,2026-09-19T05:45:48.903+00:00,2026-09-19T05:47:52.272+00:00,2026-09-19T05:47:58.806+00:00,True,68,68.0,,68.0,123369.890897,129903.576145,129903.576117,1910.3467076029413,47.546258,123369.890897,14948.979605282844,110.130542,97.51769026865672,16.120833671414168,0.5234651887034854,41,64,,True,True,,265,56.69694568066818
56,2026-09-19T05:45:49.332+00:00,2026-09-19T05:47:54.008+00:00,2026-09-19T05:48:01.865+00:00,True,81,81.0,,81.0,124675.39772400001,132532.806748,132532.806679,1636.2074898641977,43.389686999999995,124675.39772400001,13841.919688291482,111.19303699999999,98.2176128,17.3897853366793,0.6111694303284069,41,64,,True,True,,399,56.69694568066818
57,2026-09-19T05:45:49.833+00:00,2026-09-19T05:47:56.453+00:00,2026-09-19T05:48:04.279+00:00,True,80,80.0,,80.0,126619.97062000001,134445.93746800002,134445.937559,1680.5742194875002,45.591142,126619.97062000001,14145.477426997708,111.15686955000001,99.06287149367088,16.85280708017794,0.5950347143738806,41,64,,True,True,,429,56.69694568066818
58,2026-09-19T05:45:50.478+00:00,2026-09-19T05:48:00.367+00:00,2026-09-19T05:48:07.821+00:00,True,76,76.0,,76.0,129889.118344,137342.596744,137342.596925,1807.1394332236841,48.588925,129889.118344,14887.913575750032,110.986208,99.379712,16.938639695891748,0.5533607329535231,41,64,,True,True,,345,56.69694568066818
59,2026-09-19T05:45:51.125+00:00,2026-09-19T05:48:03.696+00:00,2026-09-19T05:48:06.667+00:00,True,32,32.0,,32.0,132571.25952599998,135541.573254,135541.57312599997,4235.674160187499,47.100999,132571.25952599998,23418.581155281947,112.25707705,95.81657187096775,22.15433164231526,0.2360899260039808,41,64,,True,True,,165,56.69694568066818
60,2026-09-19T05:45:51.757+00:00,2026-09-19T05:48:06.560+00:00,2026-09-19T05:48:12.363+00:00,True,58,58.0,,58.0,134802.85496,140605.653552,140605.653533,2424.235405741379,46.814898,134802.85496,17687.120932579888,115.17432984999999,101.80348407017544,15.133614785970101,0.41250119418953474,41,64,,True,True,,293,56.69694568066818
61,2026-09-19T05:45:52.255+00:00,2026-09-19T05:48:09.519+00:00,2026-09-19T05:48:09.622+00:00,True,2,2.0,,2.0,137264.70055500002,137367.654795,137367.654692,68683.827346,102.954137,137264.70055500002,96988.00101155746,130406.61323410002,102.95424,nan,0.014559468187650802,41,64,,True,True,,8,56.69694568066818
62,2026-09-19T05:45:52.778+00:00,2026-09-19T05:48:12.467+00:00,2026-09-19T05:48:17.698+00:00,True,53,53.0,,53.0,139688.454317,144919.773613,144919.773769,2734.3353541320753,48.399995000000004,139688.454317,19173.87182912255,110.5873908,100.60229415384616,15.000992853325116,0.36571958869832,41,64,,True,True,,231,56.69694568066818
63,2026-09-19T05:45:53.319+00:00,2026-09-19T05:48:15.582+00:00,2026-09-19T05:48:23.314+00:00,True,78,78.0,,78.0,142263.264172,149995.355052,149995.354952,1923.017371179487,44.919664,142263.264172,16096.780797465777,111.89424179999997,100.41676467532467,16.22860797351159,0.5200161029850502,41,64,,True,True,,287,56.69694568066818
64,2026-09-19T05:45:53.742+00:00,2026-09-19T05:48:17.801+00:00,2026-09-19T05:48:18.503+00:00,True,8,8.0,,8.0,144058.727162,144760.934906,144760.934695,18095.116836875,52.544917,144058.727162,50896.98852557308,93678.46159559999,100.315392,21.601720282848095,0.055263528141723944,41,64,,True,True,,29,56.69694568066818
65,2026-09-19T05:45:54.341+00:00,2026-09-19T05:48:21.341+00:00,2026-09-19T05:48:26.361+00:00,True,54,54.0,,54.0,147000.263281,152019.512689,152019.512535,2815.1761580555553,44.737614,147000.263281,19991.326075557914,111.43249150000001,94.70281901886793,21.587603149422375,0.3552175575675779,41,64,,True,True,,224,56.69694568066818
66,2026-09-19T05:45:54.759+00:00,2026-09-19T05:48:23.417+00:00,2026-09-19T05:48:27.522+00:00,True,44,44.0,,44.0,148658.046306,152763.67830600002,152763.678345,3471.901780568182,46.141182,148658.046306,22396.66029538575,111.9496083,95.47981395348836,22.15904592130122,0.2880265812391861,41,64,,True,True,,198,56.69694568066818
67,2026-09-19T05:45:55.349+00:00,2026-09-19T05:48:26.783+00:00,2026-09-19T05:48:32.235+00:00,True,56,56.0,,56.0,151433.875755,156886.544683,156886.54462499998,2801.5454397321428,45.936921999999996,151433.875755,20222.96330531826,112.94768649999997,99.13943505454544,18.732838354557874,0.35694584333635393,41,64,,True,True,,322,56.69694568066818
68,2026-09-19T05:45:55.724+00:00,2026-09-19T05:48:28.898+00:00,2026-09-19T05:48:37.341+00:00,True,86,86.0,,86.0,153173.94875799998,161617.02843799998,161617.02848699997,1879.267773104651,44.094116,153173.94875799998,16506.471028786065,112.57092725000001,99.33034917647059,18.656059875013806,0.5321221459840885,41,64,,True,True,,394,56.69694568066818
69,2026-09-19T05:45:56.366+00:00,2026-09-19T05:48:32.123+00:00,2026-09-19T05:48:41.971+00:00,True,97,97.0,,97.0,155757.754499,165605.143427,165605.143511,1707.269520731959,46.51368,155757.754499,15804.396968948782,113.9404798,102.576968,16.1939157187866,0.5857305998636348,41,64,,True,True,,354,56.69694568066818
70,2026-09-19T05:45:56.754+00:00,2026-09-19T05:48:34.260+00:00,2026-09-19T05:48:36.697+00:00,True,26,26.0,,26.0,157505.559942,159943.23751,159943.237482,6151.662980076922,49.747012999999995,157505.559942,30870.265894708456,112.69698199999999,97.50710271999999,21.11443771244762,0.16255766986318768,41,64,,True,True,,153,56.69694568066818
71,2026-09-19T05:45:57.283+00:00,2026-09-19T05:48:37.125+00:00,2026-09-19T05:48:41.216+00:00,True,41,41.0,,41.0,159842.719687,163932.816071,163932.816045,3998.3613669512197,46.557941,159842.719687,24947.275987569894,115.624298,102.2524096,17.936704110597567,0.2501024564980493,41,64,,True,True,,229,56.69694568066818
72,2026-09-19T05:45:57.809+00:00,2026-09-19T05:48:40.036+00:00,2026-09-19T05:48:44.766+00:00,True,47,47.0,,47.0,162226.947436,166956.87357999998,166956.873577,3552.2739058936168,50.129572,162226.947436,23648.23666315529,114.0921159,102.82448139130435,11.731774129363117,0.2815098234184364,41,64,,True,True,,150,56.69694568066818
73,2026-09-19T05:45:58.210+00:00,2026-09-19T05:48:42.177+00:00,2026-09-19T05:48:42.274+00:00,True,2,2.0,,2.0,163967.174003,164064.062835,164064.062715,82032.0313575,96.888712,163967.174003,115873.78996424025,155773.65973845,96.888832,nan,0.012190360066917334,41,64,,True,True,,4,56.69694568066818
74,2026-09-19T05:45:58.580+00:00,2026-09-19T05:48:44.089+00:00,2026-09-19T05:48:49.533+00:00,True,57,57.0,,57.0,165509.355176,170953.69540000003,170953.695428,2999.1876390877196,45.176753,165509.355176,21909.380434327526,111.25745979999999,97.22036114285714,18.836907093665804,0.33342362016001204,41,64,,True,True,,220,56.69694568066818
75,2026-09-19T05:45:59.238+00:00,2026-09-19T05:48:47.919+00:00,2026-09-19T05:48:51.053+00:00,True,32,32.0,,32.0,168680.140831,171814.35958299998,171814.359588,5369.198737125,45.325393,168680.140831,29800.848700200153,111.12003305,101.10383070967741,14.978920741716916,0.18624752947114098,41,64,,True,True,,142,56.69694568066818
76,2026-09-19T05:45:59.857+00:00,2026-09-19T05:48:51.264+00:00,2026-09-19T05:48:59.604+00:00,True,84,84.0,,84.0,171406.510003,179746.25118700002,179746.25123300002,2139.836324202381,45.963611,171406.510003,18691.02703915292,111.839299,100.47880944578314,15.902314665627113,0.4673254626746576,41,64,,True,True,,206,56.69694568066818
77,2026-09-19T05:46:00.347+00:00,2026-09-19T05:48:53.732+00:00,2026-09-19T05:48:58.368+00:00,True,47,47.0,,47.0,173385.480387,178021.16320299997,178021.163121,3787.684321723404,47.636168,173385.480387,25276.176822286194,111.9293093,100.77571339130435,15.828103218059004,0.2640135540874163,41,64,,True,True,,219,56.69694568066818
78,2026-09-19T05:46:00.963+00:00,2026-09-19T05:48:57.365+00:00,2026-09-19T05:48:59.194+00:00,True,20,20.0,,20.0,176402.586424,178231.22744800002,178231.227572,8911.561378600001,45.999222,176402.586424,39423.30250701715,8926.02706285,96.24426442105263,22.187852526628465,0.11221378142522816,41,64,,True,True,,67,56.69694568066818
79,2026-09-19T05:46:01.345+00:00,2026-09-19T05:48:59.198+00:00,2026-09-19T05:49:02.201+00:00,True,32,32.0,,32.0,177853.26755199998,180855.91254399996,180855.91253899998,5651.7472668437495,46.48132,177853.26755199998,31423.195442757922,110.6419626,96.85951587096774,18.131535190074985,0.1769364327097396,41,64,,True,True,,123,56.69694568066818
80,2026-09-19T05:46:01.930+00:00,2026-09-19T05:49:02.411+00:00,2026-09-19T05:49:03.246+00:00,True,9,9.0,,9.0,180481.09365700002,181316.02972100003,181316.029872,20146.225541333337,101.77421000000001,180481.09365700002,60125.57559863681,108332.47838340001,104.367008,2.7558656913937485,0.0496370895273228,41,64,,True,True,,38,56.69694568066818
81,2026-09-19T05:46:02.525+00:00,2026-09-19T05:49:06.115+00:00,2026-09-19T05:49:06.912+00:00,True,9,9.0,,9.0,183589.852129,184387.252449,184387.252423,20487.472491444445,52.479746,183589.852129,61163.39509360067,110198.66275179999,99.67504,19.534376057591544,0.04881031568323481,41,64,,True,True,,31,56.69694568066818
82,2026-09-19T05:46:02.936+00:00,2026-09-19T05:49:07.938+00:00,2026-09-19T05:49:11.208+00:00,True,34,34.0,,34.0,185001.94237799998,188271.54621799997,188271.54616499998,5537.398416617646,46.138161,185001.94237799998,31710.586456594567,115.89627645,99.07890424242424,21.36885702303354,0.18059022025894098,41,64,,True,True,,141,56.69694568066818
83,2026-09-19T05:46:03.406+00:00,2026-09-19T05:49:10.675+00:00,2026-09-19T05:49:13.655+00:00,True,31,31.0,,31.0,187268.473863,190248.79027899998,190248.790281,6137.057750999999,48.292977,187268.473863,33616.5718487009,110.3757805,99.34388053333333,16.102691362229812,0.16294453149761676,41,64,,True,True,,142,56.69694568066818
84,2026-09-19T05:46:04.013+00:00,2026-09-19T05:49:13.496+00:00,2026-09-19T05:49:13.966+00:00,True,6,6.0,,6.0,189482.839939,189952.607107,189952.607064,31658.767843999998,47.858197999999994,189482.839939,77317.69261341539,142139.10080075,93.9534336,25.86571349367554,0.03158682626882931,41,64,,True,True,,31,56.69694568066818
85,2026-09-19T05:46:04.639+00:00,2026-09-19T05:49:17.129+00:00,2026-09-19T05:49:25.556+00:00,True,85,85.0,,85.0,192490.215589,200916.683429,200916.683455,2363.725687705882,47.597457999999996,192490.215589,20867.62122002849,112.95614880000001,100.31509333333332,16.725453841266706,0.4230609352559681,41,64,,True,True,,359,56.69694568066818
86,2026-09-19T05:46:05.298+00:00,2026-09-19T05:49:20.492+00:00,2026-09-19T05:49:29.315+00:00,True,86,86.0,,86.0,195194.013034,204016.641386,204016.641497,2372.2865290348836,48.401644999999995,195194.013034,21037.12198726051,112.879012,103.79562767058825,10.95651725473282,0.42153424061759637,41,64,,True,True,,367,56.69694568066818
87,2026-09-19T05:46:05.671+00:00,2026-09-19T05:49:22.566+00:00,2026-09-19T05:49:25.446+00:00,True,29,29.0,,29.0,196895.152813,199775.67582099998,199775.675976,6888.816412965517,51.164699,196895.152813,36543.411516791006,115.69183799999999,102.87582171428572,15.306909585060406,0.1451628176494527,41,64,,True,True,,110,56.69694568066818
88,2026-09-19T05:46:06.317+00:00,2026-09-19T05:49:26.469+00:00,2026-09-19T05:49:26.785+00:00,True,4,4.0,,4.0,200152.445424,200467.963632,200467.963842,50116.9909605,104.015755,200152.445424,100023.63631392582,170145.5445834,105.172736,1.2157580155014402,0.019953312876180154,41,64,,True,True,,20,56.69694568066818
89,2026-09-19T05:46:06.745+00:00,2026-09-19T05:49:28.777+00:00,2026-09-19T05:49:37.546+00:00,True,86,86.0,,86.0,202032.57911000002,210800.96899800003,210800.96892200003,2451.1740572325584,45.042854,202032.57911000002,21774.615759129054,115.11757725,103.15752809411764,16.580584107296144,0.4079677641368713,41,64,,True,True,,460,56.69694568066818
90,2026-09-19T05:46:07.406+00:00,2026-09-19T05:49:31.571+00:00,2026-09-19T05:49:37.338+00:00,True,56,56.0,,56.0,204165.66222799997,209932.423188,209932.42323,3748.7932719642854,44.699025,204165.66222799997,27268.776668530994,114.30767875000001,104.85019927272727,14.228075795723955,0.2667525061140772,41,64,,True,True,,227,56.69694568066818
91,2026-09-19T05:46:07.825+00:00,2026-09-19T05:49:35.146+00:00,2026-09-19T05:49:40.425+00:00,True,54,54.0,,54.0,207320.266866,212599.367026,212599.367092,3937.025316518518,46.586952,207320.266866,28199.16529611708,113.91054330000001,99.60566339622642,17.06825972100595,0.25399887476332905,41,64,,True,True,,245,56.69694568066818
92,2026-09-19T05:46:08.362+00:00,2026-09-19T05:49:38.471+00:00,2026-09-19T05:49:42.357+00:00,True,41,41.0,,41.0,210108.730082,213994.930914,213994.930743,5219.388554707317,47.535531000000006,210108.730082,32798.30279849124,111.213553,97.1550208,18.487813494128854,0.19159332337865995,41,64,,True,True,,157,56.69694568066818
93,2026-09-19T05:46:08.820+00:00,2026-09-19T05:49:40.835+00:00,2026-09-19T05:49:44.059+00:00,True,34,34.0,,34.0,212015.62818399997,215239.43387999997,215239.43387999997,6330.571584705882,46.027654000000005,212015.62818399997,36343.63214770117,114.1627677,97.6910816969697,20.793949669279836,0.15796361933824654,41,64,,True,True,,154,56.69694568066818
94,2026-09-19T05:46:09.471+00:00,2026-09-19T05:49:44.367+00:00,2026-09-19T05:49:50.642+00:00,True,67,67.0,,67.0,214895.832509,221171.294909,221171.294749,3301.0641007313434,46.056014000000005,214895.832509,26242.097374253033,112.52575400000002,95.08276363636364,22.058251114669417,0.30293262074342364,41,64,,True,True,,292,56.69694568066818
95,2026-09-19T05:46:10.024+00:00,2026-09-19T05:49:47.067+00:00,2026-09-19T05:49:48.740+00:00,True,19,19.0,,19.0,217043.05736,218716.210384,218716.210417,11511.37949563158,49.889915,217043.05736,49771.772245286345,21805.666346000005,92.95294577777777,22.55859901816434,0.08687056147617822,41,64,,True,True,,72,56.69694568066818
96,2026-09-19T05:46:10.689+00:00,2026-09-19T05:49:50.076+00:00,2026-09-19T05:49:51.713+00:00,True,18,18.0,,18.0,219386.941301,221024.312949,221024.31290100003,12279.1284945,52.594769,219386.941301,51687.29856475445,32998.438996900004,96.31597929411764,16.544934885031868,0.08143900442370514,41,64,,True,True,,65,56.69694568066818
97,2026-09-19T05:46:11.324+00:00,2026-09-19T05:49:54.066+00:00,2026-09-19T05:50:03.280+00:00,True,94,94.0,,94.0,222742.51173199998,231955.93842,231955.938599,2467.616368074468,45.752446000000006,222742.51173199998,22963.92568017021,114.12573545,99.06910417204301,19.240469386214826,0.40524937899971014,41,64,,True,True,,457,56.69694568066818
98,2026-09-19T05:46:11.852+00:00,2026-09-19T05:49:56.601+00:00,2026-09-19T05:50:01.207+00:00,True,47,47.0,,47.0,224748.61202,229354.836148,229354.836133,4879.890130489362,45.382805,224748.61202,32768.35303984808,113.4673976,100.13530713043478,18.10712678017132,0.20492264645194336,41,64,,True,True,,218,56.69694568066818
99,2026-09-19T05:46:12.420+00:00,2026-09-19T05:49:59.968+00:00,2026-09-19T05:50:03.076+00:00,True,33,33.0,,33.0,227547.92902799998,230656.09440399997,230656.094341,6989.578616393939,47.79461,227547.92902799998,39594.108266858915,112.12151560000001,97.130168,22.79323860525176,0.1430701412215871,41,64,,True,True,,149,56.69694568066818
100,2026-09-19T05:46:13.026+00:00,2026-09-19T05:50:03.486+00:00,2026-09-19T05:50:09.549+00:00,True,65,65.0,,65.0,230460.602989,236522.82250900002,236522.8225,3638.812653846154,44.164508000000005,230460.602989,28573.378355319634,109.1536684,94.72218,20.825606879513014,0.274814917691618,41,64,,True,True,,293,56.69694568066818
101,2026-09-19T05:46:13.577+00:00,2026-09-19T05:50:06.674+00:00,2026-09-19T05:50:13.658+00:00,True,72,72.0,,72.0,233097.68942100002,240081.57063700003,240081.57076200002,3334.4662605833337,46.091184999999996,233097.68942100002,27459.240027997308,114.68707920000001,98.36452416901408,18.66429339351305,0.29989807134702146,41,64,,True,True,,311,56.69694568066818
102,2026-09-19T05:46:14.236+00:00,2026-09-19T05:50:10.420+00:00,2026-09-19T05:50:16.127+00:00,True,56,56.0,,56.0,236184.627951,241891.149551,241891.149603,4319.484814339286,50.255384,236184.627951,31547.63643078182,114.29419200000001,103.75493818181819,13.352461523297828,0.23150909036542916,41,64,,True,True,,261,56.69694568066818
103,2026-09-19T05:46:14.695+00:00,2026-09-19T05:50:12.783+00:00,2026-09-19T05:50:15.484+00:00,True,27,27.0,,27.0,238088.09831200002,240788.862472,240788.86238300003,8918.106014185185,48.700428,238088.09831200002,45800.08778407084,115.82523230000001,103.87554461538461,16.207842047372647,0.1121314321717836,41,64,,True,True,,124,56.69694568066818
104,2026-09-19T05:46:15.105+00:00,2026-09-19T05:50:15.008+00:00,2026-09-19T05:50:17.179+00:00,True,23,23.0,,23.0,239902.668324,242074.096676,242074.096765,10524.960728913044,50.508754,239902.668324,50002.587269161944,112.56409660000001,98.70128872727274,19.407418593780132,0.09501223103099694,41,64,,True,True,,65,56.69694568066818
105,2026-09-19T05:46:15.725+00:00,2026-09-19T05:50:19.155+00:00,2026-09-19T05:50:24.642+00:00,True,57,57.0,,57.0,243430.38305899999,248917.18523499998,248917.18522599997,4366.968161859649,44.647987,243430.38305899999,32230.16805918776,109.5909678,97.97861028571428,15.662477844724256,0.22899182290763462,41,64,,True,True,,345,56.69694568066818
106,2026-09-19T05:46:16.172+00:00,2026-09-19T05:50:21.224+00:00,2026-09-19T05:50:30.615+00:00,True,97,97.0,,97.0,245051.916697,254442.53045700002,254442.53036600002,2623.118869752577,46.449913,245051.916697,24871.326128887988,111.05020060000003,97.81889333333334,16.993403881787973,0.3812255750867589,41,64,,True,True,,336,56.69694568066818
107,2026-09-19T05:46:16.573+00:00,2026-09-19T05:50:22.798+00:00,2026-09-19T05:50:25.911+00:00,True,34,34.0,,34.0,246224.811998,249337.64758199998,249337.647531,7333.4602214999995,43.786369,246224.811998,42211.03420991336,109.96510599999999,94.32835103030303,19.801448830942828,0.1363612768858677,41,64,,True,True,,139,56.69694568066818
108,2026-09-19T05:46:17.040+00:00,2026-09-19T05:50:25.294+00:00,2026-09-19T05:50:31.347+00:00,True,62,62.0,,62.0,248253.790749,254307.194141,254307.19421000002,4101.728938870968,42.828271,248253.790749,31515.664489838593,111.08899300000002,99.23612118032786,17.050278831968708,0.24379963063736312,41,64,,True,True,,223,56.69694568066818
109,2026-09-19T05:46:17.555+00:00,2026-09-19T05:50:28.303+00:00,2026-09-19T05:50:30.614+00:00,True,23,23.0,,23.0,250748.83167800002,253059.01100600002,253059.01083900002,11002.565688652174,98.449213,250748.83167800002,52262.850125089564,110.66350800000001,105.00815127272726,3.681985255686293,0.0908878917552344,41,64,,True,True,,111,56.69694568066818
110,2026-09-19T05:46:18.220+00:00,2026-09-19T05:50:31.658+00:00,2026-09-19T05:50:37.062+00:00,True,55,55.0,,55.0,253438.82755199997,258842.15196799996,258842.15187099998,4706.2209431090905,50.083725,253438.82755199997,34160.195241306144,111.1287657,100.06156325925926,14.46008771418718,0.21248471155810636,41,64,,True,True,,249,56.69694568066818
111,2026-09-19T05:46:18.790+00:00,2026-09-19T05:50:34.439+00:00,2026-09-19T05:50:36.743+00:00,True,24,24.0,,24.0,255648.26332,257952.628632,257952.628544,10748.026189333334,49.574956,255648.26332,52163.53451463044,111.73465915000001,100.18979617391305,16.313901095501077,0.09304033894625995,41,64,,True,True,,68,56.69694568066818
112,2026-09-19T05:46:19.249+00:00,2026-09-19T05:50:37.168+00:00,2026-09-19T05:50:38.951+00:00,True,19,19.0,,19.0,257918.721985,259701.661889,259701.662079,13668.508530473684,50.170904,257918.721985,59147.89240049271,25895.530333,99.05221688888889,21.401627886150017,0.07316087183192865,41,64,,True,True,,72,56.69694568066818
113,2026-09-19T05:46:19.841+00:00,2026-09-19T05:50:40.495+00:00,2026-09-19T05:50:44.977+00:00,True,46,46.0,,46.0,260654.02060299998,265136.236539,265136.236569,5763.831229760869,48.806928,260654.02060299998,38416.65684913038,113.36069675,99.60479857777777,17.94538004624374,0.17349571148956724,41,64,,True,True,,232,56.69694568066818
114,2026-09-19T05:46:20.427+00:00,2026-09-19T05:50:43.469+00:00,2026-09-19T05:50:51.756+00:00,True,87,87.0,,87.0,263042.412199,271328.734887,271328.73473900004,3118.7210889540233,48.371969,263042.412199,28190.782772740564,109.73366130000001,96.35258939534883,18.689467109233885,0.3206442547864781,41,64,,True,True,,395,56.69694568066818
115,2026-09-19T05:46:20.955+00:00,2026-09-19T05:50:46.202+00:00,2026-09-19T05:50:47.243+00:00,True,13,13.0,,13.0,265246.975583,266288.080991,266288.08106399997,20483.698543384613,49.509686,265246.975583,73542.21651084756,106166.32291040002,86.758784,26.473330028038735,0.04881930859098186,41,64,,True,True,,51,56.69694568066818
116,2026-09-19T05:46:21.590+00:00,2026-09-19T05:50:49.891+00:00,2026-09-19T05:50:52.159+00:00,True,24,24.0,,24.0,268301.092567,270568.469207,270568.469264,11273.686219333335,49.281717,268301.092567,54746.610586716706,116.7399994,98.58159304347826,16.175064150895217,0.08870213173893024,41,64,,True,True,,107,56.69694568066818
117,2026-09-19T05:46:22.733+00:00,2026-09-19T05:50:52.054+00:00,2026-09-19T05:50:59.170+00:00,True,73,73.0,,73.0,269320.700916,276436.479988,276436.480168,3786.801098191781,45.528035,269320.700916,31510.041079186914,110.120983,98.83026488888889,16.936031060921255,0.26407513220819806,41,64,,True,True,,295,56.69694568066818
118,2026-09-19T05:46:22.754+00:00,2026-09-19T05:50:53.430+00:00,2026-09-19T05:50:55.538+00:00,True,22,22.0,,22.0,270676.205787,272784.717275,272784.717299,12399.305331772728,51.823671000000004,270676.205787,57686.95569213918,110.7241742,100.40530895238095,12.066834336687974,0.0806496794240175,41,64,,True,True,,89,56.69694568066818
119,2026-09-19T05:46:23.351+00:00,2026-09-19T05:50:59.380+00:00,2026-09-19T05:51:00.194+00:00,True,10,10.0,,10.0,276028.934304,276843.559584,276843.559425,27684.3559425,47.692531,276028.934304,87259.39303801021,151864.2435855,90.51392,23.430388030021525,0.03612148324861354,41,64,,True,True,,34,56.69694568066818
120,2026-09-19T05:46:23.879+00:00,2026-09-19T05:51:02.076+00:00,2026-09-19T05:51:09.321+00:00,True,76,76.0,,76.0,278196.951937,285441.746305,285441.74646199995,3755.812453447368,45.402226,278196.951937,31900.305557944066,110.982112,96.59725823999999,21.39509962425471,0.2662539764551207,41,64,,True,True,,267,56.69694568066818
121,2026-09-19T05:46:24.378+00:00,2026-09-19T05:51:04.689+00:00,2026-09-19T05:51:10.153+00:00,True,59,59.0,,59.0,280311.46045300004,285775.302245,285775.302374,4843.6491927796615,46.542963,280311.46045300004,36481.18554208226,111.840127,94.2041688275862,21.296114140450797,0.20645590971825234,41,64,,True,True,,213,56.69694568066818
122,2026-09-19T05:46:24.956+00:00,2026-09-19T05:51:07.714+00:00,2026-09-19T05:51:12.765+00:00,True,52,52.0,,52.0,282758.34387800004,287809.16807,287809.16806700005,5534.791693596155,43.893689,282758.34387800004,39197.797023026185,111.8232896,99.03576847058824,16.9777796209668,0.18067527295500443,41,64,,True,True,,188,56.69694568066818
123,2026-09-19T05:46:25.351+00:00,2026-09-19T05:51:10.160+00:00,2026-09-19T05:51:17.413+00:00,True,74,74.0,,74.0,284808.85621600004,292061.97416800004,292061.97415200004,3946.7834344864873,43.033701,284808.85621600004,33096.81121653318,111.30268099999999,99.35778016438356,16.978739751985945,0.25337088202188784,41,64,,True,True,,356,56.69694568066818
124,2026-09-19T05:46:25.998+00:00,2026-09-19T05:51:13.539+00:00,2026-09-19T05:51:20.929+00:00,True,75,75.0,,75.0,287540.862005,294930.509877,294930.509847,3932.40679796,47.258281000000004,287540.862005,33190.832011367864,111.19733370000002,99.86010637837838,16.50205158352218,0.254297190315368,41,64,,True,True,,307,56.69694568066818
125,2026-09-19T05:46:26.464+00:00,2026-09-19T05:51:16.148+00:00,2026-09-19T05:51:19.165+00:00,True,31,31.0,,31.0,289683.919621,292701.16506100004,292701.16510700004,9441.973067967741,48.936307,289683.919621,52010.7068351745,110.323352,100.574848,17.15724399193715,0.10591006699115627,41,64,,True,True,,148,56.69694568066818
126,2026-09-19T05:46:26.922+00:00,2026-09-19T05:51:18.528+00:00,2026-09-19T05:51:25.769+00:00,True,73,73.0,,73.0,291605.779494,298847.692582,298847.692616,4093.8040084383565,48.358139,291605.779494,34118.107373443796,115.33496380000001,100.58212622222223,17.957035822624352,0.244271586537245,41,64,,True,True,,276,56.69694568066818
127,2026-09-19T05:46:27.373+00:00,2026-09-19T05:51:20.344+00:00,2026-09-19T05:51:22.631+00:00,True,24,24.0,,24.0,292971.43961299997,295258.81625299994,295258.816245,12302.450676874998,48.223219,292971.43961299997,59782.24736144255,113.90421264999999,99.45115826086956,19.543731228308417,0.08128461769431126,41,64,,True,True,,87,56.69694568066818
128,2026-09-19T05:46:27.761+00:00,2026-09-19T05:51:23.401+00:00,2026-09-19T05:51:27.781+00:00,False,45,44.0,,44.0,295640.67596799997,300020.26431999996,300020.264338,6667.116985288888,0.02133,295640.67596799997,44056.67786414244,114.88826040000002,99.53609890909091,23.138121188981927,0.14665676033492805,41,64,,True,False,Request timeout: 300.0s exceeded,152,56.69694568066818
129,2026-09-19T05:46:28.213+00:00,2026-09-19T05:51:25.662+00:00,2026-09-19T05:51:28.301+00:00,False,28,27.0,,27.0,297449.257151,300088.844479,300088.84470400005,10717.458739428572,0.02384,297449.257151,56194.155749944526,111.68710504999999,97.76249362962963,24.784504360033775,0.08997335454730453,41,64,,True,False,Request timeout: 300.0s exceeded,160,56.69694568066818
130,2026-09-19T05:46:28.638+00:00,2026-09-19T05:51:27.882+00:00,2026-09-19T05:51:29.488+00:00,False,17,16.0,,16.0,299243.968315,300850.008635,300850.008549,17697.059326411763,0.053598999999999994,299243.968315,72552.98252762454,59943.6111582,100.37752,27.135329899283445,0.053182647634262385,41,64,,True,False,Request timeout: 300.0s exceeded,92,56.69694568066818
131,2026-09-19T05:46:29.238+00:00,2026-09-19T05:51:29.487+00:00,2026-09-19T05:51:29.600+00:00,False,3,2.0,,2.0,300249.08133899997,300362.09535499994,300362.09543999995,100120.69847999999,0.07368899999999999,300249.08133899997,173316.2727618014,270235.46724629996,56.507008,79.8090719838703,0.006658629803591517,41,64,,True,False,Request timeout: 300.0s exceeded,4,56.69694568066818
132,2026-09-19T05:46:29.770+00:00,2026-09-19T05:51:29.789+00:00,2026-09-19T05:51:29.789+00:00,False,1,0.0,,0.0,300019.24516399996,300019.24516399996,300019.24516399996,300019.24516399996,300019.24516399996,300019.24516399996,nan,300019.24516399996,nan,nan,0.0,41,64,,True,False,"HTTPConnectionPool(host='gpu03', port=9002): Read timed out.",0,56.69694568066818
133,2026-09-19T05:46:30.391+00:00,2026-09-19T05:51:30.447+00:00,2026-09-19T05:51:30.447+00:00,False,1,0.0,,0.0,300055.24354299996,300055.24354299996,300055.24354299996,300055.24354299996,300055.24354299996,300055.24354299996,nan,300055.24354299996,nan,nan,0.0,41,64,,True,False,TTFT timeout: 300.0s exceeded (TTFT: 300.050s),0,56.69694568066818
134,2026-09-19T05:46:30.956+00:00,2026-09-19T05:51:30.986+00:00,2026-09-19T05:51:30.986+00:00,False,1,0.0,,0.0,300030.070499,300030.070499,300030.070499,300030.070499,300030.070499,300030.070499,nan,300030.070499,nan,nan,0.0,41,64,,True,False,TTFT timeout: 300.0s exceeded (TTFT: 300.003s),0,56.69694568066818
135,2026-09-19T05:46:31.435+00:00,2026-09-19T05:51:31.096+00:00,2026-09-19T05:51:31.531+00:00,False,7,6.0,,6.0,299660.979062,300095.273078,300095.273035,42870.75329071429,0.028050000000000002,299660.979062,113233.85428824213,209798.8754543,72.382336,47.21905439434531,0.019993650477928372,41,64,,True,False,Request timeout: 300.0s exceeded,39,56.69694568066818
136,2026-09-19T05:46:31.865+00:00,2026-09-19T05:51:31.955+00:00,2026-09-19T05:51:31.955+00:00,False,1,0.0,,0.0,300090.946697,300090.946697,300090.946697,300090.946697,300090.946697,300090.946697,nan,300090.946697,nan,nan,0.0,41,64,,True,False,"HTTPConnectionPool(host='gpu03', port=9002): Read timed out.",0,56.69694568066818
137,2026-09-19T05:46:32.233+00:00,2026-09-19T05:51:32.331+00:00,2026-09-19T05:51:32.331+00:00,False,1,0.0,,0.0,300098.807787,300098.807787,300098.807787,300098.807787,300098.807787,300098.807787,nan,300098.807787,nan,nan,0.0,41,64,,True,False,"HTTPConnectionPool(host='gpu03', port=9002): Read timed out.",0,56.69694568066818
138,2026-09-19T05:46:32.813+00:00,2026-09-19T05:51:32.779+00:00,2026-09-19T05:51:32.912+00:00,False,3,2.0,,2.0,299965.826422,300098.84299800004,300098.842987,100032.94766233333,0.028300000000000002,299965.826422,173146.9648201601,269982.5426063,66.508288,94.01709864589934,0.0066644708790607665,41,64,,True,False,Request timeout: 300.0s exceeded,3,56.69694568066818
139,2026-09-19T05:46:33.332+00:00,2026-09-19T05:51:33.446+00:00,2026-09-19T05:51:33.446+00:00,False,1,0.0,,0.0,300113.52703,300113.52703,300113.52703,300113.52703,300113.52703,300113.52703,nan,300113.52703,nan,nan,0.0,41,64,,True,False,"HTTPConnectionPool(host='gpu03', port=9002): Read timed out.",0,56.69694568066818
140,2026-09-19T05:46:34.003+00:00,2026-09-19T05:51:34.026+00:00,2026-09-19T05:51:34.026+00:00,False,1,0.0,,0.0,300022.400142,300022.400142,300022.400142,300022.400142,300022.400142,300022.400142,nan,300022.400142,nan,nan,0.0,41,64,,True,False,TTFT timeout: 300.0s exceeded (TTFT: 300.008s),0,56.69694568066818
141,2026-09-19T05:46:34.523+00:00,2026-09-19T05:51:34.407+00:00,2026-09-19T05:51:34.549+00:00,False,3,2.0,,2.0,299884.330796,300026.17988400004,300026.18006000004,100008.72668666668,0.025920000000000002,299884.330796,173097.36527509763,269910.08005080005,70.924544,100.26588612405861,0.006666084942231593,41,64,,True,False,Request timeout: 300.0s exceeded,10,56.69694568066818
142,2026-09-19T05:46:35.109+00:00,2026-09-19T05:51:35.141+00:00,2026-09-19T05:51:35.141+00:00,False,1,0.0,,0.0,300031.77664600004,300031.77664600004,300031.77664600004,300031.77664600004,300031.77664600004,300031.77664600004,nan,300031.77664600004,nan,nan,0.0,41,64,,True,False,"HTTPConnectionPool(host='gpu03', port=9002): Read timed out.",0,56.69694568066818
143,2026-09-19T05:46:35.493+00:00,2026-09-19T05:51:35.592+00:00,2026-09-19T05:51:35.592+00:00,False,1,0.0,,0.0,300099.07376099995,300099.07376099995,300099.07376099995,300099.07376099995,300099.07376099995,300099.07376099995,nan,300099.07376099995,nan,nan,0.0,41,64,,True,False,"HTTPConnectionPool(host='gpu03', port=9002): Read timed out.",0,56.69694568066818
144,2026-09-19T05:46:35.862+00:00,2026-09-19T05:51:35.893+00:00,2026-09-19T05:51:35.893+00:00,False,1,0.0,,0.0,300030.72994700004,300030.72994700004,300030.72994700004,300030.72994700004,300030.72994700004,300030.72994700004,nan,300030.72994700004,nan,nan,0.0,41,64,,True,False,TTFT timeout: 300.0s exceeded (TTFT: 300.023s),0,56.69694568066818
145,2026-09-19T05:46:36.306+00:00,2026-09-19T05:51:36.152+00:00,2026-09-19T05:51:36.348+00:00,False,4,3.0,,3.0,299845.544004,300041.994308,300041.99420300004,75010.49855075001,0.04373,299845.544004,149890.03747516114,254883.99846330003,65.48343466666667,56.79330013610568,0.009998600385652786,41,64,,True,False,Request timeout: 300.0s exceeded,5,56.69694568066818
146,2026-09-19T05:46:36.711+00:00,2026-09-19T05:51:36.773+00:00,2026-09-19T05:51:36.773+00:00,False,1,0.0,,0.0,300061.539589,300061.539589,300061.539589,300061.539589,300061.539589,300061.539589,nan,300061.539589,nan,nan,0.0,41,64,,True,False,"HTTPConnectionPool(host='gpu03', port=9002): Read timed out.",0,56.69694568066818
147,2026-09-19T05:46:37.704+00:00,2026-09-19T05:51:37.184+00:00,2026-09-19T05:51:37.899+00:00,False,8,7.0,,7.0,299480.314852,300194.647268,300194.647313,37524.330914125,0.021070000000000002,299480.314852,105846.21037136157,194712.81649094998,102.047488,46.82342288775167,0.02331820391770917,41,64,,True,False,Request timeout: 300.0s exceeded,29,56.69694568066818
148,2026-09-19T05:46:37.740+00:00,2026-09-19T05:51:37.457+00:00,2026-09-19T05:51:37.995+00:00,False,7,6.0,,6.0,299717.624791,300255.596503,300255.596546,42893.656649428565,0.03453,299717.624791,113248.73223561364,209835.58545849996,89.661952,44.1297888789687,0.01998297473845771,41,64,,True,False,Request timeout: 300.0s exceeded,29,56.69694568066818
149,2026-09-19T05:46:38.287+00:00,2026-09-19T05:51:38.322+00:00,2026-09-19T05:51:38.322+00:00,False,1,0.0,,0.0,300035.361799,300035.361799,300035.361799,300035.361799,300035.361799,300035.361799,nan,300035.361799,nan,nan,0.0,41,64,,True,False,"HTTPConnectionPool(host='gpu03', port=9002): Read timed out.",0,56.69694568066818
150,2026-09-19T05:46:38.733+00:00,2026-09-19T05:51:39.174+00:00,2026-09-19T05:51:39.477+00:00,False,5,4.0,,4.0,300440.8304,300744.550848,300744.55095299997,60148.91019059999,0.035639000000000004,300440.8304,134327.28442683353,240389.93748059997,75.930112,78.99057745577291,0.013300324108022326,41,64,,True,False,Request timeout: 300.0s exceeded,12,56.69694568066818
151,2026-09-19T05:46:39.260+00:00,2026-09-19T05:51:39.356+00:00,2026-09-19T05:51:39.577+00:00,False,6,5.0,,5.0,300095.68493,300316.53561799997,300316.535673,50052.7559455,0.019699,300095.68493,122495.52010923243,225088.32808200002,44.170137600000004,25.65137690037205,0.016649099889591016,41,64,,True,False,Request timeout: 300.0s exceeded,21,56.69694568066818
152,2026-09-19T05:46:39.810+00:00,2026-09-19T05:51:39.845+00:00,2026-09-19T05:51:39.845+00:00,False,1,0.0,,0.0,300034.08382999996,300034.08382999996,300034.08382999996,300034.08382999996,300034.08382999996,300034.08382999996,nan,300034.08382999996,nan,nan,0.0,41,64,,True,False,"HTTPConnectionPool(host='gpu03', port=9002): Read timed out.",0,56.69694568066818
153,2026-09-19T05:46:40.327+00:00,2026-09-19T05:51:40.438+00:00,2026-09-19T05:51:40.438+00:00,False,1,0.0,,0.0,300110.70111900003,300110.70111900003,300110.70111900003,300110.70111900003,300110.70111900003,300110.70111900003,nan,300110.70111900003,nan,nan,0.0,41,64,,True,False,"HTTPConnectionPool(host='gpu03', port=9002): Read timed out.",0,56.69694568066818
154,2026-09-19T05:46:40.790+00:00,2026-09-19T05:51:40.866+00:00,2026-09-19T05:51:40.866+00:00,False,1,0.0,,0.0,300076.040602,300076.040602,300076.040602,300076.040602,300076.040602,300076.040602,nan,300076.040602,nan,nan,0.0,41,64,,True,False,"HTTPConnectionPool(host='gpu03', port=9002): Read timed out.",0,56.69694568066818
155,2026-09-19T05:46:41.171+00:00,2026-09-19T05:51:40.954+00:00,2026-09-19T05:51:41.272+00:00,False,5,4.0,,4.0,299783.524803,300100.582595,300100.582506,60020.1165012,0.022,299783.524803,134031.82855144344,239852.8072088,79.264448,55.70386771556546,0.013328864494069278,41,64,,True,False,Request timeout: 300.0s exceeded,13,56.69694568066818
156,2026-09-19T05:46:41.756+00:00,2026-09-19T05:51:41.623+00:00,2026-09-19T05:51:41.821+00:00,False,4,3.0,,3.0,299866.74137199996,300064.99340399995,300064.99330699997,75016.24832674999,0.02953,299866.74137199996,149900.3359767065,254901.77264904993,66.08401066666666,57.21671847943821,0.009997834022447515,41,64,,True,False,Request timeout: 300.0s exceeded,11,56.69694568066818
157,2026-09-19T05:46:42.285+00:00,2026-09-19T05:51:42.388+00:00,2026-09-19T05:51:42.388+00:00,False,1,0.0,,0.0,300103.613605,300103.613605,300103.613605,300103.613605,300103.613605,300103.613605,nan,300103.613605,nan,nan,0.0,41,64,,True,False,"HTTPConnectionPool(host='gpu03', port=9002): Read timed out.",0,56.69694568066818
158,2026-09-19T05:46:42.659+00:00,2026-09-19T05:51:42.685+00:00,2026-09-19T05:51:42.685+00:00,False,1,0.0,,0.0,300026.206991,300026.206991,300026.206991,300026.206991,300026.206991,300026.206991,nan,300026.206991,nan,nan,0.0,41,64,,True,False,TTFT timeout: 300.0s exceeded (TTFT: 300.020s),0,56.69694568066818
159,2026-09-19T05:46:43.134+00:00,2026-09-19T05:51:42.925+00:00,2026-09-19T05:51:43.238+00:00,False,5,4.0,,4.0,299791.242224,300104.63537599996,300104.635295,60020.927058999994,0.02139,299791.242224,134035.68861191082,239854.9757108,78.348288,52.420590767721286,0.013328684493621417,41,64,,True,False,Request timeout: 300.0s exceeded,20,56.69694568066818
160,2026-09-19T05:46:43.644+00:00,2026-09-19T05:51:43.734+00:00,2026-09-19T05:51:43.734+00:00,False,1,0.0,,0.0,300090.342274,300090.342274,300090.342274,300090.342274,300090.342274,300090.342274,nan,300090.342274,nan,nan,0.0,41,64,,True,False,"HTTPConnectionPool(host='gpu03', port=9002): Read timed out.",0,56.69694568066818
161,2026-09-19T05:46:44.261+00:00,2026-09-19T05:51:44.351+00:00,2026-09-19T05:51:44.351+00:00,False,1,0.0,,0.0,300090.121347,300090.121347,300090.121347,300090.121347,300090.121347,300090.121347,nan,300090.121347,nan,nan,0.0,41,64,,True,False,TTFT timeout: 300.0s exceeded (TTFT: 300.078s),0,56.69694568066818
162,2026-09-19T05:46:44.860+00:00,2026-09-19T05:51:44.631+00:00,2026-09-19T05:51:44.891+00:00,False,5,4.0,,4.0,299771.06991,300030.89711,300030.89704300003,60006.1794086,0.05676,299771.06991,134032.65559904437,239838.167503,64.9568,50.56772467351171,0.013331960269856755,41,64,,True,False,Request timeout: 300.0s exceeded,13,56.69694568066818
163,2026-09-19T05:46:45.408+00:00,2026-09-19T05:51:45.513+00:00,2026-09-19T05:51:45.513+00:00,False,1,0.0,,0.0,300105.28594,300105.28594,300105.28594,300105.28594,300105.28594,300105.28594,nan,300105.28594,nan,nan,0.0,41,64,,True,False,"HTTPConnectionPool(host='gpu03', port=9002): Read timed out.",0,56.69694568066818
164,2026-09-19T05:46:45.968+00:00,2026-09-19T05:51:46.012+00:00,2026-09-19T05:51:46.012+00:00,False,1,0.0,,0.0,300044.45892799995,300044.45892799995,300044.45892799995,300044.45892799995,300044.45892799995,300044.45892799995,nan,300044.45892799995,nan,nan,0.0,41,64,,True,False,TTFT timeout: 300.0s exceeded (TTFT: 300.036s),0,56.69694568066818
165,2026-09-19T05:46:46.397+00:00,2026-09-19T05:51:46.171+00:00,2026-09-19T05:51:46.488+00:00,False,5,4.0,,4.0,299773.82251200004,300090.76510400005,300090.765115,60018.153023000006,0.02614,299773.82251200004,134027.50172451307,239842.01228480003,79.235648,53.41319591832096,0.013329300548831456,41,64,,True,False,Request timeout: 300.0s exceeded,9,56.69694568066818
166,2026-09-19T05:46:46.783+00:00,2026-09-19T05:51:46.682+00:00,2026-09-19T05:51:46.893+00:00,False,4,3.0,,3.0,299899.469782,300110.12783,300110.127699,75027.53192475,0.03622,299899.469782,149914.63345591072,254930.5375096,70.21934933333333,60.79367325672254,0.009996330419409824,41,64,,True,False,Request timeout: 300.0s exceeded,10,56.69694568066818
167,2026-09-19T05:46:47.229+00:00,2026-09-19T05:51:47.305+00:00,2026-09-19T05:51:47.305+00:00,False,1,0.0,,0.0,300076.115439,300076.115439,300076.115439,300076.115439,300076.115439,300076.115439,nan,300076.115439,nan,nan,0.0,41,64,,True,False,"HTTPConnectionPool(host='gpu03', port=9002): Read timed out.",0,56.69694568066818
168,2026-09-19T05:46:47.610+00:00,2026-09-19T05:51:47.677+00:00,2026-09-19T05:51:47.677+00:00,False,1,0.0,,0.0,300067.067201,300067.067201,300067.067201,300067.067201,300067.067201,300067.067201,nan,300067.067201,nan,nan,0.0,41,64,,True,False,TTFT timeout: 300.0s exceeded (TTFT: 300.061s),0,56.69694568066818
169,2026-09-19T05:46:48.043+00:00,2026-09-19T05:51:47.826+00:00,2026-09-19T05:51:48.065+00:00,False,4,3.0,,3.0,299783.070914,300021.92812999996,300021.92824599997,75005.48206149999,0.0715,299783.070914,149851.73706054164,254835.98699209996,79.619072,70.82752627207836,0.009999269115756418,41,64,,True,False,Request timeout: 300.0s exceeded,16,56.69694568066818
170,2026-09-19T05:46:48.691+00:00,2026-09-19T05:51:48.788+00:00,2026-09-19T05:51:48.788+00:00,False,1,0.0,,0.0,300097.491135,300097.491135,300097.491135,300097.491135,300097.491135,300097.491135,nan,300097.491135,nan,nan,0.0,41,64,,True,False,"HTTPConnectionPool(host='gpu03', port=9002): Read timed out.",0,56.69694568066818
171,2026-09-19T05:46:49.189+00:00,2026-09-19T05:51:49.243+00:00,2026-09-19T05:51:49.243+00:00,False,1,0.0,,0.0,300053.622954,300053.622954,300053.622954,300053.622954,300053.622954,300053.622954,nan,300053.622954,nan,nan,0.0,41,64,,True,False,TTFT timeout: 300.0s exceeded (TTFT: 300.046s),0,56.69694568066818
172,2026-09-19T05:46:49.698+00:00,2026-09-19T05:51:49.526+00:00,2026-09-19T05:51:49.751+00:00,False,4,3.0,,3.0,299827.947042,300053.456162,300053.456227,75013.36405675,0.03854,299827.947042,149876.39870962757,254873.20426635002,75.16970666666667,67.2312758157615,0.009998218445383573,41,64,,True,False,Request timeout: 300.0s exceeded,11,56.69694568066818
173,2026-09-19T05:46:50.130+00:00,2026-09-19T05:51:50.205+00:00,2026-09-19T05:51:50.205+00:00,False,1,0.0,,0.0,300075.345036,300075.345036,300075.345036,300075.345036,300075.345036,300075.345036,nan,300075.345036,nan,nan,0.0,41,64,,True,False,"HTTPConnectionPool(host='gpu03', port=9002): Read timed out.",0,56.69694568066818
174,2026-09-19T05:46:50.502+00:00,2026-09-19T05:51:50.754+00:00,2026-09-19T05:51:51.253+00:00,True,5,5.0,,5.0,300251.412372,300750.865044,300750.86503499997,60150.173007,104.39891499999999,300251.412372,134220.67444393996,240230.9455082,124.863168,21.307169310511302,0.016625056088428868,41,64,,True,True,,12,56.69694568066818
175,2026-09-19T05:46:51.141+00:00,2026-09-19T05:51:51.251+00:00,2026-09-19T05:51:51.565+00:00,False,5,4.0,,4.0,300109.88942900003,300423.89877300005,300423.89855700004,60084.779711400006,0.03972,300109.88942900003,134178.1233042247,240111.4893492,78.502336,53.150909842437834,0.013314519971070594,41,64,,True,False,Request timeout: 300.0s exceeded,10,56.69694568066818
176,2026-09-19T05:46:51.583+00:00,2026-09-19T05:51:51.614+00:00,2026-09-19T05:51:51.614+00:00,False,1,0.0,,0.0,300031.373362,300031.373362,300031.373362,300031.373362,300031.373362,300031.373362,nan,300031.373362,nan,nan,0.0,41,64,,True,False,"HTTPConnectionPool(host='gpu03', port=9002): Read timed out.",0,56.69694568066818
177,2026-09-19T05:46:52.055+00:00,2026-09-19T05:51:52.113+00:00,2026-09-19T05:51:52.113+00:00,False,1,0.0,,0.0,300057.682905,300057.682905,300057.682905,300057.682905,300057.682905,300057.682905,nan,300057.682905,nan,nan,0.0,41,64,,True,False,"HTTPConnectionPool(host='gpu03', port=9002): Read timed out.",0,56.69694568066818
178,2026-09-19T05:46:52.709+00:00,2026-09-19T05:51:52.768+00:00,2026-09-19T05:51:52.768+00:00,False,1,0.0,,0.0,300059.400798,300059.400798,300059.400798,300059.400798,300059.400798,300059.400798,nan,300059.400798,nan,nan,0.0,41,64,,True,False,TTFT timeout: 300.0s exceeded (TTFT: 300.049s),0,56.69694568066818
179,2026-09-19T05:46:53.091+00:00,2026-09-19T05:51:52.990+00:00,2026-09-19T05:51:53.167+00:00,False,4,3.0,,3.0,299898.95544,300076.213424,300076.213534,75019.0533835,0.043,299898.95544,149919.94060494224,254928.34356704997,59.085994666666664,51.51578623961946,0.00999746019775675,41,64,,True,False,Request timeout: 300.0s exceeded,6,56.69694568066818
180,2026-09-19T05:46:53.491+00:00,2026-09-19T05:51:53.072+00:00,2026-09-19T05:51:53.577+00:00,False,7,6.0,,6.0,299580.745287,300085.79693500005,300085.79685600003,42869.399550857146,0.041100000000000005,299580.745287,113199.06955054429,209737.89487679998,84.17527466666667,41.34737412101551,0.01999428183966876,41,64,,True,False,Request timeout: 300.0s exceeded,27,56.69694568066818
181,2026-09-19T05:46:53.913+00:00,2026-09-19T05:51:54.008+00:00,2026-09-19T05:51:54.008+00:00,False,1,0.0,,0.0,300095.312926,300095.312926,300095.312926,300095.312926,300095.312926,300095.312926,nan,300095.312926,nan,nan,0.0,41,64,,True,False,"HTTPConnectionPool(host='gpu03', port=9002): Read timed out.",0,56.69694568066818
182,2026-09-19T05:46:54.344+00:00,2026-09-19T05:51:54.397+00:00,2026-09-19T05:51:54.397+00:00,False,1,0.0,,0.0,300052.831482,300052.831482,300052.831482,300052.831482,300052.831482,300052.831482,nan,300052.831482,nan,nan,0.0,41,64,,True,False,TTFT timeout: 300.0s exceeded (TTFT: 300.046s),0,56.69694568066818
183,2026-09-19T05:46:54.855+00:00,2026-09-19T05:51:54.779+00:00,2026-09-19T05:51:54.885+00:00,False,3,2.0,,2.0,299924.549841,300030.000337,300030.000222,100010.000074,0.024829,299924.549841,173131.08670523282,269942.63741210004,52.725248,74.52964304990407,0.00666600005917261,41,64,,True,False,Request timeout: 300.0s exceeded,8,56.69694568066818
184,2026-09-19T05:46:55.726+00:00,2026-09-19T05:51:54.883+00:00,2026-09-19T05:51:55.928+00:00,False,12,11.0,,11.0,299157.53907999996,300202.25485599996,300202.254843,25016.854570249998,0.02188,299157.53907999996,86331.93377460379,134693.57428024997,94.97416145454545,37.97830934026697,0.03664196328330859,41,64,,True,False,Request timeout: 300.0s exceeded,41,56.69694568066818
185,2026-09-19T05:46:55.817+00:00,2026-09-19T05:51:56.106+00:00,2026-09-19T05:51:56.106+00:00,False,1,0.0,,0.0,300289.04948000005,300289.04948000005,300289.04948000005,300289.04948000005,300289.04948000005,300289.04948000005,nan,300289.04948000005,nan,nan,0.0,41,64,,True,False,"HTTPConnectionPool(host='gpu03', port=9002): Read timed out.",0,56.69694568066818
186,2026-09-19T05:46:56.339+00:00,2026-09-19T05:51:56.361+00:00,2026-09-19T05:51:56.361+00:00,False,1,0.0,,0.0,300021.415809,300021.415809,300021.415809,300021.415809,300021.415809,300021.415809,nan,300021.415809,nan,nan,0.0,41,64,,True,False,"HTTPConnectionPool(host='gpu03', port=9002): Read timed out.",0,56.69694568066818
187,2026-09-19T05:46:56.968+00:00,2026-09-19T05:51:57.074+00:00,2026-09-19T05:51:57.074+00:00,False,1,0.0,,0.0,300105.97646100004,300105.97646100004,300105.97646100004,300105.97646100004,300105.97646100004,300105.97646100004,nan,300105.97646100004,nan,nan,0.0,41,64,,True,False,"HTTPConnectionPool(host='gpu03', port=9002): Read timed out.",0,56.69694568066818
188,2026-09-19T05:46:57.561+00:00,2026-09-19T05:51:57.408+00:00,2026-09-19T05:51:57.611+00:00,False,4,3.0,,3.0,299846.47299299994,300049.16227299994,300049.16233499994,75012.29058374999,0.039380000000000005,299846.47299299994,149889.4625597394,254885.09736164994,67.56309333333333,58.53716411353667,0.009998361526070344,41,64,,True,False,Request timeout: 300.0s exceeded,13,56.69694568066818
189,2026-09-19T05:46:58.028+00:00,2026-09-19T05:51:57.607+00:00,2026-09-19T05:51:58.115+00:00,False,7,6.0,,6.0,299579.033248,300087.420576,300087.42065800005,42869.631522571435,0.043859999999999996,299579.033248,113198.21238251892,209736.7181482,84.73122133333332,41.54436511038072,0.019994173659406835,41,64,,True,False,Request timeout: 300.0s exceeded,24,56.69694568066818
190,2026-09-19T05:46:58.593+00:00,2026-09-19T05:51:58.681+00:00,2026-09-19T05:51:58.681+00:00,False,1,0.0,,0.0,300087.840994,300087.840994,300087.840994,300087.840994,300087.840994,300087.840994,nan,300087.840994,nan,nan,0.0,41,64,,True,False,"HTTPConnectionPool(host='gpu03', port=9002): Read timed out.",0,56.69694568066818
191,2026-09-19T05:46:59.246+00:00,2026-09-19T05:51:59.077+00:00,2026-09-19T05:51:59.311+00:00,False,4,3.0,,3.0,299831.25214099995,300065.29015699995,300065.29002599994,75016.32250649999,0.02709,299831.25214099995,149876.62999372874,254875.08411889998,78.012672,67.8457064400283,0.009997824134975233,41,64,,True,False,Request timeout: 300.0s exceeded,8,56.69694568066818
192,2026-09-19T05:46:59.789+00:00,2026-09-19T05:51:59.622+00:00,2026-09-19T05:51:59.822+00:00,False,5,4.0,,4.0,299833.60309600004,300033.16636000003,300033.16632500006,60006.633265000004,0.083319,299833.60309600004,134067.35670570712,239887.3078988,49.890816,41.68665965862684,0.013331859435834937,41,64,,True,False,Request timeout: 300.0s exceeded,12,56.69694568066818
193,2026-09-19T05:47:00.237+00:00,2026-09-19T05:52:00.319+00:00,2026-09-19T05:52:00.319+00:00,False,1,0.0,,0.0,300082.151105,300082.151105,300082.151105,300082.151105,300082.151105,300082.151105,nan,300082.151105,nan,nan,0.0,41,64,,True,False,TTFT timeout: 300.0s exceeded (TTFT: 300.076s),0,56.69694568066818
194,2026-09-19T05:47:00.877+00:00,2026-09-19T05:52:00.801+00:00,2026-09-19T05:52:00.911+00:00,False,3,2.0,,2.0,299924.074942,300033.766334,300033.766413,100011.255471,0.023289999999999998,299924.074942,173129.58888397444,269942.63426589995,54.845696,77.53058160184275,0.006665916388136074,41,64,,True,False,Request timeout: 300.0s exceeded,11,56.69694568066818
195,2026-09-19T05:47:01.311+00:00,2026-09-19T05:52:01.423+00:00,2026-09-19T05:52:01.423+00:00,False,1,0.0,,0.0,300112.41411199997,300112.41411199997,300112.41411199997,300112.41411199997,300112.41411199997,300112.41411199997,nan,300112.41411199997,nan,nan,0.0,41,64,,True,False,"HTTPConnectionPool(host='gpu03', port=9002): Read timed out.",0,56.69694568066818
196,2026-09-19T05:47:01.710+00:00,2026-09-19T05:52:01.814+00:00,2026-09-19T05:52:01.814+00:00,False,1,0.0,,0.0,300104.516687,300104.516687,300104.516687,300104.516687,300104.516687,300104.516687,nan,300104.516687,nan,nan,0.0,41,64,,True,False,"HTTPConnectionPool(host='gpu03', port=9002): Read timed out.",0,56.69694568066818
197,2026-09-19T05:47:02.369+00:00,2026-09-19T05:52:02.333+00:00,2026-09-19T05:52:02.462+00:00,False,3,2.0,,2.0,299963.64849,300092.556522,300092.556523,100030.85217433333,0.02018,299963.64849,173146.8926480365,269980.17242629995,64.454016,91.12314252152704,0.006664610489442042,41,64,,True,False,Request timeout: 300.0s exceeded,3,56.69694568066818
198,2026-09-19T05:47:02.756+00:00,2026-09-19T05:52:02.463+00:00,2026-09-19T05:52:02.787+00:00,False,6,5.0,,5.0,299707.622636,300030.8083,300030.80819199997,50005.13469866666,0.038759999999999996,299707.622636,122328.74483880756,224814.29475449998,64.6371328,50.226210091089165,0.016664955270195164,41,64,,True,False,Request timeout: 300.0s exceeded,18,56.69694568066818
199,2026-09-19T05:47:03.232+00:00,2026-09-19T05:52:03.337+00:00,2026-09-19T05:52:03.337+00:00,False,1,0.0,,0.0,300105.470807,300105.470807,300105.470807,300105.470807,300105.470807,300105.470807,nan,300105.470807,nan,nan,0.0,41,64,,True,False,"HTTPConnectionPool(host='gpu03', port=9002): Read timed out.",0,56.69694568066818
200,2026-09-19T05:47:03.658+00:00,2026-09-19T05:52:03.735+00:00,2026-09-19T05:52:03.735+00:00,False,1,0.0,,0.0,300077.432428,300077.432428,300077.432428,300077.432428,300077.432428,300077.432428,nan,300077.432428,nan,nan,0.0,41,64,,True,False,"HTTPConnectionPool(host='gpu03', port=9002): Read timed out.",0,56.69694568066818
201,2026-09-19T05:47:04.285+00:00,2026-09-19T05:52:04.209+00:00,2026-09-19T05:52:05.150+00:00,False,11,10.0,,10.0,299924.184374,300865.056822,300865.056923,27351.36881118182,0.02138,299924.184374,90402.18130792385,150019.78283100002,94.0872448,33.48317046055715,0.03323749226855638,41,64,,True,False,Request timeout: 300.0s exceeded,36,56.69694568066818
202,2026-09-19T05:47:04.911+00:00,2026-09-19T05:52:05.280+00:00,2026-09-19T05:52:05.280+00:00,False,1,0.0,,0.0,300369.040472,300369.040472,300369.040472,300369.040472,300369.040472,300369.040472,nan,300369.040472,nan,nan,0.0,41,64,,True,False,"HTTPConnectionPool(host='gpu03', port=9002): Read timed out.",0,56.69694568066818
203,2026-09-19T05:47:05.342+00:00,2026-09-19T05:52:05.363+00:00,2026-09-19T05:52:05.363+00:00,False,1,0.0,,0.0,300021.036399,300021.036399,300021.036399,300021.036399,300021.036399,300021.036399,nan,300021.036399,nan,nan,0.0,41,64,,True,False,"HTTPConnectionPool(host='gpu03', port=9002): Read timed out.",0,56.69694568066818
204,2026-09-19T05:47:05.920+00:00,2026-09-19T05:52:05.968+00:00,2026-09-19T05:52:05.968+00:00,False,1,0.0,,0.0,300047.726149,300047.726149,300047.726149,300047.726149,300047.726149,300047.726149,nan,300047.726149,nan,nan,0.0,41,64,,True,False,"HTTPConnectionPool(host='gpu03', port=9002): Read timed out.",0,56.69694568066818
205,2026-09-19T05:47:06.396+00:00,2026-09-19T05:52:06.344+00:00,2026-09-19T05:52:06.548+00:00,False,3,2.0,,2.0,299947.963291,300152.218011,300152.218089,100050.739363,0.02291,299947.963291,173116.1041784311,269973.5901507,102.12736,144.39731412088244,0.0066632857596498046,41,64,,True,False,Request timeout: 300.0s exceeded,4,56.69694568066818
206,2026-09-19T05:47:06.895+00:00,2026-09-19T05:52:06.548+00:00,2026-09-19T05:52:06.943+00:00,False,7,6.0,,6.0,299652.995171,300048.21513900004,300048.215049,42864.030721285715,0.02345,299652.995171,113233.29583052988,209787.6295784,65.86999466666667,40.16846776521127,0.0199967861739169,41,64,,True,False,Request timeout: 300.0s exceeded,23,56.69694568066818
207,2026-09-19T05:47:07.368+00:00,2026-09-19T05:52:07.406+00:00,2026-09-19T05:52:07.406+00:00,False,1,0.0,,0.0,300038.72027100006,300038.72027100006,300038.72027100006,300038.72027100006,300038.72027100006,300038.72027100006,nan,300038.72027100006,nan,nan,0.0,41,64,,True,False,"HTTPConnectionPool(host='gpu03', port=9002): Read timed out.",0,56.69694568066818
208,2026-09-19T05:47:07.874+00:00,2026-09-19T05:52:07.963+00:00,2026-09-19T05:52:07.963+00:00,False,1,0.0,,0.0,300089.143389,300089.143389,300089.143389,300089.143389,300089.143389,300089.143389,nan,300089.143389,nan,nan,0.0,41,64,,True,False,"HTTPConnectionPool(host='gpu03', port=9002): Read timed out.",0,56.69694568066818
209,2026-09-19T05:47:08.295+00:00,2026-09-19T05:52:08.271+00:00,2026-09-19T05:52:08.385+00:00,False,3,2.0,,2.0,299976.229241,300089.890681,300089.89063100005,100029.96354366667,0.07844,299976.229241,173158.5547859242,269989.96461190004,56.83072,80.25999114980584,0.006664669694341784,41,64,,True,False,Request timeout: 300.0s exceeded,5,56.69694568066818
210,2026-09-19T05:47:08.831+00:00,2026-09-19T05:52:08.872+00:00,2026-09-19T05:52:08.872+00:00,False,1,0.0,,0.0,300041.1731,300041.1731,300041.1731,300041.1731,300041.1731,300041.1731,nan,300041.1731,nan,nan,0.0,41,64,,True,False,"HTTPConnectionPool(host='gpu03', port=9002): Read timed out.",0,56.69694568066818
211,2026-09-19T05:47:09.306+00:00,2026-09-19T05:52:09.411+00:00,2026-09-19T05:52:09.411+00:00,False,1,0.0,,0.0,300105.529529,300105.529529,300105.529529,300105.529529,300105.529529,300105.529529,nan,300105.529529,nan,nan,0.0,41,64,,True,False,"HTTPConnectionPool(host='gpu03', port=9002): Read timed out.",0,56.69694568066818
212,2026-09-19T05:47:09.826+00:00,2026-09-19T05:52:09.732+00:00,2026-09-19T05:52:09.862+00:00,False,3,2.0,,2.0,299905.66219199996,300036.27518399997,300036.275231,100012.09174366665,0.03749,299905.66219199996,173112.92236567236,269928.1535277,65.306496,92.30447470815703,0.0066658606489281395,41,64,,True,False,Request timeout: 300.0s exceeded,4,56.69694568066818
213,2026-09-19T05:47:10.236+00:00,2026-09-19T05:52:09.993+00:00,2026-09-19T05:52:10.303+00:00,False,5,4.0,,4.0,299757.56887099997,300067.58205499995,300067.581959,60013.516391799996,0.054159,299757.56887099997,134021.00712754024,239827.66907759995,77.503296,51.74284430963364,0.01333033036293415,41,64,,True,False,Request timeout: 300.0s exceeded,7,56.69694568066818
214,2026-09-19T05:47:10.760+00:00,2026-09-19T05:52:10.864+00:00,2026-09-19T05:52:10.864+00:00,False,1,0.0,,0.0,300104.29283,300104.29283,300104.29283,300104.29283,300104.29283,300104.29283,nan,300104.29283,nan,nan,0.0,41,64,,True,False,"HTTPConnectionPool(host='gpu03', port=9002): Read timed out.",0,56.69694568066818
215,2026-09-19T05:47:11.259+00:00,2026-09-19T05:52:11.303+00:00,2026-09-19T05:52:11.303+00:00,False,1,0.0,,0.0,300044.634542,300044.634542,300044.634542,300044.634542,300044.634542,300044.634542,nan,300044.634542,nan,nan,0.0,41,64,,True,False,"HTTPConnectionPool(host='gpu03', port=9002): Read timed out.",0,56.69694568066818
216,2026-09-19T05:47:11.647+00:00,2026-09-19T05:52:11.507+00:00,2026-09-19T05:52:11.731+00:00,False,4,3.0,,3.0,299860.288462,300084.440782,300084.440681,75021.11017025,0.03608,299860.288462,149892.79523571572,254900.08001035,74.71744,66.07136494680836,0.009997186099293254,41,64,,True,False,Request timeout: 300.0s exceeded,9,56.69694568066818
217,2026-09-19T05:47:12.114+00:00,2026-09-19T05:52:11.835+00:00,2026-09-19T05:52:12.128+00:00,False,5,4.0,,4.0,299720.669523,300013.99765100004,300013.99757300003,60002.7995146,0.02121,299720.669523,134006.3698886003,239796.647021,73.332032,48.925703224540236,0.013332711244537047,41,64,,True,False,Request timeout: 300.0s exceeded,25,56.69694568066818
218,2026-09-19T05:47:12.710+00:00,2026-09-19T05:52:12.797+00:00,2026-09-19T05:52:12.797+00:00,False,1,0.0,,0.0,300087.566545,300087.566545,300087.566545,300087.566545,300087.566545,300087.566545,nan,300087.566545,nan,nan,0.0,41,64,,True,False,"HTTPConnectionPool(host='gpu03', port=9002): Read timed out.",0,56.69694568066818
219,2026-09-19T05:47:13.149+00:00,2026-09-19T05:52:13.097+00:00,2026-09-19T05:52:13.218+00:00,False,3,2.0,,2.0,299947.382731,300068.505291,300068.505223,100022.83507433334,0.05966,299947.382731,173139.74768155924,269964.7507411,60.56128,85.56222852010605,0.006665144674415074,41,64,,True,False,Request timeout: 300.0s exceeded,4,56.69694568066818
220,2026-09-19T05:47:13.578+00:00,2026-09-19T05:52:13.356+00:00,2026-09-19T05:52:13.616+00:00,False,5,4.0,,4.0,299777.895379,300038.06689899997,300038.06669999997,60007.613339999996,0.038340000000000006,299777.895379,134035.66954869294,239844.6354564,65.04288,50.52764794332576,0.013331641685808143,41,64,,True,False,Request timeout: 300.0s exceeded,22,56.69694568066818
221,2026-09-19T05:47:13.951+00:00,2026-09-19T05:52:14.070+00:00,2026-09-19T05:52:14.070+00:00,False,1,0.0,,0.0,300119.285998,300119.285998,300119.285998,300119.285998,300119.285998,300119.285998,nan,300119.285998,nan,nan,0.0,41,64,,True,False,"HTTPConnectionPool(host='gpu03', port=9002): Read timed out.",0,56.69694568066818
222,2026-09-19T05:47:14.335+00:00,2026-09-19T05:52:14.376+00:00,2026-09-19T05:52:14.376+00:00,False,1,0.0,,0.0,300041.241148,300041.241148,300041.241148,300041.241148,300041.241148,300041.241148,nan,300041.241148,nan,nan,0.0,41,64,,True,False,"HTTPConnectionPool(host='gpu03', port=9002): Read timed out.",0,56.69694568066818
223,2026-09-19T05:47:14.704+00:00,2026-09-19T05:52:14.643+00:00,2026-09-19T05:52:14.781+00:00,False,3,2.0,,2.0,299938.579079,300076.105607,300076.10560099996,100025.36853366667,0.06426000000000001,299938.579079,173129.93251445523,269958.4673973,68.763264,97.15506883517774,0.0066649758598884765,41,64,,True,False,Request timeout: 300.0s exceeded,5,56.69694568066818
224,2026-09-19T05:47:15.171+00:00,2026-09-19T05:52:14.913+00:00,2026-09-19T05:52:15.255+00:00,False,5,4.0,,4.0,299742.318259,300084.133043,300084.133259,60016.8266518,0.03608,299742.318259,134010.63291387563,239817.3550174,85.453696,57.09057429498648,0.013329595135331022,41,64,,True,False,Request timeout: 300.0s exceeded,12,56.69694568066818
225,2026-09-19T05:47:15.617+00:00,2026-09-19T05:52:15.644+00:00,2026-09-19T05:52:15.644+00:00,False,1,0.0,,0.0,300026.641292,300026.641292,300026.641292,300026.641292,300026.641292,300026.641292,nan,300026.641292,nan,nan,0.0,41,64,,True,False,"HTTPConnectionPool(host='gpu03', port=9002): Read timed out.",0,56.69694568066818
226,2026-09-19T05:47:16.004+00:00,2026-09-19T05:52:16.065+00:00,2026-09-19T05:52:16.065+00:00,False,1,0.0,,0.0,300060.337127,300060.337127,300060.337127,300060.337127,300060.337127,300060.337127,nan,300060.337127,nan,nan,0.0,41,64,,True,False,"HTTPConnectionPool(host='gpu03', port=9002): Read timed out.",0,56.69694568066818
227,2026-09-19T05:47:16.416+00:00,2026-09-19T05:52:16.393+00:00,2026-09-19T05:52:16.531+00:00,False,3,2.0,,2.0,299976.181898,300114.236554,300114.236458,100038.07881933334,0.0432,299976.181898,173151.49019233114,269992.3648442,69.027328,97.55819889641359,0.0066641290428757684,41,64,,True,False,Request timeout: 300.0s exceeded,4,56.69694568066818
228,2026-09-19T05:47:17.460+00:00,2026-09-19T05:52:16.661+00:00,2026-09-19T05:52:17.737+00:00,False,13,12.0,,12.0,299200.645337,300276.99375300005,300276.993892,23098.230299384617,0.0238,299200.645337,82958.45727284328,119750.788832,89.69570133333333,33.08619303735847,0.0399631015683835,41,64,,True,False,Request timeout: 300.0s exceeded,62,56.69694568066818
229,2026-09-19T05:47:17.481+00:00,2026-09-19T05:52:16.771+00:00,2026-09-19T05:52:17.867+00:00,False,13,12.0,,12.0,299289.911495,300386.69818300003,300386.69804,23106.66908,0.04271,299289.911495,82982.74352030126,119796.18183320001,91.39889066666667,34.80566406567681,0.03994850661692557,41,64,,True,False,Request timeout: 300.0s exceeded,48,56.69694568066818
230,2026-09-19T05:47:17.917+00:00,2026-09-19T05:52:17.978+00:00,2026-09-19T05:52:17.978+00:00,False,1,0.0,,0.0,300061.177492,300061.177492,300061.177492,300061.177492,300061.177492,300061.177492,nan,300061.177492,nan,nan,0.0,41,64,,True,False,"HTTPConnectionPool(host='gpu03', port=9002): Read timed out.",0,56.69694568066818
231,2026-09-19T05:47:18.287+00:00,2026-09-19T05:52:18.323+00:00,2026-09-19T05:52:18.323+00:00,False,1,0.0,,0.0,300036.185891,300036.185891,300036.185891,300036.185891,300036.185891,300036.185891,nan,300036.185891,nan,nan,0.0,41,64,,True,False,"HTTPConnectionPool(host='gpu03', port=9002): Read timed out.",0,56.69694568066818
232,2026-09-19T05:47:18.713+00:00,2026-09-19T05:52:18.820+00:00,2026-09-19T05:52:18.820+00:00,False,1,0.0,,0.0,300107.62111799995,300107.62111799995,300107.62111799995,300107.62111799995,300107.62111799995,300107.62111799995,nan,300107.62111799995,nan,nan,0.0,41,64,,True,False,"HTTPConnectionPool(host='gpu03', port=9002): Read timed out.",0,56.69694568066818
233,2026-09-19T05:47:19.083+00:00,2026-09-19T05:52:19.141+00:00,2026-09-19T05:52:19.141+00:00,False,1,0.0,,0.0,300057.66791,300057.66791,300057.66791,300057.66791,300057.66791,300057.66791,nan,300057.66791,nan,nan,0.0,41,64,,True,False,TTFT timeout: 300.0s exceeded (TTFT: 300.048s),0,56.69694568066818
234,2026-09-19T05:47:19.681+00:00,2026-09-19T05:52:19.393+00:00,2026-09-19T05:52:20.685+00:00,False,17,16.0,,16.0,299711.251546,301003.304538,301003.304521,17706.076736529412,0.109769,299711.251546,72671.07741648151,60028.575280400015,80.753312,33.5190597747459,0.053155562609380216,41,64,,True,False,Request timeout: 300.0s exceeded,76,56.69694568066818
236,2026-09-19T05:47:20.605+00:00,2026-09-19T05:52:20.747+00:00,2026-09-19T05:52:20.747+00:00,False,1,0.0,,0.0,300142.910263,300142.910263,300142.910263,300142.910263,300142.910263,300142.910263,nan,300142.910263,nan,nan,0.0,41,64,,True,False,"HTTPConnectionPool(host='gpu03', port=9002): Read timed out.",0,56.69694568066818
235,2026-09-19T05:47:20.138+00:00,2026-09-19T05:52:21.305+00:00,2026-09-19T05:52:21.305+00:00,False,1,0.0,,0.0,301167.332688,301167.332688,301167.332688,301167.332688,301167.332688,301167.332688,nan,301167.332688,nan,nan,0.0,41,64,,True,False,"HTTPConnectionPool(host='gpu03', port=9002): Read timed out.",0,56.69694568066818
0,2026-09-19T05:45:20.813+00:00,2026-09-19T05:45:21.093+00:00,2026-09-19T05:45:22.205+00:00,True,15,15.0,,15.0,279.919303,1392.189383,1392.189409,92.81262726666667,33.366033,279.919303,60.742357169713586,190.88969940000004,79.44786285714285,32.9863441380364,10.774396201525983,42,64,,False,True,,70,56.69694568066818
1,2026-09-19T05:45:21.375+00:00,2026-09-19T05:45:21.654+00:00,2026-09-19T05:45:23.593+00:00,True,21,21.0,,21.0,279.21214100000003,2218.162541,2218.162734,105.62679685714286,45.918383,279.21214100000003,46.42207774370859,157.65309299999998,96.94752,24.561168423794413,9.467295390595092,42,64,,False,True,,96,56.69694568066818
2,2026-09-19T05:45:21.767+00:00,2026-09-19T05:45:23.087+00:00,2026-09-19T05:45:31.531+00:00,True,87,87.0,,87.0,1320.057695,9764.354142999999,9764.354263,112.23395704597701,45.692794,1320.057695,132.29771137318045,112.6837206,98.18949358139534,18.607209362110087,8.909959504323155,42,64,,False,True,,359,56.69694568066818
3,2026-09-19T05:45:22.129+00:00,2026-09-19T05:45:25.910+00:00,2026-09-19T05:45:35.740+00:00,True,100,100.0,,100.0,3780.230634,13610.513385999999,13610.513411,136.10513411,0.0,3780.230634,368.9057840446709,111.64320235000001,99.29578537373737,24.592120270831785,7.347261426807138,42,64,,False,True,,544,56.69694568066818
4,2026-09-19T05:45:22.518+00:00,2026-09-19T05:45:27.621+00:00,2026-09-19T05:45:29.684+00:00,True,22,22.0,,22.0,5102.988321999999,7165.915937999999,7165.916025999999,325.72345572727266,52.227818,5102.988321999999,1067.1235625142474,110.69420395000002,98.2346483809524,15.447962970774984,3.0700890423981417,42,64,,False,True,,60,56.69694568066818
5,2026-09-19T05:45:22.879+00:00,2026-09-19T05:45:29.780+00:00,2026-09-19T05:45:32.706+00:00,True,30,30.0,,30.0,6900.998004,9826.452852,9826.452638,327.54842126666665,44.276146999999995,6900.998004,1241.6234729092641,128.78547144999996,100.87775337931033,15.798874536885151,3.0529836607208702,42,64,,False,True,,158,56.69694568066818
6,2026-09-19T05:45:23.290+00:00,2026-09-19T05:45:31.681+00:00,2026-09-19T05:45:37.589+00:00,True,60,60.0,,60.0,8390.386374,14299.225798,14299.225725,238.32042875,0.0,8390.386374,1071.5398862941213,244.97884395,100.14982074576271,52.7045963239545,4.19603136894251,42,64,,False,True,,258,56.69694568066818
7,2026-09-19T05:45:23.687+00:00,2026-09-19T05:45:33.782+00:00,2026-09-19T05:45:39.403+00:00,True,58,58.0,,58.0,10094.772433,15715.539409,15715.539347,270.95757494827586,0.0,10094.772433,1313.5373190910907,245.06840255,98.60994694736843,51.09984515834067,3.6906146515584735,42,64,,False,True,,270,56.69694568066818
8,2026-09-19T05:45:24.188+00:00,2026-09-19T05:45:36.662+00:00,2026-09-19T05:45:45.338+00:00,True,89,89.0,,89.0,12473.400539,21150.237147,21150.237203,237.64311464044945,0.0,12473.400539,1312.4559279968785,129.52570640000002,98.600416,44.01111144249964,4.2079906424417555,42,64,,False,True,,345,56.69694568066818
9,2026-09-19T05:45:24.620+00:00,2026-09-19T05:45:38.818+00:00,2026-09-19T05:45:42.814+00:00,True,42,42.0,,42.0,14198.305961,18193.957288999998,18193.957392,433.1894617142857,0.0,14198.305961,2176.5216431036756,272.6079695,97.45491043902439,56.402034247808196,2.3084587554458564,42,64,,False,True,,180,56.69694568066818
10,2026-09-19T05:45:24.979+00:00,2026-09-19T05:45:40.767+00:00,2026-09-19T05:45:48.451+00:00,True,80,80.0,,80.0,15787.506038000001,23471.331702000003,23471.331696,293.3916462,0.0,15787.506038000001,1754.800215879188,116.55636650000001,97.263616,45.315021366044526,3.408413336563394,42,64,,False,True,,286,56.69694568066818
11,2026-09-19T05:45:25.394+00:00,2026-09-19T05:45:43.014+00:00,2026-09-19T05:45:47.534+00:00,True,47,47.0,,47.0,17620.713427000002,22140.101843000004,22140.101808000003,471.0659959148937,0.0,17620.713427000002,2556.3201546477926,113.7005817,98.24757426086957,46.05172965324603,2.122844796888769,42,64,,False,True,,106,56.69694568066818
12,2026-09-19T05:45:25.922+00:00,2026-09-19T05:45:46.612+00:00,2026-09-19T05:45:52.252+00:00,True,55,55.0,,55.0,20689.941875999997,26329.921651999997,26329.921514999998,478.72584572727266,0.0,20689.941875999997,2776.6485014821806,198.05676570000003,104.44406992592593,71.37586674474784,2.088878224816983,42,64,,False,True,,201,56.69694568066818
13,2026-09-19T05:45:26.559+00:00,2026-09-19T05:45:49.949+00:00,2026-09-19T05:45:54.945+00:00,True,51,51.0,,51.0,23389.920005,28386.044421,28386.044275,556.5891034313726,0.0,23389.920005,3262.2850115165293,286.427418,99.92248832,82.92541986358407,1.7966575139391452,42,64,,False,True,,135,56.69694568066818
14,2026-09-19T05:45:27.107+00:00,2026-09-19T05:45:52.711+00:00,2026-09-19T05:45:56.233+00:00,True,39,39.0,,39.0,25603.648476,29125.668572,29125.668589999997,746.8120151282051,0.0,25603.648476,4085.6345703286343,148.7820626,92.68473936842105,71.60710063316662,1.3390250563206882,42,64,,False,True,,184,56.69694568066818
15,2026-09-19T05:45:27.457+00:00,2026-09-19T05:45:54.541+00:00,2026-09-19T05:45:59.963+00:00,True,60,60.0,,60.0,27084.886835999998,32506.106419999996,32506.106453999997,541.7684409,0.0,27084.886835999998,3485.4110923958897,113.938641,91.88507769491525,66.8112323918994,1.8458070377534932,42,64,,False,True,,268,56.69694568066818
16,2026-09-19T05:45:27.967+00:00,2026-09-19T05:45:57.490+00:00,2026-09-19T05:46:06.312+00:00,True,90,90.0,,90.0,29522.470176,38344.75216,38344.752344,426.0528038222222,0.0,29522.470176,3102.4870107938414,113.97696244999999,99.12676386516854,78.98522191902357,2.347126919075124,42,64,,False,True,,490,56.69694568066818
17,2026-09-19T05:45:28.342+00:00,2026-09-19T05:45:59.657+00:00,2026-09-19T05:46:08.652+00:00,True,92,92.0,,92.0,31315.426538,40310.050026,40310.050136,438.1527188695652,0.0,31315.426538,3255.513042796422,117.09362850000001,98.84201635164834,79.45667132104906,2.282309248950571,42,64,,False,True,,416,56.69694568066818
18,2026-09-19T05:45:28.818+00:00,2026-09-19T05:46:02.138+00:00,2026-09-19T05:46:06.524+00:00,True,44,44.0,,44.0,33320.540817,37706.647953,37706.64787,856.9692697727273,0.0,33320.540817,5008.571977248686,116.16391945,102.00249153488372,84.05128033693248,1.1669029836554137,42,64,,False,True,,175,56.69694568066818
19,2026-09-19T05:45:29.310+00:00,2026-09-19T05:46:04.996+00:00,2026-09-19T05:46:08.353+00:00,True,35,35.0,,35.0,35686.728786,39042.926674,39042.926656999996,1115.5121902,0.0,35686.728786,6016.761226508844,552.8443026,98.71170258823528,126.38152990761176,0.8964491902014016,42,64,,False,True,,111,56.69694568066818
20,2026-09-19T05:45:29.924+00:00,2026-09-19T05:46:08.164+00:00,2026-09-19T05:46:12.984+00:00,True,50,50.0,,50.0,38239.133879,43059.320759,43059.320751,861.18641502,0.0,38239.133879,5394.839310173951,112.09089575,98.37116081632652,100.71025004222086,1.161188776753969,42,64,,False,True,,184,56.69694568066818
21,2026-09-19T05:45:30.466+00:00,2026-09-19T05:46:10.557+00:00,2026-09-19T05:46:11.055+00:00,True,6,6.0,,6.0,40091.007706,40588.832473999995,40588.832345999996,6764.805391,89.23530199999999,40091.007706,16326.439302856885,30094.89534,99.5649536,6.867773636969466,0.14782391200445155,42,64,,False,True,,27,56.69694568066818
22,2026-09-19T05:45:30.873+00:00,2026-09-19T05:46:13.073+00:00,2026-09-19T05:46:18.131+00:00,True,54,54.0,,54.0,42199.565064,47257.909512,47257.909661000005,875.1464752037037,41.085964,42199.565064,5729.677826672833,111.6745309,95.44046128301888,19.391987628910435,1.142665863928831,42,64,,False,True,,259,56.69694568066818
23,2026-09-19T05:45:31.231+00:00,2026-09-19T05:46:14.757+00:00,2026-09-19T05:46:23.434+00:00,True,90,90.0,,90.0,43526.243493,52202.657701000004,52202.657842,580.0295315777778,0.0,43526.243493,4579.316671261364,116.62759084999999,97.48780008988763,118.7974969817396,1.7240501530686614,42,64,,False,True,,380,56.69694568066818
24,2026-09-19T05:45:31.707+00:00,2026-09-19T05:46:17.331+00:00,2026-09-19T05:46:23.437+00:00,True,62,62.0,,62.0,45623.790747,51730.498971,51730.498832,834.3628843870968,0.0,45623.790747,5783.091858198564,117.75579275,100.1099708852459,136.2364134955292,1.1985192726394744,42,64,,False,True,,222,56.69694568066818
25,2026-09-19T05:45:32.326+00:00,2026-09-19T05:46:20.903+00:00,2026-09-19T05:46:25.614+00:00,True,48,48.0,,48.0,48577.140259,53287.968035,53287.967955,1110.1659990625,0.01638,48577.140259,6998.136992129181,115.5597898,100.23037821276596,125.28838000427797,0.9007661911310483,42,64,,False,True,,176,56.69694568066818
26,2026-09-19T05:45:32.768+00:00,2026-09-19T05:46:23.645+00:00,2026-09-19T05:46:32.475+00:00,True,87,87.0,,87.0,50877.020941,59706.372877,59706.373022,686.2801496781609,0.0,50877.020941,5444.204207495544,115.60403129999999,102.66688297674419,82.7803368767653,1.4571308858306817,42,64,,False,True,,175,56.69694568066818
27,2026-09-19T05:45:33.272+00:00,2026-09-19T05:46:25.937+00:00,2026-09-19T05:46:29.984+00:00,True,40,40.0,,40.0,52665.262472,56712.255112,56712.255058,1417.80637645,0.0,52665.262472,8311.603651908603,152.52088394999998,103.76904205128204,124.03612012065366,0.7053149256894251,42,64,,False,True,,131,56.69694568066818
28,2026-09-19T05:45:33.864+00:00,2026-09-19T05:46:29.393+00:00,2026-09-19T05:46:37.832+00:00,True,82,82.0,,82.0,55528.907704000005,63967.948984,63967.949137,780.096940695122,0.0,55528.907704000005,6121.204088359097,113.19138794999999,104.18569481481482,83.86612383229269,1.2818919678120408,42,64,,False,True,,333,56.69694568066818
29,2026-09-19T05:45:34.369+00:00,2026-09-19T05:46:32.214+00:00,2026-09-19T05:46:34.825+00:00,True,26,26.0,,26.0,57845.065203,60456.378611,60456.378507,2325.2453271923077,51.906938000000004,57845.065203,11323.87172593706,115.09420975,104.45253632,11.826194248612353,0.4300621472432905,42,64,,False,True,,120,56.69694568066818
30,2026-09-19T05:45:35.000+00:00,2026-09-19T05:46:35.724+00:00,2026-09-19T05:46:39.704+00:00,True,41,41.0,,41.0,60724.068810000004,64703.836874,64703.836844000005,1578.1423620487806,0.0,60724.068810000004,9469.419721134747,666.7914660000001,99.4942016,167.92574253669525,0.6336563947489035,42,64,,False,True,,163,56.69694568066818
31,2026-09-19T05:45:35.433+00:00,2026-09-19T05:46:38.046+00:00,2026-09-19T05:46:44.337+00:00,True,65,65.0,,65.0,62612.329773000005,68903.164717,68903.16459500001,1060.048686076923,0.0,62612.329773000005,7754.649630353841,112.379833,98.294296,107.816230954029,0.9433528962997398,42,64,,False,True,,219,56.69694568066818
32,2026-09-19T05:45:35.784+00:00,2026-09-19T05:46:39.805+00:00,2026-09-19T05:46:48.377+00:00,True,88,88.0,,88.0,64021.324593000005,72593.286705,72593.286663,824.9237120795455,47.08556,64021.324593000005,6814.216301499174,112.68672735,98.52830013793104,17.931045344822188,1.212233306884269,42,64,,False,True,,471,56.69694568066818
33,2026-09-19T05:45:36.246+00:00,2026-09-19T05:46:42.498+00:00,2026-09-19T05:46:51.342+00:00,True,88,88.0,,88.0,66251.776153,75095.793817,75095.793854,853.3612937954546,0.0,66251.776153,7052.415670750903,112.95666435,101.65537544827586,106.10818805042523,1.171836603984054,42,64,,False,True,,442,56.69694568066818
34,2026-09-19T05:45:36.596+00:00,2026-09-19T05:46:44.238+00:00,2026-09-19T05:46:44.968+00:00,True,8,8.0,,8.0,67642.652044,68371.968396,68371.968243,8546.496030375,95.204686,67642.652044,23878.453396061373,44005.882611500005,104.18805028571428,4.995542638169009,0.1170070159990893,42,64,,False,True,,24,56.69694568066818
35,2026-09-19T05:45:37.157+00:00,2026-09-19T05:46:47.039+00:00,2026-09-19T05:46:47.352+00:00,True,5,5.0,,5.0,69882.236181,70194.956309,70194.956217,14038.9912434,45.843463,69882.236181,31217.335765139014,55927.0827248,78.180032,32.67336006692898,0.07123018893251919,42,64,,False,True,,18,56.69694568066818
36,2026-09-19T05:45:37.777+00:00,2026-09-19T05:46:51.335+00:00,2026-09-19T05:46:53.329+00:00,True,28,28.0,,28.0,73558.311456,75552.352032,75552.351878,2698.2982813571425,0.0,73558.311456,13887.38162598346,201.82306235,73.85335466666668,59.89665666816261,0.37060394874458275,42,64,,False,True,,120,56.69694568066818
37,2026-09-19T05:45:38.378+00:00,2026-09-19T05:46:53.222+00:00,2026-09-19T05:46:54.290+00:00,True,12,12.0,,12.0,74844.192729,75912.623577,75912.62339200001,6326.051949333333,52.055867,74844.192729,21577.62908955275,33742.55332765,97.1300770909091,22.551260932605828,0.15807647575015124,42,64,,False,True,,44,56.69694568066818
38,2026-09-19T05:45:38.823+00:00,2026-09-19T05:46:56.023+00:00,2026-09-19T05:46:58.248+00:00,True,23,23.0,,23.0,77200.248284,79424.801756,79424.801936,3453.2522580869568,52.962394999999994,77200.248284,16076.287596316499,117.0407041,101.1160669090909,15.594207040760997,0.28958208886259523,42,64,,False,True,,73,56.69694568066818
39,2026-09-19T05:45:39.365+00:00,2026-09-19T05:46:59.434+00:00,2026-09-19T05:47:08.946+00:00,True,99,99.0,,99.0,80069.562084,89581.131492,89581.13164,904.8599155555556,0.0,80069.562084,8038.394327164192,111.65880999999999,97.05683069387754,117.85056183497593,1.1051434420522044,42,64,,False,True,,466,56.69694568066818
40,2026-09-19T05:45:39.885+00:00,2026-09-19T05:47:02.674+00:00,2026-09-19T05:47:11.391+00:00,True,91,91.0,,91.0,82788.609067,91505.386283,91505.386168,1005.5536941538461,0.0,82788.609067,8669.325286275718,112.338592,96.85308017777778,123.78050828635,0.9944769777656915,42,64,,False,True,,357,56.69694568066818
41,2026-09-19T05:45:40.397+00:00,2026-09-19T05:47:05.358+00:00,2026-09-19T05:47:09.869+00:00,True,47,47.0,,47.0,84960.078265,89471.67224900001,89471.672281,1903.6526017234044,44.532536,84960.078265,12378.40750670105,112.55291990000002,98.07813008695652,17.841707555680507,0.5253059300065256,42,64,,False,True,,177,56.69694568066818
42,2026-09-19T05:45:40.955+00:00,2026-09-19T05:47:08.625+00:00,2026-09-19T05:47:09.048+00:00,True,5,5.0,,5.0,87670.163599,88092.65294300001,88092.652988,17618.5305976,102.38987,87670.163599,39160.05342963637,70157.95334800001,105.622336,3.2012620043743163,0.05675842233103401,42,64,,False,True,,12,56.69694568066818
43,2026-09-19T05:45:41.465+00:00,2026-09-19T05:47:11.388+00:00,2026-09-19T05:47:13.913+00:00,True,27,27.0,,27.0,89922.529827,92447.488803,92447.488603,3423.9810593703705,48.562086,89922.529827,17286.918391665844,111.29178060000002,97.11380676923076,18.00625576008078,0.292057689717623,42,64,,False,True,,101,56.69694568066818
44,2026-09-19T05:45:41.965+00:00,2026-09-19T05:47:14.633+00:00,2026-09-19T05:47:23.462+00:00,True,90,90.0,,90.0,92667.073739,101496.608203,101496.608303,1127.7400922555555,0.0,92667.073739,9759.122802491045,111.41177790000002,99.20825240449437,178.4340845698753,0.8867291389678165,42,64,,False,True,,380,56.69694568066818
45,2026-09-19T05:45:42.318+00:00,2026-09-19T05:47:16.418+00:00,2026-09-19T05:47:21.296+00:00,True,51,51.0,,51.0,94099.528273,98977.140817,98977.140708,1940.7282491764706,0.0,94099.528273,13164.971295986532,651.0926169999999,97.55225087999999,235.35259239166092,0.5152704915400061,42,64,,False,True,,219,56.69694568066818
46,2026-09-19T05:45:42.673+00:00,2026-09-19T05:47:18.203+00:00,2026-09-19T05:47:23.245+00:00,True,52,52.0,,52.0,95529.94202,100571.903492,100571.903531,1934.0750679038463,0.0,95529.94202,13235.117338591936,112.67480555000002,98.86198964705883,180.56633914989862,0.5170430129537753,42,64,,False,True,,250,56.69694568066818
47,2026-09-19T05:45:43.185+00:00,2026-09-19T05:47:20.877+00:00,2026-09-19T05:47:30.069+00:00,True,94,94.0,,94.0,97691.435459,106883.072451,106883.072355,1137.0539612234043,47.988947,97691.435459,10065.924238234573,112.98156515,98.83480636559139,18.077950954233668,0.8794657361959146,42,64,,False,True,,463,56.69694568066818
48,2026-09-19T05:45:43.572+00:00,2026-09-19T05:47:22.933+00:00,2026-09-19T05:47:24.258+00:00,True,15,15.0,,15.0,99361.04326600001,100685.91904200001,100685.918967,6712.3945978,48.630855000000004,99361.04326600001,25630.48674897844,29886.8644787,94.633984,23.591431931925325,0.1489781306335687,42,64,,False,True,,59,56.69694568066818
49,2026-09-19T05:45:44.141+00:00,2026-09-19T05:47:26.251+00:00,2026-09-19T05:47:27.342+00:00,True,13,13.0,,13.0,102109.918528,103200.74144,103200.74143899999,7938.518572230769,50.406752999999995,102109.918528,28294.993000663835,40908.7987288,90.90190933333332,23.21793693022185,0.12596808723082756,42,64,,True,True,,56,56.69694568066818
50,2026-09-19T05:45:44.510+00:00,2026-09-19T05:47:28.226+00:00,2026-09-19T05:47:36.656+00:00,True,86,86.0,,86.0,103715.961784,112145.86668,112145.866813,1304.021707127907,46.58471,103715.961784,11173.295883408762,110.91984099999998,99.17535171764706,15.37371482531617,0.7668584009912258,42,64,,True,True,,404,56.69694568066818
51,2026-09-19T05:45:45.116+00:00,2026-09-19T05:47:31.657+00:00,2026-09-19T05:47:36.028+00:00,True,45,45.0,,45.0,106540.962654,110912.15523,110912.155207,2464.714560155556,45.087133,106540.962654,15867.388023608512,110.47316919999999,99.34528581818181,16.664737657102613,0.4057264950508166,42,64,,True,True,,140,56.69694568066818
52,2026-09-19T05:45:45.549+00:00,2026-09-19T05:47:33.930+00:00,2026-09-19T05:47:36.652+00:00,True,28,28.0,,28.0,108381.74074600001,111102.87457000001,111102.87450300001,3967.959803678572,48.794715,108381.74074600001,20463.183623829857,114.01017705,100.78273422222222,15.978653170182517,0.2520186818601052,42,64,,True,True,,132,56.69694568066818
53,2026-09-19T05:45:46.136+00:00,2026-09-19T05:47:36.861+00:00,2026-09-19T05:47:44.906+00:00,True,84,84.0,,84.0,110724.485489,118769.330289,118769.33049,1413.9206010714286,45.186903,110724.485489,12070.473078307905,110.99219444999999,96.92584096385542,20.22759649503922,0.7072532933847804,42,64,,True,True,,296,56.69694568066818
54,2026-09-19T05:45:46.742+00:00,2026-09-19T05:47:40.215+00:00,2026-09-19T05:47:49.433+00:00,True,92,92.0,,92.0,113473.127853,122690.638765,122690.638906,1333.5939011521739,46.227801,113473.127853,11819.840183545155,113.04744905,101.2913287032967,14.790338120444797,0.7498534601015124,42,64,,True,True,,328,56.69694568066818
55,2026-09-19T05:45:47.193+00:00,2026-09-19T05:47:42.712+00:00,2026-09-19T05:47:52.378+00:00,True,97,97.0,,97.0,115519.12835,125185.41954999999,125185.41946599999,1290.571334701031,48.341105999999996,115519.12835,11718.975861420804,111.04216600000001,100.69053333333333,14.631732175678428,0.7748506203732255,42,64,,True,True,,237,56.69694568066818
56,2026-09-19T05:45:47.619+00:00,2026-09-19T05:47:45.110+00:00,2026-09-19T05:47:51.231+00:00,True,62,62.0,,62.0,117490.66331399999,123611.66888199998,123611.668826,1993.7365939677418,48.232266,117490.66331399999,14908.592790113536,110.31898460000001,100.34435357377049,14.950530736851235,0.5015707704681616,42,64,,True,True,,314,56.69694568066818
57,2026-09-19T05:45:47.965+00:00,2026-09-19T05:47:46.861+00:00,2026-09-19T05:47:47.076+00:00,True,3,3.0,,3.0,118896.41760500001,119110.448453,119110.44865,39703.48288333334,105.84830000000001,118896.41760500001,68583.09327913861,107017.594119,107.015424,1.6508963441718563,0.02518670728692433,42,64,,True,True,,7,56.69694568066818
58,2026-09-19T05:45:48.312+00:00,2026-09-19T05:47:48.694+00:00,2026-09-19T05:47:51.228+00:00,True,27,27.0,,27.0,120382.357397,122915.682453,122915.682497,4552.4326850740745,45.202262000000005,120382.357397,23148.85323819338,111.7701498,97.43557907692308,21.094458039290434,0.21966277582459137,42,64,,True,True,,124,56.69694568066818
59,2026-09-19T05:45:48.781+00:00,2026-09-19T05:47:51.332+00:00,2026-09-19T05:48:00.889+00:00,True,97,97.0,,97.0,122550.71344499999,132107.926629,132107.926599,1361.9373876185566,48.897344,122550.71344499999,12433.039356510015,109.6992934,99.554304,14.063901021648668,0.7342481444917841,42,64,,True,True,,478,56.69694568066818
60,2026-09-19T05:45:49.162+00:00,2026-09-19T05:47:53.405+00:00,2026-09-19T05:47:55.588+00:00,True,24,24.0,,24.0,124242.82328,126425.971056,126425.970987,5267.748791125,43.828997,124242.82328,25341.59167071399,108.7498878,94.91946852173912,19.151735894821794,0.18983441297333817,42,64,,True,True,,80,56.69694568066818
61,2026-09-19T05:45:49.787+00:00,2026-09-19T05:47:56.096+00:00,2026-09-19T05:48:05.452+00:00,True,96,96.0,,96.0,126309.725334,135665.687446,135665.687343,1413.18424315625,44.491915,126309.725334,12881.393476472866,111.77503149999998,98.48381170526315,18.097565985199573,0.707621815119697,42,64,,True,True,,458,56.69694568066818
62,2026-09-19T05:45:50.298+00:00,2026-09-19T05:47:59.431+00:00,2026-09-19T05:48:05.451+00:00,True,62,62.0,,62.0,129133.398694,135153.245094,135153.24495700002,2179.8910476935484,46.697489999999995,129133.398694,16387.434182632845,112.18998259999998,98.68600655737706,17.588075903063174,0.4587385227552515,42,64,,True,True,,197,56.69694568066818
63,2026-09-19T05:45:50.931+00:00,2026-09-19T05:48:02.753+00:00,2026-09-19T05:48:03.848+00:00,True,12,12.0,,12.0,131822.39662800002,132917.53237200002,132917.532234,11076.461019500002,50.280582,131822.39662800002,38025.111517188336,59381.467346950005,99.5577949090909,16.575306708747597,0.09028154364478619,42,64,,True,True,,33,56.69694568066818
64,2026-09-19T05:45:51.351+00:00,2026-09-19T05:48:04.700+00:00,2026-09-19T05:48:04.915+00:00,True,3,3.0,,3.0,133349.454082,133564.72601800002,133564.72603400002,44521.57534466667,106.842658,133349.454082,76927.19955490483,120025.3516032,107.635968,1.1219578444273206,0.02246102013188498,42,64,,True,True,,12,56.69694568066818
65,2026-09-19T05:45:51.785+00:00,2026-09-19T05:48:06.983+00:00,2026-09-19T05:48:12.572+00:00,True,56,56.0,,56.0,135197.437217,140786.742305,140786.742215,2514.048968125,47.760307,135197.437217,18052.943384788196,113.59536950000002,101.62372887272727,14.779207548450927,0.39776472616066194,42,64,,True,True,,214,56.69694568066818
66,2026-09-19T05:45:52.247+00:00,2026-09-19T05:48:08.408+00:00,2026-09-19T05:48:08.516+00:00,True,2,2.0,,2.0,136160.785711,136269.050927,136269.050885,68134.5254425,108.265174,136160.785711,96203.65986923472,129358.15968415,108.265216,nan,0.014676846917143422,42,64,,True,True,,4,56.69694568066818
67,2026-09-19T05:45:52.636+00:00,2026-09-19T05:48:11.849+00:00,2026-09-19T05:48:20.562+00:00,True,87,87.0,,87.0,139213.169173,147925.646101,147925.646159,1700.2947834367817,46.392610999999995,139213.169173,14914.36385711532,110.7520234,101.30787125581395,14.359808505099801,0.5881333108431958,42,64,,True,True,,332,56.69694568066818
68,2026-09-19T05:45:53.064+00:00,2026-09-19T05:48:13.975+00:00,2026-09-19T05:48:13.975+00:00,True,1,1.0,,1.0,140910.847353,140910.847353,140910.847353,140910.847353,140910.847353,140910.847353,nan,140910.847353,nan,nan,0.007096685732751788,42,64,,True,True,,2,56.69694568066818
69,2026-09-19T05:45:53.480+00:00,2026-09-19T05:48:16.261+00:00,2026-09-19T05:48:21.552+00:00,True,53,53.0,,53.0,142780.652017,148071.243249,148071.243349,2793.7970443207546,44.658124,142780.652017,19598.46231675128,114.97078880000001,101.74213907692307,16.476332480857128,0.35793580736587716,42,64,,True,True,,258,56.69694568066818
70,2026-09-19T05:45:53.972+00:00,2026-09-19T05:48:19.359+00:00,2026-09-19T05:48:25.938+00:00,True,70,70.0,,70.0,145387.2841,151966.040708,151966.04064199998,2170.943437742857,45.584313,145387.2841,17365.721178314925,111.38678490000001,95.34429866666667,21.29097181766686,0.460629227910884,42,64,,True,True,,340,56.69694568066818
71,2026-09-19T05:45:54.388+00:00,2026-09-19T05:48:21.654+00:00,2026-09-19T05:48:26.782+00:00,True,55,55.0,,55.0,147265.945493,152393.396373,152393.39643,2770.789026,44.792383,147265.945493,19844.5443748668,110.73305599999999,94.95279407407408,21.814326286224023,0.3609080269159518,42,64,,True,True,,277,56.69694568066818
72,2026-09-19T05:45:54.959+00:00,2026-09-19T05:48:24.930+00:00,2026-09-19T05:48:28.691+00:00,True,38,38.0,,38.0,149970.752721,153732.345809,153732.345913,4045.5880503421054,47.589197999999996,149970.752721,24311.98152138007,113.99857299999998,101.66467805405405,15.926957854849624,0.24718285407035895,42,64,,True,True,,72,56.69694568066818
73,2026-09-19T05:45:55.414+00:00,2026-09-19T05:48:27.093+00:00,2026-09-19T05:48:34.043+00:00,True,70,70.0,,70.0,151678.921775,158628.21764699998,158628.217723,2266.117396042857,44.960384,151678.921775,18117.068011327323,112.47459944999999,100.71443292753624,16.05965514680075,0.4412834049221498,42,64,,True,True,,310,56.69694568066818
74,2026-09-19T05:45:55.877+00:00,2026-09-19T05:48:29.562+00:00,2026-09-19T05:48:31.024+00:00,True,16,16.0,,16.0,153685.253546,155146.88221799998,155146.88204599998,9696.680127874999,47.816947,153685.253546,38396.95770869267,38505.7448795,97.44191146666667,19.867324977919,0.103128079477086,42,64,,True,True,,67,56.69694568066818
75,2026-09-19T05:45:56.470+00:00,2026-09-19T05:48:32.447+00:00,2026-09-19T05:48:39.453+00:00,True,70,70.0,,70.0,155977.33201800002,162983.063858,162983.06401700003,2328.329485957143,45.766232,155977.33201800002,18630.72965322885,113.63084805,101.53234550724638,17.528625490100364,0.42949247819385655,42,64,,True,True,,325,56.69694568066818
76,2026-09-19T05:45:57.022+00:00,2026-09-19T05:48:35.632+00:00,2026-09-19T05:48:37.444+00:00,True,20,20.0,,20.0,158610.08445300002,160422.537573,160422.53754800002,8021.126877400001,44.271246,158610.08445300002,35444.97140508508,8037.5410219000005,95.39226947368421,25.499151679546646,0.12467076199252262,42,64,,True,True,,55,56.69694568066818
77,2026-09-19T05:45:57.463+00:00,2026-09-19T05:48:38.037+00:00,2026-09-19T05:48:39.930+00:00,True,19,19.0,,19.0,160573.947382,162466.386422,162466.38626,8550.862434736842,48.815386,160573.947382,36814.073048557846,16161.288801400002,105.13550222222223,14.789674877709786,0.11694726779143258,42,64,,True,True,,71,56.69694568066818
78,2026-09-19T05:45:58.020+00:00,2026-09-19T05:48:40.999+00:00,2026-09-19T05:48:43.008+00:00,True,20,20.0,,20.0,162979.92375,164988.841766,164988.84181399998,8249.442090699999,93.44417999999999,162979.92375,36419.77666219998,8258.89100665,105.73252715789474,5.016488467578727,0.12122031881626004,42,64,,True,True,,99,56.69694568066818
79,2026-09-19T05:45:58.556+00:00,2026-09-19T05:48:43.988+00:00,2026-09-19T05:48:47.041+00:00,True,33,33.0,,33.0,165432.232118,168485.294006,168485.29398500003,5105.614969242425,45.776042000000004,165432.232118,28781.453705315955,113.99960739999999,95.408184,20.323980259578022,0.19586279143641358,42,64,,True,True,,99,56.69694568066818
80,2026-09-19T05:45:59.021+00:00,2026-09-19T05:48:46.517+00:00,2026-09-19T05:48:54.674+00:00,True,82,82.0,,82.0,167496.413441,175652.78028900002,175652.78045400002,2142.107078707317,48.194455999999995,167496.413441,18485.76986863898,109.63388055,100.69588701234566,14.113234516024193,0.46683007160539164,42,64,,True,True,,288,56.69694568066818
81,2026-09-19T05:45:59.612+00:00,2026-09-19T05:48:49.741+00:00,2026-09-19T05:48:58.886+00:00,True,92,92.0,,92.0,170128.81688499998,179273.884405,179273.88442999998,1948.6291785869562,44.724065,170128.81688499998,17726.685045688584,111.98546455,100.49524747252748,15.971552919674167,0.5131812718028779,42,64,,True,True,,342,56.69694568066818
82,2026-09-19T05:46:00.176+00:00,2026-09-19T05:48:53.050+00:00,2026-09-19T05:48:55.301+00:00,True,23,23.0,,23.0,172874.390262,175125.017078,175125.017158,7614.131180782609,45.300354,172874.390262,36025.473287811146,112.2106523,102.3012189090909,13.392950083954707,0.13133474807745993,42,64,,True,True,,69,56.69694568066818
83,2026-09-19T05:46:00.681+00:00,2026-09-19T05:48:55.398+00:00,2026-09-19T05:49:05.113+00:00,True,99,99.0,,99.0,174716.420388,184431.367972,184431.367952,1862.9431106262625,45.165932999999995,174716.420388,17549.706351989662,110.5565466,99.13211820408164,17.423691543050975,0.5367850441527386,42,64,,True,True,,350,56.69694568066818
84,2026-09-19T05:46:01.094+00:00,2026-09-19T05:48:57.684+00:00,2026-09-19T05:49:06.542+00:00,True,90,90.0,,90.0,176589.443501,185447.515309,185447.515152,2060.5279461333334,45.880322,176589.443501,18603.678262533944,111.53991535000002,99.52889671910113,17.120299119413737,0.4853125147028173,42,64,,True,True,,457,56.69694568066818
85,2026-09-19T05:46:01.731+00:00,2026-09-19T05:49:00.894+00:00,2026-09-19T05:49:01.000+00:00,True,2,2.0,,2.0,179163.459531,179269.178827,179269.178692,89634.589346,105.719161,179163.459531,126612.94243956722,170210.5725125,105.719296,nan,0.011156407437611229,42,64,,True,True,,10,56.69694568066818
86,2026-09-19T05:46:02.371+00:00,2026-09-19T05:49:05.111+00:00,2026-09-19T05:49:11.947+00:00,True,69,69.0,,69.0,182739.675212,189576.013644,189576.01375800002,2747.4784602608697,42.33722,182739.675212,21987.17685366201,114.51475279999998,100.53438870588235,18.988708388171336,0.3639700966050133,42,64,,True,True,,327,56.69694568066818
87,2026-09-19T05:46:02.989+00:00,2026-09-19T05:49:08.094+00:00,2026-09-19T05:49:18.032+00:00,True,99,99.0,,99.0,185105.729551,195043.608591,195043.60854,1970.13746,44.533255,185105.729551,18593.64164694673,114.0881349,101.40692897959183,16.925332676932126,0.5075787959173772,42,64,,True,True,,527,56.69694568066818
88,2026-09-19T05:46:03.536+00:00,2026-09-19T05:49:11.051+00:00,2026-09-19T05:49:11.212+00:00,True,3,3.0,,3.0,187514.764431,187675.788175,187675.78822299998,62558.59607433333,54.894641,187514.764431,108215.21918856178,168773.900903,80.511872,36.22830480710904,0.015985013459501887,42,64,,True,True,,10,56.69694568066818
89,2026-09-19T05:46:04.135+00:00,2026-09-19T05:49:14.185+00:00,2026-09-19T05:49:17.448+00:00,True,33,33.0,,33.0,190049.92407100002,193312.99914300002,193312.99897500002,5857.969665909091,46.642900000000004,190049.92407100002,33065.69880362808,112.03840240000001,101.971096,17.321673994294976,0.17070760966048026,42,64,,True,True,,102,56.69694568066818
90,2026-09-19T05:46:04.671+00:00,2026-09-19T05:49:17.344+00:00,2026-09-19T05:49:24.377+00:00,True,72,72.0,,72.0,192673.08400799998,199706.69808799998,199706.69801999998,2773.704139166666,45.398392,192673.08400799998,22695.07307602321,111.336067,99.06498704225352,18.316889377822186,0.3605287188127936,42,64,,True,True,,267,56.69694568066818
91,2026-09-19T05:46:05.249+00:00,2026-09-19T05:49:20.170+00:00,2026-09-19T05:49:28.779+00:00,True,84,84.0,,84.0,194921.601746,203529.984466,203529.984512,2422.976006095238,52.846396,194921.601746,21256.37657323916,112.36224184999999,103.71545445783133,10.39252891718173,0.41271560168586524,42,64,,True,True,,394,56.69694568066818
92,2026-09-19T05:46:05.766+00:00,2026-09-19T05:49:23.632+00:00,2026-09-19T05:49:32.758+00:00,True,89,89.0,,89.0,197865.926776,206991.345016,206991.345108,2325.7454506516856,48.267786,197865.926776,20962.758699813203,113.9348718,103.69793454545454,13.610436491416365,0.42996966850532076,42,64,,True,True,,361,56.69694568066818
93,2026-09-19T05:46:06.308+00:00,2026-09-19T05:49:26.365+00:00,2026-09-19T05:49:28.143+00:00,True,18,18.0,,18.0,200056.844269,201834.45041299998,201834.450468,11213.025026,97.07086199999999,200056.844269,47129.204364618054,30103.075666149998,104.56506729411764,4.319530645687385,0.08918200021437289,42,64,,True,True,,88,56.69694568066818
94,2026-09-19T05:46:06.701+00:00,2026-09-19T05:49:28.454+00:00,2026-09-19T05:49:35.257+00:00,True,66,66.0,,66.0,201752.579522,208555.580866,208555.581016,3159.93304569697,46.64515,201752.579522,24821.146953531017,113.982254,104.66155913846154,14.340465838596467,0.3164624016578389,42,64,,True,True,,336,56.69694568066818
95,2026-09-19T05:46:07.347+00:00,2026-09-19T05:49:30.230+00:00,2026-09-19T05:49:36.503+00:00,True,61,61.0,,61.0,202883.229486,209156.356142,209156.356049,3428.7927221147543,45.265494,202883.229486,25963.153643746427,115.34989900000001,104.55211093333334,15.373230442515744,0.29164784243317954,42,64,,True,True,,284,56.69694568066818
96,2026-09-19T05:46:07.663+00:00,2026-09-19T05:49:34.280+00:00,2026-09-19T05:49:40.995+00:00,True,68,68.0,,68.0,206616.623796,213332.025268,213332.025431,3137.235668102941,45.677631999999996,206616.623796,25043.796722168176,112.73368275000001,100.22987271641792,16.542919375031033,0.3187519544455385,42,64,,True,True,,331,56.69694568066818
97,2026-09-19T05:46:08.079+00:00,2026-09-19T05:49:36.820+00:00,2026-09-19T05:49:41.350+00:00,True,48,48.0,,48.0,208740.806989,213270.579021,213270.578935,4443.137061145833,46.138731,208740.806989,30115.23478821785,110.8001584,96.37812834042553,18.390907939985183,0.2250662056639027,42,64,,True,True,,197,56.69694568066818
98,2026-09-19T05:46:08.646+00:00,2026-09-19T05:49:39.791+00:00,2026-09-19T05:49:40.373+00:00,True,7,7.0,,7.0,211145.8573,211727.91528400002,211727.91515000002,30246.845021428573,52.14392,211145.8573,79768.96908563704,147835.3104925,97.009664,22.315773592153224,0.03306129940688544,42,64,,True,True,,35,56.69694568066818
99,2026-09-19T05:46:09.205+00:00,2026-09-19T05:49:42.991+00:00,2026-09-19T05:49:47.494+00:00,True,48,48.0,,48.0,213786.471906,218289.651682,218289.651587,4547.701074729166,44.730427000000006,213786.471906,30843.598279747268,113.34206019999999,95.81233565957446,22.903655860106387,0.21989132160018945,42,64,,True,True,,223,56.69694568066818
100,2026-09-19T05:46:09.578+00:00,2026-09-19T05:49:44.795+00:00,2026-09-19T05:49:46.909+00:00,True,22,22.0,,22.0,215217.340922,217331.45881,217331.458934,9878.702678818181,47.580151,215217.340922,45863.03105186627,112.7557532,100.67228038095239,17.55203257799392,0.10122786696625127,42,64,,True,True,,80,56.69694568066818
101,2026-09-19T05:46:09.995+00:00,2026-09-19T05:49:46.911+00:00,2026-09-19T05:49:51.613+00:00,True,51,51.0,,51.0,216915.81359099998,221617.967319,221617.96716499998,4345.450336568627,45.627095000000004,216915.81359099998,30361.127879322587,110.80926950000001,94.04307456000001,21.085052606790548,0.23012574574601113,42,64,,True,True,,292,56.69694568066818
102,2026-09-19T05:46:10.605+00:00,2026-09-19T05:49:49.980+00:00,2026-09-19T05:49:52.526+00:00,True,27,27.0,,27.0,219374.553977,221920.644217,221920.644145,8219.283116481482,54.13753500000001,219374.553977,42199.808494003904,110.23750090000001,97.9265476923077,12.808420365431632,0.12166511184781291,42,64,,True,True,,144,56.69694568066818
103,2026-09-19T05:46:11.186+00:00,2026-09-19T05:49:52.833+00:00,2026-09-19T05:50:02.331+00:00,True,97,97.0,,97.0,221646.776412,231145.45238,231145.452362,2382.9428078556703,44.188778,221646.776412,22494.781907206616,111.6100888,98.94454133333333,18.781390099768018,0.4196491819381907,42,64,,True,True,,434,56.69694568066818
104,2026-09-19T05:46:11.703+00:00,2026-09-19T05:49:55.959+00:00,2026-09-19T05:50:05.548+00:00,True,97,97.0,,97.0,224255.912839,233844.763783,233844.76399099999,2410.7707627938144,46.211642999999995,224255.912839,22759.60277608707,112.2305228,99.883864,17.07065312662783,0.4148050973252183,42,64,,True,True,,418,56.69694568066818
105,2026-09-19T05:46:12.105+00:00,2026-09-19T05:49:58.022+00:00,2026-09-19T05:50:02.596+00:00,True,48,48.0,,48.0,225916.610876,230490.82885999998,230490.828824,4801.892267166667,45.059805999999995,225916.610876,32594.21380313182,114.57866090000002,97.32378689361703,21.983480024586203,0.20825123601405926,42,64,,True,True,,238,56.69694568066818
106,2026-09-19T05:46:12.534+00:00,2026-09-19T05:50:00.611+00:00,2026-09-19T05:50:06.678+00:00,True,64,64.0,,64.0,228077.210293,234144.00709300002,234144.007194,3658.50011240625,45.878144,228077.210293,28497.621361965834,113.31872215,96.2983619047619,20.66095815819005,0.27333605841374253,42,64,,True,True,,311,56.69694568066818
107,2026-09-19T05:46:13.071+00:00,2026-09-19T05:50:03.692+00:00,2026-09-19T05:50:07.792+00:00,True,44,44.0,,44.0,230621.475949,234721.259373,234721.25929900003,5334.574074977273,0.04819,230621.475949,34753.13725201102,113.4349282,95.34380055813953,32.909616795785176,0.18745639026279579,42,64,,True,True,,121,56.69694568066818
108,2026-09-19T05:46:13.695+00:00,2026-09-19T05:50:07.296+00:00,2026-09-19T05:50:11.621+00:00,True,46,46.0,,46.0,233601.581155,237926.788451,237926.788485,5172.321488804348,45.495754999999996,233601.581155,34428.50817756933,111.93606525,96.11571768888889,19.824414485906587,0.19333678355211148,42,64,,True,True,,198,56.69694568066818
109,2026-09-19T05:46:14.311+00:00,2026-09-19T05:50:10.713+00:00,2026-09-19T05:50:14.519+00:00,True,37,37.0,,37.0,236402.447552,240207.800768,240207.800811,6492.102724621622,46.248402999999996,236402.447552,38846.94675435485,113.2900808,105.704256,10.776139687904209,0.15403329900903479,42,64,,True,True,,142,56.69694568066818
110,2026-09-19T05:46:14.931+00:00,2026-09-19T05:50:14.087+00:00,2026-09-19T05:50:18.515+00:00,True,46,46.0,,46.0,239155.82115099998,243583.367263,243583.36721499998,5295.290591630434,45.862173999999996,239155.82115099998,35247.10170750588,113.90727325,98.3899136,21.501289627938174,0.1888470486177869,42,64,,True,True,,166,56.69694568066818
111,2026-09-19T05:46:15.563+00:00,2026-09-19T05:50:18.037+00:00,2026-09-19T05:50:23.779+00:00,True,60,60.0,,60.0,242474.097356,248215.92494000003,248215.924976,4136.932082933334,45.109406,242474.097356,31290.71250274142,110.8191402,97.31911159322034,17.807477157589197,0.24172502233490253,42,64,,True,True,,245,56.69694568066818
112,2026-09-19T05:46:16.161+00:00,2026-09-19T05:50:21.226+00:00,2026-09-19T05:50:29.354+00:00,True,85,85.0,,85.0,245065.08726600002,253193.07523400002,253193.07519200002,2978.7420610823533,46.099163999999995,245065.08726600002,26570.55129433178,110.07014179999999,96.76176152380953,17.65079963070257,0.3357121829712102,42,64,,True,True,,418,56.69694568066818
113,2026-09-19T05:46:16.563+00:00,2026-09-19T05:50:22.795+00:00,2026-09-19T05:50:29.146+00:00,True,67,67.0,,67.0,246232.24609,252582.87009,252582.869959,3769.893581477612,43.69871,246232.24609,30070.307066802907,109.4974406,96.22157575757575,18.68226622527532,0.2652594769238573,42,64,,True,True,,316,56.69694568066818
114,2026-09-19T05:46:16.959+00:00,2026-09-19T05:50:24.736+00:00,2026-09-19T05:50:34.013+00:00,True,95,95.0,,95.0,247777.40395500002,257053.867571,257053.86748500002,2705.830184052632,43.526301,247777.40395500002,25411.305563508227,110.93624329999999,98.68578314893617,16.424921860746892,0.36957234255096494,42,64,,True,True,,408,56.69694568066818
115,2026-09-19T05:46:17.557+00:00,2026-09-19T05:50:28.402+00:00,2026-09-19T05:50:33.088+00:00,True,46,46.0,,46.0,250845.22622799998,255531.21099599998,255531.21118699998,5555.026330152174,95.994529,250845.22622799998,36969.75750657978,111.21471374999999,104.13299484444444,4.192973839371732,0.18001714867120508,42,64,,True,True,,214,56.69694568066818
116,2026-09-19T05:46:17.928+00:00,2026-09-19T05:50:30.410+00:00,2026-09-19T05:50:35.009+00:00,True,47,47.0,,47.0,252481.638528,257080.865664,257080.86571800002,5469.805653574468,47.824709000000006,252481.638528,36813.65050040435,111.6350941,99.98319860869566,13.694397228650347,0.18282185209936294,42,64,,True,True,,226,56.69694568066818
117,2026-09-19T05:46:18.567+00:00,2026-09-19T05:50:33.083+00:00,2026-09-19T05:50:35.634+00:00,True,27,27.0,,27.0,254515.750532,257067.46970000002,257067.469816,9521.017400592593,52.982538,254515.750532,48962.69404432441,110.9886308,98.14304492307693,16.444933933542792,0.10503079223329671,42,64,,True,True,,119,56.69694568066818
118,2026-09-19T05:46:19.000+00:00,2026-09-19T05:50:35.953+00:00,2026-09-19T05:50:37.597+00:00,True,17,17.0,,17.0,256953.061331,258596.775123,258596.77502600002,15211.575001529412,48.495489,256953.061331,62295.35690279576,51483.723451800004,102.732112,15.308490656040663,0.06573941222551617,42,64,,True,True,,111,56.69694568066818
119,2026-09-19T05:46:19.597+00:00,2026-09-19T05:50:38.950+00:00,2026-09-19T05:50:43.156+00:00,True,43,43.0,,43.0,259353.51243099998,263559.22583899996,263559.225737,6129.284319465116,46.368393,259353.51243099998,39535.773578615685,113.45954900000001,100.13603352380952,18.71423435153856,0.16315118494947828,42,64,,True,True,,243,56.69694568066818
120,2026-09-19T05:46:20.152+00:00,2026-09-19T05:50:42.201+00:00,2026-09-19T05:50:51.244+00:00,True,93,93.0,,93.0,262049.334708,271091.58674,271091.586824,2914.9632991827957,46.851451999999995,262049.334708,27163.06388735197,113.7151312,98.28534817391305,17.270098031136733,0.343057492555809,42,64,,True,True,,338,56.69694568066818
121,2026-09-19T05:46:20.585+00:00,2026-09-19T05:50:44.205+00:00,2026-09-19T05:50:53.532+00:00,True,99,99.0,,99.0,263619.358925,272946.342861,272946.342842,2757.033766080808,45.727015,263619.358925,26485.18421454237,109.26182899999999,95.17330546938776,19.404981924314338,0.3627086516796325,42,64,,True,True,,379,56.69694568066818
122,2026-09-19T05:46:21.012+00:00,2026-09-19T05:50:46.568+00:00,2026-09-19T05:50:47.656+00:00,True,13,13.0,,13.0,265555.844616,266643.068424,266643.06829100003,20511.005253153846,48.785538,265555.844616,73626.81457020837,106287.9319098,90.601984,23.635836885868034,0.048754314435536614,42,64,,True,True,,59,56.69694568066818
123,2026-09-19T05:46:21.378+00:00,2026-09-19T05:50:48.427+00:00,2026-09-19T05:50:53.727+00:00,True,57,57.0,,57.0,267049.033682,272348.65633800003,272348.656321,4778.046602122808,43.520489999999995,267049.033682,35358.979489884565,112.9814642,94.63611885714285,20.341358209838496,0.20929054971822514,42,64,,True,True,,243,56.69694568066818
124,2026-09-19T05:46:21.908+00:00,2026-09-19T05:50:51.296+00:00,2026-09-19T05:50:57.494+00:00,True,65,65.0,,65.0,269388.01987300004,275586.703265,275586.70332900004,4239.79543583077,48.250108999999995,269388.01987300004,33401.462874401885,110.65367619999999,96.854428,17.747558603822707,0.23586043604395882,42,64,,True,True,,322,56.69694568066818
125,2026-09-19T05:46:22.806+00:00,2026-09-19T05:50:53.827+00:00,2026-09-19T05:50:55.333+00:00,True,16,16.0,,16.0,271020.98507700005,272527.01848500007,272527.01839100005,17032.938649437503,49.715836,271020.98507700005,67730.14719327413,67836.50180250002,100.4022272,14.652457493331022,0.05870977523236157,42,64,,True,True,,100,56.69694568066818
126,2026-09-19T05:46:22.872+00:00,2026-09-19T05:50:54.543+00:00,2026-09-19T05:50:55.915+00:00,True,15,15.0,,15.0,271670.995398,273043.329478,273043.329549,18202.8886366,51.033573,271670.995398,70119.84216069077,81579.2750599,98.02386285714284,19.142520040646907,0.05493633566759081,42,64,,True,True,,60,56.69694568066818
127,2026-09-19T05:46:23.091+00:00,2026-09-19T05:50:58.124+00:00,2026-09-19T05:51:01.132+00:00,True,32,32.0,,32.0,275032.69215200003,278040.48863200005,278040.48867000005,8688.765270937502,43.56968,275032.69215200003,48602.22228140144,113.2159051,97.0256929032258,19.39703597860181,0.11509115149899458,42,64,,True,True,,146,56.69694568066818
128,2026-09-19T05:46:23.608+00:00,2026-09-19T05:51:00.610+00:00,2026-09-19T05:51:05.743+00:00,True,51,51.0,,51.0,277002.52124900004,282135.10723300005,282135.107031,5532.060922176472,48.600339,277002.52124900004,38773.73958174703,112.8406515,102.65171968000001,13.5608815311776,0.18076445891535886,42,64,,True,True,,188,56.69694568066818
129,2026-09-19T05:46:24.091+00:00,2026-09-19T05:51:03.406+00:00,2026-09-19T05:51:09.217+00:00,True,62,62.0,,62.0,279314.75966000004,285125.283308,285125.28329600004,4598.794891870968,47.98668,279314.75966000004,35460.918909700085,112.077598,95.25448603278689,21.29911229254661,0.21744827144292894,42,64,,True,True,,300,56.69694568066818
130,2026-09-19T05:46:24.522+00:00,2026-09-19T05:51:05.212+00:00,2026-09-19T05:51:10.577+00:00,True,58,58.0,,58.0,280690.914687,286055.50937499997,286055.509346,4931.991540448275,42.495352,280690.914687,36844.17159504353,111.49216205,94.11569628070175,22.66279354786148,0.20275784978490244,42,64,,True,True,,195,56.69694568066818
131,2026-09-19T05:46:24.876+00:00,2026-09-19T05:51:07.511+00:00,2026-09-19T05:51:11.615+00:00,True,42,42.0,,42.0,282634.823958,286739.437846,286739.437849,6827.1294725952375,48.639599000000004,282634.823958,43596.054767590955,111.266846,100.11253385365855,14.381639405651418,0.1464744449368596,42,64,,True,True,,130,56.69694568066818
132,2026-09-19T05:46:25.465+00:00,2026-09-19T05:51:10.781+00:00,2026-09-19T05:51:16.671+00:00,True,60,60.0,,60.0,285315.20416799997,291205.630792,291205.630771,4853.427179516666,47.657131,285315.20416799997,36821.148643686356,113.06902995,99.83773938983052,15.405947198320323,0.20603997194977428,42,64,,True,True,,207,56.69694568066818
133,2026-09-19T05:46:25.907+00:00,2026-09-19T05:51:12.978+00:00,2026-09-19T05:51:18.102+00:00,True,53,53.0,,53.0,287071.069198,292194.988046,292194.98809,5513.112982830189,44.168499000000004,287071.069198,39418.71320013321,112.5231142,98.53690092307693,18.648027853580036,0.18138572586212964,42,64,,True,True,,269,56.69694568066818
134,2026-09-19T05:46:26.333+00:00,2026-09-19T05:51:15.313+00:00,2026-09-19T05:51:15.732+00:00,True,5,5.0,,5.0,288979.968499,289398.698739,289398.69868800003,57879.7397376,101.02166899999999,288979.968499,129188.95539049855,231206.74451480003,104.68256,6.126124529271231,0.017277202771769716,42,64,,True,True,,18,56.69694568066818
135,2026-09-19T05:46:26.814+00:00,2026-09-19T05:51:18.102+00:00,2026-09-19T05:51:26.828+00:00,False,88,87.0,,87.0,291288.009167,300013.629391,300013.629274,3409.2457872045456,0.021309,291288.009167,31040.721026555682,113.87082534999999,100.29448533333333,19.96114106035419,0.28998682552056704,42,64,,True,False,Request timeout: 300.0s exceeded,415,56.69694568066818
136,2026-09-19T05:46:27.317+00:00,2026-09-19T05:51:19.879+00:00,2026-09-19T05:51:27.358+00:00,False,77,76.0,,76.0,292562.674649,300040.834521,300040.83451899997,3896.6342145324675,0.06508,292562.674649,33329.4055440399,114.67434239999999,98.39684042105263,23.028782927500984,0.25329885554188036,42,64,,True,False,Request timeout: 300.0s exceeded,267,56.69694568066818
137,2026-09-19T05:46:27.853+00:00,2026-09-19T05:51:23.941+00:00,2026-09-19T05:51:25.449+00:00,True,16,16.0,,16.0,296088.234895,297595.286671,297595.286597,18599.7054123125,51.018543,296088.234895,73996.94380262226,74109.58004275,100.4701184,20.332702423879184,0.05376429236827414,42,64,,True,True,,45,56.69694568066818
138,2026-09-19T05:46:28.486+00:00,2026-09-19T05:51:27.044+00:00,2026-09-19T05:51:28.514+00:00,False,17,16.0,,16.0,298558.021741,300028.581741,300028.581837,17648.740108058824,0.04621,298558.021741,72388.67140698893,59800.6097282,91.91,31.54877154002219,0.05332825261898554,42,64,,True,False,Request timeout: 300.0s exceeded,60,56.69694568066818
139,2026-09-19T05:46:28.843+00:00,2026-09-19T05:51:28.834+00:00,2026-09-19T05:51:29.603+00:00,False,9,8.0,,8.0,299991.111411,300759.738099,300759.738017,33417.748668555556,0.02278,299991.111411,99965.01775216837,180043.01021180005,96.078336,39.19592669981792,0.026599304981994195,42,64,,True,False,Request timeout: 300.0s exceeded,35,56.69694568066818
140,2026-09-19T05:46:29.319+00:00,2026-09-19T05:51:29.603+00:00,2026-09-19T05:51:29.603+00:00,False,1,0.0,,0.0,300284.420922,300284.420922,300284.420922,300284.420922,300284.420922,300284.420922,nan,300284.420922,nan,nan,0.0,42,64,,True,False,TTFT timeout: 300.0s exceeded (TTFT: 300.003s),0,56.69694568066818
141,2026-09-19T05:46:29.672+00:00,2026-09-19T05:51:29.769+00:00,2026-09-19T05:51:29.769+00:00,False,1,0.0,,0.0,300097.253631,300097.253631,300097.253631,300097.253631,300097.253631,300097.253631,nan,300097.253631,nan,nan,0.0,42,64,,True,False,"HTTPConnectionPool(host='gpu03', port=9002): Read timed out.",0,56.69694568066818
142,2026-09-19T05:46:30.144+00:00,2026-09-19T05:51:30.151+00:00,2026-09-19T05:51:30.151+00:00,False,1,0.0,,0.0,300006.89999199996,300006.89999199996,300006.89999199996,300006.89999199996,300006.89999199996,300006.89999199996,nan,300006.89999199996,nan,nan,0.0,42,64,,True,False,"HTTPConnectionPool(host='gpu03', port=9002): Read timed out.",0,56.69694568066818
143,2026-09-19T05:46:30.541+00:00,2026-09-19T05:51:30.659+00:00,2026-09-19T05:51:30.659+00:00,False,1,0.0,,0.0,300117.988527,300117.988527,300117.988527,300117.988527,300117.988527,300117.988527,nan,300117.988527,nan,nan,0.0,42,64,,True,False,TTFT timeout: 300.0s exceeded (TTFT: 300.099s),0,56.69694568066818
144,2026-09-19T05:46:30.957+00:00,2026-09-19T05:51:30.983+00:00,2026-09-19T05:51:30.983+00:00,False,1,0.0,,0.0,300025.288711,300025.288711,300025.288711,300025.288711,300025.288711,300025.288711,nan,300025.288711,nan,nan,0.0,42,64,,True,False,TTFT timeout: 300.0s exceeded (TTFT: 300.003s),0,56.69694568066818
145,2026-09-19T05:46:31.498+00:00,2026-09-19T05:51:31.208+00:00,2026-09-19T05:51:31.530+00:00,False,6,5.0,,5.0,299709.45558300003,300032.04911900003,300032.04905300005,50005.34150883334,0.02426,299709.45558300003,122329.54074722457,224811.96692875001,64.51870720000001,47.94383115034696,0.016664886350247463,42,64,,True,False,Request timeout: 300.0s exceeded,12,56.69694568066818
146,2026-09-19T05:46:32.000+00:00,2026-09-19T05:51:32.106+00:00,2026-09-19T05:51:32.106+00:00,False,1,0.0,,0.0,300106.090139,300106.090139,300106.090139,300106.090139,300106.090139,300106.090139,nan,300106.090139,nan,nan,0.0,42,64,,True,False,"HTTPConnectionPool(host='gpu03', port=9002): Read timed out.",0,56.69694568066818
147,2026-09-19T05:46:32.474+00:00,2026-09-19T05:51:32.529+00:00,2026-09-19T05:51:32.529+00:00,False,1,0.0,,0.0,300054.94876,300054.94876,300054.94876,300054.94876,300054.94876,300054.94876,nan,300054.94876,nan,nan,0.0,42,64,,True,False,TTFT timeout: 300.0s exceeded (TTFT: 300.043s),0,56.69694568066818
148,2026-09-19T05:46:32.890+00:00,2026-09-19T05:51:32.912+00:00,2026-09-19T05:51:32.912+00:00,False,1,0.0,,0.0,300022.250887,300022.250887,300022.250887,300022.250887,300022.250887,300022.250887,nan,300022.250887,nan,nan,0.0,42,64,,True,False,TTFT timeout: 300.0s exceeded (TTFT: 300.016s),0,56.69694568066818
149,2026-09-19T05:46:33.460+00:00,2026-09-19T05:51:33.550+00:00,2026-09-19T05:51:33.550+00:00,False,1,0.0,,0.0,300090.23533,300090.23533,300090.23533,300090.23533,300090.23533,300090.23533,nan,300090.23533,nan,nan,0.0,42,64,,True,False,"HTTPConnectionPool(host='gpu03', port=9002): Read timed out.",0,56.69694568066818
150,2026-09-19T05:46:33.840+00:00,2026-09-19T05:51:33.932+00:00,2026-09-19T05:51:33.932+00:00,False,1,0.0,,0.0,300092.17578399996,300092.17578399996,300092.17578399996,300092.17578399996,300092.17578399996,300092.17578399996,nan,300092.17578399996,nan,nan,0.0,42,64,,True,False,"HTTPConnectionPool(host='gpu03', port=9002): Read timed out.",0,56.69694568066818
151,2026-09-19T05:46:34.199+00:00,2026-09-19T05:51:34.231+00:00,2026-09-19T05:51:34.231+00:00,False,1,0.0,,0.0,300032.20543000003,300032.20543000003,300032.20543000003,300032.20543000003,300032.20543000003,300032.20543000003,nan,300032.20543000003,nan,nan,0.0,42,64,,True,False,"HTTPConnectionPool(host='gpu03', port=9002): Read timed out.",0,56.69694568066818
152,2026-09-19T05:46:34.751+00:00,2026-09-19T05:51:34.547+00:00,2026-09-19T05:51:34.852+00:00,False,5,4.0,,4.0,299796.47542900004,300101.554469,300101.554438,60020.31088760001,0.02043,299796.47542900004,134038.95822302514,239858.74053560002,76.26976,51.424281399304746,0.01332882132875854,42,64,,True,False,Request timeout: 300.0s exceeded,13,56.69694568066818
153,2026-09-19T05:46:35.125+00:00,2026-09-19T05:51:35.232+00:00,2026-09-19T05:51:35.232+00:00,False,1,0.0,,0.0,300106.292516,300106.292516,300106.292516,300106.292516,300106.292516,300106.292516,nan,300106.292516,nan,nan,0.0,42,64,,True,False,"HTTPConnectionPool(host='gpu03', port=9002): Read timed out.",0,56.69694568066818
154,2026-09-19T05:46:35.611+00:00,2026-09-19T05:51:35.678+00:00,2026-09-19T05:51:35.678+00:00,False,1,0.0,,0.0,300067.30103,300067.30103,300067.30103,300067.30103,300067.30103,300067.30103,nan,300067.30103,nan,nan,0.0,42,64,,True,False,"HTTPConnectionPool(host='gpu03', port=9002): Read timed out.",0,56.69694568066818
155,2026-09-19T05:46:36.151+00:00,2026-09-19T05:51:36.014+00:00,2026-09-19T05:51:36.252+00:00,False,4,3.0,,3.0,299862.772037,300101.104197,300101.10430999997,75025.27607749999,0.06186,299862.772037,149891.67515085515,254903.825663,79.44405333333333,70.8970325274707,0.00999663099550165,42,64,,True,False,Request timeout: 300.0s exceeded,14,56.69694568066818
156,2026-09-19T05:46:36.757+00:00,2026-09-19T05:51:36.796+00:00,2026-09-19T05:51:36.796+00:00,False,1,0.0,,0.0,300039.507802,300039.507802,300039.507802,300039.507802,300039.507802,300039.507802,nan,300039.507802,nan,nan,0.0,42,64,,True,False,"HTTPConnectionPool(host='gpu03', port=9002): Read timed out.",0,56.69694568066818
157,2026-09-19T05:46:37.748+00:00,2026-09-19T05:51:37.330+00:00,2026-09-19T05:51:37.894+00:00,False,7,6.0,,6.0,299582.173652,300145.91842,300145.918428,42877.98834685715,0.02568,299582.173652,113195.91389062873,209746.28488760002,93.95746133333333,46.86971861831383,0.019990276834629762,42,64,,True,False,Request timeout: 300.0s exceeded,29,56.69694568066818
158,2026-09-19T05:46:37.764+00:00,2026-09-19T05:51:37.459+00:00,2026-09-19T05:51:37.787+00:00,True,4,4.0,,4.0,299695.527083,300023.458731,300023.458769,75005.86469225,107.847262,299695.527083,149793.10826408825,254757.71649875,109.31054933333333,1.2696834127440324,0.013332290804588004,42,64,,True,True,,9,56.69694568066818
159,2026-09-19T05:46:38.128+00:00,2026-09-19T05:51:38.156+00:00,2026-09-19T05:51:38.156+00:00,False,1,0.0,,0.0,300027.336251,300027.336251,300027.336251,300027.336251,300027.336251,300027.336251,nan,300027.336251,nan,nan,0.0,42,64,,True,False,"HTTPConnectionPool(host='gpu03', port=9002): Read timed out.",0,56.69694568066818
160,2026-09-19T05:46:38.482+00:00,2026-09-19T05:51:38.497+00:00,2026-09-19T05:51:38.497+00:00,False,1,0.0,,0.0,300015.487835,300015.487835,300015.487835,300015.487835,300015.487835,300015.487835,nan,300015.487835,nan,nan,0.0,42,64,,True,False,"HTTPConnectionPool(host='gpu03', port=9002): Read timed out.",0,56.69694568066818
161,2026-09-19T05:46:39.064+00:00,2026-09-19T05:51:39.362+00:00,2026-09-19T05:51:39.527+00:00,False,5,4.0,,4.0,300297.19875700003,300463.064741,300463.064497,60092.61289940001,0.02302,300297.19875700003,134278.44788309574,240250.59069420001,41.466496,28.459335510301244,0.01331278439647153,42,64,,True,False,Request timeout: 300.0s exceeded,22,56.69694568066818
162,2026-09-19T05:46:39.580+00:00,2026-09-19T05:51:39.635+00:00,2026-09-19T05:51:39.635+00:00,False,1,0.0,,0.0,300055.05479,300055.05479,300055.05479,300055.05479,300055.05479,300055.05479,nan,300055.05479,nan,nan,0.0,42,64,,True,False,"HTTPConnectionPool(host='gpu03', port=9002): Read timed out.",0,56.69694568066818
163,2026-09-19T05:46:40.165+00:00,2026-09-19T05:51:40.276+00:00,2026-09-19T05:51:40.276+00:00,False,1,0.0,,0.0,300111.18247,300111.18247,300111.18247,300111.18247,300111.18247,300111.18247,nan,300111.18247,nan,nan,0.0,42,64,,True,False,"HTTPConnectionPool(host='gpu03', port=9002): Read timed out.",0,56.69694568066818
164,2026-09-19T05:46:40.625+00:00,2026-09-19T05:51:40.727+00:00,2026-09-19T05:51:40.727+00:00,False,1,0.0,,0.0,300101.78761400003,300101.78761400003,300101.78761400003,300101.78761400003,300101.78761400003,300101.78761400003,nan,300101.78761400003,nan,nan,0.0,42,64,,True,False,"HTTPConnectionPool(host='gpu03', port=9002): Read timed out.",0,56.69694568066818
165,2026-09-19T05:46:41.239+00:00,2026-09-19T05:51:40.952+00:00,2026-09-19T05:51:41.273+00:00,False,5,4.0,,4.0,299713.096089,300033.898649,300033.898583,60006.7797166,0.02068,299713.096089,133999.91329184722,239796.45931939996,80.20064,56.014448769542405,0.013331826896931642,42,64,,True,False,Request timeout: 300.0s exceeded,14,56.69694568066818
166,2026-09-19T05:46:41.605+00:00,2026-09-19T05:51:41.083+00:00,2026-09-19T05:51:41.622+00:00,False,8,7.0,,7.0,299478.30596499995,300017.7276609999,300017.72781699995,37502.21597712499,0.05777,299478.30596499995,105854.33174887845,194697.08050629997,77.06024228571428,39.08084415472964,0.023331954596728145,42,64,,True,False,Request timeout: 300.0s exceeded,32,56.69694568066818
167,2026-09-19T05:46:41.955+00:00,2026-09-19T05:51:41.975+00:00,2026-09-19T05:51:41.975+00:00,False,1,0.0,,0.0,300019.82026099996,300019.82026099996,300019.82026099996,300019.82026099996,300019.82026099996,300019.82026099996,nan,300019.82026099996,nan,nan,0.0,42,64,,True,False,"HTTPConnectionPool(host='gpu03', port=9002): Read timed out.",0,56.69694568066818
168,2026-09-19T05:46:42.322+00:00,2026-09-19T05:51:42.400+00:00,2026-09-19T05:51:42.400+00:00,False,1,0.0,,0.0,300078.315394,300078.315394,300078.315394,300078.315394,300078.315394,300078.315394,nan,300078.315394,nan,nan,0.0,42,64,,True,False,TTFT timeout: 300.0s exceeded (TTFT: 300.073s),0,56.69694568066818
169,2026-09-19T05:46:42.918+00:00,2026-09-19T05:51:42.816+00:00,2026-09-19T05:51:43.035+00:00,False,4,3.0,,3.0,299898.58939700003,300116.856021,300116.85595600004,75029.21398900001,0.043408999999999996,299898.58939700003,149912.92576389766,254930.45859170004,72.75554133333333,63.00030977244748,0.009996106315968077,42,64,,True,False,Request timeout: 300.0s exceeded,22,56.69694568066818
170,2026-09-19T05:46:43.340+00:00,2026-09-19T05:51:43.138+00:00,2026-09-19T05:51:43.447+00:00,False,5,4.0,,4.0,299797.71654,300106.722364,300106.722381,60021.3444762,0.01905,299797.71654,134039.07426116674,239859.2964796,77.251456,51.52679697621765,0.013328591803912984,42,64,,True,False,Request timeout: 300.0s exceeded,9,56.69694568066818
171,2026-09-19T05:46:43.891+00:00,2026-09-19T05:51:43.989+00:00,2026-09-19T05:51:43.989+00:00,False,1,0.0,,0.0,300097.66089,300097.66089,300097.66089,300097.66089,300097.66089,300097.66089,nan,300097.66089,nan,nan,0.0,42,64,,True,False,"HTTPConnectionPool(host='gpu03', port=9002): Read timed out.",0,56.69694568066818
172,2026-09-19T05:46:44.496+00:00,2026-09-19T05:51:44.350+00:00,2026-09-19T05:51:44.629+00:00,False,4,3.0,,3.0,299853.409672,300132.67316,300132.67313099996,75033.16828274999,0.023960000000000002,299853.409672,149880.1756211527,254897.9272126,93.08782933333333,81.28619776411553,0.009995579516265151,42,64,,True,False,Request timeout: 300.0s exceeded,10,56.69694568066818
173,2026-09-19T05:46:45.080+00:00,2026-09-19T05:51:44.992+00:00,2026-09-19T05:51:45.098+00:00,False,3,2.0,,2.0,299912.48439600004,300018.13482800004,300018.13492400007,100006.04497466669,0.06534000000000001,299912.48439600004,173124.062958319,269931.7944752,52.825216,74.6138170411365,0.006666263694848303,42,64,,True,False,Request timeout: 300.0s exceeded,8,56.69694568066818
174,2026-09-19T05:46:45.550+00:00,2026-09-19T05:51:45.656+00:00,2026-09-19T05:51:45.656+00:00,False,1,0.0,,0.0,300105.73181699996,300105.73181699996,300105.73181699996,300105.73181699996,300105.73181699996,300105.73181699996,nan,300105.73181699996,nan,nan,0.0,42,64,,True,False,"HTTPConnectionPool(host='gpu03', port=9002): Read timed out.",0,56.69694568066818
175,2026-09-19T05:46:46.066+00:00,2026-09-19T05:51:46.012+00:00,2026-09-19T05:51:46.171+00:00,False,3,2.0,,2.0,299945.257181,300104.277469,300104.277476,100034.75915866667,0.03698,299945.257181,173127.58801137778,269966.6297944,79.510144,112.39219042227444,0.006664350194763868,42,64,,True,False,Request timeout: 300.0s exceeded,4,56.69694568066818
176,2026-09-19T05:46:46.522+00:00,2026-09-19T05:51:46.286+00:00,2026-09-19T05:51:46.583+00:00,False,5,4.0,,4.0,299763.852071,300061.17149499996,300061.171378,60012.23427559999,0.04126,299763.852071,134025.23571383313,239832.32001,74.329856,49.793645204312675,0.01333061515447244,42,64,,True,False,Request timeout: 300.0s exceeded,22,56.69694568066818
177,2026-09-19T05:46:46.968+00:00,2026-09-19T05:51:47.032+00:00,2026-09-19T05:51:47.032+00:00,False,1,0.0,,0.0,300064.044184,300064.044184,300064.044184,300064.044184,300064.044184,300064.044184,nan,300064.044184,nan,nan,0.0,42,64,,True,False,"HTTPConnectionPool(host='gpu03', port=9002): Read timed out.",0,56.69694568066818
178,2026-09-19T05:46:47.568+00:00,2026-09-19T05:51:47.677+00:00,2026-09-19T05:51:47.677+00:00,False,1,0.0,,0.0,300108.430543,300108.430543,300108.430543,300108.430543,300108.430543,300108.430543,nan,300108.430543,nan,nan,0.0,42,64,,True,False,TTFT timeout: 300.0s exceeded (TTFT: 300.100s),0,56.69694568066818
179,2026-09-19T05:46:48.136+00:00,2026-09-19T05:51:48.066+00:00,2026-09-19T05:51:48.164+00:00,False,3,2.0,,2.0,299930.41274,300028.232644,300028.232576,100009.41085866667,0.04607,299930.41274,173136.67327462055,269947.1488426,48.909952,69.10395049246293,0.0066660393336153475,42,64,,True,False,Request timeout: 300.0s exceeded,10,56.69694568066818
180,2026-09-19T05:46:48.512+00:00,2026-09-19T05:51:48.605+00:00,2026-09-19T05:51:48.605+00:00,False,1,0.0,,0.0,300093.093206,300093.093206,300093.093206,300093.093206,300093.093206,300093.093206,nan,300093.093206,nan,nan,0.0,42,64,,True,False,"HTTPConnectionPool(host='gpu03', port=9002): Read timed out.",0,56.69694568066818
181,2026-09-19T05:46:49.005+00:00,2026-09-19T05:51:49.110+00:00,2026-09-19T05:51:49.110+00:00,False,1,0.0,,0.0,300105.496076,300105.496076,300105.496076,300105.496076,300105.496076,300105.496076,nan,300105.496076,nan,nan,0.0,42,64,,True,False,TTFT timeout: 300.0s exceeded (TTFT: 300.094s),0,56.69694568066818
182,2026-09-19T05:46:49.439+00:00,2026-09-19T05:51:49.392+00:00,2026-09-19T05:51:49.524+00:00,False,3,2.0,,2.0,299953.192032,300084.95881599997,300084.958759,100028.31958633332,0.03866,299953.192032,173140.03090659608,269971.0456355,65.883392,93.11851866207599,0.006664779227493103,42,64,,True,False,Request timeout: 300.0s exceeded,4,56.69694568066818
183,2026-09-19T05:46:49.799+00:00,2026-09-19T05:51:49.524+00:00,2026-09-19T05:51:49.865+00:00,False,5,4.0,,4.0,299724.224416,300065.970592,300065.970445,60013.194089000004,0.023960000000000002,299724.224416,134002.54935418314,239805.4619246,85.436544,58.75975572087658,0.013330401951638843,42,64,,True,False,Request timeout: 300.0s exceeded,17,56.69694568066818
184,2026-09-19T05:46:50.172+00:00,2026-09-19T05:51:50.264+00:00,2026-09-19T05:51:50.264+00:00,False,1,0.0,,0.0,300092.211319,300092.211319,300092.211319,300092.211319,300092.211319,300092.211319,nan,300092.211319,nan,nan,0.0,42,64,,True,False,"HTTPConnectionPool(host='gpu03', port=9002): Read timed out.",0,56.69694568066818
185,2026-09-19T05:46:50.799+00:00,2026-09-19T05:51:50.997+00:00,2026-09-19T05:51:51.461+00:00,False,6,5.0,,5.0,300198.093579,300662.632459,300662.63224799995,50110.438707999994,0.02521,300198.093579,122517.43895239012,225185.11940175,92.907776,54.9876830971859,0.01662993488451488,42,64,,True,False,Request timeout: 300.0s exceeded,15,56.69694568066818
186,2026-09-19T05:46:51.290+00:00,2026-09-19T05:51:51.367+00:00,2026-09-19T05:51:51.566+00:00,False,4,3.0,,3.0,300077.31910100003,300275.517629,300275.51775400003,75068.87943850001,0.02239,300077.31910100003,150005.63376257895,255081.30685460006,66.066176,57.39810999138644,0.009990824505734748,42,64,,True,False,Request timeout: 300.0s exceeded,9,56.69694568066818
187,2026-09-19T05:46:51.722+00:00,2026-09-19T05:51:51.828+00:00,2026-09-19T05:51:51.828+00:00,False,1,0.0,,0.0,300105.65063499997,300105.65063499997,300105.65063499997,300105.65063499997,300105.65063499997,300105.65063499997,nan,300105.65063499997,nan,nan,0.0,42,64,,True,False,"HTTPConnectionPool(host='gpu03', port=9002): Read timed out.",0,56.69694568066818
188,2026-09-19T05:46:52.267+00:00,2026-09-19T05:51:52.373+00:00,2026-09-19T05:51:52.373+00:00,False,1,0.0,,0.0,300106.287962,300106.287962,300106.287962,300106.287962,300106.287962,300106.287962,nan,300106.287962,nan,nan,0.0,42,64,,True,False,"HTTPConnectionPool(host='gpu03', port=9002): Read timed out.",0,56.69694568066818
189,2026-09-19T05:46:52.847+00:00,2026-09-19T05:51:52.768+00:00,2026-09-19T05:51:52.989+00:00,False,3,2.0,,2.0,299921.062742,300141.775446,300141.77560999995,100047.25853666666,0.046729999999999994,299921.062742,173095.82714168687,269951.02308159997,110.356352,156.00155865412114,0.006663517589406111,42,64,,True,False,Request timeout: 300.0s exceeded,3,56.69694568066818
190,2026-09-19T05:46:53.219+00:00,2026-09-19T05:51:52.988+00:00,2026-09-19T05:51:53.265+00:00,False,5,4.0,,4.0,299768.611346,300045.826834,300045.826935,60009.165387,0.040670000000000005,299768.611346,134029.6109907394,239834.758384,69.303872,46.83711507330365,0.01333129689623377,42,64,,True,False,Request timeout: 300.0s exceeded,14,56.69694568066818
191,2026-09-19T05:46:53.582+00:00,2026-09-19T05:51:53.069+00:00,2026-09-19T05:51:53.475+00:00,True,5,5.0,,5.0,299487.133528,299892.94012,299892.94005,59978.58800999999,94.846186,299487.133528,133889.34731284954,239611.04836,101.451648,5.008534262313477,0.01667261656109439,42,64,,True,True,,14,56.69694568066818
192,2026-09-19T05:46:54.145+00:00,2026-09-19T05:51:54.184+00:00,2026-09-19T05:51:54.184+00:00,False,1,0.0,,0.0,300038.835539,300038.835539,300038.835539,300038.835539,300038.835539,300038.835539,nan,300038.835539,nan,nan,0.0,42,64,,True,False,"HTTPConnectionPool(host='gpu03', port=9002): Read timed out.",0,56.69694568066818
193,2026-09-19T05:46:54.526+00:00,2026-09-19T05:51:54.531+00:00,2026-09-19T05:51:54.644+00:00,False,3,2.0,,2.0,300005.31492900004,300118.87320100004,300118.87331100006,100039.62443700002,0.02028,300005.31492900004,173175.37715284684,270016.1372463,56.779136,80.26922313594102,0.006664026086291915,42,64,,True,False,Request timeout: 300.0s exceeded,4,56.69694568066818
194,2026-09-19T05:46:55.672+00:00,2026-09-19T05:51:54.777+00:00,2026-09-19T05:51:55.807+00:00,False,12,11.0,,11.0,299104.881475,300134.029379,300134.029336,25011.169111333333,0.02422,299104.881475,86317.1411027996,134668.78835425002,93.55890036363635,37.26320562133251,0.03665029261346949,42,64,,True,False,Request timeout: 300.0s exceeded,44,56.69694568066818
195,2026-09-19T05:46:55.729+00:00,2026-09-19T05:51:55.809+00:00,2026-09-19T05:51:56.025+00:00,False,4,3.0,,3.0,300080.002943,300295.736703,300295.736843,75073.93421075,0.02414,300080.002943,150004.0546895186,255085.78855789997,71.91125333333333,63.17212162911172,0.009990151818129457,42,64,,True,False,Request timeout: 300.0s exceeded,7,56.69694568066818
196,2026-09-19T05:46:56.028+00:00,2026-09-19T05:51:56.140+00:00,2026-09-19T05:51:56.140+00:00,False,1,0.0,,0.0,300111.905931,300111.905931,300111.905931,300111.905931,300111.905931,300111.905931,nan,300111.905931,nan,nan,0.0,42,64,,True,False,"HTTPConnectionPool(host='gpu03', port=9002): Read timed out.",0,56.69694568066818
197,2026-09-19T05:46:56.614+00:00,2026-09-19T05:51:56.719+00:00,2026-09-19T05:51:56.719+00:00,False,1,0.0,,0.0,300105.66314099997,300105.66314099997,300105.66314099997,300105.66314099997,300105.66314099997,300105.66314099997,nan,300105.66314099997,nan,nan,0.0,42,64,,True,False,"HTTPConnectionPool(host='gpu03', port=9002): Read timed out.",0,56.69694568066818
198,2026-09-19T05:46:57.112+00:00,2026-09-19T05:51:57.221+00:00,2026-09-19T05:51:57.221+00:00,False,1,0.0,,0.0,300108.815778,300108.815778,300108.815778,300108.815778,300108.815778,300108.815778,nan,300108.815778,nan,nan,0.0,42,64,,True,False,"HTTPConnectionPool(host='gpu03', port=9002): Read timed out.",0,56.69694568066818
199,2026-09-19T05:46:57.629+00:00,2026-09-19T05:51:57.412+00:00,2026-09-19T05:51:57.711+00:00,False,5,4.0,,4.0,299782.750902,300082.078646,300082.078647,60016.4157294,0.03619,299782.750902,134033.46301296403,239846.57844559997,74.831936,49.92121747755714,0.01332968639129799,42,64,,True,False,Request timeout: 300.0s exceeded,12,56.69694568066818
200,2026-09-19T05:46:58.235+00:00,2026-09-19T05:51:58.325+00:00,2026-09-19T05:51:58.325+00:00,False,1,0.0,,0.0,300089.776889,300089.776889,300089.776889,300089.776889,300089.776889,300089.776889,nan,300089.776889,nan,nan,0.0,42,64,,True,False,TTFT timeout: 300.0s exceeded (TTFT: 300.067s),0,56.69694568066818
201,2026-09-19T05:46:58.872+00:00,2026-09-19T05:51:58.928+00:00,2026-09-19T05:51:58.928+00:00,False,1,0.0,,0.0,300055.594671,300055.594671,300055.594671,300055.594671,300055.594671,300055.594671,nan,300055.594671,nan,nan,0.0,42,64,,True,False,TTFT timeout: 300.0s exceeded (TTFT: 300.036s),0,56.69694568066818
202,2026-09-19T05:46:59.333+00:00,2026-09-19T05:51:59.200+00:00,2026-09-19T05:51:59.426+00:00,False,4,3.0,,3.0,299867.586562,300092.87603399996,300092.876018,75023.2190045,0.03681,299867.586562,149896.25443476098,254904.34863564998,75.09649066666667,65.00355631622594,0.009996905090343115,42,64,,True,False,Request timeout: 300.0s exceeded,8,56.69694568066818
203,2026-09-19T05:46:59.906+00:00,2026-09-19T05:52:00.017+00:00,2026-09-19T05:52:00.017+00:00,False,1,0.0,,0.0,300111.150431,300111.150431,300111.150431,300111.150431,300111.150431,300111.150431,nan,300111.150431,nan,nan,0.0,42,64,,True,False,"HTTPConnectionPool(host='gpu03', port=9002): Read timed out.",0,56.69694568066818
204,2026-09-19T05:47:00.376+00:00,2026-09-19T05:52:00.415+00:00,2026-09-19T05:52:00.415+00:00,False,1,0.0,,0.0,300039.08473500004,300039.08473500004,300039.08473500004,300039.08473500004,300039.08473500004,300039.08473500004,nan,300039.08473500004,nan,nan,0.0,42,64,,True,False,TTFT timeout: 300.0s exceeded (TTFT: 300.018s),0,56.69694568066818
205,2026-09-19T05:47:00.754+00:00,2026-09-19T05:52:00.800+00:00,2026-09-19T05:52:00.800+00:00,False,1,0.0,,0.0,300045.22658899997,300045.22658899997,300045.22658899997,300045.22658899997,300045.22658899997,300045.22658899997,nan,300045.22658899997,nan,nan,0.0,42,64,,True,False,TTFT timeout: 300.0s exceeded (TTFT: 300.030s),0,56.69694568066818
206,2026-09-19T05:47:01.103+00:00,2026-09-19T05:52:01.015+00:00,2026-09-19T05:52:01.131+00:00,False,3,2.0,,2.0,299911.79856699996,300027.517991,300027.51803299994,100009.17267766665,0.046560000000000004,299911.79856699996,173120.7619566499,269932.1860009,57.859712,81.76009838710323,0.006666055211842251,42,64,,True,False,Request timeout: 300.0s exceeded,4,56.69694568066818
207,2026-09-19T05:47:01.670+00:00,2026-09-19T05:52:01.771+00:00,2026-09-19T05:52:01.771+00:00,False,1,0.0,,0.0,300101.330459,300101.330459,300101.330459,300101.330459,300101.330459,300101.330459,nan,300101.330459,nan,nan,0.0,42,64,,True,False,"HTTPConnectionPool(host='gpu03', port=9002): Read timed out.",0,56.69694568066818
208,2026-09-19T05:47:02.259+00:00,2026-09-19T05:52:02.183+00:00,2026-09-19T05:52:02.183+00:00,True,1,1.0,,1.0,299923.82246,299923.82246,299923.82246,299923.82246,299923.82246,299923.82246,nan,299923.82246,nan,nan,0.0033341799654256115,42,64,,True,True,,2,56.69694568066818
209,2026-09-19T05:47:02.804+00:00,2026-09-19T05:52:02.463+00:00,2026-09-19T05:52:02.836+00:00,False,7,6.0,,6.0,299658.286042,300032.154074,300032.154224,42861.73631771428,0.05668,299658.286042,113236.6423398458,209801.9009443,62.311338666666664,45.610814047680066,0.01999785662479415,42,64,,True,False,Request timeout: 300.0s exceeded,16,56.69694568066818
210,2026-09-19T05:47:03.268+00:00,2026-09-19T05:52:03.353+00:00,2026-09-19T05:52:03.353+00:00,False,1,0.0,,0.0,300084.95471200004,300084.95471200004,300084.95471200004,300084.95471200004,300084.95471200004,300084.95471200004,nan,300084.95471200004,nan,nan,0.0,42,64,,True,False,"HTTPConnectionPool(host='gpu03', port=9002): Read timed out.",0,56.69694568066818
211,2026-09-19T05:47:03.871+00:00,2026-09-19T05:52:03.937+00:00,2026-09-19T05:52:04.533+00:00,True,6,6.0,,6.0,300065.624572,300661.969148,300661.969167,50110.3281945,99.06458500000001,300065.624572,122452.58796575876,225085.949064,119.26891520000001,17.839270993443737,0.019955965887546345,42,64,,True,True,,27,56.69694568066818
212,2026-09-19T05:47:04.454+00:00,2026-09-19T05:52:04.320+00:00,2026-09-19T05:52:05.150+00:00,False,10,9.0,,9.0,299866.027078,300696.401478,300696.401649,30069.6401649,0.03691,299866.027078,94796.79315705935,164977.21990225,92.26382222222222,34.86248074567403,0.02993052113614493,42,64,,True,False,Request timeout: 300.0s exceeded,25,56.69694568066818
213,2026-09-19T05:47:04.964+00:00,2026-09-19T05:52:05.282+00:00,2026-09-19T05:52:05.282+00:00,False,1,0.0,,0.0,300317.55593300005,300317.55593300005,300317.55593300005,300317.55593300005,300317.55593300005,300317.55593300005,nan,300317.55593300005,nan,nan,0.0,42,64,,True,False,"HTTPConnectionPool(host='gpu03', port=9002): Read timed out.",0,56.69694568066818
214,2026-09-19T05:47:05.322+00:00,2026-09-19T05:52:05.342+00:00,2026-09-19T05:52:05.342+00:00,False,1,0.0,,0.0,300019.945484,300019.945484,300019.945484,300019.945484,300019.945484,300019.945484,nan,300019.945484,nan,nan,0.0,42,64,,True,False,"HTTPConnectionPool(host='gpu03', port=9002): Read timed out.",0,56.69694568066818
215,2026-09-19T05:47:05.940+00:00,2026-09-19T05:52:06.052+00:00,2026-09-19T05:52:06.052+00:00,False,1,0.0,,0.0,300111.34740100004,300111.34740100004,300111.34740100004,300111.34740100004,300111.34740100004,300111.34740100004,nan,300111.34740100004,nan,nan,0.0,42,64,,True,False,"HTTPConnectionPool(host='gpu03', port=9002): Read timed out.",0,56.69694568066818
216,2026-09-19T05:47:06.491+00:00,2026-09-19T05:52:06.545+00:00,2026-09-19T05:52:06.545+00:00,False,1,0.0,,0.0,300053.322191,300053.322191,300053.322191,300053.322191,300053.322191,300053.322191,nan,300053.322191,nan,nan,0.0,42,64,,True,False,TTFT timeout: 300.0s exceeded (TTFT: 300.023s),0,56.69694568066818
217,2026-09-19T05:47:06.886+00:00,2026-09-19T05:52:06.545+00:00,2026-09-19T05:52:06.893+00:00,False,6,5.0,,5.0,299659.076346,300006.65753,300006.657582,50001.109597,0.0221,299659.076346,122306.93228003522,224770.47306775005,69.5162368,44.68017085761194,0.016666296812096613,42,64,,True,False,Request timeout: 300.0s exceeded,15,56.69694568066818
218,2026-09-19T05:47:07.319+00:00,2026-09-19T05:52:07.386+00:00,2026-09-19T05:52:07.386+00:00,False,1,0.0,,0.0,300066.97188599996,300066.97188599996,300066.97188599996,300066.97188599996,300066.97188599996,300066.97188599996,nan,300066.97188599996,nan,nan,0.0,42,64,,True,False,"HTTPConnectionPool(host='gpu03', port=9002): Read timed out.",0,56.69694568066818
219,2026-09-19T05:47:07.837+00:00,2026-09-19T05:52:07.851+00:00,2026-09-19T05:52:07.851+00:00,False,1,0.0,,0.0,300013.65199,300013.65199,300013.65199,300013.65199,300013.65199,300013.65199,nan,300013.65199,nan,nan,0.0,42,64,,True,False,TTFT timeout: 300.0s exceeded (TTFT: 300.003s),0,56.69694568066818
220,2026-09-19T05:47:08.196+00:00,2026-09-19T05:52:08.128+00:00,2026-09-19T05:52:08.269+00:00,False,3,2.0,,2.0,299931.90038999997,300073.45917399996,300073.45918299997,100024.48639433332,0.0285,299931.90038999997,173124.91338197255,269952.8633803,70.779392,100.05698981033336,0.006665034640202166,42,64,,True,False,Request timeout: 300.0s exceeded,17,56.69694568066818
221,2026-09-19T05:47:08.823+00:00,2026-09-19T05:52:08.872+00:00,2026-09-19T05:52:08.872+00:00,False,1,0.0,,0.0,300048.954462,300048.954462,300048.954462,300048.954462,300048.954462,300048.954462,nan,300048.954462,nan,nan,0.0,42,64,,True,False,"HTTPConnectionPool(host='gpu03', port=9002): Read timed out.",0,56.69694568066818
222,2026-09-19T05:47:09.200+00:00,2026-09-19T05:52:09.307+00:00,2026-09-19T05:52:09.307+00:00,False,1,0.0,,0.0,300107.363806,300107.363806,300107.363806,300107.363806,300107.363806,300107.363806,nan,300107.363806,nan,nan,0.0,42,64,,True,False,"HTTPConnectionPool(host='gpu03', port=9002): Read timed out.",0,56.69694568066818
223,2026-09-19T05:47:09.737+00:00,2026-09-19T05:52:09.731+00:00,2026-09-19T05:52:09.865+00:00,False,3,2.0,,2.0,299993.544866,300127.63357,300127.633607,100042.54453566668,0.02755,299993.544866,173162.6587664903,270007.5964985,67.044352,94.77593170234326,0.006663831571288925,42,64,,True,False,Request timeout: 300.0s exceeded,10,56.69694568066818
224,2026-09-19T05:47:10.150+00:00,2026-09-19T05:52:09.992+00:00,2026-09-19T05:52:10.204+00:00,False,4,3.0,,3.0,299842.009762,300053.683618,300053.683512,75013.420878,0.0282,299842.009762,149885.73422640524,254881.84174059998,70.557952,61.10496760651212,0.009998210866223912,42,64,,True,False,Request timeout: 300.0s exceeded,7,56.69694568066818
225,2026-09-19T05:47:10.606+00:00,2026-09-19T05:52:10.721+00:00,2026-09-19T05:52:10.721+00:00,False,1,0.0,,0.0,300115.134611,300115.134611,300115.134611,300115.134611,300115.134611,300115.134611,nan,300115.134611,nan,nan,0.0,42,64,,True,False,"HTTPConnectionPool(host='gpu03', port=9002): Read timed out.",0,56.69694568066818
226,2026-09-19T05:47:11.082+00:00,2026-09-19T05:52:11.145+00:00,2026-09-19T05:52:11.145+00:00,False,1,0.0,,0.0,300063.091457,300063.091457,300063.091457,300063.091457,300063.091457,300063.091457,nan,300063.091457,nan,nan,0.0,42,64,,True,False,"HTTPConnectionPool(host='gpu03', port=9002): Read timed out.",0,56.69694568066818
227,2026-09-19T05:47:11.511+00:00,2026-09-19T05:52:11.507+00:00,2026-09-19T05:52:11.632+00:00,False,3,2.0,,2.0,299996.399853,300121.121261,300121.121226,100040.373742,0.03034,299996.399853,173167.0094696137,270009.228971,62.360704,88.14827075396998,0.0066639761693436505,42,64,,True,False,Request timeout: 300.0s exceeded,4,56.69694568066818
228,2026-09-19T05:47:12.059+00:00,2026-09-19T05:52:11.833+00:00,2026-09-19T05:52:12.129+00:00,False,5,4.0,,4.0,299774.155517,300070.229245,300070.22928,60014.045856000004,0.03682,299774.155517,134029.98270476633,239839.65201360002,74.018432,49.41163529374481,0.013330212764072966,42,64,,True,False,Request timeout: 300.0s exceeded,11,56.69694568066818
229,2026-09-19T05:47:12.674+00:00,2026-09-19T05:52:12.777+00:00,2026-09-19T05:52:12.777+00:00,False,1,0.0,,0.0,300103.43248,300103.43248,300103.43248,300103.43248,300103.43248,300103.43248,nan,300103.43248,nan,nan,0.0,42,64,,True,False,"HTTPConnectionPool(host='gpu03', port=9002): Read timed out.",0,56.69694568066818
230,2026-09-19T05:47:13.143+00:00,2026-09-19T05:52:13.097+00:00,2026-09-19T05:52:13.217+00:00,False,3,2.0,,2.0,299954.489683,300074.643027,300074.643048,100024.88101600001,0.07890000000000001,299954.489683,173144.13046949854,269971.0481612,60.076672,84.84937437500201,0.006665008345340411,42,64,,True,False,Request timeout: 300.0s exceeded,5,56.69694568066818
231,2026-09-19T05:47:13.762+00:00,2026-09-19T05:52:13.466+00:00,2026-09-19T05:52:13.817+00:00,False,6,5.0,,5.0,299703.90873100003,300054.52658700006,300054.52663900005,50009.08777316667,0.0206,299703.90873100003,122324.98710373233,224803.1831235,70.1235712,44.76013152177195,0.016663637962316367,42,64,,True,False,Request timeout: 300.0s exceeded,23,56.69694568066818
232,2026-09-19T05:47:14.368+00:00,2026-09-19T05:52:14.483+00:00,2026-09-19T05:52:14.483+00:00,False,1,0.0,,0.0,300114.691153,300114.691153,300114.691153,300114.691153,300114.691153,300114.691153,nan,300114.691153,nan,nan,0.0,42,64,,True,False,"HTTPConnectionPool(host='gpu03', port=9002): Read timed out.",0,56.69694568066818
233,2026-09-19T05:47:14.719+00:00,2026-09-19T05:52:14.782+00:00,2026-09-19T05:52:14.782+00:00,False,1,0.0,,0.0,300063.267962,300063.267962,300063.267962,300063.267962,300063.267962,300063.267962,nan,300063.267962,nan,nan,0.0,42,64,,True,False,TTFT timeout: 300.0s exceeded (TTFT: 300.054s),0,56.69694568066818
234,2026-09-19T05:47:15.207+00:00,2026-09-19T05:52:14.913+00:00,2026-09-19T05:52:15.254+00:00,False,5,4.0,,4.0,299706.517614,300047.125358,300047.12538700004,60009.4250774,0.035679999999999996,299706.517614,133994.7572743214,239788.61233180002,85.151936,56.847500263899725,0.013331239201933416,42,64,,True,False,Request timeout: 300.0s exceeded,23,56.69694568066818
235,2026-09-19T05:47:15.663+00:00,2026-09-19T05:52:15.686+00:00,2026-09-19T05:52:15.686+00:00,False,1,0.0,,0.0,300022.069478,300022.069478,300022.069478,300022.069478,300022.069478,300022.069478,nan,300022.069478,nan,nan,0.0,42,64,,True,False,"HTTPConnectionPool(host='gpu03', port=9002): Read timed out.",0,56.69694568066818
236,2026-09-19T05:47:16.125+00:00,2026-09-19T05:52:16.181+00:00,2026-09-19T05:52:16.181+00:00,False,1,0.0,,0.0,300056.052284,300056.052284,300056.052284,300056.052284,300056.052284,300056.052284,nan,300056.052284,nan,nan,0.0,42,64,,True,False,"HTTPConnectionPool(host='gpu03', port=9002): Read timed out.",0,56.69694568066818
238,2026-09-19T05:47:17.627+00:00,2026-09-19T05:52:16.661+00:00,2026-09-19T05:52:17.737+00:00,False,13,12.0,,12.0,299034.617906,300110.624818,300110.625012,23085.43269323077,0.038429000000000005,299034.617906,82912.4171308682,119682.3609038,89.66724266666667,32.2197576554378,0.039985255461306365,42,64,,True,False,Request timeout: 300.0s exceeded,33,56.69694568066818
237,2026-09-19T05:47:17.478+00:00,2026-09-19T05:52:16.773+00:00,2026-09-19T05:52:17.867+00:00,False,13,12.0,,12.0,299294.523634,300388.998386,300388.99821399996,23106.846016461535,0.04027,299294.523634,82984.07588867897,119796.3835444,91.20622933333333,34.16502329712484,0.03994820071466131,42,64,,True,False,Request timeout: 300.0s exceeded,57,56.69694568066818
239,2026-09-19T05:47:17.736+00:00,2026-09-19T05:52:17.980+00:00,2026-09-19T05:52:17.980+00:00,False,1,0.0,,0.0,300243.749352,300243.749352,300243.749352,300243.749352,300243.749352,300243.749352,nan,300243.749352,nan,nan,0.0,42,64,,True,False,"HTTPConnectionPool(host='gpu03', port=9002): Read timed out.",0,56.69694568066818
240,2026-09-19T05:47:17.945+00:00,2026-09-19T05:52:18.000+00:00,2026-09-19T05:52:18.000+00:00,False,1,0.0,,0.0,300055.100393,300055.100393,300055.100393,300055.100393,300055.100393,300055.100393,nan,300055.100393,nan,nan,0.0,42,64,,True,False,"HTTPConnectionPool(host='gpu03', port=9002): Read timed out.",0,56.69694568066818
241,2026-09-19T05:47:18.585+00:00,2026-09-19T05:52:18.677+00:00,2026-09-19T05:52:18.677+00:00,False,1,0.0,,0.0,300092.84707,300092.84707,300092.84707,300092.84707,300092.84707,300092.84707,nan,300092.84707,nan,nan,0.0,42,64,,True,False,"HTTPConnectionPool(host='gpu03', port=9002): Read timed out.",0,56.69694568066818
242,2026-09-19T05:47:19.158+00:00,2026-09-19T05:52:19.142+00:00,2026-09-19T05:52:20.479+00:00,False,16,15.0,,15.0,299984.315322,301321.658042,301321.658116,18832.60363225,0.02156,299984.315322,74973.80965906999,75187.095816,89.15618133333332,56.5075293222625,0.04978068983647106,42,64,,True,False,Request timeout: 300.0s exceeded,59,56.69694568066818
243,2026-09-19T05:47:19.755+00:00,2026-09-19T05:52:19.398+00:00,2026-09-19T05:52:20.689+00:00,False,17,16.0,,16.0,299642.758176,300933.73161599995,300933.73162499996,17701.984213235293,0.02323,299642.758176,72654.48182035697,60016.56541119999,80.68584,33.79665811876482,0.05316785165318874,42,64,,True,False,Request timeout: 300.0s exceeded,38,56.69694568066818
244,2026-09-19T05:47:20.234+00:00,2026-09-19T05:52:21.326+00:00,2026-09-19T05:52:21.326+00:00,False,1,0.0,,0.0,301091.889652,301091.889652,301091.889652,301091.889652,301091.889652,301091.889652,nan,301091.889652,nan,nan,0.0,42,64,,True,False,"HTTPConnectionPool(host='gpu03', port=9002): Read timed out.",0,56.69694568066818
0,2026-09-19T05:45:20.815+00:00,2026-09-19T05:45:21.092+00:00,2026-09-19T05:45:22.877+00:00,True,22,22.0,,22.0,277.171969,2061.697537,2061.697409,93.71351859090909,32.976913999999994,277.171969,50.13594300432414,151.30296684999996,84.977408,29.602501647505942,10.670818393668187,43,64,,False,True,,67,56.69694568066818
1,2026-09-19T05:45:21.251+00:00,2026-09-19T05:45:21.449+00:00,2026-09-19T05:45:23.084+00:00,True,18,18.0,,18.0,197.359504,1832.559248,1832.559385,101.80885472222222,41.961532,197.359504,35.392870554952836,160.06594015000002,96.18822023529412,26.95846059744126,9.822329084118104,43,64,,False,True,,50,56.69694568066818
2,2026-09-19T05:45:21.909+00:00,2026-09-19T05:45:24.233+00:00,2026-09-19T05:45:27.000+00:00,True,31,31.0,,31.0,2324.423185,5091.526673,5091.5266790000005,164.24279609677419,47.434829,2324.423185,401.57405977353056,113.627505,92.23678293333333,23.434750455826496,6.088547107960912,43,64,,False,True,,133,56.69694568066818
3,2026-09-19T05:45:22.477+00:00,2026-09-19T05:45:27.521+00:00,2026-09-19T05:45:32.506+00:00,True,51,51.0,,51.0,5044.8403880000005,10029.612228000002,10029.612175,196.65906225490198,46.44232100000001,5044.8403880000005,692.6285926241939,112.184094,99.6954368,15.491230493302028,5.084942352768296,43,64,,False,True,,186,56.69694568066818
4,2026-09-19T05:45:22.948+00:00,2026-09-19T05:45:29.888+00:00,2026-09-19T05:45:36.359+00:00,True,66,66.0,,66.0,6940.630931,13411.457171,13411.457123,203.2038958030303,0.0,6940.630931,842.7992490801854,137.8496565,99.55117292307693,35.11402778562401,4.921165475047245,43,64,,False,True,,386,56.69694568066818
5,2026-09-19T05:45:23.339+00:00,2026-09-19T05:45:32.201+00:00,2026-09-19T05:45:38.719+00:00,True,67,67.0,,67.0,8862.060555,15380.178187000001,15380.178158,229.55489788059703,0.0,8862.060555,1071.4427294899776,211.7012727,98.75935806060606,42.61841127174908,4.356256422089526,43,64,,False,True,,280,56.69694568066818
6,2026-09-19T05:45:24.045+00:00,2026-09-19T05:45:36.199+00:00,2026-09-19T05:45:39.600+00:00,True,37,37.0,,37.0,12154.240753,15555.050224999999,15555.050231,420.406763,0.0,12154.240753,1983.414423635584,262.8430912,94.46692977777778,57.120408351840034,2.3786487002487324,43,64,,False,True,,105,56.69694568066818
7,2026-09-19T05:45:24.648+00:00,2026-09-19T05:45:39.074+00:00,2026-09-19T05:45:47.729+00:00,True,89,89.0,,89.0,14425.851279999999,23080.236687999997,23080.236747,259.32850277528087,0.0,14425.851279999999,1519.5747605141685,132.70332259999998,98.34528872727273,51.47432716422821,3.856112968125382,43,64,,False,True,,388,56.69694568066818
8,2026-09-19T05:45:25.092+00:00,2026-09-19T05:45:41.584+00:00,2026-09-19T05:45:48.771+00:00,True,75,75.0,,75.0,16491.191719000002,23679.128487,23679.128622000004,315.72171496000004,0.0,16491.191719000002,1893.5987542134417,121.7098014,97.13428064864866,47.0234056134328,3.1673462999778685,43,64,,False,True,,368,56.69694568066818
9,2026-09-19T05:45:25.697+00:00,2026-09-19T05:45:44.924+00:00,2026-09-19T05:45:48.192+00:00,True,35,35.0,,35.0,19227.139263999998,22494.632896,22494.632861,642.7037960285713,0.0,19227.139263999998,3234.1750722504007,182.5659137,96.10275388235294,54.130048254099115,1.5559267031303146,43,64,,False,True,,124,56.69694568066818
10,2026-09-19T05:45:26.222+00:00,2026-09-19T05:45:47.940+00:00,2026-09-19T05:45:50.642+00:00,True,29,29.0,,29.0,21717.474662,24419.434598,24419.434566,842.0494677931034,0.0,21717.474662,4015.4442286273975,280.7742058,96.49856914285715,66.42086994524973,1.1875786838395987,43,64,,False,True,,128,56.69694568066818
11,2026-09-19T05:45:26.755+00:00,2026-09-19T05:45:50.949+00:00,2026-09-19T05:45:59.023+00:00,True,85,85.0,,85.0,24193.087114,32267.309962000003,32267.309940000003,379.61541105882355,0.0,24193.087114,2614.5439863049487,113.6852634,96.12170057142856,67.50078780026492,2.634245002143076,43,64,,False,True,,341,56.69694568066818
12,2026-09-19T05:45:27.171+00:00,2026-09-19T05:45:53.016+00:00,2026-09-19T05:45:55.979+00:00,True,33,33.0,,33.0,25845.722143,28808.234783,28808.234931,872.9768160909091,0.0,25845.722143,4483.693487087441,256.699648,92.57852,77.3630272284209,1.1455057989000283,43,64,,False,True,,102,56.69694568066818
13,2026-09-19T05:45:27.658+00:00,2026-09-19T05:45:55.356+00:00,2026-09-19T05:45:57.596+00:00,True,26,26.0,,26.0,27698.036137,29938.696361,29938.696246,1151.488317153846,45.308814,27698.036137,5414.508455655638,110.733417,89.62640895999999,24.644338079011586,0.8684412870384434,43,64,,False,True,,78,56.69694568066818
14,2026-09-19T05:45:28.185+00:00,2026-09-19T05:45:58.858+00:00,2026-09-19T05:46:04.094+00:00,True,54,54.0,,54.0,30672.520405000003,35908.504277,35908.50433900001,664.9723025740741,0.0,30672.520405000003,4161.128425954746,115.08501965,98.79214852830188,69.59180381258261,1.5038220356782699,43,64,,False,True,,277,56.69694568066818
15,2026-09-19T05:45:28.627+00:00,2026-09-19T05:46:01.343+00:00,2026-09-19T05:46:08.755+00:00,True,75,75.0,,75.0,32715.870586,40127.755642000004,40127.75552,535.0367402666667,0.0,32715.870586,3767.189947227901,116.2530801,100.16060886486487,89.63731857247421,1.8690305201495174,43,64,,False,True,,299,56.69694568066818
16,2026-09-19T05:45:29.306+00:00,2026-09-19T05:46:04.995+00:00,2026-09-19T05:46:14.360+00:00,True,96,96.0,,96.0,35689.26079,45054.481398,45054.481273,469.31751326041666,0.0,35689.26079,3633.952557741669,112.04788424999998,98.58126955789474,104.74637598038618,2.1307536347374647,43,64,,False,True,,462,56.69694568066818
17,2026-09-19T05:45:29.958+00:00,2026-09-19T05:46:08.360+00:00,2026-09-19T05:46:11.745+00:00,True,35,35.0,,35.0,38401.524660999996,41787.109556999996,41787.109495,1193.917414142857,93.56787200000001,38401.524660999996,6474.212483520948,109.9767381,99.57602635294117,4.492158398752679,0.8375788699205914,43,64,,False,True,,102,56.69694568066818
18,2026-09-19T05:45:30.663+00:00,2026-09-19T05:46:11.544+00:00,2026-09-19T05:46:13.276+00:00,True,19,19.0,,19.0,40881.026035999996,42612.75621199999,42612.756311,2242.776647947368,0.0,40881.026035999996,9358.105690654902,4758.078989,96.207232,168.13123736296308,0.4458758758873591,43,64,,False,True,,54,56.69694568066818
19,2026-09-19T05:45:31.338+00:00,2026-09-19T05:46:15.312+00:00,2026-09-19T05:46:17.656+00:00,True,25,25.0,,25.0,43973.916181,46317.927701,46317.92781,1852.7171124000001,46.064533000000004,43973.916181,8775.270457963334,113.92849880000001,97.66714666666667,19.447705141734392,0.5397478091287804,43,64,,False,True,,97,56.69694568066818
20,2026-09-19T05:45:32.032+00:00,2026-09-19T05:46:19.241+00:00,2026-09-19T05:46:28.181+00:00,True,88,88.0,,88.0,47208.904365,56148.246957,56148.246861,638.048259784091,0.0,47208.904365,5022.937370314851,117.4868147,102.75106427586206,119.4657556334014,1.5672795638195618,43,64,,False,True,,316,56.69694568066818
21,2026-09-19T05:45:32.489+00:00,2026-09-19T05:46:21.852+00:00,2026-09-19T05:46:30.342+00:00,True,84,84.0,,84.0,49362.495139,57853.390499,57853.390312999996,688.7308370595238,0.0,49362.495139,5376.165231587451,116.57546100000002,102.29994409638554,125.06267646065362,1.451946018642623,43,64,,False,True,,349,56.69694568066818
22,2026-09-19T05:45:33.207+00:00,2026-09-19T05:46:25.719+00:00,2026-09-19T05:46:34.295+00:00,True,84,84.0,,84.0,52511.536633,61088.103417000006,61088.103493,727.2393272976191,0.0,52511.536633,5718.8256561089975,115.02791865,103.33212992771085,84.83902517505811,1.3750631514388105,43,64,,False,True,,346,56.69694568066818
23,2026-09-19T05:45:33.743+00:00,2026-09-19T05:46:28.388+00:00,2026-09-19T05:46:32.587+00:00,True,43,43.0,,43.0,54644.708661,58844.464180999996,58844.46436799999,1368.4759155348836,0.0,54644.708661,8318.830332427695,113.4003111,99.99417904761904,119.6026550893041,0.7307399361771071,43,64,,False,True,,214,56.69694568066818
24,2026-09-19T05:45:34.268+00:00,2026-09-19T05:46:31.192+00:00,2026-09-19T05:46:32.803+00:00,True,17,17.0,,17.0,56923.793666,58534.726658,58534.726646999996,3443.2192145294116,47.521167999999996,56923.793666,13781.643171083751,11477.110948399999,100.683312,20.707538029245086,0.29042588853836554,43,64,,False,True,,38,56.69694568066818
25,2026-09-19T05:45:34.788+00:00,2026-09-19T05:46:34.608+00:00,2026-09-19T05:46:37.800+00:00,True,29,29.0,,29.0,59819.854814000006,63012.026078,63012.026145,2172.8284877586207,0.01925,59819.854814000006,11087.882089341256,511.37088020000004,114.00611657142856,134.30023678973657,0.4602296070293326,43,64,,False,True,,124,56.69694568066818
26,2026-09-19T05:45:35.379+00:00,2026-09-19T05:46:37.742+00:00,2026-09-19T05:46:41.011+00:00,True,34,34.0,,34.0,62363.607037,65632.080381,65632.08037,1930.355305,0.0,62363.607037,10679.306709444068,385.99256184999996,99.04464678787878,150.05792568871905,0.5180393460427737,43,64,,False,True,,162,56.69694568066818
27,2026-09-19T05:45:36.036+00:00,2026-09-19T05:46:41.220+00:00,2026-09-19T05:46:47.455+00:00,True,65,65.0,,65.0,65183.270423,71418.461463,71418.461355,1098.7455593076922,45.803962,65183.270423,8072.928818953185,111.86742940000002,97.42486,19.52348457190094,0.9101288191943867,43,64,,False,True,,366,56.69694568066818
28,2026-09-19T05:45:36.596+00:00,2026-09-19T05:46:44.234+00:00,2026-09-19T05:46:44.647+00:00,True,5,5.0,,5.0,67637.484427,68050.918027,68050.917837,13610.183567400001,97.505611,67637.484427,30202.179841276407,54132.465959,103.3584,6.349391006900321,0.07347439454110216,43,64,,False,True,,14,56.69694568066818
29,2026-09-19T05:45:37.137+00:00,2026-09-19T05:46:45.380+00:00,2026-09-19T05:46:49.537+00:00,True,44,44.0,,44.0,68242.563897,72399.632185,72399.632165,1645.4461855681818,48.964324999999995,68242.563897,10273.393144531588,109.23824765,96.67600669767442,17.162230084405248,0.6077378941314023,43,64,,False,True,,187,56.69694568066818
30,2026-09-19T05:45:37.644+00:00,2026-09-19T05:46:49.639+00:00,2026-09-19T05:46:58.146+00:00,True,86,86.0,,86.0,71994.982806,80501.987222,80501.987228,936.0696189302325,0.0,71994.982806,7753.9280343089,117.45289424999999,100.08240489411766,142.90816335544648,1.0682966094096304,43,64,,False,True,,344,56.69694568066818
31,2026-09-19T05:45:38.109+00:00,2026-09-19T05:46:52.028+00:00,2026-09-19T05:46:54.399+00:00,True,24,24.0,,24.0,73919.424283,76290.492699,76290.49271,3178.7705295833334,5.4028469999999995,73919.424283,15067.752866537954,236.14042550000002,103.08993113043478,42.26999876914508,0.3145870363518387,43,64,,False,True,,67,56.69694568066818
32,2026-09-19T05:45:38.578+00:00,2026-09-19T05:46:54.615+00:00,2026-09-19T05:46:57.133+00:00,True,26,26.0,,26.0,76036.678969,78554.782265,78554.782331,3021.3377819615384,0.01722,76036.678969,14892.973476768764,613.0884765,100.72413184,148.1586667822706,0.33097921285416476,43,64,,False,True,,134,56.69694568066818
33,2026-09-19T05:45:39.205+00:00,2026-09-19T05:46:58.355+00:00,2026-09-19T05:47:06.967+00:00,True,89,89.0,,89.0,79149.18490600001,87761.222538,87761.22242300001,986.0811508202248,0.0,79149.18490600001,8380.321381637381,114.9660758,97.864064,123.39151235405983,1.0141153168355606,43,64,,False,True,,366,56.69694568066818
34,2026-09-19T05:45:39.701+00:00,2026-09-19T05:47:01.624+00:00,2026-09-19T05:47:07.282+00:00,True,60,60.0,,60.0,81922.700321,87581.050401,87581.050477,1459.6841746166665,0.0,81922.700321,10564.854437709626,113.9957674,95.90423864406779,150.97351717980766,0.6850797030325971,43,64,,False,True,,206,56.69694568066818
35,2026-09-19T05:45:40.396+00:00,2026-09-19T05:47:05.356+00:00,2026-09-19T05:47:08.046+00:00,True,29,29.0,,29.0,84959.911636,87650.536148,87650.536114,3022.4322797931036,49.547523999999996,84959.911636,15758.826436481595,112.7891496,96.09373257142856,19.023093993488438,0.33085935665051514,43,64,,False,True,,127,56.69694568066818
36,2026-09-19T05:45:41.088+00:00,2026-09-19T05:47:09.253+00:00,2026-09-19T05:47:17.739+00:00,True,87,87.0,,87.0,88165.316605,96651.378173,96651.378195,1110.935381551724,0.01614,88165.316605,9442.352464020769,111.98304019999999,98.67513451162792,108.61398492685429,0.9001423636637169,43,64,,False,True,,376,56.69694568066818
37,2026-09-19T05:45:41.617+00:00,2026-09-19T05:47:12.098+00:00,2026-09-19T05:47:16.101+00:00,True,43,43.0,,43.0,90481.49233200001,94483.811436,94483.811442,2197.297940511628,42.887369,90481.49233200001,13783.779598953775,112.02895710000001,95.293312,19.504115318472508,0.4551044178517997,43,64,,False,True,,194,56.69694568066818
38,2026-09-19T05:45:42.315+00:00,2026-09-19T05:47:16.403+00:00,2026-09-19T05:47:26.248+00:00,True,100,100.0,,100.0,94088.016519,103932.698247,103932.69830199999,1039.32698302,0.0,94088.016519,9400.309372570093,113.18508240000001,99.44122957575757,166.048076148225,0.9621611070112528,43,64,,False,True,,424,56.69694568066818
39,2026-09-19T05:45:42.801+00:00,2026-09-19T05:47:18.876+00:00,2026-09-19T05:47:21.390+00:00,True,27,27.0,,27.0,96074.918619,98588.915675,98588.91567,3651.4413211111114,0.0,96074.918619,18472.71283970153,959.028126,96.69219446153846,255.16111811325422,0.27386445844486157,43,64,,False,True,,89,56.69694568066818
40,2026-09-19T05:45:43.402+00:00,2026-09-19T05:47:22.031+00:00,2026-09-19T05:47:30.940+00:00,True,92,92.0,,92.0,98629.04485699999,107537.78904899998,107537.789203,1168.8890130760867,43.844247,98629.04485699999,10272.599695688568,111.0168951,97.89828782417582,19.093412220677774,0.8555132183169571,43,64,,False,True,,503,56.69694568066818
41,2026-09-19T05:45:44.079+00:00,2026-09-19T05:47:25.814+00:00,2026-09-19T05:47:26.355+00:00,True,6,6.0,,6.0,101735.11004799999,102276.45455999998,102276.45447799999,17046.075746333332,105.174723,101735.11004799999,41488.98423741798,76329.37808025,108.2689024,2.651678465011322,0.058664528662167585,43,64,,True,True,,17,56.69694568066818
42,2026-09-19T05:45:44.784+00:00,2026-09-19T05:47:29.812+00:00,2026-09-19T05:47:32.374+00:00,True,27,27.0,,27.0,105027.92581100001,107589.863731,107589.86377800001,3984.8097695555557,46.300311,105027.92581100001,20193.67576639816,108.5451833,98.53607384615384,14.915387400551834,0.25095300861711617,43,64,,True,True,,108,56.69694568066818
43,2026-09-19T05:45:45.233+00:00,2026-09-19T05:47:32.174+00:00,2026-09-19T05:47:35.407+00:00,True,34,34.0,,34.0,106940.977357,110173.178317,110173.178518,3240.387603470588,43.951466999999994,106940.977357,18323.43877993444,113.23521850000002,97.94548363636365,19.42301419364287,0.3086050572324618,43,64,,True,True,,153,56.69694568066818
44,2026-09-19T05:45:45.916+00:00,2026-09-19T05:47:35.821+00:00,2026-09-19T05:47:43.553+00:00,True,80,80.0,,80.0,109905.21234900001,117637.080765,117637.080709,1470.4635088625,47.313639,109905.21234900001,12276.848512380715,112.293129,97.87175210126581,19.06257401688522,0.6800576780701788,43,64,,True,True,,376,56.69694568066818
45,2026-09-19T05:45:46.456+00:00,2026-09-19T05:47:38.478+00:00,2026-09-19T05:47:42.925+00:00,True,47,47.0,,47.0,112022.056967,116469.76538299999,116469.765549,2478.0801180638296,47.393578,112022.056967,16326.005938815537,111.172577,96.68931339130434,20.9408547539789,0.40353820448976496,43,64,,True,True,,195,56.69694568066818
46,2026-09-19T05:45:46.873+00:00,2026-09-19T05:47:41.006+00:00,2026-09-19T05:47:43.340+00:00,True,23,23.0,,23.0,114133.027791,116466.733519,116466.733393,5063.771017086957,100.502563,114133.027791,23776.263015060864,112.29535200000002,106.0775330909091,3.827818813191695,0.19748128332497497,43,64,,True,True,,65,56.69694568066818
47,2026-09-19T05:45:47.276+00:00,2026-09-19T05:47:43.338+00:00,2026-09-19T05:47:44.595+00:00,True,13,13.0,,13.0,116061.828886,117319.066902,117319.06684900001,9024.54360376923,96.169683,116061.828886,32160.70202816165,46490.8888198,104.76983466666667,4.754780788438542,0.11080892768145927,43,64,,True,True,,45,56.69694568066818
48,2026-09-19T05:45:47.914+00:00,2026-09-19T05:47:46.658+00:00,2026-09-19T05:47:55.993+00:00,True,95,95.0,,95.0,118744.142276,128079.258308,128079.258244,1348.2027183578948,42.58887,118744.142276,12172.713332754596,110.95830830000001,99.3097450212766,15.963700947776331,0.7417282177848634,43,64,,True,True,,464,56.69694568066818
49,2026-09-19T05:45:48.562+00:00,2026-09-19T05:47:50.337+00:00,2026-09-19T05:47:54.866+00:00,True,46,46.0,,46.0,121774.982813,126304.101533,126304.101434,2745.741335521739,48.713955,121774.982813,17939.905844952948,110.748111,100.64708266666668,11.762965492014024,0.36420036595550614,43,64,,True,True,,159,56.69694568066818
50,2026-09-19T05:45:49.248+00:00,2026-09-19T05:47:53.703+00:00,2026-09-19T05:48:03.070+00:00,True,96,96.0,,96.0,124454.12793799999,133821.42726599998,133821.427371,1393.9732017812498,45.085142999999995,124454.12793799999,12691.993051253963,110.5106865,98.60315082105262,16.373554277183413,0.7173739061172809,43,64,,True,True,,401,56.69694568066818
51,2026-09-19T05:45:49.923+00:00,2026-09-19T05:47:56.804+00:00,2026-09-19T05:47:59.429+00:00,True,27,27.0,,27.0,126880.549132,129506.439948,129506.439974,4796.534813851852,47.545638,126880.549132,24398.741222729066,114.6822308,100.99580061538461,15.6212128576101,0.20848384073287135,43,64,,True,True,,160,56.69694568066818
52,2026-09-19T05:45:50.442+00:00,2026-09-19T05:48:00.265+00:00,2026-09-19T05:48:01.200+00:00,True,10,10.0,,10.0,129822.79923199999,130758.00639999998,130758.006415,13075.800641499998,98.504028,129822.79923199999,41020.714153705034,71451.80253605,103.91190755555556,4.354381329563338,0.07647715253021785,43,64,,True,True,,45,56.69694568066818
53,2026-09-19T05:45:50.974+00:00,2026-09-19T05:48:02.958+00:00,2026-09-19T05:48:12.684+00:00,True,98,98.0,,98.0,131984.155315,141710.60677100002,141710.606689,1446.026598867347,44.901584,131984.155315,13322.295429312682,113.69066605,100.27269542268041,17.571000496038852,0.6915502109052781,43,64,,True,True,,348,56.69694568066818
54,2026-09-19T05:45:51.503+00:00,2026-09-19T05:48:05.551+00:00,2026-09-19T05:48:07.514+00:00,True,20,20.0,,20.0,134047.49607,136010.59239,136010.59238699998,6800.52961935,52.170997,134047.49607,29950.830736120497,6810.48021595,103.32085894736842,12.919668072306216,0.1470473707125069,43,64,,True,True,,62,56.69694568066818
55,2026-09-19T05:45:52.214+00:00,2026-09-19T05:48:09.302+00:00,2026-09-19T05:48:11.850+00:00,True,26,26.0,,26.0,137088.258352,139635.947568,139635.947678,5370.6133722307695,47.832337,137088.258352,26865.238279228764,114.978308,101.90756864,16.04165081982274,0.18619847147410593,43,64,,True,True,,153,56.69694568066818
56,2026-09-19T05:45:52.576+00:00,2026-09-19T05:48:11.324+00:00,2026-09-19T05:48:21.341+00:00,True,100,100.0,,100.0,138748.273863,148765.38592700002,148765.385839,1487.65385839,47.784127999999995,138748.273863,13864.717228635443,112.87527895,101.18295014141414,15.097832586846428,0.6721993787524643,43,64,,True,True,,436,56.69694568066818
57,2026-09-19T05:45:53.176+00:00,2026-09-19T05:48:14.807+00:00,2026-09-19T05:48:24.307+00:00,True,97,97.0,,97.0,141630.60080000001,151130.94179200003,151130.941667,1558.0509450206187,46.099362,141630.60080000001,14370.371565197684,110.73661240000001,98.96188533333333,17.77889331696459,0.6418275361077291,43,64,,True,True,,470,56.69694568066818
58,2026-09-19T05:45:53.756+00:00,2026-09-19T05:48:17.904+00:00,2026-09-19T05:48:19.562+00:00,True,17,17.0,,17.0,144148.781759,145806.289343,145806.28938600002,8576.840552117648,49.511394,144148.781759,34936.092621344535,28920.425802200003,103.594224,15.026843890758379,0.11659305011190967,43,64,,True,True,,51,56.69694568066818
59,2026-09-19T05:45:54.336+00:00,2026-09-19T05:48:21.339+00:00,2026-09-19T05:48:24.932+00:00,True,40,40.0,,40.0,147003.22053400002,150595.823414,150595.82354500002,3764.8955886250005,42.22436,147003.22053400002,23228.697098100365,111.66012540000001,92.11802256410256,24.141569094683216,0.2656116158682355,43,64,,True,True,,180,56.69694568066818
60,2026-09-19T05:45:54.982+00:00,2026-09-19T05:48:25.034+00:00,2026-09-19T05:48:31.128+00:00,True,62,62.0,,62.0,150052.506717,156146.28822100002,156146.28811400002,2518.488517967742,47.378088000000005,150052.506717,19044.007413476033,112.8614575,99.89805744262294,16.54539345618054,0.3970635530717768,43,64,,True,True,,284,56.69694568066818
61,2026-09-19T05:45:55.679+00:00,2026-09-19T05:48:28.638+00:00,2026-09-19T05:48:30.767+00:00,True,23,23.0,,23.0,152958.797126,155087.73434199998,155087.73445,6742.944976086957,50.852389,152958.797126,31873.941036265813,109.8496241,96.76987345454545,18.260862822123833,0.1483031530351738,43,64,,True,True,,92,56.69694568066818
62,2026-09-19T05:45:56.144+00:00,2026-09-19T05:48:31.232+00:00,2026-09-19T05:48:34.156+00:00,True,29,29.0,,29.0,155088.472336,158012.436752,158012.436754,5448.704715655173,43.562908,155088.472336,28779.81737480808,114.66271979999999,104.42730057142856,12.741917691998983,0.18352985749796014,43,64,,True,True,,115,56.69694568066818
63,2026-09-19T05:45:56.620+00:00,2026-09-19T05:48:33.405+00:00,2026-09-19T05:48:34.049+00:00,True,7,7.0,,7.0,156785.332386,157428.81782599998,157428.817788,22489.831112571428,103.525266,156785.332386,59218.74979361918,109782.8040252,107.24757333333334,2.1627455835768266,0.04446454020722452,43,64,,True,True,,33,56.69694568066818
64,2026-09-19T05:45:57.149+00:00,2026-09-19T05:48:36.588+00:00,2026-09-19T05:48:37.936+00:00,True,15,15.0,,15.0,159438.65219999998,160786.57693599997,160786.576989,10719.1051326,48.172787,159438.65219999998,41142.03106755159,47912.04180199999,96.28033828571428,25.88987921101572,0.0932913697514106,43,64,,True,True,,61,56.69694568066818
65,2026-09-19T05:45:57.684+00:00,2026-09-19T05:48:39.614+00:00,2026-09-19T05:48:49.170+00:00,True,96,96.0,,96.0,161929.56906799998,171485.992236,171485.992366,1786.3124204791666,46.59872,161929.56906799998,16516.607282594523,112.1054335,100.59392808421053,14.923030520309682,0.5598124881703705,43,64,,True,True,,461,56.69694568066818
66,2026-09-19T05:45:58.183+00:00,2026-09-19T05:48:42.069+00:00,2026-09-19T05:48:46.930+00:00,True,51,51.0,,51.0,163885.323526,168746.49139799998,168746.49153,3308.7547358823526,43.595977,163885.323526,22934.928624116958,113.6989125,97.22335744,18.30378423751564,0.30222850607135326,43,64,,True,True,,241,56.69694568066818
67,2026-09-19T05:45:58.829+00:00,2026-09-19T05:48:45.834+00:00,2026-09-19T05:48:51.162+00:00,True,55,55.0,,55.0,167004.774313,172332.779433,172332.779249,3133.3232590727275,49.712863,167004.774313,22505.621526826737,112.6710808,98.66676148148147,17.36505024008911,0.3191499619570811,43,64,,True,True,,238,56.69694568066818
68,2026-09-19T05:45:59.510+00:00,2026-09-19T05:48:48.959+00:00,2026-09-19T05:48:50.325+00:00,True,15,15.0,,15.0,169448.739847,170815.44218299998,170815.442293,11387.696152866665,54.087403,169448.739847,43726.2743722342,50913.3100993,97.62159542857144,18.576848706652868,0.08781407470133774,43,64,,True,True,,60,56.69694568066818
69,2026-09-19T05:46:00.016+00:00,2026-09-19T05:48:51.886+00:00,2026-09-19T05:48:51.886+00:00,True,1,1.0,,1.0,171870.47913800002,171870.47913800002,171870.47913800002,171870.47913800002,171870.47913800002,171870.47913800002,nan,171870.47913800002,nan,nan,0.005818334858990354,43,64,,True,True,,2,56.69694568066818
70,2026-09-19T05:46:00.666+00:00,2026-09-19T05:48:55.086+00:00,2026-09-19T05:49:03.036+00:00,True,82,82.0,,82.0,174419.87992500002,182369.610997,182369.61098400003,2224.0196461463415,44.252464999999994,174419.87992500002,19250.62446134037,111.41233255000002,98.14482804938271,18.965088726872864,0.44963631578590635,43,64,,True,True,,369,56.69694568066818
71,2026-09-19T05:46:01.155+00:00,2026-09-19T05:48:57.893+00:00,2026-09-19T05:48:59.402+00:00,True,17,17.0,,17.0,176737.267912,178246.52000800002,178246.520072,10485.089416,46.64579,176737.267912,42842.211188636524,35436.74934,94.328256,22.240257035971553,0.09537353099088279,43,64,,True,True,,66,56.69694568066818
72,2026-09-19T05:46:01.784+00:00,2026-09-19T05:49:01.210+00:00,2026-09-19T05:49:06.539+00:00,True,54,54.0,,54.0,179426.083113,184755.456041,184755.455945,3421.397332314815,47.168639000000006,179426.083113,24403.119135237797,111.5398692,100.55420618867925,16.686621177867416,0.29227824258687435,43,64,,True,True,,231,56.69694568066818
73,2026-09-19T05:46:02.250+00:00,2026-09-19T05:49:04.306+00:00,2026-09-19T05:49:10.029+00:00,True,58,58.0,,58.0,182056.04810400002,187779.60855200002,187779.608657,3237.5794596034484,46.537871,182056.04810400002,23891.952867935124,114.14224885,100.41334119298244,19.135759461888398,0.3088727282331011,43,64,,True,True,,345,56.69694568066818
74,2026-09-19T05:46:02.762+00:00,2026-09-19T05:49:07.232+00:00,2026-09-19T05:49:12.555+00:00,True,54,54.0,,54.0,184469.99124200002,189793.24961000003,189793.24951800003,3514.689805888889,49.080025,184469.99124200002,25089.524503136236,112.88816849999999,100.43883713207548,17.96241273334543,0.28452012972517643,43,64,,True,True,,253,56.69694568066818
75,2026-09-19T05:46:03.387+00:00,2026-09-19T05:49:10.455+00:00,2026-09-19T05:49:10.679+00:00,True,3,3.0,,3.0,187067.748576,187292.076768,187292.076658,62430.69221933334,110.54248,187067.748576,107938.85706996641,168372.3522786,112.164096,2.293152948242223,0.016017762479702338,43,64,,True,True,,7,56.69694568066818
76,2026-09-19T05:46:04.070+00:00,2026-09-19T05:49:13.761+00:00,2026-09-19T05:49:21.430+00:00,True,78,78.0,,78.0,189690.810528,197360.363168,197360.363285,2530.2610677564103,47.688267999999994,189690.810528,21466.984736322294,113.25500369999997,99.60457974025974,18.536876738648132,0.3952161353371836,43,64,,True,True,,207,56.69694568066818
77,2026-09-19T05:46:04.778+00:00,2026-09-19T05:49:17.770+00:00,2026-09-19T05:49:25.882+00:00,True,82,82.0,,82.0,192991.70739599998,201104.42368399998,201104.42377999998,2452.492972926829,47.743858,192991.70739599998,21301.31492815651,112.13908715,100.15699120987654,16.936778557457668,0.40774836524157465,43,64,,True,True,,316,56.69694568066818
78,2026-09-19T05:46:05.327+00:00,2026-09-19T05:49:20.701+00:00,2026-09-19T05:49:28.452+00:00,True,76,76.0,,76.0,195373.30434099998,203124.56680499998,203124.56689499997,2672.6916696710523,46.480851,195373.30434099998,22399.002890128642,112.836649,103.35016618666667,11.613054971000242,0.3741546440956114,43,64,,True,True,,328,56.69694568066818
79,2026-09-19T05:46:05.937+00:00,2026-09-19T05:49:24.275+00:00,2026-09-19T05:49:34.175+00:00,True,96,96.0,,96.0,198337.279453,208237.37724499998,208237.377212,2169.1393459583333,47.854347000000004,198337.279453,20232.08199424315,113.8854845,104.21155570526315,13.142371037405042,0.46101233731469826,43,64,,True,True,,445,56.69694568066818
80,2026-09-19T05:46:06.583+00:00,2026-09-19T05:49:27.932+00:00,2026-09-19T05:49:32.753+00:00,True,48,48.0,,48.0,201348.65486399998,206169.411344,206169.41150299998,4295.196072979166,44.940503,201348.65486399998,29047.37537792735,115.30445755000001,102.56928680851063,17.155160481488185,0.23281824246910482,43,64,,True,True,,178,56.69694568066818
81,2026-09-19T05:46:07.375+00:00,2026-09-19T05:49:30.807+00:00,2026-09-19T05:49:31.621+00:00,True,9,9.0,,9.0,203431.368266,204245.962314,204245.96229,22693.99581,55.54269,203431.368266,67776.51697135528,122104.24666040001,101.824256,18.877622875103196,0.04406451857375639,43,64,,True,True,,35,56.69694568066818
82,2026-09-19T05:46:07.742+00:00,2026-09-19T05:49:34.603+00:00,2026-09-19T05:49:38.267+00:00,True,37,37.0,,37.0,206861.223589,210525.226661,210525.226548,5689.870987783784,45.902962,206861.223589,33991.047373770525,115.85690400000001,101.7778631111111,16.471620123038587,0.17575090922276768,43,64,,True,True,,180,56.69694568066818
83,2026-09-19T05:46:08.165+00:00,2026-09-19T05:49:37.495+00:00,2026-09-19T05:49:38.576+00:00,True,12,12.0,,12.0,209330.652308,210411.585172,210411.58535399998,17534.2987795,48.239657,209330.652308,60400.18923036498,94257.683561,98.266624,16.848212188870843,0.057031080252499665,43,64,,True,True,,42,56.69694568066818
84,2026-09-19T05:46:08.618+00:00,2026-09-19T05:49:39.690+00:00,2026-09-19T05:49:45.988+00:00,True,66,66.0,,66.0,211072.03265,217369.899402,217369.89951000002,3293.483325909091,43.835669,211072.03265,25969.253265244068,113.91773775000001,96.89025772307693,21.086033169291206,0.30362989623480835,43,64,,True,True,,224,56.69694568066818
85,2026-09-19T05:46:09.122+00:00,2026-09-19T05:49:42.466+00:00,2026-09-19T05:49:52.018+00:00,True,100,100.0,,100.0,213343.389704,222895.672072,222895.67199,2228.9567199,46.068743999999995,213343.389704,21324.699127265092,111.1282985,96.48770068686868,19.611475349645875,0.44864038440234,43,64,,True,True,,428,56.69694568066818
86,2026-09-19T05:46:09.744+00:00,2026-09-19T05:49:45.622+00:00,2026-09-19T05:49:49.362+00:00,True,41,41.0,,41.0,215877.31490599999,219617.933146,219617.933314,5356.534958878048,47.298970000000004,215877.31490599999,33699.776728388875,114.02912599999999,93.515456,24.96276712062571,0.18668785109066469,43,64,,True,True,,199,56.69694568066818
87,2026-09-19T05:46:10.332+00:00,2026-09-19T05:49:48.634+00:00,2026-09-19T05:49:58.282+00:00,True,99,99.0,,99.0,218302.19641899999,227949.94784299997,227949.947746,2302.5247247070706,46.833553,218302.19641899999,21930.308223812473,110.26554989999998,98.44644310204082,16.585958321920735,0.4343058681820188,43,64,,True,True,,351,56.69694568066818
88,2026-09-19T05:46:10.994+00:00,2026-09-19T05:49:52.016+00:00,2026-09-19T05:49:52.116+00:00,True,2,2.0,,2.0,221022.07005500002,221121.72343100002,221121.723445,110560.8617225,99.65339,221022.07005500002,156215.73893994145,209975.94922175002,99.653376,nan,0.00904479202209226,43,64,,True,True,,15,56.69694568066818
89,2026-09-19T05:46:11.564+00:00,2026-09-19T05:49:55.327+00:00,2026-09-19T05:50:03.693+00:00,True,85,85.0,,85.0,223762.852729,232128.963193,232128.963277,2730.928979729412,47.013353,223762.852729,24259.693650974426,113.0340152,99.59655314285715,19.02532827194304,0.3661757620884563,43,64,,True,True,,313,56.69694568066818
90,2026-09-19T05:46:12.274+00:00,2026-09-19T05:49:59.029+00:00,2026-09-19T05:50:06.318+00:00,True,75,75.0,,75.0,226754.452731,234043.803131,234043.803329,3120.584044386667,48.123669,226754.452731,26171.98100142392,111.5467478,98.50473513513514,18.548478069621176,0.32045283402791347,43,64,,True,True,,312,56.69694568066818
91,2026-09-19T05:46:12.691+00:00,2026-09-19T05:50:01.636+00:00,2026-09-19T05:50:02.330+00:00,True,9,9.0,,9.0,228945.205908,229639.276692,229639.27671,25515.47519,47.974881,228945.205908,76286.15406200617,137411.4063788,86.758848,29.652958770772575,0.03919190188040483,43,64,,True,True,,44,56.69694568066818
92,2026-09-19T05:46:13.408+00:00,2026-09-19T05:50:05.447+00:00,2026-09-19T05:50:09.196+00:00,True,42,42.0,,42.0,232039.148294,235788.07731800003,235788.077292,5614.001840285715,47.086121,232039.148294,35790.315970333366,111.57559205000001,91.43729326829268,22.89892619437085,0.17812605487832156,43,64,,True,True,,158,56.69694568066818
93,2026-09-19T05:46:14.079+00:00,2026-09-19T05:50:09.650+00:00,2026-09-19T05:50:12.035+00:00,True,25,25.0,,25.0,235571.284589,237955.88874899998,237955.88877999998,9518.2355512,43.942319000000005,235571.284589,47094.38801609943,111.6689294,99.35850666666667,16.58864982135636,0.10506148904921801,43,64,,True,True,,108,56.69694568066818
94,2026-09-19T05:46:14.622+00:00,2026-09-19T05:50:12.463+00:00,2026-09-19T05:50:19.523+00:00,True,72,72.0,,72.0,237840.44827000002,244900.395278,244900.39531400002,3401.3943793611115,45.397146,237840.44827000002,28018.053979507516,114.50263890000002,99.43587335211268,19.90961827157258,0.29399707549785214,43,64,,True,True,,375,56.69694568066818
95,2026-09-19T05:46:15.046+00:00,2026-09-19T05:50:14.629+00:00,2026-09-19T05:50:18.995+00:00,True,46,46.0,,46.0,239582.747861,243948.63253300003,243948.632687,5303.231145369566,46.894282,239582.747861,35310.25113206214,114.91988799999999,97.01965937777778,22.31636803103917,0.18856428717130594,43,64,,True,True,,188,56.69694568066818
96,2026-09-19T05:46:15.638+00:00,2026-09-19T05:50:18.622+00:00,2026-09-19T05:50:20.917+00:00,True,25,25.0,,25.0,242983.868844,245278.693548,245278.69364,9811.147745600001,45.199956,242983.868844,48577.6550902258,113.9007264,95.617696,22.200127996193615,0.10192487426596475,43,64,,True,True,,108,56.69694568066818
97,2026-09-19T05:46:16.256+00:00,2026-09-19T05:50:21.481+00:00,2026-09-19T05:50:28.619+00:00,True,75,75.0,,75.0,245225.119781,252363.413285,252363.413367,3364.84551156,47.29115,245225.119781,28305.02456510518,110.12907809999999,96.46342572972972,17.63388234286307,0.29719046443273744,43,64,,True,True,,317,56.69694568066818
98,2026-09-19T05:46:16.658+00:00,2026-09-19T05:50:23.205+00:00,2026-09-19T05:50:30.817+00:00,True,79,79.0,,79.0,246547.310768,254158.90808,254158.90813199998,3217.2013687594936,44.810148,246547.310768,27727.766421310513,108.87681989999999,97.58458092307693,18.2199541618711,0.310829160373689,43,64,,True,True,,288,56.69694568066818
99,2026-09-19T05:46:17.163+00:00,2026-09-19T05:50:26.387+00:00,2026-09-19T05:50:26.806+00:00,True,6,6.0,,6.0,249224.484427,249643.030091,249643.029973,41607.171662166664,47.57883,249224.484427,101711.299288947,186945.69172499998,83.70913279999999,30.59241167008033,0.02403431811339927,43,64,,True,True,,26,56.69694568066818
100,2026-09-19T05:46:17.770+00:00,2026-09-19T05:50:29.459+00:00,2026-09-19T05:50:34.802+00:00,True,54,54.0,,54.0,251688.819959,257032.02815099998,257032.028046,4759.852371222222,45.447095000000004,251688.819959,34236.79366722185,109.72346064999999,100.81524890566038,13.792016912758653,0.21009054937027666,43,64,,True,True,,211,56.69694568066818
101,2026-09-19T05:46:18.256+00:00,2026-09-19T05:50:31.865+00:00,2026-09-19T05:50:32.482+00:00,True,7,7.0,,7.0,253608.98728099998,254225.98004899998,254225.97997999997,36317.99714,99.526271,253608.98728099998,95816.3203820382,177558.2291522,102.832128,3.0591305385921665,0.02753455802845487,43,64,,True,True,,27,56.69694568066818
102,2026-09-19T05:46:18.861+00:00,2026-09-19T05:50:34.904+00:00,2026-09-19T05:50:38.249+00:00,True,34,34.0,,34.0,256043.207542,259387.87519,259387.87521099998,7629.055153264706,49.013447,256043.207542,43893.66887088566,114.21646650000001,101.3535650909091,16.576475795218453,0.13107783073937135,43,64,,True,True,,159,56.69694568066818
103,2026-09-19T05:46:19.475+00:00,2026-09-19T05:50:38.081+00:00,2026-09-19T05:50:41.243+00:00,True,33,33.0,,33.0,258605.793688,261767.496088,261767.496149,7932.348368151515,48.637637999999995,258605.793688,45000.29572647819,114.35997520000001,98.8032,21.061085637710807,0.12606607196527633,43,64,,True,True,,157,56.69694568066818
104,2026-09-19T05:46:19.876+00:00,2026-09-19T05:50:40.872+00:00,2026-09-19T05:50:44.306+00:00,True,35,35.0,,35.0,260996.313246,264429.678494,264429.678532,7555.133672342858,46.646482000000006,260996.313246,44099.363258733276,115.3080884,100.9813308235294,17.310446209298387,0.13236033186340757,43,64,,True,True,,153,56.69694568066818
105,2026-09-19T05:46:20.385+00:00,2026-09-19T05:50:43.257+00:00,2026-09-19T05:50:52.464+00:00,True,96,96.0,,96.0,262871.335601,272078.418097,272078.417917,2834.1501866354165,45.117777000000004,262871.335601,26819.308027340725,110.845228,96.91665785263159,18.332011047287683,0.35283945221180524,43,64,,True,True,,348,56.69694568066818
106,2026-09-19T05:46:20.955+00:00,2026-09-19T05:50:46.300+00:00,2026-09-19T05:50:51.397+00:00,True,55,55.0,,55.0,265345.250697,270442.762377,270442.76244,4917.141135272727,48.337059,265345.250697,35766.42365909884,110.6416121,94.39836444444445,20.958724421472755,0.2033702049061658,43,64,,True,True,,181,56.69694568066818
107,2026-09-19T05:46:21.639+00:00,2026-09-19T05:50:50.109+00:00,2026-09-19T05:50:52.920+00:00,True,31,31.0,,31.0,268469.395672,271280.599256,271280.599431,8750.987078419355,46.922522,268469.395672,48201.70087945198,112.2944875,93.70678613333334,20.51832430143445,0.11427282336082631,43,64,,True,True,,102,56.69694568066818
108,2026-09-19T05:46:22.833+00:00,2026-09-19T05:50:53.829+00:00,2026-09-19T05:51:02.437+00:00,True,88,88.0,,88.0,270996.00935500005,279604.582027,279604.5821710001,3177.3247973977277,45.525586000000004,270996.00935500005,28877.72882754212,111.65176985,98.9491111724138,17.39085917158147,0.31473017846146123,43,64,,True,True,,355,56.69694568066818
109,2026-09-19T05:46:22.889+00:00,2026-09-19T05:50:56.699+00:00,2026-09-19T05:51:00.766+00:00,True,42,42.0,,42.0,273809.83438,277876.500108,277876.500208,6616.107147809525,49.001487000000004,273809.83438,42234.47298663938,109.52635015000001,99.18696897560974,16.56996391802992,0.1511462825524152,43,64,,True,True,,202,56.69694568066818
110,2026-09-19T05:46:23.334+00:00,2026-09-19T05:50:59.269+00:00,2026-09-19T05:51:07.359+00:00,True,84,84.0,,84.0,275934.79951,284024.659094,284024.659046,3381.2459410238093,45.872585,275934.79951,30096.326695588057,111.9783611,97.46818775903614,19.824867305208155,0.29574896865627287,43,64,,True,True,,296,56.69694568066818
111,2026-09-19T05:46:23.847+00:00,2026-09-19T05:51:01.765+00:00,2026-09-19T05:51:10.472+00:00,True,90,90.0,,90.0,277918.763415,286625.757591,286625.757505,3184.7306389444443,45.859534,277918.763415,29284.903680524734,111.65416399999998,97.83139523595506,19.03788766548836,0.3139982978376469,43,64,,True,True,,416,56.69694568066818
112,2026-09-19T05:46:24.322+00:00,2026-09-19T05:51:04.374+00:00,2026-09-19T05:51:07.157+00:00,True,30,30.0,,30.0,280051.39422799996,282834.96312399994,282834.96309,9427.832102999999,45.252556,280051.39422799996,51112.63542345075,113.46963294999999,95.98513434482759,21.919160068989022,0.10606892326408549,43,64,,True,True,,116,56.69694568066818
113,2026-09-19T05:46:25.008+00:00,2026-09-19T05:51:08.287+00:00,2026-09-19T05:51:16.149+00:00,True,80,80.0,,80.0,283278.63401499996,291141.14486299996,291141.14483299997,3639.2643104124995,42.559972,283278.63401499996,31660.39104591643,109.8925205,99.5254537721519,16.447890657183944,0.27478081134030363,43,64,,True,True,,361,56.69694568066818
114,2026-09-19T05:46:25.404+00:00,2026-09-19T05:51:10.369+00:00,2026-09-19T05:51:13.961+00:00,True,37,37.0,,37.0,284964.97923,288556.66435,288556.664298,7798.828764810811,49.725125999999996,284964.97923,46831.55453983004,111.714368,99.7690311111111,15.408274517263504,0.12822438214465035,43,64,,True,True,,120,56.69694568066818
115,2026-09-19T05:46:26.020+00:00,2026-09-19T05:51:13.648+00:00,2026-09-19T05:51:22.364+00:00,True,88,88.0,,88.0,287627.892896,296343.566752,296343.566776,3367.5405315454545,45.450256,287627.892896,30650.561727774973,113.63116900000001,100.18015926436782,16.82358552846987,0.296952624835093,43,64,,True,True,,312,56.69694568066818
116,2026-09-19T05:46:26.722+00:00,2026-09-19T05:51:17.304+00:00,2026-09-19T05:51:20.347+00:00,True,31,31.0,,31.0,290582.313692,293625.052636,293625.05243,9471.77588483871,47.72547,290582.313692,52171.90982658539,113.2396855,101.42463146666667,14.73932816786578,0.1055768222830426,43,64,,True,True,,106,56.69694568066818
117,2026-09-19T05:46:27.439+00:00,2026-09-19T05:51:20.928+00:00,2026-09-19T05:51:27.467+00:00,False,67,66.0,,66.0,293488.9781,300027.342772,300027.342946,4478.020043970149,0.02443,293488.9781,35843.28982190458,115.0436243,99.06613139393939,23.04700513765772,0.21997995046123323,43,64,,True,False,Request timeout: 300.0s exceeded,296,56.69694568066818
118,2026-09-19T05:46:27.965+00:00,2026-09-19T05:51:24.544+00:00,2026-09-19T05:51:27.992+00:00,False,36,35.0,,35.0,296578.14211799996,300026.632358,300026.63242499996,8334.073122916665,0.02779,296578.14211799996,49413.274141976624,111.57137399999999,98.52829257142857,22.936937571875255,0.11665631055791421,43,64,,True,False,Request timeout: 300.0s exceeded,167,56.69694568066818
119,2026-09-19T05:46:28.558+00:00,2026-09-19T05:51:27.466+00:00,2026-09-19T05:51:28.621+00:00,False,13,12.0,,12.0,298907.686452,300062.54366799997,300062.543682,23081.734129384615,0.0381,298907.686452,82875.3896333095,119627.89301999999,96.23810133333333,30.4161476879688,0.03999166258244225,43,64,,True,False,Request timeout: 300.0s exceeded,39,56.69694568066818
120,2026-09-19T05:46:29.000+00:00,2026-09-19T05:51:29.069+00:00,2026-09-19T05:51:29.602+00:00,False,7,6.0,,6.0,300068.127192,300601.585624,300601.585638,42943.08366257143,0.04107,300068.127192,113381.49382979618,210081.23225759997,88.90973866666667,43.61987625065067,0.019959974554176006,43,64,,True,False,Request timeout: 300.0s exceeded,23,56.69694568066818
121,2026-09-19T05:46:29.567+00:00,2026-09-19T05:51:29.664+00:00,2026-09-19T05:51:29.664+00:00,False,1,0.0,,0.0,300097.10471499996,300097.10471499996,300097.10471499996,300097.10471499996,300097.10471499996,300097.10471499996,nan,300097.10471499996,nan,nan,0.0,43,64,,True,False,"HTTPConnectionPool(host='gpu03', port=9002): Read timed out.",0,56.69694568066818
122,2026-09-19T05:46:30.045+00:00,2026-09-19T05:51:30.130+00:00,2026-09-19T05:51:30.130+00:00,False,1,0.0,,0.0,300084.773407,300084.773407,300084.773407,300084.773407,300084.773407,300084.773407,nan,300084.773407,nan,nan,0.0,43,64,,True,False,"HTTPConnectionPool(host='gpu03', port=9002): Read timed out.",0,56.69694568066818
123,2026-09-19T05:46:30.710+00:00,2026-09-19T05:51:30.811+00:00,2026-09-19T05:51:30.811+00:00,False,1,0.0,,0.0,300100.98378500005,300100.98378500005,300100.98378500005,300100.98378500005,300100.98378500005,300100.98378500005,nan,300100.98378500005,nan,nan,0.0,43,64,,True,False,"HTTPConnectionPool(host='gpu03', port=9002): Read timed out.",0,56.69694568066818
124,2026-09-19T05:46:31.212+00:00,2026-09-19T05:51:30.984+00:00,2026-09-19T05:51:31.311+00:00,False,5,4.0,,4.0,299771.498766,300098.91482999997,300098.914915,60019.782983,0.04107,299771.498766,134025.2919489803,239839.94079879994,81.854016,54.77816083737664,0.013328938567691656,43,64,,True,False,Request timeout: 300.0s exceeded,11,56.69694568066818
125,2026-09-19T05:46:31.661+00:00,2026-09-19T05:51:31.360+00:00,2026-09-19T05:51:31.740+00:00,False,6,5.0,,5.0,299699.016726,300079.165974,300079.165994,50013.19433233333,0.054520000000000006,299699.016726,122320.580503241,224804.76311700002,76.02984959999999,50.467675143600076,0.016662269717295935,43,64,,True,False,Request timeout: 300.0s exceeded,15,56.69694568066818
126,2026-09-19T05:46:32.341+00:00,2026-09-19T05:51:32.413+00:00,2026-09-19T05:51:32.413+00:00,False,1,0.0,,0.0,300072.108455,300072.108455,300072.108455,300072.108455,300072.108455,300072.108455,nan,300072.108455,nan,nan,0.0,43,64,,True,False,TTFT timeout: 300.0s exceeded (TTFT: 300.065s),0,56.69694568066818
127,2026-09-19T05:46:32.930+00:00,2026-09-19T05:51:32.912+00:00,2026-09-19T05:51:33.023+00:00,False,3,2.0,,2.0,299982.03223,300093.260902,300093.260795,100031.08693166666,0.027460000000000002,299982.03223,173162.6070610155,269994.94911750004,55.614336,78.61144805700177,0.0066645948462439155,43,64,,True,False,Request timeout: 300.0s exceeded,10,56.69694568066818
128,2026-09-19T05:46:33.342+00:00,2026-09-19T05:51:33.446+00:00,2026-09-19T05:51:33.446+00:00,False,1,0.0,,0.0,300103.734972,300103.734972,300103.734972,300103.734972,300103.734972,300103.734972,nan,300103.734972,nan,nan,0.0,43,64,,True,False,"HTTPConnectionPool(host='gpu03', port=9002): Read timed out.",0,56.69694568066818
129,2026-09-19T05:46:33.898+00:00,2026-09-19T05:51:33.932+00:00,2026-09-19T05:51:33.932+00:00,False,1,0.0,,0.0,300034.24116000003,300034.24116000003,300034.24116000003,300034.24116000003,300034.24116000003,300034.24116000003,nan,300034.24116000003,nan,nan,0.0,43,64,,True,False,"HTTPConnectionPool(host='gpu03', port=9002): Read timed out.",0,56.69694568066818
130,2026-09-19T05:46:34.364+00:00,2026-09-19T05:51:34.277+00:00,2026-09-19T05:51:34.408+00:00,False,3,2.0,,2.0,299913.02512199996,300043.99600199994,300043.995832,100014.66527733332,0.04001,299913.02512199996,173117.0701708357,269934.81567979994,65.48544,92.55355731447068,0.006665689121093658,43,64,,True,False,Request timeout: 300.0s exceeded,9,56.69694568066818
131,2026-09-19T05:46:34.968+00:00,2026-09-19T05:51:35.006+00:00,2026-09-19T05:51:35.006+00:00,False,1,0.0,,0.0,300038.518484,300038.518484,300038.518484,300038.518484,300038.518484,300038.518484,nan,300038.518484,nan,nan,0.0,43,64,,True,False,TTFT timeout: 300.0s exceeded (TTFT: 300.030s),0,56.69694568066818
132,2026-09-19T05:46:35.502+00:00,2026-09-19T05:51:35.592+00:00,2026-09-19T05:51:35.592+00:00,False,1,0.0,,0.0,300090.88307,300090.88307,300090.88307,300090.88307,300090.88307,300090.88307,nan,300090.88307,nan,nan,0.0,43,64,,True,False,"HTTPConnectionPool(host='gpu03', port=9002): Read timed out.",0,56.69694568066818
133,2026-09-19T05:46:36.117+00:00,2026-09-19T05:51:36.019+00:00,2026-09-19T05:51:36.153+00:00,False,3,2.0,,2.0,299902.021495,300036.088951,300036.088847,100012.02961566666,0.022260000000000002,299902.021495,173109.8238999446,269925.2238547,67.033728,94.76850990956791,0.0066658647864411644,43,64,,True,False,Request timeout: 300.0s exceeded,4,56.69694568066818
134,2026-09-19T05:46:36.509+00:00,2026-09-19T05:51:36.348+00:00,2026-09-19T05:51:36.555+00:00,False,4,3.0,,3.0,299839.10416900006,300046.12752900005,300046.1275330001,75011.53188325002,0.070029,299839.10416900006,149885.0561214334,254878.96539115004,69.00778666666668,59.71766158747281,0.0099984626520802,43,64,,True,False,Request timeout: 300.0s exceeded,10,56.69694568066818
135,2026-09-19T05:46:37.706+00:00,2026-09-19T05:51:37.186+00:00,2026-09-19T05:51:37.897+00:00,False,8,7.0,,7.0,299480.538182,300191.491142,300191.49128,37523.93641,0.036839,299480.538182,105846.45992427936,194712.82938695003,101.56470857142857,46.586086344103926,0.023318449078520948,43,64,,True,False,Request timeout: 300.0s exceeded,20,56.69694568066818
136,2026-09-19T05:46:37.762+00:00,2026-09-19T05:51:37.332+00:00,2026-09-19T05:51:37.898+00:00,False,7,6.0,,6.0,299569.726861,300135.359629,300135.359833,42876.47997614286,0.03716,299569.726861,113191.09041438364,209736.2639209,94.272128,46.61798400425258,0.01999098009450354,43,64,,True,False,Request timeout: 300.0s exceeded,24,56.69694568066818
137,2026-09-19T05:46:38.034+00:00,2026-09-19T05:51:38.117+00:00,2026-09-19T05:51:38.117+00:00,False,1,0.0,,0.0,300082.97175599996,300082.97175599996,300082.97175599996,300082.97175599996,300082.97175599996,300082.97175599996,nan,300082.97175599996,nan,nan,0.0,43,64,,True,False,"HTTPConnectionPool(host='gpu03', port=9002): Read timed out.",0,56.69694568066818
138,2026-09-19T05:46:38.469+00:00,2026-09-19T05:51:38.575+00:00,2026-09-19T05:51:38.575+00:00,False,1,0.0,,0.0,300106.289275,300106.289275,300106.289275,300106.289275,300106.289275,300106.289275,nan,300106.289275,nan,nan,0.0,43,64,,True,False,"HTTPConnectionPool(host='gpu03', port=9002): Read timed out.",0,56.69694568066818
139,2026-09-19T05:46:38.965+00:00,2026-09-19T05:51:39.355+00:00,2026-09-19T05:51:39.527+00:00,False,5,4.0,,4.0,300390.214568,300561.725352,300561.72530499997,60112.345061,0.020030000000000003,300390.214568,134319.41490842297,240326.0139986,42.877696,29.815063237781985,0.013308414420749808,43,64,,True,False,Request timeout: 300.0s exceeded,26,56.69694568066818
140,2026-09-19T05:46:39.667+00:00,2026-09-19T05:51:39.676+00:00,2026-09-19T05:51:39.676+00:00,False,1,0.0,,0.0,300009.2063,300009.2063,300009.2063,300009.2063,300009.2063,300009.2063,nan,300009.2063,nan,nan,0.0,43,64,,True,False,"HTTPConnectionPool(host='gpu03', port=9002): Read timed out.",0,56.69694568066818
141,2026-09-19T05:46:40.157+00:00,2026-09-19T05:51:40.276+00:00,2026-09-19T05:51:40.276+00:00,False,1,0.0,,0.0,300119.264231,300119.264231,300119.264231,300119.264231,300119.264231,300119.264231,nan,300119.264231,nan,nan,0.0,43,64,,True,False,"HTTPConnectionPool(host='gpu03', port=9002): Read timed out.",0,56.69694568066818
142,2026-09-19T05:46:40.860+00:00,2026-09-19T05:51:40.887+00:00,2026-09-19T05:51:40.887+00:00,False,1,0.0,,0.0,300026.816199,300026.816199,300026.816199,300026.816199,300026.816199,300026.816199,nan,300026.816199,nan,nan,0.0,43,64,,True,False,"HTTPConnectionPool(host='gpu03', port=9002): Read timed out.",0,56.69694568066818
143,2026-09-19T05:46:41.298+00:00,2026-09-19T05:51:41.084+00:00,2026-09-19T05:51:41.319+00:00,False,5,4.0,,4.0,299785.577115,300020.97525899997,300020.975325,60004.195065,0.03642,299785.577115,134041.8733037157,239848.61967999997,58.849536,45.544167007039896,0.013332401164774925,43,64,,True,False,Request timeout: 300.0s exceeded,12,56.69694568066818
144,2026-09-19T05:46:41.772+00:00,2026-09-19T05:51:41.820+00:00,2026-09-19T05:51:41.820+00:00,False,1,0.0,,0.0,300048.757955,300048.757955,300048.757955,300048.757955,300048.757955,300048.757955,nan,300048.757955,nan,nan,0.0,43,64,,True,False,TTFT timeout: 300.0s exceeded (TTFT: 300.044s),0,56.69694568066818
145,2026-09-19T05:46:42.427+00:00,2026-09-19T05:51:42.532+00:00,2026-09-19T05:51:42.532+00:00,False,1,0.0,,0.0,300104.87080900004,300104.87080900004,300104.87080900004,300104.87080900004,300104.87080900004,300104.87080900004,nan,300104.87080900004,nan,nan,0.0,43,64,,True,False,"HTTPConnectionPool(host='gpu03', port=9002): Read timed out.",0,56.69694568066818
146,2026-09-19T05:46:43.009+00:00,2026-09-19T05:51:42.816+00:00,2026-09-19T05:51:43.036+00:00,False,4,3.0,,3.0,299806.804953,300026.919641,300026.919667,75006.72991675,0.02589,299806.804953,149866.72567434792,254852.60184285,73.37156266666668,63.55307443520627,0.009999102759144672,43,64,,True,False,Request timeout: 300.0s exceeded,11,56.69694568066818
147,2026-09-19T05:46:43.422+00:00,2026-09-19T05:51:43.526+00:00,2026-09-19T05:51:43.526+00:00,False,1,0.0,,0.0,300104.65176,300104.65176,300104.65176,300104.65176,300104.65176,300104.65176,nan,300104.65176,nan,nan,0.0,43,64,,True,False,"HTTPConnectionPool(host='gpu03', port=9002): Read timed out.",0,56.69694568066818
148,2026-09-19T05:46:43.865+00:00,2026-09-19T05:51:43.973+00:00,2026-09-19T05:51:43.973+00:00,False,1,0.0,,0.0,300108.500003,300108.500003,300108.500003,300108.500003,300108.500003,300108.500003,nan,300108.500003,nan,nan,0.0,43,64,,True,False,"HTTPConnectionPool(host='gpu03', port=9002): Read timed out.",0,56.69694568066818
149,2026-09-19T05:46:44.484+00:00,2026-09-19T05:51:44.349+00:00,2026-09-19T05:51:44.628+00:00,False,4,3.0,,3.0,299865.414184,300144.173096,300144.173034,75036.0432585,0.02893,299865.414184,149886.26183172883,254907.7631692,92.91963733333333,80.88058613915618,0.009995196538566356,43,64,,True,False,Request timeout: 300.0s exceeded,9,56.69694568066818
150,2026-09-19T05:46:44.971+00:00,2026-09-19T05:51:44.738+00:00,2026-09-19T05:51:44.992+00:00,False,5,4.0,,4.0,299767.924672,300021.163456,300021.163431,60004.2326862,0.02056,299767.924672,134031.9850532239,239834.69487680003,63.309696,48.56576972510225,0.013332392801638561,43,64,,True,False,Request timeout: 300.0s exceeded,12,56.69694568066818
151,2026-09-19T05:46:45.384+00:00,2026-09-19T05:51:45.501+00:00,2026-09-19T05:51:45.501+00:00,False,1,0.0,,0.0,300116.659813,300116.659813,300116.659813,300116.659813,300116.659813,300116.659813,nan,300116.659813,nan,nan,0.0,43,64,,True,False,"HTTPConnectionPool(host='gpu03', port=9002): Read timed out.",0,56.69694568066818
152,2026-09-19T05:46:46.059+00:00,2026-09-19T05:51:46.011+00:00,2026-09-19T05:51:46.172+00:00,False,3,2.0,,2.0,299952.040325,300113.414789,300113.414865,100037.804955,0.03582,299952.040325,173130.82519394174,269972.9701645,80.687232,114.05829239066894,0.006664147290470621,43,64,,True,False,Request timeout: 300.0s exceeded,5,56.69694568066818
153,2026-09-19T05:46:46.609+00:00,2026-09-19T05:51:46.282+00:00,2026-09-19T05:51:46.683+00:00,False,6,5.0,,5.0,299673.053014,300074.06063,300074.060653,50012.34344216667,0.022699999999999998,299673.053014,122308.2760885429,224781.48756925002,80.2015232,45.03899149454272,0.016662553202707996,43,64,,True,False,Request timeout: 300.0s exceeded,35,56.69694568066818
154,2026-09-19T05:46:47.060+00:00,2026-09-19T05:51:47.085+00:00,2026-09-19T05:51:47.085+00:00,False,1,0.0,,0.0,300025.161508,300025.161508,300025.161508,300025.161508,300025.161508,300025.161508,nan,300025.161508,nan,nan,0.0,43,64,,True,False,"HTTPConnectionPool(host='gpu03', port=9002): Read timed out.",0,56.69694568066818
155,2026-09-19T05:46:47.535+00:00,2026-09-19T05:51:47.544+00:00,2026-09-19T05:51:47.544+00:00,False,1,0.0,,0.0,300009.597408,300009.597408,300009.597408,300009.597408,300009.597408,300009.597408,nan,300009.597408,nan,nan,0.0,43,64,,True,False,TTFT timeout: 300.0s exceeded (TTFT: 300.004s),0,56.69694568066818
156,2026-09-19T05:46:47.936+00:00,2026-09-19T05:51:47.826+00:00,2026-09-19T05:51:48.067+00:00,False,4,3.0,,3.0,299889.76930299995,300130.15381499997,300130.15402099997,75032.53850524999,0.080889,299889.76930299995,149904.83167731654,254926.48274034995,80.12817066666668,70.79742885897768,0.00999566342090771,43,64,,True,False,Request timeout: 300.0s exceeded,10,56.69694568066818
157,2026-09-19T05:46:48.356+00:00,2026-09-19T05:51:48.068+00:00,2026-09-19T05:51:48.370+00:00,False,5,4.0,,4.0,299712.61752100004,300014.264113,300014.26420000003,60002.85284000001,0.02466,299712.61752100004,134001.83929730303,239791.44402600004,75.411648,50.45121797027885,0.013332699402897072,43,64,,True,False,Request timeout: 300.0s exceeded,12,56.69694568066818
158,2026-09-19T05:46:48.827+00:00,2026-09-19T05:51:48.934+00:00,2026-09-19T05:51:48.934+00:00,False,1,0.0,,0.0,300106.836371,300106.836371,300106.836371,300106.836371,300106.836371,300106.836371,nan,300106.836371,nan,nan,0.0,43,64,,True,False,"HTTPConnectionPool(host='gpu03', port=9002): Read timed out.",0,56.69694568066818
159,2026-09-19T05:46:49.434+00:00,2026-09-19T05:51:49.391+00:00,2026-09-19T05:51:49.525+00:00,False,3,2.0,,2.0,299956.763894,300090.36773399997,300090.367866,100030.122622,0.0213,299956.763894,173141.5631135033,269974.4457718,66.80192,94.4421320467892,0.006664659099530977,43,64,,True,False,Request timeout: 300.0s exceeded,3,56.69694568066818
160,2026-09-19T05:46:50.122+00:00,2026-09-19T05:51:50.225+00:00,2026-09-19T05:51:50.225+00:00,False,1,0.0,,0.0,300103.963806,300103.963806,300103.963806,300103.963806,300103.963806,300103.963806,nan,300103.963806,nan,nan,0.0,43,64,,True,False,"HTTPConnectionPool(host='gpu03', port=9002): Read timed out.",0,56.69694568066818
161,2026-09-19T05:46:50.759+00:00,2026-09-19T05:51:50.864+00:00,2026-09-19T05:51:51.462+00:00,False,7,6.0,,6.0,300104.946723,300702.89872299996,300702.89878399996,42957.55696914285,0.02377,300104.946723,113391.3503448016,210115.98241739997,99.65866666666668,51.50663085202316,0.019953249621072162,43,64,,True,False,Request timeout: 300.0s exceeded,30,56.69694568066818
162,2026-09-19T05:46:51.468+00:00,2026-09-19T05:51:51.635+00:00,2026-09-19T05:51:51.635+00:00,False,1,0.0,,0.0,300167.82556,300167.82556,300167.82556,300167.82556,300167.82556,300167.82556,nan,300167.82556,nan,nan,0.0,43,64,,True,False,"HTTPConnectionPool(host='gpu03', port=9002): Read timed out.",0,56.69694568066818
163,2026-09-19T05:46:52.166+00:00,2026-09-19T05:51:52.270+00:00,2026-09-19T05:51:52.270+00:00,False,1,0.0,,0.0,300103.964439,300103.964439,300103.964439,300103.964439,300103.964439,300103.964439,nan,300103.964439,nan,nan,0.0,43,64,,True,False,"HTTPConnectionPool(host='gpu03', port=9002): Read timed out.",0,56.69694568066818
164,2026-09-19T05:46:52.823+00:00,2026-09-19T05:51:52.767+00:00,2026-09-19T05:51:52.990+00:00,False,3,2.0,,2.0,299943.829379,300167.110019,300167.110121,100055.70337366666,0.02937,299943.829379,173108.23101591258,269971.7715783,111.64032,157.84198224306797,0.006662955178111965,43,64,,True,False,Request timeout: 300.0s exceeded,4,56.69694568066818
165,2026-09-19T05:46:53.484+00:00,2026-09-19T05:51:53.070+00:00,2026-09-19T05:51:53.578+00:00,False,7,6.0,,6.0,299586.689313,300094.11664100003,300094.116506,42870.58807228572,0.03098,299586.689313,113201.16657612855,209742.119412,84.57122133333333,41.4959748421694,0.019993727525080898,43,64,,True,False,Request timeout: 300.0s exceeded,28,56.69694568066818
166,2026-09-19T05:46:53.877+00:00,2026-09-19T05:51:53.952+00:00,2026-09-19T05:51:53.952+00:00,False,1,0.0,,0.0,300074.797341,300074.797341,300074.797341,300074.797341,300074.797341,300074.797341,nan,300074.797341,nan,nan,0.0,43,64,,True,False,"HTTPConnectionPool(host='gpu03', port=9002): Read timed out.",0,56.69694568066818
167,2026-09-19T05:46:54.293+00:00,2026-09-19T05:51:54.397+00:00,2026-09-19T05:51:54.397+00:00,False,1,0.0,,0.0,300104.422772,300104.422772,300104.422772,300104.422772,300104.422772,300104.422772,nan,300104.422772,nan,nan,0.0,43,64,,True,False,TTFT timeout: 300.0s exceeded (TTFT: 300.094s),0,56.69694568066818
168,2026-09-19T05:46:54.737+00:00,2026-09-19T05:51:54.644+00:00,2026-09-19T05:51:54.780+00:00,False,3,2.0,,2.0,299907.268918,300042.474806,300042.474875,100014.15829166667,0.06341,299907.268918,173112.52501912438,269930.05628089997,67.602944,95.51557670917288,0.006665722915707685,43,64,,True,False,Request timeout: 300.0s exceeded,5,56.69694568066818
169,2026-09-19T05:46:55.681+00:00,2026-09-19T05:51:55.016+00:00,2026-09-19T05:51:55.603+00:00,True,7,7.0,,7.0,299334.501459,299921.397331,299921.397238,42845.91389114285,48.593351000000006,299334.501459,113100.83848279857,209570.7204993,97.81597866666667,25.225990189976137,0.02333944847647746,43,64,,True,True,,27,56.69694568066818
170,2026-09-19T05:46:55.924+00:00,2026-09-19T05:51:56.107+00:00,2026-09-19T05:51:56.107+00:00,False,1,0.0,,0.0,300183.688446,300183.688446,300183.688446,300183.688446,300183.688446,300183.688446,nan,300183.688446,nan,nan,0.0,43,64,,True,False,"HTTPConnectionPool(host='gpu03', port=9002): Read timed out.",0,56.69694568066818
171,2026-09-19T05:46:56.501+00:00,2026-09-19T05:51:56.546+00:00,2026-09-19T05:51:56.546+00:00,False,1,0.0,,0.0,300044.25243500003,300044.25243500003,300044.25243500003,300044.25243500003,300044.25243500003,300044.25243500003,nan,300044.25243500003,nan,nan,0.0,43,64,,True,False,"HTTPConnectionPool(host='gpu03', port=9002): Read timed out.",0,56.69694568066818
172,2026-09-19T05:46:56.939+00:00,2026-09-19T05:51:57.046+00:00,2026-09-19T05:51:57.046+00:00,False,1,0.0,,0.0,300107.074542,300107.074542,300107.074542,300107.074542,300107.074542,300107.074542,nan,300107.074542,nan,nan,0.0,43,64,,True,False,"HTTPConnectionPool(host='gpu03', port=9002): Read timed out.",0,56.69694568066818
173,2026-09-19T05:46:57.427+00:00,2026-09-19T05:51:57.291+00:00,2026-09-19T05:51:57.508+00:00,False,4,3.0,,3.0,299864.001624,300080.818776,300080.81888200005,75020.20472050001,0.04046,299864.001624,149895.87366392536,254902.56761235002,72.272384,63.834822608255564,0.009997306766346158,43,64,,True,False,Request timeout: 300.0s exceeded,10,56.69694568066818
174,2026-09-19T05:46:58.072+00:00,2026-09-19T05:51:57.711+00:00,2026-09-19T05:51:58.116+00:00,False,6,5.0,,5.0,299638.81463700003,300044.252333,300044.25227000006,50007.37537833334,0.07110999999999999,299638.81463700003,122293.93669812761,224754.61338475,81.08753920000001,45.293472443885456,0.01666420856631114,43,64,,True,False,Request timeout: 300.0s exceeded,16,56.69694568066818
175,2026-09-19T05:46:58.487+00:00,2026-09-19T05:51:58.527+00:00,2026-09-19T05:51:58.527+00:00,False,1,0.0,,0.0,300040.340102,300040.340102,300040.340102,300040.340102,300040.340102,300040.340102,nan,300040.340102,nan,nan,0.0,43,64,,True,False,"HTTPConnectionPool(host='gpu03', port=9002): Read timed out.",0,56.69694568066818
176,2026-09-19T05:46:59.177+00:00,2026-09-19T05:51:59.076+00:00,2026-09-19T05:51:59.198+00:00,False,3,2.0,,2.0,299898.861593,300020.712985,300020.712844,100006.90428133334,0.09409999999999999,299898.861593,173111.52373222116,269921.1511488,60.925696,86.02871534893619,0.006666206409888751,43,64,,True,False,Request timeout: 300.0s exceeded,8,56.69694568066818
177,2026-09-19T05:46:59.894+00:00,2026-09-19T05:51:59.949+00:00,2026-09-19T05:51:59.949+00:00,False,1,0.0,,0.0,300054.92254,300054.92254,300054.92254,300054.92254,300054.92254,300054.92254,nan,300054.92254,nan,nan,0.0,43,64,,True,False,"HTTPConnectionPool(host='gpu03', port=9002): Read timed out.",0,56.69694568066818
178,2026-09-19T05:47:00.532+00:00,2026-09-19T05:52:00.555+00:00,2026-09-19T05:52:00.555+00:00,False,1,0.0,,0.0,300022.891838,300022.891838,300022.891838,300022.891838,300022.891838,300022.891838,nan,300022.891838,nan,nan,0.0,43,64,,True,False,TTFT timeout: 300.0s exceeded (TTFT: 300.015s),0,56.69694568066818
179,2026-09-19T05:47:01.167+00:00,2026-09-19T05:52:01.131+00:00,2026-09-19T05:52:01.246+00:00,False,3,2.0,,2.0,299964.136512,300079.036736,300079.03683,100026.34561,0.0222,299964.136512,173151.21562105586,269979.2106726,57.450112,81.21559222446409,0.006664910757360024,43,64,,True,False,Request timeout: 300.0s exceeded,4,56.69694568066818
180,2026-09-19T05:47:01.680+00:00,2026-09-19T05:52:01.703+00:00,2026-09-19T05:52:01.703+00:00,False,1,0.0,,0.0,300023.731418,300023.731418,300023.731418,300023.731418,300023.731418,300023.731418,nan,300023.731418,nan,nan,0.0,43,64,,True,False,"HTTPConnectionPool(host='gpu03', port=9002): Read timed out.",0,56.69694568066818
181,2026-09-19T05:47:02.124+00:00,2026-09-19T05:52:02.173+00:00,2026-09-19T05:52:02.173+00:00,False,1,0.0,,0.0,300049.06861799996,300049.06861799996,300049.06861799996,300049.06861799996,300049.06861799996,300049.06861799996,nan,300049.06861799996,nan,nan,0.0,43,64,,True,False,"HTTPConnectionPool(host='gpu03', port=9002): Read timed out.",0,56.69694568066818
182,2026-09-19T05:47:02.569+00:00,2026-09-19T05:52:02.336+00:00,2026-09-19T05:52:02.597+00:00,False,4,3.0,,3.0,299766.98885100003,300028.42577900004,300028.42564900004,75007.10641225001,0.052340000000000005,299766.98885100003,149839.93435491627,254822.40666510002,87.14564266666667,75.64364303363178,0.009999052563805372,43,64,,True,False,Request timeout: 300.0s exceeded,13,56.69694568066818
183,2026-09-19T05:47:03.212+00:00,2026-09-19T05:52:03.225+00:00,2026-09-19T05:52:03.225+00:00,False,1,0.0,,0.0,300013.023865,300013.023865,300013.023865,300013.023865,300013.023865,300013.023865,nan,300013.023865,nan,nan,0.0,43,64,,True,False,"HTTPConnectionPool(host='gpu03', port=9002): Read timed out.",0,56.69694568066818
184,2026-09-19T05:47:03.904+00:00,2026-09-19T05:52:03.937+00:00,2026-09-19T05:52:05.050+00:00,False,12,11.0,,11.0,300033.18878799997,301146.070708,301146.070714,25095.50589283333,0.02366,300033.18878799997,86582.92247033356,135093.68571954998,101.17108363636365,36.22846330147412,0.03652712444209814,43,64,,True,False,Request timeout: 300.0s exceeded,40,56.69694568066818
185,2026-09-19T05:47:04.575+00:00,2026-09-19T05:52:04.430+00:00,2026-09-19T05:52:05.152+00:00,False,9,8.0,,8.0,299855.465872,300577.330576,300577.33064799994,33397.48118311111,0.03775,299855.465872,99921.75014253957,179956.95462399998,90.233088,36.6594153864383,0.026615446962249295,43,64,,True,False,Request timeout: 300.0s exceeded,35,56.69694568066818
186,2026-09-19T05:47:05.072+00:00,2026-09-19T05:52:05.282+00:00,2026-09-19T05:52:05.282+00:00,False,1,0.0,,0.0,300209.525917,300209.525917,300209.525917,300209.525917,300209.525917,300209.525917,nan,300209.525917,nan,nan,0.0,43,64,,True,False,"HTTPConnectionPool(host='gpu03', port=9002): Read timed out.",0,56.69694568066818
187,2026-09-19T05:47:05.591+00:00,2026-09-19T05:52:05.620+00:00,2026-09-19T05:52:05.620+00:00,False,1,0.0,,0.0,300029.191932,300029.191932,300029.191932,300029.191932,300029.191932,300029.191932,nan,300029.191932,nan,nan,0.0,43,64,,True,False,"HTTPConnectionPool(host='gpu03', port=9002): Read timed out.",0,56.69694568066818
188,2026-09-19T05:47:06.261+00:00,2026-09-19T05:52:06.344+00:00,2026-09-19T05:52:06.344+00:00,False,1,0.0,,0.0,300083.08716399997,300083.08716399997,300083.08716399997,300083.08716399997,300083.08716399997,300083.08716399997,nan,300083.08716399997,nan,nan,0.0,43,64,,True,False,TTFT timeout: 300.0s exceeded (TTFT: 300.074s),0,56.69694568066818
189,2026-09-19T05:47:06.754+00:00,2026-09-19T05:52:06.546+00:00,2026-09-19T05:52:06.843+00:00,False,5,4.0,,4.0,299791.57064499997,300089.199829,300089.19989399996,60017.839978799995,0.03983,299791.57064499997,134037.59714271143,239853.63109399995,74.407296,49.646109984583326,0.013329370074895472,43,64,,True,False,Request timeout: 300.0s exceeded,13,56.69694568066818
190,2026-09-19T05:47:07.255+00:00,2026-09-19T05:52:07.360+00:00,2026-09-19T05:52:07.360+00:00,False,1,0.0,,0.0,300104.95672899997,300104.95672899997,300104.95672899997,300104.95672899997,300104.95672899997,300104.95672899997,nan,300104.95672899997,nan,nan,0.0,43,64,,True,False,"HTTPConnectionPool(host='gpu03', port=9002): Read timed out.",0,56.69694568066818
191,2026-09-19T05:47:07.883+00:00,2026-09-19T05:52:07.989+00:00,2026-09-19T05:52:07.989+00:00,False,1,0.0,,0.0,300106.30990600004,300106.30990600004,300106.30990600004,300106.30990600004,300106.30990600004,300106.30990600004,nan,300106.30990600004,nan,nan,0.0,43,64,,True,False,TTFT timeout: 300.0s exceeded (TTFT: 300.092s),0,56.69694568066818
192,2026-09-19T05:47:08.602+00:00,2026-09-19T05:52:08.388+00:00,2026-09-19T05:52:08.709+00:00,False,5,4.0,,4.0,299785.240756,300106.292148,300106.292147,60021.2584294,0.02606,299785.240756,134032.14913386587,239852.514825,80.262848,54.70944243792228,0.013328610911054695,43,64,,True,False,Request timeout: 300.0s exceeded,16,56.69694568066818
193,2026-09-19T05:47:09.092+00:00,2026-09-19T05:52:09.148+00:00,2026-09-19T05:52:09.148+00:00,False,1,0.0,,0.0,300055.599846,300055.599846,300055.599846,300055.599846,300055.599846,300055.599846,nan,300055.599846,nan,nan,0.0,43,64,,True,False,"HTTPConnectionPool(host='gpu03', port=9002): Read timed out.",0,56.69694568066818
194,2026-09-19T05:47:09.719+00:00,2026-09-19T05:52:09.729+00:00,2026-09-19T05:52:09.729+00:00,False,1,0.0,,0.0,300009.91398799996,300009.91398799996,300009.91398799996,300009.91398799996,300009.91398799996,300009.91398799996,nan,300009.91398799996,nan,nan,0.0,43,64,,True,False,"HTTPConnectionPool(host='gpu03', port=9002): Read timed out.",0,56.69694568066818
195,2026-09-19T05:47:10.213+00:00,2026-09-19T05:52:09.994+00:00,2026-09-19T05:52:10.305+00:00,False,5,4.0,,4.0,299781.054045,300092.318813,300092.318811,60018.4637622,0.019710000000000002,299781.054045,134031.37016367097,239846.817558,77.816192,52.05095551905862,0.01332923153722094,43,64,,True,False,Request timeout: 300.0s exceeded,20,56.69694568066818
196,2026-09-19T05:47:10.928+00:00,2026-09-19T05:52:11.015+00:00,2026-09-19T05:52:11.015+00:00,False,1,0.0,,0.0,300087.237924,300087.237924,300087.237924,300087.237924,300087.237924,300087.237924,nan,300087.237924,nan,nan,0.0,43,64,,True,False,"HTTPConnectionPool(host='gpu03', port=9002): Read timed out.",0,56.69694568066818
197,2026-09-19T05:47:11.635+00:00,2026-09-19T05:52:11.507+00:00,2026-09-19T05:52:11.732+00:00,False,4,3.0,,3.0,299871.966854,300096.741766,300096.741682,75024.1854205,0.02515,299871.966854,149898.5306820919,254909.9632622,74.92497066666667,66.13579305544269,0.009996776314016917,43,64,,True,False,Request timeout: 300.0s exceeded,5,56.69694568066818
198,2026-09-19T05:47:12.250+00:00,2026-09-19T05:52:12.367+00:00,2026-09-19T05:52:12.367+00:00,False,1,0.0,,0.0,300117.261902,300117.261902,300117.261902,300117.261902,300117.261902,300117.261902,nan,300117.261902,nan,nan,0.0,43,64,,True,False,"HTTPConnectionPool(host='gpu03', port=9002): Read timed out.",0,56.69694568066818
199,2026-09-19T05:47:12.734+00:00,2026-09-19T05:52:12.850+00:00,2026-09-19T05:52:12.850+00:00,False,1,0.0,,0.0,300115.967302,300115.967302,300115.967302,300115.967302,300115.967302,300115.967302,nan,300115.967302,nan,nan,0.0,43,64,,True,False,"HTTPConnectionPool(host='gpu03', port=9002): Read timed out.",0,56.69694568066818
200,2026-09-19T05:47:13.297+00:00,2026-09-19T05:52:13.095+00:00,2026-09-19T05:52:13.357+00:00,False,4,3.0,,3.0,299798.578739,300060.208691,300060.20868700003,75015.05217175001,0.023239999999999997,299798.578739,149855.6971535771,254849.3875211,87.209984,75.78519092499145,0.009997993446339897,43,64,,True,False,Request timeout: 300.0s exceeded,6,56.69694568066818
201,2026-09-19T05:47:13.747+00:00,2026-09-19T05:52:13.467+00:00,2026-09-19T05:52:13.817+00:00,False,6,5.0,,5.0,299719.79437300004,300070.06893300003,300070.06898300006,50011.67816383334,0.046310000000000004,299719.79437300004,122331.50047378307,224815.56049400006,70.054912,44.944308911741516,0.0166627748571498,43,64,,True,False,Request timeout: 300.0s exceeded,22,56.69694568066818
202,2026-09-19T05:47:14.301+00:00,2026-09-19T05:52:14.369+00:00,2026-09-19T05:52:14.369+00:00,False,1,0.0,,0.0,300067.815217,300067.815217,300067.815217,300067.815217,300067.815217,300067.815217,nan,300067.815217,nan,nan,0.0,43,64,,True,False,TTFT timeout: 300.0s exceeded (TTFT: 300.055s),0,56.69694568066818
203,2026-09-19T05:47:14.874+00:00,2026-09-19T05:52:14.782+00:00,2026-09-19T05:52:14.916+00:00,False,3,2.0,,2.0,299907.387747,300042.000227,300042.00021599996,100014.000072,0.02119,299907.387747,173112.76485117464,269930.1081002,67.30624,95.15571026923718,0.006665733458938678,43,64,,True,False,Request timeout: 300.0s exceeded,5,56.69694568066818
204,2026-09-19T05:47:15.538+00:00,2026-09-19T05:52:15.630+00:00,2026-09-19T05:52:15.630+00:00,False,1,0.0,,0.0,300092.551629,300092.551629,300092.551629,300092.551629,300092.551629,300092.551629,nan,300092.551629,nan,nan,0.0,43,64,,True,False,"HTTPConnectionPool(host='gpu03', port=9002): Read timed out.",0,56.69694568066818
205,2026-09-19T05:47:16.243+00:00,2026-09-19T05:52:16.351+00:00,2026-09-19T05:52:16.351+00:00,False,1,0.0,,0.0,300108.033093,300108.033093,300108.033093,300108.033093,300108.033093,300108.033093,nan,300108.033093,nan,nan,0.0,43,64,,True,False,"HTTPConnectionPool(host='gpu03', port=9002): Read timed out.",0,56.69694568066818
207,2026-09-19T05:47:17.523+00:00,2026-09-19T05:52:16.530+00:00,2026-09-19T05:52:17.637+00:00,False,13,12.0,,12.0,299007.43321499997,300114.06079899997,300114.06076499994,23085.696981923076,0.040049999999999995,299007.43321499997,82904.17064515427,119680.94639999999,92.21896533333333,34.668914013893,0.03998479767343172,43,64,,True,False,Request timeout: 300.0s exceeded,40,56.69694568066818
206,2026-09-19T05:47:17.461+00:00,2026-09-19T05:52:16.660+00:00,2026-09-19T05:52:16.771+00:00,True,2,2.0,,2.0,299198.53206199995,299310.20642999996,299310.206508,149655.103254,111.674446,299198.53206199995,211486.345184049,284244.1891812,111.674368,nan,0.006682030739462079,43,64,,True,True,,7,56.69694568066818
208,2026-09-19T05:47:17.833+00:00,2026-09-19T05:52:18.001+00:00,2026-09-19T05:52:18.001+00:00,False,1,0.0,,0.0,300168.12745800003,300168.12745800003,300168.12745800003,300168.12745800003,300168.12745800003,300168.12745800003,nan,300168.12745800003,nan,nan,0.0,43,64,,True,False,"HTTPConnectionPool(host='gpu03', port=9002): Read timed out.",0,56.69694568066818
209,2026-09-19T05:47:18.409+00:00,2026-09-19T05:52:18.428+00:00,2026-09-19T05:52:18.428+00:00,False,1,0.0,,0.0,300019.817899,300019.817899,300019.817899,300019.817899,300019.817899,300019.817899,nan,300019.817899,nan,nan,0.0,43,64,,True,False,"HTTPConnectionPool(host='gpu03', port=9002): Read timed out.",0,56.69694568066818
210,2026-09-19T05:47:18.993+00:00,2026-09-19T05:52:19.100+00:00,2026-09-19T05:52:19.100+00:00,False,1,0.0,,0.0,300107.32699900004,300107.32699900004,300107.32699900004,300107.32699900004,300107.32699900004,300107.32699900004,nan,300107.32699900004,nan,nan,0.0,43,64,,True,False,"HTTPConnectionPool(host='gpu03', port=9002): Read timed out.",0,56.69694568066818
211,2026-09-19T05:47:19.654+00:00,2026-09-19T05:52:19.396+00:00,2026-09-19T05:52:20.585+00:00,False,16,15.0,,15.0,299741.575465,300930.208809,300930.208914,18808.138057125,0.026719999999999997,299741.575465,74915.59047942732,75013.53568675001,79.24222293333334,33.92830788798837,0.049845444428347443,43,64,,True,False,Request timeout: 300.0s exceeded,79,56.69694568066818
213,2026-09-19T05:47:20.771+00:00,2026-09-19T05:52:20.809+00:00,2026-09-19T05:52:20.809+00:00,False,1,0.0,,0.0,300038.257882,300038.257882,300038.257882,300038.257882,300038.257882,300038.257882,nan,300038.257882,nan,nan,0.0,43,64,,True,False,"HTTPConnectionPool(host='gpu03', port=9002): Read timed out.",0,56.69694568066818
212,2026-09-19T05:47:20.215+00:00,2026-09-19T05:52:21.326+00:00,2026-09-19T05:52:21.326+00:00,False,1,0.0,,0.0,301110.888338,301110.888338,301110.888338,301110.888338,301110.888338,301110.888338,nan,301110.888338,nan,nan,0.0,43,64,,True,False,"HTTPConnectionPool(host='gpu03', port=9002): Read timed out.",0,56.69694568066818
0,2026-09-19T05:45:20.816+00:00,2026-09-19T05:45:21.092+00:00,2026-09-19T05:45:26.482+00:00,True,60,60.0,,60.0,275.91997200000003,5665.3894119999995,5665.389284,94.42315473333333,35.522368,275.91997200000003,34.99486374717717,112.6994615,91.34693966101696,25.849135592122657,10.59062239797895,44,64,,False,True,,208,56.69694568066818
1,2026-09-19T05:45:21.261+00:00,2026-09-19T05:45:21.450+00:00,2026-09-19T05:45:21.752+00:00,True,4,4.0,,4.0,188.71810399999998,490.55413599999997,490.554031,122.63850775,95.843247,188.71810399999998,44.342152235442455,176.55171875,100.61201066666668,6.191140648695145,8.15404398098888,44,64,,False,True,,17,56.69694568066818
2,2026-09-19T05:45:21.624+00:00,2026-09-19T05:45:22.006+00:00,2026-09-19T05:45:27.259+00:00,True,56,56.0,,56.0,381.97517,5634.856322,5634.856223,100.62243255357143,45.328535,381.97517,44.63285092625336,111.9301845,95.50693003636363,23.1606309562042,9.938141595795601,44,64,,False,True,,277,56.69694568066818
3,2026-09-19T05:45:22.018+00:00,2026-09-19T05:45:24.916+00:00,2026-09-19T05:45:31.787+00:00,True,72,72.0,,72.0,2897.58149,9768.41797,9768.418123,135.67247393055555,44.503516000000005,2897.58149,330.7488864795265,111.84850269999998,96.7723447887324,21.19724689695234,7.3706919811499425,44,64,,False,True,,341,56.69694568066818
4,2026-09-19T05:45:22.481+00:00,2026-09-19T05:45:27.518+00:00,2026-09-19T05:45:33.162+00:00,True,58,58.0,,58.0,5037.202406,10681.612518,10681.612486,184.1657325172414,0.0,5037.202406,649.0579342448448,120.3315084,99.02473880701756,29.150533916278867,5.4298917791917605,44,64,,False,True,,286,56.69694568066818
5,2026-09-19T05:45:22.798+00:00,2026-09-19T05:45:29.424+00:00,2026-09-19T05:45:33.096+00:00,True,37,37.0,,37.0,6626.3094040000005,10297.396252,10297.396411,278.30801110810813,43.07782,6626.3094040000005,1072.9718959295426,159.81513800000002,101.97463466666667,28.877391925353734,3.5931413237413015,44,64,,False,True,,193,56.69694568066818
6,2026-09-19T05:45:23.270+00:00,2026-09-19T05:45:31.685+00:00,2026-09-19T05:45:41.173+00:00,True,97,97.0,,97.0,8415.547395,17903.448835,17903.448878,184.57163791752578,0.0,8415.547395,845.6217093402418,160.53443,98.83230666666667,45.02898273859667,5.4179505241678205,44,64,,False,True,,436,56.69694568066818
7,2026-09-19T05:45:23.686+00:00,2026-09-19T05:45:33.678+00:00,2026-09-19T05:45:36.760+00:00,True,32,32.0,,32.0,9991.966371999999,13073.626531999998,13073.626551,408.55082971875,0.0,9991.966371999999,1749.1269845869435,172.33419749999996,99.40839225806452,35.73397209924084,2.447675855025717,44,64,,False,True,,149,56.69694568066818
8,2026-09-19T05:45:24.093+00:00,2026-09-19T05:45:36.263+00:00,2026-09-19T05:45:42.371+00:00,True,62,62.0,,62.0,12169.953116,18277.826652,18277.826756000002,294.8036573548387,0.0,12169.953116,1533.7307645926348,251.94921145,100.12907436065574,51.82810211302559,3.3920881940969623,44,64,,False,True,,256,56.69694568066818
9,2026-09-19T05:45:24.581+00:00,2026-09-19T05:45:38.619+00:00,2026-09-19T05:45:40.159+00:00,True,17,17.0,,17.0,14038.010424,15577.9902,15577.990116,916.3523597647059,0.0,14038.010424,3382.0038847244064,3058.4580928000005,96.248736,67.41646694312212,1.0912832645125172,44,64,,False,True,,66,56.69694568066818
10,2026-09-19T05:45:25.082+00:00,2026-09-19T05:45:41.484+00:00,2026-09-19T05:45:46.449+00:00,True,52,52.0,,52.0,16401.745266,21366.999922000003,21366.999998000003,410.9038461153846,0.0,16401.745266,2261.6766281310206,201.12130704999998,97.35793443137256,55.38366945887067,2.4336593901729504,44,64,,False,True,,195,56.69694568066818
11,2026-09-19T05:45:25.468+00:00,2026-09-19T05:45:43.429+00:00,2026-09-19T05:45:46.234+00:00,True,30,30.0,,30.0,17961.629883,20766.645435000002,20766.645437000003,692.2215145666668,0.0,17961.629883,3262.1795486408278,243.05324265,96.72467420689655,58.646405907348225,1.4446242699091953,44,64,,False,True,,147,56.69694568066818
12,2026-09-19T05:45:25.847+00:00,2026-09-19T05:45:45.866+00:00,2026-09-19T05:45:46.018+00:00,True,3,3.0,,3.0,20019.676487,20170.866759,20170.866835,6723.622278333333,50.993341,20019.676487,11514.746996353802,18027.728539,75.595136,34.792459434085885,0.14872935485835956,44,64,,False,True,,8,56.69694568066818
13,2026-09-19T05:45:26.193+00:00,2026-09-19T05:45:47.831+00:00,2026-09-19T05:45:55.100+00:00,True,74,74.0,,74.0,21637.967587000003,28906.974179000004,28906.974132000003,390.63478556756763,0.0,21637.967587000003,2505.1011798313557,210.90234715,99.57543276712329,81.68742843656314,2.5599358667486767,44,64,,False,True,,356,56.69694568066818
14,2026-09-19T05:45:26.645+00:00,2026-09-19T05:45:50.317+00:00,2026-09-19T05:45:54.280+00:00,True,37,37.0,,37.0,23672.013227000003,27634.946731000004,27634.946614000004,746.8904490270271,0.01788,23672.013227000003,3874.7441009548256,477.55740940000004,110.08148622222222,97.23734616759073,1.3388844335456807,44,64,,False,True,,216,56.69694568066818
15,2026-09-19T05:45:27.180+00:00,2026-09-19T05:45:53.130+00:00,2026-09-19T05:45:58.126+00:00,True,54,54.0,,54.0,25949.559111000002,30945.795143000003,30945.79515,573.0702805555555,0.0,25949.559111000002,3518.986421177828,114.214349,94.2686043773585,61.4843904753833,1.7449866694478815,44,64,,False,True,,220,56.69694568066818
16,2026-09-19T05:45:27.597+00:00,2026-09-19T05:45:55.254+00:00,2026-09-19T05:46:00.232+00:00,True,55,55.0,,55.0,27657.538272,32635.143136000002,32635.143044,593.3662371636364,0.0,27657.538272,3717.5820053176963,117.60294529999999,92.17786785185186,71.21664728702969,1.6852997938694254,44,64,,False,True,,81,56.69694568066818
17,2026-09-19T05:45:27.904+00:00,2026-09-19T05:45:56.752+00:00,2026-09-19T05:46:04.789+00:00,True,82,82.0,,82.0,28848.075717,36884.581829,36884.581665,449.81197152439023,0.0,28848.075717,3175.2898228592358,114.008228,99.21612483950618,57.22818204559403,2.223151136161956,44,64,,False,True,,288,56.69694568066818
18,2026-09-19T05:45:28.393+00:00,2026-09-19T05:46:00.184+00:00,2026-09-19T05:46:09.362+00:00,True,93,93.0,,93.0,31791.26077,40968.943458,40968.943441,440.5262735591398,0.0,31791.26077,3287.1350677728133,114.418379,99.75742052173912,76.44092759787571,2.2700121641003634,44,64,,False,True,,472,56.69694568066818
19,2026-09-19T05:45:28.855+00:00,2026-09-19T05:46:02.137+00:00,2026-09-19T05:46:10.263+00:00,True,82,82.0,,82.0,33282.092737,41407.984576999996,41407.984798,504.97542436585366,0.0,33282.092737,3665.237124286696,113.96651004999998,100.31965234567902,82.77591231354609,1.9802944006491634,44,64,,False,True,,213,56.69694568066818
20,2026-09-19T05:45:29.364+00:00,2026-09-19T05:46:05.755+00:00,2026-09-19T05:46:15.208+00:00,True,100,100.0,,100.0,36390.714876000005,45844.205564,45844.20557400001,458.44205574000006,0.0,36390.714876000005,3630.642068679912,109.29619274999999,95.48980492929293,90.61533982081619,2.18130075043828,44,64,,False,True,,448,56.69694568066818
21,2026-09-19T05:45:29.891+00:00,2026-09-19T05:46:08.048+00:00,2026-09-19T05:46:10.166+00:00,True,22,22.0,,22.0,38156.574952,40274.467304000005,40274.467219000006,1830.6576008636364,86.583398,38156.574952,8113.509521588536,112.39245415,100.85201676190476,6.023592936860142,0.5462517935728225,44,64,,False,True,,61,56.69694568066818
22,2026-09-19T05:45:30.209+00:00,2026-09-19T05:46:09.559+00:00,2026-09-19T05:46:17.219+00:00,True,81,81.0,,81.0,39350.049651,47010.813043,47010.813136000004,580.3804090864197,0.0,39350.049651,4362.288277621368,113.959334,95.7595424,78.6658993546429,1.7230078519576053,44,64,,False,True,,281,56.69694568066818
23,2026-09-19T05:45:30.661+00:00,2026-09-19T05:46:11.537+00:00,2026-09-19T05:46:14.564+00:00,True,32,32.0,,32.0,40876.202766999995,43903.001358999994,43903.00124599999,1371.9687889374998,0.0,40876.202766999995,7209.767791340769,394.84392249999996,97.63866425806452,126.14303676098947,0.7288795528654691,44,64,,False,True,,120,56.69694568066818
24,2026-09-19T05:45:31.193+00:00,2026-09-19T05:46:14.654+00:00,2026-09-19T05:46:15.827+00:00,True,14,14.0,,14.0,43460.841056000005,44633.643104,44633.643174000004,3188.1173695714288,48.431627,43460.841056000005,11591.307579831428,15281.0485346,90.21554215384616,22.60365106102172,0.31366473866762046,44,64,,False,True,,50,56.69694568066818
25,2026-09-19T05:45:31.651+00:00,2026-09-19T05:46:16.964+00:00,2026-09-19T05:46:18.502+00:00,True,17,17.0,,17.0,45313.122192,46850.37608,46850.376051,2755.9044735882353,49.219685,45313.122192,10966.762493920984,9150.7987768,96.078368,20.808476453602253,0.3628572793305099,44,64,,False,True,,73,56.69694568066818
26,2026-09-19T05:45:32.006+00:00,2026-09-19T05:46:19.033+00:00,2026-09-19T05:46:23.040+00:00,True,41,41.0,,41.0,47026.791839000005,51034.55785500001,51034.55792400001,1244.7453152195123,0.0,47026.791839000005,7330.681351798744,686.148202,100.19415040000001,172.45469565553788,0.8033771962224046,44,64,,False,True,,189,56.69694568066818
27,2026-09-19T05:45:32.513+00:00,2026-09-19T05:46:22.761+00:00,2026-09-19T05:46:25.609+00:00,True,37,37.0,,37.0,50247.262048,53096.160608,53096.160432,1435.031363027027,0.016809,50247.262048,8247.707617900165,117.75404700000001,79.13607111111111,44.84123154251981,0.6968488790209288,44,64,,False,True,,163,56.69694568066818
28,2026-09-19T05:45:32.806+00:00,2026-09-19T05:46:23.908+00:00,2026-09-19T05:46:32.419+00:00,True,83,83.0,,83.0,51101.892718,59613.396846,59613.39661900001,718.2336942048194,0.0,51101.892718,5598.404620854514,118.2244332,103.7988308292683,84.94290077442525,1.3923044884426716,44,64,,False,True,,350,56.69694568066818
29,2026-09-19T05:45:33.313+00:00,2026-09-19T05:46:26.261+00:00,2026-09-19T05:46:30.550+00:00,True,43,43.0,,43.0,52948.327738,57236.984378,57236.984217,1331.0926562093023,0.0,52948.327738,8059.812203697142,117.9193199,102.11087238095239,117.7488782104008,0.7512625004144659,44,64,,False,True,,188,56.69694568066818
30,2026-09-19T05:45:33.834+00:00,2026-09-19T05:46:29.396+00:00,2026-09-19T05:46:34.934+00:00,True,61,61.0,,61.0,55561.878378,61099.873386,61099.873386,1001.6372686229508,0.0,55561.878378,7102.232419652864,113.738033,92.29991679999999,34.13470526672139,0.9983654076438253,44,64,,False,True,,211,56.69694568066818
31,2026-09-19T05:45:34.285+00:00,2026-09-19T05:46:31.400+00:00,2026-09-19T05:46:33.333+00:00,True,20,20.0,,20.0,57114.486978,59047.933634,59047.933652,2952.3966826,49.693484,57114.486978,12748.445605165942,2963.1562047,101.76035031578948,18.248371991210924,0.33870787289470755,44,64,,False,True,,104,56.69694568066818
32,2026-09-19T05:45:34.623+00:00,2026-09-19T05:46:33.441+00:00,2026-09-19T05:46:37.695+00:00,True,40,40.0,,40.0,58818.661825,63071.907265,63071.907478,1576.79768695,0.01812,58818.661825,9283.294713126254,145.63972105,109.05757538461539,96.74689729284049,0.6341967721372029,44,64,,False,True,,169,56.69694568066818
33,2026-09-19T05:45:35.080+00:00,2026-09-19T05:46:36.259+00:00,2026-09-19T05:46:45.183+00:00,True,91,91.0,,91.0,61178.587693,70102.342957,70102.343168,770.3554194285714,0.0,61178.587693,6403.922190925029,113.53044399999999,99.15283626666667,117.03551359890066,1.2981021198652145,44,64,,False,True,,335,56.69694568066818
34,2026-09-19T05:45:35.536+00:00,2026-09-19T05:46:39.367+00:00,2026-09-19T05:46:43.925+00:00,True,53,53.0,,53.0,63830.664804,68388.76554,68388.765561,1290.3540671886792,0.0,63830.664804,8755.848060240018,114.7533052,87.65578338461539,35.95250929174257,0.7749810890942426,44,64,,False,True,,219,56.69694568066818
35,2026-09-19T05:45:35.825+00:00,2026-09-19T05:46:40.225+00:00,2026-09-19T05:46:45.782+00:00,True,57,57.0,,57.0,64399.921193999995,69956.659498,69956.659527,1227.3098162631577,44.088917,64399.921193999995,8516.85353657147,114.4124996,99.22746971428572,17.958190968416694,0.814790191656158,44,64,,False,True,,244,56.69694568066818
36,2026-09-19T05:45:36.167+00:00,2026-09-19T05:46:42.011+00:00,2026-09-19T05:46:48.988+00:00,True,72,72.0,,72.0,65844.27418,72820.884484,72820.884333,1011.4011712916665,47.511099,65844.27418,7748.26142513553,111.09117750000001,98.26211695774647,17.550712880191217,0.9887273480703141,44,64,,False,True,,315,56.69694568066818
37,2026-09-19T05:45:36.655+00:00,2026-09-19T05:46:44.442+00:00,2026-09-19T05:46:48.482+00:00,True,42,42.0,,42.0,67786.658756,71826.874564,71826.87453700001,1710.163679452381,46.046752,67786.658756,10444.514846915645,110.11368255,98.54184897560975,15.79737891370451,0.5847393507645482,44,64,,False,True,,166,56.69694568066818
38,2026-09-19T05:45:37.157+00:00,2026-09-19T05:46:46.938+00:00,2026-09-19T05:46:52.235+00:00,True,56,56.0,,56.0,69781.833556,75078.307412,75078.30744,1340.6840614285713,0.0,69781.833556,9313.074209412356,109.72924825,96.29952465454545,134.4581429368618,0.7458878860000691,44,64,,False,True,,191,56.69694568066818
39,2026-09-19T05:45:37.474+00:00,2026-09-19T05:46:48.679+00:00,2026-09-19T05:46:55.742+00:00,True,71,71.0,,71.0,71205.215782,78268.226854,78268.227071,1102.369395366197,0.0,71205.215782,8439.910062613371,182.555657,100.90015817142857,153.73678801894584,0.9071369424586813,44,64,,False,True,,283,56.69694568066818
40,2026-09-19T05:45:37.953+00:00,2026-09-19T05:46:51.611+00:00,2026-09-19T05:46:58.891+00:00,True,72,72.0,,72.0,73657.18542200001,80937.560974,80937.560792,1124.132788777778,0.01717,73657.18542200001,8669.034870975102,117.03435565,102.54050073239436,97.16152564759403,0.8895746194171694,44,64,,False,True,,268,56.69694568066818
41,2026-09-19T05:45:38.474+00:00,2026-09-19T05:46:53.812+00:00,2026-09-19T05:46:59.219+00:00,True,54,54.0,,54.0,75338.104499,80745.929139,80745.92909199999,1495.2949831851852,0.01623,75338.104499,10238.95842231131,114.3802788,102.03442716981132,114.31201346035775,0.6687643646658862,44,64,,False,True,,164,56.69694568066818
42,2026-09-19T05:45:38.900+00:00,2026-09-19T05:46:56.234+00:00,2026-09-19T05:47:05.096+00:00,True,90,90.0,,90.0,77334.483808,86196.151136,86196.151079,957.7350119888889,0.0,77334.483808,8142.193086984826,114.27319694999998,99.56929582022472,122.97317659070308,1.0441301475050586,44,64,,False,True,,271,56.69694568066818
43,2026-09-19T05:45:39.337+00:00,2026-09-19T05:46:59.106+00:00,2026-09-19T05:47:06.030+00:00,True,72,72.0,,72.0,79768.95034000001,86693.44493200001,86693.44514600001,1204.075627027778,0.0,79768.95034000001,9390.363504551471,113.79441405000001,97.52809284507042,137.76235569197473,0.8305126189929912,44,64,,False,True,,248,56.69694568066818
44,2026-09-19T05:45:39.810+00:00,2026-09-19T05:47:02.368+00:00,2026-09-19T05:47:04.853+00:00,True,23,23.0,,23.0,82557.74703900001,85043.16476700001,85043.16469900002,3697.5288999565223,0.0,82557.74703900001,17192.58754405119,1080.3978362,112.9735330909091,244.8166351527051,0.27045089470758826,44,64,,False,True,,74,56.69694568066818
45,2026-09-19T05:45:40.295+00:00,2026-09-19T05:47:04.850+00:00,2026-09-19T05:47:11.696+00:00,True,71,71.0,,71.0,84555.103337,91401.19178499999,91401.191696,1287.340728112676,45.724951999999995,84555.103337,10023.253048863291,111.38803899999999,97.80126354285714,17.667626693295446,0.7767951228361546,44,64,,False,True,,243,56.69694568066818
46,2026-09-19T05:45:40.585+00:00,2026-09-19T05:47:06.608+00:00,2026-09-19T05:47:08.949+00:00,True,25,25.0,,25.0,86022.936069,88364.173829,88364.173886,3534.56695544,47.19978,86022.936069,17185.087429039337,117.83148720000001,97.55157333333332,19.433618542498856,0.28292008985880784,44,64,,False,True,,123,56.69694568066818
47,2026-09-19T05:45:40.887+00:00,2026-09-19T05:47:08.152+00:00,2026-09-19T05:47:16.105+00:00,True,82,82.0,,82.0,87265.12259999999,95218.192424,95218.19237099998,1161.1974679390241,41.970231,87265.12259999999,9625.993469315425,112.14447465,98.18604720987653,17.461731206897515,0.8611799690006685,44,64,,False,True,,307,56.69694568066818
48,2026-09-19T05:45:41.229+00:00,2026-09-19T05:47:10.183+00:00,2026-09-19T05:47:12.931+00:00,True,28,28.0,,28.0,88953.88431299999,91702.417817,91702.41774399999,3275.0863479999994,50.292911999999994,88953.88431299999,16791.469509587132,110.24751,101.79753718518518,10.940390664866705,0.30533546079315366,44,64,,False,True,,140,56.69694568066818
49,2026-09-19T05:45:41.570+00:00,2026-09-19T05:47:11.898+00:00,2026-09-19T05:47:15.693+00:00,True,41,41.0,,41.0,90328.214112,94122.714976,94122.715029,2295.675976317073,40.587745000000005,90328.214112,14092.095535312954,111.119359,94.8625216,19.805613846393367,0.4356015443291711,44,64,,False,True,,175,56.69694568066818
50,2026-09-19T05:45:41.986+00:00,2026-09-19T05:47:14.782+00:00,2026-09-19T05:47:14.883+00:00,True,2,2.0,,2.0,92795.978376,92897.75988,92897.759727,46448.8798635,101.781351,92795.978376,65544.6952930194,88161.26852475,101.781504,nan,0.021529044431033487,44,64,,False,True,,12,56.69694568066818
51,2026-09-19T05:45:42.269+00:00,2026-09-19T05:47:16.205+00:00,2026-09-19T05:47:22.935+00:00,True,69,69.0,,69.0,93935.855007,100665.757343,100665.757327,1458.9240192318841,0.0,93935.855007,11298.249123386884,128.78516380000002,98.969152,192.47964627508344,0.6854366551368131,44,64,,False,True,,285,56.69694568066818
52,2026-09-19T05:45:42.728+00:00,2026-09-19T05:47:18.564+00:00,2026-09-19T05:47:24.690+00:00,True,63,63.0,,63.0,95835.870931,101962.376147,101962.37619699999,1618.4504158253967,0.0,95835.870931,12062.825144053626,113.27748820000001,98.81460025806453,163.46820683106534,0.6178749689902516,44,64,,False,True,,317,56.69694568066818
53,2026-09-19T05:45:43.103+00:00,2026-09-19T05:47:20.566+00:00,2026-09-19T05:47:22.137+00:00,True,16,16.0,,16.0,97462.44762800001,99034.04724400002,99034.047271,6189.6279544375,98.491209,97462.44762800001,24339.418796117377,24448.108271750003,104.77330773333334,3.3603451670515607,0.16156059905922263,44,64,,False,True,,78,56.69694568066818
54,2026-09-19T05:45:43.513+00:00,2026-09-19T05:47:22.561+00:00,2026-09-19T05:47:28.845+00:00,True,65,65.0,,65.0,99048.031761,105332.604689,105332.604667,1620.5016102615386,46.261192,99048.031761,12273.231960241303,112.71334920000001,98.196452,19.59629782148977,0.6170928763407673,44,64,,False,True,,304,56.69694568066818
55,2026-09-19T05:45:43.831+00:00,2026-09-19T05:47:24.579+00:00,2026-09-19T05:47:29.498+00:00,True,51,51.0,,51.0,100747.681939,105666.919059,105666.918867,2071.9003699411765,45.603733,100747.681939,14093.732428379704,111.765303,98.38474240000001,18.41830498851681,0.4826486894306412,44,64,,False,True,,205,56.69694568066818
56,2026-09-19T05:45:44.208+00:00,2026-09-19T05:47:26.561+00:00,2026-09-19T05:47:28.840+00:00,True,25,25.0,,25.0,102353.315356,104632.647196,104632.64734800001,4185.30589392,46.314512,102353.315356,20451.678312316944,110.473088,94.97216,20.32042137033399,0.23893116221335287,44,64,,True,True,,107,56.69694568066818
57,2026-09-19T05:45:44.587+00:00,2026-09-19T05:47:28.741+00:00,2026-09-19T05:47:34.563+00:00,True,60,60.0,,60.0,104154.367165,109975.81126100001,109975.811223,1832.93018705,43.717027,104154.367165,13433.541360018078,109.6279708,98.668544,15.18055313320471,0.5455745159961134,44,64,,True,True,,242,56.69694568066818
58,2026-09-19T05:45:44.977+00:00,2026-09-19T05:47:30.678+00:00,2026-09-19T05:47:39.641+00:00,True,93,93.0,,93.0,105700.754952,114664.33767200001,114664.337725,1232.9498680107527,49.140264,105700.754952,10950.569892943373,110.8350208,97.43024695652173,18.37005068632544,0.8110629851281979,44,64,,True,True,,438,56.69694568066818
59,2026-09-19T05:45:45.356+00:00,2026-09-19T05:47:33.141+00:00,2026-09-19T05:47:36.351+00:00,True,33,33.0,,33.0,107784.290032,110995.01592,110995.016004,3363.4853334545455,47.502608,107784.290032,18745.37824171585,113.80483520000001,100.335184,17.37211779747115,0.29731064702747423,44,64,,True,True,,131,56.69694568066818
60,2026-09-19T05:45:45.749+00:00,2026-09-19T05:47:35.202+00:00,2026-09-19T05:47:41.976+00:00,True,71,71.0,,71.0,109452.336184,116227.228728,116227.228813,1637.0032227183099,44.446054,109452.336184,12978.1327807274,113.1773385,96.7841792,20.810676440487608,0.6108723470139452,44,64,,True,True,,257,56.69694568066818
61,2026-09-19T05:45:46.144+00:00,2026-09-19T05:47:36.863+00:00,2026-09-19T05:47:42.289+00:00,True,58,58.0,,58.0,110718.779282,116145.061266,116145.061414,2002.501058862069,45.973852,110718.779282,14525.604377255951,112.35350485,95.19792954385964,22.101937969748985,0.4993755168561676,44,64,,True,True,,271,56.69694568066818
62,2026-09-19T05:45:46.470+00:00,2026-09-19T05:47:38.590+00:00,2026-09-19T05:47:48.326+00:00,True,99,99.0,,99.0,112119.464267,121855.689803,121855.68995500001,1230.8655551010102,44.539714,112119.464267,11258.45847894961,111.3404479,99.3492401632653,17.402130000245815,0.8124364168800814,44,64,,True,True,,470,56.69694568066818
63,2026-09-19T05:45:46.810+00:00,2026-09-19T05:47:40.534+00:00,2026-09-19T05:47:45.947+00:00,True,54,54.0,,54.0,113723.977309,119137.162333,119137.16221099999,2206.243744648148,46.619099999999996,113723.977309,15461.980307700924,112.11468124999999,102.13556649056605,13.855097937096849,0.45325907502366664,44,64,,True,True,,244,56.69694568066818
64,2026-09-19T05:45:47.263+00:00,2026-09-19T05:47:43.235+00:00,2026-09-19T05:47:46.459+00:00,True,33,33.0,,33.0,115972.471338,119196.015658,119196.015699,3612.0004757272727,45.249904,115972.471338,20170.68470738025,110.89535620000001,100.73576,13.820348496503934,0.2768548916490998,44,64,,True,True,,133,56.69694568066818
65,2026-09-19T05:45:47.668+00:00,2026-09-19T05:47:45.320+00:00,2026-09-19T05:47:54.560+00:00,True,93,93.0,,93.0,117651.80046099999,126892.01396499999,126892.01378299999,1364.4302557311828,43.62360700000001,117651.80046099999,12189.5163262049,111.06760620000001,100.43710330434783,13.848231454138254,0.7329066431686689,44,64,,True,True,,363,56.69694568066818
66,2026-09-19T05:45:48.069+00:00,2026-09-19T05:47:47.481+00:00,2026-09-19T05:47:54.661+00:00,True,73,73.0,,73.0,119412.698023,126592.54109500001,126592.541237,1734.1444005068495,48.157095999999996,119412.698023,13964.536058252768,110.95625639999999,99.72004266666667,15.276934851634678,0.5766532480394555,44,64,,True,True,,328,56.69694568066818
67,2026-09-19T05:45:48.500+00:00,2026-09-19T05:47:49.911+00:00,2026-09-19T05:47:52.274+00:00,True,24,24.0,,24.0,121410.932244,123773.8253,123773.825327,5157.242721958333,52.550686,121410.932244,24761.9348331051,113.30627659999999,102.73448069565217,11.725073089272495,0.19390206242579464,44,64,,True,True,,92,56.69694568066818
68,2026-09-19T05:45:49.011+00:00,2026-09-19T05:47:52.780+00:00,2026-09-19T05:47:53.299+00:00,True,6,6.0,,6.0,123769.346022,124288.377318,124288.377387,20714.7295645,97.831849,123769.346022,50486.245528357256,92855.70072149999,103.8062592,6.517388732615172,0.04827482769888133,44,64,,True,True,,24,56.69694568066818
69,2026-09-19T05:45:49.421+00:00,2026-09-19T05:47:54.458+00:00,2026-09-19T05:48:01.711+00:00,True,74,74.0,,74.0,125036.745848,132289.728376,132289.72822000002,1787.69903,43.232767,125036.745848,14523.684856958313,109.59592235,99.3559250410959,15.622687820503302,0.5593782745526074,44,64,,True,True,,319,56.69694568066818
70,2026-09-19T05:45:49.882+00:00,2026-09-19T05:47:56.553+00:00,2026-09-19T05:47:59.225+00:00,True,28,28.0,,28.0,126671.11387700001,129342.58882100001,129342.58870200001,4619.378167928572,48.991815,126671.11387700001,23919.897905049784,109.04098685000001,98.94351644444444,17.365660156843873,0.2164793534382538,44,64,,True,True,,104,56.69694568066818
71,2026-09-19T05:45:50.268+00:00,2026-09-19T05:47:59.322+00:00,2026-09-19T05:48:00.154+00:00,True,9,9.0,,9.0,129053.230353,129885.371409,129885.371289,14431.707921000001,92.01670200000001,129053.230353,42983.07120958762,77475.72945299999,104.017632,5.407169052239549,0.06929186791682357,44,64,,True,True,,42,56.69694568066818
72,2026-09-19T05:45:50.677+00:00,2026-09-19T05:48:01.302+00:00,2026-09-19T05:48:05.820+00:00,True,48,48.0,,48.0,130624.70234100001,135143.554181,135143.554248,2815.4907135000003,47.006598,130624.70234100001,18840.185516209076,110.59000520000001,96.14578382978723,20.76530227592541,0.35517787208491497,44,64,,True,True,,213,56.69694568066818
73,2026-09-19T05:45:51.178+00:00,2026-09-19T05:48:03.800+00:00,2026-09-19T05:48:06.350+00:00,True,28,28.0,,28.0,132622.621913,135172.559065,135172.559145,4827.5913980357145,49.418833,132622.621913,25045.482171010073,111.19211490000002,94.44211674074074,23.207297407421034,0.20714263452344442,44,64,,True,True,,122,56.69694568066818
74,2026-09-19T05:45:51.597+00:00,2026-09-19T05:48:06.031+00:00,2026-09-19T05:48:14.387+00:00,True,83,83.0,,83.0,134434.392964,142790.31514,142790.315111,1720.3652423012047,46.85499,134434.392964,14744.91322059096,111.8885531,101.90148995121952,14.144286754715294,0.581271915526077,44,64,,True,True,,309,56.69694568066818
75,2026-09-19T05:45:52.222+00:00,2026-09-19T05:48:09.048+00:00,2026-09-19T05:48:13.769+00:00,True,48,48.0,,48.0,136826.6057,141547.64403599998,141547.643976,2948.9092494999995,44.625495,136826.6057,19734.727739545466,111.28052520000001,100.44762417021276,16.433650078615116,0.339108434668062,44,64,,True,True,,226,56.69694568066818
76,2026-09-19T05:45:52.236+00:00,2026-09-19T05:48:09.414+00:00,2026-09-19T05:48:11.640+00:00,True,23,23.0,,23.0,137178.435789,139403.902925,139403.90296600002,6061.039259391305,46.756899,137178.435789,28582.593530436316,114.36828249999999,101.15759709090909,17.626724045629405,0.16498820705453357,44,64,,True,True,,111,56.69694568066818
77,2026-09-19T05:45:52.606+00:00,2026-09-19T05:48:11.640+00:00,2026-09-19T05:48:21.551+00:00,True,99,99.0,,99.0,139033.679918,148945.326894,148945.326743,1504.498249929293,45.763862,139033.679918,13963.253695692167,111.9046019,101.13925485714284,15.00680575315255,0.6646734212108271,44,64,,True,True,,447,56.69694568066818
78,2026-09-19T05:45:52.921+00:00,2026-09-19T05:48:13.200+00:00,2026-09-19T05:48:20.559+00:00,True,74,74.0,,74.0,140279.796146,147638.033074,147638.03304900002,1995.1085547162163,44.650065000000005,140279.796146,16295.485386692559,112.34657445,100.7977661369863,16.078473397199293,0.5012258593482432,44,64,,True,True,,364,56.69694568066818
79,2026-09-19T05:45:53.322+00:00,2026-09-19T05:48:15.586+00:00,2026-09-19T05:48:16.476+00:00,True,10,10.0,,10.0,142264.324009,143153.793705,143153.79363,14315.379363,46.210741999999996,142264.324009,44956.68064893023,78295.9277557,98.82996622222223,20.266369407526657,0.06985494230496754,44,64,,True,True,,32,56.69694568066818
80,2026-09-19T05:45:53.770+00:00,2026-09-19T05:48:18.178+00:00,2026-09-19T05:48:23.313+00:00,True,52,52.0,,52.0,144407.253968,149542.849744,149542.849656,2875.824031846154,44.613434999999996,144407.253968,20011.724964567693,113.05790389999999,100.69795639215687,15.948148167457893,0.34772642148399585,44,64,,True,True,,281,56.69694568066818
81,2026-09-19T05:45:54.231+00:00,2026-09-19T05:48:21.031+00:00,2026-09-19T05:48:23.208+00:00,True,23,23.0,,23.0,146800.08831700002,148977.187069,148977.187058,6477.26900252174,46.206591,146800.08831700002,30589.3045089657,110.87299360000002,98.95903418181818,16.973166365488243,0.15438605368046962,44,64,,True,True,,83,56.69694568066818
82,2026-09-19T05:45:54.707+00:00,2026-09-19T05:48:23.053+00:00,2026-09-19T05:48:28.169+00:00,True,54,54.0,,54.0,148346.762912,153462.475936,153462.476028,2841.8977042222223,46.196,148346.762912,20174.313340452034,114.0239063,96.52288724528302,21.25968366851938,0.35187754967879026,44,64,,True,True,,140,56.69694568066818
83,2026-09-19T05:45:55.016+00:00,2026-09-19T05:48:25.145+00:00,2026-09-19T05:48:34.523+00:00,True,94,94.0,,94.0,150129.59648500002,159507.74765300003,159507.747739,1696.8909333936172,46.422821000000006,150129.59648500002,15474.293201911549,112.46120200000001,100.84033513978494,16.34327404759783,0.5893130671275706,44,64,,True,True,,467,56.69694568066818
84,2026-09-19T05:45:55.548+00:00,2026-09-19T05:48:27.953+00:00,2026-09-19T05:48:31.815+00:00,True,41,41.0,,41.0,152404.947957,156266.781429,156266.781473,3811.38491397561,43.800506999999996,152404.947957,23786.5844902495,110.61900999999997,96.5458368,20.201685723068298,0.26237182096585515,44,64,,True,True,,151,56.69694568066818
85,2026-09-19T05:45:55.910+00:00,2026-09-19T05:48:30.039+00:00,2026-09-19T05:48:31.817+00:00,True,19,19.0,,19.0,154128.286498,155906.899746,155906.899601,8205.626294789474,50.186451,154128.286498,35336.7891847643,15512.830861,98.8118471111111,17.766608959596912,0.12186760195318083,44,64,,True,True,,79,56.69694568066818
86,2026-09-19T05:45:56.415+00:00,2026-09-19T05:48:32.341+00:00,2026-09-19T05:48:34.943+00:00,True,26,26.0,,26.0,155926.006031,158528.799247,158528.799398,6097.261515307692,52.767975,155926.006031,30559.18978868319,114.391116,104.11172864,11.588505889351321,0.16400805483608066,44,64,,True,True,,98,56.69694568066818
87,2026-09-19T05:45:56.820+00:00,2026-09-19T05:48:34.522+00:00,2026-09-19T05:48:42.381+00:00,True,78,78.0,,78.0,157701.671778,165560.98518599998,165560.985115,2122.5767322435895,49.148804,157701.671778,17844.648479828717,114.65965535,102.0690052987013,16.356335339239447,0.4711254883653336,44,64,,True,True,,348,56.69694568066818
88,2026-09-19T05:45:57.183+00:00,2026-09-19T05:48:36.913+00:00,2026-09-19T05:48:39.502+00:00,True,27,27.0,,27.0,159729.838815,162319.366879,162319.36687199998,6011.828402666666,45.173654,159729.838815,30720.862394852848,119.8241187,99.59723323076923,22.720709688156074,0.1663387463809355,44,64,,True,True,,117,56.69694568066818
89,2026-09-19T05:45:57.500+00:00,2026-09-19T05:48:38.480+00:00,2026-09-19T05:48:45.077+00:00,True,65,65.0,,65.0,160979.66867699998,167576.922821,167576.92291599998,2578.1065063999995,45.377474,160979.66867699998,19954.288717147196,112.167158,103.082096,12.733162590517933,0.3878815704799091,44,64,,True,True,,309,56.69694568066818
90,2026-09-19T05:45:57.960+00:00,2026-09-19T05:48:40.783+00:00,2026-09-19T05:48:45.832+00:00,True,51,51.0,,51.0,162823.717489,167872.683377,167872.6833,3291.6212411764704,49.406604,162823.717489,22785.74485936843,112.31921600000001,100.97931776,13.486134812622312,0.3038016607232445,44,64,,True,True,,184,56.69694568066818
91,2026-09-19T05:45:58.461+00:00,2026-09-19T05:48:43.321+00:00,2026-09-19T05:48:51.263+00:00,True,82,82.0,,82.0,164860.528125,172801.649149,172801.649153,2107.3371847926833,45.224514000000006,164860.528125,18194.981810389407,112.0082785,98.03853116049382,17.846879997377588,0.47453250824761894,44,64,,True,True,,341,56.69694568066818
92,2026-09-19T05:45:58.759+00:00,2026-09-19T05:48:45.271+00:00,2026-09-19T05:48:45.379+00:00,True,2,2.0,,2.0,166512.058013,166620.364445,166620.364519,83310.1822595,108.306506,166512.058013,117665.22110548087,158191.87043765,108.306432,nan,0.012003334686380327,44,64,,True,True,,5,56.69694568066818
93,2026-09-19T05:45:59.202+00:00,2026-09-19T05:48:47.819+00:00,2026-09-19T05:48:50.426+00:00,True,27,27.0,,27.0,168616.567613,171223.950909,171223.950939,6341.6278125555555,49.725013,168616.567613,32430.977217247513,110.31454689999998,100.28397292307693,14.94259546033746,0.1576882197651754,44,64,,True,True,,138,56.69694568066818
94,2026-09-19T05:45:59.671+00:00,2026-09-19T05:48:50.064+00:00,2026-09-19T05:48:52.203+00:00,True,22,22.0,,22.0,170392.639413,172531.834037,172531.83393,7842.356087727273,46.620771,170392.639413,36306.11708093375,111.33445110000001,101.86641066666667,13.20485189787774,0.12751270003471957,44,64,,True,True,,75,56.69694568066818
95,2026-09-19T05:45:59.993+00:00,2026-09-19T05:48:51.683+00:00,2026-09-19T05:49:00.126+00:00,True,85,85.0,,85.0,171689.74986399998,180132.95549599998,180132.955501,2119.211241188235,44.166296,171689.74986399998,18611.47221816832,111.25288420000001,100.51435276190476,15.66026038871908,0.47187367667371394,44,64,,True,True,,300,56.69694568066818
96,2026-09-19T05:46:00.342+00:00,2026-09-19T05:48:53.632+00:00,2026-09-19T05:48:59.093+00:00,True,56,56.0,,56.0,173289.641242,178750.92994600002,178750.929953,3191.9808920178575,43.829346,173289.641242,23143.540249270027,113.07627400000001,99.29615825454545,18.025650681215527,0.3132850834226003,44,64,,True,True,,127,56.69694568066818
97,2026-09-19T05:46:00.856+00:00,2026-09-19T05:48:56.185+00:00,2026-09-19T05:49:00.590+00:00,True,45,45.0,,45.0,175329.283662,179733.731662,179733.73157,3994.082923777778,50.167732,175329.283662,26121.62907436283,114.20330759999999,100.1010909090909,16.045375151165327,0.2503703650054136,44,64,,True,True,,222,56.69694568066818
98,2026-09-19T05:46:01.332+00:00,2026-09-19T05:48:59.092+00:00,2026-09-19T05:49:04.102+00:00,True,51,51.0,,51.0,177760.45097099998,182770.27241099998,182770.27226599999,3583.730828745098,48.656836000000006,177760.45097099998,24877.416192963396,111.12608850000001,100.19642879999999,15.243329213086463,0.2790388137372529,44,64,,True,True,,171,56.69694568066818
99,2026-09-19T05:46:01.747+00:00,2026-09-19T05:49:01.107+00:00,2026-09-19T05:49:03.041+00:00,True,21,21.0,,21.0,179360.801206,181294.372278,181294.372198,8633.065342761905,45.567303,179360.801206,39118.64429410636,111.992517,96.6785536,21.576721744094975,0.11583371141713229,44,64,,True,True,,89,56.69694568066818
100,2026-09-19T05:46:02.263+00:00,2026-09-19T05:49:04.522+00:00,2026-09-19T05:49:07.341+00:00,True,29,29.0,,29.0,182259.008356,185077.926244,185077.926454,6381.997463931035,46.747679,182259.008356,33825.95816230124,115.01446179999999,100.67563885714286,18.669334155538362,0.15669075501617333,44,64,,True,True,,145,56.69694568066818
101,2026-09-19T05:46:02.730+00:00,2026-09-19T05:49:07.017+00:00,2026-09-19T05:49:07.340+00:00,True,4,4.0,,4.0,184287.241583,184609.607023,184609.606985,46152.40174625,105.412073,184287.241583,92089.89325327186,156660.75610189998,107.45514666666668,2.819476025775948,0.021667344752549368,44,64,,True,True,,13,56.69694568066818
102,2026-09-19T05:46:03.166+00:00,2026-09-19T05:49:09.063+00:00,2026-09-19T05:49:12.978+00:00,True,40,40.0,,40.0,185897.290475,189812.169451,189812.16956399998,4745.3042391,46.238731,185897.290475,29377.07584150669,112.73002579999998,100.3815122051282,17.56217246187527,0.210734644231154,44,64,,True,True,,186,56.69694568066818
103,2026-09-19T05:46:03.676+00:00,2026-09-19T05:49:11.838+00:00,2026-09-19T05:49:16.006+00:00,True,42,42.0,,42.0,188162.301474,192330.626082,192330.62628700002,4579.300625880953,46.55386,188162.301474,29018.389868262664,114.028795,101.66645385365854,15.210945648393595,0.21837395767688778,44,64,,True,True,,172,56.69694568066818
104,2026-09-19T05:46:04.193+00:00,2026-09-19T05:49:14.822+00:00,2026-09-19T05:49:19.401+00:00,True,47,47.0,,47.0,190628.482849,195207.862305,195207.862467,4153.358775893616,47.908576999999994,190628.482849,27791.507687544963,112.97777099999999,99.55172730434782,19.612587535605076,0.2407689907825816,44,64,,True,True,,200,56.69694568066818
105,2026-09-19T05:46:04.514+00:00,2026-09-19T05:49:16.438+00:00,2026-09-19T05:49:17.239+00:00,True,9,9.0,,9.0,191924.37666299997,192725.76239099997,192725.76222799998,21413.973580888887,52.797255,191924.37666299997,63941.403689111576,115198.229859,100.173216,19.24189828531051,0.04669847916720597,44,64,,True,True,,27,56.69694568066818
106,2026-09-19T05:46:04.879+00:00,2026-09-19T05:49:18.460+00:00,2026-09-19T05:49:18.562+00:00,True,2,2.0,,2.0,193580.997907,193682.83982700002,193682.839788,96841.419894,101.841881,193580.997907,136810.42324423467,183907.0401057,101.84192,nan,0.010326160034551463,44,64,,True,True,,4,56.69694568066818
107,2026-09-19T05:46:05.265+00:00,2026-09-19T05:49:20.274+00:00,2026-09-19T05:49:25.879+00:00,True,55,55.0,,55.0,195008.88045899998,200613.67713099997,200613.677022,3647.5214003999995,52.489887,195008.88045899998,26280.998893885288,111.65931570000001,103.79253096296297,10.851236990148813,0.27415877514714615,44,64,,True,True,,225,56.69694568066818
108,2026-09-19T05:46:05.631+00:00,2026-09-19T05:49:21.222+00:00,2026-09-19T05:49:21.222+00:00,True,1,1.0,,1.0,195591.75109,195591.75109,195591.75109,195591.75109,195591.75109,195591.75109,nan,195591.75109,nan,nan,0.005112690051738726,44,64,,True,True,,2,56.69694568066818
109,2026-09-19T05:46:05.944+00:00,2026-09-19T05:49:24.480+00:00,2026-09-19T05:49:30.922+00:00,True,63,63.0,,63.0,198535.42826699998,204977.62397899997,204977.62411099998,3253.6130811269836,46.240982,198535.42826699998,25000.02539375172,114.229611,103.9063824516129,13.390366280497386,0.30735062089730525,44,64,,True,True,,309,56.69694568066818
110,2026-09-19T05:46:06.446+00:00,2026-09-19T05:49:27.206+00:00,2026-09-19T05:49:34.384+00:00,True,70,70.0,,70.0,200760.607891,207938.181523,207938.181495,2970.5454499285715,44.470305,200760.607891,23983.053242090216,113.78114305,104.02280626086956,14.173758480934024,0.33663851192358973,44,64,,True,True,,293,56.69694568066818
111,2026-09-19T05:46:07.338+00:00,2026-09-19T05:49:31.840+00:00,2026-09-19T05:49:38.168+00:00,True,62,62.0,,62.0,204502.021438,210829.921342,210829.921309,3400.4826017580644,46.78644,204502.021438,25958.612415334766,113.58757555,103.736064,14.91418724034467,0.2940759053807455,44,64,,True,True,,304,56.69694568066818
112,2026-09-19T05:46:07.443+00:00,2026-09-19T05:49:32.638+00:00,2026-09-19T05:49:41.044+00:00,True,84,84.0,,84.0,205194.99440599998,213601.64963799997,213601.64971399997,2542.8767823095236,46.749333,205194.99440599998,22377.56414465931,114.88239945,101.28500279518072,16.29505514427295,0.3932553898453428,44,64,,True,True,,445,56.69694568066818
113,2026-09-19T05:46:07.933+00:00,2026-09-19T05:49:35.913+00:00,2026-09-19T05:49:43.314+00:00,True,76,76.0,,76.0,207980.086102,215380.723798,215380.723901,2833.9568934342105,47.360591,207980.086102,23845.639280169395,110.24922875,98.67516928,17.11015234411439,0.35286351842367486,44,64,,True,True,,360,56.69694568066818
114,2026-09-19T05:46:08.464+00:00,2026-09-19T05:49:38.981+00:00,2026-09-19T05:49:41.253+00:00,True,25,25.0,,25.0,210517.201578,212789.04823400002,212789.048072,8511.56192288,49.317366,210517.201578,42084.512921665155,109.80506799999999,94.66027733333333,20.2310991211951,0.11748724949654356,44,64,,True,True,,91,56.69694568066818
115,2026-09-19T05:46:08.924+00:00,2026-09-19T05:49:41.256+00:00,2026-09-19T05:49:44.794+00:00,True,37,37.0,,37.0,212332.009528,215869.838392,215869.838502,5834.319959513514,48.747567000000004,212332.009528,34891.016695196944,112.6531806,98.273024,19.581998938185652,0.17139958169057118,44,64,,True,True,,158,56.69694568066818
116,2026-09-19T05:46:09.289+00:00,2026-09-19T05:49:43.311+00:00,2026-09-19T05:49:48.943+00:00,True,60,60.0,,60.0,214021.435808,219654.027168,219654.027249,3660.9004541500003,45.496964999999996,214021.435808,27617.73242754293,112.38947734999999,95.46765016949153,22.102620761817565,0.2731568402072121,44,64,,True,True,,241,56.69694568066818
117,2026-09-19T05:46:09.706+00:00,2026-09-19T05:49:45.410+00:00,2026-09-19T05:49:46.206+00:00,True,9,9.0,,9.0,215703.70839500002,216499.805931,216499.80590200002,24055.533989111114,54.886924,215703.70839500002,71868.06754613265,129467.44585220002,99.512192,18.766417320440713,0.041570476062543736,44,64,,True,True,,49,56.69694568066818
118,2026-09-19T05:46:10.009+00:00,2026-09-19T05:49:46.908+00:00,2026-09-19T05:49:55.965+00:00,True,95,95.0,,95.0,216899.36073,225955.562202,225955.56219899998,2378.4796020947365,46.962182,216899.36073,22243.52832600706,110.5429604,96.34256885106383,18.961629172020405,0.4204366516769868,44,64,,True,True,,482,56.69694568066818
119,2026-09-19T05:46:10.314+00:00,2026-09-19T05:49:48.532+00:00,2026-09-19T05:49:56.393+00:00,True,81,81.0,,81.0,218217.997011,226078.738643,226078.738624,2791.0955385679013,45.840634,218217.997011,24235.532068220673,110.63662500000001,98.2592704,16.65696511055311,0.35828225372358774,44,64,,True,True,,299,56.69694568066818
120,2026-09-19T05:46:10.688+00:00,2026-09-19T05:49:50.179+00:00,2026-09-19T05:49:50.944+00:00,True,9,9.0,,9.0,219490.48582300002,220255.217471,220255.21733200003,24472.80192577778,59.288582999999996,219490.48582300002,73131.63283500519,131736.76227140002,95.591456,15.152538288230541,0.040861688105912806,44,64,,True,True,,35,56.69694568066818
121,2026-09-19T05:46:11.022+00:00,2026-09-19T05:49:52.223+00:00,2026-09-19T05:50:00.399+00:00,True,83,83.0,,83.0,221201.095483,229376.750651,229376.75077900002,2763.5753105903614,46.743342,221201.095483,24269.036565284412,112.232887,99.70311180487806,16.95318696482588,0.36185009929923406,44,64,,True,True,,324,56.69694568066818
122,2026-09-19T05:46:11.476+00:00,2026-09-19T05:49:54.801+00:00,2026-09-19T05:49:58.228+00:00,True,34,34.0,,34.0,223325.590734,226752.38779,226752.387725,6669.187874264706,45.528345,223325.590734,38282.215601715856,112.81691995,103.84233503030303,11.16190815882083,0.14994329423109798,44,64,,True,True,,139,56.69694568066818
123,2026-09-19T05:46:11.924+00:00,2026-09-19T05:49:57.135+00:00,2026-09-19T05:50:04.526+00:00,True,76,76.0,,76.0,225210.644617,232601.139337,232601.13948,3060.5413089473686,46.423343,225210.644617,25822.13673078418,112.89020475000001,98.5399296,19.65544552731603,0.32673958612854753,44,64,,True,True,,152,56.69694568066818
124,2026-09-19T05:46:12.452+00:00,2026-09-19T05:50:00.074+00:00,2026-09-19T05:50:00.397+00:00,True,4,4.0,,4.0,227622.12484799998,227944.356144,227944.35622599997,56986.08905649999,101.28330700000001,227622.12484799998,113757.35728938729,193495.68764894997,107.410432,5.6955157252111945,0.017548142308349446,44,64,,True,True,,9,56.69694568066818
125,2026-09-19T05:46:12.915+00:00,2026-09-19T05:50:02.805+00:00,2026-09-19T05:50:09.754+00:00,True,74,74.0,,74.0,229889.93997,236838.712578,236838.712439,3200.523141067568,47.729580999999996,229889.93997,26713.10418829513,110.54686265000001,95.1886658630137,19.40732451289949,0.31244892017232606,44,64,,True,True,,342,56.69694568066818
126,2026-09-19T05:46:13.411+00:00,2026-09-19T05:50:05.453+00:00,2026-09-19T05:50:10.515+00:00,True,56,56.0,,56.0,232042.28507800002,237104.62389400002,237104.62387100002,4234.011140553572,45.437565,232042.28507800002,30995.662964091625,110.03629225,92.04252392727273,22.503672513919764,0.23618265675424094,44,64,,True,True,,192,56.69694568066818
127,2026-09-19T05:46:13.746+00:00,2026-09-19T05:50:07.961+00:00,2026-09-19T05:50:15.701+00:00,True,78,78.0,,78.0,234214.275356,241954.366492,241954.366504,3101.9790577435897,47.195672,234214.275356,26508.16789081788,113.1836952,100.52066410389611,16.56629381721969,0.3223748392347323,44,64,,True,True,,306,56.69694568066818
128,2026-09-19T05:46:14.152+00:00,2026-09-19T05:50:10.061+00:00,2026-09-19T05:50:18.993+00:00,True,90,90.0,,90.0,235908.75762299998,244841.305719,244841.305757,2720.4589528555553,48.156439,235908.75762299998,24856.393458295846,113.101408,100.36570894382022,18.02762166579006,0.3675850352770598,44,64,,True,True,,406,56.69694568066818
129,2026-09-19T05:46:14.663+00:00,2026-09-19T05:50:12.677+00:00,2026-09-19T05:50:22.386+00:00,True,99,99.0,,99.0,238014.29091,247722.811102,247722.810987,2502.2506160303033,47.877959000000004,238014.29091,23911.387088708587,112.03137269999999,99.06653257142857,18.85244965002903,0.399640225135491,44,64,,True,True,,507,56.69694568066818
130,2026-09-19T05:46:15.046+00:00,2026-09-19T05:50:14.627+00:00,2026-09-19T05:50:23.983+00:00,True,97,97.0,,97.0,239581.586243,248937.604163,248937.604241,2566.3670540309276,46.221904,239581.586243,24315.936757054267,113.11607559999999,97.45852,19.43720500481943,0.3896558751183533,44,64,,True,True,,534,56.69694568066818
131,2026-09-19T05:46:15.540+00:00,2026-09-19T05:50:17.823+00:00,2026-09-19T05:50:20.148+00:00,True,25,25.0,,25.0,242283.126395,244607.515771,244607.515683,9784.30062732,48.139739,242283.126395,48437.25992004985,113.9383618,96.84955733333332,21.450471173051675,0.10220454560114514,44,64,,True,True,,106,56.69694568066818
132,2026-09-19T05:46:15.852+00:00,2026-09-19T05:50:19.839+00:00,2026-09-19T05:50:23.560+00:00,True,39,39.0,,39.0,243986.91950999998,247707.77557399997,247707.77555399996,6351.481424461538,43.757171,243986.91950999998,39053.49844059796,107.74201590000001,97.91726484210527,14.927003652805563,0.15744358411691917,44,64,,True,True,,157,56.69694568066818
133,2026-09-19T05:46:16.337+00:00,2026-09-19T05:50:21.982+00:00,2026-09-19T05:50:22.798+00:00,True,9,9.0,,9.0,245644.660577,246460.644449,246460.644318,27384.516035333334,94.45971300000001,245644.660577,81847.55426851864,147428.68063780002,101.997984,3.4976279696698938,0.036516986393997544,44,64,,True,True,,38,56.69694568066818
134,2026-09-19T05:46:16.847+00:00,2026-09-19T05:50:24.435+00:00,2026-09-19T05:50:26.223+00:00,True,20,20.0,,20.0,247587.52454800002,249375.422916,249375.422882,12468.771144100001,45.167966,247587.52454800002,55341.21597911023,12485.5517633,94.09991410526315,21.15929041912396,0.08020036524103191,44,64,,True,True,,106,56.69694568066818
135,2026-09-19T05:46:17.227+00:00,2026-09-19T05:50:26.596+00:00,2026-09-19T05:50:27.161+00:00,True,8,8.0,,8.0,249368.81285699998,249934.56799299998,249934.568076,31241.8210095,49.905645,249368.81285699998,88136.61820784626,162126.93388065,80.82216228571428,28.20301854345201,0.03200837748951982,44,64,,True,True,,34,56.69694568066818
136,2026-09-19T05:46:17.572+00:00,2026-09-19T05:50:28.510+00:00,2026-09-19T05:50:32.984+00:00,True,44,44.0,,44.0,250937.609794,255411.599426,255411.59954199998,5804.8090805,95.51236,250937.609794,37814.58278736033,112.59713510000002,104.04627051162791,4.707228308618142,0.172270954408036,44,64,,True,True,,226,56.69694568066818
137,2026-09-19T05:46:18.054+00:00,2026-09-19T05:50:31.028+00:00,2026-09-19T05:50:34.538+00:00,True,36,36.0,,36.0,252973.983878,256484.169094,256484.169015,7124.560250416666,50.293214,252973.983878,42145.61725753991,108.73151399999999,100.29100617142858,12.422683017370494,0.1403595400338576,44,64,,True,True,,157,56.69694568066818
138,2026-09-19T05:46:18.447+00:00,2026-09-19T05:50:32.582+00:00,2026-09-19T05:50:41.563+00:00,True,91,91.0,,91.0,254135.673314,263116.276962,263116.277136,2891.387660835165,45.089985999999996,254135.673314,26630.203212296234,113.78834299999998,99.78448497777778,18.25627429265595,0.3458546960709028,44,64,,True,True,,414,56.69694568066818
139,2026-09-19T05:46:18.746+00:00,2026-09-19T05:50:34.332+00:00,2026-09-19T05:50:40.874+00:00,True,66,66.0,,66.0,255586.176882,262127.487858,262127.4877,3971.6286015151513,48.427569000000005,255586.176882,31448.101111421343,114.32709649999998,100.63555347692308,17.701623783159718,0.2517858792274147,44,64,,True,True,,323,56.69694568066818
140,2026-09-19T05:46:19.274+00:00,2026-09-19T05:50:37.280+00:00,2026-09-19T05:50:44.104+00:00,True,69,69.0,,69.0,258006.348984,264830.699448,264830.69941,3838.126078405797,49.321166,258006.348984,31048.238299998106,113.87158,100.35809505882352,18.737455670313576,0.26054381211778005,44,64,,True,True,,239,56.69694568066818
141,2026-09-19T05:46:19.687+00:00,2026-09-19T05:50:39.323+00:00,2026-09-19T05:50:47.239+00:00,True,81,81.0,,81.0,259636.94963999998,267552.36647199997,267552.366399,3303.115634555555,45.732784,259636.94963999998,28837.56195248731,113.05662000000001,98.94271040000001,18.128385876671217,0.30274447229932033,44,64,,True,True,,284,56.69694568066818
142,2026-09-19T05:46:20.172+00:00,2026-09-19T05:50:42.422+00:00,2026-09-19T05:50:46.201+00:00,True,38,38.0,,38.0,262249.40588800004,266028.98169600003,266028.981862,7000.762680578949,51.704051,262249.40588800004,42525.90144681915,113.52104685,102.15069751351352,10.091542115407485,0.1428415797321806,44,64,,True,True,,176,56.69694568066818
143,2026-09-19T05:46:20.597+00:00,2026-09-19T05:50:44.207+00:00,2026-09-19T05:50:47.033+00:00,True,31,31.0,,31.0,263610.349236,266436.78021199995,266436.780051,8594.734840354839,44.298089,263610.349236,47328.899196664235,109.32023399999999,94.21436586666665,20.288101748868637,0.11635030259461077,44,64,,True,True,,40,56.69694568066818
144,2026-09-19T05:46:20.909+00:00,2026-09-19T05:50:45.892+00:00,2026-09-19T05:50:53.832+00:00,True,85,85.0,,85.0,264983.110777,272923.612281,272923.612465,3210.8660290000003,43.81792,264983.110777,28731.207627295404,108.8093902,94.5297798095238,20.254283473884545,0.31144245559993783,44,64,,True,True,,430,56.69694568066818
145,2026-09-19T05:46:21.299+00:00,2026-09-19T05:50:48.168+00:00,2026-09-19T05:50:49.272+00:00,True,13,13.0,,13.0,266869.054574,267973.37841400004,267973.37841,20613.33680076923,49.522467,266869.054574,73990.63862714582,106813.79310380001,92.02698666666667,24.935232518568963,0.04851228161894468,44,64,,True,True,,64,56.69694568066818
146,2026-09-19T05:46:21.797+00:00,2026-09-19T05:50:50.736+00:00,2026-09-19T05:51:00.403+00:00,True,100,100.0,,100.0,268938.425072,278605.673712,278605.673808,2786.0567380800003,43.927949,268938.425072,26884.08344313244,111.19666950000001,97.64897616161616,17.800698021846696,0.35893023522332107,44,64,,True,True,,430,56.69694568066818
147,2026-09-19T05:46:22.742+00:00,2026-09-19T05:50:52.358+00:00,2026-09-19T05:50:58.853+00:00,True,67,67.0,,67.0,269615.80806,276111.412284,276111.412254,4121.0658545373135,42.744122000000004,269615.80806,32926.794506213715,111.62281999999999,98.41824581818182,17.818441210489645,0.24265567093288334,44,64,,True,True,,293,56.69694568066818
148,2026-09-19T05:46:22.818+00:00,2026-09-19T05:50:53.111+00:00,2026-09-19T05:51:02.544+00:00,True,96,96.0,,96.0,270293.415408,279726.087152,279726.087262,2913.8134089791665,40.200928,270293.415408,27576.57731660901,111.29465199999999,99.29128151578948,16.693820529153673,0.3431928747776559,44,64,,True,True,,391,56.69694568066818
149,2026-09-19T05:46:23.193+00:00,2026-09-19T05:50:58.534+00:00,2026-09-19T05:50:58.963+00:00,True,5,5.0,,5.0,275341.08685799997,275769.77345,275769.773534,55153.954706799996,103.516913,275341.08685799997,123088.34884252049,220295.03920539998,107.171648,2.9943725562479138,0.018131066133346748,44,64,,True,True,,21,56.69694568066818
150,2026-09-19T05:46:23.564+00:00,2026-09-19T05:51:00.508+00:00,2026-09-19T05:51:07.515+00:00,True,73,73.0,,73.0,276944.10940200003,283950.954586,283950.954723,3889.739105794521,44.824577,276944.10940200003,32402.472896507606,114.097932,97.31729422222223,21.06304088394838,0.25708665113112183,44,64,,True,True,,369,56.69694568066818
151,2026-09-19T05:46:23.919+00:00,2026-09-19T05:51:02.184+00:00,2026-09-19T05:51:06.376+00:00,True,42,42.0,,42.0,278265.202612,282457.54898,282457.548882,6725.179735285714,51.874081,278265.202612,42921.47743765692,111.96971510000002,102.25235043902438,14.460764146787952,0.14869491062168033,44,64,,True,True,,235,56.69694568066818
152,2026-09-19T05:46:24.429+00:00,2026-09-19T05:51:04.794+00:00,2026-09-19T05:51:09.326+00:00,True,50,50.0,,50.0,280365.587161,284897.421017,284897.421242,5697.94842484,45.73560500000001,280365.587161,39636.60888093473,111.5664818,92.48640522448979,23.554374352925024,0.1755017641841569,44,64,,True,True,,187,56.69694568066818
153,2026-09-19T05:46:24.818+00:00,2026-09-19T05:51:07.310+00:00,2026-09-19T05:51:11.615+00:00,True,45,45.0,,45.0,282491.836065,286797.45808099996,286797.458095,6373.2768465555555,44.343868,282491.836065,42096.8130007411,109.2613852,97.85504581818181,18.096111673747032,0.15690515634657645,44,64,,True,True,,148,56.69694568066818
154,2026-09-19T05:46:25.269+00:00,2026-09-19T05:51:09.851+00:00,2026-09-19T05:51:18.320+00:00,True,86,86.0,,86.0,284581.64636400004,293050.06799600006,293050.06798100006,3407.5589300116285,46.950253,284581.64636400004,30676.489247637597,111.39444400000001,99.62848978823529,16.40280363845818,0.2934652108702935,44,64,,True,True,,402,56.69694568066818
155,2026-09-19T05:46:25.725+00:00,2026-09-19T05:51:11.825+00:00,2026-09-19T05:51:14.898+00:00,True,33,33.0,,33.0,286100.236476,289173.55846,289173.558634,8762.835110121212,49.313207000000006,286100.236476,49786.943750203565,111.56211220000002,96.041312,19.927736026169445,0.11411831764889643,44,64,,True,True,,144,56.69694568066818
156,2026-09-19T05:46:26.241+00:00,2026-09-19T05:51:14.741+00:00,2026-09-19T05:51:16.356+00:00,True,17,17.0,,17.0,288499.974476,290114.575692,290114.575701,17065.56327652941,47.500771,288499.974476,69947.04818241394,57788.8030432,100.912576,14.68279483900564,0.058597538436152355,44,64,,True,True,,83,56.69694568066818
157,2026-09-19T05:46:26.678+00:00,2026-09-19T05:51:17.036+00:00,2026-09-19T05:51:23.238+00:00,True,63,63.0,,63.0,290358.376814,296560.408942,296560.408912,4707.308077968254,42.672773,290358.376814,36569.11880449487,114.68022429999999,100.03277625806453,18.871622763126943,0.21243563908195606,44,64,,True,True,,261,56.69694568066818
158,2026-09-19T05:46:27.113+00:00,2026-09-19T05:51:19.159+00:00,2026-09-19T05:51:25.140+00:00,True,61,61.0,,61.0,292046.268823,298027.222423,298027.222458,4885.6921714426235,45.581025000000004,292046.268823,37379.93503565634,114.89702600000001,99.68256,19.54292390827097,0.20467928903964572,44,64,,True,True,,255,56.69694568066818
159,2026-09-19T05:46:27.435+00:00,2026-09-19T05:51:20.767+00:00,2026-09-19T05:51:27.464+00:00,False,69,68.0,,68.0,293332.011759,300029.370095,300029.370191,4348.251741898551,0.03649,293332.011759,35301.175168138165,114.0767158,98.49056376470588,23.283956694998516,0.22664447810048985,44,64,,True,False,Request timeout: 300.0s exceeded,324,56.69694568066818
160,2026-09-19T05:46:27.785+00:00,2026-09-19T05:51:23.502+00:00,2026-09-19T05:51:26.618+00:00,True,31,31.0,,31.0,295716.44631599996,298832.44631599996,298832.44635499996,9639.756334032256,45.880395,295716.44631599996,53093.58886877831,118.1863785,103.86666666666667,15.609771412263992,0.10373706196287365,44,64,,True,True,,143,56.69694568066818
161,2026-09-19T05:46:28.223+00:00,2026-09-19T05:51:25.875+00:00,2026-09-19T05:51:26.300+00:00,True,5,5.0,,5.0,297652.812125,298077.446493,298077.44642,59615.489284,101.271867,297652.812125,133066.90882100732,238144.5260108,106.158592,4.512134621310849,0.01677416409334887,44,64,,True,True,,14,56.69694568066818
162,2026-09-19T05:46:28.733+00:00,2026-09-19T05:51:28.303+00:00,2026-09-19T05:51:29.490+00:00,False,13,12.0,,12.0,299569.23070300004,300756.595311,300756.595229,23135.12270992308,0.02112,299569.23070300004,83058.11803087113,119898.3467452,98.94705066666667,31.50207016380942,0.039899374401386925,44,64,,True,False,Request timeout: 300.0s exceeded,44,56.69694568066818
163,2026-09-19T05:46:29.263+00:00,2026-09-19T05:51:29.488+00:00,2026-09-19T05:51:29.603+00:00,False,3,2.0,,2.0,300225.58066399995,300340.12863199995,300340.12860199995,100113.37620066665,0.02822,300225.58066399995,173302.26212735067,270214.47456939996,57.273984,80.95782069002323,0.0066591168123609455,44,64,,True,False,Request timeout: 300.0s exceeded,4,56.69694568066818
164,2026-09-19T05:46:29.649+00:00,2026-09-19T05:51:29.748+00:00,2026-09-19T05:51:29.748+00:00,False,1,0.0,,0.0,300098.109937,300098.109937,300098.109937,300098.109937,300098.109937,300098.109937,nan,300098.109937,nan,nan,0.0,44,64,,True,False,"HTTPConnectionPool(host='gpu03', port=9002): Read timed out.",0,56.69694568066818
165,2026-09-19T05:46:30.187+00:00,2026-09-19T05:51:30.205+00:00,2026-09-19T05:51:30.205+00:00,False,1,0.0,,0.0,300018.026258,300018.026258,300018.026258,300018.026258,300018.026258,300018.026258,nan,300018.026258,nan,nan,0.0,44,64,,True,False,"HTTPConnectionPool(host='gpu03', port=9002): Read timed out.",0,56.69694568066818
166,2026-09-19T05:46:30.619+00:00,2026-09-19T05:51:30.665+00:00,2026-09-19T05:51:30.665+00:00,False,1,0.0,,0.0,300046.293665,300046.293665,300046.293665,300046.293665,300046.293665,300046.293665,nan,300046.293665,nan,nan,0.0,44,64,,True,False,"HTTPConnectionPool(host='gpu03', port=9002): Read timed out.",0,56.69694568066818
167,2026-09-19T05:46:31.135+00:00,2026-09-19T05:51:30.984+00:00,2026-09-19T05:51:31.207+00:00,False,4,3.0,,3.0,299848.756125,300072.443805,300072.44381100003,75018.11095275001,0.027309999999999997,299848.756125,149887.10604804507,254888.28067740003,74.56256,64.55073351947152,0.009997585789481987,44,64,,True,False,Request timeout: 300.0s exceeded,12,56.69694568066818
168,2026-09-19T05:46:31.522+00:00,2026-09-19T05:51:31.208+00:00,2026-09-19T05:51:31.530+00:00,False,6,5.0,,5.0,299685.799479,300007.935031,300007.934959,50001.32249316666,0.055339,299685.799479,122319.92060680447,224794.23584324998,64.4271104,48.033858697864495,0.016666225843270936,44,64,,True,False,Request timeout: 300.0s exceeded,15,56.69694568066818
169,2026-09-19T05:46:32.039+00:00,2026-09-19T05:51:32.115+00:00,2026-09-19T05:51:32.115+00:00,False,1,0.0,,0.0,300076.55674900004,300076.55674900004,300076.55674900004,300076.55674900004,300076.55674900004,300076.55674900004,nan,300076.55674900004,nan,nan,0.0,44,64,,True,False,"HTTPConnectionPool(host='gpu03', port=9002): Read timed out.",0,56.69694568066818
170,2026-09-19T05:46:32.348+00:00,2026-09-19T05:51:32.412+00:00,2026-09-19T05:51:32.412+00:00,False,1,0.0,,0.0,300064.21519300004,300064.21519300004,300064.21519300004,300064.21519300004,300064.21519300004,300064.21519300004,nan,300064.21519300004,nan,nan,0.0,44,64,,True,False,TTFT timeout: 300.0s exceeded (TTFT: 300.057s),0,56.69694568066818
171,2026-09-19T05:46:32.730+00:00,2026-09-19T05:51:32.666+00:00,2026-09-19T05:51:32.777+00:00,False,3,2.0,,2.0,299935.99712699995,300046.6459589999,300046.64595299994,100015.54865099999,0.04505,299935.99712699995,173136.19594106165,269953.4577919,55.324416,78.17682063130476,0.006665630250948685,44,64,,True,False,Request timeout: 300.0s exceeded,4,56.69694568066818
172,2026-09-19T05:46:33.133+00:00,2026-09-19T05:51:33.024+00:00,2026-09-19T05:51:33.141+00:00,False,3,2.0,,2.0,299891.298319,300008.246799,300008.246861,100002.74895366667,0.02518,299891.298319,173108.57154349468,269913.86082329997,58.47424,82.65922142893454,0.006666483409504283,44,64,,True,False,Request timeout: 300.0s exceeded,3,56.69694568066818
173,2026-09-19T05:46:33.603+00:00,2026-09-19T05:51:33.690+00:00,2026-09-19T05:51:33.690+00:00,False,1,0.0,,0.0,300086.116216,300086.116216,300086.116216,300086.116216,300086.116216,300086.116216,nan,300086.116216,nan,nan,0.0,44,64,,True,False,"HTTPConnectionPool(host='gpu03', port=9002): Read timed out.",0,56.69694568066818
174,2026-09-19T05:46:34.070+00:00,2026-09-19T05:51:34.140+00:00,2026-09-19T05:51:34.140+00:00,False,1,0.0,,0.0,300070.123936,300070.123936,300070.123936,300070.123936,300070.123936,300070.123936,nan,300070.123936,nan,nan,0.0,44,64,,True,False,TTFT timeout: 300.0s exceeded (TTFT: 300.050s),0,56.69694568066818
175,2026-09-19T05:46:34.525+00:00,2026-09-19T05:51:34.407+00:00,2026-09-19T05:51:34.546+00:00,False,3,2.0,,2.0,299881.689082,300021.130746,300021.130782,100007.043594,0.09908,299881.689082,173096.5345664266,269907.45443579997,69.720832,98.46003722828466,0.0066661971276057025,44,64,,True,False,Request timeout: 300.0s exceeded,5,56.69694568066818
176,2026-09-19T05:46:34.949+00:00,2026-09-19T05:51:35.006+00:00,2026-09-19T05:51:35.006+00:00,False,1,0.0,,0.0,300056.598111,300056.598111,300056.598111,300056.598111,300056.598111,300056.598111,nan,300056.598111,nan,nan,0.0,44,64,,True,False,TTFT timeout: 300.0s exceeded (TTFT: 300.050s),0,56.69694568066818
177,2026-09-19T05:46:35.328+00:00,2026-09-19T05:51:35.426+00:00,2026-09-19T05:51:35.426+00:00,False,1,0.0,,0.0,300098.517973,300098.517973,300098.517973,300098.517973,300098.517973,300098.517973,nan,300098.517973,nan,nan,0.0,44,64,,True,False,"HTTPConnectionPool(host='gpu03', port=9002): Read timed out.",0,56.69694568066818
178,2026-09-19T05:46:35.805+00:00,2026-09-19T05:51:35.892+00:00,2026-09-19T05:51:35.892+00:00,False,1,0.0,,0.0,300086.59770499996,300086.59770499996,300086.59770499996,300086.59770499996,300086.59770499996,300086.59770499996,nan,300086.59770499996,nan,nan,0.0,44,64,,True,False,TTFT timeout: 300.0s exceeded (TTFT: 300.079s),0,56.69694568066818
179,2026-09-19T05:46:36.112+00:00,2026-09-19T05:51:36.013+00:00,2026-09-19T05:51:36.151+00:00,False,3,2.0,,2.0,299900.940817,300038.944017,300038.94391,100012.98130333333,0.02296,299900.940817,173108.06459246296,269924.6447486,69.0016,97.55041506496627,0.0066658013563955275,44,64,,True,False,Request timeout: 300.0s exceeded,7,56.69694568066818
180,2026-09-19T05:46:36.568+00:00,2026-09-19T05:51:36.684+00:00,2026-09-19T05:51:36.684+00:00,False,1,0.0,,0.0,300116.233475,300116.233475,300116.233475,300116.233475,300116.233475,300116.233475,nan,300116.233475,nan,nan,0.0,44,64,,True,False,"HTTPConnectionPool(host='gpu03', port=9002): Read timed out.",0,56.69694568066818
181,2026-09-19T05:46:37.761+00:00,2026-09-19T05:51:37.457+00:00,2026-09-19T05:51:37.998+00:00,False,7,6.0,,6.0,299696.180361,300237.393033,300237.393008,42891.056144,0.023989999999999997,299696.180361,113240.422970753,209821.62422280002,90.202112,44.510881711845194,0.019984186311331722,44,64,,True,False,Request timeout: 300.0s exceeded,17,56.69694568066818
182,2026-09-19T05:46:37.791+00:00,2026-09-19T05:51:37.786+00:00,2026-09-19T05:51:37.996+00:00,False,4,3.0,,3.0,299995.437954,300205.45139400003,300205.451362,75051.3628405,0.023169000000000002,299995.437954,149962.7249240056,255012.29047485002,70.00448,60.669804772168106,0.009993156307020875,44,64,,True,False,Request timeout: 300.0s exceeded,9,56.69694568066818
183,2026-09-19T05:46:37.897+00:00,2026-09-19T05:51:37.895+00:00,2026-09-19T05:51:37.994+00:00,False,3,2.0,,2.0,299998.020724,300096.739444,300096.739278,100032.246426,0.09107,299998.020724,173175.44743786642,270008.0814,49.35936,69.67579057483562,0.006664517594244682,44,64,,True,False,Request timeout: 300.0s exceeded,4,56.69694568066818
184,2026-09-19T05:46:38.345+00:00,2026-09-19T05:51:38.379+00:00,2026-09-19T05:51:38.379+00:00,False,1,0.0,,0.0,300034.258044,300034.258044,300034.258044,300034.258044,300034.258044,300034.258044,nan,300034.258044,nan,nan,0.0,44,64,,True,False,"HTTPConnectionPool(host='gpu03', port=9002): Read timed out.",0,56.69694568066818
185,2026-09-19T05:46:38.836+00:00,2026-09-19T05:51:39.175+00:00,2026-09-19T05:51:39.476+00:00,False,5,4.0,,4.0,300338.65649,300640.52913000004,300640.52900700003,60128.10580140001,0.02196,300338.65649,134281.7967565689,240307.55006,75.46816,77.31538082667042,0.013304926024363,44,64,,True,False,Request timeout: 300.0s exceeded,26,56.69694568066818
186,2026-09-19T05:46:39.362+00:00,2026-09-19T05:51:39.356+00:00,2026-09-19T05:51:39.685+00:00,False,7,6.0,,6.0,299994.12929799996,300322.97665799997,300322.97660299996,42903.28237185714,0.022158999999999998,299994.12929799996,113366.41180509426,210027.61756299995,54.80789333333333,34.01354563186047,0.019978491378742042,44,64,,True,False,Request timeout: 300.0s exceeded,21,56.69694568066818
187,2026-09-19T05:46:39.797+00:00,2026-09-19T05:51:39.845+00:00,2026-09-19T05:51:39.845+00:00,False,1,0.0,,0.0,300047.158389,300047.158389,300047.158389,300047.158389,300047.158389,300047.158389,nan,300047.158389,nan,nan,0.0,44,64,,True,False,"HTTPConnectionPool(host='gpu03', port=9002): Read timed out.",0,56.69694568066818
188,2026-09-19T05:46:40.294+00:00,2026-09-19T05:51:40.333+00:00,2026-09-19T05:51:40.333+00:00,False,1,0.0,,0.0,300039.75361,300039.75361,300039.75361,300039.75361,300039.75361,300039.75361,nan,300039.75361,nan,nan,0.0,44,64,,True,False,"HTTPConnectionPool(host='gpu03', port=9002): Read timed out.",0,56.69694568066818
189,2026-09-19T05:46:40.783+00:00,2026-09-19T05:51:40.777+00:00,2026-09-19T05:51:40.953+00:00,False,3,2.0,,2.0,299993.37141100003,300170.010131,300170.01013600006,100056.67004533335,0.030350000000000002,299993.37141100003,173150.2850407344,270011.6951074,88.31936,124.8593541301477,0.006662890803538838,44,64,,True,False,Request timeout: 300.0s exceeded,5,56.69694568066818
190,2026-09-19T05:46:41.151+00:00,2026-09-19T05:51:40.954+00:00,2026-09-19T05:51:41.174+00:00,False,4,3.0,,3.0,299802.658768,300022.834128,300022.834213,75005.70855325,0.04052,299802.658768,149864.64310885046,254851.34787700002,73.39178666666668,65.80765921853187,0.009999238920328635,44,64,,True,False,Request timeout: 300.0s exceeded,10,56.69694568066818
191,2026-09-19T05:46:41.642+00:00,2026-09-19T05:51:41.171+00:00,2026-09-19T05:51:41.723+00:00,False,8,7.0,,7.0,299529.31677,300081.047202,300081.047234,37510.13090425,0.05892,299529.31677,105871.74531686371,194730.19653719995,78.81863314285715,39.72271589023394,0.02332703136458978,44,64,,True,False,Request timeout: 300.0s exceeded,21,56.69694568066818
192,2026-09-19T05:46:41.961+00:00,2026-09-19T05:51:42.031+00:00,2026-09-19T05:51:42.031+00:00,False,1,0.0,,0.0,300069.979345,300069.979345,300069.979345,300069.979345,300069.979345,300069.979345,nan,300069.979345,nan,nan,0.0,44,64,,True,False,"HTTPConnectionPool(host='gpu03', port=9002): Read timed out.",0,56.69694568066818
193,2026-09-19T05:46:42.382+00:00,2026-09-19T05:51:42.441+00:00,2026-09-19T05:51:42.441+00:00,False,1,0.0,,0.0,300059.055551,300059.055551,300059.055551,300059.055551,300059.055551,300059.055551,nan,300059.055551,nan,nan,0.0,44,64,,True,False,"HTTPConnectionPool(host='gpu03', port=9002): Read timed out.",0,56.69694568066818
194,2026-09-19T05:46:42.809+00:00,2026-09-19T05:51:42.685+00:00,2026-09-19T05:51:42.924+00:00,False,4,3.0,,3.0,299876.160523,300114.897675,300114.897525,75028.72438125,0.036909,299876.160523,149898.3016738656,254914.5491806,79.57905066666667,70.05280828324614,0.009996171543769066,44,64,,True,False,Request timeout: 300.0s exceeded,23,56.69694568066818
195,2026-09-19T05:46:43.289+00:00,2026-09-19T05:51:43.137+00:00,2026-09-19T05:51:43.344+00:00,False,4,3.0,,3.0,299848.225672,300055.24263199995,300055.24251699995,75013.81062924999,0.02208,299848.225672,149889.61798242957,254886.92962975,69.00565333333333,59.80483660300733,0.009998158917954062,44,64,,True,False,Request timeout: 300.0s exceeded,10,56.69694568066818
196,2026-09-19T05:46:43.725+00:00,2026-09-19T05:51:43.837+00:00,2026-09-19T05:51:43.837+00:00,False,1,0.0,,0.0,300112.743947,300112.743947,300112.743947,300112.743947,300112.743947,300112.743947,nan,300112.743947,nan,nan,0.0,44,64,,True,False,"HTTPConnectionPool(host='gpu03', port=9002): Read timed out.",0,56.69694568066818
197,2026-09-19T05:46:44.218+00:00,2026-09-19T05:51:44.259+00:00,2026-09-19T05:51:44.259+00:00,False,1,0.0,,0.0,300041.015537,300041.015537,300041.015537,300041.015537,300041.015537,300041.015537,nan,300041.015537,nan,nan,0.0,44,64,,True,False,"HTTPConnectionPool(host='gpu03', port=9002): Read timed out.",0,56.69694568066818
198,2026-09-19T05:46:44.722+00:00,2026-09-19T05:51:44.481+00:00,2026-09-19T05:51:44.738+00:00,False,4,3.0,,3.0,299758.466871,300015.91224700003,300015.91231,75003.9780775,0.04132,299758.466871,149836.33895705172,254816.88094499998,85.81512533333333,76.72159441233127,0.009999469619898463,44,64,,True,False,Request timeout: 300.0s exceeded,14,56.69694568066818
199,2026-09-19T05:46:45.231+00:00,2026-09-19T05:51:45.259+00:00,2026-09-19T05:51:45.259+00:00,False,1,0.0,,0.0,300027.87254,300027.87254,300027.87254,300027.87254,300027.87254,300027.87254,nan,300027.87254,nan,nan,0.0,44,64,,True,False,"HTTPConnectionPool(host='gpu03', port=9002): Read timed out.",0,56.69694568066818
200,2026-09-19T05:46:45.764+00:00,2026-09-19T05:51:45.860+00:00,2026-09-19T05:51:45.860+00:00,False,1,0.0,,0.0,300096.16873000003,300096.16873000003,300096.16873000003,300096.16873000003,300096.16873000003,300096.16873000003,nan,300096.16873000003,nan,nan,0.0,44,64,,True,False,"HTTPConnectionPool(host='gpu03', port=9002): Read timed out.",0,56.69694568066818
201,2026-09-19T05:46:46.285+00:00,2026-09-19T05:51:46.171+00:00,2026-09-19T05:51:46.393+00:00,False,4,3.0,,3.0,299886.67163700005,300108.10498100007,300108.10512900003,75027.02628225001,0.02934,299886.67163700005,149906.43932893162,254920.65041745003,73.81111466666667,63.94570820277155,0.009996397798686347,44,64,,True,False,Request timeout: 300.0s exceeded,7,56.69694568066818
202,2026-09-19T05:46:46.788+00:00,2026-09-19T05:51:46.684+00:00,2026-09-19T05:51:46.893+00:00,False,4,3.0,,3.0,299895.501102,300104.812334,300104.812272,75026.203068,0.02175,299895.501102,149912.87347355165,254927.09113874997,69.77041066666668,60.42166109576655,0.009996507475732067,44,64,,True,False,Request timeout: 300.0s exceeded,14,56.69694568066818
203,2026-09-19T05:46:47.100+00:00,2026-09-19T05:51:47.207+00:00,2026-09-19T05:51:47.207+00:00,False,1,0.0,,0.0,300107.94366000005,300107.94366000005,300107.94366000005,300107.94366000005,300107.94366000005,300107.94366000005,nan,300107.94366000005,nan,nan,0.0,44,64,,True,False,"HTTPConnectionPool(host='gpu03', port=9002): Read timed out.",0,56.69694568066818
204,2026-09-19T05:46:47.629+00:00,2026-09-19T05:51:47.678+00:00,2026-09-19T05:51:47.678+00:00,False,1,0.0,,0.0,300048.663063,300048.663063,300048.663063,300048.663063,300048.663063,300048.663063,nan,300048.663063,nan,nan,0.0,44,64,,True,False,TTFT timeout: 300.0s exceeded (TTFT: 300.042s),0,56.69694568066818
205,2026-09-19T05:46:48.132+00:00,2026-09-19T05:51:47.931+00:00,2026-09-19T05:51:48.163+00:00,False,4,3.0,,3.0,299798.27554299997,300031.026647,300031.02667,75007.7566675,0.04159,299798.27554299997,149860.35683267954,254848.97953224997,77.58370133333332,70.0534891249047,0.009998965885383697,44,64,,True,False,Request timeout: 300.0s exceeded,11,56.69694568066818
206,2026-09-19T05:46:48.611+00:00,2026-09-19T05:51:48.718+00:00,2026-09-19T05:51:48.718+00:00,False,1,0.0,,0.0,300106.347971,300106.347971,300106.347971,300106.347971,300106.347971,300106.347971,nan,300106.347971,nan,nan,0.0,44,64,,True,False,"HTTPConnectionPool(host='gpu03', port=9002): Read timed out.",0,56.69694568066818
207,2026-09-19T05:46:48.972+00:00,2026-09-19T05:51:49.087+00:00,2026-09-19T05:51:49.087+00:00,False,1,0.0,,0.0,300114.790997,300114.790997,300114.790997,300114.790997,300114.790997,300114.790997,nan,300114.790997,nan,nan,0.0,44,64,,True,False,"HTTPConnectionPool(host='gpu03', port=9002): Read timed out.",0,56.69694568066818
208,2026-09-19T05:46:49.305+00:00,2026-09-19T05:51:49.243+00:00,2026-09-19T05:51:49.393+00:00,False,3,2.0,,2.0,299937.491447,300087.533559,300087.533538,100029.177846,0.03147,299937.491447,173125.6942470795,269958.7433644,75.021056,106.05126410209945,0.006664722043865849,44,64,,True,False,Request timeout: 300.0s exceeded,10,56.69694568066818
209,2026-09-19T05:46:49.649+00:00,2026-09-19T05:51:49.521+00:00,2026-09-19T05:51:49.656+00:00,False,3,2.0,,2.0,299872.333428,300007.023732,300007.02361699997,100002.34120566666,0.04266,299872.333428,173092.50380312366,269898.5648381,67.345152,95.179966860259,0.006666510587387531,44,64,,True,False,Request timeout: 300.0s exceeded,5,56.69694568066818
210,2026-09-19T05:46:50.028+00:00,2026-09-19T05:51:49.864+00:00,2026-09-19T05:51:50.063+00:00,False,6,5.0,,5.0,299835.47662599996,300035.29153799993,300035.291475,50005.88191249999,0.07759,299835.47662599996,122391.00757348041,224889.52958774994,39.9629824,22.364078370986558,0.01666470625628633,44,64,,True,False,Request timeout: 300.0s exceeded,12,56.69694568066818
211,2026-09-19T05:46:50.336+00:00,2026-09-19T05:51:50.434+00:00,2026-09-19T05:51:50.434+00:00,False,1,0.0,,0.0,300097.116999,300097.116999,300097.116999,300097.116999,300097.116999,300097.116999,nan,300097.116999,nan,nan,0.0,44,64,,True,False,"HTTPConnectionPool(host='gpu03', port=9002): Read timed out.",0,56.69694568066818
212,2026-09-19T05:46:50.654+00:00,2026-09-19T05:51:50.863+00:00,2026-09-19T05:51:51.464+00:00,False,7,6.0,,6.0,300209.205199,300809.70337500004,300809.70338300004,42972.814769000004,0.02456,300209.205199,113430.59647005584,210191.4512956,100.08302933333333,52.8613373441772,0.01994616507606534,44,64,,True,False,Request timeout: 300.0s exceeded,30,56.69694568066818
213,2026-09-19T05:46:51.068+00:00,2026-09-19T05:51:51.257+00:00,2026-09-19T05:51:51.565+00:00,False,5,4.0,,4.0,300189.07194199995,300496.84717399994,300496.84718499996,60099.36943699999,0.024489999999999998,300189.07194199995,134214.23129283648,240173.13629379997,76.943808,51.52658343777558,0.013311287747667572,44,64,,True,False,Request timeout: 300.0s exceeded,17,56.69694568066818
214,2026-09-19T05:46:51.384+00:00,2026-09-19T05:51:51.681+00:00,2026-09-19T05:51:51.681+00:00,False,1,0.0,,0.0,300296.893121,300296.893121,300296.893121,300296.893121,300296.893121,300296.893121,nan,300296.893121,nan,nan,0.0,44,64,,True,False,"HTTPConnectionPool(host='gpu03', port=9002): Read timed out.",0,56.69694568066818
215,2026-09-19T05:46:51.761+00:00,2026-09-19T05:51:51.819+00:00,2026-09-19T05:51:51.819+00:00,False,1,0.0,,0.0,300058.797205,300058.797205,300058.797205,300058.797205,300058.797205,300058.797205,nan,300058.797205,nan,nan,0.0,44,64,,True,False,"HTTPConnectionPool(host='gpu03', port=9002): Read timed out.",0,56.69694568066818
216,2026-09-19T05:46:52.122+00:00,2026-09-19T05:51:52.206+00:00,2026-09-19T05:51:52.206+00:00,False,1,0.0,,0.0,300083.73920300003,300083.73920300003,300083.73920300003,300083.73920300003,300083.73920300003,300083.73920300003,nan,300083.73920300003,nan,nan,0.0,44,64,,True,False,"HTTPConnectionPool(host='gpu03', port=9002): Read timed out.",0,56.69694568066818
217,2026-09-19T05:46:52.482+00:00,2026-09-19T05:51:52.592+00:00,2026-09-19T05:51:52.592+00:00,False,1,0.0,,0.0,300110.64916699997,300110.64916699997,300110.64916699997,300110.64916699997,300110.64916699997,300110.64916699997,nan,300110.64916699997,nan,nan,0.0,44,64,,True,False,"HTTPConnectionPool(host='gpu03', port=9002): Read timed out.",0,56.69694568066818
218,2026-09-19T05:46:52.930+00:00,2026-09-19T05:51:52.990+00:00,2026-09-19T05:51:52.990+00:00,False,1,0.0,,0.0,300059.887262,300059.887262,300059.887262,300059.887262,300059.887262,300059.887262,nan,300059.887262,nan,nan,0.0,44,64,,True,False,TTFT timeout: 300.0s exceeded (TTFT: 300.050s),0,56.69694568066818
219,2026-09-19T05:46:53.391+00:00,2026-09-19T05:51:53.069+00:00,2026-09-19T05:51:53.476+00:00,False,6,5.0,,5.0,299678.393588,300085.31122,300085.31102799997,50014.218504666664,0.03557,299678.393588,122309.97401952802,224785.13613375,81.38352640000001,45.65972661775938,0.01666192850183985,44,64,,True,False,Request timeout: 300.0s exceeded,18,56.69694568066818
220,2026-09-19T05:46:53.785+00:00,2026-09-19T05:51:53.578+00:00,2026-09-19T05:51:53.833+00:00,False,5,4.0,,4.0,299792.402465,300047.521825,300047.521908,60009.504381599996,0.038759999999999996,299792.402465,134042.72202569153,239854.734377,63.77984,50.15190642695115,0.01333122158673573,44,64,,True,False,Request timeout: 300.0s exceeded,11,56.69694568066818
221,2026-09-19T05:46:54.183+00:00,2026-09-19T05:51:54.285+00:00,2026-09-19T05:51:54.285+00:00,False,1,0.0,,0.0,300102.041679,300102.041679,300102.041679,300102.041679,300102.041679,300102.041679,nan,300102.041679,nan,nan,0.0,44,64,,True,False,TTFT timeout: 300.0s exceeded (TTFT: 300.096s),0,56.69694568066818
222,2026-09-19T05:46:54.587+00:00,2026-09-19T05:51:54.532+00:00,2026-09-19T05:51:54.645+00:00,False,3,2.0,,2.0,299945.677279,300058.175199,300058.175233,100019.39174433333,0.020730000000000002,299945.677279,173141.25128744612,269962.3572735,56.24896,79.51871696895236,0.0066653741351109345,44,64,,True,False,Request timeout: 300.0s exceeded,4,56.69694568066818
224,2026-09-19T05:46:55.702+00:00,2026-09-19T05:51:55.013+00:00,2026-09-19T05:51:55.927+00:00,False,11,10.0,,10.0,299311.911572,300225.730964,300225.731037,27293.24827609091,0.024489,299311.911572,90218.39118562397,149716.4872925,91.3819392,37.389481854159754,0.033308270972947016,44,64,,True,False,Request timeout: 300.0s exceeded,37,56.69694568066818
223,2026-09-19T05:46:55.666+00:00,2026-09-19T05:51:55.809+00:00,2026-09-19T05:51:55.928+00:00,False,3,2.0,,2.0,300142.65917500004,300262.087271,300262.087332,100087.36244400001,0.023809999999999998,300142.65917500004,173252.97941312438,270140.3336922,59.714048,84.41474694930501,0.006660847588776368,44,64,,True,False,Request timeout: 300.0s exceeded,4,56.69694568066818
225,2026-09-19T05:46:55.933+00:00,2026-09-19T05:51:56.105+00:00,2026-09-19T05:51:56.105+00:00,False,1,0.0,,0.0,300172.481014,300172.481014,300172.481014,300172.481014,300172.481014,300172.481014,nan,300172.481014,nan,nan,0.0,44,64,,True,False,"HTTPConnectionPool(host='gpu03', port=9002): Read timed out.",0,56.69694568066818
226,2026-09-19T05:46:56.388+00:00,2026-09-19T05:51:56.403+00:00,2026-09-19T05:51:56.403+00:00,False,1,0.0,,0.0,300014.68084,300014.68084,300014.68084,300014.68084,300014.68084,300014.68084,nan,300014.68084,nan,nan,0.0,44,64,,True,False,"HTTPConnectionPool(host='gpu03', port=9002): Read timed out.",0,56.69694568066818
227,2026-09-19T05:46:56.830+00:00,2026-09-19T05:51:56.938+00:00,2026-09-19T05:51:56.938+00:00,False,1,0.0,,0.0,300108.28909100004,300108.28909100004,300108.28909100004,300108.28909100004,300108.28909100004,300108.28909100004,nan,300108.28909100004,nan,nan,0.0,44,64,,True,False,"HTTPConnectionPool(host='gpu03', port=9002): Read timed out.",0,56.69694568066818
228,2026-09-19T05:46:57.237+00:00,2026-09-19T05:51:57.257+00:00,2026-09-19T05:51:57.257+00:00,False,1,0.0,,0.0,300020.920271,300020.920271,300020.920271,300020.920271,300020.920271,300020.920271,nan,300020.920271,nan,nan,0.0,44,64,,True,False,"HTTPConnectionPool(host='gpu03', port=9002): Read timed out.",0,56.69694568066818
230,2026-09-19T05:46:57.894+00:00,2026-09-19T05:51:57.407+00:00,2026-09-19T05:51:57.913+00:00,False,7,6.0,,6.0,299513.804843,300019.20260300004,300019.202621,42859.88608871429,0.04011,299513.804843,113173.74660916274,209690.63909990003,84.23296,41.26836913925,0.01999871990840363,44,64,,True,False,Request timeout: 300.0s exceeded,16,56.69694568066818
229,2026-09-19T05:46:57.603+00:00,2026-09-19T05:51:57.411+00:00,2026-09-19T05:51:57.711+00:00,False,5,4.0,,4.0,299807.734163,300107.813779,300107.813936,60021.562787200004,0.02203,299807.734163,134044.55181835688,239866.6461262,75.019904,50.03299451870578,0.01332854333124964,44,64,,True,False,Request timeout: 300.0s exceeded,11,56.69694568066818
231,2026-09-19T05:46:58.347+00:00,2026-09-19T05:51:58.365+00:00,2026-09-19T05:51:58.365+00:00,False,1,0.0,,0.0,300018.83852100006,300018.83852100006,300018.83852100006,300018.83852100006,300018.83852100006,300018.83852100006,nan,300018.83852100006,nan,nan,0.0,44,64,,True,False,"HTTPConnectionPool(host='gpu03', port=9002): Read timed out.",0,56.69694568066818
232,2026-09-19T05:46:58.784+00:00,2026-09-19T05:51:58.795+00:00,2026-09-19T05:51:58.928+00:00,False,3,2.0,,2.0,300010.729412,300143.990468,300143.990444,100047.99681466667,0.02562,300010.729412,173172.81904807303,270022.980012,66.630528,94.19359249848351,0.006663468413548766,44,64,,True,False,Request timeout: 300.0s exceeded,4,56.69694568066818
233,2026-09-19T05:46:59.119+00:00,2026-09-19T05:51:59.077+00:00,2026-09-19T05:51:59.201+00:00,False,3,2.0,,2.0,299957.453995,300081.700011,300081.70001,100027.23333666666,0.040920000000000005,299957.453995,173144.66120430332,269974.129105,62.123008,87.79763630016946,0.0066648516051684824,44,64,,True,False,Request timeout: 300.0s exceeded,3,56.69694568066818
234,2026-09-19T05:46:59.519+00:00,2026-09-19T05:51:59.312+00:00,2026-09-19T05:51:59.621+00:00,False,5,4.0,,4.0,299792.975486,300102.092158,300102.092117,60020.4184234,0.07461,299792.975486,134036.9417811945,239857.24042260004,77.279168,52.114530442836305,0.013328797447683404,44,64,,True,False,Request timeout: 300.0s exceeded,14,56.69694568066818
235,2026-09-19T05:47:00.007+00:00,2026-09-19T05:52:00.095+00:00,2026-09-19T05:52:00.095+00:00,False,1,0.0,,0.0,300088.37132599996,300088.37132599996,300088.37132599996,300088.37132599996,300088.37132599996,300088.37132599996,nan,300088.37132599996,nan,nan,0.0,44,64,,True,False,"HTTPConnectionPool(host='gpu03', port=9002): Read timed out.",0,56.69694568066818
236,2026-09-19T05:47:00.378+00:00,2026-09-19T05:52:00.416+00:00,2026-09-19T05:52:00.416+00:00,False,1,0.0,,0.0,300037.27832,300037.27832,300037.27832,300037.27832,300037.27832,300037.27832,nan,300037.27832,nan,nan,0.0,44,64,,True,False,TTFT timeout: 300.0s exceeded (TTFT: 300.014s),0,56.69694568066818
237,2026-09-19T05:47:00.898+00:00,2026-09-19T05:52:00.801+00:00,2026-09-19T05:52:00.911+00:00,False,3,2.0,,2.0,299902.928922,300013.69346599997,300013.69341999997,100004.56447333333,0.02595,299902.928922,173117.0706379322,269923.7098846,55.382272,78.285794271567,0.006666362381311294,44,64,,True,False,Request timeout: 300.0s exceeded,4,56.69694568066818
238,2026-09-19T05:47:01.227+00:00,2026-09-19T05:52:01.130+00:00,2026-09-19T05:52:01.246+00:00,False,3,2.0,,2.0,299903.53335399996,300018.94788199995,300018.94796099997,100006.31598699998,0.03893,299903.53335399996,173116.07799087735,269924.7175863,57.707264,81.5553655181056,0.006666245629214783,44,64,,True,False,Request timeout: 300.0s exceeded,5,56.69694568066818
239,2026-09-19T05:47:01.693+00:00,2026-09-19T05:52:01.779+00:00,2026-09-19T05:52:01.779+00:00,False,1,0.0,,0.0,300086.001814,300086.001814,300086.001814,300086.001814,300086.001814,300086.001814,nan,300086.001814,nan,nan,0.0,44,64,,True,False,"HTTPConnectionPool(host='gpu03', port=9002): Read timed out.",0,56.69694568066818
240,2026-09-19T05:47:02.175+00:00,2026-09-19T05:52:02.184+00:00,2026-09-19T05:52:02.184+00:00,False,1,0.0,,0.0,300008.91001999995,300008.91001999995,300008.91001999995,300008.91001999995,300008.91001999995,300008.91001999995,nan,300008.91001999995,nan,nan,0.0,44,64,,True,False,TTFT timeout: 300.0s exceeded (TTFT: 300.000s),0,56.69694568066818
241,2026-09-19T05:47:02.697+00:00,2026-09-19T05:52:02.459+00:00,2026-09-19T05:52:02.734+00:00,False,5,4.0,,4.0,299761.79568,300037.20585599996,300037.205874,60007.4411748,0.05743,299761.79568,134026.7688779413,239838.16195139996,68.852544,60.4792034023532,0.013331679944785789,44,64,,True,False,Request timeout: 300.0s exceeded,7,56.69694568066818
242,2026-09-19T05:47:03.154+00:00,2026-09-19T05:52:03.204+00:00,2026-09-19T05:52:03.204+00:00,False,1,0.0,,0.0,300050.231231,300050.231231,300050.231231,300050.231231,300050.231231,300050.231231,nan,300050.231231,nan,nan,0.0,44,64,,True,False,"HTTPConnectionPool(host='gpu03', port=9002): Read timed out.",0,56.69694568066818
243,2026-09-19T05:47:03.502+00:00,2026-09-19T05:52:03.615+00:00,2026-09-19T05:52:03.615+00:00,False,1,0.0,,0.0,300113.054357,300113.054357,300113.054357,300113.054357,300113.054357,300113.054357,nan,300113.054357,nan,nan,0.0,44,64,,True,False,"HTTPConnectionPool(host='gpu03', port=9002): Read timed out.",0,56.69694568066818
244,2026-09-19T05:47:03.853+00:00,2026-09-19T05:52:03.936+00:00,2026-09-19T05:52:05.052+00:00,False,12,11.0,,11.0,300082.367503,301198.523407,301198.523461,25099.876955083335,0.02334,300082.367503,86597.0332471894,135117.03859550002,101.46871854545455,36.299000022951915,0.03652076336754165,44,64,,True,False,Request timeout: 300.0s exceeded,50,56.69694568066818
245,2026-09-19T05:47:04.324+00:00,2026-09-19T05:52:04.207+00:00,2026-09-19T05:52:04.951+00:00,True,8,8.0,,8.0,299882.463772,300627.091228,300627.091193,37578.386399125,95.850794,299882.463772,105986.85263816018,194963.14668199996,106.37535085714285,6.217386713012561,0.02661104149769617,44,64,,True,True,,30,56.69694568066818
246,2026-09-19T05:47:04.633+00:00,2026-09-19T05:52:04.537+00:00,2026-09-19T05:52:05.149+00:00,False,8,7.0,,7.0,299903.49220599997,300516.110702,300516.110772,37564.5138465,0.04043,299903.49220599997,106000.96063496459,194973.68851329997,87.516928,38.60284254998487,0.023293260330197046,44,64,,True,False,Request timeout: 300.0s exceeded,21,56.69694568066818
247,2026-09-19T05:47:04.936+00:00,2026-09-19T05:52:05.281+00:00,2026-09-19T05:52:05.281+00:00,False,1,0.0,,0.0,300345.694947,300345.694947,300345.694947,300345.694947,300345.694947,300345.694947,nan,300345.694947,nan,nan,0.0,44,64,,True,False,"HTTPConnectionPool(host='gpu03', port=9002): Read timed out.",0,56.69694568066818
248,2026-09-19T05:47:05.372+00:00,2026-09-19T05:52:05.384+00:00,2026-09-19T05:52:05.384+00:00,False,1,0.0,,0.0,300012.58141600003,300012.58141600003,300012.58141600003,300012.58141600003,300012.58141600003,300012.58141600003,nan,300012.58141600003,nan,nan,0.0,44,64,,True,False,"HTTPConnectionPool(host='gpu03', port=9002): Read timed out.",0,56.69694568066818
249,2026-09-19T05:47:05.793+00:00,2026-09-19T05:52:05.811+00:00,2026-09-19T05:52:05.811+00:00,False,1,0.0,,0.0,300018.094226,300018.094226,300018.094226,300018.094226,300018.094226,300018.094226,nan,300018.094226,nan,nan,0.0,44,64,,True,False,"HTTPConnectionPool(host='gpu03', port=9002): Read timed out.",0,56.69694568066818
250,2026-09-19T05:47:06.265+00:00,2026-09-19T05:52:06.344+00:00,2026-09-19T05:52:06.344+00:00,False,1,0.0,,0.0,300079.178174,300079.178174,300079.178174,300079.178174,300079.178174,300079.178174,nan,300079.178174,nan,nan,0.0,44,64,,True,False,TTFT timeout: 300.0s exceeded (TTFT: 300.070s),0,56.69694568066818
251,2026-09-19T05:47:06.699+00:00,2026-09-19T05:52:06.548+00:00,2026-09-19T05:52:06.744+00:00,False,4,3.0,,3.0,299849.14004,300045.09524000005,300045.095129,75011.27378225,0.023489999999999997,299849.14004,149891.9179497541,254886.52982585004,65.3184,56.54870345536619,0.009998497051252778,44,64,,True,False,Request timeout: 300.0s exceeded,10,56.69694568066818
252,2026-09-19T05:47:07.174+00:00,2026-09-19T05:52:06.840+00:00,2026-09-19T05:52:07.198+00:00,False,8,7.0,,7.0,299666.395586,300024.219842,300024.219947,37503.027493375,0.04054,299666.395586,105930.00101165874,194819.63462929998,51.11775085714286,30.09702122441167,0.023331449719913844,44,64,,True,False,Request timeout: 300.0s exceeded,25,56.69694568066818
253,2026-09-19T05:47:07.654+00:00,2026-09-19T05:52:07.760+00:00,2026-09-19T05:52:07.760+00:00,False,1,0.0,,0.0,300105.924853,300105.924853,300105.924853,300105.924853,300105.924853,300105.924853,nan,300105.924853,nan,nan,0.0,44,64,,True,False,"HTTPConnectionPool(host='gpu03', port=9002): Read timed out.",0,56.69694568066818
254,2026-09-19T05:47:07.963+00:00,2026-09-19T05:52:07.990+00:00,2026-09-19T05:52:07.990+00:00,False,1,0.0,,0.0,300027.862599,300027.862599,300027.862599,300027.862599,300027.862599,300027.862599,nan,300027.862599,nan,nan,0.0,44,64,,True,False,TTFT timeout: 300.0s exceeded (TTFT: 300.022s),0,56.69694568066818
255,2026-09-19T05:47:08.413+00:00,2026-09-19T05:52:08.271+00:00,2026-09-19T05:52:08.508+00:00,False,4,3.0,,3.0,299858.642597,300095.437989,300095.437844,75023.859461,0.044829999999999995,299858.642597,149889.86584196315,254898.22605665,78.93179733333332,68.44450215896921,0.009996819745423671,44,64,,True,False,Request timeout: 300.0s exceeded,9,56.69694568066818
256,2026-09-19T05:47:08.922+00:00,2026-09-19T05:52:09.010+00:00,2026-09-19T05:52:09.010+00:00,False,1,0.0,,0.0,300087.397106,300087.397106,300087.397106,300087.397106,300087.397106,300087.397106,nan,300087.397106,nan,nan,0.0,44,64,,True,False,"HTTPConnectionPool(host='gpu03', port=9002): Read timed out.",0,56.69694568066818
257,2026-09-19T05:47:09.404+00:00,2026-09-19T05:52:09.465+00:00,2026-09-19T05:52:09.465+00:00,False,1,0.0,,0.0,300061.15386699996,300061.15386699996,300061.15386699996,300061.15386699996,300061.15386699996,300061.15386699996,nan,300061.15386699996,nan,nan,0.0,44,64,,True,False,TTFT timeout: 300.0s exceeded (TTFT: 300.050s),0,56.69694568066818
258,2026-09-19T05:47:09.930+00:00,2026-09-19T05:52:09.864+00:00,2026-09-19T05:52:09.994+00:00,False,3,2.0,,2.0,299934.33382999996,300064.64986199996,300064.64979999996,100021.54993333331,0.06247,299934.33382999996,173129.56163351357,269953.92579699995,65.158016,92.05901248856304,0.006665230312600308,44,64,,True,False,Request timeout: 300.0s exceeded,3,56.69694568066818
259,2026-09-19T05:47:10.315+00:00,2026-09-19T05:52:10.101+00:00,2026-09-19T05:52:10.406+00:00,False,5,4.0,,4.0,299786.516181,300091.249877,300091.24984199996,60018.2499684,0.040490000000000005,299786.516181,134034.5427340761,239849.57165879998,76.183424,50.76250739077289,0.01332927901643084,44,64,,True,False,Request timeout: 300.0s exceeded,18,56.69694568066818
260,2026-09-19T05:47:10.700+00:00,2026-09-19T05:52:10.814+00:00,2026-09-19T05:52:10.814+00:00,False,1,0.0,,0.0,300114.313983,300114.313983,300114.313983,300114.313983,300114.313983,300114.313983,nan,300114.313983,nan,nan,0.0,44,64,,True,False,"HTTPConnectionPool(host='gpu03', port=9002): Read timed out.",0,56.69694568066818
261,2026-09-19T05:47:10.996+00:00,2026-09-19T05:52:11.103+00:00,2026-09-19T05:52:11.103+00:00,False,1,0.0,,0.0,300107.659426,300107.659426,300107.659426,300107.659426,300107.659426,300107.659426,nan,300107.659426,nan,nan,0.0,44,64,,True,False,"HTTPConnectionPool(host='gpu03', port=9002): Read timed out.",0,56.69694568066818
262,2026-09-19T05:47:11.321+00:00,2026-09-19T05:52:11.360+00:00,2026-09-19T05:52:11.360+00:00,False,1,0.0,,0.0,300038.55648,300038.55648,300038.55648,300038.55648,300038.55648,300038.55648,nan,300038.55648,nan,nan,0.0,44,64,,True,False,TTFT timeout: 300.0s exceeded (TTFT: 300.032s),0,56.69694568066818
263,2026-09-19T05:47:11.640+00:00,2026-09-19T05:52:11.506+00:00,2026-09-19T05:52:11.732+00:00,False,4,3.0,,3.0,299865.66104900005,300091.4824890001,300091.48240400007,75022.87060100002,0.038840000000000006,299865.66104900005,149895.2035776829,254905.00659140002,75.27381333333332,66.87619466380967,0.009996951513310497,44,64,,True,False,Request timeout: 300.0s exceeded,12,56.69694568066818
264,2026-09-19T05:47:12.000+00:00,2026-09-19T05:52:11.732+00:00,2026-09-19T05:52:12.028+00:00,False,5,4.0,,4.0,299731.788649,300027.308393,300027.308382,60005.4616764,0.033789,299731.788649,134011.09759506467,239806.1469942,73.879936,49.361992379935174,0.013332119737448956,44,64,,True,False,Request timeout: 300.0s exceeded,13,56.69694568066818
265,2026-09-19T05:47:12.517+00:00,2026-09-19T05:52:12.551+00:00,2026-09-19T05:52:12.551+00:00,False,1,0.0,,0.0,300034.740596,300034.740596,300034.740596,300034.740596,300034.740596,300034.740596,nan,300034.740596,nan,nan,0.0,44,64,,True,False,"HTTPConnectionPool(host='gpu03', port=9002): Read timed out.",0,56.69694568066818
266,2026-09-19T05:47:13.017+00:00,2026-09-19T05:52:13.048+00:00,2026-09-19T05:52:13.048+00:00,False,1,0.0,,0.0,300031.64391900005,300031.64391900005,300031.64391900005,300031.64391900005,300031.64391900005,300031.64391900005,nan,300031.64391900005,nan,nan,0.0,44,64,,True,False,"HTTPConnectionPool(host='gpu03', port=9002): Read timed out.",0,56.69694568066818
267,2026-09-19T05:47:13.409+00:00,2026-09-19T05:52:13.218+00:00,2026-09-19T05:52:13.470+00:00,False,4,3.0,,3.0,299809.68833,300061.76666599995,300061.766761,75015.44169025,0.02355,299809.68833,149862.84319062583,254858.95507564998,84.026112,73.74872415444173,0.009997941534948413,44,64,,True,False,Request timeout: 300.0s exceeded,19,56.69694568066818
268,2026-09-19T05:47:13.721+00:00,2026-09-19T05:52:13.470+00:00,2026-09-19T05:52:13.818+00:00,False,6,5.0,,5.0,299748.339156,300096.445396,300096.445471,50016.07424516667,0.05225,299748.339156,122343.33052680611,224836.65270200002,69.621248,43.75202733394794,0.016661310311097226,44,64,,True,False,Request timeout: 300.0s exceeded,18,56.69694568066818
269,2026-09-19T05:47:14.155+00:00,2026-09-19T05:52:14.269+00:00,2026-09-19T05:52:14.269+00:00,False,1,0.0,,0.0,300114.602388,300114.602388,300114.602388,300114.602388,300114.602388,300114.602388,nan,300114.602388,nan,nan,0.0,44,64,,True,False,"HTTPConnectionPool(host='gpu03', port=9002): Read timed out.",0,56.69694568066818
270,2026-09-19T05:47:14.494+00:00,2026-09-19T05:52:14.568+00:00,2026-09-19T05:52:14.568+00:00,False,1,0.0,,0.0,300073.94088999997,300073.94088999997,300073.94088999997,300073.94088999997,300073.94088999997,300073.94088999997,nan,300073.94088999997,nan,nan,0.0,44,64,,True,False,"HTTPConnectionPool(host='gpu03', port=9002): Read timed out.",0,56.69694568066818
271,2026-09-19T05:47:14.912+00:00,2026-09-19T05:52:14.781+00:00,2026-09-19T05:52:15.024+00:00,False,4,3.0,,3.0,299868.857527,300111.490231,300111.490361,75027.87259025,0.04063,299868.857527,149894.0012114698,254908.6182736,80.877568,71.13771777219553,0.009996285039572653,44,64,,True,False,Request timeout: 300.0s exceeded,10,56.69694568066818
272,2026-09-19T05:47:15.422+00:00,2026-09-19T05:52:15.252+00:00,2026-09-19T05:52:15.450+00:00,False,4,3.0,,3.0,299830.078916,300028.44538000005,300028.445429,75007.11135725,0.03539,299830.078916,149881.98570535812,254871.13893620003,66.12215466666666,57.42119900955734,0.009999051910562546,44,64,,True,False,Request timeout: 300.0s exceeded,10,56.69694568066818
273,2026-09-19T05:47:15.889+00:00,2026-09-19T05:52:15.936+00:00,2026-09-19T05:52:15.936+00:00,False,1,0.0,,0.0,300046.900042,300046.900042,300046.900042,300046.900042,300046.900042,300046.900042,nan,300046.900042,nan,nan,0.0,44,64,,True,False,"HTTPConnectionPool(host='gpu03', port=9002): Read timed out.",0,56.69694568066818
274,2026-09-19T05:47:16.275+00:00,2026-09-19T05:52:16.387+00:00,2026-09-19T05:52:16.387+00:00,False,1,0.0,,0.0,300112.783488,300112.783488,300112.783488,300112.783488,300112.783488,300112.783488,nan,300112.783488,nan,nan,0.0,44,64,,True,False,"HTTPConnectionPool(host='gpu03', port=9002): Read timed out.",0,56.69694568066818
276,2026-09-19T05:47:17.546+00:00,2026-09-19T05:52:16.527+00:00,2026-09-19T05:52:17.864+00:00,False,15,14.0,,14.0,298980.988457,300318.369833,300318.369761,20021.224650733333,0.07892,298980.988457,77171.90124126815,89788.2523501,95.52724114285715,34.09193177870994,0.04661719497140675,44,64,,True,False,Request timeout: 300.0s exceeded,45,56.69694568066818
275,2026-09-19T05:47:17.507+00:00,2026-09-19T05:52:16.528+00:00,2026-09-19T05:52:17.638+00:00,False,13,12.0,,12.0,299020.97316299996,300130.51325899997,300130.51331599994,23086.96256276923,0.03698,299020.97316299996,82907.85878243991,119688.60715379998,92.46167466666667,35.05606860034172,0.03998260579937937,44,64,,True,False,Request timeout: 300.0s exceeded,56,56.69694568066818
277,2026-09-19T05:47:17.571+00:00,2026-09-19T05:52:17.422+00:00,2026-09-19T05:52:17.865+00:00,False,6,5.0,,5.0,299851.32327600004,300293.85050800006,300293.85030800005,50048.97505133334,0.093709,299851.32327600004,122377.66652623247,224921.37662875,88.50544640000001,51.25373776113798,0.016650357613189937,44,64,,True,False,Request timeout: 300.0s exceeded,15,56.69694568066818
278,2026-09-19T05:47:17.903+00:00,2026-09-19T05:52:18.000+00:00,2026-09-19T05:52:18.000+00:00,False,1,0.0,,0.0,300096.990144,300096.990144,300096.990144,300096.990144,300096.990144,300096.990144,nan,300096.990144,nan,nan,0.0,44,64,,True,False,"HTTPConnectionPool(host='gpu03', port=9002): Read timed out.",0,56.69694568066818
279,2026-09-19T05:47:18.306+00:00,2026-09-19T05:52:18.323+00:00,2026-09-19T05:52:18.323+00:00,False,1,0.0,,0.0,300017.06200700003,300017.06200700003,300017.06200700003,300017.06200700003,300017.06200700003,300017.06200700003,nan,300017.06200700003,nan,nan,0.0,44,64,,True,False,"HTTPConnectionPool(host='gpu03', port=9002): Read timed out.",0,56.69694568066818
280,2026-09-19T05:47:18.604+00:00,2026-09-19T05:52:18.658+00:00,2026-09-19T05:52:18.658+00:00,False,1,0.0,,0.0,300053.71105299995,300053.71105299995,300053.71105299995,300053.71105299995,300053.71105299995,300053.71105299995,nan,300053.71105299995,nan,nan,0.0,44,64,,True,False,"HTTPConnectionPool(host='gpu03', port=9002): Read timed out.",0,56.69694568066818
281,2026-09-19T05:47:19.096+00:00,2026-09-19T05:52:19.142+00:00,2026-09-19T05:52:20.276+00:00,True,13,13.0,,13.0,300045.826958,301179.745422,301179.745462,23167.672727846155,33.888297,300045.826958,83191.54937792853,120169.2614084,94.49320533333332,56.41357242146298,0.04316359316190059,44,64,,True,True,,49,56.69694568066818
282,2026-09-19T05:47:19.472+00:00,2026-09-19T05:52:19.394+00:00,2026-09-19T05:52:19.924+00:00,True,8,8.0,,8.0,299922.13348,300451.46109600004,300451.46108000004,37556.432635000005,30.795595000000002,299922.13348,106011.75570774275,194985.13665415003,75.61823085714285,29.770834175637937,0.026626597090981845,44,64,,True,True,,26,56.69694568066818
283,2026-09-19T05:47:19.933+00:00,2026-09-19T05:52:19.619+00:00,2026-09-19T05:52:20.688+00:00,False,14,13.0,,13.0,299685.7573,300755.062388,300755.062333,21482.50445235714,0.02139,299685.7573,80072.4107960308,104958.70683465,82.25423753846154,33.542549699592065,0.043224542578867306,44,64,,True,False,Request timeout: 300.0s exceeded,41,56.69694568066818
284,2026-09-19T05:47:20.436+00:00,2026-09-19T05:52:20.483+00:00,2026-09-19T05:52:20.687+00:00,False,4,3.0,,3.0,300047.277346,300250.74077000003,300250.740647,75062.68516175,0.024149999999999998,300047.277346,149989.73579030597,255055.69497565003,67.82114133333333,58.73788989706857,0.00999164895415888,44,64,,True,False,Request timeout: 300.0s exceeded,8,56.69694568066818
0,2026-09-19T05:45:20.818+00:00,2026-09-19T05:45:21.095+00:00,2026-09-19T05:45:24.020+00:00,True,33,33.0,,33.0,276.93968,3202.214048,3202.214162,97.0367927878788,32.215215,276.93968,41.37928210879744,131.7291254,91.414824,26.283457725184412,10.30536981767685,45,64,,False,True,,151,56.69694568066818
1,2026-09-19T05:45:21.192+00:00,2026-09-19T05:45:21.365+00:00,2026-09-19T05:45:24.807+00:00,True,36,36.0,,36.0,173.466049,3615.407553,3615.407433,100.42798425,43.370329,173.466049,24.593676687634428,124.10648074999999,98.34118582857143,21.47688839903023,9.957383634419818,45,64,,False,True,,127,56.69694568066818
2,2026-09-19T05:45:21.681+00:00,2026-09-19T05:45:22.311+00:00,2026-09-19T05:45:28.649+00:00,True,66,66.0,,66.0,629.7950629999999,6968.101366999999,6968.101578,105.57729663636363,45.152175,629.7950629999999,68.7666172497878,114.47944274999998,97.51240467692308,21.044253370354145,9.471733622097867,45,64,,False,True,,307,56.69694568066818
3,2026-09-19T05:45:22.009+00:00,2026-09-19T05:45:24.701+00:00,2026-09-19T05:45:31.685+00:00,True,73,73.0,,73.0,2691.7834589999998,9676.570147,9676.569986999999,132.55575324657534,46.035911999999996,2691.7834589999998,304.339364674843,112.43275559999998,97.01092622222222,19.930364074749292,7.543995330063513,45,64,,False,True,,241,56.69694568066818
4,2026-09-19T05:45:22.320+00:00,2026-09-19T05:45:27.108+00:00,2026-09-19T05:45:32.402+00:00,True,54,54.0,,54.0,4787.767167,10082.663551,10082.663512,186.71599096296296,52.154528,4787.767167,638.170172680227,122.19529789999999,99.90370535849057,17.3993251453643,5.355727653398121,45,64,,False,True,,300,56.69694568066818
5,2026-09-19T05:45:22.812+00:00,2026-09-19T05:45:29.528+00:00,2026-09-19T05:45:30.706+00:00,True,13,13.0,,13.0,6715.631155,7894.440755,7894.440929,607.2646868461538,49.614355,6715.631155,1835.4032228972446,2753.7312214,98.23413333333333,16.442474313806077,1.6467284261733623,45,64,,False,True,,49,56.69694568066818
6,2026-09-19T05:45:23.232+00:00,2026-09-19T05:45:31.433+00:00,2026-09-19T05:45:34.406+00:00,True,31,31.0,,31.0,8200.846655,11173.856831,11173.856957999998,360.4469986451613,0.0,8200.846655,1455.575330804278,191.82264800000002,99.10033920000001,37.165646370550704,2.774333022953693,45,64,,False,True,,144,56.69694568066818
7,2026-09-19T05:45:23.665+00:00,2026-09-19T05:45:33.476+00:00,2026-09-19T05:45:37.110+00:00,True,37,37.0,,37.0,9811.307143,13445.589639,13445.589435,363.3943090540541,0.0,9811.307143,1596.9873552342242,245.94282440000003,100.95229155555555,44.9392269635916,2.751831715336497,45,64,,False,True,,168,56.69694568066818
8,2026-09-19T05:45:24.007+00:00,2026-09-19T05:45:35.275+00:00,2026-09-19T05:45:40.863+00:00,True,58,58.0,,58.0,11268.176178,16855.878962,16855.879098999998,290.6186051551724,0.0,11268.176178,1467.592142024222,244.79618745,98.02987340350877,51.26912934775542,3.4409359565737017,45,64,,False,True,,268,56.69694568066818
9,2026-09-19T05:45:24.308+00:00,2026-09-19T05:45:37.283+00:00,2026-09-19T05:45:37.846+00:00,True,7,7.0,,7.0,12975.21816,13537.612528,13537.61244,1933.9446342857143,52.393767999999994,12975.21816,4868.784839839,9116.3230914,93.73239466666668,21.849449726083506,0.5170778810164509,45,64,,False,True,,19,56.69694568066818
10,2026-09-19T05:45:24.695+00:00,2026-09-19T05:45:39.401+00:00,2026-09-19T05:45:40.158+00:00,True,9,9.0,,9.0,14705.487269,15463.025572999999,15463.025673999999,1718.1139637777776,51.090571000000004,14705.487269,4870.293727062313,8865.8094102,94.692288,17.88605707692176,0.5820335714709615,45,64,,False,True,,45,56.69694568066818
11,2026-09-19T05:45:24.974+00:00,2026-09-19T05:45:40.764+00:00,2026-09-19T05:45:46.918+00:00,True,64,64.0,,64.0,15790.257110999999,21944.096470999997,21944.096684,342.8765106875,0.0,15790.257110999999,1962.209399655575,138.05164415,97.67998984126983,50.40633199871061,2.9165019432255304,45,64,,False,True,,304,56.69694568066818
12,2026-09-19T05:45:25.420+00:00,2026-09-19T05:45:43.219+00:00,2026-09-19T05:45:45.837+00:00,True,25,25.0,,25.0,17798.468741999997,20416.247173999996,20416.247052999996,816.6498821199999,48.368888,17798.468741999997,3538.2498508600434,297.27436120000004,109.07410133333333,52.33360034202319,1.2245149555123624,45,64,,False,True,,58,56.69694568066818
13,2026-09-19T05:45:25.790+00:00,2026-09-19T05:45:45.342+00:00,2026-09-19T05:45:54.739+00:00,True,96,96.0,,96.0,19552.435666,28949.617618000004,28949.617722000003,301.5585179375,0.0,19552.435666,1986.9943896212849,173.76870275000002,98.91770475789474,78.32372621062534,3.316105976484818,45,64,,False,True,,532,56.69694568066818
14,2026-09-19T05:45:26.121+00:00,2026-09-19T05:45:47.430+00:00,2026-09-19T05:45:50.094+00:00,True,28,28.0,,28.0,21308.650904,23972.809112,23972.809126999997,856.1717545357142,0.0,21308.650904,4008.8115861233,287.28141265,98.67252622222222,64.67624930821262,1.1679899451576627,45,64,,False,True,,127,56.69694568066818
15,2026-09-19T05:45:26.500+00:00,2026-09-19T05:45:49.795+00:00,2026-09-19T05:45:55.413+00:00,True,59,59.0,,59.0,23294.846636,28912.756908,28912.756956999998,490.0467280847457,0.0,23294.846636,3021.1699929355527,151.0225468,96.86052193103447,80.3194990944559,2.0406217292850073,45,64,,False,True,,237,56.69694568066818
16,2026-09-19T05:45:26.834+00:00,2026-09-19T05:45:51.152+00:00,2026-09-19T05:45:56.287+00:00,True,55,55.0,,55.0,24317.973542,29452.960038,29452.959888999998,535.5083616181818,0.0,24317.973542,3267.2501119883573,218.0578357,95.09234251851852,83.10360706360831,1.8673844642113862,45,64,,False,True,,279,56.69694568066818
17,2026-09-19T05:45:27.242+00:00,2026-09-19T05:45:53.710+00:00,2026-09-19T05:45:56.554+00:00,True,33,33.0,,33.0,26467.375085,29311.702764999998,29311.702808,888.2334184242424,0.0,26467.375085,4592.566195704636,256.5213704,88.88524,79.13399416028531,1.1258301936455244,45,64,,False,True,,130,56.69694568066818
18,2026-09-19T05:45:27.549+00:00,2026-09-19T05:45:54.946+00:00,2026-09-19T05:46:00.334+00:00,True,60,60.0,,60.0,27397.877897,32785.900425,32785.900431999995,546.4316738666666,0.0,27397.877897,3525.9301735056374,115.52089199999999,91.32241572881355,69.27278261245787,1.8300549694297437,45,64,,False,True,,171,56.69694568066818
19,2026-09-19T05:45:27.865+00:00,2026-09-19T05:45:56.493+00:00,2026-09-19T05:46:05.155+00:00,True,89,89.0,,89.0,28627.235282,37290.00597,37290.005842,418.9888296853933,0.0,28627.235282,3024.5471761242734,114.2145838,98.440576,55.36323607714406,2.3866984647736706,45,64,,False,True,,321,56.69694568066818
20,2026-09-19T05:45:28.169+00:00,2026-09-19T05:45:58.540+00:00,2026-09-19T05:46:07.756+00:00,True,94,94.0,,94.0,30371.708207,39587.689263,39587.689348,421.1456313617021,0.0,30371.708207,3123.8116859740217,115.68821005,99.09657049462366,95.0285894629451,2.3744755440387775,45,64,,False,True,,463,56.69694568066818
21,2026-09-19T05:45:28.459+00:00,2026-09-19T05:46:00.439+00:00,2026-09-19T05:46:06.524+00:00,True,61,61.0,,61.0,31980.233499,38064.898075000005,38064.898196,624.0147245245902,0.0,31980.233499,4082.2988360124486,115.87813,101.41107626666667,72.54419149022,1.6025262928541284,45,64,,False,True,,219,56.69694568066818
22,2026-09-19T05:45:28.774+00:00,2026-09-19T05:46:01.709+00:00,2026-09-19T05:46:04.469+00:00,True,28,28.0,,28.0,32935.563885,35695.568493000006,35695.568576000005,1274.841734857143,47.068061,32935.563885,6204.937133378178,112.23329385000001,102.22239288888889,15.576417872732666,0.7844110958897006,45,64,,False,True,,143,56.69694568066818
23,2026-09-19T05:45:29.205+00:00,2026-09-19T05:46:04.467+00:00,2026-09-19T05:46:09.963+00:00,True,56,56.0,,56.0,35262.43666399999,40758.482487999994,40758.48265099999,727.8300473392856,0.0,35262.43666399999,4699.837062380166,220.90487249999998,99.9281058909091,100.21848591894805,1.373947129078895,45,64,,False,True,,300,56.69694568066818
24,2026-09-19T05:45:29.538+00:00,2026-09-19T05:46:06.308+00:00,2026-09-19T05:46:13.469+00:00,True,74,74.0,,74.0,36769.247934,43930.495934,43930.495951,593.6553506891892,0.0,36769.247934,4264.188900133763,114.81611659999999,98.09928767123287,104.14173054044412,1.6844790487040169,45,64,,False,True,,279,56.69694568066818
25,2026-09-19T05:45:29.973+00:00,2026-09-19T05:46:08.454+00:00,2026-09-19T05:46:13.372+00:00,True,51,51.0,,51.0,38481.683665,43399.167441,43399.1674,850.9640666666666,0.0,38481.683665,5375.637880677498,108.204483,98.34967551999999,99.14458153511876,1.1751377504956317,45,64,,False,True,,239,56.69694568066818
26,2026-09-19T05:45:30.351+00:00,2026-09-19T05:46:10.267+00:00,2026-09-19T05:46:16.758+00:00,True,69,69.0,,69.0,39915.128046,46406.517486,46406.517424,672.5582235362318,0.0,39915.128046,4794.478768425665,111.6780098,95.46160941176471,85.67313034803685,1.4868601165949598,45,64,,False,True,,300,56.69694568066818
27,2026-09-19T05:45:30.782+00:00,2026-09-19T05:46:12.586+00:00,2026-09-19T05:46:16.244+00:00,True,42,42.0,,42.0,41804.370786,45461.982306,45461.982255,1082.4281489285713,0.0,41804.370786,6436.841632343968,109.62692094999998,89.21003707317074,26.341513076256238,0.9238488484136538,45,64,,False,True,,186,56.69694568066818
28,2026-09-19T05:45:31.101+00:00,2026-09-19T05:46:14.158+00:00,2026-09-19T05:46:21.113+00:00,True,72,72.0,,72.0,43057.056696,50011.714744,50011.714736,694.6071491111111,0.0,43057.056696,5063.343349886382,112.08495105,97.95293025352113,76.13817159614706,1.4396626944017747,45,64,,False,True,,179,56.69694568066818
29,2026-09-19T05:45:31.599+00:00,2026-09-19T05:46:16.755+00:00,2026-09-19T05:46:22.760+00:00,True,55,55.0,,55.0,45156.479036,51161.564988,51161.564847999995,930.2102699636363,0.0,45156.479036,6075.541126607637,283.0097711,111.2052954074074,142.37973793326034,1.0750257544486825,45,64,,False,True,,187,56.69694568066818
30,2026-09-19T05:45:32.106+00:00,2026-09-19T05:46:19.613+00:00,2026-09-19T05:46:24.445+00:00,True,49,49.0,,49.0,47506.623261,52338.362141,52338.362166,1068.129840122449,0.0,47506.623261,6774.287325051472,455.59226620000004,100.66122666666668,166.6340464558972,0.9362157697635547,45,64,,False,True,,216,56.69694568066818
31,2026-09-19T05:45:32.419+00:00,2026-09-19T05:46:21.318+00:00,2026-09-19T05:46:26.594+00:00,True,53,53.0,,53.0,48899.402467,54175.694307,54175.694512,1022.1829153207547,0.01681,48899.402467,6703.9614204998425,117.61005159999999,101.46715076923077,119.77683247830986,0.9782984911953756,45,64,,False,True,,197,56.69694568066818
32,2026-09-19T05:45:32.835+00:00,2026-09-19T05:46:24.022+00:00,2026-09-19T05:46:27.961+00:00,True,38,38.0,,38.0,51186.92981,55125.245842000004,55125.245778000004,1450.6643625789475,48.897485,51186.92981,8286.356286335522,115.87658805000001,106.44097383783784,10.758231878135225,0.6893393293685367,45,64,,False,True,,229,56.69694568066818
33,2026-09-19T05:45:33.283+00:00,2026-09-19T05:46:26.151+00:00,2026-09-19T05:46:28.391+00:00,True,22,22.0,,22.0,52868.290215,55107.915431,55107.915381,2504.905244590909,48.437205999999996,52868.290215,11248.828099164784,118.7716447,106.6488198095238,14.050465171579336,0.39921669741883,45,64,,False,True,,103,56.69694568066818
34,2026-09-19T05:45:33.594+00:00,2026-09-19T05:46:28.178+00:00,2026-09-19T05:46:28.279+00:00,True,2,2.0,,2.0,54583.491777,54684.341185000005,54684.341191,27342.1705955,100.84941400000001,54583.491777,38525.04587183877,51859.35965885,100.849408,nan,0.03657354110263292,45,64,,False,True,,4,56.69694568066818
35,2026-09-19T05:45:33.973+00:00,2026-09-19T05:46:29.984+00:00,2026-09-19T05:46:32.695+00:00,True,28,28.0,,28.0,56010.794953000004,58721.15092100001,58721.151094,2097.183967642857,49.531264,56010.794953000004,10566.088265412896,112.92496855000002,100.38355437037038,17.324343253721615,0.4768298911182711,45,64,,False,True,,110,56.69694568066818
36,2026-09-19T05:45:34.379+00:00,2026-09-19T05:46:32.213+00:00,2026-09-19T05:46:33.129+00:00,True,10,10.0,,10.0,57833.840038999995,58750.279591,58750.27954899999,5875.0279549,51.46375,57833.840038999995,18256.47502964122,31860.427194949993,101.82661688888889,19.64592933360983,0.17021195591947288,45,64,,False,True,,30,56.69694568066818
37,2026-09-19T05:45:34.833+00:00,2026-09-19T05:46:34.716+00:00,2026-09-19T05:46:42.385+00:00,True,78,78.0,,78.0,59883.206715,67551.646011,67551.645926,866.0467426410256,0.0,59883.206715,6770.305571909524,115.20247220000002,99.59012072727273,125.26950753533785,1.154672085818584,45,64,,False,True,,334,56.69694568066818
38,2026-09-19T05:45:35.240+00:00,2026-09-19T05:46:37.798+00:00,2026-09-19T05:46:42.280+00:00,True,52,52.0,,52.0,62558.396252,67040.344924,67040.345158,1289.2374068846154,0.0,62558.396252,8663.974016343533,111.45153365000002,87.88134650980392,124.16380828829183,0.7756523338140573,45,64,,False,True,,179,56.69694568066818
39,2026-09-19T05:45:35.519+00:00,2026-09-19T05:46:39.360+00:00,2026-09-19T05:46:46.729+00:00,True,82,82.0,,82.0,63841.151589,71209.344613,71209.344733,868.4066430853659,0.0,63841.151589,7040.101429197194,113.02816155000002,90.96534597530864,31.8316694169604,1.1515342606457588,45,64,,False,True,,282,56.69694568066818
40,2026-09-19T05:45:35.965+00:00,2026-09-19T05:46:41.016+00:00,2026-09-19T05:46:45.180+00:00,True,43,43.0,,43.0,65050.029247,69214.789567,69214.789646,1609.6462708372092,45.919472,65050.029247,9904.931839040837,115.0822184,99.16096,18.728003223675074,0.6212545074398579,45,64,,False,True,,120,56.69694568066818
41,2026-09-19T05:45:36.321+00:00,2026-09-19T05:46:42.925+00:00,2026-09-19T05:46:48.783+00:00,True,61,61.0,,61.0,66604.27940500001,72462.338157,72462.338212,1187.907183803279,47.886157,66604.27940500001,8515.3211963465,109.674053,97.63431253333333,17.589535438099315,0.8418166119320465,45,64,,False,True,,264,56.69694568066818
42,2026-09-19T05:45:36.750+00:00,2026-09-19T05:46:44.964+00:00,2026-09-19T05:46:48.280+00:00,True,35,35.0,,35.0,68213.822242,71529.222178,71529.222064,2043.6920589714284,49.075255,68213.822242,11513.77105493633,110.523398,97.51176282352941,17.6502960396796,0.4893105074301344,45,64,,False,True,,143,56.69694568066818
43,2026-09-19T05:45:37.217+00:00,2026-09-19T05:46:47.247+00:00,2026-09-19T05:46:56.926+00:00,True,99,99.0,,99.0,70029.826733,79709.768109,79709.76821299999,805.1491738686868,0.0,70029.826733,7029.545647370409,113.49051189999999,98.774912,131.1198081014654,1.2420058714086506,45,64,,False,True,,395,56.69694568066818
44,2026-09-19T05:45:37.605+00:00,2026-09-19T05:46:49.636+00:00,2026-09-19T05:46:51.400+00:00,True,20,20.0,,20.0,72030.18783400001,73794.92946600002,73794.929564,3689.7464782000006,0.0,72030.18783400001,16087.221112882866,4571.0597704,92.8811385263158,229.45471213367134,0.27102133093324143,45,64,,False,True,,81,56.69694568066818
45,2026-09-19T05:45:37.952+00:00,2026-09-19T05:46:51.614+00:00,2026-09-19T05:46:54.773+00:00,True,32,32.0,,32.0,73662.477979,76821.558427,76821.558278,2400.6736961875,11.837163,73662.477979,13003.844197757655,178.57418330000002,101.90582090322582,36.41666159959089,0.4165497375376488,45,64,,False,True,,169,56.69694568066818
46,2026-09-19T05:45:38.331+00:00,2026-09-19T05:46:53.114+00:00,2026-09-19T05:47:01.725+00:00,True,86,86.0,,86.0,74783.428663,83393.84069499999,83393.84065299999,969.6958215465116,0.01666,74783.428663,8053.587887422254,115.66082625000001,101.29896508235294,81.41957072682885,1.0312512205131747,45,64,,False,True,,394,56.69694568066818
47,2026-09-19T05:45:38.659+00:00,2026-09-19T05:46:55.700+00:00,2026-09-19T05:47:03.151+00:00,True,79,79.0,,79.0,77041.24456,84491.891856,84491.89196200001,1069.5176197721519,0.01787,77041.24456,8657.118538802126,115.6611911,95.52111917948719,29.10313712323644,0.935000960028687,45,64,,False,True,,312,56.69694568066818
48,2026-09-19T05:45:38.952+00:00,2026-09-19T05:46:56.927+00:00,2026-09-19T05:47:04.851+00:00,True,72,72.0,,72.0,77975.345284,85899.60717199999,85899.607074,1193.05009825,0.0,77975.345284,9177.2740966017,115.66129054999999,111.60932236619719,132.62135786625103,0.8381877679118103,45,64,,False,True,,308,56.69694568066818
49,2026-09-19T05:45:39.322+00:00,2026-09-19T05:46:58.995+00:00,2026-09-19T05:47:02.463+00:00,True,35,35.0,,35.0,79673.244335,83141.36721499999,83141.36712899999,2375.4676322571427,49.801283000000005,79673.244335,13450.003932798194,115.2164407,102.00361411764705,16.14289448596938,0.4209697431302941,45,64,,False,True,,168,56.69694568066818
50,2026-09-19T05:45:39.614+00:00,2026-09-19T05:47:00.982+00:00,2026-09-19T05:47:01.625+00:00,True,7,7.0,,7.0,81368.195074,82010.74662600001,82010.746856,11715.820979428572,99.47675699999999,81368.195074,30713.81060531703,56992.835494299994,107.09192533333332,6.606395602944852,0.08535466738185722,45,64,,False,True,,20,56.69694568066818
51,2026-09-19T05:45:39.977+00:00,2026-09-19T05:47:02.988+00:00,2026-09-19T05:47:08.734+00:00,True,62,62.0,,62.0,83011.388933,88757.28819699999,88757.288324,1431.569166516129,0.0,83011.388933,10531.514036814055,113.99438395000001,94.19506990163934,147.7797739817408,0.69853418529855,45,64,,False,True,,223,56.69694568066818
52,2026-09-19T05:45:40.306+00:00,2026-09-19T05:47:05.003+00:00,2026-09-19T05:47:08.473+00:00,True,37,37.0,,37.0,84696.36192499999,88167.045573,88167.04537299999,2382.893118189189,48.111447,84696.36192499999,13908.159910065433,112.5422878,96.4078791111111,19.38789713978822,0.41965793182175953,45,64,,False,True,,158,56.69694568066818
53,2026-09-19T05:45:40.788+00:00,2026-09-19T05:47:07.481+00:00,2026-09-19T05:47:11.797+00:00,True,44,44.0,,44.0,86693.218294,91009.29279,91009.292608,2068.3930138181818,43.034059,86693.218294,13054.37100414482,111.3745035,100.37382548837209,15.09137470971846,0.48346711254561764,45,64,,False,True,,214,56.69694568066818
54,2026-09-19T05:45:41.186+00:00,2026-09-19T05:47:10.186+00:00,2026-09-19T05:47:15.398+00:00,True,55,55.0,,55.0,89000.260684,94212.22638,94212.22645599999,1712.9495719272727,44.442096,89000.260684,11987.792352304594,111.69330010000002,96.51788325925925,18.57127189130115,0.5837883480023116,45,64,,False,True,,228,56.69694568066818
55,2026-09-19T05:45:41.648+00:00,2026-09-19T05:47:12.304+00:00,2026-09-19T05:47:21.187+00:00,True,93,93.0,,93.0,90656.741461,99539.588437,99539.58868,1070.3181578494623,0.0,90656.741461,9392.089091886904,111.92871200000002,96.55268452173912,165.072230627813,0.9343016327504811,45,64,,False,True,,438,56.69694568066818
56,2026-09-19T05:45:42.071+00:00,2026-09-19T05:47:15.394+00:00,2026-09-19T05:47:22.721+00:00,True,75,75.0,,75.0,93323.371077,100649.980741,100649.980968,1341.9997462400001,0.0,93323.371077,10766.209937251935,137.1512928,99.0082387027027,186.15502218505432,0.7451566254443264,45,64,,False,True,,259,56.69694568066818
57,2026-09-19T05:45:42.572+00:00,2026-09-19T05:47:17.666+00:00,2026-09-19T05:47:23.991+00:00,True,66,66.0,,66.0,95094.299774,101419.24185399999,101419.241904,1536.6551803636364,0.0,95094.299774,11694.416021735453,110.74366,97.30680123076924,161.2398288046114,0.6507640837525838,45,64,,False,True,,224,56.69694568066818
58,2026-09-19T05:45:43.037+00:00,2026-09-19T05:47:20.421+00:00,2026-09-19T05:47:30.063+00:00,True,99,99.0,,99.0,97384.566092,107025.80846,107025.808653,1081.0687742727273,46.139331,97384.566092,9777.64691846893,113.615531,98.3800241632653,18.502955186651313,0.9250105318008452,45,64,,False,True,,542,56.69694568066818
59,2026-09-19T05:45:43.465+00:00,2026-09-19T05:47:22.242+00:00,2026-09-19T05:47:29.296+00:00,True,73,73.0,,73.0,98776.817458,105830.958386,105830.95845800001,1449.7391569589042,48.356487,98776.817458,11549.501072495741,113.19749200000003,97.97417955555555,19.39049299896345,0.6897792584826191,45,64,,False,True,,257,56.69694568066818
60,2026-09-19T05:45:43.815+00:00,2026-09-19T05:47:24.579+00:00,2026-09-19T05:47:30.014+00:00,True,56,56.0,,56.0,100764.29413,106199.63288199999,106199.632868,1896.4220154999998,45.524103000000004,100764.29413,13452.001178393044,111.5024135,98.82434094545455,18.089395631974064,0.5273087908149593,45,64,,False,True,,192,56.69694568066818
61,2026-09-19T05:45:44.162+00:00,2026-09-19T05:47:26.459+00:00,2026-09-19T05:47:35.712+00:00,True,96,96.0,,96.0,102297.614007,111550.353079,111550.35293899999,1161.9828431145834,48.002677000000006,102297.614007,10430.780528962405,109.6981065,97.39725338947369,17.53584678406534,0.8605979035495547,45,64,,True,True,,459,56.69694568066818
62,2026-09-19T05:45:44.528+00:00,2026-09-19T05:47:28.438+00:00,2026-09-19T05:47:30.937+00:00,True,27,27.0,,27.0,103910.136608,106409.375776,106409.375912,3941.087996740741,45.537013,103910.136608,19979.02341178585,107.382152,96.12458338461539,17.634771927324792,0.25373703964617833,45,64,,True,True,,100,56.69694568066818
63,2026-09-19T05:45:45.007+00:00,2026-09-19T05:47:31.150+00:00,2026-09-19T05:47:34.035+00:00,True,30,30.0,,30.0,106142.851207,109028.284551,109028.284576,3634.2761525333335,48.343576,106142.851207,19360.784208492598,110.11324734999998,99.49770151724137,14.550543107686881,0.27515795670404175,45,64,,True,True,,136,56.69694568066818
64,2026-09-19T05:45:45.408+00:00,2026-09-19T05:47:33.345+00:00,2026-09-19T05:47:38.587+00:00,True,54,54.0,,54.0,107937.00291,113179.09750199999,113179.09748699999,2095.909212722222,44.383375,107937.00291,14674.918108818205,112.11026910000001,98.90744513207548,19.000624931979804,0.47711990280754596,45,64,,True,True,,261,56.69694568066818
65,2026-09-19T05:45:45.770+00:00,2026-09-19T05:47:35.202+00:00,2026-09-19T05:47:43.972+00:00,True,90,90.0,,90.0,109431.83848100001,118201.86318500001,118201.86336100001,1313.3540373444446,47.152457999999996,109431.83848100001,11524.756000285888,112.00111945,98.53960341573034,18.310253765863656,0.7614093177121859,45,64,,True,True,,367,56.69694568066818
66,2026-09-19T05:45:46.240+00:00,2026-09-19T05:47:37.543+00:00,2026-09-19T05:47:45.740+00:00,True,85,85.0,,85.0,111302.616611,119499.510051,119499.510204,1405.8765906352942,43.922737,111302.616611,12061.894941785711,111.492991,97.58206476190476,19.39910654977233,0.7112999874537034,45,64,,True,True,,171,56.69694568066818
67,2026-09-19T05:45:46.646+00:00,2026-09-19T05:47:39.746+00:00,2026-09-19T05:47:45.528+00:00,True,59,59.0,,59.0,113099.59514800001,118881.307276,118881.307201,2014.9374101864407,44.482125,113099.59514800001,14711.345418890207,112.194259,99.68469186206896,17.419677445916097,0.4962933311544349,45,64,,True,True,,289,56.69694568066818
68,2026-09-19T05:45:47.130+00:00,2026-09-19T05:47:42.392+00:00,2026-09-19T05:47:45.012+00:00,True,27,27.0,,27.0,115262.54641699999,117882.61144099999,117882.611463,4366.0226467777775,49.561694,115262.54641699999,22162.898402155,112.0126353,100.7717316923077,14.451979592741393,0.22904141391127433,45,64,,True,True,,111,56.69694568066818
69,2026-09-19T05:45:47.577+00:00,2026-09-19T05:47:45.009+00:00,2026-09-19T05:47:54.763+00:00,True,98,98.0,,98.0,117432.021513,127185.570825,127185.570732,1297.8119462448979,46.635459000000004,117432.021513,11852.27618700881,111.32236885,100.5520547628866,13.793849529051771,0.7705276578491937,45,64,,True,True,,356,56.69694568066818
70,2026-09-19T05:45:47.982+00:00,2026-09-19T05:47:47.078+00:00,2026-09-19T05:47:53.802+00:00,True,68,68.0,,68.0,119095.45000499999,125820.018837,125820.01863299999,1850.2943916617646,48.976664,119095.45000499999,14430.280655174252,111.47282500000001,100.36669898507462,14.525796013617644,0.5404545367942926,45,64,,True,True,,275,56.69694568066818
71,2026-09-19T05:45:48.300+00:00,2026-09-19T05:47:48.485+00:00,2026-09-19T05:47:50.015+00:00,True,17,17.0,,17.0,120185.386421,121715.177653,121715.177641,7159.71633182353,45.796252,120185.386421,29126.05704353366,24128.619628200002,95.611952,23.02483198216307,0.13967033797925849,45,64,,True,True,,35,56.69694568066818
72,2026-09-19T05:45:48.648+00:00,2026-09-19T05:47:50.759+00:00,2026-09-19T05:47:55.177+00:00,True,45,45.0,,45.0,122110.528818,126529.47921800001,126529.47921,2811.766204666667,50.86506,122110.528818,18188.195192286974,110.6499536,100.43069090909091,11.632528842733361,0.3556483459674141,45,64,,True,True,,210,56.69694568066818
73,2026-09-19T05:45:48.945+00:00,2026-09-19T05:47:52.477+00:00,2026-09-19T05:47:54.867+00:00,True,25,25.0,,25.0,123532.226454,125921.98159000001,125921.98158400001,5036.879263360001,49.806693,123532.226454,24686.533082636757,108.8271956,99.57313066666667,11.161080180247517,0.19853563043027392,45,64,,True,True,,105,56.69694568066818
74,2026-09-19T05:45:49.258+00:00,2026-09-19T05:47:53.803+00:00,2026-09-19T05:47:54.665+00:00,True,10,10.0,,10.0,124545.602262,125407.368406,125407.368539,12540.7368539,44.683045,124545.602262,39354.50245392837,68548.5335298,95.75179377777778,19.430872527634484,0.07974013111913414,45,64,,True,True,,49,56.69694568066818
75,2026-09-19T05:45:49.566+00:00,2026-09-19T05:47:54.869+00:00,2026-09-19T05:47:55.336+00:00,True,6,6.0,,6.0,125303.55852400001,125769.86022,125769.860193,20961.6433655,46.832919000000004,125303.55852400001,51116.89564769023,94004.87470875001,93.2603392,26.422325745261773,0.04770618325809252,45,64,,True,True,,29,56.69694568066818
76,2026-09-19T05:45:50.032+00:00,2026-09-19T05:47:57.429+00:00,2026-09-19T05:47:58.221+00:00,True,9,9.0,,9.0,127397.28018,128189.184948,128189.184811,14243.242756777778,52.308716,127397.28018,42432.76784277451,76482.50166400001,98.988096,19.220781693773493,0.0702087309756346,45,64,,True,True,,33,56.69694568066818
77,2026-09-19T05:45:50.438+00:00,2026-09-19T05:48:00.156+00:00,2026-09-19T05:48:04.490+00:00,True,45,45.0,,45.0,129718.146599,134052.326439,134052.32635,2978.9405855555556,46.236821000000006,129718.146599,19322.56388164475,111.8104226,98.50408727272726,18.25039113265736,0.3356898100569488,45,64,,True,True,,197,56.69694568066818
78,2026-09-19T05:45:50.718+00:00,2026-09-19T05:48:01.609+00:00,2026-09-19T05:48:10.055+00:00,True,86,86.0,,86.0,130890.59014300001,139336.767423,139336.767471,1620.1949705930233,46.811599,130890.59014300001,14103.591622970675,112.1403485,99.36679152941176,17.957978849498556,0.6172096682774353,45,64,,True,True,,358,56.69694568066818
79,2026-09-19T05:45:51.156+00:00,2026-09-19T05:48:03.694+00:00,2026-09-19T05:48:08.411+00:00,True,49,49.0,,49.0,132537.287265,137254.06243299998,137254.062423,2801.103314755102,47.392768,132537.287265,18919.870477992787,111.993178,98.26614933333333,19.96894473887663,0.35700218362512337,45,64,,True,True,,153,56.69694568066818
80,2026-09-19T05:45:51.566+00:00,2026-09-19T05:48:05.926+00:00,2026-09-19T05:48:11.642+00:00,True,57,57.0,,57.0,134359.966971,140075.57657099998,140075.57657099998,2457.466255631579,48.244567,134359.966971,17782.89989007401,112.95381179999998,102.06445714285715,15.083802257678398,0.4069231867206234,45,64,,True,True,,217,56.69694568066818
81,2026-09-19T05:45:52.214+00:00,2026-09-19T05:48:07.717+00:00,2026-09-19T05:48:14.284+00:00,True,66,66.0,,66.0,135503.078424,142069.837592,142069.83758300002,2152.573296712121,47.810797,135503.078424,16666.847244800923,112.40554449999999,101.02706412307691,15.240854221449958,0.4645602551439566,45,64,,True,True,,314,56.69694568066818
82,2026-09-19T05:45:52.258+00:00,2026-09-19T05:48:09.729+00:00,2026-09-19T05:48:11.324+00:00,True,17,17.0,,17.0,137471.320517,139066.405573,139066.40562099998,8180.376801235293,48.465374000000004,137471.320517,33317.5186757979,27584.7983218,99.692816,19.02020689180621,0.12224375779293588,45,64,,True,True,,74,56.69694568066818
83,2026-09-19T05:45:52.753+00:00,2026-09-19T05:48:12.470+00:00,2026-09-19T05:48:13.667+00:00,True,13,13.0,,13.0,139716.856531,140913.593043,140913.593036,10839.507156615384,50.658541,139716.856531,38722.827281550475,55953.926277399994,99.72804266666667,15.912282698054339,0.09225511690723144,45,64,,True,True,,59,56.69694568066818
84,2026-09-19T05:45:53.139+00:00,2026-09-19T05:48:14.494+00:00,2026-09-19T05:48:15.636+00:00,True,13,13.0,,13.0,141354.691513,142496.533945,142496.533778,10961.271829076923,49.158255,141354.691513,39178.35181367563,56607.808625800004,95.153536,20.864092907804295,0.09123028918736834,45,64,,True,True,,50,56.69694568066818
85,2026-09-19T05:45:53.424+00:00,2026-09-19T05:48:16.155+00:00,2026-09-19T05:48:19.992+00:00,True,38,38.0,,38.0,142731.105435,146567.90850700001,146567.908289,3857.050218131579,48.777815000000004,142731.105435,23137.224535627443,113.3222484,103.69738032432433,13.279494589189834,0.25926548578801023,45,64,,True,True,,150,56.69694568066818
86,2026-09-19T05:45:53.914+00:00,2026-09-19T05:48:19.029+00:00,2026-09-19T05:48:20.927+00:00,True,20,20.0,,20.0,145115.52208199998,147012.62876999998,147012.62869399998,7350.631434699999,47.656947,145115.52208199998,32426.495790175308,7362.731592849999,99.84772042105263,18.906551109817705,0.13604273433740055,45,64,,True,True,,83,56.69694568066818
87,2026-09-19T05:45:54.331+00:00,2026-09-19T05:48:21.240+00:00,2026-09-19T05:48:26.784+00:00,True,59,59.0,,59.0,146908.43960800002,152452.291896,152452.29176300002,2583.937148525424,42.918038,146908.43960800002,19113.41741984061,109.9287558,95.58366013793103,21.22862503906265,0.38700631696799054,45,64,,True,True,,286,56.69694568066818
88,2026-09-19T05:45:54.826+00:00,2026-09-19T05:48:23.521+00:00,2026-09-19T05:48:29.936+00:00,True,68,68.0,,68.0,148695.445105,155110.452593,155110.452704,2281.0360691764704,46.5255,148695.445105,18020.37337670292,113.2335947,95.74638041791044,21.78517374849247,0.4383972766711454,45,64,,True,True,,320,56.69694568066818
89,2026-09-19T05:45:55.319+00:00,2026-09-19T05:48:26.671+00:00,2026-09-19T05:48:34.735+00:00,True,81,81.0,,81.0,151351.36326100002,159415.45030100003,159415.45026800002,1968.0919786172842,46.954479,151351.36326100002,16805.625858629624,112.575204,100.801088,16.334811598222583,0.5081063337779367,45,64,,True,True,,380,56.69694568066818
90,2026-09-19T05:45:55.642+00:00,2026-09-19T05:48:28.378+00:00,2026-09-19T05:48:34.157+00:00,True,59,59.0,,59.0,152735.776334,158514.36398199998,158514.363865,2686.6841333050847,44.423546,152735.776334,19871.54064153168,111.6255667,99.63082151724137,16.921745807783456,0.37220601665284864,45,64,,True,True,,243,56.69694568066818
91,2026-09-19T05:45:55.998+00:00,2026-09-19T05:48:30.249+00:00,2026-09-19T05:48:36.806+00:00,True,66,66.0,,66.0,154251.345735,160808.50618300002,160808.506173,2436.4925177727273,44.638355000000004,154251.345735,18974.617832491138,112.98791100000003,100.8793915076923,16.536615277091734,0.4104260500056634,45,64,,True,True,,260,56.69694568066818
92,2026-09-19T05:45:56.314+00:00,2026-09-19T05:48:32.020+00:00,2026-09-19T05:48:39.614+00:00,True,76,76.0,,76.0,155705.430055,163299.648807,163299.648796,2148.6795894210527,43.429057,155705.430055,17849.03190053934,114.38970074999999,101.25625002666668,18.082251661681738,0.46540210315958863,45,64,,True,True,,371,56.69694568066818
93,2026-09-19T05:45:56.684+00:00,2026-09-19T05:48:33.832+00:00,2026-09-19T05:48:40.250+00:00,True,65,65.0,,65.0,157148.272498,163566.460018,163566.45989,2516.4070752307694,48.371275999999995,157148.272498,19479.41498028525,113.15858820000001,100.28418,19.320013738755588,0.39739198361844436,45,64,,True,True,,301,56.69694568066818
94,2026-09-19T05:45:57.146+00:00,2026-09-19T05:48:36.369+00:00,2026-09-19T05:48:36.369+00:00,True,1,1.0,,1.0,159222.802988,159222.802988,159222.802988,159222.802988,159222.802988,159222.802988,nan,159222.802988,nan,nan,0.006280507447638427,45,64,,True,True,,5,56.69694568066818
95,2026-09-19T05:45:57.464+00:00,2026-09-19T05:48:38.144+00:00,2026-09-19T05:48:47.353+00:00,True,92,92.0,,92.0,160679.192715,169889.04461900002,169889.044567,1846.6200496413044,42.826288999999996,160679.192715,16741.420022501894,115.16810380000001,101.20716378021977,16.18609135828996,0.5415299156359545,45,64,,True,True,,337,56.69694568066818
96,2026-09-19T05:45:57.784+00:00,2026-09-19T05:48:39.932+00:00,2026-09-19T05:48:40.786+00:00,True,9,9.0,,9.0,162147.780093,163002.015485,163002.01557400002,18111.33506377778,100.04313499999999,162147.780093,54013.6669915165,97333.14416700002,106.779424,3.609959641171788,0.05521404120814819,45,64,,True,True,,35,56.69694568066818
97,2026-09-19T05:45:58.249+00:00,2026-09-19T05:48:42.381+00:00,2026-09-19T05:48:43.985+00:00,True,17,17.0,,17.0,164132.23301300002,165736.47518900002,165736.47514800003,9749.204420470589,44.971934000000005,164132.23301300002,39783.59861228314,32914.9021786,100.265136,15.29583760408298,0.10257247223710894,45,64,,True,True,,76,56.69694568066818
98,2026-09-19T05:45:58.683+00:00,2026-09-19T05:48:44.658+00:00,2026-09-19T05:48:48.755+00:00,True,43,43.0,,43.0,165975.41134700002,170071.55880300002,170071.558821,3955.1525307209304,44.087666,165975.41134700002,25296.147127039567,113.9179565,97.52732038095239,18.99683709538339,0.2528347496938535,45,64,,True,True,,224,56.69694568066818
99,2026-09-19T05:45:59.145+00:00,2026-09-19T05:48:47.557+00:00,2026-09-19T05:48:53.527+00:00,True,60,60.0,,60.0,168411.567855,174381.597167,174381.597379,2906.3599563166667,49.534743999999996,168411.567855,21728.78119469946,109.5336908,101.18693749152543,14.02927385685342,0.34407300411717073,45,64,,True,True,,196,56.69694568066818
100,2026-09-19T05:45:59.608+00:00,2026-09-19T05:48:49.741+00:00,2026-09-19T05:48:53.050+00:00,True,33,33.0,,33.0,170133.16204499998,173442.63020499996,173442.63040899998,5255.837285121212,57.939054,170133.16204499998,29598.380071117394,109.761406,103.42088,8.869730600922814,0.19026464232579818,45,64,,True,True,,152,56.69694568066818
101,2026-09-19T05:46:00.117+00:00,2026-09-19T05:48:52.841+00:00,2026-09-19T05:48:54.362+00:00,True,16,16.0,,16.0,172724.206716,174245.07942,174245.07947899998,10890.317467437499,52.449467,172724.206716,43155.70585142261,43262.927982,101.3915136,13.774729573867548,0.09182468769424261,45,64,,True,True,,76,56.69694568066818
102,2026-09-19T05:46:00.552+00:00,2026-09-19T05:48:54.675+00:00,2026-09-19T05:49:04.105+00:00,True,96,96.0,,96.0,174122.85230700002,183553.18241900002,183553.182422,1912.0123168958335,44.713834000000006,174122.85230700002,17761.216742874833,112.12746374999999,99.26663275789474,17.879834997125155,0.5230091831415875,45,64,,True,True,,415,56.69694568066818
103,2026-09-19T05:46:00.966+00:00,2026-09-19T05:48:57.473+00:00,2026-09-19T05:49:03.142+00:00,True,59,59.0,,59.0,176507.12251800002,182175.66267800002,182175.66268300003,3087.723096322034,48.025837,176507.12251800002,22966.55306528517,110.52161469999999,97.73345103448277,17.8484477999114,0.3238632380016861,45,64,,True,True,,203,56.69694568066818
104,2026-09-19T05:46:01.449+00:00,2026-09-19T05:48:59.602+00:00,2026-09-19T05:49:08.645+00:00,True,91,91.0,,91.0,178152.418196,187195.27592400002,187195.276071,2057.090945835165,44.190096,178152.418196,18664.92325656803,112.699565,100.47619697777778,17.55316849685649,0.48612337865270366,45,64,,True,True,,357,56.69694568066818
105,2026-09-19T05:46:01.909+00:00,2026-09-19T05:49:01.933+00:00,2026-09-19T05:49:07.502+00:00,True,56,56.0,,56.0,180024.604652,185593.090284,185593.090111,3314.1623234107146,45.901572,180024.604652,24043.275614644423,113.7747745,101.24519330909091,16.210281302032854,0.301735371259281,45,64,,True,True,,320,56.69694568066818
106,2026-09-19T05:46:02.270+00:00,2026-09-19T05:49:04.525+00:00,2026-09-19T05:49:10.459+00:00,True,60,60.0,,60.0,182255.227405,188188.394509,188188.39454600003,3136.4732424333333,48.661235,182255.227405,23516.072847131047,113.67259045,100.56215430508475,17.880082215594797,0.3188294376842167,45,64,,True,True,,292,56.69694568066818
107,2026-09-19T05:46:02.660+00:00,2026-09-19T05:49:06.755+00:00,2026-09-19T05:49:08.642+00:00,True,20,20.0,,20.0,184095.253467,185982.064091,185982.063957,9299.10319785,50.311732000000006,184095.253467,41142.74993853849,9310.867210999999,99.30582231578947,21.42554869579559,0.10753725149654275,45,64,,True,True,,119,56.69694568066818
108,2026-09-19T05:46:03.122+00:00,2026-09-19T05:49:08.859+00:00,2026-09-19T05:49:10.675+00:00,True,19,19.0,,19.0,185736.79632300002,187552.15939500002,187552.159493,9871.166289105264,50.760381,185736.79632300002,42587.80949250769,18674.2311486,100.853504,17.611506875867587,0.10130515191768313,45,64,,True,True,,92,56.69694568066818
109,2026-09-19T05:46:03.496+00:00,2026-09-19T05:49:10.942+00:00,2026-09-19T05:49:11.211+00:00,True,4,4.0,,4.0,187446.063473,187714.37809699998,187714.37824199998,46928.594560499994,58.002233999999994,187446.063473,93678.3152954985,159345.48903514998,89.438208,27.480693085659688,0.021308969725979277,45,64,,True,True,,18,56.69694568066818
110,2026-09-19T05:46:03.971+00:00,2026-09-19T05:49:13.393+00:00,2026-09-19T05:49:17.927+00:00,True,46,46.0,,46.0,189422.294512,193956.134128,193956.134046,4216.437696652174,50.451262,189422.294512,27913.944043602056,112.10597624999998,100.75199146666667,17.675518996773356,0.23716702854905647,45,64,,True,True,,165,56.69694568066818
111,2026-09-19T05:46:04.251+00:00,2026-09-19T05:49:15.470+00:00,2026-09-19T05:49:24.909+00:00,True,95,95.0,,95.0,191219.003418,200658.03881,200658.03889300002,2112.1898830842106,44.813595,191219.003418,19608.36052223452,112.922922,100.41527012765957,16.788065507789643,0.47344228301739777,45,64,,True,True,,419,56.69694568066818
112,2026-09-19T05:46:04.663+00:00,2026-09-19T05:49:17.241+00:00,2026-09-19T05:49:26.997+00:00,True,98,98.0,,98.0,192577.701983,202333.445983,202333.445951,2064.6269995000002,47.017139,192577.701983,19443.132855174383,111.64684215,100.57468041237112,16.422252341714575,0.48434898898639783,45,64,,True,True,,338,56.69694568066818
113,2026-09-19T05:46:05.159+00:00,2026-09-19T05:49:19.770+00:00,2026-09-19T05:49:19.967+00:00,True,3,3.0,,3.0,194610.36066,194807.55387600002,194807.553945,64935.851315,97.73534,194610.36066,112301.4193193555,175159.2703885,98.596608,1.2178980924987115,0.015399813509847655,45,64,,True,True,,11,56.69694568066818
114,2026-09-19T05:46:05.620+00:00,2026-09-19T05:49:22.469+00:00,2026-09-19T05:49:32.161+00:00,True,95,95.0,,95.0,196848.236434,206541.06024199998,206541.06036,2174.116424842105,48.459856,196848.236434,20185.62830009101,113.50497030000001,103.11514689361702,13.94895420586509,0.4599569687920185,45,64,,True,True,,330,56.69694568066818
115,2026-09-19T05:46:05.956+00:00,2026-09-19T05:49:24.482+00:00,2026-09-19T05:49:34.280+00:00,True,95,95.0,,95.0,198526.280838,208324.67751,208324.677357,2192.8913406,48.102527,198526.280838,20357.676716335824,114.52430539999999,104.23826246808511,13.893137140640476,0.4560189466533066,45,64,,True,True,,389,56.69694568066818
116,2026-09-19T05:46:06.377+00:00,2026-09-19T05:49:26.784+00:00,2026-09-19T05:49:28.884+00:00,True,21,21.0,,21.0,200407.03977399998,202507.13628599996,202507.13628299997,9643.196965857142,92.77824199999999,200407.03977399998,43709.48769841109,112.44239499999999,105.00482559999999,4.519383252034081,0.10370004921871884,45,64,,True,True,,83,56.69694568066818
117,2026-09-19T05:46:06.769+00:00,2026-09-19T05:49:28.882+00:00,2026-09-19T05:49:30.229+00:00,True,14,14.0,,14.0,202112.472182,203459.628918,203459.628933,14532.830638071428,55.988658,202112.472182,53989.13654973429,70812.44867345,103.62744123076924,14.620340708908383,0.06880971952250241,45,64,,True,True,,47,56.69694568066818
118,2026-09-19T05:46:07.388+00:00,2026-09-19T05:49:30.924+00:00,2026-09-19T05:49:40.633+00:00,True,96,96.0,,96.0,203535.59961,213244.658682,213244.658694,2221.2985280625,45.888711,203535.59961,20762.84036181332,114.43307825,102.20062181052631,15.897112483208176,0.4501871258738513,45,64,,True,True,,393,56.69694568066818
119,2026-09-19T05:46:07.415+00:00,2026-09-19T05:49:32.379+00:00,2026-09-19T05:49:37.962+00:00,True,55,55.0,,55.0,204963.92189,210547.045602,210547.045573,3828.128101327273,46.59417,204963.92189,27623.39291865173,114.61238610000001,103.39117985185185,16.07871116225036,0.26122427813101334,45,64,,True,True,,259,56.69694568066818
120,2026-09-19T05:46:07.688+00:00,2026-09-19T05:49:34.385+00:00,2026-09-19T05:49:34.497+00:00,True,2,2.0,,2.0,206696.323248,206808.407728,206808.407684,103404.203842,112.084436,206696.323248,146077.11615022636,196367.11130740002,112.08448,nan,0.009670786705299013,45,64,,True,True,,3,56.69694568066818
121,2026-09-19T05:46:08.159+00:00,2026-09-19T05:49:37.496+00:00,2026-09-19T05:49:40.634+00:00,True,33,33.0,,33.0,209336.880374,212474.267126,212474.267129,6438.614155424242,47.489478000000005,209336.880374,36423.80976659683,108.8061434,98.043336,16.177068013615912,0.1553129254020703,45,64,,True,True,,106,56.69694568066818
122,2026-09-19T05:46:08.615+00:00,2026-09-19T05:49:39.696+00:00,2026-09-19T05:49:41.560+00:00,True,21,21.0,,21.0,211081.504338,212945.32693,212945.326947,10140.253664142858,48.481038,211081.504338,46041.429266889536,110.643585,93.1911296,21.33104678814111,0.09861686237849764,45,64,,True,True,,86,56.69694568066818
123,2026-09-19T05:46:09.116+00:00,2026-09-19T05:49:42.461+00:00,2026-09-19T05:49:48.945+00:00,True,68,68.0,,68.0,213344.833471,219828.452031,219828.452172,3232.771355470588,44.495417,213344.833471,25860.13455164512,112.4665135,96.77042626865672,21.029165521671505,0.3093321149821439,45,64,,True,True,,242,56.69694568066818
124,2026-09-19T05:46:09.583+00:00,2026-09-19T05:49:44.896+00:00,2026-09-19T05:49:54.167+00:00,True,97,97.0,,97.0,215313.121551,224584.173839,224584.17395599998,2315.3007624329894,45.350765,215313.121551,21851.937693000484,110.1699134,96.57346133333333,18.814772396661034,0.4319093297711058,45,64,,True,True,,416,56.69694568066818
125,2026-09-19T05:46:10.057+00:00,2026-09-19T05:49:47.069+00:00,2026-09-19T05:49:54.068+00:00,True,74,74.0,,74.0,217011.966852,224011.36474000002,224011.36484700002,3027.1806060405406,46.573592,217011.966852,25215.989509398907,109.6800375,95.88216284931507,18.72731905617119,0.3303403828903435,45,64,,True,True,,251,56.69694568066818
126,2026-09-19T05:46:10.474+00:00,2026-09-19T05:49:49.152+00:00,2026-09-19T05:49:56.920+00:00,True,80,80.0,,80.0,218678.418516,226445.67842,226445.678393,2830.5709799125,46.154954,218678.418516,24438.003382855026,109.1555344,98.31974562025316,16.370715597521457,0.35328561162302263,45,64,,True,True,,361,56.69694568066818
127,2026-09-19T05:46:10.947+00:00,2026-09-19T05:49:51.816+00:00,2026-09-19T05:49:54.065+00:00,True,24,24.0,,24.0,220869.845385,223118.30029699998,223118.300497,9296.595854041667,47.164161,220869.845385,45064.91614624101,110.21578575,97.75890921739129,15.965255444362079,0.1075662550676158,45,64,,True,True,,86,56.69694568066818
128,2026-09-19T05:46:11.247+00:00,2026-09-19T05:49:53.493+00:00,2026-09-19T05:49:57.237+00:00,True,38,38.0,,38.0,222245.573995,225989.460331,225989.46017500001,5947.091057236842,46.238893,222245.573995,36036.58198058927,113.2345662,101.18611718918919,16.515297890942872,0.16814943468754046,45,64,,True,True,,133,56.69694568066818
129,2026-09-19T05:46:11.721+00:00,2026-09-19T05:49:56.285+00:00,2026-09-19T05:49:58.757+00:00,True,26,26.0,,26.0,224563.301551,227035.456175,227035.45607900003,8732.132926115384,45.851864,224563.301551,44021.09763476076,113.22487849999999,98.88618496,19.192284236495777,0.11451955759702606,45,64,,True,True,,133,56.69694568066818
130,2026-09-19T05:46:12.146+00:00,2026-09-19T05:49:58.226+00:00,2026-09-19T05:50:05.354+00:00,True,73,73.0,,73.0,226080.019261,233207.273789,233207.27368100002,3194.620187410959,46.324864,226080.019261,26449.085563354314,111.95619780000001,98.98964622222222,18.833898666841094,0.31302625691704855,45,64,,True,True,,342,56.69694568066818
131,2026-09-19T05:46:12.560+00:00,2026-09-19T05:50:00.614+00:00,2026-09-19T05:50:08.116+00:00,True,80,80.0,,80.0,228054.398396,235556.22598000002,235556.225903,2944.4528237875,43.289031,228054.398396,25486.64945500423,113.64094885,94.95984283544304,22.05162474942197,0.3396216748980875,45,64,,True,True,,319,56.69694568066818
132,2026-09-19T05:46:12.884+00:00,2026-09-19T05:50:02.703+00:00,2026-09-19T05:50:08.113+00:00,True,58,58.0,,58.0,229818.26030300002,235228.84999900003,235228.85009500003,4055.669829224138,48.629328,229818.26030300002,30164.15896764961,111.16859975,94.92262624561404,20.66269794467004,0.24656839499171365,45,64,,True,True,,292,56.69694568066818
133,2026-09-19T05:46:13.323+00:00,2026-09-19T05:50:04.832+00:00,2026-09-19T05:50:10.983+00:00,True,67,67.0,,67.0,231509.060303,237660.31815900002,237660.31816,3547.168927761194,47.748649,231509.060303,28271.954911916466,110.316702,93.2008766060606,21.36520879114955,0.281914963840011,45,64,,True,True,,229,56.69694568066818
134,2026-09-19T05:46:13.744+00:00,2026-09-19T05:50:07.861+00:00,2026-09-19T05:50:14.626+00:00,True,68,68.0,,68.0,234117.22295899998,240882.89719899997,240882.89719199997,3542.3955469411762,45.815044,234117.22295899998,28378.64180921547,113.18722335000001,100.98021253731343,15.10056961834313,0.28229484446885966,45,64,,True,True,,244,56.69694568066818
135,2026-09-19T05:46:14.107+00:00,2026-09-19T05:50:09.759+00:00,2026-09-19T05:50:12.678+00:00,True,30,30.0,,30.0,235651.95328400002,238571.71930000003,238571.719222,7952.390640733334,46.961052,235651.95328400002,43005.58434490112,112.69948365,100.6815867586207,15.48547330686619,0.12574834975421162,45,64,,True,True,,100,56.69694568066818
136,2026-09-19T05:46:14.609+00:00,2026-09-19T05:50:12.358+00:00,2026-09-19T05:50:20.050+00:00,True,78,78.0,,78.0,237748.94278,245441.68799600002,245441.68788800001,3146.68830625641,43.15683,237748.94278,26908.461712588403,115.36373915,99.90578202597402,19.584571082208186,0.317794424561125,45,64,,True,True,,357,56.69694568066818
137,2026-09-19T05:46:15.093+00:00,2026-09-19T05:50:14.846+00:00,2026-09-19T05:50:19.946+00:00,True,54,54.0,,54.0,239753.360209,244853.419345,244853.41943500002,4534.32258212963,44.716456,239753.360209,32613.212884008382,116.5716138,96.22753086792453,23.032668438235213,0.22054010985206485,45,64,,True,True,,231,56.69694568066818
138,2026-09-19T05:46:15.564+00:00,2026-09-19T05:50:18.138+00:00,2026-09-19T05:50:22.489+00:00,True,46,46.0,,46.0,242573.821966,246925.738254,246925.73813699998,5367.9508290652175,42.772971,242573.821966,35751.30549976974,113.13168475,96.70925084444444,20.376697293161996,0.18629082705295844,45,64,,True,True,,145,56.69694568066818
139,2026-09-19T05:46:15.882+00:00,2026-09-19T05:50:20.052+00:00,2026-09-19T05:50:25.446+00:00,True,57,57.0,,57.0,244170.881917,249564.538493,249564.53866999998,4378.325239824561,44.710687,244170.881917,32328.470600453467,110.21495540000002,96.315296,17.208489666732213,0.22839783385971235,45,64,,True,True,,230,56.69694568066818
140,2026-09-19T05:46:16.301+00:00,2026-09-19T05:50:21.683+00:00,2026-09-19T05:50:27.268+00:00,True,60,60.0,,60.0,245381.131853,250966.282317,250966.282504,4182.771375066666,48.196029,245381.131853,31666.352332227605,109.199493,94.66356718644067,18.72416651309638,0.23907594058477116,45,64,,True,True,,217,56.69694568066818
141,2026-09-19T05:46:16.718+00:00,2026-09-19T05:50:23.776+00:00,2026-09-19T05:50:25.445+00:00,True,19,19.0,,19.0,247057.780514,248726.34294600002,248726.34271300002,13090.860142789474,43.700489000000005,247057.780514,56657.67915455171,24801.770534900003,92.6979128888889,20.45196055987249,0.07638917444351688,45,64,,True,True,,74,56.69694568066818
142,2026-09-19T05:46:17.073+00:00,2026-09-19T05:50:25.546+00:00,2026-09-19T05:50:30.922+00:00,True,55,55.0,,55.0,248473.368194,253849.142914,253849.142896,4615.438961745454,45.090416,248473.368194,33490.722672890006,112.35260099999999,99.5513837037037,16.617352707001768,0.21666411542162706,45,64,,True,True,,181,56.69694568066818
143,2026-09-19T05:46:17.543+00:00,2026-09-19T05:50:28.198+00:00,2026-09-19T05:50:37.644+00:00,True,94,94.0,,94.0,250654.693616,260100.526064,260100.525925,2767.026871542553,43.395300000000006,250654.693616,25842.585300414627,111.45285815,101.56809083870968,13.718241723013703,0.3613987308002233,45,64,,True,True,,445,56.69694568066818
144,2026-09-19T05:46:17.890+00:00,2026-09-19T05:50:30.196+00:00,2026-09-19T05:50:34.122+00:00,True,40,40.0,,40.0,252305.959511,256231.598935,256231.599142,6405.789978549999,46.923622,252305.959511,39877.16160435984,107.23607894999999,100.65742112820513,12.719217401730738,0.15610877099567674,45,64,,True,True,,185,56.69694568066818
145,2026-09-19T05:46:18.222+00:00,2026-09-19T05:50:31.763+00:00,2026-09-19T05:50:32.480+00:00,True,8,8.0,,8.0,253541.119067,254257.893211,254257.893156,31782.2366445,95.54754,253541.119067,89604.11982640561,164839.78009354998,102.39630628571429,4.189410577383478,0.03146411660605192,45,64,,True,True,,41,56.69694568066818
146,2026-09-19T05:46:18.619+00:00,2026-09-19T05:50:33.448+00:00,2026-09-19T05:50:36.062+00:00,True,27,27.0,,27.0,254828.50561199998,257442.69901999997,257442.69906299998,9534.91478011111,49.754426,254828.50561199998,49022.420883639796,111.4200273,100.5459003076923,14.911848218725787,0.10487770716660506,45,64,,True,True,,130,56.69694568066818
147,2026-09-19T05:46:18.948+00:00,2026-09-19T05:50:35.534+00:00,2026-09-19T05:50:42.944+00:00,True,75,75.0,,75.0,256585.961205,263995.972085,263995.972223,3519.9462963066667,46.530733,256585.961205,29616.43761308759,112.04492169999999,100.13528216216216,18.148337161534723,0.2840952436041407,45,64,,True,True,,331,56.69694568066818
148,2026-09-19T05:46:19.372+00:00,2026-09-19T05:50:37.863+00:00,2026-09-19T05:50:47.143+00:00,True,95,95.0,,95.0,258490.94324000002,267770.52314400004,267770.52313700004,2818.637085652632,44.591928,258490.94324000002,26510.48967742916,113.1362584,98.71893514893617,19.13047183255795,0.35478139596758923,45,64,,True,True,,317,56.69694568066818
149,2026-09-19T05:46:19.694+00:00,2026-09-19T05:50:39.329+00:00,2026-09-19T05:50:45.179+00:00,True,59,59.0,,59.0,259634.836276,265485.34763599996,265485.347493,4499.751652423729,47.697171000000004,259634.836276,33788.44805402993,113.73566669999998,100.87088551724138,16.03010808386388,0.22223448685723085,45,64,,True,True,,323,56.69694568066818
150,2026-09-19T05:46:20.175+00:00,2026-09-19T05:50:42.519+00:00,2026-09-19T05:50:44.770+00:00,True,23,23.0,,23.0,262343.757411,264595.37699500006,264595.37697200006,11504.146824869566,49.171476999999996,262343.757411,54681.11570649412,117.6240644,102.34634472727274,13.266992914632853,0.0869251770806057,45,64,,True,True,,76,56.69694568066818
151,2026-09-19T05:46:20.641+00:00,2026-09-19T05:50:44.515+00:00,2026-09-19T05:50:49.687+00:00,True,56,56.0,,56.0,263874.346722,269046.04284999997,269046.04289499996,4804.393623125,46.212194000000004,263874.346722,35249.13366302227,113.1601275,94.03083869090909,21.19377278571486,0.20814281231120513,45,64,,True,True,,180,56.69694568066818
152,2026-09-19T05:46:21.023+00:00,2026-09-19T05:50:46.937+00:00,2026-09-19T05:50:47.764+00:00,True,9,9.0,,9.0,265913.998264,266740.866744,266740.866727,29637.874080777776,96.80458800000001,265913.998264,88603.54665614635,159591.7422788,103.35856,4.208156406140545,0.03374061166501943,45,64,,True,True,,40,56.69694568066818
153,2026-09-19T05:46:21.429+00:00,2026-09-19T05:50:49.268+00:00,2026-09-19T05:50:53.324+00:00,True,44,44.0,,44.0,267838.749922,271894.407138,271894.407296,6179.418347636363,47.592891,267838.749922,40363.99695378523,110.10671780000001,94.3176096744186,20.44915288839948,0.1618275287938078,45,64,,True,True,,134,56.69694568066818
154,2026-09-19T05:46:21.759+00:00,2026-09-19T05:50:50.635+00:00,2026-09-19T05:50:51.298+00:00,True,8,8.0,,8.0,268876.495372,269538.82574,269538.825852,33692.3532315,56.187041,268876.495372,95028.74519937046,174807.47960435,94.618624,17.306320095471868,0.029680325192619504,45,64,,True,True,,34,56.69694568066818
156,2026-09-19T05:46:22.816+00:00,2026-09-19T05:50:53.217+00:00,2026-09-19T05:50:55.806+00:00,True,27,27.0,,27.0,270400.50500199996,272989.44784999994,272989.44772099995,10110.720285962961,53.146668,270400.50500199996,52019.44019935035,113.2077522,99.57472492307693,14.385189879550618,0.09890492182993002,45,64,,True,True,,117,56.69694568066818
155,2026-09-19T05:46:22.741+00:00,2026-09-19T05:50:53.624+00:00,2026-09-19T05:50:54.029+00:00,True,5,5.0,,5.0,270883.214212,271288.094852,271288.09493200004,54257.618986400004,94.52045299999999,270883.214212,121097.3892122537,216727.49552340002,101.22016,4.565834016557326,0.018430591297151196,45,64,,True,True,,12,56.69694568066818
157,2026-09-19T05:46:22.871+00:00,2026-09-19T05:50:55.335+00:00,2026-09-19T05:51:01.237+00:00,True,61,61.0,,61.0,272463.35751999996,278365.06145599997,278365.06147699995,4563.361663557376,45.955724000000004,272463.35751999996,34872.76878884566,111.62111399999999,98.36173226666666,17.915593206947815,0.21913669654135823,45,64,,True,True,,229,56.69694568066818
158,2026-09-19T05:46:23.124+00:00,2026-09-19T05:50:58.228+00:00,2026-09-19T05:51:03.620+00:00,True,55,55.0,,55.0,275104.53487800003,280496.38844600006,280496.38854500005,5099.934337181819,46.976682000000004,275104.53487800003,37081.62804842473,112.4858634,99.84914014814815,16.91932020757558,0.19608095599629566,45,64,,True,True,,218,56.69694568066818
159,2026-09-19T05:46:23.490+00:00,2026-09-19T05:51:00.041+00:00,2026-09-19T05:51:06.944+00:00,True,71,71.0,,71.0,276550.246463,283453.997119,283453.99690100003,3992.3098155070425,43.74316,276550.246463,32808.776827862064,112.2027775,98.62500937142856,19.05701758130145,0.2504815621640103,45,64,,True,True,,347,56.69694568066818
160,2026-09-19T05:46:23.993+00:00,2026-09-19T05:51:02.978+00:00,2026-09-19T05:51:03.725+00:00,True,8,8.0,,8.0,278985.197323,279731.780363,279731.78048,34966.47256,101.970636,278985.197323,98598.45434888116,181379.40083235,106.65472,3.5178148846320303,0.02859882416512928,45,64,,True,True,,21,56.69694568066818
161,2026-09-19T05:46:24.336+00:00,2026-09-19T05:51:04.474+00:00,2026-09-19T05:51:11.513+00:00,True,74,74.0,,74.0,280138.58757800004,287177.290938,287177.29092600005,3880.774201702703,42.935111,280138.58757800004,32554.247026078607,110.8270531,96.42059397260275,20.498840833786254,0.2576805420731411,45,64,,True,True,,278,56.69694568066818
162,2026-09-19T05:46:24.629+00:00,2026-09-19T05:51:05.842+00:00,2026-09-19T05:51:11.303+00:00,True,59,59.0,,59.0,281213.682491,286674.702139,286674.70217999996,4858.893257288135,45.780175,281213.682491,36598.65144285278,109.7976389,94.1555111724138,21.78177322075813,0.20580818453730412,45,64,,True,True,,275,56.69694568066818
163,2026-09-19T05:46:24.937+00:00,2026-09-19T05:51:07.714+00:00,2026-09-19T05:51:16.466+00:00,True,89,89.0,,89.0,282777.341383,291528.755399,291528.75550100004,3275.6039943932587,43.72672,282777.341383,29963.801096431424,111.4852764,99.44788654545455,16.16993564550998,0.3052872087289996,45,64,,True,True,,418,56.69694568066818
164,2026-09-19T05:46:25.261+00:00,2026-09-19T05:51:09.635+00:00,2026-09-19T05:51:14.791+00:00,True,53,53.0,,53.0,284373.81921100005,289530.359883,289530.35971800005,5462.836975811322,41.516135000000006,284373.81921100005,39048.13091901023,112.83085360000001,99.16424369230769,17.837815548970784,0.18305506897935483,45,64,,True,True,,180,56.69694568066818
165,2026-09-19T05:46:25.593+00:00,2026-09-19T05:51:11.406+00:00,2026-09-19T05:51:13.546+00:00,True,23,23.0,,23.0,285812.653511,287952.956615,287952.95681,12519.693774347825,44.547278,285812.653511,59575.77586044274,111.4208961,97.28650472727273,20.973074894539025,0.07987415816240968,45,64,,True,True,,114,56.69694568066818
166,2026-09-19T05:46:25.968+00:00,2026-09-19T05:51:13.338+00:00,2026-09-19T05:51:22.471+00:00,True,92,92.0,,92.0,287370.62941399997,296503.28272599995,296503.28272699995,3222.8617687717388,49.538875999999995,287370.62941399997,29950.000096161824,111.6360145,100.3588276043956,15.608469751143204,0.3102832425805472,45,64,,True,True,,348,56.69694568066818
167,2026-09-19T05:46:26.337+00:00,2026-09-19T05:51:15.416+00:00,2026-09-19T05:51:15.629+00:00,True,3,3.0,,3.0,289079.345991,289292.243527,289292.243563,96430.74785433334,105.34893799999999,289079.345991,166838.57999343806,260182.16625530002,106.448768,1.5554991541084167,0.010370136314145616,45,64,,True,True,,6,56.69694568066818
168,2026-09-19T05:46:26.667+00:00,2026-09-19T05:51:17.036+00:00,2026-09-19T05:51:18.634+00:00,True,17,17.0,,17.0,290369.60911799996,291967.628958,291967.62883099995,17174.566401823526,51.576620999999996,290369.60911799996,70400.75351337763,58165.71306919999,99.87624,19.05962717031929,0.05822563296030834,45,64,,True,True,,73,56.69694568066818
169,2026-09-19T05:46:26.994+00:00,2026-09-19T05:51:18.634+00:00,2026-09-19T05:51:21.359+00:00,True,28,28.0,,28.0,291640.363768,294365.52651999996,294365.526395,10513.054514107142,48.232989,291640.363768,55095.77593256314,111.82698769999999,100.93195377777778,15.420863083593625,0.0951198339391743,45,64,,True,True,,101,56.69694568066818
170,2026-09-19T05:46:27.403+00:00,2026-09-19T05:51:20.453+00:00,2026-09-19T05:51:21.778+00:00,True,14,14.0,,14.0,293050.256024,294374.80668,294374.80659500003,21026.771899642856,54.404415,293050.256024,78293.74590438273,102641.30045925001,101.888512,15.328860715886922,0.047558417644138595,45,64,,True,True,,44,56.69694568066818
171,2026-09-19T05:46:27.896+00:00,2026-09-19T05:51:23.936+00:00,2026-09-19T05:51:26.718+00:00,True,28,28.0,,28.0,296040.88424800005,298822.28610400006,298822.286275,10672.22450982143,53.590707,296040.88424800005,55927.002343612956,115.556797,103.01488355555556,14.956781859528403,0.09370117726177582,45,64,,True,True,,126,56.69694568066818
172,2026-09-19T05:46:28.274+00:00,2026-09-19T05:51:26.088+00:00,2026-09-19T05:51:28.302+00:00,False,24,23.0,,23.0,297814.420416,300027.872704,300027.872817,12501.161367375,0.026019999999999998,297814.420416,60771.47519508219,111.77242614999999,96.237056,26.43072915287837,0.0766595443040428,45,64,,True,False,Request timeout: 300.0s exceeded,99,56.69694568066818
173,2026-09-19T05:46:28.728+00:00,2026-09-19T05:51:28.303+00:00,2026-09-19T05:51:29.489+00:00,False,13,12.0,,12.0,299574.884069,300760.89699700003,300760.896788,23135.453599076925,0.02,299574.884069,83059.71724187632,119902.7257808,98.83441066666667,31.518924583178364,0.03989880373351758,45,64,,True,False,Request timeout: 300.0s exceeded,40,56.69694568066818
174,2026-09-19T05:46:29.025+00:00,2026-09-19T05:51:29.173+00:00,2026-09-19T05:51:29.489+00:00,True,4,4.0,,4.0,300148.46937,300463.623802,300463.623856,75115.905964,102.780994,300148.46937,150021.70895311705,255142.39686480002,105.05147733333332,2.665421624828112,0.01331275962589044,45,64,,True,True,,9,56.69694568066818
175,2026-09-19T05:46:29.423+00:00,2026-09-19T05:51:29.643+00:00,2026-09-19T05:51:29.643+00:00,False,1,0.0,,0.0,300219.196778,300219.196778,300219.196778,300219.196778,300219.196778,300219.196778,nan,300219.196778,nan,nan,0.0,45,64,,True,False,"HTTPConnectionPool(host='gpu03', port=9002): Read timed out.",0,56.69694568066818
176,2026-09-19T05:46:29.710+00:00,2026-09-19T05:51:29.748+00:00,2026-09-19T05:51:29.748+00:00,False,1,0.0,,0.0,300037.80229799997,300037.80229799997,300037.80229799997,300037.80229799997,300037.80229799997,300037.80229799997,nan,300037.80229799997,nan,nan,0.0,45,64,,True,False,"HTTPConnectionPool(host='gpu03', port=9002): Read timed out.",0,56.69694568066818
177,2026-09-19T05:46:30.117+00:00,2026-09-19T05:51:30.151+00:00,2026-09-19T05:51:30.151+00:00,False,1,0.0,,0.0,300033.37701,300033.37701,300033.37701,300033.37701,300033.37701,300033.37701,nan,300033.37701,nan,nan,0.0,45,64,,True,False,"HTTPConnectionPool(host='gpu03', port=9002): Read timed out.",0,56.69694568066818
178,2026-09-19T05:46:30.419+00:00,2026-09-19T05:51:30.447+00:00,2026-09-19T05:51:30.447+00:00,False,1,0.0,,0.0,300027.82913800003,300027.82913800003,300027.82913800003,300027.82913800003,300027.82913800003,300027.82913800003,nan,300027.82913800003,nan,nan,0.0,45,64,,True,False,TTFT timeout: 300.0s exceeded (TTFT: 300.023s),0,56.69694568066818
179,2026-09-19T05:46:30.704+00:00,2026-09-19T05:51:30.811+00:00,2026-09-19T05:51:30.811+00:00,False,1,0.0,,0.0,300106.970691,300106.970691,300106.970691,300106.970691,300106.970691,300106.970691,nan,300106.970691,nan,nan,0.0,45,64,,True,False,"HTTPConnectionPool(host='gpu03', port=9002): Read timed out.",0,56.69694568066818
180,2026-09-19T05:46:31.199+00:00,2026-09-19T05:51:30.985+00:00,2026-09-19T05:51:31.207+00:00,False,4,3.0,,3.0,299786.091312,300007.851056,300007.850983,75001.96274575,0.048670000000000005,299786.091312,149856.09482046796,254835.05172015005,73.91991466666667,63.995380221273514,0.009999738304981942,45,64,,True,False,Request timeout: 300.0s exceeded,7,56.69694568066818
181,2026-09-19T05:46:31.659+00:00,2026-09-19T05:51:31.312+00:00,2026-09-19T05:51:31.741+00:00,False,7,6.0,,6.0,299653.11477100005,300081.47880300006,300081.4788280001,42868.782689714295,0.04102,299653.11477100005,113231.25499031281,209792.66899540005,71.39400533333333,45.97952807728634,0.019994569554687276,45,64,,True,False,Request timeout: 300.0s exceeded,16,56.69694568066818
182,2026-09-19T05:46:32.155+00:00,2026-09-19T05:51:32.260+00:00,2026-09-19T05:51:32.260+00:00,False,1,0.0,,0.0,300105.189639,300105.189639,300105.189639,300105.189639,300105.189639,300105.189639,nan,300105.189639,nan,nan,0.0,45,64,,True,False,"HTTPConnectionPool(host='gpu03', port=9002): Read timed out.",0,56.69694568066818
183,2026-09-19T05:46:32.588+00:00,2026-09-19T05:51:32.634+00:00,2026-09-19T05:51:32.634+00:00,False,1,0.0,,0.0,300045.400419,300045.400419,300045.400419,300045.400419,300045.400419,300045.400419,nan,300045.400419,nan,nan,0.0,45,64,,True,False,"HTTPConnectionPool(host='gpu03', port=9002): Read timed out.",0,56.69694568066818
184,2026-09-19T05:46:32.991+00:00,2026-09-19T05:51:32.914+00:00,2026-09-19T05:51:33.023+00:00,False,3,2.0,,2.0,299922.11197100003,300032.06934700004,300032.06936900003,100010.68978966668,0.03798,299922.11197100003,173128.37883317997,269940.8927157,54.978688,77.69802448762775,0.006665954090683932,45,64,,True,False,Request timeout: 300.0s exceeded,4,56.69694568066818
185,2026-09-19T05:46:33.434+00:00,2026-09-19T05:51:33.550+00:00,2026-09-19T05:51:33.550+00:00,False,1,0.0,,0.0,300115.81273,300115.81273,300115.81273,300115.81273,300115.81273,300115.81273,nan,300115.81273,nan,nan,0.0,45,64,,True,False,"HTTPConnectionPool(host='gpu03', port=9002): Read timed out.",0,56.69694568066818
186,2026-09-19T05:46:33.842+00:00,2026-09-19T05:51:33.911+00:00,2026-09-19T05:51:33.911+00:00,False,1,0.0,,0.0,300068.555519,300068.555519,300068.555519,300068.555519,300068.555519,300068.555519,nan,300068.555519,nan,nan,0.0,45,64,,True,False,"HTTPConnectionPool(host='gpu03', port=9002): Read timed out.",0,56.69694568066818
187,2026-09-19T05:46:34.154+00:00,2026-09-19T05:51:34.140+00:00,2026-09-19T05:51:34.277+00:00,False,3,2.0,,2.0,299985.585444,300123.23818000004,300123.23824800004,100041.07941600001,0.04365,299985.585444,173157.03522858283,270000.78781500005,68.826368,97.27363650024712,0.006663929164993523,45,64,,True,False,Request timeout: 300.0s exceeded,8,56.69694568066818
188,2026-09-19T05:46:34.595+00:00,2026-09-19T05:51:34.406+00:00,2026-09-19T05:51:34.658+00:00,False,4,3.0,,3.0,299811.05606800003,300062.44141200004,300062.441461,75015.61036525,0.03868,299811.05606800003,149863.64280450233,254860.7800516,83.79511466666668,74.4725077602668,0.009997919052724286,45,64,,True,False,Request timeout: 300.0s exceeded,7,56.69694568066818
189,2026-09-19T05:46:35.047+00:00,2026-09-19T05:51:35.152+00:00,2026-09-19T05:51:35.152+00:00,False,1,0.0,,0.0,300104.81389499997,300104.81389499997,300104.81389499997,300104.81389499997,300104.81389499997,300104.81389499997,nan,300104.81389499997,nan,nan,0.0,45,64,,True,False,"HTTPConnectionPool(host='gpu03', port=9002): Read timed out.",0,56.69694568066818
190,2026-09-19T05:46:35.359+00:00,2026-09-19T05:51:35.427+00:00,2026-09-19T05:51:35.427+00:00,False,1,0.0,,0.0,300068.876883,300068.876883,300068.876883,300068.876883,300068.876883,300068.876883,nan,300068.876883,nan,nan,0.0,45,64,,True,False,"HTTPConnectionPool(host='gpu03', port=9002): Read timed out.",0,56.69694568066818
191,2026-09-19T05:46:35.752+00:00,2026-09-19T05:51:35.752+00:00,2026-09-19T05:51:35.890+00:00,False,3,2.0,,2.0,300000.059442,300138.620722,300138.620763,100046.206921,0.02819,300000.059442,173165.12971553204,270013.9068109,69.28064,97.93779644397152,0.006663587628905902,45,64,,True,False,Request timeout: 300.0s exceeded,4,56.69694568066818
192,2026-09-19T05:46:36.066+00:00,2026-09-19T05:51:35.892+00:00,2026-09-19T05:51:36.153+00:00,False,4,3.0,,3.0,299826.020427,300086.96634700004,300086.966228,75021.741557,0.03019,299826.020427,149869.53199136644,254872.8447489,86.98197333333333,75.69761988317269,0.00999710196187263,45,64,,True,False,Request timeout: 300.0s exceeded,17,56.69694568066818
193,2026-09-19T05:46:36.437+00:00,2026-09-19T05:51:36.255+00:00,2026-09-19T05:51:36.450+00:00,False,4,3.0,,3.0,299817.717184,300013.02726400003,300013.027206,75003.2568015,0.02075,299817.717184,149876.31403064556,254860.37029330002,65.10336,56.53676644522048,0.00999956577672247,45,64,,True,False,Request timeout: 300.0s exceeded,9,56.69694568066818
194,2026-09-19T05:46:36.838+00:00,2026-09-19T05:51:36.911+00:00,2026-09-19T05:51:36.911+00:00,False,1,0.0,,0.0,300073.41548799997,300073.41548799997,300073.41548799997,300073.41548799997,300073.41548799997,300073.41548799997,nan,300073.41548799997,nan,nan,0.0,45,64,,True,False,"HTTPConnectionPool(host='gpu03', port=9002): Read timed out.",0,56.69694568066818
195,2026-09-19T05:46:37.761+00:00,2026-09-19T05:51:37.331+00:00,2026-09-19T05:51:37.898+00:00,False,7,6.0,,6.0,299570.10235,300136.989518,300136.989479,42876.71278271428,0.03767,299570.10235,113191.15337904019,209736.76677760002,94.48119466666667,46.75654837887677,0.01999087153381394,45,64,,True,False,Request timeout: 300.0s exceeded,16,56.69694568066818
196,2026-09-19T05:46:37.797+00:00,2026-09-19T05:51:37.567+00:00,2026-09-19T05:51:37.993+00:00,False,6,5.0,,5.0,299770.17521200003,300196.19223600003,300196.19221500005,50032.698702500005,0.03977,299770.17521200003,122345.8850149928,224856.364408,85.2034048,48.198747235979845,0.01665577422137732,45,64,,True,False,Request timeout: 300.0s exceeded,15,56.69694568066818
197,2026-09-19T05:46:38.216+00:00,2026-09-19T05:51:38.322+00:00,2026-09-19T05:51:38.322+00:00,False,1,0.0,,0.0,300106.43320200004,300106.43320200004,300106.43320200004,300106.43320200004,300106.43320200004,300106.43320200004,nan,300106.43320200004,nan,nan,0.0,45,64,,True,False,"HTTPConnectionPool(host='gpu03', port=9002): Read timed out.",0,56.69694568066818
198,2026-09-19T05:46:38.675+00:00,2026-09-19T05:51:39.173+00:00,2026-09-19T05:51:39.478+00:00,False,5,4.0,,4.0,300497.697087,300802.641215,300802.64121800003,60160.5282436,0.03624,300497.697087,134352.57845934088,240434.8272356,76.236032,77.34139500421158,0.013297755577687838,45,64,,True,False,Request timeout: 300.0s exceeded,13,56.69694568066818
199,2026-09-19T05:46:39.027+00:00,2026-09-19T05:51:39.359+00:00,2026-09-19T05:51:39.525+00:00,False,5,4.0,,4.0,300331.975855,300497.994415,300497.99446400005,60099.59889280001,0.02502,300331.975855,134293.98376212612,240279.60316980004,41.50464,29.56726625758569,0.01331123692784397,45,64,,True,False,Request timeout: 300.0s exceeded,13,56.69694568066818
200,2026-09-19T05:46:39.333+00:00,2026-09-19T05:51:39.360+00:00,2026-09-19T05:51:39.685+00:00,False,7,6.0,,6.0,300027.60222,300352.697644,300352.697744,42907.52824914286,0.022850000000000002,300027.60222,113379.29984559286,210051.5473869,54.18257066666666,34.51267033077578,0.019976514434745112,45,64,,True,False,Request timeout: 300.0s exceeded,27,56.69694568066818
201,2026-09-19T05:46:39.742+00:00,2026-09-19T05:51:39.782+00:00,2026-09-19T05:51:39.782+00:00,False,1,0.0,,0.0,300040.031362,300040.031362,300040.031362,300040.031362,300040.031362,300040.031362,nan,300040.031362,nan,nan,0.0,45,64,,True,False,"HTTPConnectionPool(host='gpu03', port=9002): Read timed out.",0,56.69694568066818
202,2026-09-19T05:46:40.108+00:00,2026-09-19T05:51:40.277+00:00,2026-09-19T05:51:40.277+00:00,False,1,0.0,,0.0,300168.594935,300168.594935,300168.594935,300168.594935,300168.594935,300168.594935,nan,300168.594935,nan,nan,0.0,45,64,,True,False,"HTTPConnectionPool(host='gpu03', port=9002): Read timed out.",0,56.69694568066818
203,2026-09-19T05:46:40.494+00:00,2026-09-19T05:51:40.601+00:00,2026-09-19T05:51:40.601+00:00,False,1,0.0,,0.0,300107.129166,300107.129166,300107.129166,300107.129166,300107.129166,300107.129166,nan,300107.129166,nan,nan,0.0,45,64,,True,False,"HTTPConnectionPool(host='gpu03', port=9002): Read timed out.",0,56.69694568066818
204,2026-09-19T05:46:40.991+00:00,2026-09-19T05:51:40.953+00:00,2026-09-19T05:51:41.082+00:00,False,3,2.0,,2.0,299961.926154,300090.53645799996,300090.536369,100030.17878966666,0.02556,299961.926154,173145.98417224965,269978.5920041,64.305152,90.9050142216666,0.0066646553523686865,45,64,,True,False,Request timeout: 300.0s exceeded,4,56.69694568066818
206,2026-09-19T05:46:41.627+00:00,2026-09-19T05:51:41.080+00:00,2026-09-19T05:51:41.723+00:00,False,9,8.0,,8.0,299453.04797500005,300095.85091900005,300095.85107900004,33343.98345322223,0.03737,299453.04797500005,99790.90528958326,179713.45390180004,80.350368,37.28245800677994,0.0266581493063005,45,64,,True,False,Request timeout: 300.0s exceeded,30,56.69694568066818
205,2026-09-19T05:46:41.347+00:00,2026-09-19T05:51:41.084+00:00,2026-09-19T05:51:41.422+00:00,False,6,5.0,,5.0,299736.777679,300074.809807,300074.809924,50012.46832066667,0.03903,299736.777679,122339.43292247824,224828.38958000002,67.6064256,43.06271819333671,0.016662511602409627,45,64,,True,False,Request timeout: 300.0s exceeded,27,56.69694568066818
207,2026-09-19T05:46:42.103+00:00,2026-09-19T05:51:42.191+00:00,2026-09-19T05:51:42.191+00:00,False,1,0.0,,0.0,300088.77998,300088.77998,300088.77998,300088.77998,300088.77998,300088.77998,nan,300088.77998,nan,nan,0.0,45,64,,True,False,"HTTPConnectionPool(host='gpu03', port=9002): Read timed out.",0,56.69694568066818
208,2026-09-19T05:46:42.450+00:00,2026-09-19T05:51:42.536+00:00,2026-09-19T05:51:42.536+00:00,False,1,0.0,,0.0,300085.798574,300085.798574,300085.798574,300085.798574,300085.798574,300085.798574,nan,300085.798574,nan,nan,0.0,45,64,,True,False,TTFT timeout: 300.0s exceeded (TTFT: 300.080s),0,56.69694568066818
209,2026-09-19T05:46:42.788+00:00,2026-09-19T05:51:42.686+00:00,2026-09-19T05:51:42.815+00:00,False,3,2.0,,2.0,299897.193163,300026.472907,300026.472987,100008.824329,0.08259,299897.193163,173108.41736895908,269920.3935701,64.639872,91.29764516141537,0.006666078431752072,45,64,,True,False,Request timeout: 300.0s exceeded,4,56.69694568066818
210,2026-09-19T05:46:43.184+00:00,2026-09-19T05:51:43.037+00:00,2026-09-19T05:51:43.237+00:00,False,4,3.0,,3.0,299852.274598,300052.64144599997,300052.64127799997,75013.16031949999,0.041409999999999995,299852.274598,149892.75028780932,254889.67784169997,66.78894933333333,57.8236232887991,0.009998245592981743,45,64,,True,False,Request timeout: 300.0s exceeded,6,56.69694568066818
211,2026-09-19T05:46:43.522+00:00,2026-09-19T05:51:43.589+00:00,2026-09-19T05:51:43.589+00:00,False,1,0.0,,0.0,300066.746731,300066.746731,300066.746731,300066.746731,300066.746731,300066.746731,nan,300066.746731,nan,nan,0.0,45,64,,True,False,"HTTPConnectionPool(host='gpu03', port=9002): Read timed out.",0,56.69694568066818
212,2026-09-19T05:46:43.845+00:00,2026-09-19T05:51:43.942+00:00,2026-09-19T05:51:43.942+00:00,False,1,0.0,,0.0,300097.59180800006,300097.59180800006,300097.59180800006,300097.59180800006,300097.59180800006,300097.59180800006,nan,300097.59180800006,nan,nan,0.0,45,64,,True,False,"HTTPConnectionPool(host='gpu03', port=9002): Read timed out.",0,56.69694568066818
213,2026-09-19T05:46:44.215+00:00,2026-09-19T05:51:44.259+00:00,2026-09-19T05:51:44.259+00:00,False,1,0.0,,0.0,300043.675,300043.675,300043.675,300043.675,300043.675,300043.675,nan,300043.675,nan,nan,0.0,45,64,,True,False,"HTTPConnectionPool(host='gpu03', port=9002): Read timed out.",0,56.69694568066818
214,2026-09-19T05:46:44.679+00:00,2026-09-19T05:51:44.482+00:00,2026-09-19T05:51:44.740+00:00,False,4,3.0,,3.0,299802.724768,300060.590496,300060.590456,75015.147614,0.022010000000000002,299802.724768,149858.39773495615,254854.21152505,85.95524266666668,76.34800155612062,0.009997980724629653,45,64,,True,False,Request timeout: 300.0s exceeded,10,56.69694568066818
215,2026-09-19T05:46:45.012+00:00,2026-09-19T05:51:44.737+00:00,2026-09-19T05:51:45.099+00:00,False,6,5.0,,5.0,299725.567222,300086.780406,300086.780423,50014.46340383333,0.06006,299725.567222,122332.964606444,224820.99457499996,72.2426368,46.6446159684613,0.016661846927196494,45,64,,True,False,Request timeout: 300.0s exceeded,24,56.69694568066818
216,2026-09-19T05:46:45.369+00:00,2026-09-19T05:51:45.487+00:00,2026-09-19T05:51:45.487+00:00,False,1,0.0,,0.0,300117.80360900005,300117.80360900005,300117.80360900005,300117.80360900005,300117.80360900005,300117.80360900005,nan,300117.80360900005,nan,nan,0.0,45,64,,True,False,"HTTPConnectionPool(host='gpu03', port=9002): Read timed out.",0,56.69694568066818
217,2026-09-19T05:46:45.654+00:00,2026-09-19T05:51:45.757+00:00,2026-09-19T05:51:45.757+00:00,False,1,0.0,,0.0,300103.231188,300103.231188,300103.231188,300103.231188,300103.231188,300103.231188,nan,300103.231188,nan,nan,0.0,45,64,,True,False,"HTTPConnectionPool(host='gpu03', port=9002): Read timed out.",0,56.69694568066818
218,2026-09-19T05:46:46.001+00:00,2026-09-19T05:51:46.011+00:00,2026-09-19T05:51:46.011+00:00,False,1,0.0,,0.0,300010.596148,300010.596148,300010.596148,300010.596148,300010.596148,300010.596148,nan,300010.596148,nan,nan,0.0,45,64,,True,False,TTFT timeout: 300.0s exceeded (TTFT: 300.005s),0,56.69694568066818
219,2026-09-19T05:46:46.396+00:00,2026-09-19T05:51:46.169+00:00,2026-09-19T05:51:46.489+00:00,False,5,4.0,,4.0,299773.27067299996,300092.701073,300092.701151,60018.54023019999,0.02529,299773.27067299996,134026.97689382307,239842.10105839997,79.8576,53.78677148043597,0.013329214558360643,45,64,,True,False,Request timeout: 300.0s exceeded,7,56.69694568066818
220,2026-09-19T05:46:46.682+00:00,2026-09-19T05:51:46.392+00:00,2026-09-19T05:51:46.787+00:00,False,6,5.0,,5.0,299710.323181,300105.114605,300105.114625,50017.51910416667,0.03394,299710.323181,122323.99888957095,224808.72834375,78.9582848,44.25043684305359,0.016660829011798176,45,64,,True,False,Request timeout: 300.0s exceeded,14,56.69694568066818
221,2026-09-19T05:46:46.973+00:00,2026-09-19T05:51:47.033+00:00,2026-09-19T05:51:47.033+00:00,False,1,0.0,,0.0,300060.200704,300060.200704,300060.200704,300060.200704,300060.200704,300060.200704,nan,300060.200704,nan,nan,0.0,45,64,,True,False,"HTTPConnectionPool(host='gpu03', port=9002): Read timed out.",0,56.69694568066818
222,2026-09-19T05:46:47.255+00:00,2026-09-19T05:51:47.323+00:00,2026-09-19T05:51:47.323+00:00,False,1,0.0,,0.0,300067.61183999997,300067.61183999997,300067.61183999997,300067.61183999997,300067.61183999997,300067.61183999997,nan,300067.61183999997,nan,nan,0.0,45,64,,True,False,"HTTPConnectionPool(host='gpu03', port=9002): Read timed out.",0,56.69694568066818
223,2026-09-19T05:46:47.575+00:00,2026-09-19T05:51:47.604+00:00,2026-09-19T05:51:47.604+00:00,False,1,0.0,,0.0,300029.649264,300029.649264,300029.649264,300029.649264,300029.649264,300029.649264,nan,300029.649264,nan,nan,0.0,45,64,,True,False,"HTTPConnectionPool(host='gpu03', port=9002): Read timed out.",0,56.69694568066818
224,2026-09-19T05:46:48.082+00:00,2026-09-19T05:51:47.931+00:00,2026-09-19T05:51:48.164+00:00,False,4,3.0,,3.0,299849.355604,300081.53378,300081.53366099996,75020.38341524999,0.02581,299849.355604,149885.99237701466,254892.4380313,77.39272533333333,70.06639618921713,0.00999728294577234,45,64,,True,False,Request timeout: 300.0s exceeded,15,56.69694568066818
225,2026-09-19T05:46:48.487+00:00,2026-09-19T05:51:48.565+00:00,2026-09-19T05:51:48.565+00:00,False,1,0.0,,0.0,300077.62218,300077.62218,300077.62218,300077.62218,300077.62218,300077.62218,nan,300077.62218,nan,nan,0.0,45,64,,True,False,"HTTPConnectionPool(host='gpu03', port=9002): Read timed out.",0,56.69694568066818
226,2026-09-19T05:46:48.871+00:00,2026-09-19T05:51:48.953+00:00,2026-09-19T05:51:48.953+00:00,False,1,0.0,,0.0,300082.008669,300082.008669,300082.008669,300082.008669,300082.008669,300082.008669,nan,300082.008669,nan,nan,0.0,45,64,,True,False,"HTTPConnectionPool(host='gpu03', port=9002): Read timed out.",0,56.69694568066818
227,2026-09-19T05:46:49.337+00:00,2026-09-19T05:51:49.391+00:00,2026-09-19T05:51:49.391+00:00,False,1,0.0,,0.0,300053.803157,300053.803157,300053.803157,300053.803157,300053.803157,300053.803157,nan,300053.803157,nan,nan,0.0,45,64,,True,False,TTFT timeout: 300.0s exceeded (TTFT: 300.045s),0,56.69694568066818
228,2026-09-19T05:46:49.691+00:00,2026-09-19T05:51:49.522+00:00,2026-09-19T05:51:49.750+00:00,False,4,3.0,,3.0,299831.222134,300059.01503,300059.01505499997,75014.75376374999,0.022690000000000002,299831.222134,149877.6561575456,254876.74787589998,75.93096533333333,68.96344278563608,0.009998033219232086,45,64,,True,False,Request timeout: 300.0s exceeded,8,56.69694568066818
229,2026-09-19T05:46:49.975+00:00,2026-09-19T05:51:49.865+00:00,2026-09-19T05:51:50.011+00:00,False,5,4.0,,4.0,299890.405387,300036.356619,300036.356699,60007.2713398,0.07698999999999999,299890.405387,134098.75026332788,239922.53820439999,36.487808,24.415522220814204,0.013331717679399049,45,64,,True,False,Request timeout: 300.0s exceeded,11,56.69694568066818
230,2026-09-19T05:46:50.296+00:00,2026-09-19T05:51:50.409+00:00,2026-09-19T05:51:50.409+00:00,False,1,0.0,,0.0,300113.35939399997,300113.35939399997,300113.35939399997,300113.35939399997,300113.35939399997,300113.35939399997,nan,300113.35939399997,nan,nan,0.0,45,64,,True,False,"HTTPConnectionPool(host='gpu03', port=9002): Read timed out.",0,56.69694568066818
231,2026-09-19T05:46:50.595+00:00,2026-09-19T05:51:50.864+00:00,2026-09-19T05:51:51.106+00:00,True,3,3.0,,3.0,300269.119877,300510.551941,300510.552085,100170.18402833333,108.920433,300269.119877,173290.76211663583,270255.4590668,120.716032,16.681655888247064,0.009983010515347886,45,64,,True,True,,18,56.69694568066818
232,2026-09-19T05:46:51.045+00:00,2026-09-19T05:51:51.258+00:00,2026-09-19T05:51:51.566+00:00,False,5,4.0,,4.0,300213.867144,300520.92916,300520.92908900004,60104.185817800004,0.023489999999999997,300213.867144,134225.39970136463,240192.18053340004,76.765504,51.20788952435596,0.01331022105908093,45,64,,True,False,Request timeout: 300.0s exceeded,11,56.69694568066818
233,2026-09-19T05:46:51.463+00:00,2026-09-19T05:51:51.635+00:00,2026-09-19T05:51:51.635+00:00,False,1,0.0,,0.0,300172.14873,300172.14873,300172.14873,300172.14873,300172.14873,300172.14873,nan,300172.14873,nan,nan,0.0,45,64,,True,False,"HTTPConnectionPool(host='gpu03', port=9002): Read timed out.",0,56.69694568066818
234,2026-09-19T05:46:51.899+00:00,2026-09-19T05:51:51.923+00:00,2026-09-19T05:51:51.923+00:00,False,1,0.0,,0.0,300024.026084,300024.026084,300024.026084,300024.026084,300024.026084,300024.026084,nan,300024.026084,nan,nan,0.0,45,64,,True,False,"HTTPConnectionPool(host='gpu03', port=9002): Read timed out.",0,56.69694568066818
235,2026-09-19T05:46:52.283+00:00,2026-09-19T05:51:52.390+00:00,2026-09-19T05:51:52.390+00:00,False,1,0.0,,0.0,300107.63725800003,300107.63725800003,300107.63725800003,300107.63725800003,300107.63725800003,300107.63725800003,nan,300107.63725800003,nan,nan,0.0,45,64,,True,False,"HTTPConnectionPool(host='gpu03', port=9002): Read timed out.",0,56.69694568066818
236,2026-09-19T05:46:52.733+00:00,2026-09-19T05:51:52.768+00:00,2026-09-19T05:51:52.768+00:00,False,1,0.0,,0.0,300035.932422,300035.932422,300035.932422,300035.932422,300035.932422,300035.932422,nan,300035.932422,nan,nan,0.0,45,64,,True,False,TTFT timeout: 300.0s exceeded (TTFT: 300.027s),0,56.69694568066818
237,2026-09-19T05:46:53.166+00:00,2026-09-19T05:51:52.992+00:00,2026-09-19T05:51:53.265+00:00,False,5,4.0,,4.0,299825.46161299996,300098.72343699995,300098.723441,60019.74468819999,0.02047,299825.46161299996,134055.47705515526,239880.08793799995,68.315456,46.103724602124544,0.013328947068446043,45,64,,True,False,Request timeout: 300.0s exceeded,12,56.69694568066818
238,2026-09-19T05:46:53.518+00:00,2026-09-19T05:51:53.068+00:00,2026-09-19T05:51:53.577+00:00,False,7,6.0,,6.0,299549.286141,300058.224893,300058.224971,42865.460710142856,0.023440000000000003,299549.286141,113186.93431383131,209715.63568950002,84.82312533333332,41.59828195267151,0.019996119093684518,45,64,,True,False,Request timeout: 300.0s exceeded,24,56.69694568066818
239,2026-09-19T05:46:53.821+00:00,2026-09-19T05:51:53.930+00:00,2026-09-19T05:51:53.930+00:00,False,1,0.0,,0.0,300109.56913099997,300109.56913099997,300109.56913099997,300109.56913099997,300109.56913099997,300109.56913099997,nan,300109.56913099997,nan,nan,0.0,45,64,,True,False,"HTTPConnectionPool(host='gpu03', port=9002): Read timed out.",0,56.69694568066818
240,2026-09-19T05:46:54.249+00:00,2026-09-19T05:51:54.286+00:00,2026-09-19T05:51:54.286+00:00,False,1,0.0,,0.0,300036.301833,300036.301833,300036.301833,300036.301833,300036.301833,300036.301833,nan,300036.301833,nan,nan,0.0,45,64,,True,False,TTFT timeout: 300.0s exceeded (TTFT: 300.031s),0,56.69694568066818
241,2026-09-19T05:46:54.565+00:00,2026-09-19T05:51:54.531+00:00,2026-09-19T05:51:54.644+00:00,False,3,2.0,,2.0,299966.78772,300079.71060000005,300079.710513,100026.57017100001,0.01964,299966.78772,173153.31683461327,269981.39926330006,56.46144,79.82065722137327,0.0066648957905253315,45,64,,True,False,Request timeout: 300.0s exceeded,4,56.69694568066818
242,2026-09-19T05:46:55.661+00:00,2026-09-19T05:51:54.780+00:00,2026-09-19T05:51:55.807+00:00,False,12,11.0,,11.0,299118.405633,300145.457153,300145.457229,25012.121435750003,0.03541,299118.405633,86321.10025597076,134675.15230480002,93.36832,37.39720399947577,0.03664889718584919,45,64,,True,False,Request timeout: 300.0s exceeded,57,56.69694568066818
243,2026-09-19T05:46:55.702+00:00,2026-09-19T05:51:55.926+00:00,2026-09-19T05:51:56.026+00:00,False,3,2.0,,2.0,300224.317611,300323.845547,300323.845577,100107.94852566665,0.03497,300224.317611,173305.86647571324,270211.8351495,49.763968,70.32727916504116,0.006659477859166546,45,64,,True,False,Request timeout: 300.0s exceeded,10,56.69694568066818
244,2026-09-19T05:46:55.717+00:00,2026-09-19T05:51:55.928+00:00,2026-09-19T05:51:56.026+00:00,False,3,2.0,,2.0,300210.664764,300308.881724,300308.881642,100102.96054733334,0.037839,300210.664764,173298.36229195155,270199.4161915,49.10848,69.39629672007669,0.006659809688339845,45,64,,True,False,Request timeout: 300.0s exceeded,12,56.69694568066818
245,2026-09-19T05:46:55.999+00:00,2026-09-19T05:51:56.129+00:00,2026-09-19T05:51:56.129+00:00,False,1,0.0,,0.0,300129.89487,300129.89487,300129.89487,300129.89487,300129.89487,300129.89487,nan,300129.89487,nan,nan,0.0,45,64,,True,False,"HTTPConnectionPool(host='gpu03', port=9002): Read timed out.",0,56.69694568066818
246,2026-09-19T05:46:56.285+00:00,2026-09-19T05:51:56.298+00:00,2026-09-19T05:51:56.298+00:00,False,1,0.0,,0.0,300013.024206,300013.024206,300013.024206,300013.024206,300013.024206,300013.024206,nan,300013.024206,nan,nan,0.0,45,64,,True,False,"HTTPConnectionPool(host='gpu03', port=9002): Read timed out.",0,56.69694568066818
247,2026-09-19T05:46:56.781+00:00,2026-09-19T05:51:56.827+00:00,2026-09-19T05:51:56.827+00:00,False,1,0.0,,0.0,300045.70317,300045.70317,300045.70317,300045.70317,300045.70317,300045.70317,nan,300045.70317,nan,nan,0.0,45,64,,True,False,"HTTPConnectionPool(host='gpu03', port=9002): Read timed out.",0,56.69694568066818
248,2026-09-19T05:46:57.171+00:00,2026-09-19T05:51:57.256+00:00,2026-09-19T05:51:57.256+00:00,False,1,0.0,,0.0,300085.34266,300085.34266,300085.34266,300085.34266,300085.34266,300085.34266,nan,300085.34266,nan,nan,0.0,45,64,,True,False,"HTTPConnectionPool(host='gpu03', port=9002): Read timed out.",0,56.69694568066818
249,2026-09-19T05:46:57.478+00:00,2026-09-19T05:51:57.292+00:00,2026-09-19T05:51:57.510+00:00,False,4,3.0,,3.0,299813.655203,300031.719843,300031.719787,75007.92994675,0.02764,299813.655203,149870.4924063717,254858.94177845,72.68821333333332,63.26559744331263,0.00999894278368245,45,64,,True,False,Request timeout: 300.0s exceeded,7,56.69694568066818
250,2026-09-19T05:46:57.886+00:00,2026-09-19T05:51:57.408+00:00,2026-09-19T05:51:57.913+00:00,False,7,6.0,,6.0,299522.328473,300027.29436099995,300027.29433099995,42861.04204728571,0.040189,299522.328473,113176.99543407558,209696.60831989997,84.16098133333332,41.22682440119655,0.019998180541469863,45,64,,True,False,Request timeout: 300.0s exceeded,23,56.69694568066818
251,2026-09-19T05:46:58.364+00:00,2026-09-19T05:51:58.386+00:00,2026-09-19T05:51:58.386+00:00,False,1,0.0,,0.0,300022.37445999996,300022.37445999996,300022.37445999996,300022.37445999996,300022.37445999996,300022.37445999996,nan,300022.37445999996,nan,nan,0.0,45,64,,True,False,"HTTPConnectionPool(host='gpu03', port=9002): Read timed out.",0,56.69694568066818
252,2026-09-19T05:46:58.686+00:00,2026-09-19T05:51:58.731+00:00,2026-09-19T05:51:58.731+00:00,False,1,0.0,,0.0,300045.437237,300045.437237,300045.437237,300045.437237,300045.437237,300045.437237,nan,300045.437237,nan,nan,0.0,45,64,,True,False,"HTTPConnectionPool(host='gpu03', port=9002): Read timed out.",0,56.69694568066818
253,2026-09-19T05:46:59.161+00:00,2026-09-19T05:51:59.076+00:00,2026-09-19T05:51:59.199+00:00,False,3,2.0,,2.0,299915.483344,300038.409424,300038.409352,100012.80311733333,0.04961,299915.483344,173120.8102538764,269936.2226494,61.46304,86.85162925031834,0.006665813233177407,45,64,,True,False,Request timeout: 300.0s exceeded,3,56.69694568066818
254,2026-09-19T05:46:59.524+00:00,2026-09-19T05:51:59.313+00:00,2026-09-19T05:51:59.621+00:00,False,5,4.0,,4.0,299789.104494,300097.190766,300097.190948,60019.438189600005,0.02668,299789.104494,134035.32565181112,239853.32705300004,77.021568,51.609738791982686,0.013329015142694184,45,64,,True,False,Request timeout: 300.0s exceeded,12,56.69694568066818
255,2026-09-19T05:46:59.919+00:00,2026-09-19T05:51:59.949+00:00,2026-09-19T05:51:59.949+00:00,False,1,0.0,,0.0,300029.9608,300029.9608,300029.9608,300029.9608,300029.9608,300029.9608,nan,300029.9608,nan,nan,0.0,45,64,,True,False,"HTTPConnectionPool(host='gpu03', port=9002): Read timed out.",0,56.69694568066818
256,2026-09-19T05:47:00.279+00:00,2026-09-19T05:52:00.319+00:00,2026-09-19T05:52:00.319+00:00,False,1,0.0,,0.0,300039.361246,300039.361246,300039.361246,300039.361246,300039.361246,300039.361246,nan,300039.361246,nan,nan,0.0,45,64,,True,False,TTFT timeout: 300.0s exceeded (TTFT: 300.034s),0,56.69694568066818
257,2026-09-19T05:47:00.674+00:00,2026-09-19T05:52:00.661+00:00,2026-09-19T05:52:00.800+00:00,False,3,2.0,,2.0,299986.621491,300125.395251,300125.39531,100041.79843666666,0.07601000000000001,299986.621491,173157.30999201938,270001.82912280003,69.38688,98.0203412611801,0.006663881269785137,45,64,,True,False,Request timeout: 300.0s exceeded,8,56.69694568066818
258,2026-09-19T05:47:01.014+00:00,2026-09-19T05:52:00.909+00:00,2026-09-19T05:52:01.131+00:00,False,4,3.0,,3.0,299894.81022000004,300116.65649200004,300116.65635400004,75029.16408850001,0.024239999999999998,299894.81022000004,149910.4398982097,254927.77985970007,73.94875733333333,64.12709151616235,0.009996112961760815,45,64,,True,False,Request timeout: 300.0s exceeded,18,56.69694568066818
259,2026-09-19T05:47:01.506+00:00,2026-09-19T05:52:01.589+00:00,2026-09-19T05:52:01.589+00:00,False,1,0.0,,0.0,300082.739903,300082.739903,300082.739903,300082.739903,300082.739903,300082.739903,nan,300082.739903,nan,nan,0.0,45,64,,True,False,"HTTPConnectionPool(host='gpu03', port=9002): Read timed out.",0,56.69694568066818
260,2026-09-19T05:47:01.930+00:00,2026-09-19T05:52:02.037+00:00,2026-09-19T05:52:02.037+00:00,False,1,0.0,,0.0,300107.748875,300107.748875,300107.748875,300107.748875,300107.748875,300107.748875,nan,300107.748875,nan,nan,0.0,45,64,,True,False,"HTTPConnectionPool(host='gpu03', port=9002): Read timed out.",0,56.69694568066818
261,2026-09-19T05:47:02.395+00:00,2026-09-19T05:52:02.335+00:00,2026-09-19T05:52:02.463+00:00,False,3,2.0,,2.0,299940.154225,300067.795825,300067.795781,100022.59859366667,0.02286,299940.154225,173133.69359364972,269958.9006721,63.8208,90.22401947969573,0.006665160433165588,45,64,,True,False,Request timeout: 300.0s exceeded,3,56.69694568066818
262,2026-09-19T05:47:02.739+00:00,2026-09-19T05:52:02.459+00:00,2026-09-19T05:52:02.785+00:00,False,6,5.0,,5.0,299720.75484500005,300046.45980500005,300046.45974600007,50007.743291000006,0.02618,299720.75484500005,122333.90078730696,224825.45176575004,65.140992,51.579916666651876,0.01666408596605171,45,64,,True,False,Request timeout: 300.0s exceeded,25,56.69694568066818
263,2026-09-19T05:47:03.176+00:00,2026-09-19T05:52:03.205+00:00,2026-09-19T05:52:03.205+00:00,False,1,0.0,,0.0,300028.218852,300028.218852,300028.218852,300028.218852,300028.218852,300028.218852,nan,300028.218852,nan,nan,0.0,45,64,,True,False,"HTTPConnectionPool(host='gpu03', port=9002): Read timed out.",0,56.69694568066818
264,2026-09-19T05:47:03.487+00:00,2026-09-19T05:52:03.511+00:00,2026-09-19T05:52:03.511+00:00,False,1,0.0,,0.0,300023.963838,300023.963838,300023.963838,300023.963838,300023.963838,300023.963838,nan,300023.963838,nan,nan,0.0,45,64,,True,False,"HTTPConnectionPool(host='gpu03', port=9002): Read timed out.",0,56.69694568066818
265,2026-09-19T05:47:03.885+00:00,2026-09-19T05:52:03.936+00:00,2026-09-19T05:52:05.050+00:00,False,12,11.0,,11.0,300051.762755,301165.677891,301165.67794799997,25097.139828999996,0.02494,300051.762755,86588.2571804934,135103.2826784,101.26501236363636,36.187379315334894,0.03652474636894447,45,64,,True,False,Request timeout: 300.0s exceeded,45,56.69694568066818
266,2026-09-19T05:47:04.393+00:00,2026-09-19T05:52:04.316+00:00,2026-09-19T05:52:05.149+00:00,False,10,9.0,,9.0,299922.979095,300756.046359,300756.046259,30075.604625900003,0.08508,299922.979095,94814.70851532138,165011.4762804,92.56302933333333,35.34346389114094,0.029924585420494167,45,64,,True,False,Request timeout: 300.0s exceeded,41,56.69694568066818
268,2026-09-19T05:47:05.190+00:00,2026-09-19T05:52:05.259+00:00,2026-09-19T05:52:05.259+00:00,False,1,0.0,,0.0,300069.028839,300069.028839,300069.028839,300069.028839,300069.028839,300069.028839,nan,300069.028839,nan,nan,0.0,45,64,,True,False,"HTTPConnectionPool(host='gpu03', port=9002): Read timed out.",0,56.69694568066818
269,2026-09-19T05:47:05.522+00:00,2026-09-19T05:52:05.536+00:00,2026-09-19T05:52:05.536+00:00,False,1,0.0,,0.0,300013.18439899996,300013.18439899996,300013.18439899996,300013.18439899996,300013.18439899996,300013.18439899996,nan,300013.18439899996,nan,nan,0.0,45,64,,True,False,"HTTPConnectionPool(host='gpu03', port=9002): Read timed out.",0,56.69694568066818
267,2026-09-19T05:47:04.711+00:00,2026-09-19T05:52:05.791+00:00,2026-09-19T05:52:05.791+00:00,False,1,0.0,,0.0,301079.722498,301079.722498,301079.722498,301079.722498,301079.722498,301079.722498,nan,301079.722498,nan,nan,0.0,45,64,,True,False,"HTTPConnectionPool(host='gpu03', port=9002): Read timed out.",0,56.69694568066818
270,2026-09-19T05:47:05.978+00:00,2026-09-19T05:52:06.084+00:00,2026-09-19T05:52:06.084+00:00,False,1,0.0,,0.0,300106.524968,300106.524968,300106.524968,300106.524968,300106.524968,300106.524968,nan,300106.524968,nan,nan,0.0,45,64,,True,False,"HTTPConnectionPool(host='gpu03', port=9002): Read timed out.",0,56.69694568066818
271,2026-09-19T05:47:06.435+00:00,2026-09-19T05:52:06.343+00:00,2026-09-19T05:52:06.547+00:00,False,3,2.0,,2.0,299907.891575,300111.298167,300111.298155,100037.09938500001,0.04108,299907.891575,173093.21336551174,269937.43896750006,101.703296,143.77225435373055,0.006664194291302821,45,64,,True,False,Request timeout: 300.0s exceeded,4,56.69694568066818
272,2026-09-19T05:47:06.727+00:00,2026-09-19T05:52:06.543+00:00,2026-09-19T05:52:06.742+00:00,False,4,3.0,,3.0,299816.017949,300014.539549,300014.539521,75003.63488025,0.03643,299816.017949,149874.92945179227,254859.55467185003,66.17386666666667,57.70537913520941,0.00999951537185425,45,64,,True,False,Request timeout: 300.0s exceeded,10,56.69694568066818
273,2026-09-19T05:47:07.206+00:00,2026-09-19T05:52:07.311+00:00,2026-09-19T05:52:07.311+00:00,False,1,0.0,,0.0,300105.354713,300105.354713,300105.354713,300105.354713,300105.354713,300105.354713,nan,300105.354713,nan,nan,0.0,45,64,,True,False,"HTTPConnectionPool(host='gpu03', port=9002): Read timed out.",0,56.69694568066818
274,2026-09-19T05:47:07.550+00:00,2026-09-19T05:52:07.661+00:00,2026-09-19T05:52:07.661+00:00,False,1,0.0,,0.0,300110.877093,300110.877093,300110.877093,300110.877093,300110.877093,300110.877093,nan,300110.877093,nan,nan,0.0,45,64,,True,False,"HTTPConnectionPool(host='gpu03', port=9002): Read timed out.",0,56.69694568066818
275,2026-09-19T05:47:07.899+00:00,2026-09-19T05:52:07.990+00:00,2026-09-19T05:52:07.990+00:00,False,1,0.0,,0.0,300091.37695099995,300091.37695099995,300091.37695099995,300091.37695099995,300091.37695099995,300091.37695099995,nan,300091.37695099995,nan,nan,0.0,45,64,,True,False,TTFT timeout: 300.0s exceeded (TTFT: 300.078s),0,56.69694568066818
276,2026-09-19T05:47:08.393+00:00,2026-09-19T05:52:08.271+00:00,2026-09-19T05:52:08.507+00:00,False,4,3.0,,3.0,299877.37982200005,300113.85060600005,300113.85059100005,75028.46264775001,0.02622,299877.37982200005,149899.28847989204,254913.79766545002,78.82359466666666,68.26828586757061,0.009996206419471472,45,64,,True,False,Request timeout: 300.0s exceeded,8,56.69694568066818
277,2026-09-19T05:47:08.795+00:00,2026-09-19T05:52:08.872+00:00,2026-09-19T05:52:08.872+00:00,False,1,0.0,,0.0,300076.90744700003,300076.90744700003,300076.90744700003,300076.90744700003,300076.90744700003,300076.90744700003,nan,300076.90744700003,nan,nan,0.0,45,64,,True,False,"HTTPConnectionPool(host='gpu03', port=9002): Read timed out.",0,56.69694568066818
278,2026-09-19T05:47:09.103+00:00,2026-09-19T05:52:09.148+00:00,2026-09-19T05:52:09.148+00:00,False,1,0.0,,0.0,300044.959501,300044.959501,300044.959501,300044.959501,300044.959501,300044.959501,nan,300044.959501,nan,nan,0.0,45,64,,True,False,"HTTPConnectionPool(host='gpu03', port=9002): Read timed out.",0,56.69694568066818
279,2026-09-19T05:47:09.605+00:00,2026-09-19T05:52:09.600+00:00,2026-09-19T05:52:09.733+00:00,False,3,2.0,,2.0,299994.614879,300127.323743,300127.323852,100042.441284,0.03982,299994.614879,173163.67457310078,270008.42030640005,66.354432,93.78322166380833,0.00666383845048579,45,64,,True,False,Request timeout: 300.0s exceeded,4,56.69694568066818
280,2026-09-19T05:47:10.042+00:00,2026-09-19T05:52:09.862+00:00,2026-09-19T05:52:09.995+00:00,True,2,2.0,,2.0,299820.226508,299952.74413999997,299952.744183,149976.3720915,132.517675,299820.226508,211911.21115407388,284835.84106635,132.517632,nan,0.006667716962330972,45,64,,True,True,,10,56.69694568066818
281,2026-09-19T05:47:10.492+00:00,2026-09-19T05:52:10.600+00:00,2026-09-19T05:52:10.600+00:00,False,1,0.0,,0.0,300107.944081,300107.944081,300107.944081,300107.944081,300107.944081,300107.944081,nan,300107.944081,nan,nan,0.0,45,64,,True,False,"HTTPConnectionPool(host='gpu03', port=9002): Read timed out.",0,56.69694568066818
282,2026-09-19T05:47:10.920+00:00,2026-09-19T05:52:11.015+00:00,2026-09-19T05:52:11.015+00:00,False,1,0.0,,0.0,300094.840736,300094.840736,300094.840736,300094.840736,300094.840736,300094.840736,nan,300094.840736,nan,nan,0.0,45,64,,True,False,"HTTPConnectionPool(host='gpu03', port=9002): Read timed out.",0,56.69694568066818
283,2026-09-19T05:47:11.306+00:00,2026-09-19T05:52:11.359+00:00,2026-09-19T05:52:11.359+00:00,False,1,0.0,,0.0,300052.819617,300052.819617,300052.819617,300052.819617,300052.819617,300052.819617,nan,300052.819617,nan,nan,0.0,45,64,,True,False,TTFT timeout: 300.0s exceeded (TTFT: 300.047s),0,56.69694568066818
284,2026-09-19T05:47:11.717+00:00,2026-09-19T05:52:11.505+00:00,2026-09-19T05:52:11.733+00:00,False,4,3.0,,3.0,299787.65080299997,300015.679219,300015.67916199996,75003.91979049999,0.036609,299787.65080299997,149855.83079841986,254838.83879949994,76.009472,67.46231614288688,0.009999477386680562,45,64,,True,False,Request timeout: 300.0s exceeded,11,56.69694568066818
285,2026-09-19T05:47:12.037+00:00,2026-09-19T05:52:11.835+00:00,2026-09-19T05:52:12.129+00:00,False,5,4.0,,4.0,299798.16027999995,300092.08027999994,300092.08040899993,60018.41608179999,0.033479999999999996,299798.16027999995,134040.95863983157,239858.76128239997,73.48,49.032914179618516,0.013329242132174275,45,64,,True,False,Request timeout: 300.0s exceeded,24,56.69694568066818
286,2026-09-19T05:47:12.544+00:00,2026-09-19T05:52:12.648+00:00,2026-09-19T05:52:12.648+00:00,False,1,0.0,,0.0,300104.631922,300104.631922,300104.631922,300104.631922,300104.631922,300104.631922,nan,300104.631922,nan,nan,0.0,45,64,,True,False,"HTTPConnectionPool(host='gpu03', port=9002): Read timed out.",0,56.69694568066818
287,2026-09-19T05:47:13.048+00:00,2026-09-19T05:52:13.097+00:00,2026-09-19T05:52:13.097+00:00,False,1,0.0,,0.0,300049.494321,300049.494321,300049.494321,300049.494321,300049.494321,300049.494321,nan,300049.494321,nan,nan,0.0,45,64,,True,False,TTFT timeout: 300.0s exceeded (TTFT: 300.043s),0,56.69694568066818
288,2026-09-19T05:47:13.352+00:00,2026-09-19T05:52:13.221+00:00,2026-09-19T05:52:13.471+00:00,False,4,3.0,,3.0,299869.20623,300119.055574,300119.055666,75029.7639165,0.03993,299869.20623,149892.9733349602,254909.1040472,83.28311466666668,72.82094024161626,0.009996033055156317,45,64,,True,False,Request timeout: 300.0s exceeded,11,56.69694568066818
289,2026-09-19T05:47:13.643+00:00,2026-09-19T05:52:13.356+00:00,2026-09-19T05:52:13.715+00:00,False,6,5.0,,5.0,299713.282061,300072.116237,300072.11623,50012.01937166667,0.04313,299713.282061,122328.14348198834,224813.11140175,71.7668352,46.7236233983068,0.01666266117192625,45,64,,True,False,Request timeout: 300.0s exceeded,23,56.69694568066818
290,2026-09-19T05:47:13.951+00:00,2026-09-19T05:52:14.070+00:00,2026-09-19T05:52:14.070+00:00,False,1,0.0,,0.0,300119.146369,300119.146369,300119.146369,300119.146369,300119.146369,300119.146369,nan,300119.146369,nan,nan,0.0,45,64,,True,False,"HTTPConnectionPool(host='gpu03', port=9002): Read timed out.",0,56.69694568066818
291,2026-09-19T05:47:14.339+00:00,2026-09-19T05:52:14.420+00:00,2026-09-19T05:52:14.420+00:00,False,1,0.0,,0.0,300080.664191,300080.664191,300080.664191,300080.664191,300080.664191,300080.664191,nan,300080.664191,nan,nan,0.0,45,64,,True,False,"HTTPConnectionPool(host='gpu03', port=9002): Read timed out.",0,56.69694568066818
292,2026-09-19T05:47:14.769+00:00,2026-09-19T05:52:14.780+00:00,2026-09-19T05:52:14.914+00:00,False,3,2.0,,2.0,300011.630432,300145.20304,300145.20304399997,100048.40101466666,0.04419,300011.630432,173173.24935961343,270023.82023099996,66.786304,94.38782624599408,0.006663441493460958,45,64,,True,False,Request timeout: 300.0s exceeded,10,56.69694568066818
293,2026-09-19T05:47:15.111+00:00,2026-09-19T05:52:14.916+00:00,2026-09-19T05:52:15.137+00:00,False,4,3.0,,3.0,299804.826042,300025.55052199995,300025.55048,75006.38762,0.03915,299804.826042,149865.63464828147,254851.01679465,73.57482666666667,63.729779092297036,0.009999148388463733,45,64,,True,False,Request timeout: 300.0s exceeded,9,56.69694568066818
294,2026-09-19T05:47:15.554+00:00,2026-09-19T05:52:15.643+00:00,2026-09-19T05:52:15.643+00:00,False,1,0.0,,0.0,300089.607444,300089.607444,300089.607444,300089.607444,300089.607444,300089.607444,nan,300089.607444,nan,nan,0.0,45,64,,True,False,"HTTPConnectionPool(host='gpu03', port=9002): Read timed out.",0,56.69694568066818
295,2026-09-19T05:47:15.891+00:00,2026-09-19T05:52:16.009+00:00,2026-09-19T05:52:16.009+00:00,False,1,0.0,,0.0,300118.225916,300118.225916,300118.225916,300118.225916,300118.225916,300118.225916,nan,300118.225916,nan,nan,0.0,45,64,,True,False,"HTTPConnectionPool(host='gpu03', port=9002): Read timed out.",0,56.69694568066818
296,2026-09-19T05:47:16.363+00:00,2026-09-19T05:52:16.393+00:00,2026-09-19T05:52:16.393+00:00,False,1,0.0,,0.0,300029.89610199997,300029.89610199997,300029.89610199997,300029.89610199997,300029.89610199997,300029.89610199997,nan,300029.89610199997,nan,nan,0.0,45,64,,True,False,TTFT timeout: 300.0s exceeded (TTFT: 300.019s),0,56.69694568066818
297,2026-09-19T05:47:17.539+00:00,2026-09-19T05:52:16.660+00:00,2026-09-19T05:52:17.735+00:00,False,13,12.0,,12.0,299121.177984,300196.676992,300196.677031,23092.052079307694,0.02594,299121.177984,82936.43646446677,119717.5435278,89.62491733333333,32.628898778738666,0.03997379358173171,45,64,,True,False,Request timeout: 300.0s exceeded,48,56.69694568066818
298,2026-09-19T05:47:17.613+00:00,2026-09-19T05:52:17.866+00:00,2026-09-19T05:52:17.866+00:00,False,1,0.0,,0.0,300252.812044,300252.812044,300252.812044,300252.812044,300252.812044,300252.812044,nan,300252.812044,nan,nan,0.0,45,64,,True,False,TTFT timeout: 300.0s exceeded (TTFT: 300.009s),0,56.69694568066818
299,2026-09-19T05:47:17.696+00:00,2026-09-19T05:52:17.987+00:00,2026-09-19T05:52:17.987+00:00,False,1,0.0,,0.0,300291.69024,300291.69024,300291.69024,300291.69024,300291.69024,300291.69024,nan,300291.69024,nan,nan,0.0,45,64,,True,False,"HTTPConnectionPool(host='gpu03', port=9002): Read timed out.",0,56.69694568066818
300,2026-09-19T05:47:18.022+00:00,2026-09-19T05:52:18.041+00:00,2026-09-19T05:52:18.041+00:00,False,1,0.0,,0.0,300018.916244,300018.916244,300018.916244,300018.916244,300018.916244,300018.916244,nan,300018.916244,nan,nan,0.0,45,64,,True,False,"HTTPConnectionPool(host='gpu03', port=9002): Read timed out.",0,56.69694568066818
301,2026-09-19T05:47:18.304+00:00,2026-09-19T05:52:18.324+00:00,2026-09-19T05:52:18.324+00:00,False,1,0.0,,0.0,300019.24265100004,300019.24265100004,300019.24265100004,300019.24265100004,300019.24265100004,300019.24265100004,nan,300019.24265100004,nan,nan,0.0,45,64,,True,False,"HTTPConnectionPool(host='gpu03', port=9002): Read timed out.",0,56.69694568066818
302,2026-09-19T05:47:18.720+00:00,2026-09-19T05:52:18.773+00:00,2026-09-19T05:52:18.773+00:00,False,1,0.0,,0.0,300053.74878100003,300053.74878100003,300053.74878100003,300053.74878100003,300053.74878100003,300053.74878100003,nan,300053.74878100003,nan,nan,0.0,45,64,,True,False,"HTTPConnectionPool(host='gpu03', port=9002): Read timed out.",0,56.69694568066818
303,2026-09-19T05:47:19.106+00:00,2026-09-19T05:52:19.143+00:00,2026-09-19T05:52:20.481+00:00,False,16,15.0,,15.0,300037.015278,301375.267566,301375.26755999995,18835.954222499997,0.03983,300037.015278,74986.96911587128,75196.8498015,89.2168192,55.97823109553003,0.04977183470012203,45,64,,True,False,Request timeout: 300.0s exceeded,46,56.69694568066818
304,2026-09-19T05:47:19.593+00:00,2026-09-19T05:52:19.393+00:00,2026-09-19T05:52:20.583+00:00,False,16,15.0,,15.0,299800.443126,300990.586358,300990.586451,18811.9116531875,0.037380000000000004,299800.443126,74930.28191724978,75029.497239,79.34288213333335,33.1832488307001,0.049835445624730974,45,64,,True,False,Request timeout: 300.0s exceeded,42,56.69694568066818
305,2026-09-19T05:47:19.950+00:00,2026-09-19T05:52:19.821+00:00,2026-09-19T05:52:20.689+00:00,False,11,10.0,,10.0,299871.059453,300738.943229,300738.943321,27339.903938272728,0.055909999999999994,299871.059453,90388.36479254725,149989.3230345,86.78837759999999,35.11867242706081,0.03325143026916012,45,64,,True,False,Request timeout: 300.0s exceeded,45,56.69694568066818
306,2026-09-19T05:47:20.430+00:00,2026-09-19T05:52:20.479+00:00,2026-09-19T05:52:20.686+00:00,False,4,3.0,,3.0,300049.193003,300255.871275,300255.871176,75063.967794,0.02813,300049.193003,149990.1580516397,255057.59562200002,68.89275733333332,59.668282828894526,0.009991478225757468,45,64,,True,False,Request timeout: 300.0s exceeded,4,56.69694568066818
307,2026-09-19T05:47:20.757+00:00,2026-09-19T05:52:20.879+00:00,2026-09-19T05:52:20.879+00:00,False,1,0.0,,0.0,300121.892908,300121.892908,300121.892908,300121.892908,300121.892908,300121.892908,nan,300121.892908,nan,nan,0.0,45,64,,True,False,"HTTPConnectionPool(host='gpu03', port=9002): Read timed out.",0,56.69694568066818
0,2026-09-19T05:45:20.819+00:00,2026-09-19T05:45:21.093+00:00,2026-09-19T05:45:26.429+00:00,True,59,59.0,,59.0,274.425706,5610.559082,5610.559252,95.09422461016949,34.230881000000004,274.425706,34.48994345194509,111.7522903,92.0022995862069,25.228773409158244,10.515886053011357,46,64,,False,True,,248,56.69694568066818
1,2026-09-19T05:45:21.345+00:00,2026-09-19T05:45:21.551+00:00,2026-09-19T05:45:30.603+00:00,True,94,94.0,,94.0,205.48021400000002,9257.820694,9257.820676,98.487454,41.986553,205.48021400000002,23.799366645069412,112.8279608,97.33699440860215,21.13761966295274,10.153577511057378,46,64,,False,True,,410,56.69694568066818
2,2026-09-19T05:45:21.890+00:00,2026-09-19T05:45:24.125+00:00,2026-09-19T05:45:24.339+00:00,True,3,3.0,,3.0,2235.115443,2449.541811,2449.541804,816.5139346666667,107.09010099999999,2235.115443,1228.5449502288348,2022.3375247000001,107.213184,0.1743216205523572,1.2247188378365672,46,64,,False,True,,9,56.69694568066818
3,2026-09-19T05:45:22.296+00:00,2026-09-19T05:45:27.001+00:00,2026-09-19T05:45:32.501+00:00,True,56,56.0,,56.0,4704.995669,10204.955989,10204.956087,182.23135869642857,45.441734,4704.995669,615.6283271101928,120.146125,99.99927854545454,18.048130056548278,5.4875297904628715,46,64,,False,True,,273,56.69694568066818
4,2026-09-19T05:45:22.705+00:00,2026-09-19T05:45:28.650+00:00,2026-09-19T05:45:36.461+00:00,True,80,80.0,,80.0,5944.211903,13755.826879,13755.826701,171.9478337625,0.0,5944.211903,654.3425104284904,113.63064365,98.88120222784809,32.8503226748478,5.815717274119672,46,64,,False,True,,286,56.69694568066818
5,2026-09-19T05:45:23.021+00:00,2026-09-19T05:45:30.294+00:00,2026-09-19T05:45:32.503+00:00,True,23,23.0,,23.0,7272.090878999999,9481.698303,9481.698300999999,412.2477522173913,52.083468,7272.090878999999,1495.4784922413169,139.53184449999998,100.4367010909091,16.341054938100285,2.4257257787587294,46,64,,False,True,,68,56.69694568066818
6,2026-09-19T05:45:23.332+00:00,2026-09-19T05:45:32.093+00:00,2026-09-19T05:45:32.340+00:00,True,3,3.0,,3.0,8761.45136,9008.070495999998,9008.070355,3002.690118333333,103.02886,8761.45136,4987.274765154719,7899.665237499999,123.309568,28.681065631938292,0.3330346938705841,46,64,,False,True,,11,56.69694568066818
7,2026-09-19T05:45:23.829+00:00,2026-09-19T05:45:34.502+00:00,2026-09-19T05:45:41.586+00:00,True,73,73.0,,73.0,10673.074245,17756.746053,17756.74614,243.24309780821918,0.0,10673.074245,1238.532043625578,167.3507018,98.38433066666667,46.42220456587671,4.111113589286628,46,64,,False,True,,307,56.69694568066818
8,2026-09-19T05:45:24.253+00:00,2026-09-19T05:45:37.141+00:00,2026-09-19T05:45:43.432+00:00,True,66,66.0,,66.0,12887.638224,19178.472655999998,19178.472618,290.58291845454545,0.0,12887.638224,1575.1317549396747,137.72724975,96.78206818461538,46.850935524541256,3.441358505644706,46,64,,False,True,,275,56.69694568066818
9,2026-09-19T05:45:24.608+00:00,2026-09-19T05:45:38.818+00:00,2026-09-19T05:45:44.657+00:00,True,60,60.0,,60.0,14209.714254,20048.688974,20048.6889,334.144815,0.0,14209.714254,1822.3009746576706,148.30696334999996,98.96567322033899,47.59706890512181,2.9927143903429583,46,64,,False,True,,245,56.69694568066818
10,2026-09-19T05:45:24.953+00:00,2026-09-19T05:45:40.662+00:00,2026-09-19T05:45:42.366+00:00,True,17,17.0,,17.0,15708.215183,17413.063055,17413.06304,1024.297825882353,0.0,15708.215183,3784.312523506327,3366.8426397999997,106.552992,53.43045501537389,0.9762785528487826,46,64,,False,True,,69,56.69694568066818
11,2026-09-19T05:45:25.488+00:00,2026-09-19T05:45:43.743+00:00,2026-09-19T05:45:46.812+00:00,True,33,33.0,,33.0,18254.65909,21324.405266,21324.405128000002,646.1940947878788,0.0,18254.65909,3161.520288380809,209.5882634,95.929568,56.62092805555303,1.5475226431105098,46,64,,False,True,,144,56.69694568066818
12,2026-09-19T05:45:25.814+00:00,2026-09-19T05:45:45.840+00:00,2026-09-19T05:45:48.557+00:00,True,31,31.0,,31.0,20025.653234,22742.200306000002,22742.200285000003,733.6193640322581,0.0,20025.653234,3580.558894970639,113.46988499999999,90.55156906666666,28.408034679313744,1.3631046944838214,46,64,,False,True,,112,56.69694568066818
13,2026-09-19T05:45:26.210+00:00,2026-09-19T05:45:47.936+00:00,2026-09-19T05:45:53.708+00:00,True,59,59.0,,59.0,21725.892152,27497.563448,27497.563405,466.06039669491526,0.0,21725.892152,2816.4143906158192,147.2518879,99.51157406896553,71.79511563962231,2.145644653628076,46,64,,False,True,,237,56.69694568066818
14,2026-09-19T05:45:26.572+00:00,2026-09-19T05:45:50.101+00:00,2026-09-19T05:45:50.101+00:00,True,1,1.0,,1.0,23528.413162,23528.413162,23528.413162,23528.413162,23528.413162,23528.413162,nan,23528.413162,nan,nan,0.042501803802691994,46,64,,False,True,,3,56.69694568066818
15,2026-09-19T05:45:27.022+00:00,2026-09-19T05:45:52.291+00:00,2026-09-19T05:45:59.669+00:00,True,74,74.0,,74.0,25268.907046999997,32646.205990999995,32646.205958,441.1649453783783,0.0,25268.907046999997,2926.6356843338212,112.84300415000001,101.05888964383561,74.39532606978227,2.266725879889398,46,64,,False,True,,356,56.69694568066818
16,2026-09-19T05:45:27.422+00:00,2026-09-19T05:45:54.432+00:00,2026-09-19T05:45:57.068+00:00,True,31,31.0,,31.0,27010.16632,29645.591344,29645.591549,956.3094048064517,45.689824,27010.16632,4835.448609040551,111.59542499999999,87.84750079999999,23.965008755747167,1.0456866803661895,46,64,,False,True,,112,56.69694568066818
17,2026-09-19T05:45:27.964+00:00,2026-09-19T05:45:57.388+00:00,2026-09-19T05:46:00.813+00:00,True,37,37.0,,37.0,29424.318044,32849.548892,32849.548834,887.8256441621621,0.0,29424.318044,4822.427245230417,207.13558819999997,95.14530133333332,85.73182669793219,1.1263472786687423,46,64,,False,True,,203,56.69694568066818
18,2026-09-19T05:45:28.495+00:00,2026-09-19T05:46:00.812+00:00,2026-09-19T05:46:06.201+00:00,True,54,54.0,,54.0,32316.709575,37705.701831,37705.701832,698.2537376296297,0.0,32316.709575,4384.569113797297,114.309297,101.67909916981132,76.72833865122693,1.432144142072527,46,64,,False,True,,234,56.69694568066818
19,2026-09-19T05:45:28.963+00:00,2026-09-19T05:46:02.989+00:00,2026-09-19T05:46:06.107+00:00,True,32,32.0,,32.0,34025.700395,37143.180843,37143.180783,1160.72439946875,0.0,34025.700395,5997.966792331171,328.9974558,100.56388541935485,99.15941881810595,0.86153095329289,46,64,,False,True,,154,56.69694568066818
20,2026-09-19T05:45:29.301+00:00,2026-09-19T05:46:05.000+00:00,2026-09-19T05:46:12.928+00:00,True,81,81.0,,81.0,35698.849378,43626.923874,43626.923818999996,538.603997765432,0.0,35698.849378,3957.158445925935,114.31177299999999,99.1009312,114.31392693627878,1.8566516455283006,46,64,,False,True,,417,56.69694568066818
21,2026-09-19T05:45:29.622+00:00,2026-09-19T05:46:07.359+00:00,2026-09-19T05:46:13.172+00:00,True,65,65.0,,65.0,37736.75608,43549.531248,43549.531399,669.9927907538462,0.0,37736.75608,4670.282427769536,111.4314962,90.824612,91.3391490643127,1.4925533785851048,46,64,,False,True,,225,56.69694568066818
22,2026-09-19T05:45:29.919+00:00,2026-09-19T05:46:08.160+00:00,2026-09-19T05:46:14.912+00:00,True,70,70.0,,70.0,38241.096655,44993.372879,44993.373026,642.7624718000001,0.0,38241.096655,4559.746607349061,107.07167030000001,97.85907571014492,83.73243924779122,1.5557846749620206,46,64,,False,True,,319,56.69694568066818
23,2026-09-19T05:45:30.248+00:00,2026-09-19T05:46:09.756+00:00,2026-09-19T05:46:15.419+00:00,True,60,60.0,,60.0,39507.762705,45170.359057,45170.359094,752.8393182333333,0.0,39507.762705,5088.847171993251,108.23082419999999,95.97620935593221,91.42554477219093,1.3283046947731063,46,64,,False,True,,242,56.69694568066818
24,2026-09-19T05:45:30.652+00:00,2026-09-19T05:46:11.436+00:00,2026-09-19T05:46:18.704+00:00,True,77,77.0,,77.0,40784.67307,48052.325165999995,48052.324949999995,624.0561681818182,0.0,40784.67307,4637.667985750109,113.850207,95.6270012631579,82.30827264850497,1.6024198565625765,46,64,,False,True,,376,56.69694568066818
25,2026-09-19T05:45:31.157+00:00,2026-09-19T05:46:14.354+00:00,2026-09-19T05:46:18.816+00:00,True,48,48.0,,48.0,43196.673482,47658.841034,47658.840986999996,992.8925205625,42.684360999999996,43196.673482,6221.235644369795,111.689658,94.93973514893617,21.466932755267703,1.0071583563216868,46,64,,False,True,,213,56.69694568066818
26,2026-09-19T05:45:31.490+00:00,2026-09-19T05:46:16.240+00:00,2026-09-19T05:46:25.397+00:00,True,93,93.0,,93.0,44750.471042000005,53907.586946,53907.58685100001,579.651471516129,0.0,44750.471042000005,4631.468211137464,117.2374106,99.53386852173912,113.74288046849118,1.7251746047019212,46,64,,False,True,,516,56.69694568066818
27,2026-09-19T05:45:31.796+00:00,2026-09-19T05:46:17.866+00:00,2026-09-19T05:46:26.934+00:00,True,90,90.0,,90.0,46070.268907,55138.698475,55138.698482,612.6522053555556,0.0,46070.268907,4846.867070012982,115.90566995,101.89246705617978,116.0857053580655,1.6322474503239532,46,64,,False,True,,349,56.69694568066818
28,2026-09-19T05:45:32.154+00:00,2026-09-19T05:46:20.407+00:00,2026-09-19T05:46:23.117+00:00,True,32,32.0,,32.0,48252.354465000004,50962.668193000005,50962.668361000004,1592.5833862812501,0.0,48252.354465000004,8516.17437456358,507.7348466,87.4294750967742,174.89341821834674,0.6279106085814277,46,64,,False,True,,156,56.69694568066818
29,2026-09-19T05:45:32.609+00:00,2026-09-19T05:46:22.818+00:00,2026-09-19T05:46:25.718+00:00,True,30,30.0,,30.0,50208.507508,53108.58226,53108.582182000006,1770.2860727333334,4.62972,50208.507508,9148.544608717772,116.1089488,100.0025776551724,21.817049909101918,0.5648804529017755,46,64,,False,True,,140,56.69694568066818
30,2026-09-19T05:45:32.991+00:00,2026-09-19T05:46:24.650+00:00,2026-09-19T05:46:32.212+00:00,True,74,74.0,,74.0,51658.409831,59220.792167,59220.791977,800.2809726621621,0.0,51658.409831,5993.790261219841,118.94509685000001,103.59427857534246,89.878860487191,1.2495611303429257,46,64,,False,True,,314,56.69694568066818
31,2026-09-19T05:45:33.495+00:00,2026-09-19T05:46:27.468+00:00,2026-09-19T05:46:29.560+00:00,True,22,22.0,,22.0,53972.500332,56065.159532000005,56065.159533000005,2548.416342409091,0.0,53972.500332,11486.946624714601,780.1664675500001,99.65043809523809,171.2950856080387,0.3924005600562535,46,64,,False,True,,96,56.69694568066818
32,2026-09-19T05:45:33.913+00:00,2026-09-19T05:46:29.561+00:00,2026-09-19T05:46:31.886+00:00,True,24,24.0,,24.0,55647.550016,57972.666176,57972.666271,2415.5277612916666,50.668781,55647.550016,11338.383765023878,113.30821655,101.09200695652173,15.780606364043186,0.41398820484015825,46,64,,False,True,,114,56.69694568066818
33,2026-09-19T05:45:34.377+00:00,2026-09-19T05:46:32.211+00:00,2026-09-19T05:46:35.940+00:00,True,37,37.0,,37.0,57833.966249,61562.469545,61562.469482,1663.8505265405404,50.358402000000005,57833.966249,9490.82797495521,112.8798428,103.569536,13.415568205621408,0.6010155257490816,46,64,,False,True,,176,56.69694568066818
34,2026-09-19T05:45:34.785+00:00,2026-09-19T05:46:34.508+00:00,2026-09-19T05:46:41.426+00:00,True,70,70.0,,70.0,59723.058990000005,66640.535854,66640.535843,952.0076549,0.0,59723.058990000005,7127.503704486615,112.64290145000001,100.25328788405797,132.58461147031213,1.050411721678831,46,64,,False,True,,355,56.69694568066818
35,2026-09-19T05:45:35.159+00:00,2026-09-19T05:46:36.773+00:00,2026-09-19T05:46:39.603+00:00,True,30,30.0,,30.0,61614.389438,64443.652541999996,64443.652641,2148.1217547,0.0,61614.389438,11233.131822178622,809.4685199500001,97.56079668965516,201.60665361161307,0.46552296179128017,46,64,,False,True,,94,56.69694568066818
36,2026-09-19T05:45:35.513+00:00,2026-09-19T05:46:39.355+00:00,2026-09-19T05:46:42.603+00:00,True,40,40.0,,40.0,63842.701926,67090.416486,67090.416677,1677.260416925,0.0,63842.701926,10081.327743424179,109.67529530000002,83.2747323076923,39.951341019306966,0.5962103396443655,46,64,,False,True,,188,56.69694568066818
37,2026-09-19T05:45:35.873+00:00,2026-09-19T05:46:40.437+00:00,2026-09-19T05:46:45.278+00:00,True,50,50.0,,50.0,64564.351867,69405.027963,69405.0278,1388.1005559999999,45.839103,64564.351867,9116.827311605224,113.47987334999999,98.78930808163265,19.305606031803723,0.720408902171398,46,64,,False,True,,278,56.69694568066818
38,2026-09-19T05:45:36.391+00:00,2026-09-19T05:46:43.247+00:00,2026-09-19T05:46:52.917+00:00,True,100,100.0,,100.0,66856.146823,76525.796743,76525.79694700001,765.25796947,0.0,66856.146823,6676.6134714529135,111.46883495,97.67323151515151,101.65564374805669,1.3067488906497042,46,64,,False,True,,438,56.69694568066818
39,2026-09-19T05:45:36.826+00:00,2026-09-19T05:46:45.178+00:00,2026-09-19T05:46:51.344+00:00,True,65,65.0,,65.0,68351.33885799999,74517.33898599999,74517.33911199999,1146.4206017230767,0.0,68351.33885799999,8466.869628660628,111.28938240000001,96.343752,122.99423390881618,0.8722802086667633,46,64,,False,True,,314,56.69694568066818
40,2026-09-19T05:45:37.371+00:00,2026-09-19T05:46:47.978+00:00,2026-09-19T05:46:55.660+00:00,True,74,74.0,,74.0,70607.53299600001,78289.40589200001,78289.405863,1057.9649440945948,0.0,70607.53299600001,8197.104723171176,166.9746095,105.23113556164384,151.37083686210903,0.9452109025080964,46,64,,False,True,,298,56.69694568066818
41,2026-09-19T05:45:37.902+00:00,2026-09-19T05:46:51.333+00:00,2026-09-19T05:46:56.242+00:00,True,51,51.0,,51.0,73431.174082,78340.034242,78340.034265,1536.079103235294,0.0,73431.174082,10269.387543180015,184.572672,98.17720320000001,122.32856760904188,0.6510081402626917,46,64,,False,True,,229,56.69694568066818
42,2026-09-19T05:45:38.311+00:00,2026-09-19T05:46:53.015+00:00,2026-09-19T05:47:01.409+00:00,True,84,84.0,,84.0,74704.548388,83098.529828,83098.529706,989.2682107857142,0.016829999999999998,74704.548388,8140.392059215815,114.29165550000002,101.1323065060241,90.04470875258586,1.0108482084323982,46,64,,False,True,,293,56.69694568066818
43,2026-09-19T05:45:38.783+00:00,2026-09-19T05:46:55.930+00:00,2026-09-19T05:46:57.546+00:00,True,17,17.0,,17.0,77147.12886,78762.469148,78762.46918,4633.086422352941,54.835860999999994,77147.12886,18686.44564462276,15519.379648799999,100.958768,13.578657138197862,0.21583884029912584,46,64,,False,True,,70,56.69694568066818
44,2026-09-19T05:45:39.142+00:00,2026-09-19T05:46:57.764+00:00,2026-09-19T05:47:00.768+00:00,True,31,31.0,,31.0,78622.750741,81626.710037,81626.710075,2633.1196798387095,46.609970999999994,78622.750741,14103.092559047045,115.5255035,100.13197653333333,20.1392313370667,0.3797776485901273,46,64,,False,True,,159,56.69694568066818
45,2026-09-19T05:45:39.585+00:00,2026-09-19T05:47:00.768+00:00,2026-09-19T05:47:07.079+00:00,True,66,66.0,,66.0,81183.01185899999,87494.57998699999,87494.58000199999,1325.6754545757574,0.0,81183.01185899999,9982.022608075076,114.26972425,97.10104812307692,144.99677968139846,0.7543324399043498,46,64,,False,True,,270,56.69694568066818
46,2026-09-19T05:45:40.060+00:00,2026-09-19T05:47:04.847+00:00,2026-09-19T05:47:07.579+00:00,True,41,41.0,,41.0,84787.46455599999,87518.885228,87518.88531799999,2134.6069589756094,0.0,84787.46455599999,13230.989936824899,114.68041099999999,68.2855168,45.727085428737034,0.46847031807122275,46,64,,False,True,,130,56.69694568066818
47,2026-09-19T05:45:40.372+00:00,2026-09-19T05:47:05.253+00:00,2026-09-19T05:47:11.179+00:00,True,61,61.0,,61.0,84881.24192100001,90806.92460900001,90806.92451900001,1488.6381068688527,46.458011,84881.24192100001,10855.297043329501,113.948022,98.76137813333334,16.785549599221866,0.6717549378822835,46,64,,False,True,,263,56.69694568066818
48,2026-09-19T05:45:40.866+00:00,2026-09-19T05:47:07.996+00:00,2026-09-19T05:47:13.910+00:00,True,61,61.0,,61.0,87130.071318,93043.73711,93043.73708400001,1525.3071653114755,44.680395,87130.071318,11143.257378244092,114.99564000000001,98.56109653333333,18.036413769746527,0.6556056527252703,46,64,,False,True,,346,56.69694568066818
49,2026-09-19T05:45:41.267+00:00,2026-09-19T05:47:10.387+00:00,2026-09-19T05:47:14.419+00:00,True,43,43.0,,43.0,89120.536691,93152.832627,93152.832731,2166.3449472325583,41.802642,89120.536691,13576.129262453242,112.0499171,96.0070460952381,20.941930384078855,0.4616070041818204,46,64,,False,True,,138,56.69694568066818
50,2026-09-19T05:45:41.761+00:00,2026-09-19T05:47:13.139+00:00,2026-09-19T05:47:20.673+00:00,True,80,80.0,,80.0,91378.240426,98911.90161,98911.90156,1236.3987695,0.0,91378.240426,10207.377528238667,111.62442249999998,95.36279979746836,184.2247728467769,0.8088005457162497,46,64,,False,True,,160,56.69694568066818
51,2026-09-19T05:45:42.107+00:00,2026-09-19T05:47:15.501+00:00,2026-09-19T05:47:16.200+00:00,True,8,8.0,,8.0,93393.584622,94093.07415799999,94093.07431099999,11761.634288874999,93.331491,93393.584622,32984.289303370344,60742.95869765001,99.92707657142857,5.300660349742815,0.08502219819671843,46,64,,False,True,,36,56.69694568066818
52,2026-09-19T05:45:42.405+00:00,2026-09-19T05:47:17.459+00:00,2026-09-19T05:47:17.999+00:00,True,14,14.0,,14.0,95053.38889300001,95594.06140500001,95594.06142400001,6828.147244571429,0.01591,95053.38889300001,25393.021328161576,33364.67496915001,41.59019323076923,52.455221687490706,0.14645261216266028,46,64,,False,True,,62,56.69694568066818
53,2026-09-19T05:45:42.785+00:00,2026-09-19T05:47:18.876+00:00,2026-09-19T05:47:21.602+00:00,True,29,29.0,,29.0,96091.320471,98817.393303,98817.393295,3407.496320517241,0.0,96091.320471,17827.31100924538,848.9951853999999,97.359744,249.23015098978678,0.2934706030048618,46,64,,False,True,,135,56.69694568066818
54,2026-09-19T05:45:43.230+00:00,2026-09-19T05:47:21.191+00:00,2026-09-19T05:47:30.017+00:00,True,90,90.0,,90.0,97961.049116,106787.276828,106787.276629,1186.5252958777778,45.500424,97961.049116,10315.562449902023,112.01748225,99.17109788764044,17.55023330169741,0.8427970323183828,46,64,,False,True,,322,56.69694568066818
55,2026-09-19T05:45:43.620+00:00,2026-09-19T05:47:23.149+00:00,2026-09-19T05:47:27.241+00:00,True,43,43.0,,43.0,99528.42907299999,103620.80564899999,103620.80569099999,2409.786178860465,43.732087,99528.42907299999,15163.098725441347,112.759412,97.43753752380952,21.347750592277745,0.41497457707148194,46,64,,False,True,,149,56.69694568066818
56,2026-09-19T05:45:43.978+00:00,2026-09-19T05:47:25.340+00:00,2026-09-19T05:47:28.231+00:00,True,31,31.0,,31.0,101362.328314,104253.17017,104253.170281,3363.0054929354837,46.6735,101362.328314,18187.916123122413,111.967177,96.3613952,20.848005375141618,0.29735306801174466,46,64,,False,True,,183,56.69694568066818
57,2026-09-19T05:45:44.423+00:00,2026-09-19T05:47:27.763+00:00,2026-09-19T05:47:29.049+00:00,True,14,14.0,,14.0,103340.830475,104626.771467,104626.77163799999,7473.340831285714,47.177378,103340.830475,27592.56585537208,36239.8964905,98.91853784615384,15.95330635554654,0.1338089649876628,46,64,,True,True,,41,56.69694568066818
58,2026-09-19T05:45:44.826+00:00,2026-09-19T05:47:29.910+00:00,2026-09-19T05:47:37.070+00:00,True,73,73.0,,73.0,105083.82953,112243.783962,112243.78396300001,1537.5860816849315,46.29471,105083.82953,12287.502677150405,110.63700100000001,99.44381155555556,15.575813286167458,0.6503700910930984,46,64,,True,True,,275,56.69694568066818
59,2026-09-19T05:45:45.310+00:00,2026-09-19T05:47:32.940+00:00,2026-09-19T05:47:40.536+00:00,True,80,80.0,,80.0,107629.602078,115225.82838199999,115225.82819999999,1440.3228525,44.303636,107629.602078,12022.622850909098,111.36553244999999,96.15476334177215,20.90694902080252,0.6942887816330701,46,64,,True,True,,345,56.69694568066818
60,2026-09-19T05:45:45.789+00:00,2026-09-19T05:47:35.304+00:00,2026-09-19T05:47:40.064+00:00,True,51,51.0,,51.0,109515.105934,114275.218318,114275.21849900001,2240.6905588039217,48.387845999999996,109515.105934,15321.865683727965,113.1755875,95.20224768000001,21.28695849146765,0.4462909872381908,46,64,,True,True,,219,56.69694568066818
61,2026-09-19T05:45:46.171+00:00,2026-09-19T05:47:36.965+00:00,2026-09-19T05:47:44.906+00:00,True,83,83.0,,83.0,110794.30588300001,118734.791515,118734.79149100001,1430.5396565180724,45.915400999999996,110794.30588300001,12150.643786970237,111.98603990000001,96.83519063414634,20.945918988973958,0.6990368950916501,46,64,,True,True,,249,56.69694568066818
62,2026-09-19T05:45:46.545+00:00,2026-09-19T05:47:39.068+00:00,2026-09-19T05:47:43.657+00:00,True,48,48.0,,48.0,112523.40779099999,117112.39851099999,117112.39849899999,2439.8416353958332,48.117946,112523.40779099999,16227.273874839391,112.44337705,97.6381004255319,19.76102339767689,0.4098626670641667,46,64,,True,True,,239,56.69694568066818
63,2026-09-19T05:45:46.922+00:00,2026-09-19T05:47:41.446+00:00,2026-09-19T05:47:43.342+00:00,True,19,19.0,,19.0,114524.805985,116420.592481,116420.59262,6127.399611578948,100.767522,114524.805985,26249.630219307055,11552.5541338,105.321472,3.436415827098653,0.1632013683756233,46,64,,True,True,,82,56.69694568066818
64,2026-09-19T05:45:47.271+00:00,2026-09-19T05:47:43.339+00:00,2026-09-19T05:47:49.432+00:00,True,62,62.0,,62.0,116067.435033,122160.731161,122160.73115200001,1970.334373419355,47.259848,116067.435033,14727.900903988108,110.43931055000002,99.8901004590164,15.44876906721682,0.5075280690509947,46,64,,True,True,,233,56.69694568066818
65,2026-09-19T05:45:47.818+00:00,2026-09-19T05:47:45.941+00:00,2026-09-19T05:47:46.048+00:00,True,2,2.0,,2.0,118122.92472400001,118229.96651600001,118229.96654200001,59114.983271000005,107.041818,118122.92472400001,83449.83109055017,112222.1305787,107.041792,nan,0.016916185117326753,46,64,,True,True,,3,56.69694568066818
66,2026-09-19T05:45:48.310+00:00,2026-09-19T05:47:48.584+00:00,2026-09-19T05:47:57.909+00:00,True,96,96.0,,96.0,120273.833212,129598.499068,129598.498985,1349.9843644270834,45.271042,120273.833212,12265.390317950172,111.34966025,98.15437743157895,16.85417624085208,0.7407493195552292,46,64,,True,True,,414,56.69694568066818
67,2026-09-19T05:45:48.822+00:00,2026-09-19T05:47:51.539+00:00,2026-09-19T05:47:53.600+00:00,True,21,21.0,,21.0,122717.65812000001,124778.50292000001,124778.502886,5941.833470761905,95.75300299999999,122717.65812000001,26756.70311034852,110.884038,103.04224,4.249312646822481,0.16829822051530668,46,64,,True,True,,107,56.69694568066818
68,2026-09-19T05:45:49.345+00:00,2026-09-19T05:47:54.005+00:00,2026-09-19T05:48:01.096+00:00,True,73,73.0,,73.0,124659.290082,131750.197986,131750.197896,1804.7972314520548,42.53166,124659.290082,14578.749705123755,111.3666372,98.484832,17.33481151472432,0.554078863758194,46,64,,True,True,,241,56.69694568066818
69,2026-09-19T05:45:49.780+00:00,2026-09-19T05:47:55.994+00:00,2026-09-19T05:47:58.909+00:00,True,31,31.0,,31.0,126213.15454199999,129128.207854,129128.20776099998,4165.426056806451,46.921859,126213.15454199999,22651.107665539,110.68362850000001,97.16844373333333,19.23085086683784,0.24007148023807812,46,64,,True,True,,140,56.69694568066818
70,2026-09-19T05:45:50.075+00:00,2026-09-19T05:47:57.903+00:00,2026-09-19T05:48:00.054+00:00,True,22,22.0,,22.0,127828.027032,129978.56988,129978.569756,5908.116807090909,54.496052000000006,127828.027032,27231.19627789678,112.91942205000001,102.40680228571428,12.067840932051602,0.16925867102793204,46,64,,True,True,,93,56.69694568066818
71,2026-09-19T05:45:50.469+00:00,2026-09-19T05:48:00.263+00:00,2026-09-19T05:48:07.193+00:00,True,71,71.0,,71.0,129793.60796,136723.397912,136723.397856,1925.681659943662,45.375612999999994,129793.60796,15391.929103551083,111.8309215,98.99699931428572,18.158358788337615,0.5192966316248087,46,64,,True,True,,345,56.69694568066818
72,2026-09-19T05:45:50.884+00:00,2026-09-19T05:48:02.538+00:00,2026-09-19T05:48:11.854+00:00,True,94,94.0,,94.0,131654.492375,140969.918935,140969.91899,1499.6799892553192,41.597879999999996,131654.492375,13568.8035734463,111.43700065000002,100.16587698924731,17.2402346486297,0.666808924273714,46,64,,True,True,,374,56.69694568066818
73,2026-09-19T05:45:51.403+00:00,2026-09-19T05:48:05.016+00:00,2026-09-19T05:48:06.979+00:00,True,21,21.0,,21.0,133612.808619,135575.870891,135575.870796,6455.993847428571,50.000292,133612.808619,29135.29328796807,114.26416099999999,98.1531136,20.49329723256614,0.1548948191296041,46,64,,True,True,,77,56.69694568066818
74,2026-09-19T05:45:52.226+00:00,2026-09-19T05:48:07.514+00:00,2026-09-19T05:48:11.427+00:00,True,40,40.0,,40.0,135288.028271,139200.59710299998,139200.597036,3480.0149258999995,51.488808,135288.028271,21375.05941877409,111.82025825000001,100.32227774358974,16.611048864188902,0.28735508921992936,46,64,,True,True,,158,56.69694568066818
75,2026-09-19T05:45:52.295+00:00,2026-09-19T05:48:10.259+00:00,2026-09-19T05:48:17.799+00:00,True,76,76.0,,76.0,137964.25182300003,145504.42769500002,145504.42776400002,1914.5319442631583,46.062931,137964.25182300003,15814.060145353364,112.32909525000001,100.53567829333333,15.337778253072942,0.5223208750685433,46,64,,True,True,,189,56.69694568066818
76,2026-09-19T05:45:52.600+00:00,2026-09-19T05:48:11.533+00:00,2026-09-19T05:48:21.239+00:00,True,97,97.0,,97.0,138933.867313,148639.766577,148639.766374,1532.3687255051545,47.075148999999996,138933.867313,14096.339493296928,111.4957356,101.10311733333333,15.116662423240742,0.6525844478486247,46,64,,True,True,,429,56.69694568066818
77,2026-09-19T05:45:52.901+00:00,2026-09-19T05:48:13.096+00:00,2026-09-19T05:48:13.667+00:00,True,7,7.0,,7.0,140194.54899799998,140765.51373399998,140765.51380999997,20109.359115714284,55.423300000000005,140194.54899799998,52952.59448242548,98168.1225773,95.16078933333333,19.70085578792697,0.049728089034844665,46,64,,True,True,,18,56.69694568066818
78,2026-09-19T05:45:53.355+00:00,2026-09-19T05:48:15.844+00:00,2026-09-19T05:48:21.032+00:00,True,52,52.0,,52.0,142488.559331,147676.594659,147676.594535,2839.9345102884613,45.033614,142488.559331,19745.50759886372,113.41529399999999,101.72618290196078,16.21425673540158,0.352120795580865,46,64,,True,True,,222,56.69694568066818
79,2026-09-19T05:45:53.757+00:00,2026-09-19T05:48:18.015+00:00,2026-09-19T05:48:27.525+00:00,True,98,98.0,,98.0,144258.29503,153768.12415000002,153768.124324,1569.062493102041,42.44928,144258.29503,14562.39733085995,111.75966950000002,98.03947546391753,19.128669792774787,0.6373232459049933,46,64,,True,True,,441,56.69694568066818
80,2026-09-19T05:45:54.106+00:00,2026-09-19T05:48:20.151+00:00,2026-09-19T05:48:26.574+00:00,True,68,68.0,,68.0,146044.482304,152467.590912,152467.590884,2242.1704541764707,46.841849,146044.482304,17698.881259164486,110.9710585,95.86729265671642,20.745342934565475,0.44599642188383287,46,64,,True,True,,325,56.69694568066818
81,2026-09-19T05:45:54.513+00:00,2026-09-19T05:48:22.061+00:00,2026-09-19T05:48:23.625+00:00,True,17,17.0,,17.0,147547.793194,149111.835946,149111.835953,8771.284467823529,48.372116,147547.793194,35761.89254967214,29596.809729200002,97.752672,19.156589908031627,0.1140083876786042,46,64,,True,True,,95,56.69694568066818
82,2026-09-19T05:45:54.816+00:00,2026-09-19T05:48:23.518+00:00,2026-09-19T05:48:32.558+00:00,True,94,94.0,,94.0,148701.099172,157742.010532,157742.010663,1678.1064964148934,44.790262999999996,148701.099172,15327.33332547347,112.08225214999999,97.21410064516128,19.987142340177527,0.5959097369367616,46,64,,True,True,,343,56.69694568066818
83,2026-09-19T05:45:55.267+00:00,2026-09-19T05:48:26.469+00:00,2026-09-19T05:48:33.514+00:00,True,71,71.0,,71.0,151201.514506,158246.348554,158246.348678,2228.8218123661973,47.658617,151201.514506,17932.381462131678,113.6499465,100.6404864,15.821675023037624,0.4486675405074004,46,64,,True,True,,323,56.69694568066818
84,2026-09-19T05:45:55.570+00:00,2026-09-19T05:48:28.165+00:00,2026-09-19T05:48:32.018+00:00,True,41,41.0,,41.0,152594.68526899998,156447.91074099997,156447.91066399997,3815.802699121951,48.925174,152594.68526899998,23816.249557739487,110.918778,96.3306368,19.561636403821787,0.26206805706645475,46,64,,True,True,,163,56.69694568066818
85,2026-09-19T05:45:55.889+00:00,2026-09-19T05:48:29.833+00:00,2026-09-19T05:48:36.481+00:00,True,67,67.0,,67.0,153943.170097,160591.721009,160591.720996,2396.891358149254,47.380068,153943.170097,18794.851932557856,110.9204647,100.73561987878787,16.570495579866446,0.41720706135433433,46,64,,True,True,,318,56.69694568066818
86,2026-09-19T05:45:56.411+00:00,2026-09-19T05:48:32.233+00:00,2026-09-19T05:48:36.911+00:00,True,47,47.0,,47.0,155821.480138,160499.47873,160499.47854200003,3414.882522170213,46.061892,155821.480138,22714.07093266278,113.2042303,101.6956215652174,16.53491091383691,0.2928358420345133,46,64,,True,True,,188,56.69694568066818
87,2026-09-19T05:45:56.708+00:00,2026-09-19T05:48:33.939+00:00,2026-09-19T05:48:39.935+00:00,True,61,61.0,,61.0,157230.723653,163226.675013,163226.674979,2675.8471308032786,44.138525,157230.723653,20118.546260951967,114.188811,99.93252266666667,20.25186583961988,0.37371342640620303,46,64,,True,True,,255,56.69694568066818
88,2026-09-19T05:45:57.144+00:00,2026-09-19T05:48:36.482+00:00,2026-09-19T05:48:36.588+00:00,True,2,2.0,,2.0,159337.631629,159443.559565,159443.55976,79721.77988,105.928131,159337.631629,112593.8173233215,151376.04645410003,105.927936,nan,0.012543623621151434,46,64,,True,True,,7,56.69694568066818
89,2026-09-19T05:45:57.518+00:00,2026-09-19T05:48:38.694+00:00,2026-09-19T05:48:41.967+00:00,True,32,32.0,,32.0,161175.87189500002,164448.94479100002,164448.94476500002,5139.029523906251,48.342956,161175.87189500002,28473.475427849968,113.44458245,105.58299664516129,10.971956661838195,0.19458926927545298,46,64,,True,True,,122,56.69694568066818
90,2026-09-19T05:45:58.021+00:00,2026-09-19T05:48:41.004+00:00,2026-09-19T05:48:41.004+00:00,True,1,1.0,,1.0,162982.522824,162982.522824,162982.522824,162982.522824,162982.522824,162982.522824,nan,162982.522824,nan,nan,0.006135627198996486,46,64,,True,True,,3,56.69694568066818
91,2026-09-19T05:45:58.441+00:00,2026-09-19T05:48:43.319+00:00,2026-09-19T05:48:45.072+00:00,True,19,19.0,,19.0,164878.43148300002,166630.98751500002,166630.9874,8770.051968421054,48.732416,164878.43148300002,37803.373552610596,16589.673111000004,97.364224,18.06809892859033,0.1140244097652583,46,64,,True,True,,83,56.69694568066818
92,2026-09-19T05:45:58.903+00:00,2026-09-19T05:48:46.248+00:00,2026-09-19T05:48:55.300+00:00,True,91,91.0,,91.0,167344.728991,176396.741279,176396.741175,1938.4257271978024,41.810801,167344.728991,17531.957558594342,112.4137405,100.5779143111111,15.525646399219477,0.5158825460163619,46,64,,True,True,,332,56.69694568066818
93,2026-09-19T05:45:59.389+00:00,2026-09-19T05:48:48.656+00:00,2026-09-19T05:48:50.219+00:00,True,17,17.0,,17.0,169267.271118,170829.613518,170829.613362,10048.800786,53.809353,169267.271118,41029.6640700307,33942.53551,97.6464,17.24991073110623,0.09951436200029067,46,64,,True,True,,74,56.69694568066818
94,2026-09-19T05:45:59.760+00:00,2026-09-19T05:48:50.638+00:00,2026-09-19T05:48:53.368+00:00,True,27,27.0,,27.0,170877.49968,173607.68208,173607.681967,6429.914146925927,97.483082,170877.49968,32865.181803881154,114.5215827,105.00701538461539,4.26702722725985,0.1555230717702812,46,64,,True,True,,130,56.69694568066818
95,2026-09-19T05:46:00.257+00:00,2026-09-19T05:48:53.265+00:00,2026-09-19T05:48:59.608+00:00,True,65,65.0,,65.0,173007.839977,179350.337513,179350.337475,2759.235961153846,46.608911,173007.839977,21446.69684650162,112.4765904,99.101524,17.913451883435588,0.3624191674313886,46,64,,True,True,,302,56.69694568066818
96,2026-09-19T05:46:00.599+00:00,2026-09-19T05:48:54.985+00:00,2026-09-19T05:49:02.623+00:00,True,79,79.0,,79.0,174386.026207,182023.69020699998,182023.690189,2304.097344164557,45.491743,174386.026207,19608.952992645187,112.82969599999998,97.91876923076923,18.80063533834909,0.4340094408049856,46,64,,True,True,,373,56.69694568066818
97,2026-09-19T05:46:00.927+00:00,2026-09-19T05:48:56.930+00:00,2026-09-19T05:48:59.196+00:00,True,24,24.0,,24.0,176002.495537,178268.63467300002,178268.63479500002,7427.859783125001,46.68932,176002.495537,35906.25275270585,112.01281435000001,98.52778852173913,20.676139761828598,0.1346282818849398,46,64,,True,True,,111,56.69694568066818
98,2026-09-19T05:46:01.449+00:00,2026-09-19T05:48:59.602+00:00,2026-09-19T05:49:01.623+00:00,True,21,21.0,,21.0,178153.183534,180174.651438,180174.651449,8579.745307095238,47.629748,178153.183534,38854.157833406876,109.45340300000002,101.07339520000001,12.812795384616235,0.11655357639044092,46,64,,True,True,,28,56.69694568066818
99,2026-09-19T05:46:01.823+00:00,2026-09-19T05:49:01.411+00:00,2026-09-19T05:49:07.827+00:00,True,65,65.0,,65.0,179587.826801,186003.584881,186003.58498699998,2861.5936151846154,50.039523,179587.826801,22262.700731822064,113.9716054,100.24622,16.897711844951377,0.3494556303395186,46,64,,True,True,,245,56.69694568066818
100,2026-09-19T05:46:02.232+00:00,2026-09-19T05:49:04.307+00:00,2026-09-19T05:49:07.724+00:00,True,35,35.0,,35.0,182074.701571,185491.79110700003,185491.790962,5299.765456057144,49.279554,182074.701571,30759.25888361716,113.757526,100.5026334117647,18.130715644960766,0.18868759523600923,46,64,,True,True,,173,56.69694568066818
101,2026-09-19T05:46:02.695+00:00,2026-09-19T05:49:06.862+00:00,2026-09-19T05:49:10.243+00:00,True,35,35.0,,35.0,184166.91134700002,187548.031859,187548.03187200002,5358.515196342858,47.463178,184166.91134700002,31113.08748393597,114.91819770000001,99.44472094117647,21.137188681513095,0.18661886052908971,46,64,,True,True,,145,56.69694568066818
102,2026-09-19T05:46:03.174+00:00,2026-09-19T05:49:09.063+00:00,2026-09-19T05:49:10.724+00:00,True,18,18.0,,18.0,185889.43576300002,187549.95057900003,187549.95048600002,10419.441693666668,47.475877,185889.43576300002,43791.54308937053,27982.027873900002,97.67734211764706,22.9609942301822,0.09597443211491552,46,64,,True,True,,52,56.69694568066818
103,2026-09-19T05:46:03.587+00:00,2026-09-19T05:49:11.425+00:00,2026-09-19T05:49:18.241+00:00,True,68,68.0,,68.0,187837.71127,194653.925286,194653.925463,2862.557727397059,47.289468,187837.71127,22766.336490765956,112.81229435000002,101.7345375522388,15.595291454268608,0.3493379334636553,46,64,,True,True,,288,56.69694568066818
104,2026-09-19T05:46:03.935+00:00,2026-09-19T05:49:13.191+00:00,2026-09-19T05:49:13.191+00:00,True,1,1.0,,1.0,189255.870005,189255.870005,189255.870005,189255.870005,189255.870005,189255.870005,nan,189255.870005,nan,nan,0.005283851961757281,46,64,,True,True,,3,56.69694568066818
105,2026-09-19T05:46:04.454+00:00,2026-09-19T05:49:16.226+00:00,2026-09-19T05:49:19.404+00:00,True,34,34.0,,34.0,191771.52381400001,194949.97450200003,194949.97456700003,5733.822781382353,48.164407,191771.52381400001,32872.03390375514,112.76073185000001,96.31668751515151,21.901495111721843,0.1744037160653806,46,64,,True,True,,169,56.69694568066818
106,2026-09-19T05:46:04.934+00:00,2026-09-19T05:49:18.775+00:00,2026-09-19T05:49:19.764+00:00,True,13,13.0,,13.0,193840.626606,194829.27019,194829.27031,14986.866946923077,46.139022,193840.626606,53738.87333560065,77602.77534780001,82.38696533333332,27.741871718662143,0.06672508698165441,46,64,,True,True,,40,56.69694568066818
107,2026-09-19T05:46:05.364+00:00,2026-09-19T05:49:21.123+00:00,2026-09-19T05:49:30.228+00:00,True,89,89.0,,89.0,195759.470172,204864.381788,204864.38166,2301.84698494382,48.097387000000005,195759.470172,20739.498795047777,113.7332924,103.46490472727274,12.485469004216778,0.434433742084556,46,64,,True,True,,311,56.69694568066818
108,2026-09-19T05:46:05.804+00:00,2026-09-19T05:49:23.847+00:00,2026-09-19T05:49:27.628+00:00,True,37,37.0,,37.0,198043.508918,201823.740086,201823.740134,5454.695679297298,53.131395,198043.508918,32540.890816835174,114.4146028,105.00642133333332,9.878847000479544,0.18332828429516648,46,64,,True,True,,194,56.69694568066818
109,2026-09-19T05:46:06.113+00:00,2026-09-19T05:49:25.443+00:00,2026-09-19T05:49:33.524+00:00,True,79,79.0,,79.0,199329.77108399998,207410.97223599997,207410.972353,2625.455346240506,50.721471,199329.77108399998,22414.699219723483,115.2927141,103.60514297435897,14.030775519878967,0.38088631063409145,46,64,,True,True,,337,56.69694568066818
110,2026-09-19T05:46:06.602+00:00,2026-09-19T05:49:28.139+00:00,2026-09-19T05:49:31.352+00:00,True,32,32.0,,32.0,201537.43471,204750.464086,204750.463991,6398.45199971875,50.280961000000005,201537.43471,35608.802469509275,115.813698,103.64610890322581,14.855975569886024,0.15628780204649134,46,64,,True,True,,146,56.69694568066818
111,2026-09-19T05:46:07.338+00:00,2026-09-19T05:49:29.907+00:00,2026-09-19T05:49:33.417+00:00,True,35,35.0,,35.0,202569.023906,206078.91728199998,206078.91735899998,5887.969067399999,55.874778,202569.023906,34222.96850020596,116.042782,103.23215811764705,15.561775686533624,0.16983784882810563,46,64,,True,True,,166,56.69694568066818
112,2026-09-19T05:46:07.547+00:00,2026-09-19T05:49:33.636+00:00,2026-09-19T05:49:38.474+00:00,True,48,48.0,,48.0,206089.28843000002,210927.21918200003,210927.21903600002,4394.3170632500005,49.364014000000005,206089.28843000002,29731.57268851328,113.49321775,102.93469685106383,14.569381356188588,0.2275666468564347,46,64,,True,True,,197,56.69694568066818
113,2026-09-19T05:46:08.026+00:00,2026-09-19T05:49:36.392+00:00,2026-09-19T05:49:40.107+00:00,True,38,38.0,,38.0,208366.183502,212081.401934,212081.401901,5581.089523710526,44.432616,208366.183502,33785.17237363719,110.78781035,100.41130897297298,14.032595723329987,0.17917648437568162,46,64,,True,True,,125,56.69694568066818
114,2026-09-19T05:46:08.340+00:00,2026-09-19T05:49:38.364+00:00,2026-09-19T05:49:39.283+00:00,True,10,10.0,,10.0,210024.012952,210943.887,210943.886998,21094.388699799998,96.956852,210024.012952,66383.10345811844,115561.90900135001,102.20822755555555,4.086641497780026,0.047405971996713994,46,64,,True,True,,31,56.69694568066818
115,2026-09-19T05:46:08.732+00:00,2026-09-19T05:49:40.370+00:00,2026-09-19T05:49:42.572+00:00,True,24,24.0,,24.0,211638.64533899998,213839.98549899997,213839.98551099998,8909.999396291665,46.329603999999996,211638.64533899998,43181.02576052485,111.83958395000002,95.71044173913043,21.23614725292914,0.11223345317759684,46,64,,True,True,,100,56.69694568066818
116,2026-09-19T05:46:09.172+00:00,2026-09-19T05:49:42.782+00:00,2026-09-19T05:49:49.463+00:00,True,71,71.0,,71.0,213609.909352,220291.07568799998,220291.07556899998,3102.691205197183,44.793817000000004,213609.909352,25339.514650550806,112.935504,95.44523337142856,22.300541968942884,0.32230084572539774,46,64,,True,True,,347,56.69694568066818
117,2026-09-19T05:46:09.620+00:00,2026-09-19T05:49:44.891+00:00,2026-09-19T05:49:53.190+00:00,True,87,87.0,,87.0,215270.59993,223570.184954,223570.184931,2569.772240586207,41.981853,215270.59993,23069.092139043485,111.2386976,96.50680260465117,19.200738952049726,0.38913954478277335,46,64,,True,True,,412,56.69694568066818
118,2026-09-19T05:46:10.002+00:00,2026-09-19T05:49:46.913+00:00,2026-09-19T05:49:51.616+00:00,True,51,51.0,,51.0,216910.763334,221613.871942,221613.871935,4345.370037941177,45.521045,216910.763334,30360.418171711648,110.64471550000002,94.06217216,21.29596748869413,0.23012999842062026,46,64,,True,True,,222,56.69694568066818
119,2026-09-19T05:46:10.408+00:00,2026-09-19T05:49:49.042+00:00,2026-09-19T05:49:54.909+00:00,True,62,62.0,,62.0,218634.055106,224501.16166600003,224501.161778,3620.986480290323,45.162805,218634.055106,27754.34361368266,108.96420305,96.18207475409835,18.377526401413885,0.27616783601431893,46,64,,True,True,,209,56.69694568066818
120,2026-09-19T05:46:10.818+00:00,2026-09-19T05:49:50.844+00:00,2026-09-19T05:49:55.011+00:00,True,44,44.0,,44.0,220026.458482,224192.92683399998,224192.92689899998,5095.2937931590905,47.507281000000006,220026.458482,33155.63376056445,107.84940135,96.8946128372093,17.48552191921757,0.19625953691473544,46,64,,True,True,,247,56.69694568066818
121,2026-09-19T05:46:11.295+00:00,2026-09-19T05:49:53.814+00:00,2026-09-19T05:50:00.077+00:00,True,64,64.0,,64.0,222519.065146,228781.88575400002,228781.885786,3574.71696540625,45.289114999999995,222519.065146,27802.462743606327,111.51481799999999,99.40985092063492,18.15230313741378,0.27974242711163166,46,64,,True,True,,278,56.69694568066818
122,2026-09-19T05:46:11.604+00:00,2026-09-19T05:49:55.540+00:00,2026-09-19T05:49:59.751+00:00,True,43,43.0,,43.0,223936.76186199998,228147.78522199998,228147.785385,5305.762450813953,45.118046,223936.76186199998,34134.75088997421,112.31449210000001,100.26246095238095,18.21386607461216,0.1884743257891314,46,64,,True,True,,183,56.69694568066818
123,2026-09-19T05:46:11.957+00:00,2026-09-19T05:49:57.130+00:00,2026-09-19T05:50:01.852+00:00,True,49,49.0,,49.0,225173.055166,229895.46003000002,229895.46009100002,4691.744083489796,44.666287,225173.055166,32153.53093651785,117.01015100000001,98.38343466666667,20.50760713114636,0.21314035515797392,46,64,,True,True,,197,56.69694568066818
124,2026-09-19T05:46:12.388+00:00,2026-09-19T05:49:59.648+00:00,2026-09-19T05:50:02.964+00:00,True,35,35.0,,35.0,227259.440331,230575.667403,230575.667185,6587.876205285714,43.767489999999995,227259.440331,38397.376113103855,112.9857611,97.53609035294117,22.033437054826088,0.1517939876059299,46,64,,True,True,,175,56.69694568066818
125,2026-09-19T05:46:12.819+00:00,2026-09-19T05:50:02.332+00:00,2026-09-19T05:50:04.937+00:00,True,27,27.0,,27.0,229513.28319400002,232117.92882600002,232117.92870800002,8596.960322518518,49.385527,229513.28319400002,44150.574993401104,110.3164213,100.17867815384616,14.979031717831452,0.11632018317826585,46,64,,True,True,,123,56.69694568066818
126,2026-09-19T05:46:13.188+00:00,2026-09-19T05:50:04.216+00:00,2026-09-19T05:50:13.325+00:00,True,95,95.0,,95.0,231027.960616,240137.319208,240137.319083,2527.761253505263,45.765674,231027.960616,23693.034007919876,113.2355408,96.90807012765957,19.49389818264295,0.3956069815109152,46,64,,True,True,,342,56.69694568066818
127,2026-09-19T05:46:13.619+00:00,2026-09-19T05:50:06.776+00:00,2026-09-19T05:50:13.767+00:00,True,72,72.0,,72.0,233156.673257,240147.975913,240147.976,3335.3885555555553,47.009431,233156.673257,27466.17888353454,112.32518605000001,98.46905149295775,18.460130660620774,0.2998151440846785,46,64,,True,True,,300,56.69694568066818
128,2026-09-19T05:46:14.146+00:00,2026-09-19T05:50:10.056+00:00,2026-09-19T05:50:13.980+00:00,True,39,39.0,,39.0,235909.749281,239834.04214499998,239834.041997,6149.5908204358975,50.826142999999995,235909.749281,37759.25816214478,113.9039868,103.27086484210527,12.815185317233281,0.16261244505240502,46,64,,True,True,,167,56.69694568066818
129,2026-09-19T05:46:14.496+00:00,2026-09-19T05:50:12.038+00:00,2026-09-19T05:50:17.931+00:00,True,59,59.0,,59.0,237542.36156299998,243435.39145099997,243435.39144399998,4126.02358379661,47.469809999999995,237542.36156299998,30912.158854226123,115.9785528,101.6039635862069,18.08643223613367,0.2423641018190892,46,64,,True,True,,237,56.69694568066818
130,2026-09-19T05:46:14.935+00:00,2026-09-19T05:50:14.192+00:00,2026-09-19T05:50:22.287+00:00,True,84,84.0,,84.0,239257.613496,247352.00684000002,247352.006788,2944.6667474761907,45.890435,239257.613496,26094.5129242646,111.80884865,97.52281137349397,20.18820048811014,0.3395970021554566,46,64,,True,True,,356,56.69694568066818
131,2026-09-19T05:46:15.437+00:00,2026-09-19T05:50:17.132+00:00,2026-09-19T05:50:23.462+00:00,True,67,67.0,,67.0,241694.637747,248025.052339,248025.052302,3701.8664522686568,48.009349,241694.637747,29515.9883231345,112.6604993,95.91537260606061,19.970085329472838,0.27013400206211663,46,64,,True,True,,237,56.69694568066818
132,2026-09-19T05:46:15.815+00:00,2026-09-19T05:50:19.732+00:00,2026-09-19T05:50:26.959+00:00,True,77,77.0,,77.0,243916.699411,251143.333139,251143.333003,3261.6017273116886,47.947081,243916.699411,27786.05783344732,112.88180179999999,95.08728589473684,18.928075756917966,0.3065978261799325,46,64,,True,True,,332,56.69694568066818
133,2026-09-19T05:46:16.288+00:00,2026-09-19T05:50:21.584+00:00,2026-09-19T05:50:30.303+00:00,True,90,90.0,,90.0,245295.959548,254015.743996,254015.743981,2822.3971553444444,43.181132,245295.959548,25846.14250321952,110.32989150000002,97.97510615730337,17.0378019388855,0.35430874710434185,46,64,,True,True,,363,56.69694568066818
134,2026-09-19T05:46:16.657+00:00,2026-09-19T05:50:23.207+00:00,2026-09-19T05:50:32.782+00:00,True,98,98.0,,98.0,246550.153112,256125.058712,256125.058885,2613.5210090306123,45.999184,246550.153112,24895.36038694717,111.4527314,98.71036701030928,16.154699932517605,0.3826255833490942,46,64,,True,True,,338,56.69694568066818
135,2026-09-19T05:46:17.019+00:00,2026-09-19T05:50:25.087+00:00,2026-09-19T05:50:34.591+00:00,True,97,97.0,,97.0,248068.256876,257571.874924,257571.875032,2655.380154969072,48.155199,248068.256876,25177.46879583802,111.6902922,98.99602133333333,15.931510854413293,0.3765939120046439,46,64,,True,True,,430,56.69694568066818
136,2026-09-19T05:46:17.409+00:00,2026-09-19T05:50:27.363+00:00,2026-09-19T05:50:31.134+00:00,True,37,37.0,,37.0,249953.808794,253724.232346,253724.23223300002,6857.411681972973,96.960367,249953.808794,41074.9350230396,110.22184379999999,104.73398755555556,3.502262494240728,0.145827616297775,46,64,,True,True,,159,56.69694568066818
137,2026-09-19T05:46:17.764+00:00,2026-09-19T05:50:29.456+00:00,2026-09-19T05:50:36.957+00:00,True,75,75.0,,75.0,251692.00841100002,259193.18037900003,259193.18041000003,3455.9090721333337,47.9544,251692.00841100002,29051.187781626544,111.9643837,101.36718875675675,13.0571279125844,0.2893594649764039,46,64,,True,True,,282,56.69694568066818
138,2026-09-19T05:46:18.064+00:00,2026-09-19T05:50:31.140+00:00,2026-09-19T05:50:36.957+00:00,True,59,59.0,,59.0,253076.324322,258893.606114,258893.606038,4388.027220983051,45.114596,253076.324322,32934.67634456847,110.0526429,100.29796193103448,14.105028165518872,0.2278928432632678,46,64,,True,True,,270,56.69694568066818
139,2026-09-19T05:46:18.472+00:00,2026-09-19T05:50:32.684+00:00,2026-09-19T05:50:38.731+00:00,True,62,62.0,,62.0,254211.95097900002,260259.65145900002,260259.65157400002,4197.736315709678,43.311220999999996,254211.95097900002,32272.364162645485,112.141111,99.14263081967214,18.526051155041273,0.23822363417622255,46,64,,True,True,,305,56.69694568066818
140,2026-09-19T05:46:18.946+00:00,2026-09-19T05:50:35.215+00:00,2026-09-19T05:50:39.538+00:00,True,44,44.0,,44.0,256268.63530599998,260591.17636199997,260591.17633299998,5922.526734840909,47.639131,256268.63530599998,38618.800410788965,114.2951254,100.52421060465117,19.079575518315234,0.16884685281468415,46,64,,True,True,,203,56.69694568066818
141,2026-09-19T05:46:19.313+00:00,2026-09-19T05:50:37.489+00:00,2026-09-19T05:50:44.406+00:00,True,70,70.0,,70.0,258176.230493,265093.164381,265093.164239,3787.045203414286,49.642855000000004,258176.230493,30845.98554913758,114.45792245000001,100.24541866666667,18.5123034288854,0.26405811014950903,46,64,,True,True,,282,56.69694568066818
142,2026-09-19T05:46:19.670+00:00,2026-09-19T05:50:39.165+00:00,2026-09-19T05:50:39.324+00:00,True,3,3.0,,3.0,259495.34203600002,259654.155732,259654.15564,86551.38521333334,48.765118,259495.34203600002,149773.8631738632,233556.812681,79.406848,43.333856802479424,0.011553830099666984,46,64,,True,True,,4,56.69694568066818
143,2026-09-19T05:46:20.198+00:00,2026-09-19T05:50:42.622+00:00,2026-09-19T05:50:49.115+00:00,True,67,67.0,,67.0,262423.713437,268917.055133,268917.055255,4013.6873918656715,48.398879,262423.713437,32048.144115434145,110.652664,98.3839650909091,16.871217176412397,0.24914745539981978,46,64,,True,True,,291,56.69694568066818
144,2026-09-19T05:46:20.589+00:00,2026-09-19T05:50:44.203+00:00,2026-09-19T05:50:53.531+00:00,True,99,99.0,,99.0,263613.25836000004,272941.60447200004,272941.60434400005,2756.9859024646466,44.579217,263613.25836000004,26484.569870160667,110.42384200000001,95.18720522448979,19.654584858291724,0.3627149484649417,46,64,,True,True,,398,56.69694568066818
145,2026-09-19T05:46:21.070+00:00,2026-09-19T05:50:47.140+00:00,2026-09-19T05:50:50.536+00:00,True,36,36.0,,36.0,266069.687799,269465.322487,269465.322467,7485.1478463055555,47.524511,266069.687799,44328.78247764341,117.09137625000001,97.01813394285715,19.578441043897584,0.13359789552044035,46,64,,True,True,,104,56.69694568066818
146,2026-09-19T05:46:21.538+00:00,2026-09-19T05:50:49.784+00:00,2026-09-19T05:50:54.240+00:00,True,47,47.0,,47.0,268246.089981,272702.128637,272702.128685,5802.172950744681,44.478208,268246.089981,39113.58780254512,111.1323446,96.8704055652174,18.258986783346213,0.17234922306955208,46,64,,True,True,,272,56.69694568066818
147,2026-09-19T05:46:22.745+00:00,2026-09-19T05:50:51.856+00:00,2026-09-19T05:50:57.815+00:00,True,62,62.0,,62.0,269111.806306,275070.128482,275070.128433,4436.614974725806,46.597563,269111.806306,34164.83325936045,111.50815655000001,97.67741272131148,18.117293579628964,0.2253970663486899,46,64,,True,True,,223,56.69694568066818
148,2026-09-19T05:46:22.821+00:00,2026-09-19T05:50:54.032+00:00,2026-09-19T05:50:56.223+00:00,True,23,23.0,,23.0,271210.700022,273402.161398,273402.161434,11887.050497130434,45.042167,271210.700022,56530.57209286448,112.5007665,99.61188072727273,16.87800020829277,0.08412515790801736,46,64,,True,True,,127,56.69694568066818
149,2026-09-19T05:46:22.894+00:00,2026-09-19T05:50:56.695+00:00,2026-09-19T05:51:06.530+00:00,True,99,99.0,,99.0,273800.98888099997,283636.138193,283636.138122,2865.011496181818,47.204061,273800.98888099997,27507.95316761139,111.33323,100.35866644897959,16.376373764285685,0.34903873896575033,46,64,,True,True,,477,56.69694568066818
150,2026-09-19T05:46:23.317+00:00,2026-09-19T05:50:59.173+00:00,2026-09-19T05:50:59.731+00:00,True,7,7.0,,7.0,275856.1488,276414.336832,276414.33685900003,39487.76240842858,44.880567,275856.1488,104228.66368242055,193132.8775089,93.03133866666667,24.077168620120585,0.025324301482431727,46,64,,True,True,,20,56.69694568066818
151,2026-09-19T05:46:23.689+00:00,2026-09-19T05:51:01.127+00:00,2026-09-19T05:51:03.509+00:00,True,24,24.0,,24.0,277437.466694,279820.119366,279820.119247,11659.171635291666,50.506934,277437.466694,56610.54111850343,113.74278645,103.5935944347826,12.53359368965587,0.08576938661300622,46,64,,True,True,,110,56.69694568066818
152,2026-09-19T05:46:24.097+00:00,2026-09-19T05:51:03.406+00:00,2026-09-19T05:51:10.675+00:00,True,76,76.0,,76.0,279309.088653,286578.49742100004,286578.497362,3770.769702131579,46.438364,279309.088653,32027.83777946918,111.8807185,96.92545023999999,19.926343692173383,0.26519784521150486,46,64,,True,True,,362,56.69694568066818
153,2026-09-19T05:46:24.465+00:00,2026-09-19T05:51:05.001+00:00,2026-09-19T05:51:12.551+00:00,True,80,80.0,,80.0,280536.11774,288086.212588,288086.212635,3601.0776579375,41.625684,280536.11774,31354.213086679658,110.63441585000001,95.5708208607595,20.718805822269154,0.2776946500886879,46,64,,True,True,,398,56.69694568066818
154,2026-09-19T05:46:24.820+00:00,2026-09-19T05:51:07.312+00:00,2026-09-19T05:51:07.360+00:00,True,2,2.0,,2.0,282491.386866,282539.555826,282539.555845,141269.7779225,48.168979,282491.386866,199717.51466804728,268369.22597165004,48.16896,nan,0.007078654860035549,46,64,,True,True,,3,56.69694568066818
155,2026-09-19T05:46:25.212+00:00,2026-09-19T05:51:09.533+00:00,2026-09-19T05:51:16.672+00:00,True,72,72.0,,72.0,284320.91571100004,291459.71993500006,291459.719929,4048.051665680556,46.143204,284320.91571100004,33495.69493013437,110.00568804999999,100.54653836619718,14.74083937435565,0.24703242017818822,46,64,,True,True,,258,56.69694568066818
156,2026-09-19T05:46:25.528+00:00,2026-09-19T05:51:11.095+00:00,2026-09-19T05:51:13.131+00:00,True,22,22.0,,22.0,285566.811423,287602.300191,287602.30021200003,13072.831827818181,49.094208,285566.811423,60862.386691924024,112.31336515000001,96.92803657142856,19.76399702704314,0.07649452033377184,46,64,,True,True,,70,56.69694568066818
157,2026-09-19T05:46:25.881+00:00,2026-09-19T05:51:12.763+00:00,2026-09-19T05:51:16.828+00:00,True,42,42.0,,42.0,286882.26344,290946.999952,290946.999922,6927.309521952381,45.545576000000004,286882.26344,44251.600123703094,110.3662295,99.13991492682926,17.693698416365958,0.1443561886079908,46,64,,True,True,,182,56.69694568066818
158,2026-09-19T05:46:26.271+00:00,2026-09-19T05:51:14.898+00:00,2026-09-19T05:51:24.438+00:00,True,96,96.0,,96.0,288627.613395,298167.239635,298167.239624,3105.9087460833334,48.01215,288627.613395,29447.68890471557,114.09169100000001,100.41711831578948,17.671708022953524,0.3219669609495595,46,64,,True,True,,347,56.69694568066818
159,2026-09-19T05:46:26.806+00:00,2026-09-19T05:51:17.947+00:00,2026-09-19T05:51:18.313+00:00,True,5,5.0,,5.0,291140.894325,291506.422901,291506.422886,58301.2845772,47.95855,291140.894325,130161.30122947515,232934.093559,91.382144,28.96330518759082,0.017152280729327448,46,64,,True,True,,17,56.69694568066818
160,2026-09-19T05:46:27.248+00:00,2026-09-19T05:51:19.783+00:00,2026-09-19T05:51:27.358+00:00,False,78,77.0,,77.0,292534.872399,300109.963855,300109.963857,3847.5636391923076,0.039409999999999994,292534.872399,33111.92013830946,112.3500185,98.37781111688311,22.37486889357422,0.256572620951709,46,64,,True,False,Request timeout: 300.0s exceeded,314,56.69694568066818
161,2026-09-19T05:46:27.636+00:00,2026-09-19T05:51:22.092+00:00,2026-09-19T05:51:27.677+00:00,False,58,57.0,,57.0,294456.14152,300041.08488,300041.084755,5173.122150948276,0.02057,294456.14152,38651.12776209284,114.87888720000001,97.98146245614035,24.744074119853863,0.18997398313899871,46,64,,True,False,Request timeout: 300.0s exceeded,187,56.69694568066818
162,2026-09-19T05:46:27.950+00:00,2026-09-19T05:51:24.434+00:00,2026-09-19T05:51:25.769+00:00,True,14,14.0,,14.0,296484.489181,297818.585821,297818.58589,21272.756135,53.436227,296484.489181,79211.38708041035,103843.38430335,102.62281846153846,15.486636066987264,0.047008483239573635,46,64,,True,True,,60,56.69694568066818
163,2026-09-19T05:46:28.398+00:00,2026-09-19T05:51:26.829+00:00,2026-09-19T05:51:27.251+00:00,True,6,6.0,,6.0,298430.38847899996,298852.66047899995,298852.66043099994,49808.77673849999,51.579252000000004,298430.38847899996,121799.22040242284,223850.05772424996,84.4544,29.427222653597195,0.02007678295512987,46,64,,True,True,,13,56.69694568066818
164,2026-09-19T05:46:28.766+00:00,2026-09-19T05:51:28.513+00:00,2026-09-19T05:51:29.491+00:00,False,11,10.0,,10.0,299747.68266500003,300725.27191300003,300725.271742,27338.661067454548,0.03445,299747.68266500003,90347.85740699068,149933.31885100002,97.7589248,34.68560105698727,0.03325294191734243,46,64,,True,False,Request timeout: 300.0s exceeded,31,56.69694568066818
165,2026-09-19T05:46:29.176+00:00,2026-09-19T05:51:29.386+00:00,2026-09-19T05:51:29.604+00:00,False,4,3.0,,3.0,300209.64333600004,300428.36666400003,300428.36654500006,75107.09163625001,0.04051,300209.64333600004,150068.3767291023,255195.51999600005,72.907776,63.40336160425969,0.009985741470795296,46,64,,True,False,Request timeout: 300.0s exceeded,11,56.69694568066818
166,2026-09-19T05:46:29.604+00:00,2026-09-19T05:51:29.622+00:00,2026-09-19T05:51:29.622+00:00,False,1,0.0,,0.0,300017.877778,300017.877778,300017.877778,300017.877778,300017.877778,300017.877778,nan,300017.877778,nan,nan,0.0,46,64,,True,False,"HTTPConnectionPool(host='gpu03', port=9002): Read timed out.",0,56.69694568066818
167,2026-09-19T05:46:30.056+00:00,2026-09-19T05:51:30.130+00:00,2026-09-19T05:51:30.130+00:00,False,1,0.0,,0.0,300073.156236,300073.156236,300073.156236,300073.156236,300073.156236,300073.156236,nan,300073.156236,nan,nan,0.0,46,64,,True,False,"HTTPConnectionPool(host='gpu03', port=9002): Read timed out.",0,56.69694568066818
168,2026-09-19T05:46:30.463+00:00,2026-09-19T05:51:30.509+00:00,2026-09-19T05:51:30.509+00:00,False,1,0.0,,0.0,300045.849148,300045.849148,300045.849148,300045.849148,300045.849148,300045.849148,nan,300045.849148,nan,nan,0.0,46,64,,True,False,"HTTPConnectionPool(host='gpu03', port=9002): Read timed out.",0,56.69694568066818
169,2026-09-19T05:46:30.913+00:00,2026-09-19T05:51:30.984+00:00,2026-09-19T05:51:30.984+00:00,False,1,0.0,,0.0,300071.36131300003,300071.36131300003,300071.36131300003,300071.36131300003,300071.36131300003,300071.36131300003,nan,300071.36131300003,nan,nan,0.0,46,64,,True,False,TTFT timeout: 300.0s exceeded (TTFT: 300.065s),0,56.69694568066818
170,2026-09-19T05:46:31.380+00:00,2026-09-19T05:51:31.099+00:00,2026-09-19T05:51:31.411+00:00,False,6,5.0,,5.0,299719.606564,300031.356196,300031.356198,50005.226033000006,0.02734,299719.606564,122334.56941232944,224816.85695050002,62.3499264,45.1490184481236,0.016664924837834865,46,64,,True,False,Request timeout: 300.0s exceeded,26,56.69694568066818
171,2026-09-19T05:46:31.906+00:00,2026-09-19T05:51:32.003+00:00,2026-09-19T05:51:32.003+00:00,False,1,0.0,,0.0,300096.823645,300096.823645,300096.823645,300096.823645,300096.823645,300096.823645,nan,300096.823645,nan,nan,0.0,46,64,,True,False,"HTTPConnectionPool(host='gpu03', port=9002): Read timed out.",0,56.69694568066818
172,2026-09-19T05:46:32.364+00:00,2026-09-19T05:51:32.412+00:00,2026-09-19T05:51:32.412+00:00,False,1,0.0,,0.0,300048.71985000005,300048.71985000005,300048.71985000005,300048.71985000005,300048.71985000005,300048.71985000005,nan,300048.71985000005,nan,nan,0.0,46,64,,True,False,TTFT timeout: 300.0s exceeded (TTFT: 300.037s),0,56.69694568066818
173,2026-09-19T05:46:32.785+00:00,2026-09-19T05:51:32.779+00:00,2026-09-19T05:51:32.912+00:00,False,3,2.0,,2.0,299993.497917,300126.06009299995,300126.060153,100042.02005099998,0.04693,299993.497917,173163.0720233554,270007.39965589996,66.281088,93.66936050147454,0.006663866507894253,46,64,,True,False,Request timeout: 300.0s exceeded,3,56.69694568066818
174,2026-09-19T05:46:33.087+00:00,2026-09-19T05:51:33.023+00:00,2026-09-19T05:51:33.140+00:00,False,3,2.0,,2.0,299935.247927,300052.235063,300052.23502799997,100017.411676,0.02427,299935.247927,173133.93473585125,269953.4194174,58.493568,82.68800350335596,0.006665506089564949,46,64,,True,False,Request timeout: 300.0s exceeded,8,56.69694568066818
175,2026-09-19T05:46:33.630+00:00,2026-09-19T05:51:33.734+00:00,2026-09-19T05:51:33.734+00:00,False,1,0.0,,0.0,300104.327755,300104.327755,300104.327755,300104.327755,300104.327755,300104.327755,nan,300104.327755,nan,nan,0.0,46,64,,True,False,"HTTPConnectionPool(host='gpu03', port=9002): Read timed out.",0,56.69694568066818
176,2026-09-19T05:46:34.006+00:00,2026-09-19T05:51:34.026+00:00,2026-09-19T05:51:34.026+00:00,False,1,0.0,,0.0,300019.740449,300019.740449,300019.740449,300019.740449,300019.740449,300019.740449,nan,300019.740449,nan,nan,0.0,46,64,,True,False,TTFT timeout: 300.0s exceeded (TTFT: 300.008s),0,56.69694568066818
177,2026-09-19T05:46:34.454+00:00,2026-09-19T05:51:34.278+00:00,2026-09-19T05:51:34.548+00:00,False,4,3.0,,3.0,299824.073151,300093.949119,300093.949021,75023.48725525,0.023469999999999998,299824.073151,149867.07081472955,254871.46963305,89.958656,78.05441691539339,0.00999686934310819,46,64,,True,False,Request timeout: 300.0s exceeded,11,56.69694568066818
178,2026-09-19T05:46:34.884+00:00,2026-09-19T05:51:34.655+00:00,2026-09-19T05:51:34.901+00:00,False,5,4.0,,4.0,299770.979055,300017.169135,300017.16904,60003.433808,0.09148,299770.979055,134034.13884149093,239837.67143600003,61.54752,47.63641378957852,0.013332570304335161,46,64,,True,False,Request timeout: 300.0s exceeded,11,56.69694568066818
179,2026-09-19T05:46:35.228+00:00,2026-09-19T05:51:35.298+00:00,2026-09-19T05:51:35.298+00:00,False,1,0.0,,0.0,300070.185744,300070.185744,300070.185744,300070.185744,300070.185744,300070.185744,nan,300070.185744,nan,nan,0.0,46,64,,True,False,"HTTPConnectionPool(host='gpu03', port=9002): Read timed out.",0,56.69694568066818
180,2026-09-19T05:46:35.749+00:00,2026-09-19T05:51:35.752+00:00,2026-09-19T05:51:35.891+00:00,False,3,2.0,,2.0,300002.910485,300141.787669,300141.787746,100047.262582,0.034390000000000004,300002.910485,173166.68462259124,270016.5037236,69.438592,98.15248537644825,0.006663517318040446,46,64,,True,False,Request timeout: 300.0s exceeded,16,56.69694568066818
181,2026-09-19T05:46:36.086+00:00,2026-09-19T05:51:36.015+00:00,2026-09-19T05:51:36.150+00:00,False,3,2.0,,2.0,299929.09941100003,300064.55029100005,300064.55042000004,100021.51680666668,0.03846,299929.09941100003,173125.0581763578,269949.7307248,67.72544,95.72392996489017,0.00666523252433657,46,64,,True,False,Request timeout: 300.0s exceeded,5,56.69694568066818
182,2026-09-19T05:46:36.621+00:00,2026-09-19T05:51:36.676+00:00,2026-09-19T05:51:36.676+00:00,False,1,0.0,,0.0,300054.59155,300054.59155,300054.59155,300054.59155,300054.59155,300054.59155,nan,300054.59155,nan,nan,0.0,46,64,,True,False,"HTTPConnectionPool(host='gpu03', port=9002): Read timed out.",0,56.69694568066818
183,2026-09-19T05:46:37.714+00:00,2026-09-19T05:51:37.333+00:00,2026-09-19T05:51:37.995+00:00,False,8,7.0,,7.0,299618.529746,300280.715986,300280.716116,37535.0895145,0.034689,299618.529746,105897.70897339375,194795.74608180003,94.59803428571428,42.64370481119925,0.02331152027866605,46,64,,True,False,Request timeout: 300.0s exceeded,15,56.69694568066818
184,2026-09-19T05:46:37.784+00:00,2026-09-19T05:51:37.680+00:00,2026-09-19T05:51:37.998+00:00,False,5,4.0,,4.0,299896.37657200004,300213.66118000005,300213.66102400003,60042.732204800006,0.027039999999999998,299896.37657200004,134082.27128378427,239939.82391940005,79.321152,53.213960230441586,0.013323844039201492,46,64,,True,False,Request timeout: 300.0s exceeded,12,56.69694568066818
185,2026-09-19T05:46:37.967+00:00,2026-09-19T05:51:37.994+00:00,2026-09-19T05:51:38.095+00:00,False,3,2.0,,2.0,300026.119913,300127.377129,300127.377351,100042.45911699999,0.0782,300026.119913,173190.93796842304,270033.62584550004,50.628608,71.4892422827209,0.006663837265136813,46,64,,True,False,Request timeout: 300.0s exceeded,5,56.69694568066818
186,2026-09-19T05:46:38.292+00:00,2026-09-19T05:51:38.322+00:00,2026-09-19T05:51:38.322+00:00,False,1,0.0,,0.0,300030.79048,300030.79048,300030.79048,300030.79048,300030.79048,300030.79048,nan,300030.79048,nan,nan,0.0,46,64,,True,False,"HTTPConnectionPool(host='gpu03', port=9002): Read timed out.",0,56.69694568066818
187,2026-09-19T05:46:38.634+00:00,2026-09-19T05:51:38.926+00:00,2026-09-19T05:51:39.476+00:00,False,7,6.0,,6.0,300292.519535,300842.619247,300842.61924300005,42977.51703471429,0.0277,300292.519535,113465.26735904133,210260.38843370002,91.68328533333333,67.0086911566133,0.019943982720991522,46,64,,True,False,Request timeout: 300.0s exceeded,23,56.69694568066818
188,2026-09-19T05:46:39.003+00:00,2026-09-19T05:51:39.359+00:00,2026-09-19T05:51:39.526+00:00,False,5,4.0,,4.0,300356.754557,300523.867005,300523.867014,60104.773402800005,0.02042,300356.754557,134304.94269616355,240298.44911760002,41.778112,28.692757716000738,0.013310090941740243,46,64,,True,False,Request timeout: 300.0s exceeded,13,56.69694568066818
189,2026-09-19T05:46:39.533+00:00,2026-09-19T05:51:39.614+00:00,2026-09-19T05:51:39.614+00:00,False,1,0.0,,0.0,300080.62625800003,300080.62625800003,300080.62625800003,300080.62625800003,300080.62625800003,300080.62625800003,nan,300080.62625800003,nan,nan,0.0,46,64,,True,False,"HTTPConnectionPool(host='gpu03', port=9002): Read timed out.",0,56.69694568066818
190,2026-09-19T05:46:40.046+00:00,2026-09-19T05:51:40.053+00:00,2026-09-19T05:51:40.053+00:00,False,1,0.0,,0.0,300006.834323,300006.834323,300006.834323,300006.834323,300006.834323,300006.834323,nan,300006.834323,nan,nan,0.0,46,64,,True,False,"HTTPConnectionPool(host='gpu03', port=9002): Read timed out.",0,56.69694568066818
191,2026-09-19T05:46:40.547+00:00,2026-09-19T05:51:40.654+00:00,2026-09-19T05:51:40.654+00:00,False,1,0.0,,0.0,300107.52685799997,300107.52685799997,300107.52685799997,300107.52685799997,300107.52685799997,300107.52685799997,nan,300107.52685799997,nan,nan,0.0,46,64,,True,False,"HTTPConnectionPool(host='gpu03', port=9002): Read timed out.",0,56.69694568066818
192,2026-09-19T05:46:41.086+00:00,2026-09-19T05:51:40.951+00:00,2026-09-19T05:51:41.171+00:00,False,4,3.0,,3.0,299864.803412,300084.3037,300084.303488,75021.075872,0.04547,299864.803412,149895.8283325342,254904.80941040002,73.16676266666667,66.96661173532797,0.009997190666124136,46,64,,True,False,Request timeout: 300.0s exceeded,13,56.69694568066818
193,2026-09-19T05:46:41.419+00:00,2026-09-19T05:51:41.084+00:00,2026-09-19T05:51:41.519+00:00,False,7,6.0,,6.0,299664.816438,300100.201526,300100.201389,42871.45734128571,0.027499,299664.816438,113235.23381791933,209795.4965616,72.56418133333332,40.60676948838072,0.019993322128709648,46,64,,True,False,Request timeout: 300.0s exceeded,26,56.69694568066818
194,2026-09-19T05:46:41.874+00:00,2026-09-19T05:51:41.954+00:00,2026-09-19T05:51:41.954+00:00,False,1,0.0,,0.0,300080.518496,300080.518496,300080.518496,300080.518496,300080.518496,300080.518496,nan,300080.518496,nan,nan,0.0,46,64,,True,False,"HTTPConnectionPool(host='gpu03', port=9002): Read timed out.",0,56.69694568066818
195,2026-09-19T05:46:42.219+00:00,2026-09-19T05:51:42.332+00:00,2026-09-19T05:51:42.332+00:00,False,1,0.0,,0.0,300113.676379,300113.676379,300113.676379,300113.676379,300113.676379,300113.676379,nan,300113.676379,nan,nan,0.0,46,64,,True,False,"HTTPConnectionPool(host='gpu03', port=9002): Read timed out.",0,56.69694568066818
196,2026-09-19T05:46:42.516+00:00,2026-09-19T05:51:42.537+00:00,2026-09-19T05:51:42.537+00:00,False,1,0.0,,0.0,300021.80097399995,300021.80097399995,300021.80097399995,300021.80097399995,300021.80097399995,300021.80097399995,nan,300021.80097399995,nan,nan,0.0,46,64,,True,False,TTFT timeout: 300.0s exceeded (TTFT: 300.015s),0,56.69694568066818
197,2026-09-19T05:46:43.038+00:00,2026-09-19T05:51:42.818+00:00,2026-09-19T05:51:43.138+00:00,False,5,4.0,,4.0,299780.571854,300100.46843,300100.468289,60020.0936578,0.039598999999999995,299780.571854,134030.18987613078,239846.80422799996,79.974144,53.422307658527124,0.013328869564670541,46,64,,True,False,Request timeout: 300.0s exceeded,12,56.69694568066818
198,2026-09-19T05:46:43.355+00:00,2026-09-19T05:51:43.441+00:00,2026-09-19T05:51:43.441+00:00,False,1,0.0,,0.0,300086.52172799996,300086.52172799996,300086.52172799996,300086.52172799996,300086.52172799996,300086.52172799996,nan,300086.52172799996,nan,nan,0.0,46,64,,True,False,"HTTPConnectionPool(host='gpu03', port=9002): Read timed out.",0,56.69694568066818
199,2026-09-19T05:46:43.851+00:00,2026-09-19T05:51:43.944+00:00,2026-09-19T05:51:43.944+00:00,False,1,0.0,,0.0,300093.31378799997,300093.31378799997,300093.31378799997,300093.31378799997,300093.31378799997,300093.31378799997,nan,300093.31378799997,nan,nan,0.0,46,64,,True,False,"HTTPConnectionPool(host='gpu03', port=9002): Read timed out.",0,56.69694568066818
200,2026-09-19T05:46:44.342+00:00,2026-09-19T05:51:44.349+00:00,2026-09-19T05:51:44.483+00:00,False,3,2.0,,2.0,300007.044462,300141.437806,300141.437862,100047.145954,0.022879,300007.044462,173170.36487465017,270019.7770679,67.196672,94.9982234469313,0.006663525085438965,46,64,,True,False,Request timeout: 300.0s exceeded,7,56.69694568066818
201,2026-09-19T05:46:44.807+00:00,2026-09-19T05:51:44.628+00:00,2026-09-19T05:51:44.840+00:00,False,4,3.0,,3.0,299821.13313200005,300033.1459320001,300033.14588500006,75008.28647125002,0.03772,299821.13313200005,149875.23945010023,254864.32144805003,70.67093333333332,61.2471052963812,0.009998895257659046,46,64,,True,False,Request timeout: 300.0s exceeded,11,56.69694568066818
202,2026-09-19T05:46:45.318+00:00,2026-09-19T05:51:45.370+00:00,2026-09-19T05:51:45.370+00:00,False,1,0.0,,0.0,300052.083708,300052.083708,300052.083708,300052.083708,300052.083708,300052.083708,nan,300052.083708,nan,nan,0.0,46,64,,True,False,"HTTPConnectionPool(host='gpu03', port=9002): Read timed out.",0,56.69694568066818
203,2026-09-19T05:46:45.663+00:00,2026-09-19T05:51:45.773+00:00,2026-09-19T05:51:45.773+00:00,False,1,0.0,,0.0,300110.128662,300110.128662,300110.128662,300110.128662,300110.128662,300110.128662,nan,300110.128662,nan,nan,0.0,46,64,,True,False,"HTTPConnectionPool(host='gpu03', port=9002): Read timed out.",0,56.69694568066818
204,2026-09-19T05:46:46.028+00:00,2026-09-19T05:51:46.011+00:00,2026-09-19T05:51:46.171+00:00,False,3,2.0,,2.0,299982.60819400003,300142.22752200003,300142.227587,100047.40919566668,0.02479,299982.60819400003,173148.97982520334,270000.3068349,79.809664,112.83279148605891,0.006663507552776467,46,64,,True,False,Request timeout: 300.0s exceeded,3,56.69694568066818
205,2026-09-19T05:46:46.490+00:00,2026-09-19T05:51:46.171+00:00,2026-09-19T05:51:46.583+00:00,False,6,5.0,,5.0,299681.07141900004,300093.092155,300093.09230300004,50015.51538383334,0.025979,299681.07141900004,122310.65084282216,224789.07913450003,82.4041472,46.6464658240743,0.016661496484622403,46,64,,True,False,Request timeout: 300.0s exceeded,21,56.69694568066818
206,2026-09-19T05:46:47.010+00:00,2026-09-19T05:51:47.044+00:00,2026-09-19T05:51:47.044+00:00,False,1,0.0,,0.0,300033.615546,300033.615546,300033.615546,300033.615546,300033.615546,300033.615546,nan,300033.615546,nan,nan,0.0,46,64,,True,False,"HTTPConnectionPool(host='gpu03', port=9002): Read timed out.",0,56.69694568066818
207,2026-09-19T05:46:47.436+00:00,2026-09-19T05:51:47.521+00:00,2026-09-19T05:51:47.521+00:00,False,1,0.0,,0.0,300085.834118,300085.834118,300085.834118,300085.834118,300085.834118,300085.834118,nan,300085.834118,nan,nan,0.0,46,64,,True,False,"HTTPConnectionPool(host='gpu03', port=9002): Read timed out.",0,56.69694568066818
208,2026-09-19T05:46:47.883+00:00,2026-09-19T05:51:47.823+00:00,2026-09-19T05:51:47.931+00:00,False,3,2.0,,2.0,299939.926846,300047.530558,300047.530599,100015.843533,0.037689999999999994,299939.926846,173139.34332495107,269956.6907677,53.801856,76.03409475126504,0.006665610599362672,46,64,,True,False,Request timeout: 300.0s exceeded,4,56.69694568066818
209,2026-09-19T05:46:48.384+00:00,2026-09-19T05:51:48.065+00:00,2026-09-19T05:51:48.420+00:00,False,6,5.0,,5.0,299681.676024,300036.69324,300036.69343,50006.11557166666,0.02504,299681.676024,122315.55162960668,224787.8011975,71.0034432,45.46331485839319,0.01666462840263504,46,64,,True,False,Request timeout: 300.0s exceeded,16,56.69694568066818
210,2026-09-19T05:46:48.906+00:00,2026-09-19T05:51:48.952+00:00,2026-09-19T05:51:48.952+00:00,False,1,0.0,,0.0,300046.088274,300046.088274,300046.088274,300046.088274,300046.088274,300046.088274,nan,300046.088274,nan,nan,0.0,46,64,,True,False,"HTTPConnectionPool(host='gpu03', port=9002): Read timed out.",0,56.69694568066818
211,2026-09-19T05:46:49.402+00:00,2026-09-19T05:51:49.390+00:00,2026-09-19T05:51:49.524+00:00,False,3,2.0,,2.0,299988.77349,300122.41317,300122.413331,100040.80444366667,0.02633,299988.77349,173160.03351148564,270003.25749209995,66.81984,94.46023398038759,0.006663947483546085,46,64,,True,False,Request timeout: 300.0s exceeded,5,56.69694568066818
212,2026-09-19T05:46:49.819+00:00,2026-09-19T05:51:49.655+00:00,2026-09-19T05:51:49.865+00:00,False,4,3.0,,3.0,299836.169909,300046.03691699996,300046.036912,75011.509228,0.036969,299836.169909,149883.1154880872,254877.95088485,69.95566933333333,61.33853126255768,0.009998465671552506,46,64,,True,False,Request timeout: 300.0s exceeded,6,56.69694568066818
213,2026-09-19T05:46:50.158+00:00,2026-09-19T05:51:50.264+00:00,2026-09-19T05:51:50.264+00:00,False,1,0.0,,0.0,300105.848337,300105.848337,300105.848337,300105.848337,300105.848337,300105.848337,nan,300105.848337,nan,nan,0.0,46,64,,True,False,"HTTPConnectionPool(host='gpu03', port=9002): Read timed out.",0,56.69694568066818
214,2026-09-19T05:46:50.590+00:00,2026-09-19T05:51:50.755+00:00,2026-09-19T05:51:51.464+00:00,False,8,7.0,,7.0,300164.227876,300873.46025999996,300873.460273,37609.182534125,0.0246,300164.227876,106088.26841295186,195159.900854,101.318912,48.64158289387899,0.02326559475851059,46,64,,True,False,Request timeout: 300.0s exceeded,27,56.69694568066818
215,2026-09-19T05:46:50.963+00:00,2026-09-19T05:51:51.255+00:00,2026-09-19T05:51:51.567+00:00,False,5,4.0,,4.0,300292.19483,300604.10267,300604.102663,60120.820532599995,0.02354,300292.19483,134259.88736665391,240255.328913,77.97696,52.067100581773026,0.013306538282317317,46,64,,True,False,Request timeout: 300.0s exceeded,14,56.69694568066818
216,2026-09-19T05:46:51.485+00:00,2026-09-19T05:51:51.614+00:00,2026-09-19T05:51:51.614+00:00,False,1,0.0,,0.0,300128.73646399996,300128.73646399996,300128.73646399996,300128.73646399996,300128.73646399996,300128.73646399996,nan,300128.73646399996,nan,nan,0.0,46,64,,True,False,"HTTPConnectionPool(host='gpu03', port=9002): Read timed out.",0,56.69694568066818
217,2026-09-19T05:46:51.794+00:00,2026-09-19T05:51:51.819+00:00,2026-09-19T05:51:51.819+00:00,False,1,0.0,,0.0,300025.812393,300025.812393,300025.812393,300025.812393,300025.812393,300025.812393,nan,300025.812393,nan,nan,0.0,46,64,,True,False,"HTTPConnectionPool(host='gpu03', port=9002): Read timed out.",0,56.69694568066818
218,2026-09-19T05:46:52.191+00:00,2026-09-19T05:51:52.226+00:00,2026-09-19T05:51:52.226+00:00,False,1,0.0,,0.0,300035.604744,300035.604744,300035.604744,300035.604744,300035.604744,300035.604744,nan,300035.604744,nan,nan,0.0,46,64,,True,False,"HTTPConnectionPool(host='gpu03', port=9002): Read timed out.",0,56.69694568066818
219,2026-09-19T05:46:52.698+00:00,2026-09-19T05:51:52.745+00:00,2026-09-19T05:51:52.745+00:00,False,1,0.0,,0.0,300047.730588,300047.730588,300047.730588,300047.730588,300047.730588,300047.730588,nan,300047.730588,nan,nan,0.0,46,64,,True,False,"HTTPConnectionPool(host='gpu03', port=9002): Read timed out.",0,56.69694568066818
221,2026-09-19T05:46:53.368+00:00,2026-09-19T05:51:52.992+00:00,2026-09-19T05:51:53.475+00:00,False,7,6.0,,6.0,299624.572604,300107.039932,300107.03989799996,42872.434271142854,0.023710000000000002,299624.572604,113217.05712722953,209768.17685989998,80.41122133333333,40.46173276632212,0.01999286654974677,46,64,,True,False,Request timeout: 300.0s exceeded,32,56.69694568066818
220,2026-09-19T05:46:52.997+00:00,2026-09-19T05:51:52.993+00:00,2026-09-19T05:51:53.070+00:00,False,3,2.0,,2.0,299996.071732,300073.009716,300073.00964299997,100024.33654766667,0.02517,299996.071732,173180.60697549104,270004.15583289997,38.468992,54.36789042736928,0.006665044623283089,46,64,,True,False,Request timeout: 300.0s exceeded,3,56.69694568066818
222,2026-09-19T05:46:53.805+00:00,2026-09-19T05:51:53.918+00:00,2026-09-19T05:51:53.918+00:00,False,1,0.0,,0.0,300112.67493599997,300112.67493599997,300112.67493599997,300112.67493599997,300112.67493599997,300112.67493599997,nan,300112.67493599997,nan,nan,0.0,46,64,,True,False,"HTTPConnectionPool(host='gpu03', port=9002): Read timed out.",0,56.69694568066818
223,2026-09-19T05:46:54.337+00:00,2026-09-19T05:51:54.391+00:00,2026-09-19T05:51:54.391+00:00,False,1,0.0,,0.0,300054.48155,300054.48155,300054.48155,300054.48155,300054.48155,300054.48155,nan,300054.48155,nan,nan,0.0,46,64,,True,False,"HTTPConnectionPool(host='gpu03', port=9002): Read timed out.",0,56.69694568066818
224,2026-09-19T05:46:54.692+00:00,2026-09-19T05:51:54.645+00:00,2026-09-19T05:51:54.778+00:00,False,3,2.0,,2.0,299952.89344,300085.802752,300085.80284300004,100028.60094766667,0.05063,299952.89344,173139.52886594314,269970.88997330004,66.454656,93.909392140989,0.0066647604840301645,46,64,,True,False,Request timeout: 300.0s exceeded,4,56.69694568066818
226,2026-09-19T05:46:55.740+00:00,2026-09-19T05:51:55.702+00:00,2026-09-19T05:51:55.925+00:00,False,4,3.0,,3.0,299962.270481,300184.881425,300184.881475,75046.22036875,0.03548,299962.270481,149944.04264424124,254985.43075295002,74.203648,64.45672925948732,0.009993841081398825,46,64,,True,False,Request timeout: 300.0s exceeded,9,56.69694568066818
225,2026-09-19T05:46:55.679+00:00,2026-09-19T05:51:55.704+00:00,2026-09-19T05:51:55.928+00:00,False,4,3.0,,3.0,300024.804184,300248.55996,300248.559924,75062.139981,0.022669,300024.804184,149975.11900884443,255039.52498060002,74.58525866666668,65.51630466517712,0.009991721526989735,46,64,,True,False,Request timeout: 300.0s exceeded,11,56.69694568066818
227,2026-09-19T05:46:56.068+00:00,2026-09-19T05:51:56.105+00:00,2026-09-19T05:51:56.105+00:00,False,1,0.0,,0.0,300037.09668099997,300037.09668099997,300037.09668099997,300037.09668099997,300037.09668099997,300037.09668099997,nan,300037.09668099997,nan,nan,0.0,46,64,,True,False,"HTTPConnectionPool(host='gpu03', port=9002): Read timed out.",0,56.69694568066818
228,2026-09-19T05:46:56.480+00:00,2026-09-19T05:51:56.591+00:00,2026-09-19T05:51:56.591+00:00,False,1,0.0,,0.0,300111.328072,300111.328072,300111.328072,300111.328072,300111.328072,300111.328072,nan,300111.328072,nan,nan,0.0,46,64,,True,False,"HTTPConnectionPool(host='gpu03', port=9002): Read timed out.",0,56.69694568066818
229,2026-09-19T05:46:56.848+00:00,2026-09-19T05:51:56.944+00:00,2026-09-19T05:51:56.944+00:00,False,1,0.0,,0.0,300096.911287,300096.911287,300096.911287,300096.911287,300096.911287,300096.911287,nan,300096.911287,nan,nan,0.0,46,64,,True,False,"HTTPConnectionPool(host='gpu03', port=9002): Read timed out.",0,56.69694568066818
230,2026-09-19T05:46:57.143+00:00,2026-09-19T05:51:57.256+00:00,2026-09-19T05:51:57.256+00:00,False,1,0.0,,0.0,300112.66874500003,300112.66874500003,300112.66874500003,300112.66874500003,300112.66874500003,300112.66874500003,nan,300112.66874500003,nan,nan,0.0,46,64,,True,False,"HTTPConnectionPool(host='gpu03', port=9002): Read timed out.",0,56.69694568066818
231,2026-09-19T05:46:57.478+00:00,2026-09-19T05:51:57.291+00:00,2026-09-19T05:51:57.510+00:00,False,4,3.0,,3.0,299812.395426,300031.918242,300031.918486,75007.9796215,0.02493,299812.395426,149869.61956380363,254858.01251955,73.174272,63.70895247225514,0.00999893617178509,46,64,,True,False,Request timeout: 300.0s exceeded,18,56.69694568066818
232,2026-09-19T05:46:57.820+00:00,2026-09-19T05:51:57.411+00:00,2026-09-19T05:51:57.914+00:00,False,7,6.0,,6.0,299591.63366000005,300093.92332400003,300093.92311500007,42870.56044500001,0.05261,299591.63366000005,113203.35887719133,209745.26102750003,83.714944,41.05690530953607,0.01999374040480662,46,64,,True,False,Request timeout: 300.0s exceeded,27,56.69694568066818
233,2026-09-19T05:46:58.289+00:00,2026-09-19T05:51:58.398+00:00,2026-09-19T05:51:58.398+00:00,False,1,0.0,,0.0,300108.855756,300108.855756,300108.855756,300108.855756,300108.855756,300108.855756,nan,300108.855756,nan,nan,0.0,46,64,,True,False,"HTTPConnectionPool(host='gpu03', port=9002): Read timed out.",0,56.69694568066818
234,2026-09-19T05:46:58.637+00:00,2026-09-19T05:51:58.741+00:00,2026-09-19T05:51:58.741+00:00,False,1,0.0,,0.0,300104.502778,300104.502778,300104.502778,300104.502778,300104.502778,300104.502778,nan,300104.502778,nan,nan,0.0,46,64,,True,False,"HTTPConnectionPool(host='gpu03', port=9002): Read timed out.",0,56.69694568066818
235,2026-09-19T05:46:58.951+00:00,2026-09-19T05:51:58.929+00:00,2026-09-19T05:51:59.076+00:00,False,3,2.0,,2.0,299977.630865,300124.911761,300124.911803,100041.63726766667,0.02373,299977.630865,173149.66523571147,269994.5934993,73.640448,104.11001274300966,0.0066638920050484515,46,64,,True,False,Request timeout: 300.0s exceeded,4,56.69694568066818
236,2026-09-19T05:46:59.390+00:00,2026-09-19T05:51:59.199+00:00,2026-09-19T05:51:59.426+00:00,False,4,3.0,,3.0,299808.331292,300036.03407600004,300036.034062,75009.0085155,0.02666,299808.331292,149866.22478786466,254854.19309855002,75.900928,65.70950792507713,0.009998799008388742,46,64,,True,False,Request timeout: 300.0s exceeded,15,56.69694568066818
237,2026-09-19T05:46:59.693+00:00,2026-09-19T05:51:59.423+00:00,2026-09-19T05:51:59.719+00:00,False,6,5.0,,5.0,299730.36113,300026.108202,300026.10815299995,50004.35135883333,0.093459,299730.36113,122340.26555190294,224822.90545074997,59.1494144,41.62050198807637,0.016665216337218316,46,64,,True,False,Request timeout: 300.0s exceeded,12,56.69694568066818
238,2026-09-19T05:47:00.103+00:00,2026-09-19T05:52:00.209+00:00,2026-09-19T05:52:00.209+00:00,False,1,0.0,,0.0,300106.5809,300106.5809,300106.5809,300106.5809,300106.5809,300106.5809,nan,300106.5809,nan,nan,0.0,46,64,,True,False,"HTTPConnectionPool(host='gpu03', port=9002): Read timed out.",0,56.69694568066818
239,2026-09-19T05:47:00.479+00:00,2026-09-19T05:52:00.542+00:00,2026-09-19T05:52:00.542+00:00,False,1,0.0,,0.0,300063.094645,300063.094645,300063.094645,300063.094645,300063.094645,300063.094645,nan,300063.094645,nan,nan,0.0,46,64,,True,False,"HTTPConnectionPool(host='gpu03', port=9002): Read timed out.",0,56.69694568066818
240,2026-09-19T05:47:00.964+00:00,2026-09-19T05:52:00.911+00:00,2026-09-19T05:52:01.016+00:00,False,3,2.0,,2.0,299947.433096,300052.217736,300052.21782799996,100017.40594266666,0.0389,299947.433096,173144.4904091229,269963.16436959995,52.39232,74.03889963005209,0.006665506474475364,46,64,,True,False,Request timeout: 300.0s exceeded,9,56.69694568066818
241,2026-09-19T05:47:01.348+00:00,2026-09-19T05:52:01.453+00:00,2026-09-19T05:52:01.453+00:00,False,1,0.0,,0.0,300105.668614,300105.668614,300105.668614,300105.668614,300105.668614,300105.668614,nan,300105.668614,nan,nan,0.0,46,64,,True,False,"HTTPConnectionPool(host='gpu03', port=9002): Read timed out.",0,56.69694568066818
242,2026-09-19T05:47:01.762+00:00,2026-09-19T05:52:01.821+00:00,2026-09-19T05:52:01.821+00:00,False,1,0.0,,0.0,300058.709423,300058.709423,300058.709423,300058.709423,300058.709423,300058.709423,nan,300058.709423,nan,nan,0.0,46,64,,True,False,"HTTPConnectionPool(host='gpu03', port=9002): Read timed out.",0,56.69694568066818
243,2026-09-19T05:47:02.154+00:00,2026-09-19T05:52:02.184+00:00,2026-09-19T05:52:02.184+00:00,False,1,0.0,,0.0,300029.849161,300029.849161,300029.849161,300029.849161,300029.849161,300029.849161,nan,300029.849161,nan,nan,0.0,46,64,,True,False,TTFT timeout: 300.0s exceeded (TTFT: 300.022s),0,56.69694568066818
244,2026-09-19T05:47:02.514+00:00,2026-09-19T05:52:02.335+00:00,2026-09-19T05:52:02.602+00:00,False,4,3.0,,3.0,299820.834305,300088.136705,300088.136658,75022.0341645,0.02835,299820.834305,149865.88007073035,254868.62805080003,89.1008,77.35834673200424,0.009997062972699696,46,64,,True,False,Request timeout: 300.0s exceeded,9,56.69694568066818
245,2026-09-19T05:47:02.940+00:00,2026-09-19T05:52:02.600+00:00,2026-09-19T05:52:02.994+00:00,False,8,7.0,,7.0,299660.425731,300054.311171,300054.31124400004,37506.788905500005,0.02153,299660.425731,105926.06986896569,194816.89778975002,56.26934857142857,33.52672251647961,0.023329109895743914,46,64,,True,False,Request timeout: 300.0s exceeded,21,56.69694568066818
246,2026-09-19T05:47:03.334+00:00,2026-09-19T05:52:03.463+00:00,2026-09-19T05:52:03.463+00:00,False,1,0.0,,0.0,300129.49208600004,300129.49208600004,300129.49208600004,300129.49208600004,300129.49208600004,300129.49208600004,nan,300129.49208600004,nan,nan,0.0,46,64,,True,False,"HTTPConnectionPool(host='gpu03', port=9002): Read timed out.",0,56.69694568066818
247,2026-09-19T05:47:03.783+00:00,2026-09-19T05:52:03.936+00:00,2026-09-19T05:52:04.843+00:00,True,9,9.0,,9.0,300152.806638,301059.535598,301059.535481,33451.05949788889,98.781568,300152.806638,100013.15627334596,180149.9964756,113.34112,15.82726354232291,0.029894419328466506,46,64,,True,True,,23,56.69694568066818
248,2026-09-19T05:47:04.196+00:00,2026-09-19T05:52:04.081+00:00,2026-09-19T05:52:04.535+00:00,True,5,5.0,,5.0,299884.643532,300339.28366,300339.283684,60067.8567368,101.802238,299884.643532,134061.65968561554,239933.30783260002,113.660032,10.873255235813545,0.016647838867659633,46,64,,True,True,,14,56.69694568066818
249,2026-09-19T05:47:04.605+00:00,2026-09-19T05:52:04.535+00:00,2026-09-19T05:52:05.149+00:00,False,8,7.0,,7.0,299929.939104,300544.83472,300544.834754,37568.10434425,0.04063,299929.939104,106010.19606636601,194991.79167239997,87.84223085714285,38.767720310757625,0.02329103411982272,46,64,,True,False,Request timeout: 300.0s exceeded,23,56.69694568066818
250,2026-09-19T05:47:05.134+00:00,2026-09-19T05:52:05.261+00:00,2026-09-19T05:52:05.261+00:00,False,1,0.0,,0.0,300126.641103,300126.641103,300126.641103,300126.641103,300126.641103,300126.641103,nan,300126.641103,nan,nan,0.0,46,64,,True,False,"HTTPConnectionPool(host='gpu03', port=9002): Read timed out.",0,56.69694568066818
251,2026-09-19T05:47:05.641+00:00,2026-09-19T05:52:05.748+00:00,2026-09-19T05:52:05.748+00:00,False,1,0.0,,0.0,300107.326283,300107.326283,300107.326283,300107.326283,300107.326283,300107.326283,nan,300107.326283,nan,nan,0.0,46,64,,True,False,"HTTPConnectionPool(host='gpu03', port=9002): Read timed out.",0,56.69694568066818
252,2026-09-19T05:47:06.122+00:00,2026-09-19T05:52:06.218+00:00,2026-09-19T05:52:06.218+00:00,False,1,0.0,,0.0,300096.233708,300096.233708,300096.233708,300096.233708,300096.233708,300096.233708,nan,300096.233708,nan,nan,0.0,46,64,,True,False,"HTTPConnectionPool(host='gpu03', port=9002): Read timed out.",0,56.69694568066818
253,2026-09-19T05:47:06.611+00:00,2026-09-19T05:52:06.549+00:00,2026-09-19T05:52:06.648+00:00,False,3,2.0,,2.0,299937.599653,300037.430949,300037.430927,100012.47697566666,0.02492,299937.599653,173140.24228134757,269953.8203231,49.915648,70.55590658638864,0.006665834971570456,46,64,,True,False,Request timeout: 300.0s exceeded,3,56.69694568066818
254,2026-09-19T05:47:07.046+00:00,2026-09-19T05:52:06.648+00:00,2026-09-19T05:52:07.149+00:00,False,9,8.0,,8.0,299601.886529,300102.99577700003,300102.995809,33344.77731211111,0.03477,299601.886529,99846.42120986241,179802.4999402,62.638656,34.62598090520176,0.026657514628559805,46,64,,True,False,Request timeout: 300.0s exceeded,35,56.69694568066818
255,2026-09-19T05:47:07.342+00:00,2026-09-19T05:52:07.386+00:00,2026-09-19T05:52:07.386+00:00,False,1,0.0,,0.0,300043.96965,300043.96965,300043.96965,300043.96965,300043.96965,300043.96965,nan,300043.96965,nan,nan,0.0,46,64,,True,False,"HTTPConnectionPool(host='gpu03', port=9002): Read timed out.",0,56.69694568066818
256,2026-09-19T05:47:07.849+00:00,2026-09-19T05:52:07.955+00:00,2026-09-19T05:52:07.955+00:00,False,1,0.0,,0.0,300105.600231,300105.600231,300105.600231,300105.600231,300105.600231,300105.600231,nan,300105.600231,nan,nan,0.0,46,64,,True,False,"HTTPConnectionPool(host='gpu03', port=9002): Read timed out.",0,56.69694568066818
257,2026-09-19T05:47:08.342+00:00,2026-09-19T05:52:08.272+00:00,2026-09-19T05:52:08.384+00:00,False,3,2.0,,2.0,299930.31167799997,300042.68953399995,300042.689561,100014.22985366665,0.037020000000000004,299930.31167799997,173132.41459077914,269948.51459649997,56.188928,79.41101046404202,0.00666571814532867,46,64,,True,False,Request timeout: 300.0s exceeded,3,56.69694568066818
258,2026-09-19T05:47:08.865+00:00,2026-09-19T05:52:08.971+00:00,2026-09-19T05:52:08.971+00:00,False,1,0.0,,0.0,300105.84785799996,300105.84785799996,300105.84785799996,300105.84785799996,300105.84785799996,300105.84785799996,nan,300105.84785799996,nan,nan,0.0,46,64,,True,False,"HTTPConnectionPool(host='gpu03', port=9002): Read timed out.",0,56.69694568066818
259,2026-09-19T05:47:09.391+00:00,2026-09-19T05:52:09.463+00:00,2026-09-19T05:52:09.463+00:00,False,1,0.0,,0.0,300072.117001,300072.117001,300072.117001,300072.117001,300072.117001,300072.117001,nan,300072.117001,nan,nan,0.0,46,64,,True,False,"HTTPConnectionPool(host='gpu03', port=9002): Read timed out.",0,56.69694568066818
260,2026-09-19T05:47:09.688+00:00,2026-09-19T05:52:09.731+00:00,2026-09-19T05:52:09.731+00:00,False,1,0.0,,0.0,300043.332779,300043.332779,300043.332779,300043.332779,300043.332779,300043.332779,nan,300043.332779,nan,nan,0.0,46,64,,True,False,TTFT timeout: 300.0s exceeded (TTFT: 300.034s),0,56.69694568066818
261,2026-09-19T05:47:10.015+00:00,2026-09-19T05:52:09.863+00:00,2026-09-19T05:52:10.100+00:00,False,4,3.0,,3.0,299847.483374,300084.878318,300084.878271,75021.21956775,0.039479999999999994,299847.483374,149884.18663800185,254889.9984671,79.131648,69.58083876166691,0.009997171522987904,46,64,,True,False,Request timeout: 300.0s exceeded,10,56.69694568066818
262,2026-09-19T05:47:10.408+00:00,2026-09-19T05:52:10.205+00:00,2026-09-19T05:52:10.508+00:00,False,5,4.0,,4.0,299796.972995,300099.863235,300099.863021,60019.972604200004,0.06512000000000001,299796.972995,134039.42520348393,239858.22626340002,75.72256,50.46446460117392,0.01332889644427365,46,64,,True,False,Request timeout: 300.0s exceeded,9,56.69694568066818
263,2026-09-19T05:47:10.733+00:00,2026-09-19T05:52:10.768+00:00,2026-09-19T05:52:10.768+00:00,False,1,0.0,,0.0,300034.920384,300034.920384,300034.920384,300034.920384,300034.920384,300034.920384,nan,300034.920384,nan,nan,0.0,46,64,,True,False,"HTTPConnectionPool(host='gpu03', port=9002): Read timed out.",0,56.69694568066818
264,2026-09-19T05:47:11.051+00:00,2026-09-19T05:52:11.124+00:00,2026-09-19T05:52:11.124+00:00,False,1,0.0,,0.0,300073.553903,300073.553903,300073.553903,300073.553903,300073.553903,300073.553903,nan,300073.553903,nan,nan,0.0,46,64,,True,False,"HTTPConnectionPool(host='gpu03', port=9002): Read timed out.",0,56.69694568066818
265,2026-09-19T05:47:11.390+00:00,2026-09-19T05:52:11.359+00:00,2026-09-19T05:52:11.506+00:00,False,3,2.0,,2.0,299969.135363,300115.568387,300115.568543,100038.52284766667,0.02539,299969.135363,173145.00490201564,269986.8626057,73.216512,103.50794243152768,0.006664099469245106,46,64,,True,False,Request timeout: 300.0s exceeded,4,56.69694568066818
266,2026-09-19T05:47:11.907+00:00,2026-09-19T05:52:11.633+00:00,2026-09-19T05:52:11.932+00:00,False,5,4.0,,4.0,299726.24457200005,300025.770972,300025.77112600004,60005.15422520001,0.0247,299726.24457200005,134008.17040343833,239801.62975080006,74.8816,49.97733400620042,0.013332188055183103,46,64,,True,False,Request timeout: 300.0s exceeded,8,56.69694568066818
267,2026-09-19T05:47:12.257+00:00,2026-09-19T05:52:12.373+00:00,2026-09-19T05:52:12.373+00:00,False,1,0.0,,0.0,300116.579044,300116.579044,300116.579044,300116.579044,300116.579044,300116.579044,nan,300116.579044,nan,nan,0.0,46,64,,True,False,"HTTPConnectionPool(host='gpu03', port=9002): Read timed out.",0,56.69694568066818
268,2026-09-19T05:47:12.607+00:00,2026-09-19T05:52:12.674+00:00,2026-09-19T05:52:12.674+00:00,False,1,0.0,,0.0,300067.275676,300067.275676,300067.275676,300067.275676,300067.275676,300067.275676,nan,300067.275676,nan,nan,0.0,46,64,,True,False,"HTTPConnectionPool(host='gpu03', port=9002): Read timed out.",0,56.69694568066818
269,2026-09-19T05:47:12.996+00:00,2026-09-19T05:52:12.944+00:00,2026-09-19T05:52:13.097+00:00,False,3,2.0,,2.0,299947.217338,300100.155066,300100.15500200004,100033.38500066668,0.03455,299947.217338,173130.47424427923,269967.7859156,76.468864,108.09442934734811,0.006664441741325148,46,64,,True,False,Request timeout: 300.0s exceeded,3,56.69694568066818
270,2026-09-19T05:47:13.335+00:00,2026-09-19T05:52:13.220+00:00,2026-09-19T05:52:13.355+00:00,False,3,2.0,,2.0,299884.767053,300020.08660499996,300020.086671,100006.695557,0.0293,299884.767053,173099.50078670305,269909.8193795,67.659776,95.64410043772135,0.0066662203275514595,46,64,,True,False,Request timeout: 300.0s exceeded,3,56.69694568066818
271,2026-09-19T05:47:13.825+00:00,2026-09-19T05:52:13.567+00:00,2026-09-19T05:52:13.922+00:00,False,6,5.0,,5.0,299742.25703,300096.93683799997,300096.936748,50016.15612466666,0.04323,299742.25703,122340.31127753446,224832.75144575,70.9359616,45.41300194631855,0.016661283026354674,46,64,,True,False,Request timeout: 300.0s exceeded,12,56.69694568066818
272,2026-09-19T05:47:14.284+00:00,2026-09-19T05:52:14.369+00:00,2026-09-19T05:52:14.369+00:00,False,1,0.0,,0.0,300084.772686,300084.772686,300084.772686,300084.772686,300084.772686,300084.772686,nan,300084.772686,nan,nan,0.0,46,64,,True,False,TTFT timeout: 300.0s exceeded (TTFT: 300.076s),0,56.69694568066818
273,2026-09-19T05:47:14.787+00:00,2026-09-19T05:52:14.783+00:00,2026-09-19T05:52:14.914+00:00,False,3,2.0,,2.0,299996.006709,300127.291957,300127.292096,100042.43069866666,0.02856,299996.006709,173164.8888334602,270009.5317208,65.642624,92.79250283796922,0.00666383915624223,46,64,,True,False,Request timeout: 300.0s exceeded,3,56.69694568066818
274,2026-09-19T05:47:15.280+00:00,2026-09-19T05:52:15.022+00:00,2026-09-19T05:52:15.348+00:00,False,5,4.0,,4.0,299741.909109,300068.151413,300068.151607,60013.6303214,0.037079,299741.909109,134012.19050179474,239817.28283480005,81.560576,55.52555315285992,0.01333030506957929,46,64,,True,False,Request timeout: 300.0s exceeded,13,56.69694568066818
275,2026-09-19T05:47:15.825+00:00,2026-09-19T05:52:15.935+00:00,2026-09-19T05:52:15.935+00:00,False,1,0.0,,0.0,300109.714775,300109.714775,300109.714775,300109.714775,300109.714775,300109.714775,nan,300109.714775,nan,nan,0.0,46,64,,True,False,"HTTPConnectionPool(host='gpu03', port=9002): Read timed out.",0,56.69694568066818
276,2026-09-19T05:47:16.255+00:00,2026-09-19T05:52:16.364+00:00,2026-09-19T05:52:16.364+00:00,False,1,0.0,,0.0,300108.84199,300108.84199,300108.84199,300108.84199,300108.84199,300108.84199,nan,300108.84199,nan,nan,0.0,46,64,,True,False,"HTTPConnectionPool(host='gpu03', port=9002): Read timed out.",0,56.69694568066818
277,2026-09-19T05:47:17.485+00:00,2026-09-19T05:52:16.878+00:00,2026-09-19T05:52:17.867+00:00,False,12,11.0,,11.0,299393.682791,300382.820199,300382.820259,25031.90168825,0.02392,299393.682791,86401.56025819623,134800.36500705,89.92158254545454,35.708682546679825,0.03661993716122856,46,64,,True,False,Request timeout: 300.0s exceeded,50,56.69694568066818
278,2026-09-19T05:47:17.703+00:00,2026-09-19T05:52:17.635+00:00,2026-09-19T05:52:17.869+00:00,False,4,3.0,,3.0,299931.548314,300165.567386,300165.567499,75041.39187475,0.02219,299931.548314,149926.78180637272,254962.03886425,78.00635733333333,69.84766478833104,0.00999448413129321,46,64,,True,False,Request timeout: 300.0s exceeded,10,56.69694568066818
279,2026-09-19T05:47:17.773+00:00,2026-09-19T05:52:17.961+00:00,2026-09-19T05:52:17.961+00:00,False,1,0.0,,0.0,300188.025077,300188.025077,300188.025077,300188.025077,300188.025077,300188.025077,nan,300188.025077,nan,nan,0.0,46,64,,True,False,TTFT timeout: 300.0s exceeded (TTFT: 300.077s),0,56.69694568066818
280,2026-09-19T05:47:17.912+00:00,2026-09-19T05:52:17.980+00:00,2026-09-19T05:52:17.980+00:00,False,1,0.0,,0.0,300068.21238499996,300068.21238499996,300068.21238499996,300068.21238499996,300068.21238499996,300068.21238499996,nan,300068.21238499996,nan,nan,0.0,46,64,,True,False,"HTTPConnectionPool(host='gpu03', port=9002): Read timed out.",0,56.69694568066818
281,2026-09-19T05:47:18.371+00:00,2026-09-19T05:52:18.395+00:00,2026-09-19T05:52:18.395+00:00,False,1,0.0,,0.0,300024.587971,300024.587971,300024.587971,300024.587971,300024.587971,300024.587971,nan,300024.587971,nan,nan,0.0,46,64,,True,False,"HTTPConnectionPool(host='gpu03', port=9002): Read timed out.",0,56.69694568066818
282,2026-09-19T05:47:18.673+00:00,2026-09-19T05:52:18.773+00:00,2026-09-19T05:52:18.773+00:00,False,1,0.0,,0.0,300100.460471,300100.460471,300100.460471,300100.460471,300100.460471,300100.460471,nan,300100.460471,nan,nan,0.0,46,64,,True,False,"HTTPConnectionPool(host='gpu03', port=9002): Read timed out.",0,56.69694568066818
283,2026-09-19T05:47:19.034+00:00,2026-09-19T05:52:19.143+00:00,2026-09-19T05:52:19.143+00:00,False,1,0.0,,0.0,300109.143279,300109.143279,300109.143279,300109.143279,300109.143279,300109.143279,nan,300109.143279,nan,nan,0.0,46,64,,True,False,TTFT timeout: 300.0s exceeded (TTFT: 300.101s),0,56.69694568066818
284,2026-09-19T05:47:19.567+00:00,2026-09-19T05:52:19.396+00:00,2026-09-19T05:52:20.584+00:00,False,16,15.0,,15.0,299828.853229,301016.315629,301016.315671,18813.5197294375,0.037340000000000005,299828.853229,74937.4293330675,75035.561512,79.16416,33.685931065386214,0.049831185956336566,46,64,,True,False,Request timeout: 300.0s exceeded,83,56.69694568066818
285,2026-09-19T05:47:19.953+00:00,2026-09-19T05:52:19.819+00:00,2026-09-19T05:52:20.688+00:00,False,11,10.0,,10.0,299866.43960399996,300735.6604679999,300735.66050899995,27339.60550081818,0.02588,299866.43960399996,90386.93157962544,149987.52937349997,86.92208640000001,35.22449331805756,0.0332517932340919,46,64,,True,False,Request timeout: 300.0s exceeded,30,56.69694568066818
287,2026-09-19T05:47:20.784+00:00,2026-09-19T05:52:20.830+00:00,2026-09-19T05:52:20.830+00:00,False,1,0.0,,0.0,300046.216541,300046.216541,300046.216541,300046.216541,300046.216541,300046.216541,nan,300046.216541,nan,nan,0.0,46,64,,True,False,"HTTPConnectionPool(host='gpu03', port=9002): Read timed out.",0,56.69694568066818
286,2026-09-19T05:47:20.347+00:00,2026-09-19T05:52:21.479+00:00,2026-09-19T05:52:21.479+00:00,False,1,0.0,,0.0,301132.052931,301132.052931,301132.052931,301132.052931,301132.052931,301132.052931,nan,301132.052931,nan,nan,0.0,46,64,,True,False,"HTTPConnectionPool(host='gpu03', port=9002): Read timed out.",0,56.69694568066818
0,2026-09-19T05:45:20.820+00:00,2026-09-19T05:45:21.095+00:00,2026-09-19T05:45:21.653+00:00,True,9,9.0,,9.0,274.465075,832.930355,832.930421,92.54782455555555,32.786384,274.465075,72.27973998114469,206.5244674,69.80816,25.534976948672465,10.80522512593505,47,64,,False,True,,33,56.69694568066818
1,2026-09-19T05:45:21.451+00:00,2026-09-19T05:45:21.748+00:00,2026-09-19T05:45:24.024+00:00,True,24,24.0,,24.0,296.831369,2573.063049,2573.0632570000002,107.21096904166667,41.696783,296.831369,46.67474137446979,148.21411415000003,98.96659478260871,23.91937421759559,9.327404553622348,47,64,,False,True,,74,56.69694568066818
2,2026-09-19T05:45:22.074+00:00,2026-09-19T05:45:25.340+00:00,2026-09-19T05:45:32.404+00:00,True,72,72.0,,72.0,3265.6515329999997,10330.447436999999,10330.447435,143.4784365972222,45.733163,3265.6515329999997,373.5756205985206,114.47505045,99.50416766197183,18.287670457008552,6.969688432092645,47,64,,False,True,,366,56.69694568066818
3,2026-09-19T05:45:22.677+00:00,2026-09-19T05:45:28.544+00:00,2026-09-19T05:45:33.472+00:00,True,51,51.0,,51.0,5866.736603,10794.884315,10794.884341,211.66439884313726,0.0,5866.736603,808.2462972628288,126.79828450000001,98.56295424,29.85180650591714,4.724460078662733,47,64,,False,True,,189,56.69694568066818
4,2026-09-19T05:45:23.300+00:00,2026-09-19T05:45:31.786+00:00,2026-09-19T05:45:38.221+00:00,True,66,66.0,,66.0,8485.744792,14921.451927999999,14921.451936,226.08260509090908,0.0,8485.744792,1033.2664534935109,215.25008075000002,99.01087901538462,44.191107996768025,4.423162056780243,47,64,,False,True,,245,56.69694568066818
5,2026-09-19T05:45:23.773+00:00,2026-09-19T05:45:34.192+00:00,2026-09-19T05:45:41.279+00:00,True,73,73.0,,73.0,10418.456948000001,17505.778548000002,17505.778545,239.80518554794523,0.0,10418.456948000001,1208.7245035483818,166.5081878,98.43502222222223,45.8357659382865,4.17005160894944,47,64,,False,True,,254,56.69694568066818
6,2026-09-19T05:45:24.194+00:00,2026-09-19T05:45:36.759+00:00,2026-09-19T05:45:43.118+00:00,True,66,66.0,,66.0,12564.820746,18924.321546,18924.32157,286.732145,0.0,12564.820746,1535.4821529721037,239.610127,97.83847384615385,53.05373504818704,3.487575490596666,47,64,,False,True,,332,56.69694568066818
7,2026-09-19T05:45:24.796+00:00,2026-09-19T05:45:39.701+00:00,2026-09-19T05:45:48.667+00:00,True,93,93.0,,93.0,14905.272304,23871.076848,23871.076785,256.678245,0.0,14905.272304,1536.0939337511745,117.25419440000002,97.4543972173913,42.97548902983335,3.895928138985144,47,64,,False,True,,315,56.69694568066818
8,2026-09-19T05:45:25.245+00:00,2026-09-19T05:45:42.445+00:00,2026-09-19T05:45:51.772+00:00,True,96,96.0,,96.0,17200.017037,26526.353037,26526.352868,276.31617570833333,0.0,17200.017037,1746.1054659945044,115.53805550000001,98.17195789473683,48.10206068400999,3.619042537287181,47,64,,False,True,,445,56.69694568066818
9,2026-09-19T05:45:25.865+00:00,2026-09-19T05:45:45.970+00:00,2026-09-19T05:45:51.053+00:00,True,53,53.0,,53.0,20104.718199000003,25187.285111000005,25187.285077000004,475.2317939056604,0.0,20104.718199000003,2748.589161365264,115.55975640000001,97.74167138461539,48.4929342699518,2.1042363147290293,47,64,,False,True,,192,56.69694568066818
10,2026-09-19T05:45:26.521+00:00,2026-09-19T05:45:49.837+00:00,2026-09-19T05:45:56.493+00:00,True,71,71.0,,71.0,23315.443839000003,29971.779711000003,29971.779690000003,422.1377421126761,0.0,23315.443839000003,2756.735046054585,114.0978945,95.09051245714286,74.26077072955607,2.368895030078649,47,64,,False,True,,237,56.69694568066818
11,2026-09-19T05:45:27.031+00:00,2026-09-19T05:45:52.394+00:00,2026-09-19T05:45:55.099+00:00,True,28,28.0,,28.0,25363.347526999998,28068.132679,28068.132896,1002.4333177142856,0.0,25363.347526999998,4774.977915253656,346.60576945,100.17722785185185,82.56846659254366,0.9975725966604478,47,64,,False,True,,164,56.69694568066818
12,2026-09-19T05:45:27.672+00:00,2026-09-19T05:45:55.513+00:00,2026-09-19T05:46:02.562+00:00,True,75,75.0,,75.0,27840.960735,34889.888991,34889.888852000004,465.19851802666665,0.0,27840.960735,3204.3765144507147,113.1561667,95.25578724324325,61.30024346482744,2.1496199090615216,47,64,,False,True,,259,56.69694568066818
13,2026-09-19T05:45:28.371+00:00,2026-09-19T05:46:00.068+00:00,2026-09-19T05:46:07.756+00:00,True,78,78.0,,78.0,31696.501151,39384.843423,39384.843521,504.9338912948718,0.0,31696.501151,3578.6135828208007,114.33528135,99.84860093506494,85.02904515903799,1.9804572830788374,47,64,,False,True,,327,56.69694568066818
14,2026-09-19T05:45:28.938+00:00,2026-09-19T05:46:02.777+00:00,2026-09-19T05:46:11.342+00:00,True,87,87.0,,87.0,33839.462879,42404.596446999996,42404.596556,487.4091558160919,0.0,33839.462879,3618.157044744065,112.50264929999999,99.59457637209302,79.50539827213422,2.051664378146794,47,64,,False,True,,294,56.69694568066818
15,2026-09-19T05:45:29.330+00:00,2026-09-19T05:46:05.155+00:00,2026-09-19T05:46:14.062+00:00,True,91,91.0,,91.0,35824.446534999995,44731.54259899999,44731.542605999995,491.5554132527472,0.0,35824.446534999995,3746.5953213968182,115.12113700000002,98.96773404444444,108.27723687423543,2.0343586362710053,47,64,,False,True,,443,56.69694568066818
16,2026-09-19T05:45:29.936+00:00,2026-09-19T05:46:08.361+00:00,2026-09-19T05:46:13.474+00:00,True,53,53.0,,53.0,38425.129027,43538.110787000005,43538.110946,821.4737914339623,0.0,38425.129027,5265.457678220125,107.4526212,98.3265723076923,96.45190345423886,1.2173242945540304,47,64,,False,True,,213,56.69694568066818
17,2026-09-19T05:45:30.441+00:00,2026-09-19T05:46:10.461+00:00,2026-09-19T05:46:13.766+00:00,True,35,35.0,,35.0,40019.813222000004,43325.187686000005,43325.187812000004,1237.8625089142859,0.0,40019.813222000004,6749.202633129493,302.6533495,97.216896,120.96423673042,0.8078441633920449,47,64,,False,True,,93,56.69694568066818
18,2026-09-19T05:45:30.932+00:00,2026-09-19T05:46:13.275+00:00,2026-09-19T05:46:20.403+00:00,True,74,74.0,,74.0,42343.357189,49470.479877000005,49470.479776,668.519996972973,0.0,42343.357189,4911.5399858061755,112.53144815,97.63181764383562,75.61785941190408,1.4958415641810734,47,64,,False,True,,343,56.69694568066818
19,2026-09-19T05:45:31.418+00:00,2026-09-19T05:46:15.820+00:00,2026-09-19T05:46:19.029+00:00,True,34,34.0,,34.0,44402.695162,47611.651322000005,47611.651147000004,1400.3426807941178,38.940639000000004,44402.695162,7598.350632048307,113.88991365000001,97.24109575757575,20.92694163542647,0.7141109173058561,47,64,,False,True,,87,56.69694568066818
20,2026-09-19T05:45:32.057+00:00,2026-09-19T05:46:19.242+00:00,2026-09-19T05:46:24.017+00:00,True,49,49.0,,49.0,47185.29536,51959.63776,51959.637649,1060.4007683469388,0.0,47185.29536,6728.260352623388,455.98763440000005,99.46546666666667,153.43258560195508,0.9430396768031664,47,64,,False,True,,238,56.69694568066818
21,2026-09-19T05:45:32.496+00:00,2026-09-19T05:46:21.848+00:00,2026-09-19T05:46:24.443+00:00,True,27,27.0,,27.0,49352.588472,51947.847608000004,51947.847726,1923.9943602222224,0.016179,49352.588472,9480.336607297786,697.1188185999999,99.81765907692308,179.62863828718616,0.5197520444685755,47,64,,False,True,,156,56.69694568066818
22,2026-09-19T05:45:32.910+00:00,2026-09-19T05:46:24.438+00:00,2026-09-19T05:46:25.078+00:00,True,7,7.0,,7.0,51527.782784999996,52168.232576999995,52168.232544,7452.604649142857,97.660162,51527.782784999996,19435.32770625449,36104.6750223,106.741632,6.772085717073109,0.1341812757345774,47,64,,False,True,,15,56.69694568066818
23,2026-09-19T05:45:33.414+00:00,2026-09-19T05:46:26.933+00:00,2026-09-19T05:46:31.995+00:00,True,51,51.0,,51.0,53519.160606,58581.188638,58581.188631,1148.6507574705881,0.0,53519.160606,7480.802889434976,117.06263050000001,101.24056064,110.36912579892278,0.8705866368665266,47,64,,False,True,,66,56.69694568066818
24,2026-09-19T05:45:34.067+00:00,2026-09-19T05:46:30.553+00:00,2026-09-19T05:46:39.510+00:00,True,89,89.0,,89.0,56486.291126000004,65443.021238,65443.021164000005,735.3148445393259,0.0,56486.291126000004,5977.896160784675,112.7887254,101.781024,117.92532415407167,1.3599616630828997,47,64,,False,True,,363,56.69694568066818
25,2026-09-19T05:45:34.653+00:00,2026-09-19T05:46:33.776+00:00,2026-09-19T05:46:39.400+00:00,True,57,57.0,,57.0,59122.98983,64746.315526,64746.315579,1135.9002733157895,0.0,59122.98983,7819.234139915753,254.07923159999999,100.41653028571429,154.70899416425178,0.8803589754402421,47,64,,False,True,,200,56.69694568066818
26,2026-09-19T05:45:35.230+00:00,2026-09-19T05:46:37.755+00:00,2026-09-19T05:46:39.912+00:00,True,29,29.0,,29.0,62524.518093,64681.595085,64681.594933,2230.399825275862,0.0,62524.518093,11597.3864318415,583.660461,77.038464,168.51143163917826,0.4483501058050631,47,64,,False,True,,125,56.69694568066818
27,2026-09-19T05:45:35.647+00:00,2026-09-19T05:46:39.396+00:00,2026-09-19T05:46:41.742+00:00,True,24,24.0,,24.0,63749.140023,66095.344183,66095.344089,2753.972670375,49.042615,63749.140023,12991.92226782311,112.69674645,102.00887652173913,12.793551724344733,0.3631118091094365,47,64,,False,True,,91,56.69694568066818
28,2026-09-19T05:45:36.127+00:00,2026-09-19T05:46:41.741+00:00,2026-09-19T05:46:43.406+00:00,True,18,18.0,,18.0,65614.72683,67279.171246,67279.171225,3737.7317347222224,47.067980000000006,65614.72683,15442.477048317389,9936.769109649998,97.90849505882353,22.091824961189943,0.2675419400483499,47,64,,False,True,,107,56.69694568066818
29,2026-09-19T05:45:36.832+00:00,2026-09-19T05:46:45.179+00:00,2026-09-19T05:46:52.651+00:00,True,78,78.0,,78.0,68347.009318,75818.25590999999,75818.25589,972.0289216666666,0.0,68347.009318,7728.591945823915,113.361776,97.02917651948053,112.16779844232283,1.0287759730663002,47,64,,False,True,,365,56.69694568066818
30,2026-09-19T05:45:37.513+00:00,2026-09-19T05:46:49.081+00:00,2026-09-19T05:46:51.926+00:00,True,31,31.0,,31.0,71567.37130099999,74412.63619699999,74412.63618599999,2400.4076189032257,0.0,71567.37130099999,12838.084945575893,569.1290845,94.8421632,181.46197254584814,0.4165959114515257,47,64,,False,True,,164,56.69694568066818
31,2026-09-19T05:45:38.224+00:00,2026-09-19T05:46:52.654+00:00,2026-09-19T05:47:02.568+00:00,True,98,98.0,,98.0,74430.361733,84344.198021,84344.197995,860.6550815816327,0.01632,74430.361733,7508.688345649984,114.71431034999998,102.204497814433,78.93440568799684,1.1619056473285807,47,64,,False,True,,379,56.69694568066818
32,2026-09-19T05:45:38.633+00:00,2026-09-19T05:46:55.740+00:00,2026-09-19T05:46:56.445+00:00,True,15,15.0,,15.0,77107.307165,77812.13634900001,77812.13624200001,5187.475749466667,0.01634,77107.307165,19896.08055030151,23213.381396099998,50.34494171428572,50.04970758459324,0.1927719852430548,47,64,,False,True,,45,56.69694568066818
33,2026-09-19T05:45:39.236+00:00,2026-09-19T05:46:58.462+00:00,2026-09-19T05:47:08.044+00:00,True,99,99.0,,99.0,79226.822094,88808.71598200001,88808.71615600001,897.0577389494949,0.0,79226.822094,7953.626162187123,112.64904469999999,97.77442742857143,117.39952408334997,1.1147554483285806,47,64,,False,True,,542,56.69694568066818
34,2026-09-19T05:45:39.747+00:00,2026-09-19T05:47:01.732+00:00,2026-09-19T05:47:08.632+00:00,True,73,73.0,,73.0,81985.09011399999,88884.84358599999,88884.84363799999,1217.6005977808218,0.0,81985.09011399999,9585.362946039895,111.0086896,95.82990933333333,135.8954245447075,0.8212873765072141,47,64,,False,True,,369,56.69694568066818
35,2026-09-19T05:45:40.368+00:00,2026-09-19T05:47:05.248+00:00,2026-09-19T05:47:06.029+00:00,True,9,9.0,,9.0,84879.750084,85660.449988,85660.449923,9517.827769222222,54.910102,84879.750084,28260.725714990946,50972.201558400004,97.587488,17.694392445347876,0.1050659902120616,47,64,,False,True,,48,56.69694568066818
36,2026-09-19T05:45:41.027+00:00,2026-09-19T05:47:09.155+00:00,2026-09-19T05:47:14.786+00:00,True,59,59.0,,59.0,88127.426764,93758.379468,93758.37949400001,1589.1250761694916,43.958167,88127.426764,11460.588586673379,111.19255480000001,97.08539144827587,18.269090607495336,0.6292770879229719,47,64,,False,True,,204,56.69694568066818
37,2026-09-19T05:45:41.520+00:00,2026-09-19T05:47:11.795+00:00,2026-09-19T05:47:21.293+00:00,True,99,99.0,,99.0,90275.177478,99772.953606,99772.953604,1007.8076121616161,0.0,90275.177478,9064.72001150967,117.5092957,96.9160829387755,163.73152232953453,0.9922528743706198,47,64,,False,True,,470,56.69694568066818
38,2026-09-19T05:45:42.109+00:00,2026-09-19T05:47:15.596+00:00,2026-09-19T05:47:21.190+00:00,True,58,58.0,,58.0,93487.142942,99080.411422,99080.411319,1708.282953775862,0.0,93487.142942,12264.521503853734,294.04666305,98.12751719298245,220.24454780664985,0.5853831162748034,47,64,,False,True,,218,56.69694568066818
39,2026-09-19T05:45:42.768+00:00,2026-09-19T05:47:18.770+00:00,2026-09-19T05:47:20.414+00:00,True,9,9.0,,9.0,96001.88974099999,97645.952717,97645.952643,10849.550293666665,0.0,96001.88974099999,31935.014746232697,58134.9827638,205.507872,459.0841204563965,0.0921697187602238,47,64,,False,True,,37,56.69694568066818
40,2026-09-19T05:45:43.379+00:00,2026-09-19T05:47:21.711+00:00,2026-09-19T05:47:23.147+00:00,True,15,15.0,,15.0,98331.541505,99767.810049,99767.810145,6651.1873430000005,50.998050000000006,98331.541505,25362.610282643098,29578.2821967,102.59061028571428,15.187374735974085,0.15034909549114983,47,64,,False,True,,83,56.69694568066818
41,2026-09-19T05:45:43.772+00:00,2026-09-19T05:47:23.830+00:00,2026-09-19T05:47:28.641+00:00,True,50,50.0,,50.0,100057.53312899999,104868.96864899999,104868.96883099999,2097.3793766199997,48.599515,100057.53312899999,14136.39884586454,114.70120440000001,98.19256163265305,19.617992716529248,0.4767854651775179,47,64,,False,True,,278,56.69694568066818
42,2026-09-19T05:45:44.237+00:00,2026-09-19T05:47:26.673+00:00,2026-09-19T05:47:31.859+00:00,True,55,55.0,,55.0,102436.086811,107621.831451,107621.83137,1956.7605703636364,47.24304,102436.086811,13799.541875960356,108.69617170000001,96.03230814814815,18.170670299080033,0.5110487273675638,47,64,,True,True,,179,56.69694568066818
43,2026-09-19T05:45:44.935+00:00,2026-09-19T05:47:30.480+00:00,2026-09-19T05:47:33.245+00:00,True,29,29.0,,29.0,105545.17856999999,108310.47648999999,108310.476493,3734.8440169999994,48.874644999999994,105545.17856999999,19580.91304217884,110.34638600000002,98.76064,13.969478789592964,0.26774879900632226,47,64,,True,True,,149,56.69694568066818
44,2026-09-19T05:45:45.519+00:00,2026-09-19T05:47:33.824+00:00,2026-09-19T05:47:36.236+00:00,True,25,25.0,,25.0,108304.827729,110717.290065,110717.290005,4428.6916002,45.927212,108304.827729,21640.867840841147,112.2569208,100.519264,16.66241725751964,0.22580032427927904,47,64,,True,True,,87,56.69694568066818
45,2026-09-19T05:45:46.159+00:00,2026-09-19T05:47:36.965+00:00,2026-09-19T05:47:43.758+00:00,True,71,71.0,,71.0,110806.15127599999,117598.805612,117598.805543,1656.3212048309858,45.981362000000004,110806.15127599999,13138.770442083753,111.38681650000001,97.03791908571428,20.60698824335347,0.6037476284772321,47,64,,True,True,,255,56.69694568066818
46,2026-09-19T05:45:46.706+00:00,2026-09-19T05:47:39.956+00:00,2026-09-19T05:47:40.533+00:00,True,8,8.0,,8.0,113250.47112,113827.069136,113827.06916,14228.383645,45.871982,113250.47112,40010.9754982421,73652.66256935001,82.37114514285715,30.625451175390072,0.07028205207007167,47,64,,True,True,,24,56.69694568066818
47,2026-09-19T05:45:47.277+00:00,2026-09-19T05:47:43.339+00:00,2026-09-19T05:47:50.334+00:00,True,71,71.0,,71.0,116061.576016,123057.12264,123057.122635,1733.1989103521128,46.40305,116061.576016,13762.123669677567,111.1052475,99.93638034285713,15.8283064086542,0.5769678217465593,47,64,,True,True,,298,56.69694568066818
48,2026-09-19T05:45:47.980+00:00,2026-09-19T05:47:46.965+00:00,2026-09-19T05:47:47.689+00:00,True,8,8.0,,8.0,118984.65085600001,119708.81725600001,119708.817337,14963.602167125,97.972458,118984.65085600001,42030.85104685275,77378.19100895,103.45234285714285,4.839711598088307,0.06682882834680272,47,64,,True,True,,36,56.69694568066818
49,2026-09-19T05:45:48.584+00:00,2026-09-19T05:47:50.442+00:00,2026-09-19T05:47:51.020+00:00,True,7,7.0,,7.0,121857.29393799999,122436.22897799998,122436.22886099998,17490.88983728571,52.056567,121857.29393799999,46021.26278655804,85333.1863156,96.48917333333333,21.97764209394377,0.05717262005233597,47,64,,True,True,,34,56.69694568066818
50,2026-09-19T05:45:49.124+00:00,2026-09-19T05:47:53.199+00:00,2026-09-19T05:47:57.591+00:00,True,47,47.0,,47.0,124075.23276700001,128466.71743900001,128466.717243,2733.334409425532,44.742335,124075.23276700001,18084.31638326055,109.463837,95.46705808695651,18.151664857874767,0.3658535139447076,47,64,,True,True,,221,56.69694568066818
51,2026-09-19T05:45:49.830+00:00,2026-09-19T05:47:56.295+00:00,2026-09-19T05:48:06.028+00:00,True,100,100.0,,100.0,126465.167375,136197.742351,136197.742435,1361.97742435,46.78743,126465.167375,12636.69864158629,111.60274239999998,98.30883814141414,18.069135363329718,0.7342265611296734,47,64,,True,True,,471,56.69694568066818
52,2026-09-19T05:45:50.346+00:00,2026-09-19T05:47:59.641+00:00,2026-09-19T05:48:01.762+00:00,True,22,22.0,,22.0,129294.97274099999,131415.76582899998,131415.765765,5973.44389840909,51.805317,129294.97274099999,27544.25200867518,108.7883565,100.99014704761905,11.708869176020434,0.16740761552633424,47,64,,True,True,,93,56.69694568066818
53,2026-09-19T05:45:50.856+00:00,2026-09-19T05:48:02.227+00:00,2026-09-19T05:48:05.818+00:00,True,38,38.0,,38.0,131370.686286,134961.14107,134961.140874,3551.6089703684215,47.071678999999996,131370.686286,21295.407513342438,114.7913829,97.03931848648648,20.86392245833834,0.28156252754480354,47,64,,True,True,,188,56.69694568066818
54,2026-09-19T05:45:51.422+00:00,2026-09-19T05:48:05.013+00:00,2026-09-19T05:48:06.770+00:00,True,19,19.0,,19.0,133591.397668,135347.779364,135347.77939399998,7123.567336526316,49.195133999999996,133591.397668,30625.590135639297,13461.171752499999,97.5767608888889,21.677130059165393,0.1403791040331885,47,64,,True,True,,77,56.69694568066818
55,2026-09-19T05:45:52.210+00:00,2026-09-19T05:48:08.727+00:00,2026-09-19T05:48:13.196+00:00,True,45,45.0,,45.0,136517.40565,140986.065618,140986.065521,3133.0236782444445,44.100555,136517.40565,20335.679279815588,112.4297724,101.56045381818181,15.458115081034734,0.319180479310111,47,64,,True,True,,210,56.69694568066818
56,2026-09-19T05:45:52.441+00:00,2026-09-19T05:48:10.785+00:00,2026-09-19T05:48:16.682+00:00,True,60,60.0,,60.0,138344.16466100002,144240.618293,144240.61811200003,2404.010301866667,43.402688000000005,138344.16466100002,17847.25992495419,111.550341,99.9398920677966,16.224775399761636,0.4159715946178234,47,64,,True,True,,77,56.69694568066818
57,2026-09-19T05:45:52.857+00:00,2026-09-19T05:48:12.781+00:00,2026-09-19T05:48:21.344+00:00,True,86,86.0,,86.0,139924.678287,148487.076239,148487.07604699998,1726.5939075232557,45.693771999999996,139924.678287,15077.611797501047,112.88954325,100.73409355294118,15.755079195291621,0.5791749839668012,47,64,,True,True,,465,56.69694568066818
58,2026-09-19T05:45:53.337+00:00,2026-09-19T05:48:15.735+00:00,2026-09-19T05:48:19.560+00:00,True,38,38.0,,38.0,142398.61249200001,146223.389708,146223.38971500003,3847.9839398684217,52.313016000000005,142398.61249200001,23083.339318636044,112.84163385000002,103.3723571891892,12.406352391105772,0.25987634451563385,47,64,,True,True,,122,56.69694568066818
59,2026-09-19T05:45:53.857+00:00,2026-09-19T05:48:18.825+00:00,2026-09-19T05:48:19.990+00:00,True,12,12.0,,12.0,144968.560541,146133.41302100001,146133.413051,12177.784420916667,94.262987,144968.560541,41818.24962663505,65297.347339750006,105.89568,5.6818202265986555,0.08211674354225577,47,64,,True,True,,41,56.69694568066818
60,2026-09-19T05:45:54.461+00:00,2026-09-19T05:48:21.960+00:00,2026-09-19T05:48:27.636+00:00,True,60,60.0,,60.0,147498.400981,153174.620885,153174.62102400002,2552.9103504000004,45.629143,147498.400981,19029.55313170005,112.48539744999998,96.20711701694914,21.31123787336161,0.3917097992692054,47,64,,True,True,,306,56.69694568066818
61,2026-09-19T05:45:54.899+00:00,2026-09-19T05:48:24.309+00:00,2026-09-19T05:48:30.817+00:00,True,68,68.0,,68.0,149410.195696,155918.82264,155918.822653,2292.9238625441176,47.728627,149410.195696,18106.87797586963,111.6492852,97.14368573134328,19.90559277432516,0.4361243809351022,47,64,,True,True,,136,56.69694568066818
62,2026-09-19T05:45:55.389+00:00,2026-09-19T05:48:26.884+00:00,2026-09-19T05:48:32.984+00:00,True,62,62.0,,62.0,151494.340871,157594.607623,157594.607633,2541.8485102096774,49.591021999999995,151494.340871,19227.107071859624,113.2126347,100.00437298360656,16.67175864009644,0.3934144761368819,47,64,,True,True,,279,56.69694568066818
63,2026-09-19T05:45:56.067+00:00,2026-09-19T05:48:30.921+00:00,2026-09-19T05:48:38.803+00:00,True,79,79.0,,79.0,154853.691372,162735.94238,162735.942368,2059.94863756962,44.712734,154853.691372,17411.04110645609,115.10176809999999,101.05450010256409,17.98351443200719,0.4854489969740636,47,64,,True,True,,329,56.69694568066818
64,2026-09-19T05:45:56.719+00:00,2026-09-19T05:48:34.046+00:00,2026-09-19T05:48:42.072+00:00,True,80,80.0,,80.0,157327.160554,165353.779946,165353.77996400002,2066.92224955,47.996396999999995,157327.160554,17578.359795070923,112.62306235,101.60277711392406,16.925819364096707,0.48381113528898945,47,64,,True,True,,376,56.69694568066818
65,2026-09-19T05:45:57.139+00:00,2026-09-19T05:48:36.268+00:00,2026-09-19T05:48:36.372+00:00,True,2,2.0,,2.0,159128.513621,159233.158485,159233.15849499998,79616.57924749999,104.644874,159128.513621,112446.85596152318,151177.32018365,104.644864,nan,0.012560198007931891,47,64,,True,True,,4,56.69694568066818
66,2026-09-19T05:45:57.671+00:00,2026-09-19T05:48:39.614+00:00,2026-09-19T05:48:47.351+00:00,True,78,78.0,,78.0,161943.22031600002,169680.16598000002,169680.16601400002,2175.386743769231,43.656797,161943.22031600002,18325.08821482801,112.1581752,100.47981381818181,15.408012303673047,0.459688376360934,47,64,,True,True,,270,56.69694568066818
67,2026-09-19T05:45:58.347+00:00,2026-09-19T05:48:42.691+00:00,2026-09-19T05:48:46.040+00:00,True,35,35.0,,35.0,164343.664684,167693.146156,167693.14613399998,4791.232746685714,47.03398,164343.664684,27762.5020022793,112.00449420000001,98.51416094117647,15.947342865454262,0.2087145527548307,47,64,,True,True,,118,56.69694568066818
68,2026-09-19T05:45:58.829+00:00,2026-09-19T05:48:45.733+00:00,2026-09-19T05:48:53.842+00:00,True,82,82.0,,82.0,166903.82298,175012.275588,175012.275675,2134.296044817073,46.39762,166903.82298,18420.395831295627,110.08934255,100.10435318518518,15.724205066180234,0.46853856236369323,47,64,,True,True,,363,56.69694568066818
69,2026-09-19T05:45:59.478+00:00,2026-09-19T05:48:48.856+00:00,2026-09-19T05:48:55.655+00:00,True,68,68.0,,68.0,169378.24712400002,176177.522132,176177.522059,2590.8459126323532,51.28299,169378.24712400002,20527.827075442252,110.5273969,101.48171653731343,12.950629165783571,0.3859743239495183,47,64,,True,True,,223,56.69694568066818
70,2026-09-19T05:46:00.114+00:00,2026-09-19T05:48:52.843+00:00,2026-09-19T05:49:00.996+00:00,True,83,83.0,,83.0,172728.816085,180881.755605,180881.75573499998,2179.29826186747,47.844908000000004,172728.816085,18948.54446180109,112.3369332,99.42609170731707,16.63958650832084,0.4588633039434391,47,64,,True,True,,294,56.69694568066818
71,2026-09-19T05:46:00.695+00:00,2026-09-19T05:48:55.504+00:00,2026-09-19T05:49:02.416+00:00,True,72,72.0,,72.0,174808.441001,181720.929449,181720.929479,2523.9017983194444,47.459078,174808.441001,20589.907509628927,111.79229504999999,97.35899222535211,19.428161350795147,0.39621192901837327,47,64,,True,True,,307,56.69694568066818
72,2026-09-19T05:46:01.324+00:00,2026-09-19T05:48:59.093+00:00,2026-09-19T05:49:00.333+00:00,True,13,13.0,,13.0,177768.109323,179008.191755,179008.19185600002,13769.860912,96.19599400000001,177768.109323,49275.34134821042,71173.81962060001,103.34020266666667,4.6815658546114935,0.07262237483406615,47,64,,True,True,,39,56.69694568066818
73,2026-09-19T05:46:01.720+00:00,2026-09-19T05:49:00.795+00:00,2026-09-19T05:49:03.351+00:00,True,27,27.0,,27.0,179074.93253999998,181631.39385199998,181631.393766,6727.088658,49.841773,179074.93253999998,34444.06829393475,111.70621089999999,98.32543507692307,17.33917659968421,0.14865271596165036,47,64,,True,True,,153,56.69694568066818
74,2026-09-19T05:46:02.191+00:00,2026-09-19T05:49:04.101+00:00,2026-09-19T05:49:09.549+00:00,True,55,55.0,,55.0,181909.83082899998,187358.116269,187358.116201,3406.511203654545,47.886618000000006,181909.83082899998,24515.118418887032,114.0223474,100.89417481481482,17.882451642186503,0.29355547064229437,47,64,,True,True,,200,56.69694568066818
75,2026-09-19T05:46:02.712+00:00,2026-09-19T05:49:06.860+00:00,2026-09-19T05:49:14.603+00:00,True,79,79.0,,79.0,184147.109013,191890.63362100002,191890.63377400002,2428.9953642278483,46.82253,184147.109013,20707.00792689803,113.64441779999999,99.27595651282051,19.33451986484275,0.41169284039173887,47,64,,True,True,,381,56.69694568066818
76,2026-09-19T05:46:03.283+00:00,2026-09-19T05:49:09.764+00:00,2026-09-19T05:49:10.680+00:00,True,10,10.0,,10.0,186481.247778,187397.501986,187397.50197299998,18739.7501973,50.78438,186481.247778,58938.3573238812,102615.78425175,101.8060231111111,19.358109045435793,0.05336250427045221,47,64,,True,True,,36,56.69694568066818
77,2026-09-19T05:46:03.896+00:00,2026-09-19T05:49:12.765+00:00,2026-09-19T05:49:18.663+00:00,True,59,59.0,,59.0,188869.373915,194767.401435,194767.401409,3301.142396762712,49.166175,188869.373915,24575.464209247086,112.59212,101.69012965517241,15.858965743488506,0.30292543600880845,47,64,,True,True,,287,56.69694568066818
78,2026-09-19T05:46:04.514+00:00,2026-09-19T05:49:16.438+00:00,2026-09-19T05:49:16.706+00:00,True,4,4.0,,4.0,191923.773335,192191.891351,192191.891415,48047.97285375,51.741278,191923.773335,95917.2040176973,163151.6303627,89.372672,32.61568016275656,0.02081253257815545,47,64,,True,True,,22,56.69694568066818
79,2026-09-19T05:46:05.184+00:00,2026-09-19T05:49:19.973+00:00,2026-09-19T05:49:28.669+00:00,True,85,85.0,,85.0,194788.645829,203484.40851699997,203484.40833099998,2393.934215658823,50.306222,194788.645829,21116.569372087673,111.75182720000001,103.52098438095238,10.822554127781096,0.41772242217220656,47,64,,True,True,,380,56.69694568066818
80,2026-09-19T05:46:05.728+00:00,2026-09-19T05:49:23.256+00:00,2026-09-19T05:49:31.616+00:00,True,82,82.0,,82.0,197528.506782,205887.97123000002,205887.97108400002,2510.8289156585365,46.43761,197528.506782,21801.98208720027,114.17949905000002,103.20326479012347,14.147894322394558,0.3982748458305841,47,64,,True,True,,310,56.69694568066818
81,2026-09-19T05:46:06.274+00:00,2026-09-19T05:49:26.365+00:00,2026-09-19T05:49:34.605+00:00,True,80,80.0,,80.0,200090.7799,208330.596092,208330.596146,2604.132451825,45.968531999999996,200090.7799,22359.171889264086,113.78649490000002,104.30147078481012,13.242547392143697,0.38400504534951524,47,64,,True,True,,298,56.69694568066818
82,2026-09-19T05:46:06.800+00:00,2026-09-19T05:49:29.095+00:00,2026-09-19T05:49:36.712+00:00,True,74,74.0,,74.0,202295.098523,209912.138395,209912.13851299998,2836.650520445946,47.386048,202295.098523,23504.20258693614,115.08232515,104.34301194520548,14.940041060866086,0.35252844626236557,47,64,,True,True,,148,56.69694568066818
83,2026-09-19T05:46:07.382+00:00,2026-09-19T05:49:32.378+00:00,2026-09-19T05:49:33.087+00:00,True,8,8.0,,8.0,204996.255865,205705.308025,205705.308087,25713.163510875,49.631963999999996,204996.255865,72441.31193019044,133287.6461111,101.29316571428572,23.09487281684104,0.03889058613415914,47,64,,True,True,,50,56.69694568066818
84,2026-09-19T05:46:07.944+00:00,2026-09-19T05:49:36.019+00:00,2026-09-19T05:49:44.269+00:00,True,85,85.0,,85.0,208075.620578,216325.441506,216325.441436,2545.005193364706,48.496049,208075.620578,22558.323860284432,110.994228,98.2121539047619,17.422038161000916,0.39292650650914046,47,64,,True,True,,417,56.69694568066818
85,2026-09-19T05:46:08.596+00:00,2026-09-19T05:49:39.693+00:00,2026-09-19T05:49:44.477+00:00,True,50,50.0,,50.0,211097.73665099998,215880.84935499998,215880.849437,4317.61698874,47.844989999999996,211097.73665099998,29839.92919800296,110.68532234999999,97.61454497959183,18.738895456007906,0.23160924254924864,47,64,,True,True,,169,56.69694568066818
86,2026-09-19T05:46:09.041+00:00,2026-09-19T05:49:41.987+00:00,2026-09-19T05:49:46.528+00:00,True,47,47.0,,47.0,212945.920367,217487.132015,217487.13210100002,4627.385789382979,48.069939,212945.920367,31046.96084317577,111.97535429999999,98.72199234782609,19.61604239080074,0.21610473945998068,47,64,,True,True,,192,56.69694568066818
87,2026-09-19T05:46:09.751+00:00,2026-09-19T05:49:45.787+00:00,2026-09-19T05:49:51.713+00:00,True,63,63.0,,63.0,216036.15241,221962.74364200002,221962.74368500002,3523.218153730159,43.426269999999995,216036.15241,27205.961764684238,112.95254019999999,95.59018116129032,21.247765102892945,0.28383141677871687,47,64,,True,True,,218,56.69694568066818
88,2026-09-19T05:46:10.396+00:00,2026-09-19T05:49:49.046+00:00,2026-09-19T05:49:52.530+00:00,True,37,37.0,,37.0,218650.502088,222134.500808,222134.50076700002,6003.635155864865,47.61551,218650.502088,35930.01509247573,109.63033459999998,96.77774222222223,17.488722742340947,0.16656575122466286,47,64,,True,True,,48,56.69694568066818
89,2026-09-19T05:46:10.931+00:00,2026-09-19T05:49:51.812+00:00,2026-09-19T05:49:58.018+00:00,True,63,63.0,,63.0,220880.61328,227086.850208,227086.85024,3604.5531784126983,47.55114,220880.61328,27815.734265491985,111.757871,100.10059561290322,15.452715672790063,0.2774268961073493,47,64,,True,True,,301,56.69694568066818
90,2026-09-19T05:46:11.552+00:00,2026-09-19T05:49:55.119+00:00,2026-09-19T05:50:02.380+00:00,True,74,74.0,,74.0,223566.80333000002,230828.28505800004,230828.28496100003,3119.3011481216217,46.803104,223566.80333000002,25977.556419990426,113.39359769999999,99.47235243835617,19.00582080609612,0.3205846284453661,47,64,,True,True,,277,56.69694568066818
91,2026-09-19T05:46:12.170+00:00,2026-09-19T05:49:58.387+00:00,2026-09-19T05:50:05.604+00:00,True,74,74.0,,74.0,226217.01475600002,233433.21853200003,233433.21863000002,3154.5029544594595,43.92439,226217.01475600002,26285.708923639002,111.5543808,98.85210652054793,18.52545238567345,0.31700715290380044,47,64,,True,True,,328,56.69694568066818
92,2026-09-19T05:46:12.743+00:00,2026-09-19T05:50:01.741+00:00,2026-09-19T05:50:09.094+00:00,True,79,79.0,,79.0,228997.821988,236350.71568400002,236350.715818,2991.781212886076,4.57263,228997.821988,25753.677416707887,110.57928779999999,94.2678678974359,28.433573510347667,0.3342490407586609,47,64,,True,True,,287,56.69694568066818
93,2026-09-19T05:46:13.351+00:00,2026-09-19T05:50:05.033+00:00,2026-09-19T05:50:10.165+00:00,True,56,56.0,,56.0,231681.233267,236813.660275,236813.660329,4228.815363017858,43.811608,231681.233267,30947.24509155225,111.95841474999999,93.31685469090908,22.47898273045487,0.23647284508406302,47,64,,True,True,,259,56.69694568066818
94,2026-09-19T05:46:13.910+00:00,2026-09-19T05:50:09.040+00:00,2026-09-19T05:50:16.130+00:00,True,71,71.0,,71.0,235130.12613,242220.140338,242220.140306,3411.5512719154926,45.768044,235130.12613,27892.796541923704,113.243554,101.28591725714286,16.602913225202308,0.2931217854176983,47,64,,True,True,,256,56.69694568066818
95,2026-09-19T05:46:14.543+00:00,2026-09-19T05:50:12.141+00:00,2026-09-19T05:50:13.875+00:00,True,17,17.0,,17.0,237597.651796,239331.78811599998,239331.788015,14078.340471470588,100.17622800000001,237597.651796,57599.60830103182,47613.210192,108.38352,4.686779083900869,0.07103109926943926,47,64,,True,True,,98,56.69694568066818
96,2026-09-19T05:46:15.150+00:00,2026-09-19T05:50:15.217+00:00,2026-09-19T05:50:21.379+00:00,True,65,65.0,,65.0,240067.230837,246229.396853,246229.39703800002,3788.144569815385,45.601835,240067.230837,29764.74060669608,113.15741720000001,96.283844,21.840354508190842,0.26398147756015206,47,64,,True,True,,283,56.69694568066818
97,2026-09-19T05:46:15.565+00:00,2026-09-19T05:50:18.137+00:00,2026-09-19T05:50:23.412+00:00,True,55,55.0,,55.0,242572.515049,247847.250665,247847.250635,4506.313647909091,46.226034,242572.515049,32695.304669186316,111.34176599999999,97.68028918518517,17.544247678126112,0.2219108739452597,47,64,,True,True,,208,56.69694568066818
98,2026-09-19T05:46:16.264+00:00,2026-09-19T05:50:21.479+00:00,2026-09-19T05:50:24.338+00:00,True,30,30.0,,30.0,245214.486016,248073.993472,248073.993502,8269.133116733334,50.745623,245214.486016,44751.834599686124,109.7387215,98.60370537931034,13.451020847445012,0.12093166067158138,47,64,,True,True,,140,56.69694568066818
99,2026-09-19T05:46:16.811+00:00,2026-09-19T05:50:24.287+00:00,2026-09-19T05:50:30.406+00:00,True,64,64.0,,64.0,247475.39780500002,253595.23370900002,253595.233814,3962.42552834375,45.224586,247475.39780500002,30922.287521779886,111.18010039999999,97.14025244444444,18.298006238488163,0.25237067378576944,47,64,,True,True,,253,56.69694568066818
100,2026-09-19T05:46:17.254+00:00,2026-09-19T05:50:26.750+00:00,2026-09-19T05:50:27.263+00:00,True,7,7.0,,7.0,249496.087434,250008.847754,250008.84786399998,35715.54969485714,51.809101000000005,249496.087434,94268.35935406545,174678.9310689,85.46005333333333,26.139897801969056,0.027999009086621434,47,64,,True,True,,32,56.69694568066818
101,2026-09-19T05:46:17.769+00:00,2026-09-19T05:50:29.456+00:00,2026-09-19T05:50:35.746+00:00,True,63,63.0,,63.0,251686.572675,257976.552579,257976.552402,4094.8659111428574,49.631295,251686.572675,31696.748170224364,112.17846309999999,101.45128877419356,11.984992851458978,0.24420824051715923,47,64,,True,True,,296,56.69694568066818
102,2026-09-19T05:46:18.364+00:00,2026-09-19T05:50:32.287+00:00,2026-09-19T05:50:37.756+00:00,True,56,56.0,,56.0,253923.63295899998,259392.58783899999,259392.58790699998,4632.010498339286,47.020891999999996,253923.63295899998,33918.68886084254,109.77959924999999,99.43554327272727,16.089378571357617,0.21588897534249563,47,64,,True,True,,261,56.69694568066818
103,2026-09-19T05:46:18.796+00:00,2026-09-19T05:50:34.538+00:00,2026-09-19T05:50:36.584+00:00,True,21,21.0,,21.0,255741.456846,257788.313038,257788.31317299997,12275.633960619047,56.23375,255741.456846,55785.02921343164,110.64381499999999,102.3428096,11.30429563246914,0.08146218791890862,47,64,,True,True,,94,56.69694568066818
104,2026-09-19T05:46:19.279+00:00,2026-09-19T05:50:37.378+00:00,2026-09-19T05:50:42.729+00:00,True,55,55.0,,55.0,258099.72393900002,263450.449571,263450.449768,4790.008177600001,47.85678,258099.72393900002,34788.80483193897,113.0795984,99.0875117037037,20.817988361700102,0.20876791096603342,47,64,,True,True,,165,56.69694568066818
105,2026-09-19T05:46:19.804+00:00,2026-09-19T05:50:40.384+00:00,2026-09-19T05:50:41.138+00:00,True,9,9.0,,9.0,260579.965092,261333.625508,261333.625467,29037.069496333334,48.912067,260579.965092,86828.58972391552,156392.5133048,94.207552,27.733734263860043,0.034438737007168985,47,64,,True,True,,44,56.69694568066818
106,2026-09-19T05:46:20.424+00:00,2026-09-19T05:50:43.476+00:00,2026-09-19T05:50:46.938+00:00,True,37,37.0,,37.0,263051.705727,266513.81619100005,266513.81609700003,7203.07611072973,46.336544,263051.705727,43229.6276773183,110.940781,96.16973511111111,18.511845193929215,0.1388295756250158,47,64,,True,True,,171,56.69694568066818
107,2026-09-19T05:46:21.051+00:00,2026-09-19T05:50:47.034+00:00,2026-09-19T05:50:52.920+00:00,True,63,63.0,,63.0,265982.672128,271868.479488,271868.479351,4315.3726881111115,45.808055,265982.672128,33498.712097286196,110.1774601,94.93237677419356,19.560541879249545,0.2317296956184314,47,64,,True,True,,244,56.69694568066818
108,2026-09-19T05:46:21.764+00:00,2026-09-19T05:50:50.734+00:00,2026-09-19T05:50:59.380+00:00,True,89,89.0,,89.0,268969.761669,277616.33549300005,277616.33567700005,3119.2846705280904,46.204273,268969.761669,28500.32739924794,110.4575144,98.25652072727273,16.729636806826672,0.32058632227801337,47,64,,True,True,,298,56.69694568066818
109,2026-09-19T05:46:22.749+00:00,2026-09-19T05:50:52.258+00:00,2026-09-19T05:50:54.029+00:00,True,20,20.0,,20.0,269508.288527,271279.952143,271279.952222,13563.9976111,44.916207,269508.288527,60243.038592810975,13578.76044235,93.24545347368421,21.237459786151753,0.07372457803095375,47,64,,True,True,,92,56.69694568066818
110,2026-09-19T05:46:22.904+00:00,2026-09-19T05:50:56.696+00:00,2026-09-19T05:51:03.196+00:00,True,66,66.0,,66.0,273791.96207300003,280292.49429700006,280292.494116,4246.855971454546,48.613669,273791.96207300003,33689.154558148926,112.0124205,100.00818806153846,16.305151280505687,0.23546831022191372,47,64,,True,True,,272,56.69694568066818
111,2026-09-19T05:46:23.551+00:00,2026-09-19T05:51:00.403+00:00,2026-09-19T05:51:01.968+00:00,True,17,17.0,,17.0,276852.13900300005,278417.70879500004,278417.70865000004,16377.512273529415,39.562409,276852.13900300005,67122.7779052345,55462.08159020001,97.848112,20.658264080701816,0.0610593344567646,47,64,,True,True,,108,56.69694568066818
112,2026-09-19T05:46:23.980+00:00,2026-09-19T05:51:02.766+00:00,2026-09-19T05:51:04.262+00:00,True,15,15.0,,15.0,278786.325488,280282.618608,280282.61857500003,18685.507905,100.53789900000001,278786.325488,71954.72402643063,83714.4686998,106.87808,4.123692346268777,0.05351741065677292,47,64,,True,True,,96,56.69694568066818
113,2026-09-19T05:46:24.698+00:00,2026-09-19T05:51:06.529+00:00,2026-09-19T05:51:08.284+00:00,True,21,21.0,,21.0,281831.038977,283586.70208099997,283586.701918,13504.128662761905,44.406138,281831.038977,61481.42388591641,110.89955599999999,87.7831552,25.466220818486036,0.07405142711523137,47,64,,True,True,,83,56.69694568066818
114,2026-09-19T05:46:25.343+00:00,2026-09-19T05:51:10.055+00:00,2026-09-19T05:51:19.976+00:00,True,100,100.0,,100.0,284712.102478,294633.777486,294633.77746,2946.3377745999996,45.614815,284712.102478,28461.192819348325,111.72697584999997,100.21893947474747,16.024341719274336,0.33940439841372794,47,64,,True,True,,480,56.69694568066818
115,2026-09-19T05:46:25.767+00:00,2026-09-19T05:51:11.975+00:00,2026-09-19T05:51:18.104+00:00,True,63,63.0,,63.0,286207.729552,292336.604816,292336.604798,4640.263568222223,44.079049,286207.729552,36046.33446355013,111.4279391,98.85282683870969,17.526074867672634,0.2155049999286026,47,64,,True,True,,296,56.69694568066818
116,2026-09-19T05:46:26.234+00:00,2026-09-19T05:51:14.633+00:00,2026-09-19T05:51:21.980+00:00,True,74,74.0,,74.0,288398.463519,295745.916447,295745.916568,3996.566440108108,48.536308,288398.463519,33513.94345660531,110.87097415,100.65004010958904,15.166774817826292,0.2502147819622097,47,64,,True,True,,248,56.69694568066818
117,2026-09-19T05:46:26.914+00:00,2026-09-19T05:51:18.527+00:00,2026-09-19T05:51:27.039+00:00,False,86,85.0,,85.0,291613.88677499996,300125.64357499994,300125.64371299994,3489.833066430232,0.02302,291613.88677499996,31434.742084843045,112.83133850000002,100.13831529411765,19.79881007609468,0.28321471963377537,47,64,,True,False,Request timeout: 300.0s exceeded,371,56.69694568066818
118,2026-09-19T05:46:27.611+00:00,2026-09-19T05:51:21.877+00:00,2026-09-19T05:51:27.678+00:00,False,60,59.0,,59.0,294265.578356,300066.679156,300066.679124,5001.111318733334,0.023600000000000003,294265.578356,37976.836343617535,115.73697639999999,98.32374237288136,23.37686089766837,0.19662296448892552,47,64,,True,False,Request timeout: 300.0s exceeded,208,56.69694568066818
119,2026-09-19T05:46:28.094+00:00,2026-09-19T05:51:25.138+00:00,2026-09-19T05:51:28.198+00:00,False,32,31.0,,31.0,297044.04349400004,300104.23011800006,300104.23009300005,9378.257190406252,0.026719999999999997,297044.04349400004,52493.01866501407,111.5252192,98.7156975483871,23.134042318520915,0.103297444317299,47,64,,True,False,Request timeout: 300.0s exceeded,99,56.69694568066818
120,2026-09-19T05:46:28.804+00:00,2026-09-19T05:51:28.621+00:00,2026-09-19T05:51:29.603+00:00,False,11,10.0,,10.0,299816.26711,300798.132838,300798.132868,27345.28480618182,0.02238,299816.26711,90368.40749479327,149968.062473,98.1865728,34.82353685680824,0.03324488721273303,47,64,,True,False,Request timeout: 300.0s exceeded,43,56.69694568066818
121,2026-09-19T05:46:29.355+00:00,2026-09-19T05:51:29.622+00:00,2026-09-19T05:51:29.622+00:00,False,1,0.0,,0.0,300267.32779400004,300267.32779400004,300267.32779400004,300267.32779400004,300267.32779400004,300267.32779400004,nan,300267.32779400004,nan,nan,0.0,47,64,,True,False,"HTTPConnectionPool(host='gpu03', port=9002): Read timed out.",0,56.69694568066818
122,2026-09-19T05:46:29.865+00:00,2026-09-19T05:51:29.894+00:00,2026-09-19T05:51:29.894+00:00,False,1,0.0,,0.0,300029.785385,300029.785385,300029.785385,300029.785385,300029.785385,300029.785385,nan,300029.785385,nan,nan,0.0,47,64,,True,False,"HTTPConnectionPool(host='gpu03', port=9002): Read timed out.",0,56.69694568066818
123,2026-09-19T05:46:30.398+00:00,2026-09-19T05:51:30.447+00:00,2026-09-19T05:51:30.447+00:00,False,1,0.0,,0.0,300048.846959,300048.846959,300048.846959,300048.846959,300048.846959,300048.846959,nan,300048.846959,nan,nan,0.0,47,64,,True,False,TTFT timeout: 300.0s exceeded (TTFT: 300.044s),0,56.69694568066818
124,2026-09-19T05:46:30.941+00:00,2026-09-19T05:51:30.985+00:00,2026-09-19T05:51:30.985+00:00,False,1,0.0,,0.0,300043.380698,300043.380698,300043.380698,300043.380698,300043.380698,300043.380698,nan,300043.380698,nan,nan,0.0,47,64,,True,False,TTFT timeout: 300.0s exceeded (TTFT: 300.037s),0,56.69694568066818
125,2026-09-19T05:46:31.331+00:00,2026-09-19T05:51:31.099+00:00,2026-09-19T05:51:31.362+00:00,False,5,4.0,,4.0,299767.911691,300031.102219,300031.102257,60006.2204514,0.023190000000000002,299767.911691,134030.86722667483,239836.38824200002,65.797632,50.81186433376793,0.013331951155784852,47,64,,True,False,Request timeout: 300.0s exceeded,17,56.69694568066818
126,2026-09-19T05:46:31.946+00:00,2026-09-19T05:51:32.003+00:00,2026-09-19T05:51:32.003+00:00,False,1,0.0,,0.0,300057.24343800003,300057.24343800003,300057.24343800003,300057.24343800003,300057.24343800003,300057.24343800003,nan,300057.24343800003,nan,nan,0.0,47,64,,True,False,"HTTPConnectionPool(host='gpu03', port=9002): Read timed out.",0,56.69694568066818
127,2026-09-19T05:46:32.396+00:00,2026-09-19T05:51:32.431+00:00,2026-09-19T05:51:32.431+00:00,False,1,0.0,,0.0,300035.132942,300035.132942,300035.132942,300035.132942,300035.132942,300035.132942,nan,300035.132942,nan,nan,0.0,47,64,,True,False,"HTTPConnectionPool(host='gpu03', port=9002): Read timed out.",0,56.69694568066818
128,2026-09-19T05:46:33.058+00:00,2026-09-19T05:51:32.910+00:00,2026-09-19T05:51:33.140+00:00,False,4,3.0,,3.0,299851.882756,300081.77664399997,300081.776599,75020.44414975,0.02233,299851.882756,149887.63552735472,254891.43973584997,76.631296,66.34864591236665,0.009997274854710789,47,64,,True,False,Request timeout: 300.0s exceeded,13,56.69694568066818
129,2026-09-19T05:46:33.531+00:00,2026-09-19T05:51:33.550+00:00,2026-09-19T05:51:33.550+00:00,False,1,0.0,,0.0,300018.479617,300018.479617,300018.479617,300018.479617,300018.479617,300018.479617,nan,300018.479617,nan,nan,0.0,47,64,,True,False,"HTTPConnectionPool(host='gpu03', port=9002): Read timed out.",0,56.69694568066818
130,2026-09-19T05:46:34.171+00:00,2026-09-19T05:51:34.140+00:00,2026-09-19T05:51:34.278+00:00,False,3,2.0,,2.0,299968.612204,300106.55678,300106.556867,100035.51895566667,0.026879999999999998,299968.612204,173147.15153695238,269985.5427619,68.972288,97.50353105694649,0.006664299578986359,47,64,,True,False,Request timeout: 300.0s exceeded,8,56.69694568066818
131,2026-09-19T05:46:34.574+00:00,2026-09-19T05:51:34.405+00:00,2026-09-19T05:51:34.655+00:00,False,4,3.0,,3.0,299831.567579,300080.836827,300080.836667,75020.20916675,0.07158,299831.567579,149874.2512939432,254878.465214,83.08974933333333,74.52474755744701,0.009997306164970254,47,64,,True,False,Request timeout: 300.0s exceeded,6,56.69694568066818
132,2026-09-19T05:46:35.170+00:00,2026-09-19T05:51:35.281+00:00,2026-09-19T05:51:35.281+00:00,False,1,0.0,,0.0,300110.810818,300110.810818,300110.810818,300110.810818,300110.810818,300110.810818,nan,300110.810818,nan,nan,0.0,47,64,,True,False,"HTTPConnectionPool(host='gpu03', port=9002): Read timed out.",0,56.69694568066818
133,2026-09-19T05:46:35.692+00:00,2026-09-19T05:51:35.752+00:00,2026-09-19T05:51:35.752+00:00,False,1,0.0,,0.0,300060.59224,300060.59224,300060.59224,300060.59224,300060.59224,300060.59224,nan,300060.59224,nan,nan,0.0,47,64,,True,False,TTFT timeout: 300.0s exceeded (TTFT: 300.055s),0,56.69694568066818
134,2026-09-19T05:46:36.340+00:00,2026-09-19T05:51:36.151+00:00,2026-09-19T05:51:36.348+00:00,False,4,3.0,,3.0,299810.930196,300008.606484,300008.606482,75002.1516205,0.03849,299810.930196,149872.5263588652,254854.98196545,65.892096,57.32411377070114,0.00999971312542994,47,64,,True,False,Request timeout: 300.0s exceeded,6,56.69694568066818
135,2026-09-19T05:46:37.035+00:00,2026-09-19T05:51:37.050+00:00,2026-09-19T05:51:37.784+00:00,False,8,7.0,,7.0,300015.241921,300749.397441,300749.39729500003,37593.674661875004,0.03871,300015.241921,106034.33513350974,195061.2742297,104.87936,48.65605372820534,0.023275192101999926,47,64,,True,False,Request timeout: 300.0s exceeded,20,56.69694568066818
136,2026-09-19T05:46:37.769+00:00,2026-09-19T05:51:37.676+00:00,2026-09-19T05:51:37.998+00:00,False,5,4.0,,4.0,299906.662747,300228.786523,300228.786578,60045.7573156,0.02666,299906.662747,134086.33051221483,239947.6298224,80.530944,53.783406600645,0.013323172792071913,47,64,,True,False,Request timeout: 300.0s exceeded,14,56.69694568066818
137,2026-09-19T05:46:38.269+00:00,2026-09-19T05:51:38.359+00:00,2026-09-19T05:51:38.359+00:00,False,1,0.0,,0.0,300089.137874,300089.137874,300089.137874,300089.137874,300089.137874,300089.137874,nan,300089.137874,nan,nan,0.0,47,64,,True,False,"HTTPConnectionPool(host='gpu03', port=9002): Read timed out.",0,56.69694568066818
138,2026-09-19T05:46:38.942+00:00,2026-09-19T05:51:39.355+00:00,2026-09-19T05:51:39.527+00:00,False,5,4.0,,4.0,300413.314084,300584.885796,300584.885811,60116.977162200004,0.0219,300413.314084,134329.73868446224,240345.3533574,42.892928,30.863265738586424,0.013307388990658389,47,64,,True,False,Request timeout: 300.0s exceeded,16,56.69694568066818
139,2026-09-19T05:46:39.638+00:00,2026-09-19T05:51:39.655+00:00,2026-09-19T05:51:39.655+00:00,False,1,0.0,,0.0,300016.80163999996,300016.80163999996,300016.80163999996,300016.80163999996,300016.80163999996,300016.80163999996,nan,300016.80163999996,nan,nan,0.0,47,64,,True,False,"HTTPConnectionPool(host='gpu03', port=9002): Read timed out.",0,56.69694568066818
140,2026-09-19T05:46:40.155+00:00,2026-09-19T05:51:40.276+00:00,2026-09-19T05:51:40.276+00:00,False,1,0.0,,0.0,300121.154616,300121.154616,300121.154616,300121.154616,300121.154616,300121.154616,nan,300121.154616,nan,nan,0.0,47,64,,True,False,"HTTPConnectionPool(host='gpu03', port=9002): Read timed out.",0,56.69694568066818
141,2026-09-19T05:46:40.843+00:00,2026-09-19T05:51:40.887+00:00,2026-09-19T05:51:40.887+00:00,False,1,0.0,,0.0,300043.033441,300043.033441,300043.033441,300043.033441,300043.033441,300043.033441,nan,300043.033441,nan,nan,0.0,47,64,,True,False,"HTTPConnectionPool(host='gpu03', port=9002): Read timed out.",0,56.69694568066818
142,2026-09-19T05:46:41.454+00:00,2026-09-19T05:51:41.080+00:00,2026-09-19T05:51:41.519+00:00,False,7,6.0,,6.0,299626.509988,300065.029284,300065.029222,42866.432746,0.024300000000000002,299626.509988,113220.55811736253,209769.09405669998,73.08654933333332,41.32689522633524,0.019995665653931405,47,64,,True,False,Request timeout: 300.0s exceeded,13,56.69694568066818
143,2026-09-19T05:46:41.953+00:00,2026-09-19T05:51:41.972+00:00,2026-09-19T05:51:41.972+00:00,False,1,0.0,,0.0,300019.10187199997,300019.10187199997,300019.10187199997,300019.10187199997,300019.10187199997,300019.10187199997,nan,300019.10187199997,nan,nan,0.0,47,64,,True,False,"HTTPConnectionPool(host='gpu03', port=9002): Read timed out.",0,56.69694568066818
144,2026-09-19T05:46:42.585+00:00,2026-09-19T05:51:42.536+00:00,2026-09-19T05:51:42.683+00:00,False,3,2.0,,2.0,299950.70294,300097.453148,300097.452913,100032.48430433332,0.06616899999999999,299950.70294,173134.27153809377,269970.3010264,73.375104,103.67429920129675,0.006664501744417184,47,64,,True,False,Request timeout: 300.0s exceeded,4,56.69694568066818
145,2026-09-19T05:46:43.225+00:00,2026-09-19T05:51:43.036+00:00,2026-09-19T05:51:43.239+00:00,False,4,3.0,,3.0,299810.92381400004,300014.009382,300014.009368,75003.502342,0.02792,299810.92381400004,149871.62195299903,254854.57524530005,67.69518933333333,58.60276317489056,0.009999533042405957,47,64,,True,False,Request timeout: 300.0s exceeded,10,56.69694568066818
146,2026-09-19T05:46:43.800+00:00,2026-09-19T05:51:43.923+00:00,2026-09-19T05:51:43.923+00:00,False,1,0.0,,0.0,300123.625856,300123.625856,300123.625856,300123.625856,300123.625856,300123.625856,nan,300123.625856,nan,nan,0.0,47,64,,True,False,"HTTPConnectionPool(host='gpu03', port=9002): Read timed out.",0,56.69694568066818
147,2026-09-19T05:46:44.373+00:00,2026-09-19T05:51:44.350+00:00,2026-09-19T05:51:44.482+00:00,False,3,2.0,,2.0,299976.932883,300109.374483,300109.374548,100036.45818266667,0.038950000000000005,299976.932883,173153.5429830633,269992.4798662,66.2208,93.59532359305719,0.006664237008408719,47,64,,True,False,Request timeout: 300.0s exceeded,3,56.69694568066818
148,2026-09-19T05:46:44.831+00:00,2026-09-19T05:51:44.627+00:00,2026-09-19T05:51:44.841+00:00,False,4,3.0,,3.0,299795.855922,300010.30277,300010.302639,75002.57565975,0.0371,299795.855922,149862.19538418102,254843.08579395004,71.48228266666668,61.973197706000526,0.009999656586127047,47,64,,True,False,Request timeout: 300.0s exceeded,11,56.69694568066818
149,2026-09-19T05:46:45.358+00:00,2026-09-19T05:51:45.370+00:00,2026-09-19T05:51:45.370+00:00,False,1,0.0,,0.0,300011.76682200003,300011.76682200003,300011.76682200003,300011.76682200003,300011.76682200003,300011.76682200003,nan,300011.76682200003,nan,nan,0.0,47,64,,True,False,"HTTPConnectionPool(host='gpu03', port=9002): Read timed out.",0,56.69694568066818
150,2026-09-19T05:46:45.747+00:00,2026-09-19T05:51:45.841+00:00,2026-09-19T05:51:45.841+00:00,False,1,0.0,,0.0,300094.368073,300094.368073,300094.368073,300094.368073,300094.368073,300094.368073,nan,300094.368073,nan,nan,0.0,47,64,,True,False,"HTTPConnectionPool(host='gpu03', port=9002): Read timed out.",0,56.69694568066818
151,2026-09-19T05:46:46.346+00:00,2026-09-19T05:51:46.169+00:00,2026-09-19T05:51:46.390+00:00,False,4,3.0,,3.0,299823.379175,300044.40522300004,300044.405098,75011.1012745,0.01979,299823.379175,149874.861037703,254867.19093200003,73.67534933333333,63.979765906996484,0.009998520044959111,47,64,,True,False,Request timeout: 300.0s exceeded,9,56.69694568066818
152,2026-09-19T05:46:46.995+00:00,2026-09-19T05:51:47.033+00:00,2026-09-19T05:51:47.033+00:00,False,1,0.0,,0.0,300037.899706,300037.899706,300037.899706,300037.899706,300037.899706,300037.899706,nan,300037.899706,nan,nan,0.0,47,64,,True,False,"HTTPConnectionPool(host='gpu03', port=9002): Read timed out.",0,56.69694568066818
153,2026-09-19T05:46:47.515+00:00,2026-09-19T05:51:47.544+00:00,2026-09-19T05:51:47.544+00:00,False,1,0.0,,0.0,300029.023882,300029.023882,300029.023882,300029.023882,300029.023882,300029.023882,nan,300029.023882,nan,nan,0.0,47,64,,True,False,TTFT timeout: 300.0s exceeded (TTFT: 300.022s),0,56.69694568066818
154,2026-09-19T05:46:48.222+00:00,2026-09-19T05:51:48.069+00:00,2026-09-19T05:51:48.262+00:00,False,4,3.0,,3.0,299847.501545,300040.454889,300040.454922,75010.1137305,0.02832,299847.501545,149891.59877785476,254885.12982185,64.31778133333333,55.70865587931805,0.00999865168551971,47,64,,True,False,Request timeout: 300.0s exceeded,6,56.69694568066818
155,2026-09-19T05:46:48.775+00:00,2026-09-19T05:51:48.808+00:00,2026-09-19T05:51:48.808+00:00,False,1,0.0,,0.0,300033.071087,300033.071087,300033.071087,300033.071087,300033.071087,300033.071087,nan,300033.071087,nan,nan,0.0,47,64,,True,False,"HTTPConnectionPool(host='gpu03', port=9002): Read timed out.",0,56.69694568066818
156,2026-09-19T05:46:49.372+00:00,2026-09-19T05:51:49.391+00:00,2026-09-19T05:51:49.391+00:00,False,1,0.0,,0.0,300018.906469,300018.906469,300018.906469,300018.906469,300018.906469,300018.906469,nan,300018.906469,nan,nan,0.0,47,64,,True,False,TTFT timeout: 300.0s exceeded (TTFT: 300.012s),0,56.69694568066818
157,2026-09-19T05:46:49.786+00:00,2026-09-19T05:51:49.524+00:00,2026-09-19T05:51:49.866+00:00,False,5,4.0,,4.0,299738.347712,300079.683008,300079.68303300004,60015.9366066,0.053810000000000004,299738.347712,134008.91148236554,239817.20539239998,85.333824,59.0029139020613,0.013329792806710481,47,64,,True,False,Request timeout: 300.0s exceeded,13,56.69694568066818
158,2026-09-19T05:46:50.292+00:00,2026-09-19T05:51:50.411+00:00,2026-09-19T05:51:50.411+00:00,False,1,0.0,,0.0,300119.252119,300119.252119,300119.252119,300119.252119,300119.252119,300119.252119,nan,300119.252119,nan,nan,0.0,47,64,,True,False,"HTTPConnectionPool(host='gpu03', port=9002): Read timed out.",0,56.69694568066818
159,2026-09-19T05:46:50.836+00:00,2026-09-19T05:51:50.998+00:00,2026-09-19T05:51:51.567+00:00,False,7,6.0,,6.0,300161.193736,300731.02208799997,300731.022306,42961.574615142854,0.03593,300161.193736,113414.3806691221,210157.30772769998,94.971392,49.732910679137404,0.019951383659529073,47,64,,True,False,Request timeout: 300.0s exceeded,18,56.69694568066818
160,2026-09-19T05:46:51.429+00:00,2026-09-19T05:51:51.613+00:00,2026-09-19T05:51:51.613+00:00,False,1,0.0,,0.0,300184.10234399996,300184.10234399996,300184.10234399996,300184.10234399996,300184.10234399996,300184.10234399996,nan,300184.10234399996,nan,nan,0.0,47,64,,True,False,"HTTPConnectionPool(host='gpu03', port=9002): Read timed out.",0,56.69694568066818
161,2026-09-19T05:46:52.003+00:00,2026-09-19T05:51:52.028+00:00,2026-09-19T05:51:52.028+00:00,False,1,0.0,,0.0,300025.45602,300025.45602,300025.45602,300025.45602,300025.45602,300025.45602,nan,300025.45602,nan,nan,0.0,47,64,,True,False,"HTTPConnectionPool(host='gpu03', port=9002): Read timed out.",0,56.69694568066818
162,2026-09-19T05:46:52.548+00:00,2026-09-19T05:51:52.654+00:00,2026-09-19T05:51:52.654+00:00,False,1,0.0,,0.0,300105.887781,300105.887781,300105.887781,300105.887781,300105.887781,300105.887781,nan,300105.887781,nan,nan,0.0,47,64,,True,False,"HTTPConnectionPool(host='gpu03', port=9002): Read timed out.",0,56.69694568066818
163,2026-09-19T05:46:53.177+00:00,2026-09-19T05:51:52.992+00:00,2026-09-19T05:51:53.267+00:00,False,5,4.0,,4.0,299815.200676,300090.62698,300090.626849,60018.12536979999,0.020079999999999997,299815.200676,134050.64648912702,239872.56012679997,68.856576,47.04547925488702,0.013329306683965793,47,64,,True,False,Request timeout: 300.0s exceeded,13,56.69694568066818
164,2026-09-19T05:46:53.866+00:00,2026-09-19T05:51:53.952+00:00,2026-09-19T05:51:53.952+00:00,False,1,0.0,,0.0,300085.56691500003,300085.56691500003,300085.56691500003,300085.56691500003,300085.56691500003,300085.56691500003,nan,300085.56691500003,nan,nan,0.0,47,64,,True,False,"HTTPConnectionPool(host='gpu03', port=9002): Read timed out.",0,56.69694568066818
165,2026-09-19T05:46:54.419+00:00,2026-09-19T05:51:54.495+00:00,2026-09-19T05:51:54.495+00:00,False,1,0.0,,0.0,300075.279959,300075.279959,300075.279959,300075.279959,300075.279959,300075.279959,nan,300075.279959,nan,nan,0.0,47,64,,True,False,"HTTPConnectionPool(host='gpu03', port=9002): Read timed out.",0,56.69694568066818
166,2026-09-19T05:46:55.748+00:00,2026-09-19T05:51:55.120+00:00,2026-09-19T05:51:55.926+00:00,False,10,9.0,,9.0,299372.354299,300178.376443,300178.376459,30017.8376459,0.02649,299372.354299,94641.53745096878,164709.2793988,89.558016,39.630860223242394,0.02998217295544932,47,64,,True,False,Request timeout: 300.0s exceeded,33,56.69694568066818
168,2026-09-19T05:46:55.801+00:00,2026-09-19T05:51:56.024+00:00,2026-09-19T05:51:56.024+00:00,False,1,0.0,,0.0,300223.181283,300223.181283,300223.181283,300223.181283,300223.181283,300223.181283,nan,300223.181283,nan,nan,0.0,47,64,,True,False,TTFT timeout: 300.0s exceeded (TTFT: 300.057s),0,56.69694568066818
167,2026-09-19T05:46:55.787+00:00,2026-09-19T05:51:56.025+00:00,2026-09-19T05:51:56.025+00:00,False,1,0.0,,0.0,300237.53862999997,300237.53862999997,300237.53862999997,300237.53862999997,300237.53862999997,300237.53862999997,nan,300237.53862999997,nan,nan,0.0,47,64,,True,False,TTFT timeout: 300.0s exceeded (TTFT: 300.062s),0,56.69694568066818
169,2026-09-19T05:46:56.414+00:00,2026-09-19T05:51:56.525+00:00,2026-09-19T05:51:56.525+00:00,False,1,0.0,,0.0,300111.26849,300111.26849,300111.26849,300111.26849,300111.26849,300111.26849,nan,300111.26849,nan,nan,0.0,47,64,,True,False,"HTTPConnectionPool(host='gpu03', port=9002): Read timed out.",0,56.69694568066818
170,2026-09-19T05:46:57.021+00:00,2026-09-19T05:51:57.105+00:00,2026-09-19T05:51:57.105+00:00,False,1,0.0,,0.0,300083.45271,300083.45271,300083.45271,300083.45271,300083.45271,300083.45271,nan,300083.45271,nan,nan,0.0,47,64,,True,False,TTFT timeout: 300.0s exceeded (TTFT: 300.072s),0,56.69694568066818
171,2026-09-19T05:46:57.531+00:00,2026-09-19T05:51:57.291+00:00,2026-09-19T05:51:57.611+00:00,False,5,4.0,,4.0,299759.961509,300079.770021,300079.76996299997,60015.9539926,0.025160000000000002,299759.961509,134020.98273779365,239831.94276039998,79.952128,54.25539851061144,0.013329788941520697,47,64,,True,False,Request timeout: 300.0s exceeded,12,56.69694568066818
172,2026-09-19T05:46:58.253+00:00,2026-09-19T05:51:58.331+00:00,2026-09-19T05:51:58.331+00:00,False,1,0.0,,0.0,300078.82826499996,300078.82826499996,300078.82826499996,300078.82826499996,300078.82826499996,300078.82826499996,nan,300078.82826499996,nan,nan,0.0,47,64,,True,False,"HTTPConnectionPool(host='gpu03', port=9002): Read timed out.",0,56.69694568066818
173,2026-09-19T05:46:58.869+00:00,2026-09-19T05:51:58.928+00:00,2026-09-19T05:51:58.928+00:00,False,1,0.0,,0.0,300059.565292,300059.565292,300059.565292,300059.565292,300059.565292,300059.565292,nan,300059.565292,nan,nan,0.0,47,64,,True,False,TTFT timeout: 300.0s exceeded (TTFT: 300.051s),0,56.69694568066818
174,2026-09-19T05:46:59.274+00:00,2026-09-19T05:51:59.199+00:00,2026-09-19T05:51:59.311+00:00,False,3,2.0,,2.0,299924.801929,300037.100169,300037.10028300004,100012.366761,0.03658,299924.801929,173129.25648117188,269943.54791350005,56.14912,79.35543752789502,0.006665842320411285,47,64,,True,False,Request timeout: 300.0s exceeded,3,56.69694568066818
175,2026-09-19T05:46:59.819+00:00,2026-09-19T05:51:59.822+00:00,2026-09-19T05:51:59.870+00:00,False,3,2.0,,2.0,300002.682037,300050.598069,300050.59798900003,100016.86599633333,0.086259,300002.682037,173192.79873293635,270007.19680260005,23.958016,33.759744122298564,0.006665542454743175,47,64,,True,False,Request timeout: 300.0s exceeded,8,56.69694568066818
176,2026-09-19T05:47:00.272+00:00,2026-09-19T05:52:00.319+00:00,2026-09-19T05:52:00.319+00:00,False,1,0.0,,0.0,300046.697588,300046.697588,300046.697588,300046.697588,300046.697588,300046.697588,nan,300046.697588,nan,nan,0.0,47,64,,True,False,TTFT timeout: 300.0s exceeded (TTFT: 300.041s),0,56.69694568066818
177,2026-09-19T05:47:00.908+00:00,2026-09-19T05:52:00.802+00:00,2026-09-19T05:52:01.016+00:00,False,4,3.0,,3.0,299894.319172,300108.064068,300108.064077,75027.01601925,0.0238,299894.319172,149911.54389592202,254926.2949336,71.24829866666667,61.685438280347405,0.009996399161470864,47,64,,True,False,Request timeout: 300.0s exceeded,11,56.69694568066818
178,2026-09-19T05:47:01.454+00:00,2026-09-19T05:52:01.559+00:00,2026-09-19T05:52:01.559+00:00,False,1,0.0,,0.0,300105.697312,300105.697312,300105.697312,300105.697312,300105.697312,300105.697312,nan,300105.697312,nan,nan,0.0,47,64,,True,False,"HTTPConnectionPool(host='gpu03', port=9002): Read timed out.",0,56.69694568066818
179,2026-09-19T05:47:02.077+00:00,2026-09-19T05:52:02.172+00:00,2026-09-19T05:52:02.172+00:00,False,1,0.0,,0.0,300095.584608,300095.584608,300095.584608,300095.584608,300095.584608,300095.584608,nan,300095.584608,nan,nan,0.0,47,64,,True,False,"HTTPConnectionPool(host='gpu03', port=9002): Read timed out.",0,56.69694568066818
180,2026-09-19T05:47:02.601+00:00,2026-09-19T05:52:02.333+00:00,2026-09-19T05:52:02.687+00:00,False,5,4.0,,4.0,299731.739064,300085.838264,300085.83824400004,60017.1676488,0.03814,299731.739064,134004.53051774483,239813.35703260003,88.5248,63.53785320190691,0.013329519390651839,47,64,,True,False,Request timeout: 300.0s exceeded,13,56.69694568066818
181,2026-09-19T05:47:03.286+00:00,2026-09-19T05:52:03.375+00:00,2026-09-19T05:52:03.375+00:00,False,1,0.0,,0.0,300089.043091,300089.043091,300089.043091,300089.043091,300089.043091,300089.043091,nan,300089.043091,nan,nan,0.0,47,64,,True,False,"HTTPConnectionPool(host='gpu03', port=9002): Read timed out.",0,56.69694568066818
182,2026-09-19T05:47:03.807+00:00,2026-09-19T05:52:03.937+00:00,2026-09-19T05:52:05.050+00:00,False,12,11.0,,11.0,300130.261291,301243.036971,301243.037197,25103.586433083332,0.02244,300130.261291,86610.94767217322,135138.6719746,101.16142545454545,36.238698734685634,0.03651536683006865,47,64,,True,False,Request timeout: 300.0s exceeded,51,56.69694568066818
183,2026-09-19T05:47:04.202+00:00,2026-09-19T05:52:04.084+00:00,2026-09-19T05:52:05.150+00:00,False,12,11.0,,11.0,299881.964107,300948.20564299996,300948.205408,25079.017117333333,0.02066,299881.964107,86540.49063913595,135016.5864861,96.93104872727274,33.417056818880205,0.03655114000928372,47,64,,True,False,Request timeout: 300.0s exceeded,52,56.69694568066818
184,2026-09-19T05:47:04.876+00:00,2026-09-19T05:52:05.049+00:00,2026-09-19T05:52:05.253+00:00,False,4,3.0,,3.0,300172.604778,300377.21559399995,300377.215707,75094.30392675,0.06216,300172.604778,150052.20830374226,255162.09611865,68.20360533333333,59.01281094367566,0.009987441937190408,47,64,,True,False,Request timeout: 300.0s exceeded,10,56.69694568066818
185,2026-09-19T05:47:05.488+00:00,2026-09-19T05:52:05.535+00:00,2026-09-19T05:52:05.535+00:00,False,1,0.0,,0.0,300047.645959,300047.645959,300047.645959,300047.645959,300047.645959,300047.645959,nan,300047.645959,nan,nan,0.0,47,64,,True,False,"HTTPConnectionPool(host='gpu03', port=9002): Read timed out.",0,56.69694568066818
186,2026-09-19T05:47:06.175+00:00,2026-09-19T05:52:06.282+00:00,2026-09-19T05:52:06.282+00:00,False,1,0.0,,0.0,300107.497024,300107.497024,300107.497024,300107.497024,300107.497024,300107.497024,nan,300107.497024,nan,nan,0.0,47,64,,True,False,"HTTPConnectionPool(host='gpu03', port=9002): Read timed out.",0,56.69694568066818
187,2026-09-19T05:47:06.817+00:00,2026-09-19T05:52:06.546+00:00,2026-09-19T05:52:06.844+00:00,False,5,4.0,,4.0,299729.86025,300027.44386600005,300027.443808,60005.488761600005,0.05757,299729.86025,134010.00451301,239804.0811124,74.395904,49.60316102250797,0.013332113717525462,47,64,,True,False,Request timeout: 300.0s exceeded,12,56.69694568066818
188,2026-09-19T05:47:07.371+00:00,2026-09-19T05:52:07.406+00:00,2026-09-19T05:52:07.406+00:00,False,1,0.0,,0.0,300035.17535900004,300035.17535900004,300035.17535900004,300035.17535900004,300035.17535900004,300035.17535900004,nan,300035.17535900004,nan,nan,0.0,47,64,,True,False,"HTTPConnectionPool(host='gpu03', port=9002): Read timed out.",0,56.69694568066818
189,2026-09-19T05:47:07.966+00:00,2026-09-19T05:52:07.990+00:00,2026-09-19T05:52:07.990+00:00,False,1,0.0,,0.0,300023.23665100004,300023.23665100004,300023.23665100004,300023.23665100004,300023.23665100004,300023.23665100004,nan,300023.23665100004,nan,nan,0.0,47,64,,True,False,TTFT timeout: 300.0s exceeded (TTFT: 300.017s),0,56.69694568066818
190,2026-09-19T05:47:08.498+00:00,2026-09-19T05:52:08.385+00:00,2026-09-19T05:52:08.507+00:00,False,3,2.0,,2.0,299887.830265,300009.804537,300009.804465,100003.268155,0.05389,299887.830265,173105.11933587035,269911.2392695,60.987136,86.17244470170729,0.006666448795187096,47,64,,True,False,Request timeout: 300.0s exceeded,5,56.69694568066818
191,2026-09-19T05:47:09.064+00:00,2026-09-19T05:52:09.168+00:00,2026-09-19T05:52:09.168+00:00,False,1,0.0,,0.0,300104.588229,300104.588229,300104.588229,300104.588229,300104.588229,300104.588229,nan,300104.588229,nan,nan,0.0,47,64,,True,False,"HTTPConnectionPool(host='gpu03', port=9002): Read timed out.",0,56.69694568066818
192,2026-09-19T05:47:09.694+00:00,2026-09-19T05:52:09.729+00:00,2026-09-19T05:52:09.729+00:00,False,1,0.0,,0.0,300034.185941,300034.185941,300034.185941,300034.185941,300034.185941,300034.185941,nan,300034.185941,nan,nan,0.0,47,64,,True,False,"HTTPConnectionPool(host='gpu03', port=9002): Read timed out.",0,56.69694568066818
193,2026-09-19T05:47:10.193+00:00,2026-09-19T05:52:09.995+00:00,2026-09-19T05:52:10.206+00:00,False,4,3.0,,3.0,299801.89203600003,300012.384964,300012.38491900003,75003.09622975001,0.03868,299801.89203600003,149865.87208511398,254847.7249965,70.16430933333334,60.771081336494824,0.009999587184908999,47,64,,True,False,Request timeout: 300.0s exceeded,6,56.69694568066818
194,2026-09-19T05:47:10.729+00:00,2026-09-19T05:52:10.814+00:00,2026-09-19T05:52:10.814+00:00,False,1,0.0,,0.0,300085.028242,300085.028242,300085.028242,300085.028242,300085.028242,300085.028242,nan,300085.028242,nan,nan,0.0,47,64,,True,False,"HTTPConnectionPool(host='gpu03', port=9002): Read timed out.",0,56.69694568066818
195,2026-09-19T05:47:11.438+00:00,2026-09-19T05:52:11.359+00:00,2026-09-19T05:52:11.505+00:00,False,3,2.0,,2.0,299920.708886,300066.937622,300066.937537,100022.31251233333,0.02729,299920.708886,173117.10486340572,269943.2581335,73.114368,103.3605926920369,0.006665179495781164,47,64,,True,False,Request timeout: 300.0s exceeded,4,56.69694568066818
196,2026-09-19T05:47:11.834+00:00,2026-09-19T05:52:11.634+00:00,2026-09-19T05:52:11.933+00:00,False,5,4.0,,4.0,299800.252088,300099.026104,300099.026204,60019.8052408,0.02082,299800.252088,134041.35164947246,239860.57510220003,74.693504,49.817257022183526,0.013328933625441993,47,64,,True,False,Request timeout: 300.0s exceeded,17,56.69694568066818
197,2026-09-19T05:47:12.395+00:00,2026-09-19T05:52:12.513+00:00,2026-09-19T05:52:12.513+00:00,False,1,0.0,,0.0,300118.312514,300118.312514,300118.312514,300118.312514,300118.312514,300118.312514,nan,300118.312514,nan,nan,0.0,47,64,,True,False,"HTTPConnectionPool(host='gpu03', port=9002): Read timed out.",0,56.69694568066818
198,2026-09-19T05:47:12.830+00:00,2026-09-19T05:52:12.933+00:00,2026-09-19T05:52:12.933+00:00,False,1,0.0,,0.0,300103.456633,300103.456633,300103.456633,300103.456633,300103.456633,300103.456633,nan,300103.456633,nan,nan,0.0,47,64,,True,False,"HTTPConnectionPool(host='gpu03', port=9002): Read timed out.",0,56.69694568066818
199,2026-09-19T05:47:13.336+00:00,2026-09-19T05:52:13.221+00:00,2026-09-19T05:52:13.355+00:00,False,3,2.0,,2.0,299884.799474,300018.951666,300018.951694,100006.31723133333,0.02404,299884.799474,173099.8562786928,269909.7323446,67.076096,94.82589303907477,0.006666245545136515,47,64,,True,False,Request timeout: 300.0s exceeded,7,56.69694568066818
200,2026-09-19T05:47:13.751+00:00,2026-09-19T05:52:13.467+00:00,2026-09-19T05:52:13.818+00:00,False,6,5.0,,5.0,299716.109902,300066.89339,300066.89331,50011.148885,0.046020000000000005,299716.109902,122329.95465480955,224812.82349574997,70.1566976,44.61344065350079,0.016662951195690386,47,64,,True,False,Request timeout: 300.0s exceeded,21,56.69694568066818
201,2026-09-19T05:47:14.379+00:00,2026-09-19T05:52:14.489+00:00,2026-09-19T05:52:14.489+00:00,False,1,0.0,,0.0,300110.359513,300110.359513,300110.359513,300110.359513,300110.359513,300110.359513,nan,300110.359513,nan,nan,0.0,47,64,,True,False,"HTTPConnectionPool(host='gpu03', port=9002): Read timed out.",0,56.69694568066818
202,2026-09-19T05:47:15.050+00:00,2026-09-19T05:52:14.917+00:00,2026-09-19T05:52:15.138+00:00,False,4,3.0,,3.0,299866.686238,300087.959326,300087.959364,75021.989841,0.02016,299866.686238,149896.4733546745,254903.74590580002,73.757696,63.93489703229609,0.009997068881863918,47,64,,True,False,Request timeout: 300.0s exceeded,9,56.69694568066818
203,2026-09-19T05:47:15.532+00:00,2026-09-19T05:52:15.554+00:00,2026-09-19T05:52:15.554+00:00,False,1,0.0,,0.0,300021.60572399996,300021.60572399996,300021.60572399996,300021.60572399996,300021.60572399996,300021.60572399996,nan,300021.60572399996,nan,nan,0.0,47,64,,True,False,TTFT timeout: 300.0s exceeded (TTFT: 300.015s),0,56.69694568066818
204,2026-09-19T05:47:16.199+00:00,2026-09-19T05:52:16.258+00:00,2026-09-19T05:52:16.258+00:00,False,1,0.0,,0.0,300058.888148,300058.888148,300058.888148,300058.888148,300058.888148,300058.888148,nan,300058.888148,nan,nan,0.0,47,64,,True,False,TTFT timeout: 300.0s exceeded (TTFT: 300.042s),0,56.69694568066818
205,2026-09-19T05:47:17.486+00:00,2026-09-19T05:52:16.530+00:00,2026-09-19T05:52:17.638+00:00,False,13,12.0,,12.0,299044.316338,300152.117938,300152.117806,23088.624446615384,0.04332,299044.316338,82914.37298543249,119696.401042,92.3168,34.500291133079116,0.03997972788743987,47,64,,True,False,Request timeout: 300.0s exceeded,29,56.69694568066818
206,2026-09-19T05:47:17.585+00:00,2026-09-19T05:52:16.773+00:00,2026-09-19T05:52:17.735+00:00,False,12,11.0,,11.0,299188.604613,300150.406853,300150.406849,25012.533904083335,0.03947,299188.604613,86343.07568417091,134698.90494255,87.43656727272726,33.02316790209084,0.03664829281869773,47,64,,True,False,Request timeout: 300.0s exceeded,32,56.69694568066818
207,2026-09-19T05:47:17.926+00:00,2026-09-19T05:52:18.001+00:00,2026-09-19T05:52:18.001+00:00,False,1,0.0,,0.0,300075.252076,300075.252076,300075.252076,300075.252076,300075.252076,300075.252076,nan,300075.252076,nan,nan,0.0,47,64,,True,False,"HTTPConnectionPool(host='gpu03', port=9002): Read timed out.",0,56.69694568066818
208,2026-09-19T05:47:18.501+00:00,2026-09-19T05:52:18.537+00:00,2026-09-19T05:52:18.537+00:00,False,1,0.0,,0.0,300036.215388,300036.215388,300036.215388,300036.215388,300036.215388,300036.215388,nan,300036.215388,nan,nan,0.0,47,64,,True,False,"HTTPConnectionPool(host='gpu03', port=9002): Read timed out.",0,56.69694568066818
209,2026-09-19T05:47:18.988+00:00,2026-09-19T05:52:19.096+00:00,2026-09-19T05:52:19.096+00:00,False,1,0.0,,0.0,300107.998707,300107.998707,300107.998707,300107.998707,300107.998707,300107.998707,nan,300107.998707,nan,nan,0.0,47,64,,True,False,"HTTPConnectionPool(host='gpu03', port=9002): Read timed out.",0,56.69694568066818
210,2026-09-19T05:47:19.465+00:00,2026-09-19T05:52:19.395+00:00,2026-09-19T05:52:20.586+00:00,False,16,15.0,,15.0,299929.67914200004,301120.23504600005,301120.23485700006,18820.014678562504,0.04389,299929.67914200004,74962.58439615522,75063.31754175,79.3703936,34.022243219768185,0.049813988746749464,47,64,,True,False,Request timeout: 300.0s exceeded,51,56.69694568066818
212,2026-09-19T05:47:20.560+00:00,2026-09-19T05:52:20.747+00:00,2026-09-19T05:52:20.747+00:00,False,1,0.0,,0.0,300187.07274000003,300187.07274000003,300187.07274000003,300187.07274000003,300187.07274000003,300187.07274000003,nan,300187.07274000003,nan,nan,0.0,47,64,,True,False,"HTTPConnectionPool(host='gpu03', port=9002): Read timed out.",0,56.69694568066818
211,2026-09-19T05:47:20.158+00:00,2026-09-19T05:52:21.305+00:00,2026-09-19T05:52:21.305+00:00,False,1,0.0,,0.0,301146.48334700003,301146.48334700003,301146.48334700003,301146.48334700003,301146.48334700003,301146.48334700003,nan,301146.48334700003,nan,nan,0.0,47,64,,True,False,"HTTPConnectionPool(host='gpu03', port=9002): Read timed out.",0,56.69694568066818
0,2026-09-19T05:45:20.821+00:00,2026-09-19T05:45:21.095+00:00,2026-09-19T05:45:27.414+00:00,True,69,69.0,,69.0,274.761525,6593.211189,6593.211012,95.55378278260869,30.404569,274.761525,33.64591310838225,116.04693360000002,92.91837741176471,25.74022749060716,10.465310153437587,48,64,,False,True,,341,56.69694568066818
1,2026-09-19T05:45:21.327+00:00,2026-09-19T05:45:21.549+00:00,2026-09-19T05:45:28.336+00:00,True,71,71.0,,71.0,222.85985399999998,7009.786190000001,7009.786233,98.72938356338028,41.934222999999996,222.85985399999998,27.3567636109317,112.8239925,96.95609051428572,23.081154897374844,10.128696949599828,48,64,,False,True,,248,56.69694568066818
2,2026-09-19T05:45:22.015+00:00,2026-09-19T05:45:24.705+00:00,2026-09-19T05:45:32.506+00:00,True,81,81.0,,81.0,2689.1183659999997,10491.080606,10491.080671,129.51951445679012,47.480819000000004,2689.1183659999997,288.6247041044781,111.16666099999999,97.524528,19.77627268566185,7.7208443097534625,48,64,,False,True,,346,56.69694568066818
3,2026-09-19T05:45:22.717+00:00,2026-09-19T05:45:28.648+00:00,2026-09-19T05:45:37.178+00:00,True,87,87.0,,87.0,5931.2330520000005,14460.434972,14460.43485,166.2118948275862,0.0,5931.2330520000005,626.4300176975128,135.0568254,99.17676651162792,38.4592772938764,6.016416530239904,48,64,,False,True,,353,56.69694568066818
4,2026-09-19T05:45:23.315+00:00,2026-09-19T05:45:32.098+00:00,2026-09-19T05:45:41.067+00:00,True,92,92.0,,92.0,8782.184610999999,17752.130979,17752.131180999997,192.9579476195652,0.0,8782.184610999999,906.5016416243897,183.37791725000002,98.57083920879121,46.342752176021754,5.18247640854115,48,64,,False,True,,334,56.69694568066818
5,2026-09-19T05:45:23.761+00:00,2026-09-19T05:45:34.088+00:00,2026-09-19T05:45:35.536+00:00,True,16,16.0,,16.0,10327.42641,11774.961514,11774.961407,735.9350879375,49.877624000000004,10327.42641,2557.793757214724,2665.30105575,96.50234026666666,18.54353199408986,1.3588154815603075,48,64,,False,True,,66,56.69694568066818
6,2026-09-19T05:45:24.282+00:00,2026-09-19T05:45:37.281+00:00,2026-09-19T05:45:42.453+00:00,True,54,54.0,,54.0,12999.350714,18171.20377,18171.203605,336.50377046296296,0.0,12999.350714,1756.4025858386033,173.09375244999998,97.58213313207547,49.85196765273342,2.9717348769789287,48,64,,False,True,,252,56.69694568066818
7,2026-09-19T05:45:24.862+00:00,2026-09-19T05:45:39.902+00:00,2026-09-19T05:45:42.374+00:00,True,26,26.0,,26.0,15039.614491,17511.296539,17511.296402,673.5114000769231,0.0,15039.614491,2930.5301210058333,245.67557275,98.86728192,49.93956353741667,1.484755851292594,48,64,,False,True,,34,56.69694568066818
8,2026-09-19T05:45:25.593+00:00,2026-09-19T05:45:44.551+00:00,2026-09-19T05:45:50.372+00:00,True,61,61.0,,61.0,18957.915981,24778.980429,24778.980618999998,406.21279703278685,0.0,18957.915981,2415.6369764688397,119.69695099999998,97.0177408,60.55315173677601,2.46176392022203,48,64,,False,True,,290,56.69694568066818
9,2026-09-19T05:45:26.142+00:00,2026-09-19T05:45:47.628+00:00,2026-09-19T05:45:56.495+00:00,True,93,93.0,,93.0,21486.062449999998,30352.490353999998,30352.490412,326.37086464516125,0.0,21486.062449999998,2219.251502709132,114.9759086,96.37421634782609,74.708173980991,3.06399899696349,48,64,,False,True,,333,56.69694568066818
10,2026-09-19T05:45:26.606+00:00,2026-09-19T05:45:50.210+00:00,2026-09-19T05:45:54.948+00:00,True,48,48.0,,48.0,23604.033627,28342.076251,28342.076268,590.45992225,0.0,23604.033627,3393.5330656678148,345.6122017,100.80941753191489,88.70452840903857,1.6935950483975715,48,64,,False,True,,215,56.69694568066818
11,2026-09-19T05:45:27.116+00:00,2026-09-19T05:45:52.918+00:00,2026-09-19T05:45:54.293+00:00,True,14,14.0,,14.0,25801.429215999997,27176.766431999997,27176.766441999996,1941.1976029999998,0.0,25801.429215999997,6868.411116123617,9340.049641749998,105.79517046153846,119.77292739193771,0.5151459072597884,48,64,,False,True,,66,56.69694568066818
12,2026-09-19T05:45:27.860+00:00,2026-09-19T05:45:56.394+00:00,2026-09-19T05:46:05.755+00:00,True,93,93.0,,93.0,28533.686309999997,37894.71159,37894.711661999994,407.4700178709677,0.0,28533.686309999997,2949.2417890340344,115.5282806,101.7502747826087,76.72652938580745,2.454168302063069,48,64,,False,True,,317,56.69694568066818
13,2026-09-19T05:45:28.512+00:00,2026-09-19T05:46:00.916+00:00,2026-09-19T05:46:03.196+00:00,True,23,23.0,,23.0,32403.401954,34683.999970000004,34684.000102,1508.0000044347826,49.360415,32403.401954,6734.97263431416,113.1731696,103.66354618181819,12.798233115063418,0.6631299740483767,48,64,,False,True,,119,56.69694568066818
14,2026-09-19T05:45:28.940+00:00,2026-09-19T05:46:02.773+00:00,2026-09-19T05:46:04.890+00:00,True,22,22.0,,22.0,33833.014153,35949.406344999996,35949.406264,1634.063921090909,49.298955,33833.014153,7191.756181096694,116.8042267,100.78058057142857,17.300569879761454,0.611971162718793,48,64,,False,True,,101,56.69694568066818
15,2026-09-19T05:45:29.398+00:00,2026-09-19T05:46:05.782+00:00,2026-09-19T05:46:10.756+00:00,True,51,51.0,,51.0,36384.207291,41358.213051,41358.212994,810.9453528235293,0.016949000000000002,36384.207291,5081.427171517887,114.93775699999998,99.4801152,75.45787286921203,1.2331287122369246,48,64,,False,True,,186,56.69694568066818
16,2026-09-19T05:45:29.817+00:00,2026-09-19T05:46:07.849+00:00,2026-09-19T05:46:16.755+00:00,True,93,93.0,,93.0,38031.773523,46937.408595,46937.408538,504.7033176129033,0.0,38031.773523,3934.352239983497,109.33823120000001,96.80038121739129,73.47976964453991,1.98136204753977,48,64,,False,True,,457,56.69694568066818
17,2026-09-19T05:45:30.235+00:00,2026-09-19T05:46:09.662+00:00,2026-09-19T05:46:09.858+00:00,True,3,3.0,,3.0,39426.651503,39622.411375,39622.411357000005,13207.470452333333,93.30516300000001,39426.651503,22706.477317148827,35494.2318218,97.879936,6.469812087395429,0.07571472547712903,48,64,,False,True,,9,56.69694568066818
18,2026-09-19T05:45:30.680+00:00,2026-09-19T05:46:11.739+00:00,2026-09-19T05:46:13.075+00:00,True,15,15.0,,15.0,41058.454362000004,42394.780506,42394.780589,2826.3187059333336,0.0,41058.454362000004,10578.22110813637,12838.270240500002,95.45186742857143,192.07315012212052,0.35381714024624084,48,64,,False,True,,59,56.69694568066818
19,2026-09-19T05:45:31.422+00:00,2026-09-19T05:46:15.820+00:00,2026-09-19T05:46:24.648+00:00,True,90,90.0,,90.0,44397.925773999996,53226.112142,53226.111978999994,591.401244211111,0.0,44397.925773999996,4670.874459104977,111.76778945000002,99.19310525842697,114.09483263074355,1.6908993796107499,48,64,,False,True,,525,56.69694568066818
20,2026-09-19T05:45:31.886+00:00,2026-09-19T05:46:18.498+00:00,2026-09-19T05:46:23.748+00:00,True,53,53.0,,53.0,46611.685367,51861.808375,51861.808466999995,978.5246880566037,0.0,46611.685367,6390.4890562479695,343.4084964,100.963904,151.00928829919204,1.0219466243207336,48,64,,False,True,,253,56.69694568066818
21,2026-09-19T05:45:32.324+00:00,2026-09-19T05:46:20.903+00:00,2026-09-19T05:46:28.495+00:00,True,75,75.0,,75.0,48578.620854999994,56170.99000699999,56170.990101999996,748.9465346933332,0.016190000000000003,48578.620854999994,5598.639099387046,116.25593550000002,102.59958313513513,112.25659240094843,1.3352087971149085,48,64,,False,True,,356,56.69694568066818
22,2026-09-19T05:45:32.968+00:00,2026-09-19T05:46:24.655+00:00,2026-09-19T05:46:26.933+00:00,True,22,22.0,,22.0,51686.595106,53964.884770000004,53964.884808,2452.9493094545455,96.71213300000001,51686.595106,10996.49035982171,119.30107335000001,108.489984,5.685794669970839,0.4076725095173403,48,64,,False,True,,98,56.69694568066818
23,2026-09-19T05:45:33.666+00:00,2026-09-19T05:46:28.279+00:00,2026-09-19T05:46:35.242+00:00,True,69,69.0,,69.0,54612.263998999995,61576.099135,61576.099001999995,892.4072319130435,0.0,54612.263998999995,6562.858826104825,116.21170120000001,102.40934023529412,92.58325392090242,1.120564650396638,48,64,,False,True,,235,56.69694568066818
24,2026-09-19T05:45:34.267+00:00,2026-09-19T05:46:31.192+00:00,2026-09-19T05:46:35.936+00:00,True,47,47.0,,47.0,56924.767274,61668.64465,61668.644836,1312.0988262978724,46.107972000000004,56924.767274,8288.301502992888,114.2060936,103.12776904347827,15.147284040411686,0.7621377162859375,48,64,,False,True,,220,56.69694568066818
25,2026-09-19T05:45:34.876+00:00,2026-09-19T05:46:35.033+00:00,2026-09-19T05:46:36.468+00:00,True,15,15.0,,15.0,60157.39542,61592.389596,61592.389624,4106.159308266667,48.560076,60157.39542,15506.115320227327,18129.706460100002,102.499584,16.234979039383024,0.24353658135995013,48,64,,False,True,,60,56.69694568066818
26,2026-09-19T05:45:35.463+00:00,2026-09-19T05:46:38.255+00:00,2026-09-19T05:46:44.968+00:00,True,69,69.0,,69.0,62792.469320000004,69505.207368,69505.207402,1007.3218464057971,0.0,62792.469320000004,7548.179737542018,113.22087040000001,98.716736,106.3948573411818,0.9927313738476435,48,64,,False,True,,291,56.69694568066818
27,2026-09-19T05:45:36.215+00:00,2026-09-19T05:46:42.495+00:00,2026-09-19T05:46:45.277+00:00,True,29,29.0,,29.0,66279.974117,69061.952741,69061.95296000001,2381.4466537931035,45.231864,66279.974117,12289.444893870364,113.8745406,99.35637942857143,17.994675979070426,0.41991282969882743,48,64,,False,True,,116,56.69694568066818
28,2026-09-19T05:45:36.657+00:00,2026-09-19T05:46:44.444+00:00,2026-09-19T05:46:53.334+00:00,True,91,91.0,,91.0,67787.447764,76676.922324,76676.922478,842.6035437142857,0.0,67787.447764,7096.492837797835,111.94790799999998,98.77193955555555,106.58623518394127,1.186797764462657,48,64,,False,True,,404,56.69694568066818
29,2026-09-19T05:45:37.234+00:00,2026-09-19T05:46:47.459+00:00,2026-09-19T05:46:48.382+00:00,True,10,10.0,,10.0,70224.80385600001,71148.68302400001,71148.68297900002,7114.868297900001,98.18138,70224.80385600001,22174.57125967648,38672.27781750001,102.6532408888889,3.3189526986504507,0.14055073931061776,48,64,,False,True,,52,56.69694568066818
30,2026-09-19T05:45:37.873+00:00,2026-09-19T05:46:51.342+00:00,2026-09-19T05:46:55.831+00:00,True,49,49.0,,49.0,73468.950954,77957.79089,77957.790812,1590.9753226938776,0.0,73468.950954,10482.898617136214,200.21830839999998,93.51749866666667,121.88469125899482,0.6285452607185853,48,64,,False,True,,191,56.69694568066818
31,2026-09-19T05:45:38.528+00:00,2026-09-19T05:46:54.076+00:00,2026-09-19T05:47:01.085+00:00,True,70,70.0,,70.0,75547.62713600001,82556.67494400001,82556.67497400001,1179.381071057143,0.016149999999999998,75547.62713600001,9018.075563816936,115.94895679999999,101.58040301449275,100.16356855099286,0.8479023658290807,48,64,,False,True,,287,56.69694568066818
32,2026-09-19T05:45:38.962+00:00,2026-09-19T05:46:56.920+00:00,2026-09-19T05:47:04.901+00:00,True,81,81.0,,81.0,77958.15455400001,85938.663226,85938.66326300001,1060.9711513950617,0.0,77958.15455400001,8651.882973950958,115.899528,99.75635840000001,129.0076048000688,0.9425326966860958,48,64,,False,True,,332,56.69694568066818
33,2026-09-19T05:45:39.396+00:00,2026-09-19T05:46:59.435+00:00,2026-09-19T05:47:05.564+00:00,True,64,64.0,,64.0,80039.028036,86168.396612,86168.396716,1346.3811986875,0.0,80039.028036,9993.769932104356,111.04371899999998,97.2915646984127,146.22806874133582,0.7427317034594471,48,64,,False,True,,234,56.69694568066818
34,2026-09-19T05:45:39.933+00:00,2026-09-19T05:47:02.774+00:00,2026-09-19T05:47:11.492+00:00,True,91,91.0,,91.0,82841.424912,91558.78632,91558.786441,1006.1405103406594,0.0,82841.424912,8674.840204790875,111.8428225,96.8595712,122.32277387726712,0.993896966719862,48,64,,False,True,,332,56.69694568066818
35,2026-09-19T05:45:40.583+00:00,2026-09-19T05:47:06.447+00:00,2026-09-19T05:47:14.690+00:00,True,86,86.0,,86.0,85863.997533,94107.479133,94107.479063,1094.2730123604651,44.590394999999994,85863.997533,9248.514870135863,112.64937625,96.98213647058823,19.226896395886786,0.9138487269269866,48,64,,False,True,,420,56.69694568066818
36,2026-09-19T05:45:41.158+00:00,2026-09-19T05:47:09.975+00:00,2026-09-19T05:47:15.397+00:00,True,57,57.0,,57.0,88816.668945,94238.759953,94238.759784,1653.3115751578946,46.672821000000006,88816.668945,11751.245123935942,109.7265026,96.82305371428572,18.604226002970353,0.6048466684878684,48,64,,False,True,,214,56.69694568066818
37,2026-09-19T05:45:41.662+00:00,2026-09-19T05:47:12.414+00:00,2026-09-19T05:47:12.618+00:00,True,3,3.0,,3.0,90751.808678,90956.045222,90956.045138,30318.68171266667,101.433071,90751.808678,52336.62318659389,81686.9081491,102.118272,0.9689965055210468,0.032982964383266464,48,64,,False,True,,4,56.69694568066818
38,2026-09-19T05:45:42.413+00:00,2026-09-19T05:47:17.504+00:00,2026-09-19T05:47:25.922+00:00,True,93,93.0,,93.0,95091.684433,103508.987473,103508.987385,1112.9998643548388,0.0,95091.684433,9852.009217356825,114.1336006,91.49242434782609,137.4332074295837,0.8984727053219292,48,64,,False,True,,314,56.69694568066818
39,2026-09-19T05:45:42.884+00:00,2026-09-19T05:47:20.414+00:00,2026-09-19T05:47:28.541+00:00,True,93,93.0,,93.0,97529.408424,105656.82269599999,105656.822647,1136.094867172043,0.0,97529.408424,10104.231269043734,112.4540582,88.34145947826087,35.96643164406425,0.8802081836928155,48,64,,False,True,,444,56.69694568066818
40,2026-09-19T05:45:43.435+00:00,2026-09-19T05:47:22.030+00:00,2026-09-19T05:47:25.551+00:00,True,36,36.0,,36.0,98594.761287,102115.841607,102115.841626,2836.551156277778,44.175506,98594.761287,16415.703473930196,114.81557550000001,100.60229485714285,18.665545195232333,0.3525407951740586,48,64,,False,True,,93,56.69694568066818
41,2026-09-19T05:45:44.101+00:00,2026-09-19T05:47:26.033+00:00,2026-09-19T05:47:33.043+00:00,True,73,73.0,,73.0,101931.680317,108941.844029,108941.844188,1492.3540299726028,47.32957,101931.680317,11918.816623713192,109.776754,97.3633848888889,16.561341092722465,0.6700822870280002,48,64,,True,True,,295,56.69694568066818
42,2026-09-19T05:45:44.702+00:00,2026-09-19T05:47:29.139+00:00,2026-09-19T05:47:30.941+00:00,True,20,20.0,,20.0,104436.016642,106238.25741,106238.257331,5311.91286655,49.654983,104436.016642,23331.400930858796,5324.6171337999995,94.85477726315789,19.665748664495844,0.18825609989831626,48,64,,True,True,,71,56.69694568066818
43,2026-09-19T05:45:45.309+00:00,2026-09-19T05:47:32.836+00:00,2026-09-19T05:47:35.043+00:00,True,23,23.0,,23.0,107526.831611,109733.741819,109733.741933,4771.032257956522,45.419263,107526.831611,22399.984062060506,114.28142899999999,100.31410036363636,17.74638300493056,0.20959824771069305,48,64,,True,True,,105,56.69694568066818
44,2026-09-19T05:45:45.929+00:00,2026-09-19T05:47:35.919+00:00,2026-09-19T05:47:40.430+00:00,True,49,49.0,,49.0,109989.37961,114500.61801,114500.617973,2336.7473055714286,48.475626,109989.37961,15699.358370769836,111.11538420000001,93.98413333333333,22.763771884709467,0.42794528843259644,48,64,,True,True,,259,56.69694568066818
45,2026-09-19T05:45:46.406+00:00,2026-09-19T05:47:38.278+00:00,2026-09-19T05:47:40.060+00:00,True,21,21.0,,21.0,111871.44353399999,113653.53658999999,113653.53683799999,5412.073182761905,48.026826,111871.44353399999,24392.919447910233,109.88143099999999,89.1046528,26.128687782192912,0.1847720768756766,48,64,,True,True,,66,56.69694568066818
46,2026-09-19T05:45:47.014+00:00,2026-09-19T05:47:41.868+00:00,2026-09-19T05:47:46.559+00:00,True,47,47.0,,47.0,114854.508594,119545.391154,119545.391202,2543.518961744681,48.128406000000005,114854.508594,16738.381247406,111.31545630000001,101.97570782608695,11.719798852871653,0.39315610201529194,48,64,,True,True,,176,56.69694568066818
47,2026-09-19T05:45:47.432+00:00,2026-09-19T05:47:43.970+00:00,2026-09-19T05:47:46.251+00:00,True,24,24.0,,24.0,116538.06912700001,118819.53114300001,118819.53123200001,4950.813801333334,45.830792,116538.06912700001,23767.991582186674,112.43992980000002,99.19400069565218,16.86909839317331,0.2019869946390872,48,64,,True,True,,75,56.69694568066818
48,2026-09-19T05:45:48.125+00:00,2026-09-19T05:47:47.789+00:00,2026-09-19T05:47:49.588+00:00,True,20,20.0,,20.0,119663.776349,121462.141789,121462.141734,6073.107086700001,46.043791,119663.776349,26736.479105262188,6090.9065558,94.65081263157896,23.559440685570003,0.1646603600547678,48,64,,True,True,,59,56.69694568066818
49,2026-09-19T05:45:48.683+00:00,2026-09-19T05:47:50.917+00:00,2026-09-19T05:47:54.003+00:00,True,31,31.0,,31.0,122233.10523700001,125319.177045,125319.177154,4042.554101741936,93.91216800000001,122233.10523700001,21935.238253219886,108.75051350000001,102.86906026666666,3.6821454719024223,0.24736836556841116,48,64,,True,True,,136,56.69694568066818
50,2026-09-19T05:45:49.337+00:00,2026-09-19T05:47:54.005+00:00,2026-09-19T05:47:54.154+00:00,True,3,3.0,,3.0,124668.531021,124817.486413,124817.486459,41605.82881966667,45.056383000000004,124668.531021,71934.41623003242,112212.06782440002,74.477696,41.60783743387431,0.024035093849538884,48,64,,True,True,,11,56.69694568066818
51,2026-09-19T05:45:50.026+00:00,2026-09-19T05:47:57.323+00:00,2026-09-19T05:48:01.864+00:00,True,46,46.0,,46.0,127296.374478,131837.88027,131837.880268,2866.0408753913043,45.011373,127296.374478,18753.95179895508,111.62628175000002,100.92235093333333,14.555990520206722,0.3489133768367133,48,64,,True,True,,202,56.69694568066818
52,2026-09-19T05:45:50.534+00:00,2026-09-19T05:48:00.679+00:00,2026-09-19T05:48:06.982+00:00,True,65,65.0,,65.0,130144.57156,136447.95971999998,136447.959684,2099.199379753846,45.995271,130144.57156,16130.242334470346,111.43929619999999,98.49044,19.140057888349485,0.4763720918464754,48,64,,True,True,,224,56.69694568066818
53,2026-09-19T05:45:50.992+00:00,2026-09-19T05:48:02.959+00:00,2026-09-19T05:48:07.718+00:00,True,49,49.0,,49.0,131966.468466,136725.072242,136725.072367,2790.3075993265306,44.149376,131966.468466,18838.199733749632,113.01444939999999,99.13757866666667,19.226871141207454,0.3583834273882936,48,64,,True,True,,137,56.69694568066818
54,2026-09-19T05:45:51.475+00:00,2026-09-19T05:48:05.552+00:00,2026-09-19T05:48:12.992+00:00,True,74,74.0,,74.0,134076.220963,141516.191267,141516.191433,1912.3809653108108,43.870926,134076.220963,15574.2031200699,111.37961814999998,101.91740142465754,14.523388019814805,0.5229083636117897,48,64,,True,True,,257,56.69694568066818
55,2026-09-19T05:45:52.209+00:00,2026-09-19T05:48:09.046+00:00,2026-09-19T05:48:14.596+00:00,True,56,56.0,,56.0,136836.695136,142387.499616,142387.499583,2542.6339211249997,45.577092,136836.695136,18272.092146749725,111.03261375,100.92371781818181,15.074444816382554,0.3932929516356738,48,64,,True,True,,254,56.69694568066818
56,2026-09-19T05:45:52.691+00:00,2026-09-19T05:48:12.161+00:00,2026-09-19T05:48:14.076+00:00,True,20,20.0,,20.0,139469.84998600002,141385.056898,141385.056975,7069.25284875,55.180901,139469.84998600002,31163.86890633552,7075.3870169500005,100.80036378947368,11.515946360327817,0.14145766489614725,48,64,,True,True,,96,56.69694568066818
57,2026-09-19T05:45:53.244+00:00,2026-09-19T05:48:15.224+00:00,2026-09-19T05:48:17.213+00:00,True,21,21.0,,21.0,141980.372833,143969.431649,143969.431639,6855.687220904762,41.725462,141980.372833,30960.961167646226,113.63013099999998,99.4529408,20.044233108398135,0.14586429743779478,48,64,,True,True,,105,56.69694568066818
58,2026-09-19T05:45:53.709+00:00,2026-09-19T05:48:17.428+00:00,2026-09-19T05:48:26.779+00:00,True,97,97.0,,97.0,143718.713335,153070.015991,153070.016103,1578.0414031237115,47.196829,143718.713335,14582.546870180175,112.25263120000001,97.40940266666667,19.46243169520058,0.6336969351705254,48,64,,True,True,,348,56.69694568066818
59,2026-09-19T05:45:54.299+00:00,2026-09-19T05:48:21.235+00:00,2026-09-19T05:48:27.952+00:00,True,70,70.0,,70.0,146936.042934,153652.63967,153652.63971,2195.037710142857,46.229311,146936.042934,17550.593005589744,111.67117194999999,97.34198168115942,20.125705714148282,0.45557303896854034,48,64,,True,True,,286,56.69694568066818
60,2026-09-19T05:45:54.955+00:00,2026-09-19T05:48:24.930+00:00,2026-09-19T05:48:30.449+00:00,True,56,56.0,,56.0,149974.912741,155493.982693,155493.982664,2776.678261857143,46.86249,149974.912741,20027.837906827663,112.83878349999999,100.34672640000001,16.39016108259253,0.36014255362256536,48,64,,True,True,,261,56.69694568066818
61,2026-09-19T05:45:55.433+00:00,2026-09-19T05:48:27.205+00:00,2026-09-19T05:48:28.944+00:00,True,19,19.0,,19.0,151772.022724,153510.642116,153510.642301,8079.507489526316,45.034442999999996,151772.022724,34796.737618653926,15276.514058500003,96.58996622222223,22.556412409358288,0.12376992069150937,48,64,,True,True,,67,56.69694568066818
62,2026-09-19T05:45:56.065+00:00,2026-09-19T05:48:30.762+00:00,2026-09-19T05:48:30.812+00:00,True,2,2.0,,2.0,154697.196391,154746.99018300002,154746.990194,77373.495097,49.793803,154697.196391,109352.22706286084,146964.8262616,49.793792,nan,0.012924322454574715,48,64,,True,True,,3,56.69694568066818
63,2026-09-19T05:45:56.726+00:00,2026-09-19T05:48:34.154+00:00,2026-09-19T05:48:40.892+00:00,True,68,68.0,,68.0,157427.46797799997,164166.29626599996,164166.29617899997,2414.21023792647,48.338046999999996,157427.46797799997,19078.696307279177,113.9211047,100.57952668656716,18.351560896186726,0.4142141325392336,48,64,,True,True,,269,56.69694568066818
64,2026-09-19T05:45:57.348+00:00,2026-09-19T05:48:37.550+00:00,2026-09-19T05:48:40.464+00:00,True,29,29.0,,29.0,160202.193921,163116.062465,163116.062636,5624.691815034483,51.01171,160202.193921,29729.47958311491,116.4847082,104.06673371428572,15.13444216246614,0.17778751866464754,48,64,,True,True,,125,56.69694568066818
65,2026-09-19T05:45:57.872+00:00,2026-09-19T05:48:40.463+00:00,2026-09-19T05:48:43.883+00:00,True,34,34.0,,34.0,162591.517617,166010.966449,166010.966422,4882.675483,49.774333,162591.517617,27866.44655380216,112.88438070000001,103.61966157575758,10.590697521172151,0.20480574703747112,48,64,,True,True,,101,56.69694568066818
66,2026-09-19T05:45:58.501+00:00,2026-09-19T05:48:43.681+00:00,2026-09-19T05:48:49.635+00:00,True,62,62.0,,62.0,165179.055065,171133.421017,171133.421137,2760.216469951613,45.726112,165179.055065,20965.371685220503,110.95238760000001,97.61255659016393,17.90642671370653,0.36229042598196565,48,64,,True,True,,268,56.69694568066818
67,2026-09-19T05:45:59.154+00:00,2026-09-19T05:48:47.561+00:00,2026-09-19T05:48:56.499+00:00,True,90,90.0,,90.0,168406.616877,177344.864301,177344.86434899998,1970.4984927666667,47.524817999999996,168406.616877,17741.035968633543,111.12614300000001,100.42974633707864,14.812621033225033,0.5074857981071658,48,64,,True,True,,439,56.69694568066818
68,2026-09-19T05:45:59.837+00:00,2026-09-19T05:48:51.048+00:00,2026-09-19T05:48:57.039+00:00,True,60,60.0,,60.0,171211.210922,177202.475434,177202.475348,2953.3745891333333,47.767077,171211.210922,22090.167487498376,112.57064429999998,101.54685613559322,14.754492178458763,0.3385957213805815,48,64,,True,True,,207,56.69694568066818
69,2026-09-19T05:46:00.445+00:00,2026-09-19T05:48:54.155+00:00,2026-09-19T05:49:02.202+00:00,True,83,83.0,,83.0,173709.712061,181756.492477,181756.492641,2189.8372607349397,48.332417,173709.712061,19056.355084357183,111.069496,98.13146848780488,18.01903402609715,0.456654939082867,48,64,,True,True,,378,56.69694568066818
70,2026-09-19T05:46:00.926+00:00,2026-09-19T05:48:56.924+00:00,2026-09-19T05:49:06.116+00:00,True,93,93.0,,93.0,175998.12146700002,185190.367483,185190.36761100002,1991.294275387097,46.212581,175998.12146700002,18239.80179858324,110.9806946,99.91571756521739,16.679602224890154,0.5021859466234774,48,64,,True,True,,438,56.69694568066818
71,2026-09-19T05:46:01.488+00:00,2026-09-19T05:48:59.814+00:00,2026-09-19T05:49:09.767+00:00,True,100,100.0,,100.0,178326.04734599998,188279.680882,188279.68072899999,1882.7968072899998,47.180979,178326.04734599998,17822.559162353333,112.83296005,100.5417528888889,17.600567133036638,0.531124758293343,48,64,,True,True,,369,56.69694568066818
72,2026-09-19T05:46:02.016+00:00,2026-09-19T05:49:03.035+00:00,2026-09-19T05:49:11.736+00:00,True,87,87.0,,87.0,181019.0924,189720.22775999998,189720.227998,2180.6922758390806,48.088417,181019.0924,19396.44460000878,113.50348460000001,101.17599255813953,17.724958560248567,0.4585699744681775,48,64,,True,True,,358,56.69694568066818
73,2026-09-19T05:46:02.756+00:00,2026-09-19T05:49:07.232+00:00,2026-09-19T05:49:08.639+00:00,True,15,15.0,,15.0,184475.977769,185883.15216899998,185883.15222699998,12392.210148466665,47.483959000000006,184475.977769,47605.544992976036,55422.7714114,100.51245714285714,21.608665430879082,0.08069585556824646,48,64,,True,True,,69,56.69694568066818
74,2026-09-19T05:46:03.279+00:00,2026-09-19T05:49:09.550+00:00,2026-09-19T05:49:13.090+00:00,True,36,36.0,,36.0,186271.17114199998,189811.57306199998,189811.57301199998,5272.543694777777,53.083205,186271.17114199998,31028.339701001103,112.14341850000001,101.15434057142856,15.095641408948437,0.18966177572450219,48,64,,True,True,,131,56.69694568066818
75,2026-09-19T05:46:03.981+00:00,2026-09-19T05:49:13.496+00:00,2026-09-19T05:49:16.594+00:00,True,32,32.0,,32.0,189515.26815299998,192612.94008899998,192612.93995499998,6019.154373593749,47.957577,189515.26815299998,33484.22400078446,114.96172190000001,99.92490116129032,19.65310542236114,0.16613629377763442,48,64,,True,True,,121,56.69694568066818
76,2026-09-19T05:46:04.453+00:00,2026-09-19T05:49:16.228+00:00,2026-09-19T05:49:22.467+00:00,True,64,64.0,,64.0,191774.374317,198013.732781,198013.73277,3093.96457453125,49.234254,191774.374317,23959.423547113867,112.97683594999998,99.03743593650795,17.703865500526184,0.32320990620778295,48,64,,True,True,,368,56.69694568066818
77,2026-09-19T05:46:05.172+00:00,2026-09-19T05:49:19.872+00:00,2026-09-19T05:49:30.008+00:00,True,99,99.0,,99.0,194700.236458,204836.626346,204836.626201,2069.0568303131313,47.023539,194700.236458,19557.718174852398,112.89102500000001,103.43254987755103,11.775986454467644,0.4833120021844826,48,64,,True,True,,401,56.69694568066818
78,2026-09-19T05:46:05.707+00:00,2026-09-19T05:49:23.046+00:00,2026-09-19T05:49:32.532+00:00,True,93,93.0,,93.0,197338.838618,206824.63420200002,206824.63432100002,2223.9207991505377,48.924575,197338.838618,20452.397421052567,113.13919559999998,103.10647373913044,14.015960970653863,0.44965630114045996,48,64,,True,True,,377,56.69694568066818
79,2026-09-19T05:46:06.258+00:00,2026-09-19T05:49:25.986+00:00,2026-09-19T05:49:28.881+00:00,True,29,29.0,,29.0,199727.436766,202623.10755,202623.107313,6987.003700448276,50.314002,199727.436766,37069.25150293926,112.59607960000001,103.41681371428572,11.119136636979686,0.14312286663969884,48,64,,True,True,,123,56.69694568066818
80,2026-09-19T05:46:07.349+00:00,2026-09-19T05:49:31.455+00:00,2026-09-19T05:49:33.092+00:00,True,17,17.0,,17.0,204106.269349,205743.178661,205743.178668,12102.53992164706,46.271631,204106.269349,49478.23290459151,40913.622508199995,102.306832,21.417486218777206,0.08262728373615073,48,64,,True,True,,47,56.69694568066818
81,2026-09-19T05:46:07.474+00:00,2026-09-19T05:49:33.088+00:00,2026-09-19T05:49:37.852+00:00,True,47,47.0,,47.0,205614.372638,210378.160926,210378.161059,4476.131086361702,46.098402,205614.372638,29976.836766934215,113.34897860000001,103.56061495652173,15.497495856131193,0.22340721961407453,48,64,,True,True,,238,56.69694568066818
82,2026-09-19T05:46:08.056+00:00,2026-09-19T05:49:36.713+00:00,2026-09-19T05:49:42.361+00:00,True,59,59.0,,59.0,208657.117166,214304.727022,214304.72696200002,3632.283507830509,44.537368,208657.117166,27152.172126350062,111.4285888,97.37258372413793,18.366369483053465,0.2753089062470526,48,64,,True,True,,254,56.69694568066818
83,2026-09-19T05:46:08.546+00:00,2026-09-19T05:49:39.588+00:00,2026-09-19T05:49:40.992+00:00,True,16,16.0,,16.0,211042.867005,212446.64249300002,212446.642643,13277.9151651875,48.296669,211042.867005,52737.32517377882,52845.44392125,93.58503253333333,23.005217599521018,0.07531302830793003,48,64,,True,True,,74,56.69694568066818
84,2026-09-19T05:46:09.211+00:00,2026-09-19T05:49:43.103+00:00,2026-09-19T05:49:47.229+00:00,True,44,44.0,,44.0,213892.21475299998,218017.84419299997,218017.84408399998,4954.95100190909,48.514358,213892.21475299998,32231.007673938264,111.986724,95.94487069767442,21.911172670469504,0.20181834272725432,48,64,,True,True,,198,56.69694568066818
85,2026-09-19T05:46:09.861+00:00,2026-09-19T05:49:46.314+00:00,2026-09-19T05:49:49.769+00:00,True,38,38.0,,38.0,216453.183843,219908.013155,219908.013179,5787.052978394737,47.185452,216453.183843,35098.203509121246,113.9555739,93.3737651891892,23.481940779620427,0.17279952401377968,48,64,,True,True,,185,56.69694568066818
86,2026-09-19T05:46:10.535+00:00,2026-09-19T05:49:49.667+00:00,2026-09-19T05:49:56.924+00:00,True,74,74.0,,74.0,219131.608744,226388.394152,226388.394237,3059.302624824324,45.698915,219131.608744,25461.980677362586,110.766222,99.40801928767124,15.300841672655663,0.3268718799706467,48,64,,True,True,,319,56.69694568066818
87,2026-09-19T05:46:10.997+00:00,2026-09-19T05:49:52.115+00:00,2026-09-19T05:49:54.803+00:00,True,29,29.0,,29.0,221118.366353,223806.018193,223806.01806499998,7717.448898793103,50.966902000000005,221118.366353,41042.829431059676,111.99201699999998,95.98756571428572,18.58280144737656,0.12957649769271054,48,64,,True,True,,127,56.69694568066818
88,2026-09-19T05:46:11.717+00:00,2026-09-19T05:49:56.280+00:00,2026-09-19T05:49:57.917+00:00,True,17,17.0,,17.0,224562.61250299998,226199.64955899998,226199.64948499997,13305.861734411763,55.636321,224562.61250299998,54439.62006788319,45002.10678219999,102.314816,13.07235389182391,0.07515484676100644,48,64,,True,True,,69,56.69694568066818
89,2026-09-19T05:46:12.341+00:00,2026-09-19T05:49:59.551+00:00,2026-09-19T05:50:01.316+00:00,True,18,18.0,,18.0,227210.562062,228975.79803,228975.79812800002,12720.877673777779,47.088301,227210.562062,53529.5704586006,34179.4326934,103.83740988235294,15.486580577041925,0.07861092811931884,48,64,,True,True,,38,56.69694568066818
90,2026-09-19T05:46:12.862+00:00,2026-09-19T05:50:02.593+00:00,2026-09-19T05:50:07.454+00:00,True,52,52.0,,52.0,229730.444835,234591.668259,234591.668193,4511.37823448077,46.352303,229730.444835,31844.668710529713,110.8170136,95.31810635294117,20.143804911850573,0.22166175118627662,48,64,,True,True,,177,56.69694568066818
91,2026-09-19T05:46:13.607+00:00,2026-09-19T05:50:06.781+00:00,2026-09-19T05:50:13.768+00:00,True,72,72.0,,72.0,233173.972347,240160.333179,240160.333361,3335.5601855694445,46.617543,233173.972347,27468.226149386763,112.93522714999999,98.39944833802817,18.975674411369322,0.2997997173260742,48,64,,True,True,,271,56.69694568066818
92,2026-09-19T05:46:14.161+00:00,2026-09-19T05:50:10.058+00:00,2026-09-19T05:50:11.830+00:00,True,19,19.0,,19.0,235897.02491,237668.773262,237668.773182,12508.882799052632,49.220427,235897.02491,54095.91050094234,23690.3222957,98.430464,18.256350814135526,0.07994319042937494,48,64,,True,True,,66,56.69694568066818
93,2026-09-19T05:46:14.586+00:00,2026-09-19T05:50:12.253+00:00,2026-09-19T05:50:16.340+00:00,True,40,40.0,,40.0,237667.150117,241754.198309,241754.198257,6043.854956425001,52.648659,237667.150117,37561.90842733915,114.77476745,104.79610748717948,12.958799280648098,0.1654573127572895,48,64,,True,True,,174,56.69694568066818
94,2026-09-19T05:46:15.106+00:00,2026-09-19T05:50:15.007+00:00,2026-09-19T05:50:21.330+00:00,True,66,66.0,,66.0,239901.261307,246223.998203,246223.99838900001,3730.666642257576,46.187134,239901.261307,29517.837451846863,112.25499425,97.27287532307692,20.447691702943825,0.2680486081035291,48,64,,True,True,,359,56.69694568066818
95,2026-09-19T05:46:15.667+00:00,2026-09-19T05:50:18.835+00:00,2026-09-19T05:50:22.490+00:00,True,39,39.0,,39.0,243168.03758,246823.325132,246823.325004,6328.803205230769,46.406413,243168.03758,38922.65077987669,114.6743058,96.19177768421052,19.730008321204686,0.15800775708350487,48,64,,True,True,,182,56.69694568066818
96,2026-09-19T05:46:16.128+00:00,2026-09-19T05:50:20.921+00:00,2026-09-19T05:50:21.376+00:00,True,6,6.0,,6.0,244792.832443,245247.794875,245247.794825,40874.632470833334,47.958529999999996,244792.832443,99899.11020841787,183621.00339924998,90.9924864,24.322333651808595,0.024465051777766776,48,64,,True,True,,17,56.69694568066818
97,2026-09-19T05:46:16.713+00:00,2026-09-19T05:50:23.678+00:00,2026-09-19T05:50:31.557+00:00,True,81,81.0,,81.0,246965.183957,254844.723925,254844.723854,3146.231158691358,45.389306,246965.183957,27429.637353150873,111.177904,98.49424959999999,16.936443102182672,0.3178406001602687,48,64,,True,True,,305,56.69694568066818
98,2026-09-19T05:46:17.458+00:00,2026-09-19T05:50:27.470+00:00,2026-09-19T05:50:31.553+00:00,True,40,40.0,,40.0,250011.61621200002,254094.75246800002,254094.75238100003,6352.368809525001,94.581313,250011.61621200002,39513.75376496233,111.04361345000001,104.69580143589744,3.9030002626694613,0.15742159021972515,48,64,,True,True,,183,56.69694568066818
99,2026-09-19T05:46:18.029+00:00,2026-09-19T05:50:30.613+00:00,2026-09-19T05:50:31.237+00:00,True,7,7.0,,7.0,252583.799235,253207.190467,253207.19036,36172.45576571429,98.399753,252583.799235,95428.43268607974,176841.34356120002,103.89853866666667,3.923904315697551,0.027645344459174416,48,64,,True,True,,19,56.69694568066818
100,2026-09-19T05:46:18.673+00:00,2026-09-19T05:50:34.013+00:00,2026-09-19T05:50:38.192+00:00,True,42,42.0,,42.0,255339.63000799998,259518.53253599998,259518.53236599997,6179.012675380952,45.935255,255339.63000799998,39384.03622330377,113.82189204999999,101.92445190243903,16.120530097294058,0.16183815309673047,48,64,,True,True,,252,56.69694568066818
101,2026-09-19T05:46:19.385+00:00,2026-09-19T05:50:37.863+00:00,2026-09-19T05:50:44.511+00:00,True,67,67.0,,67.0,258478.21375,265125.908854,265125.908757,3957.1031157761195,47.106812,258478.21375,31565.839409932123,113.7793582,100.72265309090909,17.701737644706988,0.25271011908872204,48,64,,True,True,,342,56.69694568066818
102,2026-09-19T05:46:19.831+00:00,2026-09-19T05:50:40.496+00:00,2026-09-19T05:50:45.076+00:00,True,47,47.0,,47.0,260665.686736,265245.23592,265245.235959,5643.515658702127,48.120650000000005,260665.686736,38007.48037999436,113.3013443,99.55541704347827,17.29770551082308,0.17719451147531848,48,64,,True,True,,200,56.69694568066818
103,2026-09-19T05:46:20.444+00:00,2026-09-19T05:50:43.795+00:00,2026-09-19T05:50:51.137+00:00,True,77,77.0,,77.0,263351.34244800004,270693.36254400003,270693.36267800006,3515.498216597403,48.754267999999996,263351.34244800004,30000.667310206663,112.69849499999998,96.60552757894736,18.673740384339915,0.2844547028281271,48,64,,True,True,,270,56.69694568066818
104,2026-09-19T05:46:21.192+00:00,2026-09-19T05:50:47.653+00:00,2026-09-19T05:50:51.706+00:00,True,43,43.0,,43.0,266461.091245,270514.287021,270514.286944,6291.029928930233,47.669271,266461.091245,40620.22337981801,114.07755000000002,96.50466133333333,19.85774830197554,0.15895648423427602,48,64,,True,True,,202,56.69694568066818
105,2026-09-19T05:46:21.628+00:00,2026-09-19T05:50:50.106+00:00,2026-09-19T05:50:50.328+00:00,True,3,3.0,,3.0,268478.297181,268700.717917,268700.717951,89566.90598366667,106.031867,268478.297181,154941.80988984535,241642.10635319995,111.210368,7.323499275894823,0.011164838052002085,48,64,,True,True,,10,56.69694568066818
106,2026-09-19T05:46:22.744+00:00,2026-09-19T05:50:54.543+00:00,2026-09-19T05:51:02.182+00:00,True,78,78.0,,78.0,271799.329929,279437.731977,279437.731851,3582.5350237307694,43.72795,271799.329929,30763.98668049503,110.89367014999999,99.2000265974026,17.573372216774136,0.2791319534701206,48,64,,True,True,,368,56.69694568066818
107,2026-09-19T05:46:22.810+00:00,2026-09-19T05:50:55.225+00:00,2026-09-19T05:51:02.764+00:00,True,77,77.0,,77.0,272415.19947899994,279953.78354299994,279953.78358999995,3635.7634232467526,45.508606,272415.19947899994,31033.29400111859,110.32323680000002,99.19189557894737,17.371052673467812,0.2750453986565717,48,64,,True,True,,318,56.69694568066818
108,2026-09-19T05:46:23.450+00:00,2026-09-19T05:50:59.736+00:00,2026-09-19T05:51:00.917+00:00,True,14,14.0,,14.0,276286.251917,277467.576205,277467.576237,19819.11258835714,43.090871,276286.251917,73816.32431626444,96771.82547499999,90.87109907692307,24.74668041683933,0.05045634589627312,48,64,,True,True,,62,56.69694568066818
109,2026-09-19T05:46:23.987+00:00,2026-09-19T05:51:02.868+00:00,2026-09-19T05:51:05.740+00:00,True,28,28.0,,28.0,278881.264951,281752.756535,281752.756552,10062.598448285715,97.583697,278881.264951,52683.50679832758,113.96444535,106.35154014814815,4.446351165361062,0.09937790971184969,48,64,,True,True,,135,56.69694568066818
110,2026-09-19T05:46:24.458+00:00,2026-09-19T05:51:04.901+00:00,2026-09-19T05:51:13.444+00:00,True,90,90.0,,90.0,280443.004644,288985.605604,288985.60563099995,3210.9511736777777,45.029357000000005,280443.004644,29551.17751388045,111.29964245,95.9842804494382,20.251000243000824,0.3114341969105823,48,64,,True,True,,403,56.69694568066818
111,2026-09-19T05:46:25.147+00:00,2026-09-19T05:51:09.216+00:00,2026-09-19T05:51:13.543+00:00,True,44,44.0,,44.0,284069.63766500005,288396.64387300005,288396.64366600005,6554.4691742272735,44.545438000000004,284069.63766500005,42809.941679833646,112.50101045,100.62805134883722,15.457092775594692,0.15256765615960524,48,64,,True,True,,204,56.69694568066818
112,2026-09-19T05:46:25.675+00:00,2026-09-19T05:51:11.827+00:00,2026-09-19T05:51:14.332+00:00,True,27,27.0,,27.0,286151.985025,288657.022849,288657.022806,10691.000844666667,46.694793,286151.985025,55051.436883726186,111.9312766,96.34760861538462,20.84569598020213,0.09353661218256253,48,64,,True,True,,119,56.69694568066818
113,2026-09-19T05:46:26.148+00:00,2026-09-19T05:51:14.117+00:00,2026-09-19T05:51:14.896+00:00,True,9,9.0,,9.0,287968.691,288748.097592,288748.097702,32083.121966888888,48.803689,287968.691,95957.0903309084,172825.41419840002,97.425824,20.646260720628433,0.03116903652372099,48,64,,True,True,,42,56.69694568066818
114,2026-09-19T05:46:26.772+00:00,2026-09-19T05:51:17.727+00:00,2026-09-19T05:51:18.318+00:00,True,7,7.0,,7.0,290955.10119,291545.72135,291545.721355,41649.388765,48.479489,290955.10119,109933.48829695614,203703.32054220003,98.43669333333332,25.056463237188403,0.024009956200305594,48,64,,True,True,,31,56.69694568066818
115,2026-09-19T05:46:27.280+00:00,2026-09-19T05:51:19.781+00:00,2026-09-19T05:51:27.362+00:00,False,78,77.0,,77.0,292500.987988,300082.32353999995,300082.323692,3847.209278102564,0.02318,292500.987988,33108.07434427312,115.42432085,98.45890327272727,22.43658004897058,0.2565962536268357,48,64,,True,False,Request timeout: 300.0s exceeded,227,56.69694568066818
116,2026-09-19T05:46:27.797+00:00,2026-09-19T05:51:23.612+00:00,2026-09-19T05:51:27.677+00:00,True,41,41.0,,41.0,295814.99694,299880.372172,299880.372362,7314.155423463414,48.804968,295814.99694,46182.671591205784,117.009872,101.6343808,17.735483486962472,0.13672118552822107,48,64,,True,True,,191,56.69694568066818
117,2026-09-19T05:46:28.401+00:00,2026-09-19T05:51:26.933+00:00,2026-09-19T05:51:28.513+00:00,False,18,17.0,,17.0,298531.619697,300111.349873,300111.349742,16672.852763444444,0.027809,298531.619697,70342.68094525789,44873.55355900001,92.92530447058823,30.160721818484976,0.0566456417166295,48,64,,True,False,Request timeout: 300.0s exceeded,66,56.69694568066818
118,2026-09-19T05:46:29.053+00:00,2026-09-19T05:51:29.280+00:00,2026-09-19T05:51:29.601+00:00,False,5,4.0,,4.0,300227.500409,300548.49727299996,300548.497193,60109.69943859999,0.03804,300227.500409,134229.93940706344,240204.16625439998,80.249216,53.55464840220718,0.013309000165675903,48,64,,True,False,Request timeout: 300.0s exceeded,16,56.69694568066818
119,2026-09-19T05:46:29.799+00:00,2026-09-19T05:51:29.810+00:00,2026-09-19T05:51:29.810+00:00,False,1,0.0,,0.0,300011.843943,300011.843943,300011.843943,300011.843943,300011.843943,300011.843943,nan,300011.843943,nan,nan,0.0,48,64,,True,False,"HTTPConnectionPool(host='gpu03', port=9002): Read timed out.",0,56.69694568066818
120,2026-09-19T05:46:30.529+00:00,2026-09-19T05:51:30.634+00:00,2026-09-19T05:51:30.634+00:00,False,1,0.0,,0.0,300105.299005,300105.299005,300105.299005,300105.299005,300105.299005,300105.299005,nan,300105.299005,nan,nan,0.0,48,64,,True,False,"HTTPConnectionPool(host='gpu03', port=9002): Read timed out.",0,56.69694568066818
121,2026-09-19T05:46:31.213+00:00,2026-09-19T05:51:30.985+00:00,2026-09-19T05:51:31.312+00:00,False,5,4.0,,4.0,299771.830526,300098.439166,300098.439206,60019.6878412,0.03597,299771.830526,134025.53053796603,239840.1785928,81.65216,54.59401248199616,0.013328959694413448,48,64,,True,False,Request timeout: 300.0s exceeded,20,56.69694568066818
122,2026-09-19T05:46:31.907+00:00,2026-09-19T05:51:31.986+00:00,2026-09-19T05:51:31.986+00:00,False,1,0.0,,0.0,300079.812245,300079.812245,300079.812245,300079.812245,300079.812245,300079.812245,nan,300079.812245,nan,nan,0.0,48,64,,True,False,"HTTPConnectionPool(host='gpu03', port=9002): Read timed out.",0,56.69694568066818
123,2026-09-19T05:46:32.590+00:00,2026-09-19T05:51:32.654+00:00,2026-09-19T05:51:32.654+00:00,False,1,0.0,,0.0,300064.00860500004,300064.00860500004,300064.00860500004,300064.00860500004,300064.00860500004,300064.00860500004,nan,300064.00860500004,nan,nan,0.0,48,64,,True,False,"HTTPConnectionPool(host='gpu03', port=9002): Read timed out.",0,56.69694568066818
124,2026-09-19T05:46:33.017+00:00,2026-09-19T05:51:32.913+00:00,2026-09-19T05:51:33.140+00:00,False,4,3.0,,3.0,299896.337512,300122.782568,300122.782532,75030.695633,0.030709,299896.337512,149910.4374387846,254929.37794014998,75.48168533333333,65.43083998953219,0.009995908922110162,48,64,,True,False,Request timeout: 300.0s exceeded,6,56.69694568066818
125,2026-09-19T05:46:33.561+00:00,2026-09-19T05:51:33.669+00:00,2026-09-19T05:51:33.669+00:00,False,1,0.0,,0.0,300108.287312,300108.287312,300108.287312,300108.287312,300108.287312,300108.287312,nan,300108.287312,nan,nan,0.0,48,64,,True,False,"HTTPConnectionPool(host='gpu03', port=9002): Read timed out.",0,56.69694568066818
126,2026-09-19T05:46:34.272+00:00,2026-09-19T05:51:34.277+00:00,2026-09-19T05:51:34.407+00:00,False,3,2.0,,2.0,300004.278407,300134.295431,300134.295349,100044.76511633334,0.054179000000000005,300004.278407,173170.0304199323,270016.8468426,65.008512,91.85916714163699,0.006663683659103177,48,64,,True,False,Request timeout: 300.0s exceeded,10,56.69694568066818
127,2026-09-19T05:46:34.835+00:00,2026-09-19T05:51:34.657+00:00,2026-09-19T05:51:34.852+00:00,False,4,3.0,,3.0,299821.782116,300016.76272400003,300016.762857,75004.19071425,0.06962,299821.782116,149878.4014375928,254864.31837680002,64.993536,56.77825076391078,0.009999441273752577,48,64,,True,False,Request timeout: 300.0s exceeded,11,56.69694568066818
128,2026-09-19T05:46:35.513+00:00,2026-09-19T05:51:35.613+00:00,2026-09-19T05:51:35.613+00:00,False,1,0.0,,0.0,300100.613558,300100.613558,300100.613558,300100.613558,300100.613558,300100.613558,nan,300100.613558,nan,nan,0.0,48,64,,True,False,TTFT timeout: 300.0s exceeded (TTFT: 300.093s),0,56.69694568066818
129,2026-09-19T05:46:36.073+00:00,2026-09-19T05:51:35.891+00:00,2026-09-19T05:51:36.151+00:00,False,4,3.0,,3.0,299818.177555,300077.960467,300077.960319,75019.49007975,0.04281,299818.177555,149865.80426584854,254866.02973449999,86.594304,75.31262636070444,0.009997401992906153,48,64,,True,False,Request timeout: 300.0s exceeded,10,56.69694568066818
130,2026-09-19T05:46:36.672+00:00,2026-09-19T05:51:36.773+00:00,2026-09-19T05:51:36.773+00:00,False,1,0.0,,0.0,300100.854296,300100.854296,300100.854296,300100.854296,300100.854296,300100.854296,nan,300100.854296,nan,nan,0.0,48,64,,True,False,"HTTPConnectionPool(host='gpu03', port=9002): Read timed out.",0,56.69694568066818
131,2026-09-19T05:46:37.740+00:00,2026-09-19T05:51:37.570+00:00,2026-09-19T05:51:37.995+00:00,False,6,5.0,,5.0,299830.52941,300255.449218,300255.449175,50042.574862500005,0.03928,299830.52941,122370.61391931168,224900.46221925,84.9839616,47.6195514428179,0.016652487117293776,48,64,,True,False,Request timeout: 300.0s exceeded,18,56.69694568066818
132,2026-09-19T05:46:37.934+00:00,2026-09-19T05:51:37.900+00:00,2026-09-19T05:51:37.993+00:00,False,3,2.0,,2.0,299966.08355000004,300059.489246,300059.48927500006,100019.82975833335,0.06996,299966.08355000004,173158.54145441047,269978.8087715,46.702848,65.94860244693008,0.0066653449455162045,48,64,,True,False,Request timeout: 300.0s exceeded,5,56.69694568066818
133,2026-09-19T05:46:38.364+00:00,2026-09-19T05:51:38.400+00:00,2026-09-19T05:51:38.400+00:00,False,1,0.0,,0.0,300036.61795,300036.61795,300036.61795,300036.61795,300036.61795,300036.61795,nan,300036.61795,nan,nan,0.0,48,64,,True,False,"HTTPConnectionPool(host='gpu03', port=9002): Read timed out.",0,56.69694568066818
134,2026-09-19T05:46:39.104+00:00,2026-09-19T05:51:39.358+00:00,2026-09-19T05:51:39.579+00:00,False,6,5.0,,5.0,300254.078758,300474.584102,300474.584112,50079.097352,0.04442,300254.078758,122560.21235991879,225207.57043675,44.1010688,25.897713892957025,0.016640342526616777,48,64,,True,False,Request timeout: 300.0s exceeded,36,56.69694568066818
135,2026-09-19T05:46:39.511+00:00,2026-09-19T05:51:39.692+00:00,2026-09-19T05:51:39.692+00:00,False,1,0.0,,0.0,300180.787297,300180.787297,300180.787297,300180.787297,300180.787297,300180.787297,nan,300180.787297,nan,nan,0.0,48,64,,True,False,"HTTPConnectionPool(host='gpu03', port=9002): Read timed out.",0,56.69694568066818
136,2026-09-19T05:46:40.103+00:00,2026-09-19T05:51:40.276+00:00,2026-09-19T05:51:40.276+00:00,False,1,0.0,,0.0,300173.028644,300173.028644,300173.028644,300173.028644,300173.028644,300173.028644,nan,300173.028644,nan,nan,0.0,48,64,,True,False,"HTTPConnectionPool(host='gpu03', port=9002): Read timed out.",0,56.69694568066818
137,2026-09-19T05:46:40.539+00:00,2026-09-19T05:51:40.648+00:00,2026-09-19T05:51:40.648+00:00,False,1,0.0,,0.0,300109.567403,300109.567403,300109.567403,300109.567403,300109.567403,300109.567403,nan,300109.567403,nan,nan,0.0,48,64,,True,False,"HTTPConnectionPool(host='gpu03', port=9002): Read timed out.",0,56.69694568066818
138,2026-09-19T05:46:41.279+00:00,2026-09-19T05:51:40.953+00:00,2026-09-19T05:51:41.318+00:00,False,6,5.0,,5.0,299674.432149,300039.440789,300039.440791,50006.573465166664,0.02173,299674.432149,122311.7801299018,224788.20325225004,73.001728,50.500058915765074,0.016664475799753952,48,64,,True,False,Request timeout: 300.0s exceeded,15,56.69694568066818
139,2026-09-19T05:46:41.988+00:00,2026-09-19T05:51:42.095+00:00,2026-09-19T05:51:42.095+00:00,False,1,0.0,,0.0,300106.956162,300106.956162,300106.956162,300106.956162,300106.956162,300106.956162,nan,300106.956162,nan,nan,0.0,48,64,,True,False,"HTTPConnectionPool(host='gpu03', port=9002): Read timed out.",0,56.69694568066818
140,2026-09-19T05:46:42.593+00:00,2026-09-19T05:51:42.537+00:00,2026-09-19T05:51:42.682+00:00,False,3,2.0,,2.0,299944.105246,300089.031966,300089.031993,100029.677331,0.131059,299944.105246,173130.9882672655,269964.1742902,72.46336,102.29330268707668,0.006664688765521425,48,64,,True,False,Request timeout: 300.0s exceeded,8,56.69694568066818
141,2026-09-19T05:46:43.281+00:00,2026-09-19T05:51:43.138+00:00,2026-09-19T05:51:43.344+00:00,False,4,3.0,,3.0,299856.921851,300063.383035,300063.38300699997,75015.84575174999,0.02154,299856.921851,149894.05864879544,254894.33386474996,68.82039466666667,59.662980021422236,0.009997887678451169,48,64,,True,False,Request timeout: 300.0s exceeded,13,56.69694568066818
142,2026-09-19T05:46:43.865+00:00,2026-09-19T05:51:43.945+00:00,2026-09-19T05:51:43.945+00:00,False,1,0.0,,0.0,300079.49113,300079.49113,300079.49113,300079.49113,300079.49113,300079.49113,nan,300079.49113,nan,nan,0.0,48,64,,True,False,"HTTPConnectionPool(host='gpu03', port=9002): Read timed out.",0,56.69694568066818
143,2026-09-19T05:46:44.447+00:00,2026-09-19T05:51:44.351+00:00,2026-09-19T05:51:44.482+00:00,False,3,2.0,,2.0,299904.092333,300035.23857299995,300035.238401,100011.74613366666,0.036539999999999996,299904.092333,173111.86223606297,269926.7940525,65.57312,92.68262410102709,0.0066658836792378665,48,64,,True,False,Request timeout: 300.0s exceeded,10,56.69694568066818
144,2026-09-19T05:46:44.862+00:00,2026-09-19T05:51:44.629+00:00,2026-09-19T05:51:44.888+00:00,False,5,4.0,,4.0,299766.86836,300026.284424,300026.28457400005,60005.256914800004,0.06534000000000001,299766.86836,134030.82267980004,239835.3584776,64.854016,51.02090939695915,0.013332165239053393,48,64,,True,False,Request timeout: 300.0s exceeded,22,56.69694568066818
145,2026-09-19T05:46:45.299+00:00,2026-09-19T05:51:45.370+00:00,2026-09-19T05:51:45.370+00:00,False,1,0.0,,0.0,300070.795234,300070.795234,300070.795234,300070.795234,300070.795234,300070.795234,nan,300070.795234,nan,nan,0.0,48,64,,True,False,"HTTPConnectionPool(host='gpu03', port=9002): Read timed out.",0,56.69694568066818
146,2026-09-19T05:46:45.784+00:00,2026-09-19T05:51:45.865+00:00,2026-09-19T05:51:45.865+00:00,False,1,0.0,,0.0,300080.698566,300080.698566,300080.698566,300080.698566,300080.698566,300080.698566,nan,300080.698566,nan,nan,0.0,48,64,,True,False,TTFT timeout: 300.0s exceeded (TTFT: 300.073s),0,56.69694568066818
147,2026-09-19T05:46:46.217+00:00,2026-09-19T05:51:46.172+00:00,2026-09-19T05:51:46.284+00:00,False,3,2.0,,2.0,299955.205077,300067.24347700004,300067.24333900004,100022.41444633334,0.03744,299955.205077,173146.88478564733,269970.8846515,56.0192,79.17025474718363,0.006665172702042363,48,64,,True,False,Request timeout: 300.0s exceeded,7,56.69694568066818
148,2026-09-19T05:46:46.961+00:00,2026-09-19T05:51:47.044+00:00,2026-09-19T05:51:47.044+00:00,False,1,0.0,,0.0,300083.10514999996,300083.10514999996,300083.10514999996,300083.10514999996,300083.10514999996,300083.10514999996,nan,300083.10514999996,nan,nan,0.0,48,64,,True,False,"HTTPConnectionPool(host='gpu03', port=9002): Read timed out.",0,56.69694568066818
149,2026-09-19T05:46:47.654+00:00,2026-09-19T05:51:47.678+00:00,2026-09-19T05:51:47.678+00:00,False,1,0.0,,0.0,300024.4457,300024.4457,300024.4457,300024.4457,300024.4457,300024.4457,nan,300024.4457,nan,nan,0.0,48,64,,True,False,TTFT timeout: 300.0s exceeded (TTFT: 300.003s),0,56.69694568066818
150,2026-09-19T05:46:48.127+00:00,2026-09-19T05:51:47.932+00:00,2026-09-19T05:51:48.165+00:00,False,4,3.0,,3.0,299804.88774800004,300038.268356,300038.26836200006,75009.56709050002,0.03689,299804.88774800004,149863.5579299201,254854.38936230005,77.793536,69.76232880158379,0.009998724550831143,48,64,,True,False,Request timeout: 300.0s exceeded,11,56.69694568066818
151,2026-09-19T05:46:48.872+00:00,2026-09-19T05:51:48.974+00:00,2026-09-19T05:51:48.974+00:00,False,1,0.0,,0.0,300102.110554,300102.110554,300102.110554,300102.110554,300102.110554,300102.110554,nan,300102.110554,nan,nan,0.0,48,64,,True,False,"HTTPConnectionPool(host='gpu03', port=9002): Read timed out.",0,56.69694568066818
152,2026-09-19T05:46:49.522+00:00,2026-09-19T05:51:49.393+00:00,2026-09-19T05:51:49.657+00:00,False,4,3.0,,3.0,299871.172685,300134.825037,300134.825087,75033.70627175,0.024649,299871.172685,149891.6571744304,254910.76316059998,87.88411733333332,76.15992708528498,0.009995507850947207,48,64,,True,False,Request timeout: 300.0s exceeded,10,56.69694568066818
153,2026-09-19T05:46:49.975+00:00,2026-09-19T05:51:49.866+00:00,2026-09-19T05:51:50.012+00:00,False,5,4.0,,4.0,299891.024245,300037.470581,300037.470616,60007.4941232,0.05579,299891.024245,134098.97168334396,239922.9828908,36.611584,24.471066432876192,0.013331668182158385,48,64,,True,False,Request timeout: 300.0s exceeded,13,56.69694568066818
154,2026-09-19T05:46:50.632+00:00,2026-09-19T05:51:50.866+00:00,2026-09-19T05:51:51.462+00:00,False,7,6.0,,6.0,300233.75370099995,300830.30819699995,300830.30840499996,42975.75834357142,0.02213,300233.75370099995,113440.12295977547,210206.96478219997,99.42574933333333,51.85542097826852,0.019944798899952845,48,64,,True,False,Request timeout: 300.0s exceeded,18,56.69694568066818
155,2026-09-19T05:46:51.271+00:00,2026-09-19T05:51:51.361+00:00,2026-09-19T05:51:51.567+00:00,False,4,3.0,,3.0,300089.555064,300295.544696,300295.54458700004,75073.88614675001,0.038579999999999996,300089.555064,150010.45383989267,255092.25588765004,68.66321066666667,59.60722551138744,0.00999015820576695,48,64,,True,False,Request timeout: 300.0s exceeded,7,56.69694568066818
156,2026-09-19T05:46:51.915+00:00,2026-09-19T05:51:51.966+00:00,2026-09-19T05:51:51.966+00:00,False,1,0.0,,0.0,300050.92593699996,300050.92593699996,300050.92593699996,300050.92593699996,300050.92593699996,300050.92593699996,nan,300050.92593699996,nan,nan,0.0,48,64,,True,False,"HTTPConnectionPool(host='gpu03', port=9002): Read timed out.",0,56.69694568066818
157,2026-09-19T05:46:52.618+00:00,2026-09-19T05:51:52.724+00:00,2026-09-19T05:51:52.724+00:00,False,1,0.0,,0.0,300106.58001200005,300106.58001200005,300106.58001200005,300106.58001200005,300106.58001200005,300106.58001200005,nan,300106.58001200005,nan,nan,0.0,48,64,,True,False,"HTTPConnectionPool(host='gpu03', port=9002): Read timed out.",0,56.69694568066818
158,2026-09-19T05:46:53.361+00:00,2026-09-19T05:51:52.988+00:00,2026-09-19T05:51:53.371+00:00,False,6,5.0,,5.0,299627.898076,300010.379996,300010.380096,50001.730015999994,0.02112,299627.898076,122291.35390497497,224747.23918499998,76.496384,43.76984349204388,0.016666090020174183,48,64,,True,False,Request timeout: 300.0s exceeded,18,56.69694568066818
159,2026-09-19T05:46:54.068+00:00,2026-09-19T05:51:54.183+00:00,2026-09-19T05:51:54.183+00:00,False,1,0.0,,0.0,300115.31097000005,300115.31097000005,300115.31097000005,300115.31097000005,300115.31097000005,300115.31097000005,nan,300115.31097000005,nan,nan,0.0,48,64,,True,False,"HTTPConnectionPool(host='gpu03', port=9002): Read timed out.",0,56.69694568066818
160,2026-09-19T05:46:54.572+00:00,2026-09-19T05:51:54.532+00:00,2026-09-19T05:51:54.643+00:00,False,3,2.0,,2.0,299960.265425,300071.222737,300071.222584,100023.74086133332,0.07825,299960.265425,173150.11827932653,269975.3267734,55.478656,78.34788390380943,0.006665084314842537,48,64,,True,False,Request timeout: 300.0s exceeded,3,56.69694568066818
161,2026-09-19T05:46:55.645+00:00,2026-09-19T05:51:54.779+00:00,2026-09-19T05:51:55.806+00:00,False,12,11.0,,11.0,299134.174496,300161.32304,300161.323173,25013.44359775,0.02302,299134.174496,86325.64975421746,134680.52857405003,93.37714036363636,37.315041085700265,0.036646960003351665,48,64,,True,False,Request timeout: 300.0s exceeded,50,56.69694568066818
162,2026-09-19T05:46:55.992+00:00,2026-09-19T05:51:56.105+00:00,2026-09-19T05:51:56.105+00:00,False,1,0.0,,0.0,300113.42137199995,300113.42137199995,300113.42137199995,300113.42137199995,300113.42137199995,300113.42137199995,nan,300113.42137199995,nan,nan,0.0,48,64,,True,False,"HTTPConnectionPool(host='gpu03', port=9002): Read timed out.",0,56.69694568066818
163,2026-09-19T05:46:56.576+00:00,2026-09-19T05:51:56.588+00:00,2026-09-19T05:51:56.588+00:00,False,1,0.0,,0.0,300011.05499800004,300011.05499800004,300011.05499800004,300011.05499800004,300011.05499800004,300011.05499800004,nan,300011.05499800004,nan,nan,0.0,48,64,,True,False,"HTTPConnectionPool(host='gpu03', port=9002): Read timed out.",0,56.69694568066818
164,2026-09-19T05:46:57.112+00:00,2026-09-19T05:51:57.220+00:00,2026-09-19T05:51:57.220+00:00,False,1,0.0,,0.0,300108.563858,300108.563858,300108.563858,300108.563858,300108.563858,300108.563858,nan,300108.563858,nan,nan,0.0,48,64,,True,False,"HTTPConnectionPool(host='gpu03', port=9002): Read timed out.",0,56.69694568066818
165,2026-09-19T05:46:57.819+00:00,2026-09-19T05:51:57.410+00:00,2026-09-19T05:51:57.911+00:00,False,7,6.0,,6.0,299591.34307099995,300092.55318299995,300092.55311899993,42870.36473128571,0.07887999999999999,299591.34307099995,113203.317000895,209744.80736479998,83.53501866666667,40.92364593438005,0.01999383169078884,48,64,,True,False,Request timeout: 300.0s exceeded,21,56.69694568066818
166,2026-09-19T05:46:58.448+00:00,2026-09-19T05:51:58.527+00:00,2026-09-19T05:51:58.527+00:00,False,1,0.0,,0.0,300078.729122,300078.729122,300078.729122,300078.729122,300078.729122,300078.729122,nan,300078.729122,nan,nan,0.0,48,64,,True,False,"HTTPConnectionPool(host='gpu03', port=9002): Read timed out.",0,56.69694568066818
167,2026-09-19T05:46:59.167+00:00,2026-09-19T05:51:59.076+00:00,2026-09-19T05:51:59.201+00:00,False,3,2.0,,2.0,299908.54519,300033.95626199996,300033.956382,100011.31879399999,0.05278,299908.54519,173116.0875423934,269930.22651219997,62.705536,88.60443948064905,0.006665912168466463,48,64,,True,False,Request timeout: 300.0s exceeded,3,56.69694568066818
168,2026-09-19T05:46:59.856+00:00,2026-09-19T05:51:59.949+00:00,2026-09-19T05:51:59.949+00:00,False,1,0.0,,0.0,300092.753992,300092.753992,300092.753992,300092.753992,300092.753992,300092.753992,nan,300092.753992,nan,nan,0.0,48,64,,True,False,"HTTPConnectionPool(host='gpu03', port=9002): Read timed out.",0,56.69694568066818
169,2026-09-19T05:47:00.450+00:00,2026-09-19T05:52:00.555+00:00,2026-09-19T05:52:00.555+00:00,False,1,0.0,,0.0,300104.32301700005,300104.32301700005,300104.32301700005,300104.32301700005,300104.32301700005,300104.32301700005,nan,300104.32301700005,nan,nan,0.0,48,64,,True,False,TTFT timeout: 300.0s exceeded (TTFT: 300.085s),0,56.69694568066818
170,2026-09-19T05:47:00.932+00:00,2026-09-19T05:52:00.912+00:00,2026-09-19T05:52:01.016+00:00,False,3,2.0,,2.0,299979.82292,300084.598088,300084.597992,100028.19933066667,0.02929,299979.82292,173163.19347192047,269992.3152062,52.387584,74.04595938415547,0.006664787239142139,48,64,,True,False,Request timeout: 300.0s exceeded,7,56.69694568066818
171,2026-09-19T05:47:01.525+00:00,2026-09-19T05:52:01.588+00:00,2026-09-19T05:52:01.588+00:00,False,1,0.0,,0.0,300063.402658,300063.402658,300063.402658,300063.402658,300063.402658,300063.402658,nan,300063.402658,nan,nan,0.0,48,64,,True,False,"HTTPConnectionPool(host='gpu03', port=9002): Read timed out.",0,56.69694568066818
172,2026-09-19T05:47:02.199+00:00,2026-09-19T05:52:02.183+00:00,2026-09-19T05:52:02.336+00:00,False,3,2.0,,2.0,299983.76066900004,300136.84892500006,300136.84893300006,100045.61631100002,0.02411,299983.76066900004,173151.5291076117,270000.6910175,76.544128,108.21535026378525,0.006663626966043652,48,64,,True,False,Request timeout: 300.0s exceeded,8,56.69694568066818
173,2026-09-19T05:47:02.946+00:00,2026-09-19T05:52:02.598+00:00,2026-09-19T05:52:02.993+00:00,False,8,7.0,,7.0,299652.30366100004,300047.02724500006,300047.027301,37505.878412625,0.07558,299652.30366100004,105923.15607689701,194811.30875060003,56.389083428571425,33.9843244744908,0.02332967623200022,48,64,,True,False,Request timeout: 300.0s exceeded,17,56.69694568066818
174,2026-09-19T05:47:03.537+00:00,2026-09-19T05:52:03.645+00:00,2026-09-19T05:52:03.645+00:00,False,1,0.0,,0.0,300108.04140600003,300108.04140600003,300108.04140600003,300108.04140600003,300108.04140600003,300108.04140600003,nan,300108.04140600003,nan,nan,0.0,48,64,,True,False,"HTTPConnectionPool(host='gpu03', port=9002): Read timed out.",0,56.69694568066818
175,2026-09-19T05:47:04.006+00:00,2026-09-19T05:52:03.937+00:00,2026-09-19T05:52:05.053+00:00,False,12,11.0,,11.0,299930.765889,301046.13945699995,301046.139439,25087.17828658333,0.04266,299930.765889,86553.29015927005,135049.50441605,101.39759709090909,36.27803790991838,0.03653924949790359,48,64,,True,False,Request timeout: 300.0s exceeded,28,56.69694568066818
177,2026-09-19T05:47:05.243+00:00,2026-09-19T05:52:05.280+00:00,2026-09-19T05:52:05.280+00:00,False,1,0.0,,0.0,300036.624432,300036.624432,300036.624432,300036.624432,300036.624432,300036.624432,nan,300036.624432,nan,nan,0.0,48,64,,True,False,"HTTPConnectionPool(host='gpu03', port=9002): Read timed out.",0,56.69694568066818
176,2026-09-19T05:47:04.755+00:00,2026-09-19T05:52:05.791+00:00,2026-09-19T05:52:05.791+00:00,False,1,0.0,,0.0,301035.532212,301035.532212,301035.532212,301035.532212,301035.532212,301035.532212,nan,301035.532212,nan,nan,0.0,48,64,,True,False,"HTTPConnectionPool(host='gpu03', port=9002): Read timed out.",0,56.69694568066818
178,2026-09-19T05:47:05.768+00:00,2026-09-19T05:52:05.893+00:00,2026-09-19T05:52:05.893+00:00,False,1,0.0,,0.0,300124.672097,300124.672097,300124.672097,300124.672097,300124.672097,300124.672097,nan,300124.672097,nan,nan,0.0,48,64,,True,False,"HTTPConnectionPool(host='gpu03', port=9002): Read timed out.",0,56.69694568066818
179,2026-09-19T05:47:06.336+00:00,2026-09-19T05:52:06.344+00:00,2026-09-19T05:52:06.544+00:00,False,3,2.0,,2.0,300007.679781,300207.814437,300207.814389,100069.271463,0.052649999999999995,300007.679781,173151.76968048143,270026.91999870003,100.067328,141.44199244161166,0.00666205176487739,48,64,,True,False,Request timeout: 300.0s exceeded,8,56.69694568066818
180,2026-09-19T05:47:06.846+00:00,2026-09-19T05:52:06.544+00:00,2026-09-19T05:52:06.891+00:00,False,6,5.0,,5.0,299697.557526,300045.38447,300045.384341,50007.56405683333,0.04283,299697.557526,122322.62225460677,224798.95782350004,69.5653888,45.193667794687386,0.016664145688599735,48,64,,True,False,Request timeout: 300.0s exceeded,25,56.69694568066818
181,2026-09-19T05:47:07.562+00:00,2026-09-19T05:52:07.669+00:00,2026-09-19T05:52:07.669+00:00,False,1,0.0,,0.0,300107.667999,300107.667999,300107.667999,300107.667999,300107.667999,300107.667999,nan,300107.667999,nan,nan,0.0,48,64,,True,False,"HTTPConnectionPool(host='gpu03', port=9002): Read timed out.",0,56.69694568066818
182,2026-09-19T05:47:08.159+00:00,2026-09-19T05:52:08.129+00:00,2026-09-19T05:52:08.271+00:00,False,3,2.0,,2.0,299970.256349,300111.91932499997,300111.919372,100037.30645733332,0.02289,299970.256349,173147.02813836755,269987.3947274,70.831488,100.13862953086202,0.006664180498056598,48,64,,True,False,Request timeout: 300.0s exceeded,4,56.69694568066818
183,2026-09-19T05:47:08.658+00:00,2026-09-19T05:52:08.508+00:00,2026-09-19T05:52:08.708+00:00,False,4,3.0,,3.0,299849.92902,300050.24722799996,300050.247218,75012.5618045,0.07657,299849.92902,149891.5856029159,254888.0933436,66.772736,57.91579373558463,0.00999832537288457,48,64,,True,False,Request timeout: 300.0s exceeded,13,56.69694568066818
184,2026-09-19T05:47:09.388+00:00,2026-09-19T05:52:09.465+00:00,2026-09-19T05:52:09.465+00:00,False,1,0.0,,0.0,300076.99662,300076.99662,300076.99662,300076.99662,300076.99662,300076.99662,nan,300076.99662,nan,nan,0.0,48,64,,True,False,TTFT timeout: 300.0s exceeded (TTFT: 300.069s),0,56.69694568066818
185,2026-09-19T05:47:10.007+00:00,2026-09-19T05:52:09.862+00:00,2026-09-19T05:52:10.104+00:00,False,4,3.0,,3.0,299854.708588,300096.460652,300096.460564,75024.115141,0.02727,299854.708588,149887.07344868992,254896.45026625,80.58402133333333,70.80974543873229,0.009996785678451843,48,64,,True,False,Request timeout: 300.0s exceeded,13,56.69694568066818
186,2026-09-19T05:47:10.565+00:00,2026-09-19T05:52:10.600+00:00,2026-09-19T05:52:10.600+00:00,False,1,0.0,,0.0,300035.360001,300035.360001,300035.360001,300035.360001,300035.360001,300035.360001,nan,300035.360001,nan,nan,0.0,48,64,,True,False,"HTTPConnectionPool(host='gpu03', port=9002): Read timed out.",0,56.69694568066818
187,2026-09-19T05:47:11.251+00:00,2026-09-19T05:52:11.225+00:00,2026-09-19T05:52:11.358+00:00,False,3,2.0,,2.0,299974.558475,300107.353355,300107.35334800003,100035.78444933334,0.057949,299974.558475,173152.07021601722,269990.37631990004,66.39744,93.81833941498917,0.006664281889934832,48,64,,True,False,Request timeout: 300.0s exceeded,10,56.69694568066818
188,2026-09-19T05:47:11.999+00:00,2026-09-19T05:52:11.731+00:00,2026-09-19T05:52:12.028+00:00,False,5,4.0,,4.0,299731.891278,300028.70663800003,300028.70656900003,60005.741313800005,0.043429999999999996,299731.891278,134010.9986982559,239806.25007540002,74.20384,49.556623394606056,0.013332057604828477,48,64,,True,False,Request timeout: 300.0s exceeded,9,56.69694568066818
189,2026-09-19T05:47:12.446+00:00,2026-09-19T05:52:12.531+00:00,2026-09-19T05:52:12.531+00:00,False,1,0.0,,0.0,300084.34408099996,300084.34408099996,300084.34408099996,300084.34408099996,300084.34408099996,300084.34408099996,nan,300084.34408099996,nan,nan,0.0,48,64,,True,False,"HTTPConnectionPool(host='gpu03', port=9002): Read timed out.",0,56.69694568066818
190,2026-09-19T05:47:12.854+00:00,2026-09-19T05:52:12.933+00:00,2026-09-19T05:52:12.933+00:00,False,1,0.0,,0.0,300079.23127,300079.23127,300079.23127,300079.23127,300079.23127,300079.23127,nan,300079.23127,nan,nan,0.0,48,64,,True,False,"HTTPConnectionPool(host='gpu03', port=9002): Read timed out.",0,56.69694568066818
191,2026-09-19T05:47:13.572+00:00,2026-09-19T05:52:13.354+00:00,2026-09-19T05:52:13.617+00:00,False,5,4.0,,4.0,299782.372499,300045.550483,300045.55053199996,60009.110106399996,0.04267,299782.372499,134037.33577967298,239848.87778480002,65.794496,51.10015643309775,0.013331309174760225,48,64,,True,False,Request timeout: 300.0s exceeded,12,56.69694568066818
192,2026-09-19T05:47:14.306+00:00,2026-09-19T05:52:14.420+00:00,2026-09-19T05:52:14.420+00:00,False,1,0.0,,0.0,300113.873382,300113.873382,300113.873382,300113.873382,300113.873382,300113.873382,nan,300113.873382,nan,nan,0.0,48,64,,True,False,"HTTPConnectionPool(host='gpu03', port=9002): Read timed out.",0,56.69694568066818
193,2026-09-19T05:47:15.008+00:00,2026-09-19T05:52:14.781+00:00,2026-09-19T05:52:15.023+00:00,False,4,3.0,,3.0,299773.72286000004,300014.943212,300014.94301800005,75003.73575450001,0.052289999999999996,299773.72286000004,149846.6692021715,254827.65873695002,80.406784,70.74030625181861,0.009999501917743164,48,64,,True,False,Request timeout: 300.0s exceeded,11,56.69694568066818
194,2026-09-19T05:47:15.513+00:00,2026-09-19T05:52:15.448+00:00,2026-09-19T05:52:15.554+00:00,False,3,2.0,,2.0,299935.08880800003,300040.82525600004,300040.825229,100013.60840966667,0.038310000000000004,299935.08880800003,173137.0888472319,269952.1497383,52.868224,74.71265359858364,0.006665759562198128,48,64,,True,False,Request timeout: 300.0s exceeded,5,56.69694568066818
195,2026-09-19T05:47:16.045+00:00,2026-09-19T05:52:16.154+00:00,2026-09-19T05:52:16.154+00:00,False,1,0.0,,0.0,300109.556211,300109.556211,300109.556211,300109.556211,300109.556211,300109.556211,nan,300109.556211,nan,nan,0.0,48,64,,True,False,"HTTPConnectionPool(host='gpu03', port=9002): Read timed out.",0,56.69694568066818
197,2026-09-19T05:47:17.483+00:00,2026-09-19T05:52:16.528+00:00,2026-09-19T05:52:17.636+00:00,False,13,12.0,,12.0,299045.115616,300153.02371200005,300153.02366400004,23088.694128000003,0.02869,299045.115616,82914.59223808671,119696.3370724,92.32567466666667,34.59495627204823,0.03997960724031927,48,64,,True,False,Request timeout: 300.0s exceeded,53,56.69694568066818
196,2026-09-19T05:47:16.511+00:00,2026-09-19T05:52:16.528+00:00,2026-09-19T05:52:16.528+00:00,False,1,0.0,,0.0,300017.48361500003,300017.48361500003,300017.48361500003,300017.48361500003,300017.48361500003,300017.48361500003,nan,300017.48361500003,nan,nan,0.0,48,64,,True,False,TTFT timeout: 300.0s exceeded (TTFT: 300.007s),0,56.69694568066818
198,2026-09-19T05:47:17.683+00:00,2026-09-19T05:52:17.637+00:00,2026-09-19T05:52:17.869+00:00,False,4,3.0,,3.0,299954.408919,300186.052311,300186.05234,75046.513085,0.04158,299954.408919,149938.607738117,254981.0515779,77.214464,68.77499336475094,0.009993802100078678,48,64,,True,False,Request timeout: 300.0s exceeded,13,56.69694568066818
199,2026-09-19T05:47:18.360+00:00,2026-09-19T05:52:18.386+00:00,2026-09-19T05:52:18.386+00:00,False,1,0.0,,0.0,300026.087718,300026.087718,300026.087718,300026.087718,300026.087718,300026.087718,nan,300026.087718,nan,nan,0.0,48,64,,True,False,"HTTPConnectionPool(host='gpu03', port=9002): Read timed out.",0,56.69694568066818
200,2026-09-19T05:47:18.862+00:00,2026-09-19T05:52:18.981+00:00,2026-09-19T05:52:18.981+00:00,False,1,0.0,,0.0,300119.61187300005,300119.61187300005,300119.61187300005,300119.61187300005,300119.61187300005,300119.61187300005,nan,300119.61187300005,nan,nan,0.0,48,64,,True,False,"HTTPConnectionPool(host='gpu03', port=9002): Read timed out.",0,56.69694568066818
201,2026-09-19T05:47:19.389+00:00,2026-09-19T05:52:19.395+00:00,2026-09-19T05:52:20.586+00:00,False,16,15.0,,15.0,300005.489415,301196.54656700004,301196.54646800004,18824.784154250003,0.02556,300005.489415,74981.52832466687,75083.52466875,79.40381013333334,33.34901166056263,0.049801367814366046,48,64,,True,False,Request timeout: 300.0s exceeded,46,56.69694568066818
203,2026-09-19T05:47:20.538+00:00,2026-09-19T05:52:19.422+00:00,2026-09-19T05:52:19.422+00:00,True,1,1.0,,1.0,298884.23719300004,298884.23719300004,298884.23719300004,298884.23719300004,298884.23719300004,298884.23719300004,nan,298884.23719300004,nan,nan,0.003345776978376631,48,64,,True,True,,3,56.69694568066818
202,2026-09-19T05:47:19.994+00:00,2026-09-19T05:52:20.075+00:00,2026-09-19T05:52:20.687+00:00,False,8,7.0,,7.0,300080.90370200004,300692.828182,300692.82817900006,37586.60352237501,0.02632,300080.90370200004,106063.72014052144,195090.08662925,87.41778285714285,38.655345363947916,0.023279570857483563,48,64,,True,False,Request timeout: 300.0s exceeded,27,56.69694568066818
0,2026-09-19T05:45:20.826+00:00,2026-09-19T05:45:21.094+00:00,2026-09-19T05:45:26.013+00:00,True,55,55.0,,55.0,268.10115,5187.131422,5187.131508,94.31148196363637,31.311108,268.10115,34.39507902764894,111.7825674,91.09315318518517,24.998498977087166,10.603163005805175,49,64,,False,True,,232,56.69694568066818
1,2026-09-19T05:45:21.238+00:00,2026-09-19T05:45:21.450+00:00,2026-09-19T05:45:28.128+00:00,True,70,70.0,,70.0,212.292519,6889.829030999999,6889.829204,98.4261314857143,43.896447,212.292519,26.995225524771126,114.8978549,96.77589147826087,23.367185542263908,10.15990377773425,49,64,,False,True,,278,56.69694568066818
2,2026-09-19T05:45:21.692+00:00,2026-09-19T05:45:22.308+00:00,2026-09-19T05:45:24.127+00:00,True,19,19.0,,19.0,615.595906,2434.880642,2434.8806680000002,128.15161410526315,51.797739,615.595906,118.71216428094488,161.5754665,101.07137422222222,12.980434707913453,7.803257240730078,49,64,,False,True,,59,56.69694568066818
3,2026-09-19T05:45:22.113+00:00,2026-09-19T05:45:25.815+00:00,2026-09-19T05:45:33.997+00:00,True,83,83.0,,83.0,3702.128206,11883.876941999999,11883.877024,143.17924125301204,0.0,3702.128206,396.2445378594021,116.32926329999998,99.7774236097561,25.87137009441071,6.984252732091275,49,64,,False,True,,363,56.69694568066818
4,2026-09-19T05:45:22.743+00:00,2026-09-19T05:45:29.115+00:00,2026-09-19T05:45:34.962+00:00,True,60,60.0,,60.0,6371.182178,12218.964322,12218.964144,203.6494024,0.0,6371.182178,810.2166664819666,115.88841245000002,99.11495159322034,28.596948362697866,4.910399803031686,49,64,,False,True,,258,56.69694568066818
5,2026-09-19T05:45:23.252+00:00,2026-09-19T05:45:31.536+00:00,2026-09-19T05:45:33.097+00:00,True,16,16.0,,16.0,8283.767172,9844.971396,9844.971445,615.3107153125,47.274370000000005,8283.767172,2045.3620849093468,2250.0974834999997,104.08028159999999,43.93030855759439,1.625195173903784,49,64,,False,True,,72,56.69694568066818
6,2026-09-19T05:45:23.854+00:00,2026-09-19T05:45:34.502+00:00,2026-09-19T05:45:44.250+00:00,True,100,100.0,,100.0,10647.812684,20396.084556,20396.084571,203.96084571,0.0,10647.812684,1055.943604200719,140.56375839999998,98.46739264646465,46.387185752672046,4.9029018155635455,49,64,,False,True,,413,56.69694568066818
7,2026-09-19T05:45:24.281+00:00,2026-09-19T05:45:37.283+00:00,2026-09-19T05:45:44.447+00:00,True,74,74.0,,74.0,13002.103027000001,20166.430195,20166.430176,272.5193267027027,0.0,13002.103027000001,1500.6880345536872,122.83028060000001,98.14146805479452,43.88358549849399,3.6694645152589933,49,64,,False,True,,355,56.69694568066818
8,2026-09-19T05:45:24.655+00:00,2026-09-19T05:45:39.079+00:00,2026-09-19T05:45:39.496+00:00,True,5,5.0,,5.0,14423.550666,14841.350346,14841.350402999999,2968.2700806,0.0,14423.550666,6404.893923082143,11600.436549399998,104.44992,143.00121825587428,0.33689656826594533,49,64,,False,True,,17,56.69694568066818
9,2026-09-19T05:45:25.107+00:00,2026-09-19T05:45:41.582+00:00,2026-09-19T05:45:48.240+00:00,True,70,70.0,,70.0,16475.235335,23133.154055,23133.154184000003,330.4736312,0.0,16475.235335,1958.2386720172715,130.65022915,96.4915756521739,49.00406402516079,3.0259600499599926,49,64,,False,True,,340,56.69694568066818
10,2026-09-19T05:45:25.680+00:00,2026-09-19T05:45:44.819+00:00,2026-09-19T05:45:48.041+00:00,True,34,34.0,,34.0,19138.80897,22361.147785999998,22361.148003,657.680823617647,0.0,19138.80897,3265.9981464840953,199.8558027,97.64663078787878,56.00988190874593,1.5204944006177952,49,64,,False,True,,68,56.69694568066818
11,2026-09-19T05:45:26.224+00:00,2026-09-19T05:45:48.035+00:00,2026-09-19T05:45:49.999+00:00,True,21,21.0,,21.0,21811.111054,23775.83707,23775.837166,1132.1827221904762,0.0,21811.111054,4738.720088666978,385.048212,98.2363008,76.22014662320218,0.8832496596512048,49,64,,False,True,,85,56.69694568066818
12,2026-09-19T05:45:26.707+00:00,2026-09-19T05:45:50.526+00:00,2026-09-19T05:45:55.722+00:00,True,53,53.0,,53.0,23819.746533,29015.931877000003,29015.931697,547.4704093773585,0.0,23819.746533,3259.2218629041436,258.9014426,99.92664123076923,83.69105668202592,1.8265827278844489,49,64,,False,True,,231,56.69694568066818
13,2026-09-19T05:45:27.140+00:00,2026-09-19T05:45:53.021+00:00,2026-09-19T05:46:02.343+00:00,True,99,99.0,,99.0,25880.896421,35202.641573,35202.641763,355.58224003030307,0.0,25880.896421,2592.455798381716,116.69309989999999,95.11984848979593,68.18742842953618,2.8122889526543884,49,64,,False,True,,373,56.69694568066818
14,2026-09-19T05:45:27.524+00:00,2026-09-19T05:45:54.840+00:00,2026-09-19T05:46:00.918+00:00,True,67,67.0,,67.0,27315.887017999998,33393.862826,33393.862735999995,498.4158617313432,0.0,27315.887017999998,3326.548348165679,114.06803260000001,92.09054254545455,65.35131923605319,2.0063566874280485,49,64,,False,True,,277,56.69694568066818
15,2026-09-19T05:45:28.155+00:00,2026-09-19T05:45:58.544+00:00,2026-09-19T05:46:04.362+00:00,True,60,60.0,,60.0,30389.504355,36207.578723,36207.578862,603.4596477,0.0,30389.504355,3911.0845483690623,112.25164265,98.6114299661017,65.97639475209081,1.657111635633521,49,64,,False,True,,207,56.69694568066818
16,2026-09-19T05:45:28.756+00:00,2026-09-19T05:46:01.711+00:00,2026-09-19T05:46:02.244+00:00,True,6,6.0,,6.0,32954.942399,33488.584127,33488.584156,5581.430692666667,103.457739,32954.942399,13410.227498358272,24744.006966999998,106.7283456,3.000988062688154,0.17916553226753262,49,64,,False,True,,27,56.69694568066818
17,2026-09-19T05:45:29.297+00:00,2026-09-19T05:46:04.893+00:00,2026-09-19T05:46:09.863+00:00,True,51,51.0,,51.0,35596.564366,40566.168462,40566.168358999996,795.4150658627451,0.0,35596.564366,4971.680679432654,324.88480799999996,99.39208192,104.78808677552189,1.2572052509167535,49,64,,False,True,,258,56.69694568066818
18,2026-09-19T05:45:29.655+00:00,2026-09-19T05:46:07.368+00:00,2026-09-19T05:46:07.390+00:00,True,6,6.0,,6.0,37712.977435999994,37734.35881199999,37734.358755999994,6289.059792666666,0.0167,37712.977435999994,15394.515139431398,28290.055521999995,4.276275200000001,9.510812746079864,0.1590062793936206,49,64,,False,True,,18,56.69694568066818
19,2026-09-19T05:45:30.242+00:00,2026-09-19T05:46:09.756+00:00,2026-09-19T05:46:11.146+00:00,True,15,15.0,,15.0,39513.306542000006,40903.27697400001,40903.276924000005,2726.885128266667,88.906053,39513.306542000006,10176.659037898698,11931.124195400002,99.28360228571428,6.74150471691713,0.3667187841584107,49,64,,False,True,,46,56.69694568066818
20,2026-09-19T05:45:30.873+00:00,2026-09-19T05:46:12.934+00:00,2026-09-19T05:46:16.542+00:00,True,40,40.0,,40.0,42061.005557,45669.292020999994,45669.291841,1141.7322960249999,41.363014,42061.005557,6635.826987948691,109.11604955000001,92.52016574358974,19.105275095346762,0.875862055877873,49,64,,False,True,,193,56.69694568066818
21,2026-09-19T05:45:31.269+00:00,2026-09-19T05:46:14.909+00:00,2026-09-19T05:46:22.757+00:00,True,75,75.0,,75.0,43639.771139,51487.334146999994,51487.334269,686.4977902533333,0.0,43639.771139,5028.305423531303,112.34323570000001,106.04814875675676,122.16085515244218,1.4566689311563439,49,64,,False,True,,257,56.69694568066818
22,2026-09-19T05:45:31.627+00:00,2026-09-19T05:46:16.854+00:00,2026-09-19T05:46:21.107+00:00,True,43,43.0,,43.0,45226.799642,49480.074777999995,49480.074714999995,1150.6994119767442,0.0,45226.799642,6882.280849771983,113.0355081,101.26845561904761,99.4780768676711,0.8690366817941595,49,64,,False,True,,192,56.69694568066818
23,2026-09-19T05:45:32.263+00:00,2026-09-19T05:46:20.688+00:00,2026-09-19T05:46:28.389+00:00,True,76,76.0,,76.0,48425.310062,56126.14539,56126.145528999994,738.5019148552631,0.016640000000000002,48425.310062,5543.980901359291,114.7610855,102.67780437333333,105.7293841626884,1.354092633155259,49,64,,False,True,,331,56.69694568066818
24,2026-09-19T05:45:32.651+00:00,2026-09-19T05:46:23.222+00:00,2026-09-19T05:46:28.180+00:00,True,48,48.0,,48.0,50570.859465,55528.560073,55528.559875,1156.8449973958334,47.448259,50570.859465,7284.060424720133,118.3529924,105.48299165957447,12.650285429098746,0.8644200378489436,49,64,,False,True,,219,56.69694568066818
25,2026-09-19T05:45:33.067+00:00,2026-09-19T05:46:25.183+00:00,2026-09-19T05:46:29.397+00:00,True,41,41.0,,41.0,52116.022395,56329.454715,56329.454679,1373.8891385121951,0.0,52116.022395,8123.58468816211,117.97099299999999,105.335808,121.09942258653211,0.7278607649841512,49,64,,False,True,,145,56.69694568066818
26,2026-09-19T05:45:33.614+00:00,2026-09-19T05:46:28.176+00:00,2026-09-19T05:46:30.658+00:00,True,26,26.0,,26.0,54561.735797,57043.642741,57043.642645,2193.986255576923,0.0,54561.735797,10682.037255508903,631.04145225,99.27627776,154.32089620900095,0.4557913686902844,49,64,,False,True,,86,56.69694568066818
27,2026-09-19T05:45:34.190+00:00,2026-09-19T05:46:31.091+00:00,2026-09-19T05:46:34.294+00:00,True,32,32.0,,32.0,56900.437223,60103.866855,60103.866748,1878.245835875,47.1255,56900.437223,10040.414118695953,114.58325380000001,103.33643974193548,14.647180075974358,0.5324116679081513,49,64,,False,True,,136,56.69694568066818
28,2026-09-19T05:45:34.550+00:00,2026-09-19T05:46:33.337+00:00,2026-09-19T05:46:41.530+00:00,True,82,82.0,,82.0,58786.935869999994,66980.08710199999,66980.087091,816.8303303780488,0.0,58786.935869999994,6481.821237688564,113.89769110000002,101.15001520987654,117.96881981347862,1.2242444515655388,49,64,,False,True,,375,56.69694568066818
29,2026-09-19T05:45:34.949+00:00,2026-09-19T05:46:35.244+00:00,2026-09-19T05:46:40.223+00:00,True,51,51.0,,51.0,60295.023427,65274.374979,65274.374986,1279.889705607843,0.0,60295.023427,8430.479516594653,430.1554059999999,99.58703104000001,156.98144742589076,0.7813173242395299,49,64,,False,True,,253,56.69694568066818
30,2026-09-19T05:45:35.585+00:00,2026-09-19T05:46:39.373+00:00,2026-09-19T05:46:41.899+00:00,True,29,29.0,,29.0,63787.833574000004,66314.09559,66314.09560700001,2286.6929519655173,0.0,63787.833574000004,11828.393200315324,114.68559499999999,90.22364342857144,32.848731795733734,0.4373127574459921,49,64,,False,True,,123,56.69694568066818
31,2026-09-19T05:45:36.174+00:00,2026-09-19T05:46:42.115+00:00,2026-09-19T05:46:51.611+00:00,True,99,99.0,,99.0,65940.812884,75436.609876,75436.609936,761.985958949495,0.0,65940.812884,6618.324133275778,111.56980800000001,96.89588767346939,100.91003666007745,1.3123601413522248,49,64,,False,True,,490,56.69694568066818
32,2026-09-19T05:45:36.573+00:00,2026-09-19T05:46:44.236+00:00,2026-09-19T05:46:51.828+00:00,True,79,79.0,,79.0,67662.483748,75255.224868,75255.22489499999,952.5977834810127,0.0,67662.483748,7602.491840041038,113.2378391,97.34283487179486,112.35175093198842,1.049760998503007,49,64,,False,True,,337,56.69694568066818
33,2026-09-19T05:45:37.117+00:00,2026-09-19T05:46:46.681+00:00,2026-09-19T05:46:55.728+00:00,True,93,93.0,,93.0,69564.512787,78611.732499,78611.732731,845.2874487204301,0.0,69564.512787,7204.456810425843,113.7271208,98.33934469565217,129.43595760229698,1.1830295179053971,49,64,,False,True,,452,56.69694568066818
34,2026-09-19T05:45:37.437+00:00,2026-09-19T05:46:48.485+00:00,2026-09-19T05:46:56.129+00:00,True,78,78.0,,78.0,71047.62633300001,78691.43535700001,78691.43536900001,1008.8645560128206,0.0,71047.62633300001,8034.535774220263,137.52809215,99.27024706493506,140.71728075932174,0.9912133340323104,49,64,,False,True,,348,56.69694568066818
35,2026-09-19T05:45:38.071+00:00,2026-09-19T05:46:52.032+00:00,2026-09-19T05:47:01.938+00:00,True,98,98.0,,98.0,73960.43016799999,83867.241048,83867.241056,855.7881740408162,0.01884,73960.43016799999,7461.375125032093,114.78530559999999,102.13207092783504,91.9169933140921,1.1685134597895186,49,64,,False,True,,419,56.69694568066818
36,2026-09-19T05:45:38.697+00:00,2026-09-19T05:46:55.656+00:00,2026-09-19T05:47:04.858+00:00,True,86,86.0,,86.0,76959.103642,86161.092762,86161.092755,1001.8731715697675,0.0,76959.103642,8287.92944356134,115.6497735,108.25869552941177,122.15759957176135,0.9981303305606282,49,64,,False,True,,330,56.69694568066818
37,2026-09-19T05:45:39.180+00:00,2026-09-19T05:46:57.980+00:00,2026-09-19T05:47:00.657+00:00,True,28,28.0,,28.0,78800.484694,81477.113174,81477.113056,2909.896894857143,50.993550000000006,78800.484694,14873.170992894848,117.0485308,99.13438814814815,20.643237544300113,0.34365478732910026,49,64,,False,True,,119,56.69694568066818
38,2026-09-19T05:45:39.703+00:00,2026-09-19T05:47:01.516+00:00,2026-09-19T05:47:10.501+00:00,True,93,93.0,,93.0,81812.70942900001,90797.697077,90797.697081,976.3193234516131,0.0,81812.70942900001,8474.312353300385,111.4141388,97.6629092173913,121.15965407277803,1.0242550526488832,49,64,,False,True,,453,56.69694568066818
39,2026-09-19T05:45:40.227+00:00,2026-09-19T05:47:04.848+00:00,2026-09-19T05:47:07.686+00:00,True,34,34.0,,34.0,84621.28983200001,87458.87984800001,87458.87971600001,2572.319991647059,0.0,84621.28983200001,14497.722961338532,111.66857315000001,85.98757624242425,33.809948759977765,0.3887541214693193,49,64,,False,True,,159,56.69694568066818
40,2026-09-19T05:45:40.714+00:00,2026-09-19T05:47:07.281+00:00,2026-09-19T05:47:08.258+00:00,True,11,11.0,,11.0,86567.4403,87543.975852,87543.975919,7958.543265363636,47.511528,86567.4403,26071.627205025765,43337.89791299999,97.6535552,17.91606413454828,0.12565113581997198,49,64,,False,True,,39,56.69694568066818
41,2026-09-19T05:45:41.307+00:00,2026-09-19T05:47:10.710+00:00,2026-09-19T05:47:11.589+00:00,True,10,10.0,,10.0,89403.541157,90282.370725,90282.370705,9028.2370705,50.860431,89403.541157,28241.008380643852,49222.24242545,97.64772977777777,18.193670227686894,0.11076359559121446,49,64,,False,True,,25,56.69694568066818
42,2026-09-19T05:45:41.919+00:00,2026-09-19T05:47:14.115+00:00,2026-09-19T05:47:20.415+00:00,True,61,61.0,,61.0,92196.877573,98496.21862900001,98496.218533,1614.6921070983608,0.0,92196.877573,11793.297814886097,112.33219600000001,104.9890176,226.53888639798046,0.6193131152553699,49,64,,False,True,,256,56.69694568066818
43,2026-09-19T05:45:42.457+00:00,2026-09-19T05:47:17.597+00:00,2026-09-19T05:47:21.823+00:00,True,50,50.0,,50.0,95139.870099,99365.35643500001,99365.356645,1987.3071329000002,0.0,95139.870099,13443.893843145192,120.2962112,86.23441502040816,187.4176824890092,0.5031934850725119,49,64,,False,True,,155,56.69694568066818
44,2026-09-19T05:45:43.059+00:00,2026-09-19T05:47:20.418+00:00,2026-09-19T05:47:29.707+00:00,True,95,95.0,,95.0,97358.91100200001,106648.11753,106648.11773900001,1122.6117656736842,45.575963,97358.91100200001,9978.691167491557,112.89609770000001,98.82134604255319,18.253153981103498,0.890779904983101,49,64,,False,True,,540,56.69694568066818
45,2026-09-19T05:45:43.557+00:00,2026-09-19T05:47:22.828+00:00,2026-09-19T05:47:32.278+00:00,True,97,97.0,,97.0,99270.550898,108721.046386,108721.04642500001,1120.8355301546392,45.349214,99270.550898,10069.417687108797,112.3218448,98.44266133333333,17.87963034601586,0.8921915601843461,49,64,,False,True,,416,56.69694568066818
46,2026-09-19T05:45:44.063+00:00,2026-09-19T05:47:25.711+00:00,2026-09-19T05:47:30.478+00:00,True,50,50.0,,50.0,101647.316995,106415.223811,106415.223943,2128.30447886,47.415369,101647.316995,14361.352489112694,110.69355250000001,97.30422073469389,18.72412233157417,0.469857584369724,49,64,,False,True,,187,56.69694568066818
47,2026-09-19T05:45:44.423+00:00,2026-09-19T05:47:27.867+00:00,2026-09-19T05:47:36.549+00:00,True,89,89.0,,89.0,103443.11138500001,112126.08021700001,112126.08036200001,1259.8435995730338,41.576522,103443.11138500001,10954.50131195186,110.3323532,98.67010036363637,16.606906718443536,0.7937493206554299,49,64,,True,True,,314,56.69694568066818
48,2026-09-19T05:45:44.890+00:00,2026-09-19T05:47:30.273+00:00,2026-09-19T05:47:32.180+00:00,True,20,20.0,,20.0,105383.126313,107290.268713,107290.268762,5364.5134381,50.035533,105383.126313,23541.942216511237,5374.22391025,100.37591578947368,13.268710365158709,0.18641019581654442,49,64,,True,True,,84,56.69694568066818
49,2026-09-19T05:45:45.496+00:00,2026-09-19T05:47:33.719+00:00,2026-09-19T05:47:37.072+00:00,True,34,34.0,,34.0,108223.42887199999,111576.02330399999,111576.023299,3281.647744088235,46.31046,108223.42887199999,18542.747245332066,113.3674166,101.59377066666667,14.506432022400363,0.30472496682700023,49,64,,True,True,,141,56.69694568066818
50,2026-09-19T05:45:45.972+00:00,2026-09-19T05:47:36.242+00:00,2026-09-19T05:47:38.378+00:00,True,23,23.0,,23.0,110269.82835699999,112405.96352499998,112405.96332499999,4887.21579673913,49.312503,110269.82835699999,22972.610068101076,109.58598730000001,97.0970530909091,19.06734000939362,0.20461547838504685,49,64,,True,True,,104,56.69694568066818
51,2026-09-19T05:45:46.579+00:00,2026-09-19T05:47:39.218+00:00,2026-09-19T05:47:42.078+00:00,True,31,31.0,,31.0,112639.27138600001,115498.732506,115498.73252700001,3725.765565387097,45.675582000000006,112639.27138600001,20213.504569681474,113.1967275,95.31537066666667,23.636062517296402,0.26840121382621746,49,64,,True,True,,159,56.69694568066818
52,2026-09-19T05:45:47.042+00:00,2026-09-19T05:47:41.969+00:00,2026-09-19T05:47:41.969+00:00,True,1,1.0,,1.0,114927.67956,114927.67956,114927.67956,114927.67956,114927.67956,114927.67956,nan,114927.67956,nan,nan,0.008701124079320966,49,64,,True,True,,5,56.69694568066818
53,2026-09-19T05:45:47.568+00:00,2026-09-19T05:47:44.906+00:00,2026-09-19T05:47:46.146+00:00,True,13,13.0,,13.0,117337.86852500001,118578.25662100001,118578.25657800001,9121.404352153848,95.448454,117337.86852500001,32515.001118527252,47000.822121200006,103.36567466666668,4.209744693535299,0.10963224093899962,49,64,,True,True,,52,56.69694568066818
54,2026-09-19T05:45:48.054+00:00,2026-09-19T05:47:47.382+00:00,2026-09-19T05:47:50.333+00:00,True,31,31.0,,31.0,119327.603075,122278.700931,122278.700828,3944.4742202580646,45.418563,119327.603075,21414.210779815592,111.99400549999999,98.36992853333334,19.233475470144885,0.25351921278173234,49,64,,True,True,,112,56.69694568066818
55,2026-09-19T05:45:48.503+00:00,2026-09-19T05:47:49.913+00:00,2026-09-19T05:47:52.480+00:00,True,26,26.0,,26.0,121410.128285,123977.847197,123977.847305,4768.3787425,48.647925,121410.128285,23790.34516980515,111.36971,102.70875648,11.966387779988876,0.2097148852624144,49,64,,True,True,,117,56.69694568066818
56,2026-09-19T05:45:48.877+00:00,2026-09-19T05:47:52.176+00:00,2026-09-19T05:47:55.338+00:00,True,33,33.0,,33.0,123298.886806,126461.190294,126461.190383,3832.1572843333333,50.778220999999995,123298.886806,21446.382306270272,109.8719748,98.821984,12.986409205076791,0.26094962354284984,49,64,,True,True,,130,56.69694568066818
57,2026-09-19T05:45:49.416+00:00,2026-09-19T05:47:54.251+00:00,2026-09-19T05:48:00.265+00:00,True,62,62.0,,62.0,124834.803424,130848.986592,130848.98653,2110.4675246774195,44.092375,124834.803424,15841.524010448169,112.05007855,98.59316668852459,17.46177474595436,0.4738286601586155,49,64,,True,True,,238,56.69694568066818
58,2026-09-19T05:45:49.888+00:00,2026-09-19T05:47:56.702+00:00,2026-09-19T05:47:58.701+00:00,True,21,21.0,,21.0,126813.94619,128812.79291,128812.792892,6133.942518666667,48.242107000000004,126813.94619,27651.26793367243,112.289755,99.942336,17.646181458304767,0.16302728576557185,49,64,,True,True,,97,56.69694568066818
59,2026-09-19T05:45:50.524+00:00,2026-09-19T05:48:00.684+00:00,2026-09-19T05:48:03.484+00:00,True,29,29.0,,29.0,130160.108784,132959.914224,132959.91423599998,4584.824628827586,46.59477,130160.108784,24151.561779351636,110.55363919999999,99.99305142857143,15.188190203610764,0.2181108506970241,49,64,,True,True,,124,56.69694568066818
60,2026-09-19T05:45:51.116+00:00,2026-09-19T05:48:03.591+00:00,2026-09-19T05:48:10.154+00:00,True,67,67.0,,67.0,132474.562194,139038.305426,139038.305393,2075.198587955224,44.157786,132474.562194,16172.204415773678,112.9055606,99.45065503030303,18.65142786636257,0.4818815922325754,49,64,,True,True,,311,56.69694568066818
61,2026-09-19T05:45:51.505+00:00,2026-09-19T05:48:05.556+00:00,2026-09-19T05:48:05.769+00:00,True,3,3.0,,3.0,134051.524711,134264.259943,134264.260049,44754.753349666666,102.506658,134051.524711,77333.27257122957,120657.39510790001,106.367616,5.460448269950004,0.022343995351209678,49,64,,True,True,,10,56.69694568066818
62,2026-09-19T05:45:52.262+00:00,2026-09-19T05:48:09.723+00:00,2026-09-19T05:48:17.214+00:00,True,75,75.0,,75.0,137460.60477200002,144951.84598800002,144951.84593,1932.691279066667,47.589597000000005,137460.60477200002,15860.900490453867,111.7107718,101.2329894054054,14.385473101828543,0.5174132104961875,49,64,,True,True,,316,56.69694568066818
63,2026-09-19T05:45:52.300+00:00,2026-09-19T05:48:10.157+00:00,2026-09-19T05:48:15.014+00:00,True,49,49.0,,49.0,137857.25267500003,142714.57081900002,142714.57069900003,2912.542259163266,44.856553,137857.25267500003,19679.441900795387,110.62180779999998,101.194128,14.12728744058677,0.34334265743716536,49,64,,True,True,,155,56.69694568066818
64,2026-09-19T05:45:52.888+00:00,2026-09-19T05:48:12.889+00:00,2026-09-19T05:48:15.221+00:00,True,24,24.0,,24.0,140001.200595,142332.475347,142332.475222,5930.519800916667,53.303545,140001.200595,28556.93757026751,111.6591074,101.35977182608696,11.31195885110707,0.16861928341714782,49,64,,True,True,,92,56.69694568066818
65,2026-09-19T05:45:53.377+00:00,2026-09-19T05:48:15.943+00:00,2026-09-19T05:48:16.682+00:00,True,8,8.0,,8.0,142565.363159,143305.303767,143305.303951,17913.162993875,100.314893,142565.363159,50367.09498476929,92705.78731670002,105.70580114285715,3.635067372496757,0.05582487032725038,49,64,,True,True,,34,56.69694568066818
66,2026-09-19T05:45:53.832+00:00,2026-09-19T05:48:18.612+00:00,2026-09-19T05:48:21.548+00:00,True,30,30.0,,30.0,144779.67447799997,147716.52209399999,147716.522075,4923.8840691666655,43.499018,144779.67447799997,26414.545966252415,112.77123185,101.27060744827587,15.107961498749221,0.20309170277451685,49,64,,True,True,,101,56.69694568066818
67,2026-09-19T05:45:54.285+00:00,2026-09-19T05:48:21.132+00:00,2026-09-19T05:48:26.575+00:00,True,58,58.0,,58.0,146847.231054,152289.605966,152289.606128,2625.682864275862,43.653137,146847.231054,19269.460356703516,110.0473375,95.48026161403509,21.188162406185203,0.3808533066462133,49,64,,True,True,,318,56.69694568066818
68,2026-09-19T05:45:54.931+00:00,2026-09-19T05:48:24.565+00:00,2026-09-19T05:48:25.726+00:00,True,14,14.0,,14.0,149633.905697,150795.07894500002,150795.07894600002,10771.077067571428,47.663638,149633.905697,39967.479658570046,52444.38194685,89.32101907692308,26.706341253559795,0.0928412259733374,49,64,,True,True,,36,56.69694568066818
69,2026-09-19T05:45:55.395+00:00,2026-09-19T05:48:26.990+00:00,2026-09-19T05:48:30.250+00:00,True,34,34.0,,34.0,151594.743035,154854.38847499999,154854.388431,4554.540836205882,45.324783000000004,151594.743035,25981.35070756408,114.05526915,98.77713454545454,19.2296366272532,0.2195611008175531,49,64,,True,True,,120,56.69694568066818
70,2026-09-19T05:45:55.907+00:00,2026-09-19T05:48:29.932+00:00,2026-09-19T05:48:33.088+00:00,True,32,32.0,,32.0,154025.292882,157180.774738,157180.774714,4911.8992098125,44.815294,154025.292882,27210.0921739804,110.61570805,101.78973729032259,14.921650128898724,0.20358723930035247,49,64,,True,True,,150,56.69694568066818
71,2026-09-19T05:45:56.295+00:00,2026-09-19T05:48:32.017+00:00,2026-09-19T05:48:36.913+00:00,True,49,49.0,,49.0,155721.85152599998,160617.90375,160617.903596,3277.916399918367,46.851608999999996,155721.85152599998,22231.413018512365,112.63562320000001,102.001088,16.2463836574313,0.3050718435241688,49,64,,True,True,,197,56.69694568066818
72,2026-09-19T05:45:56.868+00:00,2026-09-19T05:48:34.628+00:00,2026-09-19T05:48:43.779+00:00,True,91,91.0,,91.0,157760.838916,166911.587588,166911.587665,1834.1932710439562,43.370438,157760.838916,16527.179094304327,112.9906795,101.67498524444444,16.355103639254732,0.5451988164214333,49,64,,True,True,,349,56.69694568066818
73,2026-09-19T05:45:57.296+00:00,2026-09-19T05:48:37.126+00:00,2026-09-19T05:48:38.144+00:00,True,12,12.0,,12.0,159829.99935600001,160848.216572,160848.21650100002,13404.018041750001,47.428769,159829.99935600001,46112.23272704327,71985.61480940001,92.56520145454546,27.437509522699308,0.07460449519269911,49,64,,True,True,,32,56.69694568066818
74,2026-09-19T05:45:57.848+00:00,2026-09-19T05:48:40.361+00:00,2026-09-19T05:48:48.549+00:00,True,83,83.0,,83.0,162512.514044,170700.33714800002,170700.33695,2056.630565662651,47.441627999999994,162512.514044,17827.11224071528,110.9200539,99.85150126829268,15.344762385010158,0.4862321972336682,49,64,,True,True,,289,56.69694568066818
75,2026-09-19T05:45:58.306+00:00,2026-09-19T05:48:42.587+00:00,2026-09-19T05:48:43.108+00:00,True,6,6.0,,6.0,164281.073542,164801.508998,164801.509047,27466.9181745,99.663176,164281.073542,67024.9741644063,123238.42448650001,104.0870912,4.415664669563938,0.036407433624123034,49,64,,True,True,,19,56.69694568066818
76,2026-09-19T05:45:58.682+00:00,2026-09-19T05:48:44.657+00:00,2026-09-19T05:48:51.160+00:00,True,67,67.0,,67.0,165974.34644999998,172477.87284999999,172477.87295,2574.2966111940295,44.002516,165974.34644999998,20264.96279669066,111.351857,98.53827878787878,17.54555441987285,0.38845562559939706,49,64,,True,True,,235,56.69694568066818
77,2026-09-19T05:45:59.266+00:00,2026-09-19T05:48:48.236+00:00,2026-09-19T05:48:55.302+00:00,True,70,70.0,,70.0,168970.048429,176035.671469,176035.67151699998,2514.7953073857143,50.826209999999996,168970.048429,20183.547685547044,110.723238,102.40033391304348,11.566589887450403,0.39764667817526433,49,64,,True,True,,404,56.69694568066818
78,2026-09-19T05:45:59.772+00:00,2026-09-19T05:48:50.740+00:00,2026-09-19T05:48:51.473+00:00,True,8,8.0,,8.0,170968.425376,171701.031072,171701.031092,21462.6288865,96.53931299999999,170968.425376,60409.46445316156,111168.51467784999,104.65795657142857,4.651346071796094,0.04659261479126081,49,64,,True,True,,29,56.69694568066818
79,2026-09-19T05:46:00.212+00:00,2026-09-19T05:48:53.160+00:00,2026-09-19T05:48:54.566+00:00,True,15,15.0,,15.0,172947.628,174353.600992,174353.600913,11623.5733942,52.157667000000004,172947.628,44628.957610158745,51961.726824000005,100.42664228571428,14.282848276294795,0.08603206308706098,49,64,,True,True,,85,56.69694568066818
80,2026-09-19T05:46:00.613+00:00,2026-09-19T05:48:54.983+00:00,2026-09-19T05:48:59.709+00:00,True,49,49.0,,49.0,174370.261013,179096.165909,179096.165875,3655.023793367347,47.120898999999994,174370.261013,24895.978855261503,112.11123579999999,98.456352,18.541641899482475,0.27359603010651407,49,64,,True,True,,248,56.69694568066818
81,2026-09-19T05:46:01.239+00:00,2026-09-19T05:48:58.260+00:00,2026-09-19T05:49:04.205+00:00,True,61,61.0,,61.0,177021.317851,182965.922779,182965.922767,2999.4413568360656,45.430283,177021.317851,22652.578116081524,111.934866,99.07674879999999,17.137592159386966,0.3333954163348789,49,64,,True,True,,263,56.69694568066818
82,2026-09-19T05:46:01.744+00:00,2026-09-19T05:49:00.995+00:00,2026-09-19T05:49:05.115+00:00,True,42,42.0,,42.0,179251.429234,183371.248754,183371.248752,4365.982113142857,50.875690000000006,179251.429234,27643.595864354236,112.95910265,100.48340292682926,16.447648781606762,0.22904354027901458,49,64,,True,True,,155,56.69694568066818
83,2026-09-19T05:46:02.143+00:00,2026-09-19T05:49:03.460+00:00,2026-09-19T05:49:11.427+00:00,True,80,80.0,,80.0,181317.415115,189284.636363,189284.63633,2366.057954125,47.249489000000004,181317.415115,20260.63630108719,113.65040144999999,100.85090187341773,18.6659767970961,0.4226439162583711,49,64,,True,True,,309,56.69694568066818
84,2026-09-19T05:46:02.646+00:00,2026-09-19T05:49:06.644+00:00,2026-09-19T05:49:07.022+00:00,True,5,5.0,,5.0,183997.997696,184375.915392,184375.915267,36875.183053400004,51.227489,183997.997696,82244.15749202616,147220.9875358,94.479424,29.045116678650405,0.027118509428791415,49,64,,True,True,,12,56.69694568066818
85,2026-09-19T05:46:03.281+00:00,2026-09-19T05:49:09.657+00:00,2026-09-19T05:49:12.453+00:00,True,29,29.0,,29.0,186375.947276,189172.637708,189172.637796,6523.19440675862,48.538154999999996,186375.947276,34590.60120658731,112.3025418,99.88180114285714,17.429827576693953,0.1532991258744478,49,64,,True,True,,89,56.69694568066818
86,2026-09-19T05:46:03.810+00:00,2026-09-19T05:49:12.558+00:00,2026-09-19T05:49:22.158+00:00,True,97,97.0,,97.0,188747.98315400002,198347.603506,198347.60344,2044.8206540206188,48.316676,188747.98315400002,19154.30886705503,114.6287308,99.99604533333333,17.421164770525426,0.4890404435719121,49,64,,True,True,,481,56.69694568066818
87,2026-09-19T05:46:04.450+00:00,2026-09-19T05:49:16.111+00:00,2026-09-19T05:49:21.018+00:00,True,51,51.0,,51.0,191660.10421700001,196567.887897,196567.88803200002,3854.2723143529415,48.499886,191660.10421700001,26824.045258828082,114.92161449999999,98.1556736,19.741102467059317,0.25945234771369974,49,64,,True,True,,225,56.69694568066818
88,2026-09-19T05:46:04.808+00:00,2026-09-19T05:49:18.136+00:00,2026-09-19T05:49:24.374+00:00,True,64,64.0,,64.0,193327.44331600002,199566.12824400002,199566.12825900002,3118.2207540468753,47.645788,193327.44331600002,24153.558235057728,110.5877953,99.0267448888889,17.394047529198037,0.3206957040412702,49,64,,True,True,,221,56.69694568066818
89,2026-09-19T05:46:05.445+00:00,2026-09-19T05:49:21.639+00:00,2026-09-19T05:49:22.364+00:00,True,8,8.0,,8.0,196193.677429,196918.561141,196918.561003,24614.820125375,98.10903,196193.677429,69328.32786093613,127564.0757604,103.554816,4.797687405644793,0.04062593162191421,49,64,,True,True,,24,56.69694568066818
90,2026-09-19T05:46:06.097+00:00,2026-09-19T05:49:25.232+00:00,2026-09-19T05:49:27.207+00:00,True,20,20.0,,20.0,199135.00983300002,201109.524521,201109.52459800002,10055.476229900001,46.732971,199135.00983300002,44504.706492424746,10067.301759850001,103.92182568421052,14.543755222752695,0.09944829837192312,49,64,,True,True,,76,56.69694568066818
91,2026-09-19T05:46:06.532+00:00,2026-09-19T05:49:27.627+00:00,2026-09-19T05:49:37.647+00:00,True,98,98.0,,98.0,201095.224132,211115.456836,211115.45703700001,2154.2393575204082,45.396814,201095.224132,20303.256546156004,114.22184365,103.30136808247423,16.109281540865833,0.46420097073294336,49,64,,True,True,,405,56.69694568066818
92,2026-09-19T05:46:07.362+00:00,2026-09-19T05:49:30.809+00:00,2026-09-19T05:49:38.163+00:00,True,72,72.0,,72.0,203447.119689,210801.023561,210801.02354700002,2927.7919937083334,48.693056,203447.119689,23964.271142408074,114.13013755,103.57611087323944,15.136996913486255,0.34155431877760867,49,64,,True,True,,331,56.69694568066818
93,2026-09-19T05:46:07.645+00:00,2026-09-19T05:49:34.062+00:00,2026-09-19T05:49:39.184+00:00,True,51,51.0,,51.0,206417.27136500002,211539.639365,211539.63941300003,4147.836066921569,48.305207,206417.27136500002,28889.85747619795,114.56972100000002,102.44736,14.501805060987317,0.24108956672655713,49,64,,True,True,,248,56.69694568066818
94,2026-09-19T05:46:08.115+00:00,2026-09-19T05:49:37.028+00:00,2026-09-19T05:49:41.253+00:00,True,45,45.0,,45.0,208912.842353,213138.512497,213138.51241899998,4736.411387088889,43.74607,208912.842353,31128.57725758621,112.0253042,96.03795781818181,19.48412387848906,0.2111303089845548,49,64,,True,True,,221,56.69694568066818
95,2026-09-19T05:46:08.707+00:00,2026-09-19T05:49:40.212+00:00,2026-09-19T05:49:45.000+00:00,True,51,51.0,,51.0,211504.166208,216292.504384,216292.504442,4241.029498862746,46.842943,211504.166208,29603.104474748456,110.906695,95.76676352,21.059619042731892,0.235791804922911,49,64,,True,True,,229,56.69694568066818
96,2026-09-19T05:46:09.124+00:00,2026-09-19T05:49:42.571+00:00,2026-09-19T05:49:51.512+00:00,True,94,94.0,,94.0,213446.593877,222387.84546100002,222387.84544900001,2365.8281430744682,43.744979,213446.593877,22005.428627079382,112.41394315000001,96.14249015053764,20.860380960127475,0.4226849709575729,49,64,,True,True,,511,56.69694568066818
97,2026-09-19T05:46:09.744+00:00,2026-09-19T05:49:45.675+00:00,2026-09-19T05:49:50.541+00:00,True,52,52.0,,52.0,215931.59643099998,220796.895887,220796.89577899998,4246.094149596153,45.402425,215931.59643099998,29931.10278341677,110.7733149,95.3980285490196,21.23000954461535,0.2355105572979282,49,64,,True,True,,212,56.69694568066818
98,2026-09-19T05:46:10.192+00:00,2026-09-19T05:49:47.753+00:00,2026-09-19T05:49:48.318+00:00,True,7,7.0,,7.0,217561.77339,218126.42747,218126.427669,31160.91823842857,51.475112,217561.77339,82195.05350526194,152326.37434019998,94.10901333333332,21.55442657890989,0.032091480528936574,49,64,,True,True,,19,56.69694568066818
99,2026-09-19T05:46:10.768+00:00,2026-09-19T05:49:50.541+00:00,2026-09-19T05:49:50.747+00:00,True,3,3.0,,3.0,219773.11740400002,219978.886364,219978.88622000001,73326.29540666667,96.251778,219773.11740400002,126826.66832662112,197806.75736740002,102.88448,9.379878932670293,0.013637672458418973,49,64,,True,True,,7,56.69694568066818
100,2026-09-19T05:46:11.143+00:00,2026-09-19T05:49:52.632+00:00,2026-09-19T05:49:58.496+00:00,True,60,60.0,,60.0,221489.066833,227352.801361,227352.80138299998,3789.213356383333,45.725585,221489.066833,28581.290343944256,113.10060645,99.38533098305085,17.65650472631751,0.26390701869879124,49,64,,True,True,,106,56.69694568066818
101,2026-09-19T05:46:11.527+00:00,2026-09-19T05:49:55.123+00:00,2026-09-19T05:50:03.902+00:00,True,89,89.0,,89.0,223595.278125,232375.21924500001,232375.21930000003,2610.9575202247192,45.140665999999996,223595.278125,23690.48335144898,112.84792239999999,99.77205818181818,18.43259982315108,0.38300125241050204,49,64,,True,True,,314,56.69694568066818
102,2026-09-19T05:46:11.893+00:00,2026-09-19T05:49:56.817+00:00,2026-09-19T05:50:04.109+00:00,True,75,75.0,,75.0,224924.231315,232216.37851500002,232216.378306,3096.2183774133337,41.689605,224924.231315,25960.64180226732,114.0125291,98.54252972972972,19.753591791195674,0.3229746346042313,49,64,,True,True,,364,56.69694568066818
103,2026-09-19T05:46:12.314+00:00,2026-09-19T05:49:59.339+00:00,2026-09-19T05:50:04.011+00:00,True,48,48.0,,48.0,227025.29282899998,231697.414941,231697.415001,4827.029479187499,48.381108999999995,227025.29282899998,32753.935401513187,113.16337685,99.40685344680851,18.408952877084495,0.20716674811509156,49,64,,True,True,,210,56.69694568066818
104,2026-09-19T05:46:12.753+00:00,2026-09-19T05:50:02.064+00:00,2026-09-19T05:50:04.010+00:00,True,21,21.0,,21.0,229310.894978,231256.39820999998,231256.398278,11012.209441809524,45.902105000000006,229310.894978,50018.516639324385,112.92112900000001,97.27516159999999,20.804613614570393,0.09080829833270282,49,64,,True,True,,64,56.69694568066818
105,2026-09-19T05:46:13.276+00:00,2026-09-19T05:50:04.528+00:00,2026-09-19T05:50:13.329+00:00,True,92,92.0,,92.0,231251.76243399997,240052.60262599998,240052.6027,2609.2674206521738,42.852782,231251.76243399997,24099.587832155696,113.81221450000001,96.71252958241757,19.669494117072,0.3832493336609862,49,64,,True,True,,358,56.69694568066818
106,2026-09-19T05:46:13.654+00:00,2026-09-19T05:50:06.885+00:00,2026-09-19T05:50:09.045+00:00,True,24,24.0,,24.0,233230.321899,235390.751211,235390.751103,9807.947962625,46.746941,233230.321899,47588.77122884745,129.37805949999998,93.9317092173913,21.98598388768178,0.10195812654715068,49,64,,True,True,,73,56.69694568066818
107,2026-09-19T05:46:14.130+00:00,2026-09-19T05:50:09.952+00:00,2026-09-19T05:50:11.293+00:00,True,15,15.0,,15.0,235821.94072299998,237162.55742699996,237162.55727599998,15810.837151733333,49.203396999999995,235821.94072299998,60864.241220515825,70821.53979399998,95.758336,18.60707781103299,0.06324775783638228,49,64,,True,True,,39,56.69694568066818
108,2026-09-19T05:46:14.704+00:00,2026-09-19T05:50:12.785+00:00,2026-09-19T05:50:19.317+00:00,True,67,67.0,,67.0,238081.072258,244613.350274,244613.350337,3650.9455274179104,45.077146,238081.072258,29074.148589938697,114.2637686,98.97390933333332,21.553459872248787,0.2739016489694898,49,64,,True,True,,303,56.69694568066818
109,2026-09-19T05:46:15.184+00:00,2026-09-19T05:50:15.330+00:00,2026-09-19T05:50:18.247+00:00,True,31,31.0,,31.0,240146.05518599998,243063.400466,243063.400439,7840.754852870968,46.141323,240146.05518599998,43114.04441882654,115.56179850000001,97.24484266666667,21.81651963660948,0.12753874067657636,49,64,,True,True,,99,56.69694568066818
110,2026-09-19T05:46:15.728+00:00,2026-09-19T05:50:19.315+00:00,2026-09-19T05:50:26.600+00:00,True,76,76.0,,76.0,243587.551847,250872.619623,250872.619544,3300.9555203157893,45.044006,243587.551847,27930.271406239553,110.31131549999998,97.13423701333333,16.796084812553218,0.3029425854212761,49,64,,True,True,,339,56.69694568066818
111,2026-09-19T05:46:16.127+00:00,2026-09-19T05:50:20.816+00:00,2026-09-19T05:50:21.025+00:00,True,3,3.0,,3.0,244688.92525099998,244898.21779499998,244898.21774899997,81632.73924966666,101.861556,244688.92525099998,141210.79934881246,220230.77582009998,104.646272,3.9380756543266155,0.0122499870640596,49,64,,True,True,,5,56.69694568066818
112,2026-09-19T05:46:16.543+00:00,2026-09-19T05:50:22.595+00:00,2026-09-19T05:50:30.617+00:00,True,83,83.0,,83.0,246051.675126,254073.40031,254073.400455,3061.1253066867466,46.262303,246051.675126,26996.947871875804,109.79402710000001,97.82591687804877,17.530037867496468,0.3266772511358137,49,64,,True,True,,324,56.69694568066818
113,2026-09-19T05:46:16.935+00:00,2026-09-19T05:50:24.545+00:00,2026-09-19T05:50:31.552+00:00,True,72,72.0,,72.0,247609.902959,254616.228975,254616.229076,3536.3365149444444,47.589491,247609.902959,29169.48193447019,110.55730055,98.68064811267605,16.5853191141722,0.2827785184387027,49,64,,True,True,,250,56.69694568066818
114,2026-09-19T05:46:17.358+00:00,2026-09-19T05:50:27.166+00:00,2026-09-19T05:50:31.758+00:00,True,45,45.0,,45.0,249807.144722,254399.348242,254399.348207,5653.3188490444445,93.068405,249807.144722,37223.49242304621,111.9038584,104.36826181818181,4.511917255375989,0.17688724562766286,49,64,,True,True,,91,56.69694568066818
115,2026-09-19T05:46:17.879+00:00,2026-09-19T05:50:29.991+00:00,2026-09-19T05:50:32.071+00:00,True,21,21.0,,21.0,252112.347697,254191.987249,254191.98702899998,12104.380334714286,95.79872900000001,252112.347697,54992.73400778545,109.955677,103.9819776,3.6690342440625177,0.08261472057901233,49,64,,True,True,,101,56.69694568066818
116,2026-09-19T05:46:18.399+00:00,2026-09-19T05:50:32.281+00:00,2026-09-19T05:50:32.784+00:00,True,6,6.0,,6.0,253881.942836,254385.157684,254385.15749800002,42397.52624966667,91.673659,253881.942836,103605.78204774363,190438.8401965,100.6429696,7.3822849402529025,0.02358628174153645,49,64,,True,True,,18,56.69694568066818
117,2026-09-19T05:46:18.820+00:00,2026-09-19T05:50:34.693+00:00,2026-09-19T05:50:40.875+00:00,True,62,62.0,,62.0,255873.61341100003,262055.72797100001,262055.72784700003,4226.705287854839,48.117019,255873.61341100003,32483.115078879877,112.31993,101.34614032786885,17.52905389648282,0.23659089797442295,49,64,,True,True,,295,56.69694568066818
118,2026-09-19T05:46:19.214+00:00,2026-09-19T05:50:36.850+00:00,2026-09-19T05:50:39.646+00:00,True,29,29.0,,29.0,257635.54465599998,260431.9348,260431.93472699999,8980.411542310345,46.294313,257635.54465599998,47823.178245786505,114.6414582,99.87107657142857,20.525259924080864,0.11135347138695068,49,64,,True,True,,92,56.69694568066818
119,2026-09-19T05:46:19.769+00:00,2026-09-19T05:50:40.077+00:00,2026-09-19T05:50:41.027+00:00,True,11,11.0,,11.0,260307.577438,261257.447262,261257.447201,23750.677018272727,49.834865,260307.577438,78457.05116299003,130209.59476049998,94.9869824,23.38596817733553,0.04210406292827601,49,64,,True,True,,47,56.69694568066818
120,2026-09-19T05:46:20.375+00:00,2026-09-19T05:50:43.259+00:00,2026-09-19T05:50:52.766+00:00,True,100,100.0,,100.0,262884.411592,272391.195592,272391.195719,2723.91195719,44.722087,262884.411592,26278.845332009772,111.07327740000001,96.02812121212122,19.25785087542682,0.3671190611820824,49,64,,True,True,,427,56.69694568066818
121,2026-09-19T05:46:20.980+00:00,2026-09-19T05:50:46.412+00:00,2026-09-19T05:50:50.107+00:00,True,41,41.0,,41.0,265431.67962999997,269127.00455799996,269127.00463,6564.073283658536,44.843877,265431.67962999997,41439.042233957305,111.19974499999998,92.3831232,22.81184753964545,0.1523444296024334,49,64,,True,True,,174,56.69694568066818
122,2026-09-19T05:46:21.622+00:00,2026-09-19T05:50:50.001+00:00,2026-09-19T05:50:53.217+00:00,True,35,35.0,,35.0,268379.247279,271595.498159,271595.497988,7759.871371085715,47.70239,268379.247279,45348.38700766041,112.7608497,94.59561411764705,19.430344650871685,0.12886811540414403,49,64,,True,True,,127,56.69694568066818
123,2026-09-19T05:46:22.738+00:00,2026-09-19T05:50:51.952+00:00,2026-09-19T05:50:54.349+00:00,True,26,26.0,,26.0,269214.038721,271610.487233,271610.487252,10446.557202,44.656678,269214.038721,52778.420717063826,109.46531599999999,95.85794048000001,18.778675599484867,0.09572531703349142,49,64,,True,True,,113,56.69694568066818
124,2026-09-19T05:46:22.794+00:00,2026-09-19T05:50:55.127+00:00,2026-09-19T05:50:55.230+00:00,True,2,2.0,,2.0,272332.635737,272435.541337,272435.541331,136217.7706655,102.905594,272332.635737,192495.48822469916,258721.14922984998,102.9056,nan,0.007341186066196923,49,64,,True,True,,10,56.69694568066818
125,2026-09-19T05:46:23.090+00:00,2026-09-19T05:50:58.020+00:00,2026-09-19T05:51:04.044+00:00,True,61,61.0,,61.0,274929.865427,280954.336211,280954.33619299997,4605.80879004918,46.565763,274929.865427,35188.30972629718,111.755864,100.40784640000001,15.745334763318846,0.21711713306388794,49,64,,True,True,,283,56.69694568066818
126,2026-09-19T05:46:23.665+00:00,2026-09-19T05:51:01.029+00:00,2026-09-19T05:51:08.286+00:00,True,75,75.0,,75.0,277363.369783,284620.088375,284620.08821099997,3794.9345094799996,45.359086000000005,277363.369783,32015.84570653713,112.22553540000001,98.06376475675675,19.557742796308517,0.263509158570649,49,64,,True,True,,327,56.69694568066818
127,2026-09-19T05:46:24.312+00:00,2026-09-19T05:51:04.369+00:00,2026-09-19T05:51:11.404+00:00,True,74,74.0,,74.0,280057.53560299997,287092.55307499995,287092.55311999994,3879.6290962162157,43.826288999999996,280057.53560299997,32544.830522182092,110.81755414999999,96.37010235616438,20.0521646258465,0.25775659872538825,49,64,,True,True,,333,56.69694568066818
128,2026-09-19T05:46:24.704+00:00,2026-09-19T05:51:06.532+00:00,2026-09-19T05:51:13.444+00:00,True,73,73.0,,73.0,281828.032873,288740.308841,288740.308732,3955.346694958904,45.670985,281828.032873,32974.24621110951,110.46478660000001,96.0038328888889,20.575362936236544,0.25282233815230404,49,64,,True,True,,273,56.69694568066818
129,2026-09-19T05:46:25.115+00:00,2026-09-19T05:51:08.910+00:00,2026-09-19T05:51:11.302+00:00,True,25,25.0,,25.0,283794.439406,286186.056942,286186.056888,11447.442275520001,46.891593,283794.439406,56738.959928597855,111.99969519999999,99.65073066666668,16.11480338292518,0.08735575823341608,49,64,,True,True,,115,56.69694568066818
130,2026-09-19T05:46:25.493+00:00,2026-09-19T05:51:10.780+00:00,2026-09-19T05:51:14.538+00:00,True,39,39.0,,39.0,285287.643222,289045.666646,289045.66677799996,7411.427353282051,45.309776,285287.643222,45666.75083442173,110.42913639999999,98.89535326315789,17.196964054791813,0.1349267762860603,49,64,,True,True,,152,56.69694568066818
131,2026-09-19T05:46:25.918+00:00,2026-09-19T05:51:12.972+00:00,2026-09-19T05:51:17.997+00:00,True,52,52.0,,52.0,287054.453737,292079.079657,292079.079676,5616.905378384616,48.110579,287054.453737,39793.63206373389,112.8132103,98.5220768627451,18.38515328276393,0.17803397648700361,49,64,,True,True,,216,56.69694568066818
132,2026-09-19T05:46:26.418+00:00,2026-09-19T05:51:15.937+00:00,2026-09-19T05:51:22.526+00:00,True,67,67.0,,67.0,289518.963347,296107.907987,296107.907927,4419.521013835821,44.413718,289518.963347,35358.178638601596,111.53157230000001,99.83249454545455,17.44061148985867,0.22626886412956418,49,64,,True,True,,229,56.69694568066818
133,2026-09-19T05:46:26.864+00:00,2026-09-19T05:51:18.313+00:00,2026-09-19T05:51:26.295+00:00,True,80,80.0,,80.0,291449.02154000005,299431.27254800004,299431.27234300005,3742.8909042875007,45.504076,291449.02154000005,32573.69956478846,114.58642245000001,101.041152,18.347390414980666,0.26717316237293043,49,64,,True,True,,292,56.69694568066818
134,2026-09-19T05:46:27.292+00:00,2026-09-19T05:51:19.881+00:00,2026-09-19T05:51:20.189+00:00,True,4,4.0,,4.0,292589.435695,292897.575727,292897.57572799997,73224.39393199999,95.107902,292589.435695,146243.36127713765,248717.1676252,102.713344,6.683197910997998,0.013656651100889499,49,64,,True,True,,24,56.69694568066818
135,2026-09-19T05:46:27.667+00:00,2026-09-19T05:51:22.521+00:00,2026-09-19T05:51:27.780+00:00,False,54,53.0,,53.0,294853.71805900004,300112.826155,300112.82618100004,5557.644929277779,0.019960000000000002,294853.71805900004,40111.01183286724,115.999159,99.22845464150943,22.76291883439668,0.17660024957622758,49,64,,True,False,Request timeout: 300.0s exceeded,207,56.69694568066818
136,2026-09-19T05:46:28.293+00:00,2026-09-19T05:51:26.511+00:00,2026-09-19T05:51:28.407+00:00,False,21,20.0,,20.0,298217.57913200004,300113.542268,300113.54223200004,14291.12105866667,0.02489,298217.57913200004,65055.72998593494,111.678143,94.7981568,27.915567114621066,0.06664144459745869,49,64,,True,False,Request timeout: 300.0s exceeded,91,56.69694568066818
137,2026-09-19T05:46:28.893+00:00,2026-09-19T05:51:28.954+00:00,2026-09-19T05:51:29.603+00:00,False,8,7.0,,7.0,300061.126634,300710.031338,300710.031244,37588.7539055,0.037340000000000005,300061.126634,106054.86085628832,195079.2847376,92.700672,40.96608395696244,0.02327823906922465,49,64,,True,False,Request timeout: 300.0s exceeded,20,56.69694568066818
138,2026-09-19T05:46:29.471+00:00,2026-09-19T05:51:29.643+00:00,2026-09-19T05:51:29.643+00:00,False,1,0.0,,0.0,300171.597139,300171.597139,300171.597139,300171.597139,300171.597139,300171.597139,nan,300171.597139,nan,nan,0.0,49,64,,True,False,"HTTPConnectionPool(host='gpu03', port=9002): Read timed out.",0,56.69694568066818
139,2026-09-19T05:46:29.900+00:00,2026-09-19T05:51:29.915+00:00,2026-09-19T05:51:29.915+00:00,False,1,0.0,,0.0,300015.494379,300015.494379,300015.494379,300015.494379,300015.494379,300015.494379,nan,300015.494379,nan,nan,0.0,49,64,,True,False,"HTTPConnectionPool(host='gpu03', port=9002): Read timed out.",0,56.69694568066818
140,2026-09-19T05:46:30.519+00:00,2026-09-19T05:51:30.627+00:00,2026-09-19T05:51:30.627+00:00,False,1,0.0,,0.0,300107.742889,300107.742889,300107.742889,300107.742889,300107.742889,300107.742889,nan,300107.742889,nan,nan,0.0,49,64,,True,False,"HTTPConnectionPool(host='gpu03', port=9002): Read timed out.",0,56.69694568066818
141,2026-09-19T05:46:30.962+00:00,2026-09-19T05:51:30.987+00:00,2026-09-19T05:51:30.987+00:00,False,1,0.0,,0.0,300024.490843,300024.490843,300024.490843,300024.490843,300024.490843,300024.490843,nan,300024.490843,nan,nan,0.0,49,64,,True,False,TTFT timeout: 300.0s exceeded (TTFT: 300.004s),0,56.69694568066818
142,2026-09-19T05:46:31.373+00:00,2026-09-19T05:51:31.095+00:00,2026-09-19T05:51:31.410+00:00,False,6,5.0,,5.0,299722.234109,300037.331709,300037.331705,50006.22195083334,0.019829999999999997,299722.234109,122335.36908736546,224819.86411675002,63.01952,46.30040329242725,0.016664592940885757,49,64,,True,False,Request timeout: 300.0s exceeded,23,56.69694568066818
143,2026-09-19T05:46:31.869+00:00,2026-09-19T05:51:31.955+00:00,2026-09-19T05:51:31.955+00:00,False,1,0.0,,0.0,300086.835046,300086.835046,300086.835046,300086.835046,300086.835046,300086.835046,nan,300086.835046,nan,nan,0.0,49,64,,True,False,"HTTPConnectionPool(host='gpu03', port=9002): Read timed out.",0,56.69694568066818
144,2026-09-19T05:46:32.354+00:00,2026-09-19T05:51:32.412+00:00,2026-09-19T05:51:32.412+00:00,False,1,0.0,,0.0,300058.284287,300058.284287,300058.284287,300058.284287,300058.284287,300058.284287,nan,300058.284287,nan,nan,0.0,49,64,,True,False,TTFT timeout: 300.0s exceeded (TTFT: 300.050s),0,56.69694568066818
145,2026-09-19T05:46:32.835+00:00,2026-09-19T05:51:32.779+00:00,2026-09-19T05:51:32.913+00:00,False,3,2.0,,2.0,299943.337566,300077.325662,300077.325528,100025.775176,0.028489999999999998,299943.337566,173133.70064301937,269962.3997566,66.994048,94.70334294861377,0.006664948761416092,49,64,,True,False,Request timeout: 300.0s exceeded,4,56.69694568066818
146,2026-09-19T05:46:33.383+00:00,2026-09-19T05:51:33.412+00:00,2026-09-19T05:51:33.412+00:00,False,1,0.0,,0.0,300029.056057,300029.056057,300029.056057,300029.056057,300029.056057,300029.056057,nan,300029.056057,nan,nan,0.0,49,64,,True,False,"HTTPConnectionPool(host='gpu03', port=9002): Read timed out.",0,56.69694568066818
147,2026-09-19T05:46:33.902+00:00,2026-09-19T05:51:33.932+00:00,2026-09-19T05:51:33.932+00:00,False,1,0.0,,0.0,300030.02369999996,300030.02369999996,300030.02369999996,300030.02369999996,300030.02369999996,300030.02369999996,nan,300030.02369999996,nan,nan,0.0,49,64,,True,False,"HTTPConnectionPool(host='gpu03', port=9002): Read timed out.",0,56.69694568066818
148,2026-09-19T05:46:34.266+00:00,2026-09-19T05:51:34.277+00:00,2026-09-19T05:51:34.277+00:00,False,1,0.0,,0.0,300010.845562,300010.845562,300010.845562,300010.845562,300010.845562,300010.845562,nan,300010.845562,nan,nan,0.0,49,64,,True,False,TTFT timeout: 300.0s exceeded (TTFT: 300.002s),0,56.69694568066818
149,2026-09-19T05:46:34.830+00:00,2026-09-19T05:51:34.549+00:00,2026-09-19T05:51:34.853+00:00,False,5,4.0,,4.0,299719.05458099995,300022.76555699995,300022.7656529999,60004.55313059999,0.038880000000000005,299719.05458099995,134004.48740665358,239796.50617599997,75.927744,51.06678563846639,0.013332321607575004,49,64,,True,False,Request timeout: 300.0s exceeded,14,56.69694568066818
150,2026-09-19T05:46:35.378+00:00,2026-09-19T05:51:35.428+00:00,2026-09-19T05:51:35.428+00:00,False,1,0.0,,0.0,300049.92299800005,300049.92299800005,300049.92299800005,300049.92299800005,300049.92299800005,300049.92299800005,nan,300049.92299800005,nan,nan,0.0,49,64,,True,False,"HTTPConnectionPool(host='gpu03', port=9002): Read timed out.",0,56.69694568066818
151,2026-09-19T05:46:35.918+00:00,2026-09-19T05:51:35.892+00:00,2026-09-19T05:51:36.024+00:00,False,3,2.0,,2.0,299973.90663,300105.851078,300105.851187,100035.28372899999,0.022109999999999998,299973.90663,173151.9391895047,269989.70821169997,65.972224,93.2676785949266,0.006664315250155464,49,64,,True,False,Request timeout: 300.0s exceeded,4,56.69694568066818
152,2026-09-19T05:46:36.456+00:00,2026-09-19T05:51:36.349+00:00,2026-09-19T05:51:36.555+00:00,False,4,3.0,,3.0,299893.48035100003,300098.84764700005,300098.84757000004,75024.71189250001,0.02714,299893.48035100003,149912.52011834807,254925.06011965004,68.45576533333333,59.27612931563859,0.009996706163726549,49,64,,True,False,Request timeout: 300.0s exceeded,10,56.69694568066818
153,2026-09-19T05:46:37.022+00:00,2026-09-19T05:51:37.050+00:00,2026-09-19T05:51:37.050+00:00,False,1,0.0,,0.0,300027.856792,300027.856792,300027.856792,300027.856792,300027.856792,300027.856792,nan,300027.856792,nan,nan,0.0,49,64,,True,False,TTFT timeout: 300.0s exceeded (TTFT: 300.010s),0,56.69694568066818
154,2026-09-19T05:46:37.711+00:00,2026-09-19T05:51:37.332+00:00,2026-09-19T05:51:37.898+00:00,False,7,6.0,,6.0,299620.92007,300186.983174,300186.983281,42883.85475442857,0.02355,299620.92007,113210.41253745939,209772.3755419,94.34385066666667,46.65492086504283,0.01998754221971766,49,64,,True,False,Request timeout: 300.0s exceeded,24,56.69694568066818
155,2026-09-19T05:46:38.221+00:00,2026-09-19T05:51:38.329+00:00,2026-09-19T05:51:38.329+00:00,False,1,0.0,,0.0,300108.08238800004,300108.08238800004,300108.08238800004,300108.08238800004,300108.08238800004,300108.08238800004,nan,300108.08238800004,nan,nan,0.0,49,64,,True,False,"HTTPConnectionPool(host='gpu03', port=9002): Read timed out.",0,56.69694568066818
156,2026-09-19T05:46:38.846+00:00,2026-09-19T05:51:39.172+00:00,2026-09-19T05:51:39.526+00:00,False,6,5.0,,5.0,300325.88698,300679.773956,300679.774068,50113.295678,0.020579999999999998,300325.88698,122578.65109757918,225291.28180749997,70.7773952,69.83773055060975,0.01662898682613642,49,64,,True,False,Request timeout: 300.0s exceeded,16,56.69694568066818
157,2026-09-19T05:46:39.213+00:00,2026-09-19T05:51:39.359+00:00,2026-09-19T05:51:39.577+00:00,False,6,5.0,,5.0,300145.43292299996,300363.99036299996,300363.99036199995,50060.665060333326,0.037770000000000005,300145.43292299996,122516.0168085478,225125.35324749994,43.711488,25.16365755844186,0.01664646948509817,49,64,,True,False,Request timeout: 300.0s exceeded,20,56.69694568066818
158,2026-09-19T05:46:39.596+00:00,2026-09-19T05:51:39.635+00:00,2026-09-19T05:51:39.635+00:00,False,1,0.0,,0.0,300038.533768,300038.533768,300038.533768,300038.533768,300038.533768,300038.533768,nan,300038.533768,nan,nan,0.0,49,64,,True,False,"HTTPConnectionPool(host='gpu03', port=9002): Read timed out.",0,56.69694568066818
159,2026-09-19T05:46:40.058+00:00,2026-09-19T05:51:40.073+00:00,2026-09-19T05:51:40.073+00:00,False,1,0.0,,0.0,300015.40553399996,300015.40553399996,300015.40553399996,300015.40553399996,300015.40553399996,300015.40553399996,nan,300015.40553399996,nan,nan,0.0,49,64,,True,False,"HTTPConnectionPool(host='gpu03', port=9002): Read timed out.",0,56.69694568066818
160,2026-09-19T05:46:40.580+00:00,2026-09-19T05:51:40.686+00:00,2026-09-19T05:51:40.686+00:00,False,1,0.0,,0.0,300105.745753,300105.745753,300105.745753,300105.745753,300105.745753,300105.745753,nan,300105.745753,nan,nan,0.0,49,64,,True,False,"HTTPConnectionPool(host='gpu03', port=9002): Read timed out.",0,56.69694568066818
161,2026-09-19T05:46:40.992+00:00,2026-09-19T05:51:40.952+00:00,2026-09-19T05:51:41.079+00:00,False,3,2.0,,2.0,299959.815939,300087.392515,300087.392716,100029.13090533332,0.05622,299959.815939,173145.06396462105,269976.58640080004,63.788288,90.13097554100007,0.0066647251763501825,49,64,,True,False,Request timeout: 300.0s exceeded,10,56.69694568066818
162,2026-09-19T05:46:41.448+00:00,2026-09-19T05:51:41.084+00:00,2026-09-19T05:51:41.518+00:00,False,7,6.0,,6.0,299635.59695700003,300070.510749,300070.510689,42867.21581271429,0.091199,299635.59695700003,113224.21960123848,209776.0244565,72.485632,40.68858074563698,0.019995300387977213,49,64,,True,False,Request timeout: 300.0s exceeded,24,56.69694568066818
163,2026-09-19T05:46:41.852+00:00,2026-09-19T05:51:41.954+00:00,2026-09-19T05:51:41.954+00:00,False,1,0.0,,0.0,300102.71371499996,300102.71371499996,300102.71371499996,300102.71371499996,300102.71371499996,300102.71371499996,nan,300102.71371499996,nan,nan,0.0,49,64,,True,False,"HTTPConnectionPool(host='gpu03', port=9002): Read timed out.",0,56.69694568066818
164,2026-09-19T05:46:42.498+00:00,2026-09-19T05:51:42.537+00:00,2026-09-19T05:51:42.537+00:00,False,1,0.0,,0.0,300038.648554,300038.648554,300038.648554,300038.648554,300038.648554,300038.648554,nan,300038.648554,nan,nan,0.0,49,64,,True,False,TTFT timeout: 300.0s exceeded (TTFT: 300.030s),0,56.69694568066818
165,2026-09-19T05:46:43.123+00:00,2026-09-19T05:51:42.924+00:00,2026-09-19T05:51:43.239+00:00,False,5,4.0,,4.0,299801.24657200003,300116.08689200005,300116.087079,60023.217415800005,0.04372,299801.24657200003,134040.0009372605,239863.3614662,78.71008,52.67047344661242,0.01332817591160797,49,64,,True,False,Request timeout: 300.0s exceeded,16,56.69694568066818
166,2026-09-19T05:46:43.510+00:00,2026-09-19T05:51:43.589+00:00,2026-09-19T05:51:43.589+00:00,False,1,0.0,,0.0,300078.498345,300078.498345,300078.498345,300078.498345,300078.498345,300078.498345,nan,300078.498345,nan,nan,0.0,49,64,,True,False,"HTTPConnectionPool(host='gpu03', port=9002): Read timed out.",0,56.69694568066818
167,2026-09-19T05:46:43.991+00:00,2026-09-19T05:51:44.054+00:00,2026-09-19T05:51:44.054+00:00,False,1,0.0,,0.0,300063.50661299995,300063.50661299995,300063.50661299995,300063.50661299995,300063.50661299995,300063.50661299995,nan,300063.50661299995,nan,nan,0.0,49,64,,True,False,"HTTPConnectionPool(host='gpu03', port=9002): Read timed out.",0,56.69694568066818
168,2026-09-19T05:46:44.397+00:00,2026-09-19T05:51:44.351+00:00,2026-09-19T05:51:44.481+00:00,False,3,2.0,,2.0,299953.96181699994,300084.00776899996,300084.0077479999,100028.00258266665,0.037649999999999996,299953.96181699994,173140.9717684334,269971.5664633999,65.022976,91.90315484028103,0.006664800349972562,49,64,,True,False,Request timeout: 300.0s exceeded,10,56.69694568066818
169,2026-09-19T05:46:44.775+00:00,2026-09-19T05:51:44.630+00:00,2026-09-19T05:51:44.839+00:00,False,4,3.0,,3.0,299855.711322,300064.67285800003,300064.672891,75016.16822275,0.03721,299855.711322,149893.0368310073,254893.41283815,69.65384533333332,60.34557247033275,0.009997844702697453,49,64,,True,False,Request timeout: 300.0s exceeded,10,56.69694568066818
170,2026-09-19T05:46:45.404+00:00,2026-09-19T05:51:45.510+00:00,2026-09-19T05:51:45.510+00:00,False,1,0.0,,0.0,300105.898819,300105.898819,300105.898819,300105.898819,300105.898819,300105.898819,nan,300105.898819,nan,nan,0.0,49,64,,True,False,"HTTPConnectionPool(host='gpu03', port=9002): Read timed out.",0,56.69694568066818
171,2026-09-19T05:46:45.885+00:00,2026-09-19T05:51:45.996+00:00,2026-09-19T05:51:45.996+00:00,False,1,0.0,,0.0,300110.820493,300110.820493,300110.820493,300110.820493,300110.820493,300110.820493,nan,300110.820493,nan,nan,0.0,49,64,,True,False,"HTTPConnectionPool(host='gpu03', port=9002): Read timed out.",0,56.69694568066818
172,2026-09-19T05:46:46.378+00:00,2026-09-19T05:51:46.172+00:00,2026-09-19T05:51:46.392+00:00,False,4,3.0,,3.0,299793.807755,300014.05556300003,300014.05554900004,75003.51388725001,0.03676,299793.807755,149860.20491267217,254841.68261975,73.415936,63.61282991937321,0.009999531503183286,49,64,,True,False,Request timeout: 300.0s exceeded,9,56.69694568066818
173,2026-09-19T05:46:46.897+00:00,2026-09-19T05:51:46.996+00:00,2026-09-19T05:51:46.996+00:00,False,1,0.0,,0.0,300099.471899,300099.471899,300099.471899,300099.471899,300099.471899,300099.471899,nan,300099.471899,nan,nan,0.0,49,64,,True,False,"HTTPConnectionPool(host='gpu03', port=9002): Read timed out.",0,56.69694568066818
174,2026-09-19T05:46:47.528+00:00,2026-09-19T05:51:47.545+00:00,2026-09-19T05:51:47.545+00:00,False,1,0.0,,0.0,300016.738222,300016.738222,300016.738222,300016.738222,300016.738222,300016.738222,nan,300016.738222,nan,nan,0.0,49,64,,True,False,TTFT timeout: 300.0s exceeded (TTFT: 300.009s),0,56.69694568066818
175,2026-09-19T05:46:47.982+00:00,2026-09-19T05:51:47.827+00:00,2026-09-19T05:51:48.068+00:00,False,4,3.0,,3.0,299844.36781,300086.153922,300086.153935,75021.53848375,0.03907,299844.36781,149881.8976337339,254888.29134175004,80.59537066666667,71.64690261819248,0.009997129027085253,49,64,,True,False,Request timeout: 300.0s exceeded,10,56.69694568066818
176,2026-09-19T05:46:48.432+00:00,2026-09-19T05:51:48.163+00:00,2026-09-19T05:51:48.522+00:00,False,6,5.0,,5.0,299730.771014,300089.251398,300089.251401,50014.8752335,0.07476999999999999,299730.771014,122335.31202006868,224824.87254424996,71.6960768,46.12121980509418,0.016661709730378314,49,64,,True,False,Request timeout: 300.0s exceeded,25,56.69694568066818
177,2026-09-19T05:46:49.053+00:00,2026-09-19T05:51:49.113+00:00,2026-09-19T05:51:49.113+00:00,False,1,0.0,,0.0,300060.56407200004,300060.56407200004,300060.56407200004,300060.56407200004,300060.56407200004,300060.56407200004,nan,300060.56407200004,nan,nan,0.0,49,64,,True,False,"HTTPConnectionPool(host='gpu03', port=9002): Read timed out.",0,56.69694568066818
178,2026-09-19T05:46:49.427+00:00,2026-09-19T05:51:49.393+00:00,2026-09-19T05:51:49.527+00:00,False,3,2.0,,2.0,299965.847143,300099.266919,300099.266995,100033.08899833333,0.03761,299965.847143,173146.86043846724,269982.6006529,66.709888,94.28880866921095,0.00666446146481198,49,64,,True,False,Request timeout: 300.0s exceeded,4,56.69694568066818
179,2026-09-19T05:46:49.798+00:00,2026-09-19T05:51:49.526+00:00,2026-09-19T05:51:49.864+00:00,False,5,4.0,,4.0,299728.084645,300066.475941,300066.475854,60013.2951708,0.02615,299728.084645,134004.65049019188,239807.9147676,84.597824,57.86821223565255,0.013330379501595815,49,64,,True,False,Request timeout: 300.0s exceeded,10,56.69694568066818
180,2026-09-19T05:46:50.207+00:00,2026-09-19T05:51:50.264+00:00,2026-09-19T05:51:50.264+00:00,False,1,0.0,,0.0,300057.593681,300057.593681,300057.593681,300057.593681,300057.593681,300057.593681,nan,300057.593681,nan,nan,0.0,49,64,,True,False,"HTTPConnectionPool(host='gpu03', port=9002): Read timed out.",0,56.69694568066818
181,2026-09-19T05:46:50.691+00:00,2026-09-19T05:51:50.865+00:00,2026-09-19T05:51:51.464+00:00,False,7,6.0,,6.0,300173.850491,300773.444731,300773.444858,42967.63497971428,0.04417,300173.850491,113417.29053924048,210166.86175639997,99.93237333333333,52.74916053334364,0.019948569613139105,49,64,,True,False,Request timeout: 300.0s exceeded,18,56.69694568066818
182,2026-09-19T05:46:51.130+00:00,2026-09-19T05:51:51.257+00:00,2026-09-19T05:51:51.564+00:00,False,5,4.0,,4.0,300126.754868,300434.086708,300434.086723,60086.8173446,0.07962000000000001,300126.754868,134186.41181963834,240123.10720320002,76.83296,51.51154830403647,0.013314068466164787,49,64,,True,False,Request timeout: 300.0s exceeded,22,56.69694568066818
183,2026-09-19T05:46:51.511+00:00,2026-09-19T05:51:51.614+00:00,2026-09-19T05:51:51.614+00:00,False,1,0.0,,0.0,300103.057424,300103.057424,300103.057424,300103.057424,300103.057424,300103.057424,nan,300103.057424,nan,nan,0.0,49,64,,True,False,"HTTPConnectionPool(host='gpu03', port=9002): Read timed out.",0,56.69694568066818
184,2026-09-19T05:46:52.098+00:00,2026-09-19T05:51:52.206+00:00,2026-09-19T05:51:52.206+00:00,False,1,0.0,,0.0,300107.888377,300107.888377,300107.888377,300107.888377,300107.888377,300107.888377,nan,300107.888377,nan,nan,0.0,49,64,,True,False,"HTTPConnectionPool(host='gpu03', port=9002): Read timed out.",0,56.69694568066818
185,2026-09-19T05:46:52.506+00:00,2026-09-19T05:51:52.617+00:00,2026-09-19T05:51:52.617+00:00,False,1,0.0,,0.0,300110.77141399996,300110.77141399996,300110.77141399996,300110.77141399996,300110.77141399996,300110.77141399996,nan,300110.77141399996,nan,nan,0.0,49,64,,True,False,"HTTPConnectionPool(host='gpu03', port=9002): Read timed out.",0,56.69694568066818
186,2026-09-19T05:46:52.929+00:00,2026-09-19T05:51:52.991+00:00,2026-09-19T05:51:52.991+00:00,False,1,0.0,,0.0,300061.596818,300061.596818,300061.596818,300061.596818,300061.596818,300061.596818,nan,300061.596818,nan,nan,0.0,49,64,,True,False,TTFT timeout: 300.0s exceeded (TTFT: 300.051s),0,56.69694568066818
187,2026-09-19T05:46:53.443+00:00,2026-09-19T05:51:53.070+00:00,2026-09-19T05:51:53.372+00:00,True,4,4.0,,4.0,299627.25867799995,299929.06450199994,299929.064416,74982.266104,94.265508,299627.25867799995,149763.32848378114,254699.32245169993,100.60194133333333,6.7401174305323,0.013336486767768142,49,64,,True,True,,17,56.69694568066818
188,2026-09-19T05:46:53.857+00:00,2026-09-19T05:51:53.952+00:00,2026-09-19T05:51:53.952+00:00,False,1,0.0,,0.0,300094.98843300005,300094.98843300005,300094.98843300005,300094.98843300005,300094.98843300005,300094.98843300005,nan,300094.98843300005,nan,nan,0.0,49,64,,True,False,"HTTPConnectionPool(host='gpu03', port=9002): Read timed out.",0,56.69694568066818
189,2026-09-19T05:46:54.475+00:00,2026-09-19T05:51:54.533+00:00,2026-09-19T05:51:54.533+00:00,False,1,0.0,,0.0,300057.982296,300057.982296,300057.982296,300057.982296,300057.982296,300057.982296,nan,300057.982296,nan,nan,0.0,49,64,,True,False,TTFT timeout: 300.0s exceeded (TTFT: 300.052s),0,56.69694568066818
190,2026-09-19T05:46:55.666+00:00,2026-09-19T05:51:54.777+00:00,2026-09-19T05:51:55.806+00:00,False,12,11.0,,11.0,299110.95013,300140.402162,300140.402201,25011.70018341667,0.02136,299110.95013,86318.88482517816,134670.1212953,93.58654836363635,36.84337077232501,0.03664951442979269,49,64,,True,False,Request timeout: 300.0s exceeded,31,56.69694568066818
191,2026-09-19T05:46:55.691+00:00,2026-09-19T05:51:55.705+00:00,2026-09-19T05:51:55.927+00:00,False,4,3.0,,3.0,300013.66078,300235.316588,300235.316725,75058.82918125,0.024550000000000002,300013.66078,149969.89707094463,255029.80649529997,73.88526933333333,64.81880405835891,0.00999216226156622,49,64,,True,False,Request timeout: 300.0s exceeded,13,56.69694568066818
192,2026-09-19T05:46:55.959+00:00,2026-09-19T05:51:56.105+00:00,2026-09-19T05:51:56.105+00:00,False,1,0.0,,0.0,300146.565134,300146.565134,300146.565134,300146.565134,300146.565134,300146.565134,nan,300146.565134,nan,nan,0.0,49,64,,True,False,"HTTPConnectionPool(host='gpu03', port=9002): Read timed out.",0,56.69694568066818
193,2026-09-19T05:46:56.354+00:00,2026-09-19T05:51:56.381+00:00,2026-09-19T05:51:56.381+00:00,False,1,0.0,,0.0,300026.90297399997,300026.90297399997,300026.90297399997,300026.90297399997,300026.90297399997,300026.90297399997,nan,300026.90297399997,nan,nan,0.0,49,64,,True,False,"HTTPConnectionPool(host='gpu03', port=9002): Read timed out.",0,56.69694568066818
194,2026-09-19T05:46:56.927+00:00,2026-09-19T05:51:57.040+00:00,2026-09-19T05:51:57.040+00:00,False,1,0.0,,0.0,300112.874228,300112.874228,300112.874228,300112.874228,300112.874228,300112.874228,nan,300112.874228,nan,nan,0.0,49,64,,True,False,"HTTPConnectionPool(host='gpu03', port=9002): Read timed out.",0,56.69694568066818
195,2026-09-19T05:46:57.584+00:00,2026-09-19T05:51:57.411+00:00,2026-09-19T05:51:57.610+00:00,False,4,3.0,,3.0,299826.958929,300025.185361,300025.18547200004,75006.29636800001,0.02078,299826.958929,149880.4489871477,254867.9215944,66.07547733333334,57.21281343993876,0.009999160558438795,49,64,,True,False,Request timeout: 300.0s exceeded,5,56.69694568066818
196,2026-09-19T05:46:58.041+00:00,2026-09-19T05:51:57.607+00:00,2026-09-19T05:51:57.914+00:00,True,4,4.0,,4.0,299566.720387,299873.260419,299873.260383,74968.31509575,100.696123,299566.720387,149732.2702003726,254647.31051305003,102.18001066666667,1.6696991257077827,0.01333896858429782,49,64,,True,True,,21,56.69694568066818
197,2026-09-19T05:46:58.409+00:00,2026-09-19T05:51:58.514+00:00,2026-09-19T05:51:58.514+00:00,False,1,0.0,,0.0,300104.66605299996,300104.66605299996,300104.66605299996,300104.66605299996,300104.66605299996,300104.66605299996,nan,300104.66605299996,nan,nan,0.0,49,64,,True,False,"HTTPConnectionPool(host='gpu03', port=9002): Read timed out.",0,56.69694568066818
198,2026-09-19T05:46:58.816+00:00,2026-09-19T05:51:58.921+00:00,2026-09-19T05:51:58.921+00:00,False,1,0.0,,0.0,300105.267546,300105.267546,300105.267546,300105.267546,300105.267546,300105.267546,nan,300105.267546,nan,nan,0.0,49,64,,True,False,"HTTPConnectionPool(host='gpu03', port=9002): Read timed out.",0,56.69694568066818
199,2026-09-19T05:46:59.216+00:00,2026-09-19T05:51:59.076+00:00,2026-09-19T05:51:59.311+00:00,False,4,3.0,,3.0,299860.499523,300095.55155499995,300095.551645,75023.88791125,0.0332,299860.499523,149891.0847856293,254900.27324369998,78.35067733333332,68.3125508098957,0.00999681596229918,49,64,,True,False,Request timeout: 300.0s exceeded,5,56.69694568066818
200,2026-09-19T05:46:59.711+00:00,2026-09-19T05:51:59.523+00:00,2026-09-19T05:51:59.821+00:00,False,6,5.0,,5.0,299811.573389,300110.077837,300110.07785500004,50018.34630916667,0.07014,299811.573389,122373.19528318656,224883.98514700003,59.700889600000004,42.0271668463837,0.016660553474367727,49,64,,True,False,Request timeout: 300.0s exceeded,23,56.69694568066818
201,2026-09-19T05:47:00.163+00:00,2026-09-19T05:52:00.222+00:00,2026-09-19T05:52:00.222+00:00,False,1,0.0,,0.0,300058.72548100003,300058.72548100003,300058.72548100003,300058.72548100003,300058.72548100003,300058.72548100003,nan,300058.72548100003,nan,nan,0.0,49,64,,True,False,"HTTPConnectionPool(host='gpu03', port=9002): Read timed out.",0,56.69694568066818
202,2026-09-19T05:47:00.771+00:00,2026-09-19T05:52:00.801+00:00,2026-09-19T05:52:00.801+00:00,False,1,0.0,,0.0,300030.550852,300030.550852,300030.550852,300030.550852,300030.550852,300030.550852,nan,300030.550852,nan,nan,0.0,49,64,,True,False,TTFT timeout: 300.0s exceeded (TTFT: 300.025s),0,56.69694568066818
203,2026-09-19T05:47:01.221+00:00,2026-09-19T05:52:01.128+00:00,2026-09-19T05:52:01.245+00:00,False,3,2.0,,2.0,299906.767637,300023.11605300003,300023.115941,100007.70531366667,0.071669,299906.767637,173117.67591499563,269927.7185368,58.174208,82.16938310576249,0.0066661530161785726,49,64,,True,False,Request timeout: 300.0s exceeded,7,56.69694568066818
204,2026-09-19T05:47:01.844+00:00,2026-09-19T05:52:01.931+00:00,2026-09-19T05:52:01.931+00:00,False,1,0.0,,0.0,300086.992435,300086.992435,300086.992435,300086.992435,300086.992435,300086.992435,nan,300086.992435,nan,nan,0.0,49,64,,True,False,"HTTPConnectionPool(host='gpu03', port=9002): Read timed out.",0,56.69694568066818
205,2026-09-19T05:47:02.359+00:00,2026-09-19T05:52:02.335+00:00,2026-09-19T05:52:02.463+00:00,False,3,2.0,,2.0,299976.07951,300104.88207,300104.881964,100034.96065466668,0.0242,299976.07951,173154.10015718226,269991.3493844,64.40128,91.04276993635024,0.006664336768548459,49,64,,True,False,Request timeout: 300.0s exceeded,4,56.69694568066818
206,2026-09-19T05:47:02.755+00:00,2026-09-19T05:52:02.462+00:00,2026-09-19T05:52:02.787+00:00,False,6,5.0,,5.0,299707.266147,300031.69673900004,300031.69664000004,50005.28277333334,0.019960000000000002,299707.266147,122328.49771413617,224814.56001649998,64.8861184,50.40857193398136,0.016664905922755022,49,64,,True,False,Request timeout: 300.0s exceeded,19,56.69694568066818
207,2026-09-19T05:47:03.402+00:00,2026-09-19T05:52:03.510+00:00,2026-09-19T05:52:03.510+00:00,False,1,0.0,,0.0,300107.920171,300107.920171,300107.920171,300107.920171,300107.920171,300107.920171,nan,300107.920171,nan,nan,0.0,49,64,,True,False,"HTTPConnectionPool(host='gpu03', port=9002): Read timed out.",0,56.69694568066818
208,2026-09-19T05:47:04.045+00:00,2026-09-19T05:52:04.082+00:00,2026-09-19T05:52:05.049+00:00,False,11,10.0,,10.0,300037.653222,301004.376806,301004.376947,27364.03426790909,0.024489999999999998,300037.653222,90435.61452634724,150081.37243750002,96.67235840000001,35.002672846359715,0.03322210828331273,49,64,,True,False,Request timeout: 300.0s exceeded,40,56.69694568066818
209,2026-09-19T05:47:04.482+00:00,2026-09-19T05:52:04.320+00:00,2026-09-19T05:52:05.152+00:00,False,10,9.0,,9.0,299838.21933399996,300670.57517399994,300670.57518899994,30067.057518899997,0.036239,299838.21933399996,94787.93001177399,164960.45940715,92.48398222222222,35.015555096162345,0.029933092038659397,49,64,,True,False,Request timeout: 300.0s exceeded,36,56.69694568066818
210,2026-09-19T05:47:05.034+00:00,2026-09-19T05:52:05.259+00:00,2026-09-19T05:52:05.259+00:00,False,1,0.0,,0.0,300225.769561,300225.769561,300225.769561,300225.769561,300225.769561,300225.769561,nan,300225.769561,nan,nan,0.0,49,64,,True,False,"HTTPConnectionPool(host='gpu03', port=9002): Read timed out.",0,56.69694568066818
211,2026-09-19T05:47:05.651+00:00,2026-09-19T05:52:05.769+00:00,2026-09-19T05:52:05.769+00:00,False,1,0.0,,0.0,300118.94555400003,300118.94555400003,300118.94555400003,300118.94555400003,300118.94555400003,300118.94555400003,nan,300118.94555400003,nan,nan,0.0,49,64,,True,False,"HTTPConnectionPool(host='gpu03', port=9002): Read timed out.",0,56.69694568066818
212,2026-09-19T05:47:06.071+00:00,2026-09-19T05:52:06.180+00:00,2026-09-19T05:52:06.180+00:00,False,1,0.0,,0.0,300109.232371,300109.232371,300109.232371,300109.232371,300109.232371,300109.232371,nan,300109.232371,nan,nan,0.0,49,64,,True,False,"HTTPConnectionPool(host='gpu03', port=9002): Read timed out.",0,56.69694568066818
213,2026-09-19T05:47:06.576+00:00,2026-09-19T05:52:06.545+00:00,2026-09-19T05:52:06.647+00:00,False,3,2.0,,2.0,299969.27652899997,300071.30379299994,300071.30378799996,100023.76792933332,0.039229999999999994,299969.27652899997,173157.89732285944,269982.54767899995,51.013632,72.08841628482713,0.00666508251445354,49,64,,True,False,Request timeout: 300.0s exceeded,10,56.69694568066818
214,2026-09-19T05:47:07.056+00:00,2026-09-19T05:52:06.646+00:00,2026-09-19T05:52:07.149+00:00,False,9,8.0,,8.0,299589.65893800004,300092.42629800003,300092.426403,33343.60293366667,0.021929999999999998,299589.65893800004,99842.27646417641,179795.1689172,62.84592,35.30737665451511,0.02665845352610059,49,64,,True,False,Request timeout: 300.0s exceeded,46,56.69694568066818
215,2026-09-19T05:47:07.570+00:00,2026-09-19T05:52:07.687+00:00,2026-09-19T05:52:07.687+00:00,False,1,0.0,,0.0,300117.481884,300117.481884,300117.481884,300117.481884,300117.481884,300117.481884,nan,300117.481884,nan,nan,0.0,49,64,,True,False,"HTTPConnectionPool(host='gpu03', port=9002): Read timed out.",0,56.69694568066818
216,2026-09-19T05:47:08.156+00:00,2026-09-19T05:52:08.128+00:00,2026-09-19T05:52:08.271+00:00,False,3,2.0,,2.0,299971.571506,300115.074098,300115.074195,100038.35806500001,0.0277,299971.571506,173147.25675538302,269988.76185430004,71.751296,101.43255574447392,0.006664110445005228,49,64,,True,False,Request timeout: 300.0s exceeded,5,56.69694568066818
217,2026-09-19T05:47:08.669+00:00,2026-09-19T05:52:08.508+00:00,2026-09-19T05:52:08.709+00:00,False,4,3.0,,3.0,299839.397565,300039.779773,300039.779812,75009.944953,0.02628,299839.397565,149886.3092234237,254879.20093454997,66.79406933333334,58.00327185979292,0.00999867418336895,49,64,,True,False,Request timeout: 300.0s exceeded,10,56.69694568066818
218,2026-09-19T05:47:09.126+00:00,2026-09-19T05:52:09.148+00:00,2026-09-19T05:52:09.148+00:00,False,1,0.0,,0.0,300021.933125,300021.933125,300021.933125,300021.933125,300021.933125,300021.933125,nan,300021.933125,nan,nan,0.0,49,64,,True,False,"HTTPConnectionPool(host='gpu03', port=9002): Read timed out.",0,56.69694568066818
219,2026-09-19T05:47:09.675+00:00,2026-09-19T05:52:09.600+00:00,2026-09-19T05:52:09.732+00:00,False,3,2.0,,2.0,299925.36265100003,300057.25999500003,300057.26003700006,100019.08667900001,0.023850000000000003,299925.36265100003,173123.9259196429,269946.0137395,65.948672,93.23183676640181,0.006665394465154174,49,64,,True,False,Request timeout: 300.0s exceeded,4,56.69694568066818
220,2026-09-19T05:47:10.158+00:00,2026-09-19T05:52:09.995+00:00,2026-09-19T05:52:10.203+00:00,False,4,3.0,,3.0,299837.722362,300045.93637799995,300045.936281,75011.48407025,0.02221,299837.722362,149884.16690151067,254878.01108655,69.404672,60.12784790065702,0.009998469021825308,49,64,,True,False,Request timeout: 300.0s exceeded,9,56.69694568066818
221,2026-09-19T05:47:10.558+00:00,2026-09-19T05:52:10.600+00:00,2026-09-19T05:52:10.600+00:00,False,1,0.0,,0.0,300041.994297,300041.994297,300041.994297,300041.994297,300041.994297,300041.994297,nan,300041.994297,nan,nan,0.0,49,64,,True,False,"HTTPConnectionPool(host='gpu03', port=9002): Read timed out.",0,56.69694568066818
222,2026-09-19T05:47:11.140+00:00,2026-09-19T05:52:11.225+00:00,2026-09-19T05:52:11.225+00:00,False,1,0.0,,0.0,300084.777036,300084.777036,300084.777036,300084.777036,300084.777036,300084.777036,nan,300084.777036,nan,nan,0.0,49,64,,True,False,TTFT timeout: 300.0s exceeded (TTFT: 300.077s),0,56.69694568066818
223,2026-09-19T05:47:11.630+00:00,2026-09-19T05:52:11.507+00:00,2026-09-19T05:52:11.731+00:00,False,4,3.0,,3.0,299877.432421,300101.42858099996,300101.42881099996,75025.35720274999,0.04453,299877.432421,149901.39310889365,254914.47820945,74.66538666666668,65.80781218428115,0.009996620189997777,49,64,,True,False,Request timeout: 300.0s exceeded,14,56.69694568066818
224,2026-09-19T05:47:12.250+00:00,2026-09-19T05:52:12.368+00:00,2026-09-19T05:52:12.368+00:00,False,1,0.0,,0.0,300118.756269,300118.756269,300118.756269,300118.756269,300118.756269,300118.756269,nan,300118.756269,nan,nan,0.0,49,64,,True,False,"HTTPConnectionPool(host='gpu03', port=9002): Read timed out.",0,56.69694568066818
225,2026-09-19T05:47:12.696+00:00,2026-09-19T05:52:12.777+00:00,2026-09-19T05:52:12.777+00:00,False,1,0.0,,0.0,300080.98367299995,300080.98367299995,300080.98367299995,300080.98367299995,300080.98367299995,300080.98367299995,nan,300080.98367299995,nan,nan,0.0,49,64,,True,False,"HTTPConnectionPool(host='gpu03', port=9002): Read timed out.",0,56.69694568066818
226,2026-09-19T05:47:13.237+00:00,2026-09-19T05:52:13.094+00:00,2026-09-19T05:52:13.355+00:00,False,4,3.0,,3.0,299856.138915,300117.277859,300117.277733,75029.31943325,0.02139,299856.138915,149884.55898001857,254897.82369090003,87.04631466666667,75.44594218243644,0.009996092265669053,49,64,,True,False,Request timeout: 300.0s exceeded,7,56.69694568066818
227,2026-09-19T05:47:13.679+00:00,2026-09-19T05:52:13.467+00:00,2026-09-19T05:52:13.715+00:00,False,5,4.0,,4.0,299788.479402,300036.31300200004,300036.312953,60007.2625906,0.051340000000000004,299788.479402,134041.78128015192,239850.58483300003,61.9584,46.888409265514305,0.01333171961746289,49,64,,True,False,Request timeout: 300.0s exceeded,17,56.69694568066818
228,2026-09-19T05:47:14.243+00:00,2026-09-19T05:52:14.318+00:00,2026-09-19T05:52:14.318+00:00,False,1,0.0,,0.0,300075.564394,300075.564394,300075.564394,300075.564394,300075.564394,300075.564394,nan,300075.564394,nan,nan,0.0,49,64,,True,False,"HTTPConnectionPool(host='gpu03', port=9002): Read timed out.",0,56.69694568066818
229,2026-09-19T05:47:14.841+00:00,2026-09-19T05:52:14.783+00:00,2026-09-19T05:52:14.916+00:00,False,3,2.0,,2.0,299941.486547,300075.273171,300075.273168,100025.091056,0.053899999999999997,299941.486547,173132.6900301969,269960.71116440004,66.893312,94.52540094134173,0.006664994349135479,49,64,,True,False,Request timeout: 300.0s exceeded,6,56.69694568066818
230,2026-09-19T05:47:15.488+00:00,2026-09-19T05:52:15.348+00:00,2026-09-19T05:52:15.554+00:00,False,4,3.0,,3.0,299860.583684,300065.820932,300065.82083000004,75016.45520750001,0.04125,299860.583684,149896.09346033033,254897.24724170004,68.412416,59.260205148480544,0.009997806450204972,49,64,,True,False,Request timeout: 300.0s exceeded,10,56.69694568066818
231,2026-09-19T05:47:16.073+00:00,2026-09-19T05:52:16.186+00:00,2026-09-19T05:52:16.186+00:00,False,1,0.0,,0.0,300113.47850800003,300113.47850800003,300113.47850800003,300113.47850800003,300113.47850800003,300113.47850800003,nan,300113.47850800003,nan,nan,0.0,49,64,,True,False,"HTTPConnectionPool(host='gpu03', port=9002): Read timed out.",0,56.69694568066818
232,2026-09-19T05:47:16.520+00:00,2026-09-19T05:52:16.530+00:00,2026-09-19T05:52:16.659+00:00,False,3,2.0,,2.0,300009.766573,300138.683053,300138.682936,100046.22764533333,0.07194,300009.766573,173173.51651146152,270021.674358,64.45824,91.05598434787706,0.006663586245052024,49,64,,True,False,Request timeout: 300.0s exceeded,3,56.69694568066818
233,2026-09-19T05:47:17.488+00:00,2026-09-19T05:52:16.530+00:00,2026-09-19T05:52:17.320+00:00,True,9,9.0,,9.0,299042.062353,299832.557073,299832.55721999996,33314.728579999995,53.773216999999995,299042.062353,99647.75229472472,179477.81267060002,98.81184,22.02512500003119,0.030016753643630427,49,64,,True,True,,27,56.69694568066818
234,2026-09-19T05:47:17.618+00:00,2026-09-19T05:52:17.869+00:00,2026-09-19T05:52:17.960+00:00,False,3,2.0,,2.0,300250.73072899994,300342.5461529999,300342.5460929999,100114.18203099997,0.07618899999999999,300250.73072899994,173323.3414577677,270234.83157359995,45.907712,64.81542140367176,0.006659063211714146,49,64,,True,False,Request timeout: 300.0s exceeded,5,56.69694568066818
235,2026-09-19T05:47:18.031+00:00,2026-09-19T05:52:18.041+00:00,2026-09-19T05:52:18.041+00:00,False,1,0.0,,0.0,300010.185943,300010.185943,300010.185943,300010.185943,300010.185943,300010.185943,nan,300010.185943,nan,nan,0.0,49,64,,True,False,"HTTPConnectionPool(host='gpu03', port=9002): Read timed out.",0,56.69694568066818
236,2026-09-19T05:47:18.463+00:00,2026-09-19T05:52:18.537+00:00,2026-09-19T05:52:18.537+00:00,False,1,0.0,,0.0,300073.59601,300073.59601,300073.59601,300073.59601,300073.59601,300073.59601,nan,300073.59601,nan,nan,0.0,49,64,,True,False,"HTTPConnectionPool(host='gpu03', port=9002): Read timed out.",0,56.69694568066818
237,2026-09-19T05:47:18.859+00:00,2026-09-19T05:52:18.980+00:00,2026-09-19T05:52:18.980+00:00,False,1,0.0,,0.0,300121.637298,300121.637298,300121.637298,300121.637298,300121.637298,300121.637298,nan,300121.637298,nan,nan,0.0,49,64,,True,False,"HTTPConnectionPool(host='gpu03', port=9002): Read timed out.",0,56.69694568066818
238,2026-09-19T05:47:19.352+00:00,2026-09-19T05:52:19.393+00:00,2026-09-19T05:52:20.584+00:00,False,16,15.0,,15.0,300040.829382,301231.78567,301231.785716,18826.98660725,0.02283,300040.829382,74990.36528725871,75090.33278400001,79.39708586666666,34.04765482705264,0.04979554188359302,49,64,,True,False,Request timeout: 300.0s exceeded,60,56.69694568066818
239,2026-09-19T05:47:19.839+00:00,2026-09-19T05:52:19.428+00:00,2026-09-19T05:52:20.688+00:00,False,16,15.0,,15.0,299588.738009,300848.967129,300848.966903,18803.0604314375,0.02177,299588.738009,74876.1871308586,74980.553,84.01527466666667,32.15357672438345,0.04985890476256214,49,64,,True,False,Request timeout: 300.0s exceeded,65,56.69694568066818
240,2026-09-19T05:47:20.208+00:00,2026-09-19T05:52:21.342+00:00,2026-09-19T05:52:21.342+00:00,False,1,0.0,,0.0,301134.075532,301134.075532,301134.075532,301134.075532,301134.075532,301134.075532,nan,301134.075532,nan,nan,0.0,49,64,,True,False,"HTTPConnectionPool(host='gpu03', port=9002): Read timed out.",0,56.69694568066818
0,2026-09-19T05:45:20.823+00:00,2026-09-19T05:45:21.093+00:00,2026-09-19T05:45:24.131+00:00,True,34,34.0,,34.0,270.247105,3308.143553,3308.143495,97.2983380882353,34.436531,270.247105,40.090324731330156,130.1849598,92.05746812121212,26.351614340959085,10.277667657187065,50,64,,False,True,,164,56.69694568066818
1,2026-09-19T05:45:21.324+00:00,2026-09-19T05:45:21.547+00:00,2026-09-19T05:45:28.337+00:00,True,71,71.0,,71.0,223.260363,7013.139659,7013.139715,98.77661570422535,41.906813,223.260363,27.415060597648637,113.0946915,96.99827565714287,23.12331554388268,10.123853716343053,50,64,,False,True,,288,56.69694568066818
2,2026-09-19T05:45:22.001+00:00,2026-09-19T05:45:24.493+00:00,2026-09-19T05:45:24.704+00:00,True,3,3.0,,3.0,2492.035295,2703.1869110000002,2703.186693,901.062231,102.290381,2492.035295,1377.8270069549815,2253.7178672,105.575808,4.646223296695069,1.1098011712738718,50,64,,False,True,,13,56.69694568066818
3,2026-09-19T05:45:22.480+00:00,2026-09-19T05:45:27.525+00:00,2026-09-19T05:45:34.302+00:00,True,69,69.0,,69.0,5044.8983370000005,11822.322977,11822.322948,171.33801373913045,0.0,5044.8983370000005,595.8868246511155,111.91341940000001,99.66800941176471,25.811329617415385,5.836416424609408,50,64,,False,True,,249,56.69694568066818
4,2026-09-19T05:45:22.933+00:00,2026-09-19T05:45:29.889+00:00,2026-09-19T05:45:38.921+00:00,True,92,92.0,,92.0,6955.7068070000005,15988.277687,15988.277741,173.78562761956522,0.0,6955.7068070000005,715.7924335141355,129.82357665,99.25902065934066,37.2324926384423,5.754215794913595,50,64,,False,True,,387,56.69694568066818
5,2026-09-19T05:45:23.429+00:00,2026-09-19T05:45:32.506+00:00,2026-09-19T05:45:34.503+00:00,True,21,21.0,,21.0,9076.315636,11074.258676,11074.258769999999,527.3456557142857,0.0,9076.315636,1959.2660444597916,244.002882,99.897152,43.125612002200484,1.8962894595835067,50,64,,False,True,,91,56.69694568066818
6,2026-09-19T05:45:23.783+00:00,2026-09-19T05:45:34.198+00:00,2026-09-19T05:45:42.593+00:00,True,86,86.0,,86.0,10415.241895,18810.180519,18810.180376,218.72302762790696,0.0,10415.241895,1113.6037581098449,217.88869899999997,98.7639838117647,50.88168129484962,4.571992273712213,50,64,,False,True,,304,56.69694568066818
7,2026-09-19T05:45:24.179+00:00,2026-09-19T05:45:36.561+00:00,2026-09-19T05:45:37.182+00:00,True,7,7.0,,7.0,12381.863322000001,13002.530202000002,13002.530186000002,1857.5043122857144,0.03402,12381.863322000001,4641.540069564557,8747.5706085,103.44448,90.41827850402461,0.5383567575888643,50,64,,False,True,,34,56.69694568066818
8,2026-09-19T05:45:24.583+00:00,2026-09-19T05:45:38.721+00:00,2026-09-19T05:45:41.682+00:00,True,31,31.0,,31.0,14138.28336,17098.958943999998,17098.959061999998,551.5793245806451,0.0,14138.28336,2522.0436352963047,211.73430150000002,98.68918613333334,48.88843504528751,1.8129758718952802,50,64,,False,True,,137,56.69694568066818
9,2026-09-19T05:45:25.134+00:00,2026-09-19T05:45:41.887+00:00,2026-09-19T05:45:47.729+00:00,True,61,61.0,,61.0,16753.342268,22595.339324,22595.339247,370.4153974918033,0.0,16753.342268,2133.2140522798636,140.158974,97.3666176,52.48091115579521,2.6996717829861434,50,64,,False,True,,308,56.69694568066818
10,2026-09-19T05:45:25.624+00:00,2026-09-19T05:45:44.658+00:00,2026-09-19T05:45:54.295+00:00,True,97,97.0,,97.0,19034.301743,28671.666735,28671.66669,295.58419268041234,0.0,19034.301743,1923.9699629035322,165.09826540000003,100.38921866666666,76.92522219051634,3.383130841207443,50,64,,False,True,,425,56.69694568066818
11,2026-09-19T05:45:25.968+00:00,2026-09-19T05:45:46.814+00:00,2026-09-19T05:45:52.269+00:00,True,52,52.0,,52.0,20845.869921999998,26300.717921999996,26300.717862999998,505.783035826923,0.0,20845.869921999998,2876.905907990555,238.55531885,106.95780392156863,74.12062605729582,1.9771323411861352,50,64,,False,True,,199,56.69694568066818
12,2026-09-19T05:45:26.347+00:00,2026-09-19T05:45:48.668+00:00,2026-09-19T05:45:57.805+00:00,True,95,95.0,,95.0,22320.611215999998,31458.34536,31458.345316,331.1404770105263,0.0,22320.611215999998,2281.1746315894875,115.72074909999999,97.20993770212766,71.27045584639724,3.019866395159952,50,64,,False,True,,378,56.69694568066818
13,2026-09-19T05:45:26.940+00:00,2026-09-19T05:45:52.233+00:00,2026-09-19T05:45:54.534+00:00,True,27,27.0,,27.0,25292.494692,27593.482084,27593.482161,1021.9808207777778,0.0,25292.494692,4851.313353967726,365.6447757,88.49951507692307,89.9684927590963,0.9784919466780843,50,64,,False,True,,94,56.69694568066818
14,2026-09-19T05:45:27.475+00:00,2026-09-19T05:45:54.736+00:00,2026-09-19T05:45:56.754+00:00,True,25,25.0,,25.0,27260.708356,29278.392836,29278.392914,1171.13571656,46.006563,27260.708356,5435.392673855558,112.55944519999998,84.07018666666667,27.162086400750233,0.8538720052031206,50,64,,False,True,,68,56.69694568066818
15,2026-09-19T05:45:28.067+00:00,2026-09-19T05:45:57.807+00:00,2026-09-19T05:45:59.020+00:00,True,14,14.0,,14.0,29740.064699000002,30953.635003000003,30953.634980000003,2210.9739271428575,47.930709,29740.064699000002,7923.451541714874,10482.502301550001,93.35156184615384,24.219904987331645,0.4522893675861698,50,64,,False,True,,64,56.69694568066818
16,2026-09-19T05:45:28.588+00:00,2026-09-19T05:46:01.132+00:00,2026-09-19T05:46:01.132+00:00,True,1,1.0,,1.0,32543.721386999998,32543.721386999998,32543.721386999998,32543.721386999998,32543.721386999998,32543.721386999998,nan,32543.721386999998,nan,nan,0.030727893350250432,50,64,,False,True,,3,56.69694568066818
17,2026-09-19T05:45:29.086+00:00,2026-09-19T05:46:03.670+00:00,2026-09-19T05:46:05.751+00:00,True,20,20.0,,20.0,34583.785405,36664.905661000004,36664.905608,1833.2452804000002,0.0,34583.785405,7709.617273256061,2291.20839815,109.53264505263157,123.68713788015404,0.5454807434912821,50,64,,False,True,,75,56.69694568066818
18,2026-09-19T05:45:29.676+00:00,2026-09-19T05:46:07.395+00:00,2026-09-19T05:46:07.395+00:00,True,2,2.0,,2.0,37719.311461000005,37719.348581000006,37719.34850100001,18859.674250500004,0.03704,37719.311461000005,26671.55472452539,35833.34773995001,0.03712,nan,0.05302318505594342,50,64,,False,True,,4,56.69694568066818
19,2026-09-19T05:45:30.268+00:00,2026-09-19T05:46:09.865+00:00,2026-09-19T05:46:14.914+00:00,True,53,53.0,,53.0,39596.932957000005,44645.618781000005,44645.618846000005,842.3701669056604,0.0,39596.932957000005,5426.561366668431,109.95475580000002,97.090112,96.44770145187461,1.1871265635264394,50,64,,False,True,,224,56.69694568066818
20,2026-09-19T05:45:30.641+00:00,2026-09-19T05:46:11.438+00:00,2026-09-19T05:46:14.561+00:00,True,33,33.0,,33.0,40796.907992,43920.079576000004,43920.079366,1330.911495939394,0.0,40796.907992,7085.872216705344,362.7860248,97.599112,122.86111754715886,0.7513647588660735,50,64,,False,True,,140,56.69694568066818
21,2026-09-19T05:45:31.099+00:00,2026-09-19T05:46:14.157+00:00,2026-09-19T05:46:23.118+00:00,True,93,93.0,,93.0,43057.632155,52019.106971,52019.10679,559.3452343010753,0.0,43057.632155,4456.193228311927,114.61863259999998,97.40733495652174,113.32067158815728,1.7878046244016903,50,64,,False,True,,449,56.69694568066818
22,2026-09-19T05:45:31.539+00:00,2026-09-19T05:46:16.504+00:00,2026-09-19T05:46:24.862+00:00,True,85,85.0,,85.0,44965.307321,53323.173561,53323.173442,627.3314522588236,0.0,44965.307321,4867.903589907832,115.04822,99.49840761904761,122.5048403598148,1.594053660417693,50,64,,False,True,,409,56.69694568066818
23,2026-09-19T05:45:32.039+00:00,2026-09-19T05:46:19.242+00:00,2026-09-19T05:46:27.256+00:00,True,79,79.0,,79.0,47202.57107,55216.842558,55216.842496,698.9473733670886,0.0,47202.57107,5300.564893272445,121.18423080000001,102.74707035897436,123.50859370616564,1.4307228798354068,50,64,,False,True,,301,56.69694568066818
24,2026-09-19T05:45:32.440+00:00,2026-09-19T05:46:21.695+00:00,2026-09-19T05:46:23.538+00:00,True,20,20.0,,20.0,49254.770189,51098.237965,51098.238045000006,2554.91190225,0.01757,49254.770189,10994.083139216711,3393.7984896000003,97.02461978947369,219.553275110027,0.39140292887788225,50,64,,False,True,,62,56.69694568066818
25,2026-09-19T05:45:32.819+00:00,2026-09-19T05:46:24.024+00:00,2026-09-19T05:46:27.256+00:00,True,31,31.0,,31.0,51204.477809,54436.790897000006,54436.791103,1756.025519451613,96.522916,51204.477809,9177.24579342805,116.803491,107.7437696,5.237889429259379,0.5694678082448905,50,64,,False,True,,130,56.69694568066818
26,2026-09-19T05:45:33.334+00:00,2026-09-19T05:46:26.481+00:00,2026-09-19T05:46:30.092+00:00,True,36,36.0,,36.0,53147.268990000004,56758.002046,56758.00196,1576.6111655555558,0.0,53147.268990000004,8841.610063017208,287.350039,103.1638016,129.81877836201352,0.6342717978484073,50,64,,False,True,,117,56.69694568066818
27,2026-09-19T05:45:33.684+00:00,2026-09-19T05:46:28.386+00:00,2026-09-19T05:46:34.295+00:00,True,59,59.0,,59.0,54702.378627,60611.949699,60611.949774,1027.3211826101694,0.0,54702.378627,7109.091447523024,114.83888770000002,101.8891564137931,101.57543193540259,0.9734054141632966,50,64,,False,True,,199,56.69694568066818
28,2026-09-19T05:45:34.044+00:00,2026-09-19T05:46:30.446+00:00,2026-09-19T05:46:31.995+00:00,True,16,16.0,,16.0,56401.901485,57951.330733,57951.330919,3621.9581824375,53.760884,56401.901485,14074.65802647435,14184.643669000001,103.2952832,13.978880893841717,0.27609374621123073,50,64,,False,True,,76,56.69694568066818
29,2026-09-19T05:45:34.469+00:00,2026-09-19T05:46:33.016+00:00,2026-09-19T05:46:39.364+00:00,True,56,56.0,,56.0,58547.236734,64895.411582,64895.411703,1158.8466375535713,0.0,58547.236734,7809.526895894186,263.76527125,115.42136087272728,140.84755923669437,0.862926956387972,50,64,,False,True,,185,56.69694568066818
30,2026-09-19T05:45:34.984+00:00,2026-09-19T05:46:35.565+00:00,2026-09-19T05:46:42.282+00:00,True,69,69.0,,69.0,60581.164085000004,67297.676853,67297.676769,975.328648826087,0.0,60581.164085000004,7282.493594071948,114.19872640000001,98.77224658823529,136.97072115975428,1.025295422169155,50,64,,False,True,,243,56.69694568066818
31,2026-09-19T05:45:35.515+00:00,2026-09-19T05:46:39.355+00:00,2026-09-19T05:46:42.927+00:00,True,43,43.0,,43.0,63840.375590999996,67411.980071,67411.980002,1567.7204651627906,0.0,63840.375590999996,9722.675167516281,112.4709513,85.0382019047619,39.25636912191523,0.6378688173038578,50,64,,False,True,,173,56.69694568066818
32,2026-09-19T05:45:35.918+00:00,2026-09-19T05:46:40.654+00:00,2026-09-19T05:46:45.182+00:00,True,47,47.0,,47.0,64736.318023,69263.725383,69263.725501,1473.6962872553192,44.167826999999996,64736.318023,9428.42712753792,112.97814129999999,98.42189913043478,20.100022404173195,0.6785658689322481,50,64,,False,True,,209,56.69694568066818
33,2026-09-19T05:45:36.474+00:00,2026-09-19T05:46:43.769+00:00,2026-09-19T05:46:49.536+00:00,True,60,60.0,,60.0,67295.412102,73062.386054,73062.386262,1217.7064377,48.291006,67295.412102,8675.19624342384,111.57914494999999,97.74532122033898,16.143347488551264,0.821215994173176,50,64,,False,True,,285,56.69694568066818
34,2026-09-19T05:45:37.112+00:00,2026-09-19T05:46:45.279+00:00,2026-09-19T05:46:51.334+00:00,True,54,54.0,,54.0,68167.26255500001,74222.261339,74222.26140900001,1374.486322388889,46.439351,68167.26255500001,9261.71997325318,109.67239995,114.2452600754717,128.6959384060892,0.727544526747338,50,64,,False,True,,245,56.69694568066818
35,2026-09-19T05:45:37.501+00:00,2026-09-19T05:46:48.988+00:00,2026-09-19T05:46:51.333+00:00,True,22,22.0,,22.0,71486.347902,73831.962238,73831.96237899999,3355.9982899545453,0.0,71486.347902,15218.569679370281,981.1131594,111.69592076190476,214.7244851360253,0.2979739307087926,50,64,,False,True,,95,56.69694568066818
36,2026-09-19T05:45:37.950+00:00,2026-09-19T05:46:51.509+00:00,2026-09-19T05:46:57.233+00:00,True,57,57.0,,57.0,73559.78529,79283.594826,79283.594831,1390.9402601929824,0.01721,73559.78529,9730.268414627064,142.07395100000002,102.21088457142856,106.73740901308801,0.718938137518805,50,64,,False,True,,230,56.69694568066818
37,2026-09-19T05:45:38.339+00:00,2026-09-19T05:46:53.115+00:00,2026-09-19T05:46:53.115+00:00,True,1,1.0,,1.0,74775.37654099999,74775.37654099999,74775.37654099999,74775.37654099999,74775.37654099999,74775.37654099999,nan,74775.37654099999,nan,nan,0.013373386350675096,50,64,,False,True,,3,56.69694568066818
38,2026-09-19T05:45:38.911+00:00,2026-09-19T05:46:56.333+00:00,2026-09-19T05:46:59.434+00:00,True,31,31.0,,31.0,77421.657443,80522.458211,80522.45826,2597.498653548387,52.137367,77421.657443,13886.783410182805,118.1951225,103.3600256,14.433284050597956,0.38498576283858604,50,64,,False,True,,132,56.69694568066818
39,2026-09-19T05:45:39.484+00:00,2026-09-19T05:47:00.236+00:00,2026-09-19T05:47:08.949+00:00,True,91,91.0,,91.0,80752.478141,89465.462461,89465.462291,983.1369482527473,0.0,80752.478141,8455.886929531114,113.25090449999999,96.81093688888889,122.36906914746642,1.0171522897975176,50,64,,False,True,,383,56.69694568066818
40,2026-09-19T05:45:39.916+00:00,2026-09-19T05:47:02.779+00:00,2026-09-19T05:47:03.361+00:00,True,7,7.0,,7.0,82862.856992,83444.546848,83444.54691800001,11920.649559714286,48.207367,82862.856992,31282.580760542063,58037.008774999995,96.94830933333333,24.054017271903557,0.0838880461865409,50,64,,False,True,,21,56.69694568066818
41,2026-09-19T05:45:40.456+00:00,2026-09-19T05:47:05.668+00:00,2026-09-19T05:47:09.157+00:00,True,37,37.0,,37.0,85212.22014300001,88701.30763100002,88701.30778700001,2397.332642891892,45.322603,85212.22014300001,13992.882690753178,114.01052039999999,96.9190968888889,19.636418276086307,0.4171302654738875,50,64,,False,True,,125,56.69694568066818
42,2026-09-19T05:45:41.039+00:00,2026-09-19T05:47:09.157+00:00,2026-09-19T05:47:14.886+00:00,True,60,60.0,,60.0,88117.557507,93846.62707500001,93846.627137,1564.1104522833334,47.660718,88117.557507,11363.404905563728,110.57740144999998,97.1028740338983,17.386167424046086,0.6393410383523898,50,64,,False,True,,226,56.69694568066818
43,2026-09-19T05:45:41.492+00:00,2026-09-19T05:47:11.491+00:00,2026-09-19T05:47:20.413+00:00,True,81,81.0,,81.0,89999.59466500001,98921.638057,98921.63803200002,1221.2547905185186,0.0,89999.59466500001,9989.10550071086,130.664604,111.5255424,176.6332595501941,0.8188299505647761,50,64,,False,True,,332,56.69694568066818
44,2026-09-19T05:45:41.954+00:00,2026-09-19T05:47:14.524+00:00,2026-09-19T05:47:17.464+00:00,True,27,27.0,,27.0,92570.052946,95509.47336199999,95509.47333,3537.3879011111108,0.01718,92570.052946,17794.201337373834,703.5199275,113.05463138461539,176.71106092362518,0.2826944705020475,50,64,,False,True,,94,56.69694568066818
45,2026-09-19T05:45:42.357+00:00,2026-09-19T05:47:17.581+00:00,2026-09-19T05:47:20.415+00:00,True,38,38.0,,38.0,95223.658385,98058.165137,98058.164984,2580.478025894737,0.0,95223.658385,15436.393824256627,297.2178727,76.60829059459459,218.45966133356552,0.3875250974450629,50,64,,False,True,,181,56.69694568066818
46,2026-09-19T05:45:42.817+00:00,2026-09-19T05:47:18.975+00:00,2026-09-19T05:47:20.406+00:00,True,15,15.0,,15.0,96158.012634,97588.723418,97588.723327,6505.9148884666665,0.0,96158.012634,24803.830181788966,29773.0679261,102.19362742857143,352.3774351604547,0.15370628362204078,50,64,,False,True,,60,56.69694568066818
47,2026-09-19T05:45:43.282+00:00,2026-09-19T05:47:21.393+00:00,2026-09-19T05:47:23.618+00:00,True,23,23.0,,23.0,98110.263076,100336.119588,100336.119594,4362.439982347826,49.974942999999996,98110.263076,20436.314048372158,111.8200005,101.175296,16.731325973455093,0.22922951469961725,50,64,,False,True,,103,56.69694568066818
48,2026-09-19T05:45:43.775+00:00,2026-09-19T05:47:23.940+00:00,2026-09-19T05:47:29.046+00:00,True,53,53.0,,53.0,100164.69621699999,105271.04783299999,105271.04787699999,1986.2461863584904,47.946408000000005,100164.69621699999,13745.204098620889,112.825759,98.19906953846153,19.537400251608055,0.5034622632813365,50,64,,False,True,,235,56.69694568066818
49,2026-09-19T05:45:44.251+00:00,2026-09-19T05:47:26.668+00:00,2026-09-19T05:47:33.247+00:00,True,69,69.0,,69.0,102417.323184,108996.041136,108996.04108499999,1579.652769347826,47.201889,102417.323184,12317.962567982226,108.94504959999999,96.74585223529412,17.733717102780293,0.6330505152375684,50,64,,True,True,,245,56.69694568066818
50,2026-09-19T05:45:44.760+00:00,2026-09-19T05:47:29.711+00:00,2026-09-19T05:47:38.852+00:00,True,94,94.0,,94.0,104950.672193,114092.037953,114092.037952,1213.7450845957446,45.181033000000006,104950.672193,10814.710438375416,110.613958,98.29425548387097,17.12050356091775,0.823896230504035,50,64,,True,True,,284,56.69694568066818
51,2026-09-19T05:45:45.187+00:00,2026-09-19T05:47:31.961+00:00,2026-09-19T05:47:39.327+00:00,True,76,76.0,,76.0,106774.89154099999,114140.63336499999,114140.63334599999,1501.8504387631579,45.281163,106774.89154099999,12236.66799102298,111.64997350000002,98.20989098666666,18.222423081050838,0.6658452626328653,50,64,,True,True,,366,56.69694568066818
52,2026-09-19T05:45:45.574+00:00,2026-09-19T05:47:34.133+00:00,2026-09-19T05:47:34.452+00:00,True,4,4.0,,4.0,108558.508948,108877.851796,108877.851555,27219.46288875,103.337266,108558.508948,54226.03077384406,92291.22364644999,106.447616,3.3179500488777705,0.03673841772240912,50,64,,True,True,,17,56.69694568066818
53,2026-09-19T05:45:46.076+00:00,2026-09-19T05:47:36.651+00:00,2026-09-19T05:47:40.429+00:00,True,42,42.0,,42.0,110574.388335,114352.426095,114352.42601899999,2722.6768099761903,43.053309,110574.388335,17047.79646073971,112.32204155,92.14726243902439,24.050915750565057,0.367285604986709,50,64,,True,True,,118,56.69694568066818
54,2026-09-19T05:45:46.427+00:00,2026-09-19T05:47:38.380+00:00,2026-09-19T05:47:43.656+00:00,True,55,55.0,,55.0,111952.589272,117228.201432,117228.201369,2131.4218430727274,47.325618000000006,111952.589272,15082.523355774118,111.0181472,97.69652148148148,19.751946679547224,0.46917038159886454,50,64,,True,True,,239,56.69694568066818
55,2026-09-19T05:45:46.820+00:00,2026-09-19T05:47:40.636+00:00,2026-09-19T05:47:42.820+00:00,True,22,22.0,,22.0,113815.374243,115999.608739,115999.608587,5272.709481227273,50.79076,113815.374243,24243.347234491972,114.42390434999999,104.01116647619048,12.698373585848323,0.1896558121114026,50,64,,True,True,,44,56.69694568066818
56,2026-09-19T05:45:47.184+00:00,2026-09-19T05:47:42.601+00:00,2026-09-19T05:47:44.752+00:00,True,22,22.0,,22.0,115417.240112,117567.62296,117567.622996,5343.982863454546,47.335708,115417.240112,24585.210071981848,113.05357604999999,102.39918323809523,13.209874984206118,0.18712634861627725,50,64,,True,True,,62,56.69694568066818
57,2026-09-19T05:45:47.560+00:00,2026-09-19T05:47:44.906+00:00,2026-09-19T05:47:48.486+00:00,True,36,36.0,,36.0,117345.650657,120925.736673,120925.73667700001,3359.0482410277777,50.88117,117345.650657,19540.5628050029,109.52875449999999,102.28817188571429,9.80737188834351,0.297703375563045,50,64,,True,True,,72,56.69694568066818
58,2026-09-19T05:45:48.031+00:00,2026-09-19T05:47:47.282+00:00,2026-09-19T05:47:53.507+00:00,True,63,63.0,,63.0,119250.74493700001,125475.178601,125475.17874500001,1991.669503888889,47.475358,119250.74493700001,15011.540957490999,112.1632332,100.39409135483871,15.39722321653357,0.5020913355328581,50,64,,True,True,,252,56.69694568066818
59,2026-09-19T05:45:48.575+00:00,2026-09-19T05:47:50.442+00:00,2026-09-19T05:47:50.442+00:00,True,1,1.0,,1.0,121866.389596,121866.389596,121866.389596,121866.389596,121866.389596,121866.389596,nan,121866.389596,nan,nan,0.0082057079340342,50,64,,True,True,,7,56.69694568066818
60,2026-09-19T05:45:48.987+00:00,2026-09-19T05:47:52.678+00:00,2026-09-19T05:47:59.743+00:00,True,73,73.0,,73.0,123691.283547,130756.360795,130756.360993,1791.1830273013697,43.076678,123691.283547,14465.49443856325,110.6590706,98.1260728888889,16.697001167671417,0.5582902396193903,50,64,,True,True,,277,56.69694568066818
61,2026-09-19T05:45:49.445+00:00,2026-09-19T05:47:54.456+00:00,2026-09-19T05:47:58.545+00:00,True,43,43.0,,43.0,125011.365508,129100.042628,129100.042648,3002.3265732093023,47.356767999999995,125011.365508,19049.21750303255,111.44910619999999,97.34945523809525,18.36354851953925,0.3330750255745764,50,64,,True,True,,180,56.69694568066818
62,2026-09-19T05:45:49.950+00:00,2026-09-19T05:47:56.904+00:00,2026-09-19T05:48:00.988+00:00,True,41,41.0,,41.0,126954.258617,131038.171833,131038.172029,3196.052976317073,46.21421,126954.258617,19810.983678456443,112.071115,102.0978304,13.561198455981428,0.3128859280199051,50,64,,True,True,,120,56.69694568066818
63,2026-09-19T05:45:50.384+00:00,2026-09-19T05:47:59.943+00:00,2026-09-19T05:48:06.981+00:00,True,72,72.0,,72.0,129558.952216,136597.259032,136597.259125,1897.1841545138889,45.845222,129558.952216,15256.996133604418,113.07418804999999,99.13108191549296,17.50252616120382,0.5270969601456856,50,64,,True,True,,303,56.69694568066818
64,2026-09-19T05:45:50.803+00:00,2026-09-19T05:48:01.970+00:00,2026-09-19T05:48:07.083+00:00,True,53,53.0,,53.0,131166.878949,136280.696805,136280.696911,2571.333903981132,47.199669,131166.878949,18003.658368733017,112.88832180000001,98.34265107692308,19.452811750857315,0.38890320670898915,50,64,,True,True,,245,56.69694568066818
65,2026-09-19T05:45:51.311+00:00,2026-09-19T05:48:04.381+00:00,2026-09-19T05:48:06.983+00:00,True,27,27.0,,27.0,133069.195834,135671.864122,135671.864172,5024.883858222222,48.731645,133069.195834,25589.91988170465,111.67477600000002,100.10262646153846,17.81547690778271,0.19900957486454843,50,64,,True,True,,102,56.69694568066818
66,2026-09-19T05:45:51.801+00:00,2026-09-19T05:48:07.187+00:00,2026-09-19T05:48:11.217+00:00,True,41,41.0,,41.0,135385.799563,139415.705739,139415.70582200002,3400.3830688292683,46.38753,135385.799563,21127.98311152226,114.00934,100.7476544,18.182160417364255,0.2940845135250117,50,64,,True,True,,169,56.69694568066818
67,2026-09-19T05:45:52.389+00:00,2026-09-19T05:48:10.473+00:00,2026-09-19T05:48:14.285+00:00,True,39,39.0,,39.0,138084.191107,141895.647363,141895.647409,3638.3499335641022,43.972445,138084.191107,22095.11096856608,111.5920718,100.30148042105263,15.753170287381645,0.2748498683700248,50,64,,True,True,,133,56.69694568066818
68,2026-09-19T05:45:52.994+00:00,2026-09-19T05:48:13.563+00:00,2026-09-19T05:48:22.899+00:00,True,93,93.0,,93.0,140568.407474,149904.728754,149904.72879700002,1611.8788042688172,47.007139,140568.407474,14565.748695541837,111.6834266,101.48175304347826,14.386602945227317,0.6203940380867966,50,64,,True,True,,317,56.69694568066818
69,2026-09-19T05:45:53.471+00:00,2026-09-19T05:48:16.258+00:00,2026-09-19T05:48:25.243+00:00,True,93,93.0,,93.0,142787.048672,151771.952096,151771.951905,1631.9564720967742,44.072626,142787.048672,14796.213867175356,112.8724736,97.66199373913044,20.269906603890867,0.6127614405405744,50,64,,True,True,,448,56.69694568066818
70,2026-09-19T05:45:53.999+00:00,2026-09-19T05:48:19.777+00:00,2026-09-19T05:48:23.206+00:00,True,36,36.0,,36.0,145777.645407,149206.981983,149206.981953,4144.6383875833335,45.727782,145777.645407,24279.950839550787,111.34039975,97.98104502857143,18.408487157375088,0.2412755725070673,50,64,,True,True,,121,56.69694568066818
71,2026-09-19T05:45:54.335+00:00,2026-09-19T05:48:21.235+00:00,2026-09-19T05:48:25.508+00:00,True,47,47.0,,47.0,146899.990378,151172.855658,151172.85570299998,3216.443738361702,46.57038,146899.990378,21414.028344027858,110.340342,92.8883756521739,22.592431056562745,0.3109023759287092,50,64,,True,True,,158,56.69694568066818
72,2026-09-19T05:45:54.869+00:00,2026-09-19T05:48:24.201+00:00,2026-09-19T05:48:31.601+00:00,True,77,77.0,,77.0,149332.27022099998,156732.17038099997,156732.17028499997,2035.4827309740258,43.787276,149332.27022099998,17006.9079619997,112.76775000000002,97.36710736842105,20.652810358416623,0.49128395155136834,50,64,,True,True,,328,56.69694568066818
73,2026-09-19T05:45:55.275+00:00,2026-09-19T05:48:26.570+00:00,2026-09-19T05:48:28.688+00:00,True,22,22.0,,22.0,151295.303194,153413.741082,153413.74108500002,6973.3518675000005,49.116805,151295.303194,32234.7642706678,114.22217210000001,100.87799466666667,17.47116417532905,0.14340306053967453,50,64,,True,True,,70,56.69694568066818
74,2026-09-19T05:45:55.694+00:00,2026-09-19T05:48:28.789+00:00,2026-09-19T05:48:33.300+00:00,True,46,46.0,,46.0,153094.104727,157605.87919099999,157605.87931699998,3426.2147677608696,45.311283,153094.104727,22557.71718401912,111.608172,100.26165475555555,16.192027150126894,0.2918672846223798,50,64,,True,True,,226,56.69694568066818
75,2026-09-19T05:45:56.162+00:00,2026-09-19T05:48:31.441+00:00,2026-09-19T05:48:36.912+00:00,True,55,55.0,,55.0,155279.29070500002,160750.65633700002,160750.65642600003,2922.739207745455,44.770624000000005,155279.29070500002,20924.200218575414,112.4114437,101.32158577777777,17.437448980976487,0.34214479276959964,50,64,,True,True,,245,56.69694568066818
76,2026-09-19T05:45:56.698+00:00,2026-09-19T05:48:33.938+00:00,2026-09-19T05:48:37.128+00:00,True,33,33.0,,33.0,157240.063801,160429.498681,160429.498559,4861.499956333334,43.829125999999995,157240.063801,27354.6382463369,113.45214660000002,99.66984,19.60948383956836,0.20569783157907642,50,64,,True,True,,110,56.69694568066818
77,2026-09-19T05:45:57.163+00:00,2026-09-19T05:48:36.802+00:00,2026-09-19T05:48:41.000+00:00,True,42,42.0,,42.0,159638.95561,163836.96265,163836.962534,3900.8800603333334,47.256349,159638.95561,24617.032992095163,115.80908015000001,102.3904156097561,18.16801362337014,0.25635240864250725,50,64,,True,True,,166,56.69694568066818
78,2026-09-19T05:45:57.627+00:00,2026-09-19T05:48:39.126+00:00,2026-09-19T05:48:47.351+00:00,True,83,83.0,,83.0,161499.002533,169724.42512499998,169724.425201,2044.8725927831324,44.877545,161499.002533,17715.815218555752,111.48277829999999,100.3100316097561,16.04014148956495,0.489028022565824,50,64,,True,True,,379,56.69694568066818
79,2026-09-19T05:45:58.114+00:00,2026-09-19T05:48:41.750+00:00,2026-09-19T05:48:48.234+00:00,True,67,67.0,,67.0,163636.60760299998,170120.559475,170120.55942799998,2539.1128272835817,47.140629000000004,163636.60760299998,19979.398398162433,111.69986660000001,98.24169503030303,16.977689336825012,0.39383834738590756,50,64,,True,True,,320,56.69694568066818
80,2026-09-19T05:45:58.574+00:00,2026-09-19T05:48:44.090+00:00,2026-09-19T05:48:52.952+00:00,True,90,90.0,,90.0,165516.05807,174377.112278,174377.112414,1937.5234712666665,43.900577,165516.05807,17436.437322194182,112.2573528,99.56240683146066,16.472716365506848,0.5161227802449089,50,64,,True,True,,494,56.69694568066818
81,2026-09-19T05:45:58.996+00:00,2026-09-19T05:48:46.520+00:00,2026-09-19T05:48:53.733+00:00,True,73,73.0,,73.0,167523.89969800002,174736.722226,174736.722199,2393.653728753425,45.963522,167523.89969800002,19595.470683888714,111.3941816,100.17809066666668,15.746707280043783,0.41777137095191513,50,64,,True,True,,253,56.69694568066818
82,2026-09-19T05:45:59.582+00:00,2026-09-19T05:48:49.428+00:00,2026-09-19T05:48:57.477+00:00,True,80,80.0,,80.0,169845.47730199998,177894.962102,177894.96205499998,2223.6870256875,51.982167000000004,169845.47730199998,18977.914261414015,109.98597050000001,101.89221265822785,13.168864127026628,0.44970357257295596,50,64,,True,True,,265,56.69694568066818
83,2026-09-19T05:46:00.131+00:00,2026-09-19T05:48:52.841+00:00,2026-09-19T05:48:56.925+00:00,True,42,42.0,,42.0,172710.204139,176793.822699,176793.822813,4209.376733642857,49.742513,172710.204139,26634.399524205397,111.5084831,99.60045268292683,16.747415329837327,0.23756486147995692,50,64,,True,True,,219,56.69694568066818
84,2026-09-19T05:46:00.676+00:00,2026-09-19T05:48:55.298+00:00,2026-09-19T05:49:00.791+00:00,True,57,57.0,,57.0,174622.279169,180115.325697,180115.32572599998,3159.9179951929823,45.085764000000005,174622.279169,23116.30159348218,113.5774968,98.09011657142857,19.45972349508904,0.31646390877303004,50,64,,True,True,,288,56.69694568066818
85,2026-09-19T05:46:01.195+00:00,2026-09-19T05:48:58.053+00:00,2026-09-19T05:49:06.326+00:00,True,84,84.0,,84.0,176857.685118,185131.09593399998,185131.09593399998,2203.9416182619048,47.756517,176857.685118,19285.886652351393,111.03150749999999,99.67964838554217,16.689581319887875,0.45373252708419315,50,64,,True,True,,403,56.69694568066818
86,2026-09-19T05:46:01.767+00:00,2026-09-19T05:49:01.212+00:00,2026-09-19T05:49:04.788+00:00,True,37,37.0,,37.0,179445.536007,183021.034759,183021.03466499998,4946.514450405405,46.277291,179445.536007,29484.34211168218,112.6136204,99.31940977777778,18.635401007303823,0.2021625549692754,50,64,,True,True,,174,56.69694568066818
87,2026-09-19T05:46:02.224+00:00,2026-09-19T05:49:04.313+00:00,2026-09-19T05:49:08.201+00:00,True,40,40.0,,40.0,182088.793948,185976.958812,185976.958939,4649.423973475,47.845978,182088.793948,28775.008865700664,114.51778355,99.69653497435898,18.839331359962852,0.21508040703276107,50,64,,True,True,,182,56.69694568066818
88,2026-09-19T05:46:02.778+00:00,2026-09-19T05:49:07.234+00:00,2026-09-19T05:49:09.923+00:00,True,28,28.0,,28.0,184456.01569600002,187145.633872,187145.633987,6683.772642392858,50.614942,184456.01569600002,34840.090763263855,116.4444544,99.615488,20.7300518360789,0.14961610068419154,50,64,,True,True,,108,56.69694568066818
89,2026-09-19T05:46:03.376+00:00,2026-09-19T05:49:10.242+00:00,2026-09-19T05:49:11.206+00:00,True,11,11.0,,11.0,186865.463642,187830.02018599998,187830.02029299998,17075.456390272728,44.537754,186865.463642,56312.98010089695,93489.782192,96.4556544,25.947865890312507,0.058563588446123645,50,64,,True,True,,51,56.69694568066818
90,2026-09-19T05:46:03.897+00:00,2026-09-19T05:49:12.769+00:00,2026-09-19T05:49:18.669+00:00,True,59,59.0,,59.0,188871.76335,194772.20879,194772.208648,3301.2238753898305,43.704077,188871.76335,24575.770268856686,112.68720590000001,101.73181793103447,16.491035899880377,0.3029179592228826,50,64,,True,True,,296,56.69694568066818
91,2026-09-19T05:46:04.505+00:00,2026-09-19T05:49:16.435+00:00,2026-09-19T05:49:21.433+00:00,True,52,52.0,,52.0,191930.81182899998,196928.916149,196928.91610099998,3787.0945404038457,46.715849999999996,191930.81182899998,26602.43142148218,114.47338155000001,98.00204549019608,19.64868220339857,0.26405467016664963,50,64,,True,True,,240,56.69694568066818
92,2026-09-19T05:46:04.942+00:00,2026-09-19T05:49:18.773+00:00,2026-09-19T05:49:20.072+00:00,True,16,16.0,,16.0,193831.306138,195130.731162,195130.73118,12195.67069875,48.307396,193831.306138,48436.17642873894,48542.40061075,86.62833493333333,26.912588644052867,0.0819963103951914,50,64,,True,True,,97,56.69694568066818
93,2026-09-19T05:46:05.458+00:00,2026-09-19T05:49:21.644+00:00,2026-09-19T05:49:28.245+00:00,True,65,65.0,,65.0,196185.72226699998,202787.02914699996,202787.02912599998,3119.8004480923073,50.466822,196185.72226699998,24321.053265107344,112.5129132,103.14542,11.94665512064136,0.32053332145263397,50,64,,True,True,,325,56.69694568066818
94,2026-09-19T05:46:06.002+00:00,2026-09-19T05:49:24.697+00:00,2026-09-19T05:49:25.766+00:00,True,11,11.0,,11.0,198695.29655,199764.684326,199764.684294,18160.425844909092,103.513786,198695.29655,59876.64285135761,99404.25443200002,106.9387776,3.2819041118977528,0.0550647880385548,50,64,,True,True,,49,56.69694568066818
95,2026-09-19T05:46:06.418+00:00,2026-09-19T05:49:26.995+00:00,2026-09-19T05:49:32.265+00:00,True,52,52.0,,52.0,200577.206783,205847.116543,205847.116626,3958.598396653846,48.846915,200577.206783,27800.727799238535,113.08185624999999,103.33156392156863,13.719669121204753,0.2526146631212955,50,64,,True,True,,260,56.69694568066818
96,2026-09-19T05:46:06.817+00:00,2026-09-19T05:49:29.197+00:00,2026-09-19T05:49:31.728+00:00,True,26,26.0,,26.0,202380.202262,204910.94223000002,204910.942198,7881.190084538462,47.698947999999994,202380.202262,39670.174922461425,113.234364,101.22959872,19.463559926791014,0.12688439044322283,50,64,,True,True,,122,56.69694568066818
97,2026-09-19T05:46:07.350+00:00,2026-09-19T05:49:30.702+00:00,2026-09-19T05:49:35.477+00:00,True,46,46.0,,46.0,203352.459772,208126.776572,208126.77671,4524.495145869565,48.920595,203352.459772,29967.044189742195,115.74054575,106.09592888888889,12.921239706057841,0.22101913438363668,50,64,,True,True,,160,56.69694568066818
98,2026-09-19T05:46:07.637+00:00,2026-09-19T05:49:33.848+00:00,2026-09-19T05:49:38.473+00:00,True,46,46.0,,46.0,206210.774621,210836.04489299998,210836.044878,4583.392279956522,47.655646999999995,206210.774621,30388.968712079422,113.34821649999998,102.78378382222222,14.46007949245078,0.21817901214825558,50,64,,True,True,,188,56.69694568066818
99,2026-09-19T05:46:08.100+00:00,2026-09-19T05:49:36.927+00:00,2026-09-19T05:49:45.000+00:00,True,84,84.0,,84.0,208827.403395,216900.249731,216900.249537,2582.1458278214286,43.400857,208827.403395,22774.3330128804,110.97182665,97.26320886746987,18.72191816227324,0.38727479615250293,50,64,,True,True,,406,56.69694568066818
100,2026-09-19T05:46:08.477+00:00,2026-09-19T05:49:38.986+00:00,2026-09-19T05:49:42.149+00:00,True,34,34.0,,34.0,210508.895838,213672.179294,213672.17919999998,6284.475858823529,48.737847,210508.895838,36085.54329432818,112.8180503,95.85707442424243,18.999857404175696,0.15912225967994673,50,64,,True,True,,136,56.69694568066818
101,2026-09-19T05:46:09.024+00:00,2026-09-19T05:49:41.876+00:00,2026-09-19T05:49:42.250+00:00,True,5,5.0,,5.0,212851.362574,213225.342478,213225.342543,42645.0685086,52.33668,212851.362574,95148.21398489116,170303.41103179997,93.494976,27.831135928798787,0.023449370238511333,50,64,,True,True,,11,56.69694568066818
102,2026-09-19T05:46:09.501+00:00,2026-09-19T05:49:44.372+00:00,2026-09-19T05:49:46.747+00:00,True,25,25.0,,25.0,214870.907797,217245.774229,217245.774209,8689.83096836,42.645831,214870.907797,42954.395208363174,112.7201964,98.952768,19.409291389818613,0.11507703700439925,50,64,,True,True,,94,56.69694568066818
103,2026-09-19T05:46:10.101+00:00,2026-09-19T05:49:47.382+00:00,2026-09-19T05:49:57.025+00:00,True,99,99.0,,99.0,217281.264754,226924.07077,226924.070732,2292.1623306262627,44.377697,217281.264754,21827.706004041727,110.6255951,98.39597975510203,16.81355870390298,0.43626927572765933,50,64,,True,True,,358,56.69694568066818
104,2026-09-19T05:46:10.551+00:00,2026-09-19T05:49:49.774+00:00,2026-09-19T05:49:56.604+00:00,True,70,70.0,,70.0,219223.004265,226052.921449,226052.921531,3229.3274504428573,45.833864,219223.004265,26190.334517515763,110.603505,98.98430701449276,15.894320827138351,0.30966200105399994,50,64,,True,True,,350,56.69694568066818
105,2026-09-19T05:46:11.061+00:00,2026-09-19T05:49:52.427+00:00,2026-09-19T05:49:59.653+00:00,True,74,74.0,,74.0,221365.925494,228591.865462,228591.865467,3089.0792630675674,45.315945,221365.925494,25721.765373669245,111.67507764999999,98.98547901369864,17.785701954411103,0.32372105564841896,50,64,,True,True,,273,56.69694568066818
106,2026-09-19T05:46:11.444+00:00,2026-09-19T05:49:54.640+00:00,2026-09-19T05:49:55.439+00:00,True,9,9.0,,9.0,223195.644442,223994.58716199998,223994.587153,24888.287461444444,53.130506999999994,223195.644442,74365.26107771088,133962.4658936,99.86784,19.381719033169908,0.0401795423453287,50,64,,True,True,,27,56.69694568066818
107,2026-09-19T05:46:11.880+00:00,2026-09-19T05:49:56.706+00:00,2026-09-19T05:49:57.135+00:00,True,5,5.0,,5.0,224826.34287999998,225254.996192,225254.99612399997,45050.9992248,103.603631,224826.34287999998,100497.47229731704,179883.01618759998,107.163328,2.5605004513503475,0.022197065923182293,50,64,,True,True,,16,56.69694568066818
108,2026-09-19T05:46:12.223+00:00,2026-09-19T05:49:58.545+00:00,2026-09-19T05:50:05.862+00:00,True,75,75.0,,75.0,226321.29432699998,233638.512631,233638.51252,3115.180166933333,45.980754,226321.29432699998,26121.9207277882,113.2979134,98.88132843243243,18.581173057652126,0.3210087205034224,50,64,,True,True,,307,56.69694568066818
109,2026-09-19T05:46:12.711+00:00,2026-09-19T05:50:01.741+00:00,2026-09-19T05:50:10.165+00:00,True,90,90.0,,90.0,229030.397253,237454.117189,237454.117217,2638.379080188889,45.083277,229030.397253,24131.956335841325,111.7560864,94.64853860674158,21.58326203409865,0.3790205917059973,50,64,,True,True,,502,56.69694568066818
110,2026-09-19T05:46:13.266+00:00,2026-09-19T05:50:04.523+00:00,2026-09-19T05:50:12.468+00:00,True,84,84.0,,84.0,231257.4495,239201.825052,239201.825109,2847.640775107143,45.355606,231257.4495,25221.820629922655,110.37547930000001,95.71536809638553,19.78582141859868,0.3511678892154743,50,64,,True,True,,458,56.69694568066818
111,2026-09-19T05:46:13.655+00:00,2026-09-19T05:50:06.881+00:00,2026-09-19T05:50:10.160+00:00,True,36,36.0,,36.0,233226.041629,236505.03836500001,236505.038257,6569.584396027778,0.03555,233226.041629,38855.40825004249,143.65177974999997,93.68562102857143,35.30532059153949,0.15221663034696506,50,64,,True,True,,136,56.69694568066818
112,2026-09-19T05:46:14.122+00:00,2026-09-19T05:50:09.859+00:00,2026-09-19T05:50:13.106+00:00,True,33,33.0,,33.0,235736.995269,238983.70042100002,238983.700415,7241.9303156060605,50.40487400000001,235736.995269,41018.88403121499,112.4592094,101.459536,13.98922475302206,0.13808473105850452,50,64,,True,True,,123,56.69694568066818
113,2026-09-19T05:46:14.552+00:00,2026-09-19T05:50:12.248+00:00,2026-09-19T05:50:19.626+00:00,True,75,75.0,,75.0,237696.720778,245074.89165799998,245074.89153999998,3267.665220533333,45.399114999999995,237696.720778,27435.34760000091,114.8898952,99.7050118918919,20.28474101976982,0.30602890199238314,50,64,,True,True,,307,56.69694568066818
114,2026-09-19T05:46:14.903+00:00,2026-09-19T05:50:13.982+00:00,2026-09-19T05:50:19.159+00:00,True,54,54.0,,54.0,239078.69261700002,244256.00794500002,244256.00785700002,4523.259404759259,45.675934999999996,239078.69261700002,32521.203481347533,113.52137194999999,97.68519486792452,22.40172958267429,0.22107951593215006,50,64,,True,True,,176,56.69694568066818
115,2026-09-19T05:46:15.238+00:00,2026-09-19T05:50:15.922+00:00,2026-09-19T05:50:18.625+00:00,True,29,29.0,,29.0,240684.357278,243387.15561400002,243387.155605,8392.660538103448,50.215505,240684.357278,44676.043120807306,112.596597,96.528512,21.301191422629945,0.11915172732447954,50,64,,True,True,,136,56.69694568066818
116,2026-09-19T05:46:15.572+00:00,2026-09-19T05:50:18.142+00:00,2026-09-19T05:50:23.881+00:00,True,60,60.0,,60.0,242570.078715,248309.482235,248309.48227100002,4138.491371183333,43.164699999999996,242570.078715,31303.108911966752,113.1445475,97.27802576271186,17.748176547127848,0.24163394591277035,50,64,,True,True,,204,56.69694568066818
117,2026-09-19T05:46:16.160+00:00,2026-09-19T05:50:21.127+00:00,2026-09-19T05:50:23.560+00:00,True,26,26.0,,26.0,244967.343642,247399.82031399998,247399.820361,9515.377706192307,42.606402,244967.343642,48022.969323872705,108.57100299999998,97.29906688,16.03833631316879,0.10509304318410898,50,64,,True,True,,104,56.69694568066818
118,2026-09-19T05:46:16.518+00:00,2026-09-19T05:50:22.491+00:00,2026-09-19T05:50:25.092+00:00,True,28,28.0,,28.0,245972.203768,248573.42079200002,248573.42075000002,8877.622169642857,48.507127999999994,245972.203768,46466.17331186458,110.5113447,96.34137125925925,16.825153867419377,0.11264277536506888,50,64,,True,True,,159,56.69694568066818
119,2026-09-19T05:46:17.118+00:00,2026-09-19T05:50:25.859+00:00,2026-09-19T05:50:28.410+00:00,True,28,28.0,,28.0,248741.050109,251292.241917,251292.242026,8974.7229295,44.204767999999994,248741.050109,46989.78834740294,113.29234104999999,94.48858548148148,22.205230795656668,0.11142405267428906,50,64,,True,True,,164,56.69694568066818
120,2026-09-19T05:46:17.478+00:00,2026-09-19T05:50:27.781+00:00,2026-09-19T05:50:31.450+00:00,True,36,36.0,,36.0,250302.667353,253972.549721,253972.54953299998,7054.793042583333,91.17571000000001,250302.667353,41699.6358522685,111.62202024999999,104.85378194285714,4.689890555210493,0.14174760240643167,50,64,,True,True,,94,56.69694568066818
121,2026-09-19T05:46:17.992+00:00,2026-09-19T05:50:30.616+00:00,2026-09-19T05:50:36.374+00:00,True,58,58.0,,58.0,252624.046641,258382.434865,258382.434953,4454.869568155173,44.500807,252624.046641,33157.89993079505,110.03259369999998,101.02435480701754,13.3987406230001,0.22447346326116913,50,64,,True,True,,232,56.69694568066818
122,2026-09-19T05:46:18.528+00:00,2026-09-19T05:50:32.990+00:00,2026-09-19T05:50:33.599+00:00,True,8,8.0,,8.0,254462.128444,255071.63398,255071.63390000002,31883.954237500002,44.709367,254462.128444,89935.16732629253,165438.5094821,87.07221942857143,27.908633507479024,0.031363738394474996,50,64,,True,True,,38,56.69694568066818
123,2026-09-19T05:46:18.991+00:00,2026-09-19T05:50:35.958+00:00,2026-09-19T05:50:41.563+00:00,True,57,57.0,,57.0,256967.133679,262572.061167,262572.061214,4606.527389719298,44.970837,256967.133679,34022.87650944761,114.35703799999999,100.08799085714286,18.91095868844353,0.2170832637206862,50,64,,True,True,,282,56.69694568066818
124,2026-09-19T05:46:19.481+00:00,2026-09-19T05:50:38.194+00:00,2026-09-19T05:50:47.967+00:00,True,100,100.0,,100.0,258713.17225200002,268486.12918000005,268486.12911000004,2684.8612911,46.125244,258713.17225200002,25861.451895829687,112.80498879999999,98.71673664646464,18.20687607366702,0.37245871995479296,50,64,,True,True,,543,56.69694568066818
125,2026-09-19T05:46:20.034+00:00,2026-09-19T05:50:41.348+00:00,2026-09-19T05:50:50.534+00:00,True,95,95.0,,95.0,261313.075431,270499.361255,270499.361419,2847.3616991473687,45.902014,261313.075431,26800.135738974826,111.7188981,97.72644493617021,18.6351712544102,0.3512023080544113,50,64,,True,True,,323,56.69694568066818
126,2026-09-19T05:46:20.369+00:00,2026-09-19T05:50:43.156+00:00,2026-09-19T05:50:50.532+00:00,True,77,77.0,,77.0,262786.78663600003,270163.10126,270163.10123200004,3508.6117043116888,46.902752,262786.78663600003,29936.27869964946,110.8996076,97.05677136842105,18.521490104989127,0.2850130148820605,50,64,,True,True,,282,56.69694568066818
127,2026-09-19T05:46:20.862+00:00,2026-09-19T05:50:45.687+00:00,2026-09-19T05:50:50.535+00:00,True,52,52.0,,52.0,264824.18517,269672.204882,269672.20470500004,5186.0039366346155,44.228339,264824.18517,36711.330819021714,110.59632150000002,95.05921003921569,21.703014447225314,0.19282669499718574,50,64,,True,True,,267,56.69694568066818
128,2026-09-19T05:46:21.380+00:00,2026-09-19T05:50:48.533+00:00,2026-09-19T05:50:55.703+00:00,True,76,76.0,,76.0,267152.976315,274322.798267,274322.798142,3609.5105018684208,44.800757,267152.976315,30633.588479331414,113.49318249999999,95.59762602666667,19.653405752318992,0.2770458761725985,50,64,,True,True,,250,56.69694568066818
129,2026-09-19T05:46:21.875+00:00,2026-09-19T05:50:51.040+00:00,2026-09-19T05:50:53.625+00:00,True,29,29.0,,29.0,269165.876672,271750.637504,271750.63740999997,9370.711634827585,46.695203,269165.876672,49965.7105161926,108.92219980000002,92.31288685714286,20.597806495779555,0.10671548102466968,50,64,,True,True,,116,56.69694568066818
130,2026-09-19T05:46:22.753+00:00,2026-09-19T05:50:54.247+00:00,2026-09-19T05:51:00.612+00:00,True,65,65.0,,65.0,271493.94838099997,277859.245021,277859.244954,4274.7576146769225,49.616406000000005,271493.94838099997,33662.34729011496,111.48241960000001,99.45776,15.857851826205303,0.2339313921157723,50,64,,True,True,,313,56.69694568066818
131,2026-09-19T05:46:22.848+00:00,2026-09-19T05:50:54.546+00:00,2026-09-19T05:51:03.193+00:00,True,88,88.0,,88.0,271698.226645,280345.25717299996,280345.257122,3185.7415582045455,45.442616,271698.226645,28952.53841009725,111.44959125000001,99.39115549425287,17.563698309287325,0.3138986579883374,50,64,,True,True,,366,56.69694568066818
132,2026-09-19T05:46:23.321+00:00,2026-09-19T05:50:59.169+00:00,2026-09-19T05:51:06.694+00:00,True,77,77.0,,77.0,275847.929228,283372.937612,283372.93744999997,3680.168018831169,45.759035000000004,275847.929228,31424.511024620206,112.9044908,99.01326821052632,18.890967734981526,0.2717267239733032,50,64,,True,True,,362,56.69694568066818
133,2026-09-19T05:46:23.830+00:00,2026-09-19T05:51:01.768+00:00,2026-09-19T05:51:05.533+00:00,True,37,37.0,,37.0,277938.11086,281703.338124,281703.33790000004,7613.603727027027,52.592779,277938.11086,45675.5505092152,111.79447900000001,104.58964622222223,9.601668214139313,0.13134384649610847,50,64,,True,True,,177,56.69694568066818
134,2026-09-19T05:46:24.340+00:00,2026-09-19T05:51:04.477+00:00,2026-09-19T05:51:04.794+00:00,True,4,4.0,,4.0,280136.928241,280454.320625,280454.320543,70113.58013575,104.84914900000001,280136.928241,140015.56540644076,238132.44207309998,105.79746133333333,1.1114679900695896,0.014262572211709531,50,64,,True,True,,13,56.69694568066818
135,2026-09-19T05:46:24.747+00:00,2026-09-19T05:51:06.894+00:00,2026-09-19T05:51:11.876+00:00,True,53,53.0,,53.0,282146.757344,287129.37110399996,287129.37111999997,5417.535304150943,45.234646,282146.757344,38742.68096251923,112.3456766,95.8194953846154,20.02849201514645,0.18458578373998208,50,64,,True,True,,186,56.69694568066818
136,2026-09-19T05:46:25.184+00:00,2026-09-19T05:51:09.424+00:00,2026-09-19T05:51:09.845+00:00,True,5,5.0,,5.0,284239.856676,284660.989732,284660.989759,56932.1979518,103.11154300000001,284239.856676,127068.8441950597,227413.610315,105.283264,2.375320905044481,0.017564753093521367,50,64,,True,True,,14,56.69694568066818
137,2026-09-19T05:46:25.647+00:00,2026-09-19T05:51:11.617+00:00,2026-09-19T05:51:19.055+00:00,True,76,76.0,,76.0,285970.167642,293408.233306,293408.233293,3860.6346485921053,45.538736,285970.167642,32791.656705645466,111.75140800000001,99.17420885333334,17.918236553904435,0.2590247694949256,50,64,,True,True,,381,56.69694568066818
138,2026-09-19T05:46:26.094+00:00,2026-09-19T05:51:13.955+00:00,2026-09-19T05:51:23.397+00:00,True,96,96.0,,96.0,287861.252545,297303.240385,297303.240218,3096.9087522708332,47.723491,287861.252545,29369.57768517833,114.29293699999998,99.38934568421053,18.0809652026539,0.32290263596078694,50,64,,True,True,,392,56.69694568066818
139,2026-09-19T05:46:26.702+00:00,2026-09-19T05:51:17.301+00:00,2026-09-19T05:51:25.139+00:00,True,79,79.0,,79.0,290598.92832300003,298437.255619,298437.255706,3777.686781088608,46.742423,290598.92832300003,32683.63246529629,114.27588889999998,100.49137558974358,17.829248937984886,0.26471225864928666,50,64,,True,True,,344,56.69694568066818
140,2026-09-19T05:46:27.183+00:00,2026-09-19T05:51:19.478+00:00,2026-09-19T05:51:26.718+00:00,True,73,73.0,,73.0,292294.13384799997,299535.11714399996,299535.11718199996,4103.220783315068,45.036777,292294.13384799997,34198.67492961094,114.93528400000001,100.56921244444445,18.475706218731094,0.24371099020388193,50,64,,True,True,,291,56.69694568066818
141,2026-09-19T05:46:27.743+00:00,2026-09-19T05:51:23.395+00:00,2026-09-19T05:51:27.779+00:00,False,45,44.0,,44.0,295652.210111,300035.812799,300035.812752,6667.4625055999995,0.020739999999999998,295652.210111,44058.38354759706,113.9778642,99.62733381818181,22.89413702815401,0.14664916027699829,50,64,,True,False,Request timeout: 300.0s exceeded,173,56.69694568066818
142,2026-09-19T05:46:28.157+00:00,2026-09-19T05:51:25.443+00:00,2026-09-19T05:51:26.717+00:00,True,13,13.0,,13.0,297286.062723,298559.679619,298559.67967,22966.129205384615,100.26721,297286.062723,82422.8822341454,118982.02451640001,106.13474133333332,3.0728862505049,0.043542383273554044,50,64,,True,True,,65,56.69694568066818
143,2026-09-19T05:46:28.523+00:00,2026-09-19T05:51:27.252+00:00,2026-09-19T05:51:28.622+00:00,False,15,14.0,,14.0,298729.0993,300098.971428,300098.971577,20006.598105133333,0.02741,298729.0993,77106.26237215634,89697.8043317,97.84800914285715,28.37425865379389,0.046651276188591974,50,64,,True,False,Request timeout: 300.0s exceeded,55,56.69694568066818
144,2026-09-19T05:46:29.027+00:00,2026-09-19T05:51:29.173+00:00,2026-09-19T05:51:29.603+00:00,False,6,5.0,,5.0,300146.495675,300576.022459,300576.022489,50096.003748166666,0.0381,300146.495675,122499.23063588185,225138.569348,85.90535679999999,48.2609669165915,0.016634726745983285,50,64,,True,False,Request timeout: 300.0s exceeded,22,56.69694568066818
145,2026-09-19T05:46:29.501+00:00,2026-09-19T05:51:29.642+00:00,2026-09-19T05:51:29.642+00:00,False,1,0.0,,0.0,300140.306843,300140.306843,300140.306843,300140.306843,300140.306843,300140.306843,nan,300140.306843,nan,nan,0.0,50,64,,True,False,"HTTPConnectionPool(host='gpu03', port=9002): Read timed out.",0,56.69694568066818
146,2026-09-19T05:46:29.903+00:00,2026-09-19T05:51:29.916+00:00,2026-09-19T05:51:29.916+00:00,False,1,0.0,,0.0,300012.255157,300012.255157,300012.255157,300012.255157,300012.255157,300012.255157,nan,300012.255157,nan,nan,0.0,50,64,,True,False,"HTTPConnectionPool(host='gpu03', port=9002): Read timed out.",0,56.69694568066818
147,2026-09-19T05:46:30.300+00:00,2026-09-19T05:51:30.334+00:00,2026-09-19T05:51:30.334+00:00,False,1,0.0,,0.0,300033.950717,300033.950717,300033.950717,300033.950717,300033.950717,300033.950717,nan,300033.950717,nan,nan,0.0,50,64,,True,False,"HTTPConnectionPool(host='gpu03', port=9002): Read timed out.",0,56.69694568066818
148,2026-09-19T05:46:30.723+00:00,2026-09-19T05:51:30.811+00:00,2026-09-19T05:51:30.811+00:00,False,1,0.0,,0.0,300087.64171600004,300087.64171600004,300087.64171600004,300087.64171600004,300087.64171600004,300087.64171600004,nan,300087.64171600004,nan,nan,0.0,50,64,,True,False,"HTTPConnectionPool(host='gpu03', port=9002): Read timed out.",0,56.69694568066818
149,2026-09-19T05:46:31.137+00:00,2026-09-19T05:51:30.985+00:00,2026-09-19T05:51:31.209+00:00,False,4,3.0,,3.0,299848.00963700004,300072.69827700005,300072.69823100005,75018.17455775001,0.02044,299848.00963700004,149886.56608031748,254887.97286965002,74.89621333333332,64.87819069737101,0.009997577311184341,50,64,,True,False,Request timeout: 300.0s exceeded,18,56.69694568066818
150,2026-09-19T05:46:31.588+00:00,2026-09-19T05:51:31.209+00:00,2026-09-19T05:51:31.634+00:00,False,7,6.0,,6.0,299621.50928,300045.769632,300045.769656,42863.68137942857,0.03718,299621.50928,113219.56781712215,209771.674817,70.71005866666667,46.18930326095531,0.019996949156653256,50,64,,True,False,Request timeout: 300.0s exceeded,18,56.69694568066818
151,2026-09-19T05:46:32.070+00:00,2026-09-19T05:51:32.116+00:00,2026-09-19T05:51:32.116+00:00,False,1,0.0,,0.0,300045.060163,300045.060163,300045.060163,300045.060163,300045.060163,300045.060163,nan,300045.060163,nan,nan,0.0,50,64,,True,False,"HTTPConnectionPool(host='gpu03', port=9002): Read timed out.",0,56.69694568066818
152,2026-09-19T05:46:32.629+00:00,2026-09-19T05:51:32.654+00:00,2026-09-19T05:51:32.654+00:00,False,1,0.0,,0.0,300024.393168,300024.393168,300024.393168,300024.393168,300024.393168,300024.393168,nan,300024.393168,nan,nan,0.0,50,64,,True,False,"HTTPConnectionPool(host='gpu03', port=9002): Read timed out.",0,56.69694568066818
153,2026-09-19T05:46:33.033+00:00,2026-09-19T05:51:32.912+00:00,2026-09-19T05:51:33.141+00:00,False,4,3.0,,3.0,299878.52005299996,300108.13490099995,300108.13500599994,75027.03375149998,0.041100000000000005,299878.52005299996,149901.00064513445,254914.38668154995,76.53828266666667,66.3096433363437,0.009996396802071506,50,64,,True,False,Request timeout: 300.0s exceeded,7,56.69694568066818
154,2026-09-19T05:46:33.438+00:00,2026-09-19T05:51:33.550+00:00,2026-09-19T05:51:33.550+00:00,False,1,0.0,,0.0,300111.64956,300111.64956,300111.64956,300111.64956,300111.64956,300111.64956,nan,300111.64956,nan,nan,0.0,50,64,,True,False,"HTTPConnectionPool(host='gpu03', port=9002): Read timed out.",0,56.69694568066818
155,2026-09-19T05:46:34.025+00:00,2026-09-19T05:51:34.043+00:00,2026-09-19T05:51:34.043+00:00,False,1,0.0,,0.0,300018.790092,300018.790092,300018.790092,300018.790092,300018.790092,300018.790092,nan,300018.790092,nan,nan,0.0,50,64,,True,False,"HTTPConnectionPool(host='gpu03', port=9002): Read timed out.",0,56.69694568066818
156,2026-09-19T05:46:34.524+00:00,2026-09-19T05:51:34.408+00:00,2026-09-19T05:51:34.551+00:00,False,3,2.0,,2.0,299884.17263700004,300026.79663700005,300026.79672900005,100008.93224300002,0.039380000000000005,299884.17263700004,173097.0504419772,269910.01384450006,71.312,100.79500564313912,0.006666071239029303,50,64,,True,False,Request timeout: 300.0s exceeded,4,56.69694568066818
157,2026-09-19T05:46:35.094+00:00,2026-09-19T05:51:35.140+00:00,2026-09-19T05:51:35.140+00:00,False,1,0.0,,0.0,300046.585991,300046.585991,300046.585991,300046.585991,300046.585991,300046.585991,nan,300046.585991,nan,nan,0.0,50,64,,True,False,"HTTPConnectionPool(host='gpu03', port=9002): Read timed out.",0,56.69694568066818
158,2026-09-19T05:46:35.646+00:00,2026-09-19T05:51:35.753+00:00,2026-09-19T05:51:35.753+00:00,False,1,0.0,,0.0,300106.561992,300106.561992,300106.561992,300106.561992,300106.561992,300106.561992,nan,300106.561992,nan,nan,0.0,50,64,,True,False,TTFT timeout: 300.0s exceeded (TTFT: 300.100s),0,56.69694568066818
159,2026-09-19T05:46:36.030+00:00,2026-09-19T05:51:35.892+00:00,2026-09-19T05:51:36.153+00:00,False,4,3.0,,3.0,299862.084633,300122.369817,300122.369595,75030.59239875,0.025,299862.084633,149887.67403884834,254902.4018964,86.761728,75.11974307905116,0.00999592266924073,50,64,,True,False,Request timeout: 300.0s exceeded,10,56.69694568066818
160,2026-09-19T05:46:36.589+00:00,2026-09-19T05:51:36.696+00:00,2026-09-19T05:51:36.696+00:00,False,1,0.0,,0.0,300106.95454799995,300106.95454799995,300106.95454799995,300106.95454799995,300106.95454799995,300106.95454799995,nan,300106.95454799995,nan,nan,0.0,50,64,,True,False,"HTTPConnectionPool(host='gpu03', port=9002): Read timed out.",0,56.69694568066818
162,2026-09-19T05:46:37.733+00:00,2026-09-19T05:51:37.332+00:00,2026-09-19T05:51:37.332+00:00,True,1,1.0,,1.0,299599.057212,299599.057212,299599.057212,299599.057212,299599.057212,299599.057212,nan,299599.057212,nan,nan,0.0033377942150611896,50,64,,True,True,,4,56.69694568066818
161,2026-09-19T05:46:37.713+00:00,2026-09-19T05:51:37.457+00:00,2026-09-19T05:51:37.998+00:00,False,7,6.0,,6.0,299744.01949800004,300284.86173800007,300284.86157600005,42897.83736800001,0.04362,299744.01949800004,113258.52777015466,209854.69582290002,90.14037333333333,44.39685200650916,0.01998102723285141,50,64,,True,False,Request timeout: 300.0s exceeded,24,56.69694568066818
163,2026-09-19T05:46:37.845+00:00,2026-09-19T05:51:37.787+00:00,2026-09-19T05:51:37.995+00:00,False,4,3.0,,3.0,299942.23449,300150.830714,300150.830721,75037.70768025,0.038950000000000005,299942.23449,149936.35936257822,254967.56624925003,69.53207466666667,60.569649612873455,0.009994974836030231,50,64,,True,False,Request timeout: 300.0s exceeded,13,56.69694568066818
164,2026-09-19T05:46:38.391+00:00,2026-09-19T05:51:38.401+00:00,2026-09-19T05:51:38.401+00:00,False,1,0.0,,0.0,300009.824633,300009.824633,300009.824633,300009.824633,300009.824633,300009.824633,nan,300009.824633,nan,nan,0.0,50,64,,True,False,"HTTPConnectionPool(host='gpu03', port=9002): Read timed out.",0,56.69694568066818
165,2026-09-19T05:46:38.738+00:00,2026-09-19T05:51:39.174+00:00,2026-09-19T05:51:39.476+00:00,False,5,4.0,,4.0,300436.171101,300738.134109,300738.133998,60147.626799599995,0.03302,300436.171101,134325.39666578974,240385.56736879997,75.490752,77.6843129702356,0.013300607892147905,50,64,,True,False,Request timeout: 300.0s exceeded,14,56.69694568066818
166,2026-09-19T05:46:39.174+00:00,2026-09-19T05:51:39.361+00:00,2026-09-19T05:51:39.578+00:00,False,6,5.0,,5.0,300187.08022500004,300404.43036900007,300404.43033600005,50067.40505600001,0.022629999999999997,300187.08022500004,122533.11787879276,225157.17338000002,43.470028799999994,25.4828044644896,0.016644228561670273,50,64,,True,False,Request timeout: 300.0s exceeded,12,56.69694568066818
167,2026-09-19T05:46:39.561+00:00,2026-09-19T05:51:39.708+00:00,2026-09-19T05:51:39.708+00:00,False,1,0.0,,0.0,300147.197126,300147.197126,300147.197126,300147.197126,300147.197126,300147.197126,nan,300147.197126,nan,nan,0.0,50,64,,True,False,"HTTPConnectionPool(host='gpu03', port=9002): Read timed out.",0,56.69694568066818
168,2026-09-19T05:46:40.127+00:00,2026-09-19T05:51:40.276+00:00,2026-09-19T05:51:40.276+00:00,False,1,0.0,,0.0,300149.43043,300149.43043,300149.43043,300149.43043,300149.43043,300149.43043,nan,300149.43043,nan,nan,0.0,50,64,,True,False,"HTTPConnectionPool(host='gpu03', port=9002): Read timed out.",0,56.69694568066818
169,2026-09-19T05:46:40.693+00:00,2026-09-19T05:51:40.776+00:00,2026-09-19T05:51:40.776+00:00,False,1,0.0,,0.0,300082.406123,300082.406123,300082.406123,300082.406123,300082.406123,300082.406123,nan,300082.406123,nan,nan,0.0,50,64,,True,False,TTFT timeout: 300.0s exceeded (TTFT: 300.067s),0,56.69694568066818
170,2026-09-19T05:46:41.267+00:00,2026-09-19T05:51:40.954+00:00,2026-09-19T05:51:41.272+00:00,False,5,4.0,,4.0,299687.19366900006,300005.79795700003,300005.79788800003,60001.15957760001,0.023649999999999997,299687.19366900006,133988.5750329894,239775.41007020007,79.651072,55.630870304828605,0.013333075651335652,50,64,,True,False,Request timeout: 300.0s exceeded,14,56.69694568066818
171,2026-09-19T05:46:41.668+00:00,2026-09-19T05:51:41.171+00:00,2026-09-19T05:51:41.723+00:00,False,8,7.0,,7.0,299503.488911,300054.93774300005,300054.937935,37506.867241875,0.03857,299503.488911,105862.62797300988,194713.93372145,78.77840457142857,39.62265956394356,0.023329061180108183,50,64,,True,False,Request timeout: 300.0s exceeded,29,56.69694568066818
172,2026-09-19T05:46:42.013+00:00,2026-09-19T05:51:42.119+00:00,2026-09-19T05:51:42.119+00:00,False,1,0.0,,0.0,300105.28668699996,300105.28668699996,300105.28668699996,300105.28668699996,300105.28668699996,300105.28668699996,nan,300105.28668699996,nan,nan,0.0,50,64,,True,False,"HTTPConnectionPool(host='gpu03', port=9002): Read timed out.",0,56.69694568066818
173,2026-09-19T05:46:42.395+00:00,2026-09-19T05:51:42.499+00:00,2026-09-19T05:51:42.499+00:00,False,1,0.0,,0.0,300103.56677100004,300103.56677100004,300103.56677100004,300103.56677100004,300103.56677100004,300103.56677100004,nan,300103.56677100004,nan,nan,0.0,50,64,,True,False,"HTTPConnectionPool(host='gpu03', port=9002): Read timed out.",0,56.69694568066818
174,2026-09-19T05:46:42.900+00:00,2026-09-19T05:51:42.816+00:00,2026-09-19T05:51:42.924+00:00,False,3,2.0,,2.0,299915.870077,300024.087933,300024.087948,100008.029316,0.02096,299915.870077,173125.27696383072,269935.1027604,54.108928,76.49189265196797,0.006666131422243106,50,64,,True,False,Request timeout: 300.0s exceeded,4,56.69694568066818
175,2026-09-19T05:46:43.338+00:00,2026-09-19T05:51:43.137+00:00,2026-09-19T05:51:43.447+00:00,False,5,4.0,,4.0,299798.68362699996,300108.66225099994,300108.66246599995,60021.73249319999,0.022449999999999998,299798.68362699996,134039.39801909763,239860.15239499998,77.494656,51.69312907986871,0.0133285056485792,50,64,,True,False,Request timeout: 300.0s exceeded,9,56.69694568066818
176,2026-09-19T05:46:43.848+00:00,2026-09-19T05:51:43.945+00:00,2026-09-19T05:51:43.945+00:00,False,1,0.0,,0.0,300096.78867900005,300096.78867900005,300096.78867900005,300096.78867900005,300096.78867900005,300096.78867900005,nan,300096.78867900005,nan,nan,0.0,50,64,,True,False,"HTTPConnectionPool(host='gpu03', port=9002): Read timed out.",0,56.69694568066818
177,2026-09-19T05:46:44.318+00:00,2026-09-19T05:51:44.349+00:00,2026-09-19T05:51:44.349+00:00,False,1,0.0,,0.0,300031.713255,300031.713255,300031.713255,300031.713255,300031.713255,300031.713255,nan,300031.713255,nan,nan,0.0,50,64,,True,False,TTFT timeout: 300.0s exceeded (TTFT: 300.009s),0,56.69694568066818
178,2026-09-19T05:46:44.914+00:00,2026-09-19T05:51:44.631+00:00,2026-09-19T05:51:44.992+00:00,False,6,5.0,,5.0,299717.052426,300078.034698,300078.034657,50013.00577616667,0.02092,299717.052426,122329.50742638072,224814.78152750002,72.19645440000001,47.01049390696691,0.016662332533042695,50,64,,True,False,Request timeout: 300.0s exceeded,14,56.69694568066818
179,2026-09-19T05:46:45.281+00:00,2026-09-19T05:51:45.370+00:00,2026-09-19T05:51:45.370+00:00,False,1,0.0,,0.0,300088.85862099996,300088.85862099996,300088.85862099996,300088.85862099996,300088.85862099996,300088.85862099996,nan,300088.85862099996,nan,nan,0.0,50,64,,True,False,"HTTPConnectionPool(host='gpu03', port=9002): Read timed out.",0,56.69694568066818
180,2026-09-19T05:46:45.811+00:00,2026-09-19T05:51:45.865+00:00,2026-09-19T05:51:45.865+00:00,False,1,0.0,,0.0,300054.451478,300054.451478,300054.451478,300054.451478,300054.451478,300054.451478,nan,300054.451478,nan,nan,0.0,50,64,,True,False,TTFT timeout: 300.0s exceeded (TTFT: 300.048s),0,56.69694568066818
181,2026-09-19T05:46:46.193+00:00,2026-09-19T05:51:46.170+00:00,2026-09-19T05:51:46.284+00:00,False,3,2.0,,2.0,299977.511923,300091.48952299997,300091.489452,100030.49648399999,0.02228,299977.511923,173159.20415156434,269991.1562556,56.9888,80.56283649890668,0.006664634185991182,50,64,,True,False,Request timeout: 300.0s exceeded,10,56.69694568066818
182,2026-09-19T05:46:46.773+00:00,2026-09-19T05:51:46.489+00:00,2026-09-19T05:51:46.787+00:00,False,5,4.0,,4.0,299716.497593,300014.121913,300014.121869,60002.8243738,0.050140000000000004,299716.497593,134004.0240305892,239794.01611260002,74.40608,49.716727624398125,0.013332705722299117,50,64,,True,False,Request timeout: 300.0s exceeded,16,56.69694568066818
183,2026-09-19T05:46:47.363+00:00,2026-09-19T05:51:47.411+00:00,2026-09-19T05:51:47.411+00:00,False,1,0.0,,0.0,300048.39857,300048.39857,300048.39857,300048.39857,300048.39857,300048.39857,nan,300048.39857,nan,nan,0.0,50,64,,True,False,"HTTPConnectionPool(host='gpu03', port=9002): Read timed out.",0,56.69694568066818
184,2026-09-19T05:46:47.764+00:00,2026-09-19T05:51:47.808+00:00,2026-09-19T05:51:47.808+00:00,False,1,0.0,,0.0,300043.629312,300043.629312,300043.629312,300043.629312,300043.629312,300043.629312,nan,300043.629312,nan,nan,0.0,50,64,,True,False,"HTTPConnectionPool(host='gpu03', port=9002): Read timed out.",0,56.69694568066818
185,2026-09-19T05:46:48.310+00:00,2026-09-19T05:51:48.067+00:00,2026-09-19T05:51:48.369+00:00,False,5,4.0,,4.0,299757.21894700004,300059.784579,300059.78471400007,60011.95694280001,0.02509,299757.21894700004,134021.68296198378,239827.33166240004,75.641408,50.659036915668686,0.013330676770338333,50,64,,True,False,Request timeout: 300.0s exceeded,20,56.69694568066818
186,2026-09-19T05:46:48.803+00:00,2026-09-19T05:51:48.828+00:00,2026-09-19T05:51:48.828+00:00,False,1,0.0,,0.0,300025.087966,300025.087966,300025.087966,300025.087966,300025.087966,300025.087966,nan,300025.087966,nan,nan,0.0,50,64,,True,False,"HTTPConnectionPool(host='gpu03', port=9002): Read timed out.",0,56.69694568066818
187,2026-09-19T05:46:49.203+00:00,2026-09-19T05:51:49.243+00:00,2026-09-19T05:51:49.243+00:00,False,1,0.0,,0.0,300039.563278,300039.563278,300039.563278,300039.563278,300039.563278,300039.563278,nan,300039.563278,nan,nan,0.0,50,64,,True,False,TTFT timeout: 300.0s exceeded (TTFT: 300.034s),0,56.69694568066818
188,2026-09-19T05:46:49.656+00:00,2026-09-19T05:51:49.524+00:00,2026-09-19T05:51:49.751+00:00,False,4,3.0,,3.0,299867.996988,300094.260796,300094.260882,75023.5652205,0.02411,299867.996988,149896.29797336078,254907.32449230002,75.42126933333333,67.48787970360324,0.009996858960389645,50,64,,True,False,Request timeout: 300.0s exceeded,23,56.69694568066818
189,2026-09-19T05:46:50.106+00:00,2026-09-19T05:51:50.205+00:00,2026-09-19T05:51:50.205+00:00,False,1,0.0,,0.0,300098.79616,300098.79616,300098.79616,300098.79616,300098.79616,300098.79616,nan,300098.79616,nan,nan,0.0,50,64,,True,False,"HTTPConnectionPool(host='gpu03', port=9002): Read timed out.",0,56.69694568066818
190,2026-09-19T05:46:50.461+00:00,2026-09-19T05:51:50.754+00:00,2026-09-19T05:51:51.462+00:00,False,8,7.0,,7.0,300292.538574,301001.203662,301001.203823,37625.150477875,0.02164,300292.538574,106133.6611642576,195240.36648655002,101.23786971428572,47.16247554426389,0.02325572095671894,50,64,,True,False,Request timeout: 300.0s exceeded,21,56.69694568066818
191,2026-09-19T05:46:51.010+00:00,2026-09-19T05:51:51.256+00:00,2026-09-19T05:51:51.565+00:00,False,5,4.0,,4.0,300246.261957,300554.686149,300554.686119,60110.9372238,0.040920000000000005,300246.261957,134239.7349018661,240218.5646088,77.106048,51.55963476384402,0.013308726113213884,50,64,,True,False,Request timeout: 300.0s exceeded,14,56.69694568066818
192,2026-09-19T05:46:51.599+00:00,2026-09-19T05:51:51.635+00:00,2026-09-19T05:51:51.635+00:00,False,1,0.0,,0.0,300035.55601999996,300035.55601999996,300035.55601999996,300035.55601999996,300035.55601999996,300035.55601999996,nan,300035.55601999996,nan,nan,0.0,50,64,,True,False,"HTTPConnectionPool(host='gpu03', port=9002): Read timed out.",0,56.69694568066818
193,2026-09-19T05:46:52.062+00:00,2026-09-19T05:51:52.097+00:00,2026-09-19T05:51:52.097+00:00,False,1,0.0,,0.0,300035.311259,300035.311259,300035.311259,300035.311259,300035.311259,300035.311259,nan,300035.311259,nan,nan,0.0,50,64,,True,False,"HTTPConnectionPool(host='gpu03', port=9002): Read timed out.",0,56.69694568066818
194,2026-09-19T05:46:52.663+00:00,2026-09-19T05:51:52.767+00:00,2026-09-19T05:51:52.767+00:00,False,1,0.0,,0.0,300103.23916500004,300103.23916500004,300103.23916500004,300103.23916500004,300103.23916500004,300103.23916500004,nan,300103.23916500004,nan,nan,0.0,50,64,,True,False,"HTTPConnectionPool(host='gpu03', port=9002): Read timed out.",0,56.69694568066818
195,2026-09-19T05:46:53.228+00:00,2026-09-19T05:51:52.991+00:00,2026-09-19T05:51:53.269+00:00,False,5,4.0,,4.0,299762.5361,300040.37162000005,300040.37155700003,60008.07431140001,0.022699999999999998,299762.5361,134026.82483253506,239830.4785098,69.45888,47.13217153136571,0.013331539280540502,50,64,,True,False,Request timeout: 300.0s exceeded,17,56.69694568066818
196,2026-09-19T05:46:53.745+00:00,2026-09-19T05:51:53.474+00:00,2026-09-19T05:51:53.832+00:00,False,6,5.0,,5.0,299728.91744499997,300087.00666099996,300087.006505,50014.50108416666,0.09603,299728.91744499997,122334.58751298916,224822.70345225,71.61784320000001,46.967467359751936,0.016661834364752628,50,64,,True,False,Request timeout: 300.0s exceeded,18,56.69694568066818
197,2026-09-19T05:46:54.319+00:00,2026-09-19T05:51:54.392+00:00,2026-09-19T05:51:54.392+00:00,False,1,0.0,,0.0,300072.65312699997,300072.65312699997,300072.65312699997,300072.65312699997,300072.65312699997,300072.65312699997,nan,300072.65312699997,nan,nan,0.0,50,64,,True,False,"HTTPConnectionPool(host='gpu03', port=9002): Read timed out.",0,56.69694568066818
198,2026-09-19T05:46:54.765+00:00,2026-09-19T05:51:54.779+00:00,2026-09-19T05:51:54.779+00:00,False,1,0.0,,0.0,300014.01702200004,300014.01702200004,300014.01702200004,300014.01702200004,300014.01702200004,300014.01702200004,nan,300014.01702200004,nan,nan,0.0,50,64,,True,False,TTFT timeout: 300.0s exceeded (TTFT: 300.006s),0,56.69694568066818
200,2026-09-19T05:46:55.729+00:00,2026-09-19T05:51:54.885+00:00,2026-09-19T05:51:55.927+00:00,False,12,11.0,,11.0,299156.004293,300198.03693299997,300198.036973,25016.50308108333,0.037840000000000006,299156.004293,86331.56109934223,134690.95173405,94.73024,37.89540140878749,0.036642478120051954,50,64,,True,False,Request timeout: 300.0s exceeded,44,56.69694568066818
199,2026-09-19T05:46:55.673+00:00,2026-09-19T05:51:55.122+00:00,2026-09-19T05:51:55.928+00:00,False,10,9.0,,9.0,299448.34027100005,300254.6575830001,300254.65751000005,30025.465751000007,0.02445,299448.34027100005,94665.55621815533,164751.80526665004,89.59081244444445,40.331078468357994,0.029974555840194116,50,64,,True,False,Request timeout: 300.0s exceeded,35,56.69694568066818
201,2026-09-19T05:46:56.110+00:00,2026-09-19T05:51:56.150+00:00,2026-09-19T05:51:56.150+00:00,False,1,0.0,,0.0,300039.964589,300039.964589,300039.964589,300039.964589,300039.964589,300039.964589,nan,300039.964589,nan,nan,0.0,50,64,,True,False,"HTTPConnectionPool(host='gpu03', port=9002): Read timed out.",0,56.69694568066818
202,2026-09-19T05:46:56.562+00:00,2026-09-19T05:51:56.587+00:00,2026-09-19T05:51:56.587+00:00,False,1,0.0,,0.0,300025.398964,300025.398964,300025.398964,300025.398964,300025.398964,300025.398964,nan,300025.398964,nan,nan,0.0,50,64,,True,False,"HTTPConnectionPool(host='gpu03', port=9002): Read timed out.",0,56.69694568066818
203,2026-09-19T05:46:57.004+00:00,2026-09-19T05:51:57.104+00:00,2026-09-19T05:51:57.104+00:00,False,1,0.0,,0.0,300100.63632,300100.63632,300100.63632,300100.63632,300100.63632,300100.63632,nan,300100.63632,nan,nan,0.0,50,64,,True,False,TTFT timeout: 300.0s exceeded (TTFT: 300.094s),0,56.69694568066818
204,2026-09-19T05:46:57.522+00:00,2026-09-19T05:51:57.292+00:00,2026-09-19T05:51:57.611+00:00,False,5,4.0,,4.0,299769.593176,300088.085592,300088.085723,60017.6171446,0.02309,299769.593176,134025.4370149412,239838.5473386,79.623104,53.39939075217914,0.013329419567287998,50,64,,True,False,Request timeout: 300.0s exceeded,13,56.69694568066818
205,2026-09-19T05:46:57.863+00:00,2026-09-19T05:51:57.408+00:00,2026-09-19T05:51:57.914+00:00,False,7,6.0,,6.0,299544.562771,300050.776147,300050.776136,42864.39659085715,0.023649999999999997,299544.562771,113185.32065838239,209712.04851880003,84.368896,41.34397743870592,0.01999661549637351,50,64,,True,False,Request timeout: 300.0s exceeded,21,56.69694568066818
206,2026-09-19T05:46:58.363+00:00,2026-09-19T05:51:58.474+00:00,2026-09-19T05:51:58.474+00:00,False,1,0.0,,0.0,300110.42335399997,300110.42335399997,300110.42335399997,300110.42335399997,300110.42335399997,300110.42335399997,nan,300110.42335399997,nan,nan,0.0,50,64,,True,False,"HTTPConnectionPool(host='gpu03', port=9002): Read timed out.",0,56.69694568066818
207,2026-09-19T05:46:58.768+00:00,2026-09-19T05:51:58.795+00:00,2026-09-19T05:51:58.795+00:00,False,1,0.0,,0.0,300026.618194,300026.618194,300026.618194,300026.618194,300026.618194,300026.618194,nan,300026.618194,nan,nan,0.0,50,64,,True,False,TTFT timeout: 300.0s exceeded (TTFT: 300.007s),0,56.69694568066818
208,2026-09-19T05:46:59.295+00:00,2026-09-19T05:51:59.201+00:00,2026-09-19T05:51:59.312+00:00,False,3,2.0,,2.0,299905.736362,300017.363114,300017.36291799997,100005.78763933333,0.0433,299905.736362,173118.44279216474,269926.3210514,55.813376,78.87084876546649,0.006666280842019279,50,64,,True,False,Request timeout: 300.0s exceeded,4,56.69694568066818
209,2026-09-19T05:46:59.865+00:00,2026-09-19T05:51:59.949+00:00,2026-09-19T05:51:59.949+00:00,False,1,0.0,,0.0,300083.84599299997,300083.84599299997,300083.84599299997,300083.84599299997,300083.84599299997,300083.84599299997,nan,300083.84599299997,nan,nan,0.0,50,64,,True,False,"HTTPConnectionPool(host='gpu03', port=9002): Read timed out.",0,56.69694568066818
210,2026-09-19T05:47:00.372+00:00,2026-09-19T05:52:00.415+00:00,2026-09-19T05:52:00.415+00:00,False,1,0.0,,0.0,300043.141566,300043.141566,300043.141566,300043.141566,300043.141566,300043.141566,nan,300043.141566,nan,nan,0.0,50,64,,True,False,TTFT timeout: 300.0s exceeded (TTFT: 300.020s),0,56.69694568066818
211,2026-09-19T05:47:00.774+00:00,2026-09-19T05:52:00.801+00:00,2026-09-19T05:52:00.801+00:00,False,1,0.0,,0.0,300026.71114200004,300026.71114200004,300026.71114200004,300026.71114200004,300026.71114200004,300026.71114200004,nan,300026.71114200004,nan,nan,0.0,50,64,,True,False,TTFT timeout: 300.0s exceeded (TTFT: 300.021s),0,56.69694568066818
212,2026-09-19T05:47:01.341+00:00,2026-09-19T05:52:01.447+00:00,2026-09-19T05:52:01.447+00:00,False,1,0.0,,0.0,300106.125884,300106.125884,300106.125884,300106.125884,300106.125884,300106.125884,nan,300106.125884,nan,nan,0.0,50,64,,True,False,"HTTPConnectionPool(host='gpu03', port=9002): Read timed out.",0,56.69694568066818
213,2026-09-19T05:47:01.832+00:00,2026-09-19T05:52:01.930+00:00,2026-09-19T05:52:01.930+00:00,False,1,0.0,,0.0,300098.499078,300098.499078,300098.499078,300098.499078,300098.499078,300098.499078,nan,300098.499078,nan,nan,0.0,50,64,,True,False,"HTTPConnectionPool(host='gpu03', port=9002): Read timed out.",0,56.69694568066818
214,2026-09-19T05:47:02.419+00:00,2026-09-19T05:52:02.335+00:00,2026-09-19T05:52:02.463+00:00,False,3,2.0,,2.0,299916.033842,300044.227634,300044.227647,100014.742549,0.02323,299916.033842,173119.60836627416,269937.2475153,64.096896,90.61375411006874,0.006665683975229279,50,64,,True,False,Request timeout: 300.0s exceeded,4,56.69694568066818
215,2026-09-19T05:47:02.953+00:00,2026-09-19T05:52:02.602+00:00,2026-09-19T05:52:02.994+00:00,False,8,7.0,,7.0,299649.041708,300041.142316,300041.142156,37505.1427695,0.02493,299649.041708,105922.13520881877,194809.42110165,56.014372571428574,33.674615074832886,0.023330133814207645,50,64,,True,False,Request timeout: 300.0s exceeded,25,56.69694568066818
216,2026-09-19T05:47:03.475+00:00,2026-09-19T05:52:03.510+00:00,2026-09-19T05:52:03.510+00:00,False,1,0.0,,0.0,300035.111392,300035.111392,300035.111392,300035.111392,300035.111392,300035.111392,nan,300035.111392,nan,nan,0.0,50,64,,True,False,"HTTPConnectionPool(host='gpu03', port=9002): Read timed out.",0,56.69694568066818
217,2026-09-19T05:47:03.867+00:00,2026-09-19T05:52:03.937+00:00,2026-09-19T05:52:05.054+00:00,False,12,11.0,,11.0,300069.368693,301186.792821,301186.792908,25098.899409,0.02476,300069.368693,86593.2475148877,135111.379882,101.58401163636364,36.256327889709624,0.03652218577372173,50,64,,True,False,Request timeout: 300.0s exceeded,41,56.69694568066818
218,2026-09-19T05:47:04.282+00:00,2026-09-19T05:52:04.081+00:00,2026-09-19T05:52:05.150+00:00,False,12,11.0,,11.0,299798.58203399996,300867.887122,300867.887037,25072.323919749997,0.02137,299798.58203399996,86516.33988044877,134979.60366654999,97.20955345454546,33.33769673725527,0.036560897559464595,50,64,,True,False,Request timeout: 300.0s exceeded,49,56.69694568066818
219,2026-09-19T05:47:04.866+00:00,2026-09-19T05:52:04.839+00:00,2026-09-19T05:52:05.253+00:00,False,6,5.0,,5.0,299972.81866000005,300386.84362000006,300386.84372400003,50064.47395400001,0.07947,299972.81866000005,122429.5923883809,225005.79824825004,82.804992,46.25341127699015,0.01664520303134573,50,64,,True,False,Request timeout: 300.0s exceeded,20,56.69694568066818
220,2026-09-19T05:47:05.436+00:00,2026-09-19T05:52:05.514+00:00,2026-09-19T05:52:05.514+00:00,False,1,0.0,,0.0,300078.641417,300078.641417,300078.641417,300078.641417,300078.641417,300078.641417,nan,300078.641417,nan,nan,0.0,50,64,,True,False,"HTTPConnectionPool(host='gpu03', port=9002): Read timed out.",0,56.69694568066818
221,2026-09-19T05:47:05.799+00:00,2026-09-19T05:52:05.893+00:00,2026-09-19T05:52:05.893+00:00,False,1,0.0,,0.0,300093.60636000003,300093.60636000003,300093.60636000003,300093.60636000003,300093.60636000003,300093.60636000003,nan,300093.60636000003,nan,nan,0.0,50,64,,True,False,"HTTPConnectionPool(host='gpu03', port=9002): Read timed out.",0,56.69694568066818
222,2026-09-19T05:47:06.299+00:00,2026-09-19T05:52:06.345+00:00,2026-09-19T05:52:06.345+00:00,False,1,0.0,,0.0,300045.676912,300045.676912,300045.676912,300045.676912,300045.676912,300045.676912,nan,300045.676912,nan,nan,0.0,50,64,,True,False,TTFT timeout: 300.0s exceeded (TTFT: 300.039s),0,56.69694568066818
223,2026-09-19T05:47:06.825+00:00,2026-09-19T05:52:06.547+00:00,2026-09-19T05:52:06.841+00:00,False,5,4.0,,4.0,299721.6367,300016.272732,300016.27276599995,60003.25455319999,0.05454,299721.6367,134006.65624958844,239797.59950799998,73.659008,49.1695452989593,0.013332610140027769,50,64,,True,False,Request timeout: 300.0s exceeded,19,56.69694568066818
224,2026-09-19T05:47:07.354+00:00,2026-09-19T05:52:07.365+00:00,2026-09-19T05:52:07.365+00:00,False,1,0.0,,0.0,300011.58896799997,300011.58896799997,300011.58896799997,300011.58896799997,300011.58896799997,300011.58896799997,nan,300011.58896799997,nan,nan,0.0,50,64,,True,False,"HTTPConnectionPool(host='gpu03', port=9002): Read timed out.",0,56.69694568066818
225,2026-09-19T05:47:07.717+00:00,2026-09-19T05:52:07.744+00:00,2026-09-19T05:52:07.744+00:00,False,1,0.0,,0.0,300026.56617199996,300026.56617199996,300026.56617199996,300026.56617199996,300026.56617199996,300026.56617199996,nan,300026.56617199996,nan,nan,0.0,50,64,,True,False,"HTTPConnectionPool(host='gpu03', port=9002): Read timed out.",0,56.69694568066818
226,2026-09-19T05:47:08.263+00:00,2026-09-19T05:52:08.128+00:00,2026-09-19T05:52:08.269+00:00,False,3,2.0,,2.0,299865.235666,300006.21845,300006.21834,100002.07278,0.057479999999999996,299865.235666,173086.59067075368,269892.8046188,70.491392,99.6084238957656,0.006666528481753209,50,64,,True,False,Request timeout: 300.0s exceeded,8,56.69694568066818
227,2026-09-19T05:47:08.794+00:00,2026-09-19T05:52:08.872+00:00,2026-09-19T05:52:08.872+00:00,False,1,0.0,,0.0,300077.64823500003,300077.64823500003,300077.64823500003,300077.64823500003,300077.64823500003,300077.64823500003,nan,300077.64823500003,nan,nan,0.0,50,64,,True,False,"HTTPConnectionPool(host='gpu03', port=9002): Read timed out.",0,56.69694568066818
228,2026-09-19T05:47:09.285+00:00,2026-09-19T05:52:09.390+00:00,2026-09-19T05:52:09.390+00:00,False,1,0.0,,0.0,300105.476782,300105.476782,300105.476782,300105.476782,300105.476782,300105.476782,nan,300105.476782,nan,nan,0.0,50,64,,True,False,"HTTPConnectionPool(host='gpu03', port=9002): Read timed out.",0,56.69694568066818
229,2026-09-19T05:47:09.616+00:00,2026-09-19T05:52:09.600+00:00,2026-09-19T05:52:09.732+00:00,False,3,2.0,,2.0,299983.39622500003,300115.083905,300115.083991,100038.36133033334,0.02321,299983.39622500003,173157.4920892339,269998.22305810003,65.84384,93.08466804624702,0.006664110227238996,50,64,,True,False,Request timeout: 300.0s exceeded,4,56.69694568066818
230,2026-09-19T05:47:10.017+00:00,2026-09-19T05:52:09.864+00:00,2026-09-19T05:52:10.102+00:00,False,4,3.0,,3.0,299847.028695,300085.627351,300085.627299,75021.40682475,0.024739999999999998,299847.028695,149883.75874138917,254889.56194724998,79.53288533333333,69.77655600469937,0.009997146569405677,50,64,,True,False,Request timeout: 300.0s exceeded,10,56.69694568066818
231,2026-09-19T05:47:10.590+00:00,2026-09-19T05:52:10.619+00:00,2026-09-19T05:52:10.619+00:00,False,1,0.0,,0.0,300029.63670200005,300029.63670200005,300029.63670200005,300029.63670200005,300029.63670200005,300029.63670200005,nan,300029.63670200005,nan,nan,0.0,50,64,,True,False,"HTTPConnectionPool(host='gpu03', port=9002): Read timed out.",0,56.69694568066818
232,2026-09-19T05:47:11.003+00:00,2026-09-19T05:52:11.110+00:00,2026-09-19T05:52:11.110+00:00,False,1,0.0,,0.0,300107.583325,300107.583325,300107.583325,300107.583325,300107.583325,300107.583325,nan,300107.583325,nan,nan,0.0,50,64,,True,False,"HTTPConnectionPool(host='gpu03', port=9002): Read timed out.",0,56.69694568066818
233,2026-09-19T05:47:11.526+00:00,2026-09-19T05:52:11.507+00:00,2026-09-19T05:52:11.632+00:00,False,3,2.0,,2.0,299980.912409,300106.001177,300106.001151,100035.333717,0.025699000000000003,299980.912409,173157.96180783433,269995.3274724,62.544384,88.41491223587406,0.006664311916976352,50,64,,True,False,Request timeout: 300.0s exceeded,16,56.69694568066818
234,2026-09-19T05:47:12.132+00:00,2026-09-19T05:52:12.128+00:00,2026-09-19T05:52:12.178+00:00,False,3,2.0,,2.0,299996.710183,300046.03779900004,300046.03782100003,100015.34594033334,0.066479,299996.710183,173188.94346434972,270001.96528060007,24.663808,34.78612375732646,0.006665643761441017,50,64,,True,False,Request timeout: 300.0s exceeded,5,56.69694568066818
235,2026-09-19T05:47:12.639+00:00,2026-09-19T05:52:12.750+00:00,2026-09-19T05:52:12.750+00:00,False,1,0.0,,0.0,300110.802615,300110.802615,300110.802615,300110.802615,300110.802615,300110.802615,nan,300110.802615,nan,nan,0.0,50,64,,True,False,"HTTPConnectionPool(host='gpu03', port=9002): Read timed out.",0,56.69694568066818
236,2026-09-19T05:47:13.065+00:00,2026-09-19T05:52:13.097+00:00,2026-09-19T05:52:13.097+00:00,False,1,0.0,,0.0,300032.081032,300032.081032,300032.081032,300032.081032,300032.081032,300032.081032,nan,300032.081032,nan,nan,0.0,50,64,,True,False,TTFT timeout: 300.0s exceeded (TTFT: 300.024s),0,56.69694568066818
237,2026-09-19T05:47:13.615+00:00,2026-09-19T05:52:13.354+00:00,2026-09-19T05:52:13.716+00:00,False,6,5.0,,5.0,299739.095721,300100.801193,300100.80105199997,50016.80017533333,0.026420000000000003,299739.095721,122338.44759588018,224832.82509574998,72.3410944,47.248513326747,0.0166610684814014,50,64,,True,False,Request timeout: 300.0s exceeded,18,56.69694568066818
238,2026-09-19T05:47:14.062+00:00,2026-09-19T05:52:14.115+00:00,2026-09-19T05:52:14.115+00:00,False,1,0.0,,0.0,300052.93454000005,300052.93454000005,300052.93454000005,300052.93454000005,300052.93454000005,300052.93454000005,nan,300052.93454000005,nan,nan,0.0,50,64,,True,False,"HTTPConnectionPool(host='gpu03', port=9002): Read timed out.",0,56.69694568066818
239,2026-09-19T05:47:14.491+00:00,2026-09-19T05:52:14.585+00:00,2026-09-19T05:52:14.585+00:00,False,1,0.0,,0.0,300094.559329,300094.559329,300094.559329,300094.559329,300094.559329,300094.559329,nan,300094.559329,nan,nan,0.0,50,64,,True,False,"HTTPConnectionPool(host='gpu03', port=9002): Read timed out.",0,56.69694568066818
240,2026-09-19T05:47:15.093+00:00,2026-09-19T05:52:14.917+00:00,2026-09-19T05:52:15.137+00:00,False,4,3.0,,3.0,299823.437329,300043.416849,300043.41681799997,75010.85420449999,0.02129,299823.437329,149875.06439107316,254866.75497774995,73.32650666666667,63.523812751548384,0.009998552981116668,50,64,,True,False,Request timeout: 300.0s exceeded,9,56.69694568066818
241,2026-09-19T05:47:15.703+00:00,2026-09-19T05:52:15.802+00:00,2026-09-19T05:52:15.802+00:00,False,1,0.0,,0.0,300098.38070599997,300098.38070599997,300098.38070599997,300098.38070599997,300098.38070599997,300098.38070599997,nan,300098.38070599997,nan,nan,0.0,50,64,,True,False,"HTTPConnectionPool(host='gpu03', port=9002): Read timed out.",0,56.69694568066818
242,2026-09-19T05:47:16.134+00:00,2026-09-19T05:52:16.157+00:00,2026-09-19T05:52:16.157+00:00,False,1,0.0,,0.0,300023.614862,300023.614862,300023.614862,300023.614862,300023.614862,300023.614862,nan,300023.614862,nan,nan,0.0,50,64,,True,False,"HTTPConnectionPool(host='gpu03', port=9002): Read timed out.",0,56.69694568066818
244,2026-09-19T05:47:17.481+00:00,2026-09-19T05:52:16.527+00:00,2026-09-19T05:52:17.640+00:00,False,13,12.0,,12.0,299046.478323,300159.086323,300159.086389,23089.16049146154,0.039259999999999996,299046.478323,82914.8615088452,119699.1593352,92.71733333333333,34.47205560063219,0.039978799732508674,50,64,,True,False,Request timeout: 300.0s exceeded,43,56.69694568066818
243,2026-09-19T05:47:17.476+00:00,2026-09-19T05:52:16.771+00:00,2026-09-19T05:52:17.867+00:00,False,13,12.0,,12.0,299295.40337300004,300390.68759700004,300390.68746100005,23106.975958538464,0.02278,299295.40337300004,82984.30109859092,119796.1576472,91.27368533333333,33.963071762391145,0.03994797607074635,50,64,,True,False,Request timeout: 300.0s exceeded,69,56.69694568066818
245,2026-09-19T05:47:17.834+00:00,2026-09-19T05:52:17.959+00:00,2026-09-19T05:52:17.959+00:00,False,1,0.0,,0.0,300125.22180400003,300125.22180400003,300125.22180400003,300125.22180400003,300125.22180400003,300125.22180400003,nan,300125.22180400003,nan,nan,0.0,50,64,,True,False,"HTTPConnectionPool(host='gpu03', port=9002): Read timed out.",0,56.69694568066818
246,2026-09-19T05:47:18.169+00:00,2026-09-19T05:52:18.197+00:00,2026-09-19T05:52:18.197+00:00,False,1,0.0,,0.0,300028.431154,300028.431154,300028.431154,300028.431154,300028.431154,300028.431154,nan,300028.431154,nan,nan,0.0,50,64,,True,False,"HTTPConnectionPool(host='gpu03', port=9002): Read timed out.",0,56.69694568066818
247,2026-09-19T05:47:18.593+00:00,2026-09-19T05:52:18.677+00:00,2026-09-19T05:52:18.677+00:00,False,1,0.0,,0.0,300084.192379,300084.192379,300084.192379,300084.192379,300084.192379,300084.192379,nan,300084.192379,nan,nan,0.0,50,64,,True,False,"HTTPConnectionPool(host='gpu03', port=9002): Read timed out.",0,56.69694568066818
248,2026-09-19T05:47:19.203+00:00,2026-09-19T05:52:19.141+00:00,2026-09-19T05:52:20.582+00:00,False,17,16.0,,16.0,299937.632392,301379.296904,301379.29705,17728.193944117647,0.03615,299937.632392,72723.72694113008,60189.852453600004,90.104032,54.630518338241096,0.05308924721891752,50,64,,True,False,Request timeout: 300.0s exceeded,71,56.69694568066818
249,2026-09-19T05:47:19.772+00:00,2026-09-19T05:52:19.397+00:00,2026-09-19T05:52:20.685+00:00,False,17,16.0,,16.0,299625.740266,300913.435626,300913.43552199996,17700.790324823527,0.103139,299625.740266,72650.40372399791,60010.4992756,80.48096,33.00842961189557,0.05317143771501821,50,64,,True,False,Request timeout: 300.0s exceeded,53,56.69694568066818
250,2026-09-19T05:47:20.349+00:00,2026-09-19T05:52:20.273+00:00,2026-09-19T05:52:20.580+00:00,True,4,4.0,,4.0,299924.620967,300231.798695,300231.798613,75057.94965325,101.091022,299924.620967,149911.1142120098,254951.39786885,102.392576,1.1307523477472863,0.013323039123059469,50,64,,True,True,,20,56.69694568066818
251,2026-09-19T05:47:20.775+00:00,2026-09-19T05:52:20.830+00:00,2026-09-19T05:52:20.830+00:00,False,1,0.0,,0.0,300055.38310000004,300055.38310000004,300055.38310000004,300055.38310000004,300055.38310000004,300055.38310000004,nan,300055.38310000004,nan,nan,0.0,50,64,,True,False,"HTTPConnectionPool(host='gpu03', port=9002): Read timed out.",0,56.69694568066818
0,2026-09-19T05:45:20.828+00:00,2026-09-19T05:45:21.094+00:00,2026-09-19T05:45:30.194+00:00,True,97,97.0,,97.0,266.006425,9366.336409,9366.336272,96.56016775257731,34.51505,266.006425,28.511822310819078,111.7532338,94.795104,22.717860424015683,10.356237034876719,51,64,,False,True,,427,56.69694568066818
1,2026-09-19T05:45:21.225+00:00,2026-09-19T05:45:21.450+00:00,2026-09-19T05:45:23.502+00:00,True,22,22.0,,22.0,225.452909,2277.614701,2277.614609,103.52793677272727,42.71237,225.452909,36.30221493349612,153.13774365,97.72199009523808,24.598041163394115,9.659228134741477,51,64,,False,True,,49,56.69694568066818
2,2026-09-19T05:45:21.606+00:00,2026-09-19T05:45:21.851+00:00,2026-09-19T05:45:25.339+00:00,True,38,38.0,,38.0,244.284491,3732.346187,3732.346166,98.21963594736842,44.175877,244.284491,35.113463980931144,117.39664090000001,94.27193772972973,25.662229310156278,10.181263499178192,51,64,,False,True,,179,56.69694568066818
3,2026-09-19T05:45:22.001+00:00,2026-09-19T05:45:24.601+00:00,2026-09-19T05:45:30.396+00:00,True,61,61.0,,61.0,2600.366013,8395.361724999999,8395.361733,137.62888086885246,46.774831,2600.366013,321.2356987145035,110.542662,96.58326186666666,20.74204679437242,7.265916823851923,51,64,,False,True,,339,56.69694568066818
4,2026-09-19T05:45:22.416+00:00,2026-09-19T05:45:27.261+00:00,2026-09-19T05:45:30.804+00:00,True,37,37.0,,37.0,4845.220153,8388.673081,8388.673198,226.72089724324326,46.443682,4845.220153,780.5097323789198,110.53951679999999,98.429248,15.105067724670148,4.410709493948867,51,64,,False,True,,137,56.69694568066818
5,2026-09-19T05:45:22.768+00:00,2026-09-19T05:45:29.223+00:00,2026-09-19T05:45:31.994+00:00,True,29,29.0,,29.0,6455.571911999999,9226.17108,9226.171127,318.1438319655172,49.094125999999996,6455.571911999999,1180.4746091224977,111.249179,98.94997028571429,13.95560140509318,3.143232414458978,51,64,,False,True,,144,56.69694568066818
6,2026-09-19T05:45:23.244+00:00,2026-09-19T05:45:31.536+00:00,2026-09-19T05:45:32.094+00:00,True,7,7.0,,7.0,8291.788924,8850.048636,8850.048733,1264.292676142857,49.146885000000005,8291.788924,3098.8981621533044,5836.6982932,93.04328533333333,21.747708426430318,0.7909561052043917,51,64,,False,True,,34,56.69694568066818
7,2026-09-19T05:45:23.659+00:00,2026-09-19T05:45:33.476+00:00,2026-09-19T05:45:37.390+00:00,True,40,40.0,,40.0,9817.155619000001,13731.145251000002,13731.145159000002,343.278628975,0.0,9817.155619000001,1537.3909886209942,253.93925240000002,100.35870851282051,57.01620726991819,2.91308549059933,51,64,,False,True,,80,56.69694568066818
8,2026-09-19T05:45:24.016+00:00,2026-09-19T05:45:35.269+00:00,2026-09-19T05:45:40.571+00:00,True,55,55.0,,55.0,11253.640711999999,16554.863112,16554.863019999997,300.9975094545454,0.0,11253.640711999999,1505.0904198886674,250.57847130000002,98.17078518518518,52.15458497675799,3.3222866071379693,51,64,,False,True,,232,56.69694568066818
9,2026-09-19T05:45:24.515+00:00,2026-09-19T05:45:38.309+00:00,2026-09-19T05:45:45.128+00:00,True,70,70.0,,70.0,13794.540181,20613.717397,20613.717284,294.4816754857143,0.0,13794.540181,1637.5282976779374,125.3633075,98.82865530434783,43.810940290344135,3.395797014767816,51,64,,False,True,,287,56.69694568066818
10,2026-09-19T05:45:24.930+00:00,2026-09-19T05:45:40.360+00:00,2026-09-19T05:45:47.729+00:00,True,76,76.0,,76.0,15430.206531,22798.632771,22798.632614,299.9820080789474,0.0,15430.206531,1759.3011367882277,121.62355925,98.2456832,46.43021792002297,3.3335332326012312,51,64,,False,True,,316,56.69694568066818
11,2026-09-19T05:45:25.252+00:00,2026-09-19T05:45:42.451+00:00,2026-09-19T05:45:50.952+00:00,True,88,88.0,,88.0,17199.075129999997,25700.341049999995,25700.341062999996,292.0493302613636,0.0,17199.075129999997,1823.701214716798,116.7368657,97.71570022988506,50.45922089380014,3.424079074623798,51,64,,False,True,,290,56.69694568066818
12,2026-09-19T05:45:25.564+00:00,2026-09-19T05:45:44.152+00:00,2026-09-19T05:45:53.128+00:00,True,92,92.0,,92.0,18588.208833,27564.145601,27564.14569,299.6102792391304,0.0,18588.208833,1928.766393395169,117.42461025,98.63666778021978,65.35025631265279,3.337669207372868,51,64,,False,True,,422,56.69694568066818
13,2026-09-19T05:45:26.042+00:00,2026-09-19T05:45:47.024+00:00,2026-09-19T05:45:52.295+00:00,True,54,54.0,,54.0,20982.072715,26252.790923,26252.790933999997,486.16279507407404,0.0,20982.072715,2842.693255512276,211.39775855,99.44751335849057,73.32189854304283,2.0569241631635724,51,64,,False,True,,263,56.69694568066818
14,2026-09-19T05:45:26.454+00:00,2026-09-19T05:45:49.101+00:00,2026-09-19T05:45:55.716+00:00,True,68,68.0,,68.0,22647.307676,29261.956764000002,29261.956824,430.32289447058827,0.0,22647.307676,2735.6746069671954,292.2075005,98.72610579104477,83.56167059252525,2.32383639099823,51,64,,False,True,,284,56.69694568066818
15,2026-09-19T05:45:26.996+00:00,2026-09-19T05:45:52.229+00:00,2026-09-19T05:45:57.593+00:00,True,58,58.0,,58.0,25233.299519,30597.460287,30597.460191000002,527.5424170862069,0.0,25233.299519,3301.46248883303,110.34821620000001,94.1080836491228,59.39468756068914,1.895582164531563,51,64,,False,True,,321,56.69694568066818
16,2026-09-19T05:45:27.473+00:00,2026-09-19T05:45:54.740+00:00,2026-09-19T05:46:02.985+00:00,True,88,88.0,,88.0,27267.40192,35511.693247999996,35511.693443000004,403.5419709431818,0.0,27267.40192,2897.1566567628724,115.17298269999999,94.76196928735632,56.440772771186786,2.4780569990127446,51,64,,False,True,,409,56.69694568066818
17,2026-09-19T05:45:27.963+00:00,2026-09-19T05:45:57.385+00:00,2026-09-19T05:45:57.492+00:00,True,2,2.0,,2.0,29422.278379,29529.608171,29529.608109,14764.8040545,107.32973,29422.278379,20728.79897984332,27956.530946549996,107.329792,nan,0.06772863318803296,51,64,,False,True,,4,56.69694568066818
18,2026-09-19T05:45:28.512+00:00,2026-09-19T05:46:00.815+00:00,2026-09-19T05:46:03.565+00:00,True,28,28.0,,28.0,32302.999547,35053.782011,35053.781961,1251.9207843214285,46.341893,32302.999547,6085.459077111119,115.3692391,101.880832,15.756955662524232,0.7987725829758826,51,64,,False,True,,127,56.69694568066818
19,2026-09-19T05:45:29.058+00:00,2026-09-19T05:46:03.670+00:00,2026-09-19T05:46:03.788+00:00,True,2,2.0,,2.0,34612.083849,34729.664905000005,34729.664815000004,17364.832407500002,117.580966,34612.083849,24391.296902228216,32887.358704850005,117.581056,nan,0.057587656128293405,51,64,,False,True,,12,56.69694568066818
20,2026-09-19T05:45:29.587+00:00,2026-09-19T05:46:06.625+00:00,2026-09-19T05:46:08.854+00:00,True,24,24.0,,24.0,37037.272170000004,39267.021674,39267.021645,1636.1259018750002,0.01754,37037.272170000004,7541.225590186665,508.3398884000001,96.94563060869565,113.22045705014348,0.6111999071192913,51,64,,False,True,,92,56.69694568066818
21,2026-09-19T05:45:29.965+00:00,2026-09-19T05:46:08.457+00:00,2026-09-19T05:46:16.547+00:00,True,85,85.0,,85.0,38491.333012,46581.34722,46581.347086,548.0158480705883,0.0,38491.333012,4165.215142579431,108.51489299999999,96.30969295238096,76.27598475199574,1.8247647411001606,51,64,,False,True,,338,56.69694568066818
22,2026-09-19T05:45:30.335+00:00,2026-09-19T05:46:10.165+00:00,2026-09-19T05:46:15.162+00:00,True,53,53.0,,53.0,39829.576725,44826.624789,44826.624824,845.7853740377358,0.0,39829.576725,5458.653924630651,110.6805262,96.09707815384616,96.73680662053629,1.182333049821892,51,64,,False,True,,266,56.69694568066818
23,2026-09-19T05:45:30.867+00:00,2026-09-19T05:46:12.823+00:00,2026-09-19T05:46:17.125+00:00,True,47,47.0,,47.0,41956.139821000004,46258.319661,46258.319469,984.2195631702128,41.698122000000005,41956.139821000004,6106.321822339094,110.4352369,93.52564869565217,19.975143119564073,1.0160334474843733,51,64,,False,True,,75,56.69694568066818
24,2026-09-19T05:45:31.349+00:00,2026-09-19T05:46:15.311+00:00,2026-09-19T05:46:20.583+00:00,True,54,54.0,,54.0,43962.314728,49234.183655999994,49234.183656999994,911.7441417962963,0.0,43962.314728,5969.60175793466,115.93341534999999,99.46922505660378,87.17426902952992,1.0967989309480348,51,64,,False,True,,211,56.69694568066818
25,2026-09-19T05:45:31.837+00:00,2026-09-19T05:46:18.338+00:00,2026-09-19T05:46:26.930+00:00,True,85,85.0,,85.0,46501.541173,55093.477429,55093.477417999995,648.1585578588235,0.0,46501.541173,5034.091646193513,113.40752779999998,102.28495542857144,118.81760857817098,1.5428323635867984,51,64,,False,True,,320,56.69694568066818
26,2026-09-19T05:45:32.229+00:00,2026-09-19T05:46:20.477+00:00,2026-09-19T05:46:23.329+00:00,True,30,30.0,,30.0,48247.953115000004,51100.356315000005,51100.356320000006,1703.3452106666668,0.01585,48247.953115000004,8792.445114345175,569.0764074499999,98.35873103448276,169.20510042868133,0.5870800550796511,51,64,,False,True,,105,56.69694568066818
27,2026-09-19T05:45:32.612+00:00,2026-09-19T05:46:22.862+00:00,2026-09-19T05:46:27.361+00:00,True,45,45.0,,45.0,50249.730553,54748.975353,54748.975204,1216.6438934222222,20.149903,50249.730553,7475.5684290767795,114.945775,102.25556363636365,19.25338452077311,0.8219331907101016,51,64,,False,True,,220,56.69694568066818
28,2026-09-19T05:45:32.998+00:00,2026-09-19T05:46:24.759+00:00,2026-09-19T05:46:30.976+00:00,True,61,61.0,,61.0,51761.278482,57978.503698,57978.503911,950.4672772295082,0.0,51761.278482,6614.8209994666095,119.09530199999999,103.62042026666667,99.48175470785975,1.0521140786547105,51,64,,False,True,,263,56.69694568066818
29,2026-09-19T05:45:33.565+00:00,2026-09-19T05:46:27.960+00:00,2026-09-19T05:46:29.982+00:00,True,21,21.0,,21.0,54395.218129,56417.455057,56417.455175,2686.5454845238096,0.0,54395.218129,11849.168267260482,811.205647,101.1118464,174.65829564093121,0.372225226727848,51,64,,False,True,,91,56.69694568066818
30,2026-09-19T05:45:33.938+00:00,2026-09-19T05:46:29.772+00:00,2026-09-19T05:46:36.572+00:00,True,67,67.0,,67.0,55834.002288,62633.500272000005,62633.50012700001,934.8283601044776,48.982275,55834.002288,6808.636772069276,113.51507969999999,103.02269672727273,13.894053952589504,1.0697150839253353,51,64,,False,True,,342,56.69694568066818
31,2026-09-19T05:45:34.291+00:00,2026-09-19T05:46:31.511+00:00,2026-09-19T05:46:32.694+00:00,True,13,13.0,,13.0,57220.000831,58403.784767,58403.784612999996,4492.598816384615,47.864118000000005,57220.000831,15842.627727776884,22955.816601399998,98.64866133333332,22.842815102131212,0.22258831429954545,51,64,,False,True,,58,56.69694568066818
32,2026-09-19T05:45:34.763+00:00,2026-09-19T05:46:34.402+00:00,2026-09-19T05:46:38.357+00:00,True,40,40.0,,40.0,59638.277641,63593.830921,63593.830841,1589.845771025,0.01775,59638.277641,9414.25196817731,147.54200075,101.42444307692307,111.97956967563579,0.6289918286207723,51,64,,False,True,,190,56.69694568066818
33,2026-09-19T05:45:35.113+00:00,2026-09-19T05:46:36.466+00:00,2026-09-19T05:46:38.258+00:00,True,19,19.0,,19.0,61352.934493,63144.624989,63144.62489,3323.40131,0.01764,61352.934493,14053.45663153306,6811.8110347,99.53836088888889,169.35792916741445,0.3008965530052615,51,64,,False,True,,62,56.69694568066818
34,2026-09-19T05:45:35.477+00:00,2026-09-19T05:46:39.363+00:00,2026-09-19T05:46:45.992+00:00,True,76,76.0,,76.0,63886.144244,70514.653172,70514.653233,927.8243846447368,0.0,63886.144244,7318.1890787926295,111.66679275,88.38011904000001,35.22408535816029,1.0777901695782306,51,64,,False,True,,383,56.69694568066818
35,2026-09-19T05:45:35.961+00:00,2026-09-19T05:46:41.011+00:00,2026-09-19T05:46:45.690+00:00,True,48,48.0,,48.0,65050.209126,69728.667238,69728.667109,1452.6805647708334,47.385069,65050.209126,9374.838404779566,112.81688435,99.54166195744682,18.082598970705238,0.6883825821045015,51,64,,False,True,,156,56.69694568066818
36,2026-09-19T05:45:36.347+00:00,2026-09-19T05:46:42.929+00:00,2026-09-19T05:46:51.718+00:00,True,92,92.0,,92.0,66581.995196,75370.56940400001,75370.56925700001,819.2453180108696,0.0,66581.995196,6932.367662925547,113.11618215,96.57773854945054,104.8156929297148,1.2206355972563139,51,64,,False,True,,440,56.69694568066818
37,2026-09-19T05:45:36.741+00:00,2026-09-19T05:46:44.867+00:00,2026-09-19T05:46:49.435+00:00,True,48,48.0,,48.0,68126.250547,72694.275379,72694.27531,1514.4640689583334,43.939907,68126.250547,9819.164733228376,111.78864784999998,97.19201770212767,17.872507012699494,0.6602995868621904,51,64,,False,True,,226,56.69694568066818
38,2026-09-19T05:45:37.127+00:00,2026-09-19T05:46:45.889+00:00,2026-09-19T05:46:46.467+00:00,True,7,7.0,,7.0,68761.61481999999,69339.76701199998,69339.76694399999,9905.680991999998,49.366184000000004,68761.61481999999,25953.036385072526,48167.856456699985,96.35869866666667,23.725047796162997,0.10095217076210504,51,64,,False,True,,26,56.69694568066818
39,2026-09-19T05:45:37.431+00:00,2026-09-19T05:46:48.485+00:00,2026-09-19T05:46:51.326+00:00,True,27,27.0,,27.0,71053.78837800001,73894.82108200001,73894.82100200001,2736.845222296297,0.0,71053.78837800001,13654.570335232262,749.0326913,109.27048861538461,191.51719355621012,0.3653841988471492,51,64,,False,True,,111,56.69694568066818
40,2026-09-19T05:45:37.739+00:00,2026-09-19T05:46:51.326+00:00,2026-09-19T05:46:51.326+00:00,True,2,2.0,,2.0,73586.91865899999,73586.91865899999,73586.91865899999,36793.459329499994,0.0,73586.91865899999,52033.80919040178,69907.57272604998,0.0,nan,0.02717874367410262,51,64,,False,True,,3,56.69694568066818
41,2026-09-19T05:45:38.186+00:00,2026-09-19T05:46:52.448+00:00,2026-09-19T05:46:58.670+00:00,True,62,62.0,,62.0,74261.999799,80483.251383,80483.251504,1298.1169597419355,0.01592,74261.999799,9418.838740014844,114.74440705,101.98773088524591,98.61406654013973,0.7703466116814448,51,64,,False,True,,213,56.69694568066818
42,2026-09-19T05:45:38.664+00:00,2026-09-19T05:46:55.643+00:00,2026-09-19T05:46:56.443+00:00,True,12,12.0,,12.0,76978.530877,77778.632509,77778.63256,6481.5527133333335,0.01838,76978.530877,22200.8367745949,34701.839645500004,72.736512,47.52130571556057,0.1542840187966977,51,64,,False,True,,37,56.69694568066818
43,2026-09-19T05:45:39.020+00:00,2026-09-19T05:46:57.133+00:00,2026-09-19T05:47:00.129+00:00,True,30,30.0,,30.0,78112.68093999999,81108.50327599999,81108.50341299998,2703.616780433333,46.195982,78112.68093999999,14242.507184018157,119.3451124,103.30421848275863,16.05997137816359,0.36987490569163295,51,64,,False,True,,113,56.69694568066818
44,2026-09-19T05:45:39.486+00:00,2026-09-19T05:47:00.341+00:00,2026-09-19T05:47:08.050+00:00,True,81,81.0,,81.0,80855.222159,88564.391311,88564.39143399999,1093.3875485679011,0.0,80855.222159,8974.128983186125,112.09724700000001,96.36461440000001,129.48984968014776,0.9145887958012706,51,64,,False,True,,305,56.69694568066818
45,2026-09-19T05:45:39.976+00:00,2026-09-19T05:47:02.886+00:00,2026-09-19T05:47:10.188+00:00,True,77,77.0,,77.0,82909.795361,90212.340001,90212.34015999999,1171.5888332467532,0.0,82909.795361,9438.41832150981,112.84050560000001,96.08611368421053,132.6751141841741,0.8535417660061413,51,64,,False,True,,314,56.69694568066818
46,2026-09-19T05:45:40.542+00:00,2026-09-19T05:47:06.128+00:00,2026-09-19T05:47:14.165+00:00,True,83,83.0,,83.0,85586.631614,93623.77542199999,93623.775258,1127.9972922650602,46.117742,85586.631614,9383.610786865233,110.0533271,98.01394887804878,17.397509731663778,0.8865269492272196,51,64,,False,True,,335,56.69694568066818
47,2026-09-19T05:45:40.885+00:00,2026-09-19T05:47:08.157+00:00,2026-09-19T05:47:09.973+00:00,True,19,19.0,,19.0,87271.64419499999,89087.58173099998,89087.58153499999,4688.820080789473,49.718023,87271.64419499999,19998.34782725777,8828.984331,100.88541866666667,13.381149476022857,0.21327327143496289,51,64,,False,True,,91,56.69694568066818
48,2026-09-19T05:45:41.380+00:00,2026-09-19T05:47:11.028+00:00,2026-09-19T05:47:20.424+00:00,True,92,92.0,,92.0,89648.02927099999,99044.61243899999,99044.612245,1076.5718722282609,0.0,89648.02927099999,9337.160803064642,112.33297629999998,103.2591556923077,166.7748974993098,0.9288743499971929,51,64,,False,True,,322,56.69694568066818
49,2026-09-19T05:45:41.697+00:00,2026-09-19T05:47:12.722+00:00,2026-09-19T05:47:20.403+00:00,True,76,76.0,,76.0,91025.011956,98705.80504400001,98705.805015,1298.7605923026317,0.0,91025.011956,10431.200748294938,114.04459724999998,102.41057450666666,187.51549541864924,0.7699648462025263,51,64,,False,True,,283,56.69694568066818
50,2026-09-19T05:45:42.090+00:00,2026-09-19T05:47:15.494+00:00,2026-09-19T05:47:15.798+00:00,True,4,4.0,,4.0,93404.09018700001,93707.92941900001,93707.92953400001,23426.982383500002,97.375921,93404.09018700001,46651.405284130306,79408.98138915001,101.279744,3.383582854667519,0.042685822051564494,51,64,,False,True,,10,56.69694568066818
51,2026-09-19T05:45:42.490+00:00,2026-09-19T05:47:17.648+00:00,2026-09-19T05:47:20.410+00:00,True,23,23.0,,23.0,95157.415687,97919.94906300001,97919.949005,4257.389087173913,0.01815,95157.415687,19817.307722851972,1209.8051395,125.5696989090909,273.2302517424837,0.23488574310023586,51,64,,False,True,,111,56.69694568066818
52,2026-09-19T05:45:42.902+00:00,2026-09-19T05:47:20.401+00:00,2026-09-19T05:47:27.658+00:00,True,82,82.0,,82.0,97498.901496,104756.736248,104756.736118,1277.5211721707317,0.0,97498.901496,10757.111437243744,112.64382004999999,89.6028981728395,34.27767499282461,0.7827658911201095,51,64,,False,True,,304,56.69694568066818
53,2026-09-19T05:45:43.401+00:00,2026-09-19T05:47:21.930+00:00,2026-09-19T05:47:31.355+00:00,True,97,97.0,,97.0,98529.463351,107954.45151099999,107954.45152,1112.932489896907,46.216542000000004,98529.463351,9994.19958542719,111.3661572,98.17696,18.349126163480484,0.898527097700239,51,64,,False,True,,399,56.69694568066818
54,2026-09-19T05:45:43.927+00:00,2026-09-19T05:47:25.012+00:00,2026-09-19T05:47:33.456+00:00,True,87,87.0,,87.0,101085.111906,109529.28982600001,109529.289787,1258.9573538735633,48.657394999999994,101085.111906,10826.947312335846,110.8199816,98.18811534883721,16.63264119733699,0.7943080808632065,51,64,,False,True,,335,56.69694568066818
55,2026-09-19T05:45:44.273+00:00,2026-09-19T05:47:26.979+00:00,2026-09-19T05:47:32.482+00:00,True,57,57.0,,57.0,102706.244347,108209.229051,108209.228962,1898.4075256491228,46.593591,102706.244347,13590.767276043276,109.0840148,98.267584,15.556472525026459,0.526757287709123,51,64,,True,True,,260,56.69694568066818
56,2026-09-19T05:45:44.612+00:00,2026-09-19T05:47:28.846+00:00,2026-09-19T05:47:32.481+00:00,True,38,38.0,,38.0,104233.687668,107869.402996,107869.403014,2838.668500368421,47.802467,104233.687668,16893.00306525323,109.27890804999998,98.26257643243243,14.927280327273843,0.35227783731600987,51,64,,True,True,,134,56.69694568066818
57,2026-09-19T05:45:45.017+00:00,2026-09-19T05:47:31.152+00:00,2026-09-19T05:47:35.922+00:00,True,49,49.0,,49.0,106134.323906,110904.80045000001,110904.800577,2263.3632770816325,43.183008,106134.323906,15147.856775010174,110.76756900000001,99.384928,16.07330126373092,0.4418203702741525,51,64,,True,True,,220,56.69694568066818
58,2026-09-19T05:45:45.517+00:00,2026-09-19T05:47:33.823+00:00,2026-09-19T05:47:34.138+00:00,True,4,4.0,,4.0,108305.934536,108620.640456,108620.640293,27155.16007325,104.059514,108305.934536,54100.516313420485,92075.9202401,104.90197333333333,0.8936560823702445,0.03682541350527498,51,64,,True,True,,17,56.69694568066818
59,2026-09-19T05:45:45.827+00:00,2026-09-19T05:47:35.506+00:00,2026-09-19T05:47:42.927+00:00,True,77,77.0,,77.0,109678.993677,117099.36154900001,117099.36144200001,1520.770927818182,46.720249,109678.993677,12487.97045249535,112.80170700000001,97.63641936842104,20.003365797215018,0.657561228186368,51,64,,True,True,,335,56.69694568066818
60,2026-09-19T05:45:46.351+00:00,2026-09-19T05:47:38.017+00:00,2026-09-19T05:47:39.062+00:00,True,12,12.0,,12.0,111666.18837,112710.775634,112710.775674,9392.5646395,46.367491,111666.18837,32207.846167615888,50309.726594600004,94.96247854545454,23.079726382314277,0.10646719386411635,51,64,,True,True,,66,56.69694568066818
61,2026-09-19T05:45:46.855+00:00,2026-09-19T05:47:41.006+00:00,2026-09-19T05:47:47.179+00:00,True,61,61.0,,61.0,114151.832998,120324.238502,120324.238529,1972.5285004754098,46.7849,114151.832998,14602.476772360951,111.09411800000002,102.87342506666667,10.66414780190147,0.506963524219487,51,64,,True,True,,226,56.69694568066818
62,2026-09-19T05:45:47.186+00:00,2026-09-19T05:47:42.500+00:00,2026-09-19T05:47:48.799+00:00,True,63,63.0,,63.0,115314.86378300001,121613.338023,121613.33803700001,1930.3704450317462,47.806187,115314.86378300001,14515.51371161629,111.22111410000001,101.58829419354838,12.615542544464656,0.5180352831700515,51,64,,True,True,,304,56.69694568066818
63,2026-09-19T05:45:47.689+00:00,2026-09-19T05:47:45.529+00:00,2026-09-19T05:47:53.705+00:00,True,82,82.0,,82.0,117840.43025599999,126015.795632,126015.79557999999,1536.7779948780487,46.21757100000001,117840.43025599999,13002.160069918502,110.75249505,100.93043674074075,13.982456858636297,0.6507120761230762,51,64,,True,True,,396,56.69694568066818
64,2026-09-19T05:45:48.128+00:00,2026-09-19T05:47:47.903+00:00,2026-09-19T05:47:51.437+00:00,True,37,37.0,,37.0,119774.981997,123309.66999699999,123309.669964,3332.6937828108107,48.063046,119774.981997,19674.753519145474,110.9688838,98.18577777777777,19.52242054139608,0.3000575705125168,51,64,,True,True,,72,56.69694568066818
65,2026-09-19T05:45:48.563+00:00,2026-09-19T05:47:50.335+00:00,2026-09-19T05:47:59.945+00:00,True,98,98.0,,98.0,121771.375371,131382.156555,131382.156459,1340.6342495816327,47.390588,121771.375371,12290.767131995097,111.33840570000001,99.08021839175257,15.179465097170723,0.7459155989647243,51,64,,True,True,,409,56.69694568066818
66,2026-09-19T05:45:49.006+00:00,2026-09-19T05:47:52.783+00:00,2026-09-19T05:47:58.805+00:00,True,63,63.0,,63.0,123777.11911300001,129798.861449,129798.86147100001,2060.2993884285715,43.117078,123777.11911300001,15582.225050067054,110.06517789999998,97.12487638709678,18.181096223296617,0.4853663529610672,51,64,,True,True,,223,56.69694568066818
67,2026-09-19T05:45:49.406+00:00,2026-09-19T05:47:54.252+00:00,2026-09-19T05:48:03.698+00:00,True,96,96.0,,96.0,124846.080898,134292.268674,134292.268746,1398.8777994375,44.483925000000006,124846.080898,12731.911293828603,110.83249900000001,99.4335555368421,15.973091853189226,0.7148587252855483,51,64,,True,True,,423,56.69694568066818
68,2026-09-19T05:45:49.950+00:00,2026-09-19T05:47:57.014+00:00,2026-09-19T05:48:05.400+00:00,True,85,85.0,,85.0,127064.931736,135450.108312,135450.108347,1593.530686435294,45.306853000000004,127064.931736,13771.309745623645,113.2726264,99.82353066666667,16.878842651975962,0.6275373350326775,51,64,,True,True,,401,56.69694568066818
69,2026-09-19T05:45:50.356+00:00,2026-09-19T05:47:59.744+00:00,2026-09-19T05:48:03.382+00:00,True,37,37.0,,37.0,129387.741791,133025.286495,133025.28637699998,3595.278010189189,47.203038,129387.741791,21254.606727905157,110.37895960000002,101.04290844444445,13.805546016185641,0.2781426071304925,51,64,,True,True,,72,56.69694568066818
70,2026-09-19T05:45:50.855+00:00,2026-09-19T05:48:02.175+00:00,2026-09-19T05:48:02.332+00:00,True,3,3.0,,3.0,131320.439125,131476.997205,131476.997115,43825.665705,53.728343,131320.439125,75772.70045733733,118198.6781772,78.27904,34.71968966102041,0.022817679622864944,51,64,,True,True,,10,56.69694568066818
71,2026-09-19T05:45:51.379+00:00,2026-09-19T05:48:04.909+00:00,2026-09-19T05:48:13.459+00:00,True,86,86.0,,86.0,133530.253014,142079.39630999998,142079.396196,1652.0860022790696,48.031297,133530.253014,14388.101335361893,112.99608,100.57815642352942,16.603846614989017,0.6052953646590561,51,64,,True,True,,287,56.69694568066818
72,2026-09-19T05:45:51.759+00:00,2026-09-19T05:48:06.662+00:00,2026-09-19T05:48:12.471+00:00,True,58,58.0,,58.0,134902.982304,140712.333472,140712.333602,2426.074717275862,46.82976,134902.982304,17700.252651771556,112.3418145,101.91844154385964,14.469662984152459,0.41218845973825935,51,64,,True,True,,253,56.69694568066818
73,2026-09-19T05:45:52.258+00:00,2026-09-19T05:48:09.411+00:00,2026-09-19T05:48:18.823+00:00,True,94,94.0,,94.0,137152.592649,146565.222409,146565.222361,1559.2044932021277,45.620073,137152.592649,14135.77919417649,114.75354780000002,101.21107268817204,15.60002743925594,0.641352692371228,51,64,,True,True,,285,56.69694568066818
74,2026-09-19T05:45:52.785+00:00,2026-09-19T05:48:12.571+00:00,2026-09-19T05:48:21.861+00:00,True,93,93.0,,93.0,139785.925247,149076.004223,149076.00419900002,1602.9677870860216,42.492979,139785.925247,14484.66241928398,112.20326499999999,100.97911930434783,15.551509274441173,0.6238428544199712,51,64,,True,True,,393,56.69694568066818
75,2026-09-19T05:45:53.220+00:00,2026-09-19T05:48:14.807+00:00,2026-09-19T05:48:18.825+00:00,True,41,41.0,,41.0,141587.057901,145605.003245,145605.00320799998,3551.3415416585362,41.892271,141587.057901,22096.50340626478,112.36083500000001,100.4486336,18.289514031727794,0.28158373054675867,51,64,,True,True,,194,56.69694568066818
76,2026-09-19T05:45:53.776+00:00,2026-09-19T05:48:18.398+00:00,2026-09-19T05:48:19.243+00:00,True,9,9.0,,9.0,144621.748812,145467.210316,145467.210516,16163.023390666667,98.904067,144621.748812,48172.022137801476,86817.10709520002,105.682688,3.3969467594539324,0.061869612955725226,51,64,,True,True,,70,56.69694568066818
77,2026-09-19T05:45:54.143+00:00,2026-09-19T05:48:20.252+00:00,2026-09-19T05:48:23.314+00:00,True,32,32.0,,32.0,146108.742091,149170.554059,149170.55429499998,4661.579821718749,45.193833,146108.742091,25811.165953808275,110.58047164999999,98.768128,16.778669342259757,0.21451954912859914,51,64,,True,True,,160,56.69694568066818
78,2026-09-19T05:45:54.702+00:00,2026-09-19T05:48:23.050+00:00,2026-09-19T05:48:30.920+00:00,True,83,83.0,,83.0,148347.45361000003,156217.85207400002,156217.85215400002,1882.1427970361449,44.468574000000004,148347.45361000003,16272.727235332835,112.59271290000001,95.98046907317074,21.472200558443213,0.5313093151522983,51,64,,True,True,,321,56.69694568066818
79,2026-09-19T05:45:55.082+00:00,2026-09-19T05:48:25.456+00:00,2026-09-19T05:48:26.883+00:00,True,15,15.0,,15.0,150374.749523,151801.578835,151801.578936,10120.1052624,50.400122,150374.749523,38800.28157723683,45193.9762464,101.91637942857143,15.573809540425378,0.0988132015168576,51,64,,True,True,,65,56.69694568066818
80,2026-09-19T05:45:55.505+00:00,2026-09-19T05:48:27.846+00:00,2026-09-19T05:48:33.619+00:00,True,59,59.0,,59.0,152340.210482,158113.444402,158113.444185,2679.8888844915255,47.224028,152340.210482,19820.054742059554,112.09267689999999,99.53851586206896,17.33643249311885,0.3731497990138889,51,64,,True,True,,255,56.69694568066818
81,2026-09-19T05:45:55.953+00:00,2026-09-19T05:48:30.140+00:00,2026-09-19T05:48:37.932+00:00,True,79,79.0,,79.0,154186.970738,161979.571314,161979.571169,2050.3743185949365,45.330413,154186.970738,17336.158914069118,113.5012219,99.90513558974358,18.356682027595525,0.48771582341613456,51,64,,True,True,,239,56.69694568066818
82,2026-09-19T05:45:56.364+00:00,2026-09-19T05:48:32.124+00:00,2026-09-19T05:48:38.043+00:00,True,60,60.0,,60.0,155759.871614,161678.150014,161678.150089,2694.635834816667,46.64739,155759.871614,20095.571939945625,112.43202855,100.30980338983052,19.097927387170493,0.37110766046497,51,64,,True,True,,255,56.69694568066818
83,2026-09-19T05:45:56.886+00:00,2026-09-19T05:48:34.735+00:00,2026-09-19T05:48:40.256+00:00,True,56,56.0,,56.0,157848.715348,163369.305684,163369.305759,2917.3090314107144,44.526334999999996,157848.715348,21080.01782350192,113.73485975,100.37436974545454,19.728490163633346,0.3427816490101207,51,64,,True,True,,230,56.69694568066818
84,2026-09-19T05:45:57.371+00:00,2026-09-19T05:48:37.555+00:00,2026-09-19T05:48:43.322+00:00,True,56,56.0,,56.0,160184.059262,165950.40396599998,165950.40398499998,2963.400071160714,45.806562,160184.059262,21391.48818648246,114.98016449999999,104.84263098181819,11.55850812217784,0.3374502180270276,51,64,,True,True,,226,56.69694568066818
85,2026-09-19T05:45:57.835+00:00,2026-09-19T05:48:40.254+00:00,2026-09-19T05:48:47.662+00:00,True,75,75.0,,75.0,162418.905014,169827.235254,169827.23516399998,2264.36313552,40.668814,162418.905014,18742.966598124523,112.089372,100.11257081081081,16.18738847869172,0.44162527811176566,51,64,,True,True,,265,56.69694568066818
86,2026-09-19T05:45:58.351+00:00,2026-09-19T05:48:42.796+00:00,2026-09-19T05:48:51.679+00:00,True,91,91.0,,91.0,164445.138695,173328.410119,173328.410216,1904.7078045714286,45.889922,164445.138695,17228.195534128725,109.99609100000002,98.70301582222221,16.575373217796336,0.5250149120823483,51,64,,True,True,,404,56.69694568066818
87,2026-09-19T05:45:58.881+00:00,2026-09-19T05:48:46.040+00:00,2026-09-19T05:48:47.038+00:00,True,12,12.0,,12.0,167159.752308,168157.308532,168157.30865,14013.109054166667,50.893991,167159.752308,48228.69133290406,75286.0943154,90.68692945454545,26.061309267999953,0.07136175111720716,51,64,,True,True,,37,56.69694568066818
88,2026-09-19T05:45:59.237+00:00,2026-09-19T05:48:47.921+00:00,2026-09-19T05:48:54.152+00:00,True,62,62.0,,62.0,168684.40129100002,174915.10669900003,174915.106674,2821.2113979677424,49.054804,168684.40129100002,21409.97188743061,110.29258045,102.14271160655738,12.584370682461675,0.3544576633205944,51,64,,True,True,,297,56.69694568066818
89,2026-09-19T05:45:59.761+00:00,2026-09-19T05:48:50.639+00:00,2026-09-19T05:48:52.100+00:00,True,15,15.0,,15.0,170877.352501,172339.102517,172339.102562,11489.273504133333,98.450829,170877.352501,44093.384121814284,51341.8818828,104.41071542857144,3.833669112614095,0.08703770520401985,51,64,,True,True,,19,56.69694568066818
90,2026-09-19T05:46:00.126+00:00,2026-09-19T05:48:52.844+00:00,2026-09-19T05:49:01.625+00:00,True,89,89.0,,89.0,172717.471972,181498.746852,181498.746814,2039.3117619550562,48.731565,172717.471972,18297.444659359906,110.3975404,99.78721454545455,15.712682201349013,0.4903615123721681,51,64,,True,True,,311,56.69694568066818
91,2026-09-19T05:46:00.600+00:00,2026-09-19T05:48:54.882+00:00,2026-09-19T05:48:56.607+00:00,True,19,19.0,,19.0,174281.741122,176007.094594,176007.094583,9263.531293842105,45.832502999999996,174281.741122,39960.98877145633,17528.1741913,95.85297066666668,21.398873753653575,0.10795019396137286,51,64,,True,True,,57,56.69694568066818
92,2026-09-19T05:46:01.068+00:00,2026-09-19T05:48:57.579+00:00,2026-09-19T05:48:59.397+00:00,True,20,20.0,,20.0,176511.794565,178328.826757,178328.82684,8916.441342,44.649976,176511.794565,39447.85811591107,8933.632983149999,95.63327326315789,20.84800789163887,0.11215236685907784,51,64,,True,True,,61,56.69694568066818
93,2026-09-19T05:46:01.446+00:00,2026-09-19T05:48:59.607+00:00,2026-09-19T05:49:06.647+00:00,True,71,71.0,,71.0,178160.889647,185201.11569500001,185201.115624,2608.466417239437,48.017367,178160.889647,21131.877260013694,111.29759849999999,100.57465782857142,15.594346415956997,0.38336702094671465,51,64,,True,True,,320,56.69694568066818
94,2026-09-19T05:46:01.787+00:00,2026-09-19T05:49:01.209+00:00,2026-09-19T05:49:10.247+00:00,True,91,91.0,,91.0,179421.274673,188459.31064100002,188459.310719,2070.9814364725275,42.71107,179421.274673,18797.941419963434,114.110607,100.42262186666666,17.879747108431587,0.4828628508216702,51,64,,True,True,,443,56.69694568066818
95,2026-09-19T05:46:02.250+00:00,2026-09-19T05:49:04.307+00:00,2026-09-19T05:49:07.127+00:00,True,29,29.0,,29.0,182056.545942,184877.14703,184877.14700599998,6375.0740346896555,48.088207000000004,182056.545942,33788.35059869361,113.65539400000002,100.73575314285715,18.51608556544597,0.15686092340712166,51,64,,True,True,,133,56.69694568066818
96,2026-09-19T05:46:02.675+00:00,2026-09-19T05:49:06.749+00:00,2026-09-19T05:49:10.459+00:00,True,38,38.0,,38.0,184074.30114599998,187784.13948199997,187784.13941799998,4941.6878794210525,46.941019,184074.30114599998,29844.536361210583,113.63422504999998,100.26590097297297,20.59250922144707,0.20236000817120386,51,64,,True,True,,76,56.69694568066818
97,2026-09-19T05:46:03.090+00:00,2026-09-19T05:49:08.524+00:00,2026-09-19T05:49:14.930+00:00,True,65,65.0,,65.0,185434.175546,191840.29548200002,191840.295423,2951.3891603538464,47.805497,185434.175546,22987.870021568266,112.09819899999998,100.095624,17.567840260216208,0.3388234981430104,51,64,,True,True,,215,56.69694568066818
98,2026-09-19T05:46:03.641+00:00,2026-09-19T05:49:11.635+00:00,2026-09-19T05:49:14.080+00:00,True,25,25.0,,25.0,187994.45983100001,190438.89605500002,190438.896038,7617.55584152,52.814456,187994.45983100001,37578.52320959946,113.05125,101.85150933333333,11.007969460886523,0.13127570321968174,51,64,,True,True,,108,56.69694568066818
99,2026-09-19T05:46:03.951+00:00,2026-09-19T05:49:13.293+00:00,2026-09-19T05:49:22.155+00:00,True,90,90.0,,90.0,189342.28391,198203.702406,198203.702464,2202.263360711111,47.517758,189342.28391,19947.941950806857,114.05838990000001,99.56649995505617,18.00052643348415,0.4540782987779119,51,64,,True,True,,270,56.69694568066818
100,2026-09-19T05:46:04.473+00:00,2026-09-19T05:49:16.327+00:00,2026-09-19T05:49:19.873+00:00,True,38,38.0,,38.0,191854.614889,195399.950441,195399.950449,5142.10395918421,47.019829,191854.614889,31107.392463618187,113.01021945000001,95.81987978378378,22.93029798482872,0.19447292547535167,51,64,,True,True,,134,56.69694568066818
101,2026-09-19T05:46:04.820+00:00,2026-09-19T05:49:18.136+00:00,2026-09-19T05:49:19.866+00:00,True,20,20.0,,20.0,193315.926932,195046.331796,195046.331732,9752.3165866,48.002357,193315.926932,43206.39762205776,9774.522422549999,91.07394021052632,25.265053768067208,0.10253973922933401,51,64,,True,True,,85,56.69694568066818
102,2026-09-19T05:46:05.165+00:00,2026-09-19T05:49:19.872+00:00,2026-09-19T05:49:26.468+00:00,True,65,65.0,,65.0,194707.014183,201302.35063099998,201302.350756,3096.9592423999998,48.748993999999996,194707.014183,24137.65393177573,111.7817422,103.052132,12.427060544200309,0.32289737201901403,51,64,,True,True,,227,56.69694568066818
103,2026-09-19T05:46:05.681+00:00,2026-09-19T05:49:22.786+00:00,2026-09-19T05:49:31.357+00:00,True,84,84.0,,84.0,197104.840379,205675.811771,205675.811784,2448.521568857143,46.85822,197104.840379,21494.63884909432,113.8294665,103.26471556626507,14.3644054413435,0.4084097166152227,51,64,,True,True,,347,56.69694568066818
104,2026-09-19T05:46:06.215+00:00,2026-09-19T05:49:25.765+00:00,2026-09-19T05:49:35.910+00:00,True,98,98.0,,98.0,199549.499205,209694.682181,209694.682328,2139.741656408163,45.847622,199549.499205,20146.98263741486,114.22513855000001,104.58951521649485,13.28579701131062,0.4673461385892959,51,64,,True,True,,343,56.69694568066818
105,2026-09-19T05:46:06.613+00:00,2026-09-19T05:49:28.138+00:00,2026-09-19T05:49:30.489+00:00,True,24,24.0,,24.0,201524.37694999998,203876.06462999998,203876.06457599998,8494.836023999998,51.858497,201524.37694999998,41115.12311484453,113.513317,102.24729043478261,16.23722956077107,0.11771857595719182,51,64,,True,True,,95,56.69694568066818
106,2026-09-19T05:46:07.350+00:00,2026-09-19T05:49:31.033+00:00,2026-09-19T05:49:35.257+00:00,True,41,41.0,,41.0,203682.58284599998,207906.30713399997,207906.30716899998,5070.885540707316,51.236889000000005,203682.58284599998,31793.387017307625,114.92691,105.5931072,13.259867136792328,0.19720421455792891,51,64,,True,True,,176,56.69694568066818
107,2026-09-19T05:46:07.381+00:00,2026-09-19T05:49:31.729+00:00,2026-09-19T05:49:39.083+00:00,True,72,72.0,,72.0,204348.55755899998,211702.754807,211702.75475499997,2940.3160382638885,46.391311,204348.55755899998,24070.505602840585,114.6451186,103.58024292957747,14.301600302070318,0.34009949500014397,51,64,,True,True,,240,56.69694568066818
108,2026-09-19T05:46:07.799+00:00,2026-09-19T05:49:34.818+00:00,2026-09-19T05:49:37.544+00:00,True,28,28.0,,28.0,207019.333875,209745.93509100002,209745.93527000002,7490.926259642858,47.445328,207019.333875,39103.89658687929,115.07254605,100.98523022222223,18.660244631245767,0.1334948397824824,51,64,,True,True,,130,56.69694568066818
109,2026-09-19T05:46:08.343+00:00,2026-09-19T05:49:38.365+00:00,2026-09-19T05:49:44.479+00:00,True,63,63.0,,63.0,210021.854447,216136.01559899998,216136.015593,3430.730406238095,46.803312,210021.854447,26447.847848360252,113.849588,98.61550245161291,17.538893858642414,0.29148311920806724,51,64,,True,True,,269,56.69694568066818
110,2026-09-19T05:46:08.653+00:00,2026-09-19T05:49:39.892+00:00,2026-09-19T05:49:47.070+00:00,True,75,75.0,,75.0,211239.25145699998,218416.69043299998,218416.69028999997,2912.2225372,47.72005,211239.25145699998,24380.616769835142,113.8094557,96.9924185945946,20.797925243500973,0.34338035180057125,51,64,,True,True,,325,56.69694568066818
111,2026-09-19T05:46:09.140+00:00,2026-09-19T05:49:42.674+00:00,2026-09-19T05:49:45.888+00:00,True,34,34.0,,34.0,213534.320296,216748.38212,216748.382205,6374.9524177941175,45.014596,213534.320296,36604.135989299095,111.448525,97.39581284848484,20.235327403062392,0.15686391597228316,51,64,,True,True,,166,56.69694568066818
112,2026-09-19T05:46:09.572+00:00,2026-09-19T05:49:44.794+00:00,2026-09-19T05:49:46.317+00:00,True,16,16.0,,16.0,215222.37926,216745.11359599998,216745.11355399998,13546.569597124999,50.273474,215222.37926,53780.21792627242,53889.657230749996,101.51562240000001,15.24303486725927,0.07381942658150555,51,64,,True,True,,49,56.69694568066818
113,2026-09-19T05:46:09.999+00:00,2026-09-19T05:49:46.909+00:00,2026-09-19T05:49:50.537+00:00,True,40,40.0,,40.0,216910.467104,220537.884192,220537.884323,5513.447108075,46.221423,216910.467104,34281.85709975499,110.10419325000001,93.01069456410256,22.451570334790183,0.1813747336270627,51,64,,True,True,,127,56.69694568066818
114,2026-09-19T05:46:10.516+00:00,2026-09-19T05:49:49.565+00:00,2026-09-19T05:49:56.388+00:00,True,70,70.0,,70.0,219049.171664,225872.04628799998,225872.046415,3226.7435202142856,46.679773000000004,219049.171664,26169.56960421689,110.44785445000001,98.88224092753623,15.647749292809834,0.30990997403346643,51,64,,True,True,,335,56.69694568066818
115,2026-09-19T05:46:10.965+00:00,2026-09-19T05:49:51.816+00:00,2026-09-19T05:50:00.398+00:00,True,87,87.0,,87.0,220851.700027,229433.752891,229433.75310600002,2637.1695759310346,46.784792,220851.700027,23667.094309389475,110.87702900000001,99.79131237209302,16.181491926111562,0.37919442498651096,51,64,,True,True,,333,56.69694568066818
116,2026-09-19T05:46:11.289+00:00,2026-09-19T05:49:53.705+00:00,2026-09-19T05:50:01.204+00:00,True,76,76.0,,76.0,222416.19907300003,229914.751137,229914.75112700003,3025.194093776316,47.36818,222416.19907300003,25501.425352744227,113.69816575,99.98069418666667,17.840622190704405,0.33055730275746265,51,64,,True,True,,310,56.69694568066818
117,2026-09-19T05:46:11.667+00:00,2026-09-19T05:49:55.854+00:00,2026-09-19T05:50:02.117+00:00,True,64,64.0,,64.0,224187.46088600002,230450.43279000002,230450.43283600002,3600.7880130625003,47.62832,224187.46088600002,28011.012083958023,111.96304849999999,99.41225244444445,18.488652104544492,0.2777169876626813,51,64,,True,True,,246,56.69694568066818
118,2026-09-19T05:46:12.026+00:00,2026-09-19T05:49:57.340+00:00,2026-09-19T05:50:03.488+00:00,True,64,64.0,,64.0,225313.951101,231462.308221,231462.308105,3616.598564140625,46.920442,225313.951101,28152.05241308997,111.76236765,97.59297015873017,20.915873134472797,0.27650290231657443,51,64,,True,True,,194,56.69694568066818
119,2026-09-19T05:46:12.571+00:00,2026-09-19T05:50:00.719+00:00,2026-09-19T05:50:04.424+00:00,True,39,39.0,,39.0,228147.90203099998,231852.99668699998,231852.99654999998,5944.948629487179,45.430904999999996,228147.90203099998,36517.29596788896,113.9886144,97.50249094736843,22.105179400629755,0.16821003203443494,51,64,,True,True,,126,56.69694568066818
120,2026-09-19T05:46:13.101+00:00,2026-09-19T05:50:03.902+00:00,2026-09-19T05:50:10.625+00:00,True,72,72.0,,72.0,230800.39317899998,237523.431387,237523.431559,3298.9365494305553,45.189595000000004,230800.39317899998,27188.93539416894,111.13842075000001,94.6906789859155,20.489613954691972,0.3031279885927948,51,64,,True,True,,323,56.69694568066818
121,2026-09-19T05:46:13.610+00:00,2026-09-19T05:50:06.780+00:00,2026-09-19T05:50:15.487+00:00,True,89,89.0,,89.0,233170.409035,241877.090379,241877.090358,2717.7201163820223,43.892659,233170.409035,24705.533498666016,115.6516604,98.93956072727273,18.89758938367094,0.3679554763146227,51,64,,True,True,,367,56.69694568066818
122,2026-09-19T05:46:14.006+00:00,2026-09-19T05:50:09.290+00:00,2026-09-19T05:50:12.786+00:00,True,36,36.0,,36.0,235283.53102000002,238780.04583600003,238780.04581900002,6632.779050527778,45.900244,235283.53102000002,39197.275280315196,113.24599625,99.90042331428572,16.840172711120527,0.15076636690456824,51,64,,True,True,,120,56.69694568066818
123,2026-09-19T05:46:14.490+00:00,2026-09-19T05:50:12.036+00:00,2026-09-19T05:50:15.325+00:00,True,32,32.0,,32.0,237545.487335,240835.198695,240835.19867,7526.0999584375,43.965319,237545.487335,41973.74852306515,115.30291919999999,106.11972129032259,12.435987973706478,0.13287094317357503,51,64,,True,True,,147,56.69694568066818
124,2026-09-19T05:46:14.801+00:00,2026-09-19T05:50:13.430+00:00,2026-09-19T05:50:21.328+00:00,True,81,81.0,,81.0,238628.83213999998,246527.01146799998,246527.011424,3043.54335091358,44.845448,238628.83213999998,26503.352195735257,114.11546700000001,98.7272416,19.668555985453786,0.32856440159505224,51,64,,True,True,,337,56.69694568066818
125,2026-09-19T05:46:15.310+00:00,2026-09-19T05:50:16.339+00:00,2026-09-19T05:50:19.313+00:00,True,33,33.0,,33.0,241028.225438,244002.735262,244002.735319,7394.022282393939,45.516205,241028.225438,41941.45468097125,115.3193048,92.953432,25.1302424428954,0.13524438553758822,51,64,,True,True,,149,56.69694568066818
126,2026-09-19T05:46:15.851+00:00,2026-09-19T05:50:19.838+00:00,2026-09-19T05:50:25.395+00:00,True,58,58.0,,58.0,243987.471069,249544.18940499998,249544.189385,4302.48602387931,46.340904,243987.471069,32024.32740138241,109.3836181,97.48628659649123,15.082414840896922,0.23242376485820868,51,64,,True,True,,189,56.69694568066818
127,2026-09-19T05:46:16.326+00:00,2026-09-19T05:50:21.781+00:00,2026-09-19T05:50:24.540+00:00,True,29,29.0,,29.0,245455.06285299998,248214.563653,248214.563641,8559.122884172413,53.663157,245455.06285299998,45561.56185553343,113.01208439999999,98.5536,13.384582492714596,0.11683440154841816,51,64,,True,True,,137,56.69694568066818
128,2026-09-19T05:46:16.823+00:00,2026-09-19T05:50:24.436+00:00,2026-09-19T05:50:31.345+00:00,True,71,71.0,,71.0,247613.244178,254522.081554,254522.08151,3584.8180494366197,44.939175999999996,247613.244178,29374.577264313197,110.743285,98.6976768,17.040106712768903,0.27895418568992203,51,64,,True,True,,341,56.69694568066818
129,2026-09-19T05:46:17.342+00:00,2026-09-19T05:50:26.961+00:00,2026-09-19T05:50:31.444+00:00,True,44,44.0,,44.0,249619.958551,254102.80962299998,254102.809479,5775.063851795454,96.317538,249619.958551,37615.90820081682,110.7859966,104.25235051162791,3.5694803762702354,0.17315825852252742,51,64,,True,True,,181,56.69694568066818
130,2026-09-19T05:46:17.886+00:00,2026-09-19T05:50:30.195+00:00,2026-09-19T05:50:31.241+00:00,True,11,11.0,,11.0,252308.145506,253354.94845,253354.948306,23032.268027818183,91.891068,252308.145506,76042.2061551379,126210.88046700001,104.68029440000001,6.469402115236225,0.0434173481406102,51,64,,True,True,,29,56.69694568066818
131,2026-09-19T05:46:18.352+00:00,2026-09-19T05:50:32.178+00:00,2026-09-19T05:50:35.424+00:00,True,34,34.0,,34.0,253825.273235,257071.557779,257071.557631,7560.928165617647,44.711437,253825.273235,43513.807703936895,111.18501814999999,98.3722589090909,16.875542677389884,0.1322588943473444,51,64,,True,True,,152,56.69694568066818
132,2026-09-19T05:46:18.887+00:00,2026-09-19T05:50:35.009+00:00,2026-09-19T05:50:42.203+00:00,True,73,73.0,,73.0,256122.72100999998,263316.60005,263316.600186,3607.0767148767122,45.304345999999995,256122.72100999998,29965.208615042564,113.73180820000002,99.91498666666668,18.595750249271532,0.2772328063864502,51,64,,True,True,,253,56.69694568066818
133,2026-09-19T05:46:19.270+00:00,2026-09-19T05:50:37.278+00:00,2026-09-19T05:50:37.594+00:00,True,4,4.0,,4.0,258008.07328,258323.428672,258323.428493,64580.85712325,102.95001300000001,258008.07328,128951.47747151979,219323.25513820004,105.118464,3.610092657443573,0.01548446465178698,51,64,,True,True,,13,56.69694568066818
134,2026-09-19T05:46:19.737+00:00,2026-09-19T05:50:39.643+00:00,2026-09-19T05:50:43.581+00:00,True,40,40.0,,40.0,259906.161002,263844.59761,263844.597823,6596.114945575,47.75072,259906.161002,41078.80893906307,111.34404139999998,100.98555405128205,17.956956541431904,0.15160439274608803,51,64,,True,True,,186,56.69694568066818
135,2026-09-19T05:46:20.204+00:00,2026-09-19T05:50:42.622+00:00,2026-09-19T05:50:50.735+00:00,True,84,84.0,,84.0,262418.791218,270531.681586,270531.68177,3220.615259166667,47.228351,262418.791218,28621.578275398664,113.11419665,97.74566708433736,18.194426938139397,0.3104996779214453,51,64,,True,True,,383,56.69694568066818
136,2026-09-19T05:46:20.706+00:00,2026-09-19T05:50:44.973+00:00,2026-09-19T05:50:47.449+00:00,True,27,27.0,,27.0,264266.70181400003,266742.91096600005,266742.910921,9879.36707114815,49.459927,264266.70181400003,50839.825302206336,110.07194360000001,95.23881353846154,19.357137621478916,0.10122105926721894,51,64,,True,True,,125,56.69694568066818
137,2026-09-19T05:46:21.081+00:00,2026-09-19T05:50:47.237+00:00,2026-09-19T05:50:50.429+00:00,True,34,34.0,,34.0,266155.405252,269347.35251600004,269347.352558,7921.980957588236,47.159532,266155.405252,45628.691576432386,112.67295505,96.72567466666668,20.49700544738013,0.1262310532567061,51,64,,True,True,,103,56.69694568066818
138,2026-09-19T05:46:21.397+00:00,2026-09-19T05:50:48.693+00:00,2026-09-19T05:50:57.229+00:00,True,89,89.0,,89.0,267295.063058,275831.854866,275831.854909,3099.2343248202246,44.186468999999995,267295.063058,28322.942498569788,110.48705460000001,97.00899781818181,17.61273716486155,0.3226603397321041,51,64,,True,True,,419,56.69694568066818
139,2026-09-19T05:46:21.719+00:00,2026-09-19T05:50:50.531+00:00,2026-09-19T05:50:52.261+00:00,True,19,19.0,,19.0,268812.525927,270542.094695,270542.094699,14239.057615736841,48.490189,268812.525927,61647.781111179764,26981.4572652,96.08715377777777,16.585047130057177,0.0702293667882625,51,64,,True,True,,60,56.69694568066818
140,2026-09-19T05:46:22.757+00:00,2026-09-19T05:50:53.525+00:00,2026-09-19T05:50:54.652+00:00,True,12,12.0,,12.0,270768.023606,271894.83295,271894.83303,22657.902752500002,97.529806,270768.023606,78134.4246451711,121905.30511470001,102.4372130909091,3.345583628614698,0.044134711461055,51,64,,True,True,,47,56.69694568066818
141,2026-09-19T05:46:22.799+00:00,2026-09-19T05:50:53.732+00:00,2026-09-19T05:50:56.916+00:00,True,33,33.0,,33.0,270933.366518,274116.95819800004,274116.958403,8306.574497060607,54.394895,270933.366518,47146.12921010336,110.85294379999999,99.48724,15.134004124182116,0.12038656862726259,51,64,,True,True,,98,56.69694568066818
142,2026-09-19T05:46:22.836+00:00,2026-09-19T05:50:56.327+00:00,2026-09-19T05:50:56.486+00:00,True,3,3.0,,3.0,273491.28737,273650.02733799996,273650.027226,91216.67574199999,52.675509,273491.28737,157854.44639190775,246152.7650677,79.369984,37.751582519412345,0.0109629077299325,51,64,,True,True,,8,56.69694568066818
143,2026-09-19T05:46:23.153+00:00,2026-09-19T05:50:58.329+00:00,2026-09-19T05:51:04.903+00:00,True,66,66.0,,66.0,275176.11056400003,281750.16112400003,281750.160939,4268.941832409091,49.285467,275176.11056400003,33859.391774305186,113.88373625,101.1392393846154,15.342421246412204,0.23425008786757348,51,64,,True,True,,257,56.69694568066818
144,2026-09-19T05:46:23.580+00:00,2026-09-19T05:51:00.618+00:00,2026-09-19T05:51:05.002+00:00,True,44,44.0,,44.0,277038.495786,281422.17553,281422.175466,6395.958533318181,44.009859,277038.495786,41749.75854307297,113.939491,101.94604055813953,15.48418939540794,0.15634873093115415,51,64,,True,True,,203,56.69694568066818
145,2026-09-19T05:46:24.148+00:00,2026-09-19T05:51:03.725+00:00,2026-09-19T05:51:04.585+00:00,True,9,9.0,,9.0,279577.21465,280437.216186,280437.21598599997,31159.69066511111,99.041253,279577.21465,93156.57164597635,167792.6799236,107.500192,5.682310971184875,0.032092744759064894,51,64,,True,True,,42,56.69694568066818
146,2026-09-19T05:46:24.672+00:00,2026-09-19T05:51:05.947+00:00,2026-09-19T05:51:09.320+00:00,True,39,39.0,,39.0,281274.988482,284648.097986,284648.09801200003,7298.669179794872,43.57807,281274.988482,45025.83762642334,110.89390870000001,88.76603957894737,25.355529104635963,0.13701127910546643,51,64,,True,True,,166,56.69694568066818
147,2026-09-19T05:46:24.995+00:00,2026-09-19T05:51:08.127+00:00,2026-09-19T05:51:08.809+00:00,True,8,8.0,,8.0,283131.649883,283813.937755,283813.937907,35476.742238375,47.376681,283131.649883,100067.69619748743,184073.82697559998,97.469696,22.386034007951057,0.02818748107750061,51,64,,True,True,,20,56.69694568066818
148,2026-09-19T05:46:25.509+00:00,2026-09-19T05:51:10.886+00:00,2026-09-19T05:51:10.886+00:00,True,1,1.0,,1.0,285376.97761799995,285376.97761799995,285376.97761799995,285376.97761799995,285376.97761799995,285376.97761799995,nan,285376.97761799995,nan,nan,0.0035041369081236133,51,64,,True,True,,3,56.69694568066818
149,2026-09-19T05:46:25.957+00:00,2026-09-19T05:51:13.334+00:00,2026-09-19T05:51:16.824+00:00,True,36,36.0,,36.0,287377.313198,290866.40171,290866.40179100004,8079.622271972223,50.598344,287377.313198,47879.606581047425,112.06442499999999,99.6882432,15.452471539094665,0.1237681622502855,51,64,,True,True,,152,56.69694568066818
150,2026-09-19T05:46:26.416+00:00,2026-09-19T05:51:15.832+00:00,2026-09-19T05:51:17.944+00:00,True,22,22.0,,22.0,289415.48046399996,291527.93127999996,291527.93124699994,13251.269602136363,45.870734,289415.48046399996,61682.143725908274,111.83230780000002,100.592896,17.79167932635334,0.07546446717268389,51,64,,True,True,,132,56.69694568066818
151,2026-09-19T05:46:26.764+00:00,2026-09-19T05:51:17.624+00:00,2026-09-19T05:51:24.708+00:00,True,72,72.0,,72.0,290859.439098,297944.26137,297944.261391,4138.114741541666,46.773903,290859.439098,34266.35891422007,113.1238735,99.78622918309858,19.026315502181678,0.24165593815746392,51,64,,True,True,,340,56.69694568066818
152,2026-09-19T05:46:27.243+00:00,2026-09-19T05:51:19.778+00:00,2026-09-19T05:51:27.363+00:00,False,78,77.0,,77.0,292534.34032,300119.11472,300119.114736,3847.6809581538464,0.039659999999999994,292534.34032,33111.84592459237,113.44170035,98.50356363636364,22.77759927394087,0.2565647978531395,51,64,,True,False,Request timeout: 300.0s exceeded,426,56.69694568066818
153,2026-09-19T05:46:27.568+00:00,2026-09-19T05:51:21.775+00:00,2026-09-19T05:51:27.678+00:00,False,61,60.0,,60.0,294206.77240899997,300109.21132099995,300109.21117499995,4919.823134016393,0.03754,294206.77240899997,37656.72931264084,117.36196000000001,98.37398186666665,24.15124694988415,0.19992721894771623,51,64,,True,False,Request timeout: 300.0s exceeded,272,56.69694568066818
154,2026-09-19T05:46:27.938+00:00,2026-09-19T05:51:24.160+00:00,2026-09-19T05:51:27.995+00:00,False,40,39.0,,39.0,296221.28396499995,300056.99212499993,300056.99227399996,7501.424806849999,0.05593,296221.28396499995,46821.15275742607,113.4649509,98.35149128205128,24.12666574077661,0.12997530810331226,51,64,,True,False,Request timeout: 300.0s exceeded,167,56.69694568066818
155,2026-09-19T05:46:28.440+00:00,2026-09-19T05:51:26.929+00:00,2026-09-19T05:51:28.513+00:00,False,18,17.0,,17.0,298489.087097,300072.519033,300072.519094,16670.695505222222,0.03387,298489.087097,70332.60462165065,44869.43913489999,93.14305505882352,30.2410568664885,0.056652971937528385,51,64,,True,False,Request timeout: 300.0s exceeded,69,56.69694568066818
156,2026-09-19T05:46:28.812+00:00,2026-09-19T05:51:28.622+00:00,2026-09-19T05:51:29.600+00:00,False,11,10.0,,10.0,299810.099014,300787.536454,300787.536492,27344.321499272726,0.04925,299810.099014,90366.68124090225,149964.9546295,97.743744,34.763638662481014,0.033246058390219636,51,64,,True,False,Request timeout: 300.0s exceeded,34,56.69694568066818
157,2026-09-19T05:46:29.206+00:00,2026-09-19T05:51:29.387+00:00,2026-09-19T05:51:29.601+00:00,False,4,3.0,,3.0,300181.052564,300395.209876,300395.20983300003,75098.80245825001,0.041030000000000004,300181.052564,150054.84189398485,255170.26848440003,71.38577066666667,61.821894700893836,0.009986843669172915,51,64,,True,False,Request timeout: 300.0s exceeded,6,56.69694568066818
158,2026-09-19T05:46:29.732+00:00,2026-09-19T05:51:29.768+00:00,2026-09-19T05:51:29.768+00:00,False,1,0.0,,0.0,300036.023554,300036.023554,300036.023554,300036.023554,300036.023554,300036.023554,nan,300036.023554,nan,nan,0.0,51,64,,True,False,"HTTPConnectionPool(host='gpu03', port=9002): Read timed out.",0,56.69694568066818
159,2026-09-19T05:46:30.295+00:00,2026-09-19T05:51:30.334+00:00,2026-09-19T05:51:30.334+00:00,False,1,0.0,,0.0,300038.250827,300038.250827,300038.250827,300038.250827,300038.250827,300038.250827,nan,300038.250827,nan,nan,0.0,51,64,,True,False,"HTTPConnectionPool(host='gpu03', port=9002): Read timed out.",0,56.69694568066818
160,2026-09-19T05:46:30.747+00:00,2026-09-19T05:51:30.850+00:00,2026-09-19T05:51:30.850+00:00,False,1,0.0,,0.0,300103.50150099996,300103.50150099996,300103.50150099996,300103.50150099996,300103.50150099996,300103.50150099996,nan,300103.50150099996,nan,nan,0.0,51,64,,True,False,"HTTPConnectionPool(host='gpu03', port=9002): Read timed out.",0,56.69694568066818
161,2026-09-19T05:46:31.219+00:00,2026-09-19T05:51:30.986+00:00,2026-09-19T05:51:31.312+00:00,False,5,4.0,,4.0,299767.186837,300092.49090100004,300092.49079,60018.498158,0.02223,299767.186837,134023.59960456507,239836.0073186,81.326016,54.313074617626675,0.01332922389357484,51,64,,True,False,Request timeout: 300.0s exceeded,20,56.69694568066818
162,2026-09-19T05:46:31.663+00:00,2026-09-19T05:51:31.529+00:00,2026-09-19T05:51:31.739+00:00,False,4,3.0,,3.0,299865.610953,300076.040905,300076.040951,75019.01023775,0.07089,299865.610953,149897.74200614725,254901.8089113,70.14331733333333,60.709744533010884,0.009997465945472664,51,64,,True,False,Request timeout: 300.0s exceeded,10,56.69694568066818
163,2026-09-19T05:46:32.033+00:00,2026-09-19T05:51:32.117+00:00,2026-09-19T05:51:32.117+00:00,False,1,0.0,,0.0,300084.64374,300084.64374,300084.64374,300084.64374,300084.64374,300084.64374,nan,300084.64374,nan,nan,0.0,51,64,,True,False,"HTTPConnectionPool(host='gpu03', port=9002): Read timed out.",0,56.69694568066818
164,2026-09-19T05:46:32.363+00:00,2026-09-19T05:51:32.412+00:00,2026-09-19T05:51:32.412+00:00,False,1,0.0,,0.0,300048.75107,300048.75107,300048.75107,300048.75107,300048.75107,300048.75107,nan,300048.75107,nan,nan,0.0,51,64,,True,False,"HTTPConnectionPool(host='gpu03', port=9002): Read timed out.",0,56.69694568066818
165,2026-09-19T05:46:32.742+00:00,2026-09-19T05:51:32.666+00:00,2026-09-19T05:51:32.779+00:00,False,3,2.0,,2.0,299924.084545,300036.561217,300036.561107,100012.18703566666,0.02323,299924.084545,173128.790888369,269942.92142369994,56.238336,79.50007197734604,0.0066658542941822,51,64,,True,False,Request timeout: 300.0s exceeded,6,56.69694568066818
166,2026-09-19T05:46:33.085+00:00,2026-09-19T05:51:33.022+00:00,2026-09-19T05:51:33.141+00:00,False,3,2.0,,2.0,299937.73563099996,300056.734671,300056.734778,100018.91159266666,0.02298,299937.73563099996,173134.79052783625,269955.8596846,59.49952,84.11244465821214,0.006665406134586244,51,64,,True,False,Request timeout: 300.0s exceeded,10,56.69694568066818
167,2026-09-19T05:46:33.432+00:00,2026-09-19T05:51:33.550+00:00,2026-09-19T05:51:33.550+00:00,False,1,0.0,,0.0,300117.700316,300117.700316,300117.700316,300117.700316,300117.700316,300117.700316,nan,300117.700316,nan,nan,0.0,51,64,,True,False,"HTTPConnectionPool(host='gpu03', port=9002): Read timed out.",0,56.69694568066818
168,2026-09-19T05:46:33.869+00:00,2026-09-19T05:51:33.932+00:00,2026-09-19T05:51:33.932+00:00,False,1,0.0,,0.0,300063.719001,300063.719001,300063.719001,300063.719001,300063.719001,300063.719001,nan,300063.719001,nan,nan,0.0,51,64,,True,False,"HTTPConnectionPool(host='gpu03', port=9002): Read timed out.",0,56.69694568066818
169,2026-09-19T05:46:34.362+00:00,2026-09-19T05:51:34.278+00:00,2026-09-19T05:51:34.408+00:00,False,3,2.0,,2.0,299916.08313499996,300046.42630299996,300046.42638599995,100015.47546199999,0.02404,299916.08313499996,173119.01673482868,269937.50674259994,65.171584,92.13250633897246,0.006665635130679119,51,64,,True,False,Request timeout: 300.0s exceeded,4,56.69694568066818
170,2026-09-19T05:46:34.857+00:00,2026-09-19T05:51:34.657+00:00,2026-09-19T05:51:34.902+00:00,False,5,4.0,,4.0,299800.183006,300045.043934,300045.043815,60009.008763,0.046020000000000005,299800.183006,134047.3476245204,239860.9065192,61.215232,46.7783107550691,0.013331331681252057,51,64,,True,False,Request timeout: 300.0s exceeded,19,56.69694568066818
171,2026-09-19T05:46:35.255+00:00,2026-09-19T05:51:35.319+00:00,2026-09-19T05:51:35.319+00:00,False,1,0.0,,0.0,300063.947429,300063.947429,300063.947429,300063.947429,300063.947429,300063.947429,nan,300063.947429,nan,nan,0.0,51,64,,True,False,"HTTPConnectionPool(host='gpu03', port=9002): Read timed out.",0,56.69694568066818
172,2026-09-19T05:46:35.703+00:00,2026-09-19T05:51:35.753+00:00,2026-09-19T05:51:35.753+00:00,False,1,0.0,,0.0,300049.65470599994,300049.65470599994,300049.65470599994,300049.65470599994,300049.65470599994,300049.65470599994,nan,300049.65470599994,nan,nan,0.0,51,64,,True,False,TTFT timeout: 300.0s exceeded (TTFT: 300.027s),0,56.69694568066818
173,2026-09-19T05:46:36.154+00:00,2026-09-19T05:51:36.014+00:00,2026-09-19T05:51:36.253+00:00,True,3,3.0,,3.0,299860.197592,300099.341016,300099.34090300003,100033.11363433333,100.06756,299860.197592,173055.3321706038,269888.0854079,119.571712,27.58300233986083,0.009996689728952296,51,64,,True,True,,6,56.69694568066818
174,2026-09-19T05:46:36.586+00:00,2026-09-19T05:51:36.697+00:00,2026-09-19T05:51:36.697+00:00,False,1,0.0,,0.0,300111.101718,300111.101718,300111.101718,300111.101718,300111.101718,300111.101718,nan,300111.101718,nan,nan,0.0,51,64,,True,False,"HTTPConnectionPool(host='gpu03', port=9002): Read timed out.",0,56.69694568066818
175,2026-09-19T05:46:37.014+00:00,2026-09-19T05:51:37.033+00:00,2026-09-19T05:51:37.033+00:00,False,1,0.0,,0.0,300019.637431,300019.637431,300019.637431,300019.637431,300019.637431,300019.637431,nan,300019.637431,nan,nan,0.0,51,64,,True,False,"HTTPConnectionPool(host='gpu03', port=9002): Read timed out.",0,56.69694568066818
176,2026-09-19T05:46:37.700+00:00,2026-09-19T05:51:37.333+00:00,2026-09-19T05:51:37.996+00:00,False,8,7.0,,7.0,299633.02700199996,300296.20268199994,300296.20268,37537.025335,0.02223,299633.02700199996,105902.78452880016,194805.20232769995,94.73938285714286,42.554735157858595,0.023310318070897094,51,64,,True,False,Request timeout: 300.0s exceeded,35,56.69694568066818
177,2026-09-19T05:46:37.804+00:00,2026-09-19T05:51:37.457+00:00,2026-09-19T05:51:37.998+00:00,False,7,6.0,,6.0,299652.56135399995,300193.77402599994,300193.77411099995,42884.82487299999,0.04119,299652.56135399995,113223.93647069608,209790.65510009998,90.202112,44.329843700944515,0.01998709007029685,51,64,,True,False,Request timeout: 300.0s exceeded,22,56.69694568066818
178,2026-09-19T05:46:38.103+00:00,2026-09-19T05:51:38.156+00:00,2026-09-19T05:51:38.156+00:00,False,1,0.0,,0.0,300052.338272,300052.338272,300052.338272,300052.338272,300052.338272,300052.338272,nan,300052.338272,nan,nan,0.0,51,64,,True,False,"HTTPConnectionPool(host='gpu03', port=9002): Read timed out.",0,56.69694568066818
179,2026-09-19T05:46:38.474+00:00,2026-09-19T05:51:38.542+00:00,2026-09-19T05:51:38.542+00:00,False,1,0.0,,0.0,300067.690994,300067.690994,300067.690994,300067.690994,300067.690994,300067.690994,nan,300067.690994,nan,nan,0.0,51,64,,True,False,"HTTPConnectionPool(host='gpu03', port=9002): Read timed out.",0,56.69694568066818
180,2026-09-19T05:46:38.805+00:00,2026-09-19T05:51:39.174+00:00,2026-09-19T05:51:39.478+00:00,False,5,4.0,,4.0,300368.81573900004,300673.194619,300673.19456100004,60134.63891220001,0.0228,300368.81573900004,134295.0047164092,240332.30436580002,76.09472,78.57596707842438,0.013303480561573258,51,64,,True,False,Request timeout: 300.0s exceeded,12,56.69694568066818
181,2026-09-19T05:46:39.276+00:00,2026-09-19T05:51:39.358+00:00,2026-09-19T05:51:39.578+00:00,False,6,5.0,,5.0,300082.537311,300301.990239,300301.990128,50050.331688,0.04381,300082.537311,122490.26684327536,225079.4427355,43.8905856,26.16413860741417,0.016649906302721045,51,64,,True,False,Request timeout: 300.0s exceeded,16,56.69694568066818
182,2026-09-19T05:46:39.584+00:00,2026-09-19T05:51:39.635+00:00,2026-09-19T05:51:39.635+00:00,False,1,0.0,,0.0,300050.157651,300050.157651,300050.157651,300050.157651,300050.157651,300050.157651,nan,300050.157651,nan,nan,0.0,51,64,,True,False,"HTTPConnectionPool(host='gpu03', port=9002): Read timed out.",0,56.69694568066818
183,2026-09-19T05:46:40.071+00:00,2026-09-19T05:51:40.094+00:00,2026-09-19T05:51:40.094+00:00,False,1,0.0,,0.0,300023.406906,300023.406906,300023.406906,300023.406906,300023.406906,300023.406906,nan,300023.406906,nan,nan,0.0,51,64,,True,False,"HTTPConnectionPool(host='gpu03', port=9002): Read timed out.",0,56.69694568066818
184,2026-09-19T05:46:40.467+00:00,2026-09-19T05:51:40.575+00:00,2026-09-19T05:51:40.575+00:00,False,1,0.0,,0.0,300108.72648,300108.72648,300108.72648,300108.72648,300108.72648,300108.72648,nan,300108.72648,nan,nan,0.0,51,64,,True,False,"HTTPConnectionPool(host='gpu03', port=9002): Read timed out.",0,56.69694568066818
186,2026-09-19T05:46:41.244+00:00,2026-09-19T05:51:40.950+00:00,2026-09-19T05:51:41.271+00:00,False,5,4.0,,4.0,299705.79248500004,300026.59248500003,300026.59259,60005.31851800001,0.02501,299705.79248500004,133996.6474754827,239791.23297700004,80.2,56.60871724190047,0.013332151549866306,51,64,,True,False,Request timeout: 300.0s exceeded,14,56.69694568066818
185,2026-09-19T05:46:40.936+00:00,2026-09-19T05:51:40.951+00:00,2026-09-19T05:51:40.951+00:00,False,1,0.0,,0.0,300015.708968,300015.708968,300015.708968,300015.708968,300015.708968,300015.708968,nan,300015.708968,nan,nan,0.0,51,64,,True,False,TTFT timeout: 300.0s exceeded (TTFT: 300.010s),0,56.69694568066818
187,2026-09-19T05:46:41.607+00:00,2026-09-19T05:51:41.080+00:00,2026-09-19T05:51:41.623+00:00,False,8,7.0,,7.0,299473.48513700004,300016.39278500003,300016.39283100003,37502.049103875004,0.019059999999999997,299473.48513700004,105852.45137724925,194693.92375575003,77.55823542857144,39.42690837838175,0.023332058408609663,51,64,,True,False,Request timeout: 300.0s exceeded,21,56.69694568066818
188,2026-09-19T05:46:42.161+00:00,2026-09-19T05:51:42.192+00:00,2026-09-19T05:51:42.192+00:00,False,1,0.0,,0.0,300030.846155,300030.846155,300030.846155,300030.846155,300030.846155,300030.846155,nan,300030.846155,nan,nan,0.0,51,64,,True,False,"HTTPConnectionPool(host='gpu03', port=9002): Read timed out.",0,56.69694568066818
189,2026-09-19T05:46:42.665+00:00,2026-09-19T05:51:42.685+00:00,2026-09-19T05:51:42.685+00:00,False,1,0.0,,0.0,300020.607565,300020.607565,300020.607565,300020.607565,300020.607565,300020.607565,nan,300020.607565,nan,nan,0.0,51,64,,True,False,TTFT timeout: 300.0s exceeded (TTFT: 300.013s),0,56.69694568066818
190,2026-09-19T05:46:43.196+00:00,2026-09-19T05:51:43.037+00:00,2026-09-19T05:51:43.238+00:00,False,4,3.0,,3.0,299840.402315,300041.823883,300041.82403200003,75010.45600800001,0.036939,299840.402315,149886.63838697792,254879.6738465,67.14052266666667,58.1333480442971,0.009998606064899261,51,64,,True,False,Request timeout: 300.0s exceeded,6,56.69694568066818
191,2026-09-19T05:46:43.525+00:00,2026-09-19T05:51:43.631+00:00,2026-09-19T05:51:43.631+00:00,False,1,0.0,,0.0,300105.562774,300105.562774,300105.562774,300105.562774,300105.562774,300105.562774,nan,300105.562774,nan,nan,0.0,51,64,,True,False,"HTTPConnectionPool(host='gpu03', port=9002): Read timed out.",0,56.69694568066818
192,2026-09-19T05:46:43.969+00:00,2026-09-19T05:51:44.056+00:00,2026-09-19T05:51:44.056+00:00,False,1,0.0,,0.0,300087.246407,300087.246407,300087.246407,300087.246407,300087.246407,300087.246407,nan,300087.246407,nan,nan,0.0,51,64,,True,False,"HTTPConnectionPool(host='gpu03', port=9002): Read timed out.",0,56.69694568066818
193,2026-09-19T05:46:44.325+00:00,2026-09-19T05:51:44.350+00:00,2026-09-19T05:51:44.350+00:00,False,1,0.0,,0.0,300024.464061,300024.464061,300024.464061,300024.464061,300024.464061,300024.464061,nan,300024.464061,nan,nan,0.0,51,64,,True,False,TTFT timeout: 300.0s exceeded (TTFT: 300.006s),0,56.69694568066818
194,2026-09-19T05:46:44.733+00:00,2026-09-19T05:51:44.479+00:00,2026-09-19T05:51:44.839+00:00,False,5,4.0,,4.0,299746.24585,300105.32937,300105.329325,60021.065865000004,0.08698,299746.24585,134010.46100458645,239827.2715266,89.77088,63.86468691432126,0.01332865367101961,51,64,,True,False,Request timeout: 300.0s exceeded,13,56.69694568066818
195,2026-09-19T05:46:45.127+00:00,2026-09-19T05:51:45.199+00:00,2026-09-19T05:51:45.199+00:00,False,1,0.0,,0.0,300072.177872,300072.177872,300072.177872,300072.177872,300072.177872,300072.177872,nan,300072.177872,nan,nan,0.0,51,64,,True,False,"HTTPConnectionPool(host='gpu03', port=9002): Read timed out.",0,56.69694568066818
196,2026-09-19T05:46:45.575+00:00,2026-09-19T05:51:45.647+00:00,2026-09-19T05:51:45.647+00:00,False,1,0.0,,0.0,300072.19139399996,300072.19139399996,300072.19139399996,300072.19139399996,300072.19139399996,300072.19139399996,nan,300072.19139399996,nan,nan,0.0,51,64,,True,False,"HTTPConnectionPool(host='gpu03', port=9002): Read timed out.",0,56.69694568066818
197,2026-09-19T05:46:46.099+00:00,2026-09-19T05:51:46.011+00:00,2026-09-19T05:51:46.171+00:00,False,3,2.0,,2.0,299911.33271100005,300071.56951100007,300071.56966300006,100023.85655433335,0.04164,299911.33271100005,173107.65077116367,269936.21897110005,80.1184,113.24587761077385,0.006665076612420237,51,64,,True,False,Request timeout: 300.0s exceeded,10,56.69694568066818
198,2026-09-19T05:46:46.560+00:00,2026-09-19T05:51:46.286+00:00,2026-09-19T05:51:46.583+00:00,False,5,4.0,,4.0,299725.99419,300023.593934,300023.593816,60004.7187632,0.041049,299725.99419,134008.27382771217,239802.05864119998,74.399936,49.83904923766793,0.013332284796508139,51,64,,True,False,Request timeout: 300.0s exceeded,13,56.69694568066818
199,2026-09-19T05:46:46.882+00:00,2026-09-19T05:51:46.906+00:00,2026-09-19T05:51:46.906+00:00,False,1,0.0,,0.0,300024.53518,300024.53518,300024.53518,300024.53518,300024.53518,300024.53518,nan,300024.53518,nan,nan,0.0,51,64,,True,False,"HTTPConnectionPool(host='gpu03', port=9002): Read timed out.",0,56.69694568066818
200,2026-09-19T05:46:47.308+00:00,2026-09-19T05:51:47.411+00:00,2026-09-19T05:51:47.411+00:00,False,1,0.0,,0.0,300103.72963,300103.72963,300103.72963,300103.72963,300103.72963,300103.72963,nan,300103.72963,nan,nan,0.0,51,64,,True,False,"HTTPConnectionPool(host='gpu03', port=9002): Read timed out.",0,56.69694568066818
201,2026-09-19T05:46:47.698+00:00,2026-09-19T05:51:47.677+00:00,2026-09-19T05:51:47.826+00:00,False,3,2.0,,2.0,299978.450898,300128.081106,300128.081245,100042.69374833333,0.02599,299978.450898,173149.46096849343,269995.5662439,74.815104,105.76796884128487,0.006663821634516214,51,64,,True,False,Request timeout: 300.0s exceeded,8,56.69694568066818
202,2026-09-19T05:46:48.122+00:00,2026-09-19T05:51:47.933+00:00,2026-09-19T05:51:48.163+00:00,False,4,3.0,,3.0,299810.358345,300040.379465,300040.379498,75010.0948745,0.04087,299810.358345,149866.85289709215,254858.87482470003,76.67370666666667,68.98044552795957,0.009998654198975752,51,64,,True,False,Request timeout: 300.0s exceeded,6,56.69694568066818
203,2026-09-19T05:46:48.470+00:00,2026-09-19T05:51:48.565+00:00,2026-09-19T05:51:48.565+00:00,False,1,0.0,,0.0,300094.353611,300094.353611,300094.353611,300094.353611,300094.353611,300094.353611,nan,300094.353611,nan,nan,0.0,51,64,,True,False,"HTTPConnectionPool(host='gpu03', port=9002): Read timed out.",0,56.69694568066818
204,2026-09-19T05:46:48.994+00:00,2026-09-19T05:51:49.099+00:00,2026-09-19T05:51:49.099+00:00,False,1,0.0,,0.0,300105.54650700005,300105.54650700005,300105.54650700005,300105.54650700005,300105.54650700005,300105.54650700005,nan,300105.54650700005,nan,nan,0.0,51,64,,True,False,"HTTPConnectionPool(host='gpu03', port=9002): Read timed out.",0,56.69694568066818
205,2026-09-19T05:46:49.538+00:00,2026-09-19T05:51:49.391+00:00,2026-09-19T05:51:49.653+00:00,False,4,3.0,,3.0,299853.328637,300114.902781,300114.902824,75028.725706,0.04237,299853.328637,149883.08129035583,254895.0698525,87.19138133333333,75.47801692746702,0.009996171373699365,51,64,,True,False,Request timeout: 300.0s exceeded,5,56.69694568066818
206,2026-09-19T05:46:50.062+00:00,2026-09-19T05:51:50.131+00:00,2026-09-19T05:51:50.131+00:00,False,1,0.0,,0.0,300069.430358,300069.430358,300069.430358,300069.430358,300069.430358,300069.430358,nan,300069.430358,nan,nan,0.0,51,64,,True,False,"HTTPConnectionPool(host='gpu03', port=9002): Read timed out.",0,56.69694568066818
207,2026-09-19T05:46:50.551+00:00,2026-09-19T05:51:50.755+00:00,2026-09-19T05:51:51.465+00:00,False,8,7.0,,7.0,300203.42403399997,300913.71907399996,300913.719038,37614.21487975,0.036169,300203.42403399997,106102.07224046547,195183.75251989998,101.47072,47.518920565550225,0.023262482088025296,51,64,,True,False,Request timeout: 300.0s exceeded,20,56.69694568066818
208,2026-09-19T05:46:51.111+00:00,2026-09-19T05:51:51.258+00:00,2026-09-19T05:51:51.567+00:00,False,5,4.0,,4.0,300147.25287,300455.84039,300455.840432,60091.16808640001,0.0285,300147.25287,134195.43848329494,240139.86790180003,77.14688,51.75864414193165,0.013313104497512475,51,64,,True,False,Request timeout: 300.0s exceeded,21,56.69694568066818
209,2026-09-19T05:46:51.651+00:00,2026-09-19T05:51:51.676+00:00,2026-09-19T05:51:51.676+00:00,False,1,0.0,,0.0,300025.726749,300025.726749,300025.726749,300025.726749,300025.726749,300025.726749,nan,300025.726749,nan,nan,0.0,51,64,,True,False,"HTTPConnectionPool(host='gpu03', port=9002): Read timed out.",0,56.69694568066818
210,2026-09-19T05:46:52.167+00:00,2026-09-19T05:51:52.226+00:00,2026-09-19T05:51:52.226+00:00,False,1,0.0,,0.0,300059.106739,300059.106739,300059.106739,300059.106739,300059.106739,300059.106739,nan,300059.106739,nan,nan,0.0,51,64,,True,False,"HTTPConnectionPool(host='gpu03', port=9002): Read timed out.",0,56.69694568066818
211,2026-09-19T05:46:52.677+00:00,2026-09-19T05:51:52.767+00:00,2026-09-19T05:51:52.767+00:00,False,1,0.0,,0.0,300089.73132599995,300089.73132599995,300089.73132599995,300089.73132599995,300089.73132599995,300089.73132599995,nan,300089.73132599995,nan,nan,0.0,51,64,,True,False,"HTTPConnectionPool(host='gpu03', port=9002): Read timed out.",0,56.69694568066818
212,2026-09-19T05:46:53.062+00:00,2026-09-19T05:51:52.992+00:00,2026-09-19T05:51:53.166+00:00,True,3,3.0,,3.0,299929.28415799997,300103.452734,300103.45287,100034.48429,78.002138,299929.28415799997,173113.9750083381,269945.97239959997,87.084288,12.844045965391436,0.009996552764286532,51,64,,True,True,,9,56.69694568066818
213,2026-09-19T05:46:53.457+00:00,2026-09-19T05:51:53.069+00:00,2026-09-19T05:51:53.475+00:00,False,6,5.0,,5.0,299611.905595,300017.686331,300017.686467,50002.9477445,0.0371,299611.905595,122282.92315314044,224735.42899850002,81.1561472,45.46239928171521,0.016665684150645902,51,64,,True,False,Request timeout: 300.0s exceeded,18,56.69694568066818
214,2026-09-19T05:46:53.790+00:00,2026-09-19T05:51:53.681+00:00,2026-09-19T05:51:53.833+00:00,True,3,3.0,,3.0,299891.041351,300043.271495,300043.271537,100014.42384566668,47.991253,299891.041351,173098.23066681062,269912.3611092,76.115072,39.773025444342956,0.009998557824850249,51,64,,True,True,,22,56.69694568066818
215,2026-09-19T05:46:54.255+00:00,2026-09-19T05:51:54.285+00:00,2026-09-19T05:51:54.285+00:00,False,1,0.0,,0.0,300030.388727,300030.388727,300030.388727,300030.388727,300030.388727,300030.388727,nan,300030.388727,nan,nan,0.0,51,64,,True,False,TTFT timeout: 300.0s exceeded (TTFT: 300.025s),0,56.69694568066818
216,2026-09-19T05:46:54.582+00:00,2026-09-19T05:51:54.532+00:00,2026-09-19T05:51:54.646+00:00,False,3,2.0,,2.0,299950.124259,300063.607267,300063.607301,100021.20243366667,0.04165,299950.124259,173143.53453581673,269966.4559723,56.741504,80.18559220271652,0.006665253471476057,51,64,,True,False,Request timeout: 300.0s exceeded,4,56.69694568066818
217,2026-09-19T05:46:55.682+00:00,2026-09-19T05:51:54.778+00:00,2026-09-19T05:51:55.808+00:00,False,12,11.0,,11.0,299095.49594700005,300125.52500300005,300125.52495700005,25010.460413083336,0.038619999999999995,299095.49594700005,86314.40867379718,134664.74803260004,93.6390050909091,37.42457873686334,0.03665133113849628,51,64,,True,False,Request timeout: 300.0s exceeded,40,56.69694568066818
218,2026-09-19T05:46:55.713+00:00,2026-09-19T05:51:55.923+00:00,2026-09-19T05:51:56.024+00:00,False,3,2.0,,2.0,300210.029505,300310.723265,300310.723238,100103.57441266665,0.038939999999999995,300210.029505,173297.2808733665,270199.09203379997,50.34688,71.14621064103167,0.006659768849596361,51,64,,True,False,Request timeout: 300.0s exceeded,4,56.69694568066818
219,2026-09-19T05:46:55.830+00:00,2026-09-19T05:51:56.006+00:00,2026-09-19T05:51:56.006+00:00,False,1,0.0,,0.0,300175.473127,300175.473127,300175.473127,300175.473127,300175.473127,300175.473127,nan,300175.473127,nan,nan,0.0,51,64,,True,False,"HTTPConnectionPool(host='gpu03', port=9002): Read timed out.",0,56.69694568066818
220,2026-09-19T05:46:56.186+00:00,2026-09-19T05:51:56.214+00:00,2026-09-19T05:51:56.214+00:00,False,1,0.0,,0.0,300027.080942,300027.080942,300027.080942,300027.080942,300027.080942,300027.080942,nan,300027.080942,nan,nan,0.0,51,64,,True,False,"HTTPConnectionPool(host='gpu03', port=9002): Read timed out.",0,56.69694568066818
221,2026-09-19T05:46:56.532+00:00,2026-09-19T05:51:56.546+00:00,2026-09-19T05:51:56.546+00:00,False,1,0.0,,0.0,300013.553777,300013.553777,300013.553777,300013.553777,300013.553777,300013.553777,nan,300013.553777,nan,nan,0.0,51,64,,True,False,"HTTPConnectionPool(host='gpu03', port=9002): Read timed out.",0,56.69694568066818
222,2026-09-19T05:46:56.858+00:00,2026-09-19T05:51:56.960+00:00,2026-09-19T05:51:56.960+00:00,False,1,0.0,,0.0,300101.398275,300101.398275,300101.398275,300101.398275,300101.398275,300101.398275,nan,300101.398275,nan,nan,0.0,51,64,,True,False,"HTTPConnectionPool(host='gpu03', port=9002): Read timed out.",0,56.69694568066818
223,2026-09-19T05:46:57.297+00:00,2026-09-19T05:51:57.292+00:00,2026-09-19T05:51:57.410+00:00,False,3,2.0,,2.0,299994.421539,300112.124195,300112.12401,100037.37467,0.0219,299994.421539,173167.89224714643,270006.7474422,58.851328,83.19721089547826,0.006664175948788013,51,64,,True,False,Request timeout: 300.0s exceeded,4,56.69694568066818
224,2026-09-19T05:46:57.657+00:00,2026-09-19T05:51:57.411+00:00,2026-09-19T05:51:57.710+00:00,False,5,4.0,,4.0,299754.470288,300053.28398400004,300053.283964,60010.6567928,0.03893,299754.470288,134020.87299294557,239823.9777442,74.703424,49.84857449724133,0.013330965576811668,51,64,,True,False,Request timeout: 300.0s exceeded,12,56.69694568066818
225,2026-09-19T05:46:58.040+00:00,2026-09-19T05:51:57.609+00:00,2026-09-19T05:51:58.116+00:00,False,7,6.0,,6.0,299568.874602,300076.056938,300076.05688499997,42868.00812642857,0.02299,299568.874602,113194.44865441926,209729.32132319998,84.53038933333333,41.423503114658736,0.019994930822620365,51,64,,True,False,Request timeout: 300.0s exceeded,24,56.69694568066818
226,2026-09-19T05:46:58.592+00:00,2026-09-19T05:51:58.631+00:00,2026-09-19T05:51:58.631+00:00,False,1,0.0,,0.0,300038.949935,300038.949935,300038.949935,300038.949935,300038.949935,300038.949935,nan,300038.949935,nan,nan,0.0,51,64,,True,False,"HTTPConnectionPool(host='gpu03', port=9002): Read timed out.",0,56.69694568066818
227,2026-09-19T05:46:58.932+00:00,2026-09-19T05:51:58.929+00:00,2026-09-19T05:51:59.075+00:00,False,3,2.0,,2.0,299997.616917,300143.536149,300143.535929,100047.84530966666,0.05307,299997.616917,173161.59704079013,270012.44181949995,72.959616,103.10517440896382,0.006663478499857287,51,64,,True,False,Request timeout: 300.0s exceeded,4,56.69694568066818
228,2026-09-19T05:46:59.373+00:00,2026-09-19T05:51:59.202+00:00,2026-09-19T05:51:59.310+00:00,True,2,2.0,,2.0,299828.790203,299936.990651,299936.990577,149968.4952885,108.200374,299828.790203,211934.46152931766,284842.76071155,108.200448,nan,0.006668067168571267,51,64,,True,True,,4,56.69694568066818
229,2026-09-19T05:46:59.922+00:00,2026-09-19T05:51:59.949+00:00,2026-09-19T05:51:59.949+00:00,False,1,0.0,,0.0,300027.132096,300027.132096,300027.132096,300027.132096,300027.132096,300027.132096,nan,300027.132096,nan,nan,0.0,51,64,,True,False,"HTTPConnectionPool(host='gpu03', port=9002): Read timed out.",0,56.69694568066818
230,2026-09-19T05:47:00.447+00:00,2026-09-19T05:52:00.555+00:00,2026-09-19T05:52:00.555+00:00,False,1,0.0,,0.0,300107.18862000003,300107.18862000003,300107.18862000003,300107.18862000003,300107.18862000003,300107.18862000003,nan,300107.18862000003,nan,nan,0.0,51,64,,True,False,TTFT timeout: 300.0s exceeded (TTFT: 300.085s),0,56.69694568066818
231,2026-09-19T05:47:00.966+00:00,2026-09-19T05:52:00.912+00:00,2026-09-19T05:52:01.017+00:00,False,3,2.0,,2.0,299946.24655800004,300051.928222,300051.92806800007,100017.30935600001,0.038759999999999996,299946.24655800004,173143.54661982533,269962.1861772,52.840832,74.67319138333919,0.006665512905886931,51,64,,True,False,Request timeout: 300.0s exceeded,5,56.69694568066818
232,2026-09-19T05:47:01.379+00:00,2026-09-19T05:52:01.484+00:00,2026-09-19T05:52:01.484+00:00,False,1,0.0,,0.0,300104.750833,300104.750833,300104.750833,300104.750833,300104.750833,300104.750833,nan,300104.750833,nan,nan,0.0,51,64,,True,False,"HTTPConnectionPool(host='gpu03', port=9002): Read timed out.",0,56.69694568066818
233,2026-09-19T05:47:01.913+00:00,2026-09-19T05:52:02.024+00:00,2026-09-19T05:52:02.024+00:00,False,1,0.0,,0.0,300111.50288700004,300111.50288700004,300111.50288700004,300111.50288700004,300111.50288700004,300111.50288700004,nan,300111.50288700004,nan,nan,0.0,51,64,,True,False,"HTTPConnectionPool(host='gpu03', port=9002): Read timed out.",0,56.69694568066818
234,2026-09-19T05:47:02.343+00:00,2026-09-19T05:52:02.333+00:00,2026-09-19T05:52:02.460+00:00,False,3,2.0,,2.0,299990.551457,300117.029793,300117.02966600005,100039.00988866667,0.04488,299990.551457,173163.12605510076,270004.13964420004,63.239168,89.37033229119632,0.0066640670187208696,51,64,,True,False,Request timeout: 300.0s exceeded,5,56.69694568066818
235,2026-09-19T05:47:02.766+00:00,2026-09-19T05:52:02.463+00:00,2026-09-19T05:52:02.786+00:00,False,6,5.0,,5.0,299696.873071,300019.412847,300019.412829,50003.2354715,0.019739999999999997,299696.873071,122324.40913876897,224806.739302,64.5079552,50.41461706981279,0.016665588244950784,51,64,,True,False,Request timeout: 300.0s exceeded,15,56.69694568066818
236,2026-09-19T05:47:03.290+00:00,2026-09-19T05:52:03.354+00:00,2026-09-19T05:52:03.354+00:00,False,1,0.0,,0.0,300064.69875,300064.69875,300064.69875,300064.69875,300064.69875,300064.69875,nan,300064.69875,nan,nan,0.0,51,64,,True,False,"HTTPConnectionPool(host='gpu03', port=9002): Read timed out.",0,56.69694568066818
237,2026-09-19T05:47:03.680+00:00,2026-09-19T05:52:03.783+00:00,2026-09-19T05:52:04.843+00:00,True,10,10.0,,10.0,300102.768863,301162.96137499996,301162.961348,30116.2961348,99.663235,300102.768863,94863.57865193568,165125.98177415,117.799168,19.8482884413898,0.033204614386655174,51,64,,True,True,,41,56.69694568066818
238,2026-09-19T05:47:04.007+00:00,2026-09-19T05:52:03.935+00:00,2026-09-19T05:52:05.052+00:00,False,12,11.0,,11.0,299928.215395,301045.074787,301045.074861,25087.08957175,0.03865,299928.215395,86552.5150176868,135048.49495275,101.532672,36.585729176346426,0.03653937872188371,51,64,,True,False,Request timeout: 300.0s exceeded,60,56.69694568066818
239,2026-09-19T05:47:04.321+00:00,2026-09-19T05:52:04.209+00:00,2026-09-19T05:52:05.152+00:00,False,11,10.0,,10.0,299887.67323,300830.62670200004,300830.62682400004,27348.23880218182,0.02556,299887.67323,90391.11012726808,150003.858473,94.29534720000001,33.74797260857449,0.03324129630559825,51,64,,True,False,Request timeout: 300.0s exceeded,29,56.69694568066818
241,2026-09-19T05:47:05.228+00:00,2026-09-19T05:52:05.280+00:00,2026-09-19T05:52:05.280+00:00,False,1,0.0,,0.0,300052.45347500005,300052.45347500005,300052.45347500005,300052.45347500005,300052.45347500005,300052.45347500005,nan,300052.45347500005,nan,nan,0.0,51,64,,True,False,"HTTPConnectionPool(host='gpu03', port=9002): Read timed out.",0,56.69694568066818
242,2026-09-19T05:47:05.548+00:00,2026-09-19T05:52:05.573+00:00,2026-09-19T05:52:05.573+00:00,False,1,0.0,,0.0,300025.543676,300025.543676,300025.543676,300025.543676,300025.543676,300025.543676,nan,300025.543676,nan,nan,0.0,51,64,,True,False,"HTTPConnectionPool(host='gpu03', port=9002): Read timed out.",0,56.69694568066818
240,2026-09-19T05:47:04.785+00:00,2026-09-19T05:52:05.854+00:00,2026-09-19T05:52:05.854+00:00,False,1,0.0,,0.0,301068.416867,301068.416867,301068.416867,301068.416867,301068.416867,301068.416867,nan,301068.416867,nan,nan,0.0,51,64,,True,False,"HTTPConnectionPool(host='gpu03', port=9002): Read timed out.",0,56.69694568066818
243,2026-09-19T05:47:05.945+00:00,2026-09-19T05:52:06.056+00:00,2026-09-19T05:52:06.056+00:00,False,1,0.0,,0.0,300111.427409,300111.427409,300111.427409,300111.427409,300111.427409,300111.427409,nan,300111.427409,nan,nan,0.0,51,64,,True,False,"HTTPConnectionPool(host='gpu03', port=9002): Read timed out.",0,56.69694568066818
244,2026-09-19T05:47:06.309+00:00,2026-09-19T05:52:06.324+00:00,2026-09-19T05:52:06.324+00:00,False,1,0.0,,0.0,300014.331057,300014.331057,300014.331057,300014.331057,300014.331057,300014.331057,nan,300014.331057,nan,nan,0.0,51,64,,True,False,"HTTPConnectionPool(host='gpu03', port=9002): Read timed out.",0,56.69694568066818
245,2026-09-19T05:47:06.711+00:00,2026-09-19T05:52:06.546+00:00,2026-09-19T05:52:06.743+00:00,False,4,3.0,,3.0,299834.504754,300031.474738,300031.474681,75007.86867025,0.03622,299834.504754,149884.43124745804,254874.40676234997,65.65666133333333,56.865865809950954,0.009998950952128355,51,64,,True,False,Request timeout: 300.0s exceeded,11,56.69694568066818
246,2026-09-19T05:47:07.064+00:00,2026-09-19T05:52:06.646+00:00,2026-09-19T05:52:07.149+00:00,False,9,8.0,,8.0,299581.957266,300084.747154,300084.74709099997,33342.74967677778,0.04914,299581.957266,99839.70824184222,179790.52077,62.848736,35.09084733331552,0.026659135713733875,51,64,,True,False,Request timeout: 300.0s exceeded,42,56.69694568066818
247,2026-09-19T05:47:07.587+00:00,2026-09-19T05:52:07.693+00:00,2026-09-19T05:52:07.693+00:00,False,1,0.0,,0.0,300106.556098,300106.556098,300106.556098,300106.556098,300106.556098,300106.556098,nan,300106.556098,nan,nan,0.0,51,64,,True,False,"HTTPConnectionPool(host='gpu03', port=9002): Read timed out.",0,56.69694568066818
248,2026-09-19T05:47:08.110+00:00,2026-09-19T05:52:08.127+00:00,2026-09-19T05:52:08.127+00:00,False,1,0.0,,0.0,300016.811361,300016.811361,300016.811361,300016.811361,300016.811361,300016.811361,nan,300016.811361,nan,nan,0.0,51,64,,True,False,TTFT timeout: 300.0s exceeded (TTFT: 300.010s),0,56.69694568066818
249,2026-09-19T05:47:08.595+00:00,2026-09-19T05:52:08.387+00:00,2026-09-19T05:52:08.604+00:00,False,4,3.0,,3.0,299792.129029,300009.280517,300009.280476,75002.320119,0.04387,299792.129029,149859.88166695146,254841.42076660003,72.38382933333332,63.82244709195351,0.009999690659002814,51,64,,True,False,Request timeout: 300.0s exceeded,10,56.69694568066818
250,2026-09-19T05:47:09.062+00:00,2026-09-19T05:52:09.148+00:00,2026-09-19T05:52:09.148+00:00,False,1,0.0,,0.0,300085.79929500003,300085.79929500003,300085.79929500003,300085.79929500003,300085.79929500003,300085.79929500003,nan,300085.79929500003,nan,nan,0.0,51,64,,True,False,"HTTPConnectionPool(host='gpu03', port=9002): Read timed out.",0,56.69694568066818
251,2026-09-19T05:47:09.439+00:00,2026-09-19T05:52:09.525+00:00,2026-09-19T05:52:09.525+00:00,False,1,0.0,,0.0,300086.7885,300086.7885,300086.7885,300086.7885,300086.7885,300086.7885,nan,300086.7885,nan,nan,0.0,51,64,,True,False,"HTTPConnectionPool(host='gpu03', port=9002): Read timed out.",0,56.69694568066818
252,2026-09-19T05:47:09.925+00:00,2026-09-19T05:52:09.863+00:00,2026-09-19T05:52:09.997+00:00,False,3,2.0,,2.0,299938.45333,300071.715922,300071.715823,100023.90527433333,0.02505,299938.45333,173131.0900145075,269957.9317413,66.631296,94.19540269184334,0.006665073360395872,51,64,,True,False,Request timeout: 300.0s exceeded,4,56.69694568066818
253,2026-09-19T05:47:10.379+00:00,2026-09-19T05:52:10.204+00:00,2026-09-19T05:52:10.405+00:00,False,4,3.0,,3.0,299824.76835,300025.652062,300025.651916,75006.412979,0.07565999999999999,299824.76835,149878.9110435854,254866.20203115002,66.96123733333333,57.92750114384032,0.009999145004374668,51,64,,True,False,Request timeout: 300.0s exceeded,7,56.69694568066818
254,2026-09-19T05:47:10.797+00:00,2026-09-19T05:52:10.914+00:00,2026-09-19T05:52:10.914+00:00,False,1,0.0,,0.0,300117.051815,300117.051815,300117.051815,300117.051815,300117.051815,300117.051815,nan,300117.051815,nan,nan,0.0,51,64,,True,False,"HTTPConnectionPool(host='gpu03', port=9002): Read timed out.",0,56.69694568066818
255,2026-09-19T05:47:11.227+00:00,2026-09-19T05:52:11.225+00:00,2026-09-19T05:52:11.360+00:00,False,3,2.0,,2.0,299998.579979,300132.711179,300132.71125899995,100044.23708633332,0.03331,299998.579979,173165.5535161709,270012.1317781,67.0656,94.79801606133327,0.006663718833390322,51,64,,True,False,Request timeout: 300.0s exceeded,10,56.69694568066818
256,2026-09-19T05:47:11.584+00:00,2026-09-19T05:52:11.507+00:00,2026-09-19T05:52:11.635+00:00,False,3,2.0,,2.0,299923.614853,300050.84122099995,300050.841181,100016.94706033333,0.039850000000000003,299923.614853,173124.26436678928,269943.9720155,63.613184,89.90614952570824,0.006665537053191985,51,64,,True,False,Request timeout: 300.0s exceeded,7,56.69694568066818
257,2026-09-19T05:47:12.151+00:00,2026-09-19T05:52:12.246+00:00,2026-09-19T05:52:12.246+00:00,False,1,0.0,,0.0,300095.541857,300095.541857,300095.541857,300095.541857,300095.541857,300095.541857,nan,300095.541857,nan,nan,0.0,51,64,,True,False,"HTTPConnectionPool(host='gpu03', port=9002): Read timed out.",0,56.69694568066818
258,2026-09-19T05:47:12.583+00:00,2026-09-19T05:52:12.674+00:00,2026-09-19T05:52:12.674+00:00,False,1,0.0,,0.0,300091.475789,300091.475789,300091.475789,300091.475789,300091.475789,300091.475789,nan,300091.475789,nan,nan,0.0,51,64,,True,False,"HTTPConnectionPool(host='gpu03', port=9002): Read timed out.",0,56.69694568066818
259,2026-09-19T05:47:12.889+00:00,2026-09-19T05:52:12.933+00:00,2026-09-19T05:52:12.933+00:00,False,1,0.0,,0.0,300044.653641,300044.653641,300044.653641,300044.653641,300044.653641,300044.653641,nan,300044.653641,nan,nan,0.0,51,64,,True,False,"HTTPConnectionPool(host='gpu03', port=9002): Read timed out.",0,56.69694568066818
260,2026-09-19T05:47:13.279+00:00,2026-09-19T05:52:13.095+00:00,2026-09-19T05:52:13.356+00:00,False,4,3.0,,3.0,299816.030999,300077.479959,300077.479997,75019.36999925,0.02188,299816.030999,149864.4533978346,254864.0615804,87.14965333333333,75.65648302230977,0.009997418001543782,51,64,,True,False,Request timeout: 300.0s exceeded,6,56.69694568066818
261,2026-09-19T05:47:13.820+00:00,2026-09-19T05:52:13.470+00:00,2026-09-19T05:52:13.921+00:00,False,7,6.0,,6.0,299650.206496,300101.473568,300101.473527,42871.63907528571,0.0725,299650.206496,113228.71160744988,209786.1824227,75.21117866666667,41.61565421995731,0.019993237382889623,51,64,,True,False,Request timeout: 300.0s exceeded,16,56.69694568066818
262,2026-09-19T05:47:14.149+00:00,2026-09-19T05:52:14.238+00:00,2026-09-19T05:52:14.238+00:00,False,1,0.0,,0.0,300089.33965,300089.33965,300089.33965,300089.33965,300089.33965,300089.33965,nan,300089.33965,nan,nan,0.0,51,64,,True,False,"HTTPConnectionPool(host='gpu03', port=9002): Read timed out.",0,56.69694568066818
263,2026-09-19T05:47:14.678+00:00,2026-09-19T05:52:14.644+00:00,2026-09-19T05:52:14.782+00:00,False,3,2.0,,2.0,299966.33222399995,300104.59423999995,300104.59415399993,100034.86471799998,0.0269,299966.33222399995,173145.74366613475,269983.52250459994,69.131008,97.72799503356634,0.00666434316030683,51,64,,True,False,Request timeout: 300.0s exceeded,5,56.69694568066818
264,2026-09-19T05:47:14.991+00:00,2026-09-19T05:52:14.783+00:00,2026-09-19T05:52:15.023+00:00,False,4,3.0,,3.0,299792.107537,300031.92040099995,300031.92053799995,75007.98013449999,0.02953,299792.107537,149856.09585441538,254842.91860779998,79.93762133333333,70.06445839182378,0.009998936099833733,51,64,,True,False,Request timeout: 300.0s exceeded,13,56.69694568066818
265,2026-09-19T05:47:15.404+00:00,2026-09-19T05:52:15.136+00:00,2026-09-19T05:52:15.449+00:00,False,5,4.0,,4.0,299732.165689,300044.271417,300044.271532,60008.8543064,0.05633,299732.165689,134009.4128487357,239809.15596759997,78.026432,52.92429881735086,0.013331366005121359,51,64,,True,False,Request timeout: 300.0s exceeded,20,56.69694568066818
266,2026-09-19T05:47:15.712+00:00,2026-09-19T05:52:15.802+00:00,2026-09-19T05:52:15.802+00:00,False,1,0.0,,0.0,300089.269677,300089.269677,300089.269677,300089.269677,300089.269677,300089.269677,nan,300089.269677,nan,nan,0.0,51,64,,True,False,"HTTPConnectionPool(host='gpu03', port=9002): Read timed out.",0,56.69694568066818
267,2026-09-19T05:47:16.128+00:00,2026-09-19T05:52:16.207+00:00,2026-09-19T05:52:16.207+00:00,False,1,0.0,,0.0,300079.104606,300079.104606,300079.104606,300079.104606,300079.104606,300079.104606,nan,300079.104606,nan,nan,0.0,51,64,,True,False,"HTTPConnectionPool(host='gpu03', port=9002): Read timed out.",0,56.69694568066818
268,2026-09-19T05:47:17.451+00:00,2026-09-19T05:52:16.880+00:00,2026-09-19T05:52:17.866+00:00,False,12,11.0,,11.0,299429.624125,300414.99167699995,300414.991603,25034.58263358333,0.022699999999999998,299429.624125,86412.03447137716,134813.76339699997,89.57886836363636,35.462944838357885,0.036616015527703674,51,64,,True,False,Request timeout: 300.0s exceeded,39,56.69694568066818
270,2026-09-19T05:47:17.564+00:00,2026-09-19T05:52:17.534+00:00,2026-09-19T05:52:17.869+00:00,False,5,4.0,,4.0,299969.562696,300304.32672799996,300304.326853,60060.8653706,0.03816,299969.562696,134113.04814302849,240001.8786622,83.691008,57.48444946419065,0.01331982140777809,51,64,,True,False,Request timeout: 300.0s exceeded,14,56.69694568066818
269,2026-09-19T05:47:17.482+00:00,2026-09-19T05:52:17.535+00:00,2026-09-19T05:52:17.867+00:00,False,5,4.0,,4.0,300052.85166000004,300385.678284,300385.67824200005,60077.135648400006,0.02376,300052.85166000004,134150.51300351034,240069.36857140006,83.206656,58.344706766016195,0.013316214084674817,51,64,,True,False,Request timeout: 300.0s exceeded,13,56.69694568066818
271,2026-09-19T05:47:18.026+00:00,2026-09-19T05:52:18.041+00:00,2026-09-19T05:52:18.041+00:00,False,1,0.0,,0.0,300015.284421,300015.284421,300015.284421,300015.284421,300015.284421,300015.284421,nan,300015.284421,nan,nan,0.0,51,64,,True,False,"HTTPConnectionPool(host='gpu03', port=9002): Read timed out.",0,56.69694568066818
272,2026-09-19T05:47:18.465+00:00,2026-09-19T05:52:18.557+00:00,2026-09-19T05:52:18.557+00:00,False,1,0.0,,0.0,300092.34294400003,300092.34294400003,300092.34294400003,300092.34294400003,300092.34294400003,300092.34294400003,nan,300092.34294400003,nan,nan,0.0,51,64,,True,False,"HTTPConnectionPool(host='gpu03', port=9002): Read timed out.",0,56.69694568066818
273,2026-09-19T05:47:18.927+00:00,2026-09-19T05:52:19.021+00:00,2026-09-19T05:52:19.021+00:00,False,1,0.0,,0.0,300093.98748799996,300093.98748799996,300093.98748799996,300093.98748799996,300093.98748799996,300093.98748799996,nan,300093.98748799996,nan,nan,0.0,51,64,,True,False,"HTTPConnectionPool(host='gpu03', port=9002): Read timed out.",0,56.69694568066818
274,2026-09-19T05:47:19.248+00:00,2026-09-19T05:52:19.393+00:00,2026-09-19T05:52:20.585+00:00,False,16,15.0,,15.0,300145.567826,301337.590866,301337.590737,18833.5994210625,0.02466,300145.567826,75016.53207308285,75115.56110149999,79.46820266666667,33.93793851725196,0.04977805774876013,51,64,,True,False,Request timeout: 300.0s exceeded,65,56.69694568066818
275,2026-09-19T05:47:19.559+00:00,2026-09-19T05:52:19.398+00:00,2026-09-19T05:52:20.582+00:00,False,16,15.0,,15.0,299838.401587,301022.662963,301022.663096,18813.9164435,0.041149,299838.401587,74939.86989957988,75039.24718600001,78.95075840000001,33.99054805905446,0.04983013522089436,51,64,,True,False,Request timeout: 300.0s exceeded,46,56.69694568066818
277,2026-09-19T05:47:20.635+00:00,2026-09-19T05:52:20.730+00:00,2026-09-19T05:52:20.730+00:00,False,1,0.0,,0.0,300094.603158,300094.603158,300094.603158,300094.603158,300094.603158,300094.603158,nan,300094.603158,nan,nan,0.0,51,64,,True,False,"HTTPConnectionPool(host='gpu03', port=9002): Read timed out.",0,56.69694568066818
276,2026-09-19T05:47:20.085+00:00,2026-09-19T05:52:21.173+00:00,2026-09-19T05:52:21.173+00:00,False,1,0.0,,0.0,301088.053968,301088.053968,301088.053968,301088.053968,301088.053968,301088.053968,nan,301088.053968,nan,nan,0.0,51,64,,True,False,"HTTPConnectionPool(host='gpu03', port=9002): Read timed out.",0,56.69694568066818
0,2026-09-19T05:45:20.830+00:00,2026-09-19T05:45:21.095+00:00,2026-09-19T05:45:22.101+00:00,True,14,14.0,,14.0,264.226839,1270.389527,1270.389742,90.74212442857143,30.972599,264.226839,59.13368061558038,191.5037834,77.39712984615385,32.972458133319314,11.020241982835552,52,64,,False,True,,64,56.69694568066818
1,2026-09-19T05:45:21.173+00:00,2026-09-19T05:45:21.365+00:00,2026-09-19T05:45:24.497+00:00,True,33,33.0,,33.0,192.688275,3324.217491,3324.217372,100.73385975757576,42.54187,192.688275,27.589074214762924,133.9835898,97.860288,22.45943120628767,9.927148295604706,52,64,,False,True,,100,56.69694568066818
2,2026-09-19T05:45:21.621+00:00,2026-09-19T05:45:22.001+00:00,2026-09-19T05:45:30.800+00:00,True,92,92.0,,92.0,379.568066,9178.72941,9178.729448,99.76879834782609,44.603916,379.568066,35.52877454058771,111.10467659999999,96.6940807032967,19.922305511793514,10.023173784790764,52,64,,False,True,,455,56.69694568066818
3,2026-09-19T05:45:22.120+00:00,2026-09-19T05:45:25.807+00:00,2026-09-19T05:45:35.431+00:00,True,98,98.0,,98.0,3687.1438110000004,13310.399619,13310.399671000001,135.82040480612244,0.0,3687.1438110000004,363.25270109292046,111.48218335000001,99.2088227628866,24.468837637842828,7.362663992455146,52,64,,False,True,,416,56.69694568066818
4,2026-09-19T05:45:22.429+00:00,2026-09-19T05:45:27.312+00:00,2026-09-19T05:45:28.912+00:00,True,17,17.0,,17.0,4883.426804,6483.86866,6483.868495,381.40402911764704,50.842302000000004,4883.426804,1160.219768862796,1063.3114472,100.027616,13.629514316691953,2.621891480448341,52,64,,False,True,,84,56.69694568066818
5,2026-09-19T05:45:22.910+00:00,2026-09-19T05:45:29.781+00:00,2026-09-19T05:45:34.411+00:00,True,47,47.0,,47.0,6871.177624,11501.884055999999,11501.883945,244.720935,0.0,6871.177624,988.0149707059581,130.4514503,100.66753113043478,29.624642435083032,4.086287061421236,52,64,,False,True,,163,56.69694568066818
6,2026-09-19T05:45:23.304+00:00,2026-09-19T05:45:31.785+00:00,2026-09-19T05:45:39.596+00:00,True,80,80.0,,80.0,8480.945173,16291.221013,16291.220895,203.6402611875,0.0,8480.945173,938.4047801930113,235.79637630000002,98.86425113924051,48.91639623017016,4.910620262051686,52,64,,False,True,,289,56.69694568066818
7,2026-09-19T05:45:23.706+00:00,2026-09-19T05:45:33.886+00:00,2026-09-19T05:45:37.753+00:00,True,40,40.0,,40.0,10180.458593000001,14046.929249,14046.929344000002,351.1732336,0.0,10180.458593000001,1595.0299200609766,255.87097789999999,99.14027323076924,58.16099923160786,2.8475974564225552,52,64,,False,True,,174,56.69694568066818
8,2026-09-19T05:45:24.161+00:00,2026-09-19T05:45:36.564+00:00,2026-09-19T05:45:43.542+00:00,True,72,72.0,,72.0,12402.930363,19380.966331,19380.966417,269.180089125,0.0,12402.930363,1450.9354015371187,188.84260579999997,98.28219673239437,49.0820414062402,3.7149850410108534,52,64,,False,True,,347,56.69694568066818
9,2026-09-19T05:45:24.665+00:00,2026-09-19T05:45:39.388+00:00,2026-09-19T05:45:41.176+00:00,True,21,21.0,,21.0,14723.360917,16510.568597,16510.568613,786.217553,0.0,14723.360917,3193.547151787824,108.65681699999999,89.360384,31.376154645866617,1.2719125859672533,52,64,,False,True,,83,56.69694568066818
10,2026-09-19T05:45:24.980+00:00,2026-09-19T05:45:40.769+00:00,2026-09-19T05:45:48.352+00:00,True,79,79.0,,79.0,15789.658843000001,23372.264155,23372.264317,295.85144705063294,0.0,15789.658843000001,1766.1320094984058,118.9995297,97.21288861538461,46.094538986940215,3.3800747533952387,52,64,,False,True,,272,56.69694568066818
11,2026-09-19T05:45:25.373+00:00,2026-09-19T05:45:42.919+00:00,2026-09-19T05:45:48.662+00:00,True,60,60.0,,60.0,17545.682622,23288.291262,23288.291192,388.13818653333334,0.0,17545.682622,2252.959371978179,110.8916904,97.33234983050848,42.11741674534153,2.576401992099063,52,64,,False,True,,212,56.69694568066818
12,2026-09-19T05:45:25.828+00:00,2026-09-19T05:45:45.837+00:00,2026-09-19T05:45:53.806+00:00,True,83,83.0,,83.0,20009.058132,27978.64866,27978.648774999998,337.0921539156626,0.0,20009.058132,2186.5070060409676,114.68129109999998,97.1901283902439,62.95862474740881,2.9665478489910746,52,64,,False,True,,359,56.69694568066818
13,2026-09-19T05:45:26.325+00:00,2026-09-19T05:45:48.560+00:00,2026-09-19T05:45:50.100+00:00,True,16,16.0,,16.0,22234.654977000002,23774.546945000002,23774.546899,1485.9091811875,0.0,22234.654977000002,5533.631279052451,5844.506880000001,102.65946453333333,86.59348284465878,0.6729886393635334,52,64,,False,True,,61,56.69694568066818
14,2026-09-19T05:45:26.839+00:00,2026-09-19T05:45:51.257+00:00,2026-09-19T05:45:51.257+00:00,True,1,1.0,,1.0,24418.025429,24418.025429,24418.025429,24418.025429,24418.025429,24418.025429,nan,24418.025429,nan,nan,0.04095335238746835,52,64,,False,True,,3,56.69694568066818
15,2026-09-19T05:45:27.326+00:00,2026-09-19T05:45:54.281+00:00,2026-09-19T05:45:56.556+00:00,True,31,31.0,,31.0,26955.482767999998,29229.682063999997,29229.682268999997,942.8929764193548,0.0,26955.482767999998,4827.85936167892,111.291836,75.8066432,35.61858752337026,1.0605657609317745,52,64,,False,True,,87,56.69694568066818
16,2026-09-19T05:45:27.736+00:00,2026-09-19T05:45:56.076+00:00,2026-09-19T05:46:04.574+00:00,True,88,88.0,,88.0,28340.770548999997,36838.057716999996,36838.057833,418.61429355681815,0.0,28340.770548999997,3011.2294379670543,114.6035759,97.66996744827587,55.45478150826954,2.3888338705596257,52,64,,False,True,,364,56.69694568066818
17,2026-09-19T05:45:28.176+00:00,2026-09-19T05:45:58.753+00:00,2026-09-19T05:46:06.103+00:00,True,75,75.0,,75.0,30577.441026999997,37927.231491,37927.231427,505.6964190266666,0.0,30577.441026999997,3520.36835152922,114.2943497,99.32149275675675,86.90095782035375,1.9774709898822231,52,64,,False,True,,397,56.69694568066818
18,2026-09-19T05:45:28.572+00:00,2026-09-19T05:46:01.126+00:00,2026-09-19T05:46:10.070+00:00,True,90,90.0,,90.0,32553.952563000003,41497.981491,41497.981568,461.0886840888889,0.0,32553.952563000003,3421.756082241835,114.21398325,100.49470705617978,77.20263477460439,2.1687801855981603,52,64,,False,True,,346,56.69694568066818
19,2026-09-19T05:45:28.961+00:00,2026-09-19T05:46:02.982+00:00,2026-09-19T05:46:09.462+00:00,True,66,66.0,,66.0,34021.212075999996,40500.918443999995,40500.918281,613.6502769848485,0.0,34021.212075999996,4176.423698456258,114.154816,99.68779027692308,90.83380849392816,1.6295926743305142,52,64,,False,True,,253,56.69694568066818
20,2026-09-19T05:45:29.364+00:00,2026-09-19T05:46:05.753+00:00,2026-09-19T05:46:06.720+00:00,True,13,13.0,,13.0,36389.119949,37356.935117,37356.935044,2873.610388,0.0,36389.119949,10070.242947351142,14623.1859884,80.651264,43.36597091527983,0.3479942869853929,52,64,,False,True,,58,56.69694568066818
21,2026-09-19T05:45:29.737+00:00,2026-09-19T05:46:07.593+00:00,2026-09-19T05:46:08.457+00:00,True,10,10.0,,10.0,37855.461623999996,38719.545079999996,38719.545131,3871.9545130999995,49.599014000000004,37855.461623999996,11940.600166230264,20871.515877899998,96.0092728888889,18.620165590387405,0.25826749718620406,52,64,,False,True,,29,56.69694568066818
22,2026-09-19T05:45:30.059+00:00,2026-09-19T05:46:08.850+00:00,2026-09-19T05:46:11.648+00:00,True,29,29.0,,29.0,38791.157394,41589.523346,41589.523185,1434.1214891379311,90.81300900000001,38791.157394,7184.779972870982,109.91365760000001,99.94164114285715,4.84941207928376,0.6972909922226642,52,64,,False,True,,116,56.69694568066818
23,2026-09-19T05:45:30.574+00:00,2026-09-19T05:46:11.055+00:00,2026-09-19T05:46:13.960+00:00,True,31,31.0,,31.0,40480.394458999996,43386.05257099999,43386.052519,1399.5500812580644,0.0,40480.394458999996,7254.219677261819,429.955024,96.85527040000001,129.75883731501568,0.7145153376023186,52,64,,False,True,,98,56.69694568066818
24,2026-09-19T05:45:30.944+00:00,2026-09-19T05:46:13.377+00:00,2026-09-19T05:46:20.473+00:00,True,74,74.0,,74.0,42433.243569,49529.703601,49529.703709,669.3203203918919,0.0,42433.243569,4922.044215252714,113.255272,97.21178126027398,76.11428169870989,1.4940529544882224,52,64,,False,True,,335,56.69694568066818
25,2026-09-19T05:45:31.332+00:00,2026-09-19T05:46:15.160+00:00,2026-09-19T05:46:21.006+00:00,True,60,60.0,,60.0,43827.771990999994,49673.238358999995,49673.23849499999,827.8873082499999,0.0,43827.771990999994,5645.962201541608,115.02281094999998,99.07570115254236,83.82700367358323,1.207893867646923,52,64,,False,True,,205,56.69694568066818
26,2026-09-19T05:45:31.747+00:00,2026-09-19T05:46:17.654+00:00,2026-09-19T05:46:23.541+00:00,True,60,60.0,,60.0,45906.557028999996,51793.514340999995,51793.514286,863.2252381,0.0,45906.557028999996,5915.237345945261,147.32527875,99.77893749152543,139.08781620622412,1.1584462024524895,52,64,,False,True,,233,56.69694568066818
27,2026-09-19T05:45:32.122+00:00,2026-09-19T05:46:19.720+00:00,2026-09-19T05:46:20.474+00:00,True,8,8.0,,8.0,47597.976849,48351.675921,48351.676032999996,6043.9595041249995,0.0,47597.976849,16791.983444557056,31175.3184766,107.671296,252.31461038927563,0.16545445111501206,52,64,,False,True,,26,56.69694568066818
28,2026-09-19T05:45:32.627+00:00,2026-09-19T05:46:22.830+00:00,2026-09-19T05:46:32.423+00:00,True,94,94.0,,94.0,50202.293762999994,59795.875330999996,59795.875144,636.1263313191489,0.0,50202.293762999994,5167.9561879796465,117.1706881,103.15679105376343,80.79138386201231,1.5720147832883642,52,64,,False,True,,403,56.69694568066818
29,2026-09-19T05:45:32.919+00:00,2026-09-19T05:46:24.437+00:00,2026-09-19T05:46:25.938+00:00,True,15,15.0,,15.0,51517.759819,53018.765899,53018.765939,3534.5843959333333,101.555712,51517.759819,13274.146453457452,15537.947484799999,107.21472,4.747537207775189,0.2829186938936826,52,64,,False,True,,51,56.69694568066818
30,2026-09-19T05:45:33.343+00:00,2026-09-19T05:46:26.705+00:00,2026-09-19T05:46:30.346+00:00,True,37,37.0,,37.0,53362.421814999994,57003.11122299999,57003.111195,1540.6246268918917,0.0,53362.421814999994,8757.029958385392,256.2911648,101.13026133333332,129.26208624958895,0.6490873779722921,52,64,,False,True,,169,56.69694568066818
31,2026-09-19T05:45:33.805+00:00,2026-09-19T05:46:29.406+00:00,2026-09-19T05:46:35.135+00:00,True,64,64.0,,64.0,55601.460566,61330.42159,61330.421516,958.2878361875,0.0,55601.460566,6938.906633876572,114.2852585,90.93588926984127,35.83203596401739,1.043527801387807,52,64,,False,True,,257,56.69694568066818
32,2026-09-19T05:45:34.275+00:00,2026-09-19T05:46:31.300+00:00,2026-09-19T05:46:39.371+00:00,True,73,73.0,,73.0,57024.085781,65095.143957,65095.143927000005,891.714300369863,0.0,57024.085781,6662.130561943275,115.6194322,112.09803022222222,121.1437804317639,1.1214354184118822,52,64,,False,True,,322,56.69694568066818
33,2026-09-19T05:45:34.639+00:00,2026-09-19T05:46:33.550+00:00,2026-09-19T05:46:36.569+00:00,True,30,30.0,,30.0,58910.758928999996,61929.74849699999,61929.74851699999,2064.3249505666668,42.137141,58910.758928999996,10736.584678750205,115.2716934,104.10308855172414,12.800214521649849,0.4844198584377145,52,64,,False,True,,108,56.69694568066818
34,2026-09-19T05:45:34.931+00:00,2026-09-19T05:46:35.136+00:00,2026-09-19T05:46:43.561+00:00,True,86,86.0,,86.0,60205.098858000005,68630.21169000001,68630.21160400001,798.0257163255815,0.0,60205.098858000005,6482.461670680041,114.50629450000001,99.11897449411765,118.31900054064974,1.253092448387871,52,64,,False,True,,354,56.69694568066818
35,2026-09-19T05:45:35.331+00:00,2026-09-19T05:46:37.714+00:00,2026-09-19T05:46:42.490+00:00,True,51,51.0,,51.0,62383.78498,67159.336724,67159.33684799999,1316.8497421176469,0.0,62383.78498,8722.952255051776,113.55623350000002,95.51103488,122.95768515374584,0.7593880834408939,52,64,,False,True,,152,56.69694568066818
36,2026-09-19T05:45:35.728+00:00,2026-09-19T05:46:39.699+00:00,2026-09-19T05:46:40.913+00:00,True,13,13.0,,13.0,63971.62841,65185.694074,65185.694152,5014.284165538461,43.835687,63971.62841,17714.48653310166,25658.2497428,101.17213866666667,18.87885901662379,0.19943026126625515,52,64,,False,True,,59,56.69694568066818
37,2026-09-19T05:45:36.231+00:00,2026-09-19T05:46:42.489+00:00,2026-09-19T05:46:45.480+00:00,True,31,31.0,,31.0,66257.39229999999,69248.357804,69248.35778199999,2233.8179929677417,46.033311999999995,66257.39229999999,11882.285895313755,114.9785905,99.69885013333334,18.137745411564058,0.44766404551776023,52,64,,False,True,,111,56.69694568066818
38,2026-09-19T05:45:36.641+00:00,2026-09-19T05:46:44.339+00:00,2026-09-19T05:46:45.074+00:00,True,8,8.0,,8.0,67697.693224,68432.65360800001,68432.65353,8554.08169125,99.21982799999999,67697.693224,23897.62807042603,44041.81395215,104.99434057142857,3.3135018680684265,0.11690325565666465,52,64,,False,True,,33,56.69694568066818
39,2026-09-19T05:45:37.141+00:00,2026-09-19T05:46:46.100+00:00,2026-09-19T05:46:49.186+00:00,True,33,33.0,,33.0,68958.831407,72045.65457500001,72045.65444500001,2183.201649848485,41.957511,68958.831407,11987.414610294609,112.93124500000002,96.463224,19.249657574007493,0.45804289231138534,52,64,,False,True,,133,56.69694568066818
40,2026-09-19T05:45:37.453+00:00,2026-09-19T05:46:48.585+00:00,2026-09-19T05:46:52.028+00:00,True,37,37.0,,37.0,71131.616845,74575.412813,74575.412685,2015.551694189189,0.0,71131.616845,11679.38347049504,293.9483866,95.66099911111111,165.80402642251838,0.49614207423535917,52,64,,False,True,,105,56.69694568066818
41,2026-09-19T05:45:37.917+00:00,2026-09-19T05:46:51.349+00:00,2026-09-19T05:47:01.195+00:00,True,98,98.0,,98.0,73432.29311,83278.15039,83278.15023099999,849.7770431734693,0.0171,73432.29311,7407.944910977234,114.3926912,101.50368329896908,78.96696679452859,1.1767792577171334,52,64,,False,True,,474,56.69694568066818
42,2026-09-19T05:45:38.321+00:00,2026-09-19T05:46:53.012+00:00,2026-09-19T05:46:56.236+00:00,True,33,33.0,,33.0,74691.430979,77915.257155,77915.257116,2361.0683974545454,0.01638,74691.430979,12985.347579779935,407.31940839999993,100.744568,144.2067317102,0.4235370735458365,52,64,,False,True,,86,56.69694568066818
43,2026-09-19T05:45:38.859+00:00,2026-09-19T05:46:56.241+00:00,2026-09-19T05:47:03.613+00:00,True,74,74.0,,74.0,77381.96087800001,84753.81163000001,84753.81172400001,1145.3217800540542,49.851473,77381.96087800001,8983.745718599208,114.03015415000002,100.98425687671232,16.345753036842083,0.8731170737553764,52,64,,False,True,,259,56.69694568066818
44,2026-09-19T05:45:39.277+00:00,2026-09-19T05:46:58.785+00:00,2026-09-19T05:47:05.923+00:00,True,74,74.0,,74.0,79507.35886499999,86645.92219299999,86645.922178,1170.890840243243,0.0,79507.35886499999,9232.152201464942,113.12826489999999,97.78853873972602,135.2484707967457,0.8540505788047157,52,64,,False,True,,256,56.69694568066818
45,2026-09-19T05:45:39.585+00:00,2026-09-19T05:47:00.765+00:00,2026-09-19T05:47:05.154+00:00,True,46,46.0,,46.0,81180.327505,85569.048401,85569.04857999999,1860.1967082608694,0.0,81180.327505,11956.242309951918,115.334817,97.52713102222222,173.8290334265705,0.5375775570674972,52,64,,False,True,,197,56.69694568066818
46,2026-09-19T05:45:40.064+00:00,2026-09-19T05:47:04.851+00:00,2026-09-19T05:47:11.998+00:00,True,84,84.0,,84.0,84786.89689599999,91933.810432,91933.81040999999,1094.4501239285714,0.0,84786.89689599999,9241.682969759237,111.06478064999999,86.107392,35.97497702086752,0.9137008420001438,52,64,,False,True,,279,56.69694568066818
47,2026-09-19T05:45:40.371+00:00,2026-09-19T05:47:05.251+00:00,2026-09-19T05:47:10.610+00:00,True,55,55.0,,55.0,84879.266265,90238.539737,90238.539592,1640.7007198545455,47.044779000000005,84879.266265,11431.74686780715,111.32282800000002,99.24580503703703,16.181803625374855,0.6094956784573129,52,64,,False,True,,244,56.69694568066818
48,2026-09-19T05:45:40.778+00:00,2026-09-19T05:47:07.379+00:00,2026-09-19T05:47:10.181+00:00,True,29,29.0,,29.0,86601.497359,89403.026703,89403.026837,3082.8629943793103,50.334102,86601.497359,16062.92103118433,113.3507976,100.05461942857143,14.567493776500841,0.32437380555737805,52,64,,False,True,,118,56.69694568066818
49,2026-09-19T05:45:41.163+00:00,2026-09-19T05:47:10.076+00:00,2026-09-19T05:47:11.587+00:00,True,16,16.0,,16.0,88913.211349,90424.075477,90424.075645,5651.5047278125,49.422504,88913.211349,22203.12635934805,22312.21595575,100.72427520000001,14.783737306899532,0.17694402641771784,52,64,,False,True,,75,56.69694568066818
50,2026-09-19T05:45:41.527+00:00,2026-09-19T05:47:11.790+00:00,2026-09-19T05:47:21.295+00:00,True,99,99.0,,99.0,90263.637235,99768.620275,99768.620214,1007.7638405454545,0.0,90263.637235,9063.636215012451,110.62506499999999,96.98962285714285,168.3227361352759,0.9922959716904837,52,64,,False,True,,426,56.69694568066818
51,2026-09-19T05:45:41.995+00:00,2026-09-19T05:47:14.784+00:00,2026-09-19T05:47:17.490+00:00,True,21,21.0,,21.0,92789.585802,95495.16788200001,95495.167904,4547.388947809524,0.02637,92789.585802,20219.791463501195,985.5745380000001,135.279104,202.58407848240861,0.21990641480361559,52,64,,False,True,,83,56.69694568066818
52,2026-09-19T05:45:42.520+00:00,2026-09-19T05:47:17.672+00:00,2026-09-19T05:47:20.770+00:00,True,38,38.0,,38.0,95152.494608,98250.83752,98250.83752799999,2585.548356,0.0,95152.494608,15423.651409031678,298.63151725,83.73899762162162,215.34549796485385,0.3867651509053518,52,64,,False,True,,135,56.69694568066818
53,2026-09-19T05:45:42.962+00:00,2026-09-19T05:47:20.405+00:00,2026-09-19T05:47:21.297+00:00,True,13,13.0,,13.0,97443.799315,98335.235859,98335.23589299999,7564.248914846154,0.0,97443.799315,27005.47579289557,39044.5190782,74.28637866666668,43.304904159015855,0.13220083204600555,52,64,,False,True,,50,56.69694568066818
54,2026-09-19T05:45:43.375+00:00,2026-09-19T05:47:21.604+00:00,2026-09-19T05:47:29.493+00:00,True,81,81.0,,81.0,98229.13416500001,106118.18146100001,106118.18144600002,1310.101005506173,47.955397,98229.13416500001,10903.406921446955,113.643414,98.6130912,18.61455980335422,0.7632999254681789,52,64,,False,True,,294,56.69694568066818
55,2026-09-19T05:45:43.865+00:00,2026-09-19T05:47:24.909+00:00,2026-09-19T05:47:25.119+00:00,True,3,3.0,,3.0,101043.837633,101253.880769,101253.88085100001,33751.293617,103.425608,101043.837633,58277.0526249929,90950.1156307,105.021568,2.2571301003814557,0.029628494011446162,52,64,,False,True,,11,56.69694568066818
56,2026-09-19T05:45:44.319+00:00,2026-09-19T05:47:27.188+00:00,2026-09-19T05:47:33.455+00:00,True,65,65.0,,65.0,102869.329394,109136.50533,109136.505322,1679.0231588,46.36704,102869.329394,12747.23338107295,109.4980328,97.924624,15.658495879547148,0.5955843995870781,52,64,,True,True,,312,56.69694568066818
57,2026-09-19T05:45:44.753+00:00,2026-09-19T05:47:29.494+00:00,2026-09-19T05:47:36.440+00:00,True,71,71.0,,71.0,104741.413914,111687.85769,111687.857777,1573.0684193943662,46.37737,104741.413914,12418.752094112288,110.488439,99.23491108571429,16.0495959002366,0.6357002584566273,52,64,,True,True,,313,56.69694568066818
58,2026-09-19T05:45:45.281+00:00,2026-09-19T05:47:32.682+00:00,2026-09-19T05:47:41.556+00:00,True,93,93.0,,93.0,107400.418681,116274.898041,116274.898044,1250.2677209032258,44.843665,107400.418681,11126.92153375461,113.42889360000001,96.46173217391305,20.96321567837101,0.7998286953320486,52,64,,True,True,,377,56.69694568066818
59,2026-09-19T05:45:45.666+00:00,2026-09-19T05:47:34.773+00:00,2026-09-19T05:47:36.441+00:00,True,18,18.0,,18.0,109107.158521,110775.751417,110775.751422,6154.208412333333,50.384191,109107.158521,25693.675676087747,16462.3724057,98.15252329411764,18.923932103686923,0.16249043468223914,52,64,,True,True,,72,56.69694568066818
60,2026-09-19T05:45:46.050+00:00,2026-09-19T05:47:36.548+00:00,2026-09-19T05:47:44.390+00:00,True,81,81.0,,81.0,110497.829576,118339.523272,118339.523197,1460.9817678641975,47.637497,110497.829576,12266.65964718642,111.764346,98.0211712,18.82793944863032,0.6844712380142332,52,64,,True,True,,163,56.69694568066818
61,2026-09-19T05:45:46.455+00:00,2026-09-19T05:47:38.477+00:00,2026-09-19T05:47:44.183+00:00,True,59,59.0,,59.0,112021.78987800001,117728.24235800002,117728.24243800002,1995.393939627119,43.820207,112021.78987800001,14571.199549843972,111.3484339,98.38711172413794,20.104652347754225,0.5011541735294646,52,64,,True,True,,248,56.69694568066818
62,2026-09-19T05:45:46.829+00:00,2026-09-19T05:47:40.745+00:00,2026-09-19T05:47:42.286+00:00,True,16,16.0,,16.0,113915.10343700001,115456.93153300001,115456.93150800001,7216.058219250001,53.984963,113915.10343700001,28453.081940127417,28563.181139750002,102.78853973333334,14.001609383956849,0.1385798131611255,52,64,,True,True,,61,56.69694568066818
63,2026-09-19T05:45:47.205+00:00,2026-09-19T05:47:42.816+00:00,2026-09-19T05:47:48.331+00:00,True,55,55.0,,55.0,115610.387785,121125.213513,121125.213558,2202.2766101454545,50.130193,115610.387785,15575.1346991062,112.4504358,102.12640237037037,11.142253863742914,0.4540755669677067,52,64,,True,True,,180,56.69694568066818
64,2026-09-19T05:45:47.554+00:00,2026-09-19T05:47:44.749+00:00,2026-09-19T05:47:52.274+00:00,True,76,76.0,,76.0,117195.21800200001,124719.30453000001,124719.30459400002,1641.0434815,50.283901,117195.21800200001,13431.714136116661,111.63492924999998,100.32115370666666,15.02333003671683,0.6093683755406041,52,64,,True,True,,336,56.69694568066818
65,2026-09-19T05:45:48.083+00:00,2026-09-19T05:47:47.690+00:00,2026-09-19T05:47:54.002+00:00,True,64,64.0,,64.0,119607.274414,125918.641326,125918.641168,1967.47876825,45.114963,119607.274414,14938.394683718921,112.52773044999999,100.18042717460318,15.520884482169853,0.5082646963629929,52,64,,True,True,,235,56.69694568066818
66,2026-09-19T05:45:48.475+00:00,2026-09-19T05:47:49.698+00:00,2026-09-19T05:47:56.809+00:00,True,73,73.0,,73.0,121223.119248,128333.865616,128333.865555,1757.9981582876712,46.161139999999996,121223.119248,14176.542153270015,108.55293559999998,98.76036622222222,15.388692083426342,0.5688288095242939,52,64,,True,True,,268,56.69694568066818
67,2026-09-19T05:45:48.916+00:00,2026-09-19T05:47:52.374+00:00,2026-09-19T05:47:53.703+00:00,True,14,14.0,,14.0,123458.24231900001,124787.18337500001,124787.18318200001,8913.370227285715,96.955551,123458.24231900001,32968.28221458092,43280.240218700004,102.22623507692307,3.3237130923263734,0.11219100889494693,52,64,,True,True,,66,56.69694568066818
68,2026-09-19T05:45:49.415+00:00,2026-09-19T05:47:54.258+00:00,2026-09-19T05:47:55.387+00:00,True,13,13.0,,13.0,124843.17663500001,125971.64741900002,125971.64734200001,9690.126718615385,52.293357,124843.17663500001,34599.19068686495,50002.748037800004,94.039232,19.787774080615627,0.10319782479910031,52,64,,True,True,,44,56.69694568066818
69,2026-09-19T05:45:49.771+00:00,2026-09-19T05:47:55.896+00:00,2026-09-19T05:48:03.276+00:00,True,75,75.0,,75.0,126124.92337,133504.47921,133504.479364,1780.0597248533334,45.959861,126124.92337,14552.14478088927,111.1054061,99.72372756756758,15.547703213517401,0.5617789039274588,52,64,,True,True,,318,56.69694568066818
70,2026-09-19T05:45:50.282+00:00,2026-09-19T05:47:59.327+00:00,2026-09-19T05:47:59.838+00:00,True,6,6.0,,6.0,129045.275452,129556.03922800001,129556.039175,21592.673195833333,96.188632,129045.275452,52640.809574954146,96810.90318275001,102.1527552,4.625714902902167,0.04631200549007879,52,64,,True,True,,44,56.69694568066818
71,2026-09-19T05:45:50.785+00:00,2026-09-19T05:48:01.709+00:00,2026-09-19T05:48:10.261+00:00,True,87,87.0,,87.0,130923.991043,139476.711939,139476.711909,1603.1805966551724,45.735052,130923.991043,14025.875400226876,113.0221743,99.45024297674419,18.755792494022238,0.6237600441717421,52,64,,True,True,,215,56.69694568066818
72,2026-09-19T05:45:51.211+00:00,2026-09-19T05:48:04.009+00:00,2026-09-19T05:48:11.105+00:00,True,72,72.0,,72.0,132798.561687,139894.587031,139894.587039,1942.9803755416667,46.373591,132798.561687,15638.692012260233,113.1418491,99.94401892957747,17.76172700043006,0.5146732373858406,52,64,,True,True,,302,56.69694568066818
73,2026-09-19T05:45:51.517+00:00,2026-09-19T05:48:05.663+00:00,2026-09-19T05:48:12.468+00:00,True,68,68.0,,68.0,134145.349399,140951.106071,140951.105976,2072.810382,46.342629,134145.349399,16255.202125727443,113.4519622,101.57845779104477,15.45971090880509,0.482436795960629,52,64,,True,True,,315,56.69694568066818
74,2026-09-19T05:45:51.847+00:00,2026-09-19T05:48:07.402+00:00,2026-09-19T05:48:08.623+00:00,True,13,13.0,,13.0,135555.70349,136776.22803400003,136776.22797900002,10521.248306076925,52.437886,135555.70349,37568.18154313189,54289.3095722,101.71037866666667,16.353341392753965,0.09504575602690579,52,64,,True,True,,39,56.69694568066818
75,2026-09-19T05:45:52.387+00:00,2026-09-19T05:48:10.471+00:00,2026-09-19T05:48:18.609+00:00,True,82,82.0,,82.0,138084.28289700003,146221.88596900002,146221.885868,1783.1937300975612,42.501188,138084.28289700003,15237.772686622282,112.7080801,100.46423545679012,16.681292277788884,0.5607915631548106,52,64,,True,True,,450,56.69694568066818
76,2026-09-19T05:45:52.907+00:00,2026-09-19T05:48:13.090+00:00,2026-09-19T05:48:22.167+00:00,True,91,91.0,,91.0,140182.878166,149260.60463000002,149260.604479,1640.226422846154,46.255481,140182.878166,14684.593256377739,112.55327949999999,100.86362737777779,15.49320101525883,0.6096719239854254,52,64,,True,True,,338,56.69694568066818
77,2026-09-19T05:45:53.297+00:00,2026-09-19T05:48:15.583+00:00,2026-09-19T05:48:19.778+00:00,True,42,42.0,,42.0,142285.755249,146481.229169,146481.229227,3487.648314928572,52.940015,142285.755249,21939.38366443036,114.5362086,102.32863219512194,14.428259961557165,0.28672615759895953,52,64,,True,True,,192,56.69694568066818
78,2026-09-19T05:45:53.810+00:00,2026-09-19T05:48:18.604+00:00,2026-09-19T05:48:21.035+00:00,True,25,25.0,,25.0,144793.643026,147224.904466,147224.904547,5888.99618188,49.125154,144793.643026,28938.472536912293,111.73111700000001,101.30256,16.38325976072342,0.169808227016194,52,64,,True,True,,139,56.69694568066818
79,2026-09-19T05:45:54.103+00:00,2026-09-19T05:48:20.152+00:00,2026-09-19T05:48:20.881+00:00,True,8,8.0,,8.0,146049.114473,146777.63850499998,146777.638633,18347.204829125,97.0782,146049.114473,51599.36373227728,94970.16556565,104.07486171428572,4.16241743121397,0.054504215229811595,52,64,,True,True,,35,56.69694568066818
80,2026-09-19T05:45:54.551+00:00,2026-09-19T05:48:22.371+00:00,2026-09-19T05:48:29.251+00:00,True,73,73.0,,73.0,147820.671298,154700.678978,154700.67901,2119.18738369863,46.64465,147820.671298,17289.93023785425,112.03230200000002,95.55566222222222,21.54257378119215,0.4718789890403864,52,64,,True,True,,313,56.69694568066818
81,2026-09-19T05:45:55.044+00:00,2026-09-19T05:48:25.351+00:00,2026-09-19T05:48:33.731+00:00,True,84,84.0,,84.0,150306.371897,158686.626105,158686.62605700002,1889.1265006785716,46.80527,150306.371897,16388.76101617655,112.87899930000002,100.9669181686747,16.01214321029631,0.5293451758462541,52,64,,True,True,,320,56.69694568066818
82,2026-09-19T05:45:55.572+00:00,2026-09-19T05:48:28.271+00:00,2026-09-19T05:48:32.125+00:00,True,41,41.0,,41.0,152699.220493,156552.264973,156552.265048,3818.347928,47.080709000000006,152699.220493,23832.57603862792,111.877166,96.326112,19.712242942518902,0.26189336837171356,52,64,,True,True,,186,56.69694568066818
83,2026-09-19T05:45:56.091+00:00,2026-09-19T05:48:31.021+00:00,2026-09-19T05:48:37.344+00:00,True,64,64.0,,64.0,154930.36403099998,161253.09273499998,161253.09277599998,2519.5795746249996,45.572112000000004,154930.36403099998,19353.7590149052,113.255395,100.36077307936507,18.399977907047788,0.3968916125235271,52,64,,True,True,,218,56.69694568066818
84,2026-09-19T05:45:56.566+00:00,2026-09-19T05:48:33.195+00:00,2026-09-19T05:48:35.630+00:00,True,25,25.0,,25.0,156628.969327,159063.857007,159063.856886,6362.55427544,52.803766,156628.969327,31305.506543651158,110.7273804,101.45365333333334,14.92143540438841,0.15716958252118712,52,64,,True,True,,115,56.69694568066818
85,2026-09-19T05:45:57.024+00:00,2026-09-19T05:48:35.737+00:00,2026-09-19T05:48:38.585+00:00,True,30,30.0,,30.0,158713.51525,161561.464818,161561.464909,5385.382163633333,46.385661,158713.51525,28959.06926930558,115.60244345,98.20515751724137,22.13631084639251,0.18568784353246107,52,64,,True,True,,60,56.69694568066818
86,2026-09-19T05:45:57.520+00:00,2026-09-19T05:48:38.695+00:00,2026-09-19T05:48:39.933+00:00,True,13,13.0,,13.0,161175.224376,162412.942136,162412.942095,12493.303238076924,49.826472,161175.224376,44673.36049508169,64538.078158799995,103.14314666666667,16.99118199135397,0.080042882229879,52,64,,True,True,,41,56.69694568066818
87,2026-09-19T05:45:57.901+00:00,2026-09-19T05:48:40.678+00:00,2026-09-19T05:48:45.075+00:00,True,44,44.0,,44.0,162776.85123,167174.453534,167174.453453,3799.419396659091,47.782737000000004,162776.85123,24524.11907483176,110.84663414999999,102.26982102325582,12.656432450062413,0.26319810874124533,52,64,,True,True,,173,56.69694568066818
88,2026-09-19T05:45:58.413+00:00,2026-09-19T05:48:43.208+00:00,2026-09-19T05:48:45.736+00:00,True,27,27.0,,27.0,164795.426749,167323.807677,167323.807741,6197.178064481482,46.72117,164795.426749,31696.184924743557,113.4840132,97.2454203076923,18.426634354437308,0.16136376750474443,52,64,,True,True,,98,56.69694568066818
89,2026-09-19T05:45:58.743+00:00,2026-09-19T05:48:45.074+00:00,2026-09-19T05:48:46.933+00:00,True,21,21.0,,21.0,166330.97235,168190.37740599999,168190.377396,8009.065590285714,49.849593,166330.97235,36276.1126291485,116.254236,92.9702528,22.33899131855793,0.12485851048010581,52,64,,True,True,,56,56.69694568066818
90,2026-09-19T05:45:59.088+00:00,2026-09-19T05:48:47.243+00:00,2026-09-19T05:48:48.650+00:00,True,15,15.0,,15.0,168154.50690200002,169562.257302,169562.25726,11304.150484000002,46.96096,168154.50690200002,43391.34680301836,50523.143045000004,100.5536,15.713739250355717,0.08846308275599415,52,64,,True,True,,66,56.69694568066818
91,2026-09-19T05:45:59.569+00:00,2026-09-19T05:48:49.325+00:00,2026-09-19T05:48:56.079+00:00,True,68,68.0,,68.0,169756.261973,176510.57109299998,176510.57096299998,2595.743690632353,50.356192,169756.261973,20573.750479676793,112.1953207,100.81058388059701,14.46292815958393,0.38524604831838727,52,64,,True,True,,311,56.69694568066818
92,2026-09-19T05:45:59.933+00:00,2026-09-19T05:48:51.368+00:00,2026-09-19T05:48:53.527+00:00,True,22,22.0,,22.0,171435.558333,173594.02950099998,173594.029415,7890.6377006818175,54.385692000000006,171435.558333,36528.271983247156,113.40461880000001,102.78434133333333,11.855064808958664,0.1267324692170549,52,64,,True,True,,98,56.69694568066818
93,2026-09-19T05:46:00.401+00:00,2026-09-19T05:48:53.942+00:00,2026-09-19T05:48:54.154+00:00,True,3,3.0,,3.0,173540.36543099998,173752.763767,173752.763751,57917.587917,103.961745,173540.36543099998,100132.26260823722,156197.17254539998,106.199168,3.164036973660074,0.017265912408869405,52,64,,True,True,,16,56.69694568066818
94,2026-09-19T05:46:00.851+00:00,2026-09-19T05:48:56.024+00:00,2026-09-19T05:48:56.821+00:00,True,9,9.0,,9.0,175173.03305899998,175969.93622699997,175969.93603399998,19552.215114888888,51.320699,175173.03305899998,58357.809619908454,105147.81650779997,99.612896,19.636930002416335,0.05114510008340324,52,64,,True,True,,35,56.69694568066818
95,2026-09-19T05:46:01.332+00:00,2026-09-19T05:48:58.990+00:00,2026-09-19T05:49:04.308+00:00,True,54,54.0,,54.0,177657.782892,182976.017516,182976.017561,3388.444769648148,44.215966,177657.782892,24162.51152253234,111.3471557,100.34404950943396,14.998308696311435,0.29512064331205634,52,64,,True,True,,234,56.69694568066818
96,2026-09-19T05:46:01.727+00:00,2026-09-19T05:49:00.896+00:00,2026-09-19T05:49:05.906+00:00,True,51,51.0,,51.0,179168.476539,184178.264443,184178.26443399998,3611.338518313725,46.309571000000005,179168.476539,25074.580805222646,112.7111045,100.19575808,17.63790773263623,0.2769056389701382,52,64,,True,True,,295,56.69694568066818
97,2026-09-19T05:46:02.134+00:00,2026-09-19T05:49:03.460+00:00,2026-09-19T05:49:11.842+00:00,True,84,84.0,,84.0,181326.419324,189708.16370799998,189708.163843,2258.430521940476,44.217026,181326.419324,19773.324324343343,114.3434431,100.98487209638554,18.274520713119035,0.4427853728492852,52,64,,True,True,,356,56.69694568066818
98,2026-09-19T05:46:02.472+00:00,2026-09-19T05:49:05.423+00:00,2026-09-19T05:49:06.644+00:00,True,13,13.0,,13.0,182951.56002200002,184172.05307800003,184172.052931,14167.08099469231,53.502564,182951.56002200002,50713.42672233978,73248.7373966,101.70775466666667,15.787937907084874,0.07058617082633203,52,64,,True,True,,32,56.69694568066818
99,2026-09-19T05:46:02.901+00:00,2026-09-19T05:49:07.725+00:00,2026-09-19T05:49:16.329+00:00,True,86,86.0,,86.0,184823.582218,193428.006154,193428.006124,2249.1628619069766,46.57437,184823.582218,19919.130738385687,112.62662325000001,101.22851689411765,16.877566988843142,0.44460986653365014,52,64,,True,True,,363,56.69694568066818
100,2026-09-19T05:46:03.293+00:00,2026-09-19T05:49:09.922+00:00,2026-09-19T05:49:18.772+00:00,True,88,88.0,,88.0,186629.15561000002,195478.84649000003,195478.84661,2221.350529659091,44.321706,186629.15561000002,19883.897883722126,112.69886085,101.72058482758621,16.171092190136786,0.4501765872887006,52,64,,True,True,,411,56.69694568066818
101,2026-09-19T05:46:03.588+00:00,2026-09-19T05:49:11.428+00:00,2026-09-19T05:49:15.148+00:00,True,38,38.0,,38.0,187840.17294299998,191560.04724699998,191560.047161,5041.053872657894,48.140357,187840.17294299998,30455.394635816443,112.84048475,100.53714335135135,16.04718739040693,0.19837121856105158,52,64,,True,True,,186,56.69694568066818
102,2026-09-19T05:46:04.062+00:00,2026-09-19T05:49:13.756+00:00,2026-09-19T05:49:17.338+00:00,True,36,36.0,,36.0,189693.614141,193275.966525,193275.966534,5368.776848166666,46.388481,189693.614141,31598.547834621768,115.09983875,102.35292525714286,16.722934566421664,0.18626216516859817,52,64,,True,True,,139,56.69694568066818
103,2026-09-19T05:46:04.515+00:00,2026-09-19T05:49:16.549+00:00,2026-09-19T05:49:24.909+00:00,True,85,85.0,,85.0,192033.914085,200394.124773,200394.124727,2357.577937964706,47.772638,192033.914085,20818.214646115233,111.63605920000002,99.52631771428571,17.588284793141245,0.4241641320387275,52,64,,True,True,,295,56.69694568066818
104,2026-09-19T05:46:04.941+00:00,2026-09-19T05:49:18.769+00:00,2026-09-19T05:49:25.341+00:00,True,67,67.0,,67.0,193828.503214,200400.493486,200400.493613,2991.052143477612,45.471323,193828.503214,23667.76129667554,111.9843882,99.57561018181819,16.776550184131786,0.3343305140347902,52,64,,True,True,,294,56.69694568066818
105,2026-09-19T05:46:05.344+00:00,2026-09-19T05:49:21.019+00:00,2026-09-19T05:49:21.326+00:00,True,4,4.0,,4.0,195674.931011,195982.01606700002,195982.015928,48995.503982,97.64017,195674.931011,97786.28474616443,166339.544414,102.36168533333333,4.201171630176198,0.020410035983263523,52,64,,True,True,,14,56.69694568066818
106,2026-09-19T05:46:05.709+00:00,2026-09-19T05:49:23.152+00:00,2026-09-19T05:49:28.987+00:00,True,57,57.0,,57.0,197442.440435,203277.794035,203277.79399499999,3566.277087631579,49.213014,197442.440435,26138.090412676527,112.72846400000002,104.20274285714285,11.068316758669491,0.28040445967347444,52,64,,True,True,,334,56.69694568066818
107,2026-09-19T05:46:06.241+00:00,2026-09-19T05:49:25.984+00:00,2026-09-19T05:49:27.631+00:00,True,17,17.0,,17.0,199742.336071,201389.091399,201389.091387,11846.417140411764,52.724875999999995,199742.336071,48419.67192126891,40039.1017294,102.922208,14.001691062150076,0.08441370821977111,52,64,,True,True,,82,56.69694568066818
108,2026-09-19T05:46:06.747+00:00,2026-09-19T05:49:28.777+00:00,2026-09-19T05:49:31.943+00:00,True,32,32.0,,32.0,202030.33825600002,205196.65198400003,205196.651928,6412.39537275,45.862902000000005,202030.33825600002,35696.20405448665,115.40576845,102.13915251612903,17.87155593762402,0.1559479635296153,52,64,,True,True,,178,56.69694568066818
109,2026-09-19T05:46:07.331+00:00,2026-09-19T05:49:30.594+00:00,2026-09-19T05:49:36.021+00:00,True,52,52.0,,52.0,203263.15994299998,208689.55123899996,208689.55145699997,4013.260604942307,51.635319,203263.15994299998,28172.77599621565,115.31016955000001,106.39982933333333,11.551921260617933,0.2491739509298548,52,64,,True,True,,241,56.69694568066818
110,2026-09-19T05:46:07.543+00:00,2026-09-19T05:49:33.527+00:00,2026-09-19T05:49:36.499+00:00,True,29,29.0,,29.0,205984.04256799998,208956.48903199998,208956.48889399998,7205.39616875862,46.533849000000004,205984.04256799998,38230.56512885777,115.4071888,106.15880228571429,12.2058545759057,0.1387848739914408,52,64,,True,True,,128,56.69694568066818
111,2026-09-19T05:46:08.059+00:00,2026-09-19T05:49:36.821+00:00,2026-09-19T05:49:39.182+00:00,True,25,25.0,,25.0,208762.012089,211123.157433,211123.157443,8444.92629772,52.594536,208762.012089,41732.728652073696,111.5676396,98.381056,14.594318220783533,0.11841429573131389,52,64,,True,True,,79,56.69694568066818
112,2026-09-19T05:46:08.491+00:00,2026-09-19T05:49:38.986+00:00,2026-09-19T05:49:41.353+00:00,True,26,26.0,,26.0,210495.07064,212861.804208,212861.80425699998,8186.9924714230765,46.372862999999995,210495.07064,41262.918138561436,109.48424975,94.66934272,19.89639607112855,0.12214497615830525,52,64,,True,True,,110,56.69694568066818
113,2026-09-19T05:46:09.009+00:00,2026-09-19T05:49:41.769+00:00,2026-09-19T05:49:50.540+00:00,True,92,92.0,,92.0,212760.452904,221530.852136,221530.85214,2407.944045,46.620972,212760.452904,22171.772143260514,111.90091755000002,96.37801353846153,20.811344723499,0.4152920422276906,52,64,,True,True,,309,56.69694568066818
114,2026-09-19T05:46:09.475+00:00,2026-09-19T05:49:44.368+00:00,2026-09-19T05:49:50.231+00:00,True,63,63.0,,63.0,214893.561684,220755.59714,220755.59710599997,3504.0570969206346,45.083006999999995,214893.561684,27062.14129299698,112.20192800000001,94.54895896774194,22.75262738326512,0.2853834775480067,52,64,,True,True,,222,56.69694568066818
115,2026-09-19T05:46:09.826+00:00,2026-09-19T05:49:46.209+00:00,2026-09-19T05:49:50.439+00:00,True,46,46.0,,46.0,216382.40653600002,220612.13684000002,220612.13665700002,4795.9160142826095,45.413145,216382.40653600002,31889.994519879772,111.23309725000001,93.99400675555556,22.675117789833394,0.20851074042840043,52,64,,True,True,,199,56.69694568066818
116,2026-09-19T05:46:10.365+00:00,2026-09-19T05:49:48.847+00:00,2026-09-19T05:49:49.664+00:00,True,10,10.0,,10.0,218481.853767,219299.397703,219299.39793399998,21929.9397934,45.050226,218481.853767,69061.30665048183,120214.2968349,90.83821511111111,23.953380159620544,0.045599760440487525,52,64,,True,True,,39,56.69694568066818
117,2026-09-19T05:46:10.675+00:00,2026-09-19T05:49:50.082+00:00,2026-09-19T05:49:58.498+00:00,True,86,86.0,,86.0,219406.855475,227822.81093099999,227822.81088799998,2649.1024521860463,47.757059999999996,219406.855475,23648.578349067695,110.02427975,99.01124065882354,15.956638965254768,0.3774863440959236,52,64,,True,True,,318,56.69694568066818
118,2026-09-19T05:46:11.117+00:00,2026-09-19T05:49:52.529+00:00,2026-09-19T05:49:57.814+00:00,True,54,54.0,,54.0,221411.54790099998,226696.559101,226696.55904199998,4198.084426703704,45.802225,221411.54790099998,30116.730095891962,110.675244,99.71719245283019,16.768892694189415,0.2382038801742086,52,64,,True,True,,177,56.69694568066818
119,2026-09-19T05:46:11.484+00:00,2026-09-19T05:49:54.908+00:00,2026-09-19T05:50:02.856+00:00,True,81,81.0,,81.0,223424.016108,231371.97924400002,231371.97901900002,2856.444185419753,45.358406,223424.016108,24813.858878377538,113.924458,99.34953920000001,18.80573580275153,0.35008560787985094,52,64,,True,True,,277,56.69694568066818
120,2026-09-19T05:46:11.780+00:00,2026-09-19T05:49:56.598+00:00,2026-09-19T05:50:00.511+00:00,True,40,40.0,,40.0,224818.492476,228730.642236,228730.64220700003,5718.2660551750005,46.774232000000005,224818.492476,35531.068289619834,110.94436890000001,100.3115323076923,17.330012180433062,0.17487818688817716,52,64,,True,True,,127,56.69694568066818
121,2026-09-19T05:46:12.202+00:00,2026-09-19T05:49:58.493+00:00,2026-09-19T05:50:06.575+00:00,True,84,84.0,,84.0,226290.74684799998,234373.222368,234373.222288,2790.157408190476,43.008813,226290.74684799998,24679.72767996209,111.55633515,97.37922313253013,19.92419685859451,0.3584027183280682,52,64,,True,True,,476,56.69694568066818
122,2026-09-19T05:46:12.547+00:00,2026-09-19T05:50:00.611+00:00,2026-09-19T05:50:06.269+00:00,True,59,59.0,,59.0,228063.83561500002,233721.797599,233721.79772700003,3961.386402152543,44.995757,228063.83561500002,29678.688500195374,113.3147754,97.55106868965517,19.312317563118004,0.2524368741217162,52,64,,True,True,,212,56.69694568066818
123,2026-09-19T05:46:12.943+00:00,2026-09-19T05:50:02.963+00:00,2026-09-19T05:50:03.587+00:00,True,7,7.0,,7.0,230020.04677000002,230644.120498,230644.12052400003,32949.16007485714,96.513547,230020.04677000002,86900.09296909746,161047.8700213,104.012288,5.801468025909856,0.030349787303859323,52,64,,True,True,,25,56.69694568066818
124,2026-09-19T05:46:13.354+00:00,2026-09-19T05:50:05.138+00:00,2026-09-19T05:50:12.570+00:00,True,79,79.0,,79.0,231784.65859900002,239216.302247,239216.30227800002,3028.05445921519,44.960117,231784.65859900002,26067.09984952376,110.62616980000001,95.27748266666667,20.42937947971845,0.33024505126924614,52,64,,True,True,,295,56.69694568066818
125,2026-09-19T05:46:13.695+00:00,2026-09-19T05:50:07.298+00:00,2026-09-19T05:50:16.754+00:00,True,95,95.0,,95.0,233602.740382,243058.704542,243058.70455899998,2558.512679568421,44.597857000000005,233602.740382,23956.82072615769,113.397775,100.59536340425531,17.230892498211432,0.390852079044074,52,64,,True,True,,372,56.69694568066818
126,2026-09-19T05:46:14.061+00:00,2026-09-19T05:50:09.497+00:00,2026-09-19T05:50:12.783+00:00,True,34,34.0,,34.0,235435.80524000002,238721.38988,238721.389926,7021.217350764707,47.343422,235435.80524000002,40359.835884524626,111.1603441,99.5631709090909,16.66708736856705,0.14242544422638898,52,64,,True,True,,123,56.69694568066818
127,2026-09-19T05:46:14.415+00:00,2026-09-19T05:50:11.402+00:00,2026-09-19T05:50:14.850+00:00,True,33,33.0,,33.0,236987.222289,240434.906897,240434.906902,7285.9062697575755,100.572699,236987.222289,41235.425192628914,114.15748459999999,107.740144,4.093698445988041,0.13725128528919006,52,64,,True,True,,102,56.69694568066818
128,2026-09-19T05:46:14.905+00:00,2026-09-19T05:50:14.090+00:00,2026-09-19T05:50:17.823+00:00,True,39,39.0,,39.0,239185.356102,242918.024006,242918.024147,6228.667285820513,50.494873,239185.356102,38284.58594115243,114.27424979999999,98.22810273684212,20.866122680333017,0.16054798798724262,52,64,,True,True,,173,56.69694568066818
129,2026-09-19T05:46:15.442+00:00,2026-09-19T05:50:17.505+00:00,2026-09-19T05:50:24.337+00:00,True,71,71.0,,71.0,242062.65451,248895.244334,248895.24424899998,3505.5668204084504,46.106144,242062.65451,28715.973525877012,111.92069200000002,97.60842605714285,18.16629066588225,0.28526057293695406,52,64,,True,True,,143,56.69694568066818
130,2026-09-19T05:46:15.927+00:00,2026-09-19T05:50:20.046+00:00,2026-09-19T05:50:24.940+00:00,True,51,51.0,,51.0,244119.175588,249013.21181200002,249013.212031,4882.612000607844,49.77962599999999,244119.175588,34169.81899814645,109.09300350000001,97.88072448,14.634344667509406,0.20480841007947792,52,64,,True,True,,204,56.69694568066818
131,2026-09-19T05:46:16.450+00:00,2026-09-19T05:50:22.285+00:00,2026-09-19T05:50:28.300+00:00,True,64,64.0,,64.0,245834.789472,251849.946208,251849.946352,3935.15541175,46.823122000000005,245834.789472,30717.41966028019,110.01947815000001,95.47867834920635,19.04674676432916,0.25411956986142503,52,64,,True,True,,311,56.69694568066818
132,2026-09-19T05:46:16.809+00:00,2026-09-19T05:50:24.188+00:00,2026-09-19T05:50:29.255+00:00,True,54,54.0,,54.0,247378.325358,252445.942382,252445.94246,4674.92486037037,45.936524,247378.325358,33650.92033676845,109.61205509999999,95.6154155471698,19.955320578097396,0.21390718143644177,52,64,,True,True,,305,56.69694568066818
133,2026-09-19T05:46:17.228+00:00,2026-09-19T05:50:26.595+00:00,2026-09-19T05:50:33.339+00:00,True,68,68.0,,68.0,249367.028571,256111.193179,256111.193062,3766.3410744411767,46.844983,249367.028571,30227.990376145306,110.0165135,100.65917325373134,13.624749571327458,0.2655096763087343,52,64,,True,True,,323,56.69694568066818
134,2026-09-19T05:46:17.684+00:00,2026-09-19T05:50:29.045+00:00,2026-09-19T05:50:38.301+00:00,True,93,93.0,,93.0,251361.031541,260617.011061,260617.010959,2802.333451172043,46.876612,251361.031541,26054.49644025508,112.0807576,100.60847304347827,15.030360171477676,0.356845470759514,52,64,,True,True,,356,56.69694568066818
135,2026-09-19T05:46:18.036+00:00,2026-09-19T05:50:30.813+00:00,2026-09-19T05:50:38.628+00:00,True,79,79.0,,79.0,252777.279071,260592.578655,260592.578466,3298.6402337468353,43.38029,252777.279071,28428.397486976246,112.58618100000001,100.19614851282051,16.28216391305644,0.30315521803323703,52,64,,True,True,,360,56.69694568066818
136,2026-09-19T05:46:18.568+00:00,2026-09-19T05:50:33.185+00:00,2026-09-19T05:50:37.167+00:00,True,41,41.0,,41.0,254616.984788,258599.013076,258599.01302,6307.293000487805,47.81264,254616.984788,39748.94869255215,110.32491599999999,99.5507072,17.003037762083235,0.15854662209383782,52,64,,True,True,,131,56.69694568066818
137,2026-09-19T05:46:18.931+00:00,2026-09-19T05:50:35.212+00:00,2026-09-19T05:50:37.644+00:00,True,25,25.0,,25.0,256280.533248,258713.039616,258713.039547,10348.521581879999,44.611838000000006,256280.533248,51235.83859493338,113.5330446,101.354432,17.39904032012385,0.09663216062517277,52,64,,True,True,,106,56.69694568066818
138,2026-09-19T05:46:19.275+00:00,2026-09-19T05:50:37.378+00:00,2026-09-19T05:50:46.940+00:00,True,98,98.0,,98.0,258103.47162,267665.07674,267665.076817,2731.27629405102,46.328994,258103.47162,26062.437719149013,114.74804835,98.5732486597938,19.553664409943273,0.3661291984504709,52,64,,True,True,,426,56.69694568066818
139,2026-09-19T05:46:19.573+00:00,2026-09-19T05:50:38.733+00:00,2026-09-19T05:50:39.168+00:00,True,5,5.0,,5.0,259160.894974,259595.056638,259595.056544,51919.0113088,107.246213,259160.894974,115851.7349218675,207350.76665240002,108.540416,1.4436714416976368,0.019260767384227957,52,64,,True,True,,26,56.69694568066818
140,2026-09-19T05:46:19.946+00:00,2026-09-19T05:50:41.243+00:00,2026-09-19T05:50:48.068+00:00,True,70,70.0,,70.0,261296.990235,268121.598235,268121.598222,3830.3085460285715,48.636618999999996,261296.990235,31219.146776404672,111.12978350000002,98.90736231884058,17.147734134371213,0.2610755733995262,52,64,,True,True,,253,56.69694568066818
141,2026-09-19T05:46:20.374+00:00,2026-09-19T05:50:43.151+00:00,2026-09-19T05:50:51.754+00:00,True,90,90.0,,90.0,262777.057018,271379.944698,271379.944639,3015.332718211111,46.835923,262777.057018,27688.950929985276,110.0287629,96.66165932584269,18.427489841033626,0.33163836074974073,52,64,,True,True,,417,56.69694568066818
142,2026-09-19T05:46:20.757+00:00,2026-09-19T05:50:45.179+00:00,2026-09-19T05:50:54.135+00:00,True,95,95.0,,95.0,264422.250159,273377.830831,273377.830929,2877.6613782,41.644614999999995,264422.250159,27119.382681368996,110.61907070000001,95.27213480851063,19.51810102802894,0.347504403379103,52,64,,True,True,,400,56.69694568066818
143,2026-09-19T05:46:21.203+00:00,2026-09-19T05:50:47.862+00:00,2026-09-19T05:50:56.015+00:00,True,86,86.0,,86.0,266658.300783,274811.830383,274811.830303,3195.486398872093,44.923036999999994,266658.300783,28744.166564778683,111.18583725,95.92387764705883,19.039173842589538,0.31294140386948927,52,64,,True,True,,404,56.69694568066818
144,2026-09-19T05:46:21.711+00:00,2026-09-19T05:50:50.335+00:00,2026-09-19T05:50:52.764+00:00,True,27,27.0,,27.0,268624.36056,271053.782384,271053.782225,10039.028971296297,47.031772,268624.36056,51678.8034036679,110.0771105,93.43930092307693,19.426702290213964,0.09961122756718917,52,64,,True,True,,138,56.69694568066818
146,2026-09-19T05:46:22.828+00:00,2026-09-19T05:50:52.159+00:00,2026-09-19T05:50:58.019+00:00,True,61,61.0,,61.0,269330.318788,275190.47981199995,275190.47977,4511.319340491803,42.406273,269330.318788,34471.71316453385,111.205215,97.6693504,18.257595549823836,0.2216646449458316,52,64,,True,True,,297,56.69694568066818
145,2026-09-19T05:46:22.823+00:00,2026-09-19T05:50:53.729+00:00,2026-09-19T05:50:59.425+00:00,True,58,58.0,,58.0,270905.634353,276601.21067299997,276601.210623,4768.986390051724,41.534743999999996,270905.634353,35558.53552857347,111.70149135,99.92239157894737,15.900662662674044,0.20968816390528397,52,64,,True,True,,279,56.69694568066818
147,2026-09-19T05:46:23.001+00:00,2026-09-19T05:50:57.702+00:00,2026-09-19T05:51:07.153+00:00,True,96,96.0,,96.0,274700.61445999995,284151.62629999995,284151.626312,2959.912774083333,44.375738,274700.61445999995,28026.366157990633,111.95288049999999,99.48433515789473,17.929614144607125,0.3378477936235554,52,64,,True,True,,530,56.69694568066818
148,2026-09-19T05:46:23.491+00:00,2026-09-19T05:51:00.035+00:00,2026-09-19T05:51:04.480+00:00,True,45,45.0,,45.0,276543.36540899996,280989.10057699995,280989.100498,6244.202233288888,45.168737,276543.36540899996,41209.59233044723,113.3517698,101.03943563636363,17.134518588807158,0.16014856059396715,52,64,,True,True,,191,56.69694568066818
149,2026-09-19T05:46:23.818+00:00,2026-09-19T05:51:01.658+00:00,2026-09-19T05:51:10.673+00:00,True,93,93.0,,93.0,277839.784675,286855.094243,286855.094277,3084.4633793225807,45.822385000000004,277839.784675,28800.488494711586,111.79653760000001,97.99249530434783,19.13105430547038,0.324205502591556,52,64,,True,True,,384,56.69694568066818
150,2026-09-19T05:46:24.154+00:00,2026-09-19T05:51:03.726+00:00,2026-09-19T05:51:08.128+00:00,True,47,47.0,,47.0,279572.282611,283974.171891,283974.17183,6042.003655957446,46.460593,279572.282611,40765.85606392191,111.5206779,95.6932452173913,21.85697857359198,0.1655080097144904,52,64,,True,True,,209,56.69694568066818
151,2026-09-19T05:46:24.501+00:00,2026-09-19T05:51:05.108+00:00,2026-09-19T05:51:14.333+00:00,True,97,97.0,,97.0,280607.646337,289831.710593,289831.71059000003,2987.9557792783507,43.406031000000006,280607.646337,28481.641072231458,111.40388279999999,96.08400266666668,20.305808713471446,0.3346769744467801,52,64,,True,True,,416,56.69694568066818
152,2026-09-19T05:46:25.039+00:00,2026-09-19T05:51:08.284+00:00,2026-09-19T05:51:13.233+00:00,True,51,51.0,,51.0,283245.226793,288194.202665,288194.20258700004,5650.866717392157,49.930865,283245.226793,39648.40839213939,111.00610550000002,98.97951744,16.338759128667764,0.17696400388484895,52,64,,True,True,,173,56.69694568066818
153,2026-09-19T05:46:25.400+00:00,2026-09-19T05:51:10.368+00:00,2026-09-19T05:51:11.194+00:00,True,9,9.0,,9.0,284967.223075,285793.855267,285793.855078,31754.872786444445,90.189393,284967.223075,94954.63152629163,171024.11336060002,103.329024,6.039962357419882,0.031491229899228736,52,64,,True,True,,21,56.69694568066818
154,2026-09-19T05:46:25.873+00:00,2026-09-19T05:51:12.660+00:00,2026-09-19T05:51:13.133+00:00,True,6,6.0,,6.0,286786.756429,287260.128333,287260.128253,47876.688042166665,55.640342,286786.756429,117041.55402205301,215116.45487625,94.6743808,21.837855712178044,0.02088699199160919,52,64,,True,True,,16,56.69694568066818
155,2026-09-19T05:46:26.266+00:00,2026-09-19T05:51:14.741+00:00,2026-09-19T05:51:24.328+00:00,True,97,97.0,,97.0,288474.790875,298062.537435,298062.537414,3072.8096640618555,45.637235000000004,288474.790875,29280.042466409144,113.42446779999999,99.87236,18.37056637129327,0.3254350608256271,52,64,,True,True,,442,56.69694568066818
156,2026-09-19T05:46:26.616+00:00,2026-09-19T05:51:16.831+00:00,2026-09-19T05:51:22.854+00:00,True,61,61.0,,61.0,290214.82838099997,296238.339421,296238.339308,4856.366218163934,44.418818,290214.82838099997,37145.35137161883,115.160735,100.39185066666667,17.58811176436945,0.20591527794553854,52,64,,True,True,,123,56.69694568066818
157,2026-09-19T05:46:27.015+00:00,2026-09-19T05:51:18.741+00:00,2026-09-19T05:51:27.041+00:00,False,84,83.0,,83.0,291726.039003,300026.222811,300026.222846,3571.740748166667,0.02198,291726.039003,31819.015582014952,113.96989115000001,100.00221455421686,20.207175230839105,0.276642485521292,52,64,,True,False,Request timeout: 300.0s exceeded,291,56.69694568066818
158,2026-09-19T05:46:27.309+00:00,2026-09-19T05:51:19.887+00:00,2026-09-19T05:51:23.831+00:00,True,41,41.0,,41.0,292577.38136400003,296522.19518800004,296522.19544200005,7232.248669317074,45.355316,292577.38136400003,45677.51313249584,114.148989,98.6203456,21.102554100299418,0.13826958205946543,52,64,,True,True,,177,56.69694568066818
159,2026-09-19T05:46:27.656+00:00,2026-09-19T05:51:22.473+00:00,2026-09-19T05:51:23.284+00:00,True,10,10.0,,10.0,294816.931473,295628.57742499997,295628.57736,29562.857735999998,48.08812,294816.931473,93200.78566700258,162201.77267205,90.18288355555555,30.28201216218476,0.03382622913895044,52,64,,True,True,,40,56.69694568066818
160,2026-09-19T05:46:28.046+00:00,2026-09-19T05:51:24.921+00:00,2026-09-19T05:51:26.830+00:00,True,19,19.0,,19.0,296874.55576099997,298783.300977,298783.30105099996,15725.43689742105,97.604876,296874.55576099997,68083.36662808935,29789.764956199997,106.0414008888889,4.114710309498562,0.0635912379904478,52,64,,True,True,,93,56.69694568066818
161,2026-09-19T05:46:28.452+00:00,2026-09-19T05:51:27.041+00:00,2026-09-19T05:51:28.513+00:00,False,17,16.0,,16.0,298588.70370899996,300060.54959699995,300060.549702,17650.62057070588,0.02189,298588.70370899996,72396.09300353995,59805.22021299999,91.990368,30.602414013813434,0.05332257113268972,52,64,,True,False,Request timeout: 300.0s exceeded,76,56.69694568066818
162,2026-09-19T05:46:28.910+00:00,2026-09-19T05:51:28.955+00:00,2026-09-19T05:51:29.604+00:00,False,8,7.0,,7.0,300044.70224199997,300693.907234,300693.90713199996,37586.738391499995,0.04358,300044.70224199997,106049.03881702156,195068.89726494998,92.74357028571428,41.04526798236872,0.023279487317821177,52,64,,True,False,Request timeout: 300.0s exceeded,19,56.69694568066818
163,2026-09-19T05:46:29.341+00:00,2026-09-19T05:51:29.664+00:00,2026-09-19T05:51:29.664+00:00,False,1,0.0,,0.0,300322.56907599996,300322.56907599996,300322.56907599996,300322.56907599996,300322.56907599996,300322.56907599996,nan,300322.56907599996,nan,nan,0.0,52,64,,True,False,"HTTPConnectionPool(host='gpu03', port=9002): Read timed out.",0,56.69694568066818
164,2026-09-19T05:46:29.794+00:00,2026-09-19T05:51:29.811+00:00,2026-09-19T05:51:29.811+00:00,False,1,0.0,,0.0,300016.23750199995,300016.23750199995,300016.23750199995,300016.23750199995,300016.23750199995,300016.23750199995,nan,300016.23750199995,nan,nan,0.0,52,64,,True,False,"HTTPConnectionPool(host='gpu03', port=9002): Read timed out.",0,56.69694568066818
165,2026-09-19T05:46:30.109+00:00,2026-09-19T05:51:30.151+00:00,2026-09-19T05:51:30.151+00:00,False,1,0.0,,0.0,300041.55584,300041.55584,300041.55584,300041.55584,300041.55584,300041.55584,nan,300041.55584,nan,nan,0.0,52,64,,True,False,"HTTPConnectionPool(host='gpu03', port=9002): Read timed out.",0,56.69694568066818
166,2026-09-19T05:46:30.409+00:00,2026-09-19T05:51:30.447+00:00,2026-09-19T05:51:30.447+00:00,False,1,0.0,,0.0,300038.757332,300038.757332,300038.757332,300038.757332,300038.757332,300038.757332,nan,300038.757332,nan,nan,0.0,52,64,,True,False,TTFT timeout: 300.0s exceeded (TTFT: 300.033s),0,56.69694568066818
167,2026-09-19T05:46:30.775+00:00,2026-09-19T05:51:30.879+00:00,2026-09-19T05:51:30.879+00:00,False,1,0.0,,0.0,300104.047631,300104.047631,300104.047631,300104.047631,300104.047631,300104.047631,nan,300104.047631,nan,nan,0.0,52,64,,True,False,"HTTPConnectionPool(host='gpu03', port=9002): Read timed out.",0,56.69694568066818
168,2026-09-19T05:46:31.251+00:00,2026-09-19T05:51:30.986+00:00,2026-09-19T05:51:31.313+00:00,False,5,4.0,,4.0,299735.092241,300062.15272099996,300062.152641,60012.4305282,0.036539999999999996,299735.092241,134009.05019210937,239810.61818879994,81.76512,54.65106475386921,0.013330571562349718,52,64,,True,False,Request timeout: 300.0s exceeded,13,56.69694568066818
169,2026-09-19T05:46:31.683+00:00,2026-09-19T05:51:31.531+00:00,2026-09-19T05:51:31.740+00:00,False,4,3.0,,3.0,299847.80821600003,300057.288408,300057.28833500005,75014.32208375001,0.02232,299847.80821600003,149888.99889271476,254886.67656820003,69.82673066666668,60.49251559900419,0.009998090750992786,52,64,,True,False,Request timeout: 300.0s exceeded,9,56.69694568066818
170,2026-09-19T05:46:32.071+00:00,2026-09-19T05:51:32.118+00:00,2026-09-19T05:51:32.118+00:00,False,1,0.0,,0.0,300046.755369,300046.755369,300046.755369,300046.755369,300046.755369,300046.755369,nan,300046.755369,nan,nan,0.0,52,64,,True,False,"HTTPConnectionPool(host='gpu03', port=9002): Read timed out.",0,56.69694568066818
171,2026-09-19T05:46:32.609+00:00,2026-09-19T05:51:32.654+00:00,2026-09-19T05:51:32.654+00:00,False,1,0.0,,0.0,300044.354222,300044.354222,300044.354222,300044.354222,300044.354222,300044.354222,nan,300044.354222,nan,nan,0.0,52,64,,True,False,"HTTPConnectionPool(host='gpu03', port=9002): Read timed out.",0,56.69694568066818
172,2026-09-19T05:46:32.905+00:00,2026-09-19T05:51:32.912+00:00,2026-09-19T05:51:33.023+00:00,False,3,2.0,,2.0,300006.45538400003,300118.24956,300118.24948700005,100039.41649566668,0.02673,300006.45538400003,173176.54460930612,270016.98658290005,55.897088,79.01276792487776,0.00666403993403326,52,64,,True,False,Request timeout: 300.0s exceeded,4,56.69694568066818
173,2026-09-19T05:46:33.394+00:00,2026-09-19T05:51:33.446+00:00,2026-09-19T05:51:33.446+00:00,False,1,0.0,,0.0,300052.08667299995,300052.08667299995,300052.08667299995,300052.08667299995,300052.08667299995,300052.08667299995,nan,300052.08667299995,nan,nan,0.0,52,64,,True,False,"HTTPConnectionPool(host='gpu03', port=9002): Read timed out.",0,56.69694568066818
174,2026-09-19T05:46:33.888+00:00,2026-09-19T05:51:33.932+00:00,2026-09-19T05:51:33.932+00:00,False,1,0.0,,0.0,300044.032267,300044.032267,300044.032267,300044.032267,300044.032267,300044.032267,nan,300044.032267,nan,nan,0.0,52,64,,True,False,"HTTPConnectionPool(host='gpu03', port=9002): Read timed out.",0,56.69694568066818
175,2026-09-19T05:46:34.346+00:00,2026-09-19T05:51:34.276+00:00,2026-09-19T05:51:34.408+00:00,False,3,2.0,,2.0,299929.994441,300061.61248899996,300061.61241,100020.53747,0.028489999999999998,299929.994441,173126.6806904803,269950.1539448,65.809024,93.02746593607615,0.006665297781379211,52,64,,True,False,Request timeout: 300.0s exceeded,3,56.69694568066818
176,2026-09-19T05:46:34.755+00:00,2026-09-19T05:51:34.547+00:00,2026-09-19T05:51:34.850+00:00,False,5,4.0,,4.0,299792.17628899997,300095.64636899997,300095.64629199996,60019.1292584,0.10715000000000001,299792.17628899997,134037.2154014466,239855.671705,75.86752,51.14491913941857,0.013329083738461067,52,64,,True,False,Request timeout: 300.0s exceeded,29,56.69694568066818
177,2026-09-19T05:46:35.115+00:00,2026-09-19T05:51:35.141+00:00,2026-09-19T05:51:35.141+00:00,False,1,0.0,,0.0,300025.438711,300025.438711,300025.438711,300025.438711,300025.438711,300025.438711,nan,300025.438711,nan,nan,0.0,52,64,,True,False,"HTTPConnectionPool(host='gpu03', port=9002): Read timed out.",0,56.69694568066818
178,2026-09-19T05:46:35.491+00:00,2026-09-19T05:51:35.568+00:00,2026-09-19T05:51:35.568+00:00,False,1,0.0,,0.0,300076.974982,300076.974982,300076.974982,300076.974982,300076.974982,300076.974982,nan,300076.974982,nan,nan,0.0,52,64,,True,False,"HTTPConnectionPool(host='gpu03', port=9002): Read timed out.",0,56.69694568066818
179,2026-09-19T05:46:35.838+00:00,2026-09-19T05:51:35.893+00:00,2026-09-19T05:51:35.893+00:00,False,1,0.0,,0.0,300055.136749,300055.136749,300055.136749,300055.136749,300055.136749,300055.136749,nan,300055.136749,nan,nan,0.0,52,64,,True,False,TTFT timeout: 300.0s exceeded (TTFT: 300.048s),0,56.69694568066818
180,2026-09-19T05:46:36.230+00:00,2026-09-19T05:51:36.151+00:00,2026-09-19T05:51:36.255+00:00,False,3,2.0,,2.0,299920.951237,300024.320453,300024.3204,100008.1068,0.03084,299920.951237,173129.6095307736,269939.1899456,51.684608,73.04962895890087,0.006666126255965665,52,64,,True,False,Request timeout: 300.0s exceeded,8,56.69694568066818
181,2026-09-19T05:46:36.710+00:00,2026-09-19T05:51:36.773+00:00,2026-09-19T05:51:36.773+00:00,False,1,0.0,,0.0,300063.515725,300063.515725,300063.515725,300063.515725,300063.515725,300063.515725,nan,300063.515725,nan,nan,0.0,52,64,,True,False,"HTTPConnectionPool(host='gpu03', port=9002): Read timed out.",0,56.69694568066818
183,2026-09-19T05:46:37.718+00:00,2026-09-19T05:51:37.333+00:00,2026-09-19T05:51:37.996+00:00,False,8,7.0,,7.0,299614.39631599997,300277.36617199995,300277.36619399994,37534.67077424999,0.04087,299614.39631599997,105896.20789194661,194792.50660569995,94.70997942857143,42.29386784196823,0.023311780335752562,52,64,,True,False,Request timeout: 300.0s exceeded,29,56.69694568066818
182,2026-09-19T05:46:37.698+00:00,2026-09-19T05:51:37.333+00:00,2026-09-19T05:51:37.898+00:00,False,7,6.0,,6.0,299634.563649,300200.04512100003,300200.045201,42885.720743000005,0.02656,299634.563649,113215.60593813047,209781.60184050002,94.246912,46.57276700866991,0.01998667254557411,52,64,,True,False,Request timeout: 300.0s exceeded,24,56.69694568066818
184,2026-09-19T05:46:37.858+00:00,2026-09-19T05:51:37.784+00:00,2026-09-19T05:51:37.993+00:00,False,4,3.0,,3.0,299925.911068,300135.235356,300135.235528,75033.808882,0.0391,299925.911068,149928.07650706012,254954.38618240002,69.77476266666667,61.40503656712226,0.009995494185951222,52,64,,True,False,Request timeout: 300.0s exceeded,10,56.69694568066818
185,2026-09-19T05:46:38.252+00:00,2026-09-19T05:51:38.329+00:00,2026-09-19T05:51:38.329+00:00,False,1,0.0,,0.0,300077.176071,300077.176071,300077.176071,300077.176071,300077.176071,300077.176071,nan,300077.176071,nan,nan,0.0,52,64,,True,False,"HTTPConnectionPool(host='gpu03', port=9002): Read timed out.",0,56.69694568066818
186,2026-09-19T05:46:38.734+00:00,2026-09-19T05:51:39.171+00:00,2026-09-19T05:51:39.476+00:00,False,5,4.0,,4.0,300437.36692799994,300742.34151999996,300742.34131799993,60148.46826359999,0.038310000000000004,300437.36692799994,134325.59539491,240387.17015299998,76.243648,79.13300054153353,0.013300421815509446,52,64,,True,False,Request timeout: 300.0s exceeded,13,56.69694568066818
187,2026-09-19T05:46:39.243+00:00,2026-09-19T05:51:39.359+00:00,2026-09-19T05:51:39.576+00:00,False,6,5.0,,5.0,300115.77539200004,300333.37104000006,300333.37093300006,50055.561822166674,0.02355,300115.77539200004,122503.98786501514,225104.43652875003,43.5191296,26.083767339641657,0.016648166611275685,52,64,,True,False,Request timeout: 300.0s exceeded,20,56.69694568066818
188,2026-09-19T05:46:39.743+00:00,2026-09-19T05:51:39.782+00:00,2026-09-19T05:51:39.782+00:00,False,1,0.0,,0.0,300038.54100599996,300038.54100599996,300038.54100599996,300038.54100599996,300038.54100599996,300038.54100599996,nan,300038.54100599996,nan,nan,0.0,52,64,,True,False,"HTTPConnectionPool(host='gpu03', port=9002): Read timed out.",0,56.69694568066818
189,2026-09-19T05:46:40.060+00:00,2026-09-19T05:51:40.166+00:00,2026-09-19T05:51:40.166+00:00,False,1,0.0,,0.0,300105.93719599996,300105.93719599996,300105.93719599996,300105.93719599996,300105.93719599996,300105.93719599996,nan,300105.93719599996,nan,nan,0.0,52,64,,True,False,"HTTPConnectionPool(host='gpu03', port=9002): Read timed out.",0,56.69694568066818
190,2026-09-19T05:46:40.532+00:00,2026-09-19T05:51:40.648+00:00,2026-09-19T05:51:40.648+00:00,False,1,0.0,,0.0,300116.20199699997,300116.20199699997,300116.20199699997,300116.20199699997,300116.20199699997,300116.20199699997,nan,300116.20199699997,nan,nan,0.0,52,64,,True,False,"HTTPConnectionPool(host='gpu03', port=9002): Read timed out.",0,56.69694568066818
191,2026-09-19T05:46:40.949+00:00,2026-09-19T05:51:40.952+00:00,2026-09-19T05:51:41.084+00:00,False,3,2.0,,2.0,300002.695839,300134.586783,300134.586746,100044.86224866666,0.032490000000000005,300002.695839,173168.57611911965,270015.6120968,65.945472,93.21500196815532,0.0066636771904133064,52,64,,True,False,Request timeout: 300.0s exceeded,10,56.69694568066818
192,2026-09-19T05:46:41.277+00:00,2026-09-19T05:51:40.954+00:00,2026-09-19T05:51:41.320+00:00,False,6,5.0,,5.0,299676.36658499995,300042.89688899997,300042.89674299996,50007.149457166655,0.02309,299676.36658499995,122312.44540401046,224789.1335905,73.3060608,49.81488006400966,0.01666428384688519,52,64,,True,False,Request timeout: 300.0s exceeded,15,56.69694568066818
193,2026-09-19T05:46:41.729+00:00,2026-09-19T05:51:41.423+00:00,2026-09-19T05:51:41.820+00:00,False,6,5.0,,5.0,299693.45652899996,300090.70529699995,300090.70532699995,50015.11755449999,0.06547,299693.45652899996,122316.91254111278,224796.30044649995,79.4497536,44.509295101540815,0.0166616290066415,52,64,,True,False,Request timeout: 300.0s exceeded,25,56.69694568066818
194,2026-09-19T05:46:42.160+00:00,2026-09-19T05:51:42.193+00:00,2026-09-19T05:51:42.193+00:00,False,1,0.0,,0.0,300033.29102899996,300033.29102899996,300033.29102899996,300033.29102899996,300033.29102899996,300033.29102899996,nan,300033.29102899996,nan,nan,0.0,52,64,,True,False,"HTTPConnectionPool(host='gpu03', port=9002): Read timed out.",0,56.69694568066818
195,2026-09-19T05:46:42.472+00:00,2026-09-19T05:51:42.536+00:00,2026-09-19T05:51:42.536+00:00,False,1,0.0,,0.0,300063.227536,300063.227536,300063.227536,300063.227536,300063.227536,300063.227536,nan,300063.227536,nan,nan,0.0,52,64,,True,False,TTFT timeout: 300.0s exceeded (TTFT: 300.058s),0,56.69694568066818
196,2026-09-19T05:46:42.931+00:00,2026-09-19T05:51:42.819+00:00,2026-09-19T05:51:43.035+00:00,False,4,3.0,,3.0,299887.43481400004,300104.25401400006,300104.254046,75026.0635115,0.02054,299887.43481400004,149907.58958944643,254920.96952665003,72.27306666666667,62.62657749274662,0.00999652607343596,52,64,,True,False,Request timeout: 300.0s exceeded,10,56.69694568066818
197,2026-09-19T05:46:43.346+00:00,2026-09-19T05:51:43.344+00:00,2026-09-19T05:51:43.447+00:00,False,3,2.0,,2.0,299997.14600300003,300100.11662700004,300100.116607,100033.37220233334,0.04675,299997.14600300003,173173.7155874926,270007.72378810006,51.485312,72.7449734164402,0.006664442594955192,52,64,,True,False,Request timeout: 300.0s exceeded,10,56.69694568066818
198,2026-09-19T05:46:43.879+00:00,2026-09-19T05:51:43.945+00:00,2026-09-19T05:51:43.945+00:00,False,1,0.0,,0.0,300065.96490200004,300065.96490200004,300065.96490200004,300065.96490200004,300065.96490200004,300065.96490200004,nan,300065.96490200004,nan,nan,0.0,52,64,,True,False,"HTTPConnectionPool(host='gpu03', port=9002): Read timed out.",0,56.69694568066818
199,2026-09-19T05:46:44.218+00:00,2026-09-19T05:51:44.259+00:00,2026-09-19T05:51:44.259+00:00,False,1,0.0,,0.0,300040.249578,300040.249578,300040.249578,300040.249578,300040.249578,300040.249578,nan,300040.249578,nan,nan,0.0,52,64,,True,False,"HTTPConnectionPool(host='gpu03', port=9002): Read timed out.",0,56.69694568066818
200,2026-09-19T05:46:44.582+00:00,2026-09-19T05:51:44.483+00:00,2026-09-19T05:51:44.630+00:00,False,3,2.0,,2.0,299901.685305,300048.329273,300048.329339,100016.10977966666,0.02555,299901.685305,173106.0017725913,269926.1786229,73.321984,103.65674032570634,0.006665592855810548,52,64,,True,False,Request timeout: 300.0s exceeded,8,56.69694568066818
201,2026-09-19T05:46:45.038+00:00,2026-09-19T05:51:44.737+00:00,2026-09-19T05:51:45.099+00:00,False,6,5.0,,5.0,299698.573704,300060.29043999995,300060.290354,50010.04839233333,0.055539,299698.573704,122321.90353622974,224800.68635174996,72.3433472,46.949031136389635,0.01666331787077904,52,64,,True,False,Request timeout: 300.0s exceeded,14,56.69694568066818
202,2026-09-19T05:46:45.384+00:00,2026-09-19T05:51:45.503+00:00,2026-09-19T05:51:45.503+00:00,False,1,0.0,,0.0,300119.077737,300119.077737,300119.077737,300119.077737,300119.077737,300119.077737,nan,300119.077737,nan,nan,0.0,52,64,,True,False,"HTTPConnectionPool(host='gpu03', port=9002): Read timed out.",0,56.69694568066818
203,2026-09-19T05:46:45.866+00:00,2026-09-19T05:51:45.865+00:00,2026-09-19T05:51:46.012+00:00,False,3,2.0,,2.0,299999.330587,300146.392859,300146.39296,100048.79765333333,0.02325,299999.330587,173162.25662297115,270014.10144059994,73.531136,103.95578426875149,0.0066634150787197415,52,64,,True,False,Request timeout: 300.0s exceeded,16,56.69694568066818
204,2026-09-19T05:46:46.191+00:00,2026-09-19T05:51:46.170+00:00,2026-09-19T05:51:46.284+00:00,False,3,2.0,,2.0,299979.18168,300092.623472,300092.62347999995,100030.87449333332,0.08773,299979.18168,173160.322728465,269992.598919,56.720896,80.09128112866898,0.006664609002582194,52,64,,True,False,Request timeout: 300.0s exceeded,7,56.69694568066818
205,2026-09-19T05:46:46.664+00:00,2026-09-19T05:51:46.390+00:00,2026-09-19T05:51:46.682+00:00,False,5,4.0,,4.0,299725.139247,300018.007855,300018.00778399996,60003.6015568,0.02146,299725.139247,134008.42016858948,239800.1400616,73.217152,48.86589585194484,0.013332533032261243,52,64,,True,False,Request timeout: 300.0s exceeded,22,56.69694568066818
206,2026-09-19T05:46:47.099+00:00,2026-09-19T05:51:47.190+00:00,2026-09-19T05:51:47.190+00:00,False,1,0.0,,0.0,300091.626977,300091.626977,300091.626977,300091.626977,300091.626977,300091.626977,nan,300091.626977,nan,nan,0.0,52,64,,True,False,"HTTPConnectionPool(host='gpu03', port=9002): Read timed out.",0,56.69694568066818
207,2026-09-19T05:46:47.637+00:00,2026-09-19T05:51:47.678+00:00,2026-09-19T05:51:47.678+00:00,False,1,0.0,,0.0,300041.692929,300041.692929,300041.692929,300041.692929,300041.692929,300041.692929,nan,300041.692929,nan,nan,0.0,52,64,,True,False,TTFT timeout: 300.0s exceeded (TTFT: 300.031s),0,56.69694568066818
208,2026-09-19T05:46:48.020+00:00,2026-09-19T05:51:47.825+00:00,2026-09-19T05:51:48.069+00:00,False,4,3.0,,3.0,299804.387685,300048.89046900003,300048.890503,75012.22262575,0.036359999999999996,299804.387685,149861.45499335814,254854.42217970002,81.500928,72.28005144272126,0.009998370583243165,52,64,,True,False,Request timeout: 300.0s exceeded,10,56.69694568066818
209,2026-09-19T05:46:48.508+00:00,2026-09-19T05:51:48.605+00:00,2026-09-19T05:51:48.605+00:00,False,1,0.0,,0.0,300097.27722600003,300097.27722600003,300097.27722600003,300097.27722600003,300097.27722600003,300097.27722600003,nan,300097.27722600003,nan,nan,0.0,52,64,,True,False,"HTTPConnectionPool(host='gpu03', port=9002): Read timed out.",0,56.69694568066818
210,2026-09-19T05:46:49.012+00:00,2026-09-19T05:51:49.110+00:00,2026-09-19T05:51:49.110+00:00,False,1,0.0,,0.0,300098.498373,300098.498373,300098.498373,300098.498373,300098.498373,300098.498373,nan,300098.498373,nan,nan,0.0,52,64,,True,False,TTFT timeout: 300.0s exceeded (TTFT: 300.085s),0,56.69694568066818
211,2026-09-19T05:46:49.479+00:00,2026-09-19T05:51:49.393+00:00,2026-09-19T05:51:49.526+00:00,False,3,2.0,,2.0,299914.146264,300046.424536,300046.42456899997,100015.47485633333,0.03866,299914.146264,173117.34024120122,269935.9556021,66.139136,93.48019529537152,0.0066656351699336345,52,64,,True,False,Request timeout: 300.0s exceeded,8,56.69694568066818
212,2026-09-19T05:46:49.926+00:00,2026-09-19T05:51:49.751+00:00,2026-09-19T05:51:49.961+00:00,False,5,4.0,,4.0,299825.12405299995,300034.34901299997,300034.34904799995,60006.869809599986,0.051289,299825.12405299995,134062.48579687162,239882.85846239995,52.30624,46.75009600804322,0.013331806885306611,52,64,,True,False,Request timeout: 300.0s exceeded,22,56.69694568066818
213,2026-09-19T05:46:50.345+00:00,2026-09-19T05:51:50.413+00:00,2026-09-19T05:51:50.413+00:00,False,1,0.0,,0.0,300068.095699,300068.095699,300068.095699,300068.095699,300068.095699,300068.095699,nan,300068.095699,nan,nan,0.0,52,64,,True,False,"HTTPConnectionPool(host='gpu03', port=9002): Read timed out.",0,56.69694568066818
214,2026-09-19T05:46:50.868+00:00,2026-09-19T05:51:51.104+00:00,2026-09-19T05:51:51.568+00:00,False,6,5.0,,5.0,300235.960399,300699.94555099995,300699.94542799995,50116.65757133333,0.027420000000000003,300235.960399,122532.94364085622,225214.57227924996,92.79703040000001,56.147312949082334,0.016627871318160847,52,64,,True,False,Request timeout: 300.0s exceeded,16,56.69694568066818
215,2026-09-19T05:46:51.359+00:00,2026-09-19T05:51:51.565+00:00,2026-09-19T05:51:51.667+00:00,False,3,2.0,,2.0,300206.690296,300308.529144,300308.529286,100102.84309533333,0.07263,300206.690296,173295.0225303211,270196.1979024,50.919424,71.90848306485927,0.00665981750735087,52,64,,True,False,Request timeout: 300.0s exceeded,4,56.69694568066818
216,2026-09-19T05:46:51.822+00:00,2026-09-19T05:51:51.839+00:00,2026-09-19T05:51:51.839+00:00,False,1,0.0,,0.0,300017.37503,300017.37503,300017.37503,300017.37503,300017.37503,300017.37503,nan,300017.37503,nan,nan,0.0,52,64,,True,False,"HTTPConnectionPool(host='gpu03', port=9002): Read timed out.",0,56.69694568066818
217,2026-09-19T05:46:52.177+00:00,2026-09-19T05:51:52.226+00:00,2026-09-19T05:51:52.226+00:00,False,1,0.0,,0.0,300049.825431,300049.825431,300049.825431,300049.825431,300049.825431,300049.825431,nan,300049.825431,nan,nan,0.0,52,64,,True,False,"HTTPConnectionPool(host='gpu03', port=9002): Read timed out.",0,56.69694568066818
218,2026-09-19T05:46:52.682+00:00,2026-09-19T05:51:52.746+00:00,2026-09-19T05:51:52.746+00:00,False,1,0.0,,0.0,300063.168322,300063.168322,300063.168322,300063.168322,300063.168322,300063.168322,nan,300063.168322,nan,nan,0.0,52,64,,True,False,"HTTPConnectionPool(host='gpu03', port=9002): Read timed out.",0,56.69694568066818
219,2026-09-19T05:46:53.211+00:00,2026-09-19T05:51:52.992+00:00,2026-09-19T05:51:53.268+00:00,False,5,4.0,,4.0,299780.47894700005,300056.650467,300056.65049800003,60011.33009960001,0.02223,299780.47894700005,134035.03510889554,239844.88252920005,69.04288,46.985119547223235,0.013330816010158442,52,64,,True,False,Request timeout: 300.0s exceeded,16,56.69694568066818
220,2026-09-19T05:46:53.729+00:00,2026-09-19T05:51:53.472+00:00,2026-09-19T05:51:53.832+00:00,False,6,5.0,,5.0,299743.112752,300102.964528,300102.964497,50017.1607495,0.07562,299743.112752,122340.23889126771,224833.68246925,71.9703552,47.264072349115104,0.016660948377714188,52,64,,True,False,Request timeout: 300.0s exceeded,14,56.69694568066818
221,2026-09-19T05:46:54.103+00:00,2026-09-19T05:51:54.209+00:00,2026-09-19T05:51:54.209+00:00,False,1,0.0,,0.0,300105.57313,300105.57313,300105.57313,300105.57313,300105.57313,300105.57313,nan,300105.57313,nan,nan,0.0,52,64,,True,False,"HTTPConnectionPool(host='gpu03', port=9002): Read timed out.",0,56.69694568066818
222,2026-09-19T05:46:54.619+00:00,2026-09-19T05:51:54.533+00:00,2026-09-19T05:51:54.645+00:00,False,3,2.0,,2.0,299913.92858300003,300026.620807,300026.62090700003,100008.87363566668,0.03768,299913.92858300003,173122.86508652582,269933.8011891,56.346112,79.63221609261417,0.006666075145666998,52,64,,True,False,Request timeout: 300.0s exceeded,10,56.69694568066818
224,2026-09-19T05:46:55.690+00:00,2026-09-19T05:51:54.884+00:00,2026-09-19T05:51:55.926+00:00,False,12,11.0,,11.0,299193.903834,300235.731418,300235.731384,25019.644282,0.02126,299193.903834,86342.5072239809,134708.75472385,94.71159854545455,38.113491301693585,0.036637877670480754,52,64,,True,False,Request timeout: 300.0s exceeded,47,56.69694568066818
223,2026-09-19T05:46:55.639+00:00,2026-09-19T05:51:54.885+00:00,2026-09-19T05:51:55.925+00:00,False,12,11.0,,11.0,299245.724053,300285.61550899997,300285.615458,25023.801288166665,0.037329999999999995,299245.724053,86357.51714170464,134730.85918864998,94.53558690909091,37.86268715151004,0.03663179130760033,52,64,,True,False,Request timeout: 300.0s exceeded,45,56.69694568066818
225,2026-09-19T05:46:55.900+00:00,2026-09-19T05:51:56.106+00:00,2026-09-19T05:51:56.106+00:00,False,1,0.0,,0.0,300206.777092,300206.777092,300206.777092,300206.777092,300206.777092,300206.777092,nan,300206.777092,nan,nan,0.0,52,64,,True,False,"HTTPConnectionPool(host='gpu03', port=9002): Read timed out.",0,56.69694568066818
226,2026-09-19T05:46:56.233+00:00,2026-09-19T05:51:56.255+00:00,2026-09-19T05:51:56.255+00:00,False,1,0.0,,0.0,300022.257178,300022.257178,300022.257178,300022.257178,300022.257178,300022.257178,nan,300022.257178,nan,nan,0.0,52,64,,True,False,"HTTPConnectionPool(host='gpu03', port=9002): Read timed out.",0,56.69694568066818
227,2026-09-19T05:46:56.670+00:00,2026-09-19T05:51:56.764+00:00,2026-09-19T05:51:56.764+00:00,False,1,0.0,,0.0,300094.324743,300094.324743,300094.324743,300094.324743,300094.324743,300094.324743,nan,300094.324743,nan,nan,0.0,52,64,,True,False,"HTTPConnectionPool(host='gpu03', port=9002): Read timed out.",0,56.69694568066818
228,2026-09-19T05:46:57.048+00:00,2026-09-19T05:51:57.151+00:00,2026-09-19T05:51:57.151+00:00,False,1,0.0,,0.0,300102.611581,300102.611581,300102.611581,300102.611581,300102.611581,300102.611581,nan,300102.611581,nan,nan,0.0,52,64,,True,False,"HTTPConnectionPool(host='gpu03', port=9002): Read timed out.",0,56.69694568066818
229,2026-09-19T05:46:57.454+00:00,2026-09-19T05:51:57.291+00:00,2026-09-19T05:51:57.509+00:00,False,4,3.0,,3.0,299836.834108,300055.42380399996,300055.42371099995,75013.85592774999,0.04072,299836.834108,149881.99441603952,254878.78840239998,72.863232,63.48207767835605,0.009998152881114518,52,64,,True,False,Request timeout: 300.0s exceeded,13,56.69694568066818
230,2026-09-19T05:46:57.902+00:00,2026-09-19T05:51:57.412+00:00,2026-09-19T05:51:57.914+00:00,False,7,6.0,,6.0,299509.964172,300012.47758,300012.477656,42858.925379428576,0.05781,299509.964172,113172.47663527598,209688.5185767,83.75223466666667,41.16884818826528,0.019999168195929673,52,64,,True,False,Request timeout: 300.0s exceeded,12,56.69694568066818
231,2026-09-19T05:46:58.329+00:00,2026-09-19T05:51:58.434+00:00,2026-09-19T05:51:58.434+00:00,False,1,0.0,,0.0,300105.458149,300105.458149,300105.458149,300105.458149,300105.458149,300105.458149,nan,300105.458149,nan,nan,0.0,52,64,,True,False,"HTTPConnectionPool(host='gpu03', port=9002): Read timed out.",0,56.69694568066818
232,2026-09-19T05:46:58.633+00:00,2026-09-19T05:51:58.738+00:00,2026-09-19T05:51:58.738+00:00,False,1,0.0,,0.0,300105.098037,300105.098037,300105.098037,300105.098037,300105.098037,300105.098037,nan,300105.098037,nan,nan,0.0,52,64,,True,False,"HTTPConnectionPool(host='gpu03', port=9002): Read timed out.",0,56.69694568066818
233,2026-09-19T05:46:59.104+00:00,2026-09-19T05:51:59.077+00:00,2026-09-19T05:51:59.200+00:00,False,3,2.0,,2.0,299973.115799,300095.989399,300095.98951700004,100031.99650566667,0.03137,299973.115799,173154.09945720978,269988.0884539,61.4368,86.84058707082333,0.006664534251208705,52,64,,True,False,Request timeout: 300.0s exceeded,8,56.69694568066818
234,2026-09-19T05:46:59.621+00:00,2026-09-19T05:51:59.424+00:00,2026-09-19T05:51:59.670+00:00,False,5,4.0,,4.0,299802.822739,300048.318035,300048.31789600005,60009.6635792,0.039769,299802.822739,134048.45729885905,239862.01887080004,61.373824,47.05316106377246,0.013331186210926896,52,64,,True,False,Request timeout: 300.0s exceeded,14,56.69694568066818
235,2026-09-19T05:47:00.022+00:00,2026-09-19T05:52:00.128+00:00,2026-09-19T05:52:00.128+00:00,False,1,0.0,,0.0,300105.570862,300105.570862,300105.570862,300105.570862,300105.570862,300105.570862,nan,300105.570862,nan,nan,0.0,52,64,,True,False,"HTTPConnectionPool(host='gpu03', port=9002): Read timed out.",0,56.69694568066818
236,2026-09-19T05:47:00.399+00:00,2026-09-19T05:52:00.444+00:00,2026-09-19T05:52:00.444+00:00,False,1,0.0,,0.0,300045.023828,300045.023828,300045.023828,300045.023828,300045.023828,300045.023828,nan,300045.023828,nan,nan,0.0,52,64,,True,False,"HTTPConnectionPool(host='gpu03', port=9002): Read timed out.",0,56.69694568066818
237,2026-09-19T05:47:00.910+00:00,2026-09-19T05:52:00.800+00:00,2026-09-19T05:52:01.017+00:00,False,4,3.0,,3.0,299890.449892,300107.13674,300107.136749,75026.78418725,0.02106,299890.449892,149909.1191836587,254923.56606760004,72.22894933333333,62.60073461539432,0.009996430050242597,52,64,,True,False,Request timeout: 300.0s exceeded,10,56.69694568066818
238,2026-09-19T05:47:01.320+00:00,2026-09-19T05:52:01.427+00:00,2026-09-19T05:52:01.427+00:00,False,1,0.0,,0.0,300106.931684,300106.931684,300106.931684,300106.931684,300106.931684,300106.931684,nan,300106.931684,nan,nan,0.0,52,64,,True,False,"HTTPConnectionPool(host='gpu03', port=9002): Read timed out.",0,56.69694568066818
239,2026-09-19T05:47:01.673+00:00,2026-09-19T05:52:01.703+00:00,2026-09-19T05:52:01.703+00:00,False,1,0.0,,0.0,300030.716302,300030.716302,300030.716302,300030.716302,300030.716302,300030.716302,nan,300030.716302,nan,nan,0.0,52,64,,True,False,"HTTPConnectionPool(host='gpu03', port=9002): Read timed out.",0,56.69694568066818
240,2026-09-19T05:47:02.015+00:00,2026-09-19T05:52:02.037+00:00,2026-09-19T05:52:02.037+00:00,False,1,0.0,,0.0,300022.032346,300022.032346,300022.032346,300022.032346,300022.032346,300022.032346,nan,300022.032346,nan,nan,0.0,52,64,,True,False,"HTTPConnectionPool(host='gpu03', port=9002): Read timed out.",0,56.69694568066818
241,2026-09-19T05:47:02.553+00:00,2026-09-19T05:52:02.333+00:00,2026-09-19T05:52:02.601+00:00,False,4,3.0,,3.0,299780.36089099996,300048.74105099996,300048.74088099995,75012.18522024999,0.03595,299780.36089099996,149845.4638320469,254834.09486434996,89.46005333333333,77.5691853302261,0.009998375562222682,52,64,,True,False,Request timeout: 300.0s exceeded,12,56.69694568066818
242,2026-09-19T05:47:02.935+00:00,2026-09-19T05:52:02.597+00:00,2026-09-19T05:52:02.994+00:00,False,8,7.0,,7.0,299661.587399,300059.044551,300059.044613,37507.380576625,0.05525,299661.587399,105926.30037712507,194817.7394006,56.779593142857145,34.23661575318945,0.023328741883033736,52,64,,True,False,Request timeout: 300.0s exceeded,33,56.69694568066818
243,2026-09-19T05:47:03.384+00:00,2026-09-19T05:52:03.489+00:00,2026-09-19T05:52:03.489+00:00,False,1,0.0,,0.0,300105.51679900003,300105.51679900003,300105.51679900003,300105.51679900003,300105.51679900003,300105.51679900003,nan,300105.51679900003,nan,nan,0.0,52,64,,True,False,"HTTPConnectionPool(host='gpu03', port=9002): Read timed out.",0,56.69694568066818
244,2026-09-19T05:47:03.818+00:00,2026-09-19T05:52:03.938+00:00,2026-09-19T05:52:05.052+00:00,False,12,11.0,,11.0,300119.79869599995,301233.71562399995,301233.7156289999,25102.809635749996,0.023309999999999997,300119.79869599995,86607.89742269092,135132.6979901,101.26517527272726,36.200504034254806,0.036516496758052824,52,64,,True,False,Request timeout: 300.0s exceeded,57,56.69694568066818
245,2026-09-19T05:47:04.297+00:00,2026-09-19T05:52:04.206+00:00,2026-09-19T05:52:05.150+00:00,False,11,10.0,,10.0,299908.604421,300853.002757,300853.002721,27350.272974636362,0.02519,299908.604421,90397.37750147183,150011.2842155,94.4398336,33.57660310841741,0.033238823971708985,52,64,,True,False,Request timeout: 300.0s exceeded,34,56.69694568066818
247,2026-09-19T05:47:05.136+00:00,2026-09-19T05:52:05.259+00:00,2026-09-19T05:52:05.259+00:00,False,1,0.0,,0.0,300123.54710100003,300123.54710100003,300123.54710100003,300123.54710100003,300123.54710100003,300123.54710100003,nan,300123.54710100003,nan,nan,0.0,52,64,,True,False,"HTTPConnectionPool(host='gpu03', port=9002): Read timed out.",0,56.69694568066818
248,2026-09-19T05:47:05.588+00:00,2026-09-19T05:52:05.609+00:00,2026-09-19T05:52:05.609+00:00,False,1,0.0,,0.0,300021.46288,300021.46288,300021.46288,300021.46288,300021.46288,300021.46288,nan,300021.46288,nan,nan,0.0,52,64,,True,False,"HTTPConnectionPool(host='gpu03', port=9002): Read timed out.",0,56.69694568066818
246,2026-09-19T05:47:04.763+00:00,2026-09-19T05:52:05.854+00:00,2026-09-19T05:52:05.854+00:00,False,1,0.0,,0.0,301090.687295,301090.687295,301090.687295,301090.687295,301090.687295,301090.687295,nan,301090.687295,nan,nan,0.0,52,64,,True,False,"HTTPConnectionPool(host='gpu03', port=9002): Read timed out.",0,56.69694568066818
249,2026-09-19T05:47:06.090+00:00,2026-09-19T05:52:06.194+00:00,2026-09-19T05:52:06.194+00:00,False,1,0.0,,0.0,300103.55980299995,300103.55980299995,300103.55980299995,300103.55980299995,300103.55980299995,300103.55980299995,nan,300103.55980299995,nan,nan,0.0,52,64,,True,False,"HTTPConnectionPool(host='gpu03', port=9002): Read timed out.",0,56.69694568066818
251,2026-09-19T05:47:06.834+00:00,2026-09-19T05:52:06.543+00:00,2026-09-19T05:52:06.894+00:00,False,6,5.0,,5.0,299709.154229,300059.861941,300059.861857,50009.97697616666,0.02543,299709.154229,122327.12116319149,224808.27949674998,70.1415424,44.484425650231664,0.016663341666747607,52,64,,True,False,Request timeout: 300.0s exceeded,35,56.69694568066818
250,2026-09-19T05:47:06.464+00:00,2026-09-19T05:52:06.544+00:00,2026-09-19T05:52:06.544+00:00,False,1,0.0,,0.0,300080.381248,300080.381248,300080.381248,300080.381248,300080.381248,300080.381248,nan,300080.381248,nan,nan,0.0,52,64,,True,False,TTFT timeout: 300.0s exceeded (TTFT: 300.070s),0,56.69694568066818
252,2026-09-19T05:47:07.224+00:00,2026-09-19T05:52:07.311+00:00,2026-09-19T05:52:07.311+00:00,False,1,0.0,,0.0,300087.182286,300087.182286,300087.182286,300087.182286,300087.182286,300087.182286,nan,300087.182286,nan,nan,0.0,52,64,,True,False,"HTTPConnectionPool(host='gpu03', port=9002): Read timed out.",0,56.69694568066818
253,2026-09-19T05:47:07.649+00:00,2026-09-19T05:52:07.754+00:00,2026-09-19T05:52:07.754+00:00,False,1,0.0,,0.0,300105.646514,300105.646514,300105.646514,300105.646514,300105.646514,300105.646514,nan,300105.646514,nan,nan,0.0,52,64,,True,False,"HTTPConnectionPool(host='gpu03', port=9002): Read timed out.",0,56.69694568066818
254,2026-09-19T05:47:08.073+00:00,2026-09-19T05:52:08.128+00:00,2026-09-19T05:52:08.128+00:00,False,1,0.0,,0.0,300055.55072899995,300055.55072899995,300055.55072899995,300055.55072899995,300055.55072899995,300055.55072899995,nan,300055.55072899995,nan,nan,0.0,52,64,,True,False,TTFT timeout: 300.0s exceeded (TTFT: 300.049s),0,56.69694568066818
255,2026-09-19T05:47:08.603+00:00,2026-09-19T05:52:08.385+00:00,2026-09-19T05:52:08.709+00:00,False,5,4.0,,4.0,299782.135043,300105.33785899996,300105.337979,60021.0675958,0.02451,299782.135043,134030.51972271324,239850.09611639997,80.800704,54.891583951559305,0.013328653293995525,52,64,,True,False,Request timeout: 300.0s exceeded,13,56.69694568066818
256,2026-09-19T05:47:09.003+00:00,2026-09-19T05:52:09.030+00:00,2026-09-19T05:52:09.030+00:00,False,1,0.0,,0.0,300027.34319700004,300027.34319700004,300027.34319700004,300027.34319700004,300027.34319700004,300027.34319700004,nan,300027.34319700004,nan,nan,0.0,52,64,,True,False,"HTTPConnectionPool(host='gpu03', port=9002): Read timed out.",0,56.69694568066818
257,2026-09-19T05:47:09.401+00:00,2026-09-19T05:52:09.466+00:00,2026-09-19T05:52:09.466+00:00,False,1,0.0,,0.0,300064.72143800004,300064.72143800004,300064.72143800004,300064.72143800004,300064.72143800004,300064.72143800004,nan,300064.72143800004,nan,nan,0.0,52,64,,True,False,TTFT timeout: 300.0s exceeded (TTFT: 300.056s),0,56.69694568066818
258,2026-09-19T05:47:09.904+00:00,2026-09-19T05:52:09.732+00:00,2026-09-19T05:52:09.994+00:00,False,4,3.0,,3.0,299827.774615,300089.864343,300089.864281,75022.46607025,0.02467,299827.774615,149870.21842113708,254873.3142043,87.36324266666666,75.63826578993776,0.009997005418920204,52,64,,True,False,Request timeout: 300.0s exceeded,7,56.69694568066818
259,2026-09-19T05:47:10.229+00:00,2026-09-19T05:52:09.996+00:00,2026-09-19T05:52:10.305+00:00,False,5,4.0,,4.0,299767.425067,300075.738923,300075.73906999995,60015.147813999996,0.04051,299767.425067,134025.6048296859,239835.334263,77.078464,51.44531038970199,0.013329968008598014,52,64,,True,False,Request timeout: 300.0s exceeded,13,56.69694568066818
260,2026-09-19T05:47:10.585+00:00,2026-09-19T05:52:10.600+00:00,2026-09-19T05:52:10.600+00:00,False,1,0.0,,0.0,300015.081829,300015.081829,300015.081829,300015.081829,300015.081829,300015.081829,nan,300015.081829,nan,nan,0.0,52,64,,True,False,"HTTPConnectionPool(host='gpu03', port=9002): Read timed out.",0,56.69694568066818
261,2026-09-19T05:47:11.115+00:00,2026-09-19T05:52:11.225+00:00,2026-09-19T05:52:11.225+00:00,False,1,0.0,,0.0,300109.918958,300109.918958,300109.918958,300109.918958,300109.918958,300109.918958,nan,300109.918958,nan,nan,0.0,52,64,,True,False,"HTTPConnectionPool(host='gpu03', port=9002): Read timed out.",0,56.69694568066818
262,2026-09-19T05:47:11.623+00:00,2026-09-19T05:52:11.508+00:00,2026-09-19T05:52:11.634+00:00,False,3,2.0,,2.0,299884.956653,300011.339245,300011.339223,100003.77974099999,0.02665,299884.956653,173102.18846844713,269909.09657969995,63.191296,89.3283358052481,0.006666414692968416,52,64,,True,False,Request timeout: 300.0s exceeded,7,56.69694568066818
263,2026-09-19T05:47:12.020+00:00,2026-09-19T05:52:11.731+00:00,2026-09-19T05:52:12.128+00:00,False,6,5.0,,5.0,299711.440086,300108.41467800003,300108.414461,50018.06907683334,0.10167,299711.440086,122324.27670499621,224809.54236575,79.39491840000001,44.513654448703406,0.016660645804832654,52,64,,True,False,Request timeout: 300.0s exceeded,16,56.69694568066818
264,2026-09-19T05:47:12.350+00:00,2026-09-19T05:52:12.406+00:00,2026-09-19T05:52:12.406+00:00,False,1,0.0,,0.0,300055.359895,300055.359895,300055.359895,300055.359895,300055.359895,300055.359895,nan,300055.359895,nan,nan,0.0,52,64,,True,False,"HTTPConnectionPool(host='gpu03', port=9002): Read timed out.",0,56.69694568066818
265,2026-09-19T05:47:12.754+00:00,2026-09-19T05:52:12.860+00:00,2026-09-19T05:52:12.860+00:00,False,1,0.0,,0.0,300106.19535399997,300106.19535399997,300106.19535399997,300106.19535399997,300106.19535399997,300106.19535399997,nan,300106.19535399997,nan,nan,0.0,52,64,,True,False,"HTTPConnectionPool(host='gpu03', port=9002): Read timed out.",0,56.69694568066818
266,2026-09-19T05:47:13.082+00:00,2026-09-19T05:52:13.096+00:00,2026-09-19T05:52:13.096+00:00,False,1,0.0,,0.0,300014.329334,300014.329334,300014.329334,300014.329334,300014.329334,300014.329334,nan,300014.329334,nan,nan,0.0,52,64,,True,False,TTFT timeout: 300.0s exceeded (TTFT: 300.009s),0,56.69694568066818
267,2026-09-19T05:47:13.474+00:00,2026-09-19T05:52:13.355+00:00,2026-09-19T05:52:13.567+00:00,False,4,3.0,,3.0,299881.12470700004,300092.89123500005,300092.89126700006,75023.22281675001,0.02491,299881.12470700004,149905.27644958397,254916.32429785002,70.58884266666666,61.909776247152614,0.00999690458395673,52,64,,True,False,Request timeout: 300.0s exceeded,4,56.69694568066818
268,2026-09-19T05:47:13.927+00:00,2026-09-19T05:52:13.964+00:00,2026-09-19T05:52:13.964+00:00,False,1,0.0,,0.0,300037.010663,300037.010663,300037.010663,300037.010663,300037.010663,300037.010663,nan,300037.010663,nan,nan,0.0,52,64,,True,False,"HTTPConnectionPool(host='gpu03', port=9002): Read timed out.",0,56.69694568066818
269,2026-09-19T05:47:14.406+00:00,2026-09-19T05:52:14.482+00:00,2026-09-19T05:52:14.482+00:00,False,1,0.0,,0.0,300076.22865299997,300076.22865299997,300076.22865299997,300076.22865299997,300076.22865299997,300076.22865299997,nan,300076.22865299997,nan,nan,0.0,52,64,,True,False,"HTTPConnectionPool(host='gpu03', port=9002): Read timed out.",0,56.69694568066818
270,2026-09-19T05:47:14.893+00:00,2026-09-19T05:52:14.780+00:00,2026-09-19T05:52:14.916+00:00,False,3,2.0,,2.0,299887.349704,300023.218632,300023.21863,100007.73954333333,0.03599,299887.349704,173100.83341419155,269912.1980272,67.934464,96.02279288859937,0.006666150736997271,52,64,,True,False,Request timeout: 300.0s exceeded,4,56.69694568066818
271,2026-09-19T05:47:15.432+00:00,2026-09-19T05:52:15.252+00:00,2026-09-19T05:52:15.449+00:00,False,4,3.0,,3.0,299820.037649,300017.351441,300017.351555,75004.33788875,0.05355,299820.037649,149877.140408124,254862.38369284998,65.771264,57.03434001158249,0.009999421652083899,52,64,,True,False,Request timeout: 300.0s exceeded,11,56.69694568066818
272,2026-09-19T05:47:15.832+00:00,2026-09-19T05:52:15.916+00:00,2026-09-19T05:52:15.916+00:00,False,1,0.0,,0.0,300084.755395,300084.755395,300084.755395,300084.755395,300084.755395,300084.755395,nan,300084.755395,nan,nan,0.0,52,64,,True,False,"HTTPConnectionPool(host='gpu03', port=9002): Read timed out.",0,56.69694568066818
273,2026-09-19T05:47:16.277+00:00,2026-09-19T05:52:16.388+00:00,2026-09-19T05:52:16.388+00:00,False,1,0.0,,0.0,300111.13371100003,300111.13371100003,300111.13371100003,300111.13371100003,300111.13371100003,300111.13371100003,nan,300111.13371100003,nan,nan,0.0,52,64,,True,False,"HTTPConnectionPool(host='gpu03', port=9002): Read timed out.",0,56.69694568066818
275,2026-09-19T05:47:17.548+00:00,2026-09-19T05:52:16.662+00:00,2026-09-19T05:52:17.734+00:00,False,13,12.0,,12.0,299113.600661,300185.869461,300185.869346,23091.220718923076,0.03774,299113.600661,82934.4096173161,119716.9154126,89.35573333333333,32.80094923568736,0.039975232750117946,52,64,,True,False,Request timeout: 300.0s exceeded,24,56.69694568066818
274,2026-09-19T05:47:17.483+00:00,2026-09-19T05:52:16.882+00:00,2026-09-19T05:52:17.867+00:00,False,12,11.0,,11.0,299399.039607,300383.618167,300383.618177,25031.96818141667,0.023899999999999998,299399.039607,86403.22605341933,134800.15326885003,89.50714181818181,35.10677146320188,0.036619839880497364,52,64,,True,False,Request timeout: 300.0s exceeded,41,56.69694568066818
276,2026-09-19T05:47:17.677+00:00,2026-09-19T05:52:17.865+00:00,2026-09-19T05:52:17.865+00:00,False,1,0.0,,0.0,300188.385135,300188.385135,300188.385135,300188.385135,300188.385135,300188.385135,nan,300188.385135,nan,nan,0.0,52,64,,True,False,TTFT timeout: 300.0s exceeded (TTFT: 300.006s),0,56.69694568066818
277,2026-09-19T05:47:17.812+00:00,2026-09-19T05:52:17.979+00:00,2026-09-19T05:52:17.979+00:00,False,1,0.0,,0.0,300167.420002,300167.420002,300167.420002,300167.420002,300167.420002,300167.420002,nan,300167.420002,nan,nan,0.0,52,64,,True,False,"HTTPConnectionPool(host='gpu03', port=9002): Read timed out.",0,56.69694568066818
278,2026-09-19T05:47:18.273+00:00,2026-09-19T05:52:18.302+00:00,2026-09-19T05:52:18.302+00:00,False,1,0.0,,0.0,300029.54339,300029.54339,300029.54339,300029.54339,300029.54339,300029.54339,nan,300029.54339,nan,nan,0.0,52,64,,True,False,"HTTPConnectionPool(host='gpu03', port=9002): Read timed out.",0,56.69694568066818
279,2026-09-19T05:47:18.713+00:00,2026-09-19T05:52:18.820+00:00,2026-09-19T05:52:18.820+00:00,False,1,0.0,,0.0,300107.00257,300107.00257,300107.00257,300107.00257,300107.00257,300107.00257,nan,300107.00257,nan,nan,0.0,52,64,,True,False,"HTTPConnectionPool(host='gpu03', port=9002): Read timed out.",0,56.69694568066818
280,2026-09-19T05:47:19.008+00:00,2026-09-19T05:52:19.093+00:00,2026-09-19T05:52:19.093+00:00,False,1,0.0,,0.0,300085.341171,300085.341171,300085.341171,300085.341171,300085.341171,300085.341171,nan,300085.341171,nan,nan,0.0,52,64,,True,False,"HTTPConnectionPool(host='gpu03', port=9002): Read timed out.",0,56.69694568066818
282,2026-09-19T05:47:19.784+00:00,2026-09-19T05:52:19.394+00:00,2026-09-19T05:52:20.687+00:00,False,17,16.0,,16.0,299610.609051,300903.625115,300903.625235,17700.213249117645,0.020050000000000002,299610.609051,72646.65340847212,60008.46175019999,80.813504,33.47458297401475,0.053173171289927414,52,64,,True,False,Request timeout: 300.0s exceeded,80,56.69694568066818
281,2026-09-19T05:47:19.440+00:00,2026-09-19T05:52:19.396+00:00,2026-09-19T05:52:20.582+00:00,False,16,15.0,,15.0,299955.50420200004,301141.97281000006,301141.972667,18821.3732916875,0.02204,299955.50420200004,74969.10883735187,75069.14219575001,79.09790720000001,34.15411309393291,0.04981039295197807,52,64,,True,False,Request timeout: 300.0s exceeded,53,56.69694568066818
284,2026-09-19T05:47:20.780+00:00,2026-09-19T05:52:20.809+00:00,2026-09-19T05:52:20.809+00:00,False,1,0.0,,0.0,300029.445902,300029.445902,300029.445902,300029.445902,300029.445902,300029.445902,nan,300029.445902,nan,nan,0.0,52,64,,True,False,"HTTPConnectionPool(host='gpu03', port=9002): Read timed out.",0,56.69694568066818
283,2026-09-19T05:47:20.242+00:00,2026-09-19T05:52:21.362+00:00,2026-09-19T05:52:21.362+00:00,False,1,0.0,,0.0,301120.64987,301120.64987,301120.64987,301120.64987,301120.64987,301120.64987,nan,301120.64987,nan,nan,0.0,52,64,,True,False,"HTTPConnectionPool(host='gpu03', port=9002): Read timed out.",0,56.69694568066818
0,2026-09-19T05:45:20.831+00:00,2026-09-19T05:45:21.094+00:00,2026-09-19T05:45:26.684+00:00,True,62,62.0,,62.0,262.528783,5852.954639,5852.954596,94.40249348387097,32.768704,262.528783,32.58414582160092,111.79033165000001,91.64632550819672,24.506964595493617,10.592940458973546,53,64,,False,True,,340,56.69694568066818
1,2026-09-19T05:45:21.206+00:00,2026-09-19T05:45:21.370+00:00,2026-09-19T05:45:25.913+00:00,True,49,49.0,,49.0,164.4196,4707.853584,4707.853508,96.07864302040817,47.031781,164.4196,25.167497448912833,112.07104079999999,94.65487466666667,23.354600047275156,10.408140169552052,53,64,,False,True,,211,56.69694568066818
2,2026-09-19T05:45:21.606+00:00,2026-09-19T05:45:21.853+00:00,2026-09-19T05:45:22.727+00:00,True,10,10.0,,10.0,247.254414,1121.643918,1121.644067,112.1644067,43.277839,247.254414,57.1321244937408,206.85079455,97.15438933333333,33.72625454076322,8.915485422353086,53,64,,False,True,,30,56.69694568066818
3,2026-09-19T05:45:22.109+00:00,2026-09-19T05:45:25.546+00:00,2026-09-19T05:45:34.407+00:00,True,90,90.0,,90.0,3436.696205,12297.442957,12297.442911,136.63825456666666,0.0,3436.696205,352.65295126904607,113.10031589999998,99.55895226966291,25.1493153516277,7.318594630989513,53,64,,False,True,,400,56.69694568066818
4,2026-09-19T05:45:22.431+00:00,2026-09-19T05:45:27.313+00:00,2026-09-19T05:45:31.121+00:00,True,39,39.0,,39.0,4882.240355999999,8690.17994,8690.179805,222.8251232051282,46.734970999999994,4882.240355999999,765.8461063647071,112.57327950000001,100.20893642105264,13.04850694908879,4.4878242187468445,53,64,,False,True,,141,56.69694568066818
5,2026-09-19T05:45:22.732+00:00,2026-09-19T05:45:28.912+00:00,2026-09-19T05:45:29.783+00:00,True,10,10.0,,10.0,6180.436552,7050.937672,7050.937434,705.0937434,48.215587,6180.436552,1923.919056536574,3447.7799876500003,96.72234666666667,18.573713003941027,1.4182510844920713,53,64,,False,True,,38,56.69694568066818
6,2026-09-19T05:45:23.263+00:00,2026-09-19T05:45:31.580+00:00,2026-09-19T05:45:35.057+00:00,True,36,36.0,,36.0,8316.237896999999,11793.313865,11793.313954,327.5920542777778,0.0,8316.237896999999,1369.8956798398012,164.89384374999997,99.34502765714286,34.14892909098251,3.0525771137864988,53,64,,False,True,,181,56.69694568066818
7,2026-09-19T05:45:23.598+00:00,2026-09-19T05:45:33.370+00:00,2026-09-19T05:45:40.861+00:00,True,77,77.0,,77.0,9771.982534,17262.604486,17262.604391,224.18966741558444,0.0,9771.982534,1103.2843699828343,140.03096580000002,98.56081515789474,44.742168270054485,4.460508845142523,53,64,,False,True,,320,56.69694568066818
8,2026-09-19T05:45:24.042+00:00,2026-09-19T05:45:35.953+00:00,2026-09-19T05:45:40.563+00:00,True,48,48.0,,48.0,11910.363412,16520.071188,16520.071081000002,344.1681475208334,0.0,11910.363412,1705.8349235789503,249.269766,98.07888885106384,55.33135419139636,2.9055564866370958,53,64,,False,True,,214,56.69694568066818
9,2026-09-19T05:45:24.509+00:00,2026-09-19T05:45:38.207+00:00,2026-09-19T05:45:46.505+00:00,True,86,86.0,,86.0,13698.368365,21995.734125000003,21995.734123000002,255.76435026744187,0.0,13698.368365,1467.5048800823654,138.06463575,97.61606776470587,51.63645061335684,3.9098490421492125,53,64,,False,True,,381,56.69694568066818
10,2026-09-19T05:45:24.905+00:00,2026-09-19T05:45:40.157+00:00,2026-09-19T05:45:49.796+00:00,True,97,97.0,,97.0,15251.455717,24890.689253,24890.689159,256.6050428762887,0.0,15251.455717,1539.2191102304546,124.68643960000001,100.40868266666668,51.81719419883091,3.8970395320936673,53,64,,False,True,,406,56.69694568066818
11,2026-09-19T05:45:25.374+00:00,2026-09-19T05:45:42.915+00:00,2026-09-19T05:45:49.796+00:00,True,70,70.0,,70.0,17541.860140999997,24422.769965,24422.770018999996,348.89671455714284,0.0,17541.860140999997,2085.4438431260446,116.69462845,99.7233307826087,54.80248648869956,2.866177755443638,53,64,,False,True,,237,56.69694568066818
12,2026-09-19T05:45:25.804+00:00,2026-09-19T05:45:45.840+00:00,2026-09-19T05:45:50.847+00:00,True,55,55.0,,55.0,20036.069778999998,25042.963858999996,25042.963673,455.3266122363636,0.0,20036.069778999998,2689.670034523197,115.1890709,92.72026074074074,52.83282974222415,2.196225666804769,53,64,,False,True,,224,56.69694568066818
13,2026-09-19T05:45:26.293+00:00,2026-09-19T05:45:48.555+00:00,2026-09-19T05:45:57.804+00:00,True,96,96.0,,96.0,22261.963234000003,31510.838242000005,31510.838254000002,328.2378984791667,0.0,22261.963234000003,2263.285523391642,114.27570599999999,97.35657903157895,71.56567985799592,3.0465708104217937,53,64,,False,True,,192,56.69694568066818
14,2026-09-19T05:45:26.750+00:00,2026-09-19T05:45:50.848+00:00,2026-09-19T05:45:57.069+00:00,True,66,66.0,,66.0,24097.856685,30319.637165,30319.636939,459.38843846969695,0.0,24097.856685,2955.404259065553,114.3749205,95.7196996923077,75.33039093657787,2.1768070521697487,53,64,,False,True,,132,56.69694568066818
15,2026-09-19T05:45:27.073+00:00,2026-09-19T05:45:52.497+00:00,2026-09-19T05:46:01.338+00:00,True,94,94.0,,94.0,25423.329497000002,34264.255705,34264.255819000005,364.5133597765958,0.0,25423.329497000002,2613.3418220954613,113.21918769999998,95.06372266666668,70.116713087335,2.7433836826720586,53,64,,False,True,,325,56.69694568066818
16,2026-09-19T05:45:27.481+00:00,2026-09-19T05:45:54.739+00:00,2026-09-19T05:45:59.124+00:00,True,49,49.0,,49.0,27257.213234000003,31642.175282000004,31642.175426,645.7586821632653,46.532322,27257.213234000003,3880.909568371633,110.9284518,91.353376,23.963978960320052,1.5485661008860596,53,64,,False,True,,214,56.69694568066818
17,2026-09-19T05:45:27.962+00:00,2026-09-19T05:45:57.280+00:00,2026-09-19T05:46:07.339+00:00,True,98,98.0,,98.0,29318.683661,39377.596429,39377.596448,401.8122086530612,0.0,29318.683661,2952.4125798398313,117.56636874999998,103.70013162886598,86.47380098372774,2.488724779753875,53,64,,False,True,,456,56.69694568066818
18,2026-09-19T05:45:28.425+00:00,2026-09-19T05:46:00.339+00:00,2026-09-19T05:46:09.060+00:00,True,88,88.0,,88.0,31913.696364,40634.932587999996,40634.932488,461.76059645454546,0.0,31913.696364,3392.253793417434,114.41693645,100.24409452873564,79.81863474693185,2.165624362964675,53,64,,False,True,,402,56.69694568066818
19,2026-09-19T05:45:28.928+00:00,2026-09-19T05:46:02.673+00:00,2026-09-19T05:46:07.752+00:00,True,52,52.0,,52.0,33745.384618000004,38824.767914000004,38824.76794600001,746.6301528076924,0.0,33745.384618000004,4667.00390071956,312.66699135,99.59575090196078,105.64756192034756,1.3393512129984704,53,64,,False,True,,225,56.69694568066818
20,2026-09-19T05:45:29.270+00:00,2026-09-19T05:46:04.683+00:00,2026-09-19T05:46:12.579+00:00,True,80,80.0,,80.0,35412.385976000005,43308.352696,43308.352682000004,541.354408525,0.0,35412.385976000005,3949.6150339482265,133.23394499999998,99.94894582278481,111.8691842193298,1.8472187238696076,53,64,,False,True,,308,56.69694568066818
21,2026-09-19T05:45:29.683+00:00,2026-09-19T05:46:07.334+00:00,2026-09-19T05:46:16.295+00:00,True,96,96.0,,96.0,37651.373639,46611.703622999994,46611.703706,485.53858027083334,0.0,37651.373639,3833.8465942829903,108.86501675,94.31926298947369,73.42560321787666,2.0595685748038166,53,64,,False,True,,407,56.69694568066818
22,2026-09-19T05:45:30.055+00:00,2026-09-19T05:46:08.753+00:00,2026-09-19T05:46:10.464+00:00,True,18,18.0,,18.0,38697.877851000005,40408.927835,40408.927776000004,2244.9404320000003,95.234339,38697.877851000005,9097.454859857342,5897.53367675,100.64999905882352,4.417288739923514,0.44544611709319804,53,64,,False,True,,72,56.69694568066818
23,2026-09-19T05:45:30.546+00:00,2026-09-19T05:46:10.952+00:00,2026-09-19T05:46:11.647+00:00,True,8,8.0,,8.0,40406.227091,41101.709459,41101.709401,5137.713675125,94.681769,40406.227091,14250.632277846242,26302.13548275,99.354624,5.316390064357079,0.19463910638510556,53,64,,False,True,,24,56.69694568066818
24,2026-09-19T05:45:30.916+00:00,2026-09-19T05:46:13.174+00:00,2026-09-19T05:46:21.484+00:00,True,86,86.0,,86.0,42258.247067000004,50568.033435000005,50568.03364,588.0003911627907,0.0,42258.247067000004,4546.814153713954,115.18879125,97.76219256470588,69.97498765577359,1.7006791476386784,53,64,,False,True,,128,56.69694568066818
25,2026-09-19T05:45:31.211+00:00,2026-09-19T05:46:14.766+00:00,2026-09-19T05:46:20.693+00:00,True,62,62.0,,62.0,43554.457718000005,49482.069110000004,49482.06906000001,798.0978880645163,0.0,43554.457718000005,5519.6879779248175,115.33577355000001,97.17395724590165,82.56474183055012,1.2529791319391332,53,64,,False,True,,287,56.69694568066818
26,2026-09-19T05:45:31.631+00:00,2026-09-19T05:46:16.968+00:00,2026-09-19T05:46:17.973+00:00,True,11,11.0,,11.0,45336.527827,46341.823443,46341.823565,4212.893051363636,51.81143,45336.527827,13639.176867139735,22724.130178499996,100.5295616,17.591863349892712,0.2373665769438247,53,64,,False,True,,45,56.69694568066818
27,2026-09-19T05:45:32.152+00:00,2026-09-19T05:46:20.400+00:00,2026-09-19T05:46:25.507+00:00,True,57,57.0,,57.0,48248.221034,53354.602858,53354.602859,936.0456641929825,0.0,48248.221034,6379.720874780514,119.47287980000002,91.18538971428572,123.05480829163086,1.0683239485766955,53,64,,False,True,,233,56.69694568066818
28,2026-09-19T05:45:32.621+00:00,2026-09-19T05:46:22.768+00:00,2026-09-19T05:46:26.051+00:00,True,33,33.0,,33.0,50147.282391,53430.342615,53430.342547,1619.1012893030304,56.154559,50147.282391,8711.672135372035,116.54798199999999,102.595632,13.657404414729186,0.6176265841637257,53,64,,False,True,,122,56.69694568066818
29,2026-09-19T05:45:32.998+00:00,2026-09-19T05:46:24.760+00:00,2026-09-19T05:46:31.192+00:00,True,63,63.0,,63.0,51761.826800999996,58193.89105699999,58193.89109699999,923.712557095238,0.0,51761.826800999996,6509.019363937664,118.79776770000001,103.74297187096775,97.09583759997436,1.0825878602668535,53,64,,False,True,,212,56.69694568066818
30,2026-09-19T05:45:33.443+00:00,2026-09-19T05:46:27.145+00:00,2026-09-19T05:46:36.260+00:00,True,90,90.0,,90.0,53701.715507,62817.418547,62817.418563,697.9713173666667,0.0,53701.715507,5650.43795011371,114.79892,102.42362966292136,81.1709647770356,1.432723631147975,53,64,,False,True,,429,56.69694568066818
31,2026-09-19T05:45:33.754+00:00,2026-09-19T05:46:28.589+00:00,2026-09-19T05:46:33.128+00:00,True,46,46.0,,46.0,54834.978185,59374.378633,59374.378595,1290.7473607608695,0.0,54834.978185,8070.920263446543,116.0577605,100.8755655111111,116.14067283728802,0.7747449499106576,53,64,,False,True,,149,56.69694568066818
32,2026-09-19T05:45:34.132+00:00,2026-09-19T05:46:30.874+00:00,2026-09-19T05:46:32.908+00:00,True,21,21.0,,21.0,56742.324724,58776.426228,58776.426142,2798.8774353333333,48.731395,56742.324724,12360.008801714985,114.84211,101.7050752,17.875095393343155,0.35728609831667496,53,64,,False,True,,111,56.69694568066818
33,2026-09-19T05:45:34.596+00:00,2026-09-19T05:46:33.447+00:00,2026-09-19T05:46:34.717+00:00,True,13,13.0,,13.0,58851.375998999996,60121.14649499999,60121.146670999995,4624.703590076922,101.062403,58851.375998999996,16293.087746592062,23609.516787599994,105.814208,3.8834901352000837,0.21623007473886335,53,64,,False,True,,34,56.69694568066818
34,2026-09-19T05:45:34.948+00:00,2026-09-19T05:46:35.246+00:00,2026-09-19T05:46:39.361+00:00,True,41,41.0,,41.0,60298.21075,64413.116094,64413.116117,1571.0516126097561,0.0,60298.21075,9402.483660912743,724.64254,102.8726336,172.9649922909215,0.6365163259632939,53,64,,False,True,,191,56.69694568066818
35,2026-09-19T05:45:35.404+00:00,2026-09-19T05:46:37.852+00:00,2026-09-19T05:46:44.234+00:00,True,66,66.0,,66.0,62448.056119,68829.667639,68829.667458,1042.8737493636363,0.0,62448.056119,7675.479152470938,113.3828115,98.17863876923077,107.39213933424023,0.9588888376762018,53,64,,False,True,,307,56.69694568066818
36,2026-09-19T05:45:35.839+00:00,2026-09-19T05:46:40.443+00:00,2026-09-19T05:46:49.233+00:00,True,91,91.0,,91.0,64603.840876,73394.486636,73394.486852,806.5328225494505,42.343311,64603.840876,6762.110198541311,111.978207,97.67384177777778,19.04485589693518,1.2398751482698498,53,64,,False,True,,223,56.69694568066818
37,2026-09-19T05:45:36.169+00:00,2026-09-19T05:46:42.009+00:00,2026-09-19T05:46:49.186+00:00,True,74,74.0,,74.0,65840.05890999999,73017.11055799999,73017.110542,986.7177100270269,44.130227,65840.05890999999,7642.341767074249,111.77223214999998,98.315776,17.32146641543005,1.0134610837718547,53,64,,False,True,,321,56.69694568066818
38,2026-09-19T05:45:36.678+00:00,2026-09-19T05:46:44.544+00:00,2026-09-19T05:46:51.333+00:00,True,68,68.0,,68.0,67865.435201,74654.626625,74654.626723,1097.8621576911764,0.0,67865.435201,8218.466043150871,110.447791,101.3312152835821,119.88457060915064,0.9108611625850456,53,64,,False,True,,279,56.69694568066818
39,2026-09-19T05:45:37.107+00:00,2026-09-19T05:46:45.685+00:00,2026-09-19T05:46:51.821+00:00,True,65,65.0,,65.0,68578.41460999999,74713.84680199999,74713.84680599999,1149.4437970153845,0.0,68578.41460999999,8495.112071547239,108.9474844,95.866128,124.44799685423122,0.8699859903112369,53,64,,False,True,,287,56.69694568066818
40,2026-09-19T05:45:37.392+00:00,2026-09-19T05:46:48.177+00:00,2026-09-19T05:46:57.548+00:00,True,95,95.0,,95.0,70785.197119,80156.500031,80156.500042,843.7526320210527,0.0,70785.197119,7253.311059428667,116.3671322,99.69471182978724,128.80184561999826,1.1851814882543446,53,64,,False,True,,440,56.69694568066818
41,2026-09-19T05:45:37.818+00:00,2026-09-19T05:46:51.328+00:00,2026-09-19T05:46:54.504+00:00,True,38,38.0,,38.0,73510.37166799999,76686.57032399999,76686.570226,2018.0676375263156,0.0,73510.37166799999,11911.133218067538,134.00467749999999,85.84320691891892,49.94045811096456,0.4955235296017332,53,64,,False,True,,175,56.69694568066818
42,2026-09-19T05:45:38.281+00:00,2026-09-19T05:46:52.915+00:00,2026-09-19T05:46:59.916+00:00,True,70,70.0,,70.0,74633.445916,81635.08457199999,81635.08446,1166.2154922857142,0.01598,74633.445916,8908.811218527511,116.33285550000001,101.473024,98.49375187852857,0.8574744592597542,53,64,,False,True,,268,56.69694568066818
43,2026-09-19T05:45:38.673+00:00,2026-09-19T05:46:55.744+00:00,2026-09-19T05:47:02.260+00:00,True,69,69.0,,69.0,77070.836691,83587.24987500001,83587.250083,1211.4094214927536,0.018909,77070.836691,9266.744083476558,116.15092980000001,95.82960564705883,28.170712818558947,0.8254847492073921,53,64,,False,True,,348,56.69694568066818
44,2026-09-19T05:45:39.062+00:00,2026-09-19T05:46:57.440+00:00,2026-09-19T05:47:04.860+00:00,True,75,75.0,,75.0,78377.868178,85798.12571400001,85798.125941,1143.9750125466667,0.0,78377.868178,9039.707821898357,113.4682071,100.27375048648648,134.68023599442833,0.874144969669914,53,64,,False,True,,305,56.69694568066818
45,2026-09-19T05:45:39.416+00:00,2026-09-19T05:46:59.647+00:00,2026-09-19T05:47:05.564+00:00,True,62,62.0,,62.0,80230.713425,86148.480849,86148.480952,1389.4916282580643,0.0,80230.713425,10178.057997186897,113.6054041,97.01258072131148,148.65277597860248,0.7196876763117024,53,64,,False,True,,275,56.69694568066818
46,2026-09-19T05:45:39.769+00:00,2026-09-19T05:47:01.944+00:00,2026-09-19T05:47:09.052+00:00,True,75,75.0,,75.0,82175.22743799999,89283.48318199998,89283.48319199999,1190.44644256,0.0,82175.22743799999,9478.62230838909,111.5962907,96.05751005405405,134.12237293253847,0.8400209907482685,53,64,,False,True,,387,56.69694568066818
47,2026-09-19T05:45:40.190+00:00,2026-09-19T05:47:04.861+00:00,2026-09-19T05:47:08.523+00:00,True,45,45.0,,45.0,84671.48644499999,88333.115117,88333.11499499998,1962.9581109999997,0.0,84671.48644499999,12609.725362122068,111.9361794,83.21883345454545,36.25313143578922,0.5094352207594636,53,64,,False,True,,222,56.69694568066818
48,2026-09-19T05:45:40.543+00:00,2026-09-19T05:47:06.231+00:00,2026-09-19T05:47:11.491+00:00,True,54,54.0,,54.0,85688.346625,90947.639553,90947.639396,1684.2155443703705,41.647042,85688.346625,11647.216581255516,113.2658553,99.23194203773585,17.790276904144754,0.5937482299200447,53,64,,False,True,,174,56.69694568066818
49,2026-09-19T05:45:40.916+00:00,2026-09-19T05:47:08.259+00:00,2026-09-19T05:47:14.369+00:00,True,63,63.0,,63.0,87343.33110600001,93453.38499400001,93453.38513100002,1483.3870655714288,47.045969,87343.33110600001,10991.821406460538,111.80194110000001,98.54925625806452,16.425859165116613,0.6741328845824557,53,64,,False,True,,286,56.69694568066818
50,2026-09-19T05:45:41.449+00:00,2026-09-19T05:47:11.391+00:00,2026-09-19T05:47:20.876+00:00,True,99,99.0,,99.0,89942.25649,99427.128938,99427.128906,1004.3144333939393,0.0,89942.25649,9031.2956679828,112.9529564,96.78441273469389,164.66624280773655,0.9957041006558045,53,64,,False,True,,348,56.69694568066818
51,2026-09-19T05:45:41.881+00:00,2026-09-19T05:47:14.009+00:00,2026-09-19T05:47:22.672+00:00,True,89,89.0,,89.0,92128.35972400001,100790.98602800001,100790.98598000001,1132.482988539326,0.0,92128.35972400001,9756.905288485676,111.15162140000001,98.43893527272726,186.0151777632512,0.8830154709993169,53,64,,False,True,,327,56.69694568066818
52,2026-09-19T05:45:42.200+00:00,2026-09-19T05:47:15.998+00:00,2026-09-19T05:47:25.122+00:00,True,93,93.0,,93.0,93797.876862,102921.853822,102921.853875,1106.6866008064517,0.0,93797.876862,9717.538513365595,116.48779060000001,99.17366260869565,167.94531465794938,0.9035981819841729,53,64,,False,True,,519,56.69694568066818
53,2026-09-19T05:45:42.653+00:00,2026-09-19T05:47:18.098+00:00,2026-09-19T05:47:27.765+00:00,True,99,99.0,,99.0,95444.752941,105111.70641299999,105111.70658,1061.73440989899,0.0,95444.752941,9583.532301205392,114.43919090000001,98.64238236734694,131.10296557549492,0.941855130873947,53,64,,False,True,,456,56.69694568066818
54,2026-09-19T05:45:43.123+00:00,2026-09-19T05:47:20.674+00:00,2026-09-19T05:47:23.150+00:00,True,25,25.0,,25.0,97550.97636,100027.285864,100027.28594,4001.0914376,49.506553999999994,97550.97636,19489.563216642102,116.2217152,103.17956266666667,12.526440157463366,0.24993180394788203,53,64,,False,True,,92,56.69694568066818
55,2026-09-19T05:45:43.436+00:00,2026-09-19T05:47:22.135+00:00,2026-09-19T05:47:26.355+00:00,True,43,43.0,,43.0,98699.012581,102918.929125,102918.929231,2393.463470488372,44.848965,98699.012581,15036.148132203092,113.48409439999999,100.47420342857143,19.221257432447658,0.4178045804166348,53,64,,False,True,,168,56.69694568066818
56,2026-09-19T05:45:43.961+00:00,2026-09-19T05:47:25.123+00:00,2026-09-19T05:47:28.438+00:00,True,35,35.0,,35.0,101161.77761599999,104477.52980799999,104477.529837,2985.072281057143,44.917324,101161.77761599999,17082.98882357732,113.65635700000001,97.52212329411765,20.309440005793526,0.33500026335155564,53,64,,False,True,,102,56.69694568066818
57,2026-09-19T05:45:44.482+00:00,2026-09-19T05:47:28.075+00:00,2026-09-19T05:47:36.654+00:00,True,88,88.0,,88.0,103593.110933,112171.54702900001,112171.546904,1274.6766693636364,46.291041,103593.110933,11032.563607195065,111.8334325,98.60271374712643,16.34010872394142,0.7845126712681347,53,64,,True,True,,384,56.69694568066818
58,2026-09-19T05:45:44.871+00:00,2026-09-19T05:47:30.171+00:00,2026-09-19T05:47:38.174+00:00,True,82,82.0,,82.0,105300.09973999999,113302.869916,113302.87010199999,1381.742318317073,44.987684,105300.09973999999,11617.552939408017,111.83325205000001,98.79963180246914,17.36903069757536,0.7237239450403402,53,64,,True,True,,349,56.69694568066818
59,2026-09-19T05:45:45.377+00:00,2026-09-19T05:47:33.143+00:00,2026-09-19T05:47:36.549+00:00,True,35,35.0,,35.0,107765.894495,111172.223583,111172.223545,3176.349244142857,46.040471,107765.894495,18198.833296087974,111.264719,100.18614964705883,16.19807461447403,0.3148268413815558,53,64,,True,True,,138,56.69694568066818
60,2026-09-19T05:45:45.805+00:00,2026-09-19T05:47:35.407+00:00,2026-09-19T05:47:38.589+00:00,True,33,33.0,,33.0,109601.956249,112783.417753,112783.4176,3417.679321212121,47.861917,109601.956249,19061.951906179667,111.66543840000003,99.420672,16.822231771922652,0.29259620480974663,53,64,,True,True,,160,56.69694568066818
61,2026-09-19T05:45:46.229+00:00,2026-09-19T05:47:37.546+00:00,2026-09-19T05:47:44.181+00:00,True,69,69.0,,69.0,111317.420027,117952.403963,117952.403917,1709.455129231884,44.899674,111317.420027,13389.31056118121,111.348123,97.5732931764706,19.804959432731188,0.5849817187417758,53,64,,True,True,,283,56.69694568066818
62,2026-09-19T05:45:46.698+00:00,2026-09-19T05:47:39.847+00:00,2026-09-19T05:47:42.602+00:00,True,29,29.0,,29.0,113148.57117,115903.716642,115903.716817,3996.6798902413793,47.843607000000006,113148.57117,20992.89957001527,114.00433519999999,98.39805257142856,20.27716004081839,0.25020767961716317,53,64,,True,True,,68,56.69694568066818
63,2026-09-19T05:45:47.018+00:00,2026-09-19T05:47:41.866+00:00,2026-09-19T05:47:47.688+00:00,True,58,58.0,,58.0,114847.95578,120670.140996,120670.140998,2080.5196723793106,52.042277999999996,114847.95578,15066.86681942125,110.60018500000002,102.14360028070176,10.4149228477601,0.48064914419817073,53,64,,True,True,,295,56.69694568066818
64,2026-09-19T05:45:47.315+00:00,2026-09-19T05:47:43.548+00:00,2026-09-19T05:47:52.478+00:00,True,90,90.0,,90.0,116233.01856999999,125162.94087399999,125162.94071399998,1390.6993412666666,45.505943,116233.01856999999,12241.468669006754,110.57226740000002,100.33620566292136,15.01109967250044,0.7190626823845718,53,64,,True,True,,299,56.69694568066818
65,2026-09-19T05:45:47.765+00:00,2026-09-19T05:47:45.740+00:00,2026-09-19T05:47:51.760+00:00,True,61,61.0,,61.0,117975.225265,123995.238065,123995.237936,2032.7088186229507,47.903366999999996,117975.225265,15092.341223773168,111.02323799999998,100.33354666666668,15.538344428799281,0.49195437624808597,53,64,,True,True,,260,56.69694568066818
66,2026-09-19T05:45:48.081+00:00,2026-09-19T05:47:47.581+00:00,2026-09-19T05:47:49.482+00:00,True,21,21.0,,21.0,119500.084177,121400.590545,121400.590491,5780.9804995714285,46.54672,119500.084177,26056.329878604512,112.280865,95.0253184,23.245363486871973,0.17298103663026132,53,64,,True,True,,56,56.69694568066818
67,2026-09-19T05:45:48.568+00:00,2026-09-19T05:47:50.439+00:00,2026-09-19T05:47:53.297+00:00,True,29,29.0,,29.0,121871.33542399999,124729.32659199998,124729.32662899999,4301.0112630689655,48.861335,121871.33542399999,22611.98742199427,113.50857260000001,102.07111314285714,11.266361339744519,0.23250346003118752,53,64,,True,True,,107,56.69694568066818
68,2026-09-19T05:45:49.067+00:00,2026-09-19T05:47:52.990+00:00,2026-09-19T05:48:00.680+00:00,True,79,79.0,,79.0,123922.81731700001,131613.070629,131613.070658,1665.9882361772152,42.3654,123922.81731700001,13931.323420259392,110.091326,98.59299117948719,16.594982689943834,0.6002443345668201,53,64,,True,True,,295,56.69694568066818
69,2026-09-19T05:45:49.419+00:00,2026-09-19T05:47:54.355+00:00,2026-09-19T05:48:01.868+00:00,True,77,77.0,,77.0,124936.097346,132448.430146,132448.43018599998,1720.1094829350648,46.699989,124936.097346,14226.533788683208,109.9968648,98.84648421052631,15.853350393698266,0.5813583438861577,53,64,,True,True,,265,56.69694568066818
70,2026-09-19T05:45:49.830+00:00,2026-09-19T05:47:56.449+00:00,2026-09-19T05:47:57.222+00:00,True,9,9.0,,9.0,126619.097452,127392.657772,127392.657827,14154.739758555555,46.797759,126619.097452,42174.13849369966,76014.9316488,96.69504,20.49803043655597,0.07064771359200056,53,64,,True,True,,36,56.69694568066818
71,2026-09-19T05:45:50.160+00:00,2026-09-19T05:47:58.319+00:00,2026-09-19T05:48:00.472+00:00,True,22,22.0,,22.0,128158.72454899999,130312.030661,130312.03075699999,5923.274125318181,49.934064,128158.72454899999,27301.673505928873,112.43716975,102.53838628571428,12.857167812637094,0.16882554809718114,53,64,,True,True,,116,56.69694568066818
72,2026-09-19T05:45:50.518+00:00,2026-09-19T05:48:00.683+00:00,2026-09-19T05:48:04.274+00:00,True,38,38.0,,38.0,130165.24194200001,133756.03823,133756.03829700002,3519.8957446578947,47.725828,130165.24194200001,21099.85568937259,110.79840945000002,97.04854832432433,19.215695966441746,0.28409932368553825,53,64,,True,True,,173,56.69694568066818
73,2026-09-19T05:45:50.891+00:00,2026-09-19T05:48:02.543+00:00,2026-09-19T05:48:10.051+00:00,True,76,76.0,,76.0,131652.28228,139160.264616,139160.264552,1831.056112526316,47.072188000000004,131652.28228,15090.079199527252,111.68306925,100.10643114666667,17.240264833751183,0.5461329080518424,53,64,,True,True,,336,56.69694568066818
74,2026-09-19T05:45:51.320+00:00,2026-09-19T05:48:04.378+00:00,2026-09-19T05:48:11.536+00:00,True,72,72.0,,72.0,133057.512282,140215.46965800002,140215.46944800002,1947.4370756666667,47.951116,133057.512282,15669.105504220623,112.39995160000001,100.81630107042253,16.54810428427003,0.5134954094267589,53,64,,True,True,,279,56.69694568066818
75,2026-09-19T05:45:51.766+00:00,2026-09-19T05:48:06.666+00:00,2026-09-19T05:48:10.572+00:00,True,39,39.0,,39.0,134900.611239,138806.31082299998,138806.310951,3559.136178230769,50.384111,134900.611239,21584.93126945823,114.42851979999999,102.781568,12.752242750954744,0.28096705235348535,53,64,,True,True,,168,56.69694568066818
76,2026-09-19T05:45:52.221+00:00,2026-09-19T05:48:07.716+00:00,2026-09-19T05:48:12.892+00:00,True,52,52.0,,52.0,135495.057642,140671.099882,140671.100034,2705.213462192308,49.964281,135495.057642,18775.715624458884,112.508309,101.49102431372549,15.32581853779679,0.36965659644105625,53,64,,True,True,,203,56.69694568066818
77,2026-09-19T05:45:52.444+00:00,2026-09-19T05:48:10.945+00:00,2026-09-19T05:48:16.156+00:00,True,53,53.0,,53.0,138500.673862,143711.471686,143711.471802,2711.5372038113205,47.984716,138500.673862,19010.771781943382,111.34410340000001,100.20765046153846,14.85556686463473,0.36879449760142646,53,64,,True,True,,183,56.69694568066818
78,2026-09-19T05:45:52.854+00:00,2026-09-19T05:48:12.681+00:00,2026-09-19T05:48:18.714+00:00,True,61,61.0,,61.0,139827.28462700002,145860.50318700002,145860.50331700002,2391.1557920819673,43.958456,139827.28462700002,17890.181477689002,111.05919800000001,100.55364266666668,15.72934949866344,0.4182077990077624,53,64,,True,True,,262,56.69694568066818
79,2026-09-19T05:45:53.226+00:00,2026-09-19T05:48:15.016+00:00,2026-09-19T05:48:22.272+00:00,True,73,73.0,,73.0,141789.84587299998,149045.30724899998,149045.30736799998,2041.716539287671,43.502018,141789.84587299998,16583.460189130386,114.63463599999999,100.7702968888889,16.646397559063214,0.48978395460679486,53,64,,True,True,,351,56.69694568066818
80,2026-09-19T05:45:53.721+00:00,2026-09-19T05:48:17.693+00:00,2026-09-19T05:48:18.824+00:00,True,12,12.0,,12.0,143972.341877,145103.686261,145103.686486,12091.973873833333,48.368626,143972.341877,41531.548930912424,64851.030751,102.84948945454545,18.774464512611104,0.08269948413588497,53,64,,True,True,,72,56.69694568066818
81,2026-09-19T05:45:54.173+00:00,2026-09-19T05:48:20.355+00:00,2026-09-19T05:48:25.722+00:00,True,58,58.0,,58.0,146181.591098,151549.09241,151549.09230000002,2612.915384482759,44.442145,146181.591098,19182.231239862296,111.777666,94.16668968421052,22.229843394873903,0.3827142682127528,53,64,,True,True,,240,56.69694568066818
82,2026-09-19T05:45:54.517+00:00,2026-09-19T05:48:22.164+00:00,2026-09-19T05:48:26.886+00:00,True,51,51.0,,51.0,147646.345701,152368.333541,152368.333706,2987.614386392157,42.821369,147646.345701,20661.41172780441,111.3858815,94.4397568,22.683653685172597,0.33471521814784877,53,64,,True,True,,191,56.69694568066818
83,2026-09-19T05:45:55.025+00:00,2026-09-19T05:48:25.144+00:00,2026-09-19T05:48:30.561+00:00,True,55,55.0,,55.0,150119.052139,155536.112235,155536.112182,2827.9293124,50.543441,150119.052139,20228.528182966456,113.52844209999999,100.31592770370371,15.619612433699736,0.35361562797005186,53,64,,True,True,,176,56.69694568066818
84,2026-09-19T05:45:55.374+00:00,2026-09-19T05:48:26.785+00:00,2026-09-19T05:48:35.319+00:00,True,86,86.0,,86.0,151410.836779,159945.163563,159945.163619,1859.8274839418605,46.23015,151410.836779,16316.231763677153,111.15446750000001,100.40384451764706,16.420789756765338,0.5376842793131777,53,64,,True,True,,374,56.69694568066818
85,2026-09-19T05:45:55.836+00:00,2026-09-19T05:48:29.355+00:00,2026-09-19T05:48:31.816+00:00,True,26,26.0,,26.0,153518.292442,155979.249626,155979.249603,5999.201907807693,44.649314,153518.292442,30088.11453935214,114.38991549999999,98.43828736,18.883874220509718,0.16668883881889177,53,64,,True,True,,113,56.69694568066818
86,2026-09-19T05:45:56.140+00:00,2026-09-19T05:48:31.234+00:00,2026-09-19T05:48:40.467+00:00,True,92,92.0,,92.0,155093.76450299998,164327.11592699998,164327.115933,1786.164303619565,44.361595,155093.76450299998,16159.073653472264,113.05638805000001,101.46540026373626,17.561627291088183,0.5598589099614559,53,64,,True,True,,394,56.69694568066818
87,2026-09-19T05:45:56.512+00:00,2026-09-19T05:48:32.879+00:00,2026-09-19T05:48:42.385+00:00,True,94,94.0,,94.0,156366.37242899998,165872.91271699997,165872.91272799997,1764.6054545531913,45.691142,156366.37242899998,16117.424967727473,114.3119518,102.22086331182796,16.51715197933909,0.5666989170219481,53,64,,True,True,,343,56.69694568066818
88,2026-09-19T05:45:57.020+00:00,2026-09-19T05:48:35.627+00:00,2026-09-19T05:48:38.373+00:00,True,29,29.0,,29.0,158607.24872,161353.104976,161353.105009,5563.900172724138,46.948269999999994,158607.24872,29434.42440493941,116.1654184,98.06629485714285,22.333973462324526,0.17973003992897144,53,64,,True,True,,109,56.69694568066818
89,2026-09-19T05:45:57.482+00:00,2026-09-19T05:48:38.148+00:00,2026-09-19T05:48:46.355+00:00,True,81,81.0,,81.0,160666.711954,168873.556882,168873.556976,2084.8587280987654,51.233139,160666.711954,17840.462748373084,112.119526,102.58556159999999,12.40732294861269,0.47964880645344943,53,64,,True,True,,296,56.69694568066818
90,2026-09-19T05:45:58.000+00:00,2026-09-19T05:48:41.004+00:00,2026-09-19T05:48:48.656+00:00,True,78,78.0,,78.0,163004.32515400002,170656.20457800003,170656.20448100002,2187.900057448718,41.597023,163004.32515400002,18445.36059004579,112.7511434,99.37505745454546,16.42228486432507,0.4570592683276825,53,64,,True,True,,439,56.69694568066818
91,2026-09-19T05:45:58.349+00:00,2026-09-19T05:48:42.795+00:00,2026-09-19T05:48:43.321+00:00,True,6,6.0,,6.0,164446.054703,164972.15902300001,164972.159155,27495.359859166667,101.715211,164446.054703,67091.8645225465,123361.92076775,105.220864,3.3055249413356425,0.03636977315162308,53,64,,True,True,,24,56.69694568066818
92,2026-09-19T05:45:58.810+00:00,2026-09-19T05:48:45.476+00:00,2026-09-19T05:48:45.936+00:00,True,6,6.0,,6.0,166666.139941,167126.091557,167126.091568,27854.348594666666,46.213121,166666.139941,68003.61589280103,125026.54364,91.9903232,26.326520720759802,0.03590103702002533,53,64,,True,True,,30,56.69694568066818
93,2026-09-19T05:45:59.139+00:00,2026-09-19T05:48:47.452+00:00,2026-09-19T05:48:53.738+00:00,True,63,63.0,,63.0,168312.879998,174598.97587,174598.975859,2771.412315222222,44.323496,168312.879998,21192.660597514125,110.30608590000001,101.38864309677419,14.233663045057583,0.3608268587262934,53,64,,True,True,,346,56.69694568066818
94,2026-09-19T05:45:59.458+00:00,2026-09-19T05:48:48.853+00:00,2026-09-19T05:48:58.789+00:00,True,100,100.0,,100.0,169395.686863,179331.27777500002,179331.277879,1793.31277879,46.78344,169395.686863,16929.54066793079,111.84924684999999,100.35950416161616,16.471669695728323,0.5576272094902827,53,64,,True,True,,363,56.69694568066818
95,2026-09-19T05:45:59.929+00:00,2026-09-19T05:48:51.266+00:00,2026-09-19T05:48:53.733+00:00,True,25,25.0,,25.0,171336.816646,173803.891718,173803.891572,6952.15566288,52.406106,171336.816646,34246.80623178078,112.23410239999997,102.79479466666668,11.530777850312315,0.1438402774119866,53,64,,True,True,,129,56.69694568066818
96,2026-09-19T05:46:00.365+00:00,2026-09-19T05:48:53.838+00:00,2026-09-19T05:49:01.411+00:00,True,77,77.0,,77.0,173472.86161000002,181046.10961,181046.10968400002,2351.248177714286,48.349376,173472.86161000002,19757.718009194366,111.68241760000001,99.648,16.310331845086928,0.4253060182616978,53,64,,True,True,,351,56.69694568066818
97,2026-09-19T05:46:00.841+00:00,2026-09-19T05:48:56.031+00:00,2026-09-19T05:48:58.887+00:00,True,30,30.0,,30.0,175190.034289,178046.28312100001,178046.28332000002,5934.876110666667,46.286591,175190.034289,31967.202365560515,114.88569595000001,98.49133903448276,20.692313759428856,0.16849551405469126,53,64,,True,True,,144,56.69694568066818
98,2026-09-19T05:46:01.172+00:00,2026-09-19T05:48:57.889+00:00,2026-09-19T05:49:05.008+00:00,True,73,73.0,,73.0,176717.346318,183836.653326,183836.653219,2518.310318068493,45.086224,176717.346318,20671.635777236854,110.81659080000001,98.879264,18.057041016773372,0.39709165000163554,53,64,,True,True,,361,56.69694568066818
99,2026-09-19T05:46:01.461+00:00,2026-09-19T05:48:59.607+00:00,2026-09-19T05:49:05.534+00:00,True,60,60.0,,60.0,178146.22141,184073.74320199998,184073.743186,3067.895719766667,45.206593999999996,178146.22141,22985.613674902474,110.67364995000001,100.46647105084746,16.110449382961843,0.32595632031102245,53,64,,True,True,,279,56.69694568066818
100,2026-09-19T05:46:01.972+00:00,2026-09-19T05:49:02.626+00:00,2026-09-19T05:49:06.435+00:00,True,38,38.0,,38.0,180653.99035100001,184463.29287900002,184463.29296800002,4854.297183368421,52.350307,180653.99035100001,29289.24838626734,114.29151199999998,102.95412237837837,12.756813279223946,0.2060030448709726,53,64,,True,True,,162,56.69694568066818
101,2026-09-19T05:46:02.328+00:00,2026-09-19T05:49:04.786+00:00,2026-09-19T05:49:11.211+00:00,True,65,65.0,,65.0,182457.528177,188883.177841,188883.17785,2905.895043846154,46.338591,182457.528177,22618.626017300438,114.42372280000001,100.400776,19.316885208033064,0.34412805175650085,53,64,,True,True,,325,56.69694568066818
102,2026-09-19T05:46:02.709+00:00,2026-09-19T05:49:06.862+00:00,2026-09-19T05:49:13.086+00:00,True,63,63.0,,63.0,184153.00915,190376.827646,190376.827556,3021.8544056507935,47.108349000000004,184153.00915,23188.458450094102,114.52403910000001,100.38416929032259,18.56813912407965,0.3309226273963689,53,64,,True,True,,256,56.69694568066818
103,2026-09-19T05:46:03.097+00:00,2026-09-19T05:49:08.746+00:00,2026-09-19T05:49:14.554+00:00,True,59,59.0,,59.0,185648.324062,191456.09955,191456.099578,3245.0186369152543,47.017489000000005,185648.324062,24156.322857264164,114.18430690000001,100.13406013793103,17.269387202834476,0.30816464003327176,53,64,,True,True,,296,56.69694568066818
104,2026-09-19T05:46:03.526+00:00,2026-09-19T05:49:11.049+00:00,2026-09-19T05:49:16.923+00:00,True,59,59.0,,59.0,187523.819181,193397.743277,193397.743211,3277.927851033898,46.40937,187523.819181,24400.34205689436,113.6275225,101.27455337931033,15.880118537552272,0.30507077797436033,53,64,,True,True,,339,56.69694568066818
105,2026-09-19T05:46:03.925+00:00,2026-09-19T05:49:13.084+00:00,2026-09-19T05:49:20.489+00:00,True,76,76.0,,76.0,189159.160083,196563.624211,196563.624244,2586.363476894737,49.465533,189159.160083,21686.727284500757,112.395674,98.72618837333333,18.975155980294783,0.38664325764780505,53,64,,True,True,,352,56.69694568066818
106,2026-09-19T05:46:04.307+00:00,2026-09-19T05:49:15.141+00:00,2026-09-19T05:49:15.371+00:00,True,3,3.0,,3.0,190834.57852200003,191063.851098,191063.85110200002,63687.95036733334,114.36467,190834.57852200003,110112.2099878101,171762.61146080002,114.636288,0.3841230309575306,0.01570155726873341,53,64,,True,True,,11,56.69694568066818
107,2026-09-19T05:46:04.792+00:00,2026-09-19T05:49:18.030+00:00,2026-09-19T05:49:21.221+00:00,True,34,34.0,,34.0,193238.419435,196429.422571,196429.422589,5777.3359585,49.127233999999994,193238.419435,33123.537796735654,110.00304929999999,96.69706472727273,19.695874099521692,0.17309015907589198,53,64,,True,True,,140,56.69694568066818
108,2026-09-19T05:46:05.319+00:00,2026-09-19T05:49:20.589+00:00,2026-09-19T05:49:24.274+00:00,True,37,37.0,,37.0,195270.138384,198955.931408,198955.931292,5377.187332216216,48.08930599999999,195270.138384,32085.38415243977,112.62007739999999,102.38313955555556,13.679454835117863,0.1859708315210965,53,64,,True,True,,175,56.69694568066818
109,2026-09-19T05:46:05.787+00:00,2026-09-19T05:49:23.744+00:00,2026-09-19T05:49:26.095+00:00,True,23,23.0,,23.0,197956.419803,200307.654107,200307.65403099998,8709.028436130435,99.294076,197956.419803,41254.482284890655,114.3169981,106.87428654545455,4.4524293304793545,0.11482337059228849,53,64,,True,True,,63,56.69694568066818
110,2026-09-19T05:46:06.219+00:00,2026-09-19T05:49:25.769+00:00,2026-09-19T05:49:35.364+00:00,True,93,93.0,,93.0,199549.947094,209145.773014,209145.77308800002,2248.8792805161293,50.011882,199549.947094,20681.55378253541,113.31314180000001,104.3024556521739,12.706914582298955,0.44466593161208506,53,64,,True,True,,400,56.69694568066818
111,2026-09-19T05:46:06.594+00:00,2026-09-19T05:49:28.039+00:00,2026-09-19T05:49:29.093+00:00,True,11,11.0,,11.0,201444.686269,202498.679229,202498.679359,18408.970850818183,96.777222,201444.686269,60706.07926275277,100777.9978885,105.399296,4.2693728309711565,0.054321341955817955,53,64,,True,True,,54,56.69694568066818
112,2026-09-19T05:46:07.336+00:00,2026-09-19T05:49:30.440+00:00,2026-09-19T05:49:36.392+00:00,True,58,58.0,,58.0,203103.50549799998,209055.74767399998,209055.74765499998,3604.409442327586,47.729808,203103.50549799998,26655.08972842795,117.48502485,104.42530133333332,15.857099379578155,0.277437959230113,53,64,,True,True,,247,56.69694568066818
113,2026-09-19T05:46:07.546+00:00,2026-09-19T05:49:33.636+00:00,2026-09-19T05:49:43.103+00:00,True,95,95.0,,95.0,206089.397859,215556.703075,215556.70293499998,2269.0179256315787,49.244203999999996,206089.397859,21133.998664654533,112.2460095,100.7160129361702,15.781517798670984,0.4407193032960151,53,64,,True,True,,343,56.69694568066818
114,2026-09-19T05:46:07.972+00:00,2026-09-19T05:49:36.121+00:00,2026-09-19T05:49:39.796+00:00,True,38,38.0,,38.0,208148.153926,211823.287878,211823.287873,5574.297049289474,45.120404,208148.153926,33749.97996654161,112.21629434999998,99.32794464864865,16.13203737713921,0.1793948171642306,53,64,,True,True,,114,56.69694568066818
115,2026-09-19T05:46:08.378+00:00,2026-09-19T05:49:38.682+00:00,2026-09-19T05:49:47.541+00:00,True,93,93.0,,93.0,210303.542343,219162.714439,219162.714344,2356.58832627957,41.634494,210303.542343,21797.486646558362,113.61906599999999,96.29534886956522,21.558258365551605,0.42434225291494493,53,64,,True,True,,400,56.69694568066818
116,2026-09-19T05:46:08.714+00:00,2026-09-19T05:49:40.208+00:00,2026-09-19T05:49:49.464+00:00,True,98,98.0,,98.0,211493.92843200002,220750.11864,220750.11871900002,2252.5522318265307,45.010356,211493.92843200002,21354.484931252944,111.943122,95.42464131958764,22.062466567422437,0.44394087126095144,53,64,,True,True,,343,56.69694568066818
117,2026-09-19T05:46:09.015+00:00,2026-09-19T05:49:41.872+00:00,2026-09-19T05:49:47.227+00:00,True,56,56.0,,56.0,212857.01399099999,218212.316903,218212.31683099997,3896.6485148392853,42.717881,212857.01399099999,28431.211515741346,115.66684125000002,97.36914385454546,21.605802343944227,0.2566307933245271,53,64,,True,True,,215,56.69694568066818
118,2026-09-19T05:46:09.481+00:00,2026-09-19T05:49:44.370+00:00,2026-09-19T05:49:48.064+00:00,True,40,40.0,,40.0,214889.80170399998,218583.871976,218583.87192699997,5464.596798175,44.526877999999996,214889.80170399998,33962.09234568085,111.86505674999998,94.71975056410255,23.447717198676063,0.1829961178672501,53,64,,True,True,,148,56.69694568066818
119,2026-09-19T05:46:09.892+00:00,2026-09-19T05:49:46.639+00:00,2026-09-19T05:49:54.910+00:00,True,88,88.0,,88.0,216747.59852700002,225017.90201500003,225017.90206400002,2557.0216143636367,45.059775,216747.59852700002,23095.24660725852,110.54688535000001,95.06095963218391,19.93244250496845,0.39107999502250174,53,64,,True,True,,413,56.69694568066818
120,2026-09-19T05:46:10.215+00:00,2026-09-19T05:49:47.962+00:00,2026-09-19T05:49:56.389+00:00,True,87,87.0,,87.0,217747.58968200002,226173.97713800002,226173.977172,2599.700887034483,46.405722000000004,217747.58968200002,23334.49300465842,109.7550439,97.98124948837209,16.354246814896253,0.3846596372442837,53,64,,True,True,,445,56.69694568066818
121,2026-09-19T05:46:10.514+00:00,2026-09-19T05:49:49.565+00:00,2026-09-19T05:49:51.611+00:00,True,22,22.0,,22.0,219051.16443,221097.777166,221097.777038,10049.898956272727,55.925000999999995,219051.16443,46681.08903432544,105.67921150000001,97.45774933333333,13.719232571491647,0.09950348792282258,53,64,,True,True,,74,56.69694568066818
122,2026-09-19T05:46:10.892+00:00,2026-09-19T05:49:51.512+00:00,2026-09-19T05:49:52.221+00:00,True,8,8.0,,8.0,220620.60597600002,221329.57212000003,221329.57217400003,27666.196521750004,95.855929,220620.60597600002,77965.35517459431,143440.97490445,101.28087771428572,4.211069473918699,0.03614519254418735,53,64,,True,True,,35,56.69694568066818
123,2026-09-19T05:46:11.297+00:00,2026-09-19T05:49:53.809+00:00,2026-09-19T05:50:02.329+00:00,True,87,87.0,,87.0,222512.07018200002,231032.11319000003,231032.11337600002,2655.5415330574715,44.999826,222512.07018200002,23845.183821065297,112.706754,99.07026753488373,18.77998394250606,0.37657102642025997,53,64,,True,True,,413,56.69694568066818
124,2026-09-19T05:46:11.779+00:00,2026-09-19T05:49:56.494+00:00,2026-09-19T05:49:57.811+00:00,True,14,14.0,,14.0,224715.24159299998,226032.250745,226032.25072999997,16145.160766428571,56.13573,224715.24159299998,60030.60027397442,78723.70852705,101.3083963076923,14.137524168425196,0.061938063943778564,53,64,,True,True,,40,56.69694568066818
125,2026-09-19T05:46:12.092+00:00,2026-09-19T05:49:57.706+00:00,2026-09-19T05:50:04.938+00:00,True,74,74.0,,74.0,225614.22405199998,232846.00082,232846.000981,3146.567580824324,47.740212,225614.22405199998,26215.611246156022,112.74047465000001,99.0654351780822,18.668900674845045,0.3178066178478418,53,64,,True,True,,309,56.69694568066818
126,2026-09-19T05:46:12.561+00:00,2026-09-19T05:50:00.611+00:00,2026-09-19T05:50:08.119+00:00,True,80,80.0,,80.0,228050.12763600002,235557.20245200003,235557.202511,2944.4650313875004,47.58777,228050.12763600002,25486.16362927188,114.32991695000001,95.02626349367088,20.954201918191792,0.3396202670402395,53,64,,True,True,,308,56.69694568066818
127,2026-09-19T05:46:13.051+00:00,2026-09-19T05:50:03.589+00:00,2026-09-19T05:50:10.215+00:00,True,71,71.0,,71.0,230537.80808199997,237164.12590599997,237164.12602299996,3340.3398031408447,47.430011,230537.80808199997,27348.577172899226,110.3882555,94.6616832,20.033690934912723,0.29937074053156276,53,64,,True,True,,288,56.69694568066818
128,2026-09-19T05:46:13.438+00:00,2026-09-19T05:50:05.654+00:00,2026-09-19T05:50:10.213+00:00,True,50,50.0,,50.0,232216.775956,236774.989844,236774.98988,4735.4997975999995,44.488407,232216.775956,32827.26283236914,111.4833748,93.02477322448979,21.853011644041107,0.21117095193602445,53,64,,True,True,,197,56.69694568066818
129,2026-09-19T05:46:13.846+00:00,2026-09-19T05:50:08.423+00:00,2026-09-19T05:50:17.821+00:00,True,95,95.0,,95.0,234576.984472,243975.12360800002,243975.123694,2568.1591967789473,47.42862,234576.984472,24056.839553821494,113.38488130000002,99.98020357446809,17.7926292862371,0.38938396093463407,53,64,,True,True,,452,56.69694568066818
130,2026-09-19T05:46:14.172+00:00,2026-09-19T05:50:10.162+00:00,2026-09-19T05:50:19.838+00:00,True,98,98.0,,98.0,235990.029927,245665.63107899998,245665.631109,2506.7921541734695,48.443049,235990.029927,23828.523975152948,113.75080135,99.74846548453608,18.58096343149803,0.3989161999159973,53,64,,True,True,,364,56.69694568066818
131,2026-09-19T05:46:14.513+00:00,2026-09-19T05:50:12.041+00:00,2026-09-19T05:50:21.581+00:00,True,97,97.0,,97.0,237527.084328,247068.018216,247068.01822,2547.092971340206,44.995687,237527.084328,24107.138138312435,114.206693,99.384728,19.381297179973362,0.3926044362212735,53,64,,True,True,,458,56.69694568066818
132,2026-09-19T05:46:15.020+00:00,2026-09-19T05:50:14.517+00:00,2026-09-19T05:50:21.983+00:00,True,78,78.0,,78.0,239496.915037,246962.520669,246962.520787,3166.1861639358976,46.003144,239496.915037,27106.715545122926,113.20322920000001,96.9559172987013,20.931590261383786,0.3158373982768915,53,64,,True,True,,358,56.69694568066818
133,2026-09-19T05:46:15.443+00:00,2026-09-19T05:50:17.346+00:00,2026-09-19T05:50:18.994+00:00,True,18,18.0,,18.0,241903.88631600002,243551.08478,243551.08463300002,13530.615812944445,45.899235,241903.88631600002,56994.45901628744,36382.21504185,96.89402729411765,22.95924661938036,0.07390646613731744,53,64,,True,True,,65,56.69694568066818
134,2026-09-19T05:46:15.912+00:00,2026-09-19T05:50:20.049+00:00,2026-09-19T05:50:21.678+00:00,True,18,18.0,,18.0,244136.960287,245766.03727899998,245766.037376,13653.668743111111,42.497442,244136.960287,57521.0495008215,36715.27381795,95.82805835294117,19.169746271667087,0.0732403882948478,53,64,,True,True,,53,56.69694568066818
135,2026-09-19T05:46:16.301+00:00,2026-09-19T05:50:21.681+00:00,2026-09-19T05:50:29.256+00:00,True,79,79.0,,79.0,245380.720683,252955.337259,252955.337133,3201.966292822785,46.746682,245380.720683,27596.567844406243,110.3578415,97.11046892307692,17.741036814799237,0.31230809697884415,53,64,,True,True,,330,56.69694568066818
136,2026-09-19T05:46:16.721+00:00,2026-09-19T05:50:23.780+00:00,2026-09-19T05:50:32.382+00:00,True,88,88.0,,88.0,247058.466323,255660.683283,255660.683266,2905.2350371136363,46.299945,247058.466323,26325.985835272368,111.9896055,98.87605701149425,16.41284627374338,0.34420623018749286,53,64,,True,True,,370,56.69694568066818
137,2026-09-19T05:46:17.022+00:00,2026-09-19T05:50:25.090+00:00,2026-09-19T05:50:29.144+00:00,True,43,43.0,,43.0,248068.679885,252122.787021,252122.78702999998,5863.320628604651,44.463088000000006,248068.679885,37815.40436430315,109.38069409999999,96.52636038095238,20.58531406037495,0.17055181924678,53,64,,True,True,,137,56.69694568066818
138,2026-09-19T05:46:17.462+00:00,2026-09-19T05:50:27.570+00:00,2026-09-19T05:50:32.379+00:00,True,47,47.0,,47.0,250108.48619999998,254917.393976,254917.393877,5423.774337808511,92.286018,250108.48619999998,36466.823501100924,111.85425860000001,104.54147339130435,4.13013840382585,0.18437345238365713,53,64,,True,True,,168,56.69694568066818
139,2026-09-19T05:46:17.907+00:00,2026-09-19T05:50:30.306+00:00,2026-09-19T05:50:30.712+00:00,True,5,5.0,,5.0,252398.319449,252804.350041,252804.349854,50560.8699708,94.613202,252398.319449,112830.5645579799,201940.457377,101.507648,7.725779295584016,0.019778140681475997,53,64,,True,True,,29,56.69694568066818
140,2026-09-19T05:46:18.274+00:00,2026-09-19T05:50:31.867+00:00,2026-09-19T05:50:38.249+00:00,True,65,65.0,,65.0,253593.76608700003,259975.23194300002,259975.23208300004,3999.6189551230773,47.870229,253593.76608700003,31442.072142395686,112.9876582,99.710404,16.430842918860932,0.2500238177083398,53,64,,True,True,,238,56.69694568066818
141,2026-09-19T05:46:18.701+00:00,2026-09-19T05:50:34.121+00:00,2026-09-19T05:50:39.540+00:00,True,55,55.0,,55.0,255420.064553,260838.784553,260838.784727,4742.523358672727,48.518938,255420.064553,34427.30824177011,113.0286947,100.34666666666668,17.778741238043885,0.2108582130309096,53,64,,True,True,,247,56.69694568066818
142,2026-09-19T05:46:19.199+00:00,2026-09-19T05:50:36.738+00:00,2026-09-19T05:50:44.869+00:00,True,82,82.0,,82.0,257538.85628799998,265669.813088,265669.813192,3239.875770634146,43.42899,257538.85628799998,28429.32924449529,113.66975215000001,100.38218271604939,18.08107878097771,0.3086538099563403,53,64,,True,True,,370,56.69694568066818
143,2026-09-19T05:46:19.559+00:00,2026-09-19T05:50:38.409+00:00,2026-09-19T05:50:38.625+00:00,True,3,3.0,,3.0,258850.691127,259066.559287,259066.55935,86355.51978333334,107.66990200000001,258850.691127,149385.2004139985,232976.4418464,107.93408,0.3738049288064565,0.011580035679852179,53,64,,True,True,,13,56.69694568066818
144,2026-09-19T05:46:20.085+00:00,2026-09-19T05:50:41.455+00:00,2026-09-19T05:50:42.730+00:00,True,14,14.0,,14.0,261370.07362,262645.432852,262645.432843,18760.388060214285,51.303021,261370.07362,69827.87385965572,91552.04883645,98.1045563076923,21.05666170614785,0.0533038014328959,53,64,,True,True,,61,56.69694568066818
145,2026-09-19T05:46:20.445+00:00,2026-09-19T05:50:43.793+00:00,2026-09-19T05:50:46.935+00:00,True,34,34.0,,34.0,263347.641666,266489.61389000004,266489.613964,7837.929822470589,46.584364,263347.641666,45147.42363511597,109.2164825,95.21127951515152,19.984211045053936,0.1275847096016069,53,64,,True,True,,110,56.69694568066818
146,2026-09-19T05:46:20.857+00:00,2026-09-19T05:50:45.577+00:00,2026-09-19T05:50:53.826+00:00,True,88,88.0,,88.0,264719.41894,272968.415804,272968.415721,3101.9138150113636,44.049159,264719.41894,28209.084704323188,109.99659335,94.81605590804598,20.347548890967616,0.3223816196493106,53,64,,True,True,,293,56.69694568066818
147,2026-09-19T05:46:21.373+00:00,2026-09-19T05:50:48.430+00:00,2026-09-19T05:50:56.489+00:00,True,85,85.0,,85.0,267057.110504,275116.71524,275116.71507,3236.667236117647,44.894627,267057.110504,28956.009939297703,111.221579,95.94767542857143,19.220199505817778,0.30895978067290336,53,64,,True,True,,366,56.69694568066818
148,2026-09-19T05:46:21.707+00:00,2026-09-19T05:50:50.331+00:00,2026-09-19T05:50:54.912+00:00,True,49,49.0,,49.0,268624.258509,273205.052877,273205.052988,5575.613326285715,44.261629,268624.258509,38361.26487506301,108.7686624,95.433216,17.96562474053894,0.17935246615684064,53,64,,True,True,,229,56.69694568066818
149,2026-09-19T05:46:22.750+00:00,2026-09-19T05:50:51.952+00:00,2026-09-19T05:50:57.444+00:00,True,57,57.0,,57.0,269201.490161,274693.509361,274693.509518,4819.184377508772,43.49722,269201.490161,35643.622990541495,111.0346394,98.07177142857144,18.043711471300227,0.20750399284131268,53,64,,True,True,,278,56.69694568066818
150,2026-09-19T05:46:22.771+00:00,2026-09-19T05:50:52.918+00:00,2026-09-19T05:50:55.020+00:00,True,22,22.0,,22.0,270146.55010299996,272248.925527,272248.92565799993,12374.951166272725,52.34934,270146.55010299996,57574.09507509993,111.05239115,100.11311542857143,12.34954088563388,0.08080839972982069,53,64,,True,True,,108,56.69694568066818
151,2026-09-19T05:46:22.920+00:00,2026-09-19T05:50:56.918+00:00,2026-09-19T05:51:05.323+00:00,True,84,84.0,,84.0,273998.68300900003,282403.686017,282403.686211,3361.948645369048,44.931887,273998.68300900003,29884.66210248477,112.71597030000001,101.26509648192771,15.089747393591134,0.2974465425176618,53,64,,True,True,,362,56.69694568066818
152,2026-09-19T05:46:23.344+00:00,2026-09-19T05:50:59.273+00:00,2026-09-19T05:51:04.796+00:00,True,56,56.0,,56.0,275929.416292,281452.52080399997,281452.520858,5025.937872464286,45.171906,275929.416292,36859.20387876324,113.7265915,100.42008203636364,16.97478070165417,0.19896783954902897,53,64,,True,True,,185,56.69694568066818
153,2026-09-19T05:46:23.763+00:00,2026-09-19T05:51:01.343+00:00,2026-09-19T05:51:05.640+00:00,True,42,42.0,,42.0,277580.235749,281876.689637,281876.68966,6711.3497538095235,45.563565000000004,277580.235749,42815.39177175625,111.78292605,104.79155824390244,10.267090630287278,0.1490013241395998,53,64,,True,True,,216,56.69694568066818
154,2026-09-19T05:46:24.296+00:00,2026-09-19T05:51:04.262+00:00,2026-09-19T05:51:12.660+00:00,True,88,88.0,,88.0,279966.06595200003,288363.585312,288363.58513200004,3276.8589219545456,45.520656,279966.06595200003,29834.200103700245,112.43552,96.52321103448276,19.96613061118564,0.3051702936235408,53,64,,True,True,,446,56.69694568066818
155,2026-09-19T05:46:24.605+00:00,2026-09-19T05:51:05.740+00:00,2026-09-19T05:51:06.372+00:00,True,8,8.0,,8.0,281135.21923000005,281767.88636600005,281767.88634900004,35220.985793625005,46.304154000000004,281135.21923000005,99364.3594198381,182778.11733310003,90.38101942857143,30.30403422718196,0.028392163859328055,53,64,,True,True,,33,56.69694568066818
156,2026-09-19T05:46:24.998+00:00,2026-09-19T05:51:08.130+00:00,2026-09-19T05:51:09.221+00:00,True,13,13.0,,13.0,283131.751442,284222.76328199997,284222.763439,21863.28949530769,48.13067899999999,283131.751442,78501.40705520911,113321.8178564,90.91765333333333,26.29746895897379,0.04573877141255456,53,64,,True,True,,34,56.69694568066818
157,2026-09-19T05:46:25.445+00:00,2026-09-19T05:51:10.578+00:00,2026-09-19T05:51:18.952+00:00,True,85,85.0,,85.0,285133.325944,293506.74828,293506.74841,3453.0205695294117,45.084086000000006,285133.325944,30916.24366766276,111.70334599999998,99.68359923809524,16.601013756776243,0.28960151852764754,53,64,,True,True,,320,56.69694568066818
158,2026-09-19T05:46:25.908+00:00,2026-09-19T05:51:12.977+00:00,2026-09-19T05:51:13.861+00:00,True,10,10.0,,10.0,287068.553534,287952.512574,287952.512385,28795.2512385,45.429226,287068.553534,90747.99029303224,157937.26749635,98.2176711111111,20.525704761560007,0.03472794840583352,53,64,,True,True,,45,56.69694568066818
159,2026-09-19T05:46:26.439+00:00,2026-09-19T05:51:16.045+00:00,2026-09-19T05:51:19.266+00:00,True,33,33.0,,33.0,289605.435109,292826.90352500003,292826.90345700004,8873.542529,46.285994,289605.435109,50396.31384182832,115.1671522,100.670888,17.953089795690744,0.11269456324795181,53,64,,True,True,,152,56.69694568066818
160,2026-09-19T05:46:26.746+00:00,2026-09-19T05:51:17.410+00:00,2026-09-19T05:51:21.882+00:00,True,45,45.0,,45.0,290663.96108700003,295135.84614300006,295135.84628500004,6558.57436188889,49.877535,290663.96108700003,43314.476787292275,114.5335074,101.63375127272727,14.624898057104271,0.1524721601529774,53,64,,True,True,,190,56.69694568066818
161,2026-09-19T05:46:27.175+00:00,2026-09-19T05:51:19.476+00:00,2026-09-19T05:51:26.193+00:00,True,68,68.0,,68.0,292301.282911,299018.553183,299018.553277,4397.3316658382355,45.086366999999996,292301.282911,35434.58449776414,115.209283,100.25776525373134,19.642442161767306,0.227410638156569,53,64,,True,True,,306,56.69694568066818
162,2026-09-19T05:46:27.706+00:00,2026-09-19T05:51:23.013+00:00,2026-09-19T05:51:27.781+00:00,False,49,48.0,,48.0,295307.059951,300075.25732699997,300075.25750999997,6123.984847142857,0.03911,295307.059951,42172.53796222282,114.4647594,99.33744533333333,23.065549359571616,0.1599598728251464,53,64,,True,False,Request timeout: 300.0s exceeded,144,56.69694568066818
163,2026-09-19T05:46:28.007+00:00,2026-09-19T05:51:24.652+00:00,2026-09-19T05:51:28.091+00:00,False,36,35.0,,35.0,296644.203598,300083.970638,300083.970575,8335.665849305555,0.02438,296644.203598,49424.326113943884,111.994468,98.27905828571429,23.34755599739203,0.11663402055627128,53,64,,True,False,Request timeout: 300.0s exceeded,151,56.69694568066818
164,2026-09-19T05:46:28.362+00:00,2026-09-19T05:51:26.719+00:00,2026-09-19T05:51:28.408+00:00,False,19,18.0,,18.0,298357.033686,300046.05256599997,300046.052631,15791.897506894737,0.04528,298357.033686,68426.27666320173,29937.976532699995,93.83438222222222,29.26188129079725,0.05999079090047556,53,64,,True,False,Request timeout: 300.0s exceeded,50,56.69694568066818
165,2026-09-19T05:46:28.804+00:00,2026-09-19T05:51:28.620+00:00,2026-09-19T05:51:29.600+00:00,False,11,10.0,,10.0,299816.73427899997,300796.775751,300796.77564099996,27345.161421909088,0.06383,299816.73427899997,90368.60333771694,149967.6241235,98.0041472,34.76161348321917,0.03324503720172192,53,64,,True,False,Request timeout: 300.0s exceeded,35,56.69694568066818
166,2026-09-19T05:46:29.181+00:00,2026-09-19T05:51:29.388+00:00,2026-09-19T05:51:29.602+00:00,False,4,3.0,,3.0,300206.23071499995,300420.377275,300420.37707399996,75105.09426849999,0.02312,300206.23071499995,150067.43282120014,255191.99587249997,71.38218666666667,61.945951828713305,0.009986007031919304,53,64,,True,False,Request timeout: 300.0s exceeded,11,56.69694568066818
167,2026-09-19T05:46:29.662+00:00,2026-09-19T05:51:29.769+00:00,2026-09-19T05:51:29.769+00:00,False,1,0.0,,0.0,300106.476709,300106.476709,300106.476709,300106.476709,300106.476709,300106.476709,nan,300106.476709,nan,nan,0.0,53,64,,True,False,"HTTPConnectionPool(host='gpu03', port=9002): Read timed out.",0,56.69694568066818
168,2026-09-19T05:46:29.962+00:00,2026-09-19T05:51:30.006+00:00,2026-09-19T05:51:30.006+00:00,False,1,0.0,,0.0,300043.310809,300043.310809,300043.310809,300043.310809,300043.310809,300043.310809,nan,300043.310809,nan,nan,0.0,53,64,,True,False,"HTTPConnectionPool(host='gpu03', port=9002): Read timed out.",0,56.69694568066818
169,2026-09-19T05:46:30.474+00:00,2026-09-19T05:51:30.510+00:00,2026-09-19T05:51:30.510+00:00,False,1,0.0,,0.0,300036.916879,300036.916879,300036.916879,300036.916879,300036.916879,300036.916879,nan,300036.916879,nan,nan,0.0,53,64,,True,False,"HTTPConnectionPool(host='gpu03', port=9002): Read timed out.",0,56.69694568066818
170,2026-09-19T05:46:30.989+00:00,2026-09-19T05:51:30.985+00:00,2026-09-19T05:51:31.098+00:00,False,3,2.0,,2.0,299995.610551,300108.938679,300108.93858099997,100036.31286033333,0.023518999999999998,299995.610551,173169.8407860164,270007.37994699995,56.664064,80.10178025015604,0.00666424668589836,53,64,,True,False,Request timeout: 300.0s exceeded,5,56.69694568066818
171,2026-09-19T05:46:31.459+00:00,2026-09-19T05:51:31.207+00:00,2026-09-19T05:51:31.530+00:00,False,6,5.0,,5.0,299747.509144,300070.204824,300070.204713,50011.700785500005,0.05071,299747.509144,122345.06761340612,224840.440627,64.539136,47.63102742964623,0.01666276731117855,53,64,,True,False,Request timeout: 300.0s exceeded,16,56.69694568066818
172,2026-09-19T05:46:31.863+00:00,2026-09-19T05:51:31.955+00:00,2026-09-19T05:51:31.955+00:00,False,1,0.0,,0.0,300092.770962,300092.770962,300092.770962,300092.770962,300092.770962,300092.770962,nan,300092.770962,nan,nan,0.0,53,64,,True,False,"HTTPConnectionPool(host='gpu03', port=9002): Read timed out.",0,56.69694568066818
173,2026-09-19T05:46:32.388+00:00,2026-09-19T05:51:32.432+00:00,2026-09-19T05:51:32.432+00:00,False,1,0.0,,0.0,300043.621033,300043.621033,300043.621033,300043.621033,300043.621033,300043.621033,nan,300043.621033,nan,nan,0.0,53,64,,True,False,"HTTPConnectionPool(host='gpu03', port=9002): Read timed out.",0,56.69694568066818
174,2026-09-19T05:46:32.841+00:00,2026-09-19T05:51:32.778+00:00,2026-09-19T05:51:32.913+00:00,False,3,2.0,,2.0,299936.049152,300071.456256,300071.45633099996,100023.818777,0.039729,299936.049152,173129.0832544559,269955.9809818,67.703552,95.69116546507712,0.006665079127998566,53,64,,True,False,Request timeout: 300.0s exceeded,14,56.69694568066818
175,2026-09-19T05:46:33.148+00:00,2026-09-19T05:51:33.024+00:00,2026-09-19T05:51:33.230+00:00,False,4,3.0,,3.0,299876.144835,300082.693571,300082.69361099997,75020.67340274999,0.02068,299876.144835,149903.65583958282,254912.00455800002,68.84957866666667,60.792935254100875,0.00999724430722692,53,64,,True,False,Request timeout: 300.0s exceeded,11,56.69694568066818
176,2026-09-19T05:46:33.673+00:00,2026-09-19T05:51:33.779+00:00,2026-09-19T05:51:33.779+00:00,False,1,0.0,,0.0,300105.708744,300105.708744,300105.708744,300105.708744,300105.708744,300105.708744,nan,300105.708744,nan,nan,0.0,53,64,,True,False,"HTTPConnectionPool(host='gpu03', port=9002): Read timed out.",0,56.69694568066818
177,2026-09-19T05:46:33.986+00:00,2026-09-19T05:51:34.025+00:00,2026-09-19T05:51:34.025+00:00,False,1,0.0,,0.0,300039.79073199996,300039.79073199996,300039.79073199996,300039.79073199996,300039.79073199996,300039.79073199996,nan,300039.79073199996,nan,nan,0.0,53,64,,True,False,TTFT timeout: 300.0s exceeded (TTFT: 300.026s),0,56.69694568066818
178,2026-09-19T05:46:34.455+00:00,2026-09-19T05:51:34.277+00:00,2026-09-19T05:51:34.551+00:00,False,4,3.0,,3.0,299822.294245,300095.754213,300095.754087,75023.93852175,0.04468,299822.294245,149865.58440286136,254870.31944305,91.15332266666667,79.11186936394729,0.00999680921133819,53,64,,True,False,Request timeout: 300.0s exceeded,10,56.69694568066818
179,2026-09-19T05:46:34.798+00:00,2026-09-19T05:51:34.547+00:00,2026-09-19T05:51:34.851+00:00,False,5,4.0,,4.0,299749.33225,300053.672218,300053.67222099996,60010.734444199996,0.02106,299749.33225,134017.9577361272,239821.31518379998,76.084992,51.26936734974703,0.013330948328117289,53,64,,True,False,Request timeout: 300.0s exceeded,17,56.69694568066818
180,2026-09-19T05:46:35.308+00:00,2026-09-19T05:51:35.413+00:00,2026-09-19T05:51:35.413+00:00,False,1,0.0,,0.0,300105.26982700004,300105.26982700004,300105.26982700004,300105.26982700004,300105.26982700004,300105.26982700004,nan,300105.26982700004,nan,nan,0.0,53,64,,True,False,"HTTPConnectionPool(host='gpu03', port=9002): Read timed out.",0,56.69694568066818
181,2026-09-19T05:46:35.831+00:00,2026-09-19T05:51:35.892+00:00,2026-09-19T05:51:35.892+00:00,False,1,0.0,,0.0,300061.337655,300061.337655,300061.337655,300061.337655,300061.337655,300061.337655,nan,300061.337655,nan,nan,0.0,53,64,,True,False,TTFT timeout: 300.0s exceeded (TTFT: 300.054s),0,56.69694568066818
182,2026-09-19T05:46:36.152+00:00,2026-09-19T05:51:36.015+00:00,2026-09-19T05:51:36.254+00:00,True,3,3.0,,3.0,299862.498427,300102.018171,300102.018147,100034.006049,102.698274,299862.498427,173056.55164034103,269889.9307289,119.759872,24.128791370618796,0.009996600550318797,53,64,,True,True,,10,56.69694568066818
183,2026-09-19T05:46:36.519+00:00,2026-09-19T05:51:36.450+00:00,2026-09-19T05:51:36.554+00:00,False,3,2.0,,2.0,299930.27348000003,300034.86944800004,300034.86944000004,100011.62314666668,0.08631,299930.27348000003,173134.63775162003,269947.697097,52.297984,73.83851122511807,0.006665891880099043,53,64,,True,False,Request timeout: 300.0s exceeded,12,56.69694568066818
184,2026-09-19T05:46:36.977+00:00,2026-09-19T05:51:37.013+00:00,2026-09-19T05:51:37.013+00:00,False,1,0.0,,0.0,300035.560003,300035.560003,300035.560003,300035.560003,300035.560003,300035.560003,nan,300035.560003,nan,nan,0.0,53,64,,True,False,"HTTPConnectionPool(host='gpu03', port=9002): Read timed out.",0,56.69694568066818
185,2026-09-19T05:46:37.692+00:00,2026-09-19T05:51:37.187+00:00,2026-09-19T05:51:37.895+00:00,False,8,7.0,,7.0,299495.065088,300203.92115199997,300203.921201,37525.490150125,0.02116,299495.065088,105851.70190910721,194722.4410165,101.265152,46.6779520317802,0.023317483572960207,53,64,,True,False,Request timeout: 300.0s exceeded,24,56.69694568066818
186,2026-09-19T05:46:37.773+00:00,2026-09-19T05:51:37.680+00:00,2026-09-19T05:51:37.994+00:00,False,5,4.0,,4.0,299907.57176599995,300221.69784599997,300221.697725,60044.33954499999,0.04303,299907.57176599995,134087.63094654828,239948.41792539996,78.53152,52.842726868368885,0.013323487371828192,53,64,,True,False,Request timeout: 300.0s exceeded,22,56.69694568066818
187,2026-09-19T05:46:37.974+00:00,2026-09-19T05:51:38.099+00:00,2026-09-19T05:51:38.099+00:00,False,1,0.0,,0.0,300125.573046,300125.573046,300125.573046,300125.573046,300125.573046,300125.573046,nan,300125.573046,nan,nan,0.0,53,64,,True,False,"HTTPConnectionPool(host='gpu03', port=9002): Read timed out.",0,56.69694568066818
188,2026-09-19T05:46:38.375+00:00,2026-09-19T05:51:38.401+00:00,2026-09-19T05:51:38.401+00:00,False,1,0.0,,0.0,300025.604125,300025.604125,300025.604125,300025.604125,300025.604125,300025.604125,nan,300025.604125,nan,nan,0.0,53,64,,True,False,"HTTPConnectionPool(host='gpu03', port=9002): Read timed out.",0,56.69694568066818
189,2026-09-19T05:46:38.891+00:00,2026-09-19T05:51:39.173+00:00,2026-09-19T05:51:39.525+00:00,False,6,5.0,,5.0,300281.60761400004,300633.97215800005,300633.97203600005,50105.662006000006,0.02388,300281.60761400004,122560.69773842493,225257.14172275004,70.4729088,68.25976905304444,0.01663152026402465,53,64,,True,False,Request timeout: 300.0s exceeded,16,56.69694568066818
190,2026-09-19T05:46:39.224+00:00,2026-09-19T05:51:39.358+00:00,2026-09-19T05:51:39.578+00:00,False,6,5.0,,5.0,300133.793721,300353.80652100005,300353.806456,50058.96774266667,0.02137,300133.793721,122511.14646596195,225117.90073800003,44.00256,26.154825149466554,0.016647033902832897,53,64,,True,False,Request timeout: 300.0s exceeded,17,56.69694568066818
191,2026-09-19T05:46:39.611+00:00,2026-09-19T05:51:39.635+00:00,2026-09-19T05:51:39.635+00:00,False,1,0.0,,0.0,300023.747293,300023.747293,300023.747293,300023.747293,300023.747293,300023.747293,nan,300023.747293,nan,nan,0.0,53,64,,True,False,"HTTPConnectionPool(host='gpu03', port=9002): Read timed out.",0,56.69694568066818
192,2026-09-19T05:46:40.004+00:00,2026-09-19T05:51:40.031+00:00,2026-09-19T05:51:40.031+00:00,False,1,0.0,,0.0,300027.301954,300027.301954,300027.301954,300027.301954,300027.301954,300027.301954,nan,300027.301954,nan,nan,0.0,53,64,,True,False,"HTTPConnectionPool(host='gpu03', port=9002): Read timed out.",0,56.69694568066818
193,2026-09-19T05:46:40.338+00:00,2026-09-19T05:51:40.451+00:00,2026-09-19T05:51:40.451+00:00,False,1,0.0,,0.0,300112.94055400003,300112.94055400003,300112.94055400003,300112.94055400003,300112.94055400003,300112.94055400003,nan,300112.94055400003,nan,nan,0.0,53,64,,True,False,"HTTPConnectionPool(host='gpu03', port=9002): Read timed out.",0,56.69694568066818
194,2026-09-19T05:46:40.794+00:00,2026-09-19T05:51:40.887+00:00,2026-09-19T05:51:40.887+00:00,False,1,0.0,,0.0,300092.892893,300092.892893,300092.892893,300092.892893,300092.892893,300092.892893,nan,300092.892893,nan,nan,0.0,53,64,,True,False,"HTTPConnectionPool(host='gpu03', port=9002): Read timed out.",0,56.69694568066818
195,2026-09-19T05:46:41.120+00:00,2026-09-19T05:51:40.952+00:00,2026-09-19T05:51:41.170+00:00,False,4,3.0,,3.0,299831.436271,300050.37668700004,300050.376798,75012.5941995,0.04944,299831.436271,149879.23781628127,254876.1495193,72.98013866666668,66.27468509083224,0.00999832105903161,53,64,,True,False,Request timeout: 300.0s exceeded,10,56.69694568066818
196,2026-09-19T05:46:41.578+00:00,2026-09-19T05:51:41.084+00:00,2026-09-19T05:51:41.624+00:00,False,8,7.0,,7.0,299505.558491,300046.009307,300046.00916099997,37505.751145124996,0.04122,299505.558491,105863.91494218391,194715.2266413,77.20725942857143,38.87197699058353,0.02332975538040823,53,64,,True,False,Request timeout: 300.0s exceeded,20,56.69694568066818
197,2026-09-19T05:46:41.888+00:00,2026-09-19T05:51:41.955+00:00,2026-09-19T05:51:41.955+00:00,False,1,0.0,,0.0,300066.544659,300066.544659,300066.544659,300066.544659,300066.544659,300066.544659,nan,300066.544659,nan,nan,0.0,53,64,,True,False,"HTTPConnectionPool(host='gpu03', port=9002): Read timed out.",0,56.69694568066818
198,2026-09-19T05:46:42.260+00:00,2026-09-19T05:51:42.321+00:00,2026-09-19T05:51:42.321+00:00,False,1,0.0,,0.0,300061.70693,300061.70693,300061.70693,300061.70693,300061.70693,300061.70693,nan,300061.70693,nan,nan,0.0,53,64,,True,False,"HTTPConnectionPool(host='gpu03', port=9002): Read timed out.",0,56.69694568066818
199,2026-09-19T05:46:42.750+00:00,2026-09-19T05:51:42.682+00:00,2026-09-19T05:51:42.815+00:00,False,3,2.0,,2.0,299932.021412,300064.85674,300064.856697,100021.618899,0.03163,299932.021412,173127.4997849415,269952.0996363,66.417664,93.8838684146153,0.006665225717295373,53,64,,True,False,Request timeout: 300.0s exceeded,8,56.69694568066818
200,2026-09-19T05:46:43.202+00:00,2026-09-19T05:51:43.034+00:00,2026-09-19T05:51:43.239+00:00,False,4,3.0,,3.0,299831.52739600005,300036.840932,300036.8408550001,75009.21021375002,0.03259,299831.52739600005,149881.55259663108,254872.38275725004,68.43784533333333,59.25385195981227,0.009998772119720846,53,64,,True,False,Request timeout: 300.0s exceeded,6,56.69694568066818
201,2026-09-19T05:46:43.514+00:00,2026-09-19T05:51:43.589+00:00,2026-09-19T05:51:43.589+00:00,False,1,0.0,,0.0,300074.80712300004,300074.80712300004,300074.80712300004,300074.80712300004,300074.80712300004,300074.80712300004,nan,300074.80712300004,nan,nan,0.0,53,64,,True,False,"HTTPConnectionPool(host='gpu03', port=9002): Read timed out.",0,56.69694568066818
202,2026-09-19T05:46:43.913+00:00,2026-09-19T05:51:43.945+00:00,2026-09-19T05:51:43.945+00:00,False,1,0.0,,0.0,300031.832442,300031.832442,300031.832442,300031.832442,300031.832442,300031.832442,nan,300031.832442,nan,nan,0.0,53,64,,True,False,"HTTPConnectionPool(host='gpu03', port=9002): Read timed out.",0,56.69694568066818
203,2026-09-19T05:46:44.318+00:00,2026-09-19T05:51:44.350+00:00,2026-09-19T05:51:44.350+00:00,False,1,0.0,,0.0,300032.43219300004,300032.43219300004,300032.43219300004,300032.43219300004,300032.43219300004,300032.43219300004,nan,300032.43219300004,nan,nan,0.0,53,64,,True,False,TTFT timeout: 300.0s exceeded (TTFT: 300.009s),0,56.69694568066818
204,2026-09-19T05:46:44.739+00:00,2026-09-19T05:51:44.479+00:00,2026-09-19T05:51:44.839+00:00,False,5,4.0,,4.0,299740.103995,300099.838523,300099.838469,60019.967693800005,0.09684000000000001,299740.103995,134007.64121818368,239821.5772504,89.933632,63.07174388756389,0.013328897541854009,53,64,,True,False,Request timeout: 300.0s exceeded,13,56.69694568066818
205,2026-09-19T05:46:45.034+00:00,2026-09-19T05:51:44.737+00:00,2026-09-19T05:51:45.099+00:00,False,6,5.0,,5.0,299703.267283,300065.433555,300065.433532,50010.90558866667,0.050159999999999996,299703.267283,122323.78304854444,224804.3551205,72.43325440000001,47.19728560987088,0.01666303226187342,53,64,,True,False,Request timeout: 300.0s exceeded,21,56.69694568066818
206,2026-09-19T05:46:45.422+00:00,2026-09-19T05:51:45.527+00:00,2026-09-19T05:51:45.527+00:00,False,1,0.0,,0.0,300105.255551,300105.255551,300105.255551,300105.255551,300105.255551,300105.255551,nan,300105.255551,nan,nan,0.0,53,64,,True,False,"HTTPConnectionPool(host='gpu03', port=9002): Read timed out.",0,56.69694568066818
207,2026-09-19T05:46:45.785+00:00,2026-09-19T05:51:45.865+00:00,2026-09-19T05:51:45.865+00:00,False,1,0.0,,0.0,300080.17900700006,300080.17900700006,300080.17900700006,300080.17900700006,300080.17900700006,300080.17900700006,nan,300080.17900700006,nan,nan,0.0,53,64,,True,False,TTFT timeout: 300.0s exceeded (TTFT: 300.073s),0,56.69694568066818
208,2026-09-19T05:46:46.154+00:00,2026-09-19T05:51:46.169+00:00,2026-09-19T05:51:46.169+00:00,False,1,0.0,,0.0,300014.97060500004,300014.97060500004,300014.97060500004,300014.97060500004,300014.97060500004,300014.97060500004,nan,300014.97060500004,nan,nan,0.0,53,64,,True,False,TTFT timeout: 300.0s exceeded (TTFT: 300.009s),0,56.69694568066818
209,2026-09-19T05:46:46.635+00:00,2026-09-19T05:51:46.389+00:00,2026-09-19T05:51:46.682+00:00,False,5,4.0,,4.0,299753.41592,300047.091184,300047.091025,60009.418205,0.04282,299753.41592,134020.97572796908,239822.76947220002,73.418816,48.955138274387124,0.013331240720300973,53,64,,True,False,Request timeout: 300.0s exceeded,13,56.69694568066818
210,2026-09-19T05:46:46.949+00:00,2026-09-19T05:51:47.044+00:00,2026-09-19T05:51:47.044+00:00,False,1,0.0,,0.0,300095.26386199996,300095.26386199996,300095.26386199996,300095.26386199996,300095.26386199996,300095.26386199996,nan,300095.26386199996,nan,nan,0.0,53,64,,True,False,"HTTPConnectionPool(host='gpu03', port=9002): Read timed out.",0,56.69694568066818
211,2026-09-19T05:46:47.322+00:00,2026-09-19T05:51:47.411+00:00,2026-09-19T05:51:47.411+00:00,False,1,0.0,,0.0,300089.404204,300089.404204,300089.404204,300089.404204,300089.404204,300089.404204,nan,300089.404204,nan,nan,0.0,53,64,,True,False,"HTTPConnectionPool(host='gpu03', port=9002): Read timed out.",0,56.69694568066818
212,2026-09-19T05:46:47.753+00:00,2026-09-19T05:51:47.679+00:00,2026-09-19T05:51:47.827+00:00,False,3,2.0,,2.0,299925.509562,300073.758906,300073.758942,100024.586314,0.0348,299925.509562,173119.29362686267,269947.7800638,74.124672,104.77887918946963,0.006665027982758441,53,64,,True,False,Request timeout: 300.0s exceeded,3,56.69694568066818
213,2026-09-19T05:46:48.119+00:00,2026-09-19T05:51:47.931+00:00,2026-09-19T05:51:48.164+00:00,False,4,3.0,,3.0,299811.717233,300044.994929,300044.99485799996,75011.24871449999,0.02277,299811.717233,149866.9901284825,254860.69048234998,77.759232,70.6953814067095,0.009998500393948893,53,64,,True,False,Request timeout: 300.0s exceeded,9,56.69694568066818
214,2026-09-19T05:46:48.440+00:00,2026-09-19T05:51:48.263+00:00,2026-09-19T05:51:48.522+00:00,False,5,4.0,,4.0,299822.67092299997,300081.968459,300081.96840799996,60016.39368159999,0.04399,299822.67092299997,134055.7912567074,239879.30763999998,64.824384,49.74056518274304,0.013329691285821186,53,64,,True,False,Request timeout: 300.0s exceeded,16,56.69694568066818
215,2026-09-19T05:46:48.912+00:00,2026-09-19T05:51:48.953+00:00,2026-09-19T05:51:48.953+00:00,False,1,0.0,,0.0,300040.682777,300040.682777,300040.682777,300040.682777,300040.682777,300040.682777,nan,300040.682777,nan,nan,0.0,53,64,,True,False,"HTTPConnectionPool(host='gpu03', port=9002): Read timed out.",0,56.69694568066818
216,2026-09-19T05:46:49.205+00:00,2026-09-19T05:51:49.242+00:00,2026-09-19T05:51:49.242+00:00,False,1,0.0,,0.0,300037.312823,300037.312823,300037.312823,300037.312823,300037.312823,300037.312823,nan,300037.312823,nan,nan,0.0,53,64,,True,False,TTFT timeout: 300.0s exceeded (TTFT: 300.030s),0,56.69694568066818
217,2026-09-19T05:46:49.601+00:00,2026-09-19T05:51:49.526+00:00,2026-09-19T05:51:49.655+00:00,False,3,2.0,,2.0,299924.989734,300054.39927,300054.399316,100018.13310533333,0.030989,299924.989734,173124.42831116117,269945.4286199,64.704768,91.46255377649658,0.006665458013166228,53,64,,True,False,Request timeout: 300.0s exceeded,4,56.69694568066818
218,2026-09-19T05:46:50.007+00:00,2026-09-19T05:51:49.864+00:00,2026-09-19T05:51:50.063+00:00,False,6,5.0,,5.0,299857.472934,300056.810406,300056.81023400003,50009.46837233334,0.061439,299857.472934,122400.02651506117,224906.02956875,39.8674944,22.328822190069157,0.016663511130557626,53,64,,True,False,Request timeout: 300.0s exceeded,23,56.69694568066818
219,2026-09-19T05:46:50.311+00:00,2026-09-19T05:51:50.413+00:00,2026-09-19T05:51:50.413+00:00,False,1,0.0,,0.0,300101.39526099997,300101.39526099997,300101.39526099997,300101.39526099997,300101.39526099997,300101.39526099997,nan,300101.39526099997,nan,nan,0.0,53,64,,True,False,"HTTPConnectionPool(host='gpu03', port=9002): Read timed out.",0,56.69694568066818
220,2026-09-19T05:46:50.789+00:00,2026-09-19T05:51:50.996+00:00,2026-09-19T05:51:51.463+00:00,False,6,5.0,,5.0,300206.970179,300674.156099,300674.156011,50112.359335166664,0.032159999999999994,300206.970179,122520.84658102163,225191.35052274997,93.437184,54.742423486240355,0.016629297525503652,53,64,,True,False,Request timeout: 300.0s exceeded,16,56.69694568066818
221,2026-09-19T05:46:51.300+00:00,2026-09-19T05:51:51.366+00:00,2026-09-19T05:51:51.567+00:00,False,4,3.0,,3.0,300066.47471700003,300267.318749,300267.31855400006,75066.82963850001,0.040920000000000005,300066.47471700003,149999.77089568766,255072.26875425002,66.94801066666666,58.133513333403044,0.009991097307888393,53,64,,True,False,Request timeout: 300.0s exceeded,10,56.69694568066818
222,2026-09-19T05:46:51.691+00:00,2026-09-19T05:51:51.697+00:00,2026-09-19T05:51:51.697+00:00,False,1,0.0,,0.0,300006.86415,300006.86415,300006.86415,300006.86415,300006.86415,300006.86415,nan,300006.86415,nan,nan,0.0,53,64,,True,False,"HTTPConnectionPool(host='gpu03', port=9002): Read timed out.",0,56.69694568066818
223,2026-09-19T05:46:52.134+00:00,2026-09-19T05:51:52.166+00:00,2026-09-19T05:51:52.166+00:00,False,1,0.0,,0.0,300032.073469,300032.073469,300032.073469,300032.073469,300032.073469,300032.073469,nan,300032.073469,nan,nan,0.0,53,64,,True,False,"HTTPConnectionPool(host='gpu03', port=9002): Read timed out.",0,56.69694568066818
224,2026-09-19T05:46:52.574+00:00,2026-09-19T05:51:52.679+00:00,2026-09-19T05:51:52.679+00:00,False,1,0.0,,0.0,300104.974581,300104.974581,300104.974581,300104.974581,300104.974581,300104.974581,nan,300104.974581,nan,nan,0.0,53,64,,True,False,"HTTPConnectionPool(host='gpu03', port=9002): Read timed out.",0,56.69694568066818
225,2026-09-19T05:46:52.952+00:00,2026-09-19T05:51:52.992+00:00,2026-09-19T05:51:52.992+00:00,False,1,0.0,,0.0,300039.40923,300039.40923,300039.40923,300039.40923,300039.40923,300039.40923,nan,300039.40923,nan,nan,0.0,53,64,,True,False,TTFT timeout: 300.0s exceeded (TTFT: 300.034s),0,56.69694568066818
226,2026-09-19T05:46:53.284+00:00,2026-09-19T05:51:52.993+00:00,2026-09-19T05:51:53.370+00:00,False,6,5.0,,5.0,299708.564196,300086.460644,300086.460797,50014.410132833335,0.05483,299708.564196,122324.6599796905,224807.4687605,75.5792896,43.32366495351284,0.01666186468149799,53,64,,True,False,Request timeout: 300.0s exceeded,15,56.69694568066818
227,2026-09-19T05:46:53.574+00:00,2026-09-19T05:51:53.071+00:00,2026-09-19T05:51:53.682+00:00,False,8,7.0,,7.0,299496.717754,300107.966394,300107.966472,37513.495809,0.05349,299496.717754,105857.21337852429,194710.03627724998,87.32123428571428,38.71248823215598,0.023324938968164455,53,64,,True,False,Request timeout: 300.0s exceeded,33,56.69694568066818
228,2026-09-19T05:46:53.977+00:00,2026-09-19T05:51:54.082+00:00,2026-09-19T05:51:54.082+00:00,False,1,0.0,,0.0,300105.20346499997,300105.20346499997,300105.20346499997,300105.20346499997,300105.20346499997,300105.20346499997,nan,300105.20346499997,nan,nan,0.0,53,64,,True,False,"HTTPConnectionPool(host='gpu03', port=9002): Read timed out.",0,56.69694568066818
229,2026-09-19T05:46:54.412+00:00,2026-09-19T05:51:54.495+00:00,2026-09-19T05:51:54.495+00:00,False,1,0.0,,0.0,300083.14500099997,300083.14500099997,300083.14500099997,300083.14500099997,300083.14500099997,300083.14500099997,nan,300083.14500099997,nan,nan,0.0,53,64,,True,False,"HTTPConnectionPool(host='gpu03', port=9002): Read timed out.",0,56.69694568066818
230,2026-09-19T05:46:54.850+00:00,2026-09-19T05:51:54.778+00:00,2026-09-19T05:51:54.885+00:00,False,3,2.0,,2.0,299927.814654,300035.197182,300035.19714999996,100011.73238333334,0.0252,299927.814654,173132.4141889198,269945.7689182,53.691264,75.89507190122953,0.006665884598821948,53,64,,True,False,Request timeout: 300.0s exceeded,8,56.69694568066818
231,2026-09-19T05:46:55.656+00:00,2026-09-19T05:51:55.013+00:00,2026-09-19T05:51:55.927+00:00,False,11,10.0,,10.0,299357.69826599996,300271.23196199996,300271.23195199994,27297.384722909086,0.038380000000000004,299357.69826599996,90232.20518250328,149738.78219549998,91.3533696,37.852463301563155,0.0333032236710093,53,64,,True,False,Request timeout: 300.0s exceeded,30,56.69694568066818
232,2026-09-19T05:46:55.716+00:00,2026-09-19T05:51:55.602+00:00,2026-09-19T05:51:55.927+00:00,False,5,4.0,,4.0,299886.090111,300210.579839,300210.579863,60042.1159726,0.02603,299886.090111,134076.865957372,239933.10364319998,81.122432,54.85349261969549,0.013323980794231706,53,64,,True,False,Request timeout: 300.0s exceeded,14,56.69694568066818
233,2026-09-19T05:46:56.139+00:00,2026-09-19T05:51:56.150+00:00,2026-09-19T05:51:56.150+00:00,False,1,0.0,,0.0,300011.51684600004,300011.51684600004,300011.51684600004,300011.51684600004,300011.51684600004,300011.51684600004,nan,300011.51684600004,nan,nan,0.0,53,64,,True,False,"HTTPConnectionPool(host='gpu03', port=9002): Read timed out.",0,56.69694568066818
234,2026-09-19T05:46:56.493+00:00,2026-09-19T05:51:56.525+00:00,2026-09-19T05:51:56.525+00:00,False,1,0.0,,0.0,300031.983465,300031.983465,300031.983465,300031.983465,300031.983465,300031.983465,nan,300031.983465,nan,nan,0.0,53,64,,True,False,"HTTPConnectionPool(host='gpu03', port=9002): Read timed out.",0,56.69694568066818
235,2026-09-19T05:46:56.931+00:00,2026-09-19T05:51:57.040+00:00,2026-09-19T05:51:57.040+00:00,False,1,0.0,,0.0,300109.613806,300109.613806,300109.613806,300109.613806,300109.613806,300109.613806,nan,300109.613806,nan,nan,0.0,53,64,,True,False,"HTTPConnectionPool(host='gpu03', port=9002): Read timed out.",0,56.69694568066818
236,2026-09-19T05:46:57.297+00:00,2026-09-19T05:51:57.290+00:00,2026-09-19T05:51:57.409+00:00,False,3,2.0,,2.0,299993.50122100004,300112.63005300006,300112.629818,100037.54327266668,0.05328,299993.50122100004,173166.9494471681,270006.0586306,59.564416,84.16113885959177,0.006664164715916151,53,64,,True,False,Request timeout: 300.0s exceeded,4,56.69694568066818
237,2026-09-19T05:46:57.667+00:00,2026-09-19T05:51:57.412+00:00,2026-09-19T05:51:57.710+00:00,False,5,4.0,,4.0,299745.14982,300043.031932,300043.032038,60008.6064076,0.045299,299745.14982,134016.80885614714,239816.83546499998,74.470528,49.715111036405126,0.01333142107731579,53,64,,True,False,Request timeout: 300.0s exceeded,17,56.69694568066818
238,2026-09-19T05:46:58.170+00:00,2026-09-19T05:51:58.278+00:00,2026-09-19T05:51:58.278+00:00,False,1,0.0,,0.0,300108.033862,300108.033862,300108.033862,300108.033862,300108.033862,300108.033862,nan,300108.033862,nan,nan,0.0,53,64,,True,False,"HTTPConnectionPool(host='gpu03', port=9002): Read timed out.",0,56.69694568066818
239,2026-09-19T05:46:58.464+00:00,2026-09-19T05:51:58.527+00:00,2026-09-19T05:51:58.527+00:00,False,1,0.0,,0.0,300063.29061900004,300063.29061900004,300063.29061900004,300063.29061900004,300063.29061900004,300063.29061900004,nan,300063.29061900004,nan,nan,0.0,53,64,,True,False,"HTTPConnectionPool(host='gpu03', port=9002): Read timed out.",0,56.69694568066818
240,2026-09-19T05:46:58.833+00:00,2026-09-19T05:51:58.928+00:00,2026-09-19T05:51:58.928+00:00,False,1,0.0,,0.0,300095.28967900004,300095.28967900004,300095.28967900004,300095.28967900004,300095.28967900004,300095.28967900004,nan,300095.28967900004,nan,nan,0.0,53,64,,True,False,TTFT timeout: 300.0s exceeded (TTFT: 300.089s),0,56.69694568066818
241,2026-09-19T05:46:59.179+00:00,2026-09-19T05:51:59.075+00:00,2026-09-19T05:51:59.201+00:00,False,3,2.0,,2.0,299895.647251,300021.899283,300021.899191,100007.29973033332,0.04245,299895.647251,173108.39836772103,269918.7034749,63.126016,89.21356954623438,0.006666180051455081,53,64,,True,False,Request timeout: 300.0s exceeded,14,56.69694568066818
242,2026-09-19T05:46:59.477+00:00,2026-09-19T05:51:59.312+00:00,2026-09-19T05:51:59.522+00:00,False,4,3.0,,3.0,299834.532137,300045.110057,300045.110081,75011.27752025,0.04114,299834.532137,149882.17810530038,254876.38385959997,70.19264,61.314130428122354,0.009998496557501256,53,64,,True,False,Request timeout: 300.0s exceeded,6,56.69694568066818
243,2026-09-19T05:46:59.885+00:00,2026-09-19T05:51:59.949+00:00,2026-09-19T05:51:59.949+00:00,False,1,0.0,,0.0,300064.110229,300064.110229,300064.110229,300064.110229,300064.110229,300064.110229,nan,300064.110229,nan,nan,0.0,53,64,,True,False,"HTTPConnectionPool(host='gpu03', port=9002): Read timed out.",0,56.69694568066818
244,2026-09-19T05:47:00.267+00:00,2026-09-19T05:52:00.318+00:00,2026-09-19T05:52:00.318+00:00,False,1,0.0,,0.0,300051.924946,300051.924946,300051.924946,300051.924946,300051.924946,300051.924946,nan,300051.924946,nan,nan,0.0,53,64,,True,False,TTFT timeout: 300.0s exceeded (TTFT: 300.047s),0,56.69694568066818
245,2026-09-19T05:47:00.661+00:00,2026-09-19T05:52:00.662+00:00,2026-09-19T05:52:00.802+00:00,False,3,2.0,,2.0,300000.34233899997,300140.61139499996,300140.61153399997,100046.87051133333,0.02195,300000.34233899997,173164.80037160107,270014.33282959997,70.134528,99.15406536244637,0.006663543432874203,53,64,,True,False,Request timeout: 300.0s exceeded,4,56.69694568066818
246,2026-09-19T05:47:01.088+00:00,2026-09-19T05:52:01.017+00:00,2026-09-19T05:52:01.131+00:00,False,3,2.0,,2.0,299928.564348,300042.79487599997,300042.795017,100014.26500566666,0.055420000000000004,299928.564348,173130.87121303898,269947.12543809996,57.115264,80.69498061417481,0.006665715805062238,53,64,,True,False,Request timeout: 300.0s exceeded,4,56.69694568066818
247,2026-09-19T05:47:01.472+00:00,2026-09-19T05:52:01.576+00:00,2026-09-19T05:52:01.576+00:00,False,1,0.0,,0.0,300104.113444,300104.113444,300104.113444,300104.113444,300104.113444,300104.113444,nan,300104.113444,nan,nan,0.0,53,64,,True,False,"HTTPConnectionPool(host='gpu03', port=9002): Read timed out.",0,56.69694568066818
248,2026-09-19T05:47:01.806+00:00,2026-09-19T05:52:01.909+00:00,2026-09-19T05:52:01.909+00:00,False,1,0.0,,0.0,300102.42590100004,300102.42590100004,300102.42590100004,300102.42590100004,300102.42590100004,300102.42590100004,nan,300102.42590100004,nan,nan,0.0,53,64,,True,False,TTFT timeout: 300.0s exceeded (TTFT: 300.097s),0,56.69694568066818
249,2026-09-19T05:47:02.336+00:00,2026-09-19T05:52:02.333+00:00,2026-09-19T05:52:02.460+00:00,False,3,2.0,,2.0,299996.934463,300124.393791,300124.393719,100041.46457299999,0.046759999999999996,299996.934463,173166.52826024345,270009.9822663,63.729664,90.06110207731034,0.006663903505933462,53,64,,True,False,Request timeout: 300.0s exceeded,5,56.69694568066818
250,2026-09-19T05:47:02.690+00:00,2026-09-19T05:52:02.464+00:00,2026-09-19T05:52:02.735+00:00,False,5,4.0,,4.0,299773.87095,300045.098342,300045.098355,60009.019671,0.02321,299773.87095,134032.63576960258,239846.2944752,67.806848,57.50179921074424,0.01333132926384515,53,64,,True,False,Request timeout: 300.0s exceeded,11,56.69694568066818
251,2026-09-19T05:47:03.124+00:00,2026-09-19T05:52:03.200+00:00,2026-09-19T05:52:03.200+00:00,False,1,0.0,,0.0,300076.50652,300076.50652,300076.50652,300076.50652,300076.50652,300076.50652,nan,300076.50652,nan,nan,0.0,53,64,,True,False,TTFT timeout: 300.0s exceeded (TTFT: 300.070s),0,56.69694568066818
252,2026-09-19T05:47:03.628+00:00,2026-09-19T05:52:03.738+00:00,2026-09-19T05:52:03.738+00:00,False,1,0.0,,0.0,300110.465729,300110.465729,300110.465729,300110.465729,300110.465729,300110.465729,nan,300110.465729,nan,nan,0.0,53,64,,True,False,"HTTPConnectionPool(host='gpu03', port=9002): Read timed out.",0,56.69694568066818
253,2026-09-19T05:47:04.030+00:00,2026-09-19T05:52:04.081+00:00,2026-09-19T05:52:05.052+00:00,False,11,10.0,,10.0,300051.026221,301021.935149,301021.935225,27365.630475,0.0424,300051.026221,90439.52036926193,150087.22606349998,97.09089279999999,34.78143157072711,0.03322017046714617,53,64,,True,False,Request timeout: 300.0s exceeded,56,56.69694568066818
254,2026-09-19T05:47:04.344+00:00,2026-09-19T05:52:04.206+00:00,2026-09-19T05:52:05.151+00:00,False,11,10.0,,10.0,299861.580812,300807.24839599995,300807.248499,27346.11349990909,0.03719,299861.580812,90383.16109816165,149988.055416,94.56675840000001,33.63895719308796,0.03324387977125945,53,64,,True,False,Request timeout: 300.0s exceeded,30,56.69694568066818
256,2026-09-19T05:47:05.175+00:00,2026-09-19T05:52:05.280+00:00,2026-09-19T05:52:05.280+00:00,False,1,0.0,,0.0,300105.71959,300105.71959,300105.71959,300105.71959,300105.71959,300105.71959,nan,300105.71959,nan,nan,0.0,53,64,,True,False,"HTTPConnectionPool(host='gpu03', port=9002): Read timed out.",0,56.69694568066818
257,2026-09-19T05:47:05.508+00:00,2026-09-19T05:52:05.536+00:00,2026-09-19T05:52:05.536+00:00,False,1,0.0,,0.0,300027.683825,300027.683825,300027.683825,300027.683825,300027.683825,300027.683825,nan,300027.683825,nan,nan,0.0,53,64,,True,False,"HTTPConnectionPool(host='gpu03', port=9002): Read timed out.",0,56.69694568066818
255,2026-09-19T05:47:04.710+00:00,2026-09-19T05:52:05.790+00:00,2026-09-19T05:52:05.790+00:00,False,1,0.0,,0.0,301080.40211699996,301080.40211699996,301080.40211699996,301080.40211699996,301080.40211699996,301080.40211699996,nan,301080.40211699996,nan,nan,0.0,53,64,,True,False,"HTTPConnectionPool(host='gpu03', port=9002): Read timed out.",0,56.69694568066818
258,2026-09-19T05:47:05.800+00:00,2026-09-19T05:52:05.812+00:00,2026-09-19T05:52:05.812+00:00,False,1,0.0,,0.0,300011.754901,300011.754901,300011.754901,300011.754901,300011.754901,300011.754901,nan,300011.754901,nan,nan,0.0,53,64,,True,False,"HTTPConnectionPool(host='gpu03', port=9002): Read timed out.",0,56.69694568066818
259,2026-09-19T05:47:06.120+00:00,2026-09-19T05:52:06.191+00:00,2026-09-19T05:52:06.191+00:00,False,1,0.0,,0.0,300071.621778,300071.621778,300071.621778,300071.621778,300071.621778,300071.621778,nan,300071.621778,nan,nan,0.0,53,64,,True,False,"HTTPConnectionPool(host='gpu03', port=9002): Read timed out.",0,56.69694568066818
260,2026-09-19T05:47:06.552+00:00,2026-09-19T05:52:06.546+00:00,2026-09-19T05:52:06.648+00:00,False,3,2.0,,2.0,299993.827171,300096.254051,300096.25423900003,100032.08474633333,0.03982,299993.827171,173171.95628588527,270004.68317870004,51.21344,72.37062542962579,0.006664528373820051,53,64,,True,False,Request timeout: 300.0s exceeded,3,56.69694568066818
261,2026-09-19T05:47:06.938+00:00,2026-09-19T05:52:06.547+00:00,2026-09-19T05:52:06.944+00:00,False,7,6.0,,6.0,299609.14184399997,300006.17633999995,300006.176308,42858.025186857136,0.03791,299609.14184399997,113216.6064157728,209756.7958041,66.172416,39.80208792173034,0.01999958825247698,53,64,,True,False,Request timeout: 300.0s exceeded,16,56.69694568066818
262,2026-09-19T05:47:07.237+00:00,2026-09-19T05:52:07.343+00:00,2026-09-19T05:52:07.343+00:00,False,1,0.0,,0.0,300105.67618999997,300105.67618999997,300105.67618999997,300105.67618999997,300105.67618999997,300105.67618999997,nan,300105.67618999997,nan,nan,0.0,53,64,,True,False,"HTTPConnectionPool(host='gpu03', port=9002): Read timed out.",0,56.69694568066818
263,2026-09-19T05:47:07.643+00:00,2026-09-19T05:52:07.749+00:00,2026-09-19T05:52:07.749+00:00,False,1,0.0,,0.0,300106.140634,300106.140634,300106.140634,300106.140634,300106.140634,300106.140634,nan,300106.140634,nan,nan,0.0,53,64,,True,False,"HTTPConnectionPool(host='gpu03', port=9002): Read timed out.",0,56.69694568066818
264,2026-09-19T05:47:07.950+00:00,2026-09-19T05:52:07.990+00:00,2026-09-19T05:52:07.990+00:00,False,1,0.0,,0.0,300040.093991,300040.093991,300040.093991,300040.093991,300040.093991,300040.093991,nan,300040.093991,nan,nan,0.0,53,64,,True,False,TTFT timeout: 300.0s exceeded (TTFT: 300.035s),0,56.69694568066818
265,2026-09-19T05:47:08.377+00:00,2026-09-19T05:52:08.271+00:00,2026-09-19T05:52:08.386+00:00,False,3,2.0,,2.0,299893.76839499996,300009.183691,300009.18369999994,100003.06123333333,0.02459,299893.76839499996,173110.43999288164,269915.93062699994,57.707648,81.57618274174372,0.006666462590891675,53,64,,True,False,Request timeout: 300.0s exceeded,6,56.69694568066818
266,2026-09-19T05:47:08.789+00:00,2026-09-19T05:52:08.864+00:00,2026-09-19T05:52:08.864+00:00,False,1,0.0,,0.0,300074.551564,300074.551564,300074.551564,300074.551564,300074.551564,300074.551564,nan,300074.551564,nan,nan,0.0,53,64,,True,False,TTFT timeout: 300.0s exceeded (TTFT: 300.067s),0,56.69694568066818
267,2026-09-19T05:47:09.296+00:00,2026-09-19T05:52:09.402+00:00,2026-09-19T05:52:09.402+00:00,False,1,0.0,,0.0,300106.685097,300106.685097,300106.685097,300106.685097,300106.685097,300106.685097,nan,300106.685097,nan,nan,0.0,53,64,,True,False,"HTTPConnectionPool(host='gpu03', port=9002): Read timed out.",0,56.69694568066818
268,2026-09-19T05:47:09.652+00:00,2026-09-19T05:52:09.600+00:00,2026-09-19T05:52:09.731+00:00,False,3,2.0,,2.0,299947.554099,300078.716467,300078.716447,100026.23881566667,0.02123,299947.554099,173136.95020581174,269965.9128009,65.581184,92.71575063951212,0.006664917870707909,53,64,,True,False,Request timeout: 300.0s exceeded,10,56.69694568066818
269,2026-09-19T05:47:10.121+00:00,2026-09-19T05:52:09.994+00:00,2026-09-19T05:52:10.206+00:00,False,4,3.0,,3.0,299872.410921,300084.752937,300084.753,75021.18825,0.02247,299872.410921,149900.82349653463,254908.04643884997,70.780672,61.397374975689374,0.009997175699992401,53,64,,True,False,Request timeout: 300.0s exceeded,11,56.69694568066818
270,2026-09-19T05:47:10.532+00:00,2026-09-19T05:52:10.600+00:00,2026-09-19T05:52:10.600+00:00,False,1,0.0,,0.0,300068.113465,300068.113465,300068.113465,300068.113465,300068.113465,300068.113465,nan,300068.113465,nan,nan,0.0,53,64,,True,False,"HTTPConnectionPool(host='gpu03', port=9002): Read timed out.",0,56.69694568066818
271,2026-09-19T05:47:10.891+00:00,2026-09-19T05:52:10.996+00:00,2026-09-19T05:52:10.996+00:00,False,1,0.0,,0.0,300105.329704,300105.329704,300105.329704,300105.329704,300105.329704,300105.329704,nan,300105.329704,nan,nan,0.0,53,64,,True,False,"HTTPConnectionPool(host='gpu03', port=9002): Read timed out.",0,56.69694568066818
272,2026-09-19T05:47:11.244+00:00,2026-09-19T05:52:11.225+00:00,2026-09-19T05:52:11.359+00:00,False,3,2.0,,2.0,299981.425029,300115.063685,300115.063791,100038.354597,0.03443,299981.425029,173155.79118401284,269996.64295929996,66.819328,94.44828670421265,0.006664110676227818,53,64,,True,False,Request timeout: 300.0s exceeded,4,56.69694568066818
273,2026-09-19T05:47:11.711+00:00,2026-09-19T05:52:11.505+00:00,2026-09-19T05:52:11.731+00:00,False,4,3.0,,3.0,299794.16386699997,300019.858587,300019.85851299996,75004.96462824999,0.041299999999999996,299794.16386699997,149859.47599630262,254843.98903144998,75.23157333333333,66.50224941404822,0.009999338090915265,53,64,,True,False,Request timeout: 300.0s exceeded,13,56.69694568066818
274,2026-09-19T05:47:12.050+00:00,2026-09-19T05:52:11.834+00:00,2026-09-19T05:52:12.129+00:00,False,5,4.0,,4.0,299784.175674,300079.243834,300079.243779,60015.8487558,0.023370000000000002,299784.175674,134034.5762559574,239847.93033460004,73.76704,49.2849996495795,0.013329812315218806,53,64,,True,False,Request timeout: 300.0s exceeded,10,56.69694568066818
275,2026-09-19T05:47:12.356+00:00,2026-09-19T05:52:12.406+00:00,2026-09-19T05:52:12.406+00:00,False,1,0.0,,0.0,300049.94207700004,300049.94207700004,300049.94207700004,300049.94207700004,300049.94207700004,300049.94207700004,nan,300049.94207700004,nan,nan,0.0,53,64,,True,False,"HTTPConnectionPool(host='gpu03', port=9002): Read timed out.",0,56.69694568066818
276,2026-09-19T05:47:12.731+00:00,2026-09-19T05:52:12.808+00:00,2026-09-19T05:52:12.808+00:00,False,1,0.0,,0.0,300076.887969,300076.887969,300076.887969,300076.887969,300076.887969,300076.887969,nan,300076.887969,nan,nan,0.0,53,64,,True,False,TTFT timeout: 300.0s exceeded (TTFT: 300.058s),0,56.69694568066818
277,2026-09-19T05:47:13.043+00:00,2026-09-19T05:52:13.098+00:00,2026-09-19T05:52:13.098+00:00,False,1,0.0,,0.0,300055.219197,300055.219197,300055.219197,300055.219197,300055.219197,300055.219197,nan,300055.219197,nan,nan,0.0,53,64,,True,False,TTFT timeout: 300.0s exceeded (TTFT: 300.046s),0,56.69694568066818
278,2026-09-19T05:47:13.500+00:00,2026-09-19T05:52:13.355+00:00,2026-09-19T05:52:13.567+00:00,False,4,3.0,,3.0,299855.118699,300067.044971,300067.044848,75016.761212,0.03581,299855.118699,149892.2468293424,254894.12904569998,70.64209066666668,61.84137536644169,0.009997765666969312,53,64,,True,False,Request timeout: 300.0s exceeded,10,56.69694568066818
279,2026-09-19T05:47:13.987+00:00,2026-09-19T05:52:14.098+00:00,2026-09-19T05:52:14.098+00:00,False,1,0.0,,0.0,300110.721536,300110.721536,300110.721536,300110.721536,300110.721536,300110.721536,nan,300110.721536,nan,nan,0.0,53,64,,True,False,"HTTPConnectionPool(host='gpu03', port=9002): Read timed out.",0,56.69694568066818
280,2026-09-19T05:47:14.371+00:00,2026-09-19T05:52:14.482+00:00,2026-09-19T05:52:14.482+00:00,False,1,0.0,,0.0,300111.792101,300111.792101,300111.792101,300111.792101,300111.792101,300111.792101,nan,300111.792101,nan,nan,0.0,53,64,,True,False,"HTTPConnectionPool(host='gpu03', port=9002): Read timed out.",0,56.69694568066818
281,2026-09-19T05:47:14.827+00:00,2026-09-19T05:52:14.783+00:00,2026-09-19T05:52:14.916+00:00,False,3,2.0,,2.0,299955.735214,300088.603054,300088.603237,100029.53441233333,0.023059999999999997,299955.735214,173141.1815128213,269973.4461889,66.43392,93.91916718513212,0.006664698291258019,53,64,,True,False,Request timeout: 300.0s exceeded,7,56.69694568066818
282,2026-09-19T05:47:15.245+00:00,2026-09-19T05:52:15.025+00:00,2026-09-19T05:52:15.348+00:00,False,5,4.0,,4.0,299780.047339,300102.950891,300102.95079499995,60020.590159,0.036939,299780.047339,134029.61952996714,239847.3993718,80.725888,54.806774468561315,0.013328759307844443,53,64,,True,False,Request timeout: 300.0s exceeded,22,56.69694568066818
283,2026-09-19T05:47:15.657+00:00,2026-09-19T05:52:15.664+00:00,2026-09-19T05:52:15.664+00:00,False,1,0.0,,0.0,300006.910746,300006.910746,300006.910746,300006.910746,300006.910746,300006.910746,nan,300006.910746,nan,nan,0.0,53,64,,True,False,"HTTPConnectionPool(host='gpu03', port=9002): Read timed out.",0,56.69694568066818
284,2026-09-19T05:47:16.184+00:00,2026-09-19T05:52:16.258+00:00,2026-09-19T05:52:16.258+00:00,False,1,0.0,,0.0,300073.800913,300073.800913,300073.800913,300073.800913,300073.800913,300073.800913,nan,300073.800913,nan,nan,0.0,53,64,,True,False,TTFT timeout: 300.0s exceeded (TTFT: 300.049s),0,56.69694568066818
285,2026-09-19T05:47:17.562+00:00,2026-09-19T05:52:16.661+00:00,2026-09-19T05:52:17.534+00:00,True,10,10.0,,10.0,299098.45076700003,299972.320591,299972.320719,29997.2320719,53.103999,299098.45076700003,94552.5317283696,164554.64138865002,97.09664711111111,17.76534708892813,0.033336409107007546,53,64,,True,True,,28,56.69694568066818
286,2026-09-19T05:47:17.681+00:00,2026-09-19T05:52:17.536+00:00,2026-09-19T05:52:17.869+00:00,False,5,4.0,,4.0,299854.558065,300187.851377,300187.85120599996,60037.570241199996,0.02561,299854.558065,134061.780987294,239910.092697,83.323328,57.517708617399336,0.013324989607845521,53,64,,True,False,Request timeout: 300.0s exceeded,14,56.69694568066818
287,2026-09-19T05:47:17.719+00:00,2026-09-19T05:52:17.636+00:00,2026-09-19T05:52:17.869+00:00,False,4,3.0,,3.0,299916.976408,300150.17756,300150.177635,75037.54440875,0.038,299916.976408,149919.63208053313,254949.5428408,77.73371733333333,69.52611307961477,0.009994996586001687,53,64,,True,False,Request timeout: 300.0s exceeded,10,56.69694568066818
288,2026-09-19T05:47:17.837+00:00,2026-09-19T05:52:17.959+00:00,2026-09-19T05:52:17.959+00:00,False,1,0.0,,0.0,300122.120231,300122.120231,300122.120231,300122.120231,300122.120231,300122.120231,nan,300122.120231,nan,nan,0.0,53,64,,True,False,"HTTPConnectionPool(host='gpu03', port=9002): Read timed out.",0,56.69694568066818
289,2026-09-19T05:47:18.150+00:00,2026-09-19T05:52:18.182+00:00,2026-09-19T05:52:18.182+00:00,False,1,0.0,,0.0,300031.399419,300031.399419,300031.399419,300031.399419,300031.399419,300031.399419,nan,300031.399419,nan,nan,0.0,53,64,,True,False,"HTTPConnectionPool(host='gpu03', port=9002): Read timed out.",0,56.69694568066818
290,2026-09-19T05:47:18.610+00:00,2026-09-19T05:52:18.678+00:00,2026-09-19T05:52:18.678+00:00,False,1,0.0,,0.0,300067.077949,300067.077949,300067.077949,300067.077949,300067.077949,300067.077949,nan,300067.077949,nan,nan,0.0,53,64,,True,False,"HTTPConnectionPool(host='gpu03', port=9002): Read timed out.",0,56.69694568066818
291,2026-09-19T05:47:18.926+00:00,2026-09-19T05:52:19.035+00:00,2026-09-19T05:52:19.035+00:00,False,1,0.0,,0.0,300109.367921,300109.367921,300109.367921,300109.367921,300109.367921,300109.367921,nan,300109.367921,nan,nan,0.0,53,64,,True,False,"HTTPConnectionPool(host='gpu03', port=9002): Read timed out.",0,56.69694568066818
292,2026-09-19T05:47:19.270+00:00,2026-09-19T05:52:19.396+00:00,2026-09-19T05:52:19.671+00:00,True,5,5.0,,5.0,300126.077612,300400.778924,300400.779057,60080.1558114,31.514902,300126.077612,134189.75237160796,240120.07105240002,68.675328,30.821249172048216,0.01664443087634262,53,64,,True,True,,18,56.69694568066818
293,2026-09-19T05:47:19.651+00:00,2026-09-19T05:52:19.398+00:00,2026-09-19T05:52:20.583+00:00,False,16,15.0,,15.0,299746.56234299997,300931.68439099996,300931.68441,18808.230275625,0.0214,299746.56234299997,74916.89603140346,75018.26538299999,79.00813653333333,34.652940527766916,0.049845200017258826,53,64,,True,False,Request timeout: 300.0s exceeded,59,56.69694568066818
295,2026-09-19T05:47:20.666+00:00,2026-09-19T05:52:20.730+00:00,2026-09-19T05:52:20.730+00:00,False,1,0.0,,0.0,300064.11593,300064.11593,300064.11593,300064.11593,300064.11593,300064.11593,nan,300064.11593,nan,nan,0.0,53,64,,True,False,"HTTPConnectionPool(host='gpu03', port=9002): Read timed out.",0,56.69694568066818
294,2026-09-19T05:47:20.137+00:00,2026-09-19T05:52:21.215+00:00,2026-09-19T05:52:21.215+00:00,False,1,0.0,,0.0,301078.960185,301078.960185,301078.960185,301078.960185,301078.960185,301078.960185,nan,301078.960185,nan,nan,0.0,53,64,,True,False,"HTTPConnectionPool(host='gpu03', port=9002): Read timed out.",0,56.69694568066818
0,2026-09-19T05:45:20.833+00:00,2026-09-19T05:45:21.093+00:00,2026-09-19T05:45:22.305+00:00,True,16,16.0,,16.0,260.122799,1472.230831,1472.230722,92.014420125,32.548524,260.122799,56.38763179667139,188.35891249999997,80.80720213333333,35.40483091181683,10.867860978792393,54,64,,False,True,,47,56.69694568066818
1,2026-09-19T05:45:21.224+00:00,2026-09-19T05:45:21.450+00:00,2026-09-19T05:45:26.794+00:00,True,57,57.0,,57.0,225.72945800000002,5570.090929999999,5570.090989,97.72089454385964,43.373169000000004,225.72945800000002,29.230080025115694,112.98096460000001,95.43502628571429,23.80504373730579,10.233226120780762,54,64,,False,True,,201,56.69694568066818
2,2026-09-19T05:45:21.566+00:00,2026-09-19T05:45:21.850+00:00,2026-09-19T05:45:22.406+00:00,True,7,7.0,,7.0,284.10400799999996,840.7470799999999,840.7470609999999,120.10672299999999,44.983345,284.10400799999996,81.80397662537882,246.78937200000001,92.77384533333333,41.88970439100385,8.325928411193532,54,64,,False,True,,31,56.69694568066818
3,2026-09-19T05:45:22.137+00:00,2026-09-19T05:45:26.014+00:00,2026-09-19T05:45:31.227+00:00,True,53,53.0,,53.0,3877.008868,9089.710308,9089.710335,171.50396858490566,46.669292,3877.008868,519.0632961775045,110.91663779999999,100.24425846153846,17.3594774037985,5.830768880868938,54,64,,False,True,,233,56.69694568066818
4,2026-09-19T05:45:22.587+00:00,2026-09-19T05:45:27.923+00:00,2026-09-19T05:45:36.259+00:00,True,85,85.0,,85.0,5336.386748,13672.047292,13672.047177,160.84761384705882,0.0,5336.386748,568.9055520368038,112.9728944,99.2340540952381,31.394784847286395,6.217064510136424,54,64,,False,True,,324,56.69694568066818
5,2026-09-19T05:45:22.936+00:00,2026-09-19T05:45:29.884+00:00,2026-09-19T05:45:32.407+00:00,True,26,26.0,,26.0,6948.189534,9470.488158,9470.488108,364.2495426153846,47.508369,6948.189534,1342.9586507119986,134.66955099999998,100.89194495999999,16.140028173128375,2.7453706256986377,54,64,,False,True,,125,56.69694568066818
6,2026-09-19T05:45:23.501+00:00,2026-09-19T05:45:32.705+00:00,2026-09-19T05:45:40.767+00:00,True,83,83.0,,83.0,9203.612459,17265.537067,17265.537114,208.01851944578314,0.0,9203.612459,1000.6203771536848,231.16026990000003,98.31615375609755,48.96775356644009,4.807264302171041,54,64,,False,True,,400,56.69694568066818
7,2026-09-19T05:45:24.114+00:00,2026-09-19T05:45:36.353+00:00,2026-09-19T05:45:43.748+00:00,True,76,76.0,,76.0,12239.826784,19633.936992000003,19633.936967,258.34127588157895,0.0,12239.826784,1393.5293245103153,170.3837555,98.58813610666667,48.5218542607641,3.870848726415226,54,64,,False,True,,250,56.69694568066818
8,2026-09-19T05:45:24.454+00:00,2026-09-19T05:45:37.948+00:00,2026-09-19T05:45:41.787+00:00,True,40,40.0,,40.0,13494.204591,17332.721327,17332.721368,433.3180342,0.0,13494.204591,2118.4892139568283,120.00093879999999,98.42350605128205,43.252134416058986,2.3077737907024507,54,64,,False,True,,134,56.69694568066818
9,2026-09-19T05:45:24.966+00:00,2026-09-19T05:45:40.764+00:00,2026-09-19T05:45:44.659+00:00,True,40,40.0,,40.0,15797.817823000001,19692.976607,19692.976768,492.3244192,0.0,15797.817823000001,2482.386186590811,149.17361834999997,99.87586625641026,40.606898155266784,2.0311810041851026,54,64,,False,True,,194,56.69694568066818
10,2026-09-19T05:45:25.497+00:00,2026-09-19T05:45:43.744+00:00,2026-09-19T05:45:45.132+00:00,True,15,15.0,,15.0,18246.23186,19634.372148,19634.372205,1308.958147,51.045652000000004,18246.23186,4685.578161991305,5552.1786833,99.15287771428572,15.074773879639423,0.7639663691272112,54,64,,False,True,,78,56.69694568066818
11,2026-09-19T05:45:26.122+00:00,2026-09-19T05:45:47.528+00:00,2026-09-19T05:45:54.738+00:00,True,73,73.0,,73.0,21405.338439,28615.784519,28615.78438,391.99704630136983,0.0,21405.338439,2494.8807600355085,227.4047884,100.14508444444445,80.98505317828548,2.551039617716238,54,64,,False,True,,262,56.69694568066818
12,2026-09-19T05:45:26.646+00:00,2026-09-19T05:45:50.531+00:00,2026-09-19T05:45:50.640+00:00,True,2,2.0,,2.0,23884.702112,23993.6296,23993.629548,11996.814774,108.927436,23884.702112,16812.011501362987,22695.9133782,108.927488,nan,0.08335545865057449,54,64,,False,True,,4,56.69694568066818
13,2026-09-19T05:45:27.200+00:00,2026-09-19T05:45:53.291+00:00,2026-09-19T05:45:54.636+00:00,True,14,14.0,,14.0,26090.942221999998,27436.604173999996,27436.604226999996,1959.7574447857141,0.0,26090.942221999998,6946.385314924336,9439.581102099999,103.51245784615384,119.73124044427183,0.5102672295453732,54,64,,False,True,,48,56.69694568066818
14,2026-09-19T05:45:27.745+00:00,2026-09-19T05:45:56.082+00:00,2026-09-19T05:45:56.234+00:00,True,3,3.0,,3.0,28336.942028999998,28489.476812999997,28489.476923,9496.492307666666,52.154078,28336.942028999998,16316.325895590939,25513.285907699996,76.267392,34.10132760929991,0.1053020390543316,54,64,,False,True,,7,56.69694568066818
15,2026-09-19T05:45:28.240+00:00,2026-09-19T05:45:59.126+00:00,2026-09-19T05:46:05.758+00:00,True,67,67.0,,67.0,30886.593796999998,37518.096133,37518.096119999995,559.971583880597,0.0,30886.593796999998,3762.2304389282303,120.626669,100.47730812121212,91.98792938409204,1.7858049023193487,54,64,,False,True,,301,56.69694568066818
16,2026-09-19T05:45:28.859+00:00,2026-09-19T05:46:02.246+00:00,2026-09-19T05:46:03.472+00:00,True,13,13.0,,13.0,33386.593883,34612.428123,34612.428048,2662.4944652307695,54.107563,33386.593883,9231.454963607108,13421.4296678,102.15285333333333,15.5314269803369,0.3755876344127815,54,64,,False,True,,32,56.69694568066818
17,2026-09-19T05:45:29.396+00:00,2026-09-19T05:46:05.781+00:00,2026-09-19T05:46:14.559+00:00,True,90,90.0,,90.0,36384.92036,45162.215207999994,45162.215303,501.8023922555555,0.0,36384.92036,3825.9908991810476,112.38818350000001,98.6212904269663,91.37932501725327,1.9928163307644282,54,64,,False,True,,310,56.69694568066818
18,2026-09-19T05:45:29.913+00:00,2026-09-19T05:46:08.160+00:00,2026-09-19T05:46:10.271+00:00,True,22,22.0,,22.0,38246.814692,40357.42794,40357.428006,1834.4285457272726,93.143603,38246.814692,8132.821701837696,109.2397701,100.50539276190476,4.590003894423379,0.5451288925723348,54,64,,False,True,,64,56.69694568066818
19,2026-09-19T05:45:30.320+00:00,2026-09-19T05:46:10.166+00:00,2026-09-19T05:46:12.583+00:00,True,22,22.0,,22.0,39846.721975,42263.276471,42263.276386,1921.0580175454545,0.0,39846.721975,8472.050159040686,711.4259629500001,115.07402361904761,148.1861796044907,0.5205464847264232,54,64,,False,True,,87,56.69694568066818
20,2026-09-19T05:45:30.722+00:00,2026-09-19T05:46:12.578+00:00,2026-09-19T05:46:20.798+00:00,True,92,92.0,,92.0,41856.39101299999,50076.801637,50076.801673999995,544.313061673913,0.0,41856.39101299999,4355.020407345886,113.29831259999999,90.33418268131868,73.17062404460131,1.8371780343899684,54,64,,False,True,,430,56.69694568066818
21,2026-09-19T05:45:31.241+00:00,2026-09-19T05:46:14.760+00:00,2026-09-19T05:46:22.797+00:00,True,80,80.0,,80.0,43518.470241999996,51556.276066,51556.276019,644.4534502375,0.0,43518.470241999996,4855.699313844258,114.43941235,101.74437751898735,123.93219751913311,1.5517024522404925,54,64,,False,True,,240,56.69694568066818
22,2026-09-19T05:45:31.835+00:00,2026-09-19T05:46:18.226+00:00,2026-09-19T05:46:24.762+00:00,True,66,66.0,,66.0,46391.27043,52927.405086,52927.405275,801.9303829545454,0.0,46391.27043,5699.767865403211,114.04209399999999,100.55591778461539,143.33456529267147,1.2469910416495722,54,64,,False,True,,197,56.69694568066818
23,2026-09-19T05:45:32.209+00:00,2026-09-19T05:46:20.398+00:00,2026-09-19T05:46:23.040+00:00,True,29,29.0,,29.0,48189.218702,50831.308686,50831.308777,1752.8037509310345,0.0,48189.218702,8932.583916082891,607.1311456,94.36035657142857,171.782866514978,0.5705145263747106,54,64,,False,True,,144,56.69694568066818
24,2026-09-19T05:45:32.576+00:00,2026-09-19T05:46:22.739+00:00,2026-09-19T05:46:32.801+00:00,True,100,100.0,,100.0,50162.981685,60225.827380999996,60225.827445999996,602.2582744599999,0.0,50162.981685,5006.738538301733,119.30825555000001,101.64490602020203,78.21886223425126,1.6604172055185071,54,64,,False,True,,350,56.69694568066818
25,2026-09-19T05:45:33.153+00:00,2026-09-19T05:46:25.609+00:00,2026-09-19T05:46:33.775+00:00,True,80,80.0,,80.0,52456.277013,60621.719829,60621.720018,757.771500225,0.0,52456.277013,5853.88218744645,116.31918889999999,103.36003564556962,87.66410335507993,1.319659030223189,54,64,,False,True,,344,56.69694568066818
26,2026-09-19T05:45:33.749+00:00,2026-09-19T05:46:28.488+00:00,2026-09-19T05:46:34.931+00:00,True,64,64.0,,64.0,54738.469901000004,61181.798925,61181.798886000004,955.9656075937501,0.0,54738.469901000004,6830.206987453721,116.2639763,102.27506387301587,97.33946805961706,1.04606273637777,54,64,,False,True,,225,56.69694568066818
27,2026-09-19T05:45:34.344+00:00,2026-09-19T05:46:31.721+00:00,2026-09-19T05:46:41.535+00:00,True,98,98.0,,98.0,57376.914141,67191.426013,67191.426079,685.6267967244899,0.0,57376.914141,5786.789094198895,115.34793184999998,101.1805347628866,111.66106295115749,1.458519424502752,54,64,,False,True,,391,56.69694568066818
28,2026-09-19T05:45:34.878+00:00,2026-09-19T05:46:35.029+00:00,2026-09-19T05:46:40.811+00:00,True,59,59.0,,59.0,60150.692046,65933.508558,65933.508541,1117.5170939152542,0.0,60150.692046,7819.241141672613,171.584447,99.70373296551723,142.06241097694948,0.8948408979039729,54,64,,False,True,,246,56.69694568066818
29,2026-09-19T05:45:35.278+00:00,2026-09-19T05:46:37.740+00:00,2026-09-19T05:46:41.121+00:00,True,39,39.0,,39.0,62462.146198,65843.82351,65843.823615,1688.3031696153846,0.0,62462.146198,9988.690857667903,194.16444629999998,88.99150821052632,142.71495331944004,0.5923106818679339,54,64,,False,True,,163,56.69694568066818
30,2026-09-19T05:45:35.615+00:00,2026-09-19T05:46:39.356+00:00,2026-09-19T05:46:48.487+00:00,True,94,94.0,,94.0,63740.862613,72871.228309,72871.228453,775.2258346063829,37.934261,63740.862613,6564.268997275644,112.03512365,98.17597522580644,18.957689258834954,1.2899466933836556,54,64,,False,True,,400,56.69694568066818
31,2026-09-19T05:45:36.190+00:00,2026-09-19T05:46:42.230+00:00,2026-09-19T05:46:44.969+00:00,True,29,29.0,,29.0,66039.566731,68779.305099,68779.305004,2371.700172551724,43.518198,66039.566731,12245.08690426655,113.62766500000002,97.84779885714285,20.843693962738943,0.42163845590265553,54,64,,False,True,,140,56.69694568066818
32,2026-09-19T05:45:36.550+00:00,2026-09-19T05:46:44.132+00:00,2026-09-19T05:46:47.661+00:00,True,37,37.0,,37.0,67581.210639,71110.35367899999,71110.35358899999,1921.9014483513513,46.594621,67581.210639,11094.180724785932,112.5883382,98.0317511111111,18.163101361149835,0.5203180421099027,54,64,,False,True,,173,56.69694568066818
33,2026-09-19T05:45:37.112+00:00,2026-09-19T05:46:45.381+00:00,2026-09-19T05:46:52.917+00:00,True,78,78.0,,78.0,68269.113786,75804.768186,75804.768297,971.8560038076923,0.0,68269.113786,7719.716265651925,112.11946705,97.86564155844157,114.78933178089463,1.0289590202111512,54,64,,False,True,,377,56.69694568066818
34,2026-09-19T05:45:37.506+00:00,2026-09-19T05:46:48.986+00:00,2026-09-19T05:46:58.350+00:00,True,95,95.0,,95.0,71479.37176800001,80843.66668000001,80843.66661900001,850.9859644105264,0.0,71479.37176800001,7324.657898265311,112.9252029,99.62015863829787,136.0351496393605,1.1751075118355825,54,64,,False,True,,354,56.69694568066818
35,2026-09-19T05:45:37.897+00:00,2026-09-19T05:46:51.331+00:00,2026-09-19T05:47:00.125+00:00,True,89,89.0,,89.0,73433.68319699999,82228.073213,82228.07340499999,923.9109371348313,0.0,73433.68319699999,7773.827891487854,113.9575074,99.93625018181818,85.62937108554264,1.0823554112651805,54,64,,False,True,,342,56.69694568066818
36,2026-09-19T05:45:38.352+00:00,2026-09-19T05:46:53.225+00:00,2026-09-19T05:46:58.249+00:00,True,51,51.0,,51.0,74873.297822,79897.86895799999,79897.868924,1566.624880862745,0.01819,74873.297822,10470.854415975138,116.49066699999999,100.49142272,110.09701745666717,0.638314897069523,54,64,,False,True,,270,56.69694568066818
37,2026-09-19T05:45:38.897+00:00,2026-09-19T05:46:56.235+00:00,2026-09-19T05:47:00.976+00:00,True,48,48.0,,48.0,77337.04481200001,82078.854732,82078.854718,1709.9761399583335,49.441634,77337.04481200001,11148.092359291786,112.4152482,100.88957276595744,17.60469206407461,0.5848034814414422,54,64,,False,True,,222,56.69694568066818
38,2026-09-19T05:45:39.448+00:00,2026-09-19T05:47:00.126+00:00,2026-09-19T05:47:07.171+00:00,True,74,74.0,,74.0,80677.51735600001,87722.99166000001,87722.99169800001,1185.4458337567569,0.0,80677.51735600001,9368.338935694412,111.66201645,96.51334663013698,136.96097076908896,0.8435644817816053,54,64,,False,True,,358,56.69694568066818
39,2026-09-19T05:45:39.840+00:00,2026-09-19T05:47:02.464+00:00,2026-09-19T05:47:09.156+00:00,True,71,71.0,,71.0,82623.27882600001,89316.019178,89316.01909500001,1257.9720999295776,0.0,82623.27882600001,9795.210425645364,111.97371750000002,95.61057645714286,139.4226582268587,0.7949301889339965,54,64,,False,True,,261,56.69694568066818
40,2026-09-19T05:45:40.243+00:00,2026-09-19T05:47:04.852+00:00,2026-09-19T05:47:06.861+00:00,True,25,25.0,,25.0,84608.91098100001,86617.65184500001,86617.65187900001,3464.70607516,0.0,84608.91098100001,16905.075464843285,108.87273699999997,83.697536,34.00507933012783,0.28862477182753504,54,64,,False,True,,78,56.69694568066818
41,2026-09-19T05:45:40.641+00:00,2026-09-19T05:47:07.080+00:00,2026-09-19T05:47:13.760+00:00,True,68,68.0,,68.0,86438.87730200001,93118.89215000001,93118.89212,1369.3954723529414,47.979077,86438.87730200001,10470.172183267563,110.42451319999998,99.70171414925373,14.003655103828567,0.7302492376140237,54,64,,False,True,,265,56.69694568066818
42,2026-09-19T05:45:41.150+00:00,2026-09-19T05:47:09.770+00:00,2026-09-19T05:47:11.791+00:00,True,21,21.0,,21.0,88619.121149,90640.657917,90640.658096,4316.221814095238,49.862013,88619.121149,19316.22494512855,112.241197,101.0768384,12.864780293668556,0.2316841082423495,54,64,,False,True,,78,56.69694568066818
43,2026-09-19T05:45:41.649+00:00,2026-09-19T05:47:12.309+00:00,2026-09-19T05:47:18.665+00:00,True,67,67.0,,67.0,90659.494014,97016.099454,97016.09956999999,1448.001486119403,0.01811,90659.494014,11064.921025264672,111.8568133,96.31220363636363,139.60849608576527,0.6906070268447344,54,64,,False,True,,281,56.69694568066818
44,2026-09-19T05:45:42.164+00:00,2026-09-19T05:47:15.796+00:00,2026-09-19T05:47:20.772+00:00,True,52,52.0,,52.0,93631.439824,98607.80590400001,98607.806008,1896.3039616923077,0.0,93631.439824,12972.791905996497,536.65221225,97.57580549019607,228.82737003466568,0.5273416188838518,54,64,,False,True,,205,56.69694568066818
45,2026-09-19T05:45:42.664+00:00,2026-09-19T05:47:18.094+00:00,2026-09-19T05:47:20.402+00:00,True,15,15.0,,15.0,95429.686906,97737.571706,97737.57179,6515.838119333333,0.0,95429.686906,24599.40222897388,29553.587206800003,164.8489142857143,335.6808244588268,0.15347219844095192,54,64,,False,True,,83,56.69694568066818
46,2026-09-19T05:45:43.060+00:00,2026-09-19T05:47:20.418+00:00,2026-09-19T05:47:24.907+00:00,True,46,46.0,,46.0,97358.033254,101847.27127,101847.271302,2214.0711152608696,47.067800000000005,97358.033254,14339.961340005897,113.1776445,99.7608448,18.28916805888166,0.4516566759854832,54,64,,False,True,,189,56.69694568066818
47,2026-09-19T05:45:43.533+00:00,2026-09-19T05:47:22.670+00:00,2026-09-19T05:47:24.048+00:00,True,16,16.0,,16.0,99137.083282,100514.11854600001,100514.11839100001,6282.132399437501,46.7322,99137.083282,24761.332074537328,24867.11775625,91.80235093333334,25.063629923084985,0.1591816177811642,54,64,,False,True,,41,56.69694568066818
48,2026-09-19T05:45:44.132+00:00,2026-09-19T05:47:26.253+00:00,2026-09-19T05:47:32.276+00:00,True,63,63.0,,63.0,102120.644483,108143.698563,108143.698431,1716.5666417619047,43.900777000000005,102120.644483,12853.763518195985,109.65105189999998,97.1460335483871,16.883364903080306,0.582558215015171,54,64,,True,True,,255,56.69694568066818
49,2026-09-19T05:45:44.620+00:00,2026-09-19T05:47:28.943+00:00,2026-09-19T05:47:38.586+00:00,True,99,99.0,,99.0,104323.744176,113966.58705599999,113966.58714199999,1151.1776478989898,44.619023999999996,104323.744176,10475.055151235221,112.08174600000001,98.39635591836735,16.944280149229925,0.8686756579922339,54,64,,True,True,,426,56.69694568066818
50,2026-09-19T05:45:45.042+00:00,2026-09-19T05:47:31.351+00:00,2026-09-19T05:47:35.507+00:00,True,43,43.0,,43.0,106309.32495299999,110465.00879299999,110465.00887499998,2568.9536947674414,47.405258,106309.32495299999,16196.939180711135,112.96810140000001,98.94485333333333,16.355646231733676,0.38926353666053254,54,64,,True,True,,183,56.69694568066818
51,2026-09-19T05:45:45.650+00:00,2026-09-19T05:47:34.566+00:00,2026-09-19T05:47:35.204+00:00,True,8,8.0,,8.0,108915.840453,109553.151941,109553.152059,13694.144007375,45.412822999999996,108915.840453,38475.386298674035,70835.7981989,91.04449828571428,31.01413061803417,0.07302391449502439,54,64,,True,True,,30,56.69694568066818
52,2026-09-19T05:45:46.059+00:00,2026-09-19T05:47:36.546+00:00,2026-09-19T05:47:46.249+00:00,True,100,100.0,,100.0,110487.130412,120189.848364,120189.8484,1201.898484,47.325289,110487.130412,11038.928723208606,112.1860839,98.00725204040404,19.129365866021086,0.8320170244091315,54,64,,True,True,,350,56.69694568066818
53,2026-09-19T05:45:46.656+00:00,2026-09-19T05:47:39.743+00:00,2026-09-19T05:47:47.583+00:00,True,79,79.0,,79.0,113087.478416,120927.760272,120927.760351,1530.7311436835444,44.344605,113087.478416,12712.035434479487,111.5137888,100.51643405128205,15.263256328822521,0.6532825864161144,54,64,,True,True,,333,56.69694568066818
54,2026-09-19T05:45:47.097+00:00,2026-09-19T05:47:42.288+00:00,2026-09-19T05:47:45.112+00:00,True,29,29.0,,29.0,115191.29540700001,118015.367343,118015.36736200002,4069.4954262758624,49.434304,115191.29540700001,21371.76183881242,111.40957279999999,100.859712,14.063025778099602,0.2457307099313123,54,64,,True,True,,141,56.69694568066818
55,2026-09-19T05:45:47.458+00:00,2026-09-19T05:47:44.180+00:00,2026-09-19T05:47:45.743+00:00,True,17,17.0,,17.0,116722.495681,118285.006273,118285.006473,6957.941557235295,49.095594,116722.495681,28285.68405971913,23433.706836999998,97.656912,18.863944131228546,0.14372066701982716,54,64,,True,True,,65,56.69694568066818
56,2026-09-19T05:45:47.910+00:00,2026-09-19T05:47:46.559+00:00,2026-09-19T05:47:54.870+00:00,True,84,84.0,,84.0,118648.783671,126959.502391,126959.502496,1511.4226487619048,44.269555999999994,118648.783671,12934.72701644966,110.5779825,100.12914120481928,14.809348811519268,0.6616283020809528,54,64,,True,True,,313,56.69694568066818
57,2026-09-19T05:45:48.318+00:00,2026-09-19T05:47:48.690+00:00,2026-09-19T05:47:56.349+00:00,True,79,79.0,,79.0,120371.953811,128031.671187,128031.671303,1620.6540671265823,45.499783,120371.953811,13531.864603249458,110.2900568,98.20150482051281,16.76450413250691,0.6170348263642867,54,64,,True,True,,381,56.69694568066818
58,2026-09-19T05:45:48.861+00:00,2026-09-19T05:47:51.964+00:00,2026-09-19T05:47:54.559+00:00,True,27,27.0,,27.0,123103.287059,125698.841875,125698.84194299999,4655.512664555556,52.056796999999996,123103.287059,23672.02876535943,110.94659589999999,99.82903138461539,10.48176033536155,0.2147991150694124,54,64,,True,True,,118,56.69694568066818
59,2026-09-19T05:45:49.209+00:00,2026-09-19T05:47:53.509+00:00,2026-09-19T05:47:54.969+00:00,True,16,16.0,,16.0,124299.687334,125759.718822,125759.718708,7859.98241925,48.577926,124299.687334,31050.591038398892,31153.88676175,97.33543253333333,14.271558854463185,0.12722674756172414,54,64,,True,True,,66,56.69694568066818
60,2026-09-19T05:45:49.631+00:00,2026-09-19T05:47:55.487+00:00,2026-09-19T05:47:56.296+00:00,True,9,9.0,,9.0,125856.017608,126664.56109599999,126664.56095099999,14073.840105666666,93.20766,125856.017608,41918.31672168528,75555.5924536,101.067936,3.8946790989647844,0.07105381270124037,54,64,,True,True,,26,56.69694568066818
61,2026-09-19T05:45:50.228+00:00,2026-09-19T05:47:58.911+00:00,2026-09-19T05:48:01.510+00:00,True,26,26.0,,26.0,128682.200571,131281.078779,131281.07861599998,5049.272254461538,92.95356,128682.200571,25216.26895033758,111.32505074999999,103.95512831999999,4.5263434484534235,0.19804834209024655,54,64,,True,True,,108,56.69694568066818
62,2026-09-19T05:45:50.787+00:00,2026-09-19T05:48:01.862+00:00,2026-09-19T05:48:07.191+00:00,True,55,55.0,,55.0,131074.923067,136403.809083,136403.80916099998,2480.0692574727273,46.72019,131074.923067,17660.842792597567,111.87397270000001,98.68307437037038,19.154584151367803,0.40321454635136467,54,64,,True,True,,270,56.69694568066818
63,2026-09-19T05:45:51.336+00:00,2026-09-19T05:48:04.696+00:00,2026-09-19T05:48:05.922+00:00,True,14,14.0,,14.0,133359.607668,134585.395572,134585.39558500002,9613.242541785716,51.312219,133359.607668,35616.66180792396,46750.23128395001,94.29137723076923,24.64781343320971,0.10402317384065889,54,64,,True,True,,53,56.69694568066818
64,2026-09-19T05:45:52.223+00:00,2026-09-19T05:48:08.730+00:00,2026-09-19T05:48:13.462+00:00,True,48,48.0,,48.0,136506.761864,141238.824072,141238.824054,2942.475501125,48.775445,136506.761864,19688.52797429506,112.08497435000001,100.68217463829787,15.879314972941783,0.3398498983220846,54,64,,True,True,,207,56.69694568066818
65,2026-09-19T05:45:52.275+00:00,2026-09-19T05:48:09.836+00:00,2026-09-19T05:48:10.371+00:00,True,6,6.0,,6.0,137560.801725,138096.178877,138096.178882,23016.029813666668,103.860745,137560.801725,56115.24884223514,103198.3174285,107.0754304,3.0193804100332904,0.043447979870204094,54,64,,True,True,,44,56.69694568066818
66,2026-09-19T05:45:52.874+00:00,2026-09-19T05:48:12.786+00:00,2026-09-19T05:48:16.156+00:00,True,35,35.0,,35.0,139911.754127,143282.369167,143282.369151,4093.781975742857,43.654247000000005,139911.754127,23632.651515712667,110.2475877,99.13573647058824,16.596355134567947,0.24427290114952266,54,64,,True,True,,111,56.69694568066818
67,2026-09-19T05:45:53.306+00:00,2026-09-19T05:48:15.588+00:00,2026-09-19T05:48:24.310+00:00,True,89,89.0,,89.0,142282.817257,151003.90397699998,151003.904163,1696.673080483146,44.597615,142282.817257,15071.45392291099,110.01159240000001,99.10325818181819,17.791686971506834,0.5893887353637952,54,64,,True,True,,341,56.69694568066818
68,2026-09-19T05:45:53.926+00:00,2026-09-19T05:48:19.031+00:00,2026-09-19T05:48:23.832+00:00,True,49,49.0,,49.0,145104.227829,149905.243381,149905.243308,3059.2906797551022,49.861873,145104.227829,20714.892237161985,111.9920078,100.02115733333333,15.351075371649944,0.3268731559673421,54,64,,True,True,,205,56.69694568066818
69,2026-09-19T05:45:54.547+00:00,2026-09-19T05:48:22.375+00:00,2026-09-19T05:48:24.308+00:00,True,22,22.0,,22.0,147828.40958,149761.496044,149761.496118,6807.340732636364,43.478847,147828.40958,31497.5064809835,111.93932610000002,92.05173638095239,24.611599420854354,0.14690024192557738,54,64,,True,True,,100,56.69694568066818
70,2026-09-19T05:45:54.966+00:00,2026-09-19T05:48:24.929+00:00,2026-09-19T05:48:27.100+00:00,True,22,22.0,,22.0,149962.50647999998,152133.339888,152133.340126,6915.15182390909,48.258297,149962.50647999998,31950.077108417838,112.0872553,103.37301942857144,12.963297770470247,0.144609985005235,54,64,,True,True,,106,56.69694568066818
71,2026-09-19T05:45:55.429+00:00,2026-09-19T05:48:27.095+00:00,2026-09-19T05:48:36.112+00:00,True,91,91.0,,91.0,151665.262167,160682.458455,160682.458393,1765.7413010219782,44.797365,151665.262167,15888.3458446839,111.69862649999999,100.19106986666667,17.25343139824484,0.5663343769754745,54,64,,True,True,,400,56.69694568066818
72,2026-09-19T05:45:55.999+00:00,2026-09-19T05:48:30.351+00:00,2026-09-19T05:48:34.740+00:00,True,44,44.0,,44.0,154351.821298,158740.856306,158740.856239,3607.746732704545,47.003569000000006,154351.821298,23254.029614517665,112.6484673,102.07058158139534,15.030556892432521,0.27718131944042507,54,64,,True,True,,159,56.69694568066818
73,2026-09-19T05:45:56.625+00:00,2026-09-19T05:48:33.516+00:00,2026-09-19T05:48:40.362+00:00,True,69,69.0,,69.0,156891.350356,163737.103956,163737.103849,2373.0015050579714,46.616501,156891.350356,18875.388210581554,113.687963,100.67284705882352,18.30205118285369,0.4214072335036652,54,64,,True,True,,398,56.69694568066818
74,2026-09-19T05:45:57.080+00:00,2026-09-19T05:48:35.995+00:00,2026-09-19T05:48:39.720+00:00,True,38,38.0,,38.0,158914.53372600002,162640.00444600004,162640.004481,4280.000117921053,47.216947999999995,158914.53372600002,25763.015952370944,116.78329525,100.68839783783784,20.92508447265132,0.23364485342606353,54,64,,True,True,,121,56.69694568066818
75,2026-09-19T05:45:57.651+00:00,2026-09-19T05:48:39.344+00:00,2026-09-19T05:48:42.385+00:00,True,30,30.0,,30.0,161693.28890400002,164733.66701600002,164733.66696200002,5491.1222320666675,53.539084,161693.28890400002,29501.881152245005,112.57450195,104.84062455172413,10.391304849834938,0.18211213617363475,54,64,,True,True,,91,56.69694568066818
76,2026-09-19T05:45:58.218+00:00,2026-09-19T05:48:42.280+00:00,2026-09-19T05:48:47.920+00:00,True,59,59.0,,59.0,164062.02418,169701.89234000002,169701.89248,2876.3032623728814,46.498341,164062.02418,21346.4044314431,112.1679558,97.23910620689657,18.19866567863927,0.3476684861108838,54,64,,True,True,,271,56.69694568066818
77,2026-09-19T05:45:58.781+00:00,2026-09-19T05:48:45.276+00:00,2026-09-19T05:48:51.889+00:00,True,68,68.0,,68.0,166494.929983,173108.200255,173108.20026500002,2545.7088274264706,45.239873,166494.929983,20178.514077153635,113.417182,98.70552644776119,18.019917524582375,0.39281790175064746,54,64,,True,True,,229,56.69694568066818
78,2026-09-19T05:45:59.194+00:00,2026-09-19T05:48:47.816+00:00,2026-09-19T05:48:48.131+00:00,True,4,4.0,,4.0,168621.522231,168936.07839100002,168936.078161,42234.01954025,101.761821,168621.522231,84258.33516900733,143344.5306291,104.85205333333333,3.2521809199497698,0.023677594733447403,54,64,,True,True,,13,56.69694568066818
79,2026-09-19T05:45:59.600+00:00,2026-09-19T05:48:49.633+00:00,2026-09-19T05:48:56.819+00:00,True,72,72.0,,72.0,170032.552712,177218.679304,177218.679126,2461.370543416667,50.639610999999995,170032.552712,20026.605353957304,111.8699321,101.21305059154929,14.1356964206635,0.4062777145319517,54,64,,True,True,,335,56.69694568066818
80,2026-09-19T05:46:00.078+00:00,2026-09-19T05:48:52.416+00:00,2026-09-19T05:49:01.000+00:00,True,87,87.0,,87.0,172337.94769600002,180921.318704,180921.318693,2079.5553872758624,46.647580000000005,172337.94769600002,18465.874120987733,112.40180430000001,99.80663962790697,16.311654333020083,0.48087202007596525,54,64,,True,True,,405,56.69694568066818
81,2026-09-19T05:46:00.504+00:00,2026-09-19T05:48:54.464+00:00,2026-09-19T05:49:04.106+00:00,True,98,98.0,,98.0,173959.954052,183601.704068,183601.70395899998,1873.4867750918365,45.059114,173959.954052,17562.57663889524,112.62847504999999,99.39948470103093,17.347743961278642,0.5337641090940204,54,64,,True,True,,416,56.69694568066818
82,2026-09-19T05:46:00.910+00:00,2026-09-19T05:48:56.711+00:00,2026-09-19T05:48:57.256+00:00,True,6,6.0,,6.0,175800.84288100002,176346.045569,176346.04549800002,29391.007583000002,107.411587,175800.84288100002,71725.87796759805,131878.18288100002,109.0405376,1.0873425379174677,0.034024012166761874,54,64,,True,True,,42,56.69694568066818
83,2026-09-19T05:46:01.449+00:00,2026-09-19T05:48:59.500+00:00,2026-09-19T05:49:06.859+00:00,True,74,74.0,,74.0,178050.743185,185409.332369,185409.332413,2505.5315190945944,49.066244,178050.743185,20686.265771835195,110.59293415,100.80259156164384,14.999181442655322,0.3991169109693241,54,64,,True,True,,253,56.69694568066818
84,2026-09-19T05:46:01.956+00:00,2026-09-19T05:49:02.620+00:00,2026-09-19T05:49:08.201+00:00,True,56,56.0,,56.0,180663.713347,186245.084483,186245.084395,3325.805078482143,48.819875,180663.713347,24128.64858129417,112.73625925,101.4794752,15.906198063418124,0.3006790764730843,54,64,,True,True,,259,56.69694568066818
85,2026-09-19T05:46:02.306+00:00,2026-09-19T05:49:04.789+00:00,2026-09-19T05:49:10.678+00:00,True,59,59.0,,59.0,182482.30591,188371.683958,188371.684024,3192.7404071864407,47.913517999999996,182482.30591,23743.959624631796,114.24211200000002,101.5410008275862,17.66433262888421,0.31321055670529996,54,64,,True,True,,289,56.69694568066818
86,2026-09-19T05:46:02.839+00:00,2026-09-19T05:49:07.339+00:00,2026-09-19T05:49:17.236+00:00,True,99,99.0,,99.0,184500.787399,194397.326279,194397.326214,1963.6093556969697,46.220411999999996,184500.787399,18532.88580488455,112.92946609999998,100.9850906122449,17.693798876005502,0.5092662635591743,54,64,,True,True,,396,56.69694568066818
87,2026-09-19T05:46:03.287+00:00,2026-09-19T05:49:09.764+00:00,2026-09-19T05:49:11.054+00:00,True,14,14.0,,14.0,186476.960008,187767.164168,187767.164103,13411.940293071428,50.131930999999994,186476.960008,49811.54363547121,65339.54574,99.24647384615385,21.91546006825079,0.07456042733581389,54,64,,True,True,,58,56.69694568066818
88,2026-09-19T05:46:03.848+00:00,2026-09-19T05:49:12.662+00:00,2026-09-19T05:49:14.717+00:00,True,22,22.0,,22.0,188814.63079499998,190869.39610699998,190869.39617099997,8675.881644136363,50.898199999999996,188814.63079499998,40234.55835842729,112.0533307,97.84596723809524,19.81175226342537,0.115262061119882,54,64,,True,True,,71,56.69694568066818
89,2026-09-19T05:46:04.232+00:00,2026-09-19T05:49:14.929+00:00,2026-09-19T05:49:19.665+00:00,True,49,49.0,,49.0,190697.195127,195432.89483900002,195432.894906,3988.4264266530613,46.66377,190697.195127,27228.369433973734,113.65414239999998,98.66041066666668,20.193156175822654,0.2507254474246354,54,64,,True,True,,211,56.69694568066818
90,2026-09-19T05:46:04.596+00:00,2026-09-19T05:49:16.920+00:00,2026-09-19T05:49:25.344+00:00,True,85,85.0,,85.0,192324.002632,200748.79034399998,200748.790312,2361.7504742588235,47.569848,192324.002632,20849.59522606741,113.91352979999999,100.29509180952381,16.922601500372096,0.42341475559750735,54,64,,True,True,,324,56.69694568066818
91,2026-09-19T05:46:04.993+00:00,2026-09-19T05:49:19.029+00:00,2026-09-19T05:49:26.578+00:00,True,76,76.0,,76.0,194036.287744,201585.330688,201585.330523,2652.438559513158,47.036729,194036.287744,22245.949024214086,112.37599075,100.65390592,16.6444215768361,0.377011560020841,54,64,,True,True,,351,56.69694568066818
92,2026-09-19T05:46:05.373+00:00,2026-09-19T05:49:21.226+00:00,2026-09-19T05:49:21.433+00:00,True,3,3.0,,3.0,195853.025482,196059.571402,196059.571395,65353.190465,100.23612399999999,195853.025482,113016.17235520108,176278.3539127,103.27296,4.2948647655505985,0.015301471785066838,54,64,,True,True,,5,56.69694568066818
93,2026-09-19T05:46:05.844+00:00,2026-09-19T05:49:23.958+00:00,2026-09-19T05:49:26.146+00:00,True,22,22.0,,22.0,198114.05872099998,200302.21232099997,200302.21220299997,9104.646009227272,53.348234,198114.05872099998,42215.845948804366,115.81961965,104.19779047619048,12.461825317226975,0.10983403400828784,54,64,,True,True,,67,56.69694568066818
94,2026-09-19T05:46:06.463+00:00,2026-09-19T05:49:27.414+00:00,2026-09-19T05:49:30.704+00:00,True,33,33.0,,33.0,200950.990013,204241.266109,204241.266012,6189.129273090909,46.290471,200950.990013,34963.18144301304,113.82936579999999,102.821128,14.715492441334888,0.1615736164815414,54,64,,True,True,,161,56.69694568066818
95,2026-09-19T05:46:06.841+00:00,2026-09-19T05:49:29.418+00:00,2026-09-19T05:49:34.172+00:00,True,47,47.0,,47.0,202576.58965900002,207330.59439500002,207330.59450500002,4411.289244787235,49.314543,202576.58965900002,29533.76226458115,114.41174589999999,103.34792904347826,16.632150290127846,0.2266910975543581,54,64,,True,True,,208,56.69694568066818
96,2026-09-19T05:46:07.402+00:00,2026-09-19T05:49:32.263+00:00,2026-09-19T05:49:41.668+00:00,True,94,94.0,,94.0,204860.526683,214265.601115,214265.601314,2279.421290574468,47.923486,204860.526683,21119.32533884346,114.98058150000001,101.12983260215054,16.152940545551925,0.43870784442692035,54,64,,True,True,,432,56.69694568066818
97,2026-09-19T05:46:07.816+00:00,2026-09-19T05:49:35.038+00:00,2026-09-19T05:49:43.104+00:00,True,82,82.0,,82.0,207222.21673800002,215288.18793800002,215288.187991,2625.4657072073173,44.767387,207222.21673800002,22872.87482731284,112.54477105,99.57989135802468,16.608932065006798,0.38088480740808156,54,64,,True,True,,398,56.69694568066818
98,2026-09-19T05:46:08.244+00:00,2026-09-19T05:49:37.753+00:00,2026-09-19T05:49:44.166+00:00,True,66,66.0,,66.0,209509.21490599998,215922.49720999997,215922.497113,3271.552986560606,48.421319000000004,209509.21490599998,25776.662166996255,110.84827424999999,98.66588159999999,16.908887210179337,0.30566523105654114,54,64,,True,True,,302,56.69694568066818
99,2026-09-19T05:46:08.765+00:00,2026-09-19T05:49:40.531+00:00,2026-09-19T05:49:43.844+00:00,True,35,35.0,,35.0,211766.690206,215079.476638,215079.476658,6145.127904514286,47.783339,211766.690206,35778.639674990976,111.7248872,97.43489505882353,19.82472738171989,0.1627305429002343,54,64,,True,True,,169,56.69694568066818
100,2026-09-19T05:46:09.198+00:00,2026-09-19T05:49:42.991+00:00,2026-09-19T05:49:44.161+00:00,True,13,13.0,,13.0,213793.363031,214962.77487099997,214962.77489899998,16535.598069153846,47.854468999999995,213793.363031,59268.586063015755,85585.64004379998,97.45098666666667,22.433815391282533,0.06047558703036539,54,64,,True,True,,54,56.69694568066818
101,2026-09-19T05:46:09.686+00:00,2026-09-19T05:49:45.209+00:00,2026-09-19T05:49:52.224+00:00,True,74,74.0,,74.0,215523.33772,222538.177784,222538.17771800002,3007.272671864865,47.105961,215523.33772,25042.916280574198,111.57842850000002,96.09369950684932,19.955664700705356,0.33252721279953085,54,64,,True,True,,319,56.69694568066818
102,2026-09-19T05:46:10.286+00:00,2026-09-19T05:49:48.425+00:00,2026-09-19T05:49:55.332+00:00,True,72,72.0,,72.0,218139.599532,225046.574764,225046.57478,3125.6468719444442,50.114114,218139.599532,25696.538973629504,109.94109499999999,97.28134129577465,16.69027327230447,0.3199337740443478,54,64,,True,True,,128,56.69694568066818
103,2026-09-19T05:46:10.817+00:00,2026-09-19T05:49:50.840+00:00,2026-09-19T05:49:52.836+00:00,True,21,21.0,,21.0,220023.623959,222019.28373499998,222019.283844,10572.346849714286,47.793870000000005,220023.623959,47991.318120855256,107.29292300000002,99.7829888,12.445016814801411,0.09458637847451752,54,64,,True,True,,89,56.69694568066818
104,2026-09-19T05:46:11.353+00:00,2026-09-19T05:49:54.273+00:00,2026-09-19T05:50:02.965+00:00,True,89,89.0,,89.0,222919.720795,231612.205659,231612.205571,2602.384332258427,46.453863,222919.720795,23618.98095246802,112.3944128,98.77823709090909,19.889282593012524,0.38426299575521367,54,64,,True,True,,354,56.69694568066818
105,2026-09-19T05:46:11.734+00:00,2026-09-19T05:49:56.280+00:00,2026-09-19T05:49:56.814+00:00,True,6,6.0,,6.0,224545.597462,225079.65647000002,225079.65656200002,37513.27609366667,99.681,224545.597462,91626.75067838484,168437.3459045,106.8118016,5.377681064710029,0.026657229240971927,54,64,,True,True,,17,56.69694568066818
106,2026-09-19T05:46:12.177+00:00,2026-09-19T05:49:58.385+00:00,2026-09-19T05:50:03.798+00:00,True,56,56.0,,56.0,226207.824788,231621.150612,231621.150674,4136.091976321429,44.307838000000004,226207.824788,30215.146681689635,114.42715324999999,98.42410589090909,20.85244262792321,0.24177412059319384,54,64,,True,True,,215,56.69694568066818
107,2026-09-19T05:46:12.679+00:00,2026-09-19T05:50:01.526+00:00,2026-09-19T05:50:08.526+00:00,True,75,75.0,,75.0,228847.117264,235846.864848,235846.864726,3144.624863013333,45.825303999999996,228847.117264,26414.075307951345,112.24330339999999,94.59118356756757,21.715450814044342,0.3180029552156076,54,64,,True,True,,381,56.69694568066818
108,2026-09-19T05:46:13.199+00:00,2026-09-19T05:50:04.217+00:00,2026-09-19T05:50:10.314+00:00,True,66,66.0,,66.0,231018.05244,237114.984792,237114.984781,3592.651284560606,46.234893,231018.05244,28424.81851103506,109.63802700000001,93.79895926153846,21.285130659586837,0.2783459681297492,54,64,,True,True,,295,56.69694568066818
109,2026-09-19T05:46:13.822+00:00,2026-09-19T05:50:08.322+00:00,2026-09-19T05:50:14.895+00:00,True,66,66.0,,66.0,234499.591711,241072.821535,241072.82151699997,3652.6185078333333,46.117504000000004,234499.591711,28852.460877142155,113.57142925,101.12661267692309,15.920637592511104,0.27377619583889024,54,64,,True,True,,294,56.69694568066818
110,2026-09-19T05:46:14.427+00:00,2026-09-19T05:50:11.617+00:00,2026-09-19T05:50:16.445+00:00,True,47,47.0,,47.0,237189.634072,242017.81404,242017.81394599998,5149.315190340425,46.512663,237189.634072,34582.35628433334,116.78784689999999,104.96043408695651,12.97067637589751,0.1942005805912782,54,64,,True,True,,177,56.69694568066818
111,2026-09-19T05:46:14.775+00:00,2026-09-19T05:50:13.326+00:00,2026-09-19T05:50:20.049+00:00,True,69,69.0,,69.0,238551.64117699998,245274.17096899997,245274.17105799998,3554.698131275362,46.310283000000005,238551.64117699998,28706.3489519825,114.45854220000001,98.86073223529412,20.985213428043455,0.2813178400620131,54,64,,True,True,,191,56.69694568066818
112,2026-09-19T05:46:15.207+00:00,2026-09-19T05:50:15.593+00:00,2026-09-19T05:50:15.918+00:00,True,4,4.0,,4.0,240386.23157300003,240710.51726900003,240710.51736700002,60177.629341750006,105.092758,240386.23157300003,120139.06817970044,204344.97069515,108.095232,3.033678775686048,0.01661747083335748,54,64,,True,True,,7,56.69694568066818
113,2026-09-19T05:46:15.678+00:00,2026-09-19T05:50:18.832+00:00,2026-09-19T05:50:20.354+00:00,True,17,17.0,,17.0,243153.84442399998,244676.20781599998,244676.207909,14392.718112294117,43.28153,243153.84442399998,58950.397739118074,48727.11541599999,95.147712,24.602499242304177,0.06947957936631192,54,64,,True,True,,65,56.69694568066818
114,2026-09-19T05:46:16.156+00:00,2026-09-19T05:50:21.027+00:00,2026-09-19T05:50:22.794+00:00,True,19,19.0,,19.0,244870.677094,246638.392422,246638.39232400001,12980.968017052632,50.422924,244870.677094,56154.657321619765,24584.270256400003,98.2064071111111,12.559150717920383,0.07703585728652848,54,64,,True,True,,58,56.69694568066818
115,2026-09-19T05:46:16.694+00:00,2026-09-19T05:50:23.677+00:00,2026-09-19T05:50:29.255+00:00,True,59,59.0,,59.0,246983.141186,252560.23661,252560.236604,4280.681976338983,46.878772,246983.141186,32141.953285027343,109.43706769999999,96.1568176551724,19.232460150485153,0.23360763670453388,54,64,,True,True,,253,56.69694568066818
116,2026-09-19T05:46:17.151+00:00,2026-09-19T05:50:26.386+00:00,2026-09-19T05:50:35.532+00:00,True,92,92.0,,92.0,249235.128972,258381.61678,258381.616652,2808.495833173913,44.328627999999995,249235.128972,25974.08336607328,109.91822100000002,100.51085503296703,14.325247531094188,0.3560624828752184,54,64,,True,True,,468,56.69694568066818
117,2026-09-19T05:46:17.556+00:00,2026-09-19T05:50:28.403+00:00,2026-09-19T05:50:31.764+00:00,True,33,33.0,,33.0,250847.162583,254208.173783,254208.173783,7703.277993424243,95.700479,250847.162583,43648.602565414054,110.1220722,105.0316,3.731956413561469,0.12981486593806313,54,64,,True,True,,123,56.69694568066818
118,2026-09-19T05:46:18.075+00:00,2026-09-19T05:50:31.135+00:00,2026-09-19T05:50:31.346+00:00,True,3,3.0,,3.0,253060.21334000002,253271.37494,253271.374764,84423.79158800001,102.24233500000001,253060.21334000002,146043.42527869434,227765.08391490002,105.5808,4.721346321128328,0.011845002226211706,54,64,,True,True,,8,56.69694568066818
119,2026-09-19T05:46:18.428+00:00,2026-09-19T05:50:32.486+00:00,2026-09-19T05:50:34.118+00:00,True,18,18.0,,18.0,254057.325724,255690.04610799998,255690.046174,14205.002565222221,53.170487,254057.325724,59859.25057949635,38198.115059050004,96.04237552941176,16.117444030477902,0.07039773457742288,54,64,,True,True,,23,56.69694568066818
120,2026-09-19T05:46:18.930+00:00,2026-09-19T05:50:35.212+00:00,2026-09-19T05:50:36.957+00:00,True,18,18.0,,18.0,256282.892212,258027.880884,258027.88090400002,14334.882272444445,53.311047,256282.892212,60382.264329183745,38536.55369855,102.64639247058824,13.019847425935058,0.06975990322569889,54,64,,True,True,,54,56.69694568066818
121,2026-09-19T05:46:19.365+00:00,2026-09-19T05:50:37.755+00:00,2026-09-19T05:50:38.411+00:00,True,8,8.0,,8.0,258389.53522299998,259046.04696699997,259046.04687199998,32380.755858999997,50.710283000000004,258389.53522299998,91321.34133773562,167994.57434439997,93.787392,28.869876317579564,0.030882540357850447,54,64,,True,True,,29,56.69694568066818
122,2026-09-19T05:46:19.870+00:00,2026-09-19T05:50:40.869+00:00,2026-09-19T05:50:48.898+00:00,True,83,83.0,,83.0,260999.467759,269028.11134299997,269028.11136,3241.302546506024,47.78917,260999.467759,28637.672232516165,111.1114181,97.9102876097561,18.411840028478505,0.3085179447815338,54,64,,True,True,,410,56.69694568066818
123,2026-09-19T05:46:20.410+00:00,2026-09-19T05:50:43.470+00:00,2026-09-19T05:50:49.634+00:00,True,65,65.0,,65.0,263059.282319,269223.888783,269223.888768,4141.905981046154,46.112184,263059.282319,32616.546469645935,112.4357194,96.321976,19.05074470747648,0.2414347415224781,54,64,,True,True,,355,56.69694568066818
124,2026-09-19T05:46:20.887+00:00,2026-09-19T05:50:45.685+00:00,2026-09-19T05:50:46.197+00:00,True,6,6.0,,6.0,264797.983451,265309.90562700003,265309.905556,44218.317592666666,98.924503,264797.983451,108061.52581887129,198624.766378,102.3844352,2.413699318616799,0.022615062132038965,54,64,,True,True,,18,56.69694568066818
125,2026-09-19T05:46:21.277+00:00,2026-09-19T05:50:48.167+00:00,2026-09-19T05:50:51.752+00:00,True,39,39.0,,39.0,266890.156953,270475.266969,270475.266946,6935.263255025641,46.193374000000006,266890.156953,42721.52615899236,113.61512640000001,94.34500042105263,21.663337503038424,0.1441906331659889,54,64,,True,True,,177,56.69694568066818
126,2026-09-19T05:46:21.673+00:00,2026-09-19T05:50:50.328+00:00,2026-09-19T05:50:58.331+00:00,True,83,83.0,,83.0,268655.470947,276657.968483,276657.968333,3333.2285341325305,46.561502999999995,268655.470947,29478.06157170839,110.0212782,97.59143336585365,16.681259976291962,0.30000943206195835,54,64,,True,True,,291,56.69694568066818
128,2026-09-19T05:46:22.888+00:00,2026-09-19T05:50:55.910+00:00,2026-09-19T05:51:00.148+00:00,True,43,43.0,,43.0,273021.66108999995,277260.2408019999,277260.24081299995,6447.912577046511,46.700223,273021.66108999995,41620.02570360482,111.6854601,100.91856457142856,15.044652602227105,0.1550889513607096,54,64,,True,True,,192,56.69694568066818
127,2026-09-19T05:46:22.876+00:00,2026-09-19T05:50:56.595+00:00,2026-09-19T05:51:05.005+00:00,True,84,84.0,,84.0,273718.99786799995,282129.13418799994,282129.13418899995,3358.680168916666,43.5899,273718.99786799995,29854.139010860723,111.68606,101.32694361445783,14.690056350084735,0.29773600036650466,54,64,,True,True,,337,56.69694568066818
129,2026-09-19T05:46:23.227+00:00,2026-09-19T05:50:58.850+00:00,2026-09-19T05:51:04.901+00:00,True,61,61.0,,61.0,275622.714852,281673.338596,281673.338517,4617.595713393443,44.576918,275622.714852,35276.964367538625,111.413284,100.84372906666667,16.150751009210406,0.21656291754148382,54,64,,True,True,,232,56.69694568066818
130,2026-09-19T05:46:23.701+00:00,2026-09-19T05:51:01.234+00:00,2026-09-19T05:51:08.389+00:00,True,74,74.0,,74.0,277532.634996,284688.044916,284688.044816,3847.1357407567566,44.695646999999994,277532.634996,32251.125107987376,112.07299080000001,98.01931397260275,20.020618035319657,0.25993364077453424,54,64,,True,True,,256,56.69694568066818
131,2026-09-19T05:46:24.147+00:00,2026-09-19T05:51:03.617+00:00,2026-09-19T05:51:04.901+00:00,True,13,13.0,,13.0,279470.513965,280754.253869,280754.253639,21596.481049153845,101.298917,279470.513965,77481.50406736166,111854.47678359998,106.97832533333333,2.7054183160402494,0.04630383982023582,54,64,,True,True,,52,56.69694568066818
132,2026-09-19T05:46:24.686+00:00,2026-09-19T05:51:06.270+00:00,2026-09-19T05:51:06.892+00:00,True,8,8.0,,8.0,281583.868633,282205.781977,282205.78176600003,35275.722720750004,43.45325,281583.868633,99523.5234785963,183067.96894974998,88.84476342857143,27.865446394648927,0.0283481080506423,54,64,,True,True,,35,56.69694568066818
133,2026-09-19T05:46:25.038+00:00,2026-09-19T05:51:08.282+00:00,2026-09-19T05:51:12.290+00:00,True,41,41.0,,41.0,283243.65601700003,287251.85723300005,287251.85733,7006.142861707318,47.635231,283243.65601700003,44219.58032065745,109.515029,100.20503040000001,14.835263974749694,0.14273188829809189,54,64,,True,True,,143,56.69694568066818
134,2026-09-19T05:46:25.616+00:00,2026-09-19T05:51:11.508+00:00,2026-09-19T05:51:15.312+00:00,True,40,40.0,,40.0,285892.16892,289696.265688,289696.26567000005,7242.406641750001,45.133677000000006,285892.16892,45188.10238624386,112.05676249999999,97.54094276923077,19.294904836194682,0.1380756493529661,54,64,,True,True,,188,56.69694568066818
135,2026-09-19T05:46:26.157+00:00,2026-09-19T05:51:14.223+00:00,2026-09-19T05:51:15.311+00:00,True,12,12.0,,12.0,288066.213427,289154.100275,289154.100481,24096.175040083333,54.901074,288066.213427,83129.00460847397,129691.16817384999,98.89880436363636,15.456338156872366,0.041500362569949385,54,64,,True,True,,42,56.69694568066818
136,2026-09-19T05:46:26.600+00:00,2026-09-19T05:51:16.670+00:00,2026-09-19T05:51:18.107+00:00,True,16,16.0,,16.0,290069.658602,291506.85437799996,291506.85435499996,18219.178397187497,47.348081,290069.658602,72493.46507212352,72601.17560599999,95.81305173333334,23.923067954954295,0.05488721709182397,54,64,,True,True,,61,56.69694568066818
137,2026-09-19T05:46:26.981+00:00,2026-09-19T05:51:18.629+00:00,2026-09-19T05:51:26.718+00:00,True,81,81.0,,81.0,291647.756641,299737.123937,299737.12378799997,3700.4583183703703,49.457246,291647.756641,32394.075568546443,113.07364,101.1170912,17.19629725042879,0.2702367959499902,54,64,,True,True,,314,56.69694568066818
138,2026-09-19T05:46:27.341+00:00,2026-09-19T05:51:20.344+00:00,2026-09-19T05:51:27.358+00:00,False,72,71.0,,71.0,293002.92781,300016.501698,300016.501706,4166.895857027778,0.08166,293002.92781,34519.09218215782,114.43236854999999,98.78273081690142,23.13731057922295,0.2366536493764913,54,64,,True,False,Request timeout: 300.0s exceeded,326,56.69694568066818
139,2026-09-19T05:46:27.709+00:00,2026-09-19T05:51:23.121+00:00,2026-09-19T05:51:25.235+00:00,True,22,22.0,,22.0,295411.47712199995,297525.5269139999,297525.5268909999,13523.887585954544,43.326339999999995,295411.47712199995,62960.47995587196,120.904336,100.66903771428572,23.35233022366049,0.07394323515090899,54,64,,True,True,,104,56.69694568066818
140,2026-09-19T05:46:28.105+00:00,2026-09-19T05:51:25.347+00:00,2026-09-19T05:51:28.196+00:00,False,30,29.0,,29.0,297241.900501,300090.834645,300090.83450399997,10003.0278168,0.02407,297241.900501,54250.7673088356,112.1496499,98.2391084137931,24.296738469673176,0.09663740658493046,54,64,,True,False,Request timeout: 300.0s exceeded,93,56.69694568066818
141,2026-09-19T05:46:28.639+00:00,2026-09-19T05:51:27.884+00:00,2026-09-19T05:51:29.492+00:00,False,17,16.0,,16.0,299244.660834,300853.52252999996,300853.522662,17697.266038941176,0.02213,299244.660834,72553.10774804621,59945.147617999995,100.553856,27.223499019328685,0.0531820264740445,54,64,,True,False,Request timeout: 300.0s exceeded,53,56.69694568066818
142,2026-09-19T05:46:29.158+00:00,2026-09-19T05:51:29.386+00:00,2026-09-19T05:51:29.603+00:00,False,4,3.0,,3.0,300228.670352,300445.477264,300445.477495,75111.36937375,0.022850000000000002,300228.670352,150078.20937129002,255211.1264843,72.26897066666668,62.65501170791014,0.009985172775171832,54,64,,True,False,Request timeout: 300.0s exceeded,13,56.69694568066818
143,2026-09-19T05:46:29.635+00:00,2026-09-19T05:51:29.744+00:00,2026-09-19T05:51:29.744+00:00,False,1,0.0,,0.0,300109.748549,300109.748549,300109.748549,300109.748549,300109.748549,300109.748549,nan,300109.748549,nan,nan,0.0,54,64,,True,False,"HTTPConnectionPool(host='gpu03', port=9002): Read timed out.",0,56.69694568066818
144,2026-09-19T05:46:30.175+00:00,2026-09-19T05:51:30.192+00:00,2026-09-19T05:51:30.192+00:00,False,1,0.0,,0.0,300017.31494,300017.31494,300017.31494,300017.31494,300017.31494,300017.31494,nan,300017.31494,nan,nan,0.0,54,64,,True,False,"HTTPConnectionPool(host='gpu03', port=9002): Read timed out.",0,56.69694568066818
145,2026-09-19T05:46:30.742+00:00,2026-09-19T05:51:30.850+00:00,2026-09-19T05:51:30.850+00:00,False,1,0.0,,0.0,300108.629118,300108.629118,300108.629118,300108.629118,300108.629118,300108.629118,nan,300108.629118,nan,nan,0.0,54,64,,True,False,"HTTPConnectionPool(host='gpu03', port=9002): Read timed out.",0,56.69694568066818
146,2026-09-19T05:46:31.322+00:00,2026-09-19T05:51:31.098+00:00,2026-09-19T05:51:31.362+00:00,False,5,4.0,,4.0,299776.211642,300040.49042600003,300040.490515,60008.098103000004,0.04025,299776.211642,134034.45770543456,239842.6860476,66.069696,51.871588494344714,0.013331534001696791,54,64,,True,False,Request timeout: 300.0s exceeded,22,56.69694568066818
147,2026-09-19T05:46:31.733+00:00,2026-09-19T05:51:31.529+00:00,2026-09-19T05:51:31.840+00:00,False,5,4.0,,4.0,299796.226786,300107.35510600003,300107.35499200004,60021.4709984,0.02419,299796.226786,134038.17086316872,239858.67688299998,77.78208,51.96843680410188,0.013328563702103108,54,64,,True,False,Request timeout: 300.0s exceeded,17,56.69694568066818
148,2026-09-19T05:46:32.267+00:00,2026-09-19T05:51:32.371+00:00,2026-09-19T05:51:32.371+00:00,False,1,0.0,,0.0,300104.43545700004,300104.43545700004,300104.43545700004,300104.43545700004,300104.43545700004,300104.43545700004,nan,300104.43545700004,nan,nan,0.0,54,64,,True,False,"HTTPConnectionPool(host='gpu03', port=9002): Read timed out.",0,56.69694568066818
149,2026-09-19T05:46:32.645+00:00,2026-09-19T05:51:32.666+00:00,2026-09-19T05:51:32.666+00:00,False,1,0.0,,0.0,300021.079927,300021.079927,300021.079927,300021.079927,300021.079927,300021.079927,nan,300021.079927,nan,nan,0.0,54,64,,True,False,TTFT timeout: 300.0s exceeded (TTFT: 300.013s),0,56.69694568066818
150,2026-09-19T05:46:33.253+00:00,2026-09-19T05:51:33.141+00:00,2026-09-19T05:51:33.331+00:00,False,4,3.0,,3.0,299887.745673,300077.707401,300077.707317,75019.42682925,0.01941,299887.745673,149912.21929472312,254919.54024119998,63.320576,55.024770510536584,0.009997410424064053,54,64,,True,False,Request timeout: 300.0s exceeded,13,56.69694568066818
151,2026-09-19T05:46:33.629+00:00,2026-09-19T05:51:33.688+00:00,2026-09-19T05:51:33.688+00:00,False,1,0.0,,0.0,300058.054711,300058.054711,300058.054711,300058.054711,300058.054711,300058.054711,nan,300058.054711,nan,nan,0.0,54,64,,True,False,"HTTPConnectionPool(host='gpu03', port=9002): Read timed out.",0,56.69694568066818
152,2026-09-19T05:46:34.090+00:00,2026-09-19T05:51:34.140+00:00,2026-09-19T05:51:34.140+00:00,False,1,0.0,,0.0,300049.963923,300049.963923,300049.963923,300049.963923,300049.963923,300049.963923,nan,300049.963923,nan,nan,0.0,54,64,,True,False,TTFT timeout: 300.0s exceeded (TTFT: 300.045s),0,56.69694568066818
153,2026-09-19T05:46:34.707+00:00,2026-09-19T05:51:34.548+00:00,2026-09-19T05:51:34.747+00:00,False,4,3.0,,3.0,299841.040744,300040.19364,300040.193647,75010.04841175,0.021920000000000002,299841.040744,149887.33574198897,254881.1501842,66.38429866666667,58.152118236884796,0.009998660391479142,54,64,,True,False,Request timeout: 300.0s exceeded,6,56.69694568066818
154,2026-09-19T05:46:35.289+00:00,2026-09-19T05:51:35.298+00:00,2026-09-19T05:51:35.298+00:00,False,1,0.0,,0.0,300008.826598,300008.826598,300008.826598,300008.826598,300008.826598,300008.826598,nan,300008.826598,nan,nan,0.0,54,64,,True,False,"HTTPConnectionPool(host='gpu03', port=9002): Read timed out.",0,56.69694568066818
155,2026-09-19T05:46:35.815+00:00,2026-09-19T05:51:35.893+00:00,2026-09-19T05:51:35.893+00:00,False,1,0.0,,0.0,300078.047486,300078.047486,300078.047486,300078.047486,300078.047486,300078.047486,nan,300078.047486,nan,nan,0.0,54,64,,True,False,TTFT timeout: 300.0s exceeded (TTFT: 300.063s),0,56.69694568066818
156,2026-09-19T05:46:36.262+00:00,2026-09-19T05:51:36.152+00:00,2026-09-19T05:51:36.348+00:00,False,4,3.0,,3.0,299889.414791,300085.98464700003,300085.984629,75021.49615725,0.038389,299889.414791,149911.95295772632,254921.4578273,65.52328533333333,56.911773017630765,0.009997134666349007,54,64,,True,False,Request timeout: 300.0s exceeded,10,56.69694568066818
157,2026-09-19T05:46:36.820+00:00,2026-09-19T05:51:36.926+00:00,2026-09-19T05:51:36.926+00:00,False,1,0.0,,0.0,300105.811523,300105.811523,300105.811523,300105.811523,300105.811523,300105.811523,nan,300105.811523,nan,nan,0.0,54,64,,True,False,"HTTPConnectionPool(host='gpu03', port=9002): Read timed out.",0,56.69694568066818
158,2026-09-19T05:46:37.704+00:00,2026-09-19T05:51:37.331+00:00,2026-09-19T05:51:37.995+00:00,False,8,7.0,,7.0,299627.01001599996,300290.90428799996,300290.90427199996,37536.363033999995,0.02517,299627.01001599996,105900.62094718631,194801.75163025,94.84203885714285,42.66415181453718,0.023310729362906412,54,64,,True,False,Request timeout: 300.0s exceeded,45,56.69694568066818
159,2026-09-19T05:46:37.817+00:00,2026-09-19T05:51:37.676+00:00,2026-09-19T05:51:37.993+00:00,False,5,4.0,,4.0,299858.31062,300175.866588,300175.866442,60035.1732884,0.06453,299858.31062,134065.2172995423,239908.71928140003,79.388992,53.10002694857802,0.013325521619931276,54,64,,True,False,Request timeout: 300.0s exceeded,22,56.69694568066818
160,2026-09-19T05:46:38.164+00:00,2026-09-19T05:51:38.186+00:00,2026-09-19T05:51:38.186+00:00,False,1,0.0,,0.0,300022.508103,300022.508103,300022.508103,300022.508103,300022.508103,300022.508103,nan,300022.508103,nan,nan,0.0,54,64,,True,False,"HTTPConnectionPool(host='gpu03', port=9002): Read timed out.",0,56.69694568066818
161,2026-09-19T05:46:38.510+00:00,2026-09-19T05:51:38.826+00:00,2026-09-19T05:51:39.425+00:00,False,7,6.0,,6.0,300316.060265,300915.106153,300915.106261,42987.872322999996,0.03607,300316.060265,113471.08021900104,210277.22315209996,99.84098133333333,64.15920884627002,0.019939178450380974,54,64,,True,False,Request timeout: 300.0s exceeded,17,56.69694568066818
162,2026-09-19T05:46:38.861+00:00,2026-09-19T05:51:39.172+00:00,2026-09-19T05:51:39.526+00:00,False,6,5.0,,5.0,300310.938595,300664.252387,300664.252295,50110.70871583334,0.024730000000000002,300310.938595,122572.59474091211,225279.46278775,70.6627584,68.68355037983041,0.016629845285246112,54,64,,True,False,Request timeout: 300.0s exceeded,20,56.69694568066818
163,2026-09-19T05:46:39.253+00:00,2026-09-19T05:51:39.362+00:00,2026-09-19T05:51:39.578+00:00,False,6,5.0,,5.0,300109.146699,300325.354571,300325.354533,50054.225755499996,0.0246,300109.146699,122501.39479194971,225097.61815299996,43.2415744,24.71941837580514,0.01664861099437393,54,64,,True,False,Request timeout: 300.0s exceeded,21,56.69694568066818
164,2026-09-19T05:46:39.701+00:00,2026-09-19T05:51:39.782+00:00,2026-09-19T05:51:39.782+00:00,False,1,0.0,,0.0,300080.464237,300080.464237,300080.464237,300080.464237,300080.464237,300080.464237,nan,300080.464237,nan,nan,0.0,54,64,,True,False,"HTTPConnectionPool(host='gpu03', port=9002): Read timed out.",0,56.69694568066818
165,2026-09-19T05:46:40.317+00:00,2026-09-19T05:51:40.433+00:00,2026-09-19T05:51:40.433+00:00,False,1,0.0,,0.0,300116.48085500003,300116.48085500003,300116.48085500003,300116.48085500003,300116.48085500003,300116.48085500003,nan,300116.48085500003,nan,nan,0.0,54,64,,True,False,"HTTPConnectionPool(host='gpu03', port=9002): Read timed out.",0,56.69694568066818
166,2026-09-19T05:46:40.718+00:00,2026-09-19T05:51:40.747+00:00,2026-09-19T05:51:40.747+00:00,False,1,0.0,,0.0,300029.443676,300029.443676,300029.443676,300029.443676,300029.443676,300029.443676,nan,300029.443676,nan,nan,0.0,54,64,,True,False,"HTTPConnectionPool(host='gpu03', port=9002): Read timed out.",0,56.69694568066818
167,2026-09-19T05:46:41.059+00:00,2026-09-19T05:51:40.950+00:00,2026-09-19T05:51:41.081+00:00,False,3,2.0,,2.0,299890.683382,300021.34527,300021.345272,100007.11509066667,0.02775,299890.683382,173104.26025711893,269914.67845780007,65.330944,92.35280687086468,0.006666192361080603,54,64,,True,False,Request timeout: 300.0s exceeded,5,56.69694568066818
168,2026-09-19T05:46:41.639+00:00,2026-09-19T05:51:41.171+00:00,2026-09-19T05:51:41.723+00:00,False,8,7.0,,7.0,299532.368143,300083.799311,300083.799297,37510.474912125,0.021269,299532.368143,105872.83920207237,194731.99535050002,78.77588114285714,39.54994566752797,0.02332681742923869,54,64,,True,False,Request timeout: 300.0s exceeded,33,56.69694568066818
169,2026-09-19T05:46:42.054+00:00,2026-09-19T05:51:42.133+00:00,2026-09-19T05:51:42.133+00:00,False,1,0.0,,0.0,300078.99447000003,300078.99447000003,300078.99447000003,300078.99447000003,300078.99447000003,300078.99447000003,nan,300078.99447000003,nan,nan,0.0,54,64,,True,False,"HTTPConnectionPool(host='gpu03', port=9002): Read timed out.",0,56.69694568066818
170,2026-09-19T05:46:42.550+00:00,2026-09-19T05:51:42.538+00:00,2026-09-19T05:51:42.682+00:00,False,3,2.0,,2.0,299987.154565,300131.989381,300131.989283,100043.99642766666,0.0476,299987.154565,173155.86938313706,270002.9178203,72.417408,102.34634135251991,0.00666373485920262,54,64,,True,False,Request timeout: 300.0s exceeded,4,56.69694568066818
171,2026-09-19T05:46:43.088+00:00,2026-09-19T05:51:42.816+00:00,2026-09-19T05:51:43.137+00:00,False,5,4.0,,4.0,299728.555626,300049.538666,300049.53856899997,60009.9077138,0.02993,299728.555626,134006.80609829436,239805.25786120002,80.24576,53.623991402312704,0.013331131978351743,54,64,,True,False,Request timeout: 300.0s exceeded,11,56.69694568066818
172,2026-09-19T05:46:43.690+00:00,2026-09-19T05:51:43.705+00:00,2026-09-19T05:51:43.705+00:00,False,1,0.0,,0.0,300015.297019,300015.297019,300015.297019,300015.297019,300015.297019,300015.297019,nan,300015.297019,nan,nan,0.0,54,64,,True,False,"HTTPConnectionPool(host='gpu03', port=9002): Read timed out.",0,56.69694568066818
173,2026-09-19T05:46:44.292+00:00,2026-09-19T05:51:44.349+00:00,2026-09-19T05:51:44.349+00:00,False,1,0.0,,0.0,300056.748926,300056.748926,300056.748926,300056.748926,300056.748926,300056.748926,nan,300056.748926,nan,nan,0.0,54,64,,True,False,TTFT timeout: 300.0s exceeded (TTFT: 300.051s),0,56.69694568066818
174,2026-09-19T05:46:44.842+00:00,2026-09-19T05:51:44.630+00:00,2026-09-19T05:51:44.891+00:00,False,5,4.0,,4.0,299788.196439,300048.741463,300048.741531,60009.7483062,0.040659999999999995,299788.196439,134040.2346348738,239851.90506820005,65.136256,50.884351839866106,0.013331167397991747,54,64,,True,False,Request timeout: 300.0s exceeded,17,56.69694568066818
175,2026-09-19T05:46:45.331+00:00,2026-09-19T05:51:45.370+00:00,2026-09-19T05:51:45.370+00:00,False,1,0.0,,0.0,300038.79655900004,300038.79655900004,300038.79655900004,300038.79655900004,300038.79655900004,300038.79655900004,nan,300038.79655900004,nan,nan,0.0,54,64,,True,False,"HTTPConnectionPool(host='gpu03', port=9002): Read timed out.",0,56.69694568066818
176,2026-09-19T05:46:45.859+00:00,2026-09-19T05:51:45.865+00:00,2026-09-19T05:51:45.865+00:00,False,1,0.0,,0.0,300006.040151,300006.040151,300006.040151,300006.040151,300006.040151,300006.040151,nan,300006.040151,nan,nan,0.0,54,64,,True,False,TTFT timeout: 300.0s exceeded (TTFT: 300.000s),0,56.69694568066818
177,2026-09-19T05:46:46.334+00:00,2026-09-19T05:51:46.173+00:00,2026-09-19T05:51:46.391+00:00,False,4,3.0,,3.0,299838.773389,300056.36084499996,300056.36095899995,75014.09023974999,0.038950000000000005,299838.773389,149883.13090739129,254879.93312965,72.529152,62.932214723437156,0.009998121658049799,54,64,,True,False,Request timeout: 300.0s exceeded,14,56.69694568066818
178,2026-09-19T05:46:46.730+00:00,2026-09-19T05:51:46.393+00:00,2026-09-19T05:51:46.787+00:00,False,6,5.0,,5.0,299663.41336199996,300057.08222599997,300057.082128,50009.51368799999,0.08245000000000001,299663.41336199996,122304.93964951053,224773.23410999996,78.7337728,44.06369357321834,0.016663496035177902,54,64,,True,False,Request timeout: 300.0s exceeded,24,56.69694568066818
179,2026-09-19T05:46:47.166+00:00,2026-09-19T05:51:47.256+00:00,2026-09-19T05:51:47.256+00:00,False,1,0.0,,0.0,300089.959865,300089.959865,300089.959865,300089.959865,300089.959865,300089.959865,nan,300089.959865,nan,nan,0.0,54,64,,True,False,"HTTPConnectionPool(host='gpu03', port=9002): Read timed out.",0,56.69694568066818
180,2026-09-19T05:46:47.626+00:00,2026-09-19T05:51:47.678+00:00,2026-09-19T05:51:47.678+00:00,False,1,0.0,,0.0,300052.767264,300052.767264,300052.767264,300052.767264,300052.767264,300052.767264,nan,300052.767264,nan,nan,0.0,54,64,,True,False,TTFT timeout: 300.0s exceeded (TTFT: 300.045s),0,56.69694568066818
181,2026-09-19T05:46:48.087+00:00,2026-09-19T05:51:47.930+00:00,2026-09-19T05:51:48.164+00:00,False,4,3.0,,3.0,299843.26873799996,300076.85824199993,300076.85806199996,75019.21451549999,0.050228999999999996,299843.26873799996,149882.71387062623,254887.40435639996,77.863168,70.50641482506147,0.009997438714786264,54,64,,True,False,Request timeout: 300.0s exceeded,10,56.69694568066818
182,2026-09-19T05:46:48.477+00:00,2026-09-19T05:51:48.565+00:00,2026-09-19T05:51:48.565+00:00,False,1,0.0,,0.0,300087.701666,300087.701666,300087.701666,300087.701666,300087.701666,300087.701666,nan,300087.701666,nan,nan,0.0,54,64,,True,False,"HTTPConnectionPool(host='gpu03', port=9002): Read timed out.",0,56.69694568066818
183,2026-09-19T05:46:48.944+00:00,2026-09-19T05:51:48.953+00:00,2026-09-19T05:51:48.953+00:00,False,1,0.0,,0.0,300008.774201,300008.774201,300008.774201,300008.774201,300008.774201,300008.774201,nan,300008.774201,nan,nan,0.0,54,64,,True,False,"HTTPConnectionPool(host='gpu03', port=9002): Read timed out.",0,56.69694568066818
184,2026-09-19T05:46:49.439+00:00,2026-09-19T05:51:49.391+00:00,2026-09-19T05:51:49.524+00:00,False,3,2.0,,2.0,299952.138836,300085.013076,300085.012959,100028.337653,0.03842,299952.138836,173139.10337752814,269970.2085227,66.43712,93.90197034821367,0.006664778022398196,54,64,,True,False,Request timeout: 300.0s exceeded,14,56.69694568066818
185,2026-09-19T05:46:49.882+00:00,2026-09-19T05:51:49.653+00:00,2026-09-19T05:51:49.911+00:00,False,5,4.0,,4.0,299771.310491,300029.094811,300029.094697,60005.8189394,0.05656,299771.310491,134032.99182553575,239839.77934680003,64.44608,51.37150939212196,0.013332040356018657,54,64,,True,False,Request timeout: 300.0s exceeded,14,56.69694568066818
186,2026-09-19T05:46:50.433+00:00,2026-09-19T05:51:50.753+00:00,2026-09-19T05:51:51.462+00:00,False,8,7.0,,7.0,300319.341482,301028.508074,301028.50819,37628.56352375,0.0337,300319.341482,106143.11226548282,195258.67968079998,101.30951314285716,47.608147394979234,0.02325361157581538,54,64,,True,False,Request timeout: 300.0s exceeded,23,56.69694568066818
187,2026-09-19T05:46:50.810+00:00,2026-09-19T05:51:51.001+00:00,2026-09-19T05:51:51.463+00:00,False,6,5.0,,5.0,300190.716656,300653.263856,300653.263919,50108.87731983334,0.02352,300190.716656,122514.59042730156,225181.34091775,92.50944,56.34487986425769,0.01663045308696461,54,64,,True,False,Request timeout: 300.0s exceeded,23,56.69694568066818
188,2026-09-19T05:46:51.310+00:00,2026-09-19T05:51:51.366+00:00,2026-09-19T05:51:51.667+00:00,False,5,4.0,,4.0,300056.283711,300357.303103,300357.303081,60071.4606162,0.06062,300056.283711,134155.60156231385,240065.8734314,75.254848,50.25724176727908,0.01331747208633146,54,64,,True,False,Request timeout: 300.0s exceeded,22,56.69694568066818
189,2026-09-19T05:46:51.824+00:00,2026-09-19T05:51:51.840+00:00,2026-09-19T05:51:51.840+00:00,False,1,0.0,,0.0,300015.444714,300015.444714,300015.444714,300015.444714,300015.444714,300015.444714,nan,300015.444714,nan,nan,0.0,54,64,,True,False,"HTTPConnectionPool(host='gpu03', port=9002): Read timed out.",0,56.69694568066818
190,2026-09-19T05:46:52.388+00:00,2026-09-19T05:51:52.494+00:00,2026-09-19T05:51:52.494+00:00,False,1,0.0,,0.0,300105.60130000004,300105.60130000004,300105.60130000004,300105.60130000004,300105.60130000004,300105.60130000004,nan,300105.60130000004,nan,nan,0.0,54,64,,True,False,"HTTPConnectionPool(host='gpu03', port=9002): Read timed out.",0,56.69694568066818
191,2026-09-19T05:46:52.755+00:00,2026-09-19T05:51:52.768+00:00,2026-09-19T05:51:52.768+00:00,False,1,0.0,,0.0,300013.203076,300013.203076,300013.203076,300013.203076,300013.203076,300013.203076,nan,300013.203076,nan,nan,0.0,54,64,,True,False,TTFT timeout: 300.0s exceeded (TTFT: 300.008s),0,56.69694568066818
192,2026-09-19T05:46:53.316+00:00,2026-09-19T05:51:52.993+00:00,2026-09-19T05:51:53.371+00:00,False,6,5.0,,5.0,299676.381661,300054.551005,300054.550942,50009.09182366667,0.03904,299676.381661,122311.49934084111,224783.897528,75.6338688,43.63867422790774,0.016663636606253914,54,64,,True,False,Request timeout: 300.0s exceeded,18,56.69694568066818
193,2026-09-19T05:46:53.800+00:00,2026-09-19T05:51:53.832+00:00,2026-09-19T05:51:53.832+00:00,False,1,0.0,,0.0,300032.245383,300032.245383,300032.245383,300032.245383,300032.245383,300032.245383,nan,300032.245383,nan,nan,0.0,54,64,,True,False,TTFT timeout: 300.0s exceeded (TTFT: 300.014s),0,56.69694568066818
194,2026-09-19T05:46:54.367+00:00,2026-09-19T05:51:54.475+00:00,2026-09-19T05:51:54.475+00:00,False,1,0.0,,0.0,300108.28443400003,300108.28443400003,300108.28443400003,300108.28443400003,300108.28443400003,300108.28443400003,nan,300108.28443400003,nan,nan,0.0,54,64,,True,False,"HTTPConnectionPool(host='gpu03', port=9002): Read timed out.",0,56.69694568066818
195,2026-09-19T05:46:55.665+00:00,2026-09-19T05:51:55.013+00:00,2026-09-19T05:51:55.923+00:00,False,11,10.0,,10.0,299347.686749,300258.104925,300258.10485299997,27296.191350272726,0.03671,299347.686749,90229.2804460216,149733.42985299998,91.04181759999999,37.61580603511763,0.03330467966051358,54,64,,True,False,Request timeout: 300.0s exceeded,35,56.69694568066818
196,2026-09-19T05:46:55.696+00:00,2026-09-19T05:51:55.014+00:00,2026-09-19T05:51:55.927+00:00,False,11,10.0,,10.0,299318.223638,300231.204886,300231.204946,27293.745904181822,0.05257,299318.223638,90220.3201033855,149720.4334385,91.2981248,38.67327889736176,0.03330766368471616,54,64,,True,False,Request timeout: 300.0s exceeded,45,56.69694568066818
197,2026-09-19T05:46:55.894+00:00,2026-09-19T05:51:56.106+00:00,2026-09-19T05:51:56.106+00:00,False,1,0.0,,0.0,300211.90382,300211.90382,300211.90382,300211.90382,300211.90382,300211.90382,nan,300211.90382,nan,nan,0.0,54,64,,True,False,"HTTPConnectionPool(host='gpu03', port=9002): Read timed out.",0,56.69694568066818
198,2026-09-19T05:46:56.391+00:00,2026-09-19T05:51:56.403+00:00,2026-09-19T05:51:56.403+00:00,False,1,0.0,,0.0,300011.498808,300011.498808,300011.498808,300011.498808,300011.498808,300011.498808,nan,300011.498808,nan,nan,0.0,54,64,,True,False,"HTTPConnectionPool(host='gpu03', port=9002): Read timed out.",0,56.69694568066818
199,2026-09-19T05:46:56.870+00:00,2026-09-19T05:51:56.978+00:00,2026-09-19T05:51:56.978+00:00,False,1,0.0,,0.0,300107.908637,300107.908637,300107.908637,300107.908637,300107.908637,300107.908637,nan,300107.908637,nan,nan,0.0,54,64,,True,False,"HTTPConnectionPool(host='gpu03', port=9002): Read timed out.",0,56.69694568066818
200,2026-09-19T05:46:57.453+00:00,2026-09-19T05:51:57.291+00:00,2026-09-19T05:51:57.507+00:00,False,4,3.0,,3.0,299837.95064600004,300054.44677400007,300054.44693400007,75013.61173350002,0.0223,299837.95064600004,149882.90156024284,254880.14864315002,72.165376,63.444527702875185,0.00999818543685703,54,64,,True,False,Request timeout: 300.0s exceeded,11,56.69694568066818
201,2026-09-19T05:46:57.894+00:00,2026-09-19T05:51:57.406+00:00,2026-09-19T05:51:57.911+00:00,False,7,6.0,,6.0,299511.479389,300016.548189,300016.54824699997,42859.506892428566,0.11967900000000001,299511.479389,113172.88838168567,209689.3300162,84.17813333333334,41.24034513610044,0.019998896848250545,54,64,,True,False,Request timeout: 300.0s exceeded,23,56.69694568066818
202,2026-09-19T05:46:58.500+00:00,2026-09-19T05:51:58.527+00:00,2026-09-19T05:51:58.527+00:00,False,1,0.0,,0.0,300027.405532,300027.405532,300027.405532,300027.405532,300027.405532,300027.405532,nan,300027.405532,nan,nan,0.0,54,64,,True,False,"HTTPConnectionPool(host='gpu03', port=9002): Read timed out.",0,56.69694568066818
203,2026-09-19T05:46:59.042+00:00,2026-09-19T05:51:59.075+00:00,2026-09-19T05:51:59.075+00:00,False,1,0.0,,0.0,300033.07260799996,300033.07260799996,300033.07260799996,300033.07260799996,300033.07260799996,300033.07260799996,nan,300033.07260799996,nan,nan,0.0,54,64,,True,False,TTFT timeout: 300.0s exceeded (TTFT: 300.027s),0,56.69694568066818
204,2026-09-19T05:46:59.557+00:00,2026-09-19T05:51:59.423+00:00,2026-09-19T05:51:59.620+00:00,False,4,3.0,,3.0,299865.556603,300062.84402699996,300062.844099,75015.71102475,0.07970000000000001,299865.556603,149899.90424984653,254900.67258129996,65.76247466666666,56.89288485047125,0.009997905637827178,54,64,,True,False,Request timeout: 300.0s exceeded,7,56.69694568066818
205,2026-09-19T05:46:59.975+00:00,2026-09-19T05:52:00.085+00:00,2026-09-19T05:52:00.085+00:00,False,1,0.0,,0.0,300110.823714,300110.823714,300110.823714,300110.823714,300110.823714,300110.823714,nan,300110.823714,nan,nan,0.0,54,64,,True,False,"HTTPConnectionPool(host='gpu03', port=9002): Read timed out.",0,56.69694568066818
206,2026-09-19T05:47:00.398+00:00,2026-09-19T05:52:00.444+00:00,2026-09-19T05:52:00.444+00:00,False,1,0.0,,0.0,300046.368875,300046.368875,300046.368875,300046.368875,300046.368875,300046.368875,nan,300046.368875,nan,nan,0.0,54,64,,True,False,"HTTPConnectionPool(host='gpu03', port=9002): Read timed out.",0,56.69694568066818
207,2026-09-19T05:47:00.878+00:00,2026-09-19T05:52:00.802+00:00,2026-09-19T05:52:00.911+00:00,False,3,2.0,,2.0,299924.125533,300033.153885,300033.153755,100011.05125166666,0.02476,299924.125533,173129.80945102952,269942.61332589993,54.514176,77.05956928961304,0.006665929995078417,54,64,,True,False,Request timeout: 300.0s exceeded,10,56.69694568066818
208,2026-09-19T05:47:01.395+00:00,2026-09-19T05:52:01.509+00:00,2026-09-19T05:52:01.509+00:00,False,1,0.0,,0.0,300114.098658,300114.098658,300114.098658,300114.098658,300114.098658,300114.098658,nan,300114.098658,nan,nan,0.0,54,64,,True,False,"HTTPConnectionPool(host='gpu03', port=9002): Read timed out.",0,56.69694568066818
209,2026-09-19T05:47:01.736+00:00,2026-09-19T05:52:01.821+00:00,2026-09-19T05:52:01.821+00:00,False,1,0.0,,0.0,300084.352153,300084.352153,300084.352153,300084.352153,300084.352153,300084.352153,nan,300084.352153,nan,nan,0.0,54,64,,True,False,"HTTPConnectionPool(host='gpu03', port=9002): Read timed out.",0,56.69694568066818
210,2026-09-19T05:47:02.204+00:00,2026-09-19T05:52:02.184+00:00,2026-09-19T05:52:02.335+00:00,False,3,2.0,,2.0,299980.042829,300130.695757,300130.69588899997,100043.56529633333,0.038380000000000004,299980.042829,173150.08505465256,269997.1000141,75.326464,106.47340119361357,0.006663763581247599,54,64,,True,False,Request timeout: 300.0s exceeded,4,56.69694568066818
211,2026-09-19T05:47:02.695+00:00,2026-09-19T05:52:02.461+00:00,2026-09-19T05:52:02.734+00:00,False,5,4.0,,4.0,299766.413709,300039.272589,300039.272639,60007.854527799995,0.06013,299766.413709,134029.11907691925,239841.280668,68.21472,59.62745910723321,0.013331588113397684,54,64,,True,False,Request timeout: 300.0s exceeded,13,56.69694568066818
212,2026-09-19T05:47:03.079+00:00,2026-09-19T05:52:02.993+00:00,2026-09-19T05:52:03.201+00:00,False,4,3.0,,3.0,299914.031883,300121.730315,300121.73043299996,75030.43260824999,0.04689,299914.031883,149922.40749998947,254942.62548314995,69.23281066666667,59.922550891892485,0.009995943968639918,54,64,,True,False,Request timeout: 300.0s exceeded,11,56.69694568066818
213,2026-09-19T05:47:03.557+00:00,2026-09-19T05:52:03.620+00:00,2026-09-19T05:52:03.620+00:00,False,1,0.0,,0.0,300062.874875,300062.874875,300062.874875,300062.874875,300062.874875,300062.874875,nan,300062.874875,nan,nan,0.0,54,64,,True,False,"HTTPConnectionPool(host='gpu03', port=9002): Read timed out.",0,56.69694568066818
214,2026-09-19T05:47:04.167+00:00,2026-09-19T05:52:04.084+00:00,2026-09-19T05:52:05.051+00:00,False,11,10.0,,10.0,299916.734816,300883.941728,300883.94175,27353.08561363636,0.02457,299916.734816,90399.14156547269,150020.0615965,96.7206912,34.64836825271046,0.033235406125595196,54,64,,True,False,Request timeout: 300.0s exceeded,28,56.69694568066818
216,2026-09-19T05:47:05.288+00:00,2026-09-19T05:52:05.302+00:00,2026-09-19T05:52:05.302+00:00,False,1,0.0,,0.0,300014.33717199997,300014.33717199997,300014.33717199997,300014.33717199997,300014.33717199997,300014.33717199997,nan,300014.33717199997,nan,nan,0.0,54,64,,True,False,"HTTPConnectionPool(host='gpu03', port=9002): Read timed out.",0,56.69694568066818
217,2026-09-19T05:47:05.642+00:00,2026-09-19T05:52:05.661+00:00,2026-09-19T05:52:05.661+00:00,False,1,0.0,,0.0,300019.289971,300019.289971,300019.289971,300019.289971,300019.289971,300019.289971,nan,300019.289971,nan,nan,0.0,54,64,,True,False,"HTTPConnectionPool(host='gpu03', port=9002): Read timed out.",0,56.69694568066818
215,2026-09-19T05:47:04.681+00:00,2026-09-19T05:52:05.791+00:00,2026-09-19T05:52:05.791+00:00,False,1,0.0,,0.0,301109.621958,301109.621958,301109.621958,301109.621958,301109.621958,301109.621958,nan,301109.621958,nan,nan,0.0,54,64,,True,False,"HTTPConnectionPool(host='gpu03', port=9002): Read timed out.",0,56.69694568066818
218,2026-09-19T05:47:06.105+00:00,2026-09-19T05:52:06.169+00:00,2026-09-19T05:52:06.169+00:00,False,1,0.0,,0.0,300064.220217,300064.220217,300064.220217,300064.220217,300064.220217,300064.220217,nan,300064.220217,nan,nan,0.0,54,64,,True,False,"HTTPConnectionPool(host='gpu03', port=9002): Read timed out.",0,56.69694568066818
219,2026-09-19T05:47:06.452+00:00,2026-09-19T05:52:06.547+00:00,2026-09-19T05:52:06.547+00:00,False,1,0.0,,0.0,300094.631124,300094.631124,300094.631124,300094.631124,300094.631124,300094.631124,nan,300094.631124,nan,nan,0.0,54,64,,True,False,TTFT timeout: 300.0s exceeded (TTFT: 300.087s),0,56.69694568066818
220,2026-09-19T05:47:07.074+00:00,2026-09-19T05:52:06.647+00:00,2026-09-19T05:52:07.147+00:00,False,9,8.0,,8.0,299573.114907,300073.21577099996,300073.215829,33341.468425444444,0.08098000000000001,299573.114907,99836.8729082741,179785.12297099998,62.512608,35.35534294455241,0.026660160186056648,54,64,,True,False,Request timeout: 300.0s exceeded,41,56.69694568066818
221,2026-09-19T05:47:07.435+00:00,2026-09-19T05:52:07.448+00:00,2026-09-19T05:52:07.448+00:00,False,1,0.0,,0.0,300013.20116399997,300013.20116399997,300013.20116399997,300013.20116399997,300013.20116399997,300013.20116399997,nan,300013.20116399997,nan,nan,0.0,54,64,,True,False,"HTTPConnectionPool(host='gpu03', port=9002): Read timed out.",0,56.69694568066818
222,2026-09-19T05:47:07.879+00:00,2026-09-19T05:52:07.991+00:00,2026-09-19T05:52:07.991+00:00,False,1,0.0,,0.0,300111.720453,300111.720453,300111.720453,300111.720453,300111.720453,300111.720453,nan,300111.720453,nan,nan,0.0,54,64,,True,False,TTFT timeout: 300.0s exceeded (TTFT: 300.094s),0,56.69694568066818
223,2026-09-19T05:47:08.426+00:00,2026-09-19T05:52:08.269+00:00,2026-09-19T05:52:08.507+00:00,False,4,3.0,,3.0,299842.671824,300080.846544,300080.846368,75020.211592,0.02792,299842.671824,149881.65066540684,254884.35280550004,79.39157333333333,68.74670654794645,0.009997305841244745,54,64,,True,False,Request timeout: 300.0s exceeded,9,56.69694568066818
224,2026-09-19T05:47:08.766+00:00,2026-09-19T05:52:08.508+00:00,2026-09-19T05:52:08.865+00:00,False,6,5.0,,5.0,299741.878273,300099.052545,300099.052516,50016.50875266667,0.025920000000000002,299741.878273,122339.95334928579,224833.2034165,71.4348544,46.661064136151346,0.016661165563827456,54,64,,True,False,Request timeout: 300.0s exceeded,22,56.69694568066818
225,2026-09-19T05:47:09.339+00:00,2026-09-19T05:52:09.463+00:00,2026-09-19T05:52:09.463+00:00,False,1,0.0,,0.0,300123.517551,300123.517551,300123.517551,300123.517551,300123.517551,300123.517551,nan,300123.517551,nan,nan,0.0,54,64,,True,False,"HTTPConnectionPool(host='gpu03', port=9002): Read timed out.",0,56.69694568066818
226,2026-09-19T05:47:09.862+00:00,2026-09-19T05:52:09.732+00:00,2026-09-19T05:52:09.995+00:00,False,4,3.0,,3.0,299870.019026,300132.287442,300132.287302,75033.0718255,0.030449999999999998,299870.019026,149891.31087346756,254909.30900600002,87.42280533333333,75.68857334529754,0.009995592362183774,54,64,,True,False,Request timeout: 300.0s exceeded,6,56.69694568066818
227,2026-09-19T05:47:10.394+00:00,2026-09-19T05:52:10.206+00:00,2026-09-19T05:52:10.406+00:00,False,4,3.0,,3.0,299812.09096899995,300011.52111299994,300011.52123899997,75002.88030974999,0.046189999999999995,299812.09096899995,149872.8144716268,254855.43688179995,66.47671466666667,57.546966339660386,0.009999615977647884,54,64,,True,False,Request timeout: 300.0s exceeded,6,56.69694568066818
228,2026-09-19T05:47:10.908+00:00,2026-09-19T05:52:11.015+00:00,2026-09-19T05:52:11.015+00:00,False,1,0.0,,0.0,300106.619898,300106.619898,300106.619898,300106.619898,300106.619898,300106.619898,nan,300106.619898,nan,nan,0.0,54,64,,True,False,"HTTPConnectionPool(host='gpu03', port=9002): Read timed out.",0,56.69694568066818
229,2026-09-19T05:47:11.292+00:00,2026-09-19T05:52:11.359+00:00,2026-09-19T05:52:11.359+00:00,False,1,0.0,,0.0,300066.85587300005,300066.85587300005,300066.85587300005,300066.85587300005,300066.85587300005,300066.85587300005,nan,300066.85587300005,nan,nan,0.0,54,64,,True,False,TTFT timeout: 300.0s exceeded (TTFT: 300.056s),0,56.69694568066818
230,2026-09-19T05:47:11.845+00:00,2026-09-19T05:52:11.634+00:00,2026-09-19T05:52:11.933+00:00,False,5,4.0,,4.0,299788.118126,300087.20676599996,300087.206742,60017.441348399996,0.02238,299788.118126,134035.8900441095,239851.2725358,74.77216,49.92228407005774,0.013329458603408888,54,64,,True,False,Request timeout: 300.0s exceeded,12,56.69694568066818
231,2026-09-19T05:47:12.214+00:00,2026-09-19T05:52:12.267+00:00,2026-09-19T05:52:12.267+00:00,False,1,0.0,,0.0,300053.723173,300053.723173,300053.723173,300053.723173,300053.723173,300053.723173,nan,300053.723173,nan,nan,0.0,54,64,,True,False,"HTTPConnectionPool(host='gpu03', port=9002): Read timed out.",0,56.69694568066818
232,2026-09-19T05:47:12.569+00:00,2026-09-19T05:52:12.653+00:00,2026-09-19T05:52:12.653+00:00,False,1,0.0,,0.0,300083.606391,300083.606391,300083.606391,300083.606391,300083.606391,300083.606391,nan,300083.606391,nan,nan,0.0,54,64,,True,False,"HTTPConnectionPool(host='gpu03', port=9002): Read timed out.",0,56.69694568066818
233,2026-09-19T05:47:13.062+00:00,2026-09-19T05:52:13.094+00:00,2026-09-19T05:52:13.094+00:00,False,1,0.0,,0.0,300031.663703,300031.663703,300031.663703,300031.663703,300031.663703,300031.663703,nan,300031.663703,nan,nan,0.0,54,64,,True,False,TTFT timeout: 300.0s exceeded (TTFT: 300.021s),0,56.69694568066818
234,2026-09-19T05:47:13.442+00:00,2026-09-19T05:52:13.355+00:00,2026-09-19T05:52:13.469+00:00,False,3,2.0,,2.0,299913.245911,300027.659479,300027.659601,100009.219867,0.037090000000000005,299913.245911,173121.97431242245,269933.3589799,57.206784,80.85047622378485,0.0066660520682426845,54,64,,True,False,Request timeout: 300.0s exceeded,5,56.69694568066818
235,2026-09-19T05:47:13.883+00:00,2026-09-19T05:52:13.817+00:00,2026-09-19T05:52:13.921+00:00,False,3,2.0,,2.0,299934.56298000005,300038.63389200007,300038.63400500006,100012.87800166669,0.07811,299934.56298000005,173137.2657546712,269951.5059735,52.035456,73.47882580451835,0.0066658082462804,54,64,,True,False,Request timeout: 300.0s exceeded,12,56.69694568066818
236,2026-09-19T05:47:14.372+00:00,2026-09-19T05:52:14.490+00:00,2026-09-19T05:52:14.490+00:00,False,1,0.0,,0.0,300117.930925,300117.930925,300117.930925,300117.930925,300117.930925,300117.930925,nan,300117.930925,nan,nan,0.0,54,64,,True,False,"HTTPConnectionPool(host='gpu03', port=9002): Read timed out.",0,56.69694568066818
237,2026-09-19T05:47:14.843+00:00,2026-09-19T05:52:14.781+00:00,2026-09-19T05:52:14.914+00:00,False,3,2.0,,2.0,299938.62091399997,300070.84517,300070.84521899995,100023.615073,0.04,299938.62091399997,173131.4862635755,269957.97725309996,66.112128,93.44019002211911,0.0066650927012483815,54,64,,True,False,Request timeout: 300.0s exceeded,8,56.69694568066818
238,2026-09-19T05:47:15.197+00:00,2026-09-19T05:52:14.915+00:00,2026-09-19T05:52:14.915+00:00,True,1,1.0,,1.0,299718.183486,299718.183486,299718.183486,299718.183486,299718.183486,299718.183486,nan,299718.183486,nan,nan,0.0033364675722009057,54,64,,True,True,,2,56.69694568066818
239,2026-09-19T05:47:15.591+00:00,2026-09-19T05:52:15.704+00:00,2026-09-19T05:52:15.704+00:00,False,1,0.0,,0.0,300112.823333,300112.823333,300112.823333,300112.823333,300112.823333,300112.823333,nan,300112.823333,nan,nan,0.0,54,64,,True,False,"HTTPConnectionPool(host='gpu03', port=9002): Read timed out.",0,56.69694568066818
240,2026-09-19T05:47:16.033+00:00,2026-09-19T05:52:16.143+00:00,2026-09-19T05:52:16.143+00:00,False,1,0.0,,0.0,300110.68813,300110.68813,300110.68813,300110.68813,300110.68813,300110.68813,nan,300110.68813,nan,nan,0.0,54,64,,True,False,"HTTPConnectionPool(host='gpu03', port=9002): Read timed out.",0,56.69694568066818
241,2026-09-19T05:47:17.536+00:00,2026-09-19T05:52:16.882+00:00,2026-09-19T05:52:17.868+00:00,False,12,11.0,,11.0,299346.324501,300332.303125,300332.303107,25027.691925583335,0.026719999999999997,299346.324501,86387.97197388863,134777.4834259,89.63442036363637,35.64683836344533,0.03662609677861305,54,64,,True,False,Request timeout: 300.0s exceeded,50,56.69694568066818
243,2026-09-19T05:47:17.867+00:00,2026-09-19T05:52:17.980+00:00,2026-09-19T05:52:17.980+00:00,False,1,0.0,,0.0,300113.06575999997,300113.06575999997,300113.06575999997,300113.06575999997,300113.06575999997,300113.06575999997,nan,300113.06575999997,nan,nan,0.0,54,64,,True,False,"HTTPConnectionPool(host='gpu03', port=9002): Read timed out.",0,56.69694568066818
242,2026-09-19T05:47:17.844+00:00,2026-09-19T05:52:18.001+00:00,2026-09-19T05:52:18.001+00:00,False,1,0.0,,0.0,300156.795344,300156.795344,300156.795344,300156.795344,300156.795344,300156.795344,nan,300156.795344,nan,nan,0.0,54,64,,True,False,"HTTPConnectionPool(host='gpu03', port=9002): Read timed out.",0,56.69694568066818
244,2026-09-19T05:47:18.062+00:00,2026-09-19T05:52:18.083+00:00,2026-09-19T05:52:18.083+00:00,False,1,0.0,,0.0,300021.537043,300021.537043,300021.537043,300021.537043,300021.537043,300021.537043,nan,300021.537043,nan,nan,0.0,54,64,,True,False,"HTTPConnectionPool(host='gpu03', port=9002): Read timed out.",0,56.69694568066818
245,2026-09-19T05:47:18.520+00:00,2026-09-19T05:52:18.558+00:00,2026-09-19T05:52:18.558+00:00,False,1,0.0,,0.0,300037.755962,300037.755962,300037.755962,300037.755962,300037.755962,300037.755962,nan,300037.755962,nan,nan,0.0,54,64,,True,False,"HTTPConnectionPool(host='gpu03', port=9002): Read timed out.",0,56.69694568066818
246,2026-09-19T05:47:19.139+00:00,2026-09-19T05:52:19.143+00:00,2026-09-19T05:52:20.479+00:00,True,15,15.0,,15.0,300003.74126700003,301340.51899500005,301340.51914200006,20089.367942800003,32.136381,300003.74126700003,77435.99562553603,90177.67815810001,95.48412342857144,52.63009496111345,0.04977757405484819,54,64,,True,True,,65,56.69694568066818
247,2026-09-19T05:47:19.550+00:00,2026-09-19T05:52:19.395+00:00,2026-09-19T05:52:20.584+00:00,False,16,15.0,,15.0,299845.901999,301034.756271,301034.756298,18814.672268625,0.024399999999999998,299845.901999,74941.6689292197,75045.3797735,79.25695146666666,35.09083908234805,0.049828133421566036,54,64,,True,False,Request timeout: 300.0s exceeded,78,56.69694568066818
249,2026-09-19T05:47:20.547+00:00,2026-09-19T05:52:20.768+00:00,2026-09-19T05:52:20.768+00:00,False,1,0.0,,0.0,300220.996447,300220.996447,300220.996447,300220.996447,300220.996447,300220.996447,nan,300220.996447,nan,nan,0.0,54,64,,True,False,"HTTPConnectionPool(host='gpu03', port=9002): Read timed out.",0,56.69694568066818
248,2026-09-19T05:47:20.156+00:00,2026-09-19T05:52:21.216+00:00,2026-09-19T05:52:21.216+00:00,False,1,0.0,,0.0,301059.153952,301059.153952,301059.153952,301059.153952,301059.153952,301059.153952,nan,301059.153952,nan,nan,0.0,54,64,,True,False,"HTTPConnectionPool(host='gpu03', port=9002): Read timed out.",0,56.69694568066818
0,2026-09-19T05:45:20.834+00:00,2026-09-19T05:45:21.094+00:00,2026-09-19T05:45:27.823+00:00,True,73,73.0,,73.0,260.307678,6988.883678,6988.88375,95.73813356164383,33.010704,260.307678,31.54998947455439,113.12719819999998,93.45244444444445,24.953353750958367,10.44515882125689,55,64,,False,True,,328,56.69694568066818
1,2026-09-19T05:45:21.388+00:00,2026-09-19T05:45:21.651+00:00,2026-09-19T05:45:26.897+00:00,True,56,56.0,,56.0,263.307809,5509.307681,5509.307617,98.38049316071428,43.01531,263.307809,32.9430024077216,113.655743,95.38181585454547,24.34043393168814,10.16461654394938,55,64,,False,True,,205,56.69694568066818
2,2026-09-19T05:45:22.022+00:00,2026-09-19T05:45:24.911+00:00,2026-09-19T05:45:30.093+00:00,True,55,55.0,,55.0,2888.722661,8070.462949,8070.463119,146.73569307272726,47.384260000000005,2888.722661,377.21463393270835,111.668539,95.95815348148147,22.141750342541652,6.814974599048866,55,64,,False,True,,311,56.69694568066818
3,2026-09-19T05:45:22.519+00:00,2026-09-19T05:45:27.622+00:00,2026-09-19T05:45:37.134+00:00,True,95,95.0,,95.0,5102.698343,14614.561895,14614.561911,153.8374938,0.0,5102.698343,514.8576881439494,120.7972522,101.19003778723403,42.19827860464939,6.500365914663636,55,64,,False,True,,329,56.69694568066818
4,2026-09-19T05:45:23.141+00:00,2026-09-19T05:45:31.013+00:00,2026-09-19T05:45:32.199+00:00,True,13,13.0,,13.0,7872.475721,9058.131272999999,9058.131209,696.7793237692307,44.287827,7872.475721,2156.099597523768,3216.1545278,98.80462933333332,18.29559920969176,1.4351746081169872,55,64,,False,True,,56,56.69694568066818
5,2026-09-19T05:45:23.688+00:00,2026-09-19T05:45:33.785+00:00,2026-09-19T05:45:36.866+00:00,True,32,32.0,,32.0,10096.990447,13178.357743,13178.357887,411.82368396875,0.0,10096.990447,1767.7053483568925,174.55967114999999,99.39894503225807,36.472497304035926,2.4282236545746803,55,64,,False,True,,124,56.69694568066818
6,2026-09-19T05:45:24.118+00:00,2026-09-19T05:45:36.360+00:00,2026-09-19T05:45:41.379+00:00,True,52,52.0,,52.0,12241.801729,17260.691713,17260.691606,331.93637703846156,0.0,12241.801729,1684.6686384535765,183.4126091,98.40960752941176,48.44881341782111,3.0126254998712403,55,64,,False,True,,224,56.69694568066818
7,2026-09-19T05:45:24.812+00:00,2026-09-19T05:45:39.800+00:00,2026-09-19T05:45:48.889+00:00,True,94,94.0,,94.0,14988.229751,24076.768887,24076.768745,256.135837712766,0.0,14988.229751,1536.4080325181042,114.57643465000001,97.7262272688172,42.06884016659476,3.9041783572028352,55,64,,False,True,,439,56.69694568066818
8,2026-09-19T05:45:25.370+00:00,2026-09-19T05:45:42.917+00:00,2026-09-19T05:45:48.993+00:00,True,63,63.0,,63.0,17546.268539999997,23622.878331999997,23622.878191999996,374.9663205079365,0.0,17546.268539999997,2198.6495945024612,115.29234319999999,98.00983535483871,40.971572699788176,2.666906170983365,55,64,,False,True,,215,56.69694568066818
9,2026-09-19T05:45:26.054+00:00,2026-09-19T05:45:47.020+00:00,2026-09-19T05:45:55.149+00:00,True,83,83.0,,83.0,20966.034682999998,29095.086075,29095.086102999998,350.54320606024095,0.0,20966.034682999998,2291.7367950070843,121.68326870000001,99.13477307317073,77.56486459907035,2.8527153962028624,55,64,,False,True,,332,56.69694568066818
10,2026-09-19T05:45:26.662+00:00,2026-09-19T05:45:50.531+00:00,2026-09-19T05:45:58.126+00:00,True,79,79.0,,79.0,23869.429608,31464.713064,31464.712911,398.28750520253163,0.0,23869.429608,2675.454129764357,114.4711478,97.37542892307692,69.41431660387404,2.510749099771292,55,64,,False,True,,288,56.69694568066818
11,2026-09-19T05:45:27.325+00:00,2026-09-19T05:45:54.277+00:00,2026-09-19T05:45:59.667+00:00,True,60,60.0,,60.0,26952.415184999998,32342.070737,32342.070775999997,539.0345129333333,0.0,26952.415184999998,3468.4194384164325,115.43106545,91.3500941016949,68.7992092115991,1.855168782726047,55,64,,False,True,,284,56.69694568066818
12,2026-09-19T05:45:27.905+00:00,2026-09-19T05:45:56.750+00:00,2026-09-19T05:46:01.026+00:00,True,45,45.0,,45.0,28845.453673,33121.342313,33121.342401,736.0298311333333,0.0,28845.453673,4286.208421206454,113.99803700000001,97.17928727272727,76.5850015587509,1.3586405881363592,55,64,,False,True,,220,56.69694568066818
13,2026-09-19T05:45:28.432+00:00,2026-09-19T05:46:00.442+00:00,2026-09-19T05:46:02.562+00:00,True,22,22.0,,22.0,32010.399289,34130.023225,34130.023142,1551.3646882727273,49.171794999999996,32010.399289,6803.140597013876,111.5687477,100.93447314285714,16.83536735857554,0.6445937600149407,55,64,,False,True,,83,56.69694568066818
14,2026-09-19T05:45:28.977+00:00,2026-09-19T05:46:03.196+00:00,2026-09-19T05:46:08.953+00:00,True,59,59.0,,59.0,34218.91753499999,39975.76591899999,39975.76601399999,677.5553561694915,0.0,34218.91753499999,4443.120878607888,163.3157546,99.25600662068966,100.59626501913378,1.475894173473685,55,64,,False,True,,197,56.69694568066818
15,2026-09-19T05:45:29.486+00:00,2026-09-19T05:46:06.206+00:00,2026-09-19T05:46:08.550+00:00,True,25,25.0,,25.0,36719.960819,39063.786995,39063.786849,1562.55147396,0.01766,36719.960819,7325.135097100837,452.19259680000005,97.659424,101.56581584649572,0.6399789145686232,55,64,,False,True,,84,56.69694568066818
16,2026-09-19T05:45:29.999+00:00,2026-09-19T05:46:08.555+00:00,2026-09-19T05:46:13.960+00:00,True,56,56.0,,56.0,38556.090141999994,43960.66742199999,43960.667560999995,785.0119207321427,0.0,38556.090141999994,5139.994762422152,110.01302374999999,98.26504145454545,94.42993837614921,1.2738660098680612,55,64,,False,True,,328,56.69694568066818
17,2026-09-19T05:45:30.706+00:00,2026-09-19T05:46:11.837+00:00,2026-09-19T05:46:17.759+00:00,True,63,63.0,,63.0,41131.453372,47053.48063600001,47053.48052700001,746.8806432857143,0.0,41131.453372,5170.811528093127,115.50208899999998,95.51656877419356,89.92900577547304,1.3389020142284547,55,64,,False,True,,279,56.69694568066818
18,2026-09-19T05:45:31.173+00:00,2026-09-19T05:46:14.563+00:00,2026-09-19T05:46:23.914+00:00,True,97,97.0,,97.0,43390.46431,52741.23935,52741.239418000005,543.7241177113402,0.0,43390.46431,4397.224964162288,112.64493560000001,97.40390666666667,114.70226106637979,1.8391680058235111,55,64,,False,True,,345,56.69694568066818
19,2026-09-19T05:45:31.825+00:00,2026-09-19T05:46:18.127+00:00,2026-09-19T05:46:24.858+00:00,True,68,68.0,,68.0,46301.385218999996,53032.318467,53032.318429,779.8870357205882,0.0,46301.385218999996,5604.276785195666,115.77737445000001,100.46169026865671,134.57389706568907,1.2822369823848796,55,64,,False,True,,251,56.69694568066818
20,2026-09-19T05:45:32.455+00:00,2026-09-19T05:46:21.699+00:00,2026-09-19T05:46:23.436+00:00,True,19,19.0,,19.0,49244.087564,50980.648716,50980.648809,2683.1920425789476,0.016550000000000002,49244.087564,11277.301929386682,5791.1344937,96.47561955555555,222.1385508523428,0.37269043212541453,55,64,,False,True,,97,56.69694568066818
21,2026-09-19T05:45:32.955+00:00,2026-09-19T05:46:24.649+00:00,2026-09-19T05:46:34.398+00:00,True,95,95.0,,95.0,51694.395538000004,61442.822802,61442.822776,646.7665555368421,0.0,51694.395538000004,5293.677104554453,117.16604739999998,103.70667302127659,79.0590341027483,1.546152921817057,55,64,,False,True,,561,56.69694568066818
22,2026-09-19T05:45:33.554+00:00,2026-09-19T05:46:27.846+00:00,2026-09-19T05:46:28.070+00:00,True,3,3.0,,3.0,54292.183731,54516.798386999995,54516.798204,18172.266068,110.9682,54292.183731,31280.766307420334,48874.3299852,112.307328,1.8936432737260733,0.05502891014809439,55,64,,False,True,,22,56.69694568066818
23,2026-09-19T05:45:34.159+00:00,2026-09-19T05:46:30.975+00:00,2026-09-19T05:46:34.612+00:00,True,36,36.0,,36.0,56816.13996,60452.43436,60452.4344,1679.2342888888888,45.613713000000004,56816.13996,9452.052515257334,114.89860524999999,103.89412571428572,14.987632349448106,0.595509517211773,55,64,,False,True,,72,56.69694568066818
24,2026-09-19T05:45:34.681+00:00,2026-09-19T05:46:33.875+00:00,2026-09-19T05:46:37.743+00:00,True,34,34.0,,34.0,59194.688392,63062.711432,63062.711407999996,1854.7856296470586,0.05374,59194.688392,10132.279983566523,323.5426379,117.21281939393938,109.76085142623994,0.5391458633468674,55,64,,False,True,,157,56.69694568066818
25,2026-09-19T05:45:35.140+00:00,2026-09-19T05:46:36.465+00:00,2026-09-19T05:46:42.276+00:00,True,60,60.0,,60.0,61324.552718,67136.08014199999,67136.079945,1118.93466575,0.0,61324.552718,7905.478655901991,143.7960483,98.50046481355932,140.60565056254308,0.8937072267712618,55,64,,False,True,,241,56.69694568066818
26,2026-09-19T05:45:35.758+00:00,2026-09-19T05:46:39.696+00:00,2026-09-19T05:46:40.436+00:00,True,8,8.0,,8.0,63938.533597,64678.497757000005,64678.497611,8084.812201375,101.94599099999999,63938.533597,22568.311635539303,41598.3990901,105.70916571428572,2.5067870405269583,0.12368871073747502,55,64,,False,True,,22,56.69694568066818
27,2026-09-19T05:45:36.218+00:00,2026-09-19T05:46:42.493+00:00,2026-09-19T05:46:44.027+00:00,True,17,17.0,,17.0,66274.416491,67808.600427,67808.600431,3988.741201823529,43.124019,66274.416491,16050.66863728317,13346.231419799999,95.886496,24.479772555358565,0.2507056611248231,55,64,,False,True,,64,56.69694568066818
28,2026-09-19T05:45:37.121+00:00,2026-09-19T05:46:45.690+00:00,2026-09-19T05:46:47.043+00:00,True,15,15.0,,15.0,68569.16740199999,69922.17834599999,69922.17821799999,4661.478547866666,48.998355000000004,68569.16740199999,17679.540050416657,20646.7993091,96.64363885714285,19.932959329588552,0.2145242089823722,55,64,,False,True,,45,56.69694568066818
29,2026-09-19T05:45:37.406+00:00,2026-09-19T05:46:48.280+00:00,2026-09-19T05:46:52.339+00:00,True,43,43.0,,43.0,70873.99959,74932.59133400001,74932.59132800001,1742.6184029767444,0.0,70873.99959,10794.53029813806,110.6883164,96.63313676190477,154.76520464698623,0.5738490986963789,55,64,,False,True,,149,56.69694568066818
30,2026-09-19T05:45:37.861+00:00,2026-09-19T05:46:51.330+00:00,2026-09-19T05:46:59.922+00:00,True,91,91.0,,91.0,73469.17039300001,82060.54037700001,82060.540208,901.7641781098902,0.0,73469.17039300001,7692.175674508622,114.51406599999999,95.45966648888889,90.01392886145055,1.1089373721149118,55,64,,False,True,,274,56.69694568066818
31,2026-09-19T05:45:38.318+00:00,2026-09-19T05:46:53.012+00:00,2026-09-19T05:47:00.122+00:00,True,71,71.0,,71.0,74693.702334,81804.494782,81804.494752,1152.1759824225353,0.01833,74693.702334,8852.895855693914,116.97093000000001,101.58274925714285,88.89206631830551,0.8679229691376643,55,64,,False,True,,257,56.69694568066818
32,2026-09-19T05:45:38.916+00:00,2026-09-19T05:46:56.445+00:00,2026-09-19T05:47:01.410+00:00,True,50,50.0,,50.0,77528.839162,82493.733114,82493.733275,1649.8746655,50.397642,77528.839162,10949.917808528126,114.12436745,101.32436636734694,17.473003826808103,0.606106647288029,55,64,,False,True,,224,56.69694568066818
33,2026-09-19T05:45:39.403+00:00,2026-09-19T05:46:59.436+00:00,2026-09-19T05:47:03.663+00:00,True,44,44.0,,44.0,80032.559391,84259.958815,84259.958743,1914.9990623409092,44.610724999999995,80032.559391,12050.556738300475,111.55492114999998,98.31161451162791,19.54122328374662,0.5221934667284349,55,64,,False,True,,207,56.69694568066818
34,2026-09-19T05:45:40.106+00:00,2026-09-19T05:47:04.849+00:00,2026-09-19T05:47:08.840+00:00,True,51,51.0,,51.0,84743.38651800001,88733.84795800001,88733.84779700001,1739.8793685686278,0.0,84743.38651800001,11855.339427594998,110.2083215,79.8092288,40.35658717635475,0.5747524893109516,55,64,,False,True,,167,56.69694568066818
35,2026-09-19T05:45:40.739+00:00,2026-09-19T05:47:07.280+00:00,2026-09-19T05:47:10.496+00:00,True,33,33.0,,33.0,86541.374671,89757.206735,89757.206746,2719.915355939394,43.066649,86541.374671,15047.432902958426,113.3700742,100.494752,14.901567873244842,0.36765850008489576,55,64,,False,True,,106,56.69694568066818
36,2026-09-19T05:45:41.141+00:00,2026-09-19T05:47:09.560+00:00,2026-09-19T05:47:11.285+00:00,True,18,18.0,,18.0,88419.27743799999,90144.00959799999,90144.009811,5008.000545055555,50.332042,88419.27743799999,20816.71482288001,13358.388449299997,101.45483294117648,13.958480799830872,0.199680489921311,55,64,,False,True,,91,56.69694568066818
37,2026-09-19T05:45:41.693+00:00,2026-09-19T05:47:12.622+00:00,2026-09-19T05:47:16.510+00:00,True,42,42.0,,42.0,90928.785531,94817.421435,94817.421458,2257.557653761905,47.505989,90928.785531,14015.993772810463,111.9583073,94.84477814634145,18.894182907780777,0.4429565723720105,55,64,,False,True,,146,56.69694568066818
38,2026-09-19T05:45:42.285+00:00,2026-09-19T05:47:16.303+00:00,2026-09-19T05:47:16.411+00:00,True,2,2.0,,2.0,94018.50288300001,94126.30038700001,94126.30052,47063.15026,107.79763700000001,94018.50288300001,66404.89650545768,89322.9676207,107.797504,nan,0.021248046420362914,55,64,,False,True,,14,56.69694568066818
39,2026-09-19T05:45:42.733+00:00,2026-09-19T05:47:18.672+00:00,2026-09-19T05:47:20.410+00:00,True,14,14.0,,14.0,95938.890739,97677.726963,97677.726979,6976.9804985,0.0,95938.890739,25607.357901857646,34441.04822705,133.7566326153846,361.7529969936177,0.1433284786131761,55,64,,False,True,,45,56.69694568066818
40,2026-09-19T05:45:43.200+00:00,2026-09-19T05:47:20.978+00:00,2026-09-19T05:47:27.556+00:00,True,67,67.0,,67.0,97778.258015,104355.598431,104355.598474,1557.546245880597,46.371680999999995,97778.258015,11933.35496600865,113.96068749999999,99.65667296969697,18.754899034527252,0.6420355113415448,55,64,,False,True,,229,56.69694568066818
41,2026-09-19T05:45:43.851+00:00,2026-09-19T05:47:24.908+00:00,2026-09-19T05:47:34.671+00:00,True,100,100.0,,100.0,101056.727464,110819.69988,110819.69989399999,1108.19699894,43.189558,101056.727464,10095.825838759933,112.83572825000002,98.61588298989899,17.30466240042398,0.902366637955923,55,64,,False,True,,478,56.69694568066818
42,2026-09-19T05:45:44.441+00:00,2026-09-19T05:47:27.969+00:00,2026-09-19T05:47:35.611+00:00,True,79,79.0,,79.0,103527.639206,111169.795494,111169.79556900001,1407.2126021392405,46.753038999999994,103527.639206,11636.758123226358,110.92253690000001,97.97636266666667,16.747657160764483,0.7106246768643534,55,64,,True,True,,293,56.69694568066818
43,2026-09-19T05:45:44.984+00:00,2026-09-19T05:47:30.831+00:00,2026-09-19T05:47:38.279+00:00,True,76,76.0,,76.0,105847.054965,113294.68888500001,113294.688987,1490.7195919342105,46.998889000000005,105847.054965,12130.110481037696,112.157268,99.30178559999999,16.654490708524857,0.6708169707508879,55,64,,True,True,,356,56.69694568066818
44,2026-09-19T05:45:45.459+00:00,2026-09-19T05:47:33.612+00:00,2026-09-19T05:47:35.510+00:00,True,20,20.0,,20.0,108152.410621,110050.438909,110050.438861,5502.52194305,44.668475,108152.410621,24161.28434640747,5516.32528805,99.89622568421052,19.705814305729334,0.1817348499312926,55,64,,True,True,,97,56.69694568066818
45,2026-09-19T05:45:45.961+00:00,2026-09-19T05:47:36.133+00:00,2026-09-19T05:47:41.972+00:00,True,62,62.0,,62.0,110171.822318,116011.39454200001,116011.39469500001,1871.1515273387097,49.455892999999996,110171.822318,13979.693011165446,110.545406,95.73069219672132,20.91929558806229,0.5344302621718242,55,64,,True,True,,265,56.69694568066818
46,2026-09-19T05:45:46.507+00:00,2026-09-19T05:47:38.743+00:00,2026-09-19T05:47:40.904+00:00,True,25,25.0,,25.0,112236.13836,114397.743736,114397.74373799999,4575.90974952,48.863203999999996,112236.13836,22429.228823662394,112.7965612,90.06689066666667,26.079142469398334,0.21853577862246518,55,64,,True,True,,83,56.69694568066818
47,2026-09-19T05:45:47.089+00:00,2026-09-19T05:47:42.289+00:00,2026-09-19T05:47:51.969+00:00,True,97,97.0,,97.0,115199.651368,124879.25226400001,124879.252351,1287.4149726907217,47.586558,115199.651368,11686.5236450357,110.38316400000002,100.829176,14.476357319563894,0.7767503267471357,55,64,,True,True,,458,56.69694568066818
48,2026-09-19T05:45:47.813+00:00,2026-09-19T05:47:45.942+00:00,2026-09-19T05:47:49.488+00:00,True,37,37.0,,37.0,118128.590502,121675.368358,121675.36838100001,3288.523469756757,51.078349,118128.590502,19404.030945245817,110.2269464,98.52160711111111,16.890948360772956,0.3040878404504727,55,64,,True,True,,171,56.69694568066818
49,2026-09-19T05:45:48.301+00:00,2026-09-19T05:47:48.484+00:00,2026-09-19T05:47:58.011+00:00,True,98,98.0,,98.0,120182.896107,129709.667307,129709.667464,1323.5680353469388,44.883814,120182.896107,12130.39644709399,110.98543349999998,98.21413608247423,16.96561098946283,0.7555335082931885,55,64,,True,True,,427,56.69694568066818
50,2026-09-19T05:45:48.871+00:00,2026-09-19T05:47:52.078+00:00,2026-09-19T05:47:54.353+00:00,True,24,24.0,,24.0,123207.579412,125482.896148,125482.89616300001,5228.454006791667,50.541741,123207.579412,25129.45111782097,110.51493199999999,98.92681460869565,11.768516580585592,0.19126112591227856,55,64,,True,True,,90,56.69694568066818
51,2026-09-19T05:45:49.582+00:00,2026-09-19T05:47:54.868+00:00,2026-09-19T05:48:02.755+00:00,True,81,81.0,,81.0,125285.745906,133172.63589,133172.635832,1644.1066152098765,44.709324,125285.745906,13909.694206947866,109.39656199999999,98.5861248,16.604429545481796,0.6082330612341835,55,64,,True,True,,316,56.69694568066818
52,2026-09-19T05:45:50.114+00:00,2026-09-19T05:47:58.114+00:00,2026-09-19T05:48:05.401+00:00,True,74,74.0,,74.0,127999.581885,135286.594237,135286.594278,1828.197219972973,44.140656,127999.581885,14868.054366954815,111.17770194999999,99.82208701369863,16.739895719414367,0.5469869384867808,55,64,,True,True,,326,56.69694568066818
53,2026-09-19T05:45:50.703+00:00,2026-09-19T05:48:01.511+00:00,2026-09-19T05:48:07.085+00:00,True,58,58.0,,58.0,130807.68453900001,136381.53695500002,136381.537046,2351.4058111379313,45.780702,130807.68453900001,17163.061414364038,113.1352414,97.78688449122808,19.616909047852193,0.4252775067283299,55,64,,True,True,,233,56.69694568066818
54,2026-09-19T05:45:51.275+00:00,2026-09-19T05:48:04.272+00:00,2026-09-19T05:48:09.093+00:00,True,49,49.0,,49.0,132997.200554,137817.781674,137817.781729,2812.6077903877554,44.738585,132997.200554,18985.261438154634,111.54439139999998,100.42877333333333,17.969407233703453,0.35554192938547413,55,64,,True,True,,250,56.69694568066818
55,2026-09-19T05:45:51.836+00:00,2026-09-19T05:48:07.292+00:00,2026-09-19T05:48:07.292+00:00,True,1,1.0,,1.0,135455.280998,135455.280998,135455.280998,135455.280998,135455.280998,135455.280998,nan,135455.280998,nan,nan,0.007382510247162419,55,64,,True,True,,2,56.69694568066818
56,2026-09-19T05:45:52.400+00:00,2026-09-19T05:48:10.574+00:00,2026-09-19T05:48:16.480+00:00,True,60,60.0,,60.0,138173.998214,144080.052358,144080.052413,2401.334206883333,45.442283,138173.998214,17825.270178331248,111.9098188,100.10261261016949,15.824135232037765,0.4164351623840073,55,64,,True,True,,205,56.69694568066818
57,2026-09-19T05:45:53.044+00:00,2026-09-19T05:48:13.875+00:00,2026-09-19T05:48:16.264+00:00,True,25,25.0,,25.0,140831.136712,143220.15764000002,143220.157643,5728.806305720001,48.664045,140831.136712,28146.322902380976,111.3820728,99.54253866666667,15.457690870811806,0.1745564340380096,55,64,,True,True,,96,56.69694568066818
58,2026-09-19T05:45:53.501+00:00,2026-09-19T05:48:16.367+00:00,2026-09-19T05:48:22.900+00:00,True,65,65.0,,65.0,142866.374023,149399.02759100002,149399.02761400002,2298.4465786769233,45.821352,142866.374023,17707.738379534752,113.34643100000001,102.072712,14.884122985422792,0.43507645965371516,55,64,,True,True,,219,56.69694568066818
59,2026-09-19T05:45:54.204+00:00,2026-09-19T05:48:20.773+00:00,2026-09-19T05:48:27.308+00:00,True,69,69.0,,69.0,146569.00350299999,153104.136175,153104.13613899998,2218.900523753623,46.52406,146569.00350299999,17633.276224754212,110.51241959999999,96.10489223529412,20.174727090491054,0.4506736507832298,55,64,,True,True,,309,56.69694568066818
60,2026-09-19T05:45:54.831+00:00,2026-09-19T05:48:23.625+00:00,2026-09-19T05:48:29.674+00:00,True,64,64.0,,64.0,148793.563893,154842.869493,154842.86952500002,2419.4198363281253,44.741714,148793.563893,18587.205228867177,112.33688765,96.0207238095238,21.583746551064557,0.41332222923505857,55,64,,True,True,,317,56.69694568066818
61,2026-09-19T05:45:55.291+00:00,2026-09-19T05:48:26.674+00:00,2026-09-19T05:48:36.487+00:00,True,99,99.0,,99.0,151382.257879,161195.710935,161195.710758,1628.2395026060608,45.069435,151382.257879,15204.43502901251,112.25370269999999,100.13727608163266,17.37903749025441,0.6141602616208591,55,64,,True,True,,379,56.69694568066818
62,2026-09-19T05:45:55.888+00:00,2026-09-19T05:48:29.832+00:00,2026-09-19T05:48:30.763+00:00,True,10,10.0,,10.0,153943.955565,154875.044205,154875.044216,15487.5044216,98.508048,153943.955565,48648.638126627855,84717.87374850002,103.45429333333333,3.08531524194984,0.0645681817321293,55,64,,True,True,,27,56.69694568066818
63,2026-09-19T05:45:56.449+00:00,2026-09-19T05:48:32.445+00:00,2026-09-19T05:48:35.895+00:00,True,35,35.0,,35.0,155996.154984,159446.434664,159446.43478799998,4555.612422514286,49.462663,155996.154984,26351.0143714214,112.52819,101.47881411764705,15.806239847015116,0.21950945515812365,55,64,,True,True,,101,56.69694568066818
64,2026-09-19T05:45:56.923+00:00,2026-09-19T05:48:34.942+00:00,2026-09-19T05:48:41.536+00:00,True,66,66.0,,66.0,158018.652036,164612.789892,164612.789873,2494.1331798939395,46.385901,158018.652036,19438.273045327263,114.56029525000002,101.4482747076923,18.833075368643023,0.40094089920535103,55,64,,True,True,,275,56.69694568066818
65,2026-09-19T05:45:57.449+00:00,2026-09-19T05:48:38.037+00:00,2026-09-19T05:48:47.245+00:00,True,92,92.0,,92.0,160588.977478,169796.17542999997,169796.175356,1845.6106016956521,45.840552,160588.977478,16732.01670525338,112.4264141,101.17799947252747,15.356275288891306,0.5418261027789041,55,64,,True,True,,407,56.69694568066818
66,2026-09-19T05:45:58.033+00:00,2026-09-19T05:48:41.218+00:00,2026-09-19T05:48:43.319+00:00,True,21,21.0,,21.0,163184.475759,165285.479535,165285.47941499998,7870.737115,96.606803,163184.475759,35586.848507519266,113.59729300000001,105.0501888,4.876248947592245,0.12705290300805372,55,64,,True,True,,98,56.69694568066818
67,2026-09-19T05:45:58.560+00:00,2026-09-19T05:48:44.089+00:00,2026-09-19T05:48:53.372+00:00,True,94,94.0,,94.0,165528.98351,174812.335062,174812.335161,1859.7056932021276,44.199366000000005,165528.98351,17062.722663036344,111.02286735000001,99.82098443010753,15.939626934202046,0.5377194919721277,55,64,,True,True,,344,56.69694568066818
68,2026-09-19T05:45:59.037+00:00,2026-09-19T05:48:46.520+00:00,2026-09-19T05:48:56.026+00:00,True,96,96.0,,96.0,167482.966123,176989.007467,176989.007399,1843.6354937395831,46.424341,167482.966123,17083.45298386787,111.14904875,100.06359309473685,15.581607597056221,0.5424065673564468,55,64,,True,True,,458,56.69694568066818
69,2026-09-19T05:45:59.514+00:00,2026-09-19T05:48:48.959+00:00,2026-09-19T05:48:53.629+00:00,True,47,47.0,,47.0,169444.409047,174114.296279,174114.296362,3704.5594970638294,46.593849999999996,169444.409047,24701.20333697672,110.97482759999998,101.5192876521739,14.498117497855091,0.2699376272048758,55,64,,True,True,,202,56.69694568066818
70,2026-09-19T05:45:59.999+00:00,2026-09-19T05:48:51.780+00:00,2026-09-19T05:48:58.738+00:00,True,70,70.0,,70.0,171780.61059,178738.373406,178738.373271,2553.405332442857,48.866144999999996,171780.61059,20519.663772120453,112.25665785000001,100.83714226086957,15.918459451598396,0.39163386499549624,55,64,,True,True,,292,56.69694568066818
71,2026-09-19T05:46:00.453+00:00,2026-09-19T05:48:54.264+00:00,2026-09-19T05:49:01.826+00:00,True,78,78.0,,78.0,173810.640474,181372.94473000002,181372.944943,2325.2941659358976,47.524868000000005,173810.640474,19669.067602554358,112.31098485000001,98.21174358441559,18.1256078219044,0.4300531157836927,55,64,,True,True,,369,56.69694568066818
72,2026-09-19T05:46:00.869+00:00,2026-09-19T05:48:56.396+00:00,2026-09-19T05:49:01.105+00:00,True,48,48.0,,48.0,175527.436915,180236.521331,180236.52127599998,3754.9275265833335,44.128187,175527.436915,25320.74743678368,114.57971855,100.19328544680852,17.403204761255058,0.26631672452138133,55,64,,True,True,,207,56.69694568066818
73,2026-09-19T05:46:01.540+00:00,2026-09-19T05:48:59.912+00:00,2026-09-19T05:49:04.208+00:00,True,44,44.0,,44.0,178372.126306,182667.625314,182667.62531099998,4151.536938886364,43.364298000000005,178372.126306,26875.555029631912,110.70844579999999,99.89532576744186,16.58406862588997,0.24087464828190197,55,64,,True,True,,151,56.69694568066818
74,2026-09-19T05:46:02.077+00:00,2026-09-19T05:49:03.250+00:00,2026-09-19T05:49:05.425+00:00,True,22,22.0,,22.0,181172.142618,183347.635226,183347.635329,8333.983424045455,49.315034,181172.142618,38603.94625567488,114.11217615,103.5948860952381,13.265874363702357,0.11999063949137993,55,64,,True,True,,64,56.69694568066818
75,2026-09-19T05:46:02.497+00:00,2026-09-19T05:49:05.748+00:00,2026-09-19T05:49:10.835+00:00,True,52,52.0,,52.0,183251.015017,188338.162537,188338.162518,3621.887740730769,44.678224,183251.015017,25398.51922424284,113.92545235000001,99.74799058823528,20.718321320660845,0.27609911501491013,55,64,,True,True,,192,56.69694568066818
76,2026-09-19T05:46:03.066+00:00,2026-09-19T05:49:08.424+00:00,2026-09-19T05:49:18.461+00:00,True,100,100.0,,100.0,185357.93962599998,195394.81284199998,195394.813072,1953.9481307199999,46.266061,185357.93962599998,18525.663358699978,112.35435044999998,101.38255773737374,16.923750409454534,0.5117843127230912,55,64,,True,True,,413,56.69694568066818
77,2026-09-19T05:46:03.738+00:00,2026-09-19T05:49:12.149+00:00,2026-09-19T05:49:15.787+00:00,True,37,37.0,,37.0,188410.17216999998,192049.00557799998,192049.005548,5190.513663459459,45.157914,188410.17216999998,30957.828605577502,113.5856506,101.07870577777777,16.624120947681252,0.19265915951318263,55,64,,True,True,,154,56.69694568066818
78,2026-09-19T05:46:04.310+00:00,2026-09-19T05:49:15.142+00:00,2026-09-19T05:49:24.165+00:00,True,91,91.0,,91.0,190832.370437,199855.186181,199855.186091,2196.210836164835,44.181636,190832.370437,19994.16632603398,113.010704,100.25350826666667,17.669363674072553,0.4553296901566784,55,64,,True,True,,183,56.69694568066818
79,2026-09-19T05:46:04.928+00:00,2026-09-19T05:49:18.669+00:00,2026-09-19T05:49:20.910+00:00,True,25,25.0,,25.0,193741.698199,195982.025367,195982.025369,7839.28101476,48.099187,193741.698199,38729.67665615202,112.03551060000001,93.34696533333333,22.760864404614413,0.12756271884212075,55,64,,True,True,,92,56.69694568066818
80,2026-09-19T05:46:05.428+00:00,2026-09-19T05:49:21.331+00:00,2026-09-19T05:49:25.011+00:00,True,37,37.0,,37.0,195902.69619400002,199582.69414600002,199582.694155,5394.126869054055,48.317037,195902.69619400002,32189.402335244402,112.3378658,102.22216533333332,13.34905528310765,0.18538681501580254,55,64,,True,True,,165,56.69694568066818
81,2026-09-19T05:46:06.038+00:00,2026-09-19T05:49:25.120+00:00,2026-09-19T05:49:28.034+00:00,True,29,29.0,,29.0,199081.96226899998,201996.010013,201996.00996399997,6965.379653931034,50.660831,199081.96226899998,36949.26817817359,115.11312939999999,104.07313371428572,11.630587915410278,0.14356719223381506,55,64,,True,True,,138,56.69694568066818
82,2026-09-19T05:46:06.434+00:00,2026-09-19T05:49:27.205+00:00,2026-09-19T05:49:31.566+00:00,True,43,43.0,,43.0,200770.679558,205132.236038,205132.236037,4770.517117139535,55.03485,200770.679558,30601.40733662902,112.09075109999999,103.84658285714285,11.730338299431242,0.20962088080604946,55,64,,True,True,,198,56.69694568066818
83,2026-09-19T05:46:07.356+00:00,2026-09-19T05:49:31.565+00:00,2026-09-19T05:49:39.593+00:00,True,79,79.0,,79.0,204209.632276,212236.846612,212236.84654499998,2686.5423613291136,46.840899,204209.632276,22963.804544206865,114.4351288,102.9130043076923,14.483800729914545,0.3722256585559979,55,64,,True,True,,367,56.69694568066818
84,2026-09-19T05:46:07.649+00:00,2026-09-19T05:49:33.951+00:00,2026-09-19T05:49:40.001+00:00,True,60,60.0,,60.0,206302.088886,212352.314038,212352.31399700002,3539.2052332833337,45.418333,206302.088886,26620.250069495014,112.63579975,102.54618901694914,13.912728240708935,0.2825493109025557,55,64,,True,True,,247,56.69694568066818
85,2026-09-19T05:46:08.271+00:00,2026-09-19T05:49:38.061+00:00,2026-09-19T05:49:43.416+00:00,True,55,55.0,,55.0,209790.136944,215144.48984,215144.489834,3911.717996981818,48.678127999999994,209790.136944,28274.730791054466,110.01480950000001,99.15468325925926,16.121738181613573,0.2556421502633079,55,64,,True,True,,249,56.69694568066818
86,2026-09-19T05:46:08.890+00:00,2026-09-19T05:49:41.153+00:00,2026-09-19T05:49:42.568+00:00,True,15,15.0,,15.0,212262.617317,213677.521381,213677.521449,14245.1680966,49.666786,212262.617317,54779.87941263679,63757.9226731,101.064576,15.549005663699132,0.07019924184375992,55,64,,True,True,,59,56.69694568066818
87,2026-09-19T05:46:09.404+00:00,2026-09-19T05:49:44.166+00:00,2026-09-19T05:49:45.989+00:00,True,20,20.0,,20.0,214761.758627,216585.34979500002,216585.349958,10829.2674979,49.273527,214761.758627,48000.73192652501,10841.6837774,95.97848252631579,20.737590240603463,0.09234234918903877,55,64,,True,True,,81,56.69694568066818
88,2026-09-19T05:46:10.086+00:00,2026-09-19T05:49:47.227+00:00,2026-09-19T05:49:51.916+00:00,True,50,50.0,,50.0,217140.799016,221829.068584,221829.068452,4436.58136904,48.686627,217140.799016,30694.82109301865,109.54100039999999,95.67897077551021,19.14895031609378,0.22539877356545138,55,64,,True,True,,178,56.69694568066818
89,2026-09-19T05:46:10.688+00:00,2026-09-19T05:49:50.081+00:00,2026-09-19T05:49:55.961+00:00,True,61,61.0,,61.0,219393.366567,225273.950247,225273.95013699998,3693.0155760163934,46.361312,219393.366567,28077.897773295135,109.624867,98.009728,16.030045397036222,0.27078141939233097,55,64,,True,True,,259,56.69694568066818
90,2026-09-19T05:46:11.188+00:00,2026-09-19T05:49:52.831+00:00,2026-09-19T05:49:53.960+00:00,True,13,13.0,,13.0,221643.078,222772.239984,222772.240081,17136.326160076922,48.048038,221643.078,61446.634784435395,88722.63330000002,94.096832,20.461811262764467,0.05835556531161014,55,64,,True,True,,48,56.69694568066818
91,2026-09-19T05:46:11.654+00:00,2026-09-19T05:49:55.752+00:00,2026-09-19T05:50:00.395+00:00,True,47,47.0,,47.0,224097.81899,228740.35723,228740.357371,4866.816114276596,48.666318,224097.81899,32673.30869538595,110.9632143,100.92474434782609,15.55273199927862,0.20547314242733816,55,64,,True,True,,177,56.69694568066818
92,2026-09-19T05:46:12.375+00:00,2026-09-19T05:49:59.548+00:00,2026-09-19T05:50:01.422+00:00,True,19,19.0,,19.0,227173.12162,229047.89922,229047.899034,12055.152580736842,50.714252,227173.12162,52093.19551496004,22820.165950299994,104.1543111111111,13.847294785921951,0.082952081484714,55,64,,True,True,,89,56.69694568066818
93,2026-09-19T05:46:12.825+00:00,2026-09-19T05:50:02.378+00:00,2026-09-19T05:50:08.329+00:00,True,63,63.0,,63.0,229552.959813,235503.797573,235503.797672,3738.1555186031746,0.04001,229552.959813,28908.87713753776,112.75310540000001,95.98125419354838,29.832588356411573,0.2675116097882526,55,64,,True,True,,256,56.69694568066818
94,2026-09-19T05:46:13.446+00:00,2026-09-19T05:50:05.860+00:00,2026-09-19T05:50:09.296+00:00,True,38,38.0,,38.0,232414.144313,235849.363001,235849.362972,6206.562183473684,43.048272,232414.144313,37687.49846694594,116.05106244999999,92.84374832432432,23.17064418844029,0.16111979068537438,55,64,,True,True,,181,56.69694568066818
95,2026-09-19T05:46:14.171+00:00,2026-09-19T05:50:10.060+00:00,2026-09-19T05:50:15.115+00:00,True,50,50.0,,50.0,235888.31039199998,240943.31019999998,240943.31037499997,4818.866207499999,48.740447999999994,235888.31039199998,33345.05818763985,117.94272035000002,103.1632613877551,14.05175087243222,0.20751769351262114,55,64,,True,True,,251,56.69694568066818
96,2026-09-19T05:46:14.607+00:00,2026-09-19T05:50:12.249+00:00,2026-09-19T05:50:14.297+00:00,True,20,20.0,,20.0,237641.413547,239690.131115,239690.131271,11984.50656355,101.952995,237641.413547,53114.124685969015,11990.140985400001,107.82724042105264,3.2761712922006705,0.08344106579175042,55,64,,True,True,,91,56.69694568066818
97,2026-09-19T05:46:15.179+00:00,2026-09-19T05:50:15.214+00:00,2026-09-19T05:50:24.736+00:00,True,99,99.0,,99.0,240034.996582,249556.62653399998,249556.62667,2520.774006767677,44.813466,240034.996582,24114.66723159738,113.0713533,97.15948930612245,18.824895229636336,0.3967035513140826,55,64,,True,True,,443,56.69694568066818
98,2026-09-19T05:46:15.655+00:00,2026-09-19T05:50:18.723+00:00,2026-09-19T05:50:23.458+00:00,True,50,50.0,,50.0,243067.203223,247802.938263,247802.938219,4956.05876438,45.639995000000006,243067.203223,34361.23049319915,112.70168439999999,96.64765387755102,18.7265253693863,0.2017732329990924,55,64,,True,True,,216,56.69694568066818
99,2026-09-19T05:46:16.132+00:00,2026-09-19T05:50:20.917+00:00,2026-09-19T05:50:28.512+00:00,True,80,80.0,,80.0,244785.25372,252379.65807200002,252379.658094,3154.745726175,45.108717,244785.25372,27357.081019283258,107.96946374999997,96.13170065822784,17.473675377991132,0.3169827576879323,55,64,,True,True,,331,56.69694568066818
100,2026-09-19T05:46:16.533+00:00,2026-09-19T05:50:22.591+00:00,2026-09-19T05:50:23.460+00:00,True,10,10.0,,10.0,246058.073422,246927.44711799998,246927.446959,24692.744695899997,48.722258000000004,246058.073422,77779.85010325331,135380.60539855,96.59707733333333,18.2682773319102,0.040497725614201445,55,64,,True,True,,37,56.69694568066818
101,2026-09-19T05:46:17.033+00:00,2026-09-19T05:50:25.087+00:00,2026-09-19T05:50:29.458+00:00,True,46,46.0,,46.0,248054.538558,252424.785726,252424.785825,5487.49534402174,45.914114,248054.538558,36559.33240020599,111.1090725,97.11660373333333,19.460808861583985,0.18223250093171003,55,64,,True,True,,279,56.69694568066818
102,2026-09-19T05:46:17.586+00:00,2026-09-19T05:50:28.619+00:00,2026-09-19T05:50:29.671+00:00,True,11,11.0,,11.0,251032.257717,252084.211893,252084.212004,22916.746545818183,98.696992,251032.257717,75657.35600753217,125571.203662,105.1954176,3.3321560313106318,0.043636211555641076,55,64,,True,True,,63,56.69694568066818
103,2026-09-19T05:46:18.033+00:00,2026-09-19T05:50:30.818+00:00,2026-09-19T05:50:39.165+00:00,True,84,84.0,,84.0,252785.068092,261132.24198,261132.242172,3108.717168714286,48.468049,252785.068092,27570.143584026675,112.2678644,100.56836009638553,15.618879742124202,0.3216760954644334,55,64,,True,True,,405,56.69694568066818
104,2026-09-19T05:46:18.460+00:00,2026-09-19T05:50:32.577+00:00,2026-09-19T05:50:41.244+00:00,True,88,88.0,,88.0,254116.549297,262783.899825,262783.899871,2986.1806803522727,43.896499000000006,254116.549297,27078.301051447295,112.84907235,99.62471871264368,17.99140170824123,0.3348759191815149,55,64,,True,True,,499,56.69694568066818
105,2026-09-19T05:46:19.079+00:00,2026-09-19T05:50:36.265+00:00,2026-09-19T05:50:40.386+00:00,True,42,42.0,,42.0,257185.38838800002,261307.30506,261307.30500800002,6221.602500190476,45.309625999999994,257185.38838800002,39669.058835313386,116.16873895,100.53455297560976,19.474914566220512,0.16073029412766007,55,64,,True,True,,190,56.69694568066818
106,2026-09-19T05:46:19.635+00:00,2026-09-19T05:50:39.055+00:00,2026-09-19T05:50:46.830+00:00,True,80,80.0,,80.0,259419.68179899998,267194.52365499997,267194.52360799996,3339.9315450999998,45.365566,259419.68179899998,28993.0048894952,113.601896,98.41571969620253,18.679472881130884,0.29940733404886527,55,64,,True,True,,281,56.69694568066818
107,2026-09-19T05:46:20.244+00:00,2026-09-19T05:50:42.734+00:00,2026-09-19T05:50:45.481+00:00,True,28,28.0,,28.0,262489.416197,265237.227525,265237.227711,9472.758132535715,45.138756,262489.416197,49586.605681382294,120.2804375,101.77078992592592,12.926490637608211,0.10556587497643352,55,64,,True,True,,106,56.69694568066818
108,2026-09-19T05:46:20.676+00:00,2026-09-19T05:50:44.875+00:00,2026-09-19T05:50:50.108+00:00,True,56,56.0,,56.0,264198.156111,269431.683663,269431.68358099996,4811.2800639464285,45.784415,264198.156111,35292.25366137604,109.87880274999999,95.1550464,20.122892573474246,0.207844894997738,55,64,,True,True,,243,56.69694568066818
109,2026-09-19T05:46:21.128+00:00,2026-09-19T05:50:47.345+00:00,2026-09-19T05:50:55.226+00:00,True,83,83.0,,83.0,266216.297335,274098.08779900003,274098.087678,3302.3865985301204,45.013656000000005,266216.297335,29210.490455782725,112.8465871,96.11939590243902,18.92494057047332,0.302811306224307,55,64,,True,True,,299,56.69694568066818
110,2026-09-19T05:46:21.808+00:00,2026-09-19T05:50:50.834+00:00,2026-09-19T05:50:59.380+00:00,True,88,88.0,,88.0,269026.33989999996,277571.75609199994,277571.756221,3154.2245025113634,46.458123,269026.33989999996,28667.83841368686,110.26824235,98.22317462068966,16.76690151172388,0.31703513800890026,55,64,,True,True,,295,56.69694568066818
111,2026-09-19T05:46:22.732+00:00,2026-09-19T05:50:52.262+00:00,2026-09-19T05:50:53.430+00:00,True,14,14.0,,14.0,269529.809287,270697.499527,270697.49959699996,19335.5356855,49.607866,269529.809287,72010.86887171115,94406.65422364998,89.82232615384616,22.818202652108813,0.05171824647240086,55,64,,True,True,,76,56.69694568066818
112,2026-09-19T05:46:22.855+00:00,2026-09-19T05:50:56.117+00:00,2026-09-19T05:50:57.702+00:00,True,17,17.0,,17.0,273262.24033600005,274847.14299200004,274847.142959,16167.478997588238,52.48554,273262.24033600005,66251.80597308854,54742.909372,99.056416,18.508091095602573,0.06185256217305784,55,64,,True,True,,49,56.69694568066818
113,2026-09-19T05:46:23.453+00:00,2026-09-19T05:50:59.731+00:00,2026-09-19T05:51:07.511+00:00,True,81,81.0,,81.0,276277.728087,284058.059863,284058.059803,3506.8896271975314,44.940597000000004,276277.728087,30686.726204794675,111.316314,97.2541472,20.675433784046646,0.28515297203348483,55,64,,True,True,,386,56.69694568066818
114,2026-09-19T05:46:24.056+00:00,2026-09-19T05:51:03.083+00:00,2026-09-19T05:51:08.286+00:00,True,55,55.0,,55.0,279027.174528,284230.196608,284230.196689,5167.821757981818,48.137909,279027.174528,37611.03018539767,110.68988000000002,96.35226074074075,21.05401576726777,0.1935051259731351,55,64,,True,True,,259,56.69694568066818
115,2026-09-19T05:46:24.603+00:00,2026-09-19T05:51:05.748+00:00,2026-09-19T05:51:14.791+00:00,True,96,96.0,,96.0,281145.38718699996,290187.55192299996,290187.551887,3022.7869988229163,45.534985999999996,281145.38718699996,28684.57394534024,111.16591249999999,95.18068143157895,20.65768233083767,0.3308205309422549,55,64,,True,True,,192,56.69694568066818
116,2026-09-19T05:46:25.072+00:00,2026-09-19T05:51:08.487+00:00,2026-09-19T05:51:12.088+00:00,True,37,37.0,,37.0,283415.101526,287015.557206,287015.557254,7757.177223081081,45.720265,283415.101526,46576.7163414556,110.24351680000001,100.01265777777778,15.914704631960639,0.12891287273826743,55,64,,True,True,,120,56.69694568066818
117,2026-09-19T05:46:25.478+00:00,2026-09-19T05:51:10.775+00:00,2026-09-19T05:51:10.884+00:00,True,2,2.0,,2.0,285297.226199,285406.47829500004,285406.478309,142703.2391545,109.25211,285297.226199,201658.35039118532,271037.82749455003,109.252096,nan,0.007007549414953267,55,64,,True,True,,3,56.69694568066818
118,2026-09-19T05:46:26.114+00:00,2026-09-19T05:51:13.958+00:00,2026-09-19T05:51:18.738+00:00,True,49,49.0,,49.0,287844.100315,292624.301275,292624.301416,5971.924518693877,48.453669000000005,287844.100315,41106.36261869434,111.5611658,99.58752,17.502182733085714,0.16745020760921422,55,64,,True,True,,194,56.69694568066818
119,2026-09-19T05:46:26.803+00:00,2026-09-19T05:51:17.947+00:00,2026-09-19T05:51:25.979+00:00,True,81,81.0,,81.0,291144.20412699995,299175.94607899996,299175.94596599997,3693.5301971111103,45.968964,291144.20412699995,32338.206185000916,114.90357599999999,100.39677440000001,18.750211048317947,0.2707436913347681,55,64,,True,True,,435,56.69694568066818
120,2026-09-19T05:46:27.219+00:00,2026-09-19T05:51:19.778+00:00,2026-09-19T05:51:21.151+00:00,True,15,15.0,,15.0,292559.47634,293932.735604,293932.735669,19595.515711266667,49.685076,292559.47634,75513.20784075996,87847.032607,98.08994742857143,20.49051154214743,0.05103208381732856,55,64,,True,True,,83,56.69694568066818
121,2026-09-19T05:46:27.704+00:00,2026-09-19T05:51:23.014+00:00,2026-09-19T05:51:23.235+00:00,True,3,3.0,,3.0,295310.07286400005,295530.658592,295530.658668,98510.21955600001,105.198088,295310.07286400005,170433.67250192925,265790.60434920003,110.292864,7.205112630161446,0.010151231057694431,55,64,,True,True,,7,56.69694568066818
122,2026-09-19T05:46:28.363+00:00,2026-09-19T05:51:26.829+00:00,2026-09-19T05:51:28.407+00:00,False,18,17.0,,17.0,298466.550934,300044.595862,300044.596093,16669.14422738889,0.036770000000000004,298466.550934,70327.36741637361,44866.6314141,92.82617223529412,30.07053767297181,0.05665824425586001,55,64,,True,False,Request timeout: 300.0s exceeded,74,56.69694568066818
123,2026-09-19T05:46:28.787+00:00,2026-09-19T05:51:28.513+00:00,2026-09-19T05:51:29.491+00:00,False,11,10.0,,10.0,299725.614477,300703.87137300003,300703.871303,27336.715573,0.03841,299725.614477,90341.1834470226,149921.8828235,97.82568959999999,34.63354465685411,0.033255308467897204,55,64,,True,False,Request timeout: 300.0s exceeded,28,56.69694568066818
124,2026-09-19T05:46:29.328+00:00,2026-09-19T05:51:29.601+00:00,2026-09-19T05:51:29.713+00:00,False,3,2.0,,2.0,300273.645598,300384.98204599996,300384.981972,100128.327324,0.07462,300273.645598,173330.93898925043,270257.40721359994,55.668224,78.62104208180891,0.006658122474624003,55,64,,True,False,Request timeout: 300.0s exceeded,8,56.69694568066818
125,2026-09-19T05:46:29.852+00:00,2026-09-19T05:51:29.873+00:00,2026-09-19T05:51:29.873+00:00,False,1,0.0,,0.0,300020.91358399997,300020.91358399997,300020.91358399997,300020.91358399997,300020.91358399997,300020.91358399997,nan,300020.91358399997,nan,nan,0.0,55,64,,True,False,"HTTPConnectionPool(host='gpu03', port=9002): Read timed out.",0,56.69694568066818
126,2026-09-19T05:46:30.486+00:00,2026-09-19T05:51:30.511+00:00,2026-09-19T05:51:30.511+00:00,False,1,0.0,,0.0,300024.797268,300024.797268,300024.797268,300024.797268,300024.797268,300024.797268,nan,300024.797268,nan,nan,0.0,55,64,,True,False,"HTTPConnectionPool(host='gpu03', port=9002): Read timed out.",0,56.69694568066818
127,2026-09-19T05:46:30.918+00:00,2026-09-19T05:51:30.983+00:00,2026-09-19T05:51:30.983+00:00,False,1,0.0,,0.0,300064.21481,300064.21481,300064.21481,300064.21481,300064.21481,300064.21481,nan,300064.21481,nan,nan,0.0,55,64,,True,False,TTFT timeout: 300.0s exceeded (TTFT: 300.059s),0,56.69694568066818
128,2026-09-19T05:46:31.618+00:00,2026-09-19T05:51:31.313+00:00,2026-09-19T05:51:31.632+00:00,False,6,5.0,,5.0,299694.59969400003,300013.82836600003,300013.828371,50002.30472850001,0.03761,299694.59969400003,122323.75037568399,224800.34315800003,63.8457344,47.25379106595073,0.016665898459521274,55,64,,True,False,Request timeout: 300.0s exceeded,21,56.69694568066818
129,2026-09-19T05:46:32.060+00:00,2026-09-19T05:51:32.118+00:00,2026-09-19T05:51:32.118+00:00,False,1,0.0,,0.0,300057.661393,300057.661393,300057.661393,300057.661393,300057.661393,300057.661393,nan,300057.661393,nan,nan,0.0,55,64,,True,False,"HTTPConnectionPool(host='gpu03', port=9002): Read timed out.",0,56.69694568066818
130,2026-09-19T05:46:32.539+00:00,2026-09-19T05:51:32.529+00:00,2026-09-19T05:51:32.667+00:00,False,3,2.0,,2.0,299989.516675,300127.855747,300127.85578700004,100042.61859566667,0.02823,299989.516675,173159.10694844625,270004.3960957,69.169536,97.78067166033762,0.006663826638224304,55,64,,True,False,Request timeout: 300.0s exceeded,8,56.69694568066818
131,2026-09-19T05:46:33.248+00:00,2026-09-19T05:51:33.142+00:00,2026-09-19T05:51:33.330+00:00,False,4,3.0,,3.0,299893.80248,300082.019568,300082.019747,75020.50493675,0.066979,299893.80248,149915.53830877683,254924.6435108,62.739029333333335,54.53722766004995,0.009997266761663426,55,64,,True,False,Request timeout: 300.0s exceeded,10,56.69694568066818
132,2026-09-19T05:46:33.821+00:00,2026-09-19T05:51:33.911+00:00,2026-09-19T05:51:33.911+00:00,False,1,0.0,,0.0,300089.65837900003,300089.65837900003,300089.65837900003,300089.65837900003,300089.65837900003,300089.65837900003,nan,300089.65837900003,nan,nan,0.0,55,64,,True,False,"HTTPConnectionPool(host='gpu03', port=9002): Read timed out.",0,56.69694568066818
133,2026-09-19T05:46:34.320+00:00,2026-09-19T05:51:34.277+00:00,2026-09-19T05:51:34.408+00:00,False,3,2.0,,2.0,299956.48537999997,300087.361796,300087.36195,100029.12064999998,0.02395,299956.48537999997,173142.18912485498,269973.92210399994,65.438208,92.50993165449859,0.0066647258585971515,55,64,,True,False,Request timeout: 300.0s exceeded,3,56.69694568066818
134,2026-09-19T05:46:34.806+00:00,2026-09-19T05:51:34.551+00:00,2026-09-19T05:51:34.852+00:00,False,5,4.0,,4.0,299745.418839,300046.679127,300046.679097,60009.335819399996,0.02234,299745.418839,134016.55170235172,239817.27726719997,75.315072,50.47703662563023,0.013331259028222506,55,64,,True,False,Request timeout: 300.0s exceeded,24,56.69694568066818
135,2026-09-19T05:46:35.306+00:00,2026-09-19T05:51:35.411+00:00,2026-09-19T05:51:35.411+00:00,False,1,0.0,,0.0,300105.488017,300105.488017,300105.488017,300105.488017,300105.488017,300105.488017,nan,300105.488017,nan,nan,0.0,55,64,,True,False,"HTTPConnectionPool(host='gpu03', port=9002): Read timed out.",0,56.69694568066818
136,2026-09-19T05:46:35.938+00:00,2026-09-19T05:51:35.890+00:00,2026-09-19T05:51:36.023+00:00,False,3,2.0,,2.0,299951.679472,300084.703728,300084.703606,100028.23453533334,0.02987,299951.679472,173138.7948912398,269969.81095119996,66.512128,94.0199949552751,0.006664784892910842,55,64,,True,False,Request timeout: 300.0s exceeded,4,56.69694568066818
137,2026-09-19T05:46:36.657+00:00,2026-09-19T05:51:36.775+00:00,2026-09-19T05:51:36.775+00:00,False,1,0.0,,0.0,300118.63772500004,300118.63772500004,300118.63772500004,300118.63772500004,300118.63772500004,300118.63772500004,nan,300118.63772500004,nan,nan,0.0,55,64,,True,False,"HTTPConnectionPool(host='gpu03', port=9002): Read timed out.",0,56.69694568066818
138,2026-09-19T05:46:37.702+00:00,2026-09-19T05:51:37.457+00:00,2026-09-19T05:51:37.999+00:00,False,7,6.0,,6.0,299754.833704,300296.804648,300296.804739,42899.54353414285,0.02444,299754.833704,113262.54404699267,209861.9972527,90.32849066666667,44.42458815670429,0.019980232580340113,55,64,,True,False,Request timeout: 300.0s exceeded,19,56.69694568066818
139,2026-09-19T05:46:37.820+00:00,2026-09-19T05:51:37.678+00:00,2026-09-19T05:51:37.997+00:00,False,5,4.0,,4.0,299857.90490200004,300176.43264600006,300176.432481,60035.28649620001,0.02476,299857.90490200004,134064.92728004832,239908.82110400003,79.631936,53.33118030927593,0.013325496491315907,55,64,,True,False,Request timeout: 300.0s exceeded,7,56.69694568066818
140,2026-09-19T05:46:38.257+00:00,2026-09-19T05:51:38.358+00:00,2026-09-19T05:51:38.358+00:00,False,1,0.0,,0.0,300101.11038599996,300101.11038599996,300101.11038599996,300101.11038599996,300101.11038599996,300101.11038599996,nan,300101.11038599996,nan,nan,0.0,55,64,,True,False,"HTTPConnectionPool(host='gpu03', port=9002): Read timed out.",0,56.69694568066818
141,2026-09-19T05:46:38.810+00:00,2026-09-19T05:51:39.173+00:00,2026-09-19T05:51:39.476+00:00,False,5,4.0,,4.0,300363.367722,300666.477354,300666.477317,60133.2954634,0.0287,300363.367722,134292.709948711,240327.550869,75.777408,78.01668457347778,0.013303777777961136,55,64,,True,False,Request timeout: 300.0s exceeded,13,56.69694568066818
142,2026-09-19T05:46:39.376+00:00,2026-09-19T05:51:39.362+00:00,2026-09-19T05:51:39.685+00:00,False,7,6.0,,6.0,299985.742908,300309.393468,300309.393256,42901.341893714285,0.028579999999999998,299985.742908,113363.56941620691,210022.02470939996,53.94176,33.97749363827089,0.019979395018955147,55,64,,True,False,Request timeout: 300.0s exceeded,18,56.69694568066818
143,2026-09-19T05:46:39.984+00:00,2026-09-19T05:51:40.031+00:00,2026-09-19T05:51:40.031+00:00,False,1,0.0,,0.0,300047.27817799995,300047.27817799995,300047.27817799995,300047.27817799995,300047.27817799995,300047.27817799995,nan,300047.27817799995,nan,nan,0.0,55,64,,True,False,"HTTPConnectionPool(host='gpu03', port=9002): Read timed out.",0,56.69694568066818
144,2026-09-19T05:46:40.684+00:00,2026-09-19T05:51:40.776+00:00,2026-09-19T05:51:40.776+00:00,False,1,0.0,,0.0,300092.520689,300092.520689,300092.520689,300092.520689,300092.520689,300092.520689,nan,300092.520689,nan,nan,0.0,55,64,,True,False,TTFT timeout: 300.0s exceeded (TTFT: 300.086s),0,56.69694568066818
145,2026-09-19T05:46:41.400+00:00,2026-09-19T05:51:41.082+00:00,2026-09-19T05:51:41.422+00:00,False,6,5.0,,5.0,299681.34961900004,300021.23774700006,300021.2379390001,50003.539656500005,0.02115,299681.34961900004,122316.6531734366,224786.80247750002,67.9776256,43.79658907841455,0.016665486875353696,55,64,,True,False,Request timeout: 300.0s exceeded,24,56.69694568066818
146,2026-09-19T05:46:42.015+00:00,2026-09-19T05:51:42.119+00:00,2026-09-19T05:51:42.119+00:00,False,1,0.0,,0.0,300103.149272,300103.149272,300103.149272,300103.149272,300103.149272,300103.149272,nan,300103.149272,nan,nan,0.0,55,64,,True,False,"HTTPConnectionPool(host='gpu03', port=9002): Read timed out.",0,56.69694568066818
147,2026-09-19T05:46:42.683+00:00,2026-09-19T05:51:42.684+00:00,2026-09-19T05:51:42.818+00:00,False,3,2.0,,2.0,300000.457092,300134.96973199997,300134.969753,100044.98991766667,0.039869999999999996,300000.457092,173166.52724395666,270013.85866190004,67.25632,95.05832186647791,0.00666366868807678,55,64,,True,False,Request timeout: 300.0s exceeded,8,56.69694568066818
148,2026-09-19T05:46:43.241+00:00,2026-09-19T05:51:43.034+00:00,2026-09-19T05:51:43.344+00:00,False,5,4.0,,4.0,299793.370215,300103.16861500003,300103.168604,60020.633720800004,0.06541,299793.370215,134037.0419508571,239855.7573516,77.4496,51.647436122503045,0.013328749637867265,55,64,,True,False,Request timeout: 300.0s exceeded,13,56.69694568066818
149,2026-09-19T05:46:43.826+00:00,2026-09-19T05:51:43.933+00:00,2026-09-19T05:51:43.933+00:00,False,1,0.0,,0.0,300107.526814,300107.526814,300107.526814,300107.526814,300107.526814,300107.526814,nan,300107.526814,nan,nan,0.0,55,64,,True,False,"HTTPConnectionPool(host='gpu03', port=9002): Read timed out.",0,56.69694568066818
150,2026-09-19T05:46:44.417+00:00,2026-09-19T05:51:44.349+00:00,2026-09-19T05:51:44.483+00:00,False,3,2.0,,2.0,299931.807768,300065.532184,300065.532081,100021.844027,0.023329999999999997,299931.807768,173127.11997149573,269951.9970895,66.862208,94.52449584466181,0.006665210713950315,55,64,,True,False,Request timeout: 300.0s exceeded,5,56.69694568066818
151,2026-09-19T05:46:44.813+00:00,2026-09-19T05:51:44.628+00:00,2026-09-19T05:51:44.840+00:00,False,4,3.0,,3.0,299815.031936,300027.199104,300027.199078,75006.7997695,0.040269,299815.031936,149872.16318170438,254859.53017805,70.72238933333333,61.470339696352596,0.009999093445391578,55,64,,True,False,Request timeout: 300.0s exceeded,15,56.69694568066818
152,2026-09-19T05:46:45.225+00:00,2026-09-19T05:51:45.260+00:00,2026-09-19T05:51:45.260+00:00,False,1,0.0,,0.0,300034.92160299997,300034.92160299997,300034.92160299997,300034.92160299997,300034.92160299997,300034.92160299997,nan,300034.92160299997,nan,nan,0.0,55,64,,True,False,"HTTPConnectionPool(host='gpu03', port=9002): Read timed out.",0,56.69694568066818
153,2026-09-19T05:46:45.867+00:00,2026-09-19T05:51:45.865+00:00,2026-09-19T05:51:46.012+00:00,False,3,2.0,,2.0,299997.955141,300144.890181,300144.890303,100048.29676766666,0.02702,299997.955141,173161.49920298543,270012.8504411,73.46752,103.86074911736003,0.006663448439165218,55,64,,True,False,Request timeout: 300.0s exceeded,4,56.69694568066818
154,2026-09-19T05:46:46.320+00:00,2026-09-19T05:51:46.171+00:00,2026-09-19T05:51:46.391+00:00,False,4,3.0,,3.0,299851.05007999996,300071.14991999994,300071.14980499994,75017.78745124998,0.04195,299851.05007999996,149888.85077924412,254890.67124589995,73.36661333333333,63.71048574230516,0.009997628898345646,55,64,,True,False,Request timeout: 300.0s exceeded,5,56.69694568066818
155,2026-09-19T05:46:46.737+00:00,2026-09-19T05:51:46.392+00:00,2026-09-19T05:51:46.786+00:00,False,6,5.0,,5.0,299655.194011,300049.95548299997,300049.955334,50008.325889,0.02752,299655.194011,122301.49495236827,224767.29762375,78.9522944,44.22146427234717,0.016663891824117556,55,64,,True,False,Request timeout: 300.0s exceeded,16,56.69694568066818
156,2026-09-19T05:46:47.216+00:00,2026-09-19T05:51:47.283+00:00,2026-09-19T05:51:47.283+00:00,False,1,0.0,,0.0,300067.330759,300067.330759,300067.330759,300067.330759,300067.330759,300067.330759,nan,300067.330759,nan,nan,0.0,55,64,,True,False,"HTTPConnectionPool(host='gpu03', port=9002): Read timed out.",0,56.69694568066818
157,2026-09-19T05:46:47.655+00:00,2026-09-19T05:51:47.677+00:00,2026-09-19T05:51:47.677+00:00,False,1,0.0,,0.0,300022.590625,300022.590625,300022.590625,300022.590625,300022.590625,300022.590625,nan,300022.590625,nan,nan,0.0,55,64,,True,False,TTFT timeout: 300.0s exceeded (TTFT: 300.003s),0,56.69694568066818
158,2026-09-19T05:46:48.372+00:00,2026-09-19T05:51:48.069+00:00,2026-09-19T05:51:48.420+00:00,False,6,5.0,,5.0,299696.47273900005,300047.97737900005,300047.97746300005,50007.99624383334,0.024579999999999998,299696.47273900005,122321.87907524436,224799.04079075006,70.300928,45.13621943475337,0.01666400168291867,55,64,,True,False,Request timeout: 300.0s exceeded,16,56.69694568066818
159,2026-09-19T05:46:48.888+00:00,2026-09-19T05:51:48.974+00:00,2026-09-19T05:51:48.974+00:00,False,1,0.0,,0.0,300085.963941,300085.963941,300085.963941,300085.963941,300085.963941,300085.963941,nan,300085.963941,nan,nan,0.0,55,64,,True,False,"HTTPConnectionPool(host='gpu03', port=9002): Read timed out.",0,56.69694568066818
160,2026-09-19T05:46:49.500+00:00,2026-09-19T05:51:49.392+00:00,2026-09-19T05:51:49.522+00:00,False,3,2.0,,2.0,299892.232356,300021.778084,300021.778117,100007.25937233333,0.044090000000000004,299892.232356,173105.47654053924,269915.95928749995,64.772864,91.54039209096959,0.006666182744374112,55,64,,True,False,Request timeout: 300.0s exceeded,4,56.69694568066818
161,2026-09-19T05:46:50.049+00:00,2026-09-19T05:51:49.911+00:00,2026-09-19T05:51:50.063+00:00,False,5,4.0,,4.0,299862.169689,300014.101593,300014.101605,60002.820321,0.06273,299862.169689,134085.45434889122,239900.1546034,37.982976,25.31629422830443,0.01333270662532527,55,64,,True,False,Request timeout: 300.0s exceeded,11,56.69694568066818
162,2026-09-19T05:46:50.454+00:00,2026-09-19T05:51:50.754+00:00,2026-09-19T05:51:51.467+00:00,False,8,7.0,,7.0,300299.629958,301013.30854999996,301013.30844399997,37626.663555499996,0.02429,300299.629958,106135.91529687805,195245.67114189998,101.95408457142857,47.57193556981132,0.023254785755883817,55,64,,True,False,Request timeout: 300.0s exceeded,21,56.69694568066818
163,2026-09-19T05:46:50.932+00:00,2026-09-19T05:51:51.107+00:00,2026-09-19T05:51:51.568+00:00,False,6,5.0,,5.0,300174.623494,300635.21126999997,300635.211281,50105.868546833335,0.040119999999999996,300174.623494,122508.17987995491,225167.89020199998,92.1175552,54.878230247913095,0.016631451714781035,55,64,,True,False,Request timeout: 300.0s exceeded,16,56.69694568066818
164,2026-09-19T05:46:51.625+00:00,2026-09-19T05:51:51.635+00:00,2026-09-19T05:51:51.635+00:00,False,1,0.0,,0.0,300010.03847,300010.03847,300010.03847,300010.03847,300010.03847,300010.03847,nan,300010.03847,nan,nan,0.0,55,64,,True,False,"HTTPConnectionPool(host='gpu03', port=9002): Read timed out.",0,56.69694568066818
165,2026-09-19T05:46:52.124+00:00,2026-09-19T05:51:52.236+00:00,2026-09-19T05:51:52.236+00:00,False,1,0.0,,0.0,300111.65012400004,300111.65012400004,300111.65012400004,300111.65012400004,300111.65012400004,300111.65012400004,nan,300111.65012400004,nan,nan,0.0,55,64,,True,False,"HTTPConnectionPool(host='gpu03', port=9002): Read timed out.",0,56.69694568066818
166,2026-09-19T05:46:52.706+00:00,2026-09-19T05:51:52.746+00:00,2026-09-19T05:51:52.746+00:00,False,1,0.0,,0.0,300039.27443800005,300039.27443800005,300039.27443800005,300039.27443800005,300039.27443800005,300039.27443800005,nan,300039.27443800005,nan,nan,0.0,55,64,,True,False,"HTTPConnectionPool(host='gpu03', port=9002): Read timed out.",0,56.69694568066818
167,2026-09-19T05:46:53.108+00:00,2026-09-19T05:51:52.993+00:00,2026-09-19T05:51:53.166+00:00,False,4,3.0,,3.0,299884.438654,300057.606014,300057.605778,75014.4014445,0.03683,299884.438654,149913.36394228085,254916.3588499,57.722453333333334,51.08494992837265,0.009998080168179527,55,64,,True,False,Request timeout: 300.0s exceeded,6,56.69694568066818
168,2026-09-19T05:46:53.787+00:00,2026-09-19T05:51:53.681+00:00,2026-09-19T05:51:53.681+00:00,True,1,1.0,,1.0,299893.937865,299893.937865,299893.937865,299893.937865,299893.937865,299893.937865,nan,299893.937865,nan,nan,0.003334512218283516,55,64,,True,True,,2,56.69694568066818
169,2026-09-19T05:46:54.379+00:00,2026-09-19T05:51:54.483+00:00,2026-09-19T05:51:54.483+00:00,False,1,0.0,,0.0,300104.400542,300104.400542,300104.400542,300104.400542,300104.400542,300104.400542,nan,300104.400542,nan,nan,0.0,55,64,,True,False,"HTTPConnectionPool(host='gpu03', port=9002): Read timed out.",0,56.69694568066818
170,2026-09-19T05:46:55.680+00:00,2026-09-19T05:51:54.777+00:00,2026-09-19T05:51:55.808+00:00,False,12,11.0,,11.0,299096.607935,300127.801791,300127.80173099996,25010.650144249998,0.02345,299096.607935,86314.6991506369,134665.0145958,93.744896,37.52923772245335,0.0366510530992396,55,64,,True,False,Request timeout: 300.0s exceeded,40,56.69694568066818
171,2026-09-19T05:46:55.746+00:00,2026-09-19T05:51:55.927+00:00,2026-09-19T05:51:56.025+00:00,False,3,2.0,,2.0,300181.130043,300279.402555,300279.402632,100093.13421066666,0.04174,300181.130043,173281.29433792084,270172.8401236,49.136256,69.43014733590566,0.0066604634982703305,55,64,,True,False,Request timeout: 300.0s exceeded,3,56.69694568066818
172,2026-09-19T05:46:56.080+00:00,2026-09-19T05:51:56.106+00:00,2026-09-19T05:51:56.106+00:00,False,1,0.0,,0.0,300026.356156,300026.356156,300026.356156,300026.356156,300026.356156,300026.356156,nan,300026.356156,nan,nan,0.0,55,64,,True,False,"HTTPConnectionPool(host='gpu03', port=9002): Read timed out.",0,56.69694568066818
173,2026-09-19T05:46:56.498+00:00,2026-09-19T05:51:56.525+00:00,2026-09-19T05:51:56.525+00:00,False,1,0.0,,0.0,300026.656478,300026.656478,300026.656478,300026.656478,300026.656478,300026.656478,nan,300026.656478,nan,nan,0.0,55,64,,True,False,"HTTPConnectionPool(host='gpu03', port=9002): Read timed out.",0,56.69694568066818
174,2026-09-19T05:46:56.956+00:00,2026-09-19T05:51:57.061+00:00,2026-09-19T05:51:57.061+00:00,False,1,0.0,,0.0,300105.036775,300105.036775,300105.036775,300105.036775,300105.036775,300105.036775,nan,300105.036775,nan,nan,0.0,55,64,,True,False,"HTTPConnectionPool(host='gpu03', port=9002): Read timed out.",0,56.69694568066818
175,2026-09-19T05:46:57.607+00:00,2026-09-19T05:51:57.408+00:00,2026-09-19T05:51:57.711+00:00,False,5,4.0,,4.0,299800.94846,300104.23934,300104.239185,60020.847836999994,0.047869999999999996,299800.94846,134041.15832751224,239861.84251400002,75.82272,50.61179577444652,0.013328702082972715,55,64,,True,False,Request timeout: 300.0s exceeded,13,56.69694568066818
176,2026-09-19T05:46:58.118+00:00,2026-09-19T05:51:57.913+00:00,2026-09-19T05:51:58.219+00:00,False,5,4.0,,4.0,299794.585307,300100.67913099995,300100.67905499996,60020.13581099999,0.02198,299794.585307,134037.99936417514,239856.25027319998,76.523456,51.00755592912846,0.013328860206457314,55,64,,True,False,Request timeout: 300.0s exceeded,22,56.69694568066818
177,2026-09-19T05:46:58.609+00:00,2026-09-19T05:51:58.717+00:00,2026-09-19T05:51:58.717+00:00,False,1,0.0,,0.0,300108.362111,300108.362111,300108.362111,300108.362111,300108.362111,300108.362111,nan,300108.362111,nan,nan,0.0,55,64,,True,False,"HTTPConnectionPool(host='gpu03', port=9002): Read timed out.",0,56.69694568066818
178,2026-09-19T05:46:59.263+00:00,2026-09-19T05:51:59.200+00:00,2026-09-19T05:51:59.312+00:00,False,3,2.0,,2.0,299937.356368,300049.230928,300049.231103,100016.41036766666,0.040809,299937.356368,173136.62700791072,269954.8041238,55.93728,79.04969586941844,0.0066655728255471565,55,64,,True,False,Request timeout: 300.0s exceeded,4,56.69694568066818
179,2026-09-19T05:46:59.884+00:00,2026-09-19T05:51:59.949+00:00,2026-09-19T05:51:59.949+00:00,False,1,0.0,,0.0,300065.18840600003,300065.18840600003,300065.18840600003,300065.18840600003,300065.18840600003,300065.18840600003,nan,300065.18840600003,nan,nan,0.0,55,64,,True,False,"HTTPConnectionPool(host='gpu03', port=9002): Read timed out.",0,56.69694568066818
180,2026-09-19T05:47:00.338+00:00,2026-09-19T05:52:00.319+00:00,2026-09-19T05:52:00.415+00:00,False,3,2.0,,2.0,299981.26562099997,300077.002453,300077.00245599996,100025.66748533332,0.061079999999999995,299981.26562099997,173166.63421365467,269992.70663439995,47.868416,67.609997912589,0.0066649559401449066,55,64,,True,False,Request timeout: 300.0s exceeded,4,56.69694568066818
181,2026-09-19T05:47:00.782+00:00,2026-09-19T05:52:00.799+00:00,2026-09-19T05:52:00.799+00:00,False,1,0.0,,0.0,300017.936153,300017.936153,300017.936153,300017.936153,300017.936153,300017.936153,nan,300017.936153,nan,nan,0.0,55,64,,True,False,TTFT timeout: 300.0s exceeded (TTFT: 300.012s),0,56.69694568066818
182,2026-09-19T05:47:01.290+00:00,2026-09-19T05:52:01.409+00:00,2026-09-19T05:52:01.409+00:00,False,1,0.0,,0.0,300118.735199,300118.735199,300118.735199,300118.735199,300118.735199,300118.735199,nan,300118.735199,nan,nan,0.0,55,64,,True,False,"HTTPConnectionPool(host='gpu03', port=9002): Read timed out.",0,56.69694568066818
183,2026-09-19T05:47:01.931+00:00,2026-09-19T05:52:02.037+00:00,2026-09-19T05:52:02.037+00:00,False,1,0.0,,0.0,300105.29990100005,300105.29990100005,300105.29990100005,300105.29990100005,300105.29990100005,300105.29990100005,nan,300105.29990100005,nan,nan,0.0,55,64,,True,False,"HTTPConnectionPool(host='gpu03', port=9002): Read timed out.",0,56.69694568066818
184,2026-09-19T05:47:02.603+00:00,2026-09-19T05:52:02.335+00:00,2026-09-19T05:52:02.686+00:00,False,5,4.0,,4.0,299732.377553,300083.240657,300083.24052,60016.648104,0.023879,299732.377553,134005.17752204885,239813.50913060002,87.715776,62.528012167946954,0.013329634774812582,55,64,,True,False,Request timeout: 300.0s exceeded,9,56.69694568066818
185,2026-09-19T05:47:03.142+00:00,2026-09-19T05:52:03.201+00:00,2026-09-19T05:52:03.201+00:00,False,1,0.0,,0.0,300058.973321,300058.973321,300058.973321,300058.973321,300058.973321,300058.973321,nan,300058.973321,nan,nan,0.0,55,64,,True,False,TTFT timeout: 300.0s exceeded (TTFT: 300.047s),0,56.69694568066818
186,2026-09-19T05:47:03.572+00:00,2026-09-19T05:52:03.620+00:00,2026-09-19T05:52:03.620+00:00,False,1,0.0,,0.0,300047.91437,300047.91437,300047.91437,300047.91437,300047.91437,300047.91437,nan,300047.91437,nan,nan,0.0,55,64,,True,False,"HTTPConnectionPool(host='gpu03', port=9002): Read timed out.",0,56.69694568066818
187,2026-09-19T05:47:04.179+00:00,2026-09-19T05:52:04.083+00:00,2026-09-19T05:52:05.048+00:00,False,11,10.0,,10.0,299903.781186,300869.504578,300869.504633,27351.773148454544,0.02997,299903.781186,90395.2807458229,150014.76384349997,96.5723392,34.98783680604258,0.03323700091847465,55,64,,True,False,Request timeout: 300.0s exceeded,35,56.69694568066818
189,2026-09-19T05:47:05.257+00:00,2026-09-19T05:52:05.280+00:00,2026-09-19T05:52:05.280+00:00,False,1,0.0,,0.0,300023.382773,300023.382773,300023.382773,300023.382773,300023.382773,300023.382773,nan,300023.382773,nan,nan,0.0,55,64,,True,False,"HTTPConnectionPool(host='gpu03', port=9002): Read timed out.",0,56.69694568066818
190,2026-09-19T05:47:05.747+00:00,2026-09-19T05:52:05.770+00:00,2026-09-19T05:52:05.770+00:00,False,1,0.0,,0.0,300022.89260900003,300022.89260900003,300022.89260900003,300022.89260900003,300022.89260900003,300022.89260900003,nan,300022.89260900003,nan,nan,0.0,55,64,,True,False,"HTTPConnectionPool(host='gpu03', port=9002): Read timed out.",0,56.69694568066818
188,2026-09-19T05:47:04.660+00:00,2026-09-19T05:52:05.791+00:00,2026-09-19T05:52:05.791+00:00,False,1,0.0,,0.0,301130.652268,301130.652268,301130.652268,301130.652268,301130.652268,301130.652268,nan,301130.652268,nan,nan,0.0,55,64,,True,False,"HTTPConnectionPool(host='gpu03', port=9002): Read timed out.",0,56.69694568066818
191,2026-09-19T05:47:06.246+00:00,2026-09-19T05:52:06.343+00:00,2026-09-19T05:52:06.343+00:00,False,1,0.0,,0.0,300097.033582,300097.033582,300097.033582,300097.033582,300097.033582,300097.033582,nan,300097.033582,nan,nan,0.0,55,64,,True,False,"HTTPConnectionPool(host='gpu03', port=9002): Read timed out.",0,56.69694568066818
192,2026-09-19T05:47:06.703+00:00,2026-09-19T05:52:06.544+00:00,2026-09-19T05:52:06.742+00:00,False,4,3.0,,3.0,299841.42093900003,300038.89549900003,300038.89538500004,75009.72384625001,0.043340000000000004,299841.42093900003,149887.80531198086,254880.59071185003,65.82485333333334,57.097610304323084,0.009998703651440413,55,64,,True,False,Request timeout: 300.0s exceeded,11,56.69694568066818
193,2026-09-19T05:47:07.202+00:00,2026-09-19T05:52:07.295+00:00,2026-09-19T05:52:07.295+00:00,False,1,0.0,,0.0,300092.957605,300092.957605,300092.957605,300092.957605,300092.957605,300092.957605,nan,300092.957605,nan,nan,0.0,55,64,,True,False,TTFT timeout: 300.0s exceeded (TTFT: 300.084s),0,56.69694568066818
194,2026-09-19T05:47:07.897+00:00,2026-09-19T05:52:07.991+00:00,2026-09-19T05:52:07.991+00:00,False,1,0.0,,0.0,300094.00476499996,300094.00476499996,300094.00476499996,300094.00476499996,300094.00476499996,300094.00476499996,nan,300094.00476499996,nan,nan,0.0,55,64,,True,False,TTFT timeout: 300.0s exceeded (TTFT: 300.079s),0,56.69694568066818
195,2026-09-19T05:47:08.394+00:00,2026-09-19T05:52:08.272+00:00,2026-09-19T05:52:08.507+00:00,False,4,3.0,,3.0,299877.65532200004,300113.09877800004,300113.098682,75028.2746705,0.0211,299877.65532200004,149899.59740192833,254914.25106935002,78.481152,68.06123591705058,0.009996231461457011,55,64,,True,False,Request timeout: 300.0s exceeded,13,56.69694568066818
196,2026-09-19T05:47:08.959+00:00,2026-09-19T05:52:09.010+00:00,2026-09-19T05:52:09.010+00:00,False,1,0.0,,0.0,300050.35138300003,300050.35138300003,300050.35138300003,300050.35138300003,300050.35138300003,300050.35138300003,nan,300050.35138300003,nan,nan,0.0,55,64,,True,False,"HTTPConnectionPool(host='gpu03', port=9002): Read timed out.",0,56.69694568066818
197,2026-09-19T05:47:09.647+00:00,2026-09-19T05:52:09.600+00:00,2026-09-19T05:52:09.732+00:00,False,3,2.0,,2.0,299953.509295,300085.23255899997,300085.232691,100028.410897,0.02678,299953.509295,173140.22658332152,269971.3280271,65.861632,93.10476119254122,0.006664773147764873,55,64,,True,False,Request timeout: 300.0s exceeded,10,56.69694568066818
198,2026-09-19T05:47:10.320+00:00,2026-09-19T05:52:10.101+00:00,2026-09-19T05:52:10.405+00:00,False,5,4.0,,4.0,299781.282322,300085.30766600004,300085.30786500004,60017.061573000006,0.01857,299781.282322,134032.28122416715,239845.43425160003,76.006336,50.666938090918734,0.013329542959337639,55,64,,True,False,Request timeout: 300.0s exceeded,21,56.69694568066818
199,2026-09-19T05:47:10.796+00:00,2026-09-19T05:52:10.883+00:00,2026-09-19T05:52:10.883+00:00,False,1,0.0,,0.0,300086.755639,300086.755639,300086.755639,300086.755639,300086.755639,300086.755639,nan,300086.755639,nan,nan,0.0,55,64,,True,False,"HTTPConnectionPool(host='gpu03', port=9002): Read timed out.",0,56.69694568066818
200,2026-09-19T05:47:11.431+00:00,2026-09-19T05:52:11.359+00:00,2026-09-19T05:52:11.506+00:00,False,3,2.0,,2.0,299927.83255,300074.802406,300074.802399,100024.934133,0.031149999999999997,299927.83255,173121.0039021697,269949.7431649,73.484928,103.87921308963037,0.006665004805348529,55,64,,True,False,Request timeout: 300.0s exceeded,11,56.69694568066818
201,2026-09-19T05:47:11.885+00:00,2026-09-19T05:52:11.632+00:00,2026-09-19T05:52:11.931+00:00,False,5,4.0,,4.0,299746.94412400003,300046.73522800003,300046.735218,60009.347043600006,0.057479999999999996,299746.94412400003,134017.3979625282,239818.32052400004,74.947776,50.0306871202447,0.013331256535620936,55,64,,True,False,Request timeout: 300.0s exceeded,22,56.69694568066818
202,2026-09-19T05:47:12.612+00:00,2026-09-19T05:52:12.653+00:00,2026-09-19T05:52:12.653+00:00,False,1,0.0,,0.0,300040.82196100004,300040.82196100004,300040.82196100004,300040.82196100004,300040.82196100004,300040.82196100004,nan,300040.82196100004,nan,nan,0.0,55,64,,True,False,"HTTPConnectionPool(host='gpu03', port=9002): Read timed out.",0,56.69694568066818
203,2026-09-19T05:47:13.113+00:00,2026-09-19T05:52:13.094+00:00,2026-09-19T05:52:13.218+00:00,False,3,2.0,,2.0,299981.326511,300104.640943,300104.64111799997,100034.88037266667,0.06353,299981.326511,173158.71270688347,269995.51896759996,61.657216,87.10668549471944,0.006664342123185851,55,64,,True,False,Request timeout: 300.0s exceeded,4,56.69694568066818
204,2026-09-19T05:47:13.821+00:00,2026-09-19T05:52:13.469+00:00,2026-09-19T05:52:13.567+00:00,True,2,2.0,,2.0,299647.229003,299746.02170700004,299746.021581,149873.0107905,98.79257799999999,299647.229003,211812.73068994493,284669.80718175,98.792704,nan,0.006672315410928083,55,64,,True,True,,10,56.69694568066818
205,2026-09-19T05:47:14.333+00:00,2026-09-19T05:52:14.441+00:00,2026-09-19T05:52:14.441+00:00,False,1,0.0,,0.0,300107.26901700004,300107.26901700004,300107.26901700004,300107.26901700004,300107.26901700004,300107.26901700004,nan,300107.26901700004,nan,nan,0.0,55,64,,True,False,"HTTPConnectionPool(host='gpu03', port=9002): Read timed out.",0,56.69694568066818
206,2026-09-19T05:47:14.926+00:00,2026-09-19T05:52:14.780+00:00,2026-09-19T05:52:15.021+00:00,False,4,3.0,,3.0,299853.14296499995,300095.05195699993,300095.05186099996,75023.76296524999,0.05994,299853.14296499995,149886.26451976143,254895.21193139997,80.63633066666667,70.92361370998039,0.009996832604990315,55,64,,True,False,Request timeout: 300.0s exceeded,10,56.69694568066818
207,2026-09-19T05:47:15.370+00:00,2026-09-19T05:52:15.135+00:00,2026-09-19T05:52:15.450+00:00,False,5,4.0,,4.0,299765.67253,300080.108114,300080.107958,60016.021591599994,0.03723,299765.67253,134024.13722362468,239836.21261180003,78.608896,53.315929811449735,0.013329773923169896,55,64,,True,False,Request timeout: 300.0s exceeded,7,56.69694568066818
208,2026-09-19T05:47:15.908+00:00,2026-09-19T05:52:15.936+00:00,2026-09-19T05:52:15.936+00:00,False,1,0.0,,0.0,300028.03621600004,300028.03621600004,300028.03621600004,300028.03621600004,300028.03621600004,300028.03621600004,nan,300028.03621600004,nan,nan,0.0,55,64,,True,False,"HTTPConnectionPool(host='gpu03', port=9002): Read timed out.",0,56.69694568066818
209,2026-09-19T05:47:16.503+00:00,2026-09-19T05:52:16.530+00:00,2026-09-19T05:52:16.530+00:00,False,1,0.0,,0.0,300027.088912,300027.088912,300027.088912,300027.088912,300027.088912,300027.088912,nan,300027.088912,nan,nan,0.0,55,64,,True,False,TTFT timeout: 300.0s exceeded (TTFT: 300.013s),0,56.69694568066818
211,2026-09-19T05:47:17.568+00:00,2026-09-19T05:52:16.773+00:00,2026-09-19T05:52:17.738+00:00,False,12,11.0,,11.0,299204.806975,300170.200639,300170.200713,25014.18339275,0.02732,299204.806975,86347.65884021012,134706.01522045,87.76306036363636,33.56461234380955,0.03664587616153531,55,64,,True,False,Request timeout: 300.0s exceeded,42,56.69694568066818
210,2026-09-19T05:47:17.458+00:00,2026-09-19T05:52:18.001+00:00,2026-09-19T05:52:18.001+00:00,False,1,0.0,,0.0,300542.882638,300542.882638,300542.882638,300542.882638,300542.882638,300542.882638,nan,300542.882638,nan,nan,0.0,55,64,,True,False,"HTTPConnectionPool(host='gpu03', port=9002): Read timed out.",0,56.69694568066818
212,2026-09-19T05:47:18.091+00:00,2026-09-19T05:52:18.192+00:00,2026-09-19T05:52:18.192+00:00,False,1,0.0,,0.0,300101.25588300003,300101.25588300003,300101.25588300003,300101.25588300003,300101.25588300003,300101.25588300003,nan,300101.25588300003,nan,nan,0.0,55,64,,True,False,"HTTPConnectionPool(host='gpu03', port=9002): Read timed out.",0,56.69694568066818
213,2026-09-19T05:47:18.664+00:00,2026-09-19T05:52:18.774+00:00,2026-09-19T05:52:18.774+00:00,False,1,0.0,,0.0,300109.808518,300109.808518,300109.808518,300109.808518,300109.808518,300109.808518,nan,300109.808518,nan,nan,0.0,55,64,,True,False,"HTTPConnectionPool(host='gpu03', port=9002): Read timed out.",0,56.69694568066818
214,2026-09-19T05:47:19.112+00:00,2026-09-19T05:52:19.141+00:00,2026-09-19T05:52:20.479+00:00,False,16,15.0,,15.0,300029.31201700005,301366.67598500004,301366.67596100003,18835.417247562502,0.0232,300029.31201700005,74985.05828507186,75196.34842000001,89.15759786666666,56.23357777777934,0.049773253631886616,55,64,,True,False,Request timeout: 300.0s exceeded,43,56.69694568066818
215,2026-09-19T05:47:19.723+00:00,2026-09-19T05:52:19.392+00:00,2026-09-19T05:52:20.685+00:00,False,17,16.0,,16.0,299669.685993,300962.58224899997,300962.582047,17703.681296882354,0.06577,299669.685993,72660.98343509383,60020.05001859999,80.806016,33.344672157045586,0.05316275491935564,55,64,,True,False,Request timeout: 300.0s exceeded,56,56.69694568066818
217,2026-09-19T05:47:20.586+00:00,2026-09-19T05:52:20.768+00:00,2026-09-19T05:52:20.768+00:00,False,1,0.0,,0.0,300181.3913,300181.3913,300181.3913,300181.3913,300181.3913,300181.3913,nan,300181.3913,nan,nan,0.0,55,64,,True,False,"HTTPConnectionPool(host='gpu03', port=9002): Read timed out.",0,56.69694568066818
216,2026-09-19T05:47:20.183+00:00,2026-09-19T05:52:21.305+00:00,2026-09-19T05:52:21.305+00:00,False,1,0.0,,0.0,301121.26526599994,301121.26526599994,301121.26526599994,301121.26526599994,301121.26526599994,301121.26526599994,nan,301121.26526599994,nan,nan,0.0,55,64,,True,False,"HTTPConnectionPool(host='gpu03', port=9002): Read timed out.",0,56.69694568066818
0,2026-09-19T05:45:20.836+00:00,2026-09-19T05:45:21.092+00:00,2026-09-19T05:45:27.001+00:00,True,65,65.0,,65.0,256.071508,6165.250388,6165.250219,94.85000336923076,34.117961,256.071508,31.52851942546789,111.39313439999998,92.33092,24.30639643714152,10.542961908978675,56,64,,False,True,,298,56.69694568066818
1,2026-09-19T05:45:21.268+00:00,2026-09-19T05:45:21.448+00:00,2026-09-19T05:45:29.885+00:00,True,88,88.0,,88.0,179.645285,8616.504421,8616.504451,97.91482330681818,44.527055999999995,179.645285,23.274045199605162,111.21812750000001,96.97539236781608,21.66596562935431,10.212958260141766,56,64,,False,True,,370,56.69694568066818
2,2026-09-19T05:45:21.607+00:00,2026-09-19T05:45:22.014+00:00,2026-09-19T05:45:30.706+00:00,True,91,91.0,,91.0,406.10744400000004,9098.337076,9098.337015,99.98172543956044,42.172912,406.10744400000004,38.59783464276944,112.62434249999998,96.58032924444444,21.02089663602268,10.001827723007082,56,64,,False,True,,307,56.69694568066818
3,2026-09-19T05:45:21.904+00:00,2026-09-19T05:45:24.127+00:00,2026-09-19T05:45:25.175+00:00,True,13,13.0,,13.0,2222.651142,3271.475206,3271.475359,251.6519506923077,47.16408,2222.651142,592.8043147407203,954.7550178,87.40200533333334,27.681875776796833,3.9737424805046806,56,64,,False,True,,49,56.69694568066818
4,2026-09-19T05:45:22.256+00:00,2026-09-19T05:45:26.902+00:00,2026-09-19T05:45:28.028+00:00,True,12,12.0,,12.0,4646.3176459999995,5772.306509999999,5772.306603,481.02555025,48.598557,4646.3176459999995,1311.9539616896434,2179.71112285,102.362624,25.603273239956238,2.078891683802841,56,64,,False,True,,40,56.69694568066818
5,2026-09-19T05:45:22.729+00:00,2026-09-19T05:45:28.911+00:00,2026-09-19T05:45:32.202+00:00,True,34,34.0,,34.0,6181.610239,9472.856575,9472.856472,278.6134256470588,49.156305,6181.610239,1043.1228744380062,111.39158585,99.73473745454545,13.901686088363448,3.589202447098171,56,64,,False,True,,166,56.69694568066818
6,2026-09-19T05:45:23.166+00:00,2026-09-19T05:45:31.328+00:00,2026-09-19T05:45:34.088+00:00,True,29,29.0,,29.0,8162.2885750000005,10922.242751000002,10922.242794,376.62906186206897,0.0,8162.2885750000005,1497.8687274349636,199.4518476,98.569792,38.360575145765935,2.65513234425639,56,64,,False,True,,140,56.69694568066818
7,2026-09-19T05:45:23.658+00:00,2026-09-19T05:45:33.375+00:00,2026-09-19T05:45:34.916+00:00,True,16,16.0,,16.0,9716.746764,11257.948428,11257.948581999999,703.6217863749999,89.129503,9716.746764,2403.506836475874,2513.9605605,102.74677759999999,5.936386154163838,1.421218093361122,56,64,,False,True,,64,56.69694568066818
8,2026-09-19T05:45:24.028+00:00,2026-09-19T05:45:35.426+00:00,2026-09-19T05:45:42.373+00:00,True,70,70.0,,70.0,11398.261445,18345.768389,18345.768238,262.0824034,0.0,11398.261445,1351.3628868244932,258.4687179,100.68850643478261,53.514553183741434,3.815593793387882,56,64,,False,True,,325,56.69694568066818
9,2026-09-19T05:45:24.341+00:00,2026-09-19T05:45:37.385+00:00,2026-09-19T05:45:43.741+00:00,True,66,66.0,,66.0,13044.804019,19400.443827,19400.443632,293.94611563636363,0.0,13044.804019,1594.296342902507,136.701604,97.77907396923077,45.082991347708905,3.4019840261667844,56,64,,False,True,,246,56.69694568066818
10,2026-09-19T05:45:24.759+00:00,2026-09-19T05:45:39.597+00:00,2026-09-19T05:45:43.954+00:00,True,45,45.0,,45.0,14838.574219,19195.635083,19195.635208,426.5696712888889,0.0,14838.574219,2197.581008752864,137.1877342,99.02411054545455,39.02224247050387,2.344282947942306,56,64,,False,True,,197,56.69694568066818
11,2026-09-19T05:45:25.117+00:00,2026-09-19T05:45:41.783+00:00,2026-09-19T05:45:44.657+00:00,True,30,30.0,,30.0,16666.040321,19539.289857,19539.289886,651.3096628666667,0.0,16666.040321,3025.0495879969744,220.7661742,99.07757020689655,46.81996857410303,1.535367980083085,56,64,,False,True,,176,56.69694568066818
12,2026-09-19T05:45:25.469+00:00,2026-09-19T05:45:43.433+00:00,2026-09-19T05:45:51.053+00:00,True,79,79.0,,79.0,17963.891538,25584.579922,25584.579912,323.85544192405064,0.0,17963.891538,2010.7803193358193,114.10188180000002,97.70113312820513,52.50613589971768,3.0877974248882802,56,64,,False,True,,365,56.69694568066818
13,2026-09-19T05:45:25.827+00:00,2026-09-19T05:45:45.846+00:00,2026-09-19T05:45:47.426+00:00,True,18,18.0,,18.0,20018.237821,21598.743421,21598.743287999998,1199.9301826666665,21.015611,20018.237821,4696.496666601516,3099.3419769,92.97091764705883,25.706747064411516,0.833381815281855,56,64,,False,True,,84,56.69694568066818
14,2026-09-19T05:45:26.145+00:00,2026-09-19T05:45:47.731+00:00,2026-09-19T05:45:52.258+00:00,True,45,45.0,,45.0,21586.371467,26113.211019000002,26113.211019000002,580.2935782000001,0.0,21586.371467,3203.5961385866185,329.262261,102.8827170909091,82.0385077505929,1.7232656668403572,56,64,,False,True,,191,56.69694568066818
15,2026-09-19T05:45:26.622+00:00,2026-09-19T05:45:50.318+00:00,2026-09-19T05:45:52.813+00:00,True,26,26.0,,26.0,23696.007662,26191.651054,26191.651218,1007.3712006923076,0.01873,23696.007662,4628.396487017151,391.06824075,99.82573568000001,88.07137497687943,0.9926827425424664,56,64,,False,True,,101,56.69694568066818
16,2026-09-19T05:45:27.129+00:00,2026-09-19T05:45:53.018+00:00,2026-09-19T05:46:00.709+00:00,True,83,83.0,,83.0,25889.237092,33580.4097,33580.409591999996,404.58324809638555,0.0,25889.237092,2832.370687235647,113.6293462,93.79478790243903,73.92240566432038,2.47167919455134,56,64,,False,True,,311,56.69694568066818
17,2026-09-19T05:45:27.455+00:00,2026-09-19T05:45:54.536+00:00,2026-09-19T05:45:59.657+00:00,True,52,52.0,,52.0,27080.463056,32202.173136,32202.173102,619.2725596538462,45.967303,27080.463056,3742.03310313751,114.1183984,100.42568784313725,66.25566885637832,1.6147978516973838,56,64,,False,True,,252,56.69694568066818
18,2026-09-19T05:45:27.816+00:00,2026-09-19T05:45:56.183+00:00,2026-09-19T05:45:59.659+00:00,True,35,35.0,,35.0,28367.793256999998,31843.425128999996,31843.425138,909.8121467999999,0.0,28367.793256999998,4778.436737538352,239.9825072,102.22446682352941,82.0395809726516,1.0991279944984715,56,64,,False,True,,166,56.69694568066818
19,2026-09-19T05:45:28.321+00:00,2026-09-19T05:45:59.664+00:00,2026-09-19T05:46:07.845+00:00,True,86,86.0,,86.0,31342.618805,39524.546741,39524.546645999995,459.5877516976744,0.0,31342.618805,3370.360595716645,115.45379625000001,96.25797571764706,81.70538148440382,2.1758630292093804,56,64,,False,True,,316,56.69694568066818
20,2026-09-19T05:45:28.788+00:00,2026-09-19T05:46:01.812+00:00,2026-09-19T05:46:04.678+00:00,True,29,29.0,,29.0,33023.967778,35889.709345999996,35889.709223,1237.5761801034482,47.586369,33023.967778,6113.408899997388,114.648833,102.34791314285715,14.923778852199376,0.8080310631780618,56,64,,False,True,,164,56.69694568066818
21,2026-09-19T05:45:29.240+00:00,2026-09-19T05:46:04.575+00:00,2026-09-19T05:46:09.763+00:00,True,53,53.0,,53.0,35334.419666,40522.886354,40522.886230000004,764.5827590566038,0.0,35334.419666,4840.953164364618,287.01323959999996,99.77820553846153,104.33949101796047,1.307902885717527,56,64,,False,True,,159,56.69694568066818
22,2026-09-19T05:45:29.522+00:00,2026-09-19T05:46:06.316+00:00,2026-09-19T05:46:15.313+00:00,True,94,94.0,,94.0,36793.973066,45791.073354,45791.073276999996,487.1390774148936,0.0,36793.973066,3786.078901421573,111.36350525,96.74301384946236,89.58546192230291,2.0528018479345995,56,64,,False,True,,322,56.69694568066818
23,2026-09-19T05:45:29.911+00:00,2026-09-19T05:46:08.159+00:00,2026-09-19T05:46:13.078+00:00,True,51,51.0,,51.0,38248.155819,43167.087275,43167.08731,846.4134766666666,0.0,38248.155819,5342.926001756899,109.782814,98.37862912,98.43430818366173,1.181455669572971,56,64,,False,True,,243,56.69694568066818
24,2026-09-19T05:45:30.281+00:00,2026-09-19T05:46:09.863+00:00,2026-09-19T05:46:09.962+00:00,True,2,2.0,,2.0,39582.490159999994,39680.661808,39680.66171099999,19840.330855499997,98.17155100000001,39582.490159999994,27919.629438954085,37608.27422954999,98.171648,nan,0.05040238516376713,56,64,,False,True,,5,56.69694568066818
25,2026-09-19T05:45:30.728+00:00,2026-09-19T05:46:12.585+00:00,2026-09-19T05:46:20.406+00:00,True,81,81.0,,81.0,41856.847742,49678.37939,49678.379411999995,613.3133260740741,0.0,41856.847742,4640.44479826397,115.55776099999999,97.76914559999999,71.70956930854491,1.6304879707147788,56,64,,False,True,,450,56.69694568066818
26,2026-09-19T05:45:31.003+00:00,2026-09-19T05:46:13.567+00:00,2026-09-19T05:46:14.354+00:00,True,9,9.0,,9.0,42563.638896,43351.027312,43351.027182,4816.780798,91.025738,42563.638896,14155.072529939194,25581.479844799996,98.423552,4.9036594689804005,0.207607536846277,56,64,,False,True,,38,56.69694568066818
27,2026-09-19T05:45:31.287+00:00,2026-09-19T05:46:15.059+00:00,2026-09-19T05:46:17.225+00:00,True,24,24.0,,24.0,43771.724802000004,45937.37216200001,45937.371958,1914.0571649166668,41.789483,43771.724802000004,8915.674200373725,112.93325035000002,94.15858086956521,22.9800378192072,0.5224504335024438,56,64,,False,True,,106,56.69694568066818
28,2026-09-19T05:45:31.722+00:00,2026-09-19T05:46:17.443+00:00,2026-09-19T05:46:25.831+00:00,True,84,84.0,,84.0,45720.693542,54108.84663,54108.8464,644.1529333333333,0.0,45720.693542,4979.115772703715,114.3429808,101.06208539759035,127.21798182188978,1.5524263633708135,56,64,,False,True,,309,56.69694568066818
29,2026-09-19T05:45:32.124+00:00,2026-09-19T05:46:19.725+00:00,2026-09-19T05:46:24.759+00:00,True,51,51.0,,51.0,47601.41085,52635.473698,52635.473745,1032.0681126470588,0.0,47601.41085,6653.238342263669,397.238825,100.68125696,156.57464278186768,0.9689282990520109,56,64,,False,True,,214,56.69694568066818
30,2026-09-19T05:45:32.572+00:00,2026-09-19T05:46:22.744+00:00,2026-09-19T05:46:28.386+00:00,True,56,56.0,,56.0,50171.483034000004,55814.128026000006,55814.127875000006,996.6808549107144,0.04448,50171.483034000004,6690.7640351701775,116.3350195,102.59354530909091,19.268810048668826,1.0033301957868697,56,64,,False,True,,194,56.69694568066818
31,2026-09-19T05:45:33.053+00:00,2026-09-19T05:46:25.079+00:00,2026-09-19T05:46:30.873+00:00,True,57,57.0,,57.0,52025.303545999996,57819.180025999995,57819.180093999996,1014.3715805964912,0.0,52025.303545999996,6877.967312840336,115.3979496,103.46208,102.58493128734185,0.9858320366073744,56,64,,False,True,,244,56.69694568066818
32,2026-09-19T05:45:33.459+00:00,2026-09-19T05:46:27.259+00:00,2026-09-19T05:46:30.873+00:00,True,37,37.0,,37.0,53799.308549,57413.544709,57413.54464,1551.7174227027028,0.0,53799.308549,8828.987296993633,255.597055,100.3954488888889,130.68447926551443,0.6444472325743715,56,64,,False,True,,149,56.69694568066818
33,2026-09-19T05:45:33.835+00:00,2026-09-19T05:46:29.398+00:00,2026-09-19T05:46:37.798+00:00,True,89,89.0,,89.0,55562.609307,63962.898075,63962.898089999995,718.6842482022472,0.0,55562.609307,5879.9631268674,113.98858799999998,95.45782690909091,73.71439821265243,1.391431637378948,56,64,,False,True,,489,56.69694568066818
34,2026-09-19T05:45:34.345+00:00,2026-09-19T05:46:31.890+00:00,2026-09-19T05:46:40.658+00:00,True,87,87.0,,87.0,57544.21257900001,66312.204899,66312.204851,762.2092511609196,0.0,57544.21257900001,6159.583540144601,114.65685260000001,101.95339906976744,118.5111246917333,1.3119756782708332,56,64,,False,True,,398,56.69694568066818
35,2026-09-19T05:45:34.672+00:00,2026-09-19T05:46:33.874+00:00,2026-09-19T05:46:43.454+00:00,True,97,97.0,,97.0,59201.407427,68781.586883,68781.587063,709.0885264226804,0.0,59201.407427,6001.888392933901,113.22778480000001,99.793536,111.70091584877561,1.4102611526686721,56,64,,False,True,,393,56.69694568066818
36,2026-09-19T05:45:35.072+00:00,2026-09-19T05:46:36.145+00:00,2026-09-19T05:46:39.804+00:00,True,38,38.0,,38.0,61073.04296,64732.217872,64732.217957,1703.4794199210526,0.0,61073.04296,9892.87481707429,734.4058796,98.89661924324325,178.2253443425897,0.5870338024743772,56,64,,False,True,,137,56.69694568066818
37,2026-09-19T05:45:35.510+00:00,2026-09-19T05:46:39.367+00:00,2026-09-19T05:46:41.791+00:00,True,33,33.0,,33.0,63857.337731,66281.376899,66281.376895,2008.5265725757577,0.0,63857.337731,11103.037289044578,111.54731080000002,75.751224,44.96812035313344,0.4978774060515614,56,64,,False,True,,161,56.69694568066818
38,2026-09-19T05:45:35.961+00:00,2026-09-19T05:46:41.013+00:00,2026-09-19T05:46:48.788+00:00,True,80,80.0,,80.0,65051.997262000004,72827.31579000001,72827.31581100001,910.3414476375001,46.477731,65051.997262000004,7262.051847732172,110.42621085,98.42175351898734,17.716431065758314,1.0984889272959428,56,64,,False,True,,322,56.69694568066818
39,2026-09-19T05:45:36.377+00:00,2026-09-19T05:46:43.138+00:00,2026-09-19T05:46:47.662+00:00,True,48,48.0,,48.0,66760.862537,71285.25524099999,71285.25526199999,1485.1094846249998,44.022596,66760.862537,9622.227042323979,110.92571385000001,96.26367455319148,20.328978197256816,0.6733510294341012,56,64,,False,True,,210,56.69694568066818
40,2026-09-19T05:45:36.746+00:00,2026-09-19T05:46:44.865+00:00,2026-09-19T05:46:51.508+00:00,True,70,70.0,,70.0,68118.635285,74762.348565,74762.348648,1068.0335521142856,0.0,68118.635285,8131.082033672491,112.72495344999999,96.28569971014493,118.86017369491016,0.9363001744004937,56,64,,False,True,,326,56.69694568066818
41,2026-09-19T05:45:37.102+00:00,2026-09-19T05:46:45.381+00:00,2026-09-19T05:46:53.011+00:00,True,79,79.0,,79.0,68279.183263,75909.178271,75909.178062,960.875671670886,0.0,68279.183263,7671.862089962859,114.06922200000001,97.82044882051282,115.57557370983582,1.0407173651381865,56,64,,False,True,,366,56.69694568066818
42,2026-09-19T05:45:37.519+00:00,2026-09-19T05:46:49.188+00:00,2026-09-19T05:46:56.439+00:00,True,74,74.0,,74.0,71668.808273,78920.245585,78920.24577000001,1066.4898077027028,0.0,71668.808273,8321.130737201976,163.41538935,99.33475769863014,150.83383086449138,0.9376554704242435,56,64,,False,True,,251,56.69694568066818
43,2026-09-19T05:45:37.849+00:00,2026-09-19T05:46:51.337+00:00,2026-09-19T05:46:59.653+00:00,True,88,88.0,,88.0,73488.320639,81804.071807,81804.07175999999,929.5917245454546,0.0,73488.320639,7824.253396174381,114.91879184999999,95.58334675862069,94.26306812173188,1.0757410732269908,56,64,,False,True,,410,56.69694568066818
44,2026-09-19T05:45:38.193+00:00,2026-09-19T05:46:52.541+00:00,2026-09-19T05:46:58.885+00:00,True,63,63.0,,63.0,74348.326486,80692.07048600001,80692.07061400001,1280.8265176825398,0.01745,74348.326486,9354.68387162448,114.8518319,102.31845161290322,103.75342153893236,0.7807458604117791,56,64,,False,True,,237,56.69694568066818
45,2026-09-19T05:45:38.522+00:00,2026-09-19T05:46:54.068+00:00,2026-09-19T05:46:54.176+00:00,True,2,2.0,,2.0,75545.88976,75653.601504,75653.601328,37826.800664,107.711568,75545.88976,53342.84735992233,71773.9808504,107.711744,nan,0.026436282744506944,56,64,,False,True,,7,56.69694568066818
46,2026-09-19T05:45:38.950+00:00,2026-09-19T05:46:56.766+00:00,2026-09-19T05:46:58.998+00:00,True,23,23.0,,23.0,77816.404737,80048.32204900001,80048.322012,3480.361826608696,50.311561999999995,77816.404737,16204.696372191982,116.5503803,101.45078690909091,16.77245394085098,0.28732644746658154,56,64,,False,True,,119,56.69694568066818
47,2026-09-19T05:45:39.405+00:00,2026-09-19T05:46:59.540+00:00,2026-09-19T05:47:05.925+00:00,True,67,67.0,,67.0,80134.692481,86519.496065,86519.496102,1291.335762716418,0.0,80134.692481,9779.212704093303,112.4033389,96.73944824242425,142.35339156065555,0.7743919353120656,56,64,,False,True,,317,56.69694568066818
48,2026-09-19T05:45:39.694+00:00,2026-09-19T05:47:01.518+00:00,2026-09-19T05:47:05.253+00:00,True,40,40.0,,40.0,81823.56978399999,85558.59647199999,85558.596492,2138.9649123,0.0,81823.56978399999,12923.594995673011,167.17360200000002,95.76991507692307,185.35579728505257,0.46751585053280353,56,64,,False,True,,165,56.69694568066818
49,2026-09-19T05:45:40.186+00:00,2026-09-19T05:47:04.849+00:00,2026-09-19T05:47:09.773+00:00,True,58,58.0,,58.0,84663.353284,89586.938308,89586.938303,1544.6023845344828,0.0,84663.353284,11105.555779925266,110.02700035000002,86.37868463157895,35.24400220114548,0.6474158074316139,56,64,,False,True,,211,56.69694568066818
50,2026-09-19T05:45:40.646+00:00,2026-09-19T05:47:07.079+00:00,2026-09-19T05:47:07.380+00:00,True,4,4.0,,4.0,86432.751507,86733.52616299999,86733.52609099999,21683.381522749998,96.739373,86432.751507,43166.24674195902,73483.343973,100.25821866666668,3.3331933812710797,0.046118267951918875,56,64,,False,True,,19,56.69694568066818
51,2026-09-19T05:45:41.144+00:00,2026-09-19T05:47:09.661+00:00,2026-09-19T05:47:18.249+00:00,True,89,89.0,,89.0,88516.55619,97104.97219,97104.97217000001,1091.067103033708,0.016300000000000002,88516.55619,9373.03304725455,110.27086500000001,97.59563636363636,110.32852796905914,0.9165339116297625,56,64,,False,True,,375,56.69694568066818
52,2026-09-19T05:45:41.628+00:00,2026-09-19T05:47:12.206+00:00,2026-09-19T05:47:21.293+00:00,True,95,95.0,,95.0,90577.67610699999,99665.10189899999,99665.10188599999,1049.1063356421053,0.0,90577.67610699999,9284.608512840929,110.4238452,96.67474246808511,165.17011868822595,0.9531922226525431,56,64,,False,True,,338,56.69694568066818
53,2026-09-19T05:45:41.905+00:00,2026-09-19T05:47:14.009+00:00,2026-09-19T05:47:22.350+00:00,True,86,86.0,,86.0,92104.36542,100445.818988,100445.81894900001,1167.9746389418606,0.0,92104.36542,9922.9402393093,112.29861125,98.13474785882352,182.20238326119235,0.8561829737310838,56,64,,False,True,,416,56.69694568066818
54,2026-09-19T05:45:42.284+00:00,2026-09-19T05:47:16.302+00:00,2026-09-19T05:47:17.474+00:00,True,6,6.0,,6.0,94017.926414,95189.565198,95189.565265,15864.927544166667,0.02112,94017.926414,38288.78810922653,70755.96927150001,234.3277568,414.4258815741043,0.06303211898824877,56,64,,False,True,,27,56.69694568066818
55,2026-09-19T05:45:42.686+00:00,2026-09-19T05:47:18.202+00:00,2026-09-19T05:47:20.406+00:00,True,19,19.0,,19.0,95515.94934199999,97719.13807799999,97719.13827299999,5143.11254068421,0.0,95515.94934199999,21886.783688338328,10745.354068399998,122.39937422222222,304.6388088128055,0.19443478906694908,56,64,,False,True,,77,56.69694568066818
56,2026-09-19T05:45:43.040+00:00,2026-09-19T05:47:20.418+00:00,2026-09-19T05:47:25.925+00:00,True,56,56.0,,56.0,97377.252079,102885.02961499999,102885.029538,1837.2326703214285,48.479147,97377.252079,12999.212709908823,112.22474225000002,100.14140974545455,17.830378717055623,0.5442968739918169,56,64,,False,True,,233,56.69694568066818
57,2026-09-19T05:45:43.544+00:00,2026-09-19T05:47:22.824+00:00,2026-09-19T05:47:23.457+00:00,True,7,7.0,,7.0,99279.955727,99913.08775899999,99913.087732,14273.29824742857,101.668601,99279.955727,37484.41268845208,69529.05343219999,105.52200533333333,3.133632574125988,0.07006089149085928,56,64,,False,True,,29,56.69694568066818
58,2026-09-19T05:45:43.977+00:00,2026-09-19T05:47:25.339+00:00,2026-09-19T05:47:29.706+00:00,True,46,46.0,,46.0,101362.034755,105729.428291,105729.428279,2298.465832152174,47.422069,101362.034755,14930.718969552283,112.32617375,97.05318968888889,19.14172129785575,0.43507281504817946,56,64,,False,True,,155,56.69694568066818
59,2026-09-19T05:45:44.284+00:00,2026-09-19T05:47:26.979+00:00,2026-09-19T05:47:33.723+00:00,True,70,70.0,,70.0,102695.46421199999,109439.57429199999,109439.57416799999,1563.4224881142857,47.081769,102695.46421199999,12262.783961466892,109.2564385,97.74072579710145,16.184088231630845,0.639622371092474,56,64,,True,True,,291,56.69694568066818
60,2026-09-19T05:45:44.740+00:00,2026-09-19T05:47:29.389+00:00,2026-09-19T05:47:32.842+00:00,True,36,36.0,,36.0,104649.42965,108102.179474,108102.17937000001,3002.8383158333336,48.060117,104649.42965,17425.1369750322,113.28490575,98.64999497142857,15.883189089110916,0.3330182626767342,56,64,,True,True,,163,56.69694568066818
61,2026-09-19T05:45:45.085+00:00,2026-09-19T05:47:31.454+00:00,2026-09-19T05:47:39.534+00:00,True,84,84.0,,84.0,106369.00026100001,114449.607237,114449.607279,1362.49532475,43.087158,106369.00026100001,11595.202098583062,111.9822113,97.35671055421686,18.873373113321684,0.7339474728476302,56,64,,True,True,,303,56.69694568066818
62,2026-09-19T05:45:45.564+00:00,2026-09-19T05:47:33.926+00:00,2026-09-19T05:47:38.591+00:00,True,48,48.0,,48.0,108362.15017200001,113027.252252,113027.25216100001,2354.7344200208336,45.87723200000001,108362.15017200001,15626.412225758886,111.05661169999999,99.25749106382979,17.569840484168697,0.4246763417107722,56,64,,True,True,,181,56.69694568066818
63,2026-09-19T05:45:45.906+00:00,2026-09-19T05:47:35.816+00:00,2026-09-19T05:47:44.180+00:00,True,86,86.0,,86.0,109910.111718,118273.623526,118273.623588,1375.274692883721,47.715187,109910.111718,11841.31683133194,111.33843475000002,98.39425656470588,18.83747346938153,0.7271274645702783,56,64,,True,True,,392,56.69694568066818
64,2026-09-19T05:45:46.203+00:00,2026-09-19T05:47:37.278+00:00,2026-09-19T05:47:43.444+00:00,True,65,65.0,,65.0,111074.93093,117240.867314,117240.867216,1803.705649476923,45.196623,111074.93093,13765.21570510716,110.7126542,96.342756,21.137591700516147,0.5544141858479599,56,64,,True,True,,215,56.69694568066818
65,2026-09-19T05:45:46.672+00:00,2026-09-19T05:47:39.742+00:00,2026-09-19T05:47:40.537+00:00,True,10,10.0,,10.0,113069.638117,113865.160165,113865.16021,11386.516021,49.690532,113069.638117,35727.81741041601,62240.22929395,88.39133866666667,28.552534698513615,0.08782317598736239,56,64,,True,True,,30,56.69694568066818
66,2026-09-19T05:45:47.054+00:00,2026-09-19T05:47:42.184+00:00,2026-09-19T05:47:45.115+00:00,True,30,30.0,,30.0,115129.940273,118061.029681,118061.029825,3935.3676608333335,49.300854,115129.940273,21001.306922968935,111.01433185,101.07204855172414,14.689663529740466,0.25410586440809274,56,64,,True,True,,132,56.69694568066818
67,2026-09-19T05:45:47.549+00:00,2026-09-19T05:47:44.590+00:00,2026-09-19T05:47:50.545+00:00,True,61,61.0,,61.0,117041.21937600001,122996.298544,122996.29862,2016.3327642622953,45.095853000000005,117041.21937600001,14972.894800080323,112.620384,99.25131946666667,17.51801513461749,0.4959498840379998,56,64,,True,True,,213,56.69694568066818
68,2026-09-19T05:45:47.961+00:00,2026-09-19T05:47:46.661+00:00,2026-09-19T05:47:50.227+00:00,True,37,37.0,,37.0,118700.788587,122266.339435,122266.339331,3304.495657594595,46.820440000000005,118700.788587,19498.014403442758,110.54089679999998,99.0430791111111,17.400724349342273,0.3026180400180392,56,64,,True,True,,179,56.69694568066818
69,2026-09-19T05:45:48.456+00:00,2026-09-19T05:47:49.699+00:00,2026-09-19T05:47:56.605+00:00,True,71,71.0,,71.0,121242.748722,128148.796466,128148.796444,1804.912625971831,48.486456,121242.748722,14377.166547341469,110.00857049999999,98.65782491428573,15.314339798628257,0.554043439798028,56,64,,True,True,,283,56.69694568066818
70,2026-09-19T05:45:48.872+00:00,2026-09-19T05:47:52.077+00:00,2026-09-19T05:47:52.179+00:00,True,2,2.0,,2.0,123204.875419,123306.309275,123306.309179,61653.1545895,101.43375999999999,123204.875419,87047.27838448144,117049.70333605,101.433856,nan,0.016219770194723475,56,64,,True,True,,5,56.69694568066818
71,2026-09-19T05:45:49.154+00:00,2026-09-19T05:47:53.303+00:00,2026-09-19T05:47:56.906+00:00,True,39,39.0,,39.0,124148.40606299999,127751.26353499999,127751.26355999999,3275.673424615384,44.655824,124148.40606299999,19864.481679481625,108.1276625,94.81203873684211,18.836227682952888,0.3052807379029576,56,64,,True,True,,56,56.69694568066818
72,2026-09-19T05:45:49.608+00:00,2026-09-19T05:47:55.182+00:00,2026-09-19T05:47:58.011+00:00,True,31,31.0,,31.0,125574.369534,128402.916606,128402.916449,4142.029562870967,44.871043,125574.369534,22536.897309626427,110.3479145,94.28490240000001,20.268102963491256,0.2414275377803329,56,64,,True,True,,118,56.69694568066818
73,2026-09-19T05:45:49.925+00:00,2026-09-19T05:47:56.811+00:00,2026-09-19T05:48:05.556+00:00,True,89,89.0,,89.0,126885.63519,135630.429302,135630.429302,1523.9374078876403,48.890113,126885.63519,13439.327614435806,111.6656684,99.37266036363636,17.027991213825825,0.6561949295451179,56,64,,True,True,,353,56.69694568066818
74,2026-09-19T05:45:50.268+00:00,2026-09-19T05:47:59.222+00:00,2026-09-19T05:48:02.540+00:00,True,34,34.0,,34.0,128954.601476,132272.210436,132272.21031599998,3890.3591269411763,47.197069000000006,128954.601476,22098.294156278644,108.48751694999999,100.53360484848484,13.205171630423278,0.25704567790867094,56,64,,True,True,,149,56.69694568066818
75,2026-09-19T05:45:50.720+00:00,2026-09-19T05:48:01.609+00:00,2026-09-19T05:48:04.697+00:00,True,33,33.0,,33.0,130889.340576,133976.541856,133976.541761,4059.895204878788,46.915579,130889.340576,22768.124349182697,111.4862252,96.47504,20.45400418576858,0.2463117762471351,56,64,,True,True,,114,56.69694568066818
76,2026-09-19T05:45:51.082+00:00,2026-09-19T05:48:03.275+00:00,2026-09-19T05:48:07.510+00:00,True,44,44.0,,44.0,132192.999379,136427.841747,136427.84188499997,3100.632770113636,48.960054,132192.999379,19914.006668466776,112.0448603,98.48470623255814,19.477497936421955,0.32251481396001447,56,64,,True,True,,136,56.69694568066818
77,2026-09-19T05:45:51.414+00:00,2026-09-19T05:48:05.016+00:00,2026-09-19T05:48:10.789+00:00,True,58,58.0,,58.0,133602.42103300002,139375.623977,139375.62399800002,2403.0279999655177,48.249616,133602.42103300002,17529.56578178849,112.80408055,101.2842621754386,16.608339000611128,0.41614163470630455,56,64,,True,True,,183,56.69694568066818
78,2026-09-19T05:45:51.703+00:00,2026-09-19T05:48:06.245+00:00,2026-09-19T05:48:15.013+00:00,True,87,87.0,,87.0,134542.46750600002,143310.33950600002,143310.33951000002,1647.245281724138,46.960639,134542.46750600002,14413.542528981827,111.8559273,101.952,13.601074814683313,0.607074132263552,56,64,,True,True,,442,56.69694568066818
79,2026-09-19T05:45:52.223+00:00,2026-09-19T05:48:09.407+00:00,2026-09-19T05:48:15.586+00:00,True,62,62.0,,62.0,137183.919317,143363.378645,143363.3785,2312.3125564516126,46.50071,137183.919317,17409.515447082285,112.6188415,101.30261193442624,14.224381802450056,0.43246748636920707,56,64,,True,True,,186,56.69694568066818
80,2026-09-19T05:45:52.399+00:00,2026-09-19T05:48:10.471+00:00,2026-09-19T05:48:12.266+00:00,True,19,19.0,,19.0,138071.781166,139866.42539,139866.425519,7361.390816789473,47.159157,138071.781166,31652.97139543123,13910.5137226,99.70245688888889,19.557566965750727,0.1358438949663644,56,64,,True,True,,97,56.69694568066818
81,2026-09-19T05:45:52.835+00:00,2026-09-19T05:48:12.680+00:00,2026-09-19T05:48:16.052+00:00,True,35,35.0,,35.0,139844.30566800002,143216.850948,143216.85105700002,4091.9100302000006,47.253758000000005,139844.30566800002,23621.240968397542,110.3256128,99.19250823529411,16.474477784864742,0.2443846500486734,56,64,,True,True,,171,56.69694568066818
82,2026-09-19T05:45:53.206+00:00,2026-09-19T05:48:14.804+00:00,2026-09-19T05:48:15.428+00:00,True,7,7.0,,7.0,141597.92343599998,142221.36228399997,142221.36231499998,20317.337473571428,97.199081,141597.92343599998,53479.711748206064,99151.76515859998,103.90647466666667,5.008130269535514,0.04921904760004894,56,64,,True,True,,24,56.69694568066818
83,2026-09-19T05:45:53.557+00:00,2026-09-19T05:48:16.682+00:00,2026-09-19T05:48:21.758+00:00,True,51,51.0,,51.0,143125.29449,148201.056154,148201.05625,2905.90306372549,47.635258,143125.29449,20027.34101291308,113.2209325,101.51523328,15.724524063217263,0.34412710221851883,56,64,,True,True,,293,56.69694568066818
84,2026-09-19T05:45:53.990+00:00,2026-09-19T05:48:19.559+00:00,2026-09-19T05:48:21.445+00:00,True,20,20.0,,20.0,145569.68718799998,147455.21985999998,147455.21979799998,7372.760989899999,51.731947999999996,145569.68718799998,32528.185202385106,7383.364245399999,99.23856168421052,16.60886330475197,0.13563439815144435,56,64,,True,True,,98,56.69694568066818
85,2026-09-19T05:45:54.342+00:00,2026-09-19T05:48:21.338+00:00,2026-09-19T05:48:25.827+00:00,True,49,49.0,,49.0,146995.992171,151484.36618699998,151484.366278,3091.517679142857,45.165642999999996,146995.992171,20986.08094951473,110.32846300000001,93.507792,22.445135924464058,0.32346572278958424,56,64,,True,True,,267,56.69694568066818
86,2026-09-19T05:45:54.649+00:00,2026-09-19T05:48:22.687+00:00,2026-09-19T05:48:29.677+00:00,True,74,74.0,,74.0,148038.065872,155027.71912,155027.71929500002,2094.9691796621623,45.510993,148038.065872,17197.95831555747,112.09352195,95.74867463013697,21.513265034211017,0.47733399175356456,56,64,,True,True,,321,56.69694568066818
87,2026-09-19T05:45:55.009+00:00,2026-09-19T05:48:25.039+00:00,2026-09-19T05:48:28.167+00:00,True,31,31.0,,31.0,150029.57648,153158.220064,153158.220106,4940.587745354838,56.061237999999996,150029.57648,26927.378517876175,114.639645,104.28811946666667,10.071429950674819,0.2024050683472691,56,64,,True,True,,150,56.69694568066818
88,2026-09-19T05:45:55.393+00:00,2026-09-19T05:48:26.986+00:00,2026-09-19T05:48:26.986+00:00,True,1,1.0,,1.0,151592.914069,151592.914069,151592.914069,151592.914069,151592.914069,151592.914069,nan,151592.914069,nan,nan,0.0065966144007551285,56,64,,True,True,,8,56.69694568066818
89,2026-09-19T05:45:55.708+00:00,2026-09-19T05:48:28.792+00:00,2026-09-19T05:48:36.912+00:00,True,82,82.0,,82.0,153083.91349099998,161204.05659499997,161204.05654,1965.9031285365852,46.516231,153083.91349099998,16894.227979475843,111.7083,100.2486802962963,16.961924728497834,0.5086720628005795,56,64,,True,True,,283,56.69694568066818
90,2026-09-19T05:45:55.994+00:00,2026-09-19T05:48:30.246+00:00,2026-09-19T05:48:35.426+00:00,True,52,52.0,,52.0,154251.988934,159431.449286,159431.449504,3065.9894135384616,49.540483,154251.988934,21376.823885868813,114.22910349999998,101.55804611764705,15.232963812660623,0.32615898703096236,56,64,,True,True,,215,56.69694568066818
91,2026-09-19T05:45:56.502+00:00,2026-09-19T05:48:32.773+00:00,2026-09-19T05:48:33.194+00:00,True,5,5.0,,5.0,156271.082403,156692.452003,156692.45222900002,31338.490445800002,99.039766,156271.082403,69839.44215797681,125038.676283,105.3424,4.371042813298752,0.03190964169674408,56,64,,True,True,,12,56.69694568066818
92,2026-09-19T05:45:56.789+00:00,2026-09-19T05:48:34.260+00:00,2026-09-19T05:48:40.144+00:00,True,60,60.0,,60.0,157470.622773,163355.35467700002,163355.35460400002,2722.5892434,48.375686,157470.622773,20316.502648921298,115.49101725,99.7412187118644,19.501340300962056,0.36729741806527894,56,64,,True,True,,217,56.69694568066818
93,2026-09-19T05:45:57.180+00:00,2026-09-19T05:48:36.804+00:00,2026-09-19T05:48:36.804+00:00,True,1,1.0,,1.0,159624.066784,159624.066784,159624.066784,159624.066784,159624.066784,159624.066784,nan,159624.066784,nan,nan,0.006264719475874396,56,64,,True,True,,1,56.69694568066818
94,2026-09-19T05:45:57.653+00:00,2026-09-19T05:48:39.451+00:00,2026-09-19T05:48:40.356+00:00,True,10,10.0,,10.0,161797.667239,162702.441895,162702.44185,16270.244185,51.657608,161797.667239,51133.12734062081,89038.91843110001,100.53051733333332,18.64682847414348,0.06146189254156062,56,64,,True,True,,53,56.69694568066818
95,2026-09-19T05:45:58.103+00:00,2026-09-19T05:48:41.643+00:00,2026-09-19T05:48:43.680+00:00,True,21,21.0,,21.0,163539.501371,165576.098107,165576.09798,7884.576094285714,49.069843999999996,163539.501371,35665.02617758702,115.476519,101.8298368,13.166777364178893,0.12682990020956528,56,64,,True,True,,64,56.69694568066818
96,2026-09-19T05:45:58.384+00:00,2026-09-19T05:48:43.112+00:00,2026-09-19T05:48:45.273+00:00,True,23,23.0,,23.0,164727.58183,166888.77735000002,166888.777195,7256.033791086957,46.343131,164727.58183,34327.59525681133,113.6141236,98.23616,16.32727057625218,0.13781633711513314,56,64,,True,True,,69,56.69694568066818
97,2026-09-19T05:45:58.812+00:00,2026-09-19T05:48:45.476+00:00,2026-09-19T05:48:50.531+00:00,True,53,53.0,,53.0,166663.235317,171718.601205,171718.601303,3239.973609490566,48.229735999999995,166663.235317,22879.609699691926,111.8021528,97.21857476923077,18.96083239716747,0.30864448946173206,56,64,,True,True,,220,56.69694568066818
98,2026-09-19T05:45:59.267+00:00,2026-09-19T05:48:48.232+00:00,2026-09-19T05:48:48.961+00:00,True,8,8.0,,8.0,168964.914971,169693.560859,169693.561047,21211.695130875,96.40215300000001,168964.914971,59701.31656775219,109865.64719485,104.09226971428572,4.906747242614593,0.04714380415793901,56,64,,True,True,,34,56.69694568066818
99,2026-09-19T05:45:59.602+00:00,2026-09-19T05:48:49.743+00:00,2026-09-19T05:48:52.948+00:00,True,32,32.0,,32.0,170140.65076699998,173345.95815899997,173345.95810699998,5417.0611908437495,51.282349,170140.65076699998,30058.625610717576,113.19777010000001,103.39701264516128,10.616649709705454,0.18460193903481903,56,64,,True,True,,132,56.69694568066818
100,2026-09-19T05:45:59.972+00:00,2026-09-19T05:48:51.569+00:00,2026-09-19T05:48:54.465+00:00,True,29,29.0,,29.0,171597.408102,174493.26423,174493.26408,6017.009106206896,50.004881999999995,171597.408102,31845.63541052912,112.50282759999999,103.42343314285715,11.293830851402246,0.16619552696186043,56,64,,True,True,,84,56.69694568066818
101,2026-09-19T05:46:00.460+00:00,2026-09-19T05:48:54.360+00:00,2026-09-19T05:48:58.991+00:00,True,48,48.0,,48.0,173900.346593,178530.594529,178530.59444,3719.3873841666664,46.398900000000005,173900.346593,25086.140794523657,113.78487634999999,98.51591353191489,19.426927008919705,0.2688614807262238,56,64,,True,True,,144,56.69694568066818
102,2026-09-19T05:46:00.913+00:00,2026-09-19T05:48:56.713+00:00,2026-09-19T05:48:57.255+00:00,True,6,6.0,,6.0,175799.898144,176341.55728,176341.557169,29390.25952816667,101.66355100000001,175799.898144,71725.7818398019,131879.2892665,108.3318272,6.46355312869595,0.03402487815434812,56,64,,True,True,,22,56.69694568066818
103,2026-09-19T05:46:01.248+00:00,2026-09-19T05:48:58.472+00:00,2026-09-19T05:48:59.714+00:00,True,14,14.0,,14.0,177224.073125,178466.162853,178466.162963,12747.583068785714,45.672122,177224.073125,47339.59505848785,62102.2593752,95.5453636923077,22.07996336091854,0.07844624312078474,56,64,,True,True,,65,56.69694568066818
104,2026-09-19T05:46:01.723+00:00,2026-09-19T05:49:00.790+00:00,2026-09-19T05:49:01.621+00:00,True,9,9.0,,9.0,179067.033308,179898.585564,179898.58557300002,19988.731730333333,97.759399,179067.033308,59654.36323006986,107483.97233400002,103.944032,4.344824744615335,0.05002818655735454,56,64,,True,True,,25,56.69694568066818
105,2026-09-19T05:46:02.161+00:00,2026-09-19T05:49:03.775+00:00,2026-09-19T05:49:13.392+00:00,True,96,96.0,,96.0,181613.271749,191230.406853,191230.406961,1991.98340584375,47.926297,181613.271749,18525.502118035423,113.60495825,101.23300109473685,16.463817178249197,0.502012214374442,56,64,,True,True,,442,56.69694568066818
106,2026-09-19T05:46:02.658+00:00,2026-09-19T05:49:06.752+00:00,2026-09-19T05:49:08.748+00:00,True,21,21.0,,21.0,184094.82725799998,186090.85874599998,186090.85881099998,8861.469467190474,45.514841999999994,184094.82725799998,40151.012325138574,116.667865,99.8015744,22.53407013813215,0.11284810087669819,56,64,,True,True,,80,56.69694568066818
107,2026-09-19T05:46:02.942+00:00,2026-09-19T05:49:07.933+00:00,2026-09-19T05:49:12.874+00:00,True,50,50.0,,50.0,184991.354172,189932.02540399999,189932.02532699998,3798.64050654,44.792235,184991.354172,26147.47458437378,113.46064039999997,100.83002514285715,17.753158773579873,0.26325207607114265,56,64,,True,True,,204,56.69694568066818
108,2026-09-19T05:46:03.265+00:00,2026-09-19T05:49:09.435+00:00,2026-09-19T05:49:18.565+00:00,True,91,91.0,,91.0,186169.862961,195300.271409,195300.27132,2146.1568276923076,46.122631,186169.862961,19505.276581969407,112.72416449999999,101.44898275555556,16.480728789188873,0.46594917325755675,56,64,,True,True,,357,56.69694568066818
109,2026-09-19T05:46:03.558+00:00,2026-09-19T05:49:11.425+00:00,2026-09-19T05:49:12.456+00:00,True,11,11.0,,11.0,187867.738499,188898.603907,188898.603894,17172.600354,94.707587,187867.738499,56613.172942022706,93989.7511285,103.0865408,5.779857593481017,0.05823229908790434,56,64,,True,True,,52,56.69694568066818
110,2026-09-19T05:46:04.045+00:00,2026-09-19T05:49:13.599+00:00,2026-09-19T05:49:14.933+00:00,True,15,15.0,,15.0,189554.76725900001,190888.66575500002,190888.66580100002,12725.911053400001,46.022932,189554.76725900001,48918.23517052469,56947.146638700004,95.278464,24.09990283577303,0.07857983574180386,56,64,,True,True,,62,56.69694568066818
111,2026-09-19T05:46:04.352+00:00,2026-09-19T05:49:15.578+00:00,2026-09-19T05:49:21.329+00:00,True,59,59.0,,59.0,191225.464801,196976.555489,196976.55531199998,3338.585683254237,43.984956,191225.464801,24882.532947929332,113.7069926,99.156736,18.88203935603719,0.2995280319199957,56,64,,True,True,,290,56.69694568066818
112,2026-09-19T05:46:04.712+00:00,2026-09-19T05:49:17.554+00:00,2026-09-19T05:49:18.568+00:00,True,11,11.0,,11.0,192841.95688999997,193855.15215399998,193855.15230699998,17623.195664272724,56.265197,192841.95688999997,58113.490746892625,96476.56648949998,101.3195264,16.17221127176996,0.05674339772647114,56,64,,True,True,,47,56.69694568066818
113,2026-09-19T05:46:05.084+00:00,2026-09-19T05:49:19.503+00:00,2026-09-19T05:49:24.587+00:00,True,51,51.0,,51.0,194418.494743,199502.435863,199502.43574299998,3911.812465549019,43.392598,194418.494743,27209.80031357742,111.8782365,101.6788224,14.100967298016391,0.2556359764700925,56,64,,True,True,,223,56.69694568066818
114,2026-09-19T05:46:05.439+00:00,2026-09-19T05:49:21.538+00:00,2026-09-19T05:49:28.885+00:00,True,72,72.0,,72.0,196099.22474099998,203446.11165299997,203446.11168499998,2825.640440069444,49.214375,196099.22474099998,23098.32339035156,111.66005444999999,103.47728045070423,11.931506080146967,0.35390206976677946,56,64,,True,True,,331,56.69694568066818
115,2026-09-19T05:46:05.807+00:00,2026-09-19T05:49:23.851+00:00,2026-09-19T05:49:30.922+00:00,True,69,69.0,,69.0,198043.79716699998,205114.42833499998,205114.42849099997,2972.6728766811593,47.493299,198043.79716699998,23829.15698988148,114.85190739999999,103.97987011764705,12.49012315937419,0.3363975930903642,56,64,,True,True,,254,56.69694568066818
116,2026-09-19T05:46:06.260+00:00,2026-09-19T05:49:26.093+00:00,2026-09-19T05:49:28.242+00:00,True,22,22.0,,22.0,199833.381536,201982.262944,201982.263131,9181.0119605,47.049800000000005,199833.381536,42582.80577369366,114.42591950000002,102.32768609523809,13.427908346889094,0.10892045509015585,56,64,,True,True,,77,56.69694568066818
117,2026-09-19T05:46:06.728+00:00,2026-09-19T05:49:28.672+00:00,2026-09-19T05:49:32.754+00:00,True,41,41.0,,41.0,201943.522571,206025.941515,206025.941697,5025.022968219512,50.268172,201943.522571,31522.3449077285,115.479019,102.0604736,16.99647469444964,0.19900406569439189,56,64,,True,True,,163,56.69694568066818
118,2026-09-19T05:46:07.351+00:00,2026-09-19T05:49:32.374+00:00,2026-09-19T05:49:40.737+00:00,True,83,83.0,,83.0,205022.66194299998,213385.86987899998,213385.86997799997,2570.9140961204816,46.686519,205022.66194299998,22492.971236954316,114.64570859999999,101.99034068292683,15.626758329907267,0.3889667110904062,56,64,,True,True,,287,56.69694568066818
119,2026-09-19T05:46:07.595+00:00,2026-09-19T05:49:33.844+00:00,2026-09-19T05:49:43.100+00:00,True,93,93.0,,93.0,206248.50755399998,215505.16061,215505.160595,2317.259791344086,43.010470999999995,206248.50755399998,21376.546983285898,113.51954679999999,100.61579408695651,16.64601556497844,0.4315441901101489,56,64,,True,True,,340,56.69694568066818
120,2026-09-19T05:46:07.877+00:00,2026-09-19T05:49:35.478+00:00,2026-09-19T05:49:36.714+00:00,True,13,13.0,,13.0,207600.70446500002,208837.007057,208837.007027,16064.385155923079,46.57136,207600.70446500002,57549.50435316289,83108.5866872,103.025216,18.257113189658515,0.062249503491743574,56,64,,True,True,,51,56.69694568066818
121,2026-09-19T05:46:08.360+00:00,2026-09-19T05:49:38.573+00:00,2026-09-19T05:49:42.890+00:00,True,45,45.0,,45.0,210212.771598,214530.138894,214530.139081,4767.336424022222,47.036602,210212.771598,31322.047813165827,112.51296820000002,98.121984,18.21047405317685,0.20976073679901283,56,64,,True,True,,232,56.69694568066818
122,2026-09-19T05:46:08.776+00:00,2026-09-19T05:49:40.632+00:00,2026-09-19T05:49:46.101+00:00,True,57,57.0,,57.0,211856.37242899998,217325.38567699998,217325.385586,3812.72606291228,45.408245,211856.37242899998,28048.133204000078,112.02725760000001,97.66095085714285,19.5321603484863,0.26227952994279413,56,64,,True,True,,287,56.69694568066818
123,2026-09-19T05:46:09.056+00:00,2026-09-19T05:49:41.984+00:00,2026-09-19T05:49:44.999+00:00,True,32,32.0,,32.0,212928.24782800002,215943.60910800003,215943.60904500002,6748.237782656251,48.444158,212928.24782800002,37623.56254056,112.16458204999999,97.26971870967742,20.81714313727108,0.14818683512877576,56,64,,True,True,,119,56.69694568066818
124,2026-09-19T05:46:09.366+00:00,2026-09-19T05:49:43.956+00:00,2026-09-19T05:49:44.635+00:00,True,8,8.0,,8.0,214590.662609,215269.160657,215269.160776,26908.645097,50.954363,214590.662609,75834.98948422728,139522.85991975002,96.92829257142857,20.87073519764699,0.037162777871126804,56,64,,True,True,,32,56.69694568066818
125,2026-09-19T05:46:09.764+00:00,2026-09-19T05:49:45.885+00:00,2026-09-19T05:49:49.975+00:00,True,44,44.0,,44.0,216120.256467,220210.763987,220210.763829,5004.790087022728,45.188685,216120.256467,32567.021014279548,113.38216515,95.12808186046512,22.442251100220563,0.199808579759514,56,64,,True,True,,180,56.69694568066818
126,2026-09-19T05:46:10.242+00:00,2026-09-19T05:49:48.163+00:00,2026-09-19T05:49:54.068+00:00,True,62,62.0,,62.0,217921.729482,223825.896906,223825.896978,3610.095112548387,47.011471,217921.729482,27663.80049469094,109.06120005000001,96.78962990163934,17.540672043822745,0.2770010122020782,56,64,,True,True,,234,56.69694568066818
127,2026-09-19T05:46:10.722+00:00,2026-09-19T05:49:50.443+00:00,2026-09-19T05:49:52.933+00:00,True,26,26.0,,26.0,219720.717933,222211.093613,222211.093429,8546.5805165,56.540639999999996,219720.717933,43071.242990048646,108.443468,99.6150272,9.898571864741431,0.11700585950619219,56,64,,True,True,,125,56.69694568066818
128,2026-09-19T05:46:11.153+00:00,2026-09-19T05:49:52.734+00:00,2026-09-19T05:49:54.483+00:00,True,19,19.0,,19.0,221581.358831,223330.530543,223330.53062399998,11754.238453894737,49.446427,221581.358831,50811.95890304134,22254.3329177,97.17620622222222,16.74701027390619,0.08507569454925798,56,64,,True,True,,104,56.69694568066818
129,2026-09-19T05:46:11.560+00:00,2026-09-19T05:49:55.226+00:00,2026-09-19T05:49:56.493+00:00,True,13,13.0,,13.0,223665.728083,224932.966483,224932.966376,17302.535875076923,100.37044999999999,223665.728083,62004.4227034805,89534.72069080001,105.6032,4.203928964271399,0.057794996452787704,56,64,,True,True,,57,56.69694568066818
130,2026-09-19T05:46:12.042+00:00,2026-09-19T05:49:57.441+00:00,2026-09-19T05:50:02.220+00:00,True,50,50.0,,50.0,225399.13583500002,230178.22268300003,230178.22281200002,4603.56445624,50.817192999999996,225399.13583500002,31862.464670518806,116.7855083,97.53238465306123,20.32204999979886,0.21722298233599482,56,64,,True,True,,231,56.69694568066818
131,2026-09-19T05:46:12.474+00:00,2026-09-19T05:50:00.287+00:00,2026-09-19T05:50:06.061+00:00,True,60,60.0,,60.0,227812.66693,233586.626866,233586.626876,3893.1104479333335,45.589517,227812.66693,29397.860895761743,112.14016334999998,97.86372772881356,19.276624165080158,0.2568640200212308,56,64,,True,True,,215,56.69694568066818
132,2026-09-19T05:46:12.801+00:00,2026-09-19T05:50:02.327+00:00,2026-09-19T05:50:10.417+00:00,True,86,86.0,,86.0,229525.433685,237615.81346099998,237615.813447,2762.974574965116,0.06274,229525.433685,24740.114802842574,110.84030900000002,95.18093854117647,26.844327784754608,0.36192877379398497,56,64,,True,True,,394,56.69694568066818
133,2026-09-19T05:46:13.196+00:00,2026-09-19T05:50:04.215+00:00,2026-09-19T05:50:07.554+00:00,True,37,37.0,,37.0,231019.669395,234358.932883,234358.932877,6334.025212891892,47.846951999999995,231019.669395,37964.1562848333,109.94036299999999,92.7573191111111,21.279306251073145,0.15787748964735074,56,64,,True,True,,160,56.69694568066818
134,2026-09-19T05:46:13.551+00:00,2026-09-19T05:50:06.523+00:00,2026-09-19T05:50:07.401+00:00,True,11,11.0,,11.0,232972.619179,233849.993643,233849.993699,21259.090336272726,46.055465,232972.619179,70217.43869466733,116541.658857,87.73744640000001,27.575861741246623,0.047038701300085625,56,64,,True,True,,41,56.69694568066818
135,2026-09-19T05:46:13.830+00:00,2026-09-19T05:50:08.327+00:00,2026-09-19T05:50:12.248+00:00,True,41,41.0,,41.0,234497.47587599998,238418.60867599997,238418.608567,5815.088013829268,44.352278,234497.47587599998,36607.047603790386,110.902655,98.02832,17.53338230319621,0.1719664426685634,56,64,,True,True,,159,56.69694568066818
136,2026-09-19T05:46:14.307+00:00,2026-09-19T05:50:10.619+00:00,2026-09-19T05:50:19.727+00:00,True,92,92.0,,92.0,236311.9855,245420.92246,245420.922476,2667.6187225652175,45.650824,236311.9855,24626.79880272822,115.15096605,100.09820835164834,18.89211555455262,0.3748661649456339,56,64,,True,True,,504,56.69694568066818
137,2026-09-19T05:46:14.755+00:00,2026-09-19T05:50:12.996+00:00,2026-09-19T05:50:16.541+00:00,True,35,35.0,,35.0,238240.896591,241785.781839,241785.781969,6908.165199114285,46.812442000000004,238240.896591,40252.44067706722,117.4447667,104.2613308235294,14.623928870220475,0.14475623725180728,56,64,,True,True,,193,56.69694568066818
138,2026-09-19T05:46:15.036+00:00,2026-09-19T05:50:14.623+00:00,2026-09-19T05:50:18.406+00:00,True,40,40.0,,40.0,239587.171491,243369.702051,243369.70205999998,6084.2425514999995,46.916351999999996,239587.171491,37866.72931102278,115.51254369999998,96.98796307692307,22.39232812853046,0.1643589964687457,56,64,,True,True,,191,56.69694568066818
139,2026-09-19T05:46:15.350+00:00,2026-09-19T05:50:16.647+00:00,2026-09-19T05:50:24.335+00:00,True,81,81.0,,81.0,241297.08475,248985.51713400002,248985.516998,3073.895271580247,45.419516,241297.08475,26800.116097576378,113.94605800000001,96.1054048,19.88005346094453,0.3253201267783262,56,64,,True,True,,305,56.69694568066818
140,2026-09-19T05:46:15.727+00:00,2026-09-19T05:50:19.155+00:00,2026-09-19T05:50:19.832+00:00,True,8,8.0,,8.0,243428.240334,244105.521614,244105.521653,30513.190206625,51.66798,243428.240334,86030.67389888338,158266.5009874,96.75446857142856,20.21160809534738,0.032772712174246786,56,64,,True,True,,35,56.69694568066818
141,2026-09-19T05:46:16.081+00:00,2026-09-19T05:50:20.560+00:00,2026-09-19T05:50:30.098+00:00,True,99,99.0,,99.0,244479.670692,254017.45629200002,254017.456462,2565.8328935555555,45.015896,244479.670692,24561.35620556341,109.587407,97.32434285714285,17.625351299398208,0.3897369946347183,56,64,,True,True,,404,56.69694568066818
142,2026-09-19T05:46:16.462+00:00,2026-09-19T05:50:22.282+00:00,2026-09-19T05:50:27.163+00:00,True,53,53.0,,53.0,245820.086006,250701.124854,250701.1248,4730.209901886792,46.383114,245820.086006,33753.09821481394,109.6885838,93.86613169230769,20.449750944537488,0.2114071088865893,56,64,,True,True,,266,56.69694568066818
143,2026-09-19T05:46:16.920+00:00,2026-09-19T05:50:24.542+00:00,2026-09-19T05:50:29.352+00:00,True,51,51.0,,51.0,247622.043171,252431.447587,252431.447476,4949.636225019608,46.747874,247622.043171,34660.55776661166,109.11056949999998,96.18808831999999,19.27239666349099,0.2020350494659464,56,64,,True,True,,280,56.69694568066818
144,2026-09-19T05:46:17.398+00:00,2026-09-19T05:50:27.362+00:00,2026-09-19T05:50:36.584+00:00,True,91,91.0,,91.0,249964.457329,259185.741425,259185.741307,2848.1949594175826,47.342470999999996,249964.457329,26192.65656990308,110.80230999999999,102.45871217777778,10.616036344659324,0.35109956087739674,56,64,,True,True,,518,56.69694568066818
145,2026-09-19T05:46:17.806+00:00,2026-09-19T05:50:29.566+00:00,2026-09-19T05:50:36.854+00:00,True,73,73.0,,73.0,251759.822687,259047.699039,259047.699036,3548.598616931507,47.318501,251759.822687,29454.414338783077,110.920681,101.2205048888889,13.019763448444031,0.28180138357071355,56,64,,True,True,,328,56.69694568066818
146,2026-09-19T05:46:18.162+00:00,2026-09-19T05:50:31.557+00:00,2026-09-19T05:50:36.167+00:00,True,47,47.0,,47.0,253394.917282,258005.19696200002,258005.196946,5489.472275446808,49.592796,253394.917282,36946.83073065385,110.3771745,100.22347130434783,13.383892240380787,0.18216687320031905,56,64,,True,True,,170,56.69694568066818
147,2026-09-19T05:46:18.649+00:00,2026-09-19T05:50:33.809+00:00,2026-09-19T05:50:35.010+00:00,True,13,13.0,,13.0,255159.95655,256360.89223,256360.892225,19720.06863269231,49.618415999999996,255159.95655,70740.88414636208,102133.095615,100.07797333333333,16.66055477847292,0.05070976265887214,56,64,,True,True,,39,56.69694568066818
148,2026-09-19T05:46:18.954+00:00,2026-09-19T05:50:35.634+00:00,2026-09-19T05:50:38.843+00:00,True,33,33.0,,33.0,256680.682937,259889.08178500002,259889.08199,7875.4267269696975,49.575846,256680.682937,44664.92184021715,113.2260554,100.262464,18.424326843739177,0.12697724649818148,56,64,,True,True,,161,56.69694568066818
149,2026-09-19T05:46:19.246+00:00,2026-09-19T05:50:36.955+00:00,2026-09-19T05:50:39.972+00:00,True,31,31.0,,31.0,257709.30549700002,260725.96239300002,260725.96240100003,8410.514916161292,49.691656,257709.30549700002,46267.90158718718,115.3551445,100.55522986666666,20.029169736585295,0.11889878443817103,56,64,,True,True,,111,56.69694568066818
150,2026-09-19T05:46:19.577+00:00,2026-09-19T05:50:38.844+00:00,2026-09-19T05:50:47.658+00:00,True,90,90.0,,90.0,259266.977709,268081.033389,268081.033392,2978.6781488,48.636789,259266.977709,27318.705747448737,112.3007705,99.03433348314607,17.94640490479444,0.3357193862700655,56,64,,True,True,,382,56.69694568066818
151,2026-09-19T05:46:19.929+00:00,2026-09-19T05:50:41.138+00:00,2026-09-19T05:50:48.694+00:00,True,78,78.0,,78.0,261209.485486,268765.58507,268765.58502399997,3445.71262851282,49.387266000000004,261209.485486,29565.044156368534,111.81226075,98.13116342857143,17.60057744679792,0.2902157282513864,56,64,,True,True,,391,56.69694568066818
152,2026-09-19T05:46:20.347+00:00,2026-09-19T05:50:43.054+00:00,2026-09-19T05:50:45.385+00:00,True,24,24.0,,24.0,262706.153131,265037.951915,265037.951712,11043.247988,50.080035,262706.153131,53603.975697953065,117.11439285,101.38255582608696,12.385532346511537,0.09055306919854636,56,64,,True,True,,104,56.69694568066818
153,2026-09-19T05:46:20.749+00:00,2026-09-19T05:50:45.184+00:00,2026-09-19T05:50:47.241+00:00,True,23,23.0,,23.0,264434.56299,266491.385518,266491.38546,11586.58197652174,47.92394,264434.56299,55118.92741189117,111.34820389999999,93.4919330909091,21.13728431185156,0.08630672978525408,56,64,,True,True,,92,56.69694568066818
154,2026-09-19T05:46:21.216+00:00,2026-09-19T05:50:47.963+00:00,2026-09-19T05:50:50.110+00:00,True,24,24.0,,24.0,266747.263649,268894.69072099996,268894.690641,11203.945443374998,47.406292,266747.263649,54430.503407086166,112.55290094999998,93.3663944347826,22.77220567552186,0.08925427250217427,56,64,,True,True,,99,56.69694568066818
155,2026-09-19T05:46:21.701+00:00,2026-09-19T05:50:50.328+00:00,2026-09-19T05:50:52.163+00:00,True,20,20.0,,20.0,268627.717371,270462.014715,270462.014592,13523.100729599999,46.286264,268627.717371,60045.39847823896,13535.66515315,96.5419654736842,16.88208858235914,0.07394753759072248,56,64,,True,True,,93,56.69694568066818
156,2026-09-19T05:46:22.758+00:00,2026-09-19T05:50:52.262+00:00,2026-09-19T05:50:58.333+00:00,True,63,63.0,,63.0,269504.866895,275575.102287,275575.10234499996,4374.207973730158,47.162521999999996,269504.866895,33942.09090393804,109.45339210000002,97.9070224516129,17.35690774866471,0.22861281544363948,56,64,,True,True,,218,56.69694568066818
157,2026-09-19T05:46:22.808+00:00,2026-09-19T05:50:55.330+00:00,2026-09-19T05:51:00.816+00:00,True,57,57.0,,57.0,272522.012863,278007.989695,278007.98977499997,4877.333153947368,42.403273,272522.012863,36083.451595270075,111.97347139999998,97.963872,18.82394405536441,0.20503007867699838,56,64,,True,True,,217,56.69694568066818
158,2026-09-19T05:46:22.892+00:00,2026-09-19T05:50:56.589+00:00,2026-09-19T05:51:01.130+00:00,True,47,47.0,,47.0,273696.95002999995,278238.66036599997,278238.66035799996,5919.971496978722,49.237687,273696.95002999995,39908.405327540684,111.3270395,98.73283339130434,17.380226831643338,0.1689197322118191,56,64,,True,True,,190,56.69694568066818
159,2026-09-19T05:46:23.213+00:00,2026-09-19T05:50:58.643+00:00,2026-09-19T05:51:01.765+00:00,True,33,33.0,,33.0,275430.400173,278552.11793300003,278552.117819,8440.973267242423,43.033431,275430.400173,47929.30028575606,115.24645400000001,97.55368,19.28880111330341,0.1184697508131583,56,64,,True,True,,157,56.69694568066818
160,2026-09-19T05:46:23.602+00:00,2026-09-19T05:51:00.613+00:00,2026-09-19T05:51:08.027+00:00,True,77,77.0,,77.0,277010.280121,284424.44972100004,284424.44973700005,3693.824022558442,45.713905,277010.280121,31557.140134510762,111.7096238,97.55486315789473,20.12881377156416,0.2707221551295308,56,64,,True,True,,356,56.69694568066818
161,2026-09-19T05:46:23.924+00:00,2026-09-19T05:51:02.385+00:00,2026-09-19T05:51:11.513+00:00,True,94,94.0,,94.0,278460.993123,287588.674659,287588.674628,3059.4539854042555,44.900617,278460.993123,28710.941318441164,111.9351583,98.1471132903226,18.606179172181072,0.3268557084574273,56,64,,True,True,,399,56.69694568066818
162,2026-09-19T05:46:24.200+00:00,2026-09-19T05:51:04.041+00:00,2026-09-19T05:51:12.502+00:00,True,88,88.0,,88.0,279840.781937,288301.369457,288301.369472,3276.1519258181816,46.787192000000005,279840.781937,29820.76719991418,111.95851584999998,97.2481324137931,19.494001208083766,0.30523614981691977,56,64,,True,True,,410,56.69694568066818
163,2026-09-19T05:46:24.661+00:00,2026-09-19T05:51:05.950+00:00,2026-09-19T05:51:08.126+00:00,True,26,26.0,,26.0,281289.26773900003,283465.13026700006,283465.130216,10902.505008307693,44.824957000000005,281289.26773900003,55148.30153256113,111.7647385,87.03450112,27.026046063511487,0.09172203994018668,56,64,,True,True,,84,56.69694568066818
164,2026-09-19T05:46:24.946+00:00,2026-09-19T05:51:07.711+00:00,2026-09-19T05:51:16.827+00:00,True,93,93.0,,93.0,282765.136761,291880.748921,291880.748943,3138.5026768064513,48.179199,282765.136761,29311.10895775094,111.022395,99.08274086956521,16.47883511876469,0.3186232745523455,56,64,,True,True,,455,56.69694568066818
165,2026-09-19T05:46:25.242+00:00,2026-09-19T05:51:09.534+00:00,2026-09-19T05:51:11.194+00:00,True,17,17.0,,17.0,284292.16272799997,285952.271784,285952.271769,16820.721868764704,91.615729,284292.16272799997,68925.81275854497,56944.92760319999,103.756816,3.8798088024544715,0.05945048064818769,56,64,,True,True,,89,56.69694568066818
166,2026-09-19T05:46:25.522+00:00,2026-09-19T05:51:10.990+00:00,2026-09-19T05:51:19.162+00:00,True,83,83.0,,83.0,285467.67066,293640.13658,293640.136557,3537.832970566265,43.301201,285467.67066,31323.212828544445,111.08516,99.66421853658537,17.40518615519513,0.2826589068057707,56,64,,True,True,,299,56.69694568066818
167,2026-09-19T05:46:25.819+00:00,2026-09-19T05:51:12.289+00:00,2026-09-19T05:51:15.627+00:00,True,35,35.0,,35.0,286469.915463,289807.444807,289807.444704,8280.212705828571,47.035382,286469.915463,48405.664205157576,109.71763579999998,98.16262776470589,17.68640974104597,0.12076984434719606,56,64,,True,True,,162,56.69694568066818
168,2026-09-19T05:46:26.267+00:00,2026-09-19T05:51:14.740+00:00,2026-09-19T05:51:15.938+00:00,True,13,13.0,,13.0,288472.765449,289670.929161,289670.92924,22282.379172307694,53.520218,288472.765449,79980.25848447616,115453.7647134,99.846976,14.797481799957474,0.04487851106651631,56,64,,True,True,,56,56.69694568066818
169,2026-09-19T05:46:26.576+00:00,2026-09-19T05:51:16.567+00:00,2026-09-19T05:51:24.327+00:00,True,79,79.0,,79.0,289991.455691,297751.415499,297751.41552399995,3769.005259797468,45.305026,289991.455691,32615.40058793993,115.06415000000001,99.4866642051282,19.736826101258593,0.26532199642982157,56,64,,True,True,,320,56.69694568066818
170,2026-09-19T05:46:27.075+00:00,2026-09-19T05:51:18.951+00:00,2026-09-19T05:51:19.884+00:00,True,10,10.0,,10.0,291875.826312,292808.080264,292808.080063,29280.808006299998,101.273658,291875.826312,92266.48446339378,160579.81130489998,103.58377244444445,1.599576875607352,0.03415206298604825,56,64,,True,True,,42,56.69694568066818
171,2026-09-19T05:46:27.492+00:00,2026-09-19T05:51:21.149+00:00,2026-09-19T05:51:22.633+00:00,True,16,16.0,,16.0,293656.675627,295140.934699,295140.934761,18446.3084225625,47.94934,293656.675627,73389.43390384999,73497.70099975,98.9506048,20.411789150649593,0.054211388929555404,56,64,,True,True,,64,56.69694568066818
172,2026-09-19T05:46:27.944+00:00,2026-09-19T05:51:24.432+00:00,2026-09-19T05:51:27.995+00:00,False,37,36.0,,36.0,296488.400962,300050.990658,300050.99077800004,8109.4862372432435,0.02389,296488.400962,48726.12923520512,113.453924,98.9608248888889,23.32821728621845,0.11997960720294047,56,64,,True,False,Request timeout: 300.0s exceeded,182,56.69694568066818
173,2026-09-19T05:46:28.222+00:00,2026-09-19T05:51:25.872+00:00,2026-09-19T05:51:26.826+00:00,True,10,10.0,,10.0,297650.165011,298604.487443,298604.487601,29860.4487601,101.527027,297650.165011,94091.71530617714,163758.450391,106.03582577777777,3.1897787559284487,0.03348911493471403,56,64,,True,True,,45,56.69694568066818
174,2026-09-19T05:46:28.646+00:00,2026-09-19T05:51:27.992+00:00,2026-09-19T05:51:28.835+00:00,True,9,9.0,,9.0,299346.25870099996,300189.34298899997,300189.34311599995,33354.37145733333,101.096928,299346.25870099996,99746.95774916369,179651.47575619994,105.385536,2.7341576815074666,0.029981077643818264,56,64,,True,True,,35,56.69694568066818
175,2026-09-19T05:46:29.027+00:00,2026-09-19T05:51:29.173+00:00,2026-09-19T05:51:29.601+00:00,False,6,5.0,,5.0,300146.06967500004,300573.53463500005,300573.534684,50095.58911400001,0.053700000000000005,300146.06967500004,122499.22495269704,225137.44873225,85.492992,47.89440208313218,0.016634864430335575,56,64,,True,False,Request timeout: 300.0s exceeded,26,56.69694568066818
176,2026-09-19T05:46:29.352+00:00,2026-09-19T05:51:29.663+00:00,2026-09-19T05:51:29.663+00:00,False,1,0.0,,0.0,300311.096613,300311.096613,300311.096613,300311.096613,300311.096613,300311.096613,nan,300311.096613,nan,nan,0.0,56,64,,True,False,"HTTPConnectionPool(host='gpu03', port=9002): Read timed out.",0,56.69694568066818
177,2026-09-19T05:46:29.678+00:00,2026-09-19T05:51:29.769+00:00,2026-09-19T05:51:29.769+00:00,False,1,0.0,,0.0,300090.32231699995,300090.32231699995,300090.32231699995,300090.32231699995,300090.32231699995,300090.32231699995,nan,300090.32231699995,nan,nan,0.0,56,64,,True,False,"HTTPConnectionPool(host='gpu03', port=9002): Read timed out.",0,56.69694568066818
178,2026-09-19T05:46:30.098+00:00,2026-09-19T05:51:30.151+00:00,2026-09-19T05:51:30.151+00:00,False,1,0.0,,0.0,300052.757844,300052.757844,300052.757844,300052.757844,300052.757844,300052.757844,nan,300052.757844,nan,nan,0.0,56,64,,True,False,"HTTPConnectionPool(host='gpu03', port=9002): Read timed out.",0,56.69694568066818
179,2026-09-19T05:46:30.478+00:00,2026-09-19T05:51:30.511+00:00,2026-09-19T05:51:30.511+00:00,False,1,0.0,,0.0,300032.42983,300032.42983,300032.42983,300032.42983,300032.42983,300032.42983,nan,300032.42983,nan,nan,0.0,56,64,,True,False,"HTTPConnectionPool(host='gpu03', port=9002): Read timed out.",0,56.69694568066818
180,2026-09-19T05:46:30.974+00:00,2026-09-19T05:51:30.984+00:00,2026-09-19T05:51:31.096+00:00,False,3,2.0,,2.0,300010.631696,300121.890576,300121.890591,100040.630197,0.04697,300010.631696,173179.11021264762,270020.6897189,55.62944,78.6056554382503,0.006663959087294697,56,64,,True,False,Request timeout: 300.0s exceeded,3,56.69694568066818
181,2026-09-19T05:46:31.371+00:00,2026-09-19T05:51:31.096+00:00,2026-09-19T05:51:31.096+00:00,True,1,1.0,,1.0,299725.297281,299725.297281,299725.297281,299725.297281,299725.297281,299725.297281,nan,299725.297281,nan,nan,0.0033363883832016853,56,64,,True,True,,3,56.69694568066818
182,2026-09-19T05:46:31.808+00:00,2026-09-19T05:51:31.851+00:00,2026-09-19T05:51:31.851+00:00,False,1,0.0,,0.0,300042.962394,300042.962394,300042.962394,300042.962394,300042.962394,300042.962394,nan,300042.962394,nan,nan,0.0,56,64,,True,False,"HTTPConnectionPool(host='gpu03', port=9002): Read timed out.",0,56.69694568066818
183,2026-09-19T05:46:32.149+00:00,2026-09-19T05:51:32.228+00:00,2026-09-19T05:51:32.228+00:00,False,1,0.0,,0.0,300078.75614,300078.75614,300078.75614,300078.75614,300078.75614,300078.75614,nan,300078.75614,nan,nan,0.0,56,64,,True,False,"HTTPConnectionPool(host='gpu03', port=9002): Read timed out.",0,56.69694568066818
184,2026-09-19T05:46:32.496+00:00,2026-09-19T05:51:32.528+00:00,2026-09-19T05:51:32.528+00:00,False,1,0.0,,0.0,300031.956734,300031.956734,300031.956734,300031.956734,300031.956734,300031.956734,nan,300031.956734,nan,nan,0.0,56,64,,True,False,TTFT timeout: 300.0s exceeded (TTFT: 300.026s),0,56.69694568066818
185,2026-09-19T05:46:32.787+00:00,2026-09-19T05:51:32.778+00:00,2026-09-19T05:51:32.910+00:00,False,3,2.0,,2.0,299990.805123,300123.167363,300123.16728,100041.05576,0.08002,299990.805123,173161.57504508563,270004.9528244,66.18112,93.48128141138743,0.006663930737412861,56,64,,True,False,Request timeout: 300.0s exceeded,7,56.69694568066818
186,2026-09-19T05:46:33.158+00:00,2026-09-19T05:51:33.024+00:00,2026-09-19T05:51:33.231+00:00,False,4,3.0,,3.0,299865.968129,300073.223169,300073.22316299996,75018.30579074999,0.04195,299865.968129,149898.44995358202,254903.73452765,69.08501333333332,61.44165247128893,0.009997559823291572,56,64,,True,False,Request timeout: 300.0s exceeded,4,56.69694568066818
187,2026-09-19T05:46:33.483+00:00,2026-09-19T05:51:33.550+00:00,2026-09-19T05:51:33.550+00:00,False,1,0.0,,0.0,300066.936673,300066.936673,300066.936673,300066.936673,300066.936673,300066.936673,nan,300066.936673,nan,nan,0.0,56,64,,True,False,"HTTPConnectionPool(host='gpu03', port=9002): Read timed out.",0,56.69694568066818
188,2026-09-19T05:46:33.874+00:00,2026-09-19T05:51:33.932+00:00,2026-09-19T05:51:33.932+00:00,False,1,0.0,,0.0,300057.614545,300057.614545,300057.614545,300057.614545,300057.614545,300057.614545,nan,300057.614545,nan,nan,0.0,56,64,,True,False,"HTTPConnectionPool(host='gpu03', port=9002): Read timed out.",0,56.69694568066818
189,2026-09-19T05:46:34.313+00:00,2026-09-19T05:51:34.276+00:00,2026-09-19T05:51:34.405+00:00,False,3,2.0,,2.0,299963.06773400004,300092.72251800005,300092.722537,100030.90751233335,0.07975,299963.06773400004,173146.34189157744,269979.71846590005,64.827392,91.56718295269519,0.0066646068029191765,56,64,,True,False,Request timeout: 300.0s exceeded,4,56.69694568066818
190,2026-09-19T05:46:34.758+00:00,2026-09-19T05:51:34.549+00:00,2026-09-19T05:51:34.851+00:00,False,5,4.0,,4.0,299790.966492,300092.922844,300092.922698,60018.58453959999,0.02504,299790.966492,134036.84350328485,239854.0791886,75.489088,50.76541600712821,0.013329204707967592,56,64,,True,False,Request timeout: 300.0s exceeded,12,56.69694568066818
191,2026-09-19T05:46:35.171+00:00,2026-09-19T05:51:35.281+00:00,2026-09-19T05:51:35.281+00:00,False,1,0.0,,0.0,300109.90879,300109.90879,300109.90879,300109.90879,300109.90879,300109.90879,nan,300109.90879,nan,nan,0.0,56,64,,True,False,"HTTPConnectionPool(host='gpu03', port=9002): Read timed out.",0,56.69694568066818
192,2026-09-19T05:46:35.576+00:00,2026-09-19T05:51:35.614+00:00,2026-09-19T05:51:35.614+00:00,False,1,0.0,,0.0,300037.66053600004,300037.66053600004,300037.66053600004,300037.66053600004,300037.66053600004,300037.66053600004,nan,300037.66053600004,nan,nan,0.0,56,64,,True,False,TTFT timeout: 300.0s exceeded (TTFT: 300.032s),0,56.69694568066818
193,2026-09-19T05:46:36.048+00:00,2026-09-19T05:51:35.893+00:00,2026-09-19T05:51:36.151+00:00,False,4,3.0,,3.0,299844.657413,300102.903813,300102.90385,75025.7259625,0.02689,299844.657413,149879.30013133353,254888.5373393,86.08213333333333,74.96280794691184,0.00999657104907375,56,64,,True,False,Request timeout: 300.0s exceeded,13,56.69694568066818
194,2026-09-19T05:46:36.441+00:00,2026-09-19T05:51:36.254+00:00,2026-09-19T05:51:36.450+00:00,False,4,3.0,,3.0,299812.604176,300008.835856,300008.835725,75002.20893125,0.0664,299812.604176,149873.60396681778,254855.80972795,65.41056,56.64759692314949,0.009999705480141115,56,64,,True,False,Request timeout: 300.0s exceeded,7,56.69694568066818
195,2026-09-19T05:46:36.795+00:00,2026-09-19T05:51:36.900+00:00,2026-09-19T05:51:36.900+00:00,False,1,0.0,,0.0,300105.532512,300105.532512,300105.532512,300105.532512,300105.532512,300105.532512,nan,300105.532512,nan,nan,0.0,56,64,,True,False,"HTTPConnectionPool(host='gpu03', port=9002): Read timed out.",0,56.69694568066818
197,2026-09-19T05:46:37.768+00:00,2026-09-19T05:51:37.187+00:00,2026-09-19T05:51:37.895+00:00,False,8,7.0,,7.0,299418.799907,300126.99395499995,300126.994052,37515.8742565,0.038340000000000006,299418.799907,105824.77150601894,194672.9785485,101.17057828571429,46.60796326115447,0.02332346020514755,56,64,,True,False,Request timeout: 300.0s exceeded,20,56.69694568066818
196,2026-09-19T05:46:37.742+00:00,2026-09-19T05:51:37.330+00:00,2026-09-19T05:51:37.899+00:00,False,7,6.0,,6.0,299587.890528,300156.501088,300156.50121300004,42879.50017328572,0.03764,299587.890528,113197.76816116754,209749.52436060004,94.76842666666667,46.922096153008454,0.019989572034093364,56,64,,True,False,Request timeout: 300.0s exceeded,17,56.69694568066818
198,2026-09-19T05:46:37.946+00:00,2026-09-19T05:51:37.895+00:00,2026-09-19T05:51:38.095+00:00,False,4,3.0,,3.0,299948.75214999996,300148.32975,300148.32969199994,75037.08242299999,0.08595,299948.75214999996,149941.1205265356,254971.79359075,66.52586666666666,57.59803910124737,0.009995058118426861,56,64,,True,False,Request timeout: 300.0s exceeded,10,56.69694568066818
199,2026-09-19T05:46:38.381+00:00,2026-09-19T05:51:38.401+00:00,2026-09-19T05:51:38.401+00:00,False,1,0.0,,0.0,300019.21740100003,300019.21740100003,300019.21740100003,300019.21740100003,300019.21740100003,300019.21740100003,nan,300019.21740100003,nan,nan,0.0,56,64,,True,False,"HTTPConnectionPool(host='gpu03', port=9002): Read timed out.",0,56.69694568066818
200,2026-09-19T05:46:38.688+00:00,2026-09-19T05:51:39.172+00:00,2026-09-19T05:51:39.473+00:00,False,5,4.0,,4.0,300483.83444999997,300785.71886599995,300785.71901699994,60157.143803399995,0.04325,300483.83444999997,134346.72267149723,240425.17946859996,75.471104,81.18676132315734,0.013298503715803076,56,64,,True,False,Request timeout: 300.0s exceeded,11,56.69694568066818
201,2026-09-19T05:46:39.060+00:00,2026-09-19T05:51:39.356+00:00,2026-09-19T05:51:39.527+00:00,False,5,4.0,,4.0,300295.19805199996,300466.277732,300466.277669,60093.255533799995,0.035689,300295.19805199996,134276.97040321998,240249.8252962,42.76992,29.6409715513386,0.01331264203821165,56,64,,True,False,Request timeout: 300.0s exceeded,24,56.69694568066818
202,2026-09-19T05:46:39.370+00:00,2026-09-19T05:51:39.357+00:00,2026-09-19T05:51:39.685+00:00,False,7,6.0,,6.0,299987.55789399997,300315.006214,300315.00603199995,42902.143718857136,0.02393,299987.55789399997,113364.01644388457,210023.78369709998,54.57472,35.02527237529034,0.01997902161347372,56,64,,True,False,Request timeout: 300.0s exceeded,16,56.69694568066818
203,2026-09-19T05:46:39.676+00:00,2026-09-19T05:51:39.802+00:00,2026-09-19T05:51:39.802+00:00,False,1,0.0,,0.0,300126.50167,300126.50167,300126.50167,300126.50167,300126.50167,300126.50167,nan,300126.50167,nan,nan,0.0,56,64,,True,False,"HTTPConnectionPool(host='gpu03', port=9002): Read timed out.",0,56.69694568066818
204,2026-09-19T05:46:40.183+00:00,2026-09-19T05:51:40.282+00:00,2026-09-19T05:51:40.282+00:00,False,1,0.0,,0.0,300099.266498,300099.266498,300099.266498,300099.266498,300099.266498,300099.266498,nan,300099.266498,nan,nan,0.0,56,64,,True,False,"HTTPConnectionPool(host='gpu03', port=9002): Read timed out.",0,56.69694568066818
205,2026-09-19T05:46:40.650+00:00,2026-09-19T05:51:40.706+00:00,2026-09-19T05:51:40.706+00:00,False,1,0.0,,0.0,300055.483912,300055.483912,300055.483912,300055.483912,300055.483912,300055.483912,nan,300055.483912,nan,nan,0.0,56,64,,True,False,"HTTPConnectionPool(host='gpu03', port=9002): Read timed out.",0,56.69694568066818
206,2026-09-19T05:46:41.014+00:00,2026-09-19T05:51:40.954+00:00,2026-09-19T05:51:41.081+00:00,False,3,2.0,,2.0,299940.275066,300067.116154,300067.116194,100022.37206466666,0.04962,299940.275066,173133.9942680652,269958.92671020003,63.420544,89.61995795551792,0.0066651755301756,56,64,,True,False,Request timeout: 300.0s exceeded,8,56.69694568066818
207,2026-09-19T05:46:41.481+00:00,2026-09-19T05:51:41.083+00:00,2026-09-19T05:51:41.520+00:00,False,7,6.0,,6.0,299602.521694,300039.442014,300039.442212,42862.77745885714,0.023649999999999997,299602.521694,113211.59200930267,209752.41959260002,72.82005333333333,41.01244867729358,0.01999737087805955,56,64,,True,False,Request timeout: 300.0s exceeded,22,56.69694568066818
208,2026-09-19T05:46:41.825+00:00,2026-09-19T05:51:41.934+00:00,2026-09-19T05:51:41.934+00:00,False,1,0.0,,0.0,300108.871069,300108.871069,300108.871069,300108.871069,300108.871069,300108.871069,nan,300108.871069,nan,nan,0.0,56,64,,True,False,"HTTPConnectionPool(host='gpu03', port=9002): Read timed out.",0,56.69694568066818
209,2026-09-19T05:46:42.214+00:00,2026-09-19T05:51:42.331+00:00,2026-09-19T05:51:42.331+00:00,False,1,0.0,,0.0,300116.92625099997,300116.92625099997,300116.92625099997,300116.92625099997,300116.92625099997,300116.92625099997,nan,300116.92625099997,nan,nan,0.0,56,64,,True,False,"HTTPConnectionPool(host='gpu03', port=9002): Read timed out.",0,56.69694568066818
210,2026-09-19T05:46:42.508+00:00,2026-09-19T05:51:42.537+00:00,2026-09-19T05:51:42.537+00:00,False,1,0.0,,0.0,300028.378089,300028.378089,300028.378089,300028.378089,300028.378089,300028.378089,nan,300028.378089,nan,nan,0.0,56,64,,True,False,TTFT timeout: 300.0s exceeded (TTFT: 300.019s),0,56.69694568066818
211,2026-09-19T05:46:42.996+00:00,2026-09-19T05:51:42.816+00:00,2026-09-19T05:51:43.034+00:00,False,4,3.0,,3.0,299819.904842,300037.61850599997,300037.61858199997,75009.40464549999,0.049959,299819.904842,149873.67559738847,254863.76431415,72.57122133333333,62.90104430153526,0.009998746207019397,56,64,,True,False,Request timeout: 300.0s exceeded,12,56.69694568066818
212,2026-09-19T05:46:43.404+00:00,2026-09-19T05:51:43.521+00:00,2026-09-19T05:51:43.521+00:00,False,1,0.0,,0.0,300116.692872,300116.692872,300116.692872,300116.692872,300116.692872,300116.692872,nan,300116.692872,nan,nan,0.0,56,64,,True,False,"HTTPConnectionPool(host='gpu03', port=9002): Read timed out.",0,56.69694568066818
213,2026-09-19T05:46:43.725+00:00,2026-09-19T05:51:43.838+00:00,2026-09-19T05:51:43.838+00:00,False,1,0.0,,0.0,300112.780387,300112.780387,300112.780387,300112.780387,300112.780387,300112.780387,nan,300112.780387,nan,nan,0.0,56,64,,True,False,"HTTPConnectionPool(host='gpu03', port=9002): Read timed out.",0,56.69694568066818
214,2026-09-19T05:46:44.138+00:00,2026-09-19T05:51:44.198+00:00,2026-09-19T05:51:44.198+00:00,False,1,0.0,,0.0,300060.527969,300060.527969,300060.527969,300060.527969,300060.527969,300060.527969,nan,300060.527969,nan,nan,0.0,56,64,,True,False,TTFT timeout: 300.0s exceeded (TTFT: 300.055s),0,56.69694568066818
215,2026-09-19T05:46:44.525+00:00,2026-09-19T05:51:44.350+00:00,2026-09-19T05:51:44.631+00:00,False,4,3.0,,3.0,299824.887469,300105.723309,300105.723384,75026.430846,0.02481,299824.887469,149865.65254464556,254873.58428920002,93.61194666666667,81.56114818097915,0.009996477131197822,56,64,,True,False,Request timeout: 300.0s exceeded,13,56.69694568066818
216,2026-09-19T05:46:44.866+00:00,2026-09-19T05:51:44.629+00:00,2026-09-19T05:51:44.890+00:00,True,4,4.0,,4.0,299763.078578,300024.02552200004,300024.02533900004,75006.00633475001,48.13665,299763.078578,149838.05073082974,254815.29558905002,86.98231466666667,33.98015500124773,0.013332265617863626,56,64,,True,True,,7,56.69694568066818
217,2026-09-19T05:46:45.314+00:00,2026-09-19T05:51:45.370+00:00,2026-09-19T05:51:45.370+00:00,False,1,0.0,,0.0,300055.837908,300055.837908,300055.837908,300055.837908,300055.837908,300055.837908,nan,300055.837908,nan,nan,0.0,56,64,,True,False,"HTTPConnectionPool(host='gpu03', port=9002): Read timed out.",0,56.69694568066818
218,2026-09-19T05:46:45.595+00:00,2026-09-19T05:51:45.649+00:00,2026-09-19T05:51:45.649+00:00,False,1,0.0,,0.0,300054.47458700003,300054.47458700003,300054.47458700003,300054.47458700003,300054.47458700003,300054.47458700003,nan,300054.47458700003,nan,nan,0.0,56,64,,True,False,"HTTPConnectionPool(host='gpu03', port=9002): Read timed out.",0,56.69694568066818
219,2026-09-19T05:46:45.997+00:00,2026-09-19T05:51:46.011+00:00,2026-09-19T05:51:46.011+00:00,False,1,0.0,,0.0,300013.548251,300013.548251,300013.548251,300013.548251,300013.548251,300013.548251,nan,300013.548251,nan,nan,0.0,56,64,,True,False,TTFT timeout: 300.0s exceeded (TTFT: 300.007s),0,56.69694568066818
220,2026-09-19T05:46:46.433+00:00,2026-09-19T05:51:46.173+00:00,2026-09-19T05:51:46.487+00:00,True,4,4.0,,4.0,299740.18586,300054.37005200004,300054.36981,75013.5924525,98.082176,299740.18586,149817.7290330268,254795.82636575002,104.728064,6.523818336276387,0.01333091732443954,56,64,,True,True,,14,56.69694568066818
221,2026-09-19T05:46:46.892+00:00,2026-09-19T05:51:46.997+00:00,2026-09-19T05:51:46.997+00:00,False,1,0.0,,0.0,300104.078848,300104.078848,300104.078848,300104.078848,300104.078848,300104.078848,nan,300104.078848,nan,nan,0.0,56,64,,True,False,"HTTPConnectionPool(host='gpu03', port=9002): Read timed out.",0,56.69694568066818
222,2026-09-19T05:46:47.230+00:00,2026-09-19T05:51:47.322+00:00,2026-09-19T05:51:47.322+00:00,False,1,0.0,,0.0,300092.108312,300092.108312,300092.108312,300092.108312,300092.108312,300092.108312,nan,300092.108312,nan,nan,0.0,56,64,,True,False,"HTTPConnectionPool(host='gpu03', port=9002): Read timed out.",0,56.69694568066818
223,2026-09-19T05:46:47.581+00:00,2026-09-19T05:51:47.679+00:00,2026-09-19T05:51:47.679+00:00,False,1,0.0,,0.0,300097.733778,300097.733778,300097.733778,300097.733778,300097.733778,300097.733778,nan,300097.733778,nan,nan,0.0,56,64,,True,False,TTFT timeout: 300.0s exceeded (TTFT: 300.093s),0,56.69694568066818
224,2026-09-19T05:46:47.983+00:00,2026-09-19T05:51:47.826+00:00,2026-09-19T05:51:48.066+00:00,False,4,3.0,,3.0,299843.340012,300083.393004,300083.393161,75020.84829025,0.041449,299843.340012,149881.6723765699,254887.22008455,80.017664,71.05587874812802,0.00999722100569561,56,64,,True,False,Request timeout: 300.0s exceeded,14,56.69694568066818
225,2026-09-19T05:46:48.488+00:00,2026-09-19T05:51:48.565+00:00,2026-09-19T05:51:48.565+00:00,False,1,0.0,,0.0,300077.260241,300077.260241,300077.260241,300077.260241,300077.260241,300077.260241,nan,300077.260241,nan,nan,0.0,56,64,,True,False,"HTTPConnectionPool(host='gpu03', port=9002): Read timed out.",0,56.69694568066818
226,2026-09-19T05:46:48.804+00:00,2026-09-19T05:51:48.845+00:00,2026-09-19T05:51:48.845+00:00,False,1,0.0,,0.0,300040.87556099996,300040.87556099996,300040.87556099996,300040.87556099996,300040.87556099996,300040.87556099996,nan,300040.87556099996,nan,nan,0.0,56,64,,True,False,"HTTPConnectionPool(host='gpu03', port=9002): Read timed out.",0,56.69694568066818
227,2026-09-19T05:46:49.237+00:00,2026-09-19T05:51:49.244+00:00,2026-09-19T05:51:49.393+00:00,False,3,2.0,,2.0,300006.454215,300155.886535,300155.88660699996,100051.96220233332,0.02451,300006.454215,173165.68579219337,270020.7495817,74.71616,105.62985108792927,0.006663204320554906,56,64,,True,False,Request timeout: 300.0s exceeded,4,56.69694568066818
228,2026-09-19T05:46:49.615+00:00,2026-09-19T05:51:49.523+00:00,2026-09-19T05:51:49.655+00:00,False,3,2.0,,2.0,299908.211303,300040.66979899997,300040.669798,100013.55659933333,0.023440000000000003,299908.211303,173113.86171399604,269930.63367819996,66.229248,93.62899318955017,0.006665763015859879,56,64,,True,False,Request timeout: 300.0s exceeded,4,56.69694568066818
229,2026-09-19T05:46:49.974+00:00,2026-09-19T05:51:49.865+00:00,2026-09-19T05:51:50.011+00:00,False,5,4.0,,4.0,299890.810326,300037.15451799997,300037.15454699995,60007.4309094,0.061189999999999994,299890.810326,134098.88743050082,239922.86752759997,36.586048,24.426637283401252,0.013331682225909226,56,64,,True,False,Request timeout: 300.0s exceeded,8,56.69694568066818
230,2026-09-19T05:46:50.288+00:00,2026-09-19T05:51:50.402+00:00,2026-09-19T05:51:50.402+00:00,False,1,0.0,,0.0,300113.656904,300113.656904,300113.656904,300113.656904,300113.656904,300113.656904,nan,300113.656904,nan,nan,0.0,56,64,,True,False,"HTTPConnectionPool(host='gpu03', port=9002): Read timed out.",0,56.69694568066818
231,2026-09-19T05:46:50.734+00:00,2026-09-19T05:51:50.862+00:00,2026-09-19T05:51:51.465+00:00,False,7,6.0,,6.0,300128.310688,300731.089824,300731.089927,42961.58427528571,0.04064,300128.310688,113399.87722444533,210133.48143820002,100.46318933333333,52.07231547448985,0.01995137916572391,56,64,,True,False,Request timeout: 300.0s exceeded,17,56.69694568066818
232,2026-09-19T05:46:51.084+00:00,2026-09-19T05:51:51.256+00:00,2026-09-19T05:51:51.567+00:00,False,5,4.0,,4.0,300171.832333,300482.87745300005,300482.87765800004,60096.57553160001,0.022600000000000002,300171.832333,134206.15600566097,240158.9011076,77.76128,51.89394445833725,0.013311906601485665,56,64,,True,False,Request timeout: 300.0s exceeded,13,56.69694568066818
233,2026-09-19T05:46:51.367+00:00,2026-09-19T05:51:51.667+00:00,2026-09-19T05:51:51.667+00:00,False,1,0.0,,0.0,300299.381288,300299.381288,300299.381288,300299.381288,300299.381288,300299.381288,nan,300299.381288,nan,nan,0.0,56,64,,True,False,TTFT timeout: 300.0s exceeded (TTFT: 300.087s),0,56.69694568066818
234,2026-09-19T05:46:51.687+00:00,2026-09-19T05:51:51.697+00:00,2026-09-19T05:51:51.697+00:00,False,1,0.0,,0.0,300010.40181199997,300010.40181199997,300010.40181199997,300010.40181199997,300010.40181199997,300010.40181199997,nan,300010.40181199997,nan,nan,0.0,56,64,,True,False,"HTTPConnectionPool(host='gpu03', port=9002): Read timed out.",0,56.69694568066818
235,2026-09-19T05:46:52.189+00:00,2026-09-19T05:51:52.226+00:00,2026-09-19T05:51:52.226+00:00,False,1,0.0,,0.0,300037.29931000003,300037.29931000003,300037.29931000003,300037.29931000003,300037.29931000003,300037.29931000003,nan,300037.29931000003,nan,nan,0.0,56,64,,True,False,"HTTPConnectionPool(host='gpu03', port=9002): Read timed out.",0,56.69694568066818
236,2026-09-19T05:46:52.682+00:00,2026-09-19T05:51:52.702+00:00,2026-09-19T05:51:52.702+00:00,False,1,0.0,,0.0,300020.15386799996,300020.15386799996,300020.15386799996,300020.15386799996,300020.15386799996,300020.15386799996,nan,300020.15386799996,nan,nan,0.0,56,64,,True,False,"HTTPConnectionPool(host='gpu03', port=9002): Read timed out.",0,56.69694568066818
237,2026-09-19T05:46:53.092+00:00,2026-09-19T05:51:52.991+00:00,2026-09-19T05:51:53.163+00:00,False,4,3.0,,3.0,299899.03754000005,300071.25283600006,300071.2528460001,75017.81321150002,0.0674,299899.03754000005,149920.8218603792,254928.36200105003,57.40509866666667,50.37151244496283,0.00999762546944012,56,64,,True,False,Request timeout: 300.0s exceeded,13,56.69694568066818
238,2026-09-19T05:46:53.506+00:00,2026-09-19T05:51:53.068+00:00,2026-09-19T05:51:53.576+00:00,False,7,6.0,,6.0,299562.64513,300069.785738,300069.785763,42867.11225185714,0.091229,299562.64513,113192.09678553716,209725.0716442,84.52343466666667,41.509867467220744,0.019995348699448138,56,64,,True,False,Request timeout: 300.0s exceeded,16,56.69694568066818
239,2026-09-19T05:46:53.908+00:00,2026-09-19T05:51:54.009+00:00,2026-09-19T05:51:54.009+00:00,False,1,0.0,,0.0,300100.469745,300100.469745,300100.469745,300100.469745,300100.469745,300100.469745,nan,300100.469745,nan,nan,0.0,56,64,,True,False,"HTTPConnectionPool(host='gpu03', port=9002): Read timed out.",0,56.69694568066818
240,2026-09-19T05:46:54.275+00:00,2026-09-19T05:51:54.393+00:00,2026-09-19T05:51:54.393+00:00,False,1,0.0,,0.0,300118.08604900003,300118.08604900003,300118.08604900003,300118.08604900003,300118.08604900003,300118.08604900003,nan,300118.08604900003,nan,nan,0.0,56,64,,True,False,"HTTPConnectionPool(host='gpu03', port=9002): Read timed out.",0,56.69694568066818
241,2026-09-19T05:46:54.618+00:00,2026-09-19T05:51:54.531+00:00,2026-09-19T05:51:54.644+00:00,False,3,2.0,,2.0,299913.130686,300026.239422,300026.239349,100008.74644966667,0.02527,299913.130686,173122.28430567653,269933.1259567,56.554368,79.94411240851419,0.0066660836193960776,56,64,,True,False,Request timeout: 300.0s exceeded,7,56.69694568066818
243,2026-09-19T05:46:55.689+00:00,2026-09-19T05:51:54.779+00:00,2026-09-19T05:51:55.805+00:00,False,12,11.0,,11.0,299090.431069,300116.544861,300116.54476799996,25009.712064,0.02265,299090.431069,86313.04932872926,134662.5118035,93.283072,37.447139924483935,0.036652427826312235,56,64,,True,False,Request timeout: 300.0s exceeded,72,56.69694568066818
242,2026-09-19T05:46:55.659+00:00,2026-09-19T05:51:55.598+00:00,2026-09-19T05:51:55.927+00:00,False,5,4.0,,4.0,299939.290377,300268.282377,300268.282268,60053.6564536,0.023809999999999998,299939.290377,134100.154632968,239975.41652659996,82.248,55.33778560030557,0.013321420325633408,56,64,,True,False,Request timeout: 300.0s exceeded,15,56.69694568066818
244,2026-09-19T05:46:55.856+00:00,2026-09-19T05:51:56.105+00:00,2026-09-19T05:51:56.105+00:00,False,1,0.0,,0.0,300248.304656,300248.304656,300248.304656,300248.304656,300248.304656,300248.304656,nan,300248.304656,nan,nan,0.0,56,64,,True,False,"HTTPConnectionPool(host='gpu03', port=9002): Read timed out.",0,56.69694568066818
245,2026-09-19T05:46:56.312+00:00,2026-09-19T05:51:56.361+00:00,2026-09-19T05:51:56.361+00:00,False,1,0.0,,0.0,300048.648675,300048.648675,300048.648675,300048.648675,300048.648675,300048.648675,nan,300048.648675,nan,nan,0.0,56,64,,True,False,"HTTPConnectionPool(host='gpu03', port=9002): Read timed out.",0,56.69694568066818
246,2026-09-19T05:46:56.592+00:00,2026-09-19T05:51:56.608+00:00,2026-09-19T05:51:56.608+00:00,False,1,0.0,,0.0,300016.14216399996,300016.14216399996,300016.14216399996,300016.14216399996,300016.14216399996,300016.14216399996,nan,300016.14216399996,nan,nan,0.0,56,64,,True,False,"HTTPConnectionPool(host='gpu03', port=9002): Read timed out.",0,56.69694568066818
247,2026-09-19T05:46:57.039+00:00,2026-09-19T05:51:57.105+00:00,2026-09-19T05:51:57.105+00:00,False,1,0.0,,0.0,300065.966961,300065.966961,300065.966961,300065.966961,300065.966961,300065.966961,nan,300065.966961,nan,nan,0.0,56,64,,True,False,TTFT timeout: 300.0s exceeded (TTFT: 300.059s),0,56.69694568066818
248,2026-09-19T05:46:57.411+00:00,2026-09-19T05:51:57.289+00:00,2026-09-19T05:51:57.510+00:00,False,4,3.0,,3.0,299878.386722,300099.376674,300099.37664900004,75024.84416225001,0.03324,299878.386722,149902.37093015356,254914.55796260003,73.66331733333332,64.40447726596173,0.009996688541139226,56,64,,True,False,Request timeout: 300.0s exceeded,10,56.69694568066818
249,2026-09-19T05:46:57.808+00:00,2026-09-19T05:51:57.412+00:00,2026-09-19T05:51:57.914+00:00,False,7,6.0,,6.0,299604.28944,300106.139296,300106.139386,42872.30562657143,0.02176,299604.28944,113208.16998979796,209753.8155231,83.64164266666667,41.027770160705124,0.01999292654950352,56,64,,True,False,Request timeout: 300.0s exceeded,21,56.69694568066818
250,2026-09-19T05:46:58.299+00:00,2026-09-19T05:51:58.311+00:00,2026-09-19T05:51:58.311+00:00,False,1,0.0,,0.0,300011.42516399996,300011.42516399996,300011.42516399996,300011.42516399996,300011.42516399996,300011.42516399996,nan,300011.42516399996,nan,nan,0.0,56,64,,True,False,"HTTPConnectionPool(host='gpu03', port=9002): Read timed out.",0,56.69694568066818
251,2026-09-19T05:46:58.589+00:00,2026-09-19T05:51:58.631+00:00,2026-09-19T05:51:58.631+00:00,False,1,0.0,,0.0,300042.692186,300042.692186,300042.692186,300042.692186,300042.692186,300042.692186,nan,300042.692186,nan,nan,0.0,56,64,,True,False,"HTTPConnectionPool(host='gpu03', port=9002): Read timed out.",0,56.69694568066818
252,2026-09-19T05:46:59.081+00:00,2026-09-19T05:51:59.075+00:00,2026-09-19T05:51:59.200+00:00,False,3,2.0,,2.0,299994.155409,300119.665553,300119.66551099997,100039.88850366666,0.03929,299994.155409,173165.48609207215,270007.2869493,62.755072,88.69368201328903,0.006664008492461843,56,64,,True,False,Request timeout: 300.0s exceeded,3,56.69694568066818
253,2026-09-19T05:46:59.577+00:00,2026-09-19T05:51:59.426+00:00,2026-09-19T05:51:59.620+00:00,False,4,3.0,,3.0,299849.643279,300043.620367,300043.62017400004,75010.90504350001,0.08068,299849.643279,149892.49911264813,254886.76591845002,64.65902933333334,55.926591503013285,0.009998546199151088,56,64,,True,False,Request timeout: 300.0s exceeded,11,56.69694568066818
254,2026-09-19T05:46:59.867+00:00,2026-09-19T05:51:59.949+00:00,2026-09-19T05:51:59.949+00:00,False,1,0.0,,0.0,300082.079387,300082.079387,300082.079387,300082.079387,300082.079387,300082.079387,nan,300082.079387,nan,nan,0.0,56,64,,True,False,"HTTPConnectionPool(host='gpu03', port=9002): Read timed out.",0,56.69694568066818
255,2026-09-19T05:47:00.373+00:00,2026-09-19T05:52:00.414+00:00,2026-09-19T05:52:00.414+00:00,False,1,0.0,,0.0,300041.16396,300041.16396,300041.16396,300041.16396,300041.16396,300041.16396,nan,300041.16396,nan,nan,0.0,56,64,,True,False,TTFT timeout: 300.0s exceeded (TTFT: 300.019s),0,56.69694568066818
256,2026-09-19T05:47:00.822+00:00,2026-09-19T05:52:00.801+00:00,2026-09-19T05:52:00.912+00:00,False,3,2.0,,2.0,299979.135203,300089.439203,300089.43913199997,100029.813044,0.027529,299979.135203,173161.20123337692,269992.24932269996,55.152,77.95760621542844,0.006664679721191622,56,64,,True,False,Request timeout: 300.0s exceeded,5,56.69694568066818
257,2026-09-19T05:47:01.307+00:00,2026-09-19T05:52:01.424+00:00,2026-09-19T05:52:01.424+00:00,False,1,0.0,,0.0,300117.39795,300117.39795,300117.39795,300117.39795,300117.39795,300117.39795,nan,300117.39795,nan,nan,0.0,56,64,,True,False,"HTTPConnectionPool(host='gpu03', port=9002): Read timed out.",0,56.69694568066818
258,2026-09-19T05:47:01.597+00:00,2026-09-19T05:52:01.683+00:00,2026-09-19T05:52:01.683+00:00,False,1,0.0,,0.0,300086.04452399997,300086.04452399997,300086.04452399997,300086.04452399997,300086.04452399997,300086.04452399997,nan,300086.04452399997,nan,nan,0.0,56,64,,True,False,"HTTPConnectionPool(host='gpu03', port=9002): Read timed out.",0,56.69694568066818
259,2026-09-19T05:47:01.995+00:00,2026-09-19T05:52:02.037+00:00,2026-09-19T05:52:02.037+00:00,False,1,0.0,,0.0,300042.359068,300042.359068,300042.359068,300042.359068,300042.359068,300042.359068,nan,300042.359068,nan,nan,0.0,56,64,,True,False,"HTTPConnectionPool(host='gpu03', port=9002): Read timed out.",0,56.69694568066818
260,2026-09-19T05:47:02.353+00:00,2026-09-19T05:52:02.336+00:00,2026-09-19T05:52:02.461+00:00,False,3,2.0,,2.0,299982.33391600003,300107.707356,300107.707338,100035.90244600001,0.02899,299982.33391600003,173158.70038545728,269996.63496760005,62.68672,88.61149923475242,0.006664274028882298,56,64,,True,False,Request timeout: 300.0s exceeded,3,56.69694568066818
261,2026-09-19T05:47:02.741+00:00,2026-09-19T05:52:02.461+00:00,2026-09-19T05:52:02.785+00:00,False,6,5.0,,5.0,299719.147649,300043.952001,300043.952141,50007.32535683333,0.022969999999999997,299719.147649,122333.31803165417,224823.8081945,64.9608704,51.1668386755936,0.016664225246517672,56,64,,True,False,Request timeout: 300.0s exceeded,15,56.69694568066818
262,2026-09-19T05:47:03.108+00:00,2026-09-19T05:52:03.201+00:00,2026-09-19T05:52:03.201+00:00,False,1,0.0,,0.0,300093.043381,300093.043381,300093.043381,300093.043381,300093.043381,300093.043381,nan,300093.043381,nan,nan,0.0,56,64,,True,False,TTFT timeout: 300.0s exceeded (TTFT: 300.087s),0,56.69694568066818
263,2026-09-19T05:47:03.392+00:00,2026-09-19T05:52:03.480+00:00,2026-09-19T05:52:03.480+00:00,False,1,0.0,,0.0,300088.225981,300088.225981,300088.225981,300088.225981,300088.225981,300088.225981,nan,300088.225981,nan,nan,0.0,56,64,,True,False,"HTTPConnectionPool(host='gpu03', port=9002): Read timed out.",0,56.69694568066818
264,2026-09-19T05:47:03.891+00:00,2026-09-19T05:52:03.935+00:00,2026-09-19T05:52:05.053+00:00,False,12,11.0,,11.0,300043.645194,301161.22164199996,301161.221468,25096.768455666665,0.038699,300043.645194,86585.81787625658,135099.57210845,101.5978589090909,36.48098091849883,0.036525286821541894,56,64,,True,False,Request timeout: 300.0s exceeded,36,56.69694568066818
265,2026-09-19T05:47:04.374+00:00,2026-09-19T05:52:04.207+00:00,2026-09-19T05:52:04.436+00:00,True,3,3.0,,3.0,299832.864328,300061.798216,300061.798097,100020.59936566667,113.493101,299832.864328,173042.49744782792,269861.121962,114.466944,1.377014088828433,0.009997940483714773,56,64,,True,True,,4,56.69694568066818
267,2026-09-19T05:47:05.193+00:00,2026-09-19T05:52:05.259+00:00,2026-09-19T05:52:05.259+00:00,False,1,0.0,,0.0,300066.374735,300066.374735,300066.374735,300066.374735,300066.374735,300066.374735,nan,300066.374735,nan,nan,0.0,56,64,,True,False,"HTTPConnectionPool(host='gpu03', port=9002): Read timed out.",0,56.69694568066818
268,2026-09-19T05:47:05.468+00:00,2026-09-19T05:52:05.560+00:00,2026-09-19T05:52:05.560+00:00,False,1,0.0,,0.0,300092.5286,300092.5286,300092.5286,300092.5286,300092.5286,300092.5286,nan,300092.5286,nan,nan,0.0,56,64,,True,False,"HTTPConnectionPool(host='gpu03', port=9002): Read timed out.",0,56.69694568066818
266,2026-09-19T05:47:04.688+00:00,2026-09-19T05:52:05.812+00:00,2026-09-19T05:52:05.812+00:00,False,1,0.0,,0.0,301123.918242,301123.918242,301123.918242,301123.918242,301123.918242,301123.918242,nan,301123.918242,nan,nan,0.0,56,64,,True,False,"HTTPConnectionPool(host='gpu03', port=9002): Read timed out.",0,56.69694568066818
269,2026-09-19T05:47:05.939+00:00,2026-09-19T05:52:06.052+00:00,2026-09-19T05:52:06.052+00:00,False,1,0.0,,0.0,300112.51449699997,300112.51449699997,300112.51449699997,300112.51449699997,300112.51449699997,300112.51449699997,nan,300112.51449699997,nan,nan,0.0,56,64,,True,False,"HTTPConnectionPool(host='gpu03', port=9002): Read timed out.",0,56.69694568066818
270,2026-09-19T05:47:06.423+00:00,2026-09-19T05:52:06.343+00:00,2026-09-19T05:52:06.546+00:00,False,3,2.0,,2.0,299920.476326,300123.399846,300123.399807,100041.133269,0.038119999999999994,299920.476326,173100.61849232143,269948.7172295,101.46176,143.43465329212086,0.00666392557536748,56,64,,True,False,Request timeout: 300.0s exceeded,4,56.69694568066818
271,2026-09-19T05:47:06.751+00:00,2026-09-19T05:52:06.543+00:00,2026-09-19T05:52:06.843+00:00,False,5,4.0,,4.0,299791.749136,300092.105744,300092.105917,60018.4211834,0.03958,299791.749136,134037.3721362051,239853.87992039998,75.089152,50.066321337765196,0.013329241001135451,56,64,,True,False,Request timeout: 300.0s exceeded,22,56.69694568066818
272,2026-09-19T05:47:07.241+00:00,2026-09-19T05:52:07.346+00:00,2026-09-19T05:52:07.346+00:00,False,1,0.0,,0.0,300104.999351,300104.999351,300104.999351,300104.999351,300104.999351,300104.999351,nan,300104.999351,nan,nan,0.0,56,64,,True,False,"HTTPConnectionPool(host='gpu03', port=9002): Read timed out.",0,56.69694568066818
273,2026-09-19T05:47:07.559+00:00,2026-09-19T05:52:07.667+00:00,2026-09-19T05:52:07.667+00:00,False,1,0.0,,0.0,300108.006019,300108.006019,300108.006019,300108.006019,300108.006019,300108.006019,nan,300108.006019,nan,nan,0.0,56,64,,True,False,"HTTPConnectionPool(host='gpu03', port=9002): Read timed out.",0,56.69694568066818
274,2026-09-19T05:47:08.055+00:00,2026-09-19T05:52:08.129+00:00,2026-09-19T05:52:08.129+00:00,False,1,0.0,,0.0,300074.30902600003,300074.30902600003,300074.30902600003,300074.30902600003,300074.30902600003,300074.30902600003,nan,300074.30902600003,nan,nan,0.0,56,64,,True,False,TTFT timeout: 300.0s exceeded (TTFT: 300.065s),0,56.69694568066818
275,2026-09-19T05:47:08.528+00:00,2026-09-19T05:52:08.384+00:00,2026-09-19T05:52:08.604+00:00,False,4,3.0,,3.0,299856.48431800003,300075.84969400003,300075.849539,75018.96238475,0.03613,299856.48431800003,149891.6906814773,254896.67357440002,73.121792,64.9893789659572,0.009997472315946871,56,64,,True,False,Request timeout: 300.0s exceeded,7,56.69694568066818
276,2026-09-19T05:47:08.976+00:00,2026-09-19T05:52:09.011+00:00,2026-09-19T05:52:09.011+00:00,False,1,0.0,,0.0,300034.86393,300034.86393,300034.86393,300034.86393,300034.86393,300034.86393,nan,300034.86393,nan,nan,0.0,56,64,,True,False,"HTTPConnectionPool(host='gpu03', port=9002): Read timed out.",0,56.69694568066818
277,2026-09-19T05:47:09.411+00:00,2026-09-19T05:52:09.466+00:00,2026-09-19T05:52:09.466+00:00,False,1,0.0,,0.0,300054.387473,300054.387473,300054.387473,300054.387473,300054.387473,300054.387473,nan,300054.387473,nan,nan,0.0,56,64,,True,False,TTFT timeout: 300.0s exceeded (TTFT: 300.046s),0,56.69694568066818
278,2026-09-19T05:47:09.691+00:00,2026-09-19T05:52:09.729+00:00,2026-09-19T05:52:09.729+00:00,False,1,0.0,,0.0,300037.966512,300037.966512,300037.966512,300037.966512,300037.966512,300037.966512,nan,300037.966512,nan,nan,0.0,56,64,,True,False,"HTTPConnectionPool(host='gpu03', port=9002): Read timed out.",0,56.69694568066818
279,2026-09-19T05:47:10.153+00:00,2026-09-19T05:52:09.995+00:00,2026-09-19T05:52:10.205+00:00,False,4,3.0,,3.0,299842.168152,300051.958104,300051.958027,75012.98950675,0.0241,299842.168152,149886.12726475514,254881.9903131,69.929984,60.60347228624525,0.009998268363108565,56,64,,True,False,Request timeout: 300.0s exceeded,5,56.69694568066818
280,2026-09-19T05:47:10.637+00:00,2026-09-19T05:52:10.746+00:00,2026-09-19T05:52:10.746+00:00,False,1,0.0,,0.0,300108.952973,300108.952973,300108.952973,300108.952973,300108.952973,300108.952973,nan,300108.952973,nan,nan,0.0,56,64,,True,False,"HTTPConnectionPool(host='gpu03', port=9002): Read timed out.",0,56.69694568066818
281,2026-09-19T05:47:10.952+00:00,2026-09-19T05:52:11.061+00:00,2026-09-19T05:52:11.061+00:00,False,1,0.0,,0.0,300108.451699,300108.451699,300108.451699,300108.451699,300108.451699,300108.451699,nan,300108.451699,nan,nan,0.0,56,64,,True,False,"HTTPConnectionPool(host='gpu03', port=9002): Read timed out.",0,56.69694568066818
282,2026-09-19T05:47:11.318+00:00,2026-09-19T05:52:11.357+00:00,2026-09-19T05:52:11.357+00:00,False,1,0.0,,0.0,300039.477158,300039.477158,300039.477158,300039.477158,300039.477158,300039.477158,nan,300039.477158,nan,nan,0.0,56,64,,True,False,TTFT timeout: 300.0s exceeded (TTFT: 300.035s),0,56.69694568066818
283,2026-09-19T05:47:11.619+00:00,2026-09-19T05:52:11.507+00:00,2026-09-19T05:52:11.634+00:00,False,3,2.0,,2.0,299887.712158,300015.23523,300015.235014,100005.07833799999,0.0261,299887.712158,173103.45039688604,269911.6906178,63.761536,90.13550102439966,0.006666328123192626,56,64,,True,False,Request timeout: 300.0s exceeded,4,56.69694568066818
284,2026-09-19T05:47:12.047+00:00,2026-09-19T05:52:11.836+00:00,2026-09-19T05:52:12.129+00:00,False,5,4.0,,4.0,299788.78748299996,300081.94511499995,300081.94525299995,60016.389050599995,0.040479999999999995,299788.78748299996,134036.85219045487,239851.17396479996,73.289408,48.88070868643615,0.013329692322765657,56,64,,True,False,Request timeout: 300.0s exceeded,18,56.69694568066818
285,2026-09-19T05:47:12.417+00:00,2026-09-19T05:52:12.526+00:00,2026-09-19T05:52:12.526+00:00,False,1,0.0,,0.0,300108.761715,300108.761715,300108.761715,300108.761715,300108.761715,300108.761715,nan,300108.761715,nan,nan,0.0,56,64,,True,False,"HTTPConnectionPool(host='gpu03', port=9002): Read timed out.",0,56.69694568066818
286,2026-09-19T05:47:12.924+00:00,2026-09-19T05:52:12.944+00:00,2026-09-19T05:52:12.944+00:00,False,1,0.0,,0.0,300019.71455800004,300019.71455800004,300019.71455800004,300019.71455800004,300019.71455800004,300019.71455800004,nan,300019.71455800004,nan,nan,0.0,56,64,,True,False,TTFT timeout: 300.0s exceeded (TTFT: 300.011s),0,56.69694568066818
287,2026-09-19T05:47:13.412+00:00,2026-09-19T05:52:13.220+00:00,2026-09-19T05:52:13.468+00:00,False,4,3.0,,3.0,299808.369513,300056.343145,300056.34317400004,75014.08579350001,0.039450000000000006,299808.369513,149862.86751240492,254857.48754910004,82.65787733333333,72.5253153002049,0.009998122247828211,56,64,,True,False,Request timeout: 300.0s exceeded,6,56.69694568066818
288,2026-09-19T05:47:13.819+00:00,2026-09-19T05:52:13.469+00:00,2026-09-19T05:52:13.922+00:00,False,7,6.0,,6.0,299650.332046,300103.04859,300103.048624,42871.86408914286,0.0916,299650.332046,113228.6679949961,209786.4948064,75.45275733333332,42.4143362766312,0.019993132452970127,56,64,,True,False,Request timeout: 300.0s exceeded,17,56.69694568066818
289,2026-09-19T05:47:14.233+00:00,2026-09-19T05:52:14.259+00:00,2026-09-19T05:52:14.259+00:00,False,1,0.0,,0.0,300026.053256,300026.053256,300026.053256,300026.053256,300026.053256,300026.053256,nan,300026.053256,nan,nan,0.0,56,64,,True,False,"HTTPConnectionPool(host='gpu03', port=9002): Read timed out.",0,56.69694568066818
290,2026-09-19T05:47:14.661+00:00,2026-09-19T05:52:14.644+00:00,2026-09-19T05:52:14.781+00:00,False,3,2.0,,2.0,299982.85052499996,300119.695325,300119.695119,100039.89837299999,0.05068,299982.85052499996,173155.68936977128,269998.24486389995,68.4224,96.69220239306729,0.006664007831389399,56,64,,True,False,Request timeout: 300.0s exceeded,2,56.69694568066818
291,2026-09-19T05:47:15.150+00:00,2026-09-19T05:52:14.917+00:00,2026-09-19T05:52:14.917+00:00,True,1,1.0,,1.0,299766.570463,299766.570463,299766.570463,299766.570463,299766.570463,299766.570463,nan,299766.570463,nan,nan,0.003335929014551105,56,64,,True,True,,3,56.69694568066818
292,2026-09-19T05:47:15.649+00:00,2026-09-19T05:52:15.732+00:00,2026-09-19T05:52:15.732+00:00,False,1,0.0,,0.0,300082.8982,300082.8982,300082.8982,300082.8982,300082.8982,300082.8982,nan,300082.8982,nan,nan,0.0,56,64,,True,False,"HTTPConnectionPool(host='gpu03', port=9002): Read timed out.",0,56.69694568066818
293,2026-09-19T05:47:16.153+00:00,2026-09-19T05:52:16.258+00:00,2026-09-19T05:52:16.258+00:00,False,1,0.0,,0.0,300105.090529,300105.090529,300105.090529,300105.090529,300105.090529,300105.090529,nan,300105.090529,nan,nan,0.0,56,64,,True,False,TTFT timeout: 300.0s exceeded (TTFT: 300.096s),0,56.69694568066818
294,2026-09-19T05:47:16.483+00:00,2026-09-19T05:52:16.529+00:00,2026-09-19T05:52:16.529+00:00,False,1,0.0,,0.0,300045.51647000003,300045.51647000003,300045.51647000003,300045.51647000003,300045.51647000003,300045.51647000003,nan,300045.51647000003,nan,nan,0.0,56,64,,True,False,TTFT timeout: 300.0s exceeded (TTFT: 300.037s),0,56.69694568066818
295,2026-09-19T05:47:17.463+00:00,2026-09-19T05:52:16.659+00:00,2026-09-19T05:52:17.736+00:00,False,13,12.0,,12.0,299195.780599,300272.234231,300272.234064,23097.86415876923,0.022879999999999998,299195.780599,82957.1053744923,119746.4862202,89.70446933333332,32.42825704083653,0.03996373501110454,56,64,,True,False,Request timeout: 300.0s exceeded,50,56.69694568066818
296,2026-09-19T05:47:17.479+00:00,2026-09-19T05:52:16.772+00:00,2026-09-19T05:52:17.733+00:00,False,12,11.0,,11.0,299293.090558,300254.609918,300254.609935,25021.217494583336,0.04207,299293.090558,86373.24579734662,134747.7130329,87.41085090909091,33.5874346115265,0.03663557406497145,56,64,,True,False,Request timeout: 300.0s exceeded,41,56.69694568066818
297,2026-09-19T05:47:17.686+00:00,2026-09-19T05:52:16.879+00:00,2026-09-19T05:52:17.868+00:00,False,12,11.0,,11.0,299192.662412,300182.053772,300182.05389,25015.1711575,0.02445,299192.662412,86343.5242861243,134710.1072025,89.94466909090909,36.43138035160265,0.03664442914483798,56,64,,True,False,Request timeout: 300.0s exceeded,49,56.69694568066818
298,2026-09-19T05:47:18.101+00:00,2026-09-19T05:52:18.129+00:00,2026-09-19T05:52:18.129+00:00,False,1,0.0,,0.0,300028.60515200003,300028.60515200003,300028.60515200003,300028.60515200003,300028.60515200003,300028.60515200003,nan,300028.60515200003,nan,nan,0.0,56,64,,True,False,"HTTPConnectionPool(host='gpu03', port=9002): Read timed out.",0,56.69694568066818
299,2026-09-19T05:47:18.440+00:00,2026-09-19T05:52:18.564+00:00,2026-09-19T05:52:18.564+00:00,False,1,0.0,,0.0,300124.204408,300124.204408,300124.204408,300124.204408,300124.204408,300124.204408,nan,300124.204408,nan,nan,0.0,56,64,,True,False,"HTTPConnectionPool(host='gpu03', port=9002): Read timed out.",0,56.69694568066818
300,2026-09-19T05:47:18.855+00:00,2026-09-19T05:52:18.976+00:00,2026-09-19T05:52:18.976+00:00,False,1,0.0,,0.0,300120.85106,300120.85106,300120.85106,300120.85106,300120.85106,300120.85106,nan,300120.85106,nan,nan,0.0,56,64,,True,False,"HTTPConnectionPool(host='gpu03', port=9002): Read timed out.",0,56.69694568066818
302,2026-09-19T05:47:19.671+00:00,2026-09-19T05:52:19.396+00:00,2026-09-19T05:52:20.688+00:00,False,17,16.0,,16.0,299724.68187300005,301016.68648100004,301016.6865390001,17706.863914058828,0.02503,299724.68187300005,72674.33567566151,60030.47705220001,80.750288,33.96581622561834,0.05315319953536832,56,64,,True,False,Request timeout: 300.0s exceeded,82,56.69694568066818
301,2026-09-19T05:47:19.249+00:00,2026-09-19T05:52:19.398+00:00,2026-09-19T05:52:20.583+00:00,False,16,15.0,,15.0,300149.193707,301334.154475,301334.154545,18833.3846590625,0.03704,300149.193707,75017.55655518032,75116.05025825,78.99738453333333,34.66609630744499,0.04977862541381603,56,64,,True,False,Request timeout: 300.0s exceeded,60,56.69694568066818
304,2026-09-19T05:47:20.529+00:00,2026-09-19T05:52:20.748+00:00,2026-09-19T05:52:20.748+00:00,False,1,0.0,,0.0,300218.27676599997,300218.27676599997,300218.27676599997,300218.27676599997,300218.27676599997,300218.27676599997,nan,300218.27676599997,nan,nan,0.0,56,64,,True,False,"HTTPConnectionPool(host='gpu03', port=9002): Read timed out.",0,56.69694568066818
303,2026-09-19T05:47:20.098+00:00,2026-09-19T05:52:21.194+00:00,2026-09-19T05:52:21.194+00:00,False,1,0.0,,0.0,301096.63746600004,301096.63746600004,301096.63746600004,301096.63746600004,301096.63746600004,301096.63746600004,nan,301096.63746600004,nan,nan,0.0,56,64,,True,False,"HTTPConnectionPool(host='gpu03', port=9002): Read timed out.",0,56.69694568066818
0,2026-09-19T05:45:20.835+00:00,2026-09-19T05:45:21.094+00:00,2026-09-19T05:45:22.987+00:00,True,23,23.0,,23.0,258.920781,2151.699021,2151.699059,93.552133,33.217332999999996,258.920781,46.92607256343659,155.52261910000004,86.03537454545454,30.748928989431327,10.689227338733824,57,64,,False,True,,110,56.69694568066818
1,2026-09-19T05:45:21.367+00:00,2026-09-19T05:45:21.655+00:00,2026-09-19T05:45:27.002+00:00,True,57,57.0,,57.0,288.25394,5635.393779999999,5635.393794,98.86655778947369,42.325371,288.25394,34.28962979810594,116.0528416,95.48464,23.09486661744393,10.114643665593144,57,64,,False,True,,226,56.69694568066818
2,2026-09-19T05:45:22.005+00:00,2026-09-19T05:45:24.332+00:00,2026-09-19T05:45:31.329+00:00,True,73,73.0,,73.0,2326.999018,9323.832554,9323.832439,127.72373204109589,44.134797,2326.999018,261.74110232564675,110.5331562,97.17824355555555,20.075712560979397,7.829398434303971,57,64,,False,True,,401,56.69694568066818
3,2026-09-19T05:45:22.652+00:00,2026-09-19T05:45:28.438+00:00,2026-09-19T05:45:34.199+00:00,True,59,59.0,,59.0,5785.524103,11546.499207,11546.499241,195.7033769661017,0.0,5785.524103,740.8280693195513,116.52024029999998,99.32715696551723,28.745639031805588,5.109773875377879,57,64,,False,True,,308,56.69694568066818
4,2026-09-19T05:45:23.189+00:00,2026-09-19T05:45:31.430+00:00,2026-09-19T05:45:36.200+00:00,True,49,49.0,,49.0,8240.193503,13010.649311000001,13010.649377,265.5234566734694,0.0,8240.193503,1163.6803308481014,204.56061540000002,99.384496,41.0049440215817,3.766145626457889,57,64,,False,True,,186,56.69694568066818
5,2026-09-19T05:45:23.884+00:00,2026-09-19T05:45:34.611+00:00,2026-09-19T05:45:35.058+00:00,True,6,6.0,,6.0,10726.55283,11173.85907,11173.859017,1862.3098361666669,46.734750999999996,10726.55283,4342.629654747116,8072.036821750001,89.461248,24.47935343719225,0.5369675742652802,57,64,,False,True,,18,56.69694568066818
6,2026-09-19T05:45:24.473+00:00,2026-09-19T05:45:38.051+00:00,2026-09-19T05:45:39.402+00:00,True,15,15.0,,15.0,13577.359537,14928.772273,14928.772249,995.2514832666667,0.0,13577.359537,3481.433300972964,4292.3201818,96.52948114285715,72.33957576086421,1.0047711711115603,57,64,,False,True,,48,56.69694568066818
7,2026-09-19T05:45:25.017+00:00,2026-09-19T05:45:40.962+00:00,2026-09-19T05:45:46.814+00:00,True,61,61.0,,61.0,15945.33726,21796.862892,21796.863007,357.3256230655738,0.0,15945.33726,2029.7639981472948,143.297967,97.52542720000001,52.17928786760154,2.798567862827111,57,64,,False,True,,308,56.69694568066818
8,2026-09-19T05:45:25.445+00:00,2026-09-19T05:45:43.429+00:00,2026-09-19T05:45:44.661+00:00,True,13,13.0,,13.0,17984.577679,19216.746383,19216.746158,1478.211242923077,93.534092,17984.577679,4959.547912363169,7259.887012000001,102.68072533333333,4.689875511605852,0.6764932908465913,57,64,,False,True,,42,56.69694568066818
9,2026-09-19T05:45:26.000+00:00,2026-09-19T05:45:47.023+00:00,2026-09-19T05:45:47.219+00:00,True,3,3.0,,3.0,21022.746800999998,21218.737585,21218.737583,7072.9125276666655,95.831886,21022.746800999998,12080.911053014705,18930.488010499997,97.995392,3.0597698361334302,0.14138447153051967,57,64,,False,True,,13,56.69694568066818
10,2026-09-19T05:45:26.503+00:00,2026-09-19T05:45:49.840+00:00,2026-09-19T05:45:53.497+00:00,True,38,38.0,,38.0,23337.770317000002,26994.483277000003,26994.483187,710.3811365,0.01759,23337.770317000002,3770.4885037426884,171.89565609999997,98.83008,70.12818965812262,1.407695031983701,57,64,,False,True,,177,56.69694568066818
11,2026-09-19T05:45:27.178+00:00,2026-09-19T05:45:53.023+00:00,2026-09-19T05:46:00.337+00:00,True,79,79.0,,79.0,25845.727123,33159.391123,33159.391282000004,419.73913015189873,0.0,25845.727123,2898.324246092176,115.4620046,93.76492307692307,76.70370128687946,2.382432165505116,57,64,,False,True,,357,56.69694568066818
12,2026-09-19T05:45:27.577+00:00,2026-09-19T05:45:55.099+00:00,2026-09-19T05:46:02.674+00:00,True,81,81.0,,81.0,27522.156147,35096.688499,35096.6887,433.29245308641975,0.0,27522.156147,3048.070533155454,113.246726,94.6816544,59.49152302175766,2.3079100469067875,57,64,,False,True,,287,56.69694568066818
13,2026-09-19T05:45:27.984+00:00,2026-09-19T05:45:57.490+00:00,2026-09-19T05:46:04.788+00:00,True,75,75.0,,75.0,29506.064474,36803.602522,36803.602483999995,490.71469978666664,0.0,29506.064474,3396.199492633926,116.23690339999999,98.61537902702703,59.82075057953371,2.0378439842992933,57,64,,False,True,,232,56.69694568066818
14,2026-09-19T05:45:28.676+00:00,2026-09-19T05:46:01.443+00:00,2026-09-19T05:46:07.385+00:00,True,55,55.0,,55.0,32767.087017,38709.298089,38709.298175,703.8054213636364,0.0,32767.087017,4404.562482436811,248.92322800000002,110.04094577777778,98.780430002655,1.4208472567377635,57,64,,False,True,,183,56.69694568066818
15,2026-09-19T05:45:29.379+00:00,2026-09-19T05:46:05.752+00:00,2026-09-19T05:46:07.950+00:00,True,24,24.0,,24.0,36373.151577,38570.749272999994,38570.749087,1607.1145452916664,0.02085,36373.151577,7405.778017934896,451.9930462999999,95.54772591304348,99.79204924320365,0.6222331806450101,57,64,,False,True,,124,56.69694568066818
16,2026-09-19T05:45:30.098+00:00,2026-09-19T05:46:08.849+00:00,2026-09-19T05:46:09.464+00:00,True,7,7.0,,7.0,38750.981557,39365.321397,39365.321216,5623.617316571428,90.85239800000001,38750.981557,14607.796012709501,27159.347350599997,102.38997333333333,7.1319707438685045,0.17782148732903433,57,64,,False,True,,10,56.69694568066818
17,2026-09-19T05:45:30.796+00:00,2026-09-19T05:46:12.580+00:00,2026-09-19T05:46:21.697+00:00,True,95,95.0,,95.0,41784.698001000004,50901.396113,50901.395894,535.8041673052631,0.0,41784.698001000004,4277.5892038104275,111.99162829999999,96.98615012765957,67.0678489949244,1.866353523763907,57,64,,False,True,,532,56.69694568066818
18,2026-09-19T05:45:31.453+00:00,2026-09-19T05:46:15.928+00:00,2026-09-19T05:46:17.333+00:00,True,16,16.0,,16.0,44474.29885499999,45879.48055099999,45879.480412,2867.46752575,43.262239,44474.29885499999,11095.178028270142,11203.423261499996,93.67877973333333,23.388099355731566,0.34873978100546005,57,64,,False,True,,67,56.69694568066818
19,2026-09-19T05:45:31.897+00:00,2026-09-19T05:46:18.496+00:00,2026-09-19T05:46:27.261+00:00,True,86,86.0,,86.0,46599.284806,55363.948614,55363.948533,643.7668434069768,0.0,46599.284806,5015.151217939245,117.63072149999999,103.11369185882353,116.62011171041127,1.5533574131353232,57,64,,False,True,,422,56.69694568066818
20,2026-09-19T05:45:32.475+00:00,2026-09-19T05:46:21.852+00:00,2026-09-19T05:46:22.844+00:00,True,10,10.0,,10.0,49377.514494,50369.343230000006,50369.343304,5036.9343304,0.01759,49377.514494,15582.808312558436,27603.8757687,110.20319288888889,330.5427627536071,0.1985334602108529,57,64,,False,True,,55,56.69694568066818
21,2026-09-19T05:45:33.037+00:00,2026-09-19T05:46:25.079+00:00,2026-09-19T05:46:33.232+00:00,True,80,80.0,,80.0,52041.673069,60194.753133,60194.753282,752.4344160249999,0.0,52041.673069,5807.533784493151,116.68001945,103.20354511392405,86.51999472934558,1.3290194881809783,57,64,,False,True,,436,56.69694568066818
22,2026-09-19T05:45:33.664+00:00,2026-09-19T05:46:28.274+00:00,2026-09-19T05:46:37.735+00:00,True,92,92.0,,92.0,54610.303303,64071.456583,64071.456808,696.4288783478261,0.0,54610.303303,5683.638990418324,113.4485916,103.96871736263735,105.08038430654597,1.4358968081335963,57,64,,False,True,,523,56.69694568066818
23,2026-09-19T05:45:34.123+00:00,2026-09-19T05:46:30.880+00:00,2026-09-19T05:46:32.216+00:00,True,14,14.0,,14.0,56757.254299,58093.349531,58093.349594,4149.524971,46.160141,56757.254299,15141.55554659222,19940.6257802,102.7765563076923,17.622826211203424,0.24099144072471265,57,64,,False,True,,47,56.69694568066818
24,2026-09-19T05:45:34.620+00:00,2026-09-19T05:46:33.445+00:00,2026-09-19T05:46:41.328+00:00,True,79,79.0,,79.0,58825.08045,66708.537474,66708.537497,844.411867050633,0.0,58825.08045,6608.085740113128,113.346246,101.06996184615384,122.35711493835117,1.184256213543741,57,64,,False,True,,259,56.69694568066818
25,2026-09-19T05:45:35.109+00:00,2026-09-19T05:46:36.364+00:00,2026-09-19T05:46:44.864+00:00,True,87,87.0,,87.0,61254.939922,69755.870226,69755.87011,801.7916104597701,0.0,61254.939922,6557.748371397223,113.4020046,98.84802679069767,122.29111369069307,1.2472068618473435,57,64,,False,True,,367,56.69694568066818
26,2026-09-19T05:45:35.526+00:00,2026-09-19T05:46:39.366+00:00,2026-09-19T05:46:44.653+00:00,True,60,60.0,,60.0,63840.62716,69127.26268,69127.262688,1152.1210448,0.0,63840.62716,8230.289514932248,113.51713595000001,89.60399186440678,33.697120554796285,0.8679643555068656,57,64,,False,True,,221,56.69694568066818
27,2026-09-19T05:45:35.921+00:00,2026-09-19T05:46:40.811+00:00,2026-09-19T05:46:44.338+00:00,True,37,37.0,,37.0,64889.374844,68416.283004,68416.28294,1849.088728108108,48.566686000000004,64889.374844,10651.657935046213,111.67469839999998,97.96967111111111,19.036465420273487,0.5408069303887318,57,64,,False,True,,178,56.69694568066818
28,2026-09-19T05:45:36.460+00:00,2026-09-19T05:46:43.664+00:00,2026-09-19T05:46:44.234+00:00,True,7,7.0,,7.0,67204.66806499999,67774.61750499999,67774.61749699998,9682.088213857141,51.20288,67204.66806499999,25365.08112199449,47075.08315579999,94.99157333333333,21.5272252820821,0.10328350432200646,57,64,,False,True,,20,56.69694568066818
29,2026-09-19T05:45:37.185+00:00,2026-09-19T05:46:47.141+00:00,2026-09-19T05:46:49.337+00:00,True,24,24.0,,24.0,69956.385096,72152.321864,72152.322034,3006.3467514166664,45.053194000000005,69956.385096,14260.310946214295,111.4625833,95.4755116521739,19.30090784968315,0.33262962826390574,57,64,,False,True,,120,56.69694568066818
30,2026-09-19T05:45:37.710+00:00,2026-09-19T05:46:50.102+00:00,2026-09-19T05:46:56.928+00:00,True,69,69.0,,69.0,72391.064605,79217.52886100001,79217.528869,1148.080128536232,0.0,72391.064605,8704.113181179087,192.8869016,100.38918023529412,153.77826911514862,0.8710193437246909,57,64,,False,True,,309,56.69694568066818
31,2026-09-19T05:45:38.151+00:00,2026-09-19T05:46:52.334+00:00,2026-09-19T05:46:56.765+00:00,True,44,44.0,,44.0,74182.188277,78613.565173,78613.56521999999,1786.6719368181816,0.01663,74182.188277,11168.427799601417,229.24064274999998,103.05527665116279,114.9984989841338,0.5596998419187824,57,64,,False,True,,140,56.69694568066818
32,2026-09-19T05:45:38.623+00:00,2026-09-19T05:46:54.880+00:00,2026-09-19T05:47:01.513+00:00,True,66,66.0,,66.0,76257.640409,82890.222809,82890.222659,1255.912464530303,0.01677,76257.640409,9374.641186546727,116.01552299999999,102.03972923076923,100.90881860917362,0.7962338351059891,57,64,,False,True,,307,56.69694568066818
33,2026-09-19T05:45:39.226+00:00,2026-09-19T05:46:58.460+00:00,2026-09-19T05:47:08.050+00:00,True,99,99.0,,99.0,79233.99390700001,88824.099507,88824.09972900001,897.2131285757577,0.0,79233.99390700001,7954.328546716126,114.18553890000001,97.85822040816326,116.7190977054011,1.114562382838433,57,64,,False,True,,358,56.69694568066818
34,2026-09-19T05:45:39.814+00:00,2026-09-19T05:47:02.369+00:00,2026-09-19T05:47:09.973+00:00,True,80,80.0,,80.0,82554.888866,90158.95286599999,90158.953077,1126.9869134624998,0.0,82554.888866,9220.051580113168,111.25221870000001,96.25397468354431,129.35258232811853,0.8873217518275874,57,64,,False,True,,281,56.69694568066818
35,2026-09-19T05:45:40.433+00:00,2026-09-19T05:47:05.561+00:00,2026-09-19T05:47:11.289+00:00,True,59,59.0,,59.0,85127.603961,90855.545337,90855.545463,1539.9244993728814,48.581807,85127.603961,11069.825783552224,109.89662370000002,98.75760993103448,17.0311030108232,0.6493824871245678,57,64,,False,True,,265,56.69694568066818
36,2026-09-19T05:45:40.930+00:00,2026-09-19T05:47:08.360+00:00,2026-09-19T05:47:12.832+00:00,True,45,45.0,,45.0,87429.999602,91901.39620999999,91901.396322,2042.2532515999999,49.152935,87429.999602,13018.151711285967,113.4543116,101.62265018181819,12.533579805664862,0.4896552376328691,57,64,,False,True,,208,56.69694568066818
37,2026-09-19T05:45:41.411+00:00,2026-09-19T05:47:11.390+00:00,2026-09-19T05:47:15.902+00:00,True,48,48.0,,48.0,89978.830365,94490.882077,94490.882149,1968.5600447708334,43.775557,89978.830365,12973.48158836827,109.2997767,96.00110025531914,18.327927927303445,0.5079855214060243,57,64,,False,True,,179,56.69694568066818
38,2026-09-19T05:45:41.870+00:00,2026-09-19T05:47:13.910+00:00,2026-09-19T05:47:17.999+00:00,True,43,43.0,,43.0,92040.53470100001,96129.24382100001,96129.24374800001,2235.5638080930235,0.01696,92040.53470100001,14021.946005886932,122.94381030000001,97.35021714285715,145.9806703937479,0.4473144517819081,57,64,,False,True,,194,56.69694568066818
39,2026-09-19T05:45:42.372+00:00,2026-09-19T05:47:17.459+00:00,2026-09-19T05:47:26.353+00:00,True,98,98.0,,98.0,95086.974084,103981.263492,103981.26345700001,1061.0333005816326,0.0,95086.974084,9596.949100915808,113.36459420000001,91.6937052371134,137.6249635370554,0.942477487855683,57,64,,False,True,,294,56.69694568066818
40,2026-09-19T05:45:43.082+00:00,2026-09-19T05:47:20.518+00:00,2026-09-19T05:47:30.168+00:00,True,99,99.0,,99.0,97435.51199099999,107085.955255,107085.955299,1081.676316151515,48.349786,97435.51199099999,9782.757159044617,110.6634679,98.47391085714285,18.195873970514885,0.9244909826340421,57,64,,False,True,,462,56.69694568066818
41,2026-09-19T05:45:43.627+00:00,2026-09-19T05:47:23.147+00:00,2026-09-19T05:47:29.293+00:00,True,64,64.0,,64.0,99519.134745,105665.59311300001,105665.59308400001,1651.0248919375001,47.233618,99519.134745,12427.711518873524,113.9793288,97.56283123809524,19.48313471043596,0.6056843870791285,57,64,,False,True,,356,56.69694568066818
42,2026-09-19T05:45:44.120+00:00,2026-09-19T05:47:26.138+00:00,2026-09-19T05:47:31.152+00:00,True,53,53.0,,53.0,102017.772115,107032.197203,107032.197125,2019.4754174528302,45.376863,102017.772115,13999.985347476972,109.5381608,96.4312516923077,18.881647608791635,0.49517809953465536,57,64,,True,True,,188,56.69694568066818
43,2026-09-19T05:45:44.770+00:00,2026-09-19T05:47:29.707+00:00,2026-09-19T05:47:30.735+00:00,True,12,12.0,,12.0,104937.395414,105965.529302,105965.52944299999,8830.460786916667,52.060247000000004,104937.395414,30265.841514758424,47280.84097775,93.4667170909091,20.465737525983478,0.11324437370383156,57,64,,True,True,,43,56.69694568066818
44,2026-09-19T05:45:45.354+00:00,2026-09-19T05:47:33.043+00:00,2026-09-19T05:47:36.445+00:00,True,35,35.0,,35.0,107689.097167,111091.213007,111091.213217,3174.034663342857,47.706187,107689.097167,18185.87385645583,114.2250858,100.0622305882353,17.01954332612344,0.31505642122923444,57,64,,True,True,,158,56.69694568066818
45,2026-09-19T05:45:46.023+00:00,2026-09-19T05:47:36.545+00:00,2026-09-19T05:47:39.749+00:00,True,35,35.0,,35.0,110522.78160799999,113726.94339999999,113726.94338499999,3249.341239571428,44.387045,110522.78160799999,18665.844199390853,110.4299964,94.24005270588235,23.081818056317804,0.30775468814718887,57,64,,True,True,,153,56.69694568066818
46,2026-09-19T05:45:46.642+00:00,2026-09-19T05:47:39.636+00:00,2026-09-19T05:47:48.329+00:00,True,87,87.0,,87.0,112994.503876,121687.1449,121687.145048,1398.7028166436783,50.400349999999996,112994.503876,12103.45375144292,111.63029769999999,101.07722120930232,13.971237959857126,0.714948157190267,57,64,,True,True,,300,56.69694568066818
47,2026-09-19T05:45:47.368+00:00,2026-09-19T05:47:43.864+00:00,2026-09-19T05:47:53.196+00:00,True,94,94.0,,94.0,116496.260948,125828.583764,125828.583782,1338.6019551276595,45.990661,116496.260948,12005.331096037155,110.69899635000002,100.34755716129031,15.017054852912974,0.7470480648204969,57,64,,True,True,,391,56.69694568066818
48,2026-09-19T05:45:47.963+00:00,2026-09-19T05:47:46.762+00:00,2026-09-19T05:47:48.696+00:00,True,20,20.0,,20.0,118799.221164,120733.491884,120733.491809,6036.67459045,50.362961000000006,118799.221164,26541.552594206638,6046.58121595,101.80372210526316,13.34422679745044,0.16565411707975677,57,64,,True,True,,91,56.69694568066818
49,2026-09-19T05:45:48.603+00:00,2026-09-19T05:47:50.543+00:00,2026-09-19T05:48:00.053+00:00,True,97,97.0,,97.0,121939.900922,131450.134266,131450.134407,1355.156024814433,46.325271,121939.900922,12371.071758165675,110.39801820000001,99.06493066666667,15.166744057432034,0.7379224109707839,57,64,,True,True,,336,56.69694568066818
50,2026-09-19T05:45:49.319+00:00,2026-09-19T05:47:53.897+00:00,2026-09-19T05:47:54.152+00:00,True,4,4.0,,4.0,124577.79324500001,124832.86447700001,124832.864453,31208.21611325,51.968468,124577.79324500001,62246.38918985786,105906.8010992,85.023744,28.77959541651745,0.032042843979895895,57,64,,True,True,,16,56.69694568066818
51,2026-09-19T05:45:49.804+00:00,2026-09-19T05:47:56.096+00:00,2026-09-19T05:48:03.483+00:00,True,75,75.0,,75.0,126292.242565,133679.003781,133679.003841,1782.3867178799999,45.538082,126292.242565,14571.453555907907,110.2765334,99.82109751351352,15.23349944665518,0.5610454736995868,57,64,,True,True,,312,56.69694568066818
52,2026-09-19T05:45:50.265+00:00,2026-09-19T05:47:59.219+00:00,2026-09-19T05:48:02.752+00:00,True,36,36.0,,36.0,128953.93302699999,132487.093987,132487.093918,3680.1970532777777,48.140246,128953.93302699999,21475.50162722709,109.64640924999999,100.947456,13.351405761296245,0.27172458023369744,57,64,,True,True,,173,56.69694568066818
53,2026-09-19T05:45:50.856+00:00,2026-09-19T05:48:02.177+00:00,2026-09-19T05:48:11.218+00:00,True,92,92.0,,92.0,131321.598872,140362.11036,140362.110346,1525.6751124565217,45.709802,131321.598872,13680.878023334912,112.43569254999998,99.34628008791208,18.572539707749264,0.6554475403941911,57,64,,True,True,,388,56.69694568066818
54,2026-09-19T05:45:51.500+00:00,2026-09-19T05:48:05.554+00:00,2026-09-19T05:48:12.993+00:00,True,74,74.0,,74.0,134054.40483400002,141492.875746,141492.87581700002,1912.0658894189191,50.244551,134054.40483400002,15571.668888046,111.55013015,101.89686180821919,13.915506610358404,0.5229945296527905,57,64,,True,True,,274,56.69694568066818
55,2026-09-19T05:45:52.210+00:00,2026-09-19T05:48:07.714+00:00,2026-09-19T05:48:17.540+00:00,True,98,98.0,,98.0,135503.165954,145329.825538,145329.825559,1482.9574036632653,46.05843,135503.165954,13677.661636944755,112.40329285,101.30576890721649,15.125114809015274,0.6743282023301922,57,64,,True,True,,364,56.69694568066818
56,2026-09-19T05:45:52.690+00:00,2026-09-19T05:48:12.160+00:00,2026-09-19T05:48:16.475+00:00,True,44,44.0,,44.0,139469.971956,143784.923636,143784.923731,3267.839175704545,45.604132,139469.971956,21010.766026980134,111.226015,100.3477134883721,14.110445394145229,0.30601261166566107,57,64,,True,True,,197,56.69694568066818
57,2026-09-19T05:45:53.109+00:00,2026-09-19T05:48:14.384+00:00,2026-09-19T05:48:23.626+00:00,True,93,93.0,,93.0,141275.067692,150517.205036,150517.20502800003,1618.4645701935485,44.176176,141275.067692,14639.133795684467,110.557037,100.45801460869566,16.0657433911201,0.617869564995953,57,64,,True,True,,350,56.69694568066818
58,2026-09-19T05:45:53.735+00:00,2026-09-19T05:48:17.802+00:00,2026-09-19T05:48:20.878+00:00,True,31,31.0,,31.0,144066.430613,147142.559381,147142.559343,4746.534172354839,50.195161,144066.430613,25856.682414931838,113.175093,102.5376256,14.506606137935007,0.2106800379877239,57,64,,True,True,,116,56.69694568066818
59,2026-09-19T05:45:54.349+00:00,2026-09-19T05:48:21.442+00:00,2026-09-19T05:48:23.315+00:00,True,20,20.0,,20.0,147092.761493,148965.549205,148965.549272,7448.2774635999995,44.149726,147092.761493,32868.905992892476,7458.7243981,98.56777431578948,18.71653161537325,0.13425923045117538,57,64,,True,True,,78,56.69694568066818
60,2026-09-19T05:45:54.924+00:00,2026-09-19T05:48:24.464+00:00,2026-09-19T05:48:27.744+00:00,True,34,34.0,,34.0,149540.247307,152820.826379,152820.82636500002,4494.730187205882,46.348451000000004,149540.247307,25628.89900128176,113.7616428,99.41148703030304,19.366722423727953,0.2224827649843944,57,64,,True,True,,103,56.69694568066818
61,2026-09-19T05:45:55.550+00:00,2026-09-19T05:48:28.062+00:00,2026-09-19T05:48:30.355+00:00,True,25,25.0,,25.0,152512.066314,154804.967946,154804.96784199998,6192.19871368,48.589946000000005,152512.066314,30483.31250561445,112.3572414,95.537568,20.7308644162601,0.16149352525120933,57,64,,True,True,,158,56.69694568066818
62,2026-09-19T05:45:56.000+00:00,2026-09-19T05:48:30.452+00:00,2026-09-19T05:48:31.819+00:00,True,15,15.0,,15.0,154452.269831,155819.27757500001,155819.277485,10387.951832333334,49.901892,154452.269831,39854.198030839,46414.50921910001,97.64341028571428,20.42509584505503,0.09626536737586976,57,64,,True,True,,46,56.69694568066818
63,2026-09-19T05:45:56.536+00:00,2026-09-19T05:48:32.986+00:00,2026-09-19T05:48:34.629+00:00,True,17,17.0,,17.0,156450.295359,158092.88607900002,158092.88597200002,9299.581527764707,49.628663,156450.295359,37919.873577297185,31380.431475,102.66192,14.437288572825578,0.10753172025403467,57,64,,True,True,,38,56.69694568066818
64,2026-09-19T05:45:57.088+00:00,2026-09-19T05:48:36.106+00:00,2026-09-19T05:48:37.826+00:00,True,19,19.0,,19.0,159017.87063299998,160737.72061699998,160737.720587,8459.880030894736,46.163671,159017.87063299998,36459.28932344585,16006.5023576,95.54722133333333,24.648759685084222,0.11820498590540868,57,64,,True,True,,74,56.69694568066818
65,2026-09-19T05:45:57.549+00:00,2026-09-19T05:48:38.800+00:00,2026-09-19T05:48:48.755+00:00,True,100,100.0,,100.0,161250.563619,171205.571363,171205.57112799998,1712.05571128,43.195368,161250.563619,16115.00800442769,111.25420945,100.55563377777777,15.31691959937034,0.5840931413848338,57,64,,True,True,,233,56.69694568066818
66,2026-09-19T05:45:57.979+00:00,2026-09-19T05:48:40.784+00:00,2026-09-19T05:48:41.109+00:00,True,4,4.0,,4.0,162804.517154,163130.355234,163130.355347,40782.58883675,107.243058,162804.517154,81347.95223328771,138400.5308276,108.61269333333333,2.3057302137460347,0.02452026782055527,57,64,,True,True,,10,56.69694568066818
67,2026-09-19T05:45:58.469+00:00,2026-09-19T05:48:43.473+00:00,2026-09-19T05:48:43.473+00:00,True,1,1.0,,1.0,165003.629588,165003.629588,165003.629588,165003.629588,165003.629588,165003.629588,nan,165003.629588,nan,nan,0.006060472745338479,57,64,,True,True,,3,56.69694568066818
68,2026-09-19T05:45:58.980+00:00,2026-09-19T05:48:46.523+00:00,2026-09-19T05:48:51.263+00:00,True,49,49.0,,49.0,167543.170843,172283.59170699999,172283.591701,3515.991667367347,47.199569000000004,167543.170843,23920.636043178903,110.68638620000002,98.758768,16.756528625055367,0.2844147809695861,57,64,,True,True,,72,56.69694568066818
69,2026-09-19T05:45:59.631+00:00,2026-09-19T05:48:49.744+00:00,2026-09-19T05:48:57.686+00:00,True,79,79.0,,79.0,170112.923862,178054.40943,178054.409529,2253.853285177215,47.135358999999994,170112.923862,19127.74938351653,112.81536690000001,101.81391753846154,14.060389972345053,0.4436846032226903,57,64,,True,True,,357,56.69694568066818
70,2026-09-19T05:46:00.219+00:00,2026-09-19T05:48:53.159+00:00,2026-09-19T05:49:01.212+00:00,True,82,82.0,,82.0,172940.678775,180993.07736700002,180993.077442,2207.2326517317074,47.710038,172940.678775,19087.1318237174,111.36507304999999,99.4123282962963,16.4503362361515,0.4530560018808258,57,64,,True,True,,451,56.69694568066818
71,2026-09-19T05:46:00.765+00:00,2026-09-19T05:48:55.504+00:00,2026-09-19T05:49:01.776+00:00,True,65,65.0,,65.0,174738.798073,181011.403001,181011.403047,2784.7908161076925,47.321979,174738.798073,21661.531319346384,111.285594,98.009452,18.112762108001867,0.3590933992133131,57,64,,True,True,,131,56.69694568066818
72,2026-09-19T05:46:01.424+00:00,2026-09-19T05:48:59.401+00:00,2026-09-19T05:49:07.395+00:00,True,81,81.0,,81.0,177976.448111,185970.28823900002,185970.288175,2295.9294836419754,46.342361,177976.448111,19764.06552751855,111.767737,99.92300159999999,16.955280511624604,0.4355534465586391,57,64,,True,True,,346,56.69694568066818
73,2026-09-19T05:46:01.824+00:00,2026-09-19T05:49:01.408+00:00,2026-09-19T05:49:09.553+00:00,True,82,82.0,,82.0,179584.04297,187728.538074,187728.538208,2289.3724171707318,45.533362999999994,179584.04297,19820.64428605366,113.29026905,100.54932227160494,18.11678291702653,0.4368009299027127,57,64,,True,True,,374,56.69694568066818
74,2026-09-19T05:46:02.438+00:00,2026-09-19T05:49:05.222+00:00,2026-09-19T05:49:05.222+00:00,True,1,1.0,,1.0,182783.582149,182783.582149,182783.582149,182783.582149,182783.582149,182783.582149,nan,182783.582149,nan,nan,0.005470950882146671,57,64,,True,True,,7,56.69694568066818
75,2026-09-19T05:46:03.020+00:00,2026-09-19T05:49:08.200+00:00,2026-09-19T05:49:08.423+00:00,True,3,3.0,,3.0,185179.202327,185402.546199,185402.546102,61800.84870066667,109.278363,185179.202327,106848.78854431331,166672.6886355,111.671936,3.3848805635602566,0.016181007550888644,57,64,,True,True,,22,56.69694568066818
76,2026-09-19T05:46:03.572+00:00,2026-09-19T05:49:11.426+00:00,2026-09-19T05:49:16.112+00:00,True,47,47.0,,47.0,187853.925992,192540.054632,192540.05468600002,4096.596908212766,45.980581,187853.925992,27386.45579436516,113.4704296,101.87236173913044,15.12911381087118,0.2441050517505599,57,64,,True,True,,216,56.69694568066818
77,2026-09-19T05:46:04.047+00:00,2026-09-19T05:49:13.756+00:00,2026-09-19T05:49:23.526+00:00,True,99,99.0,,99.0,189709.128565,199478.89803699998,199478.898012,2014.9383637575756,47.447139,189709.128565,19056.47394587777,111.268409,99.6915252244898,18.102444675293583,0.4962930965341365,57,64,,True,True,,245,56.69694568066818
78,2026-09-19T05:46:04.473+00:00,2026-09-19T05:49:16.226+00:00,2026-09-19T05:49:23.745+00:00,True,77,77.0,,77.0,191752.489299,199271.871315,199271.871229,2587.9463795974025,44.109676,191752.489299,21840.957171991504,112.07484579999999,98.93923705263157,18.96586592714145,0.3864067692638961,57,64,,True,True,,338,56.69694568066818
79,2026-09-19T05:46:05.047+00:00,2026-09-19T05:49:19.352+00:00,2026-09-19T05:49:20.167+00:00,True,10,10.0,,10.0,194304.781111,195119.696439,195119.69667399998,19511.9696674,47.767457,194304.781111,61415.93716127357,106915.38811105,90.54614755555555,22.04974237061036,0.051250592239037676,57,64,,True,True,,37,56.69694568066818
80,2026-09-19T05:46:05.718+00:00,2026-09-19T05:49:23.151+00:00,2026-09-19T05:49:23.262+00:00,True,2,2.0,,2.0,197432.93110699998,197543.24816299998,197543.24817699997,98771.62408849999,110.31707,197432.93110699998,139528.1584670185,187566.80040515,110.317056,nan,0.010124365264813954,57,64,,True,True,,5,56.69694568066818
81,2026-09-19T05:46:06.152+00:00,2026-09-19T05:49:25.549+00:00,2026-09-19T05:49:27.736+00:00,True,22,22.0,,22.0,199397.75759400002,201584.62351400004,201584.62340900002,9162.93742768182,52.111678,199397.75759400002,42489.544495029375,114.85147735000001,104.13647238095238,12.336910208495086,0.10913530812270561,57,64,,True,True,,86,56.69694568066818
82,2026-09-19T05:46:06.854+00:00,2026-09-19T05:49:29.585+00:00,2026-09-19T05:49:30.227+00:00,True,7,7.0,,7.0,202731.329225,203373.199049,203373.199065,29053.314152142855,102.49032799999999,202731.329225,76584.80608865018,141945.7462343,106.978304,3.7119233051387255,0.034419481193849175,57,64,,True,True,,25,56.69694568066818
83,2026-09-19T05:46:07.478+00:00,2026-09-19T05:49:33.199+00:00,2026-09-19T05:49:42.884+00:00,True,97,97.0,,97.0,205720.938408,215406.35332,215406.35340899997,2220.6840557628866,42.39446,205720.938408,20877.559086184607,113.5638608,100.88973866666667,16.300527468581237,0.4503116946411523,57,64,,True,True,,403,56.69694568066818
84,2026-09-19T05:46:08.030+00:00,2026-09-19T05:49:36.613+00:00,2026-09-19T05:49:41.460+00:00,True,51,51.0,,51.0,208583.248291,213429.634979,213429.635006,4184.894804039215,46.261413,208583.248291,29193.929829480607,109.493655,96.92773376000001,18.23769955746205,0.2389546325420931,57,64,,True,True,,308,56.69694568066818
85,2026-09-19T05:46:08.594+00:00,2026-09-19T05:49:39.691+00:00,2026-09-19T05:49:43.737+00:00,True,43,43.0,,43.0,211097.153762,215143.460322,215143.460265,5003.336285232558,48.716028,211097.153762,32177.328823047657,110.86470600000001,96.34063238095239,20.671014711529388,0.1998666375247611,57,64,,True,True,,133,56.69694568066818
86,2026-09-19T05:46:09.320+00:00,2026-09-19T05:49:43.520+00:00,2026-09-19T05:49:46.749+00:00,True,34,34.0,,34.0,214199.852257,217428.25878499998,217428.258734,6394.948786294118,45.815455,214199.852257,36718.199658102974,112.71100025,97.83050084848485,21.049131221238177,0.15637341801840157,57,64,,True,True,,121,56.69694568066818
87,2026-09-19T05:46:09.800+00:00,2026-09-19T05:49:46.205+00:00,2026-09-19T05:49:47.541+00:00,True,16,16.0,,16.0,216405.279733,217741.235189,217741.23504600002,13608.827190375001,44.313478,216405.279733,54079.06215669012,54187.202752749996,89.06369706666666,30.723133604820287,0.07348171781110709,57,64,,True,True,,78,56.69694568066818
88,2026-09-19T05:46:10.399+00:00,2026-09-19T05:49:49.048+00:00,2026-09-19T05:49:57.604+00:00,True,88,88.0,,88.0,218648.38207300002,227204.08101700002,227204.08100500001,2581.8645568750003,45.025735999999995,218648.38207300002,23297.519039210954,110.2607685,98.3413671724138,17.396179016973672,0.38731698658799885,57,64,,True,True,,407,56.69694568066818
89,2026-09-19T05:46:10.957+00:00,2026-09-19T05:49:51.816+00:00,2026-09-19T05:49:58.871+00:00,True,72,72.0,,72.0,220859.28345,227914.44428199998,227914.444246,3165.478392305555,47.022252,220859.28345,26016.811091553624,112.68927425,99.36846242253522,17.20366962003291,0.3159080163910715,57,64,,True,True,,302,56.69694568066818
90,2026-09-19T05:46:11.577+00:00,2026-09-19T05:49:55.437+00:00,2026-09-19T05:49:56.600+00:00,True,12,12.0,,12.0,223859.98717699997,225022.60272899998,225022.60275099997,18751.88356258333,99.151933,223859.98717699997,64592.301299408544,100798.49880024999,105.6923229090909,4.074267105947018,0.05332797618758273,57,64,,True,True,,49,56.69694568066818
91,2026-09-19T05:46:12.067+00:00,2026-09-19T05:49:57.445+00:00,2026-09-19T05:50:03.282+00:00,True,61,61.0,,61.0,225378.64988299998,231214.84981899997,231214.84987599996,3790.407375016393,46.206644999999995,225378.64988299998,28844.332640285134,113.998578,97.26999893333334,21.189108132658735,0.26382388522083305,57,64,,True,True,,218,56.69694568066818
92,2026-09-19T05:46:12.646+00:00,2026-09-19T05:50:01.418+00:00,2026-09-19T05:50:10.826+00:00,True,100,100.0,,100.0,228772.795094,238180.15407,238180.154113,2381.80154113,43.63782,228772.795094,22867.786457119117,111.34354409999997,95.02382804040404,20.762786558755547,0.4198502616242766,57,64,,True,True,,369,56.69694568066818
93,2026-09-19T05:46:13.222+00:00,2026-09-19T05:50:04.424+00:00,2026-09-19T05:50:09.857+00:00,True,59,59.0,,59.0,231202.129187,236635.782947,236635.782894,4010.7759812542376,47.7125,231202.129187,30087.763979316253,109.73213240000001,93.68368551724137,20.910399386983045,0.24932831064359529,57,64,,True,True,,236,56.69694568066818
94,2026-09-19T05:46:13.951+00:00,2026-09-19T05:50:09.195+00:00,2026-09-19T05:50:09.195+00:00,True,1,1.0,,1.0,235243.595711,235243.595711,235243.595711,235243.595711,235243.595711,235243.595711,nan,235243.595711,nan,nan,0.004250912748453793,57,64,,True,True,,3,56.69694568066818
95,2026-09-19T05:46:14.530+00:00,2026-09-19T05:50:12.040+00:00,2026-09-19T05:50:12.571+00:00,True,6,6.0,,6.0,237510.073558,238040.424406,238040.424347,39673.40405783334,100.332518,237510.073558,96919.7785833041,178159.71296600002,106.0701696,3.3347209112675085,0.0252058028167789,57,64,,True,True,,30,56.69694568066818
96,2026-09-19T05:46:15.133+00:00,2026-09-19T05:50:15.113+00:00,2026-09-19T05:50:23.461+00:00,True,87,87.0,,87.0,239980.815656,248328.83152799998,248328.831525,2854.3543853448273,47.323370000000004,239980.815656,25718.244246780294,113.54156160000002,97.069952,19.3295454444903,0.350341921494486,57,64,,True,True,,409,56.69694568066818
97,2026-09-19T05:46:15.643+00:00,2026-09-19T05:50:18.622+00:00,2026-09-19T05:50:19.155+00:00,True,7,7.0,,7.0,242979.082466,243512.51555399998,243512.515608,34787.502229714286,45.106436,242979.082466,91803.86198714444,170119.47244729998,88.90551466666668,30.63660590653482,0.028745955763607226,57,64,,True,True,,35,56.69694568066818
98,2026-09-19T05:46:16.186+00:00,2026-09-19T05:50:21.330+00:00,2026-09-19T05:50:29.886+00:00,True,89,89.0,,89.0,245144.077285,253699.810533,253699.810456,2850.559668044944,46.159694,245144.077285,25974.920247016802,110.1469964,97.22424145454545,17.41868175648192,0.3508083029822497,57,64,,True,True,,361,56.69694568066818
99,2026-09-19T05:46:16.838+00:00,2026-09-19T05:50:24.436+00:00,2026-09-19T05:50:24.940+00:00,True,6,6.0,,6.0,247598.853401,248102.360345,248102.360371,41350.39339516667,95.31086900000001,247598.853401,101040.6975275246,185725.55657975,100.7013888,4.430382327828966,0.0241835667812941,57,64,,True,True,,30,56.69694568066818
100,2026-09-19T05:46:17.511+00:00,2026-09-19T05:50:28.089+00:00,2026-09-19T05:50:31.242+00:00,True,31,31.0,,31.0,250578.03307,253731.155118,253731.15494,8184.875965806452,89.80571400000001,250578.03307,44986.26629553019,111.11471900000001,105.10406826666667,4.642632474322707,0.12217656119361127,57,64,,True,True,,147,56.69694568066818
101,2026-09-19T05:46:17.979+00:00,2026-09-19T05:50:30.410+00:00,2026-09-19T05:50:30.410+00:00,True,1,1.0,,1.0,252430.547747,252430.547747,252430.547747,252430.547747,252430.547747,252430.547747,nan,252430.547747,nan,nan,0.003961485679626445,57,64,,True,True,,3,56.69694568066818
102,2026-09-19T05:46:18.649+00:00,2026-09-19T05:50:33.807+00:00,2026-09-19T05:50:38.956+00:00,True,52,52.0,,52.0,255157.36069600002,260306.183736,260306.183691,5005.888147903846,49.096796999999995,255157.36069600002,35369.96308330476,112.63587054999999,100.95731450980392,16.628473547669405,0.19976475108535224,57,64,,True,True,,265,56.69694568066818
103,2026-09-19T05:46:19.208+00:00,2026-09-19T05:50:36.738+00:00,2026-09-19T05:50:42.731+00:00,True,61,61.0,,61.0,257530.391718,263523.294118,263523.294079,4320.054001295082,44.626817,257530.391718,32960.605249255,115.89896300000001,99.88170666666667,19.968247165707716,0.2314785878954804,57,64,,True,True,,263,56.69694568066818
104,2026-09-19T05:46:19.626+00:00,2026-09-19T05:50:38.953+00:00,2026-09-19T05:50:47.548+00:00,True,88,88.0,,88.0,259326.851493,267922.169765,267922.169918,3044.5701127045454,42.670102,259326.851493,27633.809143743943,113.4341015,98.79676174712642,17.78884624166739,0.3284535955990003,57,64,,True,True,,323,56.69694568066818
105,2026-09-19T05:46:20.236+00:00,2026-09-19T05:50:42.728+00:00,2026-09-19T05:50:49.685+00:00,True,73,73.0,,73.0,262492.027361,269448.276449,269448.276628,3691.072282575343,44.495318,262492.027361,30711.06621720789,111.11517660000001,96.61457066666667,19.469196532046478,0.2709239820051962,57,64,,True,True,,261,56.69694568066818
106,2026-09-19T05:46:20.751+00:00,2026-09-19T05:50:45.177+00:00,2026-09-19T05:50:49.164+00:00,True,43,43.0,,43.0,264426.15615,268413.126006,268413.125851,6242.165717465116,45.985155,264426.15615,40310.139483146355,111.6792575,94.92785371428572,20.468812205001637,0.1602008092519246,57,64,,True,True,,203,56.69694568066818
107,2026-09-19T05:46:21.395+00:00,2026-09-19T05:50:48.690+00:00,2026-09-19T05:50:50.427+00:00,True,19,19.0,,19.0,267295.102888,269032.26026400004,269032.26024200005,14159.592644315791,46.282634,267295.102888,61299.5654024911,26834.6705107,96.5087431111111,22.31861174128043,0.07062350062165552,57,64,,True,True,,104,56.69694568066818
108,2026-09-19T05:46:22.772+00:00,2026-09-19T05:50:51.950+00:00,2026-09-19T05:51:01.026+00:00,True,94,94.0,,94.0,269178.361375,278254.045727,278254.04563799995,2960.149421680851,43.78189,269178.361375,27753.568554342153,109.69855365,97.58800378494624,18.183639172373567,0.3378207844360512,57,64,,True,True,,428,56.69694568066818
109,2026-09-19T05:46:22.802+00:00,2026-09-19T05:50:54.652+00:00,2026-09-19T05:51:02.872+00:00,True,84,84.0,,84.0,271849.91809500003,280069.45908700005,280069.459183,3334.160228369048,44.259529,271849.91809500003,29650.457895975705,110.99651515000001,99.03061436144579,17.71493680642619,0.29992559800640906,57,64,,True,True,,337,56.69694568066818
110,2026-09-19T05:46:23.132+00:00,2026-09-19T05:50:58.228+00:00,2026-09-19T05:51:03.409+00:00,True,53,53.0,,53.0,275096.306367,280277.14502299996,280277.144958,5288.248018075471,45.892154999999995,275096.306367,37773.702289341294,112.8043826,99.63151261538461,17.436876332353286,0.1890985438561205,57,64,,True,True,,295,56.69694568066818
111,2026-09-19T05:46:23.828+00:00,2026-09-19T05:51:01.661+00:00,2026-09-19T05:51:05.108+00:00,True,34,34.0,,34.0,277832.458913,281279.273889,281279.273943,8272.919821852942,48.518899,277832.458913,47629.961977298204,114.44650159999999,104.44893866666668,10.914009213951518,0.12087630748583796,57,64,,True,True,,43,56.69694568066818
112,2026-09-19T05:46:24.488+00:00,2026-09-19T05:51:05.112+00:00,2026-09-19T05:51:07.815+00:00,True,31,31.0,,31.0,280623.994239,283327.780991,283327.781005,9139.605838870968,48.06712,280623.994239,50385.376095734864,112.24398799999999,90.12622506666666,25.01457176217701,0.1094139088358043,57,64,,True,True,,180,56.69694568066818
113,2026-09-19T05:46:25.153+00:00,2026-09-19T05:51:09.318+00:00,2026-09-19T05:51:13.441+00:00,True,42,42.0,,42.0,284165.117126,288287.596742,288287.596726,6863.990398238096,45.454506,284165.117126,43832.11709780545,111.00418005,100.54828331707317,15.047154576416416,0.14568784947618632,57,64,,True,True,,180,56.69694568066818
114,2026-09-19T05:46:25.674+00:00,2026-09-19T05:51:11.825+00:00,2026-09-19T05:51:19.777+00:00,True,81,81.0,,81.0,286151.797525,294103.354133,294103.354209,3630.9056075185185,45.356196000000004,286151.797525,31783.605048644476,111.063025,99.3944576,17.408558169820154,0.275413383974431,57,64,,True,True,,386,56.69694568066818
115,2026-09-19T05:46:26.326+00:00,2026-09-19T05:51:15.102+00:00,2026-09-19T05:51:19.681+00:00,True,46,46.0,,46.0,288776.435816,293354.58570399997,293354.58569,6377.273601956522,46.187944,288776.435816,42562.76484421006,112.42541625,101.73666417777778,14.778891115913423,0.15680682096585605,57,64,,True,True,,225,56.69694568066818
116,2026-09-19T05:46:26.720+00:00,2026-09-19T05:51:17.303+00:00,2026-09-19T05:51:26.828+00:00,False,96,95.0,,95.0,290582.332623,300108.072655,300108.072584,3126.1257560833337,0.02028,290582.332623,29647.20793420805,114.35864025,100.27094770526315,19.980223989090618,0.31655263105571524,57,64,,True,False,Request timeout: 300.0s exceeded,392,56.69694568066818
117,2026-09-19T05:46:27.126+00:00,2026-09-19T05:51:19.263+00:00,2026-09-19T05:51:26.403+00:00,True,72,72.0,,72.0,292136.509396,299277.37621200003,299277.3762,4156.630225,44.539838,292136.509396,34416.76946456574,115.74348599999999,100.57558895774648,17.93457449692041,0.24057949488636635,57,64,,True,True,,250,56.69694568066818
118,2026-09-19T05:46:27.650+00:00,2026-09-19T05:51:22.312+00:00,2026-09-19T05:51:27.676+00:00,False,56,55.0,,55.0,294662.644247,300026.09051899996,300026.09035,5357.60875625,0.037630000000000004,294662.644247,39362.92845413256,114.18211275000002,97.51720494545455,24.710384898124037,0.18331739051379925,57,64,,True,False,Request timeout: 300.0s exceeded,271,56.69694568066818
119,2026-09-19T05:46:28.061+00:00,2026-09-19T05:51:24.922+00:00,2026-09-19T05:51:28.089+00:00,False,33,32.0,,32.0,296861.245123,300028.232387,300028.232406,9091.764618363637,0.047740000000000005,296861.245123,51659.686496679795,112.58231620000001,98.968352,23.04719705692024,0.10665662942920613,57,64,,True,False,Request timeout: 300.0s exceeded,146,56.69694568066818
120,2026-09-19T05:46:28.695+00:00,2026-09-19T05:51:28.197+00:00,2026-09-19T05:51:29.491+00:00,False,14,13.0,,13.0,299502.041316,300795.496932,300795.496738,21485.392624142856,0.02137,299502.041316,80018.70120039814,104902.4613126,99.49658584615383,30.19867061081926,0.04321873210402107,57,64,,True,False,Request timeout: 300.0s exceeded,56,56.69694568066818
121,2026-09-19T05:46:29.313+00:00,2026-09-19T05:51:29.604+00:00,2026-09-19T05:51:29.604+00:00,False,1,0.0,,0.0,300291.16725700005,300291.16725700005,300291.16725700005,300291.16725700005,300291.16725700005,300291.16725700005,nan,300291.16725700005,nan,nan,0.0,57,64,,True,False,TTFT timeout: 300.0s exceeded (TTFT: 300.004s),0,56.69694568066818
122,2026-09-19T05:46:29.976+00:00,2026-09-19T05:51:30.026+00:00,2026-09-19T05:51:30.026+00:00,False,1,0.0,,0.0,300050.797682,300050.797682,300050.797682,300050.797682,300050.797682,300050.797682,nan,300050.797682,nan,nan,0.0,57,64,,True,False,"HTTPConnectionPool(host='gpu03', port=9002): Read timed out.",0,56.69694568066818
123,2026-09-19T05:46:30.406+00:00,2026-09-19T05:51:30.447+00:00,2026-09-19T05:51:30.447+00:00,False,1,0.0,,0.0,300040.98376599996,300040.98376599996,300040.98376599996,300040.98376599996,300040.98376599996,300040.98376599996,nan,300040.98376599996,nan,nan,0.0,57,64,,True,False,TTFT timeout: 300.0s exceeded (TTFT: 300.036s),0,56.69694568066818
124,2026-09-19T05:46:31.011+00:00,2026-09-19T05:51:30.986+00:00,2026-09-19T05:51:31.096+00:00,False,3,2.0,,2.0,299975.06466900004,300085.491549,300085.49150600005,100028.49716866668,0.039420000000000004,299975.06466900004,173158.81564489903,269988.59694380005,55.21344,78.02784171779014,0.006664767395705387,57,64,,True,False,Request timeout: 300.0s exceeded,4,56.69694568066818
125,2026-09-19T05:46:31.633+00:00,2026-09-19T05:51:31.309+00:00,2026-09-19T05:51:31.741+00:00,False,7,6.0,,6.0,299675.907908,300107.46554,300107.465588,42872.495084,0.03735,299675.907908,113239.66888755227,209809.1980748,71.926272,46.2186625889266,0.019992838196157055,57,64,,True,False,Request timeout: 300.0s exceeded,23,56.69694568066818
126,2026-09-19T05:46:32.027+00:00,2026-09-19T05:51:32.134+00:00,2026-09-19T05:51:32.134+00:00,False,1,0.0,,0.0,300107.19937800005,300107.19937800005,300107.19937800005,300107.19937800005,300107.19937800005,300107.19937800005,nan,300107.19937800005,nan,nan,0.0,57,64,,True,False,"HTTPConnectionPool(host='gpu03', port=9002): Read timed out.",0,56.69694568066818
127,2026-09-19T05:46:32.692+00:00,2026-09-19T05:51:32.667+00:00,2026-09-19T05:51:32.777+00:00,False,3,2.0,,2.0,299974.852486,300085.135494,300085.135723,100028.37857433333,0.038340000000000006,299974.852486,173158.73457222103,269988.3917271,55.141504,77.92791904432711,0.0066647753035404475,57,64,,True,False,Request timeout: 300.0s exceeded,4,56.69694568066818
128,2026-09-19T05:46:33.120+00:00,2026-09-19T05:51:33.024+00:00,2026-09-19T05:51:33.141+00:00,False,3,2.0,,2.0,299903.93544,300021.247696,300021.24773099995,100007.082577,0.03864,299903.93544,173115.7626399481,269925.2692611,58.656128,82.89762389442515,0.006666194529083898,57,64,,True,False,Request timeout: 300.0s exceeded,10,56.69694568066818
129,2026-09-19T05:46:33.806+00:00,2026-09-19T05:51:33.912+00:00,2026-09-19T05:51:33.912+00:00,False,1,0.0,,0.0,300106.68547,300106.68547,300106.68547,300106.68547,300106.68547,300106.68547,nan,300106.68547,nan,nan,0.0,57,64,,True,False,"HTTPConnectionPool(host='gpu03', port=9002): Read timed out.",0,56.69694568066818
130,2026-09-19T05:46:34.504+00:00,2026-09-19T05:51:34.407+00:00,2026-09-19T05:51:34.550+00:00,False,3,2.0,,2.0,299902.71619300003,300045.58697700006,300045.58710500004,100015.19570166667,0.04258,299902.71619300003,173107.68536686248,269926.7274069,71.435392,100.96480178029188,0.006665653776648644,57,64,,True,False,Request timeout: 300.0s exceeded,5,56.69694568066818
131,2026-09-19T05:46:35.178+00:00,2026-09-19T05:51:35.285+00:00,2026-09-19T05:51:35.285+00:00,False,1,0.0,,0.0,300107.024897,300107.024897,300107.024897,300107.024897,300107.024897,300107.024897,nan,300107.024897,nan,nan,0.0,57,64,,True,False,"HTTPConnectionPool(host='gpu03', port=9002): Read timed out.",0,56.69694568066818
132,2026-09-19T05:46:35.598+00:00,2026-09-19T05:51:35.614+00:00,2026-09-19T05:51:35.751+00:00,False,3,2.0,,2.0,300015.839028,300153.043764,300153.043773,100051.014591,0.063459,300015.839028,173174.6313888753,270027.9692538,68.602368,96.92861364586207,0.006663267428240811,57,64,,True,False,Request timeout: 300.0s exceeded,4,56.69694568066818
133,2026-09-19T05:46:36.012+00:00,2026-09-19T05:51:35.892+00:00,2026-09-19T05:51:36.151+00:00,False,4,3.0,,3.0,299880.20848000003,300139.115104,300139.115216,75034.778804,0.048920000000000005,299880.20848000003,149896.96568415593,254918.85954010003,86.302208,75.17434918226105,0.009995364979204665,57,64,,True,False,Request timeout: 300.0s exceeded,11,56.69694568066818
134,2026-09-19T05:46:36.460+00:00,2026-09-19T05:51:36.348+00:00,2026-09-19T05:51:36.554+00:00,False,4,3.0,,3.0,299887.724224,300093.851328,300093.851201,75023.46280025,0.07379000000000001,299887.724224,149909.51547234357,254920.08726069998,68.70903466666667,59.44140994670235,0.009996872600768569,57,64,,True,False,Request timeout: 300.0s exceeded,11,56.69694568066818
135,2026-09-19T05:46:37.689+00:00,2026-09-19T05:51:37.184+00:00,2026-09-19T05:51:37.184+00:00,True,1,1.0,,1.0,299494.93493800005,299494.93493800005,299494.93493800005,299494.93493800005,299494.93493800005,299494.93493800005,nan,299494.93493800005,nan,nan,0.0033389546310925596,57,64,,True,True,,3,56.69694568066818
136,2026-09-19T05:46:37.786+00:00,2026-09-19T05:51:37.329+00:00,2026-09-19T05:51:37.898+00:00,False,7,6.0,,6.0,299543.364363,300112.50893899996,300112.508956,42873.215565142855,0.02615,299543.364363,113180.90533972031,209719.20737399996,94.85742933333333,47.26496840231652,0.019992502215959093,57,64,,True,False,Request timeout: 300.0s exceeded,17,56.69694568066818
137,2026-09-19T05:46:38.493+00:00,2026-09-19T05:51:38.575+00:00,2026-09-19T05:51:38.575+00:00,False,1,0.0,,0.0,300081.478593,300081.478593,300081.478593,300081.478593,300081.478593,300081.478593,nan,300081.478593,nan,nan,0.0,57,64,,True,False,"HTTPConnectionPool(host='gpu03', port=9002): Read timed out.",0,56.69694568066818
138,2026-09-19T05:46:38.944+00:00,2026-09-19T05:51:39.355+00:00,2026-09-19T05:51:39.526+00:00,False,5,4.0,,4.0,300411.332049,300581.739217,300581.739438,60116.3478876,0.02206,300411.332049,134328.98248284173,240343.89089700003,42.601792,30.946644566516653,0.013307528296362229,57,64,,True,False,Request timeout: 300.0s exceeded,12,56.69694568066818
139,2026-09-19T05:46:39.587+00:00,2026-09-19T05:51:39.635+00:00,2026-09-19T05:51:39.635+00:00,False,1,0.0,,0.0,300047.789956,300047.789956,300047.789956,300047.789956,300047.789956,300047.789956,nan,300047.789956,nan,nan,0.0,57,64,,True,False,"HTTPConnectionPool(host='gpu03', port=9002): Read timed out.",0,56.69694568066818
140,2026-09-19T05:46:40.020+00:00,2026-09-19T05:51:40.135+00:00,2026-09-19T05:51:40.135+00:00,False,1,0.0,,0.0,300114.611815,300114.611815,300114.611815,300114.611815,300114.611815,300114.611815,nan,300114.611815,nan,nan,0.0,57,64,,True,False,"HTTPConnectionPool(host='gpu03', port=9002): Read timed out.",0,56.69694568066818
141,2026-09-19T05:46:40.529+00:00,2026-09-19T05:51:40.645+00:00,2026-09-19T05:51:40.645+00:00,False,1,0.0,,0.0,300116.696615,300116.696615,300116.696615,300116.696615,300116.696615,300116.696615,nan,300116.696615,nan,nan,0.0,57,64,,True,False,"HTTPConnectionPool(host='gpu03', port=9002): Read timed out.",0,56.69694568066818
142,2026-09-19T05:46:41.204+00:00,2026-09-19T05:51:40.950+00:00,2026-09-19T05:51:41.270+00:00,False,5,4.0,,4.0,299746.43552999996,300065.93837799993,300065.93838699994,60013.18767739999,0.02723,299746.43552999996,134014.9687513388,239823.93725039996,79.875712,56.98028077192834,0.013330403382742856,57,64,,True,False,Request timeout: 300.0s exceeded,14,56.69694568066818
143,2026-09-19T05:46:41.696+00:00,2026-09-19T05:51:41.269+00:00,2026-09-19T05:51:41.722+00:00,False,7,6.0,,6.0,299572.957244,300026.025532,300026.025403,42860.860771857144,0.08151,299572.957244,113199.40073532157,209732.11412840002,75.51138133333333,41.80911641300085,0.01999826511503768,57,64,,True,False,Request timeout: 300.0s exceeded,13,56.69694568066818
144,2026-09-19T05:46:42.349+00:00,2026-09-19T05:51:42.400+00:00,2026-09-19T05:51:42.400+00:00,False,1,0.0,,0.0,300051.61836699996,300051.61836699996,300051.61836699996,300051.61836699996,300051.61836699996,300051.61836699996,nan,300051.61836699996,nan,nan,0.0,57,64,,True,False,TTFT timeout: 300.0s exceeded (TTFT: 300.046s),0,56.69694568066818
145,2026-09-19T05:46:42.922+00:00,2026-09-19T05:51:42.818+00:00,2026-09-19T05:51:43.036+00:00,False,4,3.0,,3.0,299896.245552,300114.754096,300114.754001,75028.68850025,0.03039,299896.245552,149911.71358934848,254928.89522940002,72.83618133333333,63.224381168252656,0.00999617632607415,57,64,,True,False,Request timeout: 300.0s exceeded,10,56.69694568066818
146,2026-09-19T05:46:43.636+00:00,2026-09-19T05:51:43.734+00:00,2026-09-19T05:51:43.734+00:00,False,1,0.0,,0.0,300098.126976,300098.126976,300098.126976,300098.126976,300098.126976,300098.126976,nan,300098.126976,nan,nan,0.0,57,64,,True,False,"HTTPConnectionPool(host='gpu03', port=9002): Read timed out.",0,56.69694568066818
147,2026-09-19T05:46:44.173+00:00,2026-09-19T05:51:44.197+00:00,2026-09-19T05:51:44.197+00:00,False,1,0.0,,0.0,300023.71616500005,300023.71616500005,300023.71616500005,300023.71616500005,300023.71616500005,300023.71616500005,nan,300023.71616500005,nan,nan,0.0,57,64,,True,False,TTFT timeout: 300.0s exceeded (TTFT: 300.017s),0,56.69694568066818
148,2026-09-19T05:46:44.582+00:00,2026-09-19T05:51:44.480+00:00,2026-09-19T05:51:44.629+00:00,False,3,2.0,,2.0,299897.96572399995,300046.48130799993,300046.4812229999,100015.49374099998,0.02423,299897.96572399995,173103.3144256386,269923.01827849995,74.257792,104.9819828844434,0.006665633908724246,57,64,,True,False,Request timeout: 300.0s exceeded,10,56.69694568066818
149,2026-09-19T05:46:45.127+00:00,2026-09-19T05:51:45.219+00:00,2026-09-19T05:51:45.219+00:00,False,1,0.0,,0.0,300092.315196,300092.315196,300092.315196,300092.315196,300092.315196,300092.315196,nan,300092.315196,nan,nan,0.0,57,64,,True,False,"HTTPConnectionPool(host='gpu03', port=9002): Read timed out.",0,56.69694568066818
150,2026-09-19T05:46:45.662+00:00,2026-09-19T05:51:45.738+00:00,2026-09-19T05:51:45.738+00:00,False,1,0.0,,0.0,300076.007021,300076.007021,300076.007021,300076.007021,300076.007021,300076.007021,nan,300076.007021,nan,nan,0.0,57,64,,True,False,"HTTPConnectionPool(host='gpu03', port=9002): Read timed out.",0,56.69694568066818
151,2026-09-19T05:46:46.279+00:00,2026-09-19T05:51:46.169+00:00,2026-09-19T05:51:46.392+00:00,False,4,3.0,,3.0,299889.4934,300112.735896,300112.735757,75028.18393925,0.02604,299889.4934,149907.54891351936,254923.48305845,74.41416533333333,64.57773336026335,0.009996243548423114,57,64,,True,False,Request timeout: 300.0s exceeded,13,56.69694568066818
152,2026-09-19T05:46:46.964+00:00,2026-09-19T05:51:47.033+00:00,2026-09-19T05:51:47.033+00:00,False,1,0.0,,0.0,300068.984923,300068.984923,300068.984923,300068.984923,300068.984923,300068.984923,nan,300068.984923,nan,nan,0.0,57,64,,True,False,"HTTPConnectionPool(host='gpu03', port=9002): Read timed out.",0,56.69694568066818
153,2026-09-19T05:46:47.392+00:00,2026-09-19T05:51:47.498+00:00,2026-09-19T05:51:47.498+00:00,False,1,0.0,,0.0,300106.184919,300106.184919,300106.184919,300106.184919,300106.184919,300106.184919,nan,300106.184919,nan,nan,0.0,57,64,,True,False,"HTTPConnectionPool(host='gpu03', port=9002): Read timed out.",0,56.69694568066818
154,2026-09-19T05:46:47.854+00:00,2026-09-19T05:51:47.826+00:00,2026-09-19T05:51:47.931+00:00,False,3,2.0,,2.0,299971.564512,300076.395488,300076.395671,100025.46522366667,0.02196,299971.564512,173158.4092978346,269984.88898070005,52.415488,74.09592072088698,0.006664969421361833,57,64,,True,False,Request timeout: 300.0s exceeded,4,56.69694568066818
155,2026-09-19T05:46:48.478+00:00,2026-09-19T05:51:48.592+00:00,2026-09-19T05:51:48.592+00:00,False,1,0.0,,0.0,300114.16570599994,300114.16570599994,300114.16570599994,300114.16570599994,300114.16570599994,300114.16570599994,nan,300114.16570599994,nan,nan,0.0,57,64,,True,False,"HTTPConnectionPool(host='gpu03', port=9002): Read timed out.",0,56.69694568066818
156,2026-09-19T05:46:49.121+00:00,2026-09-19T05:51:49.184+00:00,2026-09-19T05:51:49.184+00:00,False,1,0.0,,0.0,300062.660699,300062.660699,300062.660699,300062.660699,300062.660699,300062.660699,nan,300062.660699,nan,nan,0.0,57,64,,True,False,"HTTPConnectionPool(host='gpu03', port=9002): Read timed out.",0,56.69694568066818
157,2026-09-19T05:46:49.773+00:00,2026-09-19T05:51:49.524+00:00,2026-09-19T05:51:49.866+00:00,False,5,4.0,,4.0,299751.335861,300092.854197,300092.854432,60018.5708864,0.038149999999999996,299751.335861,134014.69950085026,239827.4389822,85.379584,59.09378296090412,0.01332920775705691,57,64,,True,False,Request timeout: 300.0s exceeded,11,56.69694568066818
158,2026-09-19T05:46:50.418+00:00,2026-09-19T05:51:50.754+00:00,2026-09-19T05:51:51.464+00:00,False,8,7.0,,7.0,300335.830033,301045.405201,301045.405369,37630.675671125,0.02467,300335.830033,106148.92132911389,195270.1583542,101.36788114285714,47.91885058865992,0.02325230639320433,57,64,,True,False,Request timeout: 300.0s exceeded,22,56.69694568066818
159,2026-09-19T05:46:50.846+00:00,2026-09-19T05:51:51.001+00:00,2026-09-19T05:51:51.566+00:00,False,7,6.0,,6.0,300154.228962,300719.768546,300719.76873199997,42959.966961714286,0.02563,300154.228962,113412.01828772538,210152.0212191,94.25659733333333,49.42146128247419,0.01995213028066095,57,64,,True,False,Request timeout: 300.0s exceeded,25,56.69694568066818
160,2026-09-19T05:46:51.460+00:00,2026-09-19T05:51:51.635+00:00,2026-09-19T05:51:51.635+00:00,False,1,0.0,,0.0,300175.62926099997,300175.62926099997,300175.62926099997,300175.62926099997,300175.62926099997,300175.62926099997,nan,300175.62926099997,nan,nan,0.0,57,64,,True,False,"HTTPConnectionPool(host='gpu03', port=9002): Read timed out.",0,56.69694568066818
161,2026-09-19T05:46:52.110+00:00,2026-09-19T05:51:52.215+00:00,2026-09-19T05:51:52.215+00:00,False,1,0.0,,0.0,300105.048643,300105.048643,300105.048643,300105.048643,300105.048643,300105.048643,nan,300105.048643,nan,nan,0.0,57,64,,True,False,"HTTPConnectionPool(host='gpu03', port=9002): Read timed out.",0,56.69694568066818
162,2026-09-19T05:46:52.569+00:00,2026-09-19T05:51:52.673+00:00,2026-09-19T05:51:52.673+00:00,False,1,0.0,,0.0,300104.528583,300104.528583,300104.528583,300104.528583,300104.528583,300104.528583,nan,300104.528583,nan,nan,0.0,57,64,,True,False,"HTTPConnectionPool(host='gpu03', port=9002): Read timed out.",0,56.69694568066818
163,2026-09-19T05:46:53.152+00:00,2026-09-19T05:51:52.991+00:00,2026-09-19T05:51:53.168+00:00,False,4,3.0,,3.0,299839.45961,300015.84053800005,300015.840386,75003.9600965,0.02588,299839.45961,149890.33900458406,254878.31022620003,58.79364266666666,51.923459411843865,0.009999472009945488,57,64,,True,False,Request timeout: 300.0s exceeded,6,56.69694568066818
164,2026-09-19T05:46:53.654+00:00,2026-09-19T05:51:53.164+00:00,2026-09-19T05:51:53.682+00:00,False,7,6.0,,6.0,299509.638863,300027.725775,300027.72575999994,42861.10367999999,0.02078,299509.638863,113171.37301191107,209688.5348498,86.34781866666667,42.35463262234505,0.019998151785810568,57,64,,True,False,Request timeout: 300.0s exceeded,17,56.69694568066818
165,2026-09-19T05:46:54.077+00:00,2026-09-19T05:51:54.189+00:00,2026-09-19T05:51:54.189+00:00,False,1,0.0,,0.0,300111.950738,300111.950738,300111.950738,300111.950738,300111.950738,300111.950738,nan,300111.950738,nan,nan,0.0,57,64,,True,False,"HTTPConnectionPool(host='gpu03', port=9002): Read timed out.",0,56.69694568066818
166,2026-09-19T05:46:54.642+00:00,2026-09-19T05:51:54.644+00:00,2026-09-19T05:51:54.779+00:00,False,3,2.0,,2.0,300002.09084500006,300136.41404500004,300136.41404400003,100045.47134800002,0.043429999999999996,300002.09084500006,173167.5251464596,270015.30973740004,67.1616,94.9192990164424,0.006663636621246951,57,64,,True,False,Request timeout: 300.0s exceeded,6,56.69694568066818
167,2026-09-19T05:46:55.733+00:00,2026-09-19T05:51:55.273+00:00,2026-09-19T05:51:55.926+00:00,False,8,7.0,,7.0,299539.80834,300193.02971599996,300193.029845,37524.128730625,0.03968,299539.80834,105870.32930647467,194743.43582734998,93.31733942857143,41.93425770097745,0.023318329564888322,57,64,,True,False,Request timeout: 300.0s exceeded,29,56.69694568066818
168,2026-09-19T05:46:55.828+00:00,2026-09-19T05:51:56.109+00:00,2026-09-19T05:51:56.109+00:00,False,1,0.0,,0.0,300280.80441900005,300280.80441900005,300280.80441900005,300280.80441900005,300280.80441900005,300280.80441900005,nan,300280.80441900005,nan,nan,0.0,57,64,,True,False,"HTTPConnectionPool(host='gpu03', port=9002): Read timed out.",0,56.69694568066818
169,2026-09-19T05:46:56.529+00:00,2026-09-19T05:51:56.546+00:00,2026-09-19T05:51:56.546+00:00,False,1,0.0,,0.0,300016.69092,300016.69092,300016.69092,300016.69092,300016.69092,300016.69092,nan,300016.69092,nan,nan,0.0,57,64,,True,False,"HTTPConnectionPool(host='gpu03', port=9002): Read timed out.",0,56.69694568066818
170,2026-09-19T05:46:56.976+00:00,2026-09-19T05:51:57.061+00:00,2026-09-19T05:51:57.061+00:00,False,1,0.0,,0.0,300085.71237,300085.71237,300085.71237,300085.71237,300085.71237,300085.71237,nan,300085.71237,nan,nan,0.0,57,64,,True,False,"HTTPConnectionPool(host='gpu03', port=9002): Read timed out.",0,56.69694568066818
171,2026-09-19T05:46:57.456+00:00,2026-09-19T05:51:57.290+00:00,2026-09-19T05:51:57.508+00:00,False,4,3.0,,3.0,299834.754254,300051.932366,300051.93230000004,75012.98307500001,0.02475,299834.754254,149881.18966665084,254877.03963935003,72.392704,63.19115610891942,0.009998269220744873,57,64,,True,False,Request timeout: 300.0s exceeded,13,56.69694568066818
172,2026-09-19T05:46:58.010+00:00,2026-09-19T05:51:57.510+00:00,2026-09-19T05:51:58.115+00:00,False,8,7.0,,7.0,299499.334226,300105.024338,300105.024437,37513.128054625,0.06969,299499.334226,105858.41900718301,194710.1816894,86.52715885714285,38.131296079573325,0.023325167632368908,57,64,,True,False,Request timeout: 300.0s exceeded,10,56.69694568066818
173,2026-09-19T05:46:58.719+00:00,2026-09-19T05:51:58.753+00:00,2026-09-19T05:51:58.753+00:00,False,1,0.0,,0.0,300033.360953,300033.360953,300033.360953,300033.360953,300033.360953,300033.360953,nan,300033.360953,nan,nan,0.0,57,64,,True,False,"HTTPConnectionPool(host='gpu03', port=9002): Read timed out.",0,56.69694568066818
174,2026-09-19T05:46:59.137+00:00,2026-09-19T05:51:59.077+00:00,2026-09-19T05:51:59.201+00:00,False,3,2.0,,2.0,299939.644277,300064.034421,300064.034551,100021.34485033333,0.041649,299939.644277,173134.33714111662,269958.11471179995,62.195072,87.89810203164043,0.006665243983202373,57,64,,True,False,Request timeout: 300.0s exceeded,4,56.69694568066818
175,2026-09-19T05:46:59.835+00:00,2026-09-19T05:51:59.949+00:00,2026-09-19T05:51:59.949+00:00,False,1,0.0,,0.0,300114.319772,300114.319772,300114.319772,300114.319772,300114.319772,300114.319772,nan,300114.319772,nan,nan,0.0,57,64,,True,False,"HTTPConnectionPool(host='gpu03', port=9002): Read timed out.",0,56.69694568066818
176,2026-09-19T05:47:00.282+00:00,2026-09-19T05:52:00.319+00:00,2026-09-19T05:52:00.319+00:00,False,1,0.0,,0.0,300037.463559,300037.463559,300037.463559,300037.463559,300037.463559,300037.463559,nan,300037.463559,nan,nan,0.0,57,64,,True,False,TTFT timeout: 300.0s exceeded (TTFT: 300.032s),0,56.69694568066818
177,2026-09-19T05:47:00.964+00:00,2026-09-19T05:52:00.911+00:00,2026-09-19T05:52:01.017+00:00,False,3,2.0,,2.0,299946.69719800004,300052.164846,300052.16471800004,100017.38823933335,0.03714,299946.69719800004,173143.8685384246,269962.57051620004,52.733824,74.52439348916052,0.006665507649399857,57,64,,True,False,Request timeout: 300.0s exceeded,10,56.69694568066818
178,2026-09-19T05:47:01.439+00:00,2026-09-19T05:52:01.546+00:00,2026-09-19T05:52:01.546+00:00,False,1,0.0,,0.0,300106.837321,300106.837321,300106.837321,300106.837321,300106.837321,300106.837321,nan,300106.837321,nan,nan,0.0,57,64,,True,False,"HTTPConnectionPool(host='gpu03', port=9002): Read timed out.",0,56.69694568066818
179,2026-09-19T05:47:02.105+00:00,2026-09-19T05:52:02.173+00:00,2026-09-19T05:52:02.173+00:00,False,1,0.0,,0.0,300067.809894,300067.809894,300067.809894,300067.809894,300067.809894,300067.809894,nan,300067.809894,nan,nan,0.0,57,64,,True,False,"HTTPConnectionPool(host='gpu03', port=9002): Read timed out.",0,56.69694568066818
180,2026-09-19T05:47:02.596+00:00,2026-09-19T05:52:02.332+00:00,2026-09-19T05:52:02.686+00:00,False,5,4.0,,4.0,299735.792825,300089.342393,300089.342366,60017.868473200004,0.02026,299735.792825,134006.40489991545,239816.79516679997,88.387392,63.63280078716435,0.013329363742486928,57,64,,True,False,Request timeout: 300.0s exceeded,16,56.69694568066818
181,2026-09-19T05:47:03.282+00:00,2026-09-19T05:52:03.353+00:00,2026-09-19T05:52:03.353+00:00,False,1,0.0,,0.0,300070.90013599995,300070.90013599995,300070.90013599995,300070.90013599995,300070.90013599995,300070.90013599995,nan,300070.90013599995,nan,nan,0.0,57,64,,True,False,"HTTPConnectionPool(host='gpu03', port=9002): Read timed out.",0,56.69694568066818
182,2026-09-19T05:47:03.742+00:00,2026-09-19T05:52:03.937+00:00,2026-09-19T05:52:04.947+00:00,False,11,10.0,,10.0,300195.145649,301204.511921,301204.511949,27382.228359,0.02152,300195.145649,90481.81567707138,150169.6308925,100.9366272,38.09037775754883,0.033200033878054265,57,64,,True,False,Request timeout: 300.0s exceeded,30,56.69694568066818
183,2026-09-19T05:47:04.438+00:00,2026-09-19T05:52:04.316+00:00,2026-09-19T05:52:05.152+00:00,False,10,9.0,,9.0,299877.694071,300714.105719,300714.10555599997,30071.410555599996,0.0272,299877.694071,94800.2705968029,164985.50765939997,92.93462755555555,35.252880906316435,0.02992875900676898,57,64,,True,False,Request timeout: 300.0s exceeded,40,56.69694568066818
184,2026-09-19T05:47:04.991+00:00,2026-09-19T05:52:05.260+00:00,2026-09-19T05:52:05.260+00:00,False,1,0.0,,0.0,300269.748958,300269.748958,300269.748958,300269.748958,300269.748958,300269.748958,nan,300269.748958,nan,nan,0.0,57,64,,True,False,"HTTPConnectionPool(host='gpu03', port=9002): Read timed out.",0,56.69694568066818
185,2026-09-19T05:47:05.440+00:00,2026-09-19T05:52:05.560+00:00,2026-09-19T05:52:05.560+00:00,False,1,0.0,,0.0,300120.564524,300120.564524,300120.564524,300120.564524,300120.564524,300120.564524,nan,300120.564524,nan,nan,0.0,57,64,,True,False,"HTTPConnectionPool(host='gpu03', port=9002): Read timed out.",0,56.69694568066818
186,2026-09-19T05:47:06.048+00:00,2026-09-19T05:52:06.156+00:00,2026-09-19T05:52:06.156+00:00,False,1,0.0,,0.0,300108.28069499996,300108.28069499996,300108.28069499996,300108.28069499996,300108.28069499996,300108.28069499996,nan,300108.28069499996,nan,nan,0.0,57,64,,True,False,"HTTPConnectionPool(host='gpu03', port=9002): Read timed out.",0,56.69694568066818
187,2026-09-19T05:47:06.575+00:00,2026-09-19T05:52:06.548+00:00,2026-09-19T05:52:06.650+00:00,False,3,2.0,,2.0,299972.60979,300075.247614,300075.24742800003,100025.08247600001,0.03639,299972.60979,173159.64567163045,269985.60893580003,51.318912,72.52412982654002,0.006664994916783967,57,64,,True,False,Request timeout: 300.0s exceeded,3,56.69694568066818
188,2026-09-19T05:47:07.012+00:00,2026-09-19T05:52:06.646+00:00,2026-09-19T05:52:07.045+00:00,False,8,7.0,,7.0,299633.701195,300032.981835,300032.981774,37504.12272175,0.03764,299633.701195,105916.34890623228,194797.63552605,57.04009142857142,33.817128803113604,0.023330768361491595,57,64,,True,False,Request timeout: 300.0s exceeded,21,56.69694568066818
189,2026-09-19T05:47:07.548+00:00,2026-09-19T05:52:07.660+00:00,2026-09-19T05:52:07.660+00:00,False,1,0.0,,0.0,300112.18593000004,300112.18593000004,300112.18593000004,300112.18593000004,300112.18593000004,300112.18593000004,nan,300112.18593000004,nan,nan,0.0,57,64,,True,False,"HTTPConnectionPool(host='gpu03', port=9002): Read timed out.",0,56.69694568066818
190,2026-09-19T05:47:07.983+00:00,2026-09-19T05:52:07.989+00:00,2026-09-19T05:52:08.129+00:00,False,3,2.0,,2.0,300006.51772,300146.13372,300146.133827,100048.71127566666,0.02173,300006.51772,173168.5541276275,270019.8253857,69.808,98.69264707502379,0.006663420831753102,57,64,,True,False,Request timeout: 300.0s exceeded,11,56.69694568066818
191,2026-09-19T05:47:08.504+00:00,2026-09-19T05:52:08.385+00:00,2026-09-19T05:52:08.602+00:00,False,4,3.0,,3.0,299880.839371,300098.55815500004,300098.55805600004,75024.63951400001,0.07944,299880.839371,149904.14253894315,254917.36635745,72.572928,64.67429071684593,0.009996715807113305,57,64,,True,False,Request timeout: 300.0s exceeded,10,56.69694568066818
192,2026-09-19T05:47:08.956+00:00,2026-09-19T05:52:09.010+00:00,2026-09-19T05:52:09.010+00:00,False,1,0.0,,0.0,300054.082335,300054.082335,300054.082335,300054.082335,300054.082335,300054.082335,nan,300054.082335,nan,nan,0.0,57,64,,True,False,"HTTPConnectionPool(host='gpu03', port=9002): Read timed out.",0,56.69694568066818
193,2026-09-19T05:47:09.405+00:00,2026-09-19T05:52:09.466+00:00,2026-09-19T05:52:09.466+00:00,False,1,0.0,,0.0,300061.080088,300061.080088,300061.080088,300061.080088,300061.080088,300061.080088,nan,300061.080088,nan,nan,0.0,57,64,,True,False,TTFT timeout: 300.0s exceeded (TTFT: 300.050s),0,56.69694568066818
194,2026-09-19T05:47:09.962+00:00,2026-09-19T05:52:09.863+00:00,2026-09-19T05:52:09.994+00:00,False,3,2.0,,2.0,299900.61615899997,300031.88860699994,300031.88857699995,100010.62952566665,0.02897,299900.61615899997,173109.81881890883,269923.67888789997,65.636224,92.78236575515415,0.006665958106272237,57,64,,True,False,Request timeout: 300.0s exceeded,4,56.69694568066818
195,2026-09-19T05:47:10.683+00:00,2026-09-19T05:52:10.767+00:00,2026-09-19T05:52:10.767+00:00,False,1,0.0,,0.0,300083.961249,300083.961249,300083.961249,300083.961249,300083.961249,300083.961249,nan,300083.961249,nan,nan,0.0,57,64,,True,False,"HTTPConnectionPool(host='gpu03', port=9002): Read timed out.",0,56.69694568066818
196,2026-09-19T05:47:11.366+00:00,2026-09-19T05:52:11.358+00:00,2026-09-19T05:52:11.508+00:00,False,3,2.0,,2.0,299991.96192900004,300141.74087300006,300141.74080100004,100047.24693366668,0.04667,299991.96192900004,173157.2187128317,270007.7389563001,74.889472,105.84381594306207,0.006663518356969438,57,64,,True,False,Request timeout: 300.0s exceeded,5,56.69694568066818
197,2026-09-19T05:47:11.808+00:00,2026-09-19T05:52:11.633+00:00,2026-09-19T05:52:11.836+00:00,False,4,3.0,,3.0,299825.676779,300027.868395,300027.868202,75006.9670505,0.02082,299825.676779,149879.1474285724,254867.6041928,67.39720533333333,58.49389935194778,0.009999071139786144,57,64,,True,False,Request timeout: 300.0s exceeded,10,56.69694568066818
198,2026-09-19T05:47:12.364+00:00,2026-09-19T05:52:12.469+00:00,2026-09-19T05:52:12.469+00:00,False,1,0.0,,0.0,300105.742619,300105.742619,300105.742619,300105.742619,300105.742619,300105.742619,nan,300105.742619,nan,nan,0.0,57,64,,True,False,"HTTPConnectionPool(host='gpu03', port=9002): Read timed out.",0,56.69694568066818
199,2026-09-19T05:47:13.037+00:00,2026-09-19T05:52:13.097+00:00,2026-09-19T05:52:13.097+00:00,False,1,0.0,,0.0,300060.248296,300060.248296,300060.248296,300060.248296,300060.248296,300060.248296,nan,300060.248296,nan,nan,0.0,57,64,,True,False,TTFT timeout: 300.0s exceeded (TTFT: 300.053s),0,56.69694568066818
200,2026-09-19T05:47:13.488+00:00,2026-09-19T05:52:13.357+00:00,2026-09-19T05:52:13.567+00:00,False,4,3.0,,3.0,299868.923886,300078.77067,300078.77062,75019.692655,0.02298,299868.923886,149899.49576241718,254905.42502520003,69.948928,61.002379155055515,0.0099973750002433,57,64,,True,False,Request timeout: 300.0s exceeded,9,56.69694568066818
201,2026-09-19T05:47:14.196+00:00,2026-09-19T05:52:14.239+00:00,2026-09-19T05:52:14.239+00:00,False,1,0.0,,0.0,300042.6177,300042.6177,300042.6177,300042.6177,300042.6177,300042.6177,nan,300042.6177,nan,nan,0.0,57,64,,True,False,"HTTPConnectionPool(host='gpu03', port=9002): Read timed out.",0,56.69694568066818
202,2026-09-19T05:47:14.774+00:00,2026-09-19T05:52:14.781+00:00,2026-09-19T05:52:14.916+00:00,False,3,2.0,,2.0,300006.650264,300141.597592,300141.597682,100047.19922733333,0.029589999999999998,300006.650264,173169.97745819858,270019.4770204,67.473664,95.380536284529,0.0066635215379866036,57,64,,True,False,Request timeout: 300.0s exceeded,9,56.69694568066818
203,2026-09-19T05:47:15.438+00:00,2026-09-19T05:52:15.253+00:00,2026-09-19T05:52:15.450+00:00,False,4,3.0,,3.0,299815.776479,300012.373983,300012.373997,75003.09349925,0.05174,299815.776479,149875.12916256057,254858.64254014997,65.53250133333333,56.802657875674136,0.009999587550912127,57,64,,True,False,Request timeout: 300.0s exceeded,11,56.69694568066818
204,2026-09-19T05:47:15.873+00:00,2026-09-19T05:52:15.981+00:00,2026-09-19T05:52:15.981+00:00,False,1,0.0,,0.0,300107.641735,300107.641735,300107.641735,300107.641735,300107.641735,300107.641735,nan,300107.641735,nan,nan,0.0,57,64,,True,False,"HTTPConnectionPool(host='gpu03', port=9002): Read timed out.",0,56.69694568066818
205,2026-09-19T05:47:16.444+00:00,2026-09-19T05:52:16.391+00:00,2026-09-19T05:52:16.530+00:00,False,3,2.0,,2.0,299947.128975,300085.659023,300085.658865,100028.552955,0.03681,299947.128975,173134.5793622206,269966.2653855,69.265024,97.9034027701346,0.006664763676183241,57,64,,True,False,Request timeout: 300.0s exceeded,5,56.69694568066818
206,2026-09-19T05:47:17.460+00:00,2026-09-19T05:52:16.528+00:00,2026-09-19T05:52:17.639+00:00,False,13,12.0,,12.0,299068.070443,300179.235627,300179.235762,23090.710443230768,0.037939999999999995,299068.070443,82920.8836500369,119706.5315422,92.59709866666667,35.04349220037222,0.039976116185834694,57,64,,True,False,Request timeout: 300.0s exceeded,50,56.69694568066818
207,2026-09-19T05:47:17.640+00:00,2026-09-19T05:52:17.537+00:00,2026-09-19T05:52:17.867+00:00,False,5,4.0,,4.0,299897.178155,300227.090987,300227.09111399995,60045.41822279999,0.02917,299897.178155,134081.21908276153,239944.18739899996,82.478208,57.19744941687644,0.013323248034845737,57,64,,True,False,Request timeout: 300.0s exceeded,14,56.69694568066818
208,2026-09-19T05:47:18.133+00:00,2026-09-19T05:52:18.151+00:00,2026-09-19T05:52:18.151+00:00,False,1,0.0,,0.0,300017.119476,300017.119476,300017.119476,300017.119476,300017.119476,300017.119476,nan,300017.119476,nan,nan,0.0,57,64,,True,False,"HTTPConnectionPool(host='gpu03', port=9002): Read timed out.",0,56.69694568066818
209,2026-09-19T05:47:18.848+00:00,2026-09-19T05:52:18.908+00:00,2026-09-19T05:52:18.908+00:00,False,1,0.0,,0.0,300060.183491,300060.183491,300060.183491,300060.183491,300060.183491,300060.183491,nan,300060.183491,nan,nan,0.0,57,64,,True,False,"HTTPConnectionPool(host='gpu03', port=9002): Read timed out.",0,56.69694568066818
210,2026-09-19T05:47:19.503+00:00,2026-09-19T05:52:19.395+00:00,2026-09-19T05:52:20.584+00:00,False,16,15.0,,15.0,299891.964822,301080.217238,301080.217032,18817.5135645,0.036270000000000004,299891.964822,74953.19399320138,75053.42041574999,79.21682773333333,33.50946623480846,0.049820609728545184,57,64,,True,False,Request timeout: 300.0s exceeded,71,56.69694568066818
211,2026-09-19T05:47:19.980+00:00,2026-09-19T05:52:20.073+00:00,2026-09-19T05:52:20.687+00:00,False,8,7.0,,7.0,300092.863175,300706.703047,300706.702917,37588.337864625,0.02144,300092.863175,106067.85173739528,195097.50448125,87.69141028571428,38.720501129622576,0.02327849671813239,57,64,,True,False,Request timeout: 300.0s exceeded,33,56.69694568066818
212,2026-09-19T05:47:20.694+00:00,2026-09-19T05:52:20.708+00:00,2026-09-19T05:52:20.708+00:00,False,1,0.0,,0.0,300014.1476,300014.1476,300014.1476,300014.1476,300014.1476,300014.1476,nan,300014.1476,nan,nan,0.0,57,64,,True,False,"HTTPConnectionPool(host='gpu03', port=9002): Read timed out.",0,56.69694568066818
0,2026-09-19T05:45:20.838+00:00,2026-09-19T05:45:21.094+00:00,2026-09-19T05:45:23.285+00:00,True,26,26.0,,26.0,256.167758,2447.360846,2447.36073,94.12925884615385,33.315813,256.167758,42.903274551281015,138.02433374999998,87.64772352,27.921420372943313,10.623688796237284,58,64,,False,True,,132,56.69694568066818
1,2026-09-19T05:45:21.331+00:00,2026-09-19T05:45:21.550+00:00,2026-09-19T05:45:24.022+00:00,True,26,26.0,,26.0,218.316834,2690.329634,2690.329696,103.47421907692308,40.078926,218.316834,31.88604450939492,144.6433535,98.880512,22.080955514412928,9.664243247896364,58,64,,False,True,,96,56.69694568066818
2,2026-09-19T05:45:21.838+00:00,2026-09-19T05:45:23.705+00:00,2026-09-19T05:45:23.705+00:00,True,1,1.0,,1.0,1866.780861,1866.780861,1866.780861,1866.780861,1866.780861,1866.780861,nan,1866.780861,nan,nan,0.5356815151106266,58,64,,False,True,,4,56.69694568066818
3,2026-09-19T05:45:22.439+00:00,2026-09-19T05:45:27.420+00:00,2026-09-19T05:45:33.579+00:00,True,63,63.0,,63.0,4980.806686,11140.158749999999,11140.158836999999,176.82791804761905,0.0,4980.806686,615.6030195747816,113.6751351,99.34438812903225,27.316487183685954,5.65521564044139,58,64,,False,True,,237,56.69694568066818
4,2026-09-19T05:45:22.850+00:00,2026-09-19T05:45:29.633+00:00,2026-09-19T05:45:29.633+00:00,True,1,1.0,,1.0,6782.879539,6782.879539,6782.879539,6782.879539,6782.879539,6782.879539,nan,6782.879539,nan,nan,0.14743001025600258,58,64,,False,True,,3,56.69694568066818
5,2026-09-19T05:45:23.464+00:00,2026-09-19T05:45:32.600+00:00,2026-09-19T05:45:33.780+00:00,True,13,13.0,,13.0,9135.956676999998,10316.463557,10316.463425999998,793.5741096923076,0.0,9135.956676999998,2507.131410409646,3797.311181799999,98.37557333333334,55.21507343044338,1.2601217392154842,58,64,,False,True,,65,56.69694568066818
6,2026-09-19T05:45:24.068+00:00,2026-09-19T05:45:36.258+00:00,2026-09-19T05:45:40.008+00:00,True,39,39.0,,39.0,12189.7679,15939.903708000002,15939.903743,408.7154805897436,0.0,12189.7679,1936.9208033466862,277.4223315,98.68778442105264,56.356692827857316,2.4466898115844,58,64,,False,True,,128,56.69694568066818
7,2026-09-19T05:45:24.504+00:00,2026-09-19T05:45:38.209+00:00,2026-09-19T05:45:42.814+00:00,True,48,48.0,,48.0,13704.95535,18309.385430000002,18309.385362,381.445528375,0.0,13704.95535,1964.6954499924996,233.10868845000002,97.96659744680852,52.84875642944106,2.6216062894908423,58,64,,False,True,,203,56.69694568066818
8,2026-09-19T05:45:24.939+00:00,2026-09-19T05:45:40.568+00:00,2026-09-19T05:45:46.501+00:00,True,62,62.0,,62.0,15628.700067,21561.718179,21561.718024,347.7696455483871,0.0,15628.700067,1973.1358617239707,141.4768574,97.262592,50.721014827793184,2.8754665785579556,58,64,,False,True,,304,56.69694568066818
9,2026-09-19T05:45:25.568+00:00,2026-09-19T05:45:44.349+00:00,2026-09-19T05:45:54.297+00:00,True,100,100.0,,100.0,18780.799975,28729.413351000003,28729.413355,287.29413355,0.0,18780.799975,1869.4369986697445,131.3346443,100.49104420202019,72.86219316938838,3.4807532885637307,58,64,,False,True,,467,56.69694568066818
10,2026-09-19T05:45:26.086+00:00,2026-09-19T05:45:47.424+00:00,2026-09-19T05:45:53.290+00:00,True,60,60.0,,60.0,21338.390505,27203.949032999997,27203.948838,453.3991473,0.0,21338.390505,2742.9022587827685,138.04459129999998,99.41624623728814,73.28045278241356,2.2055621383210378,58,64,,False,True,,120,56.69694568066818
11,2026-09-19T05:45:26.488+00:00,2026-09-19T05:45:49.793+00:00,2026-09-19T05:45:59.017+00:00,True,100,100.0,,100.0,23304.365094,32529.250342,32529.250429,325.29250429,0.0,23304.365094,2321.999547409771,115.1279614,93.18065907070707,64.28696774134994,3.0741563038999837,58,64,,False,True,,350,56.69694568066818
12,2026-09-19T05:45:27.109+00:00,2026-09-19T05:45:52.820+00:00,2026-09-19T05:46:01.230+00:00,True,90,90.0,,90.0,25710.896888,34121.679608,34121.679591,379.1297732333333,0.0,25710.896888,2701.148121290851,116.77856769999998,94.50317662921348,71.77811654219519,2.637619279998721,58,64,,False,True,,328,56.69694568066818
13,2026-09-19T05:45:27.453+00:00,2026-09-19T05:45:54.538+00:00,2026-09-19T05:46:01.551+00:00,True,76,76.0,,76.0,27084.832975,34098.060751,34098.060636,448.6586925789474,0.0,27084.832975,3096.69893964863,112.52046549999999,93.50970368,60.430152024795966,2.228865757351645,58,64,,False,True,,152,56.69694568066818
14,2026-09-19T05:45:27.871+00:00,2026-09-19T05:45:56.500+00:00,2026-09-19T05:45:58.908+00:00,True,26,26.0,,26.0,28628.751179000003,31036.202827,31036.202878000004,1193.7001106923078,47.620559,28628.751179000003,5595.712765684773,116.2040215,96.29806592,21.140105341796104,0.8377313469991005,58,64,,False,True,,88,56.69694568066818
15,2026-09-19T05:45:28.329+00:00,2026-09-19T05:45:59.657+00:00,2026-09-19T05:46:04.470+00:00,True,52,52.0,,52.0,31328.843977,36140.901577,36140.901538,695.0173372692308,0.0,31328.843977,4331.53032570013,114.49801310000001,94.35407058823529,27.551436291970315,1.4388130270964992,58,64,,False,True,,183,56.69694568066818
16,2026-09-19T05:45:28.802+00:00,2026-09-19T05:46:02.031+00:00,2026-09-19T05:46:04.363+00:00,True,24,24.0,,24.0,33229.003831,35561.266487,35561.266668000004,1481.7194445,55.351431,33229.003831,6762.159699403994,112.37827879999999,101.40272417391304,15.246898831536402,0.6748915989472307,58,64,,False,True,,116,56.69694568066818
17,2026-09-19T05:45:29.330+00:00,2026-09-19T05:46:05.155+00:00,2026-09-19T05:46:09.565+00:00,True,45,45.0,,45.0,35824.795954,40234.31685,40234.316941,894.0959320222222,0.0,35824.795954,5326.655948298528,460.0363063999999,100.216384,111.96194878264512,1.1184482184143258,58,64,,False,True,,206,56.69694568066818
18,2026-09-19T05:45:29.925+00:00,2026-09-19T05:46:08.157+00:00,2026-09-19T05:46:08.353+00:00,True,3,3.0,,3.0,38231.530648,38427.804568,38427.804551,12809.268183666667,89.723861,38231.530648,22016.326723233837,34419.0325874,98.13696,11.897857896204341,0.07806847239194589,58,64,,False,True,,10,56.69694568066818
19,2026-09-19T05:45:30.418+00:00,2026-09-19T05:46:10.462+00:00,2026-09-19T05:46:11.341+00:00,True,10,10.0,,10.0,40043.89021500001,40923.005991000005,40923.00619700001,4092.300619700001,91.487047,40043.89021500001,12632.10183511865,22071.409020000006,97.67953066666666,4.99203424152359,0.24436132580776815,58,64,,False,True,,48,56.69694568066818
20,2026-09-19T05:45:30.897+00:00,2026-09-19T05:46:13.077+00:00,2026-09-19T05:46:18.133+00:00,True,54,54.0,,54.0,42179.77279,47236.205174,47236.205081,874.7445385370371,38.72904,42179.77279,5726.990177027863,111.86267775,95.40438460377358,19.635041536119658,1.1431909020016484,58,64,,False,True,,252,56.69694568066818
21,2026-09-19T05:45:31.406+00:00,2026-09-19T05:46:15.714+00:00,2026-09-19T05:46:21.749+00:00,True,62,62.0,,62.0,44308.705611000005,50343.308363000004,50343.308344000005,811.9888442580645,0.0,44308.705611000005,5615.257699679427,114.01386430000001,98.92791396721312,83.47476298895171,1.2315440128199266,58,64,,False,True,,301,56.69694568066818
22,2026-09-19T05:45:31.798+00:00,2026-09-19T05:46:17.968+00:00,2026-09-19T05:46:19.030+00:00,True,12,12.0,,12.0,46170.276555,47231.626442999994,47231.626361999995,3935.9688634999998,55.72714,46170.276555,13300.368947461442,20838.03503525,96.48635345454545,18.22996387631741,0.2540670500619288,58,64,,False,True,,47,56.69694568066818
23,2026-09-19T05:45:32.345+00:00,2026-09-19T05:46:21.110+00:00,2026-09-19T05:46:26.931+00:00,True,58,58.0,,58.0,48765.126131,54586.280691,54586.280589999995,941.1427687931034,0.01611,48765.126131,6390.796458163714,117.47829804999999,102.12551859649123,115.83489147306913,1.0625380455635778,58,64,,False,True,,270,56.69694568066818
24,2026-09-19T05:45:32.901+00:00,2026-09-19T05:46:24.232+00:00,2026-09-19T05:46:33.449+00:00,True,90,90.0,,90.0,51330.730284000005,60547.57022000001,60547.57034600001,672.7507816222222,0.0,51330.730284000005,5400.418628483009,116.3432053,103.55999928089886,81.00639046220827,1.4864345451515955,58,64,,False,True,,428,56.69694568066818
25,2026-09-19T05:45:33.513+00:00,2026-09-19T05:46:27.573+00:00,2026-09-19T05:46:37.030+00:00,True,94,94.0,,94.0,54060.493015,63517.269975,63517.2699,675.7156372340426,0.0,54060.493015,5565.991421287054,114.7528736,101.68577376344086,79.76286867394813,1.4799124716316965,58,64,,False,True,,305,56.69694568066818
26,2026-09-19T05:45:33.956+00:00,2026-09-19T05:46:29.770+00:00,2026-09-19T05:46:36.669+00:00,True,68,68.0,,68.0,55814.750423,62713.152983,62713.15289,922.252248382353,43.151339,55814.750423,6756.061595443263,113.38298309999999,102.96123223880596,14.242642083672246,1.0843020445556792,58,64,,False,True,,302,56.69694568066818
27,2026-09-19T05:45:34.432+00:00,2026-09-19T05:46:32.912+00:00,2026-09-19T05:46:37.721+00:00,True,44,44.0,,44.0,58479.552233,63288.722409,63288.722492,1438.3800566363636,0.01874,58479.552233,8799.759280700811,116.3959613,111.84116688372093,94.51252285569359,0.6952265478777141,58,64,,False,True,,198,56.69694568066818
28,2026-09-19T05:45:34.948+00:00,2026-09-19T05:46:35.354+00:00,2026-09-19T05:46:42.928+00:00,True,77,77.0,,77.0,60405.483057,67979.266865,67979.26685,882.8476214285714,0.0,60405.483057,6873.560298746018,114.62048080000001,99.65505010526316,122.27590582076337,1.132698299805355,58,64,,False,True,,257,56.69694568066818
29,2026-09-19T05:45:35.468+00:00,2026-09-19T05:46:38.462+00:00,2026-09-19T05:46:39.364+00:00,True,5,5.0,,5.0,62993.998168,63896.083544,63896.083531,12779.216706199999,0.0,62993.998168,28073.633827276528,50575.61560699999,225.521344,451.042688,0.07825205744506875,58,64,,False,True,,15,56.69694568066818
30,2026-09-19T05:45:35.991+00:00,2026-09-19T05:46:41.119+00:00,2026-09-19T05:46:51.341+00:00,True,100,100.0,,100.0,65128.761871,75350.41614300001,75350.41625000001,753.5041625,0.0,65128.761871,6503.283138791448,111.70110245,103.24903305050506,98.05870856795838,1.3271326837826618,58,64,,False,True,,571,56.69694568066818
31,2026-09-19T05:45:36.462+00:00,2026-09-19T05:46:43.662+00:00,2026-09-19T05:46:51.334+00:00,True,72,72.0,,72.0,67199.89442499999,74871.82658499999,74871.82652599999,1039.8864795277777,0.0,67199.89442499999,7907.649123143655,113.11554025000001,108.05538253521127,113.2845016015699,0.9616434282962272,58,64,,False,True,,286,56.69694568066818
32,2026-09-19T05:45:37.136+00:00,2026-09-19T05:46:46.305+00:00,2026-09-19T05:46:54.875+00:00,True,89,89.0,,89.0,69168.502045,77738.529053,77738.528939,873.4666172921349,0.0,69168.502045,7322.310402984396,111.8274094,97.38667054545455,107.95576844681459,1.1448634426736095,58,64,,False,True,,375,56.69694568066818
33,2026-09-19T05:45:37.499+00:00,2026-09-19T05:46:48.883+00:00,2026-09-19T05:46:58.147+00:00,True,94,94.0,,94.0,71383.712273,80648.500241,80648.500206,857.9627681489361,0.0,71383.712273,7353.6421983416385,112.23083915,99.621376,136.29591620446953,1.1655517426747184,58,64,,False,True,,463,56.69694568066818
34,2026-09-19T05:45:37.876+00:00,2026-09-19T05:46:51.330+00:00,2026-09-19T05:46:54.071+00:00,True,32,32.0,,32.0,73453.51845,76194.751602,76194.751438,2381.0859824375,0.0,73453.51845,12969.327955873701,175.69708505000003,88.42687587096775,48.98288866831419,0.41997643311642535,58,64,,False,True,,98,56.69694568066818
35,2026-09-19T05:45:38.242+00:00,2026-09-19T05:46:52.904+00:00,2026-09-19T05:46:59.650+00:00,True,68,68.0,,68.0,74661.06556100001,81407.25871300002,81407.25882500001,1197.1655709558825,0.01752,74661.06556100001,9042.357612492184,115.27753795000001,100.68945002985075,103.53422051756822,0.8353063482917771,58,64,,False,True,,237,56.69694568066818
36,2026-09-19T05:45:38.759+00:00,2026-09-19T05:46:55.927+00:00,2026-09-19T05:47:01.082+00:00,True,52,52.0,,52.0,77168.2347,82323.10702,82323.107048,1583.136674,47.835498,77168.2347,10687.305302514596,115.75597760000001,101.07592784313725,17.015142613023727,0.6316574031561619,58,64,,False,True,,207,56.69694568066818
37,2026-09-19T05:45:39.400+00:00,2026-09-19T05:46:59.537+00:00,2026-09-19T05:47:00.658+00:00,True,13,13.0,,13.0,80137.049195,81257.741163,81257.741146,6250.595472769231,50.680792000000004,80137.049195,22200.129815434146,32122.646026999995,93.39099733333333,25.43907110788953,0.15998475731589049,58,64,,False,True,,50,56.69694568066818
38,2026-09-19T05:45:40.016+00:00,2026-09-19T05:47:03.250+00:00,2026-09-19T05:47:09.050+00:00,True,62,62.0,,62.0,83234.549559,89034.10539900001,89034.10524300001,1436.0339555322582,0.0,83234.549559,10559.755125753454,111.8063286,95.07468590163934,148.80042765293578,0.696362362738991,58,64,,False,True,,282,56.69694568066818
39,2026-09-19T05:45:40.445+00:00,2026-09-19T05:47:05.567+00:00,2026-09-19T05:47:12.930+00:00,True,75,75.0,,75.0,85122.040935,92485.152871,92485.152861,1233.13537148,50.141603,85122.040935,9817.567908601304,110.44147369999999,99.50151264864866,14.596381315856208,0.810940974543356,58,64,,False,True,,314,56.69694568066818
40,2026-09-19T05:45:40.999+00:00,2026-09-19T05:47:09.051+00:00,2026-09-19T05:47:13.498+00:00,True,45,45.0,,45.0,88052.031222,92499.047158,92499.04707900001,2055.5343795333333,53.356553999999996,88052.031222,13110.959809811076,109.07845939999999,101.068544,10.858012252995096,0.486491497832776,58,64,,False,True,,161,56.69694568066818
41,2026-09-19T05:45:41.387+00:00,2026-09-19T05:47:11.126+00:00,2026-09-19T05:47:20.525+00:00,True,98,98.0,,98.0,89738.871529,99137.937385,99137.937376,1011.611605877551,0.0,89738.871529,9056.733702928675,111.4643497,96.89758614432989,167.16193239941586,0.988521675808315,58,64,,False,True,,409,56.69694568066818
42,2026-09-19T05:45:41.749+00:00,2026-09-19T05:47:12.926+00:00,2026-09-19T05:47:17.678+00:00,True,45,45.0,,45.0,91176.39949,95928.356226,95928.356131,2131.7412473555555,0.017329999999999998,91176.39949,13576.683327639546,113.32219599999999,107.99901672727273,167.3271631982842,0.4691000843794652,58,64,,False,True,,213,56.69694568066818
43,2026-09-19T05:45:42.105+00:00,2026-09-19T05:47:15.495+00:00,2026-09-19T05:47:18.456+00:00,True,31,31.0,,31.0,93389.97541099999,96350.64638699999,96350.646274,3108.085363677419,0.01614,93389.97541099999,16756.423942091078,546.564132,98.68903253333333,168.0147799263057,0.3217414844887086,58,64,,False,True,,141,56.69694568066818
44,2026-09-19T05:45:42.718+00:00,2026-09-19T05:47:18.459+00:00,2026-09-19T05:47:18.668+00:00,True,3,3.0,,3.0,95740.534455,95949.237175,95949.237276,31983.079092,99.58795699999999,95740.534455,55215.57623048221,86177.3924959,104.35136,6.736634588635486,0.03126653309945921,58,64,,False,True,,9,56.69694568066818
45,2026-09-19T05:45:43.163+00:00,2026-09-19T05:47:20.774+00:00,2026-09-19T05:47:25.812+00:00,True,51,51.0,,51.0,97611.430087,102649.625543,102649.625498,2012.737754862745,45.139444000000005,97611.430087,13654.234730607619,112.92611500000001,100.76390912000001,16.98066965323634,0.49683571401471954,58,64,,False,True,,229,56.69694568066818
46,2026-09-19T05:45:43.762+00:00,2026-09-19T05:47:23.722+00:00,2026-09-19T05:47:26.251+00:00,True,26,26.0,,26.0,99959.30911,102488.928054,102488.92800500001,3941.881846346154,49.500924,99959.30911,19583.798262684002,117.80582774999999,101.18475776000001,19.004360733074083,0.25368593948315044,58,64,,False,True,,136,56.69694568066818
47,2026-09-19T05:45:44.159+00:00,2026-09-19T05:47:26.357+00:00,2026-09-19T05:47:29.050+00:00,True,29,29.0,,29.0,102197.59495200001,104890.66375200001,104890.66374300001,3616.9194394137935,50.751422,102197.59495200001,18959.765117242376,109.767096,96.18102857142857,18.315204325664943,0.2764783724561667,58,64,,True,True,,118,56.69694568066818
48,2026-09-19T05:45:44.528+00:00,2026-09-19T05:47:28.432+00:00,2026-09-19T05:47:36.758+00:00,True,85,85.0,,85.0,103903.856772,112230.068356,112230.068283,1320.3537445058823,46.68833,103903.856772,11259.215418451973,110.272044,99.12156647619048,15.87078154127425,0.7573727900652727,58,64,,True,True,,300,56.69694568066818
49,2026-09-19T05:45:45.001+00:00,2026-09-19T05:47:31.041+00:00,2026-09-19T05:47:32.837+00:00,True,19,19.0,,19.0,106039.83691099999,107835.80363099999,107835.803542,5675.568607473684,46.42105,106039.83691099999,24304.32072756944,10704.071635399998,99.7759288888889,14.149468400489502,0.17619379983493713,58,64,,True,True,,58,56.69694568066818
50,2026-09-19T05:45:45.452+00:00,2026-09-19T05:47:33.611+00:00,2026-09-19T05:47:39.642+00:00,True,63,63.0,,63.0,108159.37286399999,114190.38163199999,114190.38165899999,1812.5457406190474,43.049439,108159.37286399999,13614.55984285011,110.5628281,97.27433496774194,20.466469324364667,0.5517102149901676,58,64,,True,True,,287,56.69694568066818
51,2026-09-19T05:45:45.925+00:00,2026-09-19T05:47:35.921+00:00,2026-09-19T05:47:44.802+00:00,True,92,92.0,,92.0,109995.545956,118876.297572,118876.297515,1292.1336686413044,45.158773000000004,109995.545956,11457.67004513905,112.45595405,97.5906770989011,19.355805328539294,0.7739137395684637,58,64,,True,True,,444,56.69694568066818
52,2026-09-19T05:45:46.446+00:00,2026-09-19T05:47:38.477+00:00,2026-09-19T05:47:47.587+00:00,True,93,93.0,,93.0,112031.11307600001,121141.15211600001,121141.15225400002,1302.5930349892474,43.37828699999999,112031.11307600001,11606.83041024422,112.61012439999999,99.02216347826088,17.649886541084726,0.7676994842425375,58,64,,True,True,,361,56.69694568066818
53,2026-09-19T05:45:46.929+00:00,2026-09-19T05:47:41.661+00:00,2026-09-19T05:47:46.254+00:00,True,46,46.0,,46.0,114731.290777,119324.183961,119324.183996,2594.0039999130436,49.349762999999996,114731.290777,16901.16133411522,111.69317375,102.06429297777778,11.683990046447011,0.38550441723560974,58,64,,True,True,,202,56.69694568066818
54,2026-09-19T05:45:47.467+00:00,2026-09-19T05:47:44.284+00:00,2026-09-19T05:47:51.865+00:00,True,77,77.0,,77.0,116816.373449,124397.39668100001,124397.396596,1615.5506051428572,45.051893,116816.373449,13301.103715966154,111.1134118,99.75030568421053,16.467735439069152,0.6189840145727156,58,64,,True,True,,375,56.69694568066818
55,2026-09-19T05:45:47.851+00:00,2026-09-19T05:47:46.149+00:00,2026-09-19T05:47:50.125+00:00,True,41,41.0,,41.0,118298.02544,122273.534432,122273.534357,2982.281325780488,48.536435,118298.02544,18459.53369561532,112.093765,99.3877248,17.178368192776432,0.33531377162243836,58,64,,True,True,,162,56.69694568066818
56,2026-09-19T05:45:48.353+00:00,2026-09-19T05:47:48.906+00:00,2026-09-19T05:47:55.181+00:00,True,64,64.0,,64.0,120552.837403,126828.19433099999,126828.194372,1981.6905370625,46.910548999999996,120552.837403,15056.661155504147,112.14507845,99.60884012698413,15.234853604388842,0.5046196576210089,58,64,,True,True,,225,56.69694568066818
57,2026-09-19T05:45:48.718+00:00,2026-09-19T05:47:51.119+00:00,2026-09-19T05:47:54.664+00:00,True,36,36.0,,36.0,122401.22243899999,125945.82224699999,125945.82227399999,3498.4950631666666,51.219449,122401.22243899999,20383.326900449476,111.5935345,101.27428022857143,9.624823456825032,0.2858371906088176,58,64,,True,True,,167,56.69694568066818
58,2026-09-19T05:45:49.312+00:00,2026-09-19T05:47:53.903+00:00,2026-09-19T05:48:01.412+00:00,True,77,77.0,,77.0,124591.113023,132099.869503,132099.869442,1715.582720025974,48.566605,124591.113023,14187.224530812362,111.0456482,98.79942736842105,15.823897913821254,0.5828923244943199,58,64,,True,True,,312,56.69694568066818
59,2026-09-19T05:45:49.753+00:00,2026-09-19T05:47:55.894+00:00,2026-09-19T05:48:01.201+00:00,True,54,54.0,,54.0,126141.474802,131448.81739399998,131448.81763499998,2434.237363611111,43.265778,126141.474802,17152.059722188587,109.97849765000001,100.13853947169812,14.924355494316243,0.41080628240376127,58,64,,True,True,,180,56.69694568066818
60,2026-09-19T05:45:50.192+00:00,2026-09-19T05:47:58.429+00:00,2026-09-19T05:48:01.408+00:00,True,30,30.0,,30.0,128237.780361,131216.831369,131216.831359,4373.894378633333,45.818913,128237.780361,23394.1560932448,111.85852795,102.7258968275862,11.74674095713571,0.22862920623068408,58,64,,True,True,,94,56.69694568066818
61,2026-09-19T05:45:50.629+00:00,2026-09-19T05:48:01.091+00:00,2026-09-19T05:48:04.121+00:00,True,32,32.0,,32.0,130461.40596999999,133492.16053,133492.160447,4171.63001396875,46.19632,130461.40596999999,23045.26114740141,111.12839165000001,97.76627612903225,19.193582500128052,0.2397144511928741,58,64,,True,True,,80,56.69694568066818
62,2026-09-19T05:45:51.040+00:00,2026-09-19T05:48:03.063+00:00,2026-09-19T05:48:09.523+00:00,True,66,66.0,,66.0,132023.352461,138483.273101,138483.273176,2098.2314117575756,47.509438,132023.352461,16238.72820405652,112.71963675,99.38339446153846,18.302768173693774,0.47659185490123573,58,64,,True,True,,268,56.69694568066818
63,2026-09-19T05:45:51.494+00:00,2026-09-19T05:48:05.557+00:00,2026-09-19T05:48:15.119+00:00,True,95,95.0,,95.0,134063.477123,143625.466499,143625.46642299998,1511.8470149789473,48.016055,134063.477123,13744.192784625418,111.1797473,101.72329123404255,13.786274567800595,0.6614425861632376,58,64,,True,True,,449,56.69694568066818
64,2026-09-19T05:45:52.217+00:00,2026-09-19T05:48:08.035+00:00,2026-09-19T05:48:11.746+00:00,True,38,38.0,,38.0,135818.31767,139528.70103,139528.701182,3671.807925842105,44.964243,135818.31767,22016.380306445324,112.20710894999998,100.28063135135135,18.381057764098912,0.2723454007633142,58,64,,True,True,,49,56.69694568066818
65,2026-09-19T05:45:52.333+00:00,2026-09-19T05:48:10.371+00:00,2026-09-19T05:48:18.398+00:00,True,81,81.0,,81.0,138038.117298,146065.054386,146065.05452,1803.2722780246913,43.265007,138038.117298,15326.429110126692,112.27297400000002,100.3367136,16.756370323524536,0.5545474264223713,58,64,,True,True,,374,56.69694568066818
66,2026-09-19T05:45:52.684+00:00,2026-09-19T05:48:12.052+00:00,2026-09-19T05:48:14.488+00:00,True,25,25.0,,25.0,139367.340419,141803.683203,141803.683248,5672.14732992,47.821718000000004,139367.340419,27853.167701397182,111.4786184,101.51428266666667,11.99326014337532,0.17630007511307788,58,64,,True,True,,84,56.69694568066818
67,2026-09-19T05:45:53.056+00:00,2026-09-19T05:48:13.872+00:00,2026-09-19T05:48:16.786+00:00,True,30,30.0,,30.0,140815.75645699998,143730.61495299998,143730.615007,4791.020500233332,45.692823,140815.75645699998,25690.975464291118,113.11425125,100.51236193103448,15.196362985554916,0.20872379910021271,58,64,,True,True,,114,56.69694568066818
68,2026-09-19T05:45:53.457+00:00,2026-09-19T05:48:16.256+00:00,2026-09-19T05:48:17.694+00:00,True,15,15.0,,15.0,142798.889824,144237.14672000002,144237.146769,9615.8097846,46.76403,142798.889824,36843.99279392605,42920.0145705,102.73263542857143,16.516397531544804,0.10399540160842692,58,64,,True,True,,43,56.69694568066818
69,2026-09-19T05:45:54.034+00:00,2026-09-19T05:48:19.775+00:00,2026-09-19T05:48:28.382+00:00,True,89,89.0,,89.0,145741.101991,154348.733863,154348.733826,1734.255436247191,46.038861,145741.101991,15438.169721264967,112.05030740000001,97.81399854545455,19.415729846837223,0.576616327018247,58,64,,True,True,,360,56.69694568066818
70,2026-09-19T05:45:54.650+00:00,2026-09-19T05:48:22.688+00:00,2026-09-19T05:48:24.355+00:00,True,20,20.0,,20.0,148037.11610400002,149704.291784,149704.291769,7485.2145884500005,42.825499,148037.11610400002,33082.495394777296,7508.662846000001,87.74608842105263,27.126818601953534,0.1335967042872551,58,64,,True,True,,81,56.69694568066818
71,2026-09-19T05:45:55.106+00:00,2026-09-19T05:48:25.721+00:00,2026-09-19T05:48:28.063+00:00,True,23,23.0,,23.0,150614.454627,152956.860259,152956.860498,6650.298282521739,97.996339,150614.454627,31383.083877490568,114.43720929999999,106.47298327272726,4.2631618161153835,0.15036919534733112,58,64,,True,True,,105,56.69694568066818
72,2026-09-19T05:45:55.621+00:00,2026-09-19T05:48:28.273+00:00,2026-09-19T05:48:35.845+00:00,True,77,77.0,,77.0,152651.900443,160224.640283,160224.640476,2080.8394867012985,45.219164,152651.900443,17384.952353315774,112.0434538,99.64131368421053,17.770688637798713,0.48057527146884027,58,64,,True,True,,357,56.69694568066818
73,2026-09-19T05:45:56.243+00:00,2026-09-19T05:48:31.817+00:00,2026-09-19T05:48:39.121+00:00,True,73,73.0,,73.0,155573.456588,162877.49422,162877.494091,2231.198549191781,46.970369,155573.456588,18196.630762565124,113.8207042,101.44496711111111,17.35941094127565,0.44818960624110715,58,64,,True,True,,311,56.69694568066818
74,2026-09-19T05:45:56.669+00:00,2026-09-19T05:48:33.616+00:00,2026-09-19T05:48:43.324+00:00,True,96,96.0,,96.0,156947.26406299998,166654.31737499998,166654.31730499998,1735.9824719270832,46.449301,156947.26406299998,16007.942903138246,115.75430499999999,102.17950854736843,16.577976487453576,0.5760426823145782,58,64,,True,True,,503,56.69694568066818
75,2026-09-19T05:45:57.044+00:00,2026-09-19T05:48:35.843+00:00,2026-09-19T05:48:42.485+00:00,True,66,66.0,,66.0,158799.20482800002,165440.958428,165440.95837200002,2506.6811874545456,46.52164,158799.20482800002,19534.260199685235,115.37939324999999,102.18082461538461,16.547682205140653,0.3989338591067413,58,64,,True,True,,221,56.69694568066818
76,2026-09-19T05:45:57.489+00:00,2026-09-19T05:48:38.263+00:00,2026-09-19T05:48:38.481+00:00,True,3,3.0,,3.0,160774.25767,160991.850246,160991.850098,53663.95003266667,108.414945,160774.25767,92760.2474218806,144707.7496513,108.796288,0.5392566018956096,0.018634483642593815,58,64,,True,True,,5,56.69694568066818
77,2026-09-19T05:45:57.877+00:00,2026-09-19T05:48:40.566+00:00,2026-09-19T05:48:42.695+00:00,True,21,21.0,,21.0,162689.210668,164817.500972,164817.50121000002,7848.452438571429,96.933302,162689.210668,35478.474998600446,111.13548900000002,106.4145152,4.1990607879272694,0.12741365374522687,58,64,,True,True,,111,56.69694568066818
78,2026-09-19T05:45:58.232+00:00,2026-09-19T05:48:42.380+00:00,2026-09-19T05:48:48.343+00:00,True,62,62.0,,62.0,164148.606886,170111.287718,170111.287697,2743.7304467258064,47.289379000000004,164148.606886,20834.487430677058,110.88729249999999,97.74886609836065,17.975893865815856,0.3644672898060696,58,64,,True,True,,220,56.69694568066818
79,2026-09-19T05:45:58.778+00:00,2026-09-19T05:48:45.270+00:00,2026-09-19T05:48:46.880+00:00,True,18,18.0,,18.0,166491.59612099998,168101.864537,168101.86458399997,9338.992476888889,42.40126,166491.59612099998,39220.12579790674,25073.262003049997,94.72167152941176,23.03762787364089,0.1070779318812262,58,64,,True,True,,70,56.69694568066818
80,2026-09-19T05:45:59.243+00:00,2026-09-19T05:48:48.025+00:00,2026-09-19T05:48:49.165+00:00,True,12,12.0,,12.0,168781.903422,169921.856318,169921.8563,14160.154691666667,98.559318,168781.903422,48693.222818041766,76011.94419555,103.63208145454546,3.8045654434913945,0.07062069741953983,58,64,,True,True,,74,56.69694568066818
81,2026-09-19T05:45:59.729+00:00,2026-09-19T05:48:50.426+00:00,2026-09-19T05:48:54.050+00:00,True,36,36.0,,36.0,170696.87665599998,174320.14295999997,174320.142993,4842.226194249999,52.730896,170696.87665599998,28432.22736188134,111.69307450000001,103.52189440000001,9.581842739162525,0.20651658143867327,58,64,,True,True,,128,56.69694568066818
82,2026-09-19T05:46:00.088+00:00,2026-09-19T05:48:52.412+00:00,2026-09-19T05:48:57.365+00:00,True,50,50.0,,50.0,172324.038409,177276.509193,177276.509308,3545.53018616,45.476403,172324.038409,24356.010386505932,113.08752744999998,101.0708323265306,15.347717407739298,0.2820452649232012,58,64,,True,True,,206,56.69694568066818
83,2026-09-19T05:46:00.731+00:00,2026-09-19T05:48:55.499+00:00,2026-09-19T05:49:02.205+00:00,True,70,70.0,,70.0,174768.037375,181474.047231,181474.04729900003,2592.4863899857146,45.495663,174768.037375,20877.168685093573,112.42720295,97.18854863768115,19.64821282574696,0.3857300868531154,58,64,,True,True,,238,56.69694568066818
84,2026-09-19T05:46:01.295+00:00,2026-09-19T05:48:58.740+00:00,2026-09-19T05:49:00.693+00:00,True,21,21.0,,21.0,177445.357153,179398.995297,179398.995317,8542.809300809524,44.491815,177445.357153,38700.43937150201,108.874464,97.6819072,17.690988616800368,0.11705751175046393,58,64,,True,True,,28,56.69694568066818
85,2026-09-19T05:46:01.832+00:00,2026-09-19T05:49:01.517+00:00,2026-09-19T05:49:06.650+00:00,True,52,52.0,,52.0,179684.864133,184818.216581,184818.216696,3554.196474923077,46.000201999999994,179684.864133,24903.855068212182,113.15630370000001,100.65396956862745,17.334132799309128,0.2813575466853942,58,64,,True,True,,230,56.69694568066818
86,2026-09-19T05:46:02.214+00:00,2026-09-19T05:49:04.101+00:00,2026-09-19T05:49:08.205+00:00,True,42,42.0,,42.0,181887.097923,185991.192387,185991.192437,4428.361724690476,48.710894999999994,181887.097923,28050.348910298206,113.94646475000002,100.09986497560975,18.775758743749407,0.22581714467752198,58,64,,True,True,,132,56.69694568066818
87,2026-09-19T05:46:02.604+00:00,2026-09-19T05:49:06.328+00:00,2026-09-19T05:49:14.931+00:00,True,87,87.0,,87.0,183724.161042,192327.15086599998,192327.15076999998,2210.656905402299,45.076682999999996,183724.161042,19686.581319472323,113.7796619,100.03476539534883,18.478418203386425,0.4523542287620923,58,64,,True,True,,300,56.69694568066818
88,2026-09-19T05:46:03.038+00:00,2026-09-19T05:49:08.419+00:00,2026-09-19T05:49:08.638+00:00,True,3,3.0,,3.0,185380.498074,185599.946906,185599.946967,61866.648989,107.680407,185380.498074,106966.13104633735,166853.6251152,109.724416,2.8905167569886183,0.016163797727374335,58,64,,True,True,,11,56.69694568066818
89,2026-09-19T05:46:03.612+00:00,2026-09-19T05:49:11.530+00:00,2026-09-19T05:49:11.530+00:00,True,1,1.0,,1.0,187917.305793,187917.305793,187917.305793,187917.305793,187917.305793,187917.305793,nan,187917.305793,nan,nan,0.005321489661529888,58,64,,True,True,,3,56.69694568066818
90,2026-09-19T05:46:04.201+00:00,2026-09-19T05:49:14.821+00:00,2026-09-19T05:49:19.768+00:00,True,51,51.0,,51.0,190620.385249,195567.579617,195567.57979100003,3834.65842727451,44.299276,190620.385249,26678.345615777223,114.0879365,98.94388736,20.374324640647075,0.2607794200852642,58,64,,True,True,,261,56.69694568066818
91,2026-09-19T05:46:04.680+00:00,2026-09-19T05:49:17.450+00:00,2026-09-19T05:49:25.770+00:00,True,84,84.0,,84.0,192769.816691,201089.67691500002,201089.677067,2393.9247269880952,46.284341,192769.816691,21021.980969878976,112.14838485,100.23927980722893,16.78774693213639,0.417724078573693,58,64,,True,True,,346,56.69694568066818
92,2026-09-19T05:46:05.270+00:00,2026-09-19T05:49:20.275+00:00,2026-09-19T05:49:25.555+00:00,True,52,52.0,,52.0,195004.976289,200284.266913,200284.26695800002,3851.620518423077,43.565917,195004.976289,27027.97251617702,113.36100859999999,103.51550243137255,12.60266030528694,0.25963097751750963,58,64,,True,True,,207,56.69694568066818
93,2026-09-19T05:46:05.618+00:00,2026-09-19T05:49:22.463+00:00,2026-09-19T05:49:28.675+00:00,True,61,61.0,,61.0,196845.57525,203056.746578,203056.746497,3328.7991229016393,49.973622000000006,196845.57525,25190.24224588891,114.797481,103.51952213333334,12.960897985903301,0.30040863466985634,58,64,,True,True,,301,56.69694568066818
94,2026-09-19T05:46:06.167+00:00,2026-09-19T05:49:25.550+00:00,2026-09-19T05:49:30.807+00:00,True,52,52.0,,52.0,199383.11274799999,204640.38506799997,204640.38491899997,3935.3920176730767,47.945267,199383.11274799999,27635.170876694858,113.93269375,103.08377098039216,13.18135028022039,0.2541042912068452,58,64,,True,True,,175,56.69694568066818
95,2026-09-19T05:46:06.560+00:00,2026-09-19T05:49:27.835+00:00,2026-09-19T05:49:31.351+00:00,True,35,35.0,,35.0,201274.959999,204790.641023,204790.64093700002,5851.161169628572,50.42471,201274.959999,34004.2025351443,115.3551919,103.40238305882353,14.413283848990705,0.17090624759590042,58,64,,True,True,,174,56.69694568066818
96,2026-09-19T05:46:07.350+00:00,2026-09-19T05:49:30.805+00:00,2026-09-19T05:49:38.685+00:00,True,77,77.0,,77.0,203454.65495199998,211334.4458,211334.44569199998,2744.6031908051946,48.507915999999994,203454.65495199998,23173.998833949936,114.54498659999999,103.6814585263158,14.811187828701044,0.3643513943433068,58,64,,True,True,,378,56.69694568066818
97,2026-09-19T05:46:07.787+00:00,2026-09-19T05:49:34.708+00:00,2026-09-19T05:49:39.494+00:00,True,48,48.0,,48.0,206921.17228600002,211707.24051,211707.24056500001,4410.567511770833,46.020011,206921.17228600002,29851.804095791882,113.85137300000001,101.83123880851063,14.693334119119859,0.22672819259449334,58,64,,True,True,,215,56.69694568066818
98,2026-09-19T05:46:08.269+00:00,2026-09-19T05:49:38.066+00:00,2026-09-19T05:49:39.696+00:00,True,17,17.0,,17.0,209797.09653799998,211426.82377,211426.82380399999,12436.871988470588,97.66646,209797.09653799998,50858.56583948462,42045.231978,101.857952,2.9901139824552954,0.08040607003817735,58,64,,True,True,,74,56.69694568066818
99,2026-09-19T05:46:08.640+00:00,2026-09-19T05:49:39.794+00:00,2026-09-19T05:49:41.770+00:00,True,22,22.0,,22.0,211153.487613,213130.042109,213130.041972,9687.729180545455,48.786818,211153.487613,44998.01301259431,111.0548577,94.12164266666667,21.720814019668758,0.1032233643943478,58,64,,True,True,,104,56.69694568066818
100,2026-09-19T05:46:09.177+00:00,2026-09-19T05:49:42.883+00:00,2026-09-19T05:49:45.102+00:00,True,24,24.0,,24.0,213705.920551,215924.37891899998,215924.37884299998,8996.849118458333,46.740592,213705.920551,43602.854612558316,115.02583455,96.45471165217391,21.316320886005954,0.11115002446760841,58,64,,True,True,,75,56.69694568066818
101,2026-09-19T05:46:09.772+00:00,2026-09-19T05:49:45.988+00:00,2026-09-19T05:49:52.019+00:00,True,64,64.0,,64.0,216216.471537,222246.928113,222246.928041,3472.608250640625,42.057124,216216.471537,27015.10182077756,114.66284845,95.72153295238095,21.04908197323378,0.2879679847248985,58,64,,True,True,,226,56.69694568066818
102,2026-09-19T05:46:10.196+00:00,2026-09-19T05:49:47.756+00:00,2026-09-19T05:49:51.306+00:00,True,38,38.0,,38.0,217560.67223300002,221110.52413700003,221110.52430900003,5818.69800813158,49.505905,217560.67223300002,35277.44193839322,109.36236004999999,95.94194335135136,17.751921409070473,0.17185975271107046,58,64,,True,True,,145,56.69694568066818
103,2026-09-19T05:46:10.701+00:00,2026-09-19T05:49:50.337+00:00,2026-09-19T05:49:55.749+00:00,True,56,56.0,,56.0,219636.446207,225048.455167,225048.454976,4018.7224102857144,48.306148,219636.446207,29337.009660508127,112.06655699999999,98.40016290909091,15.924924489654433,0.24883530063978668,58,64,,True,True,,185,56.69694568066818
104,2026-09-19T05:46:11.070+00:00,2026-09-19T05:49:52.425+00:00,2026-09-19T05:49:59.547+00:00,True,73,73.0,,73.0,221355.284579,228476.939619,228476.939543,3129.821089630137,46.714512,221355.284579,25896.105817686606,111.84231039999999,98.91187555555555,17.94596111957131,0.3195070807659285,58,64,,True,True,,315,56.69694568066818
105,2026-09-19T05:46:11.624+00:00,2026-09-19T05:49:55.644+00:00,2026-09-19T05:49:58.546+00:00,True,30,30.0,,30.0,224020.164779,226922.206635,226922.20658700002,7564.0735529,48.434098,224020.164779,40882.03245331195,114.18893605000001,100.0704088275862,17.2928262502643,0.13220389685463627,58,64,,True,True,,135,56.69694568066818
106,2026-09-19T05:46:12.004+00:00,2026-09-19T05:49:57.341+00:00,2026-09-19T05:50:04.526+00:00,True,74,74.0,,74.0,225336.29037,232521.671234,232521.671286,3142.1847471081082,43.939758999999995,225336.29037,26183.376798255624,113.49987139999999,98.42987484931506,19.76804481404756,0.3182499059433025,58,64,,True,True,,224,56.69694568066818
107,2026-09-19T05:46:12.591+00:00,2026-09-19T05:50:00.882+00:00,2026-09-19T05:50:09.857+00:00,True,95,95.0,,95.0,228291.461331,237266.110931,237266.110785,2497.5380082631577,46.240055,228291.461331,23412.42320281722,111.371827,95.47499574468085,20.640266607798278,0.40039430674373555,58,64,,True,True,,142,56.69694568066818
108,2026-09-19T05:46:12.958+00:00,2026-09-19T05:50:02.963+00:00,2026-09-19T05:50:09.292+00:00,True,67,67.0,,67.0,230005.09189500002,236333.659959,236333.66003400003,3527.3680602089557,48.056118999999995,230005.09189500002,28087.886522037734,111.08624830000001,95.8873949090909,19.63065079403572,0.2834974925350176,58,64,,True,True,,337,56.69694568066818
109,2026-09-19T05:46:13.429+00:00,2026-09-19T05:50:05.550+00:00,2026-09-19T05:50:09.039+00:00,True,39,39.0,,39.0,232120.498838,235609.523094,235609.522934,6041.269818820513,0.057549,232120.498838,37154.34105053639,126.35903519999998,91.81642778947368,35.49178227940006,0.16552811400768533,58,64,,True,True,,173,56.69694568066818
110,2026-09-19T05:46:13.999+00:00,2026-09-19T05:50:09.291+00:00,2026-09-19T05:50:17.821+00:00,True,86,86.0,,86.0,235292.397349,243822.807077,243822.807039,2835.1489190581397,46.18421300000001,235292.397349,25361.416327387615,113.92725324999999,100.35776150588235,18.213640718810073,0.3527151583192172,58,64,,True,True,,339,56.69694568066818
111,2026-09-19T05:46:14.443+00:00,2026-09-19T05:50:11.719+00:00,2026-09-19T05:50:17.347+00:00,True,56,56.0,,56.0,237276.510263,242903.747639,242903.747587,4337.566921196429,48.01839,237276.510263,31693.739550393355,114.37459675,102.31340683636364,16.757503947581508,0.23054399343079043,58,64,,True,True,,273,56.69694568066818
112,2026-09-19T05:46:15.053+00:00,2026-09-19T05:50:14.627+00:00,2026-09-19T05:50:20.050+00:00,True,57,57.0,,57.0,239573.82033199997,244996.351404,244996.35130499996,4298.181601842105,45.194085,239573.82033199997,31719.509976538196,114.3194336,96.830912,22.518316715608435,0.2326565259986536,58,64,,True,True,,203,56.69694568066818
113,2026-09-19T05:46:15.566+00:00,2026-09-19T05:50:18.140+00:00,2026-09-19T05:50:20.714+00:00,True,28,28.0,,28.0,242573.438227,245147.84257900002,245147.842511,8755.280089678572,45.264247000000005,242573.438227,45824.057385969034,115.3126427,95.34830933333333,23.187866210929915,0.11421679140813516,58,64,,True,True,,106,56.69694568066818
114,2026-09-19T05:46:15.976+00:00,2026-09-19T05:50:20.254+00:00,2026-09-19T05:50:20.714+00:00,True,6,6.0,,6.0,244277.455645,244738.023197,244738.02324500002,40789.67054083334,49.414087,244277.455645,99688.25081484401,183234.74180974998,92.11351040000001,24.128244830231576,0.024516010718818083,58,64,,True,True,,44,56.69694568066818
115,2026-09-19T05:46:16.554+00:00,2026-09-19T05:50:22.691+00:00,2026-09-19T05:50:28.091+00:00,True,58,58.0,,58.0,246136.86633000002,251536.72681000002,251536.726797,4336.840117189656,44.264509,246136.86633000002,32306.92042547225,108.60889155000001,94.73439438596492,19.442674839112087,0.23058262996246545,58,64,,True,True,,184,56.69694568066818
116,2026-09-19T05:46:17.081+00:00,2026-09-19T05:50:25.648+00:00,2026-09-19T05:50:32.280+00:00,True,67,67.0,,67.0,248566.53754,255198.61306,255198.61291899998,3808.934521179104,48.503119,248566.53754,30354.962807932257,110.6936153,100.48599272727273,14.367630186963401,0.26254061178713206,58,64,,True,True,,321,56.69694568066818
117,2026-09-19T05:46:17.558+00:00,2026-09-19T05:50:28.410+00:00,2026-09-19T05:50:31.658+00:00,True,32,32.0,,32.0,250851.666373,254099.50918899997,254099.50934299998,7940.6096669687495,94.272813,250851.666373,44326.20802231871,111.71962955,104.7691230967742,3.963344383293646,0.12593491464085554,58,64,,True,True,,125,56.69694568066818
118,2026-09-19T05:46:18.050+00:00,2026-09-19T05:50:30.917+00:00,2026-09-19T05:50:39.752+00:00,True,89,89.0,,89.0,252866.85305399998,261701.50674999997,261701.50676199998,2940.4663681123593,50.104974999999996,252866.85305399998,26793.19586214832,111.756203,100.393792,16.07380851120731,0.3400821076854576,58,64,,True,True,,320,56.69694568066818
119,2026-09-19T05:46:18.404+00:00,2026-09-19T05:50:32.381+00:00,2026-09-19T05:50:34.335+00:00,True,21,21.0,,21.0,253976.562438,255930.732038,255930.731889,12187.177709,48.414438000000004,253976.562438,55400.910197124125,109.11606900000001,97.70848,16.411455529111468,0.08205345185697344,58,64,,True,True,,84,56.69694568066818
120,2026-09-19T05:46:18.982+00:00,2026-09-19T05:50:35.849+00:00,2026-09-19T05:50:38.733+00:00,True,30,30.0,,30.0,256866.58702,259750.38478,259750.38485,8658.346161666666,47.167772,256866.58702,46879.05698224948,116.2295802,99.44130206896553,20.67998349202034,0.11549549782345467,58,64,,True,True,,131,56.69694568066818
121,2026-09-19T05:46:19.345+00:00,2026-09-19T05:50:37.596+00:00,2026-09-19T05:50:45.996+00:00,True,85,85.0,,85.0,258250.432753,266650.656241,266650.656336,3137.0665451294117,45.201266000000004,258250.432753,28000.351246803733,113.03815740000002,100.00266057142856,18.058362956030376,0.3187691386109946,58,64,,True,True,,171,56.69694568066818
122,2026-09-19T05:46:19.771+00:00,2026-09-19T05:50:40.183+00:00,2026-09-19T05:50:41.343+00:00,True,13,13.0,,13.0,260411.885138,261571.977042,261571.977197,20120.921322846156,43.792049,260411.885138,72198.45276984555,104232.6605546,96.67432533333333,23.528481916062923,0.049699513483864595,58,64,,True,True,,42,56.69694568066818
123,2026-09-19T05:46:20.370+00:00,2026-09-19T05:50:43.261+00:00,2026-09-19T05:50:51.245+00:00,True,83,83.0,,83.0,262890.888476,270875.503644,270875.503567,3263.560283939759,45.944224999999996,262890.888476,28845.34130658337,112.05972829999999,97.37335570731707,18.067251139093656,0.3064138280628112,58,64,,True,True,,334,56.69694568066818
124,2026-09-19T05:46:20.767+00:00,2026-09-19T05:50:45.281+00:00,2026-09-19T05:50:47.138+00:00,True,21,21.0,,21.0,264514.093449,266370.91853699996,266370.91853799997,12684.329454190474,49.118947,264514.093449,57701.45162372944,111.495864,92.84125440000001,21.587481950843287,0.07883743508990836,58,64,,True,True,,60,56.69694568066818
125,2026-09-19T05:46:21.391+00:00,2026-09-19T05:50:48.541+00:00,2026-09-19T05:50:56.489+00:00,True,84,84.0,,84.0,267150.2058,275098.204264,275098.204352,3274.978623238095,44.806837,267150.2058,29138.03551562704,111.4972118,95.75901763855421,19.6384899930987,0.30534550461619436,58,64,,True,True,,397,56.69694568066818
126,2026-09-19T05:46:22.848+00:00,2026-09-19T05:50:55.434+00:00,2026-09-19T05:50:56.482+00:00,True,12,12.0,,12.0,272586.318197,273634.200437,273634.200463,22802.850038583336,48.658559000000004,272586.318197,78661.39517829024,122726.26421215001,95.26202181818181,22.253898831802854,0.04385416728185194,58,64,,True,True,,60,56.69694568066818
127,2026-09-19T05:46:22.883+00:00,2026-09-19T05:50:56.227+00:00,2026-09-19T05:51:04.689+00:00,True,85,85.0,,85.0,273343.631511,281805.720215,281805.720102,3315.361412964706,43.235201,273343.631511,29637.35717322746,111.89321520000001,100.73915123809523,16.071040025921707,0.30162624071346167,58,64,,True,True,,320,56.69694568066818
128,2026-09-19T05:46:23.079+00:00,2026-09-19T05:50:58.018+00:00,2026-09-19T05:51:00.146+00:00,True,22,22.0,,22.0,274939.325195,277067.367179,277067.367332,12593.971242363636,50.214995,274939.325195,58595.657609943264,111.75312375,101.33533257142857,12.60437715260195,0.07940307162115866,58,64,,True,True,,93,56.69694568066818
129,2026-09-19T05:46:23.720+00:00,2026-09-19T05:51:01.338+00:00,2026-09-19T05:51:05.425+00:00,True,40,40.0,,40.0,277617.680831,281705.101759,281705.101712,7042.627542799999,53.458807,277617.680831,43878.63927111188,113.19431,104.80566482051282,9.459754881306527,0.14199245860382104,58,64,,True,True,,196,56.69694568066818
130,2026-09-19T05:46:24.122+00:00,2026-09-19T05:51:03.404+00:00,2026-09-19T05:51:07.359+00:00,True,42,42.0,,42.0,279282.81541399995,283237.0861339999,283237.08596999996,6743.740142142856,48.945978000000004,279282.81541399995,43079.39736534826,112.76003620000002,96.44562731707316,21.51772387289808,0.14828566616495176,58,64,,True,True,,200,56.69694568066818
131,2026-09-19T05:46:24.686+00:00,2026-09-19T05:51:06.265+00:00,2026-09-19T05:51:10.576+00:00,True,47,47.0,,47.0,281579.103534,285890.69802999997,285890.69808,6082.780810212766,48.607059,281579.103534,41058.8671241852,111.1461943,93.73031513043478,21.590086095121375,0.16439849328384953,58,64,,True,True,,259,56.69694568066818
132,2026-09-19T05:46:25.207+00:00,2026-09-19T05:51:09.534+00:00,2026-09-19T05:51:10.049+00:00,True,6,6.0,,6.0,284326.92255699995,284842.500157,284842.50035399996,47473.75005899999,98.159024,284326.92255699995,116033.88336143739,213272.157986,103.11552,3.6345220911564153,0.02106427234943139,58,64,,True,True,,18,56.69694568066818
133,2026-09-19T05:46:25.555+00:00,2026-09-19T05:51:11.402+00:00,2026-09-19T05:51:19.883+00:00,True,86,86.0,,86.0,285847.202,294327.321808,294327.321841,3422.410719081395,45.395086000000006,285847.202,30812.942711968935,110.8612185,99.7661153882353,16.307966822253245,0.29219169824845825,58,64,,True,True,,283,56.69694568066818
134,2026-09-19T05:46:26.126+00:00,2026-09-19T05:51:14.065+00:00,2026-09-19T05:51:18.209+00:00,True,43,43.0,,43.0,287939.206007,292083.853943,292083.854066,6792.647768976744,45.488716000000004,287939.206007,43895.27215992344,111.06029410000001,98.68209371428571,18.4370502518186,0.147217997227575,58,64,,True,True,,168,56.69694568066818
135,2026-09-19T05:46:26.506+00:00,2026-09-19T05:51:16.361+00:00,2026-09-19T05:51:24.704+00:00,True,85,85.0,,85.0,289854.777501,298198.25679699995,298198.256765,3508.214785470588,47.88529,289854.777501,31428.39717435591,114.5727648,99.32713447619048,19.410319015706445,0.28504526120642015,58,64,,True,True,,401,56.69694568066818
136,2026-09-19T05:46:26.880+00:00,2026-09-19T05:51:18.319+00:00,2026-09-19T05:51:19.886+00:00,True,16,16.0,,16.0,291439.442524,293006.8015,293006.801567,18312.9250979375,98.07389500000001,291439.442524,72833.7380468056,72943.5546715,104.49059840000001,3.222136211582372,0.05460624094079263,58,64,,True,True,,73,56.69694568066818
137,2026-09-19T05:46:27.278+00:00,2026-09-19T05:51:19.784+00:00,2026-09-19T05:51:27.360+00:00,False,78,77.0,,77.0,292505.06328899995,300081.89221699996,300081.89212299994,3847.203745166666,0.03554,292505.06328899995,33108.5426629518,114.784646,98.40037568831168,22.813910730448498,0.25659662244571074,58,64,,True,False,Request timeout: 300.0s exceeded,327,56.69694568066818
138,2026-09-19T05:46:27.688+00:00,2026-09-19T05:51:22.745+00:00,2026-09-19T05:51:25.027+00:00,True,24,24.0,,24.0,295057.247593,297338.659433,297338.659348,12389.110806166667,47.267072,295057.247593,60208.065111729455,118.57054465000002,99.19181913043478,22.71020023953158,0.08071604293153804,58,64,,True,True,,103,56.69694568066818
139,2026-09-19T05:46:28.260+00:00,2026-09-19T05:51:26.086+00:00,2026-09-19T05:51:28.303+00:00,False,24,23.0,,23.0,297826.046499,300042.610467,300042.610623,12501.775442625,0.02875,297826.046499,60773.82084722761,110.67063945,96.37234643478261,26.680807401628957,0.07665577887154679,58,64,,True,False,Request timeout: 300.0s exceeded,103,56.69694568066818
140,2026-09-19T05:46:28.772+00:00,2026-09-19T05:51:28.513+00:00,2026-09-19T05:51:29.491+00:00,False,11,10.0,,10.0,299741.30329,300719.490554,300719.490695,27338.135517727274,0.02162,299741.30329,90345.91594716007,149931.296956,97.8187264,34.784624733764765,0.033253581208113635,58,64,,True,False,Request timeout: 300.0s exceeded,43,56.69694568066818
141,2026-09-19T05:46:29.271+00:00,2026-09-19T05:51:29.601+00:00,2026-09-19T05:51:29.601+00:00,False,1,0.0,,0.0,300329.665306,300329.665306,300329.665306,300329.665306,300329.665306,300329.665306,nan,300329.665306,nan,nan,0.0,58,64,,True,False,TTFT timeout: 300.0s exceeded (TTFT: 300.003s),0,56.69694568066818
142,2026-09-19T05:46:29.861+00:00,2026-09-19T05:51:29.894+00:00,2026-09-19T05:51:29.894+00:00,False,1,0.0,,0.0,300033.810236,300033.810236,300033.810236,300033.810236,300033.810236,300033.810236,nan,300033.810236,nan,nan,0.0,58,64,,True,False,"HTTPConnectionPool(host='gpu03', port=9002): Read timed out.",0,56.69694568066818
143,2026-09-19T05:46:30.229+00:00,2026-09-19T05:51:30.320+00:00,2026-09-19T05:51:30.320+00:00,False,1,0.0,,0.0,300090.698453,300090.698453,300090.698453,300090.698453,300090.698453,300090.698453,nan,300090.698453,nan,nan,0.0,58,64,,True,False,TTFT timeout: 300.0s exceeded (TTFT: 300.076s),0,56.69694568066818
144,2026-09-19T05:46:30.644+00:00,2026-09-19T05:51:30.764+00:00,2026-09-19T05:51:30.764+00:00,False,1,0.0,,0.0,300120.806955,300120.806955,300120.806955,300120.806955,300120.806955,300120.806955,nan,300120.806955,nan,nan,0.0,58,64,,True,False,"HTTPConnectionPool(host='gpu03', port=9002): Read timed out.",0,56.69694568066818
145,2026-09-19T05:46:30.999+00:00,2026-09-19T05:51:30.986+00:00,2026-09-19T05:51:31.098+00:00,False,3,2.0,,2.0,299987.03764999995,300098.88021,300098.88014399994,100032.96004799998,0.035149,299987.03764999995,173165.31981175076,269999.51461949997,55.92128,79.03503330320376,0.006664470052672178,58,64,,True,False,Request timeout: 300.0s exceeded,4,56.69694568066818
146,2026-09-19T05:46:31.407+00:00,2026-09-19T05:51:31.096+00:00,2026-09-19T05:51:31.530+00:00,False,7,6.0,,6.0,299689.30920599995,300123.56379799993,300123.56381799997,42874.79483114285,0.039990000000000005,299689.30920599995,113244.56465671014,209818.57366139998,72.37576533333333,47.51110010345319,0.01999176580496138,58,64,,True,False,Request timeout: 300.0s exceeded,13,56.69694568066818
147,2026-09-19T05:46:31.992+00:00,2026-09-19T05:51:32.101+00:00,2026-09-19T05:51:32.101+00:00,False,1,0.0,,0.0,300109.39266,300109.39266,300109.39266,300109.39266,300109.39266,300109.39266,nan,300109.39266,nan,nan,0.0,58,64,,True,False,"HTTPConnectionPool(host='gpu03', port=9002): Read timed out.",0,56.69694568066818
148,2026-09-19T05:46:32.345+00:00,2026-09-19T05:51:32.413+00:00,2026-09-19T05:51:32.413+00:00,False,1,0.0,,0.0,300067.748835,300067.748835,300067.748835,300067.748835,300067.748835,300067.748835,nan,300067.748835,nan,nan,0.0,58,64,,True,False,TTFT timeout: 300.0s exceeded (TTFT: 300.062s),0,56.69694568066818
149,2026-09-19T05:46:32.987+00:00,2026-09-19T05:51:32.910+00:00,2026-09-19T05:51:33.022+00:00,False,3,2.0,,2.0,299922.217321,300034.643305,300034.643243,100011.54774766667,0.055119999999999995,299922.217321,173127.72744608807,269941.2326691,56.212992,79.41933735349728,0.0066658969043348155,58,64,,True,False,Request timeout: 300.0s exceeded,4,56.69694568066818
150,2026-09-19T05:46:33.498+00:00,2026-09-19T05:51:33.549+00:00,2026-09-19T05:51:33.549+00:00,False,1,0.0,,0.0,300051.050822,300051.050822,300051.050822,300051.050822,300051.050822,300051.050822,nan,300051.050822,nan,nan,0.0,58,64,,True,False,"HTTPConnectionPool(host='gpu03', port=9002): Read timed out.",0,56.69694568066818
151,2026-09-19T05:46:33.925+00:00,2026-09-19T05:51:34.025+00:00,2026-09-19T05:51:34.025+00:00,False,1,0.0,,0.0,300099.97941,300099.97941,300099.97941,300099.97941,300099.97941,300099.97941,nan,300099.97941,nan,nan,0.0,58,64,,True,False,TTFT timeout: 300.0s exceeded (TTFT: 300.094s),0,56.69694568066818
152,2026-09-19T05:46:34.468+00:00,2026-09-19T05:51:34.406+00:00,2026-09-19T05:51:34.548+00:00,False,3,2.0,,2.0,299937.96592,300079.666016,300079.665905,100026.55530166667,0.03892,299937.96592,173128.3745830443,269958.33543449995,70.850048,100.14206889824572,0.006664896780754754,58,64,,True,False,Request timeout: 300.0s exceeded,3,56.69694568066818
153,2026-09-19T05:46:35.090+00:00,2026-09-19T05:51:35.180+00:00,2026-09-19T05:51:35.180+00:00,False,1,0.0,,0.0,300090.803549,300090.803549,300090.803549,300090.803549,300090.803549,300090.803549,nan,300090.803549,nan,nan,0.0,58,64,,True,False,"HTTPConnectionPool(host='gpu03', port=9002): Read timed out.",0,56.69694568066818
154,2026-09-19T05:46:35.587+00:00,2026-09-19T05:51:35.614+00:00,2026-09-19T05:51:35.614+00:00,False,1,0.0,,0.0,300026.574532,300026.574532,300026.574532,300026.574532,300026.574532,300026.574532,nan,300026.574532,nan,nan,0.0,58,64,,True,False,TTFT timeout: 300.0s exceeded (TTFT: 300.021s),0,56.69694568066818
155,2026-09-19T05:46:36.216+00:00,2026-09-19T05:51:36.149+00:00,2026-09-19T05:51:36.252+00:00,False,3,2.0,,2.0,299933.086889,300035.703209,300035.703333,100011.90111100001,0.07323,299933.086889,173136.83321923617,269950.0325215,51.30816,72.45715267222603,0.006665873356434625,58,64,,True,False,Request timeout: 300.0s exceeded,4,56.69694568066818
156,2026-09-19T05:46:36.686+00:00,2026-09-19T05:51:36.773+00:00,2026-09-19T05:51:36.773+00:00,False,1,0.0,,0.0,300087.192648,300087.192648,300087.192648,300087.192648,300087.192648,300087.192648,nan,300087.192648,nan,nan,0.0,58,64,,True,False,"HTTPConnectionPool(host='gpu03', port=9002): Read timed out.",0,56.69694568066818
157,2026-09-19T05:46:37.717+00:00,2026-09-19T05:51:37.330+00:00,2026-09-19T05:51:37.900+00:00,False,7,6.0,,6.0,299613.495528,300183.111912,300183.111901,42883.30170014286,0.039130000000000005,299613.495528,113207.38259508072,209767.4564046,94.936064,46.941373589896585,0.01998779998575978,58,64,,True,False,Request timeout: 300.0s exceeded,22,56.69694568066818
158,2026-09-19T05:46:37.808+00:00,2026-09-19T05:51:37.785+00:00,2026-09-19T05:51:37.994+00:00,False,4,3.0,,3.0,299977.223467,300186.758187,300186.75823700003,75046.68955925001,0.02462,299977.223467,149953.69756195645,254997.63698095002,69.84490666666667,61.06886470896034,0.009993778600091225,58,64,,True,False,Request timeout: 300.0s exceeded,10,56.69694568066818
159,2026-09-19T05:46:38.076+00:00,2026-09-19T05:51:38.156+00:00,2026-09-19T05:51:38.156+00:00,False,1,0.0,,0.0,300080.029176,300080.029176,300080.029176,300080.029176,300080.029176,300080.029176,nan,300080.029176,nan,nan,0.0,58,64,,True,False,"HTTPConnectionPool(host='gpu03', port=9002): Read timed out.",0,56.69694568066818
160,2026-09-19T05:46:38.435+00:00,2026-09-19T05:51:38.541+00:00,2026-09-19T05:51:38.541+00:00,False,1,0.0,,0.0,300106.595073,300106.595073,300106.595073,300106.595073,300106.595073,300106.595073,nan,300106.595073,nan,nan,0.0,58,64,,True,False,"HTTPConnectionPool(host='gpu03', port=9002): Read timed out.",0,56.69694568066818
161,2026-09-19T05:46:38.928+00:00,2026-09-19T05:51:39.359+00:00,2026-09-19T05:51:39.525+00:00,False,5,4.0,,4.0,300431.516342,300597.12990999996,300597.129852,60119.4259704,0.022989000000000002,300431.516342,134338.5447203142,240358.0337502,41.403392,28.383233637058904,0.013306846945603294,58,64,,True,False,Request timeout: 300.0s exceeded,13,56.69694568066818
162,2026-09-19T05:46:39.430+00:00,2026-09-19T05:51:39.426+00:00,2026-09-19T05:51:39.686+00:00,False,6,5.0,,5.0,299996.236457,300255.779753,300255.77987200004,50042.62997866667,0.03625,299996.236457,122451.76371228199,225023.83994175002,51.9086592,37.7869865811281,0.01665246878549069,58,64,,True,False,Request timeout: 300.0s exceeded,35,56.69694568066818
163,2026-09-19T05:46:39.847+00:00,2026-09-19T05:51:39.865+00:00,2026-09-19T05:51:39.865+00:00,False,1,0.0,,0.0,300018.396937,300018.396937,300018.396937,300018.396937,300018.396937,300018.396937,nan,300018.396937,nan,nan,0.0,58,64,,True,False,"HTTPConnectionPool(host='gpu03', port=9002): Read timed out.",0,56.69694568066818
164,2026-09-19T05:46:40.313+00:00,2026-09-19T05:51:40.334+00:00,2026-09-19T05:51:40.334+00:00,False,1,0.0,,0.0,300020.863314,300020.863314,300020.863314,300020.863314,300020.863314,300020.863314,nan,300020.863314,nan,nan,0.0,58,64,,True,False,"HTTPConnectionPool(host='gpu03', port=9002): Read timed out.",0,56.69694568066818
165,2026-09-19T05:46:40.898+00:00,2026-09-19T05:51:40.951+00:00,2026-09-19T05:51:40.951+00:00,False,1,0.0,,0.0,300052.562032,300052.562032,300052.562032,300052.562032,300052.562032,300052.562032,nan,300052.562032,nan,nan,0.0,58,64,,True,False,TTFT timeout: 300.0s exceeded (TTFT: 300.038s),0,56.69694568066818
166,2026-09-19T05:46:41.369+00:00,2026-09-19T05:51:41.081+00:00,2026-09-19T05:51:41.420+00:00,False,6,5.0,,5.0,299711.52941799996,300050.30420199997,300050.30420099996,50008.38403349999,0.08293,299711.52941799996,122329.06464283455,224808.571914,67.7549568,42.73190902153138,0.016663872457312687,58,64,,True,False,Request timeout: 300.0s exceeded,36,56.69694568066818
167,2026-09-19T05:46:41.790+00:00,2026-09-19T05:51:41.902+00:00,2026-09-19T05:51:41.902+00:00,False,1,0.0,,0.0,300112.80073799996,300112.80073799996,300112.80073799996,300112.80073799996,300112.80073799996,300112.80073799996,nan,300112.80073799996,nan,nan,0.0,58,64,,True,False,"HTTPConnectionPool(host='gpu03', port=9002): Read timed out.",0,56.69694568066818
168,2026-09-19T05:46:42.375+00:00,2026-09-19T05:51:42.400+00:00,2026-09-19T05:51:42.400+00:00,False,1,0.0,,0.0,300024.79985,300024.79985,300024.79985,300024.79985,300024.79985,300024.79985,nan,300024.79985,nan,nan,0.0,58,64,,True,False,TTFT timeout: 300.0s exceeded (TTFT: 300.011s),0,56.69694568066818
169,2026-09-19T05:46:42.751+00:00,2026-09-19T05:51:42.685+00:00,2026-09-19T05:51:42.817+00:00,False,3,2.0,,2.0,299933.568078,300065.771342,300065.771425,100021.92380833333,0.08422,299933.568078,173128.5750367497,269953.4231829,66.101632,93.36271374631805,0.006665205401653425,58,64,,True,False,Request timeout: 300.0s exceeded,7,56.69694568066818
170,2026-09-19T05:46:43.154+00:00,2026-09-19T05:51:42.924+00:00,2026-09-19T05:51:43.238+00:00,False,5,4.0,,4.0,299770.60024299996,300084.588595,300084.58869199996,60016.91773839999,0.03583,299770.60024299996,134026.39071231967,239838.82526919994,78.497088,52.55578565302694,0.013329574899957553,58,64,,True,False,Request timeout: 300.0s exceeded,20,56.69694568066818
171,2026-09-19T05:46:43.609+00:00,2026-09-19T05:51:43.713+00:00,2026-09-19T05:51:43.713+00:00,False,1,0.0,,0.0,300104.63889999996,300104.63889999996,300104.63889999996,300104.63889999996,300104.63889999996,300104.63889999996,nan,300104.63889999996,nan,nan,0.0,58,64,,True,False,"HTTPConnectionPool(host='gpu03', port=9002): Read timed out.",0,56.69694568066818
172,2026-09-19T05:46:44.124+00:00,2026-09-19T05:51:44.180+00:00,2026-09-19T05:51:44.180+00:00,False,1,0.0,,0.0,300056.028308,300056.028308,300056.028308,300056.028308,300056.028308,300056.028308,nan,300056.028308,nan,nan,0.0,58,64,,True,False,"HTTPConnectionPool(host='gpu03', port=9002): Read timed out.",0,56.69694568066818
173,2026-09-19T05:46:44.669+00:00,2026-09-19T05:51:44.481+00:00,2026-09-19T05:51:44.740+00:00,False,4,3.0,,3.0,299812.030126,300070.693038,300070.693172,75017.673293,0.04285,299812.030126,149862.91765688956,254862.30668155,86.22097066666667,76.74841879999617,0.009997644120547586,58,64,,True,False,Request timeout: 300.0s exceeded,7,56.69694568066818
174,2026-09-19T05:46:45.030+00:00,2026-09-19T05:51:44.739+00:00,2026-09-19T05:51:45.099+00:00,False,6,5.0,,5.0,299708.52301099995,300068.72653099993,300068.72639399994,50011.454398999995,0.03499,299708.52301099995,122326.08875474571,224808.11313674998,72.040704,46.535069670549326,0.01666284940054709,58,64,,True,False,Request timeout: 300.0s exceeded,11,56.69694568066818
175,2026-09-19T05:46:45.570+00:00,2026-09-19T05:51:45.684+00:00,2026-09-19T05:51:45.684+00:00,False,1,0.0,,0.0,300114.34847799997,300114.34847799997,300114.34847799997,300114.34847799997,300114.34847799997,300114.34847799997,nan,300114.34847799997,nan,nan,0.0,58,64,,True,False,"HTTPConnectionPool(host='gpu03', port=9002): Read timed out.",0,56.69694568066818
176,2026-09-19T05:46:46.122+00:00,2026-09-19T05:51:46.012+00:00,2026-09-19T05:51:46.170+00:00,False,3,2.0,,2.0,299890.11577,300047.62412199995,300047.624089,100015.87469633333,0.02499,299890.11577,173096.18823608677,269916.85252589994,78.754176,111.34010604153686,0.006665608520822002,58,64,,True,False,Request timeout: 300.0s exceeded,5,56.69694568066818
177,2026-09-19T05:46:46.625+00:00,2026-09-19T05:51:46.393+00:00,2026-09-19T05:51:46.682+00:00,False,5,4.0,,4.0,299767.700937,300056.731337,300056.73111399997,60011.3462228,0.10151,299767.700937,134027.8832978626,239834.26760740002,72.2576,48.211016231490106,0.013330812417294237,58,64,,True,False,Request timeout: 300.0s exceeded,13,56.69694568066818
178,2026-09-19T05:46:47.259+00:00,2026-09-19T05:51:47.305+00:00,2026-09-19T05:51:47.305+00:00,False,1,0.0,,0.0,300046.07201,300046.07201,300046.07201,300046.07201,300046.07201,300046.07201,nan,300046.07201,nan,nan,0.0,58,64,,True,False,"HTTPConnectionPool(host='gpu03', port=9002): Read timed out.",0,56.69694568066818
179,2026-09-19T05:46:47.901+00:00,2026-09-19T05:51:47.827+00:00,2026-09-19T05:51:47.931+00:00,False,3,2.0,,2.0,299925.53332,300030.173064,300030.172939,100010.05764633333,0.022799,299925.53332,173131.88844158262,269943.44167,52.319872,73.95925112221923,0.00666599622156461,58,64,,True,False,Request timeout: 300.0s exceeded,3,56.69694568066818
180,2026-09-19T05:46:48.495+00:00,2026-09-19T05:51:48.605+00:00,2026-09-19T05:51:48.605+00:00,False,1,0.0,,0.0,300109.534047,300109.534047,300109.534047,300109.534047,300109.534047,300109.534047,nan,300109.534047,nan,nan,0.0,58,64,,True,False,"HTTPConnectionPool(host='gpu03', port=9002): Read timed out.",0,56.69694568066818
181,2026-09-19T05:46:49.066+00:00,2026-09-19T05:51:49.184+00:00,2026-09-19T05:51:49.184+00:00,False,1,0.0,,0.0,300118.19971899997,300118.19971899997,300118.19971899997,300118.19971899997,300118.19971899997,300118.19971899997,nan,300118.19971899997,nan,nan,0.0,58,64,,True,False,"HTTPConnectionPool(host='gpu03', port=9002): Read timed out.",0,56.69694568066818
182,2026-09-19T05:46:49.461+00:00,2026-09-19T05:51:49.393+00:00,2026-09-19T05:51:49.523+00:00,False,3,2.0,,2.0,299931.670023,300062.104583,300062.104703,100020.70156766666,0.02718,299931.670023,173127.98945092302,269951.5437707,65.21728,92.19278577785505,0.006665286850465255,58,64,,True,False,Request timeout: 300.0s exceeded,10,56.69694568066818
183,2026-09-19T05:46:50.106+00:00,2026-09-19T05:51:50.214+00:00,2026-09-19T05:51:50.214+00:00,False,1,0.0,,0.0,300107.057789,300107.057789,300107.057789,300107.057789,300107.057789,300107.057789,nan,300107.057789,nan,nan,0.0,58,64,,True,False,TTFT timeout: 300.0s exceeded (TTFT: 300.099s),0,56.69694568066818
184,2026-09-19T05:46:50.547+00:00,2026-09-19T05:51:50.753+00:00,2026-09-19T05:51:51.463+00:00,False,8,7.0,,7.0,300206.526806,300916.23842199997,300916.238393,37614.529799125,0.03865,300206.526806,106103.19883947494,195186.10880314998,101.38737371428572,47.873345382217344,0.023262287328553254,58,64,,True,False,Request timeout: 300.0s exceeded,41,56.69694568066818
185,2026-09-19T05:46:50.955+00:00,2026-09-19T05:51:51.109+00:00,2026-09-19T05:51:51.566+00:00,False,6,5.0,,5.0,300154.055811,300611.472515,300611.472386,50101.91206433333,0.02451,300154.055811,122500.04198271375,225152.36635250002,91.4833408,54.58494131676028,0.01663276507103537,58,64,,True,False,Request timeout: 300.0s exceeded,23,56.69694568066818
186,2026-09-19T05:46:51.520+00:00,2026-09-19T05:51:51.681+00:00,2026-09-19T05:51:51.681+00:00,False,1,0.0,,0.0,300161.62479900004,300161.62479900004,300161.62479900004,300161.62479900004,300161.62479900004,300161.62479900004,nan,300161.62479900004,nan,nan,0.0,58,64,,True,False,"HTTPConnectionPool(host='gpu03', port=9002): Read timed out.",0,56.69694568066818
187,2026-09-19T05:46:52.138+00:00,2026-09-19T05:51:52.206+00:00,2026-09-19T05:51:52.206+00:00,False,1,0.0,,0.0,300068.614129,300068.614129,300068.614129,300068.614129,300068.614129,300068.614129,nan,300068.614129,nan,nan,0.0,58,64,,True,False,"HTTPConnectionPool(host='gpu03', port=9002): Read timed out.",0,56.69694568066818
188,2026-09-19T05:46:52.710+00:00,2026-09-19T05:51:52.768+00:00,2026-09-19T05:51:52.768+00:00,False,1,0.0,,0.0,300057.65208200004,300057.65208200004,300057.65208200004,300057.65208200004,300057.65208200004,300057.65208200004,nan,300057.65208200004,nan,nan,0.0,58,64,,True,False,TTFT timeout: 300.0s exceeded (TTFT: 300.049s),0,56.69694568066818
189,2026-09-19T05:46:53.153+00:00,2026-09-19T05:51:52.988+00:00,2026-09-19T05:51:53.168+00:00,False,4,3.0,,3.0,299835.546249,300014.79924100003,300014.799288,75003.699822,0.021059,299835.546249,149887.90365311224,254874.5816199,59.75099733333334,52.093684548891154,0.009999506716300746,58,64,,True,False,Request timeout: 300.0s exceeded,10,56.69694568066818
190,2026-09-19T05:46:53.647+00:00,2026-09-19T05:51:53.165+00:00,2026-09-19T05:51:53.682+00:00,False,7,6.0,,6.0,299518.279073,300034.648225,300034.64824400004,42862.09260628572,0.03148,299518.279073,113174.74687476255,209694.79734950003,86.06152533333332,42.23920922548362,0.019997690385080192,58,64,,True,False,Request timeout: 300.0s exceeded,19,56.69694568066818
191,2026-09-19T05:46:54.136+00:00,2026-09-19T05:51:54.240+00:00,2026-09-19T05:51:54.240+00:00,False,1,0.0,,0.0,300104.38274900004,300104.38274900004,300104.38274900004,300104.38274900004,300104.38274900004,300104.38274900004,nan,300104.38274900004,nan,nan,0.0,58,64,,True,False,"HTTPConnectionPool(host='gpu03', port=9002): Read timed out.",0,56.69694568066818
192,2026-09-19T05:46:54.566+00:00,2026-09-19T05:51:54.533+00:00,2026-09-19T05:51:54.645+00:00,False,3,2.0,,2.0,299966.8005,300079.62021200004,300079.620244,100026.54008133334,0.05614,299966.8005,173153.35393216123,269981.3968104,56.409856,79.69629693755242,0.0066648977980811935,58,64,,True,False,Request timeout: 300.0s exceeded,8,56.69694568066818
193,2026-09-19T05:46:55.666+00:00,2026-09-19T05:51:54.778+00:00,2026-09-19T05:51:55.809+00:00,False,12,11.0,,11.0,299112.12053799996,300142.65698599996,300142.65684599994,25011.888070499997,0.024030000000000003,299112.12053799996,86319.194499856,134672.99573034997,93.68513163636364,37.509610856060085,0.03664923910003599,58,64,,True,False,Request timeout: 300.0s exceeded,47,56.69694568066818
194,2026-09-19T05:46:55.697+00:00,2026-09-19T05:51:55.808+00:00,2026-09-19T05:51:55.925+00:00,False,3,2.0,,2.0,300110.499852,300227.58733999997,300227.587314,100075.862438,0.02631,300110.499852,173235.08752069078,270111.155982,58.543744,82.75606677368586,0.0066616130040543274,58,64,,True,False,Request timeout: 300.0s exceeded,4,56.69694568066818
195,2026-09-19T05:46:56.195+00:00,2026-09-19T05:51:56.213+00:00,2026-09-19T05:51:56.213+00:00,False,1,0.0,,0.0,300018.80783099995,300018.80783099995,300018.80783099995,300018.80783099995,300018.80783099995,300018.80783099995,nan,300018.80783099995,nan,nan,0.0,58,64,,True,False,"HTTPConnectionPool(host='gpu03', port=9002): Read timed out.",0,56.69694568066818
196,2026-09-19T05:46:56.548+00:00,2026-09-19T05:51:56.567+00:00,2026-09-19T05:51:56.567+00:00,False,1,0.0,,0.0,300018.648192,300018.648192,300018.648192,300018.648192,300018.648192,300018.648192,nan,300018.648192,nan,nan,0.0,58,64,,True,False,"HTTPConnectionPool(host='gpu03', port=9002): Read timed out.",0,56.69694568066818
197,2026-09-19T05:46:57.140+00:00,2026-09-19T05:51:57.256+00:00,2026-09-19T05:51:57.256+00:00,False,1,0.0,,0.0,300116.291776,300116.291776,300116.291776,300116.291776,300116.291776,300116.291776,nan,300116.291776,nan,nan,0.0,58,64,,True,False,"HTTPConnectionPool(host='gpu03', port=9002): Read timed out.",0,56.69694568066818
198,2026-09-19T05:46:57.557+00:00,2026-09-19T05:51:57.290+00:00,2026-09-19T05:51:57.611+00:00,False,5,4.0,,4.0,299733.73071100004,300054.168215,300054.16827300005,60010.83365460001,0.0215,299733.73071100004,134009.18154244058,239810.54672280003,80.109376,53.95770409408199,0.013330926291728268,58,64,,True,False,Request timeout: 300.0s exceeded,14,56.69694568066818
199,2026-09-19T05:46:58.099+00:00,2026-09-19T05:51:57.812+00:00,2026-09-19T05:51:58.116+00:00,False,5,4.0,,4.0,299712.411772,300016.79321200005,300016.793184,60003.3586368,0.04081,299712.411772,134001.44160335706,239790.36241340003,76.09536,50.706399891207845,0.013332587010132766,58,64,,True,False,Request timeout: 300.0s exceeded,24,56.69694568066818
200,2026-09-19T05:46:58.568+00:00,2026-09-19T05:51:58.630+00:00,2026-09-19T05:51:58.630+00:00,False,1,0.0,,0.0,300061.98617,300061.98617,300061.98617,300061.98617,300061.98617,300061.98617,nan,300061.98617,nan,nan,0.0,58,64,,True,False,"HTTPConnectionPool(host='gpu03', port=9002): Read timed out.",0,56.69694568066818
201,2026-09-19T05:46:58.927+00:00,2026-09-19T05:51:58.929+00:00,2026-09-19T05:51:59.077+00:00,False,3,2.0,,2.0,300001.855088,300150.00715200003,300150.007143,100050.002381,0.027119,300001.855088,173163.39981058994,270016.4820728,74.076032,104.72095300195483,0.006663334840392566,58,64,,True,False,Request timeout: 300.0s exceeded,10,56.69694568066818
202,2026-09-19T05:46:59.414+00:00,2026-09-19T05:51:59.199+00:00,2026-09-19T05:51:59.425+00:00,False,4,3.0,,3.0,299784.840377,300010.45087299997,300010.45084299997,75002.61271074999,0.02469,299784.840377,149854.8278739533,254834.12908924997,75.20349866666668,65.10977063131085,0.009999651649701884,58,64,,True,False,Request timeout: 300.0s exceeded,5,56.69694568066818
203,2026-09-19T05:46:59.805+00:00,2026-09-19T05:51:59.622+00:00,2026-09-19T05:51:59.870+00:00,False,6,5.0,,5.0,299817.832353,300064.992929,300064.992925,50010.83215416667,0.07967,299817.832353,122379.94106835857,224888.52201075,49.432115200000005,35.571962452408656,0.016663056730456646,58,64,,True,False,Request timeout: 300.0s exceeded,15,56.69694568066818
204,2026-09-19T05:47:00.317+00:00,2026-09-19T05:52:00.319+00:00,2026-09-19T05:52:00.415+00:00,False,3,2.0,,2.0,300001.127886,300097.626062,300097.62595899997,100032.54198633332,0.06356,300001.127886,173177.88205159,270010.6585487,48.249088,68.14436699241304,0.006664497904381293,58,64,,True,False,Request timeout: 300.0s exceeded,4,56.69694568066818
205,2026-09-19T05:47:00.798+00:00,2026-09-19T05:52:00.801+00:00,2026-09-19T05:52:00.909+00:00,False,3,2.0,,2.0,300003.68907599995,300111.750004,300111.74993999995,100037.24997999998,0.07382999999999999,300003.68907599995,173176.02456710223,270014.11887179996,54.030464,76.30634783258462,0.006664184257941728,58,64,,True,False,Request timeout: 300.0s exceeded,4,56.69694568066818
206,2026-09-19T05:47:01.370+00:00,2026-09-19T05:52:01.445+00:00,2026-09-19T05:52:01.445+00:00,False,1,0.0,,0.0,300074.543488,300074.543488,300074.543488,300074.543488,300074.543488,300074.543488,nan,300074.543488,nan,nan,0.0,58,64,,True,False,"HTTPConnectionPool(host='gpu03', port=9002): Read timed out.",0,56.69694568066818
207,2026-09-19T05:47:01.851+00:00,2026-09-19T05:52:01.931+00:00,2026-09-19T05:52:01.931+00:00,False,1,0.0,,0.0,300080.70075,300080.70075,300080.70075,300080.70075,300080.70075,300080.70075,nan,300080.70075,nan,nan,0.0,58,64,,True,False,"HTTPConnectionPool(host='gpu03', port=9002): Read timed out.",0,56.69694568066818
208,2026-09-19T05:47:02.249+00:00,2026-09-19T05:52:02.183+00:00,2026-09-19T05:52:02.333+00:00,False,3,2.0,,2.0,299933.888967,300084.655303,300084.655367,100028.21845566666,0.0272,299933.888967,173123.40542360547,269955.5739903,75.383168,106.56952246102095,0.006664785968414712,58,64,,True,False,Request timeout: 300.0s exceeded,5,56.69694568066818
209,2026-09-19T05:47:02.849+00:00,2026-09-19T05:52:02.462+00:00,2026-09-19T05:52:02.888+00:00,False,8,7.0,,7.0,299613.496157,300039.316061,300039.316102,37504.91451275,0.037649999999999996,299613.496157,105907.86744436737,194797.30359655005,60.83141485714286,42.08032512035706,0.023330275818175955,58,64,,True,False,Request timeout: 300.0s exceeded,34,56.69694568066818
210,2026-09-19T05:47:03.334+00:00,2026-09-19T05:52:03.460+00:00,2026-09-19T05:52:03.460+00:00,False,1,0.0,,0.0,300126.13966399996,300126.13966399996,300126.13966399996,300126.13966399996,300126.13966399996,300126.13966399996,nan,300126.13966399996,nan,nan,0.0,58,64,,True,False,"HTTPConnectionPool(host='gpu03', port=9002): Read timed out.",0,56.69694568066818
211,2026-09-19T05:47:03.707+00:00,2026-09-19T05:52:03.936+00:00,2026-09-19T05:52:04.946+00:00,False,11,10.0,,10.0,300229.340898,301239.16669,301239.166817,27385.378801545456,0.04344,300229.340898,90492.11217474563,150187.0609915,100.9825792,38.356177664492385,0.03319621452243236,58,64,,True,False,Request timeout: 300.0s exceeded,27,56.69694568066818
212,2026-09-19T05:47:04.338+00:00,2026-09-19T05:52:04.211+00:00,2026-09-19T05:52:05.151+00:00,False,11,10.0,,10.0,299872.347426,300812.703522,300812.703616,27346.609419636363,0.03977,299872.347426,90386.56737573819,149991.43319799998,94.0356096,33.26025621630713,0.03324327690591913,58,64,,True,False,Request timeout: 300.0s exceeded,49,56.69694568066818
214,2026-09-19T05:47:05.308+00:00,2026-09-19T05:52:05.321+00:00,2026-09-19T05:52:05.321+00:00,False,1,0.0,,0.0,300013.258103,300013.258103,300013.258103,300013.258103,300013.258103,300013.258103,nan,300013.258103,nan,nan,0.0,58,64,,True,False,"HTTPConnectionPool(host='gpu03', port=9002): Read timed out.",0,56.69694568066818
215,2026-09-19T05:47:05.703+00:00,2026-09-19T05:52:05.791+00:00,2026-09-19T05:52:05.791+00:00,False,1,0.0,,0.0,300088.083384,300088.083384,300088.083384,300088.083384,300088.083384,300088.083384,nan,300088.083384,nan,nan,0.0,58,64,,True,False,"HTTPConnectionPool(host='gpu03', port=9002): Read timed out.",0,56.69694568066818
213,2026-09-19T05:47:04.788+00:00,2026-09-19T05:52:05.893+00:00,2026-09-19T05:52:05.893+00:00,False,1,0.0,,0.0,301104.220949,301104.220949,301104.220949,301104.220949,301104.220949,301104.220949,nan,301104.220949,nan,nan,0.0,58,64,,True,False,"HTTPConnectionPool(host='gpu03', port=9002): Read timed out.",0,56.69694568066818
216,2026-09-19T05:47:06.315+00:00,2026-09-19T05:52:06.344+00:00,2026-09-19T05:52:06.344+00:00,False,1,0.0,,0.0,300029.49919,300029.49919,300029.49919,300029.49919,300029.49919,300029.49919,nan,300029.49919,nan,nan,0.0,58,64,,True,False,TTFT timeout: 300.0s exceeded (TTFT: 300.021s),0,56.69694568066818
217,2026-09-19T05:47:06.869+00:00,2026-09-19T05:52:06.544+00:00,2026-09-19T05:52:06.895+00:00,False,6,5.0,,5.0,299675.185569,300025.84412900003,300025.844067,50004.307344500005,0.0281,299675.185569,122313.25746922384,224782.54853475004,70.131712,44.28201990534831,0.016665231005400273,58,64,,True,False,Request timeout: 300.0s exceeded,14,56.69694568066818
218,2026-09-19T05:47:07.359+00:00,2026-09-19T05:52:07.386+00:00,2026-09-19T05:52:07.386+00:00,False,1,0.0,,0.0,300026.481551,300026.481551,300026.481551,300026.481551,300026.481551,300026.481551,nan,300026.481551,nan,nan,0.0,58,64,,True,False,"HTTPConnectionPool(host='gpu03', port=9002): Read timed out.",0,56.69694568066818
219,2026-09-19T05:47:07.760+00:00,2026-09-19T05:52:07.851+00:00,2026-09-19T05:52:07.851+00:00,False,1,0.0,,0.0,300090.935408,300090.935408,300090.935408,300090.935408,300090.935408,300090.935408,nan,300090.935408,nan,nan,0.0,58,64,,True,False,TTFT timeout: 300.0s exceeded (TTFT: 300.085s),0,56.69694568066818
220,2026-09-19T05:47:08.346+00:00,2026-09-19T05:52:08.270+00:00,2026-09-19T05:52:08.386+00:00,False,3,2.0,,2.0,299923.544295,300040.19223100005,300040.192288,100013.39742933334,0.03518,299923.544295,173127.27547233985,269942.85114680004,58.323968,82.43294725895485,0.00666577362562215,58,64,,True,False,Request timeout: 300.0s exceeded,4,56.69694568066818
221,2026-09-19T05:47:08.823+00:00,2026-09-19T05:52:08.872+00:00,2026-09-19T05:52:08.872+00:00,False,1,0.0,,0.0,300048.721953,300048.721953,300048.721953,300048.721953,300048.721953,300048.721953,nan,300048.721953,nan,nan,0.0,58,64,,True,False,"HTTPConnectionPool(host='gpu03', port=9002): Read timed out.",0,56.69694568066818
222,2026-09-19T05:47:09.438+00:00,2026-09-19T05:52:09.528+00:00,2026-09-19T05:52:09.528+00:00,False,1,0.0,,0.0,300090.606051,300090.606051,300090.606051,300090.606051,300090.606051,300090.606051,nan,300090.606051,nan,nan,0.0,58,64,,True,False,"HTTPConnectionPool(host='gpu03', port=9002): Read timed out.",0,56.69694568066818
223,2026-09-19T05:47:10.085+00:00,2026-09-19T05:52:09.861+00:00,2026-09-19T05:52:10.206+00:00,False,5,4.0,,4.0,299776.087132,300120.53922800004,300120.539026,60024.1078052,0.041409999999999995,299776.087132,134025.44064288968,239847.7622796,86.113024,59.073921560772646,0.013327978185995529,58,64,,True,False,Request timeout: 300.0s exceeded,24,56.69694568066818
224,2026-09-19T05:47:10.665+00:00,2026-09-19T05:52:10.767+00:00,2026-09-19T05:52:10.767+00:00,False,1,0.0,,0.0,300101.917927,300101.917927,300101.917927,300101.917927,300101.917927,300101.917927,nan,300101.917927,nan,nan,0.0,58,64,,True,False,"HTTPConnectionPool(host='gpu03', port=9002): Read timed out.",0,56.69694568066818
225,2026-09-19T05:47:11.060+00:00,2026-09-19T05:52:11.124+00:00,2026-09-19T05:52:11.124+00:00,False,1,0.0,,0.0,300064.331196,300064.331196,300064.331196,300064.331196,300064.331196,300064.331196,nan,300064.331196,nan,nan,0.0,58,64,,True,False,"HTTPConnectionPool(host='gpu03', port=9002): Read timed out.",0,56.69694568066818
226,2026-09-19T05:47:11.540+00:00,2026-09-19T05:52:11.507+00:00,2026-09-19T05:52:11.632+00:00,False,3,2.0,,2.0,299967.019811,300092.218403,300092.218494,100030.739498,0.02582,299967.019811,173149.90919574423,269982.8351162,62.599296,88.49256953101109,0.006664617998571889,58,64,,True,False,Request timeout: 300.0s exceeded,4,56.69694568066818
227,2026-09-19T05:47:12.032+00:00,2026-09-19T05:52:11.730+00:00,2026-09-19T05:52:12.129+00:00,False,6,5.0,,5.0,299697.801499,300096.806939,300096.80716799997,50016.134528,0.040799999999999996,299697.801499,122318.54299135171,224799.47491475,79.801088,44.75473692168265,0.016661290238307463,58,64,,True,False,Request timeout: 300.0s exceeded,19,56.69694568066818
228,2026-09-19T05:47:12.536+00:00,2026-09-19T05:52:12.641+00:00,2026-09-19T05:52:12.641+00:00,False,1,0.0,,0.0,300105.613011,300105.613011,300105.613011,300105.613011,300105.613011,300105.613011,nan,300105.613011,nan,nan,0.0,58,64,,True,False,"HTTPConnectionPool(host='gpu03', port=9002): Read timed out.",0,56.69694568066818
229,2026-09-19T05:47:13.010+00:00,2026-09-19T05:52:13.048+00:00,2026-09-19T05:52:13.048+00:00,False,1,0.0,,0.0,300038.527122,300038.527122,300038.527122,300038.527122,300038.527122,300038.527122,nan,300038.527122,nan,nan,0.0,58,64,,True,False,"HTTPConnectionPool(host='gpu03', port=9002): Read timed out.",0,56.69694568066818
230,2026-09-19T05:47:13.554+00:00,2026-09-19T05:52:13.357+00:00,2026-09-19T05:52:13.567+00:00,False,4,3.0,,3.0,299803.659989,300013.123285,300013.123274,75003.2808185,0.03368,299803.659989,149866.92765090716,254849.71533785,69.82109866666667,60.7330049960929,0.009999562576301453,58,64,,True,False,Request timeout: 300.0s exceeded,11,56.69694568066818
231,2026-09-19T05:47:14.124+00:00,2026-09-19T05:52:14.232+00:00,2026-09-19T05:52:14.232+00:00,False,1,0.0,,0.0,300108.009988,300108.009988,300108.009988,300108.009988,300108.009988,300108.009988,nan,300108.009988,nan,nan,0.0,58,64,,True,False,"HTTPConnectionPool(host='gpu03', port=9002): Read timed out.",0,56.69694568066818
232,2026-09-19T05:47:14.657+00:00,2026-09-19T05:52:14.644+00:00,2026-09-19T05:52:14.784+00:00,False,3,2.0,,2.0,299987.13711400004,300126.82556200004,300126.82567100006,100042.27522366669,0.054049,299987.13711400004,173157.34381750747,270002.38685340004,69.844224,98.69825867443929,0.006663849511801941,58,64,,True,False,Request timeout: 300.0s exceeded,4,56.69694568066818
233,2026-09-19T05:47:15.230+00:00,2026-09-19T05:52:15.024+00:00,2026-09-19T05:52:15.139+00:00,True,2,2.0,,2.0,299794.063036,299908.80914800003,299908.809234,149954.404617,114.746198,299794.063036,211905.2771175017,284810.09719410003,114.746112,nan,0.006668693746214814,58,64,,True,True,,8,56.69694568066818
234,2026-09-19T05:47:15.807+00:00,2026-09-19T05:52:15.915+00:00,2026-09-19T05:52:15.915+00:00,False,1,0.0,,0.0,300108.080381,300108.080381,300108.080381,300108.080381,300108.080381,300108.080381,nan,300108.080381,nan,nan,0.0,58,64,,True,False,"HTTPConnectionPool(host='gpu03', port=9002): Read timed out.",0,56.69694568066818
235,2026-09-19T05:47:16.246+00:00,2026-09-19T05:52:16.355+00:00,2026-09-19T05:52:16.355+00:00,False,1,0.0,,0.0,300109.58406900003,300109.58406900003,300109.58406900003,300109.58406900003,300109.58406900003,300109.58406900003,nan,300109.58406900003,nan,nan,0.0,58,64,,True,False,"HTTPConnectionPool(host='gpu03', port=9002): Read timed out.",0,56.69694568066818
236,2026-09-19T05:47:17.497+00:00,2026-09-19T05:52:16.530+00:00,2026-09-19T05:52:17.640+00:00,False,13,12.0,,12.0,299032.394257,300142.872081,300142.871937,23087.91322592308,0.03645,299032.394257,82911.00459399514,119691.93823839999,92.53981866666668,34.637865396225955,0.039980959457073306,58,64,,True,False,Request timeout: 300.0s exceeded,50,56.69694568066818
237,2026-09-19T05:47:17.556+00:00,2026-09-19T05:52:17.869+00:00,2026-09-19T05:52:17.869+00:00,False,1,0.0,,0.0,300313.412292,300313.412292,300313.412292,300313.412292,300313.412292,300313.412292,nan,300313.412292,nan,nan,0.0,58,64,,True,False,TTFT timeout: 300.0s exceeded (TTFT: 300.015s),0,56.69694568066818
238,2026-09-19T05:47:18.048+00:00,2026-09-19T05:52:18.062+00:00,2026-09-19T05:52:18.062+00:00,False,1,0.0,,0.0,300013.769234,300013.769234,300013.769234,300013.769234,300013.769234,300013.769234,nan,300013.769234,nan,nan,0.0,58,64,,True,False,"HTTPConnectionPool(host='gpu03', port=9002): Read timed out.",0,56.69694568066818
239,2026-09-19T05:47:18.525+00:00,2026-09-19T05:52:18.558+00:00,2026-09-19T05:52:18.558+00:00,False,1,0.0,,0.0,300032.736824,300032.736824,300032.736824,300032.736824,300032.736824,300032.736824,nan,300032.736824,nan,nan,0.0,58,64,,True,False,"HTTPConnectionPool(host='gpu03', port=9002): Read timed out.",0,56.69694568066818
240,2026-09-19T05:47:18.956+00:00,2026-09-19T05:52:19.064+00:00,2026-09-19T05:52:19.064+00:00,False,1,0.0,,0.0,300108.32714999997,300108.32714999997,300108.32714999997,300108.32714999997,300108.32714999997,300108.32714999997,nan,300108.32714999997,nan,nan,0.0,58,64,,True,False,"HTTPConnectionPool(host='gpu03', port=9002): Read timed out.",0,56.69694568066818
241,2026-09-19T05:47:19.371+00:00,2026-09-19T05:52:19.397+00:00,2026-09-19T05:52:20.585+00:00,False,16,15.0,,15.0,300025.942987,301214.41146699997,301214.41133599996,18825.900708499998,0.026510000000000002,300025.942987,74986.68528092354,75085.38628074998,79.231232,34.342816478437314,0.04979841411619626,58,64,,True,False,Request timeout: 300.0s exceeded,63,56.69694568066818
242,2026-09-19T05:47:19.894+00:00,2026-09-19T05:52:19.429+00:00,2026-09-19T05:52:20.686+00:00,False,16,15.0,,15.0,299534.460486,300792.194118,300792.194106,18799.512131625,0.03487,299534.460486,74862.65935971809,74964.73132949999,83.8489088,32.204847643873,0.04986831537960569,58,64,,True,False,Request timeout: 300.0s exceeded,74,56.69694568066818
243,2026-09-19T05:47:20.422+00:00,2026-09-19T05:52:20.382+00:00,2026-09-19T05:52:20.686+00:00,False,5,4.0,,4.0,299959.60961299995,300263.56890899997,300263.568727,60052.71374539999,0.05935,299959.60961299995,134112.03904250293,239988.66767499995,75.989824,50.69029778899574,0.013321629442206053,58,64,,True,False,Request timeout: 300.0s exceeded,20,56.69694568066818
0,2026-09-19T05:45:20.839+00:00,2026-09-19T05:45:21.095+00:00,2026-09-19T05:45:23.083+00:00,True,24,24.0,,24.0,255.54282,2243.588388,2243.588205,93.482841875,33.319542999999996,255.54282,44.70968557490368,146.27720855,86.43676382608696,29.0537733776743,10.697149320421603,59,64,,False,True,,48,56.69694568066818
1,2026-09-19T05:45:21.327+00:00,2026-09-19T05:45:21.547+00:00,2026-09-19T05:45:26.999+00:00,True,58,58.0,,58.0,219.444212,5671.591924,5671.591781,97.78606518965518,37.548272,219.444212,28.38219045367309,113.03108815,95.65171424561403,23.473354427835577,10.22640570358496,59,64,,False,True,,202,56.69694568066818
2,2026-09-19T05:45:21.746+00:00,2026-09-19T05:45:22.877+00:00,2026-09-19T05:45:29.115+00:00,True,65,65.0,,65.0,1130.6921459999999,7368.740401999999,7368.740364,113.36523636923077,46.639911999999995,1130.6921459999999,129.78330062766437,114.64169480000001,97.469504,20.65279651949976,8.821046264889167,59,64,,False,True,,320,56.69694568066818
3,2026-09-19T05:45:22.088+00:00,2026-09-19T05:45:25.339+00:00,2026-09-19T05:45:34.710+00:00,True,95,95.0,,95.0,3251.162096,12622.143472,12622.143514,132.86466856842105,0.0,3251.162096,324.278292003799,112.71744269999999,99.69129123404255,24.860741276998436,7.526455408365525,59,64,,False,True,,345,56.69694568066818
4,2026-09-19T05:45:22.422+00:00,2026-09-19T05:45:27.311+00:00,2026-09-19T05:45:29.329+00:00,True,21,21.0,,21.0,4889.8527189999995,6907.2824789999995,6907.2824789999995,328.9182132857143,53.596545,4889.8527189999995,1045.1064120092985,111.28733,100.871488,11.961599479904244,3.0402694639817702,59,64,,False,True,,73,56.69694568066818
5,2026-09-19T05:45:22.853+00:00,2026-09-19T05:45:29.632+00:00,2026-09-19T05:45:37.136+00:00,True,76,76.0,,76.0,6778.812008999999,14282.497640999998,14282.497845,187.9276032236842,0.0,6778.812008999999,767.165157500755,166.73221149999998,100.04914176000001,40.55766346853608,5.321198148272813,59,64,,False,True,,413,56.69694568066818
6,2026-09-19T05:45:23.353+00:00,2026-09-19T05:45:32.344+00:00,2026-09-19T05:45:38.978+00:00,True,69,69.0,,69.0,8991.091064,15624.416376000001,15624.416218,226.4408147536232,0.0,8991.091064,1071.5177545837776,191.628435,97.54890164705883,43.268294039293956,4.416164952310664,59,64,,False,True,,242,56.69694568066818
7,2026-09-19T05:45:23.666+00:00,2026-09-19T05:45:33.578+00:00,2026-09-19T05:45:42.763+00:00,True,94,94.0,,94.0,9911.369130000001,19096.633258,19096.633319,203.15567360638298,0.0,9911.369130000001,1013.2314890540584,176.03847835,98.76628094623656,48.28534140360953,4.922333624468665,59,64,,False,True,,399,56.69694568066818
8,2026-09-19T05:45:24.060+00:00,2026-09-19T05:45:36.195+00:00,2026-09-19T05:45:43.644+00:00,True,77,77.0,,77.0,12134.643899,19583.102907,19583.102806,254.32601046753248,0.0,12134.643899,1372.5135454181445,163.21699120000002,98.00603957894737,47.49972214091863,3.9319611588455814,59,64,,False,True,,327,56.69694568066818
9,2026-09-19T05:45:24.410+00:00,2026-09-19T05:45:37.751+00:00,2026-09-19T05:45:42.766+00:00,True,52,52.0,,52.0,13340.889938999999,18355.880787,18355.880825,352.9977081730769,0.0,13340.889938999999,1837.121986170729,207.72526814999998,98.33315388235295,51.570624250400776,2.832879587931702,59,64,,False,True,,221,56.69694568066818
10,2026-09-19T05:45:24.754+00:00,2026-09-19T05:45:39.596+00:00,2026-09-19T05:45:42.765+00:00,True,33,33.0,,33.0,14842.241041,18010.359056999998,18010.359228999998,545.7684614848484,0.0,14842.241041,2566.837792502177,196.55541399999998,99.003688,44.25426107605233,1.8322788510523365,59,64,,False,True,,90,56.69694568066818
11,2026-09-19T05:45:25.043+00:00,2026-09-19T05:45:41.378+00:00,2026-09-19T05:45:48.446+00:00,True,74,74.0,,74.0,16334.860422,23402.81767,23402.817684999998,316.2542930405405,0.0,16334.860422,1888.2084990250307,121.36846030000001,96.82133216438356,46.909355459392735,3.1620124142085837,59,64,,False,True,,391,56.69694568066818
12,2026-09-19T05:45:25.518+00:00,2026-09-19T05:45:43.850+00:00,2026-09-19T05:45:49.793+00:00,True,60,60.0,,60.0,18331.687469999997,24274.509613999995,24274.509853999996,404.5751642333333,0.0,18331.687469999997,2354.303525430234,126.87948119999999,100.72579905084746,57.7543749275047,2.471728613845851,59,64,,False,True,,230,56.69694568066818
13,2026-09-19T05:45:25.919+00:00,2026-09-19T05:45:46.609+00:00,2026-09-19T05:45:47.525+00:00,True,10,10.0,,10.0,20690.515255,21606.200374999997,21606.200391,2160.6200390999998,93.240302,20690.515255,6510.742799264845,11428.561953399998,101.7427911111111,4.327773204609399,0.4628301055455708,59,64,,False,True,,49,56.69694568066818
14,2026-09-19T05:45:26.302+00:00,2026-09-19T05:45:48.556+00:00,2026-09-19T05:45:54.292+00:00,True,55,55.0,,55.0,22253.838002999997,27990.454450999998,27990.454486999995,508.91735430909085,0.0,22253.838002999997,2987.658671161942,402.71363210000004,106.23363792592592,88.13954135143766,1.9649555921388424,59,64,,False,True,,223,56.69694568066818
15,2026-09-19T05:45:26.814+00:00,2026-09-19T05:45:51.056+00:00,2026-09-19T05:45:51.662+00:00,True,7,7.0,,7.0,24242.301767999998,24848.424007999998,24848.423966,3549.774852285714,94.330551,24242.301767999998,9124.548312432158,17002.536964799998,101.02037333333332,5.93714696966557,0.28170800682354485,59,64,,False,True,,28,56.69694568066818
16,2026-09-19T05:45:27.304+00:00,2026-09-19T05:45:53.709+00:00,2026-09-19T05:45:58.867+00:00,True,56,56.0,,56.0,26405.196809,31562.635785000002,31562.635831,563.6184969821429,0.0,26405.196809,3516.5253798155895,114.03437950000001,93.77161774545455,60.63499750747812,1.7742497927442975,59,64,,False,True,,206,56.69694568066818
17,2026-09-19T05:45:27.642+00:00,2026-09-19T05:45:55.355+00:00,2026-09-19T05:45:58.542+00:00,True,36,36.0,,36.0,27713.086651999998,30899.686075999998,30899.686176,858.324616,47.709299,27713.086651999998,4603.735687689416,111.9278645,91.04569782857142,24.27972832474294,1.1650603799486963,59,64,,False,True,,108,56.69694568066818
18,2026-09-19T05:45:28.029+00:00,2026-09-19T05:45:57.805+00:00,2026-09-19T05:46:05.753+00:00,True,79,79.0,,79.0,29776.225484000002,37723.5307,37723.530531000004,477.51304469620254,0.0,29776.225484000002,3339.646882423914,116.6696154,101.88852841025641,83.19557608608694,2.094183617865864,59,64,,False,True,,336,56.69694568066818
19,2026-09-19T05:45:28.351+00:00,2026-09-19T05:45:59.802+00:00,2026-09-19T05:46:06.725+00:00,True,70,70.0,,70.0,31451.086622000003,38374.34115,38374.341235,548.2048747857143,0.0,31451.086622000003,3747.7407598669006,113.60595995,100.33702214492753,68.08167899269382,1.82413555261782,59,64,,False,True,,343,56.69694568066818
20,2026-09-19T05:45:28.801+00:00,2026-09-19T05:46:02.036+00:00,2026-09-19T05:46:10.953+00:00,True,90,90.0,,90.0,33235.083026,42152.520978,42152.521104,468.3613456,0.0,33235.083026,3493.6313658722597,115.65398794999999,100.19593204494383,80.08001566658697,2.1351036168624953,59,64,,False,True,,442,56.69694568066818
21,2026-09-19T05:45:29.294+00:00,2026-09-19T05:46:04.786+00:00,2026-09-19T05:46:06.518+00:00,True,18,18.0,,18.0,35491.972749,37224.234125,37224.234084,2068.013004666667,0.0,35491.972749,8342.577420148005,5835.446262150001,101.897728,136.86751292117137,0.48355595281169533,59,64,,False,True,,73,56.69694568066818
22,2026-09-19T05:45:29.686+00:00,2026-09-19T05:46:07.387+00:00,2026-09-19T05:46:11.247+00:00,True,43,43.0,,43.0,37700.084876,41560.5659,41560.565903,966.5247884418604,0.020460000000000002,37700.084876,5735.248182639567,108.04480730000002,91.91621485714285,25.704111255847984,1.0346346126148394,59,64,,False,True,,194,56.69694568066818
23,2026-09-19T05:45:30.013+00:00,2026-09-19T05:46:08.550+00:00,2026-09-19T05:46:14.462+00:00,True,61,61.0,,61.0,38537.144065,44448.877569000004,44448.877544,728.6701236721311,0.0,38537.144065,4922.361866828248,109.068206,98.52889173333334,89.57532880313562,1.3723631132261314,59,64,,False,True,,239,56.69694568066818
24,2026-09-19T05:45:30.462+00:00,2026-09-19T05:46:10.457+00:00,2026-09-19T05:46:13.275+00:00,True,30,30.0,,30.0,39994.981959,42813.358407,42813.358522999995,1427.1119507666665,0.0,39994.981959,7285.455098337136,460.6082137000001,97.18539475862069,131.58269149562778,0.7007158773859467,59,64,,False,True,,146,56.69694568066818
25,2026-09-19T05:45:30.904+00:00,2026-09-19T05:46:13.174+00:00,2026-09-19T05:46:16.506+00:00,True,36,36.0,,36.0,42269.783240000004,45602.659528000004,45602.65966600001,1266.7405462777779,44.773455999999996,42269.783240000004,7029.114938298139,115.58863075,95.2250368,17.804577842405116,0.7894276424359861,59,64,,False,True,,136,56.69694568066818
26,2026-09-19T05:45:31.195+00:00,2026-09-19T05:46:14.656+00:00,2026-09-19T05:46:19.507+00:00,True,52,52.0,,52.0,43461.621544,48312.679976,48312.680114,929.0900021923077,40.553966,43461.621544,6013.89265031544,114.37258255,95.11879278431373,22.360362791969656,1.0763219930219505,59,64,,False,True,,229,56.69694568066818
27,2026-09-19T05:45:31.480+00:00,2026-09-19T05:46:16.137+00:00,2026-09-19T05:46:21.700+00:00,True,57,57.0,,57.0,44657.277779,50219.978578999995,50219.978591,881.0522559824561,0.0,44657.277779,5902.464799481777,115.44419099999999,99.33394285714284,86.39040560909297,1.135006457844949,59,64,,False,True,,115,56.69694568066818
28,2026-09-19T05:45:31.964+00:00,2026-09-19T05:46:18.708+00:00,2026-09-19T05:46:19.029+00:00,True,4,4.0,,4.0,46744.694427,47065.266075,47065.26608,11766.31652,102.32298200000001,46744.694427,23318.918827118247,39749.415541200004,106.857216,3.9448834484461006,0.08498836474494531,59,64,,False,True,,13,56.69694568066818
29,2026-09-19T05:45:32.471+00:00,2026-09-19T05:46:21.849+00:00,2026-09-19T05:46:24.337+00:00,True,26,26.0,,26.0,49377.929523,51865.968691,51865.968497,1994.8449421923076,0.016190000000000003,49377.929523,9665.889029399048,723.8659787500001,99.52156672,179.38504175966713,0.5012920929887429,59,64,,False,True,,122,56.69694568066818
30,2026-09-19T05:45:32.792+00:00,2026-09-19T05:46:23.909+00:00,2026-09-19T05:46:26.484+00:00,True,25,25.0,,25.0,51116.751523,53692.635811,53692.636009,2147.70544036,97.295322,51116.751523,10201.88629611521,119.1977002,107.328512,6.008328174011224,0.4656132004396449,59,64,,False,True,,75,56.69694568066818
31,2026-09-19T05:45:33.288+00:00,2026-09-19T05:46:26.149+00:00,2026-09-19T05:46:27.464+00:00,True,13,13.0,,13.0,52861.661421,54176.217837,54176.217627,4167.401355923077,101.309732,52861.661421,14630.805244051578,21215.120068800003,109.546368,5.5173337776448115,0.23995768842913887,59,64,,False,True,,51,56.69694568066818
32,2026-09-19T05:45:33.763+00:00,2026-09-19T05:46:29.400+00:00,2026-09-19T05:46:37.028+00:00,True,83,83.0,,83.0,55637.152582999996,63264.623943,63264.62413,762.2243871084337,0.0,55637.152582999996,6096.844352366168,112.8064202,93.01794341463415,32.10837312834816,1.3119496304092653,59,64,,False,True,,302,56.69694568066818
33,2026-09-19T05:45:34.200+00:00,2026-09-19T05:46:31.083+00:00,2026-09-19T05:46:37.719+00:00,True,60,60.0,,60.0,56882.647774,63519.105758,63519.105704999994,1058.6517617499999,50.319252,56882.647774,7329.402561473286,116.94576449999998,112.48233871186441,77.7799514290757,0.9445976810283294,59,64,,False,True,,277,56.69694568066818
34,2026-09-19T05:45:34.651+00:00,2026-09-19T05:46:33.773+00:00,2026-09-19T05:46:42.384+00:00,True,87,87.0,,87.0,59121.670133,67732.748277,67732.748264,778.5373363678161,0.0,59121.670133,6328.867303951602,112.89021129999999,100.12881562790697,118.35405636123296,1.284459913603455,59,64,,False,True,,399,56.69694568066818
35,2026-09-19T05:45:35.151+00:00,2026-09-19T05:46:36.666+00:00,2026-09-19T05:46:40.702+00:00,True,42,42.0,,42.0,61514.493373000005,65550.85382100001,65550.85379400001,1560.7346141428573,0.0,61514.493373000005,9478.221435694131,698.40214825,98.44781580487806,171.84045251369494,0.6407239197019396,59,64,,False,True,,152,56.69694568066818
36,2026-09-19T05:45:35.662+00:00,2026-09-19T05:46:39.504+00:00,2026-09-19T05:46:43.768+00:00,True,44,44.0,,44.0,63841.954126000004,68105.272142,68105.27199400001,1547.8470907727274,44.400974999999995,63841.954126000004,9609.607951099371,115.17602825,99.14693060465117,18.92310245612611,0.6460586473872342,59,64,,False,True,,188,56.69694568066818
37,2026-09-19T05:45:36.106+00:00,2026-09-19T05:46:41.534+00:00,2026-09-19T05:46:47.556+00:00,True,63,63.0,,63.0,65428.801286,71450.50727,71450.507199,1134.1350349047618,45.671072,65428.801286,8231.040365348757,113.85542109999999,97.12429006451613,19.507295968353816,0.8817292193872481,59,64,,False,True,,226,56.69694568066818
38,2026-09-19T05:45:36.479+00:00,2026-09-19T05:46:43.769+00:00,2026-09-19T05:46:44.027+00:00,True,4,4.0,,4.0,67290.238273,67548.221249,67548.221058,16887.0552645,47.568728,67290.238273,33602.13307282081,57212.914390599995,85.99432533333332,33.40110726021432,0.05921695532521839,59,64,,False,True,,8,56.69694568066818
39,2026-09-19T05:45:37.118+00:00,2026-09-19T05:46:46.835+00:00,2026-09-19T05:46:52.652+00:00,True,61,61.0,,61.0,69717.500058,75534.04559400001,75534.045622,1238.2630429836067,0.0,69717.500058,8914.888152518351,111.81186699999998,96.94242559999999,126.9711639424239,0.8075828524779228,59,64,,False,True,,247,56.69694568066818
40,2026-09-19T05:45:37.406+00:00,2026-09-19T05:46:48.281+00:00,2026-09-19T05:46:49.436+00:00,True,13,13.0,,13.0,70875.687246,72030.440526,72030.440757,5540.803135153847,47.735078,70875.687246,19630.69579308556,28416.3610176,96.22944,16.3371475420251,0.18047925162011938,59,64,,False,True,,44,56.69694568066818
41,2026-09-19T05:45:37.714+00:00,2026-09-19T05:46:50.201+00:00,2026-09-19T05:46:55.735+00:00,True,54,54.0,,54.0,72486.434462,78020.742814,78020.742798,1444.8285703333333,0.0,72486.434462,9851.501141746847,458.88794884999993,104.4209123018868,176.8028725633891,0.6921236334385459,59,64,,False,True,,172,56.69694568066818
42,2026-09-19T05:45:38.002+00:00,2026-09-19T05:46:51.925+00:00,2026-09-19T05:46:52.909+00:00,True,10,10.0,,10.0,73922.674168,74907.40812,74907.40815799999,7490.7408158,10.670255,73922.674168,23341.874887358346,40770.93906145,109.41488355555555,61.83482024329154,0.13349814458912024,59,64,,False,True,,40,56.69694568066818
43,2026-09-19T05:45:38.452+00:00,2026-09-19T05:46:53.810+00:00,2026-09-19T05:47:02.570+00:00,True,87,87.0,,87.0,75358.018943,84118.296447,84118.296231,966.8769681724139,0.017289000000000002,75358.018943,8068.787594680359,113.29999830000001,101.86369190697674,88.60548896814372,1.034257749796629,59,64,,False,True,,447,56.69694568066818
44,2026-09-19T05:45:38.776+00:00,2026-09-19T05:46:55.926+00:00,2026-09-19T05:47:00.872+00:00,True,50,50.0,,50.0,77150.76287100001,82096.34879100001,82096.34873900001,1641.9269747800004,48.094568,77150.76287100001,10896.505620013762,116.43715700000001,100.93032489795918,17.523789407089538,0.609040483971942,59,64,,False,True,,224,56.69694568066818
45,2026-09-19T05:45:39.296+00:00,2026-09-19T05:46:58.886+00:00,2026-09-19T05:47:04.853+00:00,True,51,51.0,,51.0,79590.41140099999,85556.50394499999,85556.503774,1677.5785053725488,0.0,79590.41140099999,11129.245200968897,114.68600600000002,119.32185088,155.65640206550668,0.5960972883228768,59,64,,False,True,,260,56.69694568066818
46,2026-09-19T05:45:39.788+00:00,2026-09-19T05:47:02.143+00:00,2026-09-19T05:47:11.181+00:00,True,94,94.0,,94.0,82355.06704600001,91392.77866200001,91392.77844300002,972.263600457447,0.0,82355.06704600001,8485.099904024888,112.8533993,97.17969479569892,120.51145838504614,1.028527651485927,59,64,,False,True,,334,56.69694568066818
47,2026-09-19T05:45:40.249+00:00,2026-09-19T05:47:04.853+00:00,2026-09-19T05:47:07.997+00:00,True,34,34.0,,34.0,84604.90548,87748.688392,87748.688355,2580.8437751470588,41.077874,84604.90548,14493.297638495347,112.14663455,95.26614884848485,20.502469976937114,0.3874701790197899,59,64,,False,True,,168,56.69694568066818
48,2026-09-19T05:45:40.594+00:00,2026-09-19T05:47:06.812+00:00,2026-09-19T05:47:10.711+00:00,True,40,40.0,,40.0,86218.31718099999,90116.59506899999,90116.59519499999,2252.9148798749998,46.58776,86218.31718099999,13616.517252752083,114.1602541,99.95584328205128,15.63288765665191,0.44386941128182905,59,64,,False,True,,141,56.69694568066818
49,2026-09-19T05:45:41.087+00:00,2026-09-19T05:47:09.254+00:00,2026-09-19T05:47:14.163+00:00,True,51,51.0,,51.0,88166.513332,93075.21682,93075.216705,1825.004249117647,44.940035,88166.513332,12332.045243598332,109.6148375,98.17406976000001,16.7087799391021,0.547943929033546,59,64,,False,True,,188,56.69694568066818
50,2026-09-19T05:45:41.440+00:00,2026-09-19T05:47:11.394+00:00,2026-09-19T05:47:20.417+00:00,True,94,94.0,,94.0,89953.933853,98976.55810899999,98976.55821399999,1052.9421086595744,0.0,89953.933853,9269.522078106364,117.80560310000001,97.01746511827957,167.0295671767174,0.9497198305934275,59,64,,False,True,,325,56.69694568066818
51,2026-09-19T05:45:41.774+00:00,2026-09-19T05:47:13.292+00:00,2026-09-19T05:47:22.722+00:00,True,98,98.0,,98.0,91517.845028,100948.281124,100948.281302,1030.0845030816326,0.0,91517.845028,9236.525665377338,110.7758309,97.22099068041237,175.38299855451348,0.9707941423947727,59,64,,False,True,,146,56.69694568066818
52,2026-09-19T05:45:42.120+00:00,2026-09-19T05:47:15.596+00:00,2026-09-19T05:47:18.877+00:00,True,34,34.0,,34.0,93476.525537,96756.87344099999,96756.87344099999,2845.790395323529,0.01594,93476.525537,16015.182587477912,480.57874255,99.40448193939393,193.9146209745118,0.35139622427684564,59,64,,False,True,,151,56.69694568066818
53,2026-09-19T05:45:42.512+00:00,2026-09-19T05:47:17.450+00:00,2026-09-19T05:47:23.460+00:00,True,66,66.0,,66.0,94937.25203300001,100947.12416100001,100947.12408300002,1529.5018800454548,0.0,94937.25203300001,11675.723456154423,111.813742,92.4595712,164.17437918628104,0.6538076299700917,59,64,,False,True,,200,56.69694568066818
54,2026-09-19T05:45:43.000+00:00,2026-09-19T05:47:20.408+00:00,2026-09-19T05:47:26.978+00:00,True,69,69.0,,69.0,97407.851189,103978.14776499999,103978.14783399999,1506.9296787536232,0.0,97407.851189,11714.920175656898,112.3429826,96.62200847058824,24.302034011550333,0.6636009727346388,59,64,,False,True,,329,56.69694568066818
55,2026-09-19T05:45:43.520+00:00,2026-09-19T05:47:22.674+00:00,2026-09-19T05:47:29.603+00:00,True,72,72.0,,72.0,99153.417734,106082.376454,106082.376598,1473.366341638889,42.090262,99153.417734,11673.858155201096,114.6986666,97.59096788732394,20.07526522005102,0.6787178267185693,59,64,,False,True,,400,56.69694568066818
56,2026-09-19T05:45:44.026+00:00,2026-09-19T05:47:25.554+00:00,2026-09-19T05:47:29.812+00:00,True,45,45.0,,45.0,101527.79780599999,105786.21854199999,105786.21865499999,2350.804859,46.71136,101527.79780599999,15120.455098212222,110.69068239999999,96.78228945454545,19.3104377360861,0.42538622346287747,59,64,,False,True,,185,56.69694568066818
57,2026-09-19T05:45:44.511+00:00,2026-09-19T05:47:28.329+00:00,2026-09-19T05:47:29.393+00:00,True,12,12.0,,12.0,103818.588713,104882.175273,104882.175168,8740.181264,45.733993000000005,103818.588713,29941.937732305305,46777.936375100006,96.68968727272727,17.346392944632964,0.11441410295662681,59,64,,True,True,,59,56.69694568066818
58,2026-09-19T05:45:44.926+00:00,2026-09-19T05:47:30.376+00:00,2026-09-19T05:47:36.442+00:00,True,62,62.0,,62.0,105449.926995,111515.947859,111515.94783800001,1798.644319967742,44.374355,105449.926995,13379.53402694521,111.71948965,99.44296498360656,15.799413742878919,0.5559742905866017,59,64,,True,True,,298,56.69694568066818
59,2026-09-19T05:45:45.386+00:00,2026-09-19T05:47:33.243+00:00,2026-09-19T05:47:36.023+00:00,True,29,29.0,,29.0,107857.14739,110637.222398,110637.222458,3815.0766364827587,42.590099,107857.14739,20010.140705611113,113.153059,99.28839314285715,18.934453989786974,0.2621179325677308,59,64,,True,True,,96,56.69694568066818
60,2026-09-19T05:45:45.853+00:00,2026-09-19T05:47:35.714+00:00,2026-09-19T05:47:37.865+00:00,True,22,22.0,,22.0,109860.703037,112011.519549,112011.51936,5091.4326981818185,47.846277,109860.703037,23400.548228596508,113.64228494999999,102.41983390476192,13.340888147495285,0.19640837021567223,59,64,,True,True,,110,56.69694568066818
61,2026-09-19T05:45:46.153+00:00,2026-09-19T05:47:36.862+00:00,2026-09-19T05:47:40.330+00:00,True,39,39.0,,39.0,110709.097905,114176.580785,114176.580931,2927.6046392564103,47.702217,110709.097905,17713.047516512295,111.19299280000001,91.24954947368421,23.886579428248076,0.3415761772848924,59,64,,True,True,,126,56.69694568066818
62,2026-09-19T05:45:46.614+00:00,2026-09-19T05:47:39.486+00:00,2026-09-19T05:47:40.639+00:00,True,14,14.0,,14.0,112872.011306,114025.211434,114025.211404,8144.6579574285715,46.64586,112872.011306,30142.616706503093,39578.34309135,88.70770215384616,26.7025242913979,0.12277986441712034,59,64,,True,True,,68,56.69694568066818
63,2026-09-19T05:45:47.030+00:00,2026-09-19T05:47:41.974+00:00,2026-09-19T05:47:50.761+00:00,True,88,88.0,,88.0,114943.370144,123731.032992,123731.03286200001,1406.0344643409092,42.343419000000004,114943.370144,12242.245559560766,110.80236434999999,101.00761894252874,14.578257243285123,0.7112201189307921,59,64,,True,True,,312,56.69694568066818
64,2026-09-19T05:45:47.418+00:00,2026-09-19T05:47:43.966+00:00,2026-09-19T05:47:50.917+00:00,True,71,71.0,,71.0,116547.666726,123498.900518,123498.90063799999,1739.4211357464787,47.163748,116547.666726,13819.888068584925,111.020537,99.3033398857143,16.652417715951362,0.574903903615334,59,64,,True,True,,283,56.69694568066818
65,2026-09-19T05:45:47.778+00:00,2026-09-19T05:47:45.838+00:00,2026-09-19T05:47:47.795+00:00,True,20,20.0,,20.0,118059.179936,120017.016992,120017.017106,6000.8508553,92.023623,118059.179936,26375.794114897442,6006.42216965,103.04405557894736,4.067015109158372,0.16664303530667773,59,64,,True,True,,87,56.69694568066818
66,2026-09-19T05:45:48.080+00:00,2026-09-19T05:47:47.581+00:00,2026-09-19T05:47:56.301+00:00,True,89,89.0,,89.0,119501.14372400001,128220.373164,128220.37307500001,1440.6783491573035,45.917171,119501.14372400001,12656.603274986552,110.4637174,99.08215272727273,16.050398129668338,0.6941174620211465,59,64,,True,True,,377,56.69694568066818
67,2026-09-19T05:45:48.557+00:00,2026-09-19T05:47:50.338+00:00,2026-09-19T05:47:53.200+00:00,True,29,29.0,,29.0,121780.13667,124642.263774,124642.263745,4298.009094655173,55.781259,121780.13667,22595.024140062476,112.0930392,102.21882514285716,9.770444239971342,0.23266586406503725,59,64,,True,True,,86,56.69694568066818
68,2026-09-19T05:45:48.919+00:00,2026-09-19T05:47:52.377+00:00,2026-09-19T05:48:00.574+00:00,True,84,84.0,,84.0,123457.84408,131655.2124,131655.212463,1567.3239578928572,46.312002,123457.84408,13459.587915385086,110.01814949999999,98.76347373493975,15.449334701453854,0.6380301886171277,59,64,,True,True,,403,56.69694568066818
69,2026-09-19T05:45:49.420+00:00,2026-09-19T05:47:54.353+00:00,2026-09-19T05:47:56.551+00:00,True,24,24.0,,24.0,124932.66505400001,127130.64367800001,127130.64346700002,5297.110144458334,47.061489,124932.66505400001,25482.272964944055,109.41643975000001,95.564288,18.575465980252947,0.18878217954113297,59,64,,True,True,,92,56.69694568066818
70,2026-09-19T05:45:49.864+00:00,2026-09-19T05:47:56.549+00:00,2026-09-19T05:47:57.804+00:00,True,14,14.0,,14.0,126685.480404,127940.196564,127940.196543,9138.585467357143,44.811682999999995,126685.480404,33832.33014508199,44412.47308945,96.5166276923077,21.78358694792453,0.10942612545539375,59,64,,True,True,,62,56.69694568066818
71,2026-09-19T05:45:50.262+00:00,2026-09-19T05:47:59.113+00:00,2026-09-19T05:48:03.167+00:00,True,41,41.0,,41.0,128851.249341,132905.471421,132905.471433,3241.596864219512,47.875687,128851.249341,20107.359663492378,113.632832,101.355552,13.483346058658107,0.30848993319564505,59,64,,True,True,,150,56.69694568066818
72,2026-09-19T05:45:50.613+00:00,2026-09-19T05:48:00.989+00:00,2026-09-19T05:48:07.086+00:00,True,63,63.0,,63.0,130375.665752,136472.559448,136472.559604,2166.231104825397,46.445080000000004,130375.665752,16413.41161069822,111.45209510000001,98.33699509677419,19.13565429192299,0.46163126312586533,59,64,,True,True,,302,56.69694568066818
73,2026-09-19T05:45:50.918+00:00,2026-09-19T05:48:02.541+00:00,2026-09-19T05:48:04.699+00:00,True,23,23.0,,23.0,131623.043169,133780.892513,133780.892637,5816.560549434783,43.454747000000005,131623.043169,27424.857332339532,116.3288712,98.08406109090909,20.83043254956876,0.17192290743437075,59,64,,True,True,,67,56.69694568066818
74,2026-09-19T05:45:51.280+00:00,2026-09-19T05:48:04.275+00:00,2026-09-19T05:48:09.306+00:00,True,51,51.0,,51.0,132995.01461,138025.99547400002,138025.99534800003,2706.392065647059,47.084719,132995.01461,18608.94524895988,113.24523300000001,100.61961728,17.199961448472056,0.3694956143939341,59,64,,True,True,,174,56.69694568066818
75,2026-09-19T05:45:51.777+00:00,2026-09-19T05:48:06.868+00:00,2026-09-19T05:48:14.910+00:00,True,80,80.0,,80.0,135091.07596000002,143133.316728,143133.31666600003,1789.1664583250001,51.992447,135091.07596000002,15092.265367859207,112.29319939999999,101.80051605063291,13.039283392097872,0.5589194872918798,59,64,,True,True,,337,56.69694568066818
76,2026-09-19T05:45:52.249+00:00,2026-09-19T05:48:08.838+00:00,2026-09-19T05:48:09.518+00:00,True,8,8.0,,8.0,136589.06965000002,137269.08629,137269.086275,17158.635784375,45.977650999999994,136589.06965000002,48257.187297424876,88821.4247845,97.14523428571428,22.835064608917442,0.05827969148930509,59,64,,True,True,,34,56.69694568066818
77,2026-09-19T05:45:52.650+00:00,2026-09-19T05:48:11.852+00:00,2026-09-19T05:48:16.052+00:00,True,43,43.0,,43.0,139201.89940999998,143402.298002,143402.29798499998,3334.93716244186,44.024906,139201.89940999998,21212.844777434482,111.1373573,100.00949028571428,15.367691830582823,0.29985572476251593,59,64,,True,True,,120,56.69694568066818
78,2026-09-19T05:45:52.977+00:00,2026-09-19T05:48:13.456+00:00,2026-09-19T05:48:14.178+00:00,True,8,8.0,,8.0,140479.268164,141200.5177,141200.51782100002,17650.064727625002,96.752522,140479.268164,49630.49310605763,91349.75400614999,103.035648,4.131974146686464,0.05665701606701687,59,64,,True,True,,33,56.69694568066818
79,2026-09-19T05:45:53.293+00:00,2026-09-19T05:48:15.583+00:00,2026-09-19T05:48:15.637+00:00,True,2,2.0,,2.0,142290.08694,142343.91529200002,142343.915394,71171.957697,53.828454,142290.08694,100576.22290605323,135178.2740157,53.828352,nan,0.014050477647023128,59,64,,True,True,,4,56.69694568066818
80,2026-09-19T05:45:53.637+00:00,2026-09-19T05:48:16.995+00:00,2026-09-19T05:48:26.467+00:00,True,98,98.0,,98.0,143357.777039,152830.473871,152830.4738,1559.494630612245,46.46897,143357.777039,14471.470735595341,111.94239985,97.65666837113403,19.66467198748287,0.6412333713151941,59,64,,True,True,,347,56.69694568066818
81,2026-09-19T05:45:53.963+00:00,2026-09-19T05:48:19.244+00:00,2026-09-19T05:48:21.653+00:00,True,25,25.0,,25.0,145281.380749,147689.805197,147689.805065,5907.5922026,53.035555,145281.380749,29036.209550283806,111.2461634,100.35101866666668,14.77629114118929,0.16927370150331691,59,64,,True,True,,106,56.69694568066818
82,2026-09-19T05:45:54.471+00:00,2026-09-19T05:48:22.063+00:00,2026-09-19T05:48:30.357+00:00,True,87,87.0,,87.0,147591.579062,155886.32850200002,155886.328514,1791.7968794712644,48.407506,147591.579062,15813.151097914426,111.17214200000001,96.45057488372093,20.776426294573778,0.5580989740154396,59,64,,True,True,,392,56.69694568066818
83,2026-09-19T05:45:54.802+00:00,2026-09-19T05:48:23.415+00:00,2026-09-19T05:48:32.560+00:00,True,95,95.0,,95.0,148612.231062,157757.30984600002,157757.309867,1660.6032617578949,45.543152,148612.231062,15237.32445691595,112.233452,97.28807217021276,19.864032083907762,0.6021907960571676,59,64,,True,True,,285,56.69694568066818
84,2026-09-19T05:45:55.118+00:00,2026-09-19T05:48:25.933+00:00,2026-09-19T05:48:33.091+00:00,True,72,72.0,,72.0,150814.932484,157973.6745,157973.674317,2194.0788099583333,42.212471,150814.932484,17761.835424611272,113.86329180000001,100.82735233802816,16.76197522902663,0.4557721419590073,59,64,,True,True,,284,56.69694568066818
85,2026-09-19T05:45:55.593+00:00,2026-09-19T05:48:28.270+00:00,2026-09-19T05:48:36.265+00:00,True,82,82.0,,82.0,152677.24172299998,160672.49522699998,160672.49519299998,1959.4206730853657,46.63794,152677.24172299998,16849.490585704396,112.14811205,98.70683338271604,18.592755764579916,0.510354929660795,59,64,,True,True,,338,56.69694568066818
86,2026-09-19T05:45:56.107+00:00,2026-09-19T05:48:31.022+00:00,2026-09-19T05:48:36.157+00:00,True,52,52.0,,52.0,154914.767277,160049.871277,160049.871247,3077.882139365385,44.537006,154914.767277,21468.85642261671,113.48516255,100.6883137254902,16.778271462900033,0.3248987305338288,59,64,,True,True,,183,56.69694568066818
87,2026-09-19T05:45:56.514+00:00,2026-09-19T05:48:32.874+00:00,2026-09-19T05:48:35.894+00:00,True,31,31.0,,31.0,156359.685144,159379.922712,159379.922753,5141.287830741935,48.176536999999996,156359.685144,28064.952292866867,113.8964165,100.6745856,17.88260232888448,0.1945037961651989,59,64,,True,True,,135,56.69694568066818
88,2026-09-19T05:45:56.862+00:00,2026-09-19T05:48:34.528+00:00,2026-09-19T05:48:36.109+00:00,True,17,17.0,,17.0,157665.414512,159246.98686399998,159246.986909,9367.46981817647,47.297678999999995,157665.414512,38215.51021313461,31622.039084800002,98.848272,19.335961584272088,0.10675241230478244,59,64,,True,True,,80,56.69694568066818
89,2026-09-19T05:45:57.320+00:00,2026-09-19T05:48:37.178+00:00,2026-09-19T05:48:42.793+00:00,True,55,55.0,,55.0,159857.26064199998,165472.48982599998,165472.489832,3008.5907242181815,46.389521,159857.26064199998,21541.131083719367,113.1888401,103.98572562962963,13.064538876043777,0.33238153398087134,59,64,,True,True,,293,56.69694568066818
90,2026-09-19T05:45:57.666+00:00,2026-09-19T05:48:39.454+00:00,2026-09-19T05:48:47.249+00:00,True,79,79.0,,79.0,161787.928522,169582.373834,169582.373704,2146.6123253670885,45.309433,161787.928522,18191.329036385923,111.50167800000001,99.92878605128205,16.96951492577108,0.4658503016199735,59,64,,True,True,,270,56.69694568066818
91,2026-09-19T05:45:58.094+00:00,2026-09-19T05:48:41.648+00:00,2026-09-19T05:48:48.029+00:00,True,66,66.0,,66.0,163554.272307,169935.35237100002,169935.352534,2574.77806869697,49.358744,163554.272307,20120.062445792566,112.17378624999999,98.17046252307692,17.106633941016852,0.38838298846675473,59,64,,True,True,,332,56.69694568066818
92,2026-09-19T05:45:58.543+00:00,2026-09-19T05:48:43.780+00:00,2026-09-19T05:48:48.339+00:00,True,48,48.0,,48.0,165236.738718,169796.42051,169796.420571,3537.4254285625,49.331114,165236.738718,23835.873091109625,112.52791744999999,97.01450621276597,18.510321509603976,0.28269147168018827,59,64,,True,True,,169,56.69694568066818
93,2026-09-19T05:45:58.924+00:00,2026-09-19T05:48:46.247+00:00,2026-09-19T05:48:49.323+00:00,True,33,33.0,,33.0,167323.63513,170398.832826,170398.832935,5163.600998030303,44.729664,167323.63513,29110.58455443496,112.7183394,96.099928,20.8246630638543,0.1936632983495692,59,64,,True,True,,90,56.69694568066818
94,2026-09-19T05:45:59.279+00:00,2026-09-19T05:48:48.339+00:00,2026-09-19T05:48:49.170+00:00,True,9,9.0,,9.0,169059.277229,169891.028653,169891.028502,18876.780944666665,97.84279,169059.277229,56318.436240353985,101479.3884186,103.968928,4.149058188720079,0.052975133951200994,59,64,,True,True,,42,56.69694568066818
95,2026-09-19T05:45:59.645+00:00,2026-09-19T05:48:49.849+00:00,2026-09-19T05:48:53.156+00:00,True,33,33.0,,33.0,170203.67227799998,173511.08962199997,173511.089647,5257.911807484848,54.498912,170203.67227799998,29610.665656455752,111.75692699999999,103.356792,9.445626797774766,0.19018957273504342,59,64,,True,True,,100,56.69694568066818
96,2026-09-19T05:46:00.033+00:00,2026-09-19T05:48:52.097+00:00,2026-09-19T05:48:59.398+00:00,True,74,74.0,,74.0,172063.926892,179364.92401199997,179364.924176,2423.8503267027027,42.64456,172063.926892,19990.40590911001,113.66073324999999,100.0136591780822,16.901308344481933,0.41256672901692426,59,64,,True,True,,363,56.69694568066818
97,2026-09-19T05:46:00.366+00:00,2026-09-19T05:48:53.840+00:00,2026-09-19T05:49:02.416+00:00,True,88,88.0,,88.0,173473.683488,182050.074912,182050.074842,2068.7508504772727,49.588593,173473.683488,18481.856382043658,112.34273635000001,98.57921177011494,17.47548190906743,0.48338348689248134,59,64,,True,True,,366,56.69694568066818
98,2026-09-19T05:46:00.812+00:00,2026-09-19T05:48:55.608+00:00,2026-09-19T05:49:02.520+00:00,True,72,72.0,,72.0,174795.989458,181708.283346,181708.283477,2523.7261594027777,43.700097,174795.989458,20588.44097287696,111.5355571,97.35625194366197,20.029626463697447,0.3962395036383737,59,64,,True,True,,251,56.69694568066818
99,2026-09-19T05:46:01.141+00:00,2026-09-19T05:48:57.783+00:00,2026-09-19T05:48:58.578+00:00,True,9,9.0,,9.0,176641.888497,177437.414641,177437.414616,19715.268290666667,52.891446,176641.888497,58847.48524773712,106029.2333106,99.440768,18.952238816330457,0.05072210964192212,59,64,,True,True,,31,56.69694568066818
100,2026-09-19T05:46:01.636+00:00,2026-09-19T05:49:00.433+00:00,2026-09-19T05:49:04.209+00:00,True,39,39.0,,39.0,178796.455276,182572.34622,182572.346294,4681.3422126666665,49.269944,178796.455276,28614.440075921633,111.07113670000001,99.36555115789473,17.156990898712962,0.21361394979831683,59,64,,True,True,,144,56.69694568066818
101,2026-09-19T05:46:01.997+00:00,2026-09-19T05:49:02.831+00:00,2026-09-19T05:49:10.837+00:00,True,80,80.0,,80.0,180833.436097,188839.763905,188839.763929,2360.4970491125,51.216699,180833.436097,20206.46863662171,112.02359985,101.34592162025316,16.522107451985068,0.42363958917172634,59,64,,True,True,,330,56.69694568066818
102,2026-09-19T05:46:02.331+00:00,2026-09-19T05:49:05.007+00:00,2026-09-19T05:49:12.981+00:00,True,80,80.0,,80.0,182676.168193,190650.136833,190650.13684199998,2383.126710525,43.630617,182676.168193,20412.538601365042,113.0614732,100.93631189873419,17.16616334465654,0.41961679823013187,59,64,,True,True,,285,56.69694568066818
103,2026-09-19T05:46:02.787+00:00,2026-09-19T05:49:07.340+00:00,2026-09-19T05:49:10.460+00:00,True,32,32.0,,32.0,184552.789617,187672.754801,187672.754787,5864.77358709375,48.755685,184552.789617,32606.846463550082,114.26594835,100.64403819354838,19.64617724567377,0.17050956615376273,59,64,,True,True,,80,56.69694568066818
104,2026-09-19T05:46:03.080+00:00,2026-09-19T05:49:08.421+00:00,2026-09-19T05:49:16.807+00:00,True,84,84.0,,84.0,185340.78918599998,193726.21792199998,193726.217847,2306.264498178571,45.637913,185340.78918599998,20211.321902821834,113.31604115,101.02926187951807,17.04825378756162,0.43360161005063824,59,64,,True,True,,346,56.69694568066818
105,2026-09-19T05:46:03.402+00:00,2026-09-19T05:49:10.676+00:00,2026-09-19T05:49:16.709+00:00,True,61,61.0,,61.0,187274.20674000002,193306.91150800002,193306.911377,3168.965760278689,45.796862000000004,187274.20674000002,23965.138253831443,113.792053,100.54507946666666,17.94818147594756,0.31556036731503784,59,64,,True,True,,275,56.69694568066818
106,2026-09-19T05:46:03.818+00:00,2026-09-19T05:49:12.559+00:00,2026-09-19T05:49:17.020+00:00,True,45,45.0,,45.0,188740.77104,193202.3032,193202.303234,4293.384516311111,48.595375,188740.77104,28120.702166051873,112.92616140000001,101.39845818181819,16.6395947115599,0.23291647798534112,59,64,,True,True,,222,56.69694568066818
107,2026-09-19T05:46:04.187+00:00,2026-09-19T05:49:14.821+00:00,2026-09-19T05:49:22.569+00:00,True,78,78.0,,78.0,190633.69405700002,198381.86583300002,198381.86602900003,2543.3572567820515,47.426517999999994,190633.69405700002,21573.627629134287,111.19907135000001,100.62560748051948,16.01126637274953,0.39318109884933355,59,64,,True,True,,326,56.69694568066818
108,2026-09-19T05:46:04.635+00:00,2026-09-19T05:49:17.023+00:00,2026-09-19T05:49:19.663+00:00,True,29,29.0,,29.0,192387.162812,195028.011452,195028.011419,6725.103842034483,45.121434,192387.162812,35707.893079740206,113.5807834,94.31602285714285,24.136297966599525,0.14869658868022367,59,64,,True,True,,137,56.69694568066818
109,2026-09-19T05:46:05.056+00:00,2026-09-19T05:49:19.506+00:00,2026-09-19T05:49:29.471+00:00,True,98,98.0,,98.0,194449.974439,204415.359911,204415.35992400002,2085.8710196326533,46.58771,194449.974439,19632.04011289865,112.10659514999999,102.73593270103092,13.155798105337624,0.47941602843674774,59,64,,True,True,,435,56.69694568066818
110,2026-09-19T05:46:05.551+00:00,2026-09-19T05:49:22.261+00:00,2026-09-19T05:49:30.600+00:00,True,82,82.0,,82.0,196709.936912,205049.13896,205049.138922,2500.5992551463414,46.87838,196709.936912,21711.61396965907,112.66648855,102.9531117037037,14.39267008739793,0.3999041420797976,59,64,,True,True,,361,56.69694568066818
111,2026-09-19T05:46:06.020+00:00,2026-09-19T05:49:24.797+00:00,2026-09-19T05:49:33.313+00:00,True,83,83.0,,83.0,198776.44026899998,207293.27175699998,207293.27172199998,2497.5092978554217,44.561515,198776.44026899998,21807.15322172232,114.7085881,103.86379863414635,14.686517965513103,0.40039890970169517,59,64,,True,True,,317,56.69694568066818
112,2026-09-19T05:46:06.358+00:00,2026-09-19T05:49:26.784+00:00,2026-09-19T05:49:34.063+00:00,True,71,71.0,,71.0,200426.115289,207704.53116100002,207704.531146,2925.4159316338028,50.705529999999996,200426.115289,23773.867470064288,112.4811955,103.97736959999999,13.120420869657744,0.3418317337765014,59,64,,True,True,,248,56.69694568066818
113,2026-09-19T05:46:06.799+00:00,2026-09-19T05:49:28.984+00:00,2026-09-19T05:49:37.852+00:00,True,87,87.0,,87.0,202185.34803,211053.715902,211053.716036,2425.9047820229885,46.24843,202185.34803,21665.49508629966,113.665509,103.12055665116279,16.449831031872233,0.41221733352658574,59,64,,True,True,,343,56.69694568066818
114,2026-09-19T05:46:07.345+00:00,2026-09-19T05:49:31.566+00:00,2026-09-19T05:49:39.082+00:00,True,74,74.0,,74.0,204220.874199,211737.16066300002,211737.16069400002,2861.3129823513514,48.758635999999996,204220.874199,23728.23011484783,114.96143545000001,102.9628282739726,15.34326496152043,0.34948990422034654,59,64,,True,True,,364,56.69694568066818
115,2026-09-19T05:46:07.655+00:00,2026-09-19T05:49:34.282+00:00,2026-09-19T05:49:40.732+00:00,True,65,65.0,,65.0,206627.135592,213077.572712,213077.572667,3278.1165025692308,47.564167000000005,206627.135592,25616.44529969504,113.77024499999999,100.78808,15.473427200539362,0.3050532215694766,59,64,,True,True,,320,56.69694568066818
116,2026-09-19T05:46:08.096+00:00,2026-09-19T05:49:36.926+00:00,2026-09-19T05:49:37.961+00:00,True,12,12.0,,12.0,208829.91359799998,209865.057022,209865.056972,17488.754747666666,51.805628,208829.91359799998,60256.84125052405,94035.88172624998,94.10394763636364,20.92715746006651,0.05717959993093109,59,64,,True,True,,58,56.69694568066818
117,2026-09-19T05:46:08.585+00:00,2026-09-19T05:49:39.593+00:00,2026-09-19T05:49:40.996+00:00,True,16,16.0,,16.0,211008.476135,212411.32976700002,212411.329905,13275.7081190625,50.572323,211008.476135,52728.74252237673,52838.33467999999,93.52357546666667,22.25846068816912,0.07532554886573542,59,64,,True,True,,72,56.69694568066818
118,2026-09-19T05:46:08.916+00:00,2026-09-19T05:49:41.252+00:00,2026-09-19T05:49:45.881+00:00,True,48,48.0,,48.0,212335.38331099998,216965.06625499998,216965.06645999997,4520.10555125,47.513121,212335.38331099998,30633.760410779276,111.0314762,98.50389242553192,18.631555979759074,0.2212337720008132,59,64,,True,True,,184,56.69694568066818
119,2026-09-19T05:46:09.420+00:00,2026-09-19T05:49:44.159+00:00,2026-09-19T05:49:51.814+00:00,True,81,81.0,,81.0,214739.988907,222394.329259,222394.329404,2745.6090049876543,43.39969,214739.988907,23849.37649759141,111.73376300000001,95.6792544,20.568523606552617,0.3642179198987919,59,64,,True,True,,314,56.69694568066818
120,2026-09-19T05:46:09.704+00:00,2026-09-19T05:49:45.309+00:00,2026-09-19T05:49:49.561+00:00,True,46,46.0,,46.0,215604.987612,219856.4367,219856.436904,4779.487758782609,46.359223,215604.987612,31775.298929458993,113.1957565,94.4766464,22.256553000438114,0.20922744264598556,59,64,,True,True,,177,56.69694568066818
121,2026-09-19T05:46:10.103+00:00,2026-09-19T05:49:47.386+00:00,2026-09-19T05:49:48.842+00:00,True,16,16.0,,16.0,217282.434991,218739.01329499998,218739.01328699998,13671.188330437499,46.212814,217282.434991,54296.3360668152,54404.76915849999,97.10522026666666,20.534134818720474,0.07314653092277497,59,64,,True,True,,78,56.69694568066818
122,2026-09-19T05:46:10.505+00:00,2026-09-19T05:49:49.464+00:00,2026-09-19T05:49:52.016+00:00,True,27,27.0,,27.0,218959.73774,221510.96257200002,221510.96267600002,8204.109728740741,50.948893,218959.73774,42119.93927463992,107.0224705,98.124032,13.495565011574811,0.12189012989018054,59,64,,True,True,,125,56.69694568066818
123,2026-09-19T05:46:10.823+00:00,2026-09-19T05:49:50.940+00:00,2026-09-19T05:49:55.227+00:00,True,45,45.0,,45.0,220116.73315400002,224403.894754,224403.89473400003,4986.753216311112,45.626495000000006,220116.73315400002,32798.54535947025,110.55144979999999,97.4354909090909,18.252979630991657,0.20053127887700295,59,64,,True,True,,135,56.69694568066818
124,2026-09-19T05:46:11.310+00:00,2026-09-19T05:49:53.960+00:00,2026-09-19T05:50:00.400+00:00,True,65,65.0,,65.0,222649.796616,229089.410056,229089.410058,3524.452462430769,48.345499000000004,222649.796616,27603.833211729027,113.63649579999999,100.61896,16.79277189310183,0.28373201530402914,59,64,,True,True,,282,56.69694568066818
125,2026-09-19T05:46:11.652+00:00,2026-09-19T05:49:55.753+00:00,2026-09-19T05:49:58.227+00:00,True,25,25.0,,25.0,224100.477605,226575.215525,226575.215718,9063.00862872,51.258421999999996,224100.477605,44799.474154968455,110.89669020000001,103.11408,11.649666166073542,0.11033863497413968,59,64,,True,True,,80,56.69694568066818
126,2026-09-19T05:46:12.165+00:00,2026-09-19T05:49:58.385+00:00,2026-09-19T05:50:04.111+00:00,True,59,59.0,,59.0,226220.379749,231946.321253,231946.321334,3931.293581932204,46.950722999999996,226220.379749,29438.53846845497,112.1325418,98.72312937931034,19.341329269513416,0.2543691992236626,59,64,,True,True,,208,56.69694568066818
127,2026-09-19T05:46:12.600+00:00,2026-09-19T05:50:01.097+00:00,2026-09-19T05:50:01.316+00:00,True,3,3.0,,3.0,228497.421138,228716.526418,228716.526392,76238.84213066667,105.48211599999999,228497.421138,131859.79742729903,205659.041338,109.55264,5.756414884283446,0.013116673495282236,59,64,,True,True,,10,56.69694568066818
128,2026-09-19T05:46:13.004+00:00,2026-09-19T05:50:03.381+00:00,2026-09-19T05:50:08.729+00:00,True,57,57.0,,57.0,230376.746971,235724.465627,235724.465707,4135.51694222807,46.181794000000004,230376.746971,30501.503044033172,110.27451819999999,95.494976,19.456852523622523,0.24180773874441308,59,64,,True,True,,249,56.69694568066818
129,2026-09-19T05:46:13.377+00:00,2026-09-19T05:50:05.134+00:00,2026-09-19T05:50:09.542+00:00,True,49,49.0,,49.0,231756.841483,236164.94977099999,236164.949894,4819.692854979592,0.04582,231756.841483,33095.016730838135,111.4610458,91.83558933333333,32.773275006104726,0.20748210116494173,59,64,,True,True,,204,56.69694568066818
130,2026-09-19T05:46:13.785+00:00,2026-09-19T05:50:08.211+00:00,2026-09-19T05:50:15.595+00:00,True,74,74.0,,74.0,234426.15929699998,241809.87206499997,241809.87210699997,3267.7009744189186,44.047568,234426.15929699998,27239.734379027654,115.0531535,101.14675024657534,16.571950656295474,0.30602555374624385,59,64,,True,True,,319,56.69694568066818
131,2026-09-19T05:46:14.106+00:00,2026-09-19T05:50:09.752+00:00,2026-09-19T05:50:12.993+00:00,True,33,33.0,,33.0,235645.865987,238887.198211,238887.198255,7239.006007727273,46.940042,235645.865987,41003.04991162002,112.77463820000001,101.291632,14.64910741587506,0.1381405125395307,59,64,,True,True,,152,56.69694568066818
132,2026-09-19T05:46:14.472+00:00,2026-09-19T05:50:11.832+00:00,2026-09-19T05:50:12.247+00:00,True,5,5.0,,5.0,237359.725892,237775.679812,237775.67980399998,47555.1359608,94.966911,237359.725892,106103.99151827508,189909.6028694,103.98848,6.211678944213392,0.02102822291982639,59,64,,True,True,,36,56.69694568066818
133,2026-09-19T05:46:14.974+00:00,2026-09-19T05:50:14.303+00:00,2026-09-19T05:50:21.983+00:00,True,80,80.0,,80.0,239328.10964399998,247008.24020399997,247008.240271,3087.6030033875,44.219277999999996,239328.10964399998,26746.83489181977,113.5591894,97.21684253164557,20.76808358167858,0.3238758348058726,59,64,,True,True,,372,56.69694568066818
134,2026-09-19T05:46:15.255+00:00,2026-09-19T05:50:16.023+00:00,2026-09-19T05:50:17.821+00:00,True,20,20.0,,20.0,240767.780497,242566.077585,242566.077716,12128.3038858,47.93524,240767.780497,53816.15322930571,12145.55631135,94.64721515789473,22.8439797094605,0.08245175994566512,59,64,,True,True,,81,56.69694568066818
135,2026-09-19T05:46:15.764+00:00,2026-09-19T05:50:19.413+00:00,2026-09-19T05:50:21.025+00:00,True,17,17.0,,17.0,243648.496198,245260.251974,245260.251846,14427.073638,51.770731,243648.496198,59069.010122826585,48818.3357388,100.734736,14.058872782257598,0.06931412596690215,59,64,,True,True,,49,56.69694568066818
136,2026-09-19T05:46:16.201+00:00,2026-09-19T05:50:21.478+00:00,2026-09-19T05:50:24.337+00:00,True,30,30.0,,30.0,245276.145211,248135.837755,248135.837797,8271.194593233333,51.378152,245276.145211,44763.0907542002,110.31362930000002,98.61008772413793,13.253116715189458,0.12090152019725935,59,64,,True,True,,118,56.69694568066818
137,2026-09-19T05:46:16.515+00:00,2026-09-19T05:50:22.491+00:00,2026-09-19T05:50:28.507+00:00,True,64,64.0,,64.0,245976.271848,251992.076264,251992.076227,3937.376191046875,41.111435,245976.271848,30735.103768985893,108.39885585000002,95.48895898412698,19.20963511800799,0.2539762398439476,59,64,,True,True,,235,56.69694568066818
138,2026-09-19T05:46:16.999+00:00,2026-09-19T05:50:24.937+00:00,2026-09-19T05:50:30.917+00:00,True,62,62.0,,62.0,247937.649905,253917.847281,253917.847326,4095.4491504193547,47.62469,247937.649905,31475.667299231252,111.46265114999999,98.03602255737705,17.6374530871277,0.24417346265301018,59,64,,True,True,,209,56.69694568066818
139,2026-09-19T05:46:17.380+00:00,2026-09-19T05:50:27.362+00:00,2026-09-19T05:50:36.636+00:00,True,92,92.0,,92.0,249982.261379,259256.263555,259256.263545,2818.002864619565,46.105313,249982.261379,26051.830022952472,112.1921731,101.91211182417582,11.964117448953372,0.3548612432288743,59,64,,True,True,,329,56.69694568066818
140,2026-09-19T05:46:17.731+00:00,2026-09-19T05:50:29.351+00:00,2026-09-19T05:50:36.480+00:00,True,71,71.0,,71.0,251620.236726,258749.797302,258749.79723,3644.363341267606,47.60354,251620.236726,29849.74309156897,111.604738,101.85086537142857,12.025297427211486,0.27439635022064307,59,64,,True,True,,237,56.69694568066818
141,2026-09-19T05:46:18.103+00:00,2026-09-19T05:50:31.237+00:00,2026-09-19T05:50:32.783+00:00,True,16,16.0,,16.0,253134.639069,254680.03862099999,254680.03875,15917.502421875,91.48470900000001,253134.639069,63257.90323274461,63365.624184,103.02663679999999,4.146594001241763,0.06282392639263837,59,64,,True,True,,85,56.69694568066818
142,2026-09-19T05:46:18.454+00:00,2026-09-19T05:50:32.578+00:00,2026-09-19T05:50:32.578+00:00,True,1,1.0,,1.0,254124.31487,254124.31487,254124.31487,254124.31487,254124.31487,254124.31487,nan,254124.31487,nan,nan,0.0039350819322879855,59,64,,True,True,,3,56.69694568066818
143,2026-09-19T05:46:18.963+00:00,2026-09-19T05:50:35.636+00:00,2026-09-19T05:50:41.029+00:00,True,55,55.0,,55.0,256673.13349500002,262066.011319,262066.011227,4764.836567763637,44.836587,256673.13349500002,34596.337265639835,112.56995869999999,99.86810785185185,19.180149252976562,0.20987078684175953,59,64,,True,True,,176,56.69694568066818
144,2026-09-19T05:46:19.390+00:00,2026-09-19T05:50:37.862+00:00,2026-09-19T05:50:39.427+00:00,True,17,17.0,,17.0,258471.895195,260037.40943499998,260037.40946999998,15296.318204117646,43.898139,258471.895195,62664.91649802142,51790.50306539999,97.84464,24.943456848197062,0.06537520903987236,59,64,,True,True,,38,56.69694568066818
145,2026-09-19T05:46:19.738+00:00,2026-09-19T05:50:39.751+00:00,2026-09-19T05:50:48.069+00:00,True,85,85.0,,85.0,260013.06151600002,268330.982028,268330.981874,3156.8350808705886,46.650983000000004,260013.06151600002,28191.64104602216,114.07384900000001,99.02286323809524,17.466857796027607,0.3167729620992121,59,64,,True,True,,392,56.69694568066818
146,2026-09-19T05:46:20.217+00:00,2026-09-19T05:50:42.623+00:00,2026-09-19T05:50:44.405+00:00,True,18,18.0,,18.0,262405.805,264188.025032,264188.025108,14677.112506,93.85433400000001,262405.805,61824.93143997186,39460.775075,104.83647247058823,5.78977662774962,0.06813329255866059,59,64,,True,True,,75,56.69694568066818
147,2026-09-19T05:46:20.644+00:00,2026-09-19T05:50:44.615+00:00,2026-09-19T05:50:49.638+00:00,True,54,54.0,,54.0,263970.846201,268993.248761,268993.248766,4981.356458629629,46.223084,263970.846201,35908.9922925889,110.72044215,94.7623124528302,20.207722832743137,0.2007485327186739,59,64,,True,True,,260,56.69694568066818
148,2026-09-19T05:46:21.149+00:00,2026-09-19T05:50:47.444+00:00,2026-09-19T05:50:52.616+00:00,True,55,55.0,,55.0,266295.490233,271467.122105,271467.122136,4935.765857018182,45.163286,266295.490233,35894.367828564675,109.8112612,95.7709605925926,19.132118084136046,0.20260280351270935,59,64,,True,True,,211,56.69694568066818
149,2026-09-19T05:46:21.593+00:00,2026-09-19T05:50:49.892+00:00,2026-09-19T05:50:57.495+00:00,True,79,79.0,,79.0,268299.60552,275902.3268,275902.326884,3492.434517518987,42.666843,268299.60552,30175.102866860427,111.786771,97.47078564102564,17.80869091197521,0.2863332140626224,59,64,,True,True,,355,56.69694568066818
150,2026-09-19T05:46:21.914+00:00,2026-09-19T05:50:51.395+00:00,2026-09-19T05:51:00.144+00:00,True,90,90.0,,90.0,269480.327442,278230.26049799996,278230.26041299995,3091.447337922222,41.523264000000005,269480.327442,28395.362895882958,111.60811249999999,98.31385456179775,17.679286829098448,0.32347308247100953,59,64,,True,True,,314,56.69694568066818
151,2026-09-19T05:46:22.734+00:00,2026-09-19T05:50:52.616+00:00,2026-09-19T05:50:59.530+00:00,True,71,71.0,,71.0,269882.21919800004,276795.63615800004,276795.63611400005,3898.5300861126766,46.975032,269882.21919800004,32017.410371570975,110.42247149999999,98.76309942857144,17.349154533987807,0.2565069340886281,59,64,,True,True,,331,56.69694568066818
152,2026-09-19T05:46:22.825+00:00,2026-09-19T05:50:54.439+00:00,2026-09-19T05:50:58.126+00:00,True,38,38.0,,38.0,271614.07826700003,275300.809787,275300.80984700006,7244.758153868422,48.926408,271614.07826700003,44045.4612882344,111.43458784999999,99.64139243243243,17.753296850882325,0.13803083263503862,59,64,,True,True,,122,56.69694568066818
153,2026-09-19T05:46:23.098+00:00,2026-09-19T05:50:58.123+00:00,2026-09-19T05:51:02.439+00:00,True,45,45.0,,45.0,275024.46357,279341.04392200004,279341.044025,6207.578756111112,43.630669999999995,275024.46357,40983.60586313935,111.35225220000001,98.10409890909091,18.219820025537086,0.16109340528048316,59,64,,True,True,,161,56.69694568066818
154,2026-09-19T05:46:23.404+00:00,2026-09-19T05:50:59.531+00:00,2026-09-19T05:51:01.765+00:00,True,24,24.0,,24.0,276126.44847299997,278360.424281,278360.424496,11598.351020666665,44.995247000000006,276126.44847299997,56344.25194261423,111.76052379999999,97.12938295652174,19.191429148342433,0.08621915296325464,59,64,,True,True,,102,56.69694568066818
155,2026-09-19T05:46:23.857+00:00,2026-09-19T05:51:01.974+00:00,2026-09-19T05:51:07.514+00:00,True,58,58.0,,58.0,278117.33872899995,283657.02564099996,283657.02567699994,4890.638373741379,47.630631,278117.33872899995,36505.84029989247,112.24830565,97.18748968421052,21.076751609161068,0.20447228433328338,59,64,,True,True,,295,56.69694568066818
156,2026-09-19T05:46:24.176+00:00,2026-09-19T05:51:03.833+00:00,2026-09-19T05:51:09.113+00:00,True,57,57.0,,57.0,279656.554888,284937.390472,284937.39047000004,4998.901587192982,46.939912,279656.554888,37028.93163444893,112.38892200000001,94.30063542857144,22.100109489869332,0.200043946165083,59,64,,True,True,,244,56.69694568066818
157,2026-09-19T05:46:24.585+00:00,2026-09-19T05:51:05.635+00:00,2026-09-19T05:51:06.111+00:00,True,6,6.0,,6.0,281050.522504,281525.94471199997,281525.944793,46920.99079883333,44.134569000000006,281050.522504,114699.58016933996,210816.63572199998,95.08444159999999,28.78941709692999,0.02131242293188281,59,64,,True,True,,17,56.69694568066818
158,2026-09-19T05:46:25.088+00:00,2026-09-19T05:51:08.596+00:00,2026-09-19T05:51:15.528+00:00,True,71,71.0,,71.0,283508.115902,290440.31046199996,290440.310514,4090.708598788732,42.905822,283508.115902,33634.47488058111,112.02942800000001,99.03135085714285,17.620476446760634,0.2444564250983658,59,64,,True,True,,275,56.69694568066818
159,2026-09-19T05:46:25.411+00:00,2026-09-19T05:51:10.364+00:00,2026-09-19T05:51:18.736+00:00,True,85,85.0,,85.0,284952.899088,293324.90472,293324.904646,3450.881231129412,48.569059,284952.899088,30896.67520706824,111.65447200000003,99.66673371428571,16.117963610399517,0.2897810538151839,59,64,,True,True,,386,56.69694568066818
160,2026-09-19T05:46:25.855+00:00,2026-09-19T05:51:12.497+00:00,2026-09-19T05:51:14.433+00:00,True,21,21.0,,21.0,286641.927151,288577.50321500003,288577.503289,13741.785870904763,52.572618999999996,286641.927151,62529.28053970368,113.053871,96.7788032,19.235445232171816,0.07277074534931535,59,64,,True,True,,68,56.69694568066818
161,2026-09-19T05:46:26.232+00:00,2026-09-19T05:51:14.541+00:00,2026-09-19T05:51:22.094+00:00,True,76,76.0,,76.0,288308.286965,295862.184181,295862.184371,3892.923478565789,45.884475,288308.286965,33059.67945608024,112.678894,100.71862954666666,16.490581164463336,0.25687635684290555,59,64,,True,True,,271,56.69694568066818
162,2026-09-19T05:46:26.680+00:00,2026-09-19T05:51:17.148+00:00,2026-09-19T05:51:24.819+00:00,True,78,78.0,,78.0,290467.81137300003,298138.64862100006,298138.64865100005,3822.2903673205133,45.575815999999996,290467.81137300003,32877.72899616556,113.98858385,99.62126296103897,19.461965694647517,0.26162324261137704,59,64,,True,True,,272,56.69694568066818
163,2026-09-19T05:46:27.054+00:00,2026-09-19T05:51:18.951+00:00,2026-09-19T05:51:18.951+00:00,True,1,1.0,,1.0,291897.740601,291897.740601,291897.740601,291897.740601,291897.740601,291897.740601,nan,291897.740601,nan,nan,0.0034258572811871027,59,64,,True,True,,2,56.69694568066818
164,2026-09-19T05:46:27.383+00:00,2026-09-19T05:51:20.350+00:00,2026-09-19T05:51:27.467+00:00,False,73,72.0,,72.0,292967.228564,300083.67656399996,300083.676594,4110.735295808219,0.03803,292967.228564,34277.659478879614,113.6983916,98.83955555555555,22.453472139681082,0.23993307741497324,59,64,,True,False,Request timeout: 300.0s exceeded,347,56.69694568066818
165,2026-09-19T05:46:27.748+00:00,2026-09-19T05:51:23.399+00:00,2026-09-19T05:51:26.828+00:00,True,34,34.0,,34.0,295650.48534500005,299079.45200100006,299079.4521560001,8796.454475176472,45.861985,295650.48534500005,50685.822043813874,114.1730824,103.90808048484848,15.165459931511466,0.1136821663023721,59,64,,True,True,,122,56.69694568066818
166,2026-09-19T05:46:28.065+00:00,2026-09-19T05:51:25.033+00:00,2026-09-19T05:51:28.093+00:00,False,32,31.0,,31.0,296967.20603899995,300027.15893499996,300027.15894799994,9375.848717124998,0.023489999999999997,296967.20603899995,52479.437042070604,113.02617155,98.70815793548387,23.401014442058884,0.10332397943586188,59,64,,True,False,Request timeout: 300.0s exceeded,150,56.69694568066818
167,2026-09-19T05:46:28.350+00:00,2026-09-19T05:51:26.616+00:00,2026-09-19T05:51:26.826+00:00,True,3,3.0,,3.0,298265.547935,298476.461983,298476.46204099996,99492.15401366666,103.983651,298265.547935,172142.80873863152,268449.68618699996,105.457024,2.0837135765090173,0.010051043824590992,59,64,,True,True,,6,56.69694568066818
168,2026-09-19T05:46:28.817+00:00,2026-09-19T05:51:28.727+00:00,2026-09-19T05:51:29.601+00:00,False,10,9.0,,9.0,299909.088778,300783.73504999996,300783.735091,30078.373509099998,0.04001,299909.088778,94808.85553885867,165003.51820405,97.1829191111111,36.73299437098771,0.02992183070837893,59,64,,True,False,Request timeout: 300.0s exceeded,27,56.69694568066818
169,2026-09-19T05:46:29.294+00:00,2026-09-19T05:51:29.601+00:00,2026-09-19T05:51:29.601+00:00,False,1,0.0,,0.0,300307.198099,300307.198099,300307.198099,300307.198099,300307.198099,300307.198099,nan,300307.198099,nan,nan,0.0,59,64,,True,False,TTFT timeout: 300.0s exceeded (TTFT: 300.004s),0,56.69694568066818
170,2026-09-19T05:46:29.628+00:00,2026-09-19T05:51:29.735+00:00,2026-09-19T05:51:29.735+00:00,False,1,0.0,,0.0,300107.45967400004,300107.45967400004,300107.45967400004,300107.45967400004,300107.45967400004,300107.45967400004,nan,300107.45967400004,nan,nan,0.0,59,64,,True,False,"HTTPConnectionPool(host='gpu03', port=9002): Read timed out.",0,56.69694568066818
171,2026-09-19T05:46:30.065+00:00,2026-09-19T05:51:30.184+00:00,2026-09-19T05:51:30.184+00:00,False,1,0.0,,0.0,300118.84944099997,300118.84944099997,300118.84944099997,300118.84944099997,300118.84944099997,300118.84944099997,nan,300118.84944099997,nan,nan,0.0,59,64,,True,False,"HTTPConnectionPool(host='gpu03', port=9002): Read timed out.",0,56.69694568066818
172,2026-09-19T05:46:30.504+00:00,2026-09-19T05:51:30.610+00:00,2026-09-19T05:51:30.610+00:00,False,1,0.0,,0.0,300105.949973,300105.949973,300105.949973,300105.949973,300105.949973,300105.949973,nan,300105.949973,nan,nan,0.0,59,64,,True,False,"HTTPConnectionPool(host='gpu03', port=9002): Read timed out.",0,56.69694568066818
173,2026-09-19T05:46:30.849+00:00,2026-09-19T05:51:30.955+00:00,2026-09-19T05:51:30.955+00:00,False,1,0.0,,0.0,300105.87475,300105.87475,300105.87475,300105.87475,300105.87475,300105.87475,nan,300105.87475,nan,nan,0.0,59,64,,True,False,"HTTPConnectionPool(host='gpu03', port=9002): Read timed out.",0,56.69694568066818
174,2026-09-19T05:46:31.364+00:00,2026-09-19T05:51:31.095+00:00,2026-09-19T05:51:31.208+00:00,True,2,2.0,,2.0,299730.80687800003,299844.217438,299844.21741700004,149922.10870850002,113.410539,299730.80687800003,211861.4927127644,284749.93706105003,113.41056,nan,0.0066701302999566696,59,64,,True,True,,4,56.69694568066818
175,2026-09-19T05:46:31.856+00:00,2026-09-19T05:51:31.964+00:00,2026-09-19T05:51:31.964+00:00,False,1,0.0,,0.0,300107.340569,300107.340569,300107.340569,300107.340569,300107.340569,300107.340569,nan,300107.340569,nan,nan,0.0,59,64,,True,False,"HTTPConnectionPool(host='gpu03', port=9002): Read timed out.",0,56.69694568066818
176,2026-09-19T05:46:32.361+00:00,2026-09-19T05:51:32.413+00:00,2026-09-19T05:51:32.413+00:00,False,1,0.0,,0.0,300051.943901,300051.943901,300051.943901,300051.943901,300051.943901,300051.943901,nan,300051.943901,nan,nan,0.0,59,64,,True,False,TTFT timeout: 300.0s exceeded (TTFT: 300.042s),0,56.69694568066818
177,2026-09-19T05:46:32.826+00:00,2026-09-19T05:51:32.778+00:00,2026-09-19T05:51:32.913+00:00,False,3,2.0,,2.0,299951.937015,300087.01208699995,300087.01194399997,100029.00398133333,0.040348999999999996,299951.937015,173138.3519629564,269970.2467715,67.537536,95.45529727029029,0.006664733625393186,59,64,,True,False,Request timeout: 300.0s exceeded,10,56.69694568066818
178,2026-09-19T05:46:33.225+00:00,2026-09-19T05:51:33.140+00:00,2026-09-19T05:51:33.331+00:00,False,4,3.0,,3.0,299915.40287,300105.873014,300105.872812,75026.468203,0.023960000000000002,299915.40287,149925.96321240792,254943.09570799998,63.490048,55.17223991695998,0.009996472144548966,59,64,,True,False,Request timeout: 300.0s exceeded,10,56.69694568066818
179,2026-09-19T05:46:33.642+00:00,2026-09-19T05:51:33.688+00:00,2026-09-19T05:51:33.688+00:00,False,1,0.0,,0.0,300045.62061000004,300045.62061000004,300045.62061000004,300045.62061000004,300045.62061000004,300045.62061000004,nan,300045.62061000004,nan,nan,0.0,59,64,,True,False,"HTTPConnectionPool(host='gpu03', port=9002): Read timed out.",0,56.69694568066818
180,2026-09-19T05:46:33.940+00:00,2026-09-19T05:51:34.025+00:00,2026-09-19T05:51:34.025+00:00,False,1,0.0,,0.0,300084.584307,300084.584307,300084.584307,300084.584307,300084.584307,300084.584307,nan,300084.584307,nan,nan,0.0,59,64,,True,False,TTFT timeout: 300.0s exceeded (TTFT: 300.077s),0,56.69694568066818
181,2026-09-19T05:46:34.456+00:00,2026-09-19T05:51:34.276+00:00,2026-09-19T05:51:34.550+00:00,False,4,3.0,,3.0,299820.521269,300094.080053,300094.079991,75023.51999775,0.042959000000000004,299820.521269,149864.6814678908,254868.9425203,91.18626133333333,79.2054671634101,0.009996864981375727,59,64,,True,False,Request timeout: 300.0s exceeded,7,56.69694568066818
182,2026-09-19T05:46:34.747+00:00,2026-09-19T05:51:34.549+00:00,2026-09-19T05:51:34.852+00:00,False,5,4.0,,4.0,299802.078035,300105.349971,300105.350129,60021.0700258,0.02641,299802.078035,134041.66572776827,239863.2469066,75.817984,51.15960369692113,0.013328652756062265,59,64,,True,False,Request timeout: 300.0s exceeded,17,56.69694568066818
183,2026-09-19T05:46:35.211+00:00,2026-09-19T05:51:35.325+00:00,2026-09-19T05:51:35.325+00:00,False,1,0.0,,0.0,300114.03618199995,300114.03618199995,300114.03618199995,300114.03618199995,300114.03618199995,300114.03618199995,nan,300114.03618199995,nan,nan,0.0,59,64,,True,False,"HTTPConnectionPool(host='gpu03', port=9002): Read timed out.",0,56.69694568066818
184,2026-09-19T05:46:35.604+00:00,2026-09-19T05:51:35.613+00:00,2026-09-19T05:51:35.753+00:00,False,3,2.0,,2.0,300009.41918300005,300148.70801500004,300148.70785400004,100049.56928466668,0.04221,300009.41918300005,173170.32373642686,270022.4019108,69.644416,98.43234126987913,0.006663363681379062,59,64,,True,False,Request timeout: 300.0s exceeded,10,56.69694568066818
185,2026-09-19T05:46:36.087+00:00,2026-09-19T05:51:36.023+00:00,2026-09-19T05:51:36.153+00:00,False,3,2.0,,2.0,299936.08934500004,300065.60640100006,300065.606488,100021.86882933335,0.02754,299936.08934500004,173130.8056453166,269955.4293708001,64.758528,91.54328840034533,0.006665209065404352,59,64,,True,False,Request timeout: 300.0s exceeded,3,56.69694568066818
186,2026-09-19T05:46:36.368+00:00,2026-09-19T05:51:36.152+00:00,2026-09-19T05:51:36.450+00:00,False,5,4.0,,4.0,299783.854389,300082.187061,300082.187194,60016.4374388,0.026949999999999998,299783.854389,134034.0676926778,239847.2511888,74.583168,49.73354242895354,0.013329681575490818,59,64,,True,False,Request timeout: 300.0s exceeded,14,56.69694568066818
187,2026-09-19T05:46:36.725+00:00,2026-09-19T05:51:36.796+00:00,2026-09-19T05:51:36.796+00:00,False,1,0.0,,0.0,300071.108977,300071.108977,300071.108977,300071.108977,300071.108977,300071.108977,nan,300071.108977,nan,nan,0.0,59,64,,True,False,"HTTPConnectionPool(host='gpu03', port=9002): Read timed out.",0,56.69694568066818
188,2026-09-19T05:46:37.698+00:00,2026-09-19T05:51:37.186+00:00,2026-09-19T05:51:37.896+00:00,False,8,7.0,,7.0,299488.661573,300197.90266100003,300197.902505,37524.737813125,0.020989999999999998,299488.661573,105849.41843255234,194717.97492545002,101.32015542857144,46.52946523980413,0.02331795105145949,59,64,,True,False,Request timeout: 300.0s exceeded,20,56.69694568066818
189,2026-09-19T05:46:37.713+00:00,2026-09-19T05:51:37.186+00:00,2026-09-19T05:51:37.894+00:00,False,8,7.0,,7.0,299473.619139,300181.23872300005,300181.238835,37522.654854375,0.022539999999999998,299473.619139,105844.18206233923,194708.12724185002,101.088512,46.6569709446368,0.023319245499081407,59,64,,True,False,Request timeout: 300.0s exceeded,35,56.69694568066818
190,2026-09-19T05:46:37.957+00:00,2026-09-19T05:51:37.895+00:00,2026-09-19T05:51:38.095+00:00,False,4,3.0,,3.0,299938.320765,300137.696381,300137.696498,75034.4241245,0.07476000000000001,299938.320765,149935.9384528918,254962.85991465003,66.45853866666667,57.53463507628904,0.009995412226366088,59,64,,True,False,Request timeout: 300.0s exceeded,13,56.69694568066818
191,2026-09-19T05:46:38.416+00:00,2026-09-19T05:51:38.522+00:00,2026-09-19T05:51:38.522+00:00,False,1,0.0,,0.0,300105.984463,300105.984463,300105.984463,300105.984463,300105.984463,300105.984463,nan,300105.984463,nan,nan,0.0,59,64,,True,False,"HTTPConnectionPool(host='gpu03', port=9002): Read timed out.",0,56.69694568066818
192,2026-09-19T05:46:38.702+00:00,2026-09-19T05:51:39.172+00:00,2026-09-19T05:51:39.473+00:00,False,5,4.0,,4.0,300469.693242,300771.340602,300771.34081,60154.268162,0.044009,300469.693242,134340.4239117038,240412.7809888,75.41184,78.68257263809218,0.013299139445912359,59,64,,True,False,Request timeout: 300.0s exceeded,17,56.69694568066818
194,2026-09-19T05:46:39.384+00:00,2026-09-19T05:51:39.356+00:00,2026-09-19T05:51:39.685+00:00,False,7,6.0,,6.0,299971.879331,300300.910499,300300.91042599996,42900.13006085714,0.024239999999999998,299971.879331,113357.99072353277,210012.4556882,54.838528,34.77630559581578,0.019979959401488327,59,64,,True,False,Request timeout: 300.0s exceeded,23,56.69694568066818
193,2026-09-19T05:46:39.077+00:00,2026-09-19T05:51:39.362+00:00,2026-09-19T05:51:39.576+00:00,False,6,5.0,,5.0,300285.241545,300499.499465,300499.499443,50083.24990716667,0.05346,300285.241545,122573.44440004305,225229.57346525,42.851584,24.58151456729776,0.016638962823238793,59,64,,True,False,Request timeout: 300.0s exceeded,14,56.69694568066818
195,2026-09-19T05:46:39.809+00:00,2026-09-19T05:51:39.824+00:00,2026-09-19T05:51:39.824+00:00,False,1,0.0,,0.0,300014.358244,300014.358244,300014.358244,300014.358244,300014.358244,300014.358244,nan,300014.358244,nan,nan,0.0,59,64,,True,False,"HTTPConnectionPool(host='gpu03', port=9002): Read timed out.",0,56.69694568066818
196,2026-09-19T05:46:40.125+00:00,2026-09-19T05:51:40.271+00:00,2026-09-19T05:51:40.271+00:00,False,1,0.0,,0.0,300146.090277,300146.090277,300146.090277,300146.090277,300146.090277,300146.090277,nan,300146.090277,nan,nan,0.0,59,64,,True,False,"HTTPConnectionPool(host='gpu03', port=9002): Read timed out.",0,56.69694568066818
197,2026-09-19T05:46:40.406+00:00,2026-09-19T05:51:40.494+00:00,2026-09-19T05:51:40.494+00:00,False,1,0.0,,0.0,300087.99282499996,300087.99282499996,300087.99282499996,300087.99282499996,300087.99282499996,300087.99282499996,nan,300087.99282499996,nan,nan,0.0,59,64,,True,False,"HTTPConnectionPool(host='gpu03', port=9002): Read timed out.",0,56.69694568066818
198,2026-09-19T05:46:40.845+00:00,2026-09-19T05:51:40.887+00:00,2026-09-19T05:51:40.887+00:00,False,1,0.0,,0.0,300041.682334,300041.682334,300041.682334,300041.682334,300041.682334,300041.682334,nan,300041.682334,nan,nan,0.0,59,64,,True,False,"HTTPConnectionPool(host='gpu03', port=9002): Read timed out.",0,56.69694568066818
199,2026-09-19T05:46:41.131+00:00,2026-09-19T05:51:40.954+00:00,2026-09-19T05:51:41.172+00:00,False,4,3.0,,3.0,299823.32898,300041.460692,300041.460609,75010.36515225,0.024489999999999998,299823.32898,149875.31882122974,254869.01463989998,72.71057066666667,65.70870867340558,0.009998618167905716,59,64,,True,False,Request timeout: 300.0s exceeded,10,56.69694568066818
200,2026-09-19T05:46:41.638+00:00,2026-09-19T05:51:41.174+00:00,2026-09-19T05:51:41.722+00:00,False,8,7.0,,7.0,299535.533476,300084.097188,300084.097206,37510.51215075,0.05895,299535.533476,105874.1032466829,194734.11327945,78.36624457142857,39.87236709859227,0.023326794273988344,59,64,,True,False,Request timeout: 300.0s exceeded,20,56.69694568066818
201,2026-09-19T05:46:41.989+00:00,2026-09-19T05:51:42.095+00:00,2026-09-19T05:51:42.095+00:00,False,1,0.0,,0.0,300105.898545,300105.898545,300105.898545,300105.898545,300105.898545,300105.898545,nan,300105.898545,nan,nan,0.0,59,64,,True,False,"HTTPConnectionPool(host='gpu03', port=9002): Read timed out.",0,56.69694568066818
202,2026-09-19T05:46:42.494+00:00,2026-09-19T05:51:42.536+00:00,2026-09-19T05:51:42.536+00:00,False,1,0.0,,0.0,300042.260916,300042.260916,300042.260916,300042.260916,300042.260916,300042.260916,nan,300042.260916,nan,nan,0.0,59,64,,True,False,TTFT timeout: 300.0s exceeded (TTFT: 300.030s),0,56.69694568066818
203,2026-09-19T05:46:42.860+00:00,2026-09-19T05:51:42.684+00:00,2026-09-19T05:51:42.923+00:00,False,4,3.0,,3.0,299823.988786,300063.375154,300063.375166,75015.8437915,0.04022,299823.988786,149872.10766180695,254870.32329985,79.795456,70.32243268217708,0.009997887941040205,59,64,,True,False,Request timeout: 300.0s exceeded,10,56.69694568066818
204,2026-09-19T05:46:43.160+00:00,2026-09-19T05:51:42.924+00:00,2026-09-19T05:51:43.239+00:00,False,5,4.0,,4.0,299764.423297,300079.880065,300079.880233,60015.9760466,0.056670000000000005,299764.423297,134023.46418508768,239833.99317620002,78.864192,52.788804285482605,0.013329784053277961,59,64,,True,False,Request timeout: 300.0s exceeded,6,56.69694568066818
205,2026-09-19T05:46:43.533+00:00,2026-09-19T05:51:43.589+00:00,2026-09-19T05:51:43.589+00:00,False,1,0.0,,0.0,300055.40960799996,300055.40960799996,300055.40960799996,300055.40960799996,300055.40960799996,300055.40960799996,nan,300055.40960799996,nan,nan,0.0,59,64,,True,False,"HTTPConnectionPool(host='gpu03', port=9002): Read timed out.",0,56.69694568066818
206,2026-09-19T05:46:44.003+00:00,2026-09-19T05:51:44.055+00:00,2026-09-19T05:51:44.055+00:00,False,1,0.0,,0.0,300051.697101,300051.697101,300051.697101,300051.697101,300051.697101,300051.697101,nan,300051.697101,nan,nan,0.0,59,64,,True,False,"HTTPConnectionPool(host='gpu03', port=9002): Read timed out.",0,56.69694568066818
207,2026-09-19T05:46:44.482+00:00,2026-09-19T05:51:44.349+00:00,2026-09-19T05:51:44.630+00:00,False,4,3.0,,3.0,299867.07819,300148.04715,300148.046935,75037.01173375,0.04211,299867.07819,149886.72569754955,254909.13930029995,93.65632,81.37571252045171,0.009995067529127516,59,64,,True,False,Request timeout: 300.0s exceeded,5,56.69694568066818
208,2026-09-19T05:46:44.944+00:00,2026-09-19T05:51:44.628+00:00,2026-09-19T05:51:44.992+00:00,False,6,5.0,,5.0,299684.654883,300048.75088300003,300048.750856,50008.12514266667,0.021079,299684.654883,122316.02702194943,224791.33453325,72.8192,47.24492731491922,0.016663958724326376,59,64,,True,False,Request timeout: 300.0s exceeded,16,56.69694568066818
209,2026-09-19T05:46:45.292+00:00,2026-09-19T05:51:45.370+00:00,2026-09-19T05:51:45.370+00:00,False,1,0.0,,0.0,300078.516605,300078.516605,300078.516605,300078.516605,300078.516605,300078.516605,nan,300078.516605,nan,nan,0.0,59,64,,True,False,"HTTPConnectionPool(host='gpu03', port=9002): Read timed out.",0,56.69694568066818
210,2026-09-19T05:46:45.697+00:00,2026-09-19T05:51:45.782+00:00,2026-09-19T05:51:45.782+00:00,False,1,0.0,,0.0,300084.865552,300084.865552,300084.865552,300084.865552,300084.865552,300084.865552,nan,300084.865552,nan,nan,0.0,59,64,,True,False,"HTTPConnectionPool(host='gpu03', port=9002): Read timed out.",0,56.69694568066818
211,2026-09-19T05:46:46.179+00:00,2026-09-19T05:51:46.173+00:00,2026-09-19T05:51:46.285+00:00,False,3,2.0,,2.0,299993.378227,300106.052787,300106.052988,100035.35099600001,0.02281,299993.378227,173168.74042943158,270005.3055994,56.33728,79.64072400140542,0.006664310770897707,59,64,,True,False,Request timeout: 300.0s exceeded,8,56.69694568066818
212,2026-09-19T05:46:46.683+00:00,2026-09-19T05:51:46.390+00:00,2026-09-19T05:51:46.787+00:00,False,6,5.0,,5.0,299706.65683999995,300104.05869599996,300104.058697,50017.34311616666,0.02807,299706.65683999995,122322.2890541746,224805.92096299995,79.48037120000001,44.53044712346377,0.016660887632529188,59,64,,True,False,Request timeout: 300.0s exceeded,15,56.69694568066818
213,2026-09-19T05:46:47.108+00:00,2026-09-19T05:51:47.216+00:00,2026-09-19T05:51:47.216+00:00,False,1,0.0,,0.0,300108.17176999996,300108.17176999996,300108.17176999996,300108.17176999996,300108.17176999996,300108.17176999996,nan,300108.17176999996,nan,nan,0.0,59,64,,True,False,"HTTPConnectionPool(host='gpu03', port=9002): Read timed out.",0,56.69694568066818
214,2026-09-19T05:46:47.549+00:00,2026-09-19T05:51:47.544+00:00,2026-09-19T05:51:47.679+00:00,False,3,2.0,,2.0,299995.00691299996,300129.753537,300129.75337299996,100043.25112433331,0.023379999999999998,299995.00691299996,173163.31314175713,270008.97852969996,67.373312,95.24694401457297,0.006663784501303833,59,64,,True,False,Request timeout: 300.0s exceeded,4,56.69694568066818
215,2026-09-19T05:46:48.035+00:00,2026-09-19T05:51:47.826+00:00,2026-09-19T05:51:48.069+00:00,False,4,3.0,,3.0,299790.95810600003,300033.31100200006,300033.31104000006,75008.32776000001,0.02199,299790.95810600003,149855.09836262124,254842.91940035002,80.78429866666667,71.7941033341476,0.009998889756544404,59,64,,True,False,Request timeout: 300.0s exceeded,4,56.69694568066818
216,2026-09-19T05:46:48.425+00:00,2026-09-19T05:51:48.164+00:00,2026-09-19T05:51:48.521+00:00,False,6,5.0,,5.0,299739.752073,300096.702345,300096.702384,50016.117064,0.0785,299739.752073,122339.10334607145,224831.35145175003,71.39005440000001,45.76862809608884,0.016661296045338923,59,64,,True,False,Request timeout: 300.0s exceeded,16,56.69694568066818
217,2026-09-19T05:46:48.778+00:00,2026-09-19T05:51:48.895+00:00,2026-09-19T05:51:48.895+00:00,False,1,0.0,,0.0,300116.903085,300116.903085,300116.903085,300116.903085,300116.903085,300116.903085,nan,300116.903085,nan,nan,0.0,59,64,,True,False,"HTTPConnectionPool(host='gpu03', port=9002): Read timed out.",0,56.69694568066818
218,2026-09-19T05:46:49.163+00:00,2026-09-19T05:51:49.243+00:00,2026-09-19T05:51:49.243+00:00,False,1,0.0,,0.0,300080.484232,300080.484232,300080.484232,300080.484232,300080.484232,300080.484232,nan,300080.484232,nan,nan,0.0,59,64,,True,False,TTFT timeout: 300.0s exceeded (TTFT: 300.075s),0,56.69694568066818
219,2026-09-19T05:46:49.653+00:00,2026-09-19T05:51:49.525+00:00,2026-09-19T05:51:49.751+00:00,False,4,3.0,,3.0,299872.85475700005,300098.72816500004,300098.72811200004,75024.68202800001,0.03524,299872.85475700005,149898.79194313605,254911.48426195007,75.291136,67.47314029789666,0.009996710143838206,59,64,,True,False,Request timeout: 300.0s exceeded,7,56.69694568066818
220,2026-09-19T05:46:50.033+00:00,2026-09-19T05:51:49.865+00:00,2026-09-19T05:51:50.064+00:00,False,6,5.0,,5.0,299832.135004,300030.86447599996,300030.864516,50005.144086,0.0595,299832.135004,122389.73196811893,224887.27971049998,39.7458944,22.28650875625011,0.016664952149947756,59,64,,True,False,Request timeout: 300.0s exceeded,13,56.69694568066818
221,2026-09-19T05:46:50.457+00:00,2026-09-19T05:51:50.753+00:00,2026-09-19T05:51:51.463+00:00,False,8,7.0,,7.0,300295.522888,301005.117768,301005.117904,37625.639738,0.04079,300295.522888,106134.6696740146,195244.59008755002,101.37069714285715,48.087644155821856,0.023255418552036902,59,64,,True,False,Request timeout: 300.0s exceeded,42,56.69694568066818
222,2026-09-19T05:46:50.830+00:00,2026-09-19T05:51:50.999+00:00,2026-09-19T05:51:51.466+00:00,False,6,5.0,,5.0,300168.69200800004,300635.028264,300635.02832200006,50105.838053666674,0.040299999999999996,300168.69200800004,122505.2891691077,225163.29801550004,93.2672512,55.35941832037344,0.016631461838868933,59,64,,True,False,Request timeout: 300.0s exceeded,15,56.69694568066818
223,2026-09-19T05:46:51.281+00:00,2026-09-19T05:51:51.363+00:00,2026-09-19T05:51:51.565+00:00,False,4,3.0,,3.0,300081.763532,300283.879372,300283.87915500003,75070.96978875001,0.061329999999999996,300081.763532,150007.2033894463,255084.96797059997,67.37194666666667,58.33039866865404,0.009990546299968093,59,64,,True,False,Request timeout: 300.0s exceeded,23,56.69694568066818
224,2026-09-19T05:46:51.777+00:00,2026-09-19T05:51:51.840+00:00,2026-09-19T05:51:51.840+00:00,False,1,0.0,,0.0,300062.87163300003,300062.87163300003,300062.87163300003,300062.87163300003,300062.87163300003,300062.87163300003,nan,300062.87163300003,nan,nan,0.0,59,64,,True,False,"HTTPConnectionPool(host='gpu03', port=9002): Read timed out.",0,56.69694568066818
225,2026-09-19T05:46:52.113+00:00,2026-09-19T05:51:52.236+00:00,2026-09-19T05:51:52.236+00:00,False,1,0.0,,0.0,300122.95023799996,300122.95023799996,300122.95023799996,300122.95023799996,300122.95023799996,300122.95023799996,nan,300122.95023799996,nan,nan,0.0,59,64,,True,False,"HTTPConnectionPool(host='gpu03', port=9002): Read timed out.",0,56.69694568066818
226,2026-09-19T05:46:52.507+00:00,2026-09-19T05:51:52.616+00:00,2026-09-19T05:51:52.616+00:00,False,1,0.0,,0.0,300109.280178,300109.280178,300109.280178,300109.280178,300109.280178,300109.280178,nan,300109.280178,nan,nan,0.0,59,64,,True,False,"HTTPConnectionPool(host='gpu03', port=9002): Read timed out.",0,56.69694568066818
227,2026-09-19T05:46:52.993+00:00,2026-09-19T05:51:52.992+00:00,2026-09-19T05:51:53.071+00:00,False,3,2.0,,2.0,299999.141134,300078.269966,300078.27014,100026.09004666666,0.02496,299999.141134,173181.74682759837,270007.1374252,39.564416,55.917415943390225,0.0066649277877621985,59,64,,True,False,Request timeout: 300.0s exceeded,4,56.69694568066818
228,2026-09-19T05:46:53.459+00:00,2026-09-19T05:51:53.070+00:00,2026-09-19T05:51:53.474+00:00,False,6,5.0,,5.0,299611.860875,300015.168907,300015.168963,50002.528160500005,0.036128999999999994,299611.860875,122283.10673424772,224735.33786900004,80.66160640000001,45.24679655681888,0.01666582399221928,59,64,,True,False,Request timeout: 300.0s exceeded,24,56.69694568066818
229,2026-09-19T05:46:53.818+00:00,2026-09-19T05:51:53.931+00:00,2026-09-19T05:51:53.931+00:00,False,1,0.0,,0.0,300113.54953200003,300113.54953200003,300113.54953200003,300113.54953200003,300113.54953200003,300113.54953200003,nan,300113.54953200003,nan,nan,0.0,59,64,,True,False,"HTTPConnectionPool(host='gpu03', port=9002): Read timed out.",0,56.69694568066818
230,2026-09-19T05:46:54.169+00:00,2026-09-19T05:51:54.280+00:00,2026-09-19T05:51:54.280+00:00,False,1,0.0,,0.0,300111.85587699997,300111.85587699997,300111.85587699997,300111.85587699997,300111.85587699997,300111.85587699997,nan,300111.85587699997,nan,nan,0.0,59,64,,True,False,"HTTPConnectionPool(host='gpu03', port=9002): Read timed out.",0,56.69694568066818
231,2026-09-19T05:46:54.507+00:00,2026-09-19T05:51:54.531+00:00,2026-09-19T05:51:54.531+00:00,False,1,0.0,,0.0,300023.96959600004,300023.96959600004,300023.96959600004,300023.96959600004,300023.96959600004,300023.96959600004,nan,300023.96959600004,nan,nan,0.0,59,64,,True,False,TTFT timeout: 300.0s exceeded (TTFT: 300.018s),0,56.69694568066818
232,2026-09-19T05:46:55.754+00:00,2026-09-19T05:51:55.120+00:00,2026-09-19T05:51:55.926+00:00,False,10,9.0,,9.0,299365.98559500003,300172.08069900004,300172.08077400003,30017.208077400002,0.023010000000000003,299365.98559500003,94639.52115465005,164706.25833525002,89.56612266666667,40.244539277053136,0.029982801795030437,59,64,,True,False,Request timeout: 300.0s exceeded,40,56.69694568066818
233,2026-09-19T05:46:55.769+00:00,2026-09-19T05:51:55.807+00:00,2026-09-19T05:51:55.927+00:00,False,3,2.0,,2.0,300038.5059,300158.711212,300158.711075,100052.90369166667,0.03084,300038.5059,173192.62232146942,270046.6727435,60.102656,84.95418457053661,0.0066631416157281334,59,64,,True,False,Request timeout: 300.0s exceeded,7,56.69694568066818
234,2026-09-19T05:46:55.797+00:00,2026-09-19T05:51:56.106+00:00,2026-09-19T05:51:56.106+00:00,False,1,0.0,,0.0,300309.061773,300309.061773,300309.061773,300309.061773,300309.061773,300309.061773,nan,300309.061773,nan,nan,0.0,59,64,,True,False,"HTTPConnectionPool(host='gpu03', port=9002): Read timed out.",0,56.69694568066818
235,2026-09-19T05:46:55.988+00:00,2026-09-19T05:51:56.110+00:00,2026-09-19T05:51:56.110+00:00,False,1,0.0,,0.0,300122.35223,300122.35223,300122.35223,300122.35223,300122.35223,300122.35223,nan,300122.35223,nan,nan,0.0,59,64,,True,False,"HTTPConnectionPool(host='gpu03', port=9002): Read timed out.",0,56.69694568066818
236,2026-09-19T05:46:56.480+00:00,2026-09-19T05:51:56.525+00:00,2026-09-19T05:51:56.525+00:00,False,1,0.0,,0.0,300044.904796,300044.904796,300044.904796,300044.904796,300044.904796,300044.904796,nan,300044.904796,nan,nan,0.0,59,64,,True,False,"HTTPConnectionPool(host='gpu03', port=9002): Read timed out.",0,56.69694568066818
237,2026-09-19T05:46:56.824+00:00,2026-09-19T05:51:56.934+00:00,2026-09-19T05:51:56.934+00:00,False,1,0.0,,0.0,300110.571286,300110.571286,300110.571286,300110.571286,300110.571286,300110.571286,nan,300110.571286,nan,nan,0.0,59,64,,True,False,"HTTPConnectionPool(host='gpu03', port=9002): Read timed out.",0,56.69694568066818
238,2026-09-19T05:46:57.232+00:00,2026-09-19T05:51:57.289+00:00,2026-09-19T05:51:57.289+00:00,False,1,0.0,,0.0,300056.84356199997,300056.84356199997,300056.84356199997,300056.84356199997,300056.84356199997,300056.84356199997,nan,300056.84356199997,nan,nan,0.0,59,64,,True,False,TTFT timeout: 300.0s exceeded (TTFT: 300.042s),0,56.69694568066818
239,2026-09-19T05:46:57.658+00:00,2026-09-19T05:51:57.407+00:00,2026-09-19T05:51:57.712+00:00,False,5,4.0,,4.0,299748.857322,300054.01623400004,300054.01610300003,60010.803220600006,0.04446,299748.857322,134017.65367196617,239819.5831532,76.289728,50.83482578842837,0.013330933044004189,59,64,,True,False,Request timeout: 300.0s exceeded,10,56.69694568066818
240,2026-09-19T05:46:58.009+00:00,2026-09-19T05:51:57.508+00:00,2026-09-19T05:51:58.116+00:00,False,8,7.0,,7.0,299498.750047,300106.439007,300106.438993,37513.304874125,0.038128999999999996,299498.750047,105858.11156685649,194710.38322015,86.81270857142857,38.291208421635616,0.023325057680074382,59,64,,True,False,Request timeout: 300.0s exceeded,35,56.69694568066818
241,2026-09-19T05:46:58.290+00:00,2026-09-19T05:51:58.332+00:00,2026-09-19T05:51:58.332+00:00,False,1,0.0,,0.0,300041.55023299996,300041.55023299996,300041.55023299996,300041.55023299996,300041.55023299996,300041.55023299996,nan,300041.55023299996,nan,nan,0.0,59,64,,True,False,"HTTPConnectionPool(host='gpu03', port=9002): Read timed out.",0,56.69694568066818
242,2026-09-19T05:46:58.691+00:00,2026-09-19T05:51:58.730+00:00,2026-09-19T05:51:58.730+00:00,False,1,0.0,,0.0,300039.143072,300039.143072,300039.143072,300039.143072,300039.143072,300039.143072,nan,300039.143072,nan,nan,0.0,59,64,,True,False,"HTTPConnectionPool(host='gpu03', port=9002): Read timed out.",0,56.69694568066818
243,2026-09-19T05:46:59.145+00:00,2026-09-19T05:51:59.076+00:00,2026-09-19T05:51:59.199+00:00,False,3,2.0,,2.0,299930.480849,300054.216913,300054.216845,100018.07228166667,0.03964,299930.480849,173129.235391196,269949.8023997,61.868032,87.43849393757768,0.006665462064077224,59,64,,True,False,Request timeout: 300.0s exceeded,7,56.69694568066818
244,2026-09-19T05:46:59.517+00:00,2026-09-19T05:51:59.312+00:00,2026-09-19T05:51:59.622+00:00,False,5,4.0,,4.0,299794.599591,300104.550055,300104.55014,60020.910028,0.03796,299794.599591,134037.5749020248,239858.53798259998,77.487616,52.230752394631985,0.013328688283023107,59,64,,True,False,Request timeout: 300.0s exceeded,9,56.69694568066818
245,2026-09-19T05:46:59.850+00:00,2026-09-19T05:51:59.949+00:00,2026-09-19T05:51:59.949+00:00,False,1,0.0,,0.0,300098.815488,300098.815488,300098.815488,300098.815488,300098.815488,300098.815488,nan,300098.815488,nan,nan,0.0,59,64,,True,False,"HTTPConnectionPool(host='gpu03', port=9002): Read timed out.",0,56.69694568066818
246,2026-09-19T05:47:00.302+00:00,2026-09-19T05:52:00.319+00:00,2026-09-19T05:52:00.319+00:00,False,1,0.0,,0.0,300017.249488,300017.249488,300017.249488,300017.249488,300017.249488,300017.249488,nan,300017.249488,nan,nan,0.0,59,64,,True,False,TTFT timeout: 300.0s exceeded (TTFT: 300.011s),0,56.69694568066818
247,2026-09-19T05:47:00.662+00:00,2026-09-19T05:52:00.662+00:00,2026-09-19T05:52:00.802+00:00,False,3,2.0,,2.0,300000.639998,300140.689918,300140.689814,100046.89660466666,0.02189,300000.639998,173165.03550999484,270014.57879079995,70.02496,98.99911281084427,0.00666354168955369,59,64,,True,False,Request timeout: 300.0s exceeded,4,56.69694568066818
248,2026-09-19T05:47:01.089+00:00,2026-09-19T05:52:01.016+00:00,2026-09-19T05:52:01.130+00:00,False,3,2.0,,2.0,299927.7718,300041.376152,300041.37621099997,100013.79207033332,0.05136,299927.7718,173130.59431877904,269946.3499251,56.802176,80.25763789843805,0.006665747323418509,59,64,,True,False,Request timeout: 300.0s exceeded,4,56.69694568066818
249,2026-09-19T05:47:01.559+00:00,2026-09-19T05:52:01.664+00:00,2026-09-19T05:52:01.664+00:00,False,1,0.0,,0.0,300105.002932,300105.002932,300105.002932,300105.002932,300105.002932,300105.002932,nan,300105.002932,nan,nan,0.0,59,64,,True,False,"HTTPConnectionPool(host='gpu03', port=9002): Read timed out.",0,56.69694568066818
250,2026-09-19T05:47:01.913+00:00,2026-09-19T05:52:02.024+00:00,2026-09-19T05:52:02.024+00:00,False,1,0.0,,0.0,300110.948739,300110.948739,300110.948739,300110.948739,300110.948739,300110.948739,nan,300110.948739,nan,nan,0.0,59,64,,True,False,"HTTPConnectionPool(host='gpu03', port=9002): Read timed out.",0,56.69694568066818
251,2026-09-19T05:47:02.306+00:00,2026-09-19T05:52:02.333+00:00,2026-09-19T05:52:02.333+00:00,False,1,0.0,,0.0,300027.014471,300027.014471,300027.014471,300027.014471,300027.014471,300027.014471,nan,300027.014471,nan,nan,0.0,59,64,,True,False,TTFT timeout: 300.0s exceeded (TTFT: 300.021s),0,56.69694568066818
252,2026-09-19T05:47:02.665+00:00,2026-09-19T05:52:02.461+00:00,2026-09-19T05:52:02.687+00:00,False,4,3.0,,3.0,299796.58530800004,300022.126172,300022.126104,75005.531526,0.02339,299796.58530800004,149860.71369498785,254848.21950140002,75.180288,70.87655907399026,0.00999926251532571,59,64,,True,False,Request timeout: 300.0s exceeded,11,56.69694568066818
253,2026-09-19T05:47:03.040+00:00,2026-09-19T05:52:02.601+00:00,2026-09-19T05:52:03.098+00:00,False,9,8.0,,8.0,299560.575846,300057.75191,300057.751865,33339.75020722222,0.07507,299560.575846,99832.81509744206,179779.6773212,62.147008,35.37151826016394,0.026661534151597385,59,64,,True,False,Request timeout: 300.0s exceeded,59,56.69694568066818
254,2026-09-19T05:47:03.450+00:00,2026-09-19T05:52:03.511+00:00,2026-09-19T05:52:03.511+00:00,False,1,0.0,,0.0,300060.269803,300060.269803,300060.269803,300060.269803,300060.269803,300060.269803,nan,300060.269803,nan,nan,0.0,59,64,,True,False,"HTTPConnectionPool(host='gpu03', port=9002): Read timed out.",0,56.69694568066818
255,2026-09-19T05:47:03.792+00:00,2026-09-19T05:52:03.938+00:00,2026-09-19T05:52:05.051+00:00,False,12,11.0,,11.0,300146.268023,301258.926967,301258.92699,25104.910582499997,0.04157,300146.268023,86615.57146609605,135145.98261645,101.1508130909091,36.18587742329722,0.03651344081566401,59,64,,True,False,Request timeout: 300.0s exceeded,69,56.69694568066818
256,2026-09-19T05:47:04.195+00:00,2026-09-19T05:52:04.080+00:00,2026-09-19T05:52:05.050+00:00,False,11,10.0,,10.0,299885.07818,300855.072676,300855.072677,27350.461152454547,0.02159,299885.07818,90389.51280108455,150005.0311615,96.99944959999999,34.988900956133605,0.033238595284611684,59,64,,True,False,Request timeout: 300.0s exceeded,46,56.69694568066818
257,2026-09-19T05:47:04.523+00:00,2026-09-19T05:52:04.435+00:00,2026-09-19T05:52:05.151+00:00,False,9,8.0,,8.0,299912.113358,300628.055502,300628.055559,33403.11728433333,0.0233,299912.113358,99940.87930383108,179990.009958,89.492768,36.32485661206178,0.026610956141938584,59,64,,True,False,Request timeout: 300.0s exceeded,34,56.69694568066818
258,2026-09-19T05:47:04.921+00:00,2026-09-19T05:52:05.261+00:00,2026-09-19T05:52:05.261+00:00,False,1,0.0,,0.0,300339.268205,300339.268205,300339.268205,300339.268205,300339.268205,300339.268205,nan,300339.268205,nan,nan,0.0,59,64,,True,False,"HTTPConnectionPool(host='gpu03', port=9002): Read timed out.",0,56.69694568066818
259,2026-09-19T05:47:05.412+00:00,2026-09-19T05:52:05.514+00:00,2026-09-19T05:52:05.514+00:00,False,1,0.0,,0.0,300102.74951999995,300102.74951999995,300102.74951999995,300102.74951999995,300102.74951999995,300102.74951999995,nan,300102.74951999995,nan,nan,0.0,59,64,,True,False,"HTTPConnectionPool(host='gpu03', port=9002): Read timed out.",0,56.69694568066818
260,2026-09-19T05:47:05.904+00:00,2026-09-19T05:52:05.968+00:00,2026-09-19T05:52:05.968+00:00,False,1,0.0,,0.0,300063.895661,300063.895661,300063.895661,300063.895661,300063.895661,300063.895661,nan,300063.895661,nan,nan,0.0,59,64,,True,False,"HTTPConnectionPool(host='gpu03', port=9002): Read timed out.",0,56.69694568066818
261,2026-09-19T05:47:06.418+00:00,2026-09-19T05:52:06.344+00:00,2026-09-19T05:52:06.548+00:00,False,3,2.0,,2.0,299926.20005299995,300130.01675699995,300130.0168919999,100043.33896399998,0.023370000000000002,299926.20005299995,173103.66546785383,269953.95939459995,101.908352,144.08722799834229,0.006663778657032157,59,64,,True,False,Request timeout: 300.0s exceeded,4,56.69694568066818
262,2026-09-19T05:47:06.749+00:00,2026-09-19T05:52:06.546+00:00,2026-09-19T05:52:06.841+00:00,False,5,4.0,,4.0,299796.163065,300091.640057,300091.64019899996,60018.32803979999,0.04224,299796.163065,134039.8915321108,239857.80174859997,73.869248,49.58507417174433,0.013329261685664525,59,64,,True,False,Request timeout: 300.0s exceeded,12,56.69694568066818
263,2026-09-19T05:47:07.186+00:00,2026-09-19T05:52:07.148+00:00,2026-09-19T05:52:07.198+00:00,False,3,2.0,,2.0,299961.802359,300012.139639,300012.139495,100004.04649833334,0.05168,299961.802359,173168.49808057916,269970.6506687,25.16864,35.52070022274854,0.006666396907827028,59,64,,True,False,Request timeout: 300.0s exceeded,4,56.69694568066818
264,2026-09-19T05:47:07.481+00:00,2026-09-19T05:52:07.592+00:00,2026-09-19T05:52:07.592+00:00,False,1,0.0,,0.0,300110.67738,300110.67738,300110.67738,300110.67738,300110.67738,300110.67738,nan,300110.67738,nan,nan,0.0,59,64,,True,False,"HTTPConnectionPool(host='gpu03', port=9002): Read timed out.",0,56.69694568066818
265,2026-09-19T05:47:07.817+00:00,2026-09-19T05:52:07.851+00:00,2026-09-19T05:52:07.851+00:00,False,1,0.0,,0.0,300033.500484,300033.500484,300033.500484,300033.500484,300033.500484,300033.500484,nan,300033.500484,nan,nan,0.0,59,64,,True,False,TTFT timeout: 300.0s exceeded (TTFT: 300.025s),0,56.69694568066818
266,2026-09-19T05:47:08.172+00:00,2026-09-19T05:52:08.129+00:00,2026-09-19T05:52:08.271+00:00,False,3,2.0,,2.0,299956.939921,300099.29025699996,300099.290252,100033.09675066666,0.02513,299956.939921,173139.14162697174,269975.478449,71.175168,100.6214080999307,0.006664460946532842,59,64,,True,False,Request timeout: 300.0s exceeded,4,56.69694568066818
267,2026-09-19T05:47:08.683+00:00,2026-09-19T05:52:08.509+00:00,2026-09-19T05:52:08.709+00:00,False,4,3.0,,3.0,299826.340935,300026.066247,300026.066155,75006.51653875,0.02436,299826.340935,149879.89038159812,254868.16689254998,66.575104,57.88061777876916,0.0099991312005878,59,64,,True,False,Request timeout: 300.0s exceeded,7,56.69694568066818
268,2026-09-19T05:47:09.113+00:00,2026-09-19T05:52:09.148+00:00,2026-09-19T05:52:09.148+00:00,False,1,0.0,,0.0,300034.691035,300034.691035,300034.691035,300034.691035,300034.691035,300034.691035,nan,300034.691035,nan,nan,0.0,59,64,,True,False,"HTTPConnectionPool(host='gpu03', port=9002): Read timed out.",0,56.69694568066818
269,2026-09-19T05:47:09.452+00:00,2026-09-19T05:52:09.529+00:00,2026-09-19T05:52:09.529+00:00,False,1,0.0,,0.0,300076.90797299996,300076.90797299996,300076.90797299996,300076.90797299996,300076.90797299996,300076.90797299996,nan,300076.90797299996,nan,nan,0.0,59,64,,True,False,"HTTPConnectionPool(host='gpu03', port=9002): Read timed out.",0,56.69694568066818
270,2026-09-19T05:47:09.805+00:00,2026-09-19T05:52:09.733+00:00,2026-09-19T05:52:09.864+00:00,False,3,2.0,,2.0,299927.49686,300058.867356,300058.86736800004,100019.62245600001,0.02223,299927.49686,173125.31010275998,269947.8820018,65.685248,92.86183324365102,0.006665358759843388,59,64,,True,False,Request timeout: 300.0s exceeded,3,56.69694568066818
271,2026-09-19T05:47:10.149+00:00,2026-09-19T05:52:09.997+00:00,2026-09-19T05:52:10.204+00:00,False,4,3.0,,3.0,299847.38785,300054.953674,300054.95362,75013.738405,0.02973,299847.38785,149889.1076178324,254886.16854835,69.188608,59.93223286498497,0.009998168546350356,59,64,,True,False,Request timeout: 300.0s exceeded,13,56.69694568066818
272,2026-09-19T05:47:10.437+00:00,2026-09-19T05:52:10.305+00:00,2026-09-19T05:52:10.508+00:00,False,4,3.0,,3.0,299868.35446600005,300071.36477000004,300071.36480800004,75017.84120200001,0.07862000000000001,299868.35446600005,149900.34979976635,254903.53107280005,67.67010133333333,58.55268678518674,0.009997621740079905,59,64,,True,False,Request timeout: 300.0s exceeded,10,56.69694568066818
273,2026-09-19T05:47:10.947+00:00,2026-09-19T05:52:11.015+00:00,2026-09-19T05:52:11.015+00:00,False,1,0.0,,0.0,300067.907459,300067.907459,300067.907459,300067.907459,300067.907459,300067.907459,nan,300067.907459,nan,nan,0.0,59,64,,True,False,"HTTPConnectionPool(host='gpu03', port=9002): Read timed out.",0,56.69694568066818
274,2026-09-19T05:47:11.239+00:00,2026-09-19T05:52:11.225+00:00,2026-09-19T05:52:11.360+00:00,False,3,2.0,,2.0,299986.419727,300121.196815,300121.196736,100040.398912,0.04337,299986.419727,173158.3465074134,270001.2511182,67.388544,95.24024629914159,0.006663974491721208,59,64,,True,False,Request timeout: 300.0s exceeded,5,56.69694568066818
275,2026-09-19T05:47:11.668+00:00,2026-09-19T05:52:11.508+00:00,2026-09-19T05:52:11.733+00:00,False,4,3.0,,3.0,299840.02146899997,300064.93769299996,300064.937506,75016.2343765,0.023350000000000003,299840.02146899997,149882.53442251997,254882.69760224997,74.97207466666667,66.02238430961685,0.009997835878676822,59,64,,True,False,Request timeout: 300.0s exceeded,10,56.69694568066818
276,2026-09-19T05:47:12.168+00:00,2026-09-19T05:52:12.267+00:00,2026-09-19T05:52:12.267+00:00,False,1,0.0,,0.0,300099.398346,300099.398346,300099.398346,300099.398346,300099.398346,300099.398346,nan,300099.398346,nan,nan,0.0,59,64,,True,False,"HTTPConnectionPool(host='gpu03', port=9002): Read timed out.",0,56.69694568066818
277,2026-09-19T05:47:12.634+00:00,2026-09-19T05:52:12.746+00:00,2026-09-19T05:52:12.746+00:00,False,1,0.0,,0.0,300112.181583,300112.181583,300112.181583,300112.181583,300112.181583,300112.181583,nan,300112.181583,nan,nan,0.0,59,64,,True,False,"HTTPConnectionPool(host='gpu03', port=9002): Read timed out.",0,56.69694568066818
278,2026-09-19T05:47:12.986+00:00,2026-09-19T05:52:12.944+00:00,2026-09-19T05:52:13.095+00:00,False,3,2.0,,2.0,299957.077404,300109.020828,300109.020751,100036.34025033332,0.02274,299957.077404,173136.45377646384,269976.5617243,75.971712,107.4080040252977,0.006664244861690613,59,64,,True,False,Request timeout: 300.0s exceeded,3,56.69694568066818
279,2026-09-19T05:47:13.487+00:00,2026-09-19T05:52:13.354+00:00,2026-09-19T05:52:13.566+00:00,False,4,3.0,,3.0,299866.458882,300078.296834,300078.29690200003,75019.57422550001,0.037829999999999996,299866.458882,149897.93162540408,254903.84679359998,70.61265066666667,61.90203965082396,0.00999739078651052,59,64,,True,False,Request timeout: 300.0s exceeded,10,56.69694568066818
280,2026-09-19T05:47:13.953+00:00,2026-09-19T05:52:14.049+00:00,2026-09-19T05:52:14.049+00:00,False,1,0.0,,0.0,300096.855514,300096.855514,300096.855514,300096.855514,300096.855514,300096.855514,nan,300096.855514,nan,nan,0.0,59,64,,True,False,"HTTPConnectionPool(host='gpu03', port=9002): Read timed out.",0,56.69694568066818
281,2026-09-19T05:47:14.382+00:00,2026-09-19T05:52:14.490+00:00,2026-09-19T05:52:14.490+00:00,False,1,0.0,,0.0,300107.38654000004,300107.38654000004,300107.38654000004,300107.38654000004,300107.38654000004,300107.38654000004,nan,300107.38654000004,nan,nan,0.0,59,64,,True,False,"HTTPConnectionPool(host='gpu03', port=9002): Read timed out.",0,56.69694568066818
282,2026-09-19T05:47:14.770+00:00,2026-09-19T05:52:14.783+00:00,2026-09-19T05:52:14.915+00:00,False,3,2.0,,2.0,300013.839187,300144.97646700003,300144.976395,100048.325465,0.038189999999999995,300013.839187,173175.22716258434,270025.5651701,65.56864,92.67375415356389,0.0066634465235499065,59,64,,True,False,Request timeout: 300.0s exceeded,3,56.69694568066818
283,2026-09-19T05:47:15.136+00:00,2026-09-19T05:52:14.915+00:00,2026-09-19T05:52:15.255+00:00,False,5,4.0,,4.0,299778.476135,300118.574439,300118.574489,60023.714897800004,0.042229,299778.476135,134026.9950291399,239846.019105,85.024576,56.763468744366314,0.013328065440391501,59,64,,True,False,Request timeout: 300.0s exceeded,13,56.69694568066818
284,2026-09-19T05:47:15.575+00:00,2026-09-19T05:52:15.658+00:00,2026-09-19T05:52:15.658+00:00,False,1,0.0,,0.0,300082.974488,300082.974488,300082.974488,300082.974488,300082.974488,300082.974488,nan,300082.974488,nan,nan,0.0,59,64,,True,False,TTFT timeout: 300.0s exceeded (TTFT: 300.078s),0,56.69694568066818
285,2026-09-19T05:47:16.038+00:00,2026-09-19T05:52:16.148+00:00,2026-09-19T05:52:16.148+00:00,False,1,0.0,,0.0,300110.661189,300110.661189,300110.661189,300110.661189,300110.661189,300110.661189,nan,300110.661189,nan,nan,0.0,59,64,,True,False,"HTTPConnectionPool(host='gpu03', port=9002): Read timed out.",0,56.69694568066818
286,2026-09-19T05:47:16.341+00:00,2026-09-19T05:52:16.392+00:00,2026-09-19T05:52:16.392+00:00,False,1,0.0,,0.0,300051.73839,300051.73839,300051.73839,300051.73839,300051.73839,300051.73839,nan,300051.73839,nan,nan,0.0,59,64,,True,False,TTFT timeout: 300.0s exceeded (TTFT: 300.043s),0,56.69694568066818
287,2026-09-19T05:47:17.485+00:00,2026-09-19T05:52:16.660+00:00,2026-09-19T05:52:17.736+00:00,False,13,12.0,,12.0,299174.238538,300250.66529,300250.66514299996,23096.205011,0.03506,299174.238538,82951.13140760655,119740.7680906,89.70222933333334,32.718954802453865,0.03996660586383609,59,64,,True,False,Request timeout: 300.0s exceeded,51,56.69694568066818
288,2026-09-19T05:47:17.523+00:00,2026-09-19T05:52:16.773+00:00,2026-09-19T05:52:17.735+00:00,False,12,11.0,,11.0,299249.61245899997,300211.84196299996,300211.84198499995,25017.653498749998,0.03643,299249.61245899997,86360.67598108489,134725.60225844997,87.47540945454546,33.20494815445574,0.03664079314151675,59,64,,True,False,Request timeout: 300.0s exceeded,52,56.69694568066818
289,2026-09-19T05:47:17.791+00:00,2026-09-19T05:52:17.979+00:00,2026-09-19T05:52:17.979+00:00,False,1,0.0,,0.0,300188.31725300004,300188.31725300004,300188.31725300004,300188.31725300004,300188.31725300004,300188.31725300004,nan,300188.31725300004,nan,nan,0.0,59,64,,True,False,"HTTPConnectionPool(host='gpu03', port=9002): Read timed out.",0,56.69694568066818
290,2026-09-19T05:47:18.047+00:00,2026-09-19T05:52:18.156+00:00,2026-09-19T05:52:18.156+00:00,False,1,0.0,,0.0,300108.629931,300108.629931,300108.629931,300108.629931,300108.629931,300108.629931,nan,300108.629931,nan,nan,0.0,59,64,,True,False,"HTTPConnectionPool(host='gpu03', port=9002): Read timed out.",0,56.69694568066818
291,2026-09-19T05:47:18.567+00:00,2026-09-19T05:52:18.658+00:00,2026-09-19T05:52:18.658+00:00,False,1,0.0,,0.0,300090.53096600005,300090.53096600005,300090.53096600005,300090.53096600005,300090.53096600005,300090.53096600005,nan,300090.53096600005,nan,nan,0.0,59,64,,True,False,"HTTPConnectionPool(host='gpu03', port=9002): Read timed out.",0,56.69694568066818
292,2026-09-19T05:47:18.905+00:00,2026-09-19T05:52:19.013+00:00,2026-09-19T05:52:19.013+00:00,False,1,0.0,,0.0,300108.427396,300108.427396,300108.427396,300108.427396,300108.427396,300108.427396,nan,300108.427396,nan,nan,0.0,59,64,,True,False,"HTTPConnectionPool(host='gpu03', port=9002): Read timed out.",0,56.69694568066818
293,2026-09-19T05:47:19.357+00:00,2026-09-19T05:52:19.395+00:00,2026-09-19T05:52:20.584+00:00,False,16,15.0,,15.0,300038.268918,301227.446518,301227.446566,18826.715410375,0.026109999999999998,300038.268918,74989.7545672313,75088.87937699999,79.27850666666667,33.45525901413312,0.049796259183519216,59,64,,True,False,Request timeout: 300.0s exceeded,60,56.69694568066818
294,2026-09-19T05:47:19.862+00:00,2026-09-19T05:52:19.428+00:00,2026-09-19T05:52:20.686+00:00,False,16,15.0,,15.0,299565.649454,300824.526894,300824.526651,18801.5329156875,0.05638,299565.649454,74870.43731584604,74971.21525775,83.92516266666667,31.63789416918052,0.0498629555072332,59,64,,True,False,Request timeout: 300.0s exceeded,42,56.69694568066818
296,2026-09-19T05:47:20.728+00:00,2026-09-19T05:52:20.747+00:00,2026-09-19T05:52:20.747+00:00,False,1,0.0,,0.0,300019.415003,300019.415003,300019.415003,300019.415003,300019.415003,300019.415003,nan,300019.415003,nan,nan,0.0,59,64,,True,False,"HTTPConnectionPool(host='gpu03', port=9002): Read timed out.",0,56.69694568066818
295,2026-09-19T05:47:20.282+00:00,2026-09-19T05:52:21.355+00:00,2026-09-19T05:52:21.355+00:00,False,1,0.0,,0.0,301072.71636400005,301072.71636400005,301072.71636400005,301072.71636400005,301072.71636400005,301072.71636400005,nan,301072.71636400005,nan,nan,0.0,59,64,,True,False,"HTTPConnectionPool(host='gpu03', port=9002): Read timed out.",0,56.69694568066818
0,2026-09-19T05:45:20.840+00:00,2026-09-19T05:45:21.095+00:00,2026-09-19T05:45:21.853+00:00,True,11,11.0,,11.0,255.004391,1012.771559,1012.771722,92.07015654545455,33.474302,255.004391,59.48265760758542,181.59984949999998,75.7767168,26.203357260194533,10.861284464644017,60,64,,False,True,,42,56.69694568066818
1,2026-09-19T05:45:21.297+00:00,2026-09-19T05:45:21.550+00:00,2026-09-19T05:45:23.184+00:00,True,18,18.0,,18.0,253.121364,1886.7241800000002,1886.724068,104.81800377777778,42.095052,253.121364,45.46777510465515,174.37685570000002,96.09428329411764,27.222169564232026,9.540345213575415,60,64,,False,True,,86,56.69694568066818
2,2026-09-19T05:45:21.880+00:00,2026-09-19T05:45:24.022+00:00,2026-09-19T05:45:27.824+00:00,True,41,41.0,,41.0,2141.685011,5944.196115000001,5944.196203,144.98039519512196,46.20755200000001,2141.685011,320.4723141287912,111.19649099999998,95.06277759999999,23.533981460246277,6.897484404415549,60,64,,False,True,,207,56.69694568066818
3,2026-09-19T05:45:22.452+00:00,2026-09-19T05:45:27.418+00:00,2026-09-19T05:45:31.430+00:00,True,41,41.0,,41.0,4966.097182,8977.575454,8977.575367000001,218.96525285365854,46.303432,4966.097182,760.0209776412414,109.769204,100.2869568,13.040748638072042,4.566934603900462,60,64,,False,True,,152,56.69694568066818
4,2026-09-19T05:45:23.072+00:00,2026-09-19T05:45:30.702+00:00,2026-09-19T05:45:36.667+00:00,True,61,61.0,,61.0,7630.042795,13595.239083,13595.239155000001,222.87277303278688,0.0,7630.042795,964.8734211078132,141.84832,99.41993813333335,36.415500367736584,4.4868648228685215,60,64,,False,True,,245,56.69694568066818
5,2026-09-19T05:45:23.727+00:00,2026-09-19T05:45:33.994+00:00,2026-09-19T05:45:38.617+00:00,True,48,48.0,,48.0,10267.852019,14890.753523,14890.753537999999,310.22403204166665,0.0,10267.852019,1468.4685956907972,196.5069383,98.3596064680851,43.43374489170194,3.223476899665288,60,64,,False,True,,253,56.69694568066818
6,2026-09-19T05:45:24.218+00:00,2026-09-19T05:45:36.864+00:00,2026-09-19T05:45:41.066+00:00,True,44,44.0,,44.0,12646.254517000001,16848.258229,16848.258217000002,382.91495947727276,0.0,12646.254517000001,1892.4295164956973,233.25620430000004,97.72101655813954,50.83123087921364,2.611545917800878,60,64,,False,True,,181,56.69694568066818
7,2026-09-19T05:45:24.632+00:00,2026-09-19T05:45:39.074+00:00,2026-09-19T05:45:40.571+00:00,True,16,16.0,,16.0,14442.041642999999,15938.298922999998,15938.299036999999,996.1436898124999,0.0,14442.041642999999,3586.1933943538193,3845.8775924999995,99.75048533333333,69.0562669671616,1.0038712460657244,60,64,,False,True,,53,56.69694568066818
8,2026-09-19T05:45:25.279+00:00,2026-09-19T05:45:42.450+00:00,2026-09-19T05:45:50.743+00:00,True,86,86.0,,86.0,17171.458214000002,25464.780454,25464.780462000002,296.1020983953489,0.0,17171.458214000002,1841.8186548340807,116.89650800000001,97.56849694117648,50.84841461439295,3.3772134872849904,60,64,,False,True,,296,56.69694568066818
9,2026-09-19T05:45:25.762+00:00,2026-09-19T05:45:45.243+00:00,2026-09-19T05:45:54.294+00:00,True,92,92.0,,92.0,19480.935363,28532.397251000002,28532.397304000002,310.13475330434784,0.0,19480.935363,2022.1913561849092,225.25113324999998,99.46661415384617,79.17592342370405,3.224404847257466,60,64,,False,True,,386,56.69694568066818
10,2026-09-19T05:45:26.274+00:00,2026-09-19T05:45:48.446+00:00,2026-09-19T05:45:49.208+00:00,True,8,8.0,,8.0,22172.416912999997,22934.028432999996,22934.028358999996,2866.7535448749995,103.869458,22172.416912999997,7800.6670980078225,14452.859684749998,108.80164571428571,4.490380996906674,0.3488266365140074,60,64,,False,True,,27,56.69694568066818
11,2026-09-19T05:45:26.798+00:00,2026-09-19T05:45:51.054+00:00,2026-09-19T05:45:54.297+00:00,True,32,32.0,,32.0,24256.455656,27499.189736,27499.189841,859.34968253125,0.0,24256.455656,4270.828668565015,481.31188145,104.60432516129032,108.9155714778917,1.1636706501976621,60,64,,False,True,,123,56.69694568066818
12,2026-09-19T05:45:27.264+00:00,2026-09-19T05:45:53.707+00:00,2026-09-19T05:45:59.656+00:00,True,64,64.0,,64.0,26442.625723,32392.246203000002,32392.246249,506.128847640625,0.0,26442.625723,3294.5652439936753,114.4235334,94.43842031746031,83.51277592416723,1.9757814755703067,60,64,,False,True,,272,56.69694568066818
13,2026-09-19T05:45:27.682+00:00,2026-09-19T05:45:55.614+00:00,2026-09-19T05:46:02.777+00:00,True,76,76.0,,76.0,27931.520833000002,35095.074881,35095.074764000005,461.7772995263158,0.0,27931.520833000002,3193.5704038828544,115.85233550000001,95.51405397333333,60.28390387491586,2.1655460276890697,60,64,,False,True,,367,56.69694568066818
14,2026-09-19T05:45:28.170+00:00,2026-09-19T05:45:58.758+00:00,2026-09-19T05:46:06.823+00:00,True,82,82.0,,82.0,30587.883873,38653.158752999996,38653.158795999996,471.37998531707314,0.0,30587.883873,3367.8756978785304,115.00132305,99.57129481481482,82.77530064553206,2.121430761299313,60,64,,False,True,,369,56.69694568066818
15,2026-09-19T05:45:28.798+00:00,2026-09-19T05:46:01.922+00:00,2026-09-19T05:46:06.100+00:00,True,42,42.0,,42.0,33124.124805,37301.920133,37301.919903,888.1409500714285,0.0,33124.124805,5096.15393095417,115.13886465,101.89744702439025,86.34120024971972,1.1259474003013517,60,64,,False,True,,142,56.69694568066818
16,2026-09-19T05:45:29.311+00:00,2026-09-19T05:46:05.049+00:00,2026-09-19T05:46:05.782+00:00,True,8,8.0,,8.0,35737.768748,36471.4499,36471.449918000006,4558.931239750001,0.0,35737.768748,12599.782360863614,23437.191592000003,104.81159314285715,218.8712810003338,0.21934965629101574,60,64,,False,True,,32,56.69694568066818
17,2026-09-19T05:45:29.902+00:00,2026-09-19T05:46:08.159+00:00,2026-09-19T05:46:08.650+00:00,True,6,6.0,,6.0,38256.922499,38748.415619,38748.415634,6458.069272333333,95.056008,38256.922499,15578.193226889984,28718.58672625,98.298624,3.2107270877681273,0.15484504086556625,60,64,,False,True,,17,56.69694568066818
18,2026-09-19T05:45:30.492+00:00,2026-09-19T05:46:10.654+00:00,2026-09-19T05:46:16.653+00:00,True,64,64.0,,64.0,40161.683071,46161.073791,46161.073876,721.2667793125,0.0,40161.683071,5009.076595738582,111.96236495000001,95.22842412698414,88.51782339827605,1.3864495503238932,60,64,,False,True,,264,56.69694568066818
19,2026-09-19T05:45:31.014+00:00,2026-09-19T05:46:13.571+00:00,2026-09-19T05:46:21.747+00:00,True,85,85.0,,85.0,42557.270901,50732.48830900001,50732.488118,596.8528013882353,0.0,42557.270901,4605.965627582885,113.25264419999999,97.32401676190476,70.8045480457859,1.6754549763513353,60,64,,False,True,,342,56.69694568066818
20,2026-09-19T05:45:31.522+00:00,2026-09-19T05:46:16.244+00:00,2026-09-19T05:46:17.969+00:00,True,19,19.0,,19.0,44722.437298,46447.179698,46447.179579999996,2444.588398947368,35.027308,44722.437298,10238.076088920927,4578.9697473999995,95.81902222222223,24.50864768427061,0.4090668179109728,60,64,,False,True,,87,56.69694568066818
21,2026-09-19T05:45:31.977+00:00,2026-09-19T05:46:18.927+00:00,2026-09-19T05:46:19.617+00:00,True,8,8.0,,8.0,46949.780899,47639.893155,47639.893061999996,5954.986632749999,53.102896,46949.780899,16564.40894672879,30556.483517349996,98.58746514285716,20.28871953982675,0.1679264891290036,60,64,,False,True,,24,56.69694568066818
22,2026-09-19T05:45:32.523+00:00,2026-09-19T05:46:22.794+00:00,2026-09-19T05:46:31.729+00:00,True,92,92.0,,92.0,50271.19025199999,59206.24868399999,59206.24879799999,643.5461825869564,0.0,50271.19025199999,5231.553907829407,115.46061180000001,98.18745529670329,83.35318325901473,1.553890037705805,60,64,,False,True,,425,56.69694568066818
23,2026-09-19T05:45:33.119+00:00,2026-09-19T05:46:25.503+00:00,2026-09-19T05:46:29.395+00:00,True,35,35.0,,35.0,52383.866431,56276.442943,56276.442872,1607.8983677714286,0.0,52383.866431,8836.01082472686,322.0268754,114.48754447058823,126.08980742820087,0.6219298550096708,60,64,,False,True,,93,56.69694568066818
24,2026-09-19T05:45:33.760+00:00,2026-09-19T05:46:29.406+00:00,2026-09-19T05:46:31.295+00:00,True,27,27.0,,27.0,55645.868592,57534.155824,57534.155842,2130.894660814815,0.0,55645.868592,10695.176856246058,110.23605830000001,72.626432,47.49829507796655,0.4692864545122451,60,64,,False,True,,88,56.69694568066818
25,2026-09-19T05:45:34.126+00:00,2026-09-19T05:46:30.877+00:00,2026-09-19T05:46:34.826+00:00,True,39,39.0,,39.0,56751.253964,60699.56654,60699.566491000005,1556.399140794872,54.605222000000005,56751.253964,9070.843746446382,114.40595549999998,103.90296252631579,12.218332059484137,0.6425087067845806,60,64,,False,True,,173,56.69694568066818
26,2026-09-19T05:45:34.627+00:00,2026-09-19T05:46:33.441+00:00,2026-09-19T05:46:40.123+00:00,True,67,67.0,,67.0,58814.629744000005,65495.86801600001,65495.868021,977.5502689701493,0.0,58814.629744000005,7174.172235696323,115.20821910000001,101.23088290909091,131.60566670108466,1.0229652958203799,60,64,,False,True,,294,56.69694568066818
27,2026-09-19T05:45:35.137+00:00,2026-09-19T05:46:36.464+00:00,2026-09-19T05:46:40.224+00:00,True,39,39.0,,39.0,61326.196934,65086.856646,65086.856873,1668.893765974359,0.0,61326.196934,9805.75735988426,728.2529213,98.96472926315789,176.8941969393297,0.5991993162631367,60,64,,False,True,,138,56.69694568066818
28,2026-09-19T05:45:35.614+00:00,2026-09-19T05:46:39.364+00:00,2026-09-19T05:46:45.182+00:00,True,62,62.0,,62.0,63750.137331,69567.983859,69567.983773,1122.0642544032257,0.0,63750.137331,8084.203927241437,111.1224676,95.37453324590165,25.950300218956695,0.8912145582034008,60,64,,False,True,,270,56.69694568066818
29,2026-09-19T05:45:36.253+00:00,2026-09-19T05:46:42.599+00:00,2026-09-19T05:46:47.353+00:00,True,50,50.0,,50.0,66346.291981,71099.945229,71099.945078,1421.9989015600001,44.493565000000004,66346.291981,9369.084488245266,113.35683135,97.01333159183673,20.350964846489028,0.7032354221787245,60,64,,False,True,,193,56.69694568066818
30,2026-09-19T05:45:36.745+00:00,2026-09-19T05:46:44.866+00:00,2026-09-19T05:46:53.547+00:00,True,89,89.0,,89.0,68120.805151,76801.788447,76801.78847399999,862.9414435280898,0.0,68120.805151,7211.135301211708,114.78767260000001,98.64753745454546,108.09528456731674,1.1588271809766233,60,64,,False,True,,485,56.69694568066818
31,2026-09-19T05:45:37.183+00:00,2026-09-19T05:46:47.147+00:00,2026-09-19T05:46:52.901+00:00,True,59,59.0,,59.0,69963.756729,75717.789625,75717.78966,1283.352367118644,0.0,69963.756729,9096.535459981516,126.5207888,99.20746372413794,132.32296700671853,0.7792092227230014,60,64,,False,True,,239,56.69694568066818
32,2026-09-19T05:45:37.696+00:00,2026-09-19T05:46:49.996+00:00,2026-09-19T05:46:59.224+00:00,True,92,92.0,,92.0,72299.499361,81527.76611299999,81527.766202,886.1713717608695,0.0,72299.499361,7528.380477294323,115.96115680000001,101.40952474725275,135.67846464029122,1.128449905918987,60,64,,False,True,,384,56.69694568066818
33,2026-09-19T05:45:38.297+00:00,2026-09-19T05:46:52.911+00:00,2026-09-19T05:47:00.122+00:00,True,72,72.0,,72.0,74613.409293,81825.022221,81825.02208400001,1136.4586400555556,0.016730000000000002,74613.409293,8781.896524353557,116.0436711,101.57201307042253,102.71838129017038,0.8799264338179615,60,64,,False,True,,240,56.69694568066818
34,2026-09-19T05:45:38.845+00:00,2026-09-19T05:46:56.125+00:00,2026-09-19T05:47:00.557+00:00,True,45,45.0,,45.0,77280.06196699999,81711.60577499999,81711.60586099999,1815.8134635777774,48.217717,77280.06196699999,11505.230692142544,113.46387220000001,100.71690472727273,17.64594840671497,0.5507173622791285,60,64,,False,True,,206,56.69694568066818
35,2026-09-19T05:45:39.412+00:00,2026-09-19T05:46:59.649+00:00,2026-09-19T05:47:05.873+00:00,True,65,65.0,,65.0,80236.638801,86460.92244899999,86460.92241999999,1330.1680372307692,0.0,80236.638801,9941.123730858566,112.2937124,97.254432,146.07216738199642,0.7517847156713026,60,64,,False,True,,131,56.69694568066818
36,2026-09-19T05:45:40.027+00:00,2026-09-19T05:47:03.353+00:00,2026-09-19T05:47:09.460+00:00,True,65,65.0,,65.0,83325.393336,89432.670136,89432.670038,1375.8872313538461,0.0,83325.393336,10324.428124841479,112.92755919999999,95.4262,146.35954563955673,0.726803749694096,60,64,,False,True,,300,56.69694568066818
37,2026-09-19T05:45:40.390+00:00,2026-09-19T05:47:05.358+00:00,2026-09-19T05:47:10.713+00:00,True,55,55.0,,55.0,84968.216456,90323.14996,90323.150113,1642.2390929636363,48.541116,84968.216456,11443.751574379883,111.5473287,99.16543525925925,16.066651987546962,0.6089247332976871,60,64,,False,True,,266,56.69694568066818
38,2026-09-19T05:45:40.983+00:00,2026-09-19T05:47:08.949+00:00,2026-09-19T05:47:09.770+00:00,True,9,9.0,,9.0,87965.639265,88787.013473,88787.01361800001,9865.223735333333,95.430606,87965.639265,29287.656114155405,52822.58506980001,102.671776,4.410083814917937,0.10136617561460029,60,64,,False,True,,25,56.69694568066818
39,2026-09-19T05:45:41.595+00:00,2026-09-19T05:47:11.997+00:00,2026-09-19T05:47:21.084+00:00,True,95,95.0,,95.0,90401.60925,99488.68227399999,99488.682319,1047.249287568421,0.0,90401.60925,9266.780044980995,112.1349109,96.67098961702128,177.8608432088227,0.9548824834000937,60,64,,False,True,,410,56.69694568066818
40,2026-09-19T05:45:42.047+00:00,2026-09-19T05:47:15.095+00:00,2026-09-19T05:47:23.620+00:00,True,87,87.0,,87.0,93047.401425,101572.566481,101572.56648400001,1167.5007641839081,0.0,93047.401425,9966.644990982652,114.83924299999998,99.12982623255814,176.47208288643117,0.8565304886361622,60,64,,False,True,,328,56.69694568066818
41,2026-09-19T05:45:42.656+00:00,2026-09-19T05:47:18.093+00:00,2026-09-19T05:47:20.979+00:00,True,31,31.0,,31.0,95437.476097,98323.499265,98323.499465,3171.7257891935487,0.0,95437.476097,17125.380203661018,715.248786,96.20077226666666,236.72411578806862,0.3152857682215852,60,64,,False,True,,153,56.69694568066818
42,2026-09-19T05:45:43.304+00:00,2026-09-19T05:47:21.497+00:00,2026-09-19T05:47:28.740+00:00,True,74,74.0,,74.0,98192.567703,105435.87215099999,105435.87214899999,1424.8090830945946,45.283384,98192.567703,11403.134279626605,112.13931360000001,99.22334860273972,18.3875669725389,0.7018484173396025,60,64,,False,True,,277,56.69694568066818
43,2026-09-19T05:45:43.729+00:00,2026-09-19T05:47:23.460+00:00,2026-09-19T05:47:27.237+00:00,True,40,40.0,,40.0,99730.966746,103508.22857,103508.228384,2587.7057096000003,48.288947,99730.966746,15753.551855897525,113.30922410000001,96.85286728205128,22.19165729242767,0.3864427065617205,60,64,,False,True,,128,56.69694568066818
44,2026-09-19T05:45:44.142+00:00,2026-09-19T05:47:26.357+00:00,2026-09-19T05:47:30.273+00:00,True,42,42.0,,42.0,102214.569503,106130.77404700001,106130.77401200001,2526.923190761905,48.432076,102214.569503,15757.322816801568,109.05692450000001,95.517184,18.806314912934624,0.39573818599872174,60,64,,True,True,,193,56.69694568066818
45,2026-09-19T05:45:44.682+00:00,2026-09-19T05:47:29.048+00:00,2026-09-19T05:47:34.672+00:00,True,58,58.0,,58.0,104365.87033599999,109989.633024,109989.63314699999,1896.3729852931033,47.111439,104365.87033599999,13690.963963708307,110.86982435,98.66250329824561,15.695752478955884,0.5273224248993017,60,64,,True,True,,277,56.69694568066818
46,2026-09-19T05:45:45.244+00:00,2026-09-19T05:47:32.374+00:00,2026-09-19T05:47:36.863+00:00,True,46,46.0,,46.0,107129.754501,111619.077253,111619.077275,2426.5016798913043,44.494195,107129.754501,15780.720018560665,110.60653600000002,99.76272782222222,16.723472797242216,0.4121159315421921,60,64,,True,True,,206,56.69694568066818
47,2026-09-19T05:45:45.655+00:00,2026-09-19T05:47:34.667+00:00,2026-09-19T05:47:42.078+00:00,True,78,78.0,,78.0,109012.776794,116423.546202,116423.546243,1492.6095672179488,45.112104,109012.776794,12332.38587154202,111.449404,96.24375854545454,20.594228764034735,0.6699675670818904,60,64,,True,True,,288,56.69694568066818
48,2026-09-19T05:45:46.076+00:00,2026-09-19T05:47:36.651+00:00,2026-09-19T05:47:41.864+00:00,True,56,56.0,,56.0,110575.111023,115788.29015900001,115788.290058,2067.6480367500003,47.872536999999994,110575.111023,14763.57074328352,112.13013275000002,94.78507520000001,22.061092940756573,0.4836413071054165,60,64,,True,True,,180,56.69694568066818
49,2026-09-19T05:45:46.569+00:00,2026-09-19T05:47:39.218+00:00,2026-09-19T05:47:42.602+00:00,True,36,36.0,,36.0,112648.594904,116032.578008,116032.57801699999,3223.127167138889,46.360330999999995,112648.594904,18758.66349043219,112.58445625,96.68523154285714,21.418572199298016,0.31025769329642866,60,64,,True,True,,130,56.69694568066818
50,2026-09-19T05:45:47.111+00:00,2026-09-19T05:47:42.388+00:00,2026-09-19T05:47:43.238+00:00,True,9,9.0,,9.0,115277.04161300001,116127.453389,116127.453317,12903.050368555556,103.09517699999999,115277.04161300001,38390.24680007863,69210.4556074,106.301472,2.7054928709516655,0.07750105369013897,60,64,,True,True,,28,56.69694568066818
51,2026-09-19T05:45:47.587+00:00,2026-09-19T05:47:45.009+00:00,2026-09-19T05:47:53.094+00:00,True,81,81.0,,81.0,117421.669147,125506.35701899999,125506.357055,1549.4611982098766,45.122773,117421.669147,13035.63091428418,112.54261500000001,101.05859840000001,14.090373187012567,0.645385635627506,60,64,,True,True,,340,56.69694568066818
52,2026-09-19T05:45:48.199+00:00,2026-09-19T05:47:48.111+00:00,2026-09-19T05:47:49.805+00:00,True,19,19.0,,19.0,119912.770078,121606.459678,121606.459691,6400.339983736842,51.621058,119912.770078,27488.298468390458,12092.2526932,94.09386666666667,22.804834245971456,0.15624170007341573,60,64,,True,True,,39,56.69694568066818
53,2026-09-19T05:45:48.692+00:00,2026-09-19T05:47:51.017+00:00,2026-09-19T05:48:00.787+00:00,True,99,99.0,,99.0,122324.71184100001,132095.56905700002,132095.56917,1334.2986784848486,46.261771,122324.71184100001,12284.084306413282,110.82999990000002,99.70262465306122,14.680965922059587,0.7494573868505834,60,64,,True,True,,426,56.69694568066818
54,2026-09-19T05:45:49.252+00:00,2026-09-19T05:47:53.699+00:00,2026-09-19T05:47:58.543+00:00,True,51,51.0,,51.0,124446.611486,129290.58998199999,129290.58998399999,2535.1096075294117,42.558538999999996,124446.611486,17412.455771940404,112.33741500000001,96.87956992000001,19.285393300798635,0.39446026201211,60,64,,True,True,,198,56.69694568066818
55,2026-09-19T05:45:49.644+00:00,2026-09-19T05:47:55.589+00:00,2026-09-19T05:47:55.894+00:00,True,4,4.0,,4.0,125945.191338,126250.807722,126250.80768700001,31562.701921750002,99.162516,125945.191338,62921.659640111,107068.9179657,101.872128,2.35079681616936,0.031682965615617,60,64,,True,True,,20,56.69694568066818
56,2026-09-19T05:45:50.283+00:00,2026-09-19T05:47:59.434+00:00,2026-09-19T05:48:07.514+00:00,True,82,82.0,,82.0,129150.929562,137230.675098,137230.675005,1673.5448171341463,44.229726,129150.929562,14251.328695026828,112.00938295,99.74994488888889,16.97773211630661,0.5975340421625243,60,64,,True,True,,396,56.69694568066818
57,2026-09-19T05:45:50.730+00:00,2026-09-19T05:48:01.610+00:00,2026-09-19T05:48:02.174+00:00,True,7,7.0,,7.0,130879.60023899999,131443.794287,131443.79433799998,18777.68490542857,46.993459,130879.60023899999,49432.30276090466,91647.84294539999,94.03234133333333,23.147721963026623,0.053254701281035,60,64,,True,True,,21,56.69694568066818
58,2026-09-19T05:45:51.260+00:00,2026-09-19T05:48:04.118+00:00,2026-09-19T05:48:12.784+00:00,True,87,87.0,,87.0,132857.866725,141524.52349300002,141524.52356,1626.7186616091954,46.723699,132857.866725,14233.063607800186,111.524045,100.77507869767442,16.457039792913992,0.6147344492158148,60,64,,True,True,,130,56.69694568066818
59,2026-09-19T05:45:51.663+00:00,2026-09-19T05:48:06.131+00:00,2026-09-19T05:48:10.156+00:00,True,40,40.0,,40.0,134468.087653,138492.408933,138492.40893499998,3462.310223375,47.968707,134468.087653,21244.959873543117,113.40237174999999,103.18772512820513,12.882920980866901,0.2888244944843962,60,64,,True,True,,155,56.69694568066818
60,2026-09-19T05:45:52.220+00:00,2026-09-19T05:48:07.511+00:00,2026-09-19T05:48:10.789+00:00,True,33,33.0,,33.0,135291.736422,138569.34026199998,138569.34014699998,4199.0709135454545,49.226414,135291.736422,23533.442803842896,113.60209600000002,102.42512,14.590306401556802,0.23814791885135086,60,64,,True,True,,121,56.69694568066818
61,2026-09-19T05:45:52.629+00:00,2026-09-19T05:48:11.746+00:00,2026-09-19T05:48:21.344+00:00,True,96,96.0,,96.0,139116.70806099998,148714.721757,148714.72171699998,1549.1116845520833,46.917300000000004,139116.70806099998,14188.235899256544,111.71960675000003,101.03172311578948,15.000402761173357,0.6455312484588049,60,64,,True,True,,391,56.69694568066818
62,2026-09-19T05:45:53.025+00:00,2026-09-19T05:48:13.672+00:00,2026-09-19T05:48:15.117+00:00,True,15,15.0,,15.0,140646.26948800002,142091.75480000002,142091.75490600002,9472.783660400002,96.99361,140646.26948800002,36288.05201845007,42269.89331720001,103.24895085714284,3.491844947874423,0.10556559049547327,60,64,,True,True,,68,56.69694568066818
63,2026-09-19T05:45:53.485+00:00,2026-09-19T05:48:16.369+00:00,2026-09-19T05:48:22.169+00:00,True,58,58.0,,58.0,142883.277285,148683.346149,148683.34606399998,2563.5059666206894,49.326594,142883.277285,18748.13783941833,111.8138495,101.75559410526316,14.551035501335333,0.3900907633722238,60,64,,True,True,,328,56.69694568066818
64,2026-09-19T05:45:54.049+00:00,2026-09-19T05:48:19.879+00:00,2026-09-19T05:48:26.466+00:00,True,70,70.0,,70.0,145830.219311,152417.041967,152417.042185,2177.3863169285714,43.837826,145830.219311,17418.648433686863,111.1254525,95.46119791304348,21.60695480442103,0.4592662283470623,60,64,,True,True,,103,56.69694568066818
65,2026-09-19T05:45:54.681+00:00,2026-09-19T05:48:23.051+00:00,2026-09-19T05:48:28.063+00:00,True,53,53.0,,53.0,148370.774856,153382.691656,153382.691446,2894.0130461509434,44.543215,148370.774856,20367.06539880427,111.69597080000001,96.38301538461539,21.678994785400658,0.3455409435561744,60,64,,True,True,,171,56.69694568066818
66,2026-09-19T05:45:55.176+00:00,2026-09-19T05:48:26.149+00:00,2026-09-19T05:48:26.674+00:00,True,6,6.0,,6.0,150972.72730899998,151497.59694099997,151497.59682999997,25249.599471666665,102.003919,150972.72730899998,61591.502441552286,113256.41897574998,104.97392640000001,2.073327457447279,0.039604588595135756,60,64,,True,True,,34,56.69694568066818
67,2026-09-19T05:45:55.755+00:00,2026-09-19T05:48:28.894+00:00,2026-09-19T05:48:29.256+00:00,True,5,5.0,,5.0,153139.176869,153501.422245,153501.422053,30700.284410599997,55.861038,153139.176869,68445.42459729187,122532.03964439999,90.561344,23.16715057678212,0.03257298809922177,60,64,,True,True,,18,56.69694568066818
68,2026-09-19T05:45:56.128+00:00,2026-09-19T05:48:31.132+00:00,2026-09-19T05:48:37.444+00:00,True,64,64.0,,64.0,155004.293294,161316.485806,161316.485705,2520.570089140625,46.37176,155004.293294,19363.02097652136,113.23884310000001,100.19353193650794,18.29532929340452,0.39673564471870976,60,64,,True,True,,283,56.69694568066818
69,2026-09-19T05:45:56.648+00:00,2026-09-19T05:48:33.512+00:00,2026-09-19T05:48:42.073+00:00,True,85,85.0,,85.0,156864.392619,165425.074859,165425.075078,1946.1773538588234,46.180261,156864.392619,17003.28674002802,113.5350824,101.9128838095238,17.095149836023865,0.5138277862195301,60,64,,True,True,,371,56.69694568066818
70,2026-09-19T05:45:57.008+00:00,2026-09-19T05:48:35.423+00:00,2026-09-19T05:48:39.452+00:00,True,41,41.0,,41.0,158414.899083,162443.92999499998,162443.930084,3962.047075219512,47.466598,158414.899083,24724.527263911827,114.95266000000001,100.7257728,19.186183685878007,0.2523947801636046,60,64,,True,True,,104,56.69694568066818
71,2026-09-19T05:45:57.491+00:00,2026-09-19T05:48:38.263+00:00,2026-09-19T05:48:38.479+00:00,True,3,3.0,,3.0,160771.837037,160987.650157,160987.650169,53662.55005633333,104.965943,160771.837037,92759.36355310644,144705.7380522,107.90656,4.158738224890814,0.01863496980715173,60,64,,True,True,,4,56.69694568066818
72,2026-09-19T05:45:57.889+00:00,2026-09-19T05:48:40.571+00:00,2026-09-19T05:48:40.571+00:00,True,1,1.0,,1.0,162682.54223300001,162682.54223300001,162682.54223300001,162682.54223300001,162682.54223300001,162682.54223300001,nan,162682.54223300001,nan,nan,0.006146941068622856,60,64,,True,True,,1,56.69694568066818
73,2026-09-19T05:45:58.308+00:00,2026-09-19T05:48:42.594+00:00,2026-09-19T05:48:47.715+00:00,True,54,54.0,,54.0,164285.96261000002,169407.07902600002,169407.079162,3137.16813262963,45.311614,164285.96261000002,22343.34754675285,114.12033664999998,96.62483803773586,19.937873411872367,0.3187588163993564,60,64,,True,True,,253,56.69694568066818
74,2026-09-19T05:45:58.865+00:00,2026-09-19T05:48:46.036+00:00,2026-09-19T05:48:46.354+00:00,True,4,4.0,,4.0,167170.577773,167489.306477,167489.306522,41872.3266305,102.979967,167170.577773,83532.16754371898,142111.8585073,106.24290133333332,5.377251099120938,0.023882121695627704,60,64,,True,True,,21,56.69694568066818
75,2026-09-19T05:45:59.431+00:00,2026-09-19T05:48:48.750+00:00,2026-09-19T05:48:54.050+00:00,True,53,53.0,,53.0,169319.672143,174619.472463,174619.472576,3294.707029735849,46.83648,169319.672143,23243.84976167083,110.15809300000001,101.91923692307692,13.407803499049786,0.3035171235626664,60,64,,True,True,,218,56.69694568066818
76,2026-09-19T05:45:59.895+00:00,2026-09-19T05:48:51.262+00:00,2026-09-19T05:48:59.395+00:00,True,82,82.0,,82.0,171366.54085699999,179500.28575299997,179500.28597099998,2189.027877695122,44.642735,171366.54085699999,18913.186126376557,112.25352815000001,100.41660365432098,15.971544824190003,0.45682378529934753,60,64,,True,True,,348,56.69694568066818
77,2026-09-19T05:46:00.398+00:00,2026-09-19T05:48:53.836+00:00,2026-09-19T05:48:59.197+00:00,True,55,55.0,,55.0,173437.97689199998,178799.44940399998,178799.44941799997,3250.8990803272723,45.129273999999995,173437.97689199998,23372.99095809116,112.07202809999998,99.286528,17.886923992077044,0.3076072112265105,60,64,,True,True,,305,56.69694568066818
78,2026-09-19T05:46:00.928+00:00,2026-09-19T05:48:56.711+00:00,2026-09-19T05:48:56.711+00:00,True,1,1.0,,1.0,175783.21135199998,175783.21135199998,175783.21135199998,175783.21135199998,175783.21135199998,175783.21135199998,nan,175783.21135199998,nan,nan,0.00568882541346644,60,64,,True,True,,3,56.69694568066818
79,2026-09-19T05:46:01.333+00:00,2026-09-19T05:48:59.089+00:00,2026-09-19T05:48:59.295+00:00,True,3,3.0,,3.0,177756.06768,177961.460064,177961.460087,59320.48669566667,101.78253,177756.06768,102568.22184847135,159990.8218997,102.696192,1.2921160202520516,0.016857582528942584,60,64,,True,True,,10,56.69694568066818
80,2026-09-19T05:46:01.785+00:00,2026-09-19T05:49:01.210+00:00,2026-09-19T05:49:05.321+00:00,True,42,42.0,,42.0,179425.086225,183535.415825,183535.415775,4369.890851785714,44.853685,179425.086225,27670.428125709994,112.62514055,100.25194146341464,17.605458545908622,0.22883866751933463,60,64,,True,True,,180,56.69694568066818
81,2026-09-19T05:46:02.285+00:00,2026-09-19T05:49:04.633+00:00,2026-09-19T05:49:09.281+00:00,True,47,47.0,,47.0,182347.553678,186995.528078,186995.52828199998,3978.628261319149,45.311733,182347.553678,26583.392155281643,113.54308259999999,101.04292173913043,18.670465069049232,0.25134290901542444,60,64,,True,True,,157,56.69694568066818
82,2026-09-19T05:46:02.914+00:00,2026-09-19T05:49:07.726+00:00,2026-09-19T05:49:10.245+00:00,True,26,26.0,,26.0,184812.295924,187331.06226,187331.06228800002,7205.04085723077,45.151133,184812.295924,36224.91985506892,117.77777075,100.75065344,20.339020008605555,0.1387917181824024,60,64,,True,True,,148,56.69694568066818
83,2026-09-19T05:46:03.356+00:00,2026-09-19T05:49:10.242+00:00,2026-09-19T05:49:14.715+00:00,True,46,46.0,,46.0,186886.253584,191359.01288,191359.01293,4159.978541956521,46.899440000000006,186886.253584,27540.225695818306,113.53369625,99.39465102222222,18.123648005067036,0.24038585540178503,60,64,,True,True,,168,56.69694568066818
84,2026-09-19T05:46:03.790+00:00,2026-09-19T05:49:12.458+00:00,2026-09-19T05:49:18.929+00:00,True,65,65.0,,65.0,188668.328291,195139.212643,195139.212728,3002.141734276923,42.711799,188668.328291,23388.891500083675,114.724342,101.107568,17.337708779468787,0.333095532771853,60,64,,True,True,,297,56.69694568066818
85,2026-09-19T05:46:04.157+00:00,2026-09-19T05:49:14.714+00:00,2026-09-19T05:49:23.259+00:00,True,86,86.0,,86.0,190556.77883899998,199101.857111,199101.85713699998,2315.137873686046,48.229617,190556.77883899998,20537.432323304194,112.08024424999999,100.5303326117647,16.901694329288997,0.43193971793068053,60,64,,True,True,,376,56.69694568066818
86,2026-09-19T05:46:04.564+00:00,2026-09-19T05:49:16.917+00:00,2026-09-19T05:49:22.157+00:00,True,54,54.0,,54.0,192352.537125,197592.931877,197592.931858,3659.128367740741,48.530156000000005,192352.537125,26162.415403675528,111.39890215,98.87537267924527,17.620351945093244,0.27328912773871167,60,64,,True,True,,231,56.69694568066818
87,2026-09-19T05:46:05.177+00:00,2026-09-19T05:49:19.866+00:00,2026-09-19T05:49:22.054+00:00,True,22,22.0,,22.0,194689.204594,196876.570738,196876.570708,8948.935032181818,90.597617,194689.204594,41485.671085907874,112.24711125000002,104.16029257142857,4.652432970462192,0.11174514020399728,60,64,,True,True,,92,56.69694568066818
88,2026-09-19T05:46:05.594+00:00,2026-09-19T05:49:22.255+00:00,2026-09-19T05:49:30.228+00:00,True,78,78.0,,78.0,196661.314475,204634.04356299998,204634.043357,2623.513376371795,49.639902,196661.314475,22255.788677858625,113.15417740000001,103.5419362077922,12.571938891787918,0.3811682486545129,60,64,,True,True,,352,56.69694568066818
89,2026-09-19T05:46:06.030+00:00,2026-09-19T05:49:25.010+00:00,2026-09-19T05:49:32.533+00:00,True,74,74.0,,74.0,198979.49793,206503.152074,206503.15220900002,2790.5831379594597,44.962413999999995,198979.49793,23118.9208175188,113.551231,103.06375539726028,15.222841216865364,0.3583480409707366,60,64,,True,True,,358,56.69694568066818
90,2026-09-19T05:46:06.455+00:00,2026-09-19T05:49:27.306+00:00,2026-09-19T05:49:32.428+00:00,True,51,51.0,,51.0,200851.72031600002,205973.26502000002,205973.26520700002,4038.6914746470593,50.495042,200851.72031600002,28110.527421272884,113.24784800000002,102.43089408,15.588472056020638,0.24760495006498973,60,64,,True,True,,165,56.69694568066818
91,2026-09-19T05:46:07.359+00:00,2026-09-19T05:49:30.436+00:00,2026-09-19T05:49:35.800+00:00,True,52,52.0,,52.0,203077.398039,208441.605911,208441.60602,4008.4924234615382,49.597432999999995,203077.398039,28147.18565432601,114.85461215,105.18054650980392,14.047816517070316,0.24947034817129007,60,64,,True,True,,203,56.69694568066818
92,2026-09-19T05:46:07.727+00:00,2026-09-19T05:49:34.491+00:00,2026-09-19T05:49:39.794+00:00,True,53,53.0,,53.0,206764.58349599998,212067.70157599996,212067.70174299998,4001.277391377358,47.538898,206764.58349599998,28387.29457734266,113.9479378,101.98304,13.678280569570925,0.24992018872334537,60,64,,True,True,,294,56.69694568066818
93,2026-09-19T05:46:08.152+00:00,2026-09-19T05:49:37.334+00:00,2026-09-19T05:49:46.912+00:00,True,99,99.0,,99.0,209182.277878,218760.544246,218760.544145,2209.702466111111,44.710767,209182.277878,21013.79546253202,111.7179109,97.73741191836734,18.983261311726405,0.45254961465387833,60,64,,True,True,,448,56.69694568066818
94,2026-09-19T05:46:08.609+00:00,2026-09-19T05:49:39.693+00:00,2026-09-19T05:49:44.638+00:00,True,52,52.0,,52.0,211084.44910199998,216028.951374,216028.951397,4154.402911480769,47.314982,211084.44910199998,29258.708346102525,110.94872360000001,96.95102494117647,19.997801135014075,0.24070847758722408,60,64,,True,True,,154,56.69694568066818
95,2026-09-19T05:46:09.137+00:00,2026-09-19T05:49:42.572+00:00,2026-09-19T05:49:49.877+00:00,True,77,77.0,,77.0,213435.373114,220739.927098,220739.927114,2866.752300181818,48.525658,213435.373114,24312.27406204656,113.1404148,96.11255242105264,20.99628909385222,0.3488267891191927,60,64,,True,True,,363,56.69694568066818
96,2026-09-19T05:46:09.789+00:00,2026-09-19T05:49:46.205+00:00,2026-09-19T05:49:47.651+00:00,True,17,17.0,,17.0,216415.559229,217862.164029,217862.163947,12815.421408647058,49.928075,216415.559229,52466.56142993299,43372.448577,90.4128,27.645946999095774,0.07803098842687113,60,64,,True,True,,45,56.69694568066818
97,2026-09-19T05:46:10.333+00:00,2026-09-19T05:49:48.738+00:00,2026-09-19T05:49:58.022+00:00,True,95,95.0,,95.0,218404.710112,227688.688608,227688.688407,2396.7230358631577,45.713414,218404.710112,22397.723330873137,110.9637477,98.76572868085105,16.51482475062334,0.4172363615460786,60,64,,True,True,,465,56.69694568066818
98,2026-09-19T05:46:10.833+00:00,2026-09-19T05:49:51.044+00:00,2026-09-19T05:49:51.044+00:00,True,1,1.0,,1.0,220210.463799,220210.463799,220210.463799,220210.463799,220210.463799,220210.463799,nan,220210.463799,nan,nan,0.004541110275816699,60,64,,True,True,,3,56.69694568066818
99,2026-09-19T05:46:11.211+00:00,2026-09-19T05:49:53.033+00:00,2026-09-19T05:49:54.072+00:00,True,12,12.0,,12.0,221821.911589,222860.921381,222860.921237,18571.743436416666,48.881207,221821.911589,64007.20653453308,99881.5467031,94.45543563636365,21.49888118652663,0.05384524090468496,60,64,,True,True,,24,56.69694568066818
100,2026-09-19T05:46:11.570+00:00,2026-09-19T05:49:55.326+00:00,2026-09-19T05:49:55.857+00:00,True,6,6.0,,6.0,223755.916276,224286.923508,224286.923694,37381.153949,101.00524800000001,223755.916276,91304.61379691023,167844.996657,106.20144640000001,4.0024841514015765,0.026751448127942192,60,64,,True,True,,20,56.69694568066818
101,2026-09-19T05:46:12.208+00:00,2026-09-19T05:49:58.495+00:00,2026-09-19T05:49:59.241+00:00,True,9,9.0,,9.0,226287.757694,227033.68179,227033.681787,25225.964643,50.630523999999994,226287.757694,75398.17627333959,135818.2393076,93.240512,25.856126419062942,0.03964169513986368,60,64,,True,True,,36,56.69694568066818
102,2026-09-19T05:46:12.605+00:00,2026-09-19T05:50:01.202+00:00,2026-09-19T05:50:10.421+00:00,True,98,98.0,,98.0,228597.26581600003,237815.64380000002,237815.64375100003,2426.6902423571432,45.989354,228597.26581600003,23082.22041689973,111.91266519999999,95.0348245773196,20.950315879771303,0.41208390850190146,60,64,,True,True,,338,56.69694568066818
103,2026-09-19T05:46:13.025+00:00,2026-09-19T05:50:03.491+00:00,2026-09-19T05:50:05.242+00:00,True,18,18.0,,18.0,230465.67276699998,232216.27833499998,232216.27824599997,12900.904347,95.80977,230465.67276699998,54297.00827452964,34662.00460855,102.97679811764705,3.7614483377757875,0.07751394574515069,60,64,,True,True,,101,56.69694568066818
104,2026-09-19T05:46:13.463+00:00,2026-09-19T05:50:06.063+00:00,2026-09-19T05:50:12.574+00:00,True,69,69.0,,69.0,232599.490196,239110.227092,239110.226906,3465.365607333333,46.239053,232599.490196,27990.1689646547,110.69137299999998,95.74613082352941,20.489865526401438,0.28856984010747305,60,64,,True,True,,309,56.69694568066818
105,2026-09-19T05:46:13.832+00:00,2026-09-19T05:50:08.425+00:00,2026-09-19T05:50:10.319+00:00,True,21,21.0,,21.0,234592.422776,236487.084152,236487.084134,11261.289720666666,49.110567,234592.422776,51171.594708527664,109.072279,94.7330688,19.6802190006975,0.08879977557887447,60,64,,True,True,,98,56.69694568066818
106,2026-09-19T05:46:14.327+00:00,2026-09-19T05:50:10.823+00:00,2026-09-19T05:50:16.805+00:00,True,59,59.0,,59.0,236496.317226,242478.291498,242478.291403,4109.80154920339,47.98614,236496.317226,30775.774516321268,114.5174368,103.13748744827586,15.594074857886481,0.24332075104746703,60,64,,True,True,,229,56.69694568066818
107,2026-09-19T05:46:14.723+00:00,2026-09-19T05:50:12.888+00:00,2026-09-19T05:50:13.323+00:00,True,5,5.0,,5.0,238165.64910299997,238600.72980699997,238600.72978199998,47720.145956399996,105.763238,238165.64910299997,106462.27279379588,190555.07828819996,108.770176,3.0401787743644286,0.020955510086010275,60,64,,True,True,,15,56.69694568066818
108,2026-09-19T05:46:15.222+00:00,2026-09-19T05:50:15.697+00:00,2026-09-19T05:50:19.629+00:00,True,42,42.0,,42.0,240475.70597799998,244407.508858,244407.508855,5819.226401309524,44.440928,240475.70597799998,37091.41703136308,114.1230436,95.89763121951219,23.624749494868084,0.1718441474905825,60,64,,True,True,,162,56.69694568066818
109,2026-09-19T05:46:15.598+00:00,2026-09-19T05:50:18.246+00:00,2026-09-19T05:50:23.676+00:00,True,57,57.0,,57.0,242648.801285,248078.063365,248078.06336499998,4352.246725701754,45.046857,242648.801285,32126.78257918355,112.6506794,96.95110857142856,18.43849820731884,0.2297663857369576,60,64,,True,True,,238,56.69694568066818
110,2026-09-19T05:46:16.061+00:00,2026-09-19T05:50:20.458+00:00,2026-09-19T05:50:26.595+00:00,True,65,65.0,,65.0,244397.202621,250534.225597,250534.225512,3854.3727001846155,46.800942000000006,244397.202621,30301.853856993166,109.06873900000001,95.890984,18.415014433219184,0.25944559009896145,60,64,,True,True,,315,56.69694568066818
111,2026-09-19T05:46:16.633+00:00,2026-09-19T05:50:23.109+00:00,2026-09-19T05:50:26.226+00:00,True,34,34.0,,34.0,246476.171981,249592.780237,249592.78018499998,7340.964123088235,46.026243,246476.171981,42254.122828675136,112.98110735,94.44267442424243,20.55344116753674,0.13622188898138565,60,64,,True,True,,130,56.69694568066818
112,2026-09-19T05:46:17.124+00:00,2026-09-19T05:50:26.123+00:00,2026-09-19T05:50:29.253+00:00,True,33,33.0,,33.0,248999.035125,252128.81534899998,252128.815309,7640.267130575758,47.78817,248999.035125,43328.14648408362,110.05196260000001,97.805632,18.65202195346186,0.13088547595926697,60,64,,True,True,,146,56.69694568066818
113,2026-09-19T05:46:17.671+00:00,2026-09-19T05:50:29.047+00:00,2026-09-19T05:50:35.640+00:00,True,66,66.0,,66.0,251375.758998,257969.234582,257969.234636,3908.6247672121212,47.163621,251375.758998,30929.73312815271,109.28237574999999,101.43808590769231,12.079120873259468,0.25584446186748966,60,64,,True,True,,288,56.69694568066818
114,2026-09-19T05:46:18.297+00:00,2026-09-19T05:50:31.969+00:00,2026-09-19T05:50:32.986+00:00,True,11,11.0,,11.0,253672.233217,254688.502785,254688.502717,23153.500247,96.050169,253672.233217,76454.41450241831,126888.87183699998,101.6269568,3.231349917783615,0.043190013996375225,60,64,,True,True,,51,56.69694568066818
115,2026-09-19T05:46:18.730+00:00,2026-09-19T05:50:34.335+00:00,2026-09-19T05:50:35.010+00:00,True,8,8.0,,8.0,255605.339567,256279.783599,256279.783574,32034.97294675,51.104572,255605.339567,90336.07186724231,166181.9280735,96.34914742857143,20.408878415871126,0.03121588401415841,60,64,,True,True,,20,56.69694568066818
116,2026-09-19T05:46:19.354+00:00,2026-09-19T05:50:37.751+00:00,2026-09-19T05:50:43.580+00:00,True,59,59.0,,59.0,258397.289916,264225.899452,264225.899465,4478.405075677966,49.964214999999996,258397.289916,33627.38367002437,113.78082789999999,100.49326786206896,18.5064354687901,0.223293780520248,60,64,,True,True,,270,56.69694568066818
117,2026-09-19T05:46:19.839+00:00,2026-09-19T05:50:40.497+00:00,2026-09-19T05:50:48.693+00:00,True,85,85.0,,85.0,260657.880804,268854.277092,268854.27724699996,3162.991497023529,45.577875,260657.880804,28261.739430777558,112.60867920000001,97.57614628571429,19.04645883841818,0.3161563986237556,60,64,,True,True,,401,56.69694568066818
118,2026-09-19T05:46:20.269+00:00,2026-09-19T05:50:42.836+00:00,2026-09-19T05:50:49.275+00:00,True,67,67.0,,67.0,262567.191679,269005.80646299996,269005.806504,4015.0120373731343,42.300963,262567.191679,32065.775029615994,112.36730479999999,97.55476945454545,18.626663821159624,0.2490652558059762,60,64,,True,True,,294,56.69694568066818
119,2026-09-19T05:46:20.628+00:00,2026-09-19T05:50:44.309+00:00,2026-09-19T05:50:50.004+00:00,True,61,61.0,,61.0,263680.416607,269376.03567899996,269376.035717,4416.00058552459,44.686217,263680.416607,33748.66994543976,112.721612,94.92698453333333,20.72689523169321,0.22644924536899122,60,64,,True,True,,205,56.69694568066818
120,2026-09-19T05:46:21.123+00:00,2026-09-19T05:50:47.342+00:00,2026-09-19T05:50:54.347+00:00,True,74,74.0,,74.0,266218.633599,273223.701119,273223.701174,3692.2121780270268,46.821352,266218.633599,30936.13800223338,110.5439975,95.9598290410959,18.676500226899257,0.27084033960790976,60,64,,True,True,,265,56.69694568066818
121,2026-09-19T05:46:21.775+00:00,2026-09-19T05:50:50.732+00:00,2026-09-19T05:50:59.426+00:00,True,90,90.0,,90.0,268956.19195999997,277650.70459999994,277650.70447899995,3085.007827544444,47.618101,268956.19195999997,28340.179806724074,110.7161923,97.69115325842697,17.66725421566762,0.3241482859899792,60,64,,True,True,,269,56.69694568066818
122,2026-09-19T05:46:22.770+00:00,2026-09-19T05:50:53.432+00:00,2026-09-19T05:50:59.430+00:00,True,61,61.0,,61.0,270661.97242,276660.158916,276660.159046,4535.412443377049,46.136374,270661.97242,34641.91815513979,111.14083500000001,99.96977493333334,15.722297208369492,0.22048711400661386,60,64,,True,True,,205,56.69694568066818
123,2026-09-19T05:46:22.873+00:00,2026-09-19T05:50:55.916+00:00,2026-09-19T05:51:03.296+00:00,True,75,75.0,,75.0,273042.494101,280422.885013,280422.88500500005,3738.971800066667,45.920075,273042.494101,31516.719313207122,111.50290369999999,99.73501232432433,16.43359290890599,0.2674532073105343,60,64,,True,True,,282,56.69694568066818
124,2026-09-19T05:46:23.274+00:00,2026-09-19T05:50:58.960+00:00,2026-09-19T05:51:01.450+00:00,True,27,27.0,,27.0,275686.55174699996,278176.06163499993,278176.06159399997,10302.817096074072,46.938702,275686.55174699996,53037.47827894251,109.5740036,95.75038030769231,20.546913389736577,0.09706083205472658,60,64,,True,True,,122,56.69694568066818
125,2026-09-19T05:46:23.688+00:00,2026-09-19T05:51:01.127+00:00,2026-09-19T05:51:06.691+00:00,True,56,56.0,,56.0,277439.26431,283003.86847,283003.868461,5053.640508232143,48.879318,277439.26431,37060.86464160245,112.00888549999999,101.1746210909091,16.25895773793582,0.19787715377444148,60,64,,True,True,,245,56.69694568066818
126,2026-09-19T05:46:24.198+00:00,2026-09-19T05:51:04.048+00:00,2026-09-19T05:51:09.744+00:00,True,61,61.0,,61.0,279849.55295599997,285545.865788,285545.86590499996,4681.079768934425,44.918427,279849.55295599997,35818.914357589325,111.095705,94.9385472,21.56267412507896,0.2136259260194952,60,64,,True,True,,206,56.69694568066818
127,2026-09-19T05:46:24.562+00:00,2026-09-19T05:51:05.429+00:00,2026-09-19T05:51:07.407+00:00,True,24,24.0,,24.0,280866.73666500003,282845.22037700005,282845.220335,11785.217513958334,46.216364,280866.73666500003,57314.129724756975,110.78467794999999,86.02103095652174,27.143394001368904,0.08485206137834243,60,64,,True,True,,100,56.69694568066818
128,2026-09-19T05:46:24.964+00:00,2026-09-19T05:51:07.817+00:00,2026-09-19T05:51:16.039+00:00,True,84,84.0,,84.0,282852.532981,291074.507509,291074.507424,3465.172707428572,47.169411999999994,282852.532981,30850.937362049208,110.84954045,99.05993407228915,16.175360118374304,0.28858590440938126,60,64,,True,True,,385,56.69694568066818
129,2026-09-19T05:46:25.533+00:00,2026-09-19T05:51:11.194+00:00,2026-09-19T05:51:12.872+00:00,True,18,18.0,,18.0,285660.28996799997,287338.811824,287338.81174699997,15963.267319277777,49.625786,285660.28996799997,67307.50594597087,42942.64363965,98.73657976470588,18.252344048729768,0.06264381719175938,60,64,,True,True,,115,56.69694568066818
130,2026-09-19T05:46:26.183+00:00,2026-09-19T05:51:14.336+00:00,2026-09-19T05:51:23.397+00:00,True,92,92.0,,92.0,288152.60896100005,297213.86720100004,297213.867367,3230.585514858696,46.624863,288152.60896100005,30031.609903177363,113.67748599999999,99.57426637362637,17.47785935513309,0.309541411598343,60,64,,True,True,,331,56.69694568066818
131,2026-09-19T05:46:26.828+00:00,2026-09-19T05:51:18.206+00:00,2026-09-19T05:51:23.236+00:00,True,51,51.0,,51.0,291377.768323,296407.956867,296407.95695,5811.920724509804,45.881025,291377.768323,40786.96497945197,114.7731315,100.60377088,17.630449561829895,0.17206015836775934,60,64,,True,True,,200,56.69694568066818
132,2026-09-19T05:46:27.219+00:00,2026-09-19T05:51:19.783+00:00,2026-09-19T05:51:27.252+00:00,False,77,76.0,,76.0,292563.446552,300032.73909600003,300032.739072,3896.529078857143,0.024579999999999998,292563.446552,33329.506568912635,114.22200420000001,98.28016505263157,22.676961455249984,0.2533056900023255,60,64,,True,False,Request timeout: 300.0s exceeded,415,56.69694568066818
133,2026-09-19T05:46:27.767+00:00,2026-09-19T05:51:23.402+00:00,2026-09-19T05:51:27.781+00:00,False,45,44.0,,44.0,295635.45531,300014.83323,300014.83341099997,6666.996298022222,0.024480000000000002,295635.45531,44055.9000996584,115.8552942,99.53131636363636,22.6911130379116,0.1466594152238744,60,64,,True,False,Request timeout: 300.0s exceeded,151,56.69694568066818
134,2026-09-19T05:46:28.158+00:00,2026-09-19T05:51:25.554+00:00,2026-09-19T05:51:28.195+00:00,False,28,27.0,,27.0,297395.66282200004,300036.894694,300036.89466100006,10715.60338075,0.02231,297395.66282200004,56184.01573817473,111.80819739999998,97.82340266666667,24.4821620471126,0.08998893295285106,60,64,,True,False,Request timeout: 300.0s exceeded,120,56.69694568066818
135,2026-09-19T05:46:28.667+00:00,2026-09-19T05:51:28.195+00:00,2026-09-19T05:51:29.491+00:00,False,14,13.0,,13.0,299528.703093,300824.24997299997,300824.24996,21487.446425714286,0.026010000000000002,299528.703093,80025.78386195595,104911.1287912,99.65745230769231,30.197187699961663,0.043214601220369686,60,64,,True,False,Request timeout: 300.0s exceeded,45,56.69694568066818
136,2026-09-19T05:46:29.174+00:00,2026-09-19T05:51:29.384+00:00,2026-09-19T05:51:29.601+00:00,False,4,3.0,,3.0,300210.79920300003,300427.88541100005,300427.88548500004,75106.97137125001,0.02451,300210.79920300003,150069.2272812882,255195.77081145003,72.36206933333332,62.68081544753308,0.0099857574668738,60,64,,True,False,Request timeout: 300.0s exceeded,9,56.69694568066818
137,2026-09-19T05:46:29.550+00:00,2026-09-19T05:51:29.622+00:00,2026-09-19T05:51:29.622+00:00,False,1,0.0,,0.0,300072.443771,300072.443771,300072.443771,300072.443771,300072.443771,300072.443771,nan,300072.443771,nan,nan,0.0,60,64,,True,False,"HTTPConnectionPool(host='gpu03', port=9002): Read timed out.",0,56.69694568066818
138,2026-09-19T05:46:30.199+00:00,2026-09-19T05:51:30.210+00:00,2026-09-19T05:51:30.320+00:00,False,3,2.0,,2.0,300010.85126599995,300120.919234,300120.91906299995,100040.30635433331,0.0624,300010.85126599995,173179.58062677976,270020.7666791,55.033984,77.74146912826384,0.006663980655212603,60,64,,True,False,Request timeout: 300.0s exceeded,8,56.69694568066818
139,2026-09-19T05:46:30.629+00:00,2026-09-19T05:51:30.665+00:00,2026-09-19T05:51:30.665+00:00,False,1,0.0,,0.0,300035.71197,300035.71197,300035.71197,300035.71197,300035.71197,300035.71197,nan,300035.71197,nan,nan,0.0,60,64,,True,False,"HTTPConnectionPool(host='gpu03', port=9002): Read timed out.",0,56.69694568066818
140,2026-09-19T05:46:31.254+00:00,2026-09-19T05:51:30.987+00:00,2026-09-19T05:51:31.311+00:00,False,5,4.0,,4.0,299732.37337800005,300056.71949000005,300056.7195240001,60011.34390480001,0.04183,299732.37337800005,134008.13760416518,239808.4234848,81.086528,54.1970203899718,0.013330812943628504,60,64,,True,False,Request timeout: 300.0s exceeded,6,56.69694568066818
141,2026-09-19T05:46:31.660+00:00,2026-09-19T05:51:31.312+00:00,2026-09-19T05:51:31.740+00:00,False,7,6.0,,6.0,299651.48459500005,300080.42360300006,300080.42367000005,42868.63195285715,0.054019,299651.48459500005,113230.6026763098,209792.23823140003,71.48983466666667,46.148572548248595,0.019994639863404988,60,64,,True,False,Request timeout: 300.0s exceeded,27,56.69694568066818
142,2026-09-19T05:46:32.094+00:00,2026-09-19T05:51:32.210+00:00,2026-09-19T05:51:32.210+00:00,False,1,0.0,,0.0,300115.714463,300115.714463,300115.714463,300115.714463,300115.714463,300115.714463,nan,300115.714463,nan,nan,0.0,60,64,,True,False,"HTTPConnectionPool(host='gpu03', port=9002): Read timed out.",0,56.69694568066818
143,2026-09-19T05:46:32.549+00:00,2026-09-19T05:51:32.529+00:00,2026-09-19T05:51:32.667+00:00,False,3,2.0,,2.0,299980.163907,300117.842755,300117.84278999997,100039.28093,0.03139,299980.163907,173153.89758467683,269995.91226559994,68.839424,97.30911629009994,0.006664048967034234,60,64,,True,False,Request timeout: 300.0s exceeded,8,56.69694568066818
144,2026-09-19T05:46:32.944+00:00,2026-09-19T05:51:32.913+00:00,2026-09-19T05:51:33.022+00:00,False,3,2.0,,2.0,299968.29805299995,300078.03117299994,300078.03126099997,100026.01042033332,0.057679,299968.29805299995,173155.1090550211,269982.4358006,54.86656,77.51157457156447,0.006664933091509678,60,64,,True,False,Request timeout: 300.0s exceeded,10,56.69694568066818
145,2026-09-19T05:46:33.527+00:00,2026-09-19T05:51:33.549+00:00,2026-09-19T05:51:33.549+00:00,False,1,0.0,,0.0,300022.681238,300022.681238,300022.681238,300022.681238,300022.681238,300022.681238,nan,300022.681238,nan,nan,0.0,60,64,,True,False,"HTTPConnectionPool(host='gpu03', port=9002): Read timed out.",0,56.69694568066818
146,2026-09-19T05:46:34.139+00:00,2026-09-19T05:51:34.139+00:00,2026-09-19T05:51:34.276+00:00,False,3,2.0,,2.0,300000.29326,300137.486988,300137.486875,100045.82895833334,0.02262,300000.29326,173165.65926315778,270013.98103350005,68.596864,96.97875600192958,0.006663612799823181,60,64,,True,False,Request timeout: 300.0s exceeded,8,56.69694568066818
147,2026-09-19T05:46:34.497+00:00,2026-09-19T05:51:34.406+00:00,2026-09-19T05:51:34.548+00:00,False,3,2.0,,2.0,299909.05472799996,300051.10989599995,300051.10985099996,100017.03661699999,0.023989,299909.05472799996,173111.58025930432,269932.35236859997,71.027584,100.4141409602293,0.0066655310846649276,60,64,,True,False,Request timeout: 300.0s exceeded,8,56.69694568066818
148,2026-09-19T05:46:34.930+00:00,2026-09-19T05:51:34.748+00:00,2026-09-19T05:51:34.901+00:00,True,3,3.0,,3.0,299818.43675700005,299970.61493300006,299970.61480900005,99990.20493633335,49.955936,299818.43675700005,173056.32712319124,269846.8152929,76.089088,36.9576317117876,0.010000979598185192,60,64,,True,True,,13,56.69694568066818
149,2026-09-19T05:46:35.294+00:00,2026-09-19T05:51:35.319+00:00,2026-09-19T05:51:35.319+00:00,False,1,0.0,,0.0,300024.637332,300024.637332,300024.637332,300024.637332,300024.637332,300024.637332,nan,300024.637332,nan,nan,0.0,60,64,,True,False,"HTTPConnectionPool(host='gpu03', port=9002): Read timed out.",0,56.69694568066818
150,2026-09-19T05:46:35.660+00:00,2026-09-19T05:51:35.676+00:00,2026-09-19T05:51:35.676+00:00,False,1,0.0,,0.0,300016.654199,300016.654199,300016.654199,300016.654199,300016.654199,300016.654199,nan,300016.654199,nan,nan,0.0,60,64,,True,False,"HTTPConnectionPool(host='gpu03', port=9002): Read timed out.",0,56.69694568066818
151,2026-09-19T05:46:36.152+00:00,2026-09-19T05:51:36.023+00:00,2026-09-19T05:51:36.254+00:00,False,4,3.0,,3.0,299871.315337,300101.68026500003,300101.680168,75025.420042,0.022170000000000002,299871.315337,149897.27365062278,254909.6130838,76.78830933333333,67.46224855174222,0.009996611806208141,60,64,,True,False,Request timeout: 300.0s exceeded,11,56.69694568066818
152,2026-09-19T05:46:36.615+00:00,2026-09-19T05:51:36.698+00:00,2026-09-19T05:51:36.698+00:00,False,1,0.0,,0.0,300082.808165,300082.808165,300082.808165,300082.808165,300082.808165,300082.808165,nan,300082.808165,nan,nan,0.0,60,64,,True,False,"HTTPConnectionPool(host='gpu03', port=9002): Read timed out.",0,56.69694568066818
153,2026-09-19T05:46:37.707+00:00,2026-09-19T05:51:37.330+00:00,2026-09-19T05:51:37.999+00:00,False,8,7.0,,7.0,299622.831796,300291.62386,300291.62398100004,37536.452997625005,0.02321,299622.831796,105898.89639170283,194798.87269810002,95.54172342857143,42.811516421155744,0.023310673504711187,60,64,,True,False,Request timeout: 300.0s exceeded,29,56.69694568066818
154,2026-09-19T05:46:37.763+00:00,2026-09-19T05:51:37.333+00:00,2026-09-19T05:51:37.456+00:00,True,2,2.0,,2.0,299570.402889,299693.76314500003,299693.763327,149846.8816635,123.36043799999999,299570.402889,211741.03432335806,284598.05076645,123.360256,nan,0.006673478883951099,60,64,,True,True,,5,56.69694568066818
155,2026-09-19T05:46:38.157+00:00,2026-09-19T05:51:38.176+00:00,2026-09-19T05:51:38.176+00:00,False,1,0.0,,0.0,300019.73096899997,300019.73096899997,300019.73096899997,300019.73096899997,300019.73096899997,300019.73096899997,nan,300019.73096899997,nan,nan,0.0,60,64,,True,False,"HTTPConnectionPool(host='gpu03', port=9002): Read timed out.",0,56.69694568066818
156,2026-09-19T05:46:38.555+00:00,2026-09-19T05:51:38.826+00:00,2026-09-19T05:51:39.428+00:00,False,7,6.0,,6.0,300271.57752999995,300872.927162,300872.9271399999,42981.846734285704,0.03864,300271.57752999995,113454.12156497507,210245.27577039995,100.22493866666667,62.76731924967878,0.019941973698316167,60,64,,True,False,Request timeout: 300.0s exceeded,23,56.69694568066818
157,2026-09-19T05:46:39.063+00:00,2026-09-19T05:51:39.356+00:00,2026-09-19T05:51:39.525+00:00,False,5,4.0,,4.0,300292.915037,300462.23574100004,300462.235698,60092.44713960001,0.02768,300292.915037,134276.146087385,240248.3100554,42.330176,29.775049065730993,0.013312821127537705,60,64,,True,False,Request timeout: 300.0s exceeded,20,56.69694568066818
158,2026-09-19T05:46:39.595+00:00,2026-09-19T05:51:39.716+00:00,2026-09-19T05:51:39.716+00:00,False,1,0.0,,0.0,300121.48892699997,300121.48892699997,300121.48892699997,300121.48892699997,300121.48892699997,300121.48892699997,nan,300121.48892699997,nan,nan,0.0,60,64,,True,False,"HTTPConnectionPool(host='gpu03', port=9002): Read timed out.",0,56.69694568066818
159,2026-09-19T05:46:40.036+00:00,2026-09-19T05:51:40.053+00:00,2026-09-19T05:51:40.053+00:00,False,1,0.0,,0.0,300016.512121,300016.512121,300016.512121,300016.512121,300016.512121,300016.512121,nan,300016.512121,nan,nan,0.0,60,64,,True,False,"HTTPConnectionPool(host='gpu03', port=9002): Read timed out.",0,56.69694568066818
160,2026-09-19T05:46:40.620+00:00,2026-09-19T05:51:40.706+00:00,2026-09-19T05:51:40.706+00:00,False,1,0.0,,0.0,300085.938221,300085.938221,300085.938221,300085.938221,300085.938221,300085.938221,nan,300085.938221,nan,nan,0.0,60,64,,True,False,"HTTPConnectionPool(host='gpu03', port=9002): Read timed out.",0,56.69694568066818
161,2026-09-19T05:46:41.105+00:00,2026-09-19T05:51:40.953+00:00,2026-09-19T05:51:41.170+00:00,False,4,3.0,,3.0,299847.147594,300064.720202,300064.720194,75016.1800485,0.0255,299847.147594,149887.32165672714,254889.86574194997,72.52420266666667,66.92160477312532,0.009997843125244566,60,64,,True,False,Request timeout: 300.0s exceeded,11,56.69694568066818
162,2026-09-19T05:46:41.619+00:00,2026-09-19T05:51:41.082+00:00,2026-09-19T05:51:41.421+00:00,True,5,5.0,,5.0,299462.999551,299801.981183,299801.981294,59960.3962588,45.981513,299462.999551,133886.0274525995,239591.03748380003,84.745408,26.82322903778201,0.016677674978231666,60,64,,True,True,,23,56.69694568066818
163,2026-09-19T05:46:42.238+00:00,2026-09-19T05:51:42.343+00:00,2026-09-19T05:51:42.343+00:00,False,1,0.0,,0.0,300105.44206800003,300105.44206800003,300105.44206800003,300105.44206800003,300105.44206800003,300105.44206800003,nan,300105.44206800003,nan,nan,0.0,60,64,,True,False,"HTTPConnectionPool(host='gpu03', port=9002): Read timed out.",0,56.69694568066818
164,2026-09-19T05:46:42.640+00:00,2026-09-19T05:51:42.685+00:00,2026-09-19T05:51:42.685+00:00,False,1,0.0,,0.0,300044.59772799996,300044.59772799996,300044.59772799996,300044.59772799996,300044.59772799996,300044.59772799996,nan,300044.59772799996,nan,nan,0.0,60,64,,True,False,TTFT timeout: 300.0s exceeded (TTFT: 300.039s),0,56.69694568066818
165,2026-09-19T05:46:43.158+00:00,2026-09-19T05:51:42.925+00:00,2026-09-19T05:51:43.239+00:00,False,5,4.0,,4.0,299766.46019300004,300080.808481,300080.80854100006,60016.16170820001,0.02339,299766.46019300004,134024.49899178682,239835.3674454,78.587072,52.56924406358197,0.013329742812437354,60,64,,True,False,Request timeout: 300.0s exceeded,15,56.69694568066818
166,2026-09-19T05:46:43.650+00:00,2026-09-19T05:51:43.734+00:00,2026-09-19T05:51:43.734+00:00,False,1,0.0,,0.0,300084.70731699996,300084.70731699996,300084.70731699996,300084.70731699996,300084.70731699996,300084.70731699996,nan,300084.70731699996,nan,nan,0.0,60,64,,True,False,"HTTPConnectionPool(host='gpu03', port=9002): Read timed out.",0,56.69694568066818
167,2026-09-19T05:46:44.231+00:00,2026-09-19T05:51:44.345+00:00,2026-09-19T05:51:44.345+00:00,False,1,0.0,,0.0,300114.11556999997,300114.11556999997,300114.11556999997,300114.11556999997,300114.11556999997,300114.11556999997,nan,300114.11556999997,nan,nan,0.0,60,64,,True,False,"HTTPConnectionPool(host='gpu03', port=9002): Read timed out.",0,56.69694568066818
168,2026-09-19T05:46:44.673+00:00,2026-09-19T05:51:44.483+00:00,2026-09-19T05:51:44.736+00:00,False,4,3.0,,3.0,299809.537482,300062.667978,300062.667941,75015.66698525,0.04894,299809.537482,149862.5928226568,254859.60970335,84.376832,74.94016144381779,0.009997911503672805,60,64,,True,False,Request timeout: 300.0s exceeded,6,56.69694568066818
169,2026-09-19T05:46:45.033+00:00,2026-09-19T05:51:44.737+00:00,2026-09-19T05:51:45.098+00:00,False,6,5.0,,5.0,299704.41937099997,300064.755755,300064.75587399997,50010.79264566666,0.04195,299704.41937099997,122324.40247803772,224804.7394225,72.0672768,46.19342092725832,0.016663069901093126,60,64,,True,False,Request timeout: 300.0s exceeded,26,56.69694568066818
170,2026-09-19T05:46:45.671+00:00,2026-09-19T05:51:45.738+00:00,2026-09-19T05:51:45.738+00:00,False,1,0.0,,0.0,300067.065031,300067.065031,300067.065031,300067.065031,300067.065031,300067.065031,nan,300067.065031,nan,nan,0.0,60,64,,True,False,"HTTPConnectionPool(host='gpu03', port=9002): Read timed out.",0,56.69694568066818
171,2026-09-19T05:46:46.318+00:00,2026-09-19T05:51:46.172+00:00,2026-09-19T05:51:46.392+00:00,False,4,3.0,,3.0,299854.124903,300074.642791,300074.642787,75018.66069675,0.0394,299854.124903,149890.3184861207,254892.90674285003,73.50596266666668,63.67032367424753,0.009997512525873371,60,64,,True,False,Request timeout: 300.0s exceeded,9,56.69694568066818
172,2026-09-19T05:46:46.922+00:00,2026-09-19T05:51:47.033+00:00,2026-09-19T05:51:47.033+00:00,False,1,0.0,,0.0,300110.382056,300110.382056,300110.382056,300110.382056,300110.382056,300110.382056,nan,300110.382056,nan,nan,0.0,60,64,,True,False,"HTTPConnectionPool(host='gpu03', port=9002): Read timed out.",0,56.69694568066818
173,2026-09-19T05:46:47.466+00:00,2026-09-19T05:51:47.522+00:00,2026-09-19T05:51:47.522+00:00,False,1,0.0,,0.0,300055.592679,300055.592679,300055.592679,300055.592679,300055.592679,300055.592679,nan,300055.592679,nan,nan,0.0,60,64,,True,False,"HTTPConnectionPool(host='gpu03', port=9002): Read timed out.",0,56.69694568066818
174,2026-09-19T05:46:48.082+00:00,2026-09-19T05:51:47.931+00:00,2026-09-19T05:51:48.163+00:00,False,4,3.0,,3.0,299848.94976499997,300081.037317,300081.037432,75020.259358,0.03189,299848.94976499997,149885.8047226087,254892.41301589995,77.36251733333333,70.70552124029798,0.009997299485574812,60,64,,True,False,Request timeout: 300.0s exceeded,10,56.69694568066818
175,2026-09-19T05:46:48.449+00:00,2026-09-19T05:51:48.522+00:00,2026-09-19T05:51:48.522+00:00,False,1,0.0,,0.0,300073.121589,300073.121589,300073.121589,300073.121589,300073.121589,300073.121589,nan,300073.121589,nan,nan,0.0,60,64,,True,False,TTFT timeout: 300.0s exceeded (TTFT: 300.061s),0,56.69694568066818
176,2026-09-19T05:46:48.867+00:00,2026-09-19T05:51:48.974+00:00,2026-09-19T05:51:48.974+00:00,False,1,0.0,,0.0,300106.70048299996,300106.70048299996,300106.70048299996,300106.70048299996,300106.70048299996,300106.70048299996,nan,300106.70048299996,nan,nan,0.0,60,64,,True,False,"HTTPConnectionPool(host='gpu03', port=9002): Read timed out.",0,56.69694568066818
177,2026-09-19T05:46:49.248+00:00,2026-09-19T05:51:49.243+00:00,2026-09-19T05:51:49.392+00:00,False,3,2.0,,2.0,299995.032412,300143.808348,300143.808346,100047.93611533333,0.02286,299995.032412,173159.2807742932,270010.4044782,74.387968,105.16788974249873,0.006663472456780156,60,64,,True,False,Request timeout: 300.0s exceeded,4,56.69694568066818
178,2026-09-19T05:46:49.844+00:00,2026-09-19T05:51:49.655+00:00,2026-09-19T05:51:49.863+00:00,False,4,3.0,,3.0,299810.661729,300018.608225,300018.60804699996,75004.65201174999,0.06313,299810.661729,149870.681272045,254855.78797454998,69.31549866666667,60.449045147126334,0.009999379764304952,60,64,,True,False,Request timeout: 300.0s exceeded,9,56.69694568066818
179,2026-09-19T05:46:50.272+00:00,2026-09-19T05:51:50.285+00:00,2026-09-19T05:51:50.285+00:00,False,1,0.0,,0.0,300012.727473,300012.727473,300012.727473,300012.727473,300012.727473,300012.727473,nan,300012.727473,nan,nan,0.0,60,64,,True,False,"HTTPConnectionPool(host='gpu03', port=9002): Read timed out.",0,56.69694568066818
180,2026-09-19T05:46:50.791+00:00,2026-09-19T05:51:50.997+00:00,2026-09-19T05:51:51.466+00:00,False,6,5.0,,5.0,300206.49197000003,300675.040066,300675.040119,50112.506686500004,0.02462,300206.49197000003,122520.54036128931,225191.89229400002,93.7096192,55.41239788562255,0.016629248636343307,60,64,,True,False,Request timeout: 300.0s exceeded,15,56.69694568066818
181,2026-09-19T05:46:51.401+00:00,2026-09-19T05:51:51.683+00:00,2026-09-19T05:51:51.683+00:00,False,1,0.0,,0.0,300282.09339600004,300282.09339600004,300282.09339600004,300282.09339600004,300282.09339600004,300282.09339600004,nan,300282.09339600004,nan,nan,0.0,60,64,,True,False,"HTTPConnectionPool(host='gpu03', port=9002): Read timed out.",0,56.69694568066818
182,2026-09-19T05:46:52.022+00:00,2026-09-19T05:51:52.076+00:00,2026-09-19T05:51:52.076+00:00,False,1,0.0,,0.0,300054.22730699996,300054.22730699996,300054.22730699996,300054.22730699996,300054.22730699996,300054.22730699996,nan,300054.22730699996,nan,nan,0.0,60,64,,True,False,"HTTPConnectionPool(host='gpu03', port=9002): Read timed out.",0,56.69694568066818
183,2026-09-19T05:46:52.534+00:00,2026-09-19T05:51:52.648+00:00,2026-09-19T05:51:52.648+00:00,False,1,0.0,,0.0,300113.934533,300113.934533,300113.934533,300113.934533,300113.934533,300113.934533,nan,300113.934533,nan,nan,0.0,60,64,,True,False,"HTTPConnectionPool(host='gpu03', port=9002): Read timed out.",0,56.69694568066818
184,2026-09-19T05:46:53.106+00:00,2026-09-19T05:51:52.992+00:00,2026-09-19T05:51:52.992+00:00,True,1,1.0,,1.0,299886.312089,299886.312089,299886.312089,299886.312089,299886.312089,299886.312089,nan,299886.312089,nan,nan,0.0033345970112274442,60,64,,True,True,,2,56.69694568066818
185,2026-09-19T05:46:53.567+00:00,2026-09-19T05:51:53.071+00:00,2026-09-19T05:51:53.267+00:00,True,3,3.0,,3.0,299503.957597,299700.556381,299700.556303,99900.18543433334,93.867619,299503.957597,172861.9374408796,269563.83494599996,98.299392,6.267251450429606,0.010009991426863398,60,64,,True,True,,10,56.69694568066818
186,2026-09-19T05:46:54.022+00:00,2026-09-19T05:51:54.091+00:00,2026-09-19T05:51:54.091+00:00,False,1,0.0,,0.0,300069.599707,300069.599707,300069.599707,300069.599707,300069.599707,300069.599707,nan,300069.599707,nan,nan,0.0,60,64,,True,False,"HTTPConnectionPool(host='gpu03', port=9002): Read timed out.",0,56.69694568066818
187,2026-09-19T05:46:54.447+00:00,2026-09-19T05:51:54.495+00:00,2026-09-19T05:51:54.495+00:00,False,1,0.0,,0.0,300048.252003,300048.252003,300048.252003,300048.252003,300048.252003,300048.252003,nan,300048.252003,nan,nan,0.0,60,64,,True,False,"HTTPConnectionPool(host='gpu03', port=9002): Read timed out.",0,56.69694568066818
188,2026-09-19T05:46:55.653+00:00,2026-09-19T05:51:55.923+00:00,2026-09-19T05:51:56.026+00:00,False,3,2.0,,2.0,300269.488456,300372.248648,300372.248483,100124.08282766666,0.03653,300269.488456,173331.01332926794,270252.81196009996,51.380096,72.61065706914026,0.006658404726142856,60,64,,True,False,Request timeout: 300.0s exceeded,8,56.69694568066818
189,2026-09-19T05:46:55.694+00:00,2026-09-19T05:51:55.924+00:00,2026-09-19T05:51:56.025+00:00,False,3,2.0,,2.0,300230.14394800004,300331.17562800006,300331.17559000006,100110.39186333335,0.04117,300230.14394800004,173308.79645451278,270217.22860040003,50.51584,71.38189781648252,0.006659315323552241,60,64,,True,False,Request timeout: 300.0s exceeded,9,56.69694568066818
190,2026-09-19T05:46:55.797+00:00,2026-09-19T05:51:56.025+00:00,2026-09-19T05:51:56.025+00:00,False,1,0.0,,0.0,300228.340792,300228.340792,300228.340792,300228.340792,300228.340792,300228.340792,nan,300228.340792,nan,nan,0.0,60,64,,True,False,TTFT timeout: 300.0s exceeded (TTFT: 300.017s),0,56.69694568066818
191,2026-09-19T05:46:56.351+00:00,2026-09-19T05:51:56.370+00:00,2026-09-19T05:51:56.370+00:00,False,1,0.0,,0.0,300019.373503,300019.373503,300019.373503,300019.373503,300019.373503,300019.373503,nan,300019.373503,nan,nan,0.0,60,64,,True,False,"HTTPConnectionPool(host='gpu03', port=9002): Read timed out.",0,56.69694568066818
192,2026-09-19T05:46:56.934+00:00,2026-09-19T05:51:57.042+00:00,2026-09-19T05:51:57.042+00:00,False,1,0.0,,0.0,300107.79420099995,300107.79420099995,300107.79420099995,300107.79420099995,300107.79420099995,300107.79420099995,nan,300107.79420099995,nan,nan,0.0,60,64,,True,False,"HTTPConnectionPool(host='gpu03', port=9002): Read timed out.",0,56.69694568066818
193,2026-09-19T05:46:57.491+00:00,2026-09-19T05:51:57.290+00:00,2026-09-19T05:51:57.508+00:00,False,4,3.0,,3.0,299799.039697,300016.956113,300016.956122,75004.2390305,0.022109999999999998,299799.039697,149863.20954744198,254847.28647654998,72.63880533333332,63.97402467633267,0.009999434828177058,60,64,,True,False,Request timeout: 300.0s exceeded,13,56.69694568066818
194,2026-09-19T05:46:58.128+00:00,2026-09-19T05:51:58.015+00:00,2026-09-19T05:51:58.218+00:00,False,4,3.0,,3.0,299887.248718,300090.58388600004,300090.583899,75022.64597475,0.036789999999999996,299887.248718,149909.74281710107,254919.55529950003,67.77838933333332,58.67401057158596,0.009996981448573725,60,64,,True,False,Request timeout: 300.0s exceeded,23,56.69694568066818
195,2026-09-19T05:46:58.788+00:00,2026-09-19T05:51:58.853+00:00,2026-09-19T05:51:58.853+00:00,False,1,0.0,,0.0,300065.20745700004,300065.20745700004,300065.20745700004,300065.20745700004,300065.20745700004,300065.20745700004,nan,300065.20745700004,nan,nan,0.0,60,64,,True,False,"HTTPConnectionPool(host='gpu03', port=9002): Read timed out.",0,56.69694568066818
196,2026-09-19T05:46:59.363+00:00,2026-09-19T05:51:59.198+00:00,2026-09-19T05:51:59.423+00:00,False,4,3.0,,3.0,299835.008849,300059.664977,300059.66512699996,75014.91628174999,0.06252,299835.008849,149880.07105154332,254876.73692779997,74.885376,64.8047813109481,0.00999801156290018,60,64,,True,False,Request timeout: 300.0s exceeded,10,56.69694568066818
197,2026-09-19T05:46:59.790+00:00,2026-09-19T05:51:59.622+00:00,2026-09-19T05:51:59.821+00:00,False,5,4.0,,4.0,299832.04659,300031.275774,300031.27562,60006.255123999996,0.03504,299832.04659,134066.6978555887,239885.80074059998,49.807296,41.151117968426185,0.0133319434438329,60,64,,True,False,Request timeout: 300.0s exceeded,19,56.69694568066818
198,2026-09-19T05:47:00.386+00:00,2026-09-19T05:52:00.465+00:00,2026-09-19T05:52:00.465+00:00,False,1,0.0,,0.0,300079.527375,300079.527375,300079.527375,300079.527375,300079.527375,300079.527375,nan,300079.527375,nan,nan,0.0,60,64,,True,False,"HTTPConnectionPool(host='gpu03', port=9002): Read timed out.",0,56.69694568066818
199,2026-09-19T05:47:00.970+00:00,2026-09-19T05:52:00.912+00:00,2026-09-19T05:52:01.017+00:00,False,3,2.0,,2.0,299942.173928,300047.509736,300047.50996899995,100015.83665633333,0.02274,299942.173928,173141.29496649178,269958.4878653,52.667904,74.45180473543104,0.006665611061927231,60,64,,True,False,Request timeout: 300.0s exceeded,7,56.69694568066818
200,2026-09-19T05:47:01.436+00:00,2026-09-19T05:52:01.527+00:00,2026-09-19T05:52:01.527+00:00,False,1,0.0,,0.0,300091.713978,300091.713978,300091.713978,300091.713978,300091.713978,300091.713978,nan,300091.713978,nan,nan,0.0,60,64,,True,False,"HTTPConnectionPool(host='gpu03', port=9002): Read timed out.",0,56.69694568066818
201,2026-09-19T05:47:01.819+00:00,2026-09-19T05:52:01.909+00:00,2026-09-19T05:52:01.909+00:00,False,1,0.0,,0.0,300090.443409,300090.443409,300090.443409,300090.443409,300090.443409,300090.443409,nan,300090.443409,nan,nan,0.0,60,64,,True,False,TTFT timeout: 300.0s exceeded (TTFT: 300.071s),0,56.69694568066818
202,2026-09-19T05:47:02.327+00:00,2026-09-19T05:52:02.334+00:00,2026-09-19T05:52:02.334+00:00,False,1,0.0,,0.0,300006.554949,300006.554949,300006.554949,300006.554949,300006.554949,300006.554949,nan,300006.554949,nan,nan,0.0,60,64,,True,False,TTFT timeout: 300.0s exceeded (TTFT: 300.001s),0,56.69694568066818
203,2026-09-19T05:47:02.781+00:00,2026-09-19T05:52:02.461+00:00,2026-09-19T05:52:02.837+00:00,False,7,6.0,,6.0,299680.16625999997,300055.860596,300055.860557,42865.12293671428,0.053529,299680.16625999997,113244.79742457336,209817.58357329995,62.61572266666666,46.12826850986066,0.01999627665356117,60,64,,True,False,Request timeout: 300.0s exceeded,18,56.69694568066818
204,2026-09-19T05:47:03.256+00:00,2026-09-19T05:52:03.365+00:00,2026-09-19T05:52:03.365+00:00,False,1,0.0,,0.0,300109.13285500003,300109.13285500003,300109.13285500003,300109.13285500003,300109.13285500003,300109.13285500003,nan,300109.13285500003,nan,nan,0.0,60,64,,True,False,"HTTPConnectionPool(host='gpu03', port=9002): Read timed out.",0,56.69694568066818
205,2026-09-19T05:47:03.615+00:00,2026-09-19T05:52:03.701+00:00,2026-09-19T05:52:03.701+00:00,False,1,0.0,,0.0,300086.269121,300086.269121,300086.269121,300086.269121,300086.269121,300086.269121,nan,300086.269121,nan,nan,0.0,60,64,,True,False,"HTTPConnectionPool(host='gpu03', port=9002): Read timed out.",0,56.69694568066818
206,2026-09-19T05:47:03.990+00:00,2026-09-19T05:52:03.938+00:00,2026-09-19T05:52:05.054+00:00,False,12,11.0,,11.0,299947.382669,301063.126925,301063.126978,25088.593914833335,0.02677,299947.382669,86558.077225403,135056.3822432,101.431296,36.133943191002714,0.03653718777304897,60,64,,True,False,Request timeout: 300.0s exceeded,45,56.69694568066818
207,2026-09-19T05:47:04.375+00:00,2026-09-19T05:52:04.209+00:00,2026-09-19T05:52:05.151+00:00,False,11,10.0,,10.0,299834.130195,300776.46645099996,300776.46648999996,27343.315135454544,0.0378,299834.130195,90374.98481873264,149974.23499799997,94.2336256,33.48117029334645,0.03324728200312546,60,64,,True,False,Request timeout: 300.0s exceeded,30,56.69694568066818
208,2026-09-19T05:47:04.866+00:00,2026-09-19T05:52:04.845+00:00,2026-09-19T05:52:05.254+00:00,False,6,5.0,,5.0,299978.89877499995,300387.8766949999,300387.87656099995,50064.64609349999,0.06284000000000001,299978.89877499995,122432.48653211791,225010.15758749994,81.795584,45.71690071079797,0.016645145786215503,60,64,,True,False,Request timeout: 300.0s exceeded,19,56.69694568066818
209,2026-09-19T05:47:05.265+00:00,2026-09-19T05:52:05.280+00:00,2026-09-19T05:52:05.280+00:00,False,1,0.0,,0.0,300015.385622,300015.385622,300015.385622,300015.385622,300015.385622,300015.385622,nan,300015.385622,nan,nan,0.0,60,64,,True,False,"HTTPConnectionPool(host='gpu03', port=9002): Read timed out.",0,56.69694568066818
210,2026-09-19T05:47:05.680+00:00,2026-09-19T05:52:05.794+00:00,2026-09-19T05:52:05.794+00:00,False,1,0.0,,0.0,300113.198515,300113.198515,300113.198515,300113.198515,300113.198515,300113.198515,nan,300113.198515,nan,nan,0.0,60,64,,True,False,"HTTPConnectionPool(host='gpu03', port=9002): Read timed out.",0,56.69694568066818
211,2026-09-19T05:47:06.327+00:00,2026-09-19T05:52:06.345+00:00,2026-09-19T05:52:06.549+00:00,False,3,2.0,,2.0,300017.952307,300222.439475,300222.439314,100074.146438,0.044549,300017.952307,173156.44537140848,270036.60132210003,102.243584,144.53126842951045,0.006661727229641484,60,64,,True,False,Request timeout: 300.0s exceeded,7,56.69694568066818
212,2026-09-19T05:47:06.757+00:00,2026-09-19T05:52:06.546+00:00,2026-09-19T05:52:06.844+00:00,False,5,4.0,,4.0,299789.105381,300087.16464499995,300087.164579,60017.4329158,0.06852,299789.105381,134036.44666185207,239852.15925739997,74.514816,49.96325512470993,0.013329460474365703,60,64,,True,False,Request timeout: 300.0s exceeded,15,56.69694568066818
213,2026-09-19T05:47:07.139+00:00,2026-09-19T05:52:06.647+00:00,2026-09-19T05:52:07.148+00:00,False,9,8.0,,8.0,299507.70209,300009.049418,300009.049509,33334.33883433333,0.04009,299507.70209,99815.01657270524,179745.7975448,62.668416,34.942938655572256,0.026665862298219115,60,64,,True,False,Request timeout: 300.0s exceeded,26,56.69694568066818
214,2026-09-19T05:47:07.694+00:00,2026-09-19T05:52:07.760+00:00,2026-09-19T05:52:07.760+00:00,False,1,0.0,,0.0,300066.650444,300066.650444,300066.650444,300066.650444,300066.650444,300066.650444,nan,300066.650444,nan,nan,0.0,60,64,,True,False,"HTTPConnectionPool(host='gpu03', port=9002): Read timed out.",0,56.69694568066818
215,2026-09-19T05:47:08.331+00:00,2026-09-19T05:52:08.269+00:00,2026-09-19T05:52:08.386+00:00,False,3,2.0,,2.0,299937.819792,300054.466704,300054.466504,100018.15550133333,0.03162,299937.819792,173135.51780468423,269955.699322,58.323456,82.4369296843465,0.006665456515176544,60,64,,True,False,Request timeout: 300.0s exceeded,4,56.69694568066818
216,2026-09-19T05:47:08.848+00:00,2026-09-19T05:52:08.955+00:00,2026-09-19T05:52:08.955+00:00,False,1,0.0,,0.0,300106.737948,300106.737948,300106.737948,300106.737948,300106.737948,300106.737948,nan,300106.737948,nan,nan,0.0,60,64,,True,False,"HTTPConnectionPool(host='gpu03', port=9002): Read timed out.",0,56.69694568066818
217,2026-09-19T05:47:09.290+00:00,2026-09-19T05:52:09.396+00:00,2026-09-19T05:52:09.396+00:00,False,1,0.0,,0.0,300106.474508,300106.474508,300106.474508,300106.474508,300106.474508,300106.474508,nan,300106.474508,nan,nan,0.0,60,64,,True,False,"HTTPConnectionPool(host='gpu03', port=9002): Read timed out.",0,56.69694568066818
218,2026-09-19T05:47:09.743+00:00,2026-09-19T05:52:09.733+00:00,2026-09-19T05:52:09.863+00:00,False,3,2.0,,2.0,299989.129806,300119.294542,300119.294426,100039.76480866666,0.02478,299989.129806,173161.2417794751,270003.23080940003,65.082368,92.00524974577588,0.006664016730587481,60,64,,True,False,Request timeout: 300.0s exceeded,8,56.69694568066818
219,2026-09-19T05:47:10.126+00:00,2026-09-19T05:52:09.997+00:00,2026-09-19T05:52:10.206+00:00,False,4,3.0,,3.0,299871.25216399995,300080.2871719999,300080.28736099997,75020.07184024999,0.039020000000000006,299871.25216399995,149900.79497378468,254906.41890289995,69.678336,60.32142716097994,0.009997324476967261,60,64,,True,False,Request timeout: 300.0s exceeded,8,56.69694568066818
220,2026-09-19T05:47:10.781+00:00,2026-09-19T05:52:10.883+00:00,2026-09-19T05:52:10.883+00:00,False,1,0.0,,0.0,300102.589953,300102.589953,300102.589953,300102.589953,300102.589953,300102.589953,nan,300102.589953,nan,nan,0.0,60,64,,True,False,"HTTPConnectionPool(host='gpu03', port=9002): Read timed out.",0,56.69694568066818
221,2026-09-19T05:47:11.235+00:00,2026-09-19T05:52:11.225+00:00,2026-09-19T05:52:11.360+00:00,False,3,2.0,,2.0,299989.76835900004,300124.49603900005,300124.495998,100041.49866600001,0.027870000000000002,299989.76835900004,173160.29408917218,270004.2615,67.36384,95.22739392628674,0.006663901235639584,60,64,,True,False,Request timeout: 300.0s exceeded,4,56.69694568066818
222,2026-09-19T05:47:11.737+00:00,2026-09-19T05:52:11.504+00:00,2026-09-19T05:52:11.834+00:00,False,5,4.0,,4.0,299766.72476099996,300097.000089,300097.00012899993,60019.400025799994,0.04033,299766.72476099996,134022.83793826128,239839.47591459996,82.568832,56.88886510408747,0.013329023611744591,60,64,,True,False,Request timeout: 300.0s exceeded,14,56.69694568066818
223,2026-09-19T05:47:12.247+00:00,2026-09-19T05:52:12.325+00:00,2026-09-19T05:52:12.325+00:00,False,1,0.0,,0.0,300078.04248,300078.04248,300078.04248,300078.04248,300078.04248,300078.04248,nan,300078.04248,nan,nan,0.0,60,64,,True,False,"HTTPConnectionPool(host='gpu03', port=9002): Read timed out.",0,56.69694568066818
224,2026-09-19T05:47:12.639+00:00,2026-09-19T05:52:12.751+00:00,2026-09-19T05:52:12.751+00:00,False,1,0.0,,0.0,300111.88193300006,300111.88193300006,300111.88193300006,300111.88193300006,300111.88193300006,300111.88193300006,nan,300111.88193300006,nan,nan,0.0,60,64,,True,False,"HTTPConnectionPool(host='gpu03', port=9002): Read timed out.",0,56.69694568066818
225,2026-09-19T05:47:13.097+00:00,2026-09-19T05:52:13.095+00:00,2026-09-19T05:52:13.219+00:00,False,3,2.0,,2.0,299997.456923,300121.756443,300121.756347,100040.58544899999,0.0229,299997.456923,173167.7415022587,270010.13888309995,62.14976,87.86081204842777,0.006663962065608682,60,64,,True,False,Request timeout: 300.0s exceeded,4,56.69694568066818
226,2026-09-19T05:47:13.759+00:00,2026-09-19T05:52:13.470+00:00,2026-09-19T05:52:13.817+00:00,False,6,5.0,,5.0,299710.34196499997,300057.650509,300057.650682,50009.608447,0.03648,299710.34196499997,122327.88355086611,224807.95081949997,69.4617088,44.404004921719064,0.016663464475970856,60,64,,True,False,Request timeout: 300.0s exceeded,22,56.69694568066818
227,2026-09-19T05:47:14.331+00:00,2026-09-19T05:52:14.420+00:00,2026-09-19T05:52:14.420+00:00,False,1,0.0,,0.0,300088.64042199997,300088.64042199997,300088.64042199997,300088.64042199997,300088.64042199997,300088.64042199997,nan,300088.64042199997,nan,nan,0.0,60,64,,True,False,"HTTPConnectionPool(host='gpu03', port=9002): Read timed out.",0,56.69694568066818
228,2026-09-19T05:47:14.873+00:00,2026-09-19T05:52:14.783+00:00,2026-09-19T05:52:14.916+00:00,False,3,2.0,,2.0,299909.373182,300042.99059,300042.990644,100014.33021466667,0.0232,299909.373182,173114.19818285035,269931.79529000004,66.808704,94.44919180089256,0.0066657114571056315,60,64,,True,False,Request timeout: 300.0s exceeded,4,56.69694568066818
229,2026-09-19T05:47:15.277+00:00,2026-09-19T05:52:15.022+00:00,2026-09-19T05:52:15.346+00:00,False,5,4.0,,4.0,299744.565863,300069.153383,300069.153426,60013.8306852,0.10348,299744.565863,134013.5636230992,239819.6111756,81.14688,55.38874652394206,0.01333026055795382,60,64,,True,False,Request timeout: 300.0s exceeded,11,56.69694568066818
230,2026-09-19T05:47:15.771+00:00,2026-09-19T05:52:15.802+00:00,2026-09-19T05:52:15.802+00:00,False,1,0.0,,0.0,300030.538695,300030.538695,300030.538695,300030.538695,300030.538695,300030.538695,nan,300030.538695,nan,nan,0.0,60,64,,True,False,"HTTPConnectionPool(host='gpu03', port=9002): Read timed out.",0,56.69694568066818
231,2026-09-19T05:47:16.204+00:00,2026-09-19T05:52:16.320+00:00,2026-09-19T05:52:16.320+00:00,False,1,0.0,,0.0,300116.420657,300116.420657,300116.420657,300116.420657,300116.420657,300116.420657,nan,300116.420657,nan,nan,0.0,60,64,,True,False,"HTTPConnectionPool(host='gpu03', port=9002): Read timed out.",0,56.69694568066818
233,2026-09-19T05:47:17.730+00:00,2026-09-19T05:52:17.640+00:00,2026-09-19T05:52:17.868+00:00,False,4,3.0,,3.0,299910.461663,300138.42582299997,300138.425643,75034.60641075,0.02382,299910.461663,149917.2473562919,254944.0033637,75.98805333333333,68.78991203422844,0.009995387933996775,60,64,,True,False,Request timeout: 300.0s exceeded,6,56.69694568066818
232,2026-09-19T05:47:17.714+00:00,2026-09-19T05:52:17.982+00:00,2026-09-19T05:52:17.982+00:00,False,1,0.0,,0.0,300268.209385,300268.209385,300268.209385,300268.209385,300268.209385,300268.209385,nan,300268.209385,nan,nan,0.0,60,64,,True,False,"HTTPConnectionPool(host='gpu03', port=9002): Read timed out.",0,56.69694568066818
234,2026-09-19T05:47:17.895+00:00,2026-09-19T05:52:18.000+00:00,2026-09-19T05:52:18.000+00:00,False,1,0.0,,0.0,300105.03758600005,300105.03758600005,300105.03758600005,300105.03758600005,300105.03758600005,300105.03758600005,nan,300105.03758600005,nan,nan,0.0,60,64,,True,False,"HTTPConnectionPool(host='gpu03', port=9002): Read timed out.",0,56.69694568066818
235,2026-09-19T05:47:18.269+00:00,2026-09-19T05:52:18.302+00:00,2026-09-19T05:52:18.302+00:00,False,1,0.0,,0.0,300033.79537,300033.79537,300033.79537,300033.79537,300033.79537,300033.79537,nan,300033.79537,nan,nan,0.0,60,64,,True,False,"HTTPConnectionPool(host='gpu03', port=9002): Read timed out.",0,56.69694568066818
236,2026-09-19T05:47:18.730+00:00,2026-09-19T05:52:18.820+00:00,2026-09-19T05:52:18.820+00:00,False,1,0.0,,0.0,300089.99996,300089.99996,300089.99996,300089.99996,300089.99996,300089.99996,nan,300089.99996,nan,nan,0.0,60,64,,True,False,"HTTPConnectionPool(host='gpu03', port=9002): Read timed out.",0,56.69694568066818
237,2026-09-19T05:47:19.208+00:00,2026-09-19T05:52:19.142+00:00,2026-09-19T05:52:20.584+00:00,False,17,16.0,,16.0,299933.790331,301376.145019,301376.144876,17728.008522117645,0.037869,299933.790331,72722.78487886014,60191.6440742,90.147168,54.958668166740274,0.05308980244269597,60,64,,True,False,Request timeout: 300.0s exceeded,49,56.69694568066818
238,2026-09-19T05:47:19.750+00:00,2026-09-19T05:52:19.395+00:00,2026-09-19T05:52:20.688+00:00,False,17,16.0,,16.0,299644.851681,300937.786593,300937.78656499996,17702.222739117646,0.02847,299644.851681,72654.9594493373,60013.7666954,80.808432,32.8945930663595,0.05316713524459799,60,64,,True,False,Request timeout: 300.0s exceeded,44,56.69694568066818
239,2026-09-19T05:47:20.369+00:00,2026-09-19T05:52:21.501+00:00,2026-09-19T05:52:21.501+00:00,False,1,0.0,,0.0,301132.104038,301132.104038,301132.104038,301132.104038,301132.104038,301132.104038,nan,301132.104038,nan,nan,0.0,60,64,,True,False,"HTTPConnectionPool(host='gpu03', port=9002): Read timed out.",0,56.69694568066818
0,2026-09-19T05:45:20.841+00:00,2026-09-19T05:45:21.093+00:00,2026-09-19T05:45:22.413+00:00,True,17,17.0,,17.0,252.207657,1571.531561,1571.531641,92.44303770588235,32.920314,252.207657,51.24769386885775,172.48421540000004,82.457744,31.518465423823532,10.817472853795266,61,64,,False,True,,76,56.69694568066818
1,2026-09-19T05:45:21.350+00:00,2026-09-19T05:45:21.655+00:00,2026-09-19T05:45:25.657+00:00,True,43,43.0,,43.0,305.05429200000003,4307.194452,4307.194608,100.16731646511627,45.084355,305.05429200000003,39.733765178763335,115.4029422,95.28905142857143,23.854367792148913,9.983296663105936,61,64,,False,True,,213,56.69694568066818
2,2026-09-19T05:45:21.778+00:00,2026-09-19T05:45:23.181+00:00,2026-09-19T05:45:27.520+00:00,True,46,46.0,,46.0,1402.5936029999998,5741.702466999999,5741.702505,124.81961967391304,45.364194000000005,1402.5936029999998,193.91422920368055,112.05480350000002,96.42464142222222,22.92977038117979,8.011561076942165,61,64,,False,True,,206,56.69694568066818
3,2026-09-19T05:45:22.240+00:00,2026-09-19T05:45:26.685+00:00,2026-09-19T05:45:35.325+00:00,True,88,88.0,,88.0,4445.699554,13084.963553999998,13084.963666,148.6927689318182,0.0,4445.699554,464.0230337181081,112.919089,99.30188505747127,25.543280737276717,6.7252766610189685,61,64,,False,True,,293,56.69694568066818
4,2026-09-19T05:45:22.647+00:00,2026-09-19T05:45:28.340+00:00,2026-09-19T05:45:30.193+00:00,True,20,20.0,,20.0,5693.762686,7546.448254,7546.44824,377.322412,47.21423,5693.762686,1251.4660636044457,388.42650505,97.50976673684211,16.723994844807894,2.6502533810390854,61,64,,False,True,,82,56.69694568066818
5,2026-09-19T05:45:22.992+00:00,2026-09-19T05:45:30.098+00:00,2026-09-19T05:45:36.193+00:00,True,62,62.0,,62.0,7105.695046,13200.784966,13200.784964,212.91588651612904,0.0,7105.695046,890.4349293721862,139.86661909999998,99.91950688524591,35.60723242076192,4.6966903983124855,61,64,,False,True,,220,56.69694568066818
6,2026-09-19T05:45:23.293+00:00,2026-09-19T05:45:31.783+00:00,2026-09-19T05:45:32.339+00:00,True,6,6.0,,6.0,8489.240174,9045.126766000001,9045.126829,1507.5211381666668,99.249998,8489.240174,3420.365079569217,6402.2479382500005,111.1773184,17.3605990599591,0.6633406203386315,61,64,,False,True,,27,56.69694568066818
7,2026-09-19T05:45:23.714+00:00,2026-09-19T05:45:33.993+00:00,2026-09-19T05:45:37.753+00:00,True,39,39.0,,39.0,10279.115192,14038.591416,14038.591552999998,359.96388597435896,0.0,10279.115192,1630.7856049547786,250.0238721,98.93358484210528,46.725918735853455,2.7780564904503953,61,64,,False,True,,193,56.69694568066818
8,2026-09-19T05:45:24.027+00:00,2026-09-19T05:45:35.637+00:00,2026-09-19T05:45:40.054+00:00,True,46,46.0,,46.0,11609.494683,16026.092187000002,16026.092353,348.3933120217391,0.0,11609.494683,1698.547214895582,298.89999625,98.14661120000001,66.97375209997817,2.87031919342846,61,64,,False,True,,198,56.69694568066818
9,2026-09-19T05:45:24.496+00:00,2026-09-19T05:45:38.051+00:00,2026-09-19T05:45:45.971+00:00,True,82,82.0,,82.0,13555.274709000001,21474.864597,21474.864648000002,261.8885932682927,0.0,13555.274709000001,1487.0762882233878,139.9866199,97.77271466666667,53.30298486917304,3.8184175564699605,61,64,,False,True,,451,56.69694568066818
10,2026-09-19T05:45:24.991+00:00,2026-09-19T05:45:40.858+00:00,2026-09-19T05:45:47.122+00:00,True,65,65.0,,65.0,15867.500582,22131.392294,22131.392398,340.48295996923076,0.0,15867.500582,1956.613600533118,135.4444488,97.873308,50.12262330850687,2.9370045560857925,61,64,,False,True,,237,56.69694568066818
11,2026-09-19T05:45:25.365+00:00,2026-09-19T05:45:42.762+00:00,2026-09-19T05:45:50.743+00:00,True,83,83.0,,83.0,17396.972508000003,25377.424860000003,25377.424874000004,305.7521069156627,0.0,17396.972508000003,1899.567183324098,116.16181759999999,97.32258965853659,51.28232883046932,3.270623416595154,61,64,,False,True,,405,56.69694568066818
12,2026-09-19T05:45:25.831+00:00,2026-09-19T05:45:45.860+00:00,2026-09-19T05:45:54.327+00:00,True,86,86.0,,86.0,20029.450045,28495.808829,28495.808739,331.3466132441861,0.0,20029.450045,2150.3036120483903,116.08184725000001,99.6042209882353,72.6466812119884,3.0179876807875816,61,64,,False,True,,344,56.69694568066818
13,2026-09-19T05:45:26.287+00:00,2026-09-19T05:45:48.553+00:00,2026-09-19T05:45:54.280+00:00,True,54,54.0,,54.0,22265.761445,27992.756901,27992.756772,518.3843846666666,0.0,22265.761445,3016.621124357481,413.79811459999996,108.05651803773586,90.74430765509443,1.9290704445788593,61,64,,False,True,,251,56.69694568066818
14,2026-09-19T05:45:26.589+00:00,2026-09-19T05:45:50.212+00:00,2026-09-19T05:45:58.433+00:00,True,87,87.0,,87.0,23623.71611,31843.979022,31843.979147000002,366.02274881609196,0.0,23623.71611,2523.3794658887923,111.56740470000001,95.58445246511627,67.74573479494816,2.7320706353905853,61,64,,False,True,,476,56.69694568066818
15,2026-09-19T05:45:27.021+00:00,2026-09-19T05:45:52.296+00:00,2026-09-19T05:45:55.723+00:00,True,36,36.0,,36.0,25275.203302,28701.458406,28701.45846,797.262735,0.0,25275.203302,4196.846545823319,206.7165805,97.89300297142857,73.67006157352938,1.2542916631885943,61,64,,False,True,,108,56.69694568066818
16,2026-09-19T05:45:27.422+00:00,2026-09-19T05:45:54.427+00:00,2026-09-19T05:45:59.658+00:00,True,53,53.0,,53.0,27004.441563,32236.102362999998,32236.102333,608.2283459056604,42.089012000000004,27004.441563,3696.103091912167,117.29541819999999,100.60886153846154,65.97012825289598,1.6441193604358453,61,64,,False,True,,230,56.69694568066818
17,2026-09-19T05:45:27.828+00:00,2026-09-19T05:45:56.389+00:00,2026-09-19T05:45:59.658+00:00,True,31,31.0,,31.0,28561.062497000003,31830.140001000003,31830.139859000003,1026.7787051290322,0.0,28561.062497000003,5110.817917249922,323.56467100000003,108.96925013333335,84.23764954514078,0.9739196874102997,61,64,,False,True,,148,56.69694568066818
18,2026-09-19T05:45:28.251+00:00,2026-09-19T05:45:59.662+00:00,2026-09-19T05:46:03.307+00:00,True,42,42.0,,42.0,31411.096425,35055.641961,35055.642116,834.6581456190476,0.0,31411.096425,4833.251034267694,114.1850216,88.89135453658535,35.870596927385144,1.198095303652568,61,64,,False,True,,219,56.69694568066818
19,2026-09-19T05:45:28.771+00:00,2026-09-19T05:46:01.707+00:00,2026-09-19T05:46:08.657+00:00,True,70,70.0,,70.0,32936.273402,39885.627898,39885.627823999996,569.7946832,0.0,32936.273402,3925.682934750677,116.33453945000001,100.71528255072464,92.8847786037752,1.7550181278081383,61,64,,False,True,,232,56.69694568066818
20,2026-09-19T05:45:29.121+00:00,2026-09-19T05:46:03.785+00:00,2026-09-19T05:46:07.757+00:00,True,41,41.0,,41.0,34663.980018,38636.285938,38636.285985,942.3484386585367,0.0,34663.980018,5399.300338974391,529.217728,99.307648,115.53872770563399,1.0611786046358875,61,64,,False,True,,143,56.69694568066818
21,2026-09-19T05:45:29.591+00:00,2026-09-19T05:46:06.726+00:00,2026-09-19T05:46:16.035+00:00,True,97,97.0,,97.0,37134.364862999995,46443.523006999996,46443.523006999996,478.7992062577319,0.0,37134.364862999995,3761.5993968383136,111.42927900000001,96.97039733333332,88.12895780327835,2.088558182491455,61,64,,False,True,,379,56.69694568066818
22,2026-09-19T05:45:30.099+00:00,2026-09-19T05:46:08.853+00:00,2026-09-19T05:46:10.068+00:00,True,13,13.0,,13.0,38754.168880000005,39969.15640000001,39969.156440000006,3074.5504953846157,96.145296,38754.168880000005,10720.391684950366,15565.438913200001,101.24896,3.598858355214735,0.32525079763755027,61,64,,False,True,,52,56.69694568066818
23,2026-09-19T05:45:30.579+00:00,2026-09-19T05:46:11.149+00:00,2026-09-19T05:46:20.399+00:00,True,93,93.0,,93.0,40569.393702,49820.042534,49820.042633000005,535.6993831505376,0.0,40569.393702,4197.54094005722,113.34650760000001,100.5505307826087,97.37757728355076,1.8667185989761361,61,64,,False,True,,373,56.69694568066818
24,2026-09-19T05:45:30.937+00:00,2026-09-19T05:46:13.274+00:00,2026-09-19T05:46:20.903+00:00,True,79,79.0,,79.0,42337.687212,49966.337708,49966.337611999996,632.4852862278481,0.0,42337.687212,4752.916270566753,112.5773419,97.80321148717948,73.30140731545269,1.581064445060409,61,64,,False,True,,287,56.69694568066818
25,2026-09-19T05:45:31.308+00:00,2026-09-19T05:46:15.058+00:00,2026-09-19T05:46:21.005+00:00,True,61,61.0,,61.0,43749.628563,49697.043347,49697.043519,814.7056314590163,0.0,43749.628563,5589.502158961257,114.22160400000001,99.12357973333333,84.47201320599642,1.2274372053500102,61,64,,False,True,,242,56.69694568066818
26,2026-09-19T05:45:31.623+00:00,2026-09-19T05:46:16.860+00:00,2026-09-19T05:46:20.907+00:00,True,41,41.0,,41.0,45236.915479,49283.368727,49283.368713,1202.0333832439026,0.0,45236.915479,7049.717462175364,114.99109200000001,101.1613312,100.388941662065,0.8319236500880277,61,64,,False,True,,163,56.69694568066818
27,2026-09-19T05:45:31.960+00:00,2026-09-19T05:46:18.703+00:00,2026-09-19T05:46:27.146+00:00,True,83,83.0,,83.0,46743.085060000005,55185.425668,55185.4256,664.8846457831326,0.0,46743.085060000005,5120.839783232591,119.8012903,102.95537326829267,121.34858964954164,1.5040202915047667,61,64,,False,True,,167,56.69694568066818
28,2026-09-19T05:45:32.340+00:00,2026-09-19T05:46:21.010+00:00,2026-09-19T05:46:28.073+00:00,True,70,70.0,,70.0,48669.935891999994,55732.91061199999,55732.91067999999,796.1844382857142,0.016399999999999998,48669.935891999994,5806.064716587712,116.5230994,102.3619524637681,115.34943855207311,1.2559903875705376,61,64,,False,True,,323,56.69694568066818
29,2026-09-19T05:45:32.851+00:00,2026-09-19T05:46:24.017+00:00,2026-09-19T05:46:28.487+00:00,True,43,43.0,,43.0,51165.929869,55635.671948999996,55635.671911,1293.8528351395348,45.619703,51165.929869,7786.509649657315,117.30462109999999,106.42243047619048,11.128621791126184,0.7728854257286073,61,64,,False,True,,191,56.69694568066818
30,2026-09-19T05:45:33.375+00:00,2026-09-19T05:46:26.823+00:00,2026-09-19T05:46:33.241+00:00,True,64,64.0,,64.0,53447.913704000006,59865.33988000001,59865.339789000005,935.3959342031251,0.0,53447.913704000006,6668.962064086432,114.62447444999998,101.86390755555556,97.80477338635555,1.0690660092849704,61,64,,False,True,,350,56.69694568066818
31,2026-09-19T05:45:33.785+00:00,2026-09-19T05:46:29.403+00:00,2026-09-19T05:46:37.781+00:00,True,89,89.0,,89.0,55617.078699,63995.68273099999,63995.682704,719.0526146516854,0.0,55617.078699,5885.8512393438905,113.6569456,95.21140945454545,80.56017291995592,1.3907188141753775,61,64,,False,True,,357,56.69694568066818
32,2026-09-19T05:45:34.104+00:00,2026-09-19T05:46:30.770+00:00,2026-09-19T05:46:32.108+00:00,True,14,14.0,,14.0,56665.909523999995,58003.474451999995,58003.474584999996,4143.1053274999995,45.543682999999994,56665.909523999995,15117.112633946572,19907.21174235,102.88960984615385,17.813505932280233,0.24136485154153162,61,64,,False,True,,65,56.69694568066818
33,2026-09-19T05:45:34.559+00:00,2026-09-19T05:46:33.336+00:00,2026-09-19T05:46:42.275+00:00,True,90,90.0,,90.0,58776.769334,67716.601142,67716.601163,752.4066795888889,0.0,58776.769334,6186.157871978598,113.25022234999999,100.44754840449437,118.93015080673081,1.329068477776554,61,64,,False,True,,316,56.69694568066818
34,2026-09-19T05:45:34.861+00:00,2026-09-19T05:46:34.928+00:00,2026-09-19T05:46:36.978+00:00,True,21,21.0,,21.0,60066.985733,62117.302533,62117.302543,2957.966787761905,45.507854,60066.985733,13085.327776970902,113.652953,102.51584,14.533964334143054,0.3380700568709288,61,64,,False,True,,28,56.69694568066818
35,2026-09-19T05:45:35.364+00:00,2026-09-19T05:46:37.792+00:00,2026-09-19T05:46:38.153+00:00,True,6,6.0,,6.0,62427.839556,62789.268804,62789.268779,10464.878129833332,0.02668,62427.839556,25456.57836153568,46846.84632124999,72.28584959999999,43.809749696298205,0.09555773007533047,61,64,,False,True,,32,56.69694568066818
36,2026-09-19T05:45:35.837+00:00,2026-09-19T05:46:40.337+00:00,2026-09-19T05:46:44.030+00:00,True,39,39.0,,39.0,64499.755869,68193.512797,68193.512994,1748.5516152307694,45.788713,64499.755869,10312.683472432203,112.2385289,97.20412968421053,21.47087953855885,0.5719019068000807,61,64,,False,True,,146,56.69694568066818
37,2026-09-19T05:45:36.178+00:00,2026-09-19T05:46:42.120+00:00,2026-09-19T05:46:44.239+00:00,True,23,23.0,,23.0,65942.22359000001,68061.11127000001,68061.11124900001,2959.178749956522,44.442885000000004,65942.22359000001,13729.842476015241,114.11932300000001,96.31307636363636,24.594519805668543,0.33793159663171624,61,64,,False,True,,71,56.69694568066818
38,2026-09-19T05:45:36.473+00:00,2026-09-19T05:46:43.767+00:00,2026-09-19T05:46:46.935+00:00,True,33,33.0,,33.0,67293.73933499999,70461.83840699999,70461.83838199999,2135.2072236969693,47.107579,67293.73933499999,11697.112463756028,111.1150752,99.003096,15.760997230662262,0.46833861769808205,61,64,,False,True,,152,56.69694568066818
39,2026-09-19T05:45:36.790+00:00,2026-09-19T05:46:45.072+00:00,2026-09-19T05:46:53.966+00:00,True,92,92.0,,92.0,68282.072661,77176.108117,77176.108074,838.8707399347826,0.0,68282.072661,7109.488517980076,111.55907149999999,97.73665336263736,105.89905372759155,1.1920787695140935,61,64,,False,True,,450,56.69694568066818
40,2026-09-19T05:45:37.287+00:00,2026-09-19T05:46:47.563+00:00,2026-09-19T05:46:49.337+00:00,True,19,19.0,,19.0,70275.541616,72049.597552,72049.597464,3792.0840770526315,50.003983,70275.541616,16099.70893018106,7125.227711,98.5586631111111,12.904129840656973,0.2637072328722894,61,64,,False,True,,78,56.69694568066818
41,2026-09-19T05:45:37.793+00:00,2026-09-19T05:46:51.341+00:00,2026-09-19T05:46:58.458+00:00,True,79,79.0,,79.0,73547.71982099999,80664.657549,80664.65760399999,1021.0716152405063,0.0,73547.71982099999,8265.021733457574,113.70619710000001,91.24279138461539,93.52437750732904,0.9793632354046902,61,64,,False,True,,279,56.69694568066818
42,2026-09-19T05:45:38.237+00:00,2026-09-19T05:46:52.904+00:00,2026-09-19T05:47:02.050+00:00,True,92,92.0,,92.0,74667.071928,83813.00703200001,83813.007021,911.0109458804349,0.01825,74667.071928,7774.478092437042,113.90323004999999,100.50478136263736,76.89104256510281,1.0976816517855539,61,64,,False,True,,407,56.69694568066818
43,2026-09-19T05:45:38.682+00:00,2026-09-19T05:46:55.707+00:00,2026-09-19T05:46:59.806+00:00,True,44,44.0,,44.0,77024.974478,81123.78996600001,81123.789932,1843.7224984545455,0.02151,77024.974478,11597.615313395258,115.36766250000001,95.32129041860466,28.301141238734218,0.5423809713333283,61,64,,False,True,,152,56.69694568066818
44,2026-09-19T05:45:39.197+00:00,2026-09-19T05:46:58.246+00:00,2026-09-19T05:47:07.382+00:00,True,94,94.0,,94.0,79048.691672,88184.997848,88184.997909,938.1382756276596,0.0,79048.691672,8143.993030890364,114.46341715,98.23985135483872,120.07283906305125,1.0659409456699542,61,64,,False,True,,379,56.69694568066818
45,2026-09-19T05:45:39.705+00:00,2026-09-19T05:47:01.621+00:00,2026-09-19T05:47:10.920+00:00,True,96,96.0,,96.0,81915.160699,91214.272891,91214.272973,950.1486768020833,0.0,81915.160699,8351.276783657031,113.52721625,97.88539149473684,118.79688661689028,1.0524668668325503,61,64,,False,True,,378,56.69694568066818
46,2026-09-19T05:45:40.011+00:00,2026-09-19T05:47:03.249+00:00,2026-09-19T05:47:05.100+00:00,True,21,21.0,,21.0,83237.887521,85088.361249,85088.36131,4051.8267290476188,0.0,83237.887521,18145.612128956807,1192.6668319999999,92.5236864,262.67409025734156,0.24680226169295047,61,64,,False,True,,94,56.69694568066818
47,2026-09-19T05:45:40.549+00:00,2026-09-19T05:47:06.233+00:00,2026-09-19T05:47:11.131+00:00,True,50,50.0,,50.0,85684.726394,90582.357882,90582.357963,1811.6471592599999,46.758021,85684.726394,12103.525233444065,112.44672775000001,99.95166302040816,15.967773809458903,0.5519838649501054,61,64,,False,True,,206,56.69694568066818
48,2026-09-19T05:45:40.968+00:00,2026-09-19T05:47:08.841+00:00,2026-09-19T05:47:15.299+00:00,True,67,67.0,,67.0,87873.46334199999,94331.34340599999,94331.34345999999,1407.9304994029849,42.955939,87873.46334199999,10723.510858272424,109.337764,97.84666763636363,16.52605105203414,0.7102623325487214,61,64,,False,True,,342,56.69694568066818
49,2026-09-19T05:45:41.431+00:00,2026-09-19T05:47:11.389+00:00,2026-09-19T05:47:20.428+00:00,True,94,94.0,,94.0,89958.627552,98997.563872,98997.563764,1053.165571957447,0.0,89958.627552,9270.208603090747,110.83107874999997,97.19286365591398,178.97704694212686,0.9495183146278058,61,64,,False,True,,437,56.69694568066818
50,2026-09-19T05:45:41.777+00:00,2026-09-19T05:47:13.394+00:00,2026-09-19T05:47:15.601+00:00,True,25,25.0,,25.0,91616.627756,93824.1475,93824.147627,3752.96590508,43.678707,91616.627756,18304.94346057093,113.27651800000001,91.97998933333332,23.05039916957129,0.266455924899291,61,64,,False,True,,81,56.69694568066818
51,2026-09-19T05:45:42.286+00:00,2026-09-19T05:47:16.302+00:00,2026-09-19T05:47:25.012+00:00,True,89,89.0,,89.0,94016.54132799999,102726.08603199999,102726.086063,1154.2256861011235,0.0,94016.54132799999,9956.681095185319,113.4228234,98.9720989090909,170.2231019729186,0.866381689771338,61,64,,False,True,,354,56.69694568066818
52,2026-09-19T05:45:42.598+00:00,2026-09-19T05:47:17.906+00:00,2026-09-19T05:47:20.400+00:00,True,26,26.0,,26.0,95307.07289499999,97801.244287,97801.244392,3761.5863227692303,0.0,95307.07289499999,18673.4139264499,1016.876511,99.76685568,259.0475808642297,0.26584528846793,61,64,,False,True,,117,56.69694568066818
53,2026-09-19T05:45:42.942+00:00,2026-09-19T05:47:20.408+00:00,2026-09-19T05:47:20.408+00:00,True,2,2.0,,2.0,97465.978963,97465.978963,97465.978963,48732.9894815,0.0,97465.978963,68918.85465972268,92592.68001484999,0.0,nan,0.020519980625847294,61,64,,False,True,,10,56.69694568066818
54,2026-09-19T05:45:43.319+00:00,2026-09-19T05:47:21.497+00:00,2026-09-19T05:47:29.809+00:00,True,85,85.0,,85.0,98178.406065,106489.589937,106489.58994600001,1252.818705247059,46.66524,98178.406065,10638.227235575016,112.6907538,98.94266514285715,18.43719383975643,0.7982000874478586,61,64,,False,True,,313,56.69694568066818
55,2026-09-19T05:45:43.746+00:00,2026-09-19T05:47:23.620+00:00,2026-09-19T05:47:24.254+00:00,True,8,8.0,,8.0,99873.95302,100508.13414,100508.134162,12563.51677025,52.489638,99873.95302,35278.751004257356,64956.690783850005,90.59730285714285,24.457800532383633,0.07959554784746699,61,64,,False,True,,21,56.69694568066818
56,2026-09-19T05:45:44.117+00:00,2026-09-19T05:47:26.034+00:00,2026-09-19T05:47:27.449+00:00,True,16,16.0,,16.0,101916.75343099999,103332.024855,103332.024811,6458.2515506875,48.852714999999996,101916.75343099999,25455.609711192803,25562.042636,94.35142826666666,22.41362559815422,0.15484067037737717,61,64,,True,True,,79,56.69694568066818
57,2026-09-19T05:45:44.582+00:00,2026-09-19T05:47:28.643+00:00,2026-09-19T05:47:35.095+00:00,True,67,67.0,,67.0,104061.19304299999,110512.96417899999,110512.96434499999,1649.4472290298506,44.189996,104061.19304299999,12701.167821741716,111.6561255,97.75410812121213,17.77833936903931,0.6062637130199385,61,64,,True,True,,273,56.69694568066818
58,2026-09-19T05:45:44.971+00:00,2026-09-19T05:47:30.679+00:00,2026-09-19T05:47:35.093+00:00,True,46,46.0,,46.0,105707.65319499999,110122.28180299999,110122.281555,2393.9626424999997,46.30941000000001,105707.65319499999,15571.288762516431,111.681529,98.10285795555556,17.910239168900343,0.41771746141521426,61,64,,True,True,,226,56.69694568066818
59,2026-09-19T05:45:45.395+00:00,2026-09-19T05:47:33.245+00:00,2026-09-19T05:47:35.043+00:00,True,19,19.0,,19.0,107850.224176,109647.93988800001,109647.94004300001,5770.944212789474,46.129621,107850.224176,24719.63259435713,10887.706271500001,99.8730951111111,18.767193155629155,0.17328186940317863,61,64,,True,True,,95,56.69694568066818
60,2026-09-19T05:45:45.732+00:00,2026-09-19T05:47:35.041+00:00,2026-09-19T05:47:44.384+00:00,True,96,96.0,,96.0,109308.959423,118652.54470299999,118652.54460899999,1235.9640063437498,48.256226000000005,109308.959423,11146.27606784682,110.87413025,98.3535292631579,18.553212466249555,0.8090850494635262,61,64,,True,True,,422,56.69694568066818
61,2026-09-19T05:45:46.234+00:00,2026-09-19T05:47:37.539+00:00,2026-09-19T05:47:44.279+00:00,True,70,70.0,,70.0,111305.439285,118045.537077,118045.536986,1686.3648140857142,45.754382,111305.439285,13291.884633783255,111.014588,97.68257669565217,20.377554024729843,0.592991499156293,61,64,,True,True,,321,56.69694568066818
62,2026-09-19T05:45:46.613+00:00,2026-09-19T05:47:39.481+00:00,2026-09-19T05:47:39.481+00:00,True,1,1.0,,1.0,112868.168414,112868.168414,112868.168414,112868.168414,112868.168414,112868.168414,nan,112868.168414,nan,nan,0.008859893928038275,61,64,,True,True,,3,56.69694568066818
63,2026-09-19T05:45:47.061+00:00,2026-09-19T05:47:42.288+00:00,2026-09-19T05:47:52.182+00:00,True,99,99.0,,99.0,115227.355092,125120.755924,125120.755901,1263.8460192020202,47.289288,115227.355092,11570.647693324352,111.95573399999999,100.95306971428572,14.454645713746094,0.7912356288842589,61,64,,True,True,,338,56.69694568066818
64,2026-09-19T05:45:47.417+00:00,2026-09-19T05:47:43.972+00:00,2026-09-19T05:47:50.805+00:00,True,70,70.0,,70.0,116555.203188,123387.98424399999,123387.98433,1762.6854904285715,44.845913,116555.203188,13919.186342204632,111.84072650000002,99.0258124057971,17.50604153511888,0.5673161809789748,61,64,,True,True,,303,56.69694568066818
65,2026-09-19T05:45:47.792+00:00,2026-09-19T05:47:45.946+00:00,2026-09-19T05:47:47.077+00:00,True,12,12.0,,12.0,118153.679813,119284.743365,119284.743364,9940.395280333332,94.588357,118153.679813,34078.34696601948,53230.1791688,102.82395927272727,4.443667876832856,0.10059962122130857,61,64,,True,True,,66,56.69694568066818
66,2026-09-19T05:45:48.270+00:00,2026-09-19T05:47:48.491+00:00,2026-09-19T05:47:53.299+00:00,True,49,49.0,,49.0,120221.40182799999,125028.66966799999,125028.66962199999,2551.6055024897955,49.751771999999995,120221.40182799999,17160.185286731245,113.1534288,100.15141333333332,15.27398474648574,0.3919101125375017,61,64,,True,True,,220,56.69694568066818
67,2026-09-19T05:45:48.601+00:00,2026-09-19T05:47:50.547+00:00,2026-09-19T05:47:53.400+00:00,True,29,29.0,,29.0,121945.85490800001,124799.12210800001,124799.12219400001,4303.418006689655,52.355066,121945.85490800001,22625.856503341245,113.4318246,101.9024,10.913635648428642,0.23237342947736178,61,64,,True,True,,107,56.69694568066818
68,2026-09-19T05:45:48.929+00:00,2026-09-19T05:47:52.477+00:00,2026-09-19T05:47:52.783+00:00,True,4,4.0,,4.0,123547.318259,123854.06513900001,123854.06505500001,30963.516263750003,100.800072,123547.318259,61722.53468986529,105030.9393266,102.24896,2.209526434459656,0.03229607357264249,61,64,,True,True,,14,56.69694568066818
69,2026-09-19T05:45:49.311+00:00,2026-09-19T05:47:53.904+00:00,2026-09-19T05:47:54.461+00:00,True,7,7.0,,7.0,124592.64104999999,125149.843738,125149.84377499999,17878.549110714284,47.911147,124592.64104999999,47056.495905735224,87247.69271459998,92.86711466666667,22.450320945588164,0.055932950381100216,61,64,,True,True,,45,56.69694568066818
70,2026-09-19T05:45:49.826+00:00,2026-09-19T05:47:56.296+00:00,2026-09-19T05:48:00.475+00:00,True,43,43.0,,43.0,126470.467413,130649.717845,130649.71780900001,3038.3655304418608,47.152028,126470.467413,19271.397671798586,111.38108340000001,99.50596266666668,16.287499096622447,0.3291243234908036,61,64,,True,True,,146,56.69694568066818
71,2026-09-19T05:45:50.305+00:00,2026-09-19T05:47:59.434+00:00,2026-09-19T05:48:04.170+00:00,True,49,49.0,,49.0,129129.284152,133865.336376,133865.336415,2731.9456411224487,46.47408,129129.284152,18432.952725293682,110.092932,98.66775466666667,16.83295739337339,0.36603949406565683,61,64,,True,True,,137,56.69694568066818
72,2026-09-19T05:45:50.675+00:00,2026-09-19T05:48:01.297+00:00,2026-09-19T05:48:09.099+00:00,True,80,80.0,,80.0,130622.138978,138423.33270600002,138423.332518,1730.291656475,46.081951000000004,130622.138978,14592.970541170773,112.87397405,98.74928769620253,18.787553934452408,0.5779372482666165,61,64,,True,True,,414,56.69694568066818
73,2026-09-19T05:45:51.114+00:00,2026-09-19T05:48:03.486+00:00,2026-09-19T05:48:06.771+00:00,True,35,35.0,,35.0,132372.433855,135657.41100700002,135657.411002,3875.9260286285717,45.946092,132372.433855,22358.703792441756,114.53655049999999,96.61697505882353,21.363013936448823,0.2580028598525589,61,64,,True,True,,175,56.69694568066818
74,2026-09-19T05:45:51.451+00:00,2026-09-19T05:48:05.122+00:00,2026-09-19T05:48:05.924+00:00,True,10,10.0,,10.0,133670.96456999998,134473.85685799998,134473.857015,13447.385701499998,48.097055999999995,133670.96456999998,42242.268447148956,73570.11806939999,89.21025422222222,28.76360646875333,0.07436389669822346,61,64,,True,True,,55,56.69694568066818
75,2026-09-19T05:45:52.224+00:00,2026-09-19T05:48:08.412+00:00,2026-09-19T05:48:16.578+00:00,True,82,82.0,,82.0,136188.259936,144354.503264,144354.503111,1760.4207696463413,43.939646,136188.259936,15028.351773195307,111.61092105000002,100.81781886419753,15.46643182220154,0.5680460127387634,61,64,,True,True,,392,56.69694568066818
76,2026-09-19T05:45:52.425+00:00,2026-09-19T05:48:10.785+00:00,2026-09-19T05:48:18.714+00:00,True,80,80.0,,80.0,138359.74450600002,146289.42540200002,146289.425198,1828.617814975,47.705827,138359.74450600002,15457.87540471047,112.21963745000001,100.37570754430381,15.872972286721685,0.5468611267025064,61,64,,True,True,,298,56.69694568066818
77,2026-09-19T05:45:52.819+00:00,2026-09-19T05:48:12.570+00:00,2026-09-19T05:48:21.961+00:00,True,94,94.0,,94.0,139751.150428,149141.92188399998,149141.922012,1586.6161916170213,43.770516,139751.150428,14403.824004193293,111.62363815,100.97603716129032,15.559224115565153,0.630272151602764,61,64,,True,True,,432,56.69694568066818
78,2026-09-19T05:45:53.239+00:00,2026-09-19T05:48:15.224+00:00,2026-09-19T05:48:19.356+00:00,True,42,42.0,,42.0,141984.94141200001,146116.98672400002,146116.98675900002,3478.975875214286,42.860048,141984.94141200001,21893.208084828337,112.09763255,100.78159297560975,17.62107376120547,0.28744091252944937,61,64,,True,True,,190,56.69694568066818
79,2026-09-19T05:45:53.774+00:00,2026-09-19T05:48:18.289+00:00,2026-09-19T05:48:27.207+00:00,True,92,92.0,,92.0,144514.595215,153432.325775,153432.325757,1667.7426712717393,43.291517999999996,144514.595215,15056.482795206177,111.13590445000001,97.99703912087911,18.810223067793082,0.5996128881922372,61,64,,True,True,,397,56.69694568066818
80,2026-09-19T05:45:54.269+00:00,2026-09-19T05:48:21.137+00:00,2026-09-19T05:48:29.160+00:00,True,84,84.0,,84.0,146867.726136,154891.161656,154891.161549,1843.9423993928574,43.337938,146867.726136,16014.048429738708,111.650737,96.6678978313253,20.601086480786233,0.542316289076305,61,64,,True,True,,309,56.69694568066818
81,2026-09-19T05:45:54.724+00:00,2026-09-19T05:48:23.317+00:00,2026-09-19T05:48:24.302+00:00,True,12,12.0,,12.0,148592.71016100002,149578.03240100003,149578.032536,12464.836044666668,47.140198,148592.71016100002,42869.16989040488,66928.23586575002,89.5747490909091,26.223008664799096,0.08022568426244235,61,64,,True,True,,49,56.69694568066818
82,2026-09-19T05:45:55.043+00:00,2026-09-19T05:48:25.345+00:00,2026-09-19T05:48:31.814+00:00,True,66,66.0,,66.0,150302.207426,156770.738114,156770.73803900002,2375.3142127121214,48.547574999999995,150302.207426,18488.68130215793,114.14848875,99.51585673846154,17.38478887595899,0.42099693344561756,61,64,,True,True,,229,56.69694568066818
83,2026-09-19T05:45:55.439+00:00,2026-09-19T05:48:27.205+00:00,2026-09-19T05:48:27.740+00:00,True,6,6.0,,6.0,151765.87937900002,152300.04565100002,152300.045798,25383.340966333337,100.819632,151765.87937900002,61914.546652631834,113853.75846750001,106.8332544,7.369662582674787,0.0393959172786407,61,64,,True,True,,19,56.69694568066818
84,2026-09-19T05:45:55.941+00:00,2026-09-19T05:48:30.042+00:00,2026-09-19T05:48:38.043+00:00,True,81,81.0,,81.0,154101.038861,162102.087693,162102.087741,2001.2603424814815,49.121595,154101.038861,17111.233981772308,112.54862499999999,100.0131104,17.56077110921327,0.4996851129604408,61,64,,True,True,,241,56.69694568066818
85,2026-09-19T05:45:56.380+00:00,2026-09-19T05:48:32.129+00:00,2026-09-19T05:48:33.732+00:00,True,16,16.0,,16.0,155749.223139,157351.764707,157351.764887,9834.4853054375,100.53776300000001,155749.223139,38910.59702834301,39023.431734000005,106.83610453333333,4.768647906329572,0.10168300323668514,61,64,,True,True,,66,56.69694568066818
86,2026-09-19T05:45:56.677+00:00,2026-09-19T05:48:33.832+00:00,2026-09-19T05:48:42.278+00:00,True,84,84.0,,84.0,157154.906812,165601.079996,165601.080113,1971.4414299166667,46.80838,157154.906812,17135.911476617202,113.66329664999999,101.76112269879519,17.093763981172014,0.5072430687168766,61,64,,True,True,,397,56.69694568066818
87,2026-09-19T05:45:57.212+00:00,2026-09-19T05:48:36.909+00:00,2026-09-19T05:48:42.590+00:00,True,56,56.0,,56.0,159696.391633,165377.15681699998,165377.156658,2953.16351175,50.301421000000005,159696.391633,21326.530814007267,115.03812975000001,103.2866397090909,14.874698785255308,0.3386199223509898,61,64,,True,True,,112,56.69694568066818
88,2026-09-19T05:45:57.685+00:00,2026-09-19T05:48:39.614+00:00,2026-09-19T05:48:41.112+00:00,True,15,15.0,,15.0,161929.377018,163427.652602,163427.652694,10895.176846266666,98.519959,161929.377018,41782.35325431752,48658.6907508,107.01968457142857,4.80223461936714,0.0917837328088529,61,64,,True,True,,60,56.69694568066818
89,2026-09-19T05:45:58.075+00:00,2026-09-19T05:48:41.534+00:00,2026-09-19T05:48:48.549+00:00,True,72,72.0,,72.0,163459.14622099997,170473.84548499997,170473.84532799997,2367.692296222222,43.568208,163459.14622099997,19252.20928462551,112.56346004999999,98.79858118309859,17.324940548411643,0.4223521783952207,61,64,,True,True,,403,56.69694568066818
90,2026-09-19T05:45:58.410+00:00,2026-09-19T05:48:43.208+00:00,2026-09-19T05:48:51.365+00:00,True,84,84.0,,84.0,164798.240123,172954.963323,172954.963363,2058.9876590833333,43.151618,164798.240123,17970.247939084213,109.73300649999999,98.27377349397591,17.428540122256017,0.4856755677090734,61,64,,True,True,,279,56.69694568066818
91,2026-09-19T05:45:58.821+00:00,2026-09-19T05:48:45.579+00:00,2026-09-19T05:48:49.528+00:00,True,42,42.0,,42.0,166758.111974,170707.497958,170707.498082,4064.464240047619,46.607589999999995,166758.111974,25716.47910227923,110.4423621,96.32648741463416,19.60611402812438,0.24603488717486482,61,64,,True,True,,197,56.69694568066818
92,2026-09-19T05:45:59.249+00:00,2026-09-19T05:48:48.127+00:00,2026-09-19T05:48:48.751+00:00,True,7,7.0,,7.0,168878.125026,169502.446818,169502.44692699998,24214.635275285713,96.130013,168878.125026,63790.603154459626,118247.9596002,104.053632,5.660230171469142,0.04129733895532561,61,64,,True,True,,24,56.69694568066818
93,2026-09-19T05:45:59.668+00:00,2026-09-19T05:48:50.062+00:00,2026-09-19T05:48:56.396+00:00,True,64,64.0,,64.0,170393.721921,176728.062785,176728.06279899998,2761.3759812343746,48.717036,170393.721921,21286.652390176354,111.280052,100.54509307936507,15.12291837796152,0.36213829875937553,61,64,,True,True,,257,56.69694568066818
94,2026-09-19T05:46:00.021+00:00,2026-09-19T05:48:51.997+00:00,2026-09-19T05:48:59.711+00:00,True,78,78.0,,78.0,171975.307862,179689.63003799997,179689.630053,2303.7132058076922,46.511129999999994,171975.307862,19461.03212499155,111.70992935,100.18600228571428,16.378680971354072,0.4340818108619006,61,64,,True,True,,371,56.69694568066818
95,2026-09-19T05:46:00.459+00:00,2026-09-19T05:48:54.362+00:00,2026-09-19T05:49:03.888+00:00,True,97,97.0,,97.0,173902.929817,183429.15932099998,183429.159306,1891.022260886598,45.001924,173902.929817,17647.100284500135,111.5553094,99.23155733333333,17.342768496045665,0.5288145045153402,61,64,,True,True,,353,56.69694568066818
96,2026-09-19T05:46:00.855+00:00,2026-09-19T05:48:56.184+00:00,2026-09-19T05:48:56.184+00:00,True,1,1.0,,1.0,175328.94454300002,175328.94454300002,175328.94454300002,175328.94454300002,175328.94454300002,175328.94454300002,nan,175328.94454300002,nan,nan,0.005703564819867758,61,64,,True,True,,3,56.69694568066818
97,2026-09-19T05:46:01.321+00:00,2026-09-19T05:48:58.990+00:00,2026-09-19T05:49:08.954+00:00,True,100,100.0,,100.0,177669.066986,187632.926954,187632.926894,1876.32926894,44.680235,177669.066986,17756.85013027998,112.4660474,100.64505018181819,16.874125041763424,0.5329554978616091,61,64,,True,True,,250,56.69694568066818
98,2026-09-19T05:46:01.657+00:00,2026-09-19T05:49:00.433+00:00,2026-09-19T05:49:07.343+00:00,True,70,70.0,,70.0,178775.934224,185686.432784,185686.432847,2652.6633263857143,48.736095999999996,178775.934224,21355.847256678808,112.58013935,100.15215304347826,16.918119653499748,0.37697961531431645,61,64,,True,True,,310,56.69694568066818
99,2026-09-19T05:46:02.181+00:00,2026-09-19T05:49:03.885+00:00,2026-09-19T05:49:03.885+00:00,True,1,1.0,,1.0,181703.965525,181703.965525,181703.965525,181703.965525,181703.965525,181703.965525,nan,181703.965525,nan,nan,0.005503457214655084,61,64,,True,True,,4,56.69694568066818
100,2026-09-19T05:46:02.658+00:00,2026-09-19T05:49:06.643+00:00,2026-09-19T05:49:11.841+00:00,True,53,53.0,,53.0,183984.753587,189182.473907,189182.47384700002,3569.480638622642,44.112396000000004,183984.753587,25258.527684184668,115.43050480000002,99.95616,20.561306197845838,0.2801528011841848,61,64,,True,True,,169,56.69694568066818
101,2026-09-19T05:46:02.961+00:00,2026-09-19T05:49:08.040+00:00,2026-09-19T05:49:12.149+00:00,True,42,42.0,,42.0,185078.968095,189187.27094299998,189187.27083,4504.458829285714,49.306973,185078.968095,28542.84916001664,113.03518755,100.20250848780488,18.670968048070698,0.22200225094770848,61,64,,True,True,,136,56.69694568066818
102,2026-09-19T05:46:03.316+00:00,2026-09-19T05:49:10.031+00:00,2026-09-19T05:49:12.975+00:00,True,30,30.0,,30.0,186714.618418,189658.970418,189658.97056,6321.965685333334,51.797658000000006,186714.618418,34070.73570592754,112.70254885,101.52937931034484,14.329473555520337,0.1581786505214139,61,64,,True,True,,118,56.69694568066818
103,2026-09-19T05:46:03.701+00:00,2026-09-19T05:49:12.048+00:00,2026-09-19T05:49:17.926+00:00,True,59,59.0,,59.0,188346.63676,194224.40443999998,194224.404391,3291.939057474576,47.817658,188346.63676,24507.455721136223,113.9410716,101.34082206896552,16.780143636629127,0.30377233061989567,61,64,,True,True,,253,56.69694568066818
104,2026-09-19T05:46:04.020+00:00,2026-09-19T05:49:13.496+00:00,2026-09-19T05:49:23.313+00:00,True,100,100.0,,100.0,189475.372046,199292.648462,199292.64844,1992.9264844,46.35808,189475.372046,18937.62941174373,111.79247249999999,99.16440824242424,18.190237028326244,0.5017746553710305,61,64,,True,True,,354,56.69694568066818
105,2026-09-19T05:46:04.423+00:00,2026-09-19T05:49:16.004+00:00,2026-09-19T05:49:19.970+00:00,True,42,42.0,,42.0,191580.567414,195546.811254,195546.811193,4655.876456976191,45.203714,191580.567414,29546.60454435549,115.3454217,96.73765463414635,22.21645205433083,0.2147823313029906,61,64,,True,True,,155,56.69694568066818
106,2026-09-19T05:46:04.849+00:00,2026-09-19T05:49:18.242+00:00,2026-09-19T05:49:22.361+00:00,True,43,43.0,,43.0,193392.717941,197511.385717,197511.385742,4593.288040511628,49.241154,193392.717941,29477.16369322927,112.73983770000001,98.06351847619048,17.790784183144925,0.21770896823948996,61,64,,True,True,,169,56.69694568066818
107,2026-09-19T05:46:05.144+00:00,2026-09-19T05:49:19.663+00:00,2026-09-19T05:49:26.362+00:00,True,66,66.0,,66.0,194519.00377500002,201217.56403100002,201217.56397500003,3048.750969318182,49.884623,194519.00377500002,23930.952053317364,113.35690574999998,103.05477316923077,12.11696805539112,0.3280031756563353,61,64,,True,True,,269,56.69694568066818
108,2026-09-19T05:46:05.460+00:00,2026-09-19T05:49:21.644+00:00,2026-09-19T05:49:24.063+00:00,True,25,25.0,,25.0,196183.91823100002,198603.57186300002,198603.571907,7944.142876280001,48.828875,196183.91823100002,39216.623039152284,110.616694,100.81890133333333,16.11640336577393,0.12587890421852738,61,64,,True,True,,85,56.69694568066818
109,2026-09-19T05:46:05.968+00:00,2026-09-19T05:49:24.586+00:00,2026-09-19T05:49:33.090+00:00,True,83,83.0,,83.0,198618.605091,207122.224931,207122.224945,2495.448493313253,47.829668,198618.605091,21789.845696691038,113.6079432,103.70268097560975,13.832137093906667,0.4007295693528318,61,64,,True,True,,484,56.69694568066818
110,2026-09-19T05:46:06.305+00:00,2026-09-19T05:49:26.359+00:00,2026-09-19T05:49:34.925+00:00,True,83,83.0,,83.0,200053.67181600002,208619.67168800003,208619.671673,2513.4900201566265,45.655012,200053.67181600002,21947.280745819782,113.42464710000002,104.46341307317074,13.07965078595113,0.3978531809988186,61,64,,True,True,,351,56.69694568066818
111,2026-09-19T05:46:06.830+00:00,2026-09-19T05:49:29.310+00:00,2026-09-19T05:49:34.605+00:00,True,52,52.0,,52.0,202480.422986,207775.742282,207775.742218,3995.687350346154,48.975144,202480.422986,28064.588062884,112.89023800000001,103.82979011764705,15.271221782405302,0.250269831448485,61,64,,True,True,,238,56.69694568066818
112,2026-09-19T05:46:07.360+00:00,2026-09-19T05:49:31.459+00:00,2026-09-19T05:49:35.038+00:00,True,35,35.0,,35.0,204099.829143,207677.989527,207677.989745,5933.656849857143,46.292641,204099.829143,34481.38183800444,115.7802212,105.24001129411765,14.229796711181981,0.1685301368706176,61,64,,True,True,,105,56.69694568066818
113,2026-09-19T05:46:07.649+00:00,2026-09-19T05:49:34.172+00:00,2026-09-19T05:49:34.712+00:00,True,6,6.0,,6.0,206522.849306,207062.855706,207062.85582599998,34510.475971,103.36901700000001,206522.849306,84268.50889851463,154920.2364435,108.00128,3.984000125429717,0.028976708447019356,61,64,,True,True,,16,56.69694568066818
114,2026-09-19T05:46:07.989+00:00,2026-09-19T05:49:36.234+00:00,2026-09-19T05:49:43.738+00:00,True,78,78.0,,78.0,208245.19476800002,215748.67176000003,215748.671776,2766.0086125128205,43.641236,208245.19476800002,23568.099066413877,111.96904215,97.44775314285715,19.177450250526444,0.36153177381674734,61,64,,True,True,,283,56.69694568066818
115,2026-09-19T05:46:08.347+00:00,2026-09-19T05:49:38.472+00:00,2026-09-19T05:49:44.264+00:00,True,60,60.0,,60.0,210125.255623,215917.153991,215917.153906,3598.619231766667,48.349158,210125.255623,27114.386090746953,111.26932099999998,98.16776894915255,17.638971415954185,0.27788435930616684,61,64,,True,True,,293,56.69694568066818
116,2026-09-19T05:46:08.880+00:00,2026-09-19T05:49:41.147+00:00,2026-09-19T05:49:48.423+00:00,True,76,76.0,,76.0,212267.79649500002,219543.37076700001,219543.37074200003,2888.728562394737,47.74803,212267.79649500002,24337.666924315898,111.68076549999999,97.00765695999999,20.24827118589617,0.3461730578996089,61,64,,True,True,,317,56.69694568066818
117,2026-09-19T05:46:09.340+00:00,2026-09-19T05:49:43.842+00:00,2026-09-19T05:49:45.314+00:00,True,16,16.0,,16.0,214501.830552,215973.661336,215973.661254,13498.353828375,47.49889,214501.830552,53600.93055510203,53708.69729925,98.12205226666667,19.845065338439635,0.07408310763926013,61,64,,True,True,,68,56.69694568066818
118,2026-09-19T05:46:09.677+00:00,2026-09-19T05:49:45.208+00:00,2026-09-19T05:49:48.066+00:00,True,31,31.0,,31.0,215530.73219299997,218388.85468899997,218388.85450099997,7044.8017580967735,48.987998,215530.73219299997,38693.35727339217,113.00745500000001,95.27074986666666,22.193188800194356,0.14194863581360884,61,64,,True,True,,135,56.69694568066818
119,2026-09-19T05:46:10.054+00:00,2026-09-19T05:49:47.071+00:00,2026-09-19T05:49:52.427+00:00,True,57,57.0,,57.0,217017.225281,222372.34182499998,222372.34177,3901.269153859649,43.25908999999999,217017.225281,28731.973873118623,112.989058,95.62708114285715,19.19419770350176,0.25632684142372886,61,64,,True,True,,263,56.69694568066818
120,2026-09-19T05:46:10.388+00:00,2026-09-19T05:49:48.945+00:00,2026-09-19T05:49:53.862+00:00,True,52,52.0,,52.0,218557.060173,223473.483341,223473.483513,4297.566990634616,47.553239999999995,218557.060173,30295.047228069798,110.18575859999999,96.4004542745098,16.72315694257299,0.23268979935598344,61,64,,True,True,,252,56.69694568066818
121,2026-09-19T05:46:10.710+00:00,2026-09-19T05:49:50.440+00:00,2026-09-19T05:49:50.842+00:00,True,5,5.0,,5.0,219730.25562,220132.30618,220132.30621500002,44026.461243000005,95.30678200000001,219730.25562,98221.40708430893,175804.979408,100.51264,3.669356848544805,0.022713612948349116,61,64,,True,True,,15,56.69694568066818
122,2026-09-19T05:46:11.159+00:00,2026-09-19T05:49:52.734+00:00,2026-09-19T05:49:54.165+00:00,True,16,16.0,,16.0,221575.39788499998,223005.84678099997,223005.84691199998,13937.865431999999,50.060615,221575.39788499998,55370.011417548114,55477.6993145,95.36325973333334,18.10743515680571,0.0717469978072485,61,64,,True,True,,74,56.69694568066818
123,2026-09-19T05:46:11.512+00:00,2026-09-19T05:49:55.014+00:00,2026-09-19T05:49:56.283+00:00,True,13,13.0,,13.0,223502.364638,224771.444446,224771.444236,17290.11109507692,99.92139999999999,223502.364638,61959.07125436211,89467.827173,105.75665066666667,3.7889024134889064,0.057836528265596356,61,64,,True,True,,51,56.69694568066818
124,2026-09-19T05:46:11.959+00:00,2026-09-19T05:49:57.136+00:00,2026-09-19T05:50:01.849+00:00,True,49,49.0,,49.0,225177.462455,229889.783479,229889.783604,4691.6282368163265,46.043193,225177.462455,32154.190375881964,113.5635524,98.17335466666667,20.21009369789302,0.21314561812389568,61,64,,True,True,,160,56.69694568066818
125,2026-09-19T05:46:12.469+00:00,2026-09-19T05:50:00.294+00:00,2026-09-19T05:50:00.720+00:00,True,5,5.0,,5.0,227825.72008,228251.095312,228251.095291,45650.2190582,94.70720299999999,227825.72008,101839.20138447858,182283.7826586,106.343808,9.812083312200727,0.0219056999186156,61,64,,True,True,,19,56.69694568066818
126,2026-09-19T05:46:12.994+00:00,2026-09-19T05:50:03.283+00:00,2026-09-19T05:50:11.930+00:00,True,91,91.0,,91.0,230288.742683,238935.598619,238935.598694,2625.665919714286,44.492008,230288.742683,24130.755425068644,111.470654,96.07617706666666,18.801056773860306,0.3808557641722783,61,64,,True,True,,421,56.69694568066818
127,2026-09-19T05:46:13.420+00:00,2026-09-19T05:50:05.550+00:00,2026-09-19T05:50:15.110+00:00,True,99,99.0,,99.0,232129.664786,241689.988882,241689.98893400002,2441.3130195353538,45.841644,232129.664786,23320.112719156117,112.69605390000001,97.55432751020408,19.63611818035602,0.409615642161888,61,64,,True,True,,441,56.69694568066818
128,2026-09-19T05:46:13.926+00:00,2026-09-19T05:50:09.195+00:00,2026-09-19T05:50:14.416+00:00,True,52,52.0,,52.0,235268.898841,240490.12328899998,240490.12328,4624.810063076923,52.185569,235268.898841,32611.73177033294,114.23342199999999,102.37694996078432,13.674366661298606,0.21622509601989331,61,64,,True,True,,229,56.69694568066818
129,2026-09-19T05:46:14.399+00:00,2026-09-19T05:50:11.187+00:00,2026-09-19T05:50:11.510+00:00,True,4,4.0,,4.0,236787.349987,237110.682851,237110.682973,59277.67074325,104.032371,236787.349987,118339.78621022444,201286.07518075,107.77762133333333,4.11623076127728,0.016869758679382636,61,64,,True,True,,14,56.69694568066818
130,2026-09-19T05:46:14.771+00:00,2026-09-19T05:50:13.326+00:00,2026-09-19T05:50:14.411+00:00,True,11,11.0,,11.0,238554.39706,239639.832452,239639.832501,21785.439318272725,101.094257,238554.39706,71894.12997431653,119333.208756,108.5435392,3.3855386461216606,0.045902218706496994,61,64,,True,True,,29,56.69694568066818
131,2026-09-19T05:46:15.254+00:00,2026-09-19T05:50:16.027+00:00,2026-09-19T05:50:19.730+00:00,True,40,40.0,,40.0,240773.482493,244475.851773,244475.85164799998,6111.8962912,46.996032,240773.482493,38054.62673131078,112.26740039999999,94.93254564102564,22.777245941439467,0.16361534159676713,61,64,,True,True,,182,56.69694568066818
132,2026-09-19T05:46:15.626+00:00,2026-09-19T05:50:18.625+00:00,2026-09-19T05:50:20.351+00:00,True,19,19.0,,19.0,242998.983489,244725.198401,244725.198325,12880.273596052632,45.705425000000005,242998.983489,55725.79351450279,24402.285380100002,95.90082844444444,23.160483944373585,0.07763810234558323,61,64,,True,True,,86,56.69694568066818
133,2026-09-19T05:46:16.118+00:00,2026-09-19T05:50:20.818+00:00,2026-09-19T05:50:29.043+00:00,True,86,86.0,,86.0,244700.21645500002,252925.155463,252925.155578,2940.9901811395353,43.890099,244700.21645500002,26376.274372920016,110.6499375,96.76398832941176,17.532507403208008,0.3400215365789537,61,64,,True,True,,306,56.69694568066818
134,2026-09-19T05:46:16.593+00:00,2026-09-19T05:50:23.005+00:00,2026-09-19T05:50:28.828+00:00,True,62,62.0,,62.0,246411.63534,252235.00993200002,252235.00993,4068.3066117741937,45.465315000000004,246411.63534,31282.19075415498,108.86023095,95.46515724590165,19.304330635438884,0.24580251574400622,61,64,,True,True,,358,56.69694568066818
135,2026-09-19T05:46:17.012+00:00,2026-09-19T05:50:25.089+00:00,2026-09-19T05:50:31.343+00:00,True,64,64.0,,64.0,248076.804646,254331.085094,254331.084935,3973.923202109375,44.335368,248076.804646,30997.195785904052,110.566118,99.27429282539683,16.820674008357678,0.2516404944222441,61,64,,True,True,,207,56.69694568066818
136,2026-09-19T05:46:17.353+00:00,2026-09-19T05:50:27.166+00:00,2026-09-19T05:50:37.165+00:00,True,99,99.0,,99.0,249813.656417,259812.362849,259812.36297299998,2624.3673027575755,49.157317000000006,249813.656417,25096.965543953113,110.61497489999999,102.02761665306123,11.390918838990485,0.38104422327869625,61,64,,True,True,,322,56.69694568066818
137,2026-09-19T05:46:17.856+00:00,2026-09-19T05:50:29.886+00:00,2026-09-19T05:50:35.107+00:00,True,53,53.0,,53.0,252030.833324,257251.37886,257251.379064,4853.799604981132,47.242171,252030.833324,34605.309569188445,110.5504076,100.39510646153846,13.283168120170297,0.2060241629602436,61,64,,True,True,,197,56.69694568066818
138,2026-09-19T05:46:18.313+00:00,2026-09-19T05:50:31.969+00:00,2026-09-19T05:50:37.966+00:00,True,61,61.0,,61.0,253655.455095,259653.109367,259653.10943500002,4256.608351393443,48.081659,253655.455095,32464.45809356457,114.539066,99.96090453333333,15.68880346693399,0.23492882541907525,61,64,,True,True,,291,56.69694568066818
139,2026-09-19T05:46:18.624+00:00,2026-09-19T05:50:33.444+00:00,2026-09-19T05:50:43.053+00:00,True,97,97.0,,97.0,254820.11409299998,264428.77713299997,264428.77701799996,2726.069866164948,43.680398999999994,254820.11409299998,25862.90651596762,112.83182839999999,100.09024,18.539455650227428,0.36682845585755525,61,64,,True,True,,340,56.69694568066818
140,2026-09-19T05:46:19.161+00:00,2026-09-19T05:50:36.739+00:00,2026-09-19T05:50:40.655+00:00,True,40,40.0,,40.0,257578.425046,261494.76911,261494.768949,6537.369223725,49.123796999999996,257578.425046,40710.851630990175,112.90348490000001,100.41907856410256,18.99457615422613,0.1529667309833401,61,64,,True,True,,178,56.69694568066818
141,2026-09-19T05:46:19.639+00:00,2026-09-19T05:50:39.060+00:00,2026-09-19T05:50:44.874+00:00,True,59,59.0,,59.0,259420.68801699998,265234.40219299996,265234.40231599996,4495.498344338983,47.81573,259420.68801699998,33760.65169863707,114.0729608,100.23645131034483,17.611758269948314,0.2224447489171038,61,64,,True,True,,211,56.69694568066818
142,2026-09-19T05:46:20.079+00:00,2026-09-19T05:50:41.456+00:00,2026-09-19T05:50:46.833+00:00,True,56,56.0,,56.0,261377.38716299998,266754.065563,266754.06554499996,4763.465456160714,47.079542000000004,261377.38716299998,34914.96379087742,111.02956350000001,97.7577890909091,18.233419478312616,0.20993119591939016,61,64,,True,True,,257,56.69694568066818
143,2026-09-19T05:46:20.431+00:00,2026-09-19T05:50:43.678+00:00,2026-09-19T05:50:49.163+00:00,True,58,58.0,,58.0,263247.056807,268732.642983,268732.643056,4633.321432000001,46.431313,263247.056807,34553.40071315472,113.1296986,96.23835396491228,19.558197972800095,0.21582789257079227,61,64,,True,True,,223,56.69694568066818
144,2026-09-19T05:46:20.766+00:00,2026-09-19T05:50:45.182+00:00,2026-09-19T05:50:47.341+00:00,True,24,24.0,,24.0,264416.136663,266574.323927,266574.323951,11107.263497958333,46.574103,264416.136663,53954.568018401485,110.65843080000002,93.83422886956522,21.159003692758453,0.09003117647059017,61,64,,True,True,,69,56.69694568066818
145,2026-09-19T05:46:21.218+00:00,2026-09-19T05:50:47.966+00:00,2026-09-19T05:50:54.349+00:00,True,68,68.0,,68.0,266747.30408000003,273130.561936,273130.56190200004,4016.6259103235298,47.368610999999994,266747.30408000003,32336.31417972083,109.35402099999999,95.27250531343284,19.186404882406872,0.248965181772422,61,64,,True,True,,229,56.69694568066818
146,2026-09-19T05:46:21.511+00:00,2026-09-19T05:50:49.478+00:00,2026-09-19T05:50:58.127+00:00,True,90,90.0,,90.0,267967.018241,276615.582721,276615.582835,3073.5064759444444,44.967656000000005,267967.018241,28235.96664838464,112.48863585,97.17488179775282,18.406894038473133,0.32536127977567986,61,64,,True,True,,418,56.69694568066818
148,2026-09-19T05:46:22.868+00:00,2026-09-19T05:50:54.651+00:00,2026-09-19T05:50:58.018+00:00,True,35,35.0,,35.0,271783.720329,275150.616713,275150.61676299997,7861.44619322857,48.642438999999996,271783.720329,45923.098511557786,113.90874319999999,99.02636423529412,18.204230366160804,0.12720305852160702,61,64,,True,True,,118,56.69694568066818
147,2026-09-19T05:46:22.838+00:00,2026-09-19T05:50:55.810+00:00,2026-09-19T05:50:56.016+00:00,True,3,3.0,,3.0,272971.466063,273177.89012700005,273177.89015000005,91059.29671666668,100.20518,272971.466063,157540.55994015644,245684.94134740002,103.212032,4.2525062409303995,0.010981855078408079,61,64,,True,True,,10,56.69694568066818
149,2026-09-19T05:46:23.050+00:00,2026-09-19T05:50:57.811+00:00,2026-09-19T05:51:03.511+00:00,True,58,58.0,,58.0,274761.393143,280461.793015,280461.792962,4835.5481545172415,44.889247000000005,274761.393143,36064.81085929935,113.48767209999998,100.0070152982456,17.142050400875842,0.20680178706872193,61,64,,True,True,,329,56.69694568066818
150,2026-09-19T05:46:23.402+00:00,2026-09-19T05:50:59.529+00:00,2026-09-19T05:51:00.922+00:00,True,16,16.0,,16.0,276126.97402100003,277520.271941,277520.271964,17345.01699775,45.924685,276126.97402100003,69008.52542740181,69112.75615925001,92.886528,22.926580608611957,0.05765344595583832,61,64,,True,True,,67,56.69694568066818
151,2026-09-19T05:46:23.871+00:00,2026-09-19T05:51:02.080+00:00,2026-09-19T05:51:07.517+00:00,True,57,57.0,,57.0,278208.93537900003,283645.38312300004,283645.38308400003,4976.234790947369,45.698696000000005,278208.93537900003,36836.82104945529,111.9903878,97.079424,20.929901929779458,0.200955148193907,61,64,,True,True,,278,56.69694568066818
152,2026-09-19T05:46:24.207+00:00,2026-09-19T05:51:04.046+00:00,2026-09-19T05:51:07.306+00:00,True,35,35.0,,35.0,279839.30007,283098.880998,283098.88101,8088.539457428571,45.907964,279839.30007,47285.2753830371,113.80785110000001,95.87002729411765,22.845569507033982,0.1236317143911539,61,64,,True,True,,78,56.69694568066818
153,2026-09-19T05:46:24.637+00:00,2026-09-19T05:51:05.947+00:00,2026-09-19T05:51:08.813+00:00,True,33,33.0,,33.0,281309.86462,284176.29662,284176.296822,8611.402934,45.906805,281309.86462,48954.17492503257,110.0037496,89.576,25.185201778430425,0.11612509696446478,61,64,,True,True,,160,56.69694568066818
154,2026-09-19T05:46:25.113+00:00,2026-09-19T05:51:08.812+00:00,2026-09-19T05:51:17.151+00:00,True,85,85.0,,85.0,283698.905384,292038.56848799996,292038.568597,3435.7478658470586,47.544301,283698.905384,30760.702399824488,111.2990704,99.28170361904762,16.360294732237524,0.291057446419077,61,64,,True,True,,370,56.69694568066818
155,2026-09-19T05:46:25.548+00:00,2026-09-19T05:51:11.306+00:00,2026-09-19T05:51:18.523+00:00,True,74,74.0,,74.0,285757.653065,292975.13402500004,292975.134213,3959.123435310811,46.767303,285757.653065,33207.16377847363,110.79921165,98.86960219178081,17.817924623077552,0.2525811627197189,61,64,,True,True,,316,56.69694568066818
156,2026-09-19T05:46:25.986+00:00,2026-09-19T05:51:13.441+00:00,2026-09-19T05:51:16.251+00:00,True,29,29.0,,29.0,287455.71457999997,290265.25441999995,290265.254362,10009.14670213793,48.439849,287455.71457999997,53360.555254867955,108.31490960000001,100.34070857142856,14.601573945366717,0.09990861654436388,61,64,,True,True,,124,56.69694568066818
157,2026-09-19T05:46:26.394+00:00,2026-09-19T05:51:15.727+00:00,2026-09-19T05:51:20.558+00:00,True,49,49.0,,49.0,289333.134042,294164.38242599997,294164.382226,6003.354739306123,42.785542,289333.134042,41318.929106423835,110.93243320000002,100.651008,15.800399403007832,0.1665735314244798,61,64,,True,True,,208,56.69694568066818
158,2026-09-19T05:46:26.917+00:00,2026-09-19T05:51:18.529+00:00,2026-09-19T05:51:19.268+00:00,True,8,8.0,,8.0,291612.265199,292350.70974300004,292350.70983400004,36543.838729250005,99.793081,291612.265199,103063.20809786541,189586.96811375,105.49207771428571,4.508571143654188,0.02736439397404798,61,64,,True,True,,38,56.69694568066818
159,2026-09-19T05:46:27.213+00:00,2026-09-19T05:51:19.680+00:00,2026-09-19T05:51:27.251+00:00,False,78,77.0,,77.0,292466.679273,300037.668329,300037.668311,3846.6367732179488,0.03532,292466.679273,33104.20487842482,113.99630034999998,98.32453319480518,22.459906637765922,0.2566344433645154,61,64,,True,False,Request timeout: 300.0s exceeded,370,56.69694568066818
160,2026-09-19T05:46:27.622+00:00,2026-09-19T05:51:21.981+00:00,2026-09-19T05:51:27.679+00:00,False,59,58.0,,58.0,294358.82285299996,300056.25901299994,300056.259109,5085.6993069322025,0.02759,294358.82285299996,38309.47334324973,117.48898670000003,98.23165793103448,24.069885742350138,0.19329708432273413,61,64,,True,False,Request timeout: 300.0s exceeded,295,56.69694568066818
161,2026-09-19T05:46:27.977+00:00,2026-09-19T05:51:24.650+00:00,2026-09-19T05:51:27.993+00:00,False,35,34.0,,34.0,296673.22959,300016.266262,300016.266239,8571.893321114287,0.0201,296673.22959,50130.31385682406,111.9159779,98.324608,23.394991480623073,0.11332718863419317,61,64,,True,False,Request timeout: 300.0s exceeded,110,56.69694568066818
162,2026-09-19T05:46:28.289+00:00,2026-09-19T05:51:26.301+00:00,2026-09-19T05:51:28.408+00:00,False,23,22.0,,22.0,298011.517085,300118.236317,300118.236551,13048.61898047826,0.09587999999999999,298011.517085,62119.73514269048,112.8319574,95.75996509090909,27.023364551396988,0.07330444250899332,61,64,,True,False,Request timeout: 300.0s exceeded,78,56.69694568066818
163,2026-09-19T05:46:28.635+00:00,2026-09-19T05:51:27.883+00:00,2026-09-19T05:51:29.491+00:00,False,17,16.0,,16.0,299247.52196600003,300856.01476600004,300856.014815,17697.412636176472,0.0338,299247.52196600003,72553.80730077076,59944.20951960001,100.5308,27.317617357091116,0.053181585923899474,61,64,,True,False,Request timeout: 300.0s exceeded,32,56.69694568066818
164,2026-09-19T05:46:29.155+00:00,2026-09-19T05:51:29.279+00:00,2026-09-19T05:51:29.602+00:00,False,5,4.0,,4.0,300123.880223,300446.508831,300446.508852,60089.3017704,0.025549,300123.880223,134183.41669704186,240121.4748392,80.657152,53.8510588127002,0.013313517988821046,61,64,,True,False,Request timeout: 300.0s exceeded,18,56.69694568066818
165,2026-09-19T05:46:29.630+00:00,2026-09-19T05:51:29.735+00:00,2026-09-19T05:51:29.735+00:00,False,1,0.0,,0.0,300105.526729,300105.526729,300105.526729,300105.526729,300105.526729,300105.526729,nan,300105.526729,nan,nan,0.0,61,64,,True,False,"HTTPConnectionPool(host='gpu03', port=9002): Read timed out.",0,56.69694568066818
166,2026-09-19T05:46:30.153+00:00,2026-09-19T05:51:30.171+00:00,2026-09-19T05:51:30.171+00:00,False,1,0.0,,0.0,300018.030066,300018.030066,300018.030066,300018.030066,300018.030066,300018.030066,nan,300018.030066,nan,nan,0.0,61,64,,True,False,"HTTPConnectionPool(host='gpu03', port=9002): Read timed out.",0,56.69694568066818
167,2026-09-19T05:46:30.544+00:00,2026-09-19T05:51:30.659+00:00,2026-09-19T05:51:30.659+00:00,False,1,0.0,,0.0,300114.402475,300114.402475,300114.402475,300114.402475,300114.402475,300114.402475,nan,300114.402475,nan,nan,0.0,61,64,,True,False,TTFT timeout: 300.0s exceeded (TTFT: 300.100s),0,56.69694568066818
168,2026-09-19T05:46:31.059+00:00,2026-09-19T05:51:30.983+00:00,2026-09-19T05:51:31.096+00:00,False,3,2.0,,2.0,299923.73962999997,300036.79204599996,300036.792271,100012.26409033332,0.046799999999999994,299923.73962999997,173128.42553801293,269942.66625109996,56.526208,79.87423894482446,0.006665849165902864,61,64,,True,False,Request timeout: 300.0s exceeded,4,56.69694568066818
169,2026-09-19T05:46:31.576+00:00,2026-09-19T05:51:31.209+00:00,2026-09-19T05:51:31.632+00:00,False,7,6.0,,6.0,299633.407832,300056.701272,300056.70122,42865.243031428574,0.02116,299633.407832,113224.12583576294,209779.5687596,70.54890666666667,45.81868854331512,0.019996220629517045,61,64,,True,False,Request timeout: 300.0s exceeded,26,56.69694568066818
170,2026-09-19T05:46:31.929+00:00,2026-09-19T05:51:32.036+00:00,2026-09-19T05:51:32.036+00:00,False,1,0.0,,0.0,300107.611722,300107.611722,300107.611722,300107.611722,300107.611722,300107.611722,nan,300107.611722,nan,nan,0.0,61,64,,True,False,"HTTPConnectionPool(host='gpu03', port=9002): Read timed out.",0,56.69694568066818
171,2026-09-19T05:46:32.414+00:00,2026-09-19T05:51:32.432+00:00,2026-09-19T05:51:32.432+00:00,False,1,0.0,,0.0,300017.450723,300017.450723,300017.450723,300017.450723,300017.450723,300017.450723,nan,300017.450723,nan,nan,0.0,61,64,,True,False,"HTTPConnectionPool(host='gpu03', port=9002): Read timed out.",0,56.69694568066818
172,2026-09-19T05:46:32.780+00:00,2026-09-19T05:51:32.668+00:00,2026-09-19T05:51:32.912+00:00,False,4,3.0,,3.0,299887.342181,300131.346533,300131.346591,75032.83664775,0.04251,299887.342181,149903.01503539644,254924.35246414997,81.334784,71.43285426729322,0.00999562369827353,61,64,,True,False,Request timeout: 300.0s exceeded,10,56.69694568066818
173,2026-09-19T05:46:33.168+00:00,2026-09-19T05:51:33.025+00:00,2026-09-19T05:51:33.231+00:00,False,4,3.0,,3.0,299857.10288,300063.15344,300063.153387,75015.78834675,0.02063,299857.10288,149894.21789075705,254895.84095975,68.68352,60.73103645515403,0.00999789532839084,61,64,,True,False,Request timeout: 300.0s exceeded,7,56.69694568066818
174,2026-09-19T05:46:33.517+00:00,2026-09-19T05:51:33.550+00:00,2026-09-19T05:51:33.550+00:00,False,1,0.0,,0.0,300032.503044,300032.503044,300032.503044,300032.503044,300032.503044,300032.503044,nan,300032.503044,nan,nan,0.0,61,64,,True,False,"HTTPConnectionPool(host='gpu03', port=9002): Read timed out.",0,56.69694568066818
175,2026-09-19T05:46:33.889+00:00,2026-09-19T05:51:33.932+00:00,2026-09-19T05:51:33.932+00:00,False,1,0.0,,0.0,300042.73975,300042.73975,300042.73975,300042.73975,300042.73975,300042.73975,nan,300042.73975,nan,nan,0.0,61,64,,True,False,"HTTPConnectionPool(host='gpu03', port=9002): Read timed out.",0,56.69694568066818
176,2026-09-19T05:46:34.371+00:00,2026-09-19T05:51:34.277+00:00,2026-09-19T05:51:34.408+00:00,False,3,2.0,,2.0,299905.931168,300036.954016,300036.95419799996,100012.31806599999,0.04281,299905.931168,173112.95938022775,269928.4360732,65.511424,92.5866838529557,0.006665845567454157,61,64,,True,False,Request timeout: 300.0s exceeded,3,56.69694568066818
177,2026-09-19T05:46:34.740+00:00,2026-09-19T05:51:34.548+00:00,2026-09-19T05:51:34.747+00:00,False,4,3.0,,3.0,299808.292181,300006.889813,300006.889985,75001.72249625,0.07549,299808.292181,149871.05389005758,254853.12773495,66.19921066666666,57.81212695932,0.009999770344840937,61,64,,True,False,Request timeout: 300.0s exceeded,20,56.69694568066818
178,2026-09-19T05:46:35.118+00:00,2026-09-19T05:51:35.180+00:00,2026-09-19T05:51:35.180+00:00,False,1,0.0,,0.0,300061.99532700004,300061.99532700004,300061.99532700004,300061.99532700004,300061.99532700004,300061.99532700004,nan,300061.99532700004,nan,nan,0.0,61,64,,True,False,"HTTPConnectionPool(host='gpu03', port=9002): Read timed out.",0,56.69694568066818
179,2026-09-19T05:46:35.431+00:00,2026-09-19T05:51:35.448+00:00,2026-09-19T05:51:35.448+00:00,False,1,0.0,,0.0,300017.74221399997,300017.74221399997,300017.74221399997,300017.74221399997,300017.74221399997,300017.74221399997,nan,300017.74221399997,nan,nan,0.0,61,64,,True,False,"HTTPConnectionPool(host='gpu03', port=9002): Read timed out.",0,56.69694568066818
180,2026-09-19T05:46:35.917+00:00,2026-09-19T05:51:35.892+00:00,2026-09-19T05:51:36.023+00:00,False,3,2.0,,2.0,299974.94698799995,300106.38788399997,300106.38777599996,100035.46259199998,0.02345,299974.94698799995,173152.68516974314,269990.5940229999,65.720448,92.90944132901474,0.006664303329568111,61,64,,True,False,Request timeout: 300.0s exceeded,3,56.69694568066818
181,2026-09-19T05:46:36.251+00:00,2026-09-19T05:51:36.149+00:00,2026-09-19T05:51:36.347+00:00,False,4,3.0,,3.0,299898.08733099996,300096.371619,300096.37184599997,75024.09296149999,0.07914,299898.08733099996,149916.00358363622,254929.07994234998,66.09476266666667,57.445033724263595,0.009996788644311824,61,64,,True,False,Request timeout: 300.0s exceeded,10,56.69694568066818
182,2026-09-19T05:46:36.658+00:00,2026-09-19T05:51:36.776+00:00,2026-09-19T05:51:36.776+00:00,False,1,0.0,,0.0,300118.14429699996,300118.14429699996,300118.14429699996,300118.14429699996,300118.14429699996,300118.14429699996,nan,300118.14429699996,nan,nan,0.0,61,64,,True,False,"HTTPConnectionPool(host='gpu03', port=9002): Read timed out.",0,56.69694568066818
184,2026-09-19T05:46:37.769+00:00,2026-09-19T05:51:37.329+00:00,2026-09-19T05:51:37.900+00:00,False,7,6.0,,6.0,299560.067223,300130.742167,300130.742193,42875.820313285716,0.03721,299560.067223,113187.12193039719,209729.91062339998,95.11249066666667,47.00015475164792,0.019991287652437333,61,64,,True,False,Request timeout: 300.0s exceeded,19,56.69694568066818
183,2026-09-19T05:46:37.703+00:00,2026-09-19T05:51:37.329+00:00,2026-09-19T05:51:37.995+00:00,False,8,7.0,,7.0,299626.497497,300292.415705,300292.415758,37536.55196975,0.026338999999999998,299626.497497,105900.33759271569,194802.29143629997,95.13117257142856,42.88366862655239,0.023310612036491228,61,64,,True,False,Request timeout: 300.0s exceeded,45,56.69694568066818
185,2026-09-19T05:46:37.898+00:00,2026-09-19T05:51:37.895+00:00,2026-09-19T05:51:37.998+00:00,False,3,2.0,,2.0,299996.356368,300099.786256,300099.78629099997,100033.262097,0.021920000000000002,299996.356368,173173.12717334396,270007.0615315,51.714944,73.10520189504787,0.006664449931643406,61,64,,True,False,Request timeout: 300.0s exceeded,4,56.69694568066818
186,2026-09-19T05:46:38.284+00:00,2026-09-19T05:51:38.322+00:00,2026-09-19T05:51:38.322+00:00,False,1,0.0,,0.0,300038.154142,300038.154142,300038.154142,300038.154142,300038.154142,300038.154142,nan,300038.154142,nan,nan,0.0,61,64,,True,False,"HTTPConnectionPool(host='gpu03', port=9002): Read timed out.",0,56.69694568066818
187,2026-09-19T05:46:38.684+00:00,2026-09-19T05:51:39.172+00:00,2026-09-19T05:51:39.475+00:00,False,5,4.0,,4.0,300488.135519,300791.667807,300791.667923,60158.3335846,0.0373,300488.135519,134348.4610785021,240427.96509920002,75.883072,79.27652228250057,0.013298240703151925,61,64,,True,False,Request timeout: 300.0s exceeded,13,56.69694568066818
188,2026-09-19T05:46:39.202+00:00,2026-09-19T05:51:39.355+00:00,2026-09-19T05:51:39.576+00:00,False,6,5.0,,5.0,300153.06309500005,300373.85464700003,300373.85459800006,50062.30909966667,0.03645,300153.06309500005,122518.94969838926,225133.23678625003,44.1583104,26.90377123595064,0.016645922814673766,61,64,,True,False,Request timeout: 300.0s exceeded,16,56.69694568066818
189,2026-09-19T05:46:39.658+00:00,2026-09-19T05:51:39.676+00:00,2026-09-19T05:51:39.676+00:00,False,1,0.0,,0.0,300018.51091799996,300018.51091799996,300018.51091799996,300018.51091799996,300018.51091799996,300018.51091799996,nan,300018.51091799996,nan,nan,0.0,61,64,,True,False,"HTTPConnectionPool(host='gpu03', port=9002): Read timed out.",0,56.69694568066818
190,2026-09-19T05:46:40.117+00:00,2026-09-19T05:51:40.276+00:00,2026-09-19T05:51:40.276+00:00,False,1,0.0,,0.0,300159.202527,300159.202527,300159.202527,300159.202527,300159.202527,300159.202527,nan,300159.202527,nan,nan,0.0,61,64,,True,False,"HTTPConnectionPool(host='gpu03', port=9002): Read timed out.",0,56.69694568066818
191,2026-09-19T05:46:40.426+00:00,2026-09-19T05:51:40.544+00:00,2026-09-19T05:51:40.544+00:00,False,1,0.0,,0.0,300117.514409,300117.514409,300117.514409,300117.514409,300117.514409,300117.514409,nan,300117.514409,nan,nan,0.0,61,64,,True,False,"HTTPConnectionPool(host='gpu03', port=9002): Read timed out.",0,56.69694568066818
192,2026-09-19T05:46:40.850+00:00,2026-09-19T05:51:40.887+00:00,2026-09-19T05:51:40.887+00:00,False,1,0.0,,0.0,300036.52908600005,300036.52908600005,300036.52908600005,300036.52908600005,300036.52908600005,300036.52908600005,nan,300036.52908600005,nan,nan,0.0,61,64,,True,False,"HTTPConnectionPool(host='gpu03', port=9002): Read timed out.",0,56.69694568066818
193,2026-09-19T05:46:41.184+00:00,2026-09-19T05:51:40.952+00:00,2026-09-19T05:51:41.272+00:00,False,5,4.0,,4.0,299768.71968800004,300088.69050400006,300088.69053500006,60017.738107000005,0.02228,299768.71968800004,134024.88191380978,239840.99231880007,79.992704,56.05569696090716,0.013329392698145289,61,64,,True,False,Request timeout: 300.0s exceeded,9,56.69694568066818
194,2026-09-19T05:46:41.654+00:00,2026-09-19T05:51:41.173+00:00,2026-09-19T05:51:41.724+00:00,False,8,7.0,,7.0,299518.40156599996,300069.56956599996,300069.56966999994,37508.69620874999,0.0251,299518.40156599996,105867.91460424816,194723.43601589996,78.73828571428572,39.694907398042545,0.02332792362159322,61,64,,True,False,Request timeout: 300.0s exceeded,34,56.69694568066818
195,2026-09-19T05:46:42.144+00:00,2026-09-19T05:51:42.193+00:00,2026-09-19T05:51:42.193+00:00,False,1,0.0,,0.0,300049.666221,300049.666221,300049.666221,300049.666221,300049.666221,300049.666221,nan,300049.666221,nan,nan,0.0,61,64,,True,False,"HTTPConnectionPool(host='gpu03', port=9002): Read timed out.",0,56.69694568066818
196,2026-09-19T05:46:42.522+00:00,2026-09-19T05:51:42.537+00:00,2026-09-19T05:51:42.537+00:00,False,1,0.0,,0.0,300015.577628,300015.577628,300015.577628,300015.577628,300015.577628,300015.577628,nan,300015.577628,nan,nan,0.0,61,64,,True,False,TTFT timeout: 300.0s exceeded (TTFT: 300.010s),0,56.69694568066818
197,2026-09-19T05:46:42.823+00:00,2026-09-19T05:51:42.683+00:00,2026-09-19T05:51:42.922+00:00,False,4,3.0,,3.0,299860.038401,300098.47961700003,300098.479654,75024.6199135,0.06302,299860.038401,149890.29002603423,254901.1932335,79.48040533333332,70.44028510813004,0.009996718423328046,61,64,,True,False,Request timeout: 300.0s exceeded,10,56.69694568066818
198,2026-09-19T05:46:43.351+00:00,2026-09-19T05:51:43.344+00:00,2026-09-19T05:51:43.447+00:00,False,3,2.0,,2.0,299992.479484,300095.59321200004,300095.593177,100031.86439233334,0.035709000000000005,299992.479484,173170.98008992692,270003.53933400003,51.556864,72.86209292682169,0.006664543049744541,61,64,,True,False,Request timeout: 300.0s exceeded,4,56.69694568066818
199,2026-09-19T05:46:43.727+00:00,2026-09-19T05:51:43.837+00:00,2026-09-19T05:51:43.837+00:00,False,1,0.0,,0.0,300110.304413,300110.304413,300110.304413,300110.304413,300110.304413,300110.304413,nan,300110.304413,nan,nan,0.0,61,64,,True,False,"HTTPConnectionPool(host='gpu03', port=9002): Read timed out.",0,56.69694568066818
200,2026-09-19T05:46:44.181+00:00,2026-09-19T05:51:44.198+00:00,2026-09-19T05:51:44.198+00:00,False,1,0.0,,0.0,300016.38952200004,300016.38952200004,300016.38952200004,300016.38952200004,300016.38952200004,300016.38952200004,nan,300016.38952200004,nan,nan,0.0,61,64,,True,False,TTFT timeout: 300.0s exceeded (TTFT: 300.009s),0,56.69694568066818
201,2026-09-19T05:46:44.563+00:00,2026-09-19T05:51:44.483+00:00,2026-09-19T05:51:44.629+00:00,False,3,2.0,,2.0,299920.07912199997,300065.87982599996,300065.87975799997,100021.95991933333,0.037759999999999995,299920.07912199997,173116.86473167484,269942.64749739994,72.900352,103.04308477672139,0.006665202991955452,61,64,,True,False,Request timeout: 300.0s exceeded,7,56.69694568066818
202,2026-09-19T05:46:45.084+00:00,2026-09-19T05:51:44.992+00:00,2026-09-19T05:51:45.098+00:00,False,3,2.0,,2.0,299908.252556,300014.24244400003,300014.242503,100004.747501,0.08603,299908.252556,173121.52176812713,269928.0176921,52.994944,74.82452354822159,0.0066663501829361165,61,64,,True,False,Request timeout: 300.0s exceeded,10,56.69694568066818
203,2026-09-19T05:46:45.442+00:00,2026-09-19T05:51:45.501+00:00,2026-09-19T05:51:45.501+00:00,False,1,0.0,,0.0,300059.125638,300059.125638,300059.125638,300059.125638,300059.125638,300059.125638,nan,300059.125638,nan,nan,0.0,61,64,,True,False,"HTTPConnectionPool(host='gpu03', port=9002): Read timed out.",0,56.69694568066818
204,2026-09-19T05:46:45.802+00:00,2026-09-19T05:51:45.865+00:00,2026-09-19T05:51:45.865+00:00,False,1,0.0,,0.0,300063.218487,300063.218487,300063.218487,300063.218487,300063.218487,300063.218487,nan,300063.218487,nan,nan,0.0,61,64,,True,False,TTFT timeout: 300.0s exceeded (TTFT: 300.057s),0,56.69694568066818
205,2026-09-19T05:46:46.269+00:00,2026-09-19T05:51:46.172+00:00,2026-09-19T05:51:46.283+00:00,False,3,2.0,,2.0,299903.425897,300014.369385,300014.369472,100004.789824,0.06997,299903.425897,173117.3058860542,269924.1706678,55.471744,78.35005613584124,0.006666347362294025,61,64,,True,False,Request timeout: 300.0s exceeded,7,56.69694568066818
206,2026-09-19T05:46:46.572+00:00,2026-09-19T05:51:46.286+00:00,2026-09-19T05:51:46.286+00:00,True,1,1.0,,1.0,299714.37344700005,299714.37344700005,299714.37344700005,299714.37344700005,299714.37344700005,299714.37344700005,nan,299714.37344700005,nan,nan,0.0033365099861546507,61,64,,True,True,,3,56.69694568066818
207,2026-09-19T05:46:46.881+00:00,2026-09-19T05:51:46.991+00:00,2026-09-19T05:51:46.991+00:00,False,1,0.0,,0.0,300110.234444,300110.234444,300110.234444,300110.234444,300110.234444,300110.234444,nan,300110.234444,nan,nan,0.0,61,64,,True,False,"HTTPConnectionPool(host='gpu03', port=9002): Read timed out.",0,56.69694568066818
208,2026-09-19T05:46:47.262+00:00,2026-09-19T05:51:47.305+00:00,2026-09-19T05:51:47.305+00:00,False,1,0.0,,0.0,300042.896018,300042.896018,300042.896018,300042.896018,300042.896018,300042.896018,nan,300042.896018,nan,nan,0.0,61,64,,True,False,"HTTPConnectionPool(host='gpu03', port=9002): Read timed out.",0,56.69694568066818
209,2026-09-19T05:46:47.757+00:00,2026-09-19T05:51:47.808+00:00,2026-09-19T05:51:47.808+00:00,False,1,0.0,,0.0,300050.799185,300050.799185,300050.799185,300050.799185,300050.799185,300050.799185,nan,300050.799185,nan,nan,0.0,61,64,,True,False,"HTTPConnectionPool(host='gpu03', port=9002): Read timed out.",0,56.69694568066818
210,2026-09-19T05:46:48.049+00:00,2026-09-19T05:51:47.826+00:00,2026-09-19T05:51:48.066+00:00,False,4,3.0,,3.0,299776.635619,300017.070819,300017.070567,75004.26764175,0.04213,299776.635619,149848.25645102139,254830.25017945,80.14506666666666,70.74396437793214,0.009999431005077363,61,64,,True,False,Request timeout: 300.0s exceeded,11,56.69694568066818
211,2026-09-19T05:46:48.554+00:00,2026-09-19T05:51:48.605+00:00,2026-09-19T05:51:48.605+00:00,False,1,0.0,,0.0,300050.75993400003,300050.75993400003,300050.75993400003,300050.75993400003,300050.75993400003,300050.75993400003,nan,300050.75993400003,nan,nan,0.0,61,64,,True,False,"HTTPConnectionPool(host='gpu03', port=9002): Read timed out.",0,56.69694568066818
212,2026-09-19T05:46:48.942+00:00,2026-09-19T05:51:48.974+00:00,2026-09-19T05:51:48.974+00:00,False,1,0.0,,0.0,300031.94935799995,300031.94935799995,300031.94935799995,300031.94935799995,300031.94935799995,300031.94935799995,nan,300031.94935799995,nan,nan,0.0,61,64,,True,False,"HTTPConnectionPool(host='gpu03', port=9002): Read timed out.",0,56.69694568066818
213,2026-09-19T05:46:49.256+00:00,2026-09-19T05:51:49.243+00:00,2026-09-19T05:51:49.392+00:00,False,3,2.0,,2.0,299987.26107,300135.930254,300135.930164,100045.31005466667,0.040049999999999995,299987.26107,173154.82480004925,270003.3978674,74.334592,105.06851012704364,0.006663647362404873,61,64,,True,False,Request timeout: 300.0s exceeded,7,56.69694568066818
214,2026-09-19T05:46:49.553+00:00,2026-09-19T05:51:49.393+00:00,2026-09-19T05:51:49.653+00:00,False,4,3.0,,3.0,299840.76479600003,300100.35033200006,300100.35030900006,75025.08757725001,0.10488,299840.76479600003,149877.1306044812,254884.13057375004,86.528512,74.84532553652595,0.009996656107469084,61,64,,True,False,Request timeout: 300.0s exceeded,4,56.69694568066818
215,2026-09-19T05:46:49.870+00:00,2026-09-19T05:51:49.656+00:00,2026-09-19T05:51:49.910+00:00,False,5,4.0,,4.0,299786.103876,300040.166468,300040.16634199995,60008.033268399995,0.05915,299786.103876,134040.02352681154,239851.64532279997,63.515648,50.65537061688265,0.013331548395959878,61,64,,True,False,Request timeout: 300.0s exceeded,11,56.69694568066818
216,2026-09-19T05:46:50.278+00:00,2026-09-19T05:51:50.285+00:00,2026-09-19T05:51:50.285+00:00,False,1,0.0,,0.0,300006.846048,300006.846048,300006.846048,300006.846048,300006.846048,300006.846048,nan,300006.846048,nan,nan,0.0,61,64,,True,False,"HTTPConnectionPool(host='gpu03', port=9002): Read timed out.",0,56.69694568066818
217,2026-09-19T05:46:50.629+00:00,2026-09-19T05:51:50.863+00:00,2026-09-19T05:51:51.465+00:00,False,7,6.0,,6.0,300233.531911,300835.91655100003,300835.916581,42976.55951157143,0.03694,300233.531911,113439.67191860327,210206.56488850003,100.39744,51.9625744454195,0.019944427077685168,61,64,,True,False,Request timeout: 300.0s exceeded,18,56.69694568066818
218,2026-09-19T05:46:51.053+00:00,2026-09-19T05:51:51.258+00:00,2026-09-19T05:51:51.564+00:00,False,5,4.0,,4.0,300205.00985399995,300510.94572599995,300510.94575199997,60102.18915039999,0.078269,300205.00985399995,134221.56445422044,240184.99544379997,76.483968,51.058328482095014,0.013310663245015782,61,64,,True,False,Request timeout: 300.0s exceeded,13,56.69694568066818
219,2026-09-19T05:46:51.353+00:00,2026-09-19T05:51:51.460+00:00,2026-09-19T05:51:51.666+00:00,False,4,3.0,,3.0,300106.390713,300313.04005699995,300313.04003599996,75078.26000899999,0.06501,300106.390713,150018.76171746996,255106.40402624998,68.88311466666667,59.6833903025465,0.009989576208314479,61,64,,True,False,Request timeout: 300.0s exceeded,13,56.69694568066818
220,2026-09-19T05:46:51.831+00:00,2026-09-19T05:51:51.860+00:00,2026-09-19T05:51:51.860+00:00,False,1,0.0,,0.0,300028.99815,300028.99815,300028.99815,300028.99815,300028.99815,300028.99815,nan,300028.99815,nan,nan,0.0,61,64,,True,False,"HTTPConnectionPool(host='gpu03', port=9002): Read timed out.",0,56.69694568066818
221,2026-09-19T05:46:52.241+00:00,2026-09-19T05:51:52.248+00:00,2026-09-19T05:51:52.248+00:00,False,1,0.0,,0.0,300006.386941,300006.386941,300006.386941,300006.386941,300006.386941,300006.386941,nan,300006.386941,nan,nan,0.0,61,64,,True,False,"HTTPConnectionPool(host='gpu03', port=9002): Read timed out.",0,56.69694568066818
222,2026-09-19T05:46:52.701+00:00,2026-09-19T05:51:52.745+00:00,2026-09-19T05:51:52.745+00:00,False,1,0.0,,0.0,300044.06531599996,300044.06531599996,300044.06531599996,300044.06531599996,300044.06531599996,300044.06531599996,nan,300044.06531599996,nan,nan,0.0,61,64,,True,False,"HTTPConnectionPool(host='gpu03', port=9002): Read timed out.",0,56.69694568066818
223,2026-09-19T05:46:53.000+00:00,2026-09-19T05:51:52.989+00:00,2026-09-19T05:51:53.073+00:00,False,3,2.0,,2.0,299989.05093800003,300072.888378,300072.88829200005,100024.29609733334,0.02609,299989.05093800003,173174.56262065395,269998.5269706,41.91872,59.24509439677962,0.006665047318372235,61,64,,True,False,Request timeout: 300.0s exceeded,5,56.69694568066818
224,2026-09-19T05:46:53.403+00:00,2026-09-19T05:51:53.068+00:00,2026-09-19T05:51:53.474+00:00,False,6,5.0,,5.0,299665.36378899997,300070.973005,300070.97296199994,50011.828827,0.03868,299665.36378899997,122304.76138338148,224775.55477674998,81.1218432,45.448895573996644,0.016662724654532602,61,64,,True,False,Request timeout: 300.0s exceeded,18,56.69694568066818
225,2026-09-19T05:46:53.870+00:00,2026-09-19T05:51:53.952+00:00,2026-09-19T05:51:53.952+00:00,False,1,0.0,,0.0,300082.254903,300082.254903,300082.254903,300082.254903,300082.254903,300082.254903,nan,300082.254903,nan,nan,0.0,61,64,,True,False,"HTTPConnectionPool(host='gpu03', port=9002): Read timed out.",0,56.69694568066818
226,2026-09-19T05:46:54.307+00:00,2026-09-19T05:51:54.397+00:00,2026-09-19T05:51:54.397+00:00,False,1,0.0,,0.0,300089.968665,300089.968665,300089.968665,300089.968665,300089.968665,300089.968665,nan,300089.968665,nan,nan,0.0,61,64,,True,False,TTFT timeout: 300.0s exceeded (TTFT: 300.084s),0,56.69694568066818
227,2026-09-19T05:46:54.694+00:00,2026-09-19T05:51:54.645+00:00,2026-09-19T05:51:54.779+00:00,False,3,2.0,,2.0,299951.060185,300084.601305,300084.60124600003,100028.20041533334,0.028050000000000002,299951.060185,173138.28822192986,269969.3054676,66.77056,94.38836930400203,0.006664787167693552,61,64,,True,False,Request timeout: 300.0s exceeded,17,56.69694568066818
228,2026-09-19T05:46:55.659+00:00,2026-09-19T05:51:55.380+00:00,2026-09-19T05:51:55.925+00:00,False,7,6.0,,6.0,299721.20426200004,300266.329894,300266.329893,42895.18998471429,0.03721,299721.20426200004,113249.6348479831,209840.74139920005,90.854272,45.198982238856374,0.0199822604223328,61,64,,True,False,Request timeout: 300.0s exceeded,25,56.69694568066818
229,2026-09-19T05:46:55.779+00:00,2026-09-19T05:51:56.006+00:00,2026-09-19T05:51:56.006+00:00,False,1,0.0,,0.0,300226.218428,300226.218428,300226.218428,300226.218428,300226.218428,300226.218428,nan,300226.218428,nan,nan,0.0,61,64,,True,False,"HTTPConnectionPool(host='gpu03', port=9002): Read timed out.",0,56.69694568066818
230,2026-09-19T05:46:55.814+00:00,2026-09-19T05:51:56.110+00:00,2026-09-19T05:51:56.110+00:00,False,1,0.0,,0.0,300296.035713,300296.035713,300296.035713,300296.035713,300296.035713,300296.035713,nan,300296.035713,nan,nan,0.0,61,64,,True,False,"HTTPConnectionPool(host='gpu03', port=9002): Read timed out.",0,56.69694568066818
231,2026-09-19T05:46:56.286+00:00,2026-09-19T05:51:56.297+00:00,2026-09-19T05:51:56.297+00:00,False,1,0.0,,0.0,300011.40074,300011.40074,300011.40074,300011.40074,300011.40074,300011.40074,nan,300011.40074,nan,nan,0.0,61,64,,True,False,"HTTPConnectionPool(host='gpu03', port=9002): Read timed out.",0,56.69694568066818
232,2026-09-19T05:46:56.716+00:00,2026-09-19T05:51:56.826+00:00,2026-09-19T05:51:56.826+00:00,False,1,0.0,,0.0,300109.95018,300109.95018,300109.95018,300109.95018,300109.95018,300109.95018,nan,300109.95018,nan,nan,0.0,61,64,,True,False,"HTTPConnectionPool(host='gpu03', port=9002): Read timed out.",0,56.69694568066818
233,2026-09-19T05:46:57.198+00:00,2026-09-19T05:51:57.257+00:00,2026-09-19T05:51:57.257+00:00,False,1,0.0,,0.0,300059.355801,300059.355801,300059.355801,300059.355801,300059.355801,300059.355801,nan,300059.355801,nan,nan,0.0,61,64,,True,False,"HTTPConnectionPool(host='gpu03', port=9002): Read timed out.",0,56.69694568066818
234,2026-09-19T05:46:57.688+00:00,2026-09-19T05:51:57.412+00:00,2026-09-19T05:51:57.710+00:00,False,5,4.0,,4.0,299723.128702,300021.40249400004,300021.402469,60004.280493800004,0.03643,299723.128702,134006.91695948117,239799.01042920002,74.568448,49.796497588762264,0.013332382179234676,61,64,,True,False,Request timeout: 300.0s exceeded,20,56.69694568066818
235,2026-09-19T05:46:58.025+00:00,2026-09-19T05:51:57.608+00:00,2026-09-19T05:51:58.117+00:00,False,7,6.0,,6.0,299583.841436,300092.433052,300092.43305600004,42870.34757942858,0.03505,299583.841436,113200.01683658003,209739.827078,84.76526933333332,41.52449466009626,0.019993839694586103,61,64,,True,False,Request timeout: 300.0s exceeded,25,56.69694568066818
236,2026-09-19T05:46:58.555+00:00,2026-09-19T05:51:58.656+00:00,2026-09-19T05:51:58.656+00:00,False,1,0.0,,0.0,300101.24876499997,300101.24876499997,300101.24876499997,300101.24876499997,300101.24876499997,300101.24876499997,nan,300101.24876499997,nan,nan,0.0,61,64,,True,False,TTFT timeout: 300.0s exceeded (TTFT: 300.083s),0,56.69694568066818
237,2026-09-19T05:46:59.049+00:00,2026-09-19T05:51:59.075+00:00,2026-09-19T05:51:59.075+00:00,False,1,0.0,,0.0,300026.209685,300026.209685,300026.209685,300026.209685,300026.209685,300026.209685,nan,300026.209685,nan,nan,0.0,61,64,,True,False,TTFT timeout: 300.0s exceeded (TTFT: 300.020s),0,56.69694568066818
238,2026-09-19T05:46:59.533+00:00,2026-09-19T05:51:59.425+00:00,2026-09-19T05:51:59.621+00:00,False,4,3.0,,3.0,299892.49550900003,300088.87746100005,300088.877557,75022.21938925,0.05532,299892.49550900003,149913.52455080484,254923.54064690002,65.46065066666667,56.657605251875914,0.00999703829539595,61,64,,True,False,Request timeout: 300.0s exceeded,10,56.69694568066818
239,2026-09-19T05:47:00.028+00:00,2026-09-19T05:52:00.107+00:00,2026-09-19T05:52:00.107+00:00,False,1,0.0,,0.0,300079.106367,300079.106367,300079.106367,300079.106367,300079.106367,300079.106367,nan,300079.106367,nan,nan,0.0,61,64,,True,False,"HTTPConnectionPool(host='gpu03', port=9002): Read timed out.",0,56.69694568066818
240,2026-09-19T05:47:00.542+00:00,2026-09-19T05:52:00.555+00:00,2026-09-19T05:52:00.663+00:00,False,3,2.0,,2.0,300012.562143,300120.64406300004,300120.64394700003,100040.214649,0.0292,300012.562143,173181.1414067934,270022.1111891,54.04096,76.38418614705763,0.006663986765202892,61,64,,True,False,Request timeout: 300.0s exceeded,10,56.69694568066818
241,2026-09-19T05:47:00.988+00:00,2026-09-19T05:52:00.912+00:00,2026-09-19T05:52:01.017+00:00,False,3,2.0,,2.0,299924.408449,300029.385601,300029.38571099995,100009.795237,0.04,299924.408449,173131.14157376933,269942.4613303,52.488576,74.17357801602401,0.006666013717268813,61,64,,True,False,Request timeout: 300.0s exceeded,4,56.69694568066818
242,2026-09-19T05:47:01.459+00:00,2026-09-19T05:52:01.567+00:00,2026-09-19T05:52:01.567+00:00,False,1,0.0,,0.0,300108.27716500004,300108.27716500004,300108.27716500004,300108.27716500004,300108.27716500004,300108.27716500004,nan,300108.27716500004,nan,nan,0.0,61,64,,True,False,"HTTPConnectionPool(host='gpu03', port=9002): Read timed out.",0,56.69694568066818
243,2026-09-19T05:47:01.945+00:00,2026-09-19T05:52:02.037+00:00,2026-09-19T05:52:02.037+00:00,False,1,0.0,,0.0,300091.879532,300091.879532,300091.879532,300091.879532,300091.879532,300091.879532,nan,300091.879532,nan,nan,0.0,61,64,,True,False,"HTTPConnectionPool(host='gpu03', port=9002): Read timed out.",0,56.69694568066818
244,2026-09-19T05:47:02.369+00:00,2026-09-19T05:52:02.335+00:00,2026-09-19T05:52:02.463+00:00,False,3,2.0,,2.0,299966.831063,300094.461911,300094.461749,100031.48724966668,0.0367,299966.831063,173149.09860300214,269982.90735530003,63.815424,90.19650454062618,0.006664568173847695,61,64,,True,False,Request timeout: 300.0s exceeded,3,56.69694568066818
245,2026-09-19T05:47:02.695+00:00,2026-09-19T05:52:02.460+00:00,2026-09-19T05:52:02.736+00:00,False,5,4.0,,4.0,299765.444251,300040.76482700004,300040.764915,60008.152983,0.02239,299765.444251,134028.40992269985,239839.886319,68.830144,58.51034987339481,0.013331521809399309,61,64,,True,False,Request timeout: 300.0s exceeded,9,56.69694568066818
246,2026-09-19T05:47:03.223+00:00,2026-09-19T05:52:03.246+00:00,2026-09-19T05:52:03.246+00:00,False,1,0.0,,0.0,300023.21102,300023.21102,300023.21102,300023.21102,300023.21102,300023.21102,nan,300023.21102,nan,nan,0.0,61,64,,True,False,"HTTPConnectionPool(host='gpu03', port=9002): Read timed out.",0,56.69694568066818
247,2026-09-19T05:47:03.757+00:00,2026-09-19T05:52:03.937+00:00,2026-09-19T05:52:04.951+00:00,False,11,10.0,,10.0,300179.97289499996,301194.05443099997,301194.05450299993,27381.277682090906,0.02487,300179.97289499996,90477.09883865353,150163.32004749996,101.40815359999999,38.32863649162173,0.03320118658680523,61,64,,True,False,Request timeout: 300.0s exceeded,28,56.69694568066818
248,2026-09-19T05:47:04.287+00:00,2026-09-19T05:52:04.206+00:00,2026-09-19T05:52:05.150+00:00,False,11,10.0,,10.0,299918.867327,300862.404223,300862.404109,27351.12764627273,0.038090000000000006,299918.867327,90400.49786987634,150017.4208165,94.3536896,33.60734722531706,0.03323778531194604,61,64,,True,False,Request timeout: 300.0s exceeded,31,56.69694568066818
249,2026-09-19T05:47:04.609+00:00,2026-09-19T05:52:04.534+00:00,2026-09-19T05:52:05.150+00:00,False,8,7.0,,7.0,299924.781207,300540.70645500004,300540.70652400004,37567.588315500005,0.04019,299924.781207,106008.32049077106,194988.08718155,87.98932114285715,38.83885010487677,0.02329135404840113,61,64,,True,False,Request timeout: 300.0s exceeded,31,56.69694568066818
250,2026-09-19T05:47:05.105+00:00,2026-09-19T05:52:05.280+00:00,2026-09-19T05:52:05.280+00:00,False,1,0.0,,0.0,300174.905108,300174.905108,300174.905108,300174.905108,300174.905108,300174.905108,nan,300174.905108,nan,nan,0.0,61,64,,True,False,"HTTPConnectionPool(host='gpu03', port=9002): Read timed out.",0,56.69694568066818
251,2026-09-19T05:47:05.439+00:00,2026-09-19T05:52:05.566+00:00,2026-09-19T05:52:05.566+00:00,False,1,0.0,,0.0,300127.328657,300127.328657,300127.328657,300127.328657,300127.328657,300127.328657,nan,300127.328657,nan,nan,0.0,61,64,,True,False,"HTTPConnectionPool(host='gpu03', port=9002): Read timed out.",0,56.69694568066818
252,2026-09-19T05:47:05.795+00:00,2026-09-19T05:52:05.812+00:00,2026-09-19T05:52:05.812+00:00,False,1,0.0,,0.0,300016.58139,300016.58139,300016.58139,300016.58139,300016.58139,300016.58139,nan,300016.58139,nan,nan,0.0,61,64,,True,False,"HTTPConnectionPool(host='gpu03', port=9002): Read timed out.",0,56.69694568066818
253,2026-09-19T05:47:06.277+00:00,2026-09-19T05:52:06.344+00:00,2026-09-19T05:52:06.344+00:00,False,1,0.0,,0.0,300067.050442,300067.050442,300067.050442,300067.050442,300067.050442,300067.050442,nan,300067.050442,nan,nan,0.0,61,64,,True,False,TTFT timeout: 300.0s exceeded (TTFT: 300.061s),0,56.69694568066818
254,2026-09-19T05:47:06.745+00:00,2026-09-19T05:52:06.544+00:00,2026-09-19T05:52:06.842+00:00,False,5,4.0,,4.0,299799.092648,300096.857768,300096.857896,60019.3715792,0.035719,299799.092648,134040.94589631507,239859.811622,74.44128,49.706962278638,0.013329029933036935,61,64,,True,False,Request timeout: 300.0s exceeded,14,56.69694568066818
255,2026-09-19T05:47:07.138+00:00,2026-09-19T05:52:06.648+00:00,2026-09-19T05:52:07.148+00:00,False,9,8.0,,8.0,299509.035986,300009.82395399996,300009.82400599995,33334.42488955555,0.054459,299509.035986,99815.4846627634,179746.79682999998,62.598496,35.42867628664151,0.026665793454905756,61,64,,True,False,Request timeout: 300.0s exceeded,24,56.69694568066818
256,2026-09-19T05:47:07.538+00:00,2026-09-19T05:52:07.615+00:00,2026-09-19T05:52:07.615+00:00,False,1,0.0,,0.0,300076.663917,300076.663917,300076.663917,300076.663917,300076.663917,300076.663917,nan,300076.663917,nan,nan,0.0,61,64,,True,False,TTFT timeout: 300.0s exceeded (TTFT: 300.070s),0,56.69694568066818
257,2026-09-19T05:47:07.930+00:00,2026-09-19T05:52:07.990+00:00,2026-09-19T05:52:07.990+00:00,False,1,0.0,,0.0,300060.585833,300060.585833,300060.585833,300060.585833,300060.585833,300060.585833,nan,300060.585833,nan,nan,0.0,61,64,,True,False,TTFT timeout: 300.0s exceeded (TTFT: 300.054s),0,56.69694568066818
258,2026-09-19T05:47:08.354+00:00,2026-09-19T05:52:08.270+00:00,2026-09-19T05:52:08.387+00:00,False,3,2.0,,2.0,299916.16889200005,300032.65759600006,300032.657645,100010.88588166668,0.03619,299916.16889200005,173123.06322317105,269936.19725910004,58.244352,82.31890507728508,0.006665941021303887,61,64,,True,False,Request timeout: 300.0s exceeded,4,56.69694568066818
259,2026-09-19T05:47:08.788+00:00,2026-09-19T05:52:08.708+00:00,2026-09-19T05:52:08.864+00:00,False,4,3.0,,3.0,299919.56652399997,300075.92876399995,300075.92873,75018.9821825,0.046520000000000006,299919.56652399997,149933.72915892495,254947.55529624998,52.12074666666666,53.08311276148079,0.00999746968161316,61,64,,True,False,Request timeout: 300.0s exceeded,13,56.69694568066818
260,2026-09-19T05:47:09.281+00:00,2026-09-19T05:52:09.387+00:00,2026-09-19T05:52:09.387+00:00,False,1,0.0,,0.0,300106.12626,300106.12626,300106.12626,300106.12626,300106.12626,300106.12626,nan,300106.12626,nan,nan,0.0,61,64,,True,False,"HTTPConnectionPool(host='gpu03', port=9002): Read timed out.",0,56.69694568066818
261,2026-09-19T05:47:09.665+00:00,2026-09-19T05:52:09.601+00:00,2026-09-19T05:52:09.731+00:00,False,3,2.0,,2.0,299935.810916,300066.453092,300066.453085,100022.15102833333,0.02924,299935.810916,173130.32033784897,269955.2911173,65.321088,92.33669614996212,0.0066651902583285535,61,64,,True,False,Request timeout: 300.0s exceeded,4,56.69694568066818
262,2026-09-19T05:47:10.137+00:00,2026-09-19T05:52:09.995+00:00,2026-09-19T05:52:10.204+00:00,False,4,3.0,,3.0,299858.75561299996,300067.853853,300067.85390899994,75016.96347724998,0.02307,299858.75561299996,149894.53621119473,254896.11235129996,69.69941333333333,60.429667904441686,0.009997738716356027,61,64,,True,False,Request timeout: 300.0s exceeded,9,56.69694568066818
263,2026-09-19T05:47:10.505+00:00,2026-09-19T05:52:10.609+00:00,2026-09-19T05:52:10.609+00:00,False,1,0.0,,0.0,300104.36586900003,300104.36586900003,300104.36586900003,300104.36586900003,300104.36586900003,300104.36586900003,nan,300104.36586900003,nan,nan,0.0,61,64,,True,False,TTFT timeout: 300.0s exceeded (TTFT: 300.097s),0,56.69694568066818
264,2026-09-19T05:47:10.795+00:00,2026-09-19T05:52:10.883+00:00,2026-09-19T05:52:10.883+00:00,False,1,0.0,,0.0,300088.041617,300088.041617,300088.041617,300088.041617,300088.041617,300088.041617,nan,300088.041617,nan,nan,0.0,61,64,,True,False,"HTTPConnectionPool(host='gpu03', port=9002): Read timed out.",0,56.69694568066818
265,2026-09-19T05:47:11.264+00:00,2026-09-19T05:52:11.360+00:00,2026-09-19T05:52:11.360+00:00,False,1,0.0,,0.0,300095.148087,300095.148087,300095.148087,300095.148087,300095.148087,300095.148087,nan,300095.148087,nan,nan,0.0,61,64,,True,False,TTFT timeout: 300.0s exceeded (TTFT: 300.085s),0,56.69694568066818
266,2026-09-19T05:47:11.564+00:00,2026-09-19T05:52:11.506+00:00,2026-09-19T05:52:11.632+00:00,False,3,2.0,,2.0,299942.00316,300068.413912,300068.413889,100022.80462966667,0.052969,299942.00316,173135.1161491602,269960.43862,63.205376,89.31095794899365,0.006665146704133053,61,64,,True,False,Request timeout: 300.0s exceeded,10,56.69694568066818
267,2026-09-19T05:47:11.958+00:00,2026-09-19T05:52:11.733+00:00,2026-09-19T05:52:12.027+00:00,False,5,4.0,,4.0,299774.97913700005,300069.02380900003,300069.02374400006,60013.80474880001,0.090029,299774.97913700005,134030.57779734148,239840.27554160007,73.511168,49.01950067752721,0.013330266314146709,61,64,,True,False,Request timeout: 300.0s exceeded,9,56.69694568066818
268,2026-09-19T05:47:12.457+00:00,2026-09-19T05:52:12.525+00:00,2026-09-19T05:52:12.525+00:00,False,1,0.0,,0.0,300068.035721,300068.035721,300068.035721,300068.035721,300068.035721,300068.035721,nan,300068.035721,nan,nan,0.0,61,64,,True,False,"HTTPConnectionPool(host='gpu03', port=9002): Read timed out.",0,56.69694568066818
269,2026-09-19T05:47:12.979+00:00,2026-09-19T05:52:12.944+00:00,2026-09-19T05:52:13.095+00:00,False,3,2.0,,2.0,299964.978137,300115.441625,300115.441437,100038.480479,0.038259999999999995,299964.978137,173141.4421893026,269983.5228273,75.231744,106.33944688498559,0.00666410228401056,61,64,,True,False,Request timeout: 300.0s exceeded,4,56.69694568066818
270,2026-09-19T05:47:13.312+00:00,2026-09-19T05:52:13.218+00:00,2026-09-19T05:52:13.354+00:00,False,3,2.0,,2.0,299906.28247399995,300042.03389799997,300042.03393999994,100014.01131333332,0.02282,299906.28247399995,173111.7981431217,269929.22709119995,67.875712,95.95853102432513,0.0066657327109037835,61,64,,True,False,Request timeout: 300.0s exceeded,4,56.69694568066818
271,2026-09-19T05:47:13.846+00:00,2026-09-19T05:52:13.817+00:00,2026-09-19T05:52:13.921+00:00,False,3,2.0,,2.0,299970.747976,300074.676808,300074.67691000004,100024.89230333334,0.06801900000000001,299970.747976,173158.1981707694,269984.0592699,51.964416,73.39284161992606,0.006665007595025026,61,64,,True,False,Request timeout: 300.0s exceeded,10,56.69694568066818
272,2026-09-19T05:47:14.381+00:00,2026-09-19T05:52:14.490+00:00,2026-09-19T05:52:14.490+00:00,False,1,0.0,,0.0,300109.012676,300109.012676,300109.012676,300109.012676,300109.012676,300109.012676,nan,300109.012676,nan,nan,0.0,61,64,,True,False,"HTTPConnectionPool(host='gpu03', port=9002): Read timed out.",0,56.69694568066818
273,2026-09-19T05:47:14.697+00:00,2026-09-19T05:52:14.643+00:00,2026-09-19T05:52:14.781+00:00,False,3,2.0,,2.0,299945.259383,300083.30379900004,300083.30378400005,100027.76792800002,0.046270000000000006,299945.259383,173133.64000079242,269964.5332578,69.022208,97.54661365891062,0.00666481598502937,61,64,,True,False,Request timeout: 300.0s exceeded,8,56.69694568066818
274,2026-09-19T05:47:15.148+00:00,2026-09-19T05:52:14.913+00:00,2026-09-19T05:52:15.255+00:00,False,5,4.0,,4.0,299765.427066,300107.38777000003,300107.387806,60021.4775612,0.032240000000000005,299765.427066,134020.95119092934,239836.09330059998,85.490176,57.088465531231925,0.013328562251408384,61,64,,True,False,Request timeout: 300.0s exceeded,14,56.69694568066818
275,2026-09-19T05:47:15.516+00:00,2026-09-19T05:52:15.553+00:00,2026-09-19T05:52:15.553+00:00,False,1,0.0,,0.0,300036.836668,300036.836668,300036.836668,300036.836668,300036.836668,300036.836668,nan,300036.836668,nan,nan,0.0,61,64,,True,False,TTFT timeout: 300.0s exceeded (TTFT: 300.032s),0,56.69694568066818
276,2026-09-19T05:47:15.941+00:00,2026-09-19T05:52:16.044+00:00,2026-09-19T05:52:16.044+00:00,False,1,0.0,,0.0,300102.4978,300102.4978,300102.4978,300102.4978,300102.4978,300102.4978,nan,300102.4978,nan,nan,0.0,61,64,,True,False,"HTTPConnectionPool(host='gpu03', port=9002): Read timed out.",0,56.69694568066818
277,2026-09-19T05:47:16.258+00:00,2026-09-19T05:52:16.368+00:00,2026-09-19T05:52:16.368+00:00,False,1,0.0,,0.0,300109.539557,300109.539557,300109.539557,300109.539557,300109.539557,300109.539557,nan,300109.539557,nan,nan,0.0,61,64,,True,False,"HTTPConnectionPool(host='gpu03', port=9002): Read timed out.",0,56.69694568066818
278,2026-09-19T05:47:17.480+00:00,2026-09-19T05:52:16.529+00:00,2026-09-19T05:52:17.640+00:00,False,13,12.0,,12.0,299049.16281699995,300159.45017699996,300159.45012799994,23089.188471384612,0.023940000000000003,299049.16281699995,82915.65973025399,119697.90237219998,92.52394666666667,34.572497703844384,0.03997875127011248,61,64,,True,False,Request timeout: 300.0s exceeded,37,56.69694568066818
279,2026-09-19T05:47:17.708+00:00,2026-09-19T05:52:16.768+00:00,2026-09-19T05:52:17.636+00:00,True,10,10.0,,10.0,299060.201695,299927.776991,299927.777033,29992.7777033,53.726608,299060.201695,94540.65739978688,164534.8264204,96.39725511111111,17.277613686145642,0.03334136004448855,61,64,,True,True,,41,56.69694568066818
281,2026-09-19T05:47:17.779+00:00,2026-09-19T05:52:17.980+00:00,2026-09-19T05:52:17.980+00:00,False,1,0.0,,0.0,300200.462925,300200.462925,300200.462925,300200.462925,300200.462925,300200.462925,nan,300200.462925,nan,nan,0.0,61,64,,True,False,"HTTPConnectionPool(host='gpu03', port=9002): Read timed out.",0,56.69694568066818
280,2026-09-19T05:47:17.759+00:00,2026-09-19T05:52:17.984+00:00,2026-09-19T05:52:17.984+00:00,False,1,0.0,,0.0,300224.823826,300224.823826,300224.823826,300224.823826,300224.823826,300224.823826,nan,300224.823826,nan,nan,0.0,61,64,,True,False,"HTTPConnectionPool(host='gpu03', port=9002): Read timed out.",0,56.69694568066818
282,2026-09-19T05:47:18.054+00:00,2026-09-19T05:52:18.151+00:00,2026-09-19T05:52:18.151+00:00,False,1,0.0,,0.0,300096.235101,300096.235101,300096.235101,300096.235101,300096.235101,300096.235101,nan,300096.235101,nan,nan,0.0,61,64,,True,False,"HTTPConnectionPool(host='gpu03', port=9002): Read timed out.",0,56.69694568066818
283,2026-09-19T05:47:18.488+00:00,2026-09-19T05:52:18.558+00:00,2026-09-19T05:52:18.558+00:00,False,1,0.0,,0.0,300069.316067,300069.316067,300069.316067,300069.316067,300069.316067,300069.316067,nan,300069.316067,nan,nan,0.0,61,64,,True,False,"HTTPConnectionPool(host='gpu03', port=9002): Read timed out.",0,56.69694568066818
284,2026-09-19T05:47:18.866+00:00,2026-09-19T05:52:18.981+00:00,2026-09-19T05:52:18.981+00:00,False,1,0.0,,0.0,300115.276573,300115.276573,300115.276573,300115.276573,300115.276573,300115.276573,nan,300115.276573,nan,nan,0.0,61,64,,True,False,"HTTPConnectionPool(host='gpu03', port=9002): Read timed out.",0,56.69694568066818
285,2026-09-19T05:47:19.378+00:00,2026-09-19T05:52:19.398+00:00,2026-09-19T05:52:20.584+00:00,False,16,15.0,,15.0,300019.709331,301206.011027,301206.010856,18825.3756785,0.038770000000000006,300019.709331,74985.16300988564,75085.20473475,79.08677973333333,34.41076376469584,0.04979980296161953,61,64,,True,False,Request timeout: 300.0s exceeded,52,56.69694568066818
286,2026-09-19T05:47:19.824+00:00,2026-09-19T05:52:19.423+00:00,2026-09-19T05:52:20.687+00:00,False,16,15.0,,15.0,299598.958986,300863.778954,300863.77889799996,18803.986181124998,0.03928,299598.958986,74878.6654185837,74978.90579475,84.3213312,31.038085876139764,0.04985645015877234,61,64,,True,False,Request timeout: 300.0s exceeded,55,56.69694568066818
288,2026-09-19T05:47:20.705+00:00,2026-09-19T05:52:20.730+00:00,2026-09-19T05:52:20.730+00:00,False,1,0.0,,0.0,300024.680822,300024.680822,300024.680822,300024.680822,300024.680822,300024.680822,nan,300024.680822,nan,nan,0.0,61,64,,True,False,"HTTPConnectionPool(host='gpu03', port=9002): Read timed out.",0,56.69694568066818
287,2026-09-19T05:47:20.301+00:00,2026-09-19T05:52:21.355+00:00,2026-09-19T05:52:21.355+00:00,False,1,0.0,,0.0,301054.253407,301054.253407,301054.253407,301054.253407,301054.253407,301054.253407,nan,301054.253407,nan,nan,0.0,61,64,,True,False,"HTTPConnectionPool(host='gpu03', port=9002): Read timed out.",0,56.69694568066818
0,2026-09-19T05:45:20.843+00:00,2026-09-19T05:45:21.093+00:00,2026-09-19T05:45:21.751+00:00,True,10,10.0,,10.0,250.609691,908.119067,908.119186,90.8119186,31.952716,250.609691,61.17230973623112,184.2759236,73.05659733333333,25.75335050726068,11.011771873742632,62,64,,False,True,,47,56.69694568066818
1,2026-09-19T05:45:21.538+00:00,2026-09-19T05:45:21.850+00:00,2026-09-19T05:45:26.898+00:00,True,54,54.0,,54.0,312.246933,5360.637077,5360.637222,99.27105966666667,44.579986,312.246933,37.5338021820318,113.20113440000002,95.2526442264151,23.39094641928286,10.073429561514036,62,64,,False,True,,254,56.69694568066818
2,2026-09-19T05:45:22.160+00:00,2026-09-19T05:45:26.117+00:00,2026-09-19T05:45:30.596+00:00,True,46,46.0,,46.0,3957.6987799999997,8436.384988,8436.384947,183.39967276086955,43.462469,3957.6987799999997,569.1634130653686,115.581221,99.52636017777778,18.900364501996673,5.452572406952844,62,64,,False,True,,154,56.69694568066818
3,2026-09-19T05:45:22.750+00:00,2026-09-19T05:45:29.120+00:00,2026-09-19T05:45:36.358+00:00,True,74,74.0,,74.0,6369.636942,13607.469902,13607.470027,183.8847300945946,0.0,6369.636942,729.6870060573032,125.26491989999998,99.14839671232876,33.470548598230614,5.438189504216623,62,64,,False,True,,304,56.69694568066818
4,2026-09-19T05:45:23.237+00:00,2026-09-19T05:45:31.534+00:00,2026-09-19T05:45:31.534+00:00,True,1,1.0,,1.0,8297.62876,8297.62876,8297.62876,8297.62876,8297.62876,8297.62876,nan,8297.62876,nan,nan,0.12051635821798323,62,64,,False,True,,4,56.69694568066818
5,2026-09-19T05:45:23.960+00:00,2026-09-19T05:45:35.163+00:00,2026-09-19T05:45:37.284+00:00,True,22,22.0,,22.0,11203.1324,13324.359408,13324.359387,605.6526994090909,0.0,11203.1324,2367.684539950389,255.84860419999993,101.01080990476191,59.17074882823927,1.6511112711948546,62,64,,False,True,,80,56.69694568066818
6,2026-09-19T05:45:24.421+00:00,2026-09-19T05:45:37.846+00:00,2026-09-19T05:45:37.846+00:00,True,1,1.0,,1.0,13424.868622,13424.868622,13424.868622,13424.868622,13424.868622,13424.868622,nan,13424.868622,nan,nan,0.07448862466789807,62,64,,False,True,,3,56.69694568066818
7,2026-09-19T05:45:25.116+00:00,2026-09-19T05:45:41.783+00:00,2026-09-19T05:45:49.793+00:00,True,82,82.0,,82.0,16666.5776,24677.512896,24677.512876,300.94527897560977,0.0,16666.5776,1830.477939630135,140.56641485,98.90043575308641,57.23806237720755,3.3228632214914757,62,64,,False,True,,320,56.69694568066818
8,2026-09-19T05:45:25.690+00:00,2026-09-19T05:45:44.823+00:00,2026-09-19T05:45:54.632+00:00,True,100,100.0,,100.0,19132.594735,28942.103343,28942.10324,289.4210324,0.0,19132.594735,1904.7982461387344,129.87144185,99.08594553535355,74.61924481153264,3.4551738971724117,62,64,,False,True,,354,56.69694568066818
9,2026-09-19T05:45:26.227+00:00,2026-09-19T05:45:48.140+00:00,2026-09-19T05:45:53.288+00:00,True,53,53.0,,53.0,21913.529145,27061.385529,27061.385491,510.5921790754717,0.0,21913.529145,2997.4165264856174,224.334547,98.99723815384615,76.60079174272448,1.9585102153473704,62,64,,False,True,,180,56.69694568066818
10,2026-09-19T05:45:26.938+00:00,2026-09-19T05:45:52.227+00:00,2026-09-19T05:45:53.493+00:00,True,17,17.0,,17.0,25289.827147999997,26555.711819999997,26555.711858999995,1562.100697588235,0.02312,25289.827147999997,6114.634619474933,5146.5745191999995,79.117792,42.65310960575136,0.6401635970155668,62,64,,False,True,,74,56.69694568066818
11,2026-09-19T05:45:27.552+00:00,2026-09-19T05:45:54.949+00:00,2026-09-19T05:46:02.779+00:00,True,84,84.0,,84.0,27396.75402,35226.528356,35226.528308,419.36343223809524,0.0,27396.75402,2979.4995220912347,115.29746359999999,94.33463055421686,58.18519489502619,2.384566516208873,62,64,,False,True,,339,56.69694568066818
12,2026-09-19T05:45:28.095+00:00,2026-09-19T05:45:58.012+00:00,2026-09-19T05:46:06.621+00:00,True,88,88.0,,88.0,29916.827346000002,38526.11093,38526.110881,437.7967145568182,0.0,29916.827346000002,3179.586589317152,116.02046869999998,98.95728257471265,79.83715237923049,2.284165151263037,62,64,,False,True,,430,56.69694568066818
13,2026-09-19T05:45:28.703+00:00,2026-09-19T05:46:01.549+00:00,2026-09-19T05:46:02.031+00:00,True,6,6.0,,6.0,32846.113823,33328.357151,33328.357359,5554.7262265,48.772346,32846.113823,13370.016242456559,24662.26500775,96.4486656,26.773503400657837,0.18002687539670623,62,64,,False,True,,14,56.69694568066818
14,2026-09-19T05:45:29.206+00:00,2026-09-19T05:46:04.469+00:00,2026-09-19T05:46:12.584+00:00,True,76,76.0,,76.0,35262.586934,43377.556022,43377.55593,570.7573148684211,0.0,35262.586934,4034.1311924158235,233.4264515,108.19958784,116.01896250607606,1.7520581371955286,62,64,,False,True,,256,56.69694568066818
15,2026-09-19T05:45:29.849+00:00,2026-09-19T05:46:07.845+00:00,2026-09-19T05:46:13.675+00:00,True,60,60.0,,60.0,37995.908956,43826.078044,43826.078235,730.43463725,0.0,37995.908956,4893.320618685984,112.7569434,98.81642522033899,90.7331816522513,1.3690478974587206,62,64,,False,True,,197,56.69694568066818
16,2026-09-19T05:45:30.569+00:00,2026-09-19T05:46:10.949+00:00,2026-09-19T05:46:18.609+00:00,True,81,81.0,,81.0,40379.671974,48039.464614,48039.464759999995,593.0798118518518,0.0,40379.671974,4476.685319618739,114.17508400000001,95.747408,79.30384871165572,1.6861137119416276,62,64,,False,True,,439,56.69694568066818
17,2026-09-19T05:45:31.059+00:00,2026-09-19T05:46:13.866+00:00,2026-09-19T05:46:15.716+00:00,True,21,21.0,,21.0,42807.136829,44656.549181,44656.549071,2126.502336714286,42.681341,42807.136829,9321.124467636084,107.055941,92.4706176,19.871938825782202,0.4702557717768049,62,64,,False,True,,129,56.69694568066818
18,2026-09-19T05:45:31.677+00:00,2026-09-19T05:46:17.125+00:00,2026-09-19T05:46:23.802+00:00,True,68,68.0,,68.0,45448.461887000005,52125.031231,52125.031414000005,766.5445796176472,0.0,45448.461887000005,5501.158695435153,118.25471045,99.6502887164179,142.0733313401042,1.3045555732839307,62,64,,False,True,,255,56.69694568066818
19,2026-09-19T05:45:32.334+00:00,2026-09-19T05:46:21.008+00:00,2026-09-19T05:46:30.656+00:00,True,96,96.0,,96.0,48673.49484399999,58321.67429999999,58321.67425699999,607.5174401770832,0.0,48673.49484399999,4958.7858398079115,117.88422600000001,101.55978374736843,119.85730143403505,1.6460432789735602,62,64,,False,True,,457,56.69694568066818
20,2026-09-19T05:45:33.012+00:00,2026-09-19T05:46:24.960+00:00,2026-09-19T05:46:27.964+00:00,True,29,29.0,,29.0,51947.379208,54952.166408,54952.166631,1894.9022976206895,49.665904000000005,51947.379208,9626.466811431681,117.98155419999999,107.31382857142857,12.905028634799415,0.5277316964118479,62,64,,False,True,,122,56.69694568066818
21,2026-09-19T05:45:33.549+00:00,2026-09-19T05:46:27.686+00:00,2026-09-19T05:46:34.500+00:00,True,68,68.0,,68.0,54137.011665,60950.644176999995,60950.644070999995,896.3330010441176,0.0,54137.011665,6553.423479514646,114.3369222,101.69600764179104,95.04352083444297,1.1156567894923104,62,64,,False,True,,322,56.69694568066818
22,2026-09-19T05:45:34.231+00:00,2026-09-19T05:46:31.088+00:00,2026-09-19T05:46:41.018+00:00,True,99,99.0,,99.0,56856.687474,66787.038322,66787.038369,674.6165491818182,0.0,56856.687474,5705.215281159624,112.82777999999999,101.33011069387754,111.94921750383992,1.48232355390116,62,64,,False,True,,353,56.69694568066818
23,2026-09-19T05:45:34.769+00:00,2026-09-19T05:46:34.506+00:00,2026-09-19T05:46:34.821+00:00,True,4,4.0,,4.0,59737.789607,60052.475559,60052.475558,15013.1188895,101.021763,59737.789607,29816.44733342333,50793.5009774,104.89531733333332,4.105492690767009,0.06660841143959342,62,64,,False,True,,11,56.69694568066818
24,2026-09-19T05:45:35.494+00:00,2026-09-19T05:46:39.356+00:00,2026-09-19T05:46:39.505+00:00,True,11,11.0,,11.0,63862.470068999995,64011.87192499999,64011.87194899999,5819.261086272727,0.0,63862.470068999995,19250.78359406797,31985.324582499998,14.9401856,35.22933629599983,0.17184312330200616,62,64,,False,True,,41,56.69694568066818
25,2026-09-19T05:45:36.114+00:00,2026-09-19T05:46:41.634+00:00,2026-09-19T05:46:46.680+00:00,True,52,52.0,,52.0,65519.96357199999,70566.41400399999,70566.41383199999,1357.0464198461536,48.321527,65519.96357199999,9072.280305226905,113.16102155,98.95000847058823,18.27197254468168,0.7368944664958096,62,64,,False,True,,245,56.69694568066818
26,2026-09-19T05:45:36.523+00:00,2026-09-19T05:46:43.926+00:00,2026-09-19T05:46:49.332+00:00,True,56,56.0,,56.0,67402.893868,72808.890924,72808.890755,1300.1587634821428,45.184793,67402.893868,8993.970065944633,113.550754,98.29085556363636,16.11340366328085,0.7691368360280944,62,64,,False,True,,272,56.69694568066818
27,2026-09-19T05:45:37.262+00:00,2026-09-19T05:46:47.562+00:00,2026-09-19T05:46:49.534+00:00,True,21,21.0,,21.0,70299.78154899999,72271.774893,72271.77510299999,3441.5131001428567,46.041652,70299.78154899999,15319.159798927854,111.00797900000002,98.5996672,13.909291107880197,0.2905698667438426,62,64,,False,True,,91,56.69694568066818
28,2026-09-19T05:45:37.733+00:00,2026-09-19T05:46:51.338+00:00,2026-09-19T05:46:59.326+00:00,True,89,89.0,,89.0,73605.41903599999,81593.38934,81593.389166,916.7796535505618,0.0,73605.41903599999,7793.054617308046,114.9857766,90.77238981818181,90.33679978049419,1.090774641425136,62,64,,False,True,,371,56.69694568066818
29,2026-09-19T05:45:38.271+00:00,2026-09-19T05:46:52.915+00:00,2026-09-19T05:46:55.740+00:00,True,23,23.0,,23.0,74643.614883,77468.969635,77468.96959400001,3368.216069304348,0.0289,74643.614883,15538.34432544124,788.7896312999999,128.425216,166.66402573437645,0.29689306709984614,62,64,,False,True,,127,56.69694568066818
30,2026-09-19T05:45:38.736+00:00,2026-09-19T05:46:55.708+00:00,2026-09-19T05:46:55.929+00:00,True,3,3.0,,3.0,76971.548752,77192.893008,77192.892913,25730.964304333334,94.830128,76971.548752,44375.650664202134,69287.0452801,110.672128,22.4036770986936,0.03886368139731582,62,64,,False,True,,11,56.69694568066818
31,2026-09-19T05:45:39.393+00:00,2026-09-19T05:46:59.438+00:00,2026-09-19T05:47:03.666+00:00,True,44,44.0,,44.0,80045.49957,84273.513394,84273.513421,1915.3071232045454,46.60822,80045.49957,12052.504900250173,112.71090330000001,98.32590288372093,19.23152200514792,0.5221094769632882,62,64,,False,True,,146,56.69694568066818
32,2026-09-19T05:45:39.939+00:00,2026-09-19T05:47:02.780+00:00,2026-09-19T05:47:07.384+00:00,True,50,50.0,,50.0,82841.10355300001,87445.694145,87445.694182,1748.9138836400002,0.0,82841.10355300001,11703.366881184738,110.9808498,93.97123657142856,166.1370506324669,0.5717834421565846,62,64,,False,True,,219,56.69694568066818
33,2026-09-19T05:45:40.366+00:00,2026-09-19T05:47:05.152+00:00,2026-09-19T05:47:10.812+00:00,True,58,58.0,,58.0,84786.120344,90445.46549599999,90445.46539699999,1559.4045758103448,49.627154000000004,84786.120344,11119.936480587436,112.18846590000001,99.28675705263157,15.381795248590468,0.6412704018043347,62,64,,False,True,,235,56.69694568066818
34,2026-09-19T05:45:40.849+00:00,2026-09-19T05:47:07.895+00:00,2026-09-19T05:47:17.487+00:00,True,90,90.0,,90.0,87045.18045700001,96637.896745,96637.89677100001,1073.7544085666668,44.295316,87045.18045700001,9164.489514090727,113.09791645000001,107.78332907865168,94.64339439309522,0.9313116596223577,62,64,,False,True,,505,56.69694568066818
35,2026-09-19T05:45:41.373+00:00,2026-09-19T05:47:10.918+00:00,2026-09-19T05:47:17.582+00:00,True,69,69.0,,69.0,89544.896374,96209.523574,96209.52360700001,1394.3409218405798,0.016529,89544.896374,10768.859349642149,110.0477874,98.00922352941177,125.41093237815987,0.7171847176535318,62,64,,False,True,,268,56.69694568066818
36,2026-09-19T05:45:41.829+00:00,2026-09-19T05:47:13.655+00:00,2026-09-19T05:47:14.988+00:00,True,16,16.0,,16.0,91826.68331299999,93159.245233,93159.24514699998,5822.452821687499,41.644132,91826.68331299999,22934.47492516464,23042.970163249993,88.83746133333332,25.720346036366315,0.1717489226107672,62,64,,False,True,,21,56.69694568066818
37,2026-09-19T05:45:42.494+00:00,2026-09-19T05:47:17.625+00:00,2026-09-19T05:47:20.409+00:00,True,29,29.0,,29.0,95131.245728,97915.53500799999,97915.53507499999,3376.3977612068966,0.0,95131.245728,17648.600381801956,838.7148556,99.43890285714285,244.77388341955037,0.29617363575280076,62,64,,False,True,,135,56.69694568066818
38,2026-09-19T05:45:42.955+00:00,2026-09-19T05:47:20.401+00:00,2026-09-19T05:47:21.497+00:00,True,15,15.0,,15.0,97445.78481,98542.174954,98542.174918,6569.478327866666,0.0,97445.78481,25140.205031628113,29308.459217299995,78.31358171428572,41.66668463166364,0.15221908798950376,62,64,,False,True,,76,56.69694568066818
39,2026-09-19T05:45:43.489+00:00,2026-09-19T05:47:22.560+00:00,2026-09-19T05:47:22.723+00:00,True,3,3.0,,3.0,99070.853028,99233.48522,99233.485217,33077.82840566667,55.51056,99070.853028,57151.641621466406,89174.4798881,81.316096,36.49458425034115,0.03023173068394221,62,64,,False,True,,23,56.69694568066818
40,2026-09-19T05:45:43.992+00:00,2026-09-19T05:47:25.340+00:00,2026-09-19T05:47:26.038+00:00,True,8,8.0,,8.0,101348.236957,102045.991837,102045.9917,12755.7489625,49.684134,101348.236957,35796.77699187365,65916.49628189999,99.67926857142857,22.61206495401903,0.0783960237534714,62,64,,False,True,,42,56.69694568066818
41,2026-09-19T05:45:44.428+00:00,2026-09-19T05:47:27.868+00:00,2026-09-19T05:47:35.040+00:00,True,74,74.0,,74.0,103440.623531,110612.676267,110612.676244,1494.7658951891892,45.706061999999996,103440.623531,12013.318579828716,111.6714673,98.24729775342466,16.635694052274637,0.6690010810458714,62,64,,True,True,,249,56.69694568066818
42,2026-09-19T05:45:44.875+00:00,2026-09-19T05:47:30.274+00:00,2026-09-19T05:47:36.969+00:00,True,68,68.0,,68.0,105399.175276,112093.726572,112093.726595,1648.4371558088235,41.892941,105399.175276,12769.42009339172,112.75644385,99.91867605970148,15.764460321871875,0.6066351978790023,62,64,,True,True,,278,56.69694568066818
43,2026-09-19T05:45:45.565+00:00,2026-09-19T05:47:34.029+00:00,2026-09-19T05:47:42.711+00:00,True,90,90.0,,90.0,108464.196572,117146.71254000001,117146.712348,1301.6301372,43.008108,108464.196572,11422.864093751146,113.99939185,97.55635919101124,19.961293704275,0.7682673977664486,62,64,,True,True,,439,56.69694568066818
44,2026-09-19T05:45:46.031+00:00,2026-09-19T05:47:36.548+00:00,2026-09-19T05:47:38.175+00:00,True,18,18.0,,18.0,110517.269472,112143.949024,112143.948832,6230.219379555556,52.015457000000005,110517.269472,26026.623722420427,16671.7786046,95.68703247058824,19.87503114915083,0.16050799135090033,62,64,,True,True,,72,56.69694568066818
45,2026-09-19T05:45:46.685+00:00,2026-09-19T05:47:39.847+00:00,2026-09-19T05:47:43.759+00:00,True,40,40.0,,40.0,113162.702407,117074.105927,117074.10596500001,2926.852649125,46.001012,113162.702407,17876.74538146285,113.68236885,100.29239794871795,17.88045932422639,0.3416639374119284,62,64,,True,True,,142,56.69694568066818
46,2026-09-19T05:45:47.108+00:00,2026-09-19T05:47:42.388+00:00,2026-09-19T05:47:49.803+00:00,True,75,75.0,,75.0,115280.341016,122695.31292000001,122695.312915,1635.9375055333335,42.696139,115280.341016,13299.866317658085,113.0008584,100.20232302702702,16.006417821885687,0.6112702939916019,62,64,,True,True,,322,56.69694568066818
47,2026-09-19T05:45:47.574+00:00,2026-09-19T05:47:45.013+00:00,2026-09-19T05:47:47.175+00:00,True,22,22.0,,22.0,117438.55544699999,119601.170487,119601.17056299999,5436.416843772727,97.5018,117438.55544699999,25016.028610924648,110.87972214999999,102.98166857142857,3.461953996831335,0.18394468808640366,62,64,,True,True,,116,56.69694568066818
48,2026-09-19T05:45:48.284+00:00,2026-09-19T05:47:48.485+00:00,2026-09-19T05:47:54.763+00:00,True,64,64.0,,64.0,120201.65230300001,126478.853455,126478.85326900001,1976.2320823281252,49.03605399999999,120201.65230300001,15012.7593007298,110.63075275000001,99.63811352380952,15.153785125893615,0.5060134421820214,62,64,,True,True,,212,56.69694568066818
49,2026-09-19T05:45:49.021+00:00,2026-09-19T05:47:52.782+00:00,2026-09-19T05:47:54.761+00:00,True,21,21.0,,21.0,123761.51543000001,125740.73975000001,125740.73961900001,5987.654267571429,53.744283,123761.51543000001,26985.383933843972,109.01321300000001,98.961216,11.307583089999513,0.16701031059426386,62,64,,True,True,,109,56.69694568066818
50,2026-09-19T05:45:49.592+00:00,2026-09-19T05:47:54.965+00:00,2026-09-19T05:48:00.784+00:00,True,60,60.0,,60.0,125372.93376999999,131191.965834,131191.965906,2186.5327651,47.929856,125372.93376999999,16172.852457011317,111.17999040000001,98.62766210169491,17.28639231612567,0.45734507916375977,62,64,,True,True,,258,56.69694568066818
51,2026-09-19T05:45:50.310+00:00,2026-09-19T05:47:59.535+00:00,2026-09-19T05:47:59.637+00:00,True,2,2.0,,2.0,129225.835775,129326.897919,129326.897996,64663.448998,101.06222100000001,129225.835775,91305.00299921077,122769.5970973,101.062144,nan,0.01546468702321028,62,64,,True,True,,10,56.69694568066818
52,2026-09-19T05:45:50.786+00:00,2026-09-19T05:48:01.862+00:00,2026-09-19T05:48:02.751+00:00,True,10,10.0,,10.0,131076.75365199998,131965.567988,131965.567954,13196.556795399998,46.895209,131076.75365199998,41418.88332962092,72140.86448784999,98.75714844444445,19.539387501887408,0.07577734216935533,62,64,,True,True,,29,56.69694568066818
53,2026-09-19T05:45:51.506+00:00,2026-09-19T05:48:05.658+00:00,2026-09-19T05:48:07.607+00:00,True,20,20.0,,20.0,134152.856081,136101.779473,136101.779562,6805.0889781000005,47.436818,134152.856081,29974.557401634353,6817.98182325,102.57491536842105,14.437007475377483,0.1469488501725844,62,64,,True,True,,71,56.69694568066818
54,2026-09-19T05:45:52.224+00:00,2026-09-19T05:48:08.033+00:00,2026-09-19T05:48:16.054+00:00,True,81,81.0,,81.0,135809.07942199998,143829.72966199997,143829.72954899998,1775.675673444444,48.639505,135809.07942199998,15078.766374183515,112.89998299999999,100.258128,16.06650147191863,0.5631659058968552,62,64,,True,True,,338,56.69694568066818
55,2026-09-19T05:45:52.424+00:00,2026-09-19T05:48:10.678+00:00,2026-09-19T05:48:18.392+00:00,True,78,78.0,,78.0,138254.223584,145968.005088,145968.005195,1871.3846819871794,45.341822,138254.223584,15642.873036528055,111.48646885,100.17898057142857,15.772992956695859,0.5343636775262907,62,64,,True,True,,288,56.69694568066818
56,2026-09-19T05:45:52.971+00:00,2026-09-19T05:48:13.461+00:00,2026-09-19T05:48:20.929+00:00,True,75,75.0,,75.0,140490.126999,147958.252951,147958.252731,1972.77670308,47.507997,140490.126999,16210.75686246411,112.418906,100.92062097297297,15.849424508117155,0.5068997403263344,62,64,,True,True,,344,56.69694568066818
57,2026-09-19T05:45:53.524+00:00,2026-09-19T05:48:16.679+00:00,2026-09-19T05:48:16.893+00:00,True,3,3.0,,3.0,143155.713699,143369.701795,143369.70172500002,47789.90057500001,105.00967200000001,143155.713699,82589.21684178195,128851.04016450001,106.994048,2.8063427657561717,0.020924923205110725,62,64,,True,True,,6,56.69694568066818
58,2026-09-19T05:45:54.011+00:00,2026-09-19T05:48:19.774+00:00,2026-09-19T05:48:26.038+00:00,True,67,67.0,,67.0,145762.622322,152026.681202,152026.681118,2269.0549420597017,43.622327,145762.622322,17796.155850452717,111.58145059999998,94.90998303030302,21.146283547407464,0.44071211362547696,62,64,,True,True,,233,56.69694568066818
59,2026-09-19T05:45:54.627+00:00,2026-09-19T05:48:22.484+00:00,2026-09-19T05:48:22.484+00:00,True,1,1.0,,1.0,147857.04603,147857.04603,147857.04603,147857.04603,147857.04603,147857.04603,nan,147857.04603,nan,nan,0.006763289453227014,62,64,,True,True,,3,56.69694568066818
60,2026-09-19T05:45:55.108+00:00,2026-09-19T05:48:25.827+00:00,2026-09-19T05:48:27.636+00:00,True,18,18.0,,18.0,150718.87502,152528.491404,152528.491589,8473.805088277779,97.924259,150718.87502,35499.68972594607,22703.6229159,106.44802258823529,4.2688204924810185,0.11801073907119203,62,64,,True,True,,109,56.69694568066818
61,2026-09-19T05:45:55.686+00:00,2026-09-19T05:48:28.640+00:00,2026-09-19T05:48:28.897+00:00,True,4,4.0,,4.0,152954.03520800002,153211.145992,153211.14592200003,38302.786480500006,52.82053500000001,152954.03520800002,76434.16967606025,130027.53868565003,85.70359466666667,29.74206236152573,0.026107761116863273,62,64,,True,True,,26,56.69694568066818
62,2026-09-19T05:45:56.300+00:00,2026-09-19T05:48:32.017+00:00,2026-09-19T05:48:32.340+00:00,True,4,4.0,,4.0,155716.90902700002,156039.99613100002,156039.99616500002,39009.999041250005,103.393745,155716.90902700002,77804.60673226466,132376.13620150002,107.69570133333333,4.186701330988554,0.025634453340039092,62,64,,True,True,,13,56.69694568066818
63,2026-09-19T05:45:56.731+00:00,2026-09-19T05:48:34.158+00:00,2026-09-19T05:48:43.476+00:00,True,93,93.0,,93.0,157426.91585800002,166744.95592200002,166744.95584,1792.9565144086023,46.76415,157426.91585800002,16313.917642079963,113.24487099999999,101.28304417391304,17.688212604255316,0.5577380106388559,62,64,,True,True,,438,56.69694568066818
64,2026-09-19T05:45:57.390+00:00,2026-09-19T05:48:37.656+00:00,2026-09-19T05:48:39.505+00:00,True,19,19.0,,19.0,160266.058268,162115.171356,162115.17123799998,8532.377433578948,49.729883,160266.058268,36743.99255300425,16132.248100399998,102.72850488888889,19.15354025959262,0.11720062867081436,62,64,,True,True,,95,56.69694568066818
65,2026-09-19T05:45:57.815+00:00,2026-09-19T05:48:40.143+00:00,2026-09-19T05:48:48.031+00:00,True,80,80.0,,80.0,162327.878099,170216.053459,170216.05346999998,2127.700668375,47.149159,162327.878099,18137.651895824558,111.54952829999998,99.85032101265823,16.034020886729113,0.4699909225616586,62,64,,True,True,,378,56.69694568066818
66,2026-09-19T05:45:58.385+00:00,2026-09-19T05:48:42.895+00:00,2026-09-19T05:48:49.219+00:00,True,66,66.0,,66.0,164509.866783,170834.13891100002,170834.138744,2588.396041575758,48.317667,164509.866783,20237.796529503303,111.352305,97.29649427692307,18.266275921451342,0.38633964160046613,62,64,,True,True,,359,56.69694568066818
67,2026-09-19T05:45:58.972+00:00,2026-09-19T05:48:46.358+00:00,2026-09-19T05:48:54.465+00:00,True,82,82.0,,82.0,167385.864653,175493.242061,175493.24203,2140.1614881707314,40.240725,167385.864653,18473.630064558223,110.36578449999999,100.0910791111111,15.94715148791337,0.4672544596987814,62,64,,True,True,,336,56.69694568066818
68,2026-09-19T05:45:59.527+00:00,2026-09-19T05:48:49.165+00:00,2026-09-19T05:48:55.299+00:00,True,61,61.0,,61.0,169637.667472,175771.891344,175771.891291,2881.5064146065574,48.773475,169637.667472,21706.791065279926,112.093707,102.23706453333332,12.462142342640139,0.34704069879192456,62,64,,True,True,,358,56.69694568066818
69,2026-09-19T05:46:00.118+00:00,2026-09-19T05:48:52.842+00:00,2026-09-19T05:48:53.055+00:00,True,3,3.0,,3.0,172723.569028,172937.16314,172937.163086,57645.72102866667,105.116864,172723.569028,99660.33979442978,155462.0598446,106.797056,2.376059804122783,0.017347341343695873,62,64,,True,True,,10,56.69694568066818
70,2026-09-19T05:46:00.859+00:00,2026-09-19T05:48:56.181+00:00,2026-09-19T05:48:57.362+00:00,True,12,12.0,,12.0,175321.998799,176503.38555099998,176503.38558899998,14708.61546575,104.229314,175321.998799,50580.09830061304,78956.65321535,107.39879563636364,2.6406773495864755,0.06798736444935016,62,64,,True,True,,41,56.69694568066818
71,2026-09-19T05:46:01.307+00:00,2026-09-19T05:48:58.885+00:00,2026-09-19T05:49:07.018+00:00,True,82,82.0,,82.0,177577.640461,185711.550989,185711.550926,2264.775011292683,46.229091,177577.640461,19599.087097765096,111.871489,100.41864849382716,16.245083239615084,0.44154496348402683,62,64,,True,True,,348,56.69694568066818
72,2026-09-19T05:46:01.980+00:00,2026-09-19T05:49:02.830+00:00,2026-09-19T05:49:07.935+00:00,True,51,51.0,,51.0,180849.59908,185954.77284000002,185954.77295800002,3646.172018784314,48.846455,180849.59908,25309.716603501052,113.8908065,102.1034752,15.69740646312591,0.27426023662152316,62,64,,True,True,,229,56.69694568066818
73,2026-09-19T05:46:02.481+00:00,2026-09-19T05:49:05.535+00:00,2026-09-19T05:49:13.088+00:00,True,76,76.0,,76.0,183054.38925,190606.86745800002,190606.86743,2507.985097763158,45.053943,183054.38925,20986.23488166485,113.01106374999999,100.69970943999999,17.75018718982133,0.39872645206105445,62,64,,True,True,,227,56.69694568066818
74,2026-09-19T05:46:03.108+00:00,2026-09-19T05:49:08.858+00:00,2026-09-19T05:49:12.043+00:00,True,33,33.0,,33.0,185750.45073100002,188934.903851,188934.90375000003,5725.300113636365,48.196337,185750.45073100002,32317.684819287446,112.12017459999998,99.51416,18.18141302479503,0.1746633328589451,62,64,,True,True,,130,56.69694568066818
75,2026-09-19T05:46:03.762+00:00,2026-09-19T05:49:12.244+00:00,2026-09-19T05:49:18.030+00:00,True,58,58.0,,58.0,188482.192719,194267.983951,194267.983987,3349.447999775862,48.961465,188482.192719,24735.601262418026,114.2463312,101.50510933333332,16.107990250611497,0.29855665776934853,62,64,,True,True,,240,56.69694568066818
76,2026-09-19T05:46:04.171+00:00,2026-09-19T05:49:14.718+00:00,2026-09-19T05:49:16.006+00:00,True,13,13.0,,13.0,190547.54417100002,191835.27639500002,191835.276321,14756.559717000002,99.776205,190547.54417100002,52818.617519411746,76287.729519,107.31101866666667,4.404186416811031,0.06776647259199732,62,64,,True,True,,37,56.69694568066818
77,2026-09-19T05:46:04.840+00:00,2026-09-19T05:49:18.243+00:00,2026-09-19T05:49:20.379+00:00,True,24,24.0,,24.0,193402.92264700003,195538.48232700003,195538.48222400004,8147.4367593333345,46.87379,193402.92264700003,39459.2596965219,110.605357,92.85042086956521,23.046660887990647,0.12273798852475838,62,64,,True,True,,67,56.69694568066818
78,2026-09-19T05:46:05.539+00:00,2026-09-19T05:49:22.151+00:00,2026-09-19T05:49:23.740+00:00,True,17,17.0,,17.0,196611.826132,198200.921044,198200.920983,11658.877704882352,50.753389999999996,196611.826132,47661.28733013277,39410.6529144,99.318432,18.720417407241154,0.08577154894364014,62,64,,True,True,,77,56.69694568066818
79,2026-09-19T05:46:06.209+00:00,2026-09-19T05:49:25.771+00:00,2026-09-19T05:49:26.256+00:00,True,6,6.0,,6.0,199561.867097,200047.37288900002,200047.372924,33341.22882066667,52.127117,199561.867097,81431.15284821705,149699.45348675002,97.1011584,25.31883317508508,0.02999289574939437,62,64,,True,True,,34,56.69694568066818
80,2026-09-19T05:46:06.710+00:00,2026-09-19T05:49:28.454+00:00,2026-09-19T05:49:33.311+00:00,True,48,48.0,,48.0,201744.154401,206600.989729,206600.98975500002,4304.1872865625,51.38951,201744.154401,29104.349481291305,116.666813,103.33692187234043,16.210814452883703,0.23233189764948342,62,64,,True,True,,200,56.69694568066818
81,2026-09-19T05:46:07.395+00:00,2026-09-19T05:49:32.424+00:00,2026-09-19T05:49:35.146+00:00,True,26,26.0,,26.0,205028.880838,207750.429638,207750.42974400002,7990.401144,101.431501,205028.880838,40188.12223857086,114.13623949999999,108.861952,3.209550873828092,0.1251501623621398,62,64,,True,True,,109,56.69694568066818
82,2026-09-19T05:46:07.766+00:00,2026-09-19T05:49:34.604+00:00,2026-09-19T05:49:40.532+00:00,True,60,60.0,,60.0,206838.605811,212765.637619,212765.637608,3546.093960133333,46.923868999999996,206838.605811,26689.784769683123,113.33600544999999,100.45816623728813,15.931930302100817,0.28200042390041463,62,64,,True,True,,278,56.69694568066818
83,2026-09-19T05:46:08.516+00:00,2026-09-19T05:49:39.182+00:00,2026-09-19T05:49:45.520+00:00,True,66,66.0,,66.0,210665.925067,217004.21473100001,217004.214829,3287.9426489242423,48.949127,210665.925067,25919.186983817694,111.270625,97.51214867692308,19.31319316803593,0.3041415581803979,62,64,,True,True,,306,56.69694568066818
84,2026-09-19T05:46:09.070+00:00,2026-09-19T05:49:42.252+00:00,2026-09-19T05:49:48.943+00:00,True,70,70.0,,70.0,213182.446864,219873.79432,219873.794317,3141.0542045285715,46.521462,213182.446864,25468.59321884132,111.81127244999999,96.97605008695652,20.491192305250355,0.31836445182786716,62,64,,True,True,,347,56.69694568066818
85,2026-09-19T05:46:09.680+00:00,2026-09-19T05:49:45.208+00:00,2026-09-19T05:49:46.421+00:00,True,13,13.0,,13.0,215527.73678900002,216741.606101,216741.60627400002,16672.431251846156,47.802730000000004,215527.73678900002,59748.58571153288,86278.61238560002,101.155776,17.448694789320395,0.05997925471652219,62,64,,True,True,,40,56.69694568066818
86,2026-09-19T05:46:10.230+00:00,2026-09-19T05:49:48.165+00:00,2026-09-19T05:49:54.273+00:00,True,64,64.0,,64.0,217934.192733,224042.619741,224042.619919,3500.665936234375,46.067074999999996,217934.192733,27229.659357320455,109.77586745,96.95915885714285,16.899487154759445,0.2856599341410394,62,64,,True,True,,202,56.69694568066818
87,2026-09-19T05:46:10.880+00:00,2026-09-19T05:49:51.403+00:00,2026-09-19T05:49:58.016+00:00,True,67,67.0,,67.0,220522.327132,227136.009564,227136.009645,3390.08969619403,44.206137999999996,220522.327132,26928.852490895046,111.40593550000001,100.20730957575758,15.840702267261312,0.29497744601840176,62,64,,True,True,,273,56.69694568066818
88,2026-09-19T05:46:11.371+00:00,2026-09-19T05:49:54.269+00:00,2026-09-19T05:49:55.542+00:00,True,14,14.0,,14.0,222897.358957,224170.609773,224170.60964699998,16012.186403357142,43.986948,222897.358957,59545.65309664163,78088.38044085,97.94237046153846,23.607594264918596,0.06245243305612945,62,64,,True,True,,60,56.69694568066818
89,2026-09-19T05:46:11.978+00:00,2026-09-19T05:49:57.336+00:00,2026-09-19T05:50:05.349+00:00,True,82,82.0,,82.0,225358.220028,233370.63295600002,233370.63302100002,2845.9833295243902,45.850415,225358.220028,24875.73527204406,112.29484149999999,98.91867812345679,18.59133431697537,0.35137240260843094,62,64,,True,True,,401,56.69694568066818
90,2026-09-19T05:46:12.486+00:00,2026-09-19T05:50:00.396+00:00,2026-09-19T05:50:09.548+00:00,True,97,97.0,,97.0,227909.463237,237062.07763699998,237062.07769399998,2443.938945298969,47.391,227909.463237,23131.02923713545,113.0405262,95.33973333333333,21.152567859748626,0.4091755246848495,62,64,,True,True,,423,56.69694568066818
91,2026-09-19T05:46:13.219+00:00,2026-09-19T05:50:04.316+00:00,2026-09-19T05:50:08.423+00:00,True,45,45.0,,45.0,231096.78958,235203.66574000003,235203.665542,5226.748123155556,46.447663999999996,231096.78958,34435.96857845217,114.13592959999998,93.33809454545455,22.5370450241811,0.1913235487143475,62,64,,True,True,,156,56.69694568066818
92,2026-09-19T05:46:13.675+00:00,2026-09-19T05:50:07.092+00:00,2026-09-19T05:50:13.770+00:00,True,69,69.0,,69.0,233417.450358,240094.949238,240094.949254,3479.636945710145,43.6637,233417.450358,28088.344122704097,113.6331104,98.19851294117647,19.90333207020388,0.2873863037060478,62,64,,True,True,,303,56.69694568066818
93,2026-09-19T05:46:14.332+00:00,2026-09-19T05:50:10.820+00:00,2026-09-19T05:50:14.630+00:00,True,37,37.0,,37.0,236488.691964,240298.165244,240298.165204,6494.545005513513,54.029385000000005,236488.691964,38861.10619728094,115.76715919999998,105.81870222222223,9.861715831364169,0.15397537456197388,62,64,,True,True,,200,56.69694568066818
94,2026-09-19T05:46:14.934+00:00,2026-09-19T05:50:14.195+00:00,2026-09-19T05:50:15.111+00:00,True,10,10.0,,10.0,239261.220217,240176.82085699998,240176.820669,24017.6820669,51.279962,239261.220217,75628.87254860351,131646.4976179,101.73340444444445,19.80710004751351,0.04163599120147379,62,64,,True,True,,34,56.69694568066818
95,2026-09-19T05:46:15.676+00:00,2026-09-19T05:50:18.832+00:00,2026-09-19T05:50:21.785+00:00,True,32,32.0,,32.0,243155.79173899998,246108.99084299998,246108.99107999998,7690.905971249999,44.901186,243155.79173899998,42967.44188828436,111.991271,95.26448722580645,21.333040317170695,0.13002369352858678,62,64,,True,True,,126,56.69694568066818
96,2026-09-19T05:46:16.139+00:00,2026-09-19T05:50:20.917+00:00,2026-09-19T05:50:27.162+00:00,True,67,67.0,,67.0,244778.636635,251023.289435,251023.289429,3746.6162601343285,43.649829,244778.636635,29892.91719219571,109.6738356,94.61595151515152,19.62190209317635,0.2669075054780883,62,64,,True,True,,277,56.69694568066818
97,2026-09-19T05:46:16.862+00:00,2026-09-19T05:50:24.539+00:00,2026-09-19T05:50:32.285+00:00,True,79,79.0,,79.0,247677.56096200002,255422.937986,255422.937967,3233.2017464177216,44.193298000000006,247677.56096200002,27854.735541341084,112.41101699999999,99.29970543589744,16.65287326774691,0.3092909377008657,62,64,,True,True,,350,56.69694568066818
98,2026-09-19T05:46:17.506+00:00,2026-09-19T05:50:28.089+00:00,2026-09-19T05:50:29.254+00:00,True,12,12.0,,12.0,250583.023979,251748.374123,251748.374315,20979.031192916667,100.063219,250583.023979,72306.50569473692,112822.27357755,105.94092218181818,2.3741118937582457,0.04766664349592583,62,64,,True,True,,40,56.69694568066818
99,2026-09-19T05:46:17.982+00:00,2026-09-19T05:50:30.507+00:00,2026-09-19T05:50:31.655+00:00,True,12,12.0,,12.0,252525.08109999998,253672.53965999998,253672.539727,21139.37831058333,98.485994,252525.08109999998,72867.59893634598,113698.325538,104.31441454545455,4.748508265332437,0.04730508085772204,62,64,,True,True,,45,56.69694568066818
100,2026-09-19T05:46:18.597+00:00,2026-09-19T05:50:33.340+00:00,2026-09-19T05:50:34.336+00:00,True,11,11.0,,11.0,254743.74409700002,255739.26076900001,255739.26091500002,23249.023719545457,48.436848,254743.74409700002,76778.11477834276,127426.665762,99.5516672,18.16674831656492,0.043012558834038,62,64,,True,True,,45,56.69694568066818
101,2026-09-19T05:46:19.304+00:00,2026-09-19T05:50:37.381+00:00,2026-09-19T05:50:43.798+00:00,True,65,65.0,,65.0,258076.973031,264494.021351,264494.021286,4069.1387890153846,48.398928999999995,258076.973031,31998.078103692624,114.64189220000002,100.26638,19.35776079108005,0.24575224675396712,62,64,,True,True,,238,56.69694568066818
102,2026-09-19T05:46:19.854+00:00,2026-09-19T05:50:40.604+00:00,2026-09-19T05:50:47.865+00:00,True,75,75.0,,75.0,260750.5173,268011.200308,268011.200142,3573.48266856,44.966877000000004,260750.5173,30097.552032676333,112.54909510000002,98.11733794594595,18.111599821627347,0.2798390511807326,62,64,,True,True,,315,56.69694568066818
103,2026-09-19T05:46:20.591+00:00,2026-09-19T05:50:44.206+00:00,2026-09-19T05:50:48.541+00:00,True,46,46.0,,46.0,263615.393994,267950.576586,267950.576596,5825.012534695652,46.069355,263615.393994,38853.76976842247,112.48340875,96.33739093333334,19.07603996961501,0.17167345032838954,62,64,,True,True,,185,56.69694568066818
104,2026-09-19T05:46:21.209+00:00,2026-09-19T05:50:47.862+00:00,2026-09-19T05:50:57.446+00:00,True,100,100.0,,100.0,266652.918345,276237.612105,276237.612281,2762.37612281,46.846853,266652.918345,26655.617107505805,111.56686180000001,96.81508848484849,19.11146478300862,0.36200718373567914,62,64,,True,True,,410,56.69694568066818
105,2026-09-19T05:46:21.868+00:00,2026-09-19T05:50:50.937+00:00,2026-09-19T05:50:52.059+00:00,True,13,13.0,,13.0,269068.779675,270190.804891,270190.80483,20783.908063846153,53.746947,269068.779675,74600.32181678012,107692.56791459997,93.50210133333333,18.881911668446467,0.0481141466129628,62,64,,True,True,,33,56.69694568066818
106,2026-09-19T05:46:22.745+00:00,2026-09-19T05:50:53.826+00:00,2026-09-19T05:51:00.146+00:00,True,64,64.0,,64.0,271081.647376,277401.308176,277401.308014,4334.39543771875,44.991305999999994,271081.647376,33872.67029497135,111.1574845,100.31207619047619,15.258539677246358,0.23071268272244252,62,64,,True,True,,310,56.69694568066818
107,2026-09-19T05:46:23.047+00:00,2026-09-19T05:50:57.708+00:00,2026-09-19T05:51:06.579+00:00,True,90,90.0,,90.0,274660.671984,283531.777008,283531.777067,3150.3530785222224,41.035546000000004,274660.671984,28941.275440987167,112.1823369,99.67533734831461,17.513324101174636,0.3174247378891171,62,64,,True,True,,329,56.69694568066818
108,2026-09-19T05:46:23.462+00:00,2026-09-19T05:50:59.834+00:00,2026-09-19T05:51:02.080+00:00,True,24,24.0,,24.0,276372.40699,278617.66011,278617.659988,11609.069166166666,45.755775,276372.40699,56394.35813184131,114.06221645000001,97.61970086956522,19.804365512740688,0.08613955048838129,62,64,,True,True,,111,56.69694568066818
109,2026-09-19T05:46:24.080+00:00,2026-09-19T05:51:03.296+00:00,2026-09-19T05:51:06.109+00:00,True,28,28.0,,28.0,279215.554438,282028.99981400004,282028.999972,10072.464284714286,50.334565000000005,279215.554438,52747.08888898107,112.73798255000001,104.2016805925926,11.52366958318398,0.09928057050326804,62,64,,True,True,,119,56.69694568066818
110,2026-09-19T05:46:24.674+00:00,2026-09-19T05:51:06.107+00:00,2026-09-19T05:51:09.222+00:00,True,36,36.0,,36.0,281432.326441,284548.114985,284548.11521099997,7904.114311416666,44.715817,281432.326441,46890.557284334136,112.8411555,89.02252982857142,25.30607439765028,0.12651638898362672,62,64,,True,True,,172,56.69694568066818
111,2026-09-19T05:46:25.128+00:00,2026-09-19T05:51:09.012+00:00,2026-09-19T05:51:11.197+00:00,True,23,23.0,,23.0,283883.594362,286068.58713,286068.586968,12437.764650782608,50.056516,283883.594362,59173.114240477524,110.4841835,99.3178530909091,16.151355440329745,0.08040029921058044,62,64,,True,True,,108,56.69694568066818
112,2026-09-19T05:46:25.853+00:00,2026-09-19T05:51:12.392+00:00,2026-09-19T05:51:16.671+00:00,True,44,44.0,,44.0,286538.667338,290817.26522600005,290817.265229,6609.483300659092,46.800083,286538.667338,43182.332165056294,111.35092095,99.50227646511628,16.994512639593115,0.1512977572559411,62,64,,True,True,,196,56.69694568066818
113,2026-09-19T05:46:26.515+00:00,2026-09-19T05:51:16.357+00:00,2026-09-19T05:51:24.926+00:00,True,87,87.0,,87.0,289841.83237099997,298411.317939,298411.31797699997,3430.015149160919,45.300926,289841.83237099997,31063.62905103679,113.56182629999999,99.64518102325582,19.380331581035286,0.29154390188975404,62,64,,True,True,,328,56.69694568066818
114,2026-09-19T05:46:26.994+00:00,2026-09-19T05:51:18.632+00:00,2026-09-19T05:51:27.042+00:00,False,85,84.0,,84.0,291637.624115,300047.80523500004,300047.805356,3529.9741806588236,0.02266,291637.624115,31621.688449076395,114.01884419999999,100.1212038095238,20.334576231610598,0.279955388889482,62,64,,True,False,Request timeout: 300.0s exceeded,292,56.69694568066818
115,2026-09-19T05:46:27.506+00:00,2026-09-19T05:51:21.354+00:00,2026-09-19T05:51:26.296+00:00,True,50,50.0,,50.0,293848.831277,298790.822957,298790.823007,5975.81646014,48.238739,293848.831277,41542.24125710316,115.97304189999998,100.8569730612245,19.1841812188226,0.16734115025746849,62,64,,True,True,,211,56.69694568066818
116,2026-09-19T05:46:28.219+00:00,2026-09-19T05:51:25.765+00:00,2026-09-19T05:51:28.301+00:00,False,27,26.0,,26.0,297545.72462,300081.970124,300081.97014,11114.147042222223,0.039520000000000007,297545.72462,57243.933551379814,112.789369,97.547904,25.008034454084314,0.08664299287710044,62,64,,True,False,Request timeout: 300.0s exceeded,98,56.69694568066818
117,2026-09-19T05:46:28.870+00:00,2026-09-19T05:51:28.833+00:00,2026-09-19T05:51:29.604+00:00,False,9,8.0,,8.0,299963.039597,300733.363565,300733.363549,33414.81817211111,0.02357,299963.039597,99955.58980963696,180026.375399,96.290496,39.344043973229134,0.02660163776032417,62,64,,True,False,Request timeout: 300.0s exceeded,26,56.69694568066818
118,2026-09-19T05:46:29.320+00:00,2026-09-19T05:51:29.604+00:00,2026-09-19T05:51:29.604+00:00,False,1,0.0,,0.0,300283.34114499995,300283.34114499995,300283.34114499995,300283.34114499995,300283.34114499995,300283.34114499995,nan,300283.34114499995,nan,nan,0.0,62,64,,True,False,TTFT timeout: 300.0s exceeded (TTFT: 300.002s),0,56.69694568066818
119,2026-09-19T05:46:29.812+00:00,2026-09-19T05:51:29.832+00:00,2026-09-19T05:51:29.832+00:00,False,1,0.0,,0.0,300019.638945,300019.638945,300019.638945,300019.638945,300019.638945,300019.638945,nan,300019.638945,nan,nan,0.0,62,64,,True,False,"HTTPConnectionPool(host='gpu03', port=9002): Read timed out.",0,56.69694568066818
120,2026-09-19T05:46:30.326+00:00,2026-09-19T05:51:30.354+00:00,2026-09-19T05:51:30.354+00:00,False,1,0.0,,0.0,300028.665261,300028.665261,300028.665261,300028.665261,300028.665261,300028.665261,nan,300028.665261,nan,nan,0.0,62,64,,True,False,"HTTPConnectionPool(host='gpu03', port=9002): Read timed out.",0,56.69694568066818
121,2026-09-19T05:46:30.958+00:00,2026-09-19T05:51:30.986+00:00,2026-09-19T05:51:30.986+00:00,False,1,0.0,,0.0,300028.233815,300028.233815,300028.233815,300028.233815,300028.233815,300028.233815,nan,300028.233815,nan,nan,0.0,62,64,,True,False,TTFT timeout: 300.0s exceeded (TTFT: 300.004s),0,56.69694568066818
122,2026-09-19T05:46:31.500+00:00,2026-09-19T05:51:31.206+00:00,2026-09-19T05:51:31.531+00:00,False,6,5.0,,5.0,299706.77435900003,300031.122007,300031.121914,50005.186985666674,0.02124,299706.77435900003,122328.30301118229,224810.15513775003,64.8695296,48.2282841474235,0.016664937845625713,62,64,,True,False,Request timeout: 300.0s exceeded,15,56.69694568066818
123,2026-09-19T05:46:32.173+00:00,2026-09-19T05:51:32.279+00:00,2026-09-19T05:51:32.279+00:00,False,1,0.0,,0.0,300105.27482,300105.27482,300105.27482,300105.27482,300105.27482,300105.27482,nan,300105.27482,nan,nan,0.0,62,64,,True,False,"HTTPConnectionPool(host='gpu03', port=9002): Read timed out.",0,56.69694568066818
124,2026-09-19T05:46:32.899+00:00,2026-09-19T05:51:32.911+00:00,2026-09-19T05:51:33.024+00:00,False,3,2.0,,2.0,300011.605472,300125.01833600004,300125.018172,100041.672724,0.02846,300011.605472,173179.0510275794,270021.78334880003,56.706432,80.1548189155993,0.006663889638686945,62,64,,True,False,Request timeout: 300.0s exceeded,5,56.69694568066818
125,2026-09-19T05:46:33.412+00:00,2026-09-19T05:51:33.446+00:00,2026-09-19T05:51:33.446+00:00,False,1,0.0,,0.0,300034.04130599997,300034.04130599997,300034.04130599997,300034.04130599997,300034.04130599997,300034.04130599997,nan,300034.04130599997,nan,nan,0.0,62,64,,True,False,"HTTPConnectionPool(host='gpu03', port=9002): Read timed out.",0,56.69694568066818
126,2026-09-19T05:46:34.075+00:00,2026-09-19T05:51:34.140+00:00,2026-09-19T05:51:34.140+00:00,False,1,0.0,,0.0,300065.31732800003,300065.31732800003,300065.31732800003,300065.31732800003,300065.31732800003,300065.31732800003,nan,300065.31732800003,nan,nan,0.0,62,64,,True,False,TTFT timeout: 300.0s exceeded (TTFT: 300.049s),0,56.69694568066818
127,2026-09-19T05:46:34.825+00:00,2026-09-19T05:51:34.548+00:00,2026-09-19T05:51:34.853+00:00,False,5,4.0,,4.0,299722.651092,300028.272596,300028.27263,60005.654526000006,0.02547,299722.651092,134005.88230730186,239799.76993,76.405376,51.37631678787499,0.013332076891920645,62,64,,True,False,Request timeout: 300.0s exceeded,14,56.69694568066818
128,2026-09-19T05:46:35.253+00:00,2026-09-19T05:51:35.298+00:00,2026-09-19T05:51:35.298+00:00,False,1,0.0,,0.0,300045.346712,300045.346712,300045.346712,300045.346712,300045.346712,300045.346712,nan,300045.346712,nan,nan,0.0,62,64,,True,False,"HTTPConnectionPool(host='gpu03', port=9002): Read timed out.",0,56.69694568066818
129,2026-09-19T05:46:35.911+00:00,2026-09-19T05:51:35.892+00:00,2026-09-19T05:51:36.019+00:00,False,3,2.0,,2.0,299980.828344,300107.965368,300107.965272,100035.988424,0.02535,299980.828344,173157.32238546296,269995.45666739997,63.568512,89.86360998175205,0.0066642682994020154,62,64,,True,False,Request timeout: 300.0s exceeded,3,56.69694568066818
130,2026-09-19T05:46:36.454+00:00,2026-09-19T05:51:36.255+00:00,2026-09-19T05:51:36.554+00:00,False,5,4.0,,4.0,299800.859064,300100.15148,300100.151337,60020.030267400005,0.04136,299800.859064,134041.56522728072,239861.4255036,74.823104,50.0377226361469,0.013328883641921712,62,64,,True,False,Request timeout: 300.0s exceeded,14,56.69694568066818
131,2026-09-19T05:46:37.785+00:00,2026-09-19T05:51:37.459+00:00,2026-09-19T05:51:37.998+00:00,False,7,6.0,,6.0,299673.85813300003,300212.64981300005,300212.64992600004,42887.521418000004,0.02556,299673.85813300003,113232.13832860219,209805.41402170004,89.79861333333332,44.10298106792675,0.019985833387558286,62,64,,True,False,Request timeout: 300.0s exceeded,19,56.69694568066818
132,2026-09-19T05:46:37.805+00:00,2026-09-19T05:51:37.679+00:00,2026-09-19T05:51:37.994+00:00,False,5,4.0,,4.0,299873.638995,300188.91144299996,300188.911552,60037.7823104,0.04161,299873.638995,134072.32748634188,239920.43386659998,78.818112,52.601959971034184,0.013324942552914791,62,64,,True,False,Request timeout: 300.0s exceeded,11,56.69694568066818
133,2026-09-19T05:46:38.110+00:00,2026-09-19T05:51:38.156+00:00,2026-09-19T05:51:38.156+00:00,False,1,0.0,,0.0,300045.687788,300045.687788,300045.687788,300045.687788,300045.687788,300045.687788,nan,300045.687788,nan,nan,0.0,62,64,,True,False,"HTTPConnectionPool(host='gpu03', port=9002): Read timed out.",0,56.69694568066818
134,2026-09-19T05:46:38.602+00:00,2026-09-19T05:51:38.826+00:00,2026-09-19T05:51:39.425+00:00,False,7,6.0,,6.0,300224.5775,300822.92886,300822.928947,42974.70413528572,0.03854,300224.5775,113436.54601595104,210212.203829,99.72522666666667,62.601906141707836,0.019945288155851778,62,64,,True,False,Request timeout: 300.0s exceeded,22,56.69694568066818
135,2026-09-19T05:46:39.277+00:00,2026-09-19T05:51:39.354+00:00,2026-09-19T05:51:39.575+00:00,False,6,5.0,,5.0,300077.049223,300297.991047,300297.990836,50049.66513933334,0.07361,300077.049223,122487.90471027938,225074.79264575,44.188364799999995,25.746367935902477,0.016650128036379185,62,64,,True,False,Request timeout: 300.0s exceeded,23,56.69694568066818
136,2026-09-19T05:46:40.020+00:00,2026-09-19T05:51:40.053+00:00,2026-09-19T05:51:40.053+00:00,False,1,0.0,,0.0,300032.518643,300032.518643,300032.518643,300032.518643,300032.518643,300032.518643,nan,300032.518643,nan,nan,0.0,62,64,,True,False,"HTTPConnectionPool(host='gpu03', port=9002): Read timed out.",0,56.69694568066818
137,2026-09-19T05:46:40.465+00:00,2026-09-19T05:51:40.575+00:00,2026-09-19T05:51:40.575+00:00,False,1,0.0,,0.0,300109.978818,300109.978818,300109.978818,300109.978818,300109.978818,300109.978818,nan,300109.978818,nan,nan,0.0,62,64,,True,False,"HTTPConnectionPool(host='gpu03', port=9002): Read timed out.",0,56.69694568066818
138,2026-09-19T05:46:40.967+00:00,2026-09-19T05:51:40.952+00:00,2026-09-19T05:51:41.080+00:00,False,3,2.0,,2.0,299985.70221899997,300113.536843,300113.536805,100037.84560166666,0.04185,299985.70221899997,173159.93504408427,269999.91127069993,63.917312,90.33371719730188,0.006664144580210226,62,64,,True,False,Request timeout: 300.0s exceeded,8,56.69694568066818
139,2026-09-19T05:46:41.393+00:00,2026-09-19T05:51:41.080+00:00,2026-09-19T05:51:41.421+00:00,False,6,5.0,,5.0,299686.74470599997,300028.137602,300028.13739299995,50004.6895655,0.020640000000000002,299686.74470599997,122318.73279260047,224790.52408349997,68.27857920000001,43.49975361835571,0.016665103613157484,62,64,,True,False,Request timeout: 300.0s exceeded,18,56.69694568066818
140,2026-09-19T05:46:41.807+00:00,2026-09-19T05:51:41.903+00:00,2026-09-19T05:51:41.903+00:00,False,1,0.0,,0.0,300095.95468699996,300095.95468699996,300095.95468699996,300095.95468699996,300095.95468699996,300095.95468699996,nan,300095.95468699996,nan,nan,0.0,62,64,,True,False,"HTTPConnectionPool(host='gpu03', port=9002): Read timed out.",0,56.69694568066818
141,2026-09-19T05:46:42.235+00:00,2026-09-19T05:51:42.343+00:00,2026-09-19T05:51:42.343+00:00,False,1,0.0,,0.0,300107.989782,300107.989782,300107.989782,300107.989782,300107.989782,300107.989782,nan,300107.989782,nan,nan,0.0,62,64,,True,False,"HTTPConnectionPool(host='gpu03', port=9002): Read timed out.",0,56.69694568066818
142,2026-09-19T05:46:42.982+00:00,2026-09-19T05:51:42.815+00:00,2026-09-19T05:51:43.035+00:00,False,4,3.0,,3.0,299833.70711,300053.55991,300053.559755,75013.38993875,0.02019,299833.70711,149880.22040248575,254875.27369175002,73.28426666666667,63.45492265265847,0.00999821498835021,62,64,,True,False,Request timeout: 300.0s exceeded,10,56.69694568066818
143,2026-09-19T05:46:43.423+00:00,2026-09-19T05:51:43.530+00:00,2026-09-19T05:51:43.530+00:00,False,1,0.0,,0.0,300106.99771499995,300106.99771499995,300106.99771499995,300106.99771499995,300106.99771499995,300106.99771499995,nan,300106.99771499995,nan,nan,0.0,62,64,,True,False,"HTTPConnectionPool(host='gpu03', port=9002): Read timed out.",0,56.69694568066818
144,2026-09-19T05:46:43.846+00:00,2026-09-19T05:51:43.942+00:00,2026-09-19T05:51:43.942+00:00,False,1,0.0,,0.0,300096.66836,300096.66836,300096.66836,300096.66836,300096.66836,300096.66836,nan,300096.66836,nan,nan,0.0,62,64,,True,False,"HTTPConnectionPool(host='gpu03', port=9002): Read timed out.",0,56.69694568066818
145,2026-09-19T05:46:44.356+00:00,2026-09-19T05:51:44.351+00:00,2026-09-19T05:51:44.481+00:00,False,3,2.0,,2.0,299994.722981,300124.689573,300124.68953200005,100041.56317733334,0.02552,299994.722981,173164.52814047397,270008.24478600005,64.983296,91.86405466370856,0.006663896938454094,62,64,,True,False,Request timeout: 300.0s exceeded,7,56.69694568066818
146,2026-09-19T05:46:44.857+00:00,2026-09-19T05:51:44.631+00:00,2026-09-19T05:51:44.891+00:00,False,5,4.0,,4.0,299773.981083,300033.98901900003,300033.98903600004,60006.797807200004,0.02155,299773.981083,134033.9373067264,239840.41645960003,65.001984,50.59567720494622,0.01333182288139593,62,64,,True,False,Request timeout: 300.0s exceeded,11,56.69694568066818
147,2026-09-19T05:46:45.412+00:00,2026-09-19T05:51:45.517+00:00,2026-09-19T05:51:45.517+00:00,False,1,0.0,,0.0,300105.64975,300105.64975,300105.64975,300105.64975,300105.64975,300105.64975,nan,300105.64975,nan,nan,0.0,62,64,,True,False,"HTTPConnectionPool(host='gpu03', port=9002): Read timed out.",0,56.69694568066818
148,2026-09-19T05:46:45.865+00:00,2026-09-19T05:51:45.864+00:00,2026-09-19T05:51:46.012+00:00,False,3,2.0,,2.0,299999.338077,300146.707293,300146.70714899997,100048.902383,0.04351,299999.338077,173162.17246750524,270014.1368255,73.684608,104.14422539751058,0.006663408098119235,62,64,,True,False,Request timeout: 300.0s exceeded,10,56.69694568066818
149,2026-09-19T05:46:46.583+00:00,2026-09-19T05:51:46.282+00:00,2026-09-19T05:51:46.684+00:00,False,6,5.0,,5.0,299698.88129299995,300100.59649299993,300100.59638099995,50016.76606349999,0.0264,299698.88129299995,122318.76274048255,224801.21409274996,80.34304,45.25828207439642,0.016661079845993004,62,64,,True,False,Request timeout: 300.0s exceeded,16,56.69694568066818
150,2026-09-19T05:46:47.090+00:00,2026-09-19T05:51:47.194+00:00,2026-09-19T05:51:47.194+00:00,False,1,0.0,,0.0,300104.417947,300104.417947,300104.417947,300104.417947,300104.417947,300104.417947,nan,300104.417947,nan,nan,0.0,62,64,,True,False,"HTTPConnectionPool(host='gpu03', port=9002): Read timed out.",0,56.69694568066818
151,2026-09-19T05:46:47.830+00:00,2026-09-19T05:51:47.827+00:00,2026-09-19T05:51:47.932+00:00,False,3,2.0,,2.0,299996.93861199997,300102.593908,300102.59407,100034.19802333332,0.03699,299996.93861199997,173172.82120661982,270007.8065976,52.827648,74.6574427011086,0.00666438758144531,62,64,,True,False,Request timeout: 300.0s exceeded,6,56.69694568066818
152,2026-09-19T05:46:48.491+00:00,2026-09-19T05:51:48.544+00:00,2026-09-19T05:51:48.544+00:00,False,1,0.0,,0.0,300053.151346,300053.151346,300053.151346,300053.151346,300053.151346,300053.151346,nan,300053.151346,nan,nan,0.0,62,64,,True,False,"HTTPConnectionPool(host='gpu03', port=9002): Read timed out.",0,56.69694568066818
153,2026-09-19T05:46:49.019+00:00,2026-09-19T05:51:49.087+00:00,2026-09-19T05:51:49.087+00:00,False,1,0.0,,0.0,300068.136408,300068.136408,300068.136408,300068.136408,300068.136408,300068.136408,nan,300068.136408,nan,nan,0.0,62,64,,True,False,"HTTPConnectionPool(host='gpu03', port=9002): Read timed out.",0,56.69694568066818
154,2026-09-19T05:46:49.641+00:00,2026-09-19T05:51:49.527+00:00,2026-09-19T05:51:49.655+00:00,False,3,2.0,,2.0,299885.607316,300013.916308,300013.916181,100004.638727,0.038770000000000006,299885.607316,173102.0084050898,269909.8735939,64.154496,90.67312845227141,0.006666357429722567,62,64,,True,False,Request timeout: 300.0s exceeded,4,56.69694568066818
155,2026-09-19T05:46:50.367+00:00,2026-09-19T05:51:50.603+00:00,2026-09-19T05:51:51.362+00:00,False,8,7.0,,7.0,300235.950495,300995.586207,300995.586168,37624.448271,0.023420000000000003,300235.950495,106111.08121188774,195205.8146256,108.51938742857143,50.57734553574127,0.02325615497625927,62,64,,True,False,Request timeout: 300.0s exceeded,21,56.69694568066818
156,2026-09-19T05:46:51.012+00:00,2026-09-19T05:51:51.254+00:00,2026-09-19T05:51:51.564+00:00,False,5,4.0,,4.0,300242.386167,300552.300535,300552.300645,60110.460129,0.03585,300242.386167,134237.83512508956,240216.37469439997,77.478592,52.082875467818276,0.013308831750346863,62,64,,True,False,Request timeout: 300.0s exceeded,14,56.69694568066818
157,2026-09-19T05:46:51.587+00:00,2026-09-19T05:51:51.635+00:00,2026-09-19T05:51:51.635+00:00,False,1,0.0,,0.0,300048.31443,300048.31443,300048.31443,300048.31443,300048.31443,300048.31443,nan,300048.31443,nan,nan,0.0,62,64,,True,False,"HTTPConnectionPool(host='gpu03', port=9002): Read timed out.",0,56.69694568066818
158,2026-09-19T05:46:52.221+00:00,2026-09-19T05:51:52.270+00:00,2026-09-19T05:51:52.270+00:00,False,1,0.0,,0.0,300049.097757,300049.097757,300049.097757,300049.097757,300049.097757,300049.097757,nan,300049.097757,nan,nan,0.0,62,64,,True,False,"HTTPConnectionPool(host='gpu03', port=9002): Read timed out.",0,56.69694568066818
159,2026-09-19T05:46:52.797+00:00,2026-09-19T05:51:52.767+00:00,2026-09-19T05:51:52.990+00:00,False,3,2.0,,2.0,299970.056437,300192.787189,300192.78715,100064.26238333333,0.038740000000000004,299970.056437,173123.53180831825,269995.3199906,111.365376,157.4393952398401,0.006662385258246759,62,64,,True,False,Request timeout: 300.0s exceeded,4,56.69694568066818
160,2026-09-19T05:46:53.213+00:00,2026-09-19T05:51:52.991+00:00,2026-09-19T05:51:53.265+00:00,False,5,4.0,,4.0,299778.035003,300051.844155,300051.84408,60010.368816,0.02151,299778.035003,134034.20616803595,239842.4551312,68.452288,46.570495473397976,0.013331029546792886,62,64,,True,False,Request timeout: 300.0s exceeded,17,56.69694568066818
161,2026-09-19T05:46:53.875+00:00,2026-09-19T05:51:53.952+00:00,2026-09-19T05:51:53.952+00:00,False,1,0.0,,0.0,300076.651166,300076.651166,300076.651166,300076.651166,300076.651166,300076.651166,nan,300076.651166,nan,nan,0.0,62,64,,True,False,"HTTPConnectionPool(host='gpu03', port=9002): Read timed out.",0,56.69694568066818
162,2026-09-19T05:46:54.607+00:00,2026-09-19T05:51:54.532+00:00,2026-09-19T05:51:54.645+00:00,False,3,2.0,,2.0,299924.720738,300037.470562,300037.470592,100012.49019733333,0.04367,299924.720738,173129.07933971984,269943.5192826,56.374912,79.66461855375528,0.006665834091501309,62,64,,True,False,Request timeout: 300.0s exceeded,4,56.69694568066818
163,2026-09-19T05:46:55.802+00:00,2026-09-19T05:51:56.025+00:00,2026-09-19T05:51:56.025+00:00,False,1,0.0,,0.0,300223.034513,300223.034513,300223.034513,300223.034513,300223.034513,300223.034513,nan,300223.034513,nan,nan,0.0,62,64,,True,False,TTFT timeout: 300.0s exceeded (TTFT: 300.018s),0,56.69694568066818
164,2026-09-19T05:46:55.819+00:00,2026-09-19T05:51:56.106+00:00,2026-09-19T05:51:56.106+00:00,False,1,0.0,,0.0,300287.331923,300287.331923,300287.331923,300287.331923,300287.331923,300287.331923,nan,300287.331923,nan,nan,0.0,62,64,,True,False,"HTTPConnectionPool(host='gpu03', port=9002): Read timed out.",0,56.69694568066818
165,2026-09-19T05:46:56.380+00:00,2026-09-19T05:51:56.403+00:00,2026-09-19T05:51:56.403+00:00,False,1,0.0,,0.0,300022.203453,300022.203453,300022.203453,300022.203453,300022.203453,300022.203453,nan,300022.203453,nan,nan,0.0,62,64,,True,False,"HTTPConnectionPool(host='gpu03', port=9002): Read timed out.",0,56.69694568066818
166,2026-09-19T05:46:56.951+00:00,2026-09-19T05:51:57.055+00:00,2026-09-19T05:51:57.055+00:00,False,1,0.0,,0.0,300104.191998,300104.191998,300104.191998,300104.191998,300104.191998,300104.191998,nan,300104.191998,nan,nan,0.0,62,64,,True,False,"HTTPConnectionPool(host='gpu03', port=9002): Read timed out.",0,56.69694568066818
167,2026-09-19T05:46:57.605+00:00,2026-09-19T05:51:57.410+00:00,2026-09-19T05:51:57.711+00:00,False,5,4.0,,4.0,299804.80578,300105.977748,300105.97773,60021.195546,0.038369,299804.80578,134043.12017728525,239864.961504,75.292992,50.32024310385028,0.013328624874506211,62,64,,True,False,Request timeout: 300.0s exceeded,24,56.69694568066818
168,2026-09-19T05:46:58.058+00:00,2026-09-19T05:51:57.609+00:00,2026-09-19T05:51:58.116+00:00,False,7,6.0,,6.0,299551.893782,300058.913558,300058.913655,42865.55909357143,0.054319,299551.893782,113188.04072755859,209717.0743361,84.503296,41.386124287648215,0.019996073200605747,62,64,,True,False,Request timeout: 300.0s exceeded,23,56.69694568066818
169,2026-09-19T05:46:58.654+00:00,2026-09-19T05:51:58.753+00:00,2026-09-19T05:51:58.753+00:00,False,1,0.0,,0.0,300098.60791,300098.60791,300098.60791,300098.60791,300098.60791,300098.60791,nan,300098.60791,nan,nan,0.0,62,64,,True,False,"HTTPConnectionPool(host='gpu03', port=9002): Read timed out.",0,56.69694568066818
170,2026-09-19T05:46:59.398+00:00,2026-09-19T05:51:59.201+00:00,2026-09-19T05:51:59.424+00:00,False,4,3.0,,3.0,299802.317986,300025.553058,300025.55317699997,75006.38829424999,0.04299,299802.317986,149863.96235786268,254848.90608489997,74.41169066666667,64.41847315737452,0.009999148303944796,62,64,,True,False,Request timeout: 300.0s exceeded,10,56.69694568066818
171,2026-09-19T05:47:00.103+00:00,2026-09-19T05:52:00.210+00:00,2026-09-19T05:52:00.210+00:00,False,1,0.0,,0.0,300106.192821,300106.192821,300106.192821,300106.192821,300106.192821,300106.192821,nan,300106.192821,nan,nan,0.0,62,64,,True,False,"HTTPConnectionPool(host='gpu03', port=9002): Read timed out.",0,56.69694568066818
172,2026-09-19T05:47:00.815+00:00,2026-09-19T05:52:00.802+00:00,2026-09-19T05:52:00.909+00:00,False,3,2.0,,2.0,299987.123064,300093.98027999996,300093.980332,100031.32677733334,0.03542,299987.123064,173166.8074496712,269999.09294239996,53.428608,75.50950071558412,0.006664578870039039,62,64,,True,False,Request timeout: 300.0s exceeded,5,56.69694568066818
173,2026-09-19T05:47:01.538+00:00,2026-09-19T05:52:01.588+00:00,2026-09-19T05:52:01.588+00:00,False,1,0.0,,0.0,300050.280829,300050.280829,300050.280829,300050.280829,300050.280829,300050.280829,nan,300050.280829,nan,nan,0.0,62,64,,True,False,"HTTPConnectionPool(host='gpu03', port=9002): Read timed out.",0,56.69694568066818
174,2026-09-19T05:47:01.978+00:00,2026-09-19T05:52:02.037+00:00,2026-09-19T05:52:02.037+00:00,False,1,0.0,,0.0,300058.358221,300058.358221,300058.358221,300058.358221,300058.358221,300058.358221,nan,300058.358221,nan,nan,0.0,62,64,,True,False,"HTTPConnectionPool(host='gpu03', port=9002): Read timed out.",0,56.69694568066818
175,2026-09-19T05:47:02.599+00:00,2026-09-19T05:52:02.334+00:00,2026-09-19T05:52:02.686+00:00,False,5,4.0,,4.0,299734.788637,300087.685405,300087.68548000004,60017.53709600001,0.02208,299734.788637,134006.02851834282,239815.25647020005,88.224192,62.873085878940344,0.013329437342960535,62,64,,True,False,Request timeout: 300.0s exceeded,11,56.69694568066818
176,2026-09-19T05:47:03.072+00:00,2026-09-19T05:52:02.688+00:00,2026-09-19T05:52:03.098+00:00,False,8,7.0,,7.0,299615.588527,300026.113199,300026.113249,37503.264156125,0.05479,299615.588527,105909.37800300069,194787.24456470003,58.64638171428572,36.646092624901904,0.023331302483517728,62,64,,True,False,Request timeout: 300.0s exceeded,27,56.69694568066818
177,2026-09-19T05:47:03.704+00:00,2026-09-19T05:52:03.938+00:00,2026-09-19T05:52:04.947+00:00,False,11,10.0,,10.0,300234.144707,301243.755459,301243.75541599997,27385.79594690909,0.022609,300234.144707,90493.56694990408,150188.098129,100.9610752,38.04953622243662,0.033195708852995706,62,64,,True,False,Request timeout: 300.0s exceeded,48,56.69694568066818
178,2026-09-19T05:47:04.255+00:00,2026-09-19T05:52:04.082+00:00,2026-09-19T05:52:05.150+00:00,False,12,11.0,,11.0,299827.567435,300895.453515,300895.453611,25074.62113425,0.02699,299827.567435,86524.74438432803,134990.65866,97.08055272727273,33.066387763875596,0.03655754805032851,62,64,,True,False,Request timeout: 300.0s exceeded,42,56.69694568066818
180,2026-09-19T05:47:05.314+00:00,2026-09-19T05:52:05.426+00:00,2026-09-19T05:52:05.426+00:00,False,1,0.0,,0.0,300111.698939,300111.698939,300111.698939,300111.698939,300111.698939,300111.698939,nan,300111.698939,nan,nan,0.0,62,64,,True,False,"HTTPConnectionPool(host='gpu03', port=9002): Read timed out.",0,56.69694568066818
179,2026-09-19T05:47:04.777+00:00,2026-09-19T05:52:05.854+00:00,2026-09-19T05:52:05.854+00:00,False,1,0.0,,0.0,301076.813267,301076.813267,301076.813267,301076.813267,301076.813267,301076.813267,nan,301076.813267,nan,nan,0.0,62,64,,True,False,"HTTPConnectionPool(host='gpu03', port=9002): Read timed out.",0,56.69694568066818
181,2026-09-19T05:47:05.970+00:00,2026-09-19T05:52:06.075+00:00,2026-09-19T05:52:06.075+00:00,False,1,0.0,,0.0,300105.25313200004,300105.25313200004,300105.25313200004,300105.25313200004,300105.25313200004,300105.25313200004,nan,300105.25313200004,nan,nan,0.0,62,64,,True,False,"HTTPConnectionPool(host='gpu03', port=9002): Read timed out.",0,56.69694568066818
182,2026-09-19T05:47:06.463+00:00,2026-09-19T05:52:06.544+00:00,2026-09-19T05:52:06.544+00:00,False,1,0.0,,0.0,300081.752835,300081.752835,300081.752835,300081.752835,300081.752835,300081.752835,nan,300081.752835,nan,nan,0.0,62,64,,True,False,TTFT timeout: 300.0s exceeded (TTFT: 300.077s),0,56.69694568066818
183,2026-09-19T05:47:07.165+00:00,2026-09-19T05:52:06.744+00:00,2026-09-19T05:52:07.198+00:00,False,9,8.0,,8.0,299578.401124,300033.18179600005,300033.18185600004,33337.02020622222,0.03624,299578.401124,99840.52237436216,179788.32354480002,56.847584,32.153135090051116,0.026663717499884384,62,64,,True,False,Request timeout: 300.0s exceeded,34,56.69694568066818
184,2026-09-19T05:47:07.670+00:00,2026-09-19T05:52:07.790+00:00,2026-09-19T05:52:07.790+00:00,False,1,0.0,,0.0,300119.684088,300119.684088,300119.684088,300119.684088,300119.684088,300119.684088,nan,300119.684088,nan,nan,0.0,62,64,,True,False,"HTTPConnectionPool(host='gpu03', port=9002): Read timed out.",0,56.69694568066818
185,2026-09-19T05:47:08.297+00:00,2026-09-19T05:52:08.271+00:00,2026-09-19T05:52:08.387+00:00,False,3,2.0,,2.0,299974.582764,300090.514412,300090.514549,100030.17151633333,0.0265,299974.582764,173156.94917864326,269988.7150161,57.965824,81.9387644717192,0.006664655841984268,62,64,,True,False,Request timeout: 300.0s exceeded,5,56.69694568066818
186,2026-09-19T05:47:08.926+00:00,2026-09-19T05:52:09.011+00:00,2026-09-19T05:52:09.011+00:00,False,1,0.0,,0.0,300084.61805299995,300084.61805299995,300084.61805299995,300084.61805299995,300084.61805299995,300084.61805299995,nan,300084.61805299995,nan,nan,0.0,62,64,,True,False,"HTTPConnectionPool(host='gpu03', port=9002): Read timed out.",0,56.69694568066818
187,2026-09-19T05:47:09.565+00:00,2026-09-19T05:52:09.599+00:00,2026-09-19T05:52:09.599+00:00,False,1,0.0,,0.0,300034.91335399996,300034.91335399996,300034.91335399996,300034.91335399996,300034.91335399996,300034.91335399996,nan,300034.91335399996,nan,nan,0.0,62,64,,True,False,TTFT timeout: 300.0s exceeded (TTFT: 300.027s),0,56.69694568066818
188,2026-09-19T05:47:10.172+00:00,2026-09-19T05:52:09.996+00:00,2026-09-19T05:52:10.205+00:00,False,4,3.0,,3.0,299823.992014,300032.63150200003,300032.63144200004,75008.15786050001,0.03986,299823.992014,149877.23083283578,254866.26952840004,69.546496,60.21420438762934,0.009998912401566567,62,64,,True,False,Request timeout: 300.0s exceeded,7,56.69694568066818
189,2026-09-19T05:47:10.678+00:00,2026-09-19T05:52:10.784+00:00,2026-09-19T05:52:10.784+00:00,False,1,0.0,,0.0,300105.774796,300105.774796,300105.774796,300105.774796,300105.774796,300105.774796,nan,300105.774796,nan,nan,0.0,62,64,,True,False,"HTTPConnectionPool(host='gpu03', port=9002): Read timed out.",0,56.69694568066818
190,2026-09-19T05:47:11.401+00:00,2026-09-19T05:52:11.357+00:00,2026-09-19T05:52:11.506+00:00,False,3,2.0,,2.0,299955.536175,300104.235823,300104.23586,100034.74528666667,0.0363,299955.536175,173136.4996023806,269974.848896,74.349824,105.09511996943324,0.0066643511195876295,62,64,,True,False,Request timeout: 300.0s exceeded,4,56.69694568066818
191,2026-09-19T05:47:11.950+00:00,2026-09-19T05:52:11.634+00:00,2026-09-19T05:52:12.028+00:00,False,6,5.0,,5.0,299683.56192199996,300077.44557,300077.44553399994,50012.907588999995,0.0396,299683.56192199996,122313.14773690994,224788.46213049997,78.7767296,44.11479817569733,0.016662365245420068,62,64,,True,False,Request timeout: 300.0s exceeded,14,56.69694568066818
192,2026-09-19T05:47:12.401+00:00,2026-09-19T05:52:12.513+00:00,2026-09-19T05:52:12.513+00:00,False,1,0.0,,0.0,300112.03301899997,300112.03301899997,300112.03301899997,300112.03301899997,300112.03301899997,300112.03301899997,nan,300112.03301899997,nan,nan,0.0,62,64,,True,False,"HTTPConnectionPool(host='gpu03', port=9002): Read timed out.",0,56.69694568066818
193,2026-09-19T05:47:12.841+00:00,2026-09-19T05:52:12.933+00:00,2026-09-19T05:52:12.933+00:00,False,1,0.0,,0.0,300092.414509,300092.414509,300092.414509,300092.414509,300092.414509,300092.414509,nan,300092.414509,nan,nan,0.0,62,64,,True,False,"HTTPConnectionPool(host='gpu03', port=9002): Read timed out.",0,56.69694568066818
194,2026-09-19T05:47:13.276+00:00,2026-09-19T05:52:13.094+00:00,2026-09-19T05:52:13.357+00:00,False,4,3.0,,3.0,299817.744235,300080.929899,300080.929848,75020.232462,0.022018999999999997,299817.744235,149865.02074369893,254865.61667184997,87.72855466666667,76.14160280562791,0.009997303064242463,62,64,,True,False,Request timeout: 300.0s exceeded,11,56.69694568066818
195,2026-09-19T05:47:14.019+00:00,2026-09-19T05:52:14.114+00:00,2026-09-19T05:52:14.114+00:00,False,1,0.0,,0.0,300095.68890899996,300095.68890899996,300095.68890899996,300095.68890899996,300095.68890899996,300095.68890899996,nan,300095.68890899996,nan,nan,0.0,62,64,,True,False,"HTTPConnectionPool(host='gpu03', port=9002): Read timed out.",0,56.69694568066818
196,2026-09-19T05:47:14.654+00:00,2026-09-19T05:52:14.643+00:00,2026-09-19T05:52:14.783+00:00,False,3,2.0,,2.0,299988.98692,300129.578792,300129.578845,100043.19294833334,0.027260000000000003,299988.98692,173158.15121706133,270004.1446945,70.295936,99.37472793301058,0.006663788381171413,62,64,,True,False,Request timeout: 300.0s exceeded,3,56.69694568066818
197,2026-09-19T05:47:15.075+00:00,2026-09-19T05:52:14.915+00:00,2026-09-19T05:52:15.138+00:00,False,4,3.0,,3.0,299840.57799900003,300063.57319900003,300063.57320100005,75015.89330025001,0.05482,299840.57799900003,149883.13236630106,254881.77663270003,74.33173333333333,64.43583597751567,0.009997881342332818,62,64,,True,False,Request timeout: 300.0s exceeded,12,56.69694568066818
198,2026-09-19T05:47:15.602+00:00,2026-09-19T05:52:15.644+00:00,2026-09-19T05:52:15.644+00:00,False,1,0.0,,0.0,300041.861676,300041.861676,300041.861676,300041.861676,300041.861676,300041.861676,nan,300041.861676,nan,nan,0.0,62,64,,True,False,"HTTPConnectionPool(host='gpu03', port=9002): Read timed out.",0,56.69694568066818
199,2026-09-19T05:47:16.054+00:00,2026-09-19T05:52:16.157+00:00,2026-09-19T05:52:16.157+00:00,False,1,0.0,,0.0,300103.771544,300103.771544,300103.771544,300103.771544,300103.771544,300103.771544,nan,300103.771544,nan,nan,0.0,62,64,,True,False,"HTTPConnectionPool(host='gpu03', port=9002): Read timed out.",0,56.69694568066818
200,2026-09-19T05:47:17.608+00:00,2026-09-19T05:52:17.868+00:00,2026-09-19T05:52:17.868+00:00,False,1,0.0,,0.0,300259.374008,300259.374008,300259.374008,300259.374008,300259.374008,300259.374008,nan,300259.374008,nan,nan,0.0,62,64,,True,False,TTFT timeout: 300.0s exceeded (TTFT: 300.012s),0,56.69694568066818
201,2026-09-19T05:47:17.799+00:00,2026-09-19T05:52:17.959+00:00,2026-09-19T05:52:17.959+00:00,False,1,0.0,,0.0,300159.273323,300159.273323,300159.273323,300159.273323,300159.273323,300159.273323,nan,300159.273323,nan,nan,0.0,62,64,,True,False,"HTTPConnectionPool(host='gpu03', port=9002): Read timed out.",0,56.69694568066818
202,2026-09-19T05:47:17.855+00:00,2026-09-19T05:52:17.959+00:00,2026-09-19T05:52:17.959+00:00,False,1,0.0,,0.0,300103.982404,300103.982404,300103.982404,300103.982404,300103.982404,300103.982404,nan,300103.982404,nan,nan,0.0,62,64,,True,False,"HTTPConnectionPool(host='gpu03', port=9002): Read timed out.",0,56.69694568066818
203,2026-09-19T05:47:18.546+00:00,2026-09-19T05:52:18.657+00:00,2026-09-19T05:52:18.657+00:00,False,1,0.0,,0.0,300111.096479,300111.096479,300111.096479,300111.096479,300111.096479,300111.096479,nan,300111.096479,nan,nan,0.0,62,64,,True,False,"HTTPConnectionPool(host='gpu03', port=9002): Read timed out.",0,56.69694568066818
204,2026-09-19T05:47:19.266+00:00,2026-09-19T05:52:19.398+00:00,2026-09-19T05:52:20.580+00:00,False,16,15.0,,15.0,300131.846908,301313.341436,301313.341534,18832.083845875,0.046,300131.846908,75013.2775073435,75112.305937,78.76630186666667,34.3897387028726,0.04978206384261963,62,64,,True,False,Request timeout: 300.0s exceeded,60,56.69694568066818
205,2026-09-19T05:47:19.926+00:00,2026-09-19T05:52:19.522+00:00,2026-09-19T05:52:20.688+00:00,False,15,14.0,,14.0,299595.403803,300761.407259,300761.407329,20050.7604886,0.023,299595.403803,77333.70252745406,89953.5097638,83.28596114285715,32.229225508907646,0.04654852538292565,62,64,,True,False,Request timeout: 300.0s exceeded,52,56.69694568066818
206,2026-09-19T05:47:20.412+00:00,2026-09-19T05:52:20.376+00:00,2026-09-19T05:52:20.686+00:00,False,5,4.0,,4.0,299964.478213,300274.168837,300274.168833,60054.8337666,0.04498,299964.478213,134113.57584873316,239992.8672802,77.422656,51.75189075560789,0.013321159177602616,62,64,,True,False,Request timeout: 300.0s exceeded,25,56.69694568066818
0,2026-09-19T05:45:20.842+00:00,2026-09-19T05:45:21.095+00:00,2026-09-19T05:45:29.324+00:00,True,88,88.0,,88.0,252.871085,8481.826477,8481.826372,96.38439059090909,31.117698,252.871085,28.599087536744488,113.2671918,94.58569416091954,23.22499500526351,10.375123829593525,63,64,,False,True,,439,56.69694568066818
1,2026-09-19T05:45:21.177+00:00,2026-09-19T05:45:21.368+00:00,2026-09-19T05:45:21.368+00:00,True,1,1.0,,1.0,191.062749,191.062749,191.062749,191.062749,191.062749,191.062749,nan,191.062749,nan,nan,5.233882613088541,63,64,,False,True,,3,56.69694568066818
2,2026-09-19T05:45:21.540+00:00,2026-09-19T05:45:21.849+00:00,2026-09-19T05:45:27.721+00:00,True,62,62.0,,62.0,309.247959,6180.568279,6180.5682910000005,99.68658533870968,41.946512000000006,309.247959,36.15507157734961,112.96330065000001,96.25115278688524,24.187696914225494,10.031440023186903,63,64,,False,True,,224,56.69694568066818
3,2026-09-19T05:45:22.066+00:00,2026-09-19T05:45:25.229+00:00,2026-09-19T05:45:26.588+00:00,True,15,15.0,,15.0,3162.501432,4521.708344000001,4521.708356,301.4472237333333,47.303379,3162.501432,791.7428474178456,1025.7078794000001,97.086208,20.893849532890876,3.3173302784784826,63,64,,False,True,,64,56.69694568066818
4,2026-09-19T05:45:22.636+00:00,2026-09-19T05:45:28.125+00:00,2026-09-19T05:45:31.893+00:00,True,39,39.0,,39.0,5489.232182,9257.77183,9257.771933,237.3787675128205,47.20381,5489.232182,863.2261187484906,109.8429433,99.172096,14.931546595973085,4.21267673433252,63,64,,False,True,,172,56.69694568066818
5,2026-09-19T05:45:22.983+00:00,2026-09-19T05:45:29.885+00:00,2026-09-19T05:45:39.402+00:00,True,97,97.0,,97.0,6902.1514910000005,16419.551043,16419.550957,169.27372120618557,0.0,6902.1514910000005,692.1760383246474,161.266164,99.13957866666667,44.77880164391674,5.907591489314998,63,64,,False,True,,403,56.69694568066818
6,2026-09-19T05:45:23.490+00:00,2026-09-19T05:45:32.711+00:00,2026-09-19T05:45:33.374+00:00,True,8,8.0,,8.0,9220.973919,9884.141663,9884.141673,1235.517709125,0.0,9220.973919,3227.3743978829293,6077.978083999999,94.73824914285714,75.78836780175075,0.8093773109249294,63,64,,False,True,,21,56.69694568066818
7,2026-09-19T05:45:23.887+00:00,2026-09-19T05:45:34.607+00:00,2026-09-19T05:45:41.889+00:00,True,75,75.0,,75.0,10720.465525,18002.175861,18002.175889,240.02901185333332,0.0,10720.465525,1227.3430829196918,152.3020363,98.40149102702702,44.96414937149629,4.1661630560159315,63,64,,False,True,,315,56.69694568066818
8,2026-09-19T05:45:24.449+00:00,2026-09-19T05:45:37.947+00:00,2026-09-19T05:45:45.493+00:00,True,78,78.0,,78.0,13498.402021,21043.886565,21043.886501,269.79341667948717,0.0,13498.402021,1517.8705027638118,117.64490160000001,97.99330576623377,41.97653142405839,3.7065396526955663,63,64,,False,True,,236,56.69694568066818
9,2026-09-19T05:45:25.030+00:00,2026-09-19T05:45:41.278+00:00,2026-09-19T05:45:42.763+00:00,True,16,16.0,,16.0,16248.088505000002,17733.072313,17733.072285000002,1108.3170178125001,0.0,16248.088505000002,4037.7349946409904,4271.09128625,98.99892053333333,63.2637710317995,0.9022689197669658,63,64,,False,True,,75,56.69694568066818
10,2026-09-19T05:45:25.539+00:00,2026-09-19T05:45:43.947+00:00,2026-09-19T05:45:52.245+00:00,True,83,83.0,,83.0,18407.982403,26706.165571,26706.165598000003,321.76103130120487,0.0,18407.982403,2010.5278229135847,120.582434,101.19735570731707,66.81903564430702,3.10789655592224,63,64,,False,True,,395,56.69694568066818
11,2026-09-19T05:45:25.914+00:00,2026-09-19T05:45:46.612+00:00,2026-09-19T05:45:52.608+00:00,True,61,61.0,,61.0,20697.954767,26694.176463,26694.176556,437.6094517377049,0.0,20697.954767,2638.142425698375,118.518994,99.93702826666667,66.9904441499949,2.2851426072106134,63,64,,False,True,,208,56.69694568066818
12,2026-09-19T05:45:26.242+00:00,2026-09-19T05:45:48.197+00:00,2026-09-19T05:45:50.374+00:00,True,23,23.0,,23.0,21954.843179000003,24131.720747000003,24131.720697000004,1049.2052476956524,0.0,21954.843179000003,4557.837422098248,359.41042519999996,98.94898036363637,73.67641316746163,0.953102360214379,63,64,,False,True,,89,56.69694568066818
13,2026-09-19T05:45:26.591+00:00,2026-09-19T05:45:50.210+00:00,2026-09-19T05:45:57.274+00:00,True,75,75.0,,75.0,23618.763562,30682.794794,30682.794603,409.10392804,0.0,23618.763562,2717.1454957280225,111.61773519999998,95.45988151351352,70.73214940416567,2.44436663946487,63,64,,False,True,,112,56.69694568066818
14,2026-09-19T05:45:27.023+00:00,2026-09-19T05:45:52.397+00:00,2026-09-19T05:45:58.544+00:00,True,66,66.0,,66.0,25374.46555,31521.171726,31521.171628,477.59350951515154,0.0,25374.46555,3112.234396436058,112.5162305,94.56471040000001,55.864601245296996,2.0938307932747433,63,64,,False,True,,323,56.69694568066818
15,2026-09-19T05:45:27.534+00:00,2026-09-19T05:45:54.944+00:00,2026-09-19T05:46:02.778+00:00,True,84,84.0,,84.0,27410.254648,35243.905847999995,35243.905957999996,419.5703090238095,0.0,27410.254648,2980.9625622775598,113.73806914999999,94.38133975903614,57.94481730684047,2.383390772926117,63,64,,False,True,,251,56.69694568066818
16,2026-09-19T05:45:27.924+00:00,2026-09-19T05:45:56.857+00:00,2026-09-19T05:46:06.618+00:00,True,99,99.0,,99.0,28932.511691,38693.841355,38693.841281,390.84688162626264,0.0,28932.511691,2898.796409409209,114.41571369999998,99.60540473469389,75.76921549453938,2.558546697178911,63,64,,False,True,,447,56.69694568066818
17,2026-09-19T05:45:28.341+00:00,2026-09-19T05:45:59.660+00:00,2026-09-19T05:46:05.752+00:00,True,59,59.0,,59.0,31318.99159,37410.97111,37410.97126,634.0842586440679,0.0,31318.99159,4064.2971230181633,114.72053640000001,105.0341296551724,69.61698336421007,1.5770774788636595,63,64,,False,True,,205,56.69694568066818
18,2026-09-19T05:45:28.824+00:00,2026-09-19T05:46:02.136+00:00,2026-09-19T05:46:06.826+00:00,True,47,47.0,,47.0,33312.289576,38002.478376,38002.478371000005,808.5633695957447,0.0,33312.289576,4844.894346651164,114.9007309,101.96062608695651,81.46124874226994,1.2367614431610934,63,64,,False,True,,259,56.69694568066818
19,2026-09-19T05:45:29.256+00:00,2026-09-19T05:46:04.683+00:00,2026-09-19T05:46:07.594+00:00,True,30,30.0,,30.0,35427.012311,38338.714839,38338.714808,1277.9571602666665,0.0,35427.012311,6451.080426324033,558.58103335,100.40353544827586,134.48447742624214,0.7824988429054629,63,64,,False,True,,97,56.69694568066818
20,2026-09-19T05:45:29.742+00:00,2026-09-19T05:46:07.590+00:00,2026-09-19T05:46:13.766+00:00,True,64,64.0,,64.0,37848.665949,44024.526429000005,44024.526522,687.88322690625,0.0,37848.665949,4719.6338020328485,112.25231260000001,98.02953142857143,87.82551009094395,1.4537351152025493,63,64,,False,True,,223,56.69694568066818
21,2026-09-19T05:45:30.336+00:00,2026-09-19T05:46:10.169+00:00,2026-09-19T05:46:19.454+00:00,True,97,97.0,,97.0,39832.795408,49117.574928,49117.574839,506.36675091752574,0.0,39832.795408,4035.235108993825,112.45825399999998,96.71645333333333,72.66902825201001,1.974853199535796,63,64,,False,True,,289,56.69694568066818
22,2026-09-19T05:45:30.843+00:00,2026-09-19T05:46:12.634+00:00,2026-09-19T05:46:18.129+00:00,True,59,59.0,,59.0,41791.219045000005,47286.118245000005,47286.118365,801.4596333050848,38.910249,41791.219045000005,5428.453744636695,111.2550791,94.73964137931034,19.52251910862674,1.2477234797389742,63,64,,False,True,,278,56.69694568066818
23,2026-09-19T05:45:31.173+00:00,2026-09-19T05:46:14.561+00:00,2026-09-19T05:46:20.406+00:00,True,61,61.0,,61.0,43388.156115000005,49233.120211,49233.120129,807.1003299836067,0.0,43388.156115000005,5543.42878304362,112.990737,97.41606826666667,83.43712031491567,1.2390033322805927,63,64,,False,True,,222,56.69694568066818
24,2026-09-19T05:45:31.606+00:00,2026-09-19T05:46:16.855+00:00,2026-09-19T05:46:17.557+00:00,True,8,8.0,,8.0,45248.854831,45950.807086999994,45950.807175999995,5743.850896999999,53.849334000000006,45248.854831,15962.443897217263,29451.1746866,100.27889371428572,20.963008649310225,0.17409922713334214,63,64,,False,True,,27,56.69694568066818
25,2026-09-19T05:45:32.194+00:00,2026-09-19T05:46:20.395+00:00,2026-09-19T05:46:23.026+00:00,True,30,30.0,,30.0,48201.705102,50832.024974,50832.024845,1694.4008281666668,0.0,48201.705102,8785.258986382574,541.3903869999999,90.7006852413793,161.39642739078278,0.5901791245842489,63,64,,False,True,,131,56.69694568066818
26,2026-09-19T05:45:32.766+00:00,2026-09-19T05:46:23.640+00:00,2026-09-19T05:46:29.450+00:00,True,57,57.0,,57.0,50874.343257,56684.380505,56684.380531,994.4628163333333,0.0,50874.343257,6725.492271942354,117.4783244,103.75066514285714,102.22118143863513,1.0055680152484363,63,64,,False,True,,317,56.69694568066818
27,2026-09-19T05:45:33.350+00:00,2026-09-19T05:46:26.818+00:00,2026-09-19T05:46:30.195+00:00,True,34,34.0,,34.0,53467.984888,56845.714168,56845.714085,1671.9327672058823,0.0,53467.984888,9153.075102064648,356.58803245,102.35543272727273,133.57362958574032,0.5981101741376226,63,64,,False,True,,133,56.69694568066818
28,2026-09-19T05:45:33.898+00:00,2026-09-19T05:46:29.402+00:00,2026-09-19T05:46:33.131+00:00,True,39,39.0,,39.0,55504.677351000006,59233.896167000006,59233.895942,1518.8178446666668,0.0,55504.677351000006,8872.178879305082,113.10694070000001,98.13733726315789,24.117569300627583,0.6584067995467673,63,64,,False,True,,158,56.69694568066818
29,2026-09-19T05:45:34.420+00:00,2026-09-19T05:46:32.585+00:00,2026-09-19T05:46:39.363+00:00,True,66,66.0,,66.0,58165.153740999995,64942.63572499999,64942.635823,983.979330651515,0.0,58165.153740999995,7148.020118948453,115.70650649999999,104.26895359999999,133.04580297428873,1.0162815115708796,63,64,,False,True,,230,56.69694568066818
30,2026-09-19T05:45:35.012+00:00,2026-09-19T05:46:36.042+00:00,2026-09-19T05:46:38.044+00:00,True,21,21.0,,21.0,61030.80111,63032.214742000004,63032.214645,3001.5340307142856,0.0179,61030.80111,13297.091969202935,751.9231560000001,100.0706816,160.17542445138136,0.3331629720763588,63,64,,False,True,,101,56.69694568066818
31,2026-09-19T05:45:35.467+00:00,2026-09-19T05:46:38.360+00:00,2026-09-19T05:46:45.686+00:00,True,75,75.0,,75.0,62893.086943999995,70219.385056,70219.385077,936.2584676933333,0.0,62893.086943999995,7251.520546406549,113.7994654,99.00402854054055,100.30726330476325,1.0680811280273597,63,64,,False,True,,267,56.69694568066818
32,2026-09-19T05:45:35.954+00:00,2026-09-19T05:46:40.912+00:00,2026-09-19T05:46:47.302+00:00,True,66,66.0,,66.0,64957.934773,71347.71269300001,71347.712762,1081.0259509393939,41.380413,64957.934773,7983.692409663517,113.17128425000001,98.3042756923077,19.64075172921256,0.9250471740277012,63,64,,False,True,,272,56.69694568066818
33,2026-09-19T05:45:36.542+00:00,2026-09-19T05:46:44.025+00:00,2026-09-19T05:46:48.181+00:00,True,43,43.0,,43.0,67482.869481,71638.519785,71638.519711,1666.0120863023255,46.618631,67482.869481,10275.965048281741,111.31658809999999,98.94405485714285,16.38837648265272,0.6002357408982023,63,64,,False,True,,184,56.69694568066818
34,2026-09-19T05:45:37.121+00:00,2026-09-19T05:46:46.303+00:00,2026-09-19T05:46:48.488+00:00,True,24,24.0,,24.0,69181.64964599999,71366.90225399999,71366.902299,2973.6209291249997,48.442665999999996,69181.64964599999,14102.265681103698,110.99619514999999,95.01098295652173,20.760989235968545,0.3362903424697104,63,64,,False,True,,109,56.69694568066818
35,2026-09-19T05:45:37.531+00:00,2026-09-19T05:46:49.183+00:00,2026-09-19T05:46:53.861+00:00,True,49,49.0,,49.0,71651.890333,76329.802397,76329.80242800001,1557.7510699591837,0.0,71651.890333,10223.066907345772,199.510854,97.45650133333334,144.8554624337198,0.6419510919882304,63,64,,False,True,,160,56.69694568066818
36,2026-09-19T05:45:38.057+00:00,2026-09-19T05:46:51.923+00:00,2026-09-19T05:47:00.447+00:00,True,85,85.0,,85.0,73865.621471,82389.715935,82389.715974,969.2907761647059,0.01703,73865.621471,8001.374571460624,115.9109602,101.47731504761904,92.62809470268772,1.0316821588152985,63,64,,False,True,,255,56.69694568066818
37,2026-09-19T05:45:38.406+00:00,2026-09-19T05:46:53.328+00:00,2026-09-19T05:46:58.785+00:00,True,55,55.0,,55.0,74921.99238699999,80378.94342699999,80378.94337499999,1461.435334090909,0.01677,74921.99238699999,10089.372107020006,115.7876108,101.05464888888889,103.28822239978753,0.68425880778031,63,64,,False,True,,152,56.69694568066818
38,2026-09-19T05:45:38.732+00:00,2026-09-19T05:46:55.671+00:00,2026-09-19T05:46:56.769+00:00,True,12,12.0,,12.0,76939.06390899999,78037.45085299999,78037.45087199999,6503.120905999999,70.331245,76939.06390899999,22181.573016006198,34685.57433015,99.85335854545454,13.196559936767917,0.1537723217356822,63,64,,False,True,,49,56.69694568066818
39,2026-09-19T05:45:39.221+00:00,2026-09-19T05:46:58.351+00:00,2026-09-19T05:47:02.465+00:00,True,41,41.0,,41.0,79130.22747,83243.989774,83243.98976899999,2030.3412138780486,48.730246,79130.22747,12342.013176765704,116.45510699999998,102.8440576,15.440530379620443,0.492528050509248,63,64,,False,True,,191,56.69694568066818
40,2026-09-19T05:45:39.568+00:00,2026-09-19T05:47:00.766+00:00,2026-09-19T05:47:01.416+00:00,True,7,7.0,,7.0,81197.73227400001,81848.271026,81848.27118800001,11692.610169714288,104.758364,81197.73227400001,30648.87821154715,56873.23009620001,108.42312533333333,4.047350298921539,0.08552410346916642,63,64,,False,True,,34,56.69694568066818
41,2026-09-19T05:45:39.895+00:00,2026-09-19T05:47:02.675+00:00,2026-09-19T05:47:05.150+00:00,True,28,28.0,,28.0,82779.733728,85255.17411200001,85255.17415100001,3044.82764825,0.0,82779.733728,15628.11337317352,809.3201539500001,91.68297718518518,223.6140854775959,0.3284258145226037,63,64,,False,True,,105,56.69694568066818
42,2026-09-19T05:45:40.303+00:00,2026-09-19T05:47:04.902+00:00,2026-09-19T05:47:12.302+00:00,True,76,76.0,,76.0,84599.008894,91999.330174,91999.330023,1210.5175003026316,44.405816,84599.008894,9692.867214844535,113.44561875000001,98.67095040000001,16.40278616859721,0.8260929710712004,63,64,,False,True,,352,56.69694568066818
43,2026-09-19T05:45:40.776+00:00,2026-09-19T05:47:07.378+00:00,2026-09-19T05:47:17.604+00:00,True,100,100.0,,100.0,86602.003587,96828.191875,96828.191836,968.28191836,0.01751,86602.003587,8650.49206533754,110.70125105,103.29483119191919,104.19438713609027,1.0327570727448327,63,64,,False,True,,559,56.69694568066818
44,2026-09-19T05:45:41.114+00:00,2026-09-19T05:47:09.459+00:00,2026-09-19T05:47:17.469+00:00,True,79,79.0,,79.0,88344.602033,96354.635441,96354.635481,1219.6789301392405,0.01761,88344.602033,9928.513298726624,114.12181400000001,102.692736,102.55129571672606,0.8198879030409844,63,64,,False,True,,428,56.69694568066818
45,2026-09-19T05:45:41.553+00:00,2026-09-19T05:47:11.791+00:00,2026-09-19T05:47:18.457+00:00,True,70,70.0,,70.0,90237.39791599999,96903.82709999998,96903.826926,1384.3403846571427,0.01622,90237.39791599999,10774.494699440467,112.86713994999998,96.61491571014493,115.52999012100767,0.7223656907560879,63,64,,False,True,,315,56.69694568066818
46,2026-09-19T05:45:41.940+00:00,2026-09-19T05:47:14.375+00:00,2026-09-19T05:47:17.764+00:00,True,35,35.0,,35.0,92434.804804,95823.860804,95823.860713,2737.8245918,0.01576,92434.804804,15608.290930090423,386.65269,99.67811764705883,160.99352775449714,0.3652534943419749,63,64,,False,True,,112,56.69694568066818
47,2026-09-19T05:45:42.326+00:00,2026-09-19T05:47:16.505+00:00,2026-09-19T05:47:21.824+00:00,True,55,55.0,,55.0,94178.84738600001,99497.632922,99497.633107,1809.0478746727274,0.0,94178.84738600001,12687.700152789961,421.3742844,98.49602844444445,222.10426983068083,0.5527769695095822,63,64,,False,True,,205,56.69694568066818
48,2026-09-19T05:45:42.854+00:00,2026-09-19T05:47:20.412+00:00,2026-09-19T05:47:22.350+00:00,True,32,32.0,,32.0,97557.37928000001,99495.87937600001,99495.87945200001,3109.2462328750003,0.0,97557.37928000001,17234.88969023826,108.5807907,62.53226116129033,50.93108437942349,0.3216213596049578,63,64,,False,True,,64,56.69694568066818
49,2026-09-19T05:45:43.262+00:00,2026-09-19T05:47:21.293+00:00,2026-09-19T05:47:25.444+00:00,True,42,42.0,,42.0,98031.370081,102182.051169,102182.051223,2432.9059815,43.750857,98031.370081,15110.95846376747,114.70025125000001,101.23612409756097,18.233392452626003,0.41103109126803244,63,64,,False,True,,193,56.69694568066818
50,2026-09-19T05:45:43.767+00:00,2026-09-19T05:47:23.829+00:00,2026-09-19T05:47:27.867+00:00,True,42,42.0,,42.0,100062.238838,104100.079734,104100.079775,2478.5733279761907,48.842196,100062.238838,15424.75455854208,114.82310865000001,98.48392429268293,19.72202258504482,0.40345790423330896,63,64,,False,True,,196,56.69694568066818
51,2026-09-19T05:45:44.179+00:00,2026-09-19T05:47:26.457+00:00,2026-09-19T05:47:28.640+00:00,True,24,24.0,,24.0,102277.981743,104461.30436699999,104461.304381,4352.554349208333,46.644051,102277.981743,20858.039351007163,109.61144095,94.92707060869566,21.56059923489969,0.22975014667327623,63,64,,True,True,,86,56.69694568066818
52,2026-09-19T05:45:44.541+00:00,2026-09-19T05:47:28.636+00:00,2026-09-19T05:47:36.129+00:00,True,77,77.0,,77.0,104095.085564,111588.51199599999,111588.51212799999,1449.201456207792,43.771727,104095.085564,11851.510461079952,112.1050016,98.59771621052631,16.073522584734746,0.6900351893101698,63,64,,True,True,,233,56.69694568066818
53,2026-09-19T05:45:45.017+00:00,2026-09-19T05:47:31.152+00:00,2026-09-19T05:47:35.040+00:00,True,40,40.0,,40.0,106135.608704,110023.186304,110023.186268,2750.5796566999998,44.930574,106135.608704,16765.759722207484,113.2742209,99.68147692307693,16.09749127162404,0.36355973085053034,63,64,,True,True,,124,56.69694568066818
54,2026-09-19T05:45:45.393+00:00,2026-09-19T05:47:33.244+00:00,2026-09-19T05:47:36.346+00:00,True,32,32.0,,32.0,107850.226366,110952.95583800001,110952.955913,3467.27987228125,43.378658,107850.226366,19047.72172210857,113.16777585,100.08804748387097,18.13314093455114,0.2884105228050211,63,64,,True,True,,162,56.69694568066818
55,2026-09-19T05:45:45.834+00:00,2026-09-19T05:47:35.614+00:00,2026-09-19T05:47:41.867+00:00,True,66,66.0,,66.0,109779.943027,116033.768051,116033.768096,1758.0873953939395,46.194321,109779.943027,13501.14975330768,112.20106500000001,96.21269267692308,20.8490513380625,0.5687999373681565,63,64,,True,True,,325,56.69694568066818
56,2026-09-19T05:45:46.425+00:00,2026-09-19T05:47:38.377+00:00,2026-09-19T05:47:40.058+00:00,True,20,20.0,,20.0,111951.973953,113633.61363299999,113633.61358399999,5681.6806792,45.838372,111951.973953,25013.444965796967,5702.9563367499995,88.50735157894736,26.61393488039854,0.176004259308285,63,64,,True,True,,98,56.69694568066818
57,2026-09-19T05:45:46.843+00:00,2026-09-19T05:47:40.740+00:00,2026-09-19T05:47:41.977+00:00,True,13,13.0,,13.0,113897.592798,115134.028766,115134.02888,8856.46376,50.600271,113897.592798,31560.935740059092,45628.20067199999,103.03633066666667,17.290992528773174,0.11291188312728447,63,64,,True,True,,77,56.69694568066818
58,2026-09-19T05:45:47.404+00:00,2026-09-19T05:47:43.867+00:00,2026-09-19T05:47:49.593+00:00,True,59,59.0,,59.0,116462.608076,122188.32686,122188.326822,2070.98859020339,48.530826,116462.608076,15149.297256193357,113.54619389999999,98.71928937931034,16.93052180611764,0.4828611825383333,63,64,,True,True,,284,56.69694568066818
59,2026-09-19T05:45:47.964+00:00,2026-09-19T05:47:46.865+00:00,2026-09-19T05:47:48.329+00:00,True,15,15.0,,15.0,118900.352125,120364.544893,120364.544899,8024.302993266667,98.923097,118900.352125,30672.93536659794,35749.4931989,104.58519771428571,3.977062914540045,0.12462141582751375,63,64,,True,True,,39,56.69694568066818
60,2026-09-19T05:45:48.321+00:00,2026-09-19T05:47:48.795+00:00,2026-09-19T05:47:48.907+00:00,True,2,2.0,,2.0,120473.57398199999,120585.55324599998,120585.55335699998,60292.77667849999,111.979375,120473.57398199999,85108.49974103588,114455.49425164997,111.979264,nan,0.016585734743198546,63,64,,True,True,,10,56.69694568066818
61,2026-09-19T05:45:48.819+00:00,2026-09-19T05:47:51.544+00:00,2026-09-19T05:47:56.702+00:00,True,54,54.0,,54.0,122724.675293,127882.576861,127882.57681,2368.195866851852,44.148085,122724.675293,16687.477581578274,108.966205,97.31889750943395,16.541712632017244,0.42226237010139756,63,64,,True,True,,185,56.69694568066818
62,2026-09-19T05:45:49.416+00:00,2026-09-19T05:47:54.355+00:00,2026-09-19T05:48:03.851+00:00,True,97,97.0,,97.0,124939.619048,134435.54147999999,134435.541387,1385.9334163608246,47.133328,124939.619048,12675.66299870955,109.12916680000001,98.91585866666667,16.06561193845649,0.7215353836651204,63,64,,True,True,,289,56.69694568066818
63,2026-09-19T05:45:49.916+00:00,2026-09-19T05:47:56.807+00:00,2026-09-19T05:47:58.699+00:00,True,20,20.0,,20.0,126891.33049699999,128783.22732899999,128783.22722199999,6439.161361099999,50.601012000000004,126891.33049699999,28351.50404885736,6453.4391649,99.5735174736842,17.791080140692337,0.1552997266399171,63,64,,True,True,,81,56.69694568066818
64,2026-09-19T05:45:50.252+00:00,2026-09-19T05:47:59.020+00:00,2026-09-19T05:48:01.196+00:00,True,22,22.0,,22.0,128767.405727,130943.09340700001,130943.093233,5951.958783318182,93.54505,128767.405727,27431.214920912844,110.01896420000001,103.60417523809524,3.8646729260714663,0.1680119159215152,63,64,,True,True,,132,56.69694568066818
65,2026-09-19T05:45:50.656+00:00,2026-09-19T05:48:01.200+00:00,2026-09-19T05:48:07.514+00:00,True,65,65.0,,65.0,130543.851644,136857.246332,136857.246215,2105.4960956153845,47.310588,130543.851644,16179.747228530538,111.2414822,98.646792,18.899755043865103,0.47494744883524426,63,64,,True,True,,154,56.69694568066818
66,2026-09-19T05:45:51.060+00:00,2026-09-19T05:48:03.166+00:00,2026-09-19T05:48:07.717+00:00,True,47,47.0,,47.0,132106.237415,136657.33578300002,136657.335885,2907.602891170213,48.259186,132106.237415,19255.252877814466,112.30283169999998,98.93692104347826,18.94153048473459,0.34392592048356574,63,64,,True,True,,192,56.69694568066818
67,2026-09-19T05:45:51.560+00:00,2026-09-19T05:48:05.763+00:00,2026-09-19T05:48:12.273+00:00,True,65,65.0,,65.0,134203.020681,140712.548745,140712.548667,2164.8084410307692,45.977610999999996,134203.020681,16633.227214531857,112.92601140000001,101.711376,15.277679689236216,0.461934636105507,63,64,,True,True,,230,56.69694568066818
68,2026-09-19T05:45:52.231+00:00,2026-09-19T05:48:09.728+00:00,2026-09-19T05:48:18.715+00:00,True,90,90.0,,90.0,137497.57340599998,146484.51714999997,146484.51701299998,1627.6057445888887,44.188616,137497.57340599998,14482.881595808132,113.6083839,100.976896,15.938283828486657,0.6143994037802651,63,64,,True,True,,409,56.69694568066818
69,2026-09-19T05:45:52.421+00:00,2026-09-19T05:48:10.681+00:00,2026-09-19T05:48:16.054+00:00,True,55,55.0,,55.0,138260.29193,143633.663322,143633.663286,2611.5211506545456,48.276716,138260.29193,18629.603361160156,112.076368,99.50687762962963,16.1904753369466,0.38291859114322113,63,64,,True,True,,142,56.69694568066818
70,2026-09-19T05:45:52.896+00:00,2026-09-19T05:48:12.991+00:00,2026-09-19T05:48:22.374+00:00,True,94,94.0,,94.0,140095.011004,149477.972412,149477.972447,1590.191196244681,44.576155,140095.011004,14439.2995829275,113.5443746,100.89205815053764,15.954686852905088,0.6288551984162031,63,64,,True,True,,380,56.69694568066818
71,2026-09-19T05:45:53.234+00:00,2026-09-19T05:48:15.223+00:00,2026-09-19T05:48:16.371+00:00,True,13,13.0,,13.0,141989.236872,143137.04820000002,143137.04817300002,11010.542167153846,41.720282,141989.236872,39354.206235756705,56864.370868800004,95.650944,23.177616905221953,0.0908220489627227,63,64,,True,True,,52,56.69694568066818
72,2026-09-19T05:45:53.790+00:00,2026-09-19T05:48:18.502+00:00,2026-09-19T05:48:28.166+00:00,True,99,99.0,,99.0,144711.048,154375.842368,154375.84223900002,1559.351941808081,48.308816,144711.048,14534.106942360668,112.34543399999998,98.62035069387755,18.061381178613452,0.6412920472621909,63,64,,True,True,,393,56.69694568066818
73,2026-09-19T05:45:54.221+00:00,2026-09-19T05:48:20.876+00:00,2026-09-19T05:48:24.932+00:00,True,45,45.0,,45.0,146655.114709,150711.144661,150711.14468599999,3349.1365485777774,46.045691,146655.114709,21848.324371329945,112.01371780000001,92.18249890909091,23.557143480374076,0.29858442188346535,63,64,,True,True,,144,56.69694568066818
74,2026-09-19T05:45:54.627+00:00,2026-09-19T05:48:22.483+00:00,2026-09-19T05:48:28.431+00:00,True,63,63.0,,63.0,147855.755913,153803.811977,153803.812054,2441.330350063492,43.434948,147855.755913,18615.999800163718,112.10485919999999,95.93638812903225,21.62776394297589,0.4096127344972509,63,64,,True,True,,222,56.69694568066818
75,2026-09-19T05:45:55.104+00:00,2026-09-19T05:48:25.726+00:00,2026-09-19T05:48:26.259+00:00,True,6,6.0,,6.0,150622.402448,151155.05704,151155.05715100002,25192.509525166668,101.324341,150622.402448,61447.8473969181,112994.84865475,106.5309184,5.055053539686875,0.03969433849912297,63,64,,True,True,,18,56.69694568066818
76,2026-09-19T05:45:55.433+00:00,2026-09-19T05:48:27.094+00:00,2026-09-19T05:48:31.710+00:00,True,48,48.0,,48.0,151661.698755,156277.62093099998,156277.621071,3255.7837723125,47.337269,151661.698755,21876.31289929788,112.19943060000001,98.21111012765958,18.67552631052243,0.30714570463798563,63,64,,True,True,,161,56.69694568066818
77,2026-09-19T05:45:55.757+00:00,2026-09-19T05:48:28.947+00:00,2026-09-19T05:48:32.773+00:00,True,39,39.0,,39.0,153189.88098800002,157016.14198000001,157016.14199700003,4026.0549230000006,46.661120000000004,153189.88098800002,24513.894347127632,112.28017469999999,100.69107873684212,15.866314170672258,0.24838210586633594,63,64,,True,True,,155,56.69694568066818
78,2026-09-19T05:45:56.248+00:00,2026-09-19T05:48:31.814+00:00,2026-09-19T05:48:40.037+00:00,True,82,82.0,,82.0,155565.844177,163789.13224099998,163789.13241599998,1997.428444097561,44.598475,155565.844177,17168.171628112388,115.55374210000002,101.52207486419753,17.96989449469766,0.5006437171871995,63,64,,True,True,,370,56.69694568066818
79,2026-09-19T05:45:56.810+00:00,2026-09-19T05:48:34.371+00:00,2026-09-19T05:48:40.361+00:00,True,61,61.0,,61.0,157560.84707,163550.30166199998,163550.301705,2681.152486967213,45.942902000000004,157560.84707,20160.82830264153,113.53449199999999,99.8242432,20.48023765309841,0.3729739375599881,63,64,,True,True,,291,56.69694568066818
80,2026-09-19T05:45:57.303+00:00,2026-09-19T05:48:37.122+00:00,2026-09-19T05:48:40.468+00:00,True,34,34.0,,34.0,159818.722393,163165.247577,163165.24772,4798.977874117647,45.897192000000004,159818.722393,27391.300076436135,115.65258005,101.40985406060607,19.820746974371986,0.20837770606731018,63,64,,True,True,,99,56.69694568066818
81,2026-09-19T05:45:57.625+00:00,2026-09-19T05:48:39.120+00:00,2026-09-19T05:48:47.667+00:00,True,86,86.0,,86.0,161495.334531,170041.83027500001,170041.830374,1977.230585744186,47.740928,161495.334531,17403.65440778511,112.66613575000001,100.54700875294118,15.576737600802387,0.5057579059277153,63,64,,True,True,,324,56.69694568066818
82,2026-09-19T05:45:58.053+00:00,2026-09-19T05:48:41.323+00:00,2026-09-19T05:48:42.586+00:00,True,13,13.0,,13.0,163270.038387,164533.104243,164533.104204,12656.392631076924,95.262256,163270.038387,45253.7687899642,65374.8567456,105.255488,4.9033282558926885,0.07901145523152725,63,64,,True,True,,53,56.69694568066818
83,2026-09-19T05:45:58.545+00:00,2026-09-19T05:48:43.887+00:00,2026-09-19T05:48:50.848+00:00,True,72,72.0,,72.0,165341.18656200002,172302.791426,172302.79135400002,2393.0943243611114,46.75203,165341.18656200002,19474.09840406943,112.41120255,98.05077273239436,17.881301557426145,0.41786902814585164,63,64,,True,True,,335,56.69694568066818
84,2026-09-19T05:45:59.045+00:00,2026-09-19T05:48:46.523+00:00,2026-09-19T05:48:50.530+00:00,True,42,42.0,,42.0,167477.028447,171484.923487,171484.923407,4082.974366833333,46.838649,167477.028447,25827.189565799843,112.5466757,97.75353756097562,18.8804000209961,0.24491948998177646,63,64,,True,True,,152,56.69694568066818
85,2026-09-19T05:45:59.547+00:00,2026-09-19T05:48:49.164+00:00,2026-09-19T05:48:58.474+00:00,True,93,93.0,,93.0,169617.21055000002,178926.964918,178926.964898,1923.9458591182797,45.657482,169617.21055000002,17577.99893001857,111.7358836,101.19298226086956,15.500394425688938,0.5197651457544185,63,64,,True,True,,381,56.69694568066818
86,2026-09-19T05:46:00.038+00:00,2026-09-19T05:48:52.100+00:00,2026-09-19T05:48:52.736+00:00,True,7,7.0,,7.0,172062.503496,172698.73927199998,172698.73923799998,24671.248462571428,102.38428900000001,172062.503496,64993.43441944918,120476.8105905,106.039296,2.6618283595549883,0.040533011587160585,63,64,,True,True,,33,56.69694568066818
87,2026-09-19T05:46:00.525+00:00,2026-09-19T05:48:54.567+00:00,2026-09-19T05:48:56.497+00:00,True,21,21.0,,21.0,174041.35703,175971.66077400002,175971.660608,8379.60288609524,48.930544999999995,174041.35703,37957.88110415128,111.162098,96.5151872,19.375805582969406,0.11933739732655163,63,64,,True,True,,75,56.69694568066818
88,2026-09-19T05:46:01.115+00:00,2026-09-19T05:48:57.684+00:00,2026-09-19T05:48:59.815+00:00,True,23,23.0,,23.0,176568.59299,178699.786078,178699.78615600002,7769.555919826087,45.73766199999999,176568.59299,36796.90277155424,112.93338019999999,96.87241309090909,20.325754610483084,0.12870748479777594,63,64,,True,True,,107,56.69694568066818
89,2026-09-19T05:46:01.562+00:00,2026-09-19T05:49:00.018+00:00,2026-09-19T05:49:02.088+00:00,True,23,23.0,,23.0,178456.085259,180525.76615500002,180525.76616000003,7848.946354782609,47.610476999999996,178456.085259,37191.055667926026,109.0632798,94.07640436363636,21.444794125224142,0.1274056357154697,63,64,,True,True,,78,56.69694568066818
90,2026-09-19T05:46:02.026+00:00,2026-09-19T05:49:03.036+00:00,2026-09-19T05:49:12.661+00:00,True,96,96.0,,96.0,181009.552842,190634.803914,190634.80403600002,1985.7792087083333,43.879657,181009.552842,18463.877474050198,114.79829474999998,101.31843233684211,17.404963663438178,0.5035806580382244,63,64,,True,True,,472,56.69694568066818
91,2026-09-19T05:46:02.390+00:00,2026-09-19T05:49:05.109+00:00,2026-09-19T05:49:06.432+00:00,True,14,14.0,,14.0,182719.842819,184042.84953900002,184042.84959600001,13145.917828285716,51.194449,182719.842819,48806.7353762915,64027.07607385,101.76974769230769,15.84027042694162,0.07606924167425096,63,64,,True,True,,60,56.69694568066818
92,2026-09-19T05:46:02.774+00:00,2026-09-19T05:49:07.229+00:00,2026-09-19T05:49:14.929+00:00,True,78,78.0,,78.0,184455.424257,192155.277057,192155.277221,2463.529195141026,49.396423000000006,184455.424257,20874.149076945698,112.29243969999999,99.99808831168832,17.88225200339818,0.40592171703336805,63,64,,True,True,,287,56.69694568066818
93,2026-09-19T05:46:03.294+00:00,2026-09-19T05:49:09.922+00:00,2026-09-19T05:49:11.946+00:00,True,21,21.0,,21.0,186628.744241,188652.61368100002,188652.61361,8983.457790952381,42.605999000000004,186628.744241,40703.652920396366,111.863637,101.193472,19.24012901606587,0.11131571193341487,63,64,,True,True,,91,56.69694568066818
94,2026-09-19T05:46:03.648+00:00,2026-09-19T05:49:11.841+00:00,2026-09-19T05:49:19.869+00:00,True,82,82.0,,82.0,188192.970912,196220.77737599998,196220.77716599999,2392.936306902439,46.033031,188192.970912,20771.50037209556,111.28887549999999,99.10872177777777,18.486447978999536,0.41789662183873055,63,64,,True,True,,374,56.69694568066818
95,2026-09-19T05:46:04.121+00:00,2026-09-19T05:49:14.074+00:00,2026-09-19T05:49:15.143+00:00,True,12,12.0,,12.0,189953.53971799999,191022.03789399998,191022.03790499998,15918.503158749998,51.903957999999996,189953.53971799999,54806.826953116695,85540.18332504999,97.13619781818181,22.270795715219613,0.06281997685868537,63,64,,True,True,,65,56.69694568066818
96,2026-09-19T05:46:04.645+00:00,2026-09-19T05:49:17.128+00:00,2026-09-19T05:49:25.338+00:00,True,83,83.0,,83.0,192483.366745,200693.231961,200693.23196,2417.990746506024,46.73301,192483.366745,21116.811280159938,112.78411310000001,100.12030751219513,16.79897465430137,0.413566512378101,63,64,,True,True,,375,56.69694568066818
97,2026-09-19T05:46:05.182+00:00,2026-09-19T05:49:19.968+00:00,2026-09-19T05:49:23.523+00:00,True,36,36.0,,36.0,194786.652734,198340.730942,198340.730933,5509.464748138889,49.950913,194786.652734,32447.52049408232,111.22733875,101.54509165714286,13.061129723795057,0.18150583507997325,63,64,,True,True,,165,56.69694568066818
98,2026-09-19T05:46:05.695+00:00,2026-09-19T05:49:22.888+00:00,2026-09-19T05:49:32.642+00:00,True,96,96.0,,96.0,197192.729023,206946.92499099998,206946.92506399998,2155.697136083333,45.964912,197192.729023,20115.425241978584,112.8783165,102.67574703157894,15.504976313130546,0.4638870570518262,63,64,,True,True,,437,56.69694568066818
99,2026-09-19T05:46:06.210+00:00,2026-09-19T05:49:25.769+00:00,2026-09-19T05:49:26.682+00:00,True,10,10.0,,10.0,199559.253332,200472.54894799998,200472.54893299998,20047.2548933,51.19204,199559.253332,63074.08948023677,109808.4407339,101.47729066666668,19.013912340888922,0.049882141233181375,63,64,,True,True,,28,56.69694568066818
100,2026-09-19T05:46:06.571+00:00,2026-09-19T05:49:27.838+00:00,2026-09-19T05:49:38.067+00:00,True,100,100.0,,100.0,201266.81204699998,211495.34478299998,211495.344831,2114.9534483099997,48.302966,201266.81204699998,20116.355258945383,115.1281755,103.31851248484848,15.492566614040554,0.47282364584715914,63,64,,True,True,,493,56.69694568066818
101,2026-09-19T05:46:07.336+00:00,2026-09-19T05:49:30.441+00:00,2026-09-19T05:49:31.243+00:00,True,9,9.0,,9.0,203104.903095,203906.562999,203906.562989,22656.284776555553,48.367416,203104.903095,67668.23477790495,121907.82454739999,100.207488,21.209848222539208,0.044137863282233535,63,64,,True,True,,22,56.69694568066818
102,2026-09-19T05:46:07.466+00:00,2026-09-19T05:49:32.977+00:00,2026-09-19T05:49:41.665+00:00,True,87,87.0,,87.0,205511.237291,214199.405995,214199.405938,2462.062137218391,48.033789,205511.237291,22022.291750137058,113.84900959999999,101.02521748837209,15.563161633496334,0.4061635913314849,63,64,,True,True,,311,56.69694568066818
103,2026-09-19T05:46:07.932+00:00,2026-09-19T05:49:35.913+00:00,2026-09-19T05:49:44.894+00:00,True,93,93.0,,93.0,207980.96701,216961.458018,216961.45809099998,2332.918904204301,45.586303,207980.96701,21556.507464554765,110.545514,97.61403269565217,18.6114328445041,0.4286475618737976,63,64,,True,True,,334,56.69694568066818
104,2026-09-19T05:46:08.294+00:00,2026-09-19T05:49:38.162+00:00,2026-09-19T05:49:39.594+00:00,True,15,15.0,,15.0,209867.262082,211299.760002,211299.760027,14086.650668466667,93.40021,209867.262082,54161.07495552014,63035.287727200004,102.32128,3.9392854053005015,0.07098919563305714,63,64,,True,True,,70,56.69694568066818
105,2026-09-19T05:46:08.729+00:00,2026-09-19T05:49:40.262+00:00,2026-09-19T05:49:40.424+00:00,True,3,3.0,,3.0,211532.685723,211694.29417100002,211694.294141,70564.76471366666,50.210004,211532.685723,122081.80454627796,190390.55699210003,80.804224,43.26669862882945,0.014171378646496225,63,64,,True,True,,8,56.69694568066818
106,2026-09-19T05:46:09.316+00:00,2026-09-19T05:49:43.419+00:00,2026-09-19T05:49:48.528+00:00,True,55,55.0,,55.0,214102.540791,219212.26623100002,219212.266146,3985.677566290909,45.094485999999996,214102.540791,28856.830536113113,112.95298139999998,94.62454518518518,22.999866256300884,0.25089836871647714,63,64,,True,True,,201,56.69694568066818
107,2026-09-19T05:46:09.705+00:00,2026-09-19T05:49:45.311+00:00,2026-09-19T05:49:51.816+00:00,True,69,69.0,,69.0,215606.602929,222110.88427299997,222110.884145,3218.998320942029,45.192415999999994,215606.602929,25944.477844512934,112.6281504,95.65119623529412,20.61615430762226,0.31065564493089415,63,64,,True,True,,232,56.69694568066818
108,2026-09-19T05:46:10.202+00:00,2026-09-19T05:49:47.860+00:00,2026-09-19T05:49:50.234+00:00,True,26,26.0,,26.0,217658.127247,220031.520911,220031.520813,8462.7508005,48.912398,217658.127247,42667.65680254199,109.95113675,94.93574656,20.080871365558846,0.11816488788675271,63,64,,True,True,,110,56.69694568066818
109,2026-09-19T05:46:10.772+00:00,2026-09-19T05:49:50.538+00:00,2026-09-19T05:49:51.303+00:00,True,9,9.0,,9.0,219766.41026,220531.168788,220531.168859,24503.463206555556,52.376059999999995,219766.41026,73223.60706163698,131902.9530368,95.594816,17.910240882607216,0.040810557752277814,63,64,,True,True,,26,56.69694568066818
110,2026-09-19T05:46:11.351+00:00,2026-09-19T05:49:54.272+00:00,2026-09-19T05:50:00.987+00:00,True,68,68.0,,68.0,222920.88653299998,229635.27296499998,229635.27292299998,3376.9893076911762,46.605411999999994,222920.88653299998,27020.98129364584,113.09242884999999,100.21472286567163,17.89832169813703,0.296121754824505,63,64,,True,True,,244,56.69694568066818
111,2026-09-19T05:46:11.766+00:00,2026-09-19T05:49:56.392+00:00,2026-09-19T05:50:05.243+00:00,True,90,90.0,,90.0,224625.954999,233477.415095,233477.414968,2594.1934996444447,46.675542,224625.954999,23667.17765926512,113.51095405,99.45460782022472,17.570697447870728,0.3854762567222177,63,64,,True,True,,413,56.69694568066818
112,2026-09-19T05:46:12.087+00:00,2026-09-19T05:49:57.710+00:00,2026-09-19T05:50:02.598+00:00,True,51,51.0,,51.0,225623.48797999998,230511.333356,230511.333375,4519.83006617647,48.090651,225623.48797999998,31579.9253600455,112.43163100000001,97.75690752,20.30057793272552,0.2212472560784505,63,64,,True,True,,204,56.69694568066818
113,2026-09-19T05:46:12.595+00:00,2026-09-19T05:50:01.097+00:00,2026-09-19T05:50:03.585+00:00,True,27,27.0,,27.0,228501.889777,230989.680113,230989.68021,8555.17334111111,47.484951,228501.889777,43956.8002055842,112.15896430000001,95.68424369230769,22.335955918097156,0.11688833885042663,63,64,,True,True,,133,56.69694568066818
114,2026-09-19T05:46:12.982+00:00,2026-09-19T05:50:03.077+00:00,2026-09-19T05:50:04.215+00:00,True,12,12.0,,12.0,230094.909048,231232.788344,231232.788159,19269.39901325,97.672746,230094.909048,66392.81743716884,103605.43924295,103.44357236363636,5.1343033915054,0.05189575442972153,63,64,,True,True,,38,56.69694568066818
115,2026-09-19T05:46:13.320+00:00,2026-09-19T05:50:04.732+00:00,2026-09-19T05:50:08.114+00:00,True,38,38.0,,38.0,231412.01658599998,234793.94631399997,234793.94652899998,6178.788066552631,45.799476000000006,231412.01658599998,37525.16596935529,114.97344795000001,91.40350616216216,23.858554492360618,0.16184403642665035,63,64,,True,True,,128,56.69694568066818
116,2026-09-19T05:46:13.816+00:00,2026-09-19T05:50:08.327+00:00,2026-09-19T05:50:09.091+00:00,True,9,9.0,,9.0,234511.78558199998,235275.45406199998,235275.45391299998,26141.717101444443,51.574571000000006,234511.78558199998,78138.77756130515,140751.4530468,95.45856,18.329378253726528,0.03825303423972274,63,64,,True,True,,38,56.69694568066818
117,2026-09-19T05:46:14.140+00:00,2026-09-19T05:50:09.957+00:00,2026-09-19T05:50:18.296+00:00,True,84,84.0,,84.0,235817.048384,244155.879488,244155.879495,2906.6176130357144,46.151754000000004,235817.048384,25718.793547511777,112.57951164999999,100.46784462650604,17.81837303560445,0.34404250340458625,63,64,,True,True,,313,56.69694568066818
118,2026-09-19T05:46:14.536+00:00,2026-09-19T05:50:12.137+00:00,2026-09-19T05:50:14.413+00:00,True,22,22.0,,22.0,237601.344638,239877.319806,239877.31968800002,10903.514531272727,101.522947,237601.344638,50633.67042057178,114.79961205,108.37976990476191,4.375859690651448,0.09171354764924182,63,64,,True,True,,107,56.69694568066818
119,2026-09-19T05:46:15.104+00:00,2026-09-19T05:50:15.008+00:00,2026-09-19T05:50:24.342+00:00,True,97,97.0,,97.0,239903.659622,249237.274214,249237.27426200002,2569.4564356907217,44.675318,239903.659622,24348.661747283684,111.7829468,97.225152,19.064721568335287,0.38918737297982925,63,64,,True,True,,475,56.69694568066818
120,2026-09-19T05:46:15.524+00:00,2026-09-19T05:50:17.819+00:00,2026-09-19T05:50:18.406+00:00,True,7,7.0,,7.0,242294.694368,242881.734624,242881.734516,34697.390645142856,50.109365,242294.694368,91541.80896923922,169639.42952240002,97.84004266666668,23.68258493565797,0.028820611030452945,63,64,,True,True,,37,56.69694568066818
121,2026-09-19T05:46:16.053+00:00,2026-09-19T05:50:20.356+00:00,2026-09-19T05:50:25.648+00:00,True,56,56.0,,56.0,244303.540158,249595.16358199998,249595.163454,4457.05649025,45.228486,244303.540158,32633.58128624508,108.43074625,96.21133498181818,16.893738054821235,0.22436332177407042,63,64,,True,True,,230,56.69694568066818
122,2026-09-19T05:46:16.577+00:00,2026-09-19T05:50:22.897+00:00,2026-09-19T05:50:27.264+00:00,True,48,48.0,,48.0,246319.44543000002,250687.02968600002,250687.029524,5222.646448416667,47.63332,246319.44543000002,35539.74280441827,109.50341885,92.92732459574468,21.179357419397547,0.19147380724133503,63,64,,True,True,,251,56.69694568066818
123,2026-09-19T05:46:17.058+00:00,2026-09-19T05:50:25.292+00:00,2026-09-19T05:50:27.059+00:00,True,21,21.0,,21.0,248234.185505,250000.540705,250000.540918,11904.787662761904,44.319168,248234.185505,54149.87394454864,113.932857,88.31776,26.6216110707821,0.08399981832351294,63,64,,True,True,,103,56.69694568066818
124,2026-09-19T05:46:17.482+00:00,2026-09-19T05:50:27.779+00:00,2026-09-19T05:50:27.779+00:00,True,1,1.0,,1.0,250296.733266,250296.733266,250296.733266,250296.733266,250296.733266,250296.733266,nan,250296.733266,nan,nan,0.0039952578963036705,63,64,,True,True,,1,56.69694568066818
125,2026-09-19T05:46:17.867+00:00,2026-09-19T05:50:29.995+00:00,2026-09-19T05:50:37.276+00:00,True,73,73.0,,73.0,252127.98962,259408.759924,259408.759926,3553.544656520548,48.13647,252127.98962,29497.516671223053,111.1844138,101.12180977777777,13.258839766756996,0.2814091552705741,63,64,,True,True,,354,56.69694568066818
126,2026-09-19T05:46:18.298+00:00,2026-09-19T05:50:31.969+00:00,2026-09-19T05:50:32.783+00:00,True,9,9.0,,9.0,253670.92598899998,254484.90922099998,254484.90914499998,28276.101016111108,95.46766000000001,253670.92598899998,84523.05942816235,152244.7317602,101.747904,3.4978393165126547,0.03536555478888618,63,64,,True,True,,40,56.69694568066818
127,2026-09-19T05:46:18.821+00:00,2026-09-19T05:50:34.799+00:00,2026-09-19T05:50:37.751+00:00,True,30,30.0,,30.0,255977.243323,258929.821115,258929.821065,8630.9940355,49.841626,255977.243323,46716.25063895562,112.86659125,101.81302731034484,14.844676656447746,0.11586150977440303,63,64,,True,True,,98,56.69694568066818
128,2026-09-19T05:46:19.171+00:00,2026-09-19T05:50:36.742+00:00,2026-09-19T05:50:43.053+00:00,True,64,64.0,,64.0,257570.367815,263881.214791,263881.214834,4123.14398178125,48.677858,257570.367815,32183.780011818675,113.59817129999998,100.17217422222222,19.064282537424717,0.24253336885192633,63,64,,True,True,,225,56.69694568066818
129,2026-09-19T05:46:19.744+00:00,2026-09-19T05:50:39.866+00:00,2026-09-19T05:50:48.070+00:00,True,84,84.0,,84.0,260122.194535,268326.347623,268326.347665,3194.3612817261906,45.145647,260122.194535,28370.87879409167,112.41223365000002,98.84521792771085,17.682634135548483,0.31305162815401366,63,64,,True,True,,399,56.69694568066818
130,2026-09-19T05:46:20.158+00:00,2026-09-19T05:50:42.308+00:00,2026-09-19T05:50:48.587+00:00,True,65,65.0,,65.0,262150.647075,268429.310755,268429.310803,4129.681704661538,45.937795,262150.647075,32503.62209853439,111.47283760000002,98.10412,17.209606099436133,0.24214941288332933,63,64,,True,True,,293,56.69694568066818
131,2026-09-19T05:46:20.662+00:00,2026-09-19T05:50:44.720+00:00,2026-09-19T05:50:51.395+00:00,True,71,71.0,,71.0,264057.67280199996,270733.36073799996,270733.360694,3813.145925267605,45.297276,264057.67280199996,31326.56833126159,110.23105199999998,95.36697051428571,19.576803875234297,0.26225065062709313,63,64,,True,True,,337,56.69694568066818
132,2026-09-19T05:46:21.189+00:00,2026-09-19T05:50:47.657+00:00,2026-09-19T05:50:56.120+00:00,True,89,89.0,,89.0,266468.684528,274931.15108800004,274931.151129,3089.1140576292137,45.109766,266468.684528,28235.437196426345,110.47558280000001,96.16439272727274,19.317366813791548,0.3237174094233973,63,64,,True,True,,342,56.69694568066818
133,2026-09-19T05:46:21.525+00:00,2026-09-19T05:50:49.787+00:00,2026-09-19T05:50:59.172+00:00,True,96,96.0,,96.0,268262.341633,277646.907649,277646.907618,2892.1552876875,45.151967,268262.341633,27369.333381404882,111.36187975000001,98.78490543157895,16.600951921320398,0.34576290012695826,63,64,,True,True,,441,56.69694568066818
135,2026-09-19T05:46:22.754+00:00,2026-09-19T05:50:51.855+00:00,2026-09-19T05:50:58.852+00:00,True,72,72.0,,72.0,269100.73109200003,276097.85544400004,276097.855486,3834.692437305556,47.130152,269100.73109200003,31702.21532813854,110.41751905000001,98.5510472112676,16.79147097088302,0.26077710703045826,63,64,,True,True,,323,56.69694568066818
134,2026-09-19T05:46:22.749+00:00,2026-09-19T05:50:52.917+00:00,2026-09-19T05:50:59.633+00:00,True,68,68.0,,68.0,270168.495342,276884.403438,276884.40349,4071.829463088235,46.667863,270168.495342,32750.59019273471,110.65750199999998,100.23743426865671,14.870861062763714,0.2455898532227243,63,64,,True,True,,276,56.69694568066818
136,2026-09-19T05:46:23.206+00:00,2026-09-19T05:50:58.537+00:00,2026-09-19T05:51:00.919+00:00,True,26,26.0,,26.0,275330.496063,277712.228159,277712.228117,10681.239542961539,44.487868,275330.496063,53978.0726799186,113.01227574999999,95.26928384,20.534783091347958,0.09362209281297504,63,64,,True,True,,109,56.69694568066818
137,2026-09-19T05:46:23.594+00:00,2026-09-19T05:51:00.617+00:00,2026-09-19T05:51:09.321+00:00,True,91,91.0,,91.0,277022.302433,285727.018209,285727.018328,3139.857344263736,42.847622,277022.302433,29029.696392444977,111.926498,96.71906417777778,20.841032632917333,0.31848580708400653,63,64,,True,True,,431,56.69694568066818
138,2026-09-19T05:46:23.947+00:00,2026-09-19T05:51:02.660+00:00,2026-09-19T05:51:09.954+00:00,True,76,76.0,,76.0,278712.389167,286006.672175,286006.672059,3763.245684986842,47.413581,278712.389167,31959.35368639972,111.64438399999999,97.25710677333332,20.027832310702955,0.265728066488944,63,64,,True,True,,416,56.69694568066818
139,2026-09-19T05:46:24.482+00:00,2026-09-19T05:51:05.002+00:00,2026-09-19T05:51:07.610+00:00,True,30,30.0,,30.0,280519.51172899996,283127.94564899994,283127.945523,9437.5981841,48.29469,280519.51172899996,51199.2056488992,113.94533390000001,89.9459972413793,25.22681176822744,0.10595916249536055,63,64,,True,True,,131,56.69694568066818
140,2026-09-19T05:46:24.851+00:00,2026-09-19T05:51:07.305+00:00,2026-09-19T05:51:14.743+00:00,True,77,77.0,,77.0,282454.689082,289892.483642,289892.483684,3764.8374504415583,45.517286,282454.689082,32177.551528804244,110.8034996,97.86571789473685,18.363465900737346,0.2656157173605454,63,64,,True,True,,312,56.69694568066818
141,2026-09-19T05:46:25.366+00:00,2026-09-19T05:51:10.159+00:00,2026-09-19T05:51:11.621+00:00,True,15,15.0,,15.0,284792.875793,286254.865169,286254.86508799996,19083.657672533333,98.897233,284792.875793,73506.24129326487,85517.3721042,104.42781257142856,3.9666443797464903,0.0524008561082246,63,64,,True,True,,69,56.69694568066818
142,2026-09-19T05:46:25.791+00:00,2026-09-19T05:51:12.191+00:00,2026-09-19T05:51:16.459+00:00,True,44,44.0,,44.0,286399.043535,290667.482319,290667.48233,6606.079143863636,47.707381,286399.043535,43161.31851688868,111.7508181,99.26601823255815,16.501880348383445,0.15137572200701538,63,64,,True,True,,209,56.69694568066818
143,2026-09-19T05:46:26.229+00:00,2026-09-19T05:51:14.543+00:00,2026-09-19T05:51:14.543+00:00,True,1,1.0,,1.0,288313.792722,288313.792722,288313.792722,288313.792722,288313.792722,288313.792722,nan,288313.792722,nan,nan,0.003468443152021615,63,64,,True,True,,1,56.69694568066818
144,2026-09-19T05:46:26.587+00:00,2026-09-19T05:51:16.672+00:00,2026-09-19T05:51:23.725+00:00,True,72,72.0,,72.0,290084.772518,297137.71587799996,297137.715773,4126.912719069444,47.482101,290084.772518,34175.11651643793,113.66928815000001,99.33723042253521,19.03554227242777,0.24231188486877264,63,64,,True,True,,344,56.69694568066818
145,2026-09-19T05:46:27.132+00:00,2026-09-19T05:51:19.264+00:00,2026-09-19T05:51:21.153+00:00,True,20,20.0,,20.0,292131.948277,294020.399093,294020.399024,14701.0199512,44.950466999999996,292131.948277,65300.467242310806,14712.7187437,99.39214821052632,18.663764887056605,0.06802249116624697,63,64,,True,True,,92,56.69694568066818
146,2026-09-19T05:46:27.670+00:00,2026-09-19T05:51:22.631+00:00,2026-09-19T05:51:27.782+00:00,False,53,52.0,,52.0,294961.277023,300112.303967,300112.303953,5662.496301,0.01872,294961.277023,40502.44712522972,114.4048132,99.05821046153847,23.10218161552089,0.1732684708778813,63,64,,True,False,Request timeout: 300.0s exceeded,199,56.69694568066818
147,2026-09-19T05:46:28.143+00:00,2026-09-19T05:51:25.349+00:00,2026-09-19T05:51:28.195+00:00,False,30,29.0,,29.0,297206.394365,300052.272637,300052.27265500004,10001.742421833334,0.0378,297206.394365,54244.30378176507,112.08131494999999,98.13373351724137,23.68418724115713,0.09664982619573051,63,64,,True,False,Request timeout: 300.0s exceeded,59,56.69694568066818
148,2026-09-19T05:46:28.516+00:00,2026-09-19T05:51:27.255+00:00,2026-09-19T05:51:28.621+00:00,False,15,14.0,,14.0,298738.882388,300104.991828,300104.99174300005,20006.999449533334,0.03593,298738.882388,77108.85769731858,89697.4082388,97.57924571428572,28.210233052784417,0.04665034031831053,63,64,,True,False,Request timeout: 300.0s exceeded,61,56.69694568066818
149,2026-09-19T05:46:28.995+00:00,2026-09-19T05:51:29.066+00:00,2026-09-19T05:51:29.603+00:00,False,7,6.0,,6.0,300071.196456,300608.808744,300608.80877199996,42944.11553885714,0.028829999999999998,300071.196456,113382.39239058654,210084.60249269998,89.602048,44.107723695711194,0.019959494949829067,63,64,,True,False,Request timeout: 300.0s exceeded,23,56.69694568066818
150,2026-09-19T05:46:29.347+00:00,2026-09-19T05:51:29.664+00:00,2026-09-19T05:51:29.664+00:00,False,1,0.0,,0.0,300316.253961,300316.253961,300316.253961,300316.253961,300316.253961,300316.253961,nan,300316.253961,nan,nan,0.0,63,64,,True,False,"HTTPConnectionPool(host='gpu03', port=9002): Read timed out.",0,56.69694568066818
151,2026-09-19T05:46:29.732+00:00,2026-09-19T05:51:29.769+00:00,2026-09-19T05:51:29.769+00:00,False,1,0.0,,0.0,300037.180272,300037.180272,300037.180272,300037.180272,300037.180272,300037.180272,nan,300037.180272,nan,nan,0.0,63,64,,True,False,"HTTPConnectionPool(host='gpu03', port=9002): Read timed out.",0,56.69694568066818
152,2026-09-19T05:46:30.099+00:00,2026-09-19T05:51:30.130+00:00,2026-09-19T05:51:30.130+00:00,False,1,0.0,,0.0,300030.788734,300030.788734,300030.788734,300030.788734,300030.788734,300030.788734,nan,300030.788734,nan,nan,0.0,63,64,,True,False,"HTTPConnectionPool(host='gpu03', port=9002): Read timed out.",0,56.69694568066818
153,2026-09-19T05:46:30.546+00:00,2026-09-19T05:51:30.659+00:00,2026-09-19T05:51:30.659+00:00,False,1,0.0,,0.0,300113.439687,300113.439687,300113.439687,300113.439687,300113.439687,300113.439687,nan,300113.439687,nan,nan,0.0,63,64,,True,False,"HTTPConnectionPool(host='gpu03', port=9002): Read timed out.",0,56.69694568066818
154,2026-09-19T05:46:31.096+00:00,2026-09-19T05:51:30.985+00:00,2026-09-19T05:51:31.207+00:00,False,4,3.0,,3.0,299888.616172,300110.92606,300110.926051,75027.73151275,0.04259,299888.616172,149907.26559530536,254922.28713085002,74.103296,64.16811467816308,0.009996303831338087,63,64,,True,False,Request timeout: 300.0s exceeded,18,56.69694568066818
155,2026-09-19T05:46:31.676+00:00,2026-09-19T05:51:31.531+00:00,2026-09-19T05:51:31.740+00:00,False,4,3.0,,3.0,299854.78266900004,300063.57396500005,300063.57391000004,75015.89347750001,0.0245,299854.78266900004,149892.60087539675,254892.50804205,69.59709866666667,60.28157579500805,0.009997881316810302,63,64,,True,False,Request timeout: 300.0s exceeded,5,56.69694568066818
156,2026-09-19T05:46:32.234+00:00,2026-09-19T05:51:32.311+00:00,2026-09-19T05:51:32.311+00:00,False,1,0.0,,0.0,300076.74904799997,300076.74904799997,300076.74904799997,300076.74904799997,300076.74904799997,300076.74904799997,nan,300076.74904799997,nan,nan,0.0,63,64,,True,False,"HTTPConnectionPool(host='gpu03', port=9002): Read timed out.",0,56.69694568066818
157,2026-09-19T05:46:32.724+00:00,2026-09-19T05:51:32.666+00:00,2026-09-19T05:51:32.776+00:00,False,3,2.0,,2.0,299941.949913,300052.34581699996,300052.34593899996,100017.44864633333,0.07125,299941.949913,173139.70571190206,269958.7873993,55.197952,77.96104558281215,0.0066655036292227075,63,64,,True,False,Request timeout: 300.0s exceeded,3,56.69694568066818
158,2026-09-19T05:46:33.261+00:00,2026-09-19T05:51:33.141+00:00,2026-09-19T05:51:33.331+00:00,False,4,3.0,,3.0,299880.210902,300070.08687,300070.08694500005,75017.52173625001,0.076449,299880.210902,149908.46617707465,254913.2487782,63.29198933333333,55.028395167195974,0.009997664316669113,63,64,,True,False,Request timeout: 300.0s exceeded,6,56.69694568066818
159,2026-09-19T05:46:33.617+00:00,2026-09-19T05:51:33.689+00:00,2026-09-19T05:51:33.689+00:00,False,1,0.0,,0.0,300072.41161799995,300072.41161799995,300072.41161799995,300072.41161799995,300072.41161799995,300072.41161799995,nan,300072.41161799995,nan,nan,0.0,63,64,,True,False,"HTTPConnectionPool(host='gpu03', port=9002): Read timed out.",0,56.69694568066818
160,2026-09-19T05:46:33.942+00:00,2026-09-19T05:51:34.025+00:00,2026-09-19T05:51:34.025+00:00,False,1,0.0,,0.0,300083.4056,300083.4056,300083.4056,300083.4056,300083.4056,300083.4056,nan,300083.4056,nan,nan,0.0,63,64,,True,False,TTFT timeout: 300.0s exceeded (TTFT: 300.077s),0,56.69694568066818
161,2026-09-19T05:46:34.316+00:00,2026-09-19T05:51:34.277+00:00,2026-09-19T05:51:34.407+00:00,False,3,2.0,,2.0,299960.648439,300090.693111,300090.69309200003,100030.23103066668,0.03764,299960.648439,173144.83265986393,269977.5842964,65.022336,91.90224974360112,0.00666465187329293,63,64,,True,False,Request timeout: 300.0s exceeded,4,56.69694568066818
162,2026-09-19T05:46:34.874+00:00,2026-09-19T05:51:34.656+00:00,2026-09-19T05:51:34.901+00:00,False,5,4.0,,4.0,299781.533029,300026.957925,300026.957877,60005.3915754,0.08042,299781.533029,134038.94404352497,239845.75929000002,61.356224,46.79115794428835,0.013332135310987323,63,64,,True,False,Request timeout: 300.0s exceeded,8,56.69694568066818
163,2026-09-19T05:46:35.357+00:00,2026-09-19T05:51:35.428+00:00,2026-09-19T05:51:35.428+00:00,False,1,0.0,,0.0,300070.26062,300070.26062,300070.26062,300070.26062,300070.26062,300070.26062,nan,300070.26062,nan,nan,0.0,63,64,,True,False,"HTTPConnectionPool(host='gpu03', port=9002): Read timed out.",0,56.69694568066818
164,2026-09-19T05:46:35.762+00:00,2026-09-19T05:51:35.751+00:00,2026-09-19T05:51:35.893+00:00,False,3,2.0,,2.0,299989.28345700004,300130.53862500004,300130.538683,100043.51289433334,0.04273,299989.28345700004,173158.13107287113,270004.4763609001,70.627584,99.82202671222643,0.006663767070031192,63,64,,True,False,Request timeout: 300.0s exceeded,5,56.69694568066818
165,2026-09-19T05:46:36.302+00:00,2026-09-19T05:51:36.152+00:00,2026-09-19T05:51:36.349+00:00,False,4,3.0,,3.0,299849.901224,300046.90807199996,300046.90801099996,75011.72700274999,0.041899,299849.901224,149892.12333464166,254887.38440854996,65.66894933333333,56.849636765983625,0.009998436642047026,63,64,,True,False,Request timeout: 300.0s exceeded,11,56.69694568066818
166,2026-09-19T05:46:36.730+00:00,2026-09-19T05:51:36.773+00:00,2026-09-19T05:51:36.773+00:00,False,1,0.0,,0.0,300043.222442,300043.222442,300043.222442,300043.222442,300043.222442,300043.222442,nan,300043.222442,nan,nan,0.0,63,64,,True,False,"HTTPConnectionPool(host='gpu03', port=9002): Read timed out.",0,56.69694568066818
167,2026-09-19T05:46:37.688+00:00,2026-09-19T05:51:37.186+00:00,2026-09-19T05:51:37.900+00:00,False,8,7.0,,7.0,299497.739511,300212.130551,300212.130562,37526.51632025,0.030629999999999998,299497.739511,105852.36800336915,194724.47493109998,102.05586285714286,46.94056375037861,0.023316845948737706,63,64,,True,False,Request timeout: 300.0s exceeded,32,56.69694568066818
168,2026-09-19T05:46:37.719+00:00,2026-09-19T05:51:37.186+00:00,2026-09-19T05:51:37.898+00:00,False,8,7.0,,7.0,299467.472543,300179.540895,300179.540949,37522.442618625,0.02475,299467.472543,105841.78429991465,194704.40580810004,101.72405028571428,46.87085586016174,0.023319377393706302,63,64,,True,False,Request timeout: 300.0s exceeded,19,56.69694568066818
169,2026-09-19T05:46:38.004+00:00,2026-09-19T05:51:38.099+00:00,2026-09-19T05:51:38.099+00:00,False,1,0.0,,0.0,300095.27337699995,300095.27337699995,300095.27337699995,300095.27337699995,300095.27337699995,300095.27337699995,nan,300095.27337699995,nan,nan,0.0,63,64,,True,False,"HTTPConnectionPool(host='gpu03', port=9002): Read timed out.",0,56.69694568066818
170,2026-09-19T05:46:38.456+00:00,2026-09-19T05:51:38.542+00:00,2026-09-19T05:51:38.542+00:00,False,1,0.0,,0.0,300085.36781300005,300085.36781300005,300085.36781300005,300085.36781300005,300085.36781300005,300085.36781300005,nan,300085.36781300005,nan,nan,0.0,63,64,,True,False,"HTTPConnectionPool(host='gpu03', port=9002): Read timed out.",0,56.69694568066818
171,2026-09-19T05:46:38.902+00:00,2026-09-19T05:51:39.357+00:00,2026-09-19T05:51:39.527+00:00,False,5,4.0,,4.0,300455.054686,300625.709918,300625.71011499997,60125.142023,0.02422,300455.054686,134348.50800120042,240378.364074,42.663808,30.319633873118896,0.013305581884832997,63,64,,True,False,Request timeout: 300.0s exceeded,14,56.69694568066818
172,2026-09-19T05:46:39.481+00:00,2026-09-19T05:51:39.635+00:00,2026-09-19T05:51:39.635+00:00,False,1,0.0,,0.0,300154.015207,300154.015207,300154.015207,300154.015207,300154.015207,300154.015207,nan,300154.015207,nan,nan,0.0,63,64,,True,False,"HTTPConnectionPool(host='gpu03', port=9002): Read timed out.",0,56.69694568066818
173,2026-09-19T05:46:39.958+00:00,2026-09-19T05:51:39.990+00:00,2026-09-19T05:51:39.990+00:00,False,1,0.0,,0.0,300031.623732,300031.623732,300031.623732,300031.623732,300031.623732,300031.623732,nan,300031.623732,nan,nan,0.0,63,64,,True,False,"HTTPConnectionPool(host='gpu03', port=9002): Read timed out.",0,56.69694568066818
174,2026-09-19T05:46:40.486+00:00,2026-09-19T05:51:40.591+00:00,2026-09-19T05:51:40.591+00:00,False,1,0.0,,0.0,300105.35798900004,300105.35798900004,300105.35798900004,300105.35798900004,300105.35798900004,300105.35798900004,nan,300105.35798900004,nan,nan,0.0,63,64,,True,False,"HTTPConnectionPool(host='gpu03', port=9002): Read timed out.",0,56.69694568066818
175,2026-09-19T05:46:40.930+00:00,2026-09-19T05:51:40.953+00:00,2026-09-19T05:51:40.953+00:00,False,1,0.0,,0.0,300022.197843,300022.197843,300022.197843,300022.197843,300022.197843,300022.197843,nan,300022.197843,nan,nan,0.0,63,64,,True,False,TTFT timeout: 300.0s exceeded (TTFT: 300.016s),0,56.69694568066818
176,2026-09-19T05:46:41.316+00:00,2026-09-19T05:51:41.080+00:00,2026-09-19T05:51:41.421+00:00,False,6,5.0,,5.0,299764.249375,300104.849951,300104.849943,50017.4749905,0.0399,299764.249375,122350.43854424624,224848.364806,68.1201152,43.24719267128135,0.01666084370451321,63,64,,True,False,Request timeout: 300.0s exceeded,15,56.69694568066818
177,2026-09-19T05:46:41.840+00:00,2026-09-19T05:51:41.903+00:00,2026-09-19T05:51:41.903+00:00,False,1,0.0,,0.0,300062.351787,300062.351787,300062.351787,300062.351787,300062.351787,300062.351787,nan,300062.351787,nan,nan,0.0,63,64,,True,False,"HTTPConnectionPool(host='gpu03', port=9002): Read timed out.",0,56.69694568066818
178,2026-09-19T05:46:42.406+00:00,2026-09-19T05:51:42.441+00:00,2026-09-19T05:51:42.441+00:00,False,1,0.0,,0.0,300034.034191,300034.034191,300034.034191,300034.034191,300034.034191,300034.034191,nan,300034.034191,nan,nan,0.0,63,64,,True,False,"HTTPConnectionPool(host='gpu03', port=9002): Read timed out.",0,56.69694568066818
179,2026-09-19T05:46:42.869+00:00,2026-09-19T05:51:42.683+00:00,2026-09-19T05:51:42.922+00:00,False,4,3.0,,3.0,299813.791539,300052.527667,300052.527571,75013.13189275,0.02912,299813.791539,149867.11746382978,254861.82193560002,79.57870933333332,70.43044315634259,0.009998249384285864,63,64,,True,False,Request timeout: 300.0s exceeded,10,56.69694568066818
180,2026-09-19T05:46:43.270+00:00,2026-09-19T05:51:43.036+00:00,2026-09-19T05:51:43.344+00:00,False,5,4.0,,4.0,299766.23860900005,300074.444689,300074.44472200004,60014.88894440001,0.04616,299766.23860900005,134025.0862754788,239834.09652480006,77.05152,51.38762042744599,0.013330025501323972,63,64,,True,False,Request timeout: 300.0s exceeded,12,56.69694568066818
181,2026-09-19T05:46:43.786+00:00,2026-09-19T05:51:43.874+00:00,2026-09-19T05:51:43.874+00:00,False,1,0.0,,0.0,300088.331796,300088.331796,300088.331796,300088.331796,300088.331796,300088.331796,nan,300088.331796,nan,nan,0.0,63,64,,True,False,"HTTPConnectionPool(host='gpu03', port=9002): Read timed out.",0,56.69694568066818
182,2026-09-19T05:46:44.148+00:00,2026-09-19T05:51:44.198+00:00,2026-09-19T05:51:44.198+00:00,False,1,0.0,,0.0,300050.183533,300050.183533,300050.183533,300050.183533,300050.183533,300050.183533,nan,300050.183533,nan,nan,0.0,63,64,,True,False,TTFT timeout: 300.0s exceeded (TTFT: 300.044s),0,56.69694568066818
183,2026-09-19T05:46:44.566+00:00,2026-09-19T05:51:44.480+00:00,2026-09-19T05:51:44.630+00:00,False,3,2.0,,2.0,299913.603877,300063.680293,300063.68020299997,100021.22673433332,0.04537,299913.603877,173111.8928720051,269937.24658489996,75.038208,106.05597060483504,0.006665251849364379,63,64,,True,False,Request timeout: 300.0s exceeded,4,56.69694568066818
184,2026-09-19T05:46:45.097+00:00,2026-09-19T05:51:45.207+00:00,2026-09-19T05:51:45.207+00:00,False,1,0.0,,0.0,300110.311344,300110.311344,300110.311344,300110.311344,300110.311344,300110.311344,nan,300110.311344,nan,nan,0.0,63,64,,True,False,"HTTPConnectionPool(host='gpu03', port=9002): Read timed out.",0,56.69694568066818
185,2026-09-19T05:46:45.625+00:00,2026-09-19T05:51:45.678+00:00,2026-09-19T05:51:45.678+00:00,False,1,0.0,,0.0,300052.195783,300052.195783,300052.195783,300052.195783,300052.195783,300052.195783,nan,300052.195783,nan,nan,0.0,63,64,,True,False,"HTTPConnectionPool(host='gpu03', port=9002): Read timed out.",0,56.69694568066818
186,2026-09-19T05:46:45.964+00:00,2026-09-19T05:51:46.012+00:00,2026-09-19T05:51:46.012+00:00,False,1,0.0,,0.0,300047.779131,300047.779131,300047.779131,300047.779131,300047.779131,300047.779131,nan,300047.779131,nan,nan,0.0,63,64,,True,False,TTFT timeout: 300.0s exceeded (TTFT: 300.040s),0,56.69694568066818
187,2026-09-19T05:46:46.309+00:00,2026-09-19T05:51:46.170+00:00,2026-09-19T05:51:46.391+00:00,False,4,3.0,,3.0,299861.04487599997,300082.83610799996,300082.836087,75020.70902175,0.03596,299861.04487599997,149893.56638684694,254899.183741,73.93041066666667,64.147252776044,0.00999723955861407,63,64,,True,False,Request timeout: 300.0s exceeded,13,56.69694568066818
188,2026-09-19T05:46:46.739+00:00,2026-09-19T05:51:46.393+00:00,2026-09-19T05:51:46.583+00:00,True,3,3.0,,3.0,299654.046074,299844.204922,299844.204757,99948.06825233334,95.020221,299654.046074,172950.45008118515,269698.1553128,95.079424,0.08363093322449536,0.010005195867568643,63,64,,True,True,,11,56.69694568066818
189,2026-09-19T05:46:47.180+00:00,2026-09-19T05:51:47.288+00:00,2026-09-19T05:51:47.288+00:00,False,1,0.0,,0.0,300108.69399299996,300108.69399299996,300108.69399299996,300108.69399299996,300108.69399299996,300108.69399299996,nan,300108.69399299996,nan,nan,0.0,63,64,,True,False,"HTTPConnectionPool(host='gpu03', port=9002): Read timed out.",0,56.69694568066818
190,2026-09-19T05:46:47.751+00:00,2026-09-19T05:51:47.678+00:00,2026-09-19T05:51:47.824+00:00,False,3,2.0,,2.0,299926.47388999996,300072.56464199995,300072.564815,100024.18827166666,0.03615,299926.47388999996,173120.47301499321,269948.4319785,73.045376,103.25071395509475,0.006665054509018809,63,64,,True,False,Request timeout: 300.0s exceeded,5,56.69694568066818
191,2026-09-19T05:46:48.153+00:00,2026-09-19T05:51:48.067+00:00,2026-09-19T05:51:48.164+00:00,False,3,2.0,,2.0,299913.750629,300010.77718900004,300010.777407,100003.59246900001,0.037700000000000004,299913.750629,173127.2822277286,269932.0744739,48.51328,68.5549188464242,0.006666427182181008,63,64,,True,False,Request timeout: 300.0s exceeded,8,56.69694568066818
192,2026-09-19T05:46:48.581+00:00,2026-09-19T05:51:48.691+00:00,2026-09-19T05:51:48.691+00:00,False,1,0.0,,0.0,300110.37546899996,300110.37546899996,300110.37546899996,300110.37546899996,300110.37546899996,300110.37546899996,nan,300110.37546899996,nan,nan,0.0,63,64,,True,False,"HTTPConnectionPool(host='gpu03', port=9002): Read timed out.",0,56.69694568066818
193,2026-09-19T05:46:48.978+00:00,2026-09-19T05:51:49.092+00:00,2026-09-19T05:51:49.092+00:00,False,1,0.0,,0.0,300114.056329,300114.056329,300114.056329,300114.056329,300114.056329,300114.056329,nan,300114.056329,nan,nan,0.0,63,64,,True,False,"HTTPConnectionPool(host='gpu03', port=9002): Read timed out.",0,56.69694568066818
194,2026-09-19T05:46:49.369+00:00,2026-09-19T05:51:49.393+00:00,2026-09-19T05:51:49.393+00:00,False,1,0.0,,0.0,300023.383898,300023.383898,300023.383898,300023.383898,300023.383898,300023.383898,nan,300023.383898,nan,nan,0.0,63,64,,True,False,TTFT timeout: 300.0s exceeded (TTFT: 300.017s),0,56.69694568066818
195,2026-09-19T05:46:49.830+00:00,2026-09-19T05:51:49.655+00:00,2026-09-19T05:51:49.863+00:00,False,4,3.0,,3.0,299825.60161400004,300033.47284600005,300033.47293200006,75008.36823300002,0.03681,299825.60161400004,149878.16374660537,254868.61857635004,69.29041066666667,60.56986338638704,0.009998884362945156,63,64,,True,False,Request timeout: 300.0s exceeded,10,56.69694568066818
196,2026-09-19T05:46:50.351+00:00,2026-09-19T05:51:50.433+00:00,2026-09-19T05:51:50.433+00:00,False,1,0.0,,0.0,300082.515163,300082.515163,300082.515163,300082.515163,300082.515163,300082.515163,nan,300082.515163,nan,nan,0.0,63,64,,True,False,"HTTPConnectionPool(host='gpu03', port=9002): Read timed out.",0,56.69694568066818
197,2026-09-19T05:46:50.772+00:00,2026-09-19T05:51:50.863+00:00,2026-09-19T05:51:51.467+00:00,False,7,6.0,,6.0,300091.579574,300695.004342,300695.004392,42956.42919885714,0.039880000000000006,300091.579574,113385.95377725325,210108.721307,100.57079466666667,52.78708343710376,0.019953773469331765,63,64,,True,False,Request timeout: 300.0s exceeded,32,56.69694568066818
198,2026-09-19T05:46:51.118+00:00,2026-09-19T05:51:51.257+00:00,2026-09-19T05:51:51.564+00:00,False,5,4.0,,4.0,300139.393569,300446.121761,300446.121695,60089.224339,0.13248,300139.393569,134192.13144096435,240133.2377338,76.682048,51.24602334114829,0.013313535140859414,63,64,,True,False,Request timeout: 300.0s exceeded,17,56.69694568066818
199,2026-09-19T05:46:51.564+00:00,2026-09-19T05:51:51.614+00:00,2026-09-19T05:51:51.614+00:00,False,1,0.0,,0.0,300049.699759,300049.699759,300049.699759,300049.699759,300049.699759,300049.699759,nan,300049.699759,nan,nan,0.0,63,64,,True,False,"HTTPConnectionPool(host='gpu03', port=9002): Read timed out.",0,56.69694568066818
200,2026-09-19T05:46:51.959+00:00,2026-09-19T05:51:51.965+00:00,2026-09-19T05:51:51.965+00:00,False,1,0.0,,0.0,300006.731761,300006.731761,300006.731761,300006.731761,300006.731761,300006.731761,nan,300006.731761,nan,nan,0.0,63,64,,True,False,"HTTPConnectionPool(host='gpu03', port=9002): Read timed out.",0,56.69694568066818
201,2026-09-19T05:46:52.527+00:00,2026-09-19T05:51:52.634+00:00,2026-09-19T05:51:52.634+00:00,False,1,0.0,,0.0,300106.742822,300106.742822,300106.742822,300106.742822,300106.742822,300106.742822,nan,300106.742822,nan,nan,0.0,63,64,,True,False,"HTTPConnectionPool(host='gpu03', port=9002): Read timed out.",0,56.69694568066818
202,2026-09-19T05:46:53.071+00:00,2026-09-19T05:51:52.991+00:00,2026-09-19T05:51:53.166+00:00,False,4,3.0,,3.0,299919.234573,300094.366733,300094.36670199997,75023.59167549999,0.02312,299919.234573,149930.4344485826,254945.802876,58.377386666666666,51.29715762266402,0.009996855431375561,63,64,,True,False,Request timeout: 300.0s exceeded,13,56.69694568066818
203,2026-09-19T05:46:53.489+00:00,2026-09-19T05:51:53.070+00:00,2026-09-19T05:51:53.577+00:00,False,7,6.0,,6.0,299580.38559799996,300087.316542,300087.316632,42869.61666171428,0.022479,299580.38559799996,113198.81525914937,209737.47943009998,84.48849066666668,41.52265185884649,0.01999418059096891,63,64,,True,False,Request timeout: 300.0s exceeded,21,56.69694568066818
204,2026-09-19T05:46:54.084+00:00,2026-09-19T05:51:54.185+00:00,2026-09-19T05:51:54.185+00:00,False,1,0.0,,0.0,300101.714881,300101.714881,300101.714881,300101.714881,300101.714881,300101.714881,nan,300101.714881,nan,nan,0.0,63,64,,True,False,"HTTPConnectionPool(host='gpu03', port=9002): Read timed out.",0,56.69694568066818
205,2026-09-19T05:46:54.429+00:00,2026-09-19T05:51:54.495+00:00,2026-09-19T05:51:54.495+00:00,False,1,0.0,,0.0,300065.78839099995,300065.78839099995,300065.78839099995,300065.78839099995,300065.78839099995,300065.78839099995,nan,300065.78839099995,nan,nan,0.0,63,64,,True,False,"HTTPConnectionPool(host='gpu03', port=9002): Read timed out.",0,56.69694568066818
206,2026-09-19T05:46:55.684+00:00,2026-09-19T05:51:55.924+00:00,2026-09-19T05:51:56.026+00:00,False,3,2.0,,2.0,300240.056035,300341.457123,300341.457096,100113.819032,0.04385,300240.056035,173314.41261140106,270226.1861526,50.700544,71.63912629291544,0.006659087357297239,63,64,,True,False,Request timeout: 300.0s exceeded,4,56.69694568066818
207,2026-09-19T05:46:55.730+00:00,2026-09-19T05:51:55.926+00:00,2026-09-19T05:51:56.025+00:00,False,3,2.0,,2.0,300196.382217,300294.523145,300294.523366,100098.17445533334,0.05319,300196.382217,173290.13810594453,270186.5527912,49.070464,69.32117369564344,0.006660128127059719,63,64,,True,False,Request timeout: 300.0s exceeded,4,56.69694568066818
208,2026-09-19T05:46:55.912+00:00,2026-09-19T05:51:56.108+00:00,2026-09-19T05:51:56.108+00:00,False,1,0.0,,0.0,300196.228097,300196.228097,300196.228097,300196.228097,300196.228097,300196.228097,nan,300196.228097,nan,nan,0.0,63,64,,True,False,"HTTPConnectionPool(host='gpu03', port=9002): Read timed out.",0,56.69694568066818
209,2026-09-19T05:46:56.400+00:00,2026-09-19T05:51:56.421+00:00,2026-09-19T05:51:56.421+00:00,False,1,0.0,,0.0,300020.925894,300020.925894,300020.925894,300020.925894,300020.925894,300020.925894,nan,300020.925894,nan,nan,0.0,63,64,,True,False,"HTTPConnectionPool(host='gpu03', port=9002): Read timed out.",0,56.69694568066818
210,2026-09-19T05:46:56.974+00:00,2026-09-19T05:51:57.045+00:00,2026-09-19T05:51:57.045+00:00,False,1,0.0,,0.0,300070.970166,300070.970166,300070.970166,300070.970166,300070.970166,300070.970166,nan,300070.970166,nan,nan,0.0,63,64,,True,False,"HTTPConnectionPool(host='gpu03', port=9002): Read timed out.",0,56.69694568066818
211,2026-09-19T05:46:57.449+00:00,2026-09-19T05:51:57.291+00:00,2026-09-19T05:51:57.509+00:00,False,4,3.0,,3.0,299841.305628,300059.48342,300059.483512,75014.870878,0.04232,299841.305628,149884.29875690135,254882.53404539998,72.72593066666667,63.344409616824294,0.009998017612397315,63,64,,True,False,Request timeout: 300.0s exceeded,9,56.69694568066818
212,2026-09-19T05:46:57.860+00:00,2026-09-19T05:51:57.407+00:00,2026-09-19T05:51:57.912+00:00,False,7,6.0,,6.0,299547.414745,300052.663513,300052.663652,42864.666236000005,0.040789,299547.414745,113186.45932753522,209713.9202752,84.208128,41.24272369152715,0.019996489715346403,63,64,,True,False,Request timeout: 300.0s exceeded,25,56.69694568066818
213,2026-09-19T05:46:58.360+00:00,2026-09-19T05:51:58.386+00:00,2026-09-19T05:51:58.386+00:00,False,1,0.0,,0.0,300026.74417,300026.74417,300026.74417,300026.74417,300026.74417,300026.74417,nan,300026.74417,nan,nan,0.0,63,64,,True,False,"HTTPConnectionPool(host='gpu03', port=9002): Read timed out.",0,56.69694568066818
214,2026-09-19T05:46:58.911+00:00,2026-09-19T05:51:58.929+00:00,2026-09-19T05:51:58.929+00:00,False,1,0.0,,0.0,300018.30397899996,300018.30397899996,300018.30397899996,300018.30397899996,300018.30397899996,300018.30397899996,nan,300018.30397899996,nan,nan,0.0,63,64,,True,False,TTFT timeout: 300.0s exceeded (TTFT: 300.012s),0,56.69694568066818
215,2026-09-19T05:46:59.334+00:00,2026-09-19T05:51:59.201+00:00,2026-09-19T05:51:59.426+00:00,False,4,3.0,,3.0,299866.27054500004,300091.79707300005,300091.797161,75022.94929025,0.02919,299866.27054500004,149895.55692368635,254903.39609925007,75.17550933333332,65.08670866596556,0.009996941033580543,63,64,,True,False,Request timeout: 300.0s exceeded,11,56.69694568066818
216,2026-09-19T05:46:59.712+00:00,2026-09-19T05:51:59.520+00:00,2026-09-19T05:51:59.821+00:00,False,6,5.0,,5.0,299808.214517,300108.379893,300108.379779,50018.063296500004,0.089169,299808.214517,122371.68843070675,224881.57868800004,60.033075200000006,42.04396277712808,0.016660647735936895,63,64,,True,False,Request timeout: 300.0s exceeded,21,56.69694568066818
217,2026-09-19T05:47:00.124+00:00,2026-09-19T05:52:00.235+00:00,2026-09-19T05:52:00.235+00:00,False,1,0.0,,0.0,300111.676415,300111.676415,300111.676415,300111.676415,300111.676415,300111.676415,nan,300111.676415,nan,nan,0.0,63,64,,True,False,"HTTPConnectionPool(host='gpu03', port=9002): Read timed out.",0,56.69694568066818
218,2026-09-19T05:47:00.646+00:00,2026-09-19T05:52:00.662+00:00,2026-09-19T05:52:00.662+00:00,False,1,0.0,,0.0,300016.453001,300016.453001,300016.453001,300016.453001,300016.453001,300016.453001,nan,300016.453001,nan,nan,0.0,63,64,,True,False,TTFT timeout: 300.0s exceeded (TTFT: 300.001s),0,56.69694568066818
219,2026-09-19T05:47:01.129+00:00,2026-09-19T05:52:01.017+00:00,2026-09-19T05:52:01.245+00:00,False,4,3.0,,3.0,299888.614732,300116.252236,300116.252303,75029.06307575,0.02274,299888.614732,149906.37737035257,254922.57341739998,75.879168,65.70448894823744,0.009996126426505268,63,64,,True,False,Request timeout: 300.0s exceeded,10,56.69694568066818
220,2026-09-19T05:47:01.604+00:00,2026-09-19T05:52:01.682+00:00,2026-09-19T05:52:01.682+00:00,False,1,0.0,,0.0,300078.393693,300078.393693,300078.393693,300078.393693,300078.393693,300078.393693,nan,300078.393693,nan,nan,0.0,63,64,,True,False,"HTTPConnectionPool(host='gpu03', port=9002): Read timed out.",0,56.69694568066818
221,2026-09-19T05:47:02.135+00:00,2026-09-19T05:52:02.183+00:00,2026-09-19T05:52:02.183+00:00,False,1,0.0,,0.0,300048.366528,300048.366528,300048.366528,300048.366528,300048.366528,300048.366528,nan,300048.366528,nan,nan,0.0,63,64,,True,False,TTFT timeout: 300.0s exceeded (TTFT: 300.034s),0,56.69694568066818
222,2026-09-19T05:47:02.625+00:00,2026-09-19T05:52:02.461+00:00,2026-09-19T05:52:02.685+00:00,False,4,3.0,,3.0,299836.404604,300060.23589999997,300060.236024,75015.059006,0.03729,299836.404604,149880.90776159178,254881.51912735,74.610432,69.3504682245807,0.009997992539737254,63,64,,True,False,Request timeout: 300.0s exceeded,11,56.69694568066818
223,2026-09-19T05:47:03.091+00:00,2026-09-19T05:52:03.201+00:00,2026-09-19T05:52:03.201+00:00,False,1,0.0,,0.0,300109.774061,300109.774061,300109.774061,300109.774061,300109.774061,300109.774061,nan,300109.774061,nan,nan,0.0,63,64,,True,False,TTFT timeout: 300.0s exceeded (TTFT: 300.099s),0,56.69694568066818
224,2026-09-19T05:47:03.522+00:00,2026-09-19T05:52:03.619+00:00,2026-09-19T05:52:03.619+00:00,False,1,0.0,,0.0,300097.176974,300097.176974,300097.176974,300097.176974,300097.176974,300097.176974,nan,300097.176974,nan,nan,0.0,63,64,,True,False,"HTTPConnectionPool(host='gpu03', port=9002): Read timed out.",0,56.69694568066818
225,2026-09-19T05:47:03.946+00:00,2026-09-19T05:52:03.938+00:00,2026-09-19T05:52:05.048+00:00,False,12,11.0,,11.0,299991.796796,301102.22162799997,301102.221738,25091.851811499997,0.027120000000000002,299991.796796,86571.03803593306,135075.51519449998,100.947712,36.02915577503353,0.03653244383427389,63,64,,True,False,Request timeout: 300.0s exceeded,59,56.69694568066818
226,2026-09-19T05:47:04.541+00:00,2026-09-19T05:52:04.429+00:00,2026-09-19T05:52:05.149+00:00,False,9,8.0,,8.0,299888.77668400004,300608.84862000006,300608.848554,33400.983172666674,0.03356,299888.77668400004,99932.92841398664,179976.594224,90.008992,36.54597370066479,0.026612656402915165,63,64,,True,False,Request timeout: 300.0s exceeded,34,56.69694568066818
227,2026-09-19T05:47:04.921+00:00,2026-09-19T05:52:05.261+00:00,2026-09-19T05:52:05.261+00:00,False,1,0.0,,0.0,300339.459305,300339.459305,300339.459305,300339.459305,300339.459305,300339.459305,nan,300339.459305,nan,nan,0.0,63,64,,True,False,"HTTPConnectionPool(host='gpu03', port=9002): Read timed out.",0,56.69694568066818
228,2026-09-19T05:47:05.251+00:00,2026-09-19T05:52:05.280+00:00,2026-09-19T05:52:05.280+00:00,False,1,0.0,,0.0,300029.14049,300029.14049,300029.14049,300029.14049,300029.14049,300029.14049,nan,300029.14049,nan,nan,0.0,63,64,,True,False,"HTTPConnectionPool(host='gpu03', port=9002): Read timed out.",0,56.69694568066818
229,2026-09-19T05:47:05.720+00:00,2026-09-19T05:52:05.791+00:00,2026-09-19T05:52:05.791+00:00,False,1,0.0,,0.0,300070.314626,300070.314626,300070.314626,300070.314626,300070.314626,300070.314626,nan,300070.314626,nan,nan,0.0,63,64,,True,False,"HTTPConnectionPool(host='gpu03', port=9002): Read timed out.",0,56.69694568066818
230,2026-09-19T05:47:06.239+00:00,2026-09-19T05:52:06.343+00:00,2026-09-19T05:52:06.343+00:00,False,1,0.0,,0.0,300103.836786,300103.836786,300103.836786,300103.836786,300103.836786,300103.836786,nan,300103.836786,nan,nan,0.0,63,64,,True,False,"HTTPConnectionPool(host='gpu03', port=9002): Read timed out.",0,56.69694568066818
231,2026-09-19T05:47:06.732+00:00,2026-09-19T05:52:06.548+00:00,2026-09-19T05:52:06.741+00:00,False,4,3.0,,3.0,299816.55924699997,300009.57403099997,300009.57425299997,75002.39356324999,0.02321,299816.55924699997,149876.117381464,254859.06135955,64.33826133333334,55.80294404419972,0.009999680875817684,63,64,,True,False,Request timeout: 300.0s exceeded,10,56.69694568066818
232,2026-09-19T05:47:07.310+00:00,2026-09-19T05:52:07.386+00:00,2026-09-19T05:52:07.386+00:00,False,1,0.0,,0.0,300076.064205,300076.064205,300076.064205,300076.064205,300076.064205,300076.064205,nan,300076.064205,nan,nan,0.0,63,64,,True,False,"HTTPConnectionPool(host='gpu03', port=9002): Read timed out.",0,56.69694568066818
233,2026-09-19T05:47:07.729+00:00,2026-09-19T05:52:07.843+00:00,2026-09-19T05:52:07.843+00:00,False,1,0.0,,0.0,300113.612056,300113.612056,300113.612056,300113.612056,300113.612056,300113.612056,nan,300113.612056,nan,nan,0.0,63,64,,True,False,"HTTPConnectionPool(host='gpu03', port=9002): Read timed out.",0,56.69694568066818
234,2026-09-19T05:47:08.293+00:00,2026-09-19T05:52:08.272+00:00,2026-09-19T05:52:08.387+00:00,False,3,2.0,,2.0,299979.14123400004,300093.911666,300093.91178100003,100031.30392700002,0.038509999999999996,299979.14123400004,173159.91603561488,269992.7003143,57.385216,81.1006449461144,0.0066645803938400775,63,64,,True,False,Request timeout: 300.0s exceeded,3,56.69694568066818
235,2026-09-19T05:47:08.773+00:00,2026-09-19T05:52:08.509+00:00,2026-09-19T05:52:08.865+00:00,False,6,5.0,,5.0,299736.153067,300092.039147,300092.039122,50015.339853666665,0.0371,299736.153067,122337.72107064049,224828.68224249996,71.177216,46.155854906974305,0.016661554948982676,63,64,,True,False,Request timeout: 300.0s exceeded,23,56.69694568066818
236,2026-09-19T05:47:09.366+00:00,2026-09-19T05:52:09.466+00:00,2026-09-19T05:52:09.466+00:00,False,1,0.0,,0.0,300099.960546,300099.960546,300099.960546,300099.960546,300099.960546,300099.960546,nan,300099.960546,nan,nan,0.0,63,64,,True,False,TTFT timeout: 300.0s exceeded (TTFT: 300.092s),0,56.69694568066818
237,2026-09-19T05:47:09.905+00:00,2026-09-19T05:52:09.732+00:00,2026-09-19T05:52:09.993+00:00,False,4,3.0,,3.0,299827.504825,300088.538553,300088.53865400003,75022.13466350001,0.09087,299827.504825,149870.25937816285,254873.05039945003,87.01124266666667,75.27844852545752,0.00999704958565139,63,64,,True,False,Request timeout: 300.0s exceeded,10,56.69694568066818
238,2026-09-19T05:47:10.428+00:00,2026-09-19T05:52:10.202+00:00,2026-09-19T05:52:10.508+00:00,False,5,4.0,,4.0,299774.600398,300080.44922999997,300080.44916699996,60016.089833399994,0.05503,299774.600398,134029.08921532406,239840.3480298,76.462208,50.9521504932773,0.01332975877056941,63,64,,True,False,Request timeout: 300.0s exceeded,17,56.69694568066818
239,2026-09-19T05:47:10.978+00:00,2026-09-19T05:52:11.015+00:00,2026-09-19T05:52:11.015+00:00,False,1,0.0,,0.0,300036.738992,300036.738992,300036.738992,300036.738992,300036.738992,300036.738992,nan,300036.738992,nan,nan,0.0,63,64,,True,False,"HTTPConnectionPool(host='gpu03', port=9002): Read timed out.",0,56.69694568066818
240,2026-09-19T05:47:11.301+00:00,2026-09-19T05:52:11.358+00:00,2026-09-19T05:52:11.358+00:00,False,1,0.0,,0.0,300056.75794800004,300056.75794800004,300056.75794800004,300056.75794800004,300056.75794800004,300056.75794800004,nan,300056.75794800004,nan,nan,0.0,63,64,,True,False,TTFT timeout: 300.0s exceeded (TTFT: 300.050s),0,56.69694568066818
241,2026-09-19T05:47:11.759+00:00,2026-09-19T05:52:11.632+00:00,2026-09-19T05:52:11.835+00:00,False,4,3.0,,3.0,299872.29527,300075.969894,300075.969869,75018.99246725,0.02101,299872.29527,149902.20955242027,254906.85084455003,67.89154133333332,58.78360633246373,0.009997468311307073,63,64,,True,False,Request timeout: 300.0s exceeded,13,56.69694568066818
242,2026-09-19T05:47:12.209+00:00,2026-09-19T05:52:12.304+00:00,2026-09-19T05:52:12.304+00:00,False,1,0.0,,0.0,300095.282111,300095.282111,300095.282111,300095.282111,300095.282111,300095.282111,nan,300095.282111,nan,nan,0.0,63,64,,True,False,"HTTPConnectionPool(host='gpu03', port=9002): Read timed out.",0,56.69694568066818
243,2026-09-19T05:47:12.572+00:00,2026-09-19T05:52:12.674+00:00,2026-09-19T05:52:12.674+00:00,False,1,0.0,,0.0,300102.35573400004,300102.35573400004,300102.35573400004,300102.35573400004,300102.35573400004,300102.35573400004,nan,300102.35573400004,nan,nan,0.0,63,64,,True,False,"HTTPConnectionPool(host='gpu03', port=9002): Read timed out.",0,56.69694568066818
244,2026-09-19T05:47:12.999+00:00,2026-09-19T05:52:13.049+00:00,2026-09-19T05:52:13.049+00:00,False,1,0.0,,0.0,300049.47027600004,300049.47027600004,300049.47027600004,300049.47027600004,300049.47027600004,300049.47027600004,nan,300049.47027600004,nan,nan,0.0,63,64,,True,False,"HTTPConnectionPool(host='gpu03', port=9002): Read timed out.",0,56.69694568066818
245,2026-09-19T05:47:13.488+00:00,2026-09-19T05:52:13.353+00:00,2026-09-19T05:52:13.566+00:00,False,4,3.0,,3.0,299864.699586,300077.604802,300077.604783,75019.40119575,0.02526,299864.699586,149896.87422718277,254902.51796804997,70.96840533333332,62.309758053203744,0.009997413842260864,63,64,,True,False,Request timeout: 300.0s exceeded,10,56.69694568066818
246,2026-09-19T05:47:13.964+00:00,2026-09-19T05:52:14.049+00:00,2026-09-19T05:52:14.049+00:00,False,1,0.0,,0.0,300085.329621,300085.329621,300085.329621,300085.329621,300085.329621,300085.329621,nan,300085.329621,nan,nan,0.0,63,64,,True,False,"HTTPConnectionPool(host='gpu03', port=9002): Read timed out.",0,56.69694568066818
247,2026-09-19T05:47:14.552+00:00,2026-09-19T05:52:14.637+00:00,2026-09-19T05:52:14.637+00:00,False,1,0.0,,0.0,300084.85931599996,300084.85931599996,300084.85931599996,300084.85931599996,300084.85931599996,300084.85931599996,nan,300084.85931599996,nan,nan,0.0,63,64,,True,False,"HTTPConnectionPool(host='gpu03', port=9002): Read timed out.",0,56.69694568066818
248,2026-09-19T05:47:15.052+00:00,2026-09-19T05:52:14.916+00:00,2026-09-19T05:52:15.139+00:00,False,4,3.0,,3.0,299863.09852600005,300086.164126,300086.16408700007,75021.54102175002,0.02334,299863.09852600005,149894.3809222584,254900.97840685007,74.3552,64.5043848869301,0.009997128687147206,63,64,,True,False,Request timeout: 300.0s exceeded,11,56.69694568066818
249,2026-09-19T05:47:15.375+00:00,2026-09-19T05:52:15.138+00:00,2026-09-19T05:52:15.449+00:00,False,5,4.0,,4.0,299763.107226,300074.70325799996,300074.70324,60014.940647999996,0.056850000000000005,299763.107226,134023.3072573353,239833.71795559998,77.899008,52.69691746156645,0.01333001401507963,63,64,,True,False,Request timeout: 300.0s exceeded,17,56.69694568066818
250,2026-09-19T05:47:15.785+00:00,2026-09-19T05:52:15.823+00:00,2026-09-19T05:52:15.823+00:00,False,1,0.0,,0.0,300037.153877,300037.153877,300037.153877,300037.153877,300037.153877,300037.153877,nan,300037.153877,nan,nan,0.0,63,64,,True,False,"HTTPConnectionPool(host='gpu03', port=9002): Read timed out.",0,56.69694568066818
251,2026-09-19T05:47:16.152+00:00,2026-09-19T05:52:16.257+00:00,2026-09-19T05:52:16.257+00:00,False,1,0.0,,0.0,300105.03126,300105.03126,300105.03126,300105.03126,300105.03126,300105.03126,nan,300105.03126,nan,nan,0.0,63,64,,True,False,TTFT timeout: 300.0s exceeded (TTFT: 300.093s),0,56.69694568066818
253,2026-09-19T05:47:17.689+00:00,2026-09-19T05:52:16.770+00:00,2026-09-19T05:52:17.737+00:00,False,12,11.0,,11.0,299081.47420399997,300048.21621999994,300048.21635799995,25004.018029833333,0.02491,299081.47420399997,86312.02015482975,134650.92868794999,87.8856378181818,33.00321460680863,0.03666077452010123,63,64,,True,False,Request timeout: 300.0s exceeded,40,56.69694568066818
252,2026-09-19T05:47:17.596+00:00,2026-09-19T05:52:16.881+00:00,2026-09-19T05:52:17.868+00:00,False,12,11.0,,11.0,299285.19561500003,300272.652383,300272.65251800005,25022.721043166668,0.02392,299285.19561500003,86370.2868759027,134751.40751390002,89.76879709090909,35.87339004151667,0.03663337274541212,63,64,,True,False,Request timeout: 300.0s exceeded,42,56.69694568066818
254,2026-09-19T05:47:17.729+00:00,2026-09-19T05:52:17.960+00:00,2026-09-19T05:52:17.960+00:00,False,1,0.0,,0.0,300231.743564,300231.743564,300231.743564,300231.743564,300231.743564,300231.743564,nan,300231.743564,nan,nan,0.0,63,64,,True,False,TTFT timeout: 300.0s exceeded (TTFT: 300.056s),0,56.69694568066818
255,2026-09-19T05:47:18.142+00:00,2026-09-19T05:52:18.182+00:00,2026-09-19T05:52:18.182+00:00,False,1,0.0,,0.0,300039.42178100004,300039.42178100004,300039.42178100004,300039.42178100004,300039.42178100004,300039.42178100004,nan,300039.42178100004,nan,nan,0.0,63,64,,True,False,"HTTPConnectionPool(host='gpu03', port=9002): Read timed out.",0,56.69694568066818
256,2026-09-19T05:47:18.521+00:00,2026-09-19T05:52:18.558+00:00,2026-09-19T05:52:18.558+00:00,False,1,0.0,,0.0,300036.351715,300036.351715,300036.351715,300036.351715,300036.351715,300036.351715,nan,300036.351715,nan,nan,0.0,63,64,,True,False,"HTTPConnectionPool(host='gpu03', port=9002): Read timed out.",0,56.69694568066818
257,2026-09-19T05:47:18.996+00:00,2026-09-19T05:52:19.093+00:00,2026-09-19T05:52:19.093+00:00,False,1,0.0,,0.0,300097.803551,300097.803551,300097.803551,300097.803551,300097.803551,300097.803551,nan,300097.803551,nan,nan,0.0,63,64,,True,False,"HTTPConnectionPool(host='gpu03', port=9002): Read timed out.",0,56.69694568066818
259,2026-09-19T05:47:19.802+00:00,2026-09-19T05:52:19.397+00:00,2026-09-19T05:52:20.688+00:00,False,17,16.0,,16.0,299594.69105900003,300885.71032300004,300885.71040700004,17699.159435705886,0.02899,299594.69105900003,72642.82283141924,60004.83369660001,80.688704,33.08743364874631,0.05317633723058514,63,64,,True,False,Request timeout: 300.0s exceeded,82,56.69694568066818
258,2026-09-19T05:47:19.338+00:00,2026-09-19T05:52:19.398+00:00,2026-09-19T05:52:20.582+00:00,False,16,15.0,,15.0,300059.331258,301243.45618599997,301243.45617799996,18827.716011124998,0.02469,300059.331258,74995.10457046593,75093.94229774999,78.94166186666666,33.94782187860416,0.049793612747353395,63,64,,True,False,Request timeout: 300.0s exceeded,55,56.69694568066818
261,2026-09-19T05:47:20.682+00:00,2026-09-19T05:52:20.768+00:00,2026-09-19T05:52:20.768+00:00,False,1,0.0,,0.0,300085.41530500003,300085.41530500003,300085.41530500003,300085.41530500003,300085.41530500003,300085.41530500003,nan,300085.41530500003,nan,nan,0.0,63,64,,True,False,"HTTPConnectionPool(host='gpu03', port=9002): Read timed out.",0,56.69694568066818
260,2026-09-19T05:47:20.346+00:00,2026-09-19T05:52:21.499+00:00,2026-09-19T05:52:21.499+00:00,False,1,0.0,,0.0,301153.65526800003,301153.65526800003,301153.65526800003,301153.65526800003,301153.65526800003,301153.65526800003,nan,301153.65526800003,nan,nan,0.0,63,64,,True,False,"HTTPConnectionPool(host='gpu03', port=9002): Read timed out.",0,56.69694568066818
