request_idx,request_sent_at_utc,first_token_at_utc,full_response_received_at_utc,successful_request,records_in_request,response_token_count,input_token_count,output_token_count,first_token_ms,request_duration_ms,token_generation_duration_sum_ms,token_generation_duration_avg_ms,token_generation_duration_min_ms,token_generation_duration_max_ms,token_generation_duration_stdev_ms,token_generation_duration_p95_ms,inter_token_interval_avg_ms,inter_token_interval_stdev_ms,tokens_per_second,worker_idx,exp_num_users,workload_profile,exclude,consistent,error,response_char_count,success_rate
0,2026-10-07T04:15:54.179+00:00,2026-10-07T04:15:54.291+00:00,2026-10-07T04:16:04.687+00:00,True,309,309.0,,309.0,111.88140399999999,10507.633596,10507.633558,34.00528659546926,28.890832999999997,153.81122399999998,9.522746464750618,44.9174478,33.75244218181818,8.435595162721969,29.407192131026417,0,14,100-300:300-600,False,True,,1215,99.94996664442962
1,2026-10-07T04:15:58.604+00:00,2026-10-07T04:15:58.746+00:00,2026-10-07T04:16:12.269+00:00,True,370,370.0,,370.0,141.576814,13664.696174,13664.696176,36.931611286486486,0.022843,168.02438,12.513921007937881,57.000522450000005,36.648019945799454,11.277685433359501,27.077074769068332,0,14,100-300:300-600,False,True,,1679,99.94996664442962
2,2026-10-07T04:16:01.628+00:00,2026-10-07T04:16:01.748+00:00,2026-10-07T04:16:14.604+00:00,True,339,339.0,,339.0,120.29083800000001,12975.981846,12975.981892,38.277232719764015,0.020128,168.714653,12.759738845308377,58.5747946,38.03458878106509,11.969794521714928,26.125190681004288,0,14,100-300:300-600,False,True,,1354,99.94996664442962
3,2026-10-07T04:16:05.819+00:00,2026-10-07T04:16:05.961+00:00,2026-10-07T04:16:20.746+00:00,True,372,372.0,,372.0,141.72017300000002,14927.487853,14927.487698,40.127655102150534,0.021971,166.366644,13.032555242592416,60.966972850000005,39.853821239892184,11.930486146617588,24.92046911465003,0,14,100-300:300-600,False,True,,1635,99.94996664442962
4,2026-10-07T04:16:08.918+00:00,2026-10-07T04:16:09.039+00:00,2026-10-07T04:17:04.677+00:00,True,1197,1197.0,,1197.0,120.707869,55759.436573,55759.436766,46.58265393984962,33.886900999999995,133.752962,15.5349823965807,85.3116392,46.520676173913046,15.392718610328897,21.467218350258847,0,14,1-100:1000-1500,False,True,,1197,99.94996664442962
5,2026-10-07T04:16:13.725+00:00,2026-10-07T04:16:13.846+00:00,2026-10-07T04:16:34.416+00:00,True,477,477.0,,477.0,121.114512,20690.628496,20690.628615999998,43.37657990775681,33.701043,121.114512,11.787627265961047,72.8003652,43.213264672268906,11.246835752841177,23.053915452216234,0,14,100-300:300-600,False,True,,2080,99.94996664442962
6,2026-10-07T04:16:17.749+00:00,2026-10-07T04:16:17.876+00:00,2026-10-07T04:16:44.317+00:00,True,588,588.0,,588.0,126.77003,26567.400302,26567.400169,45.182653348639455,34.007186000000004,126.77003,12.995120127158042,76.91504485,45.043663155025556,12.56115343945874,22.132387562050443,0,14,100-300:300-600,False,True,,3011,99.94996664442962
7,2026-10-07T04:16:22.072+00:00,2026-10-07T04:16:22.235+00:00,2026-10-07T04:16:37.157+00:00,True,331,331.0,,331.0,163.811076,15085.409796,15085.409703,45.57525590030212,33.091842,163.811076,14.114897075335616,77.7958385,45.21696581818182,12.538553515594383,21.941730750182664,0,14,100-300:300-600,False,True,,1553,99.94996664442962
8,2026-10-07T04:16:25.217+00:00,2026-10-07T04:16:25.379+00:00,2026-10-07T04:16:47.870+00:00,True,483,483.0,,483.0,161.43183100000002,22652.370711000003,22652.370846,46.89931852173913,36.376231,161.43183100000002,14.594637720340504,80.81865690000001,46.66169892116182,13.642510491348766,21.322271569812113,0,14,100-300:300-600,False,True,,2284,99.94996664442962
9,2026-10-07T04:16:28.636+00:00,2026-10-07T04:16:28.786+00:00,2026-10-07T04:17:22.476+00:00,True,1053,1053.0,,1053.0,150.21947,53840.341453999994,53840.341507,51.13042878157645,0.019055,357.348243,21.17104255974483,98.07822199999998,51.03623762737642,20.959212883971077,19.557825443950055,0,14,1-100:1000-1500,False,True,,3576,99.94996664442962
10,2026-10-07T04:16:31.892+00:00,2026-10-07T04:16:32.055+00:00,2026-10-07T04:17:43.306+00:00,True,1335,1335.0,,1335.0,163.402871,71414.670711,71414.670702,53.49413535730337,0.017832999999999998,359.776621,23.33757399033338,108.54033510000001,53.41174500749625,23.1512840602545,18.6936379697452,0,14,1-100:1000-1500,False,True,,1335,99.94996664442962
11,2026-10-07T04:16:37.004+00:00,2026-10-07T04:16:37.156+00:00,2026-10-07T04:17:05.359+00:00,True,557,557.0,,557.0,151.626043,28354.028347,28354.028149,50.90489793357271,36.560436,151.626043,18.857860961699036,98.94389799999999,50.723745151079136,18.38336025992652,19.644474964310792,0,14,100-300:300-600,False,True,,2442,99.94996664442962
12,2026-10-07T04:16:41.613+00:00,2026-10-07T04:16:41.767+00:00,2026-10-07T04:17:56.947+00:00,True,1358,1358.0,,1358.0,154.758547,75334.723987,75334.72403,55.47475996318115,0.018685,349.57466,23.51394986624644,109.78658014999999,55.40159575534267,23.367473691166943,18.026215908540937,0,14,1-100:1000-1500,False,True,,3927,99.94996664442962
13,2026-10-07T04:16:46.154+00:00,2026-10-07T04:16:46.325+00:00,2026-10-07T04:18:04.549+00:00,True,1384,1384.0,,1384.0,171.682872,78395.26661600001,78395.266833,56.64397892557803,0.018945,359.23046899999997,24.36720282359806,112.15580145,56.560798079537236,24.17865052105521,17.654127088809897,0,14,1-100:1000-1500,False,True,,6219,99.94996664442962
14,2026-10-07T04:16:49.817+00:00,2026-10-07T04:16:49.999+00:00,2026-10-07T04:17:16.891+00:00,True,503,503.0,,503.0,181.717057,27073.959745,27073.959796,53.82496977335984,39.131589,181.717057,20.58926922312665,104.685002,53.570204557768925,19.80029125958073,18.578737825481685,0,14,100-300:300-600,False,True,,2429,99.94996664442962
15,2026-10-07T04:16:55.144+00:00,2026-10-07T04:16:55.365+00:00,2026-10-07T04:18:22.273+00:00,True,1500,1500.0,,1500.0,221.455103,87128.920063,87128.92008,58.08594672,0.019136,349.69097700000003,25.316448931111633,117.77442115,57.97696128085391,24.97042142582704,17.215868151647012,0,14,1-100:1000-1500,False,True,,3004,99.94996664442962
16,2026-10-07T04:16:58.430+00:00,2026-10-07T04:16:58.748+00:00,2026-10-07T04:17:23.075+00:00,True,448,448.0,,448.0,317.543011,24644.413795,24644.413779,55.00985218526786,0.018404,317.543011,27.31137895482579,107.1863852,54.422529718120806,24.34544419798023,18.178561832576143,0,14,100-300:300-600,False,True,,945,99.94996664442962
17,2026-10-07T04:17:01.914+00:00,2026-10-07T04:17:02.067+00:00,2026-10-07T04:18:21.992+00:00,True,1373,1373.0,,1373.0,153.34618400000002,80078.35252,80078.352638,58.32363629861617,0.018815000000000002,354.477014,25.11453266089648,118.04890599999999,58.254377795918366,24.99218099508119,17.145707382742245,0,14,1-100:1000-1500,False,True,,5691,99.94996664442962
18,2026-10-07T04:17:06.420+00:00,2026-10-07T04:17:06.573+00:00,2026-10-07T04:18:14.730+00:00,True,1163,1163.0,,1163.0,153.288926,68310.064606,68310.064665,58.73608311693895,0.017854,357.982771,25.890391092986246,120.560599,58.65471228915662,25.752335445476678,17.02530961883834,0,14,1-100:1000-1500,False,True,,1163,99.94996664442962
19,2026-10-07T04:17:10.215+00:00,2026-10-07T04:17:10.465+00:00,2026-10-07T04:17:37.448+00:00,True,478,478.0,,478.0,250.112516,27232.727044,27232.72698,56.972232175732216,0.018525,350.605772,28.57250820091081,120.14507245,56.56732605450734,27.195053883669427,17.55241034905149,0,14,100-300:300-600,False,True,,2137,99.94996664442962
20,2026-10-07T04:17:14.764+00:00,2026-10-07T04:17:15.002+00:00,2026-10-07T04:17:37.593+00:00,True,398,398.0,,398.0,238.250356,22829.20434,22829.204382,57.359810005025125,0.018826,307.303459,28.836352604683242,121.97895515,56.904166206549114,27.40067988023956,17.433809521895935,0,14,100-300:300-600,False,True,,1702,99.94996664442962
21,2026-10-07T04:17:18.907+00:00,2026-10-07T04:17:19.091+00:00,2026-10-07T04:18:30.397+00:00,True,1201,1201.0,,1201.0,183.552757,71489.27870899999,71489.27869,59.52479491257286,0.017913000000000002,373.718483,27.92722256618875,122.772441,59.42143829333334,27.708118720184427,16.799721884014513,0,14,1-100:1000-1500,False,True,,1201,99.94996664442962
22,2026-10-07T04:17:21.840+00:00,2026-10-07T04:17:22.101+00:00,2026-10-07T04:17:40.924+00:00,True,323,323.0,,323.0,260.58473499999997,19083.747359,19083.747189,59.082808634674926,41.588463000000004,260.58473499999997,26.87707482785071,120.23678469999999,58.45702678260869,24.448829742662127,16.925396984343926,0,14,100-300:300-600,False,True,,1267,99.94996664442962
23,2026-10-07T04:17:25.913+00:00,2026-10-07T04:17:26.120+00:00,2026-10-07T04:17:57.179+00:00,True,522,522.0,,522.0,206.975715,31266.524387,31266.524314,59.897556157088125,41.593540000000004,206.975715,25.155529641826625,123.94221390000001,59.6152565681382,24.33799074613132,16.69517192058089,0,14,100-300:300-600,False,True,,2520,99.94996664442962
24,2026-10-07T04:17:28.955+00:00,2026-10-07T04:17:29.097+00:00,2026-10-07T04:17:59.582+00:00,True,509,509.0,,509.0,142.15279999999998,30626.968928,30626.968997,60.17086246954813,42.439265,142.15279999999998,24.31900860558865,119.3887656,60.009480566929135,24.068608930238888,16.619339680547313,0,14,100-300:300-600,False,True,,2371,99.94996664442962
25,2026-10-07T04:17:33.097+00:00,2026-10-07T04:17:33.350+00:00,2026-10-07T04:18:03.231+00:00,True,493,493.0,,493.0,253.00503700000002,30134.699245,30134.699238,61.1251505841785,40.836283,253.00503700000002,26.834191197598017,124.9279808,60.73515082926829,25.424449645751448,16.35987789331594,0,14,100-300:300-600,False,True,,2137,99.94996664442962
26,2026-10-07T04:17:36.186+00:00,2026-10-07T04:17:36.368+00:00,2026-10-07T04:18:10.089+00:00,True,558,558.0,,558.0,182.563983,33903.502991,33903.502934,60.75896583154122,42.628951,182.563983,25.145159554950308,123.7864306,60.54028547217235,24.63095915197175,16.458476286303696,0,14,100-300:300-600,False,True,,1770,99.94996664442962
27,2026-10-07T04:17:39.395+00:00,2026-10-07T04:17:39.604+00:00,2026-10-07T04:18:15.689+00:00,True,594,594.0,,594.0,208.21433199999998,36293.430076000004,36293.430235,61.1000509006734,43.106857000000005,208.21433199999998,25.482162117032406,122.97695279999999,60.85196584148398,24.775342550570148,16.366598548446326,0,14,100-300:300-600,False,True,,1187,99.94996664442962
28,2026-10-07T04:17:42.732+00:00,2026-10-07T04:17:42.918+00:00,2026-10-07T04:18:05.584+00:00,True,377,377.0,,377.0,186.580617,22852.388489,22852.388387,60.616414819628645,42.543169999999996,186.580617,25.08517841026989,115.80733880000001,60.28140391489362,24.25942687291098,16.497181473239394,0,14,100-300:300-600,False,True,,1585,99.94996664442962
29,2026-10-07T04:17:45.627+00:00,2026-10-07T04:17:45.790+00:00,2026-10-07T04:18:09.493+00:00,True,394,394.0,,394.0,162.798304,23866.336479999998,23866.336285,60.57445757614213,41.545550999999996,162.798304,24.88308261062986,115.07935905000001,60.31434650381679,24.372574870436257,16.50860827886895,0,14,100-300:300-600,False,True,,2005,99.94996664442962
30,2026-10-07T04:17:50.328+00:00,2026-10-07T04:17:50.576+00:00,2026-10-07T04:18:10.042+00:00,True,319,319.0,,319.0,247.783803,19713.988475,19713.988495,61.79933697492163,43.384015,247.783803,27.355746550719072,123.7646436,61.214480100628926,25.322661788476978,16.181403393054385,0,14,100-300:300-600,False,True,,1523,99.94996664442962
31,2026-10-07T04:17:54.191+00:00,2026-10-07T04:17:54.429+00:00,2026-10-07T04:18:23.361+00:00,True,480,480.0,,480.0,237.933521,29170.573265,29170.573056,60.7720272,0.018274000000000002,423.54234399999996,31.457152165498933,124.8557856,60.40217065553236,30.427355260936732,16.454938874167514,0,14,100-300:300-600,False,True,,2075,99.94996664442962
32,2026-10-07T04:17:59.278+00:00,2026-10-07T04:18:00.420+00:00,2026-10-07T04:18:32.889+00:00,True,537,537.0,,537.0,1142.259438,33610.808302,33610.808319,62.58995962569833,0.018564,1142.259438,55.06834640068213,126.13416160000001,60.57565086567164,29.245049967042462,15.977003444098846,0,14,100-300:300-600,False,True,,2468,99.94996664442962
33,2026-10-07T04:18:02.451+00:00,2026-10-07T04:18:03.140+00:00,2026-10-07T04:18:30.198+00:00,True,452,452.0,,452.0,689.2196899999999,27747.482986000003,27747.483131,61.38823701548672,0.018335,689.2196899999999,41.706430312628015,125.35103065,59.99614921507761,29.417863815573664,16.289765822293024,0,14,100-300:300-600,False,True,,1898,99.94996664442962
34,2026-10-07T04:18:06.107+00:00,2026-10-07T04:18:06.352+00:00,2026-10-07T04:18:31.200+00:00,True,417,417.0,,417.0,244.65362299999998,25092.600630999998,25092.600672,60.17410233093525,0.019896999999999998,389.965039,31.469959632922393,126.2593946,59.73064184615385,30.17516744567412,16.618444860786102,0,14,100-300:300-600,False,True,,2082,99.94996664442962
35,2026-10-07T04:18:11.354+00:00,2026-10-07T04:18:11.595+00:00,2026-10-07T04:18:44.875+00:00,True,551,551.0,,551.0,241.313044,33520.731668,33520.731709,60.836173700544464,0.019958,384.407337,30.057090185186713,126.555522,60.50803386181818,29.079841088710815,16.437588697564223,0,14,100-300:300-600,False,True,,2522,99.94996664442962
36,2026-10-07T04:18:14.285+00:00,2026-10-07T04:18:14.506+00:00,2026-10-07T04:18:43.614+00:00,True,484,484.0,,484.0,220.972558,29329.409806,29329.409891,60.597954320247936,0.018655,422.105742,31.3469498769154,125.85798335,60.26591562732919,30.51554960441923,16.502207279363212,0,14,100-300:300-600,False,True,,2262,99.94996664442962
37,2026-10-07T04:18:18.118+00:00,2026-10-07T04:18:19.936+00:00,2026-10-07T04:18:50.785+00:00,True,507,507.0,,507.0,1817.9766280000001,32667.346996,32667.347179,64.43263743392505,0.018415,1817.9766280000001,83.48088756311529,128.4087904,60.967135114624504,29.696485181126064,15.520084935641709,0,14,100-300:300-600,False,True,,2214,99.94996664442962
38,2026-10-07T04:18:21.737+00:00,2026-10-07T04:18:22.769+00:00,2026-10-07T04:18:54.278+00:00,True,523,523.0,,523.0,1031.48135,32540.232966000003,32540.232889,62.218418525812616,0.018775,1031.48135,51.43328482403459,127.1751562,60.361593134099614,29.048232062967948,16.072411053309356,0,14,100-300:300-600,False,True,,2531,99.94996664442962
39,2026-10-07T04:18:24.705+00:00,2026-10-07T04:18:25.119+00:00,2026-10-07T04:18:47.276+00:00,True,367,367.0,,367.0,413.794001,22571.488976999997,22571.488901,61.502694553133516,43.219989,413.794001,30.985299439986814,126.973978,60.54015020765027,24.935220650196037,16.25945015740731,0,14,100-300:300-600,False,True,,1580,99.94996664442962
40,2026-10-07T04:18:28.135+00:00,2026-10-07T04:18:30.346+00:00,2026-10-07T04:20:01.038+00:00,True,1486,1486.0,,1486.0,2211.1961499999998,92903.657206,92903.657342,62.51928488694482,0.02141,2211.1961499999998,62.930285069410395,128.24719225,61.072364347474746,29.15021806560863,15.99506461521764,0,14,1-100:1000-1500,False,True,,1488,99.94996664442962
41,2026-10-07T04:18:33.451+00:00,2026-10-07T04:18:35.442+00:00,2026-10-07T04:18:55.634+00:00,True,332,332.0,,332.0,1991.110129,22183.083249,22183.083092,66.8165153373494,40.949416,1991.110129,108.94282200297486,128.16090930000001,61.00293993957703,25.48874686365876,14.966359557568103,0,14,100-300:300-600,False,True,,1280,99.94996664442962
42,2026-10-07T04:18:36.581+00:00,2026-10-07T04:18:38.709+00:00,2026-10-07T04:19:04.846+00:00,True,425,425.0,,425.0,2127.868594,28265.01701,28265.016926,66.50592217882352,42.672734,2127.868594,103.55943815812145,129.06582579999997,61.64421796226415,26.091955968256862,15.036254881772667,0,14,100-300:300-600,False,True,,1717,99.94996664442962
43,2026-10-07T04:18:41.701+00:00,2026-10-07T04:18:42.668+00:00,2026-10-07T04:20:12.042+00:00,True,1467,1467.0,,1467.0,967.811598,90341.029902,90341.029866,61.5821607811861,0.018625,967.811598,37.629573972569425,128.78074519999998,60.96399611459754,29.257265271444748,16.238468850658112,0,14,1-100:1000-1500,False,True,,6385,99.94996664442962
44,2026-10-07T04:18:44.997+00:00,2026-10-07T04:18:47.819+00:00,2026-10-07T04:19:15.223+00:00,True,448,448.0,,448.0,2822.6096860000002,30226.423061999998,30226.423146,67.46969452232143,36.790214,2822.6096860000002,133.004211397087,129.75180415,61.30607019239373,25.922704085381007,14.821469251623618,0,14,100-300:300-600,False,True,,2026,99.94996664442962
45,2026-10-07T04:18:48.897+00:00,2026-10-07T04:18:52.703+00:00,2026-10-07T04:20:17.779+00:00,True,1393,1393.0,,1393.0,3806.315835,88882.119995,88882.120054,63.80625990954774,0.018064,3806.315835,104.6330555597209,128.8675678,61.11767540229885,29.65513007201051,15.67244345745086,0,14,1-100:1000-1500,False,True,,2134,99.94996664442962
46,2026-10-07T04:18:54.209+00:00,2026-10-07T04:18:58.966+00:00,2026-10-07T04:19:18.881+00:00,True,327,327.0,,327.0,4756.4534220000005,24671.495726,24671.495727,75.44799916513762,43.949625999999995,4756.4534220000005,260.9112353401572,129.08022880000001,61.08908682208589,25.61954383380846,13.254161954007182,0,14,100-300:300-600,False,True,,1656,99.94996664442962
47,2026-10-07T04:18:57.122+00:00,2026-10-07T04:19:00.700+00:00,2026-10-07T04:19:21.351+00:00,True,344,344.0,,344.0,3578.000654,24228.984846,24228.98483,70.43309543604651,44.144482,3578.000654,191.29381670137022,129.1545951,60.20695099708455,24.933318227781,14.19787094616106,0,14,100-300:300-600,False,True,,1670,99.94996664442962
48,2026-10-07T04:19:00.845+00:00,2026-10-07T04:19:04.747+00:00,2026-10-07T04:19:38.168+00:00,True,555,555.0,,555.0,3902.371035,37323.50511500001,37323.505209,67.24955893513514,0.018373999999999998,3902.371035,166.57702647994287,127.49430330000001,60.326956823104695,33.956519408730124,14.869986039359151,0,14,100-300:300-600,False,True,,2545,99.94996664442962
49,2026-10-07T04:19:03.774+00:00,2026-10-07T04:19:09.324+00:00,2026-10-07T04:19:42.705+00:00,True,554,554.0,,554.0,5549.850489,38930.437497000006,38930.437347,70.27154755776174,0.018424,5549.850489,235.6048264136666,128.10180875000003,60.36272515009042,33.42593901530413,14.230510511028585,0,14,100-300:300-600,False,True,,3079,99.94996664442962
50,2026-10-07T04:19:08.952+00:00,2026-10-07T04:19:14.462+00:00,2026-10-07T04:19:45.329+00:00,True,509,509.0,,509.0,5510.186441,36377.090761,36377.090707,71.46776170333987,0.018174,5510.186441,244.05722883391607,126.81458320000002,60.76162267716535,34.98629216517677,13.992322897511656,0,14,100-300:300-600,False,True,,2363,99.94996664442962
51,2026-10-07T04:19:12.243+00:00,2026-10-07T04:19:17.296+00:00,2026-10-07T04:19:52.721+00:00,True,592,592.0,,592.0,5053.451433,40478.790569000004,40478.790418,68.37633516554054,0.017713,5053.451433,207.89450533051368,127.07869025,59.94135217597292,33.193616213154606,14.62494288189957,0,14,100-300:300-600,False,True,,2524,99.94996664442962
52,2026-10-07T04:19:17.579+00:00,2026-10-07T04:19:22.702+00:00,2026-10-07T04:19:58.254+00:00,True,591,591.0,,591.0,5122.493099,40674.642859,40674.642763,68.8234226108291,0.020679,5122.493099,210.8154793337776,125.40908800000001,60.25788094915254,32.92744645264535,14.529937043300444,0,14,100-300:300-600,False,True,,3052,99.94996664442962
53,2026-10-07T04:19:22.599+00:00,2026-10-07T04:19:28.856+00:00,2026-10-07T04:19:55.692+00:00,True,446,446.0,,446.0,6256.661007000001,33092.493071,33092.49313,74.1984150896861,39.587337,6256.661007000001,294.4686711350912,126.114632,60.305240593258425,25.023077975749253,13.477376849278363,0,14,100-300:300-600,False,True,,2061,99.94996664442962
54,2026-10-07T04:19:26.853+00:00,2026-10-07T04:19:32.617+00:00,2026-10-07T04:20:37.844+00:00,True,1069,1069.0,,1069.0,5763.294981,70990.464517,70990.464617,66.40829243872778,0.018014,5763.294981,177.60116238058896,129.657143,61.07412877902622,33.565595753031054,15.05836040478377,0,14,1-100:1000-1500,False,True,,1153,99.94996664442962
55,2026-10-07T04:19:30.281+00:00,2026-10-07T04:19:35.239+00:00,2026-10-07T04:19:59.991+00:00,True,411,411.0,,411.0,4957.615174,29709.630534,29709.630325,72.28620517031631,42.806538999999994,4957.615174,242.88517064911187,128.74874499999999,60.370769170731705,25.33706936971812,13.833898053011715,0,14,100-300:300-600,False,True,,1474,99.94996664442962
56,2026-10-07T04:19:33.723+00:00,2026-10-07T04:19:38.555+00:00,2026-10-07T04:21:05.187+00:00,True,1414,1414.0,,1414.0,4831.691264,91464.236544,91464.236521,64.68475001485149,0.017211999999999998,4831.691264,130.8188201418601,129.70257425,61.31107238499646,31.9462179297382,15.459594410103426,0,14,1-100:1000-1500,False,True,,5656,99.94996664442962
57,2026-10-07T04:19:37.812+00:00,2026-10-07T04:19:43.947+00:00,2026-10-07T04:20:07.225+00:00,True,383,383.0,,383.0,6134.760855,29412.132503,29412.132583,76.79407985117494,40.149741,6134.760855,311.4843964015788,132.2208293,60.935527874345546,26.500840910933263,13.021837160598078,0,14,100-300:300-600,False,True,,1721,99.94996664442962
58,2026-10-07T04:19:41.140+00:00,2026-10-07T04:19:48.383+00:00,2026-10-07T04:21:02.215+00:00,True,1201,1201.0,,1201.0,7243.073297,81075.349521,81075.349614,67.50653589841798,0.020168,7243.073297,209.80820889089603,130.654573,61.526896853333334,32.82266901477962,14.813380479956107,0,14,1-100:1000-1500,False,True,,5238,99.94996664442962
59,2026-10-07T04:19:45.705+00:00,2026-10-07T04:19:53.524+00:00,2026-10-07T04:20:14.025+00:00,True,328,328.0,,328.0,7819.921464,28320.419127999998,28320.419117,86.34274121036586,43.42816199999999,7819.921464,429.18318220284505,132.46357795,62.69265340672783,27.227343938959503,11.581749497333924,0,14,100-300:300-600,False,True,,1603,99.94996664442962
60,2026-10-07T04:19:50.803+00:00,2026-10-07T04:19:58.887+00:00,2026-10-07T04:20:18.331+00:00,True,316,316.0,,316.0,8084.3369170000005,27528.017429,27528.017347,87.11397894620254,43.012192999999996,8084.3369170000005,452.0701468801434,129.59369725,61.72596987936508,26.29622803754963,11.479213888723523,0,14,100-300:300-600,False,True,,1230,99.94996664442962
61,2026-10-07T04:19:54.338+00:00,2026-10-07T04:20:01.310+00:00,2026-10-07T04:21:13.848+00:00,True,1191,1191.0,,1191.0,6972.463546,79510.057914,79510.058098,66.75907480940386,0.018585,6972.463546,202.75112120299778,129.41788699999998,60.95596165378151,31.632235681183918,14.97923698267475,0,14,1-100:1000-1500,False,True,,1877,99.94996664442962
62,2026-10-07T04:19:58.012+00:00,2026-10-07T04:20:07.419+00:00,2026-10-07T04:20:40.574+00:00,True,538,538.0,,538.0,9406.30461,42561.286242,42561.286092,79.11019719702603,0.019367000000000002,9406.30461,404.8626540113474,130.03398765,61.741120357541895,40.128842535277336,12.640595421411277,0,14,100-300:300-600,False,True,,2503,99.94996664442962
63,2026-10-07T04:20:02.451+00:00,2026-10-07T04:20:11.840+00:00,2026-10-07T04:20:35.597+00:00,True,387,387.0,,387.0,9388.966451,33145.902643,33145.902406,85.64832663049096,0.018885000000000002,9388.966451,476.2228192714668,130.7069159,61.54646681865285,44.55492862664933,11.675651261279787,0,14,100-300:300-600,False,True,,1296,99.94996664442962
64,2026-10-07T04:20:07.307+00:00,2026-10-07T04:20:16.263+00:00,2026-10-07T04:21:44.614+00:00,True,1439,1439.0,,1439.0,8956.039377000001,97307.134417,97307.134395,67.621358161918,0.017283,8956.039377000001,237.6822351846353,130.5780555,61.440260806675944,38.929623389187,14.788227077300512,0,14,1-100:1000-1500,False,True,,1758,99.94996664442962
65,2026-10-07T04:20:11.893+00:00,2026-10-07T04:20:21.149+00:00,2026-10-07T04:21:40.232+00:00,True,1288,1288.0,,1288.0,9256.532378,88339.173274,88339.173331,68.58631469798136,0.017603,9256.532378,259.3515616412381,130.9383418,61.447273423465425,40.25418959719659,14.58016814358262,0,14,1-100:1000-1500,False,True,,4324,99.94996664442962
66,2026-10-07T04:20:16.580+00:00,2026-10-07T04:20:27.326+00:00,2026-10-07T04:21:57.669+00:00,True,1466,1466.0,,1466.0,10746.187960000001,101088.719288,101088.719444,68.95547028922238,0.018143999999999997,10746.187960000001,281.70015286886286,131.06489025000002,61.66725687918088,38.53470654021747,14.502112701847489,0,14,1-100:1000-1500,False,True,,4047,99.94996664442962
67,2026-10-07T04:20:20.745+00:00,2026-10-07T04:20:31.165+00:00,2026-10-07T04:21:40.695+00:00,True,1135,1135.0,,1135.0,10419.7375,79950.609564,79950.609602,70.44106572863436,0.017672999999999998,10419.7375,309.605182520679,130.635956,61.314701996472664,36.35658082661727,14.196264496162959,0,14,1-100:1000-1500,False,True,,5107,99.94996664442962
68,2026-10-07T04:20:24.678+00:00,2026-10-07T04:20:35.776+00:00,2026-10-07T04:21:02.267+00:00,True,436,436.0,,436.0,11097.356311000001,37589.050903,37589.050909000005,86.21341951605505,43.584230000000005,11097.356311000001,529.1307965907871,127.767883,60.900447337931034,24.80552228459404,11.599122338180734,0,14,100-300:300-600,False,True,,1824,99.94996664442962
69,2026-10-07T04:20:28.248+00:00,2026-10-07T04:20:40.522+00:00,2026-10-07T04:21:15.572+00:00,True,582,582.0,,582.0,12274.225698,47323.598626,47323.598459,81.31202484364262,41.839169999999996,12274.225698,506.88397720554116,126.9510736,60.32594307745267,24.708591002775226,12.298303951894397,0,14,100-300:300-600,False,True,,2354,99.94996664442962
70,2026-10-07T04:20:31.816+00:00,2026-10-07T04:20:42.441+00:00,2026-10-07T04:22:02.207+00:00,True,1307,1307.0,,1307.0,10625.274818,90391.165122,90391.165226,69.15926949196634,0.018244,10625.274818,294.30641028604464,130.2016736,61.076485684532926,35.05814710782671,14.459377730511116,0,14,1-100:1000-1500,False,True,,5781,99.94996664442962
71,2026-10-07T04:20:35.845+00:00,2026-10-07T04:20:47.113+00:00,2026-10-07T04:21:08.222+00:00,True,351,351.0,,351.0,11267.895617,32377.797441000002,32377.797687,92.24443785470085,44.142415,11267.895617,598.7407808037234,129.52923149999998,60.314005211428565,25.087825195893103,10.840762119152945,0,14,100-300:300-600,False,True,,1445,99.94996664442962
72,2026-10-07T04:20:39.136+00:00,2026-10-07T04:20:49.721+00:00,2026-10-07T04:22:07.314+00:00,True,1274,1274.0,,1274.0,10584.460037,88177.728261,88177.728285,69.21328750784929,0.017492,10584.460037,296.9382799237003,131.36880415000002,60.95307794501178,35.31216827385382,14.448092790835434,0,14,1-100:1000-1500,False,True,,4952,99.94996664442962
73,2026-10-07T04:20:43.866+00:00,2026-10-07T04:20:55.723+00:00,2026-10-07T04:22:00.550+00:00,True,1053,1053.0,,1053.0,11856.469130000001,76684.28045800001,76684.280345,72.82457772554606,0.017502,11856.469130000001,365.38025375044106,130.8693344,61.62339479847909,37.253500061700606,13.731627834425966,0,14,1-100:1000-1500,False,True,,1804,99.94996664442962
74,2026-10-07T04:20:48.602+00:00,2026-10-07T04:21:00.643+00:00,2026-10-07T04:21:22.167+00:00,True,358,358.0,,358.0,12041.068878,33565.556046,33565.556237,93.75853697486033,39.509054,12041.068878,633.7107620212727,128.83846375000002,60.29268114285714,25.38133236463584,10.66569549777093,0,14,100-300:300-600,False,True,,1735,99.94996664442962
75,2026-10-07T04:20:52.195+00:00,2026-10-07T04:21:04.194+00:00,2026-10-07T04:21:32.580+00:00,True,467,467.0,,467.0,11998.992612,40384.853988,40384.853856,86.47720311777302,41.078495000000004,11998.992612,553.0329062718414,130.42077489999997,60.913865613733904,25.878433325712496,11.563741202054732,0,14,100-300:300-600,False,True,,2151,99.94996664442962
76,2026-10-07T04:20:56.734+00:00,2026-10-07T04:21:09.775+00:00,2026-10-07T04:21:44.816+00:00,True,564,564.0,,564.0,13040.985288,48081.704648,48081.704708,85.2512494822695,0.017783,13040.985288,548.3468827035866,134.54366455,62.239288383658966,44.961069750149676,11.730033369843515,0,14,100-300:300-600,False,True,,2309,99.94996664442962
77,2026-10-07T04:21:01.053+00:00,2026-10-07T04:21:15.421+00:00,2026-10-07T04:21:37.752+00:00,True,360,360.0,,360.0,14368.039619000001,36698.855875,36698.855896,101.94126637777778,0.018114,14368.039619000001,755.7149083944099,135.3496879,62.20283079665738,51.193267474153984,9.809570119193804,0,14,100-300:300-600,False,True,,1223,99.94996664442962
78,2026-10-07T04:21:05.061+00:00,2026-10-07T04:21:19.265+00:00,2026-10-07T04:21:37.836+00:00,True,304,304.0,,304.0,14204.037535,32774.134431,32774.134522,107.80965303289473,0.017492999999999998,14204.037535,813.030374290956,134.78714810000002,61.28744850165016,55.46743245739635,9.275607282322495,0,14,100-300:300-600,False,True,,1266,99.94996664442962
79,2026-10-07T04:21:09.921+00:00,2026-10-07T04:21:26.824+00:00,2026-10-07T04:21:48.953+00:00,True,354,354.0,,354.0,16903.140625,39032.940305,39032.940359,110.26254338700565,0.017823000000000002,16903.140625,896.5620837949821,133.90396035,62.69065065155807,51.95324446781088,9.069262966967766,0,14,100-300:300-600,False,True,,1548,99.94996664442962
80,2026-10-07T04:21:13.528+00:00,2026-10-07T04:21:30.413+00:00,2026-10-07T04:21:50.670+00:00,True,329,329.0,,329.0,16884.774724,37141.846084000004,37141.845897,112.8931486231003,0.017142,16884.774724,929.0692453577425,133.927797,61.75936390243903,54.35268819421968,8.857933427862836,0,14,100-300:300-600,False,True,,1454,99.94996664442962
81,2026-10-07T04:21:17.270+00:00,2026-10-07T04:21:35.799+00:00,2026-10-07T04:22:57.422+00:00,True,1342,1342.0,,1342.0,18528.812328,100151.781416,100151.781602,74.62874933084947,0.017512,18528.812328,505.30606149184547,127.7959553,60.86724018493661,34.471860048921926,13.399661803575324,0,14,1-100:1000-1500,False,True,,1345,99.94996664442962
82,2026-10-07T04:21:21.337+00:00,2026-10-07T04:21:39.931+00:00,2026-10-07T04:22:09.590+00:00,True,482,482.0,,482.0,18594.20951,48253.360358000005,48253.360234,100.11070587966805,40.628156000000004,18594.20951,844.5378089244485,129.10081685,61.66143627442827,26.126378638550293,9.988941628602834,0,14,100-300:300-600,False,True,,2219,99.94996664442962
83,2026-10-07T04:21:25.131+00:00,2026-10-07T04:21:42.838+00:00,2026-10-07T04:23:05.680+00:00,True,1373,1373.0,,1373.0,17706.636105,100548.75373699999,100548.753687,73.23288688055354,0.017903,17706.636105,477.6723723045184,127.74193100000001,60.38055220991254,37.09872653956891,13.655067307858262,0,14,1-100:1000-1500,False,True,,5129,99.94996664442962
84,2026-10-07T04:21:29.006+00:00,2026-10-07T04:21:46.235+00:00,2026-10-07T04:22:47.762+00:00,True,1020,1020.0,,1020.0,17228.213658,78755.44693800001,78755.44695700001,77.21122250686274,31.65523,17228.213658,538.13018160668,127.14925155,60.380013032384696,25.085967742936305,12.95148513096487,0,14,1-100:1000-1500,False,True,,1020,99.94996664442962
85,2026-10-07T04:21:32.894+00:00,2026-10-07T04:21:49.128+00:00,2026-10-07T04:22:09.947+00:00,True,343,343.0,,343.0,16234.416247,37052.533111,37052.53311,108.02487787172011,42.241686,16234.416247,873.6612152871708,128.9167721,60.8716867368421,25.52618248219225,9.257126873686584,0,14,100-300:300-600,False,True,,1393,99.94996664442962
86,2026-10-07T04:21:36.601+00:00,2026-10-07T04:21:53.553+00:00,2026-10-07T04:23:21.385+00:00,True,1444,1444.0,,1444.0,16951.842875,104783.879995,104783.87987799999,72.56501376592797,0.017391999999999998,16951.842875,446.04757547313477,126.6837453,60.867662591822594,37.14465537306532,13.780745664971596,0,14,1-100:1000-1500,False,True,,5292,99.94996664442962
87,2026-10-07T04:21:40.059+00:00,2026-10-07T04:21:57.182+00:00,2026-10-07T04:23:14.702+00:00,True,1274,1274.0,,1274.0,17123.216261,94642.65306099999,94642.65313,74.28779680533752,0.017122,17123.216261,479.54185133298296,127.53498635,60.89507996857816,38.0879399236908,13.461161102266114,0,14,1-100:1000-1500,False,True,,3638,99.94996664442962
88,2026-10-07T04:21:44.736+00:00,2026-10-07T04:22:03.137+00:00,2026-10-07T04:23:11.881+00:00,True,1131,1131.0,,1131.0,18401.274688999998,87144.774209,87144.774228,77.05108242970822,0.017733000000000002,18401.274688999998,546.8188256959518,128.1394435,60.83495532743363,40.01679192482095,12.97840301114917,0,14,1-100:1000-1500,False,True,,1695,99.94996664442962
89,2026-10-07T04:21:47.983+00:00,2026-10-07T04:22:06.285+00:00,2026-10-07T04:23:15.180+00:00,True,1128,1128.0,,1128.0,18302.508127999998,87197.49744,87197.497293,77.30274582712765,0.018114,18302.508127999998,544.5942453466375,128.78580430000002,61.131312610470275,39.93868054063918,12.936151072181504,0,14,1-100:1000-1500,False,True,,4500,99.94996664442962
90,2026-10-07T04:21:52.528+00:00,2026-10-07T04:22:09.741+00:00,2026-10-07T04:23:29.637+00:00,True,1325,1325.0,,1325.0,17213.172263,97108.577575,97108.577565,73.2894925018868,0.019126,17213.172263,472.67086790902187,125.0652226,60.34396171601208,36.963692112064976,13.644520732235636,0,14,1-100:1000-1500,False,True,,2101,99.94996664442962
91,2026-10-07T04:21:56.789+00:00,2026-10-07T04:22:11.493+00:00,2026-10-07T04:22:46.125+00:00,True,584,584.0,,584.0,14703.418583,49335.434198999996,49335.434105,84.47848305650685,31.436651,14703.418583,606.4565540498837,121.59771394999999,59.40311426415094,24.217088963471706,11.837333743620672,0,14,100-300:300-600,False,True,,2123,99.94996664442962
92,2026-10-07T04:21:59.998+00:00,2026-10-07T04:22:15.576+00:00,2026-10-07T04:23:41.813+00:00,True,1435,1435.0,,1435.0,15577.844162000001,101814.80160199999,101814.801558,70.95108122508711,0.017372,15577.844162000001,411.2896437215809,126.59965830000002,60.13734828451883,36.82089818491933,14.094217907623086,0,14,1-100:1000-1500,False,True,,2881,99.94996664442962
93,2026-10-07T04:22:03.529+00:00,2026-10-07T04:22:18.768+00:00,2026-10-07T04:22:40.602+00:00,True,372,372.0,,372.0,15238.878148,37072.827332,37072.827325,99.6581379704301,39.250432,15238.878148,787.4053184334718,121.4885749,58.85161505121294,23.76038982281345,10.034303471613082,0,14,100-300:300-600,False,True,,1911,99.94996664442962
94,2026-10-07T04:22:07.114+00:00,2026-10-07T04:22:22.325+00:00,2026-10-07T04:22:46.666+00:00,True,408,408.0,,408.0,15211.518147,39552.623811,39552.623826,96.94270545588236,33.310391,15211.518147,750.537957327125,127.71977095,59.80615642260442,25.029376793413984,10.315371287366553,0,14,100-300:300-600,False,True,,1859,99.94996664442962
95,2026-10-07T04:22:10.211+00:00,2026-10-07T04:22:25.838+00:00,2026-10-07T04:22:57.422+00:00,True,523,523.0,,523.0,15626.789809,47210.836401,47210.836614,90.26928606883365,35.504433,15626.789809,681.1452460909911,130.5993551,60.50583638314176,25.56941730296379,11.077965142530752,0,14,100-300:300-600,False,True,,2753,99.94996664442962
96,2026-10-07T04:22:15.191+00:00,2026-10-07T04:22:33.187+00:00,2026-10-07T04:23:00.573+00:00,True,449,449.0,,449.0,17996.379619,45382.211043,45382.210933,101.07396644320713,41.918385,17996.379619,846.8134790038171,130.0023456,61.129088,25.945420149146614,9.89374448006883,0,14,100-300:300-600,False,True,,2253,99.94996664442962
97,2026-10-07T04:22:18.747+00:00,2026-10-07T04:22:37.696+00:00,2026-10-07T04:22:56.153+00:00,True,300,300.0,,300.0,18949.265552,37406.311312000005,37406.311377,124.68770459,43.260830999999996,18949.265552,1090.7951231600694,130.8132441,61.72925003344481,26.575754288499933,8.020036979795961,0,14,100-300:300-600,False,True,,1403,99.94996664442962
98,2026-10-07T04:22:22.767+00:00,2026-10-07T04:22:40.749+00:00,2026-10-07T04:24:12.150+00:00,True,1499,1499.0,,1499.0,17982.118365,109382.521565,109382.521722,72.97032803335557,0.018004000000000003,17982.118365,464.2956539871871,127.9063668,61.01495540720961,36.30243921774175,13.704200438542887,0,14,1-100:1000-1500,False,True,,2391,99.94996664442962
99,2026-10-07T04:22:25.844+00:00,2026-10-07T04:22:44.443+00:00,2026-10-07T04:23:15.714+00:00,True,506,506.0,,506.0,18599.346564,49869.758084,49869.757999,98.55683399011858,0.017663,18599.346564,825.7772858862132,131.4941315,61.921606970297034,52.82875855836208,10.146429809178137,0,14,100-300:300-600,False,True,,2007,99.94996664442962
100,2026-10-07T04:22:29.750+00:00,2026-10-07T04:22:47.206+00:00,2026-10-07T04:24:07.054+00:00,True,1315,1315.0,,1315.0,17455.84722,97303.960116,97303.960205,73.995407,0.017773,17455.84722,481.1509713072739,127.6348684,60.76720920547945,37.44016729400235,13.514352328850082,0,14,1-100:1000-1500,False,True,,4157,99.94996664442962
101,2026-10-07T04:22:34.571+00:00,2026-10-07T04:22:53.218+00:00,2026-10-07T04:23:17.610+00:00,True,393,393.0,,393.0,18647.206877999997,43039.879134,43039.879238999994,109.51623216030534,0.017853,18647.206877999997,939.2393110625646,132.46384880000002,62.22620473469388,57.39902209741733,9.131066534281777,0,14,100-300:300-600,False,True,,1857,99.94996664442962
102,2026-10-07T04:22:39.138+00:00,2026-10-07T04:23:00.298+00:00,2026-10-07T04:23:29.842+00:00,True,485,485.0,,485.0,21159.418592,50703.821792,50703.821898,104.54396267628866,0.017913000000000002,21159.418592,959.484141856325,127.06076580000001,61.042155371900826,52.89705044799914,9.565353909407335,0,14,100-300:300-600,False,True,,1887,99.94996664442962
103,2026-10-07T04:22:42.385+00:00,2026-10-07T04:23:04.252+00:00,2026-10-07T04:24:05.529+00:00,True,1004,1004.0,,1004.0,21866.960419,83143.76272299999,83143.762753,82.81251270219123,38.083477,21866.960419,688.6760132416449,128.3124979,61.09352173878365,25.959542087571588,12.075469850274942,0,14,1-100:1000-1500,False,True,,4039,99.94996664442962
104,2026-10-07T04:22:46.700+00:00,2026-10-07T04:23:07.645+00:00,2026-10-07T04:24:29.627+00:00,True,1343,1343.0,,1343.0,20944.57375,102926.652726,102926.652563,76.63935410498883,30.120276,20944.57375,570.4528579083708,128.5399481,61.08947762742176,26.103018348850437,13.048126645827944,0,14,1-100:1000-1500,False,True,,1343,99.94996664442962
105,2026-10-07T04:22:49.789+00:00,2026-10-07T04:23:10.278+00:00,2026-10-07T04:23:29.385+00:00,True,322,322.0,,322.0,20488.884735,39596.256767,39596.256798,122.96974160869566,42.282768,20488.884735,1138.739799283872,120.78685604999998,59.52452346417446,24.185520253196906,8.132081825177947,0,14,100-300:300-600,False,True,,1694,99.94996664442962
106,2026-10-07T04:22:53.728+00:00,2026-10-07T04:23:13.147+00:00,2026-10-07T04:23:43.223+00:00,True,508,508.0,,508.0,19418.400247999998,49494.692599999995,49494.692586,97.43049721653543,39.055409,19418.400247999998,859.2563312827687,122.30885599999999,59.32207564497042,24.05559445366364,10.263726741480966,0,14,100-300:300-600,False,True,,1946,99.94996664442962
107,2026-10-07T04:22:56.677+00:00,2026-10-07T04:23:14.887+00:00,2026-10-07T04:23:39.744+00:00,True,428,428.0,,428.0,18210.617044,43067.445204,43067.445281,100.62487215186916,40.665568,18210.617044,877.7187448794466,112.7305133,58.212712318501175,22.554734073018572,9.937900843030466,0,14,100-300:300-600,False,True,,2347,99.94996664442962
108,2026-10-07T04:22:59.585+00:00,2026-10-07T04:23:17.611+00:00,2026-10-07T04:23:35.257+00:00,True,306,306.0,,306.0,18026.827045,35672.780837,35672.780803,116.57771504248366,40.702576,18026.827045,1027.4605346157205,113.548318,57.85558620327869,22.372584039730775,8.577968771153808,0,14,100-300:300-600,False,True,,1548,99.94996664442962
109,2026-10-07T04:23:03.713+00:00,2026-10-07T04:23:21.240+00:00,2026-10-07T04:23:48.672+00:00,True,466,466.0,,466.0,17527.140969,44959.637865,44959.637937,96.4799097360515,40.084036999999995,17527.140969,809.5839340071557,125.53859,58.99461698064516,25.078307164865357,10.364852168054712,0,14,100-300:300-600,False,True,,1174,99.94996664442962
110,2026-10-07T04:23:06.837+00:00,2026-10-07T04:23:23.315+00:00,2026-10-07T04:23:50.896+00:00,True,469,469.0,,469.0,16477.492,44058.676256,44058.676386,93.94174069509594,39.556279,16477.492,758.5291394100135,124.6356668,58.934154393162395,24.36488138420358,10.644895395288474,0,14,100-300:300-600,False,True,,2008,99.94996664442962
111,2026-10-07T04:23:11.967+00:00,2026-10-07T04:23:30.851+00:00,2026-10-07T04:24:04.072+00:00,True,546,546.0,,546.0,18883.940554,52105.032138,52105.032368,95.43046221245422,36.275189,18883.940554,805.9810706945974,130.45243225,60.956131346788986,26.400382068962458,10.478834338954456,0,14,100-300:300-600,False,True,,2251,99.94996664442962
112,2026-10-07T04:23:16.417+00:00,2026-10-07T04:23:34.470+00:00,2026-10-07T04:24:02.854+00:00,True,474,474.0,,474.0,18052.557327,46436.796430999995,46436.79657,97.96792525316455,40.942585,18052.557327,826.7898014438773,127.66520935,60.008962164904865,24.58005284794499,10.207422484544388,0,14,100-300:300-600,False,True,,2462,99.94996664442962
113,2026-10-07T04:23:20.407+00:00,2026-10-07T04:23:41.504+00:00,2026-10-07T04:24:08.105+00:00,True,425,425.0,,425.0,21097.29044,47698.468808000005,47698.468859,112.23169143294118,42.077841,21097.29044,1020.690478256887,132.48386259999998,62.738628226415095,27.32055545503859,8.910139269055925,0,14,100-300:300-600,False,True,,2182,99.94996664442962
114,2026-10-07T04:23:24.172+00:00,2026-10-07T04:23:44.084+00:00,2026-10-07T04:24:53.040+00:00,True,1120,1120.0,,1120.0,19911.551820999997,88868.120397,88868.120454,79.34653611964285,0.017313,19911.551820999997,595.1485532600158,130.1932884,61.62338568007149,48.996719538842726,12.602944621722962,0,14,1-100:1000-1500,False,True,,3960,99.94996664442962
115,2026-10-07T04:23:28.048+00:00,2026-10-07T04:23:49.177+00:00,2026-10-07T04:24:07.924+00:00,True,303,303.0,,303.0,21129.250232000002,39876.912568,39876.912617,131.60697233333335,44.965169,21129.250232000002,1210.571350416369,132.6316215,62.07835210596026,26.720200041289708,7.598381632061159,0,14,100-300:300-600,False,True,,1255,99.94996664442962
116,2026-10-07T04:23:31.175+00:00,2026-10-07T04:23:51.333+00:00,2026-10-07T04:25:14.294+00:00,True,1344,1344.0,,1344.0,20158.22875,103119.70689399999,103119.706876,76.72597237797619,0.017783999999999998,20158.22875,549.9214091884412,129.9665686,61.77325252717796,43.79857522560247,13.033396239009292,0,14,1-100:1000-1500,False,True,,3100,99.94996664442962
117,2026-10-07T04:23:34.272+00:00,2026-10-07T04:23:54.095+00:00,2026-10-07T04:25:20.144+00:00,True,1390,1390.0,,1390.0,19822.278056000003,105871.399848,105871.39978800001,76.1664746676259,0.017282,19822.278056000003,531.9388027935582,130.24727610000002,61.95041165730741,45.236045313329704,13.129135932797986,0,14,1-100:1000-1500,False,True,,1390,99.94996664442962
118,2026-10-07T04:23:38.447+00:00,2026-10-07T04:24:01.194+00:00,2026-10-07T04:24:32.269+00:00,True,497,497.0,,497.0,22746.658719,53821.468063,53821.468101,108.29269235613683,35.455343,22746.658719,1017.8856887186895,131.4540422,62.65082529032258,27.428468984308022,9.234233436706768,0,14,100-300:300-600,False,True,,2142,99.94996664442962
119,2026-10-07T04:23:41.954+00:00,2026-10-07T04:24:04.235+00:00,2026-10-07T04:25:30.707+00:00,True,1405,1405.0,,1405.0,22281.229715,108753.49544299999,108753.495511,77.40462313950178,0.017482,22281.229715,594.4661804061041,129.45594219999998,61.589932854700855,44.66251064679881,12.919124983310446,0,14,1-100:1000-1500,False,True,,3107,99.94996664442962
120,2026-10-07T04:23:45.161+00:00,2026-10-07T04:24:07.202+00:00,2026-10-07T04:25:23.625+00:00,True,1243,1243.0,,1243.0,22040.342608,98464.126288,98464.126416,79.2149045985519,0.017393000000000002,22040.342608,625.0907330451445,129.5378025,61.532837101449275,45.92741277569239,12.623886961270752,0,14,1-100:1000-1500,False,True,,1489,99.94996664442962
121,2026-10-07T04:23:49.574+00:00,2026-10-07T04:24:11.948+00:00,2026-10-07T04:24:44.868+00:00,True,529,529.0,,529.0,22374.336068,55294.359108000004,55294.359051,104.52619858412099,34.930459,22374.336068,970.4648671547614,131.9645728,62.34852848484849,27.12562347173746,9.566979499061851,0,14,100-300:300-600,False,True,,2223,99.94996664442962
122,2026-10-07T04:23:53.224+00:00,2026-10-07T04:24:15.146+00:00,2026-10-07T04:24:44.086+00:00,True,465,465.0,,465.0,21922.075499000002,50862.305899,50862.305863,109.3813029311828,37.316449,21922.075499000002,1014.0855143696972,131.16858980000003,62.37118620689655,27.272348632255333,9.14233029315217,0,14,100-300:300-600,False,True,,2166,99.94996664442962
123,2026-10-07T04:23:57.689+00:00,2026-10-07T04:24:20.254+00:00,2026-10-07T04:24:43.576+00:00,True,374,374.0,,374.0,22564.790562,45886.948386000004,45886.948298999996,122.69237513101604,35.995044,22564.790562,1163.8839925992208,130.31836859999999,62.52589228954424,27.309720856262512,8.1504657240207,0,14,100-300:300-600,False,True,,1611,99.94996664442962
124,2026-10-07T04:24:01.286+00:00,2026-10-07T04:24:24.459+00:00,2026-10-07T04:25:37.583+00:00,True,1199,1199.0,,1199.0,23173.583916,96296.6659,96296.665849,80.31414999916598,0.017943,23173.583916,668.9167975525232,127.78089560000001,61.03763103839733,43.83889216246131,12.451106056414357,0,14,1-100:1000-1500,False,True,,7007,99.94996664442962
125,2026-10-07T04:24:04.781+00:00,2026-10-07T04:24:27.635+00:00,2026-10-07T04:24:54.302+00:00,True,438,438.0,,438.0,22854.313398,49521.799606,49521.799451,113.06346906621005,0.017582999999999998,22854.313398,1091.2826169550824,128.88638724999998,61.023995899313505,68.97721998260042,8.844589725833236,0,14,100-300:300-600,False,True,,1484,99.94996664442962
126,2026-10-07T04:24:08.892+00:00,2026-10-07T04:24:32.452+00:00,2026-10-07T04:24:58.415+00:00,True,425,425.0,,425.0,23560.716212000003,49523.044532,49523.044486000006,116.52481055529412,0.017523,23560.716212000003,1142.220330163928,128.2161804,61.231906415094336,72.97332624278684,8.581863332844579,0,14,100-300:300-600,False,True,,1792,99.94996664442962
127,2026-10-07T04:24:13.600+00:00,2026-10-07T04:24:36.540+00:00,2026-10-07T04:25:07.030+00:00,True,497,497.0,,497.0,22939.902708,53429.819636,53429.819887,107.5046677806841,0.017443,22939.902708,1028.343127171551,129.3308128,61.471606709677424,65.8340450584508,9.301921724346059,0,14,100-300:300-600,False,True,,2307,99.94996664442962
128,2026-10-07T04:24:18.770+00:00,2026-10-07T04:24:41.013+00:00,2026-10-07T04:26:06.529+00:00,True,1424,1424.0,,1424.0,22242.587472,107758.79432,107758.794162,75.67331050702248,0.017873999999999998,22242.587472,589.4104592585854,125.9887079,60.09571809416725,43.083361265427406,13.214698707293405,0,14,1-100:1000-1500,False,True,,2266,99.94996664442962
129,2026-10-07T04:24:22.515+00:00,2026-10-07T04:24:44.568+00:00,2026-10-07T04:25:17.549+00:00,True,541,541.0,,541.0,22052.400149,55033.900565,55033.900494,101.7262486025878,0.017533,22052.400149,947.3440680097076,129.185631,61.07685262222222,59.44168647136018,9.830304493155635,0,14,100-300:300-600,False,True,,2416,99.94996664442962
130,2026-10-07T04:24:26.132+00:00,2026-10-07T04:24:49.323+00:00,2026-10-07T04:25:15.627+00:00,True,427,427.0,,427.0,23191.307203,49495.335107,49495.335268,115.91413411709603,41.733582999999996,23191.307203,1119.6258610972145,130.65198480000004,61.74654437558685,26.289671402178705,8.627075644137026,0,14,100-300:300-600,False,True,,2028,99.94996664442962
131,2026-10-07T04:24:30.225+00:00,2026-10-07T04:24:53.648+00:00,2026-10-07T04:25:29.870+00:00,True,590,590.0,,590.0,23422.55332,59644.819176,59644.819124,101.09291376949152,41.40715,23422.55332,962.11133647687,128.7222783,61.49790467911715,26.041729394212652,9.89189016164216,0,14,100-300:300-600,False,True,,3021,99.94996664442962
132,2026-10-07T04:24:34.915+00:00,2026-10-07T04:24:58.804+00:00,2026-10-07T04:25:20.726+00:00,True,352,352.0,,352.0,23888.669176,45811.215864,45811.215796,130.14549942045454,43.123487000000004,23888.669176,1270.223454564203,129.315481,62.45739797150997,26.80721827436433,7.68370787287079,0,14,100-300:300-600,False,True,,1559,99.94996664442962
133,2026-10-07T04:24:38.725+00:00,2026-10-07T04:25:01.854+00:00,2026-10-07T04:25:29.078+00:00,True,446,446.0,,446.0,23129.652067000003,50353.805411,50353.80536200001,112.90090888340808,43.299977,23129.652067000003,1092.624152696902,127.72080774999999,61.17787268314607,25.64153923269165,8.857324612502264,0,14,100-300:300-600,False,True,,1950,99.94996664442962
134,2026-10-07T04:24:42.853+00:00,2026-10-07T04:25:06.650+00:00,2026-10-07T04:25:42.216+00:00,True,593,593.0,,593.0,23796.119701,59362.55016499999,59362.550123,100.10548081450253,39.868437,23796.119701,975.0268810288017,123.9885548,60.07842983783784,24.386212614476186,9.989463025960621,0,14,100-300:300-600,False,True,,2793,99.94996664442962
135,2026-10-07T04:24:46.610+00:00,2026-10-07T04:25:09.804+00:00,2026-10-07T04:25:30.711+00:00,True,349,349.0,,349.0,23194.888207,44101.653263,44101.653193,126.36576846131805,42.092044,23194.888207,1238.6211990343265,124.70579,60.07691108045977,24.576382575310326,7.913535529353971,0,14,100-300:300-600,False,True,,1715,99.94996664442962
136,2026-10-07T04:24:51.058+00:00,2026-10-07T04:25:14.242+00:00,2026-10-07T04:25:32.529+00:00,True,303,303.0,,303.0,23184.443522,41471.036546,41471.036394,136.8681069108911,41.894944,23184.443522,1328.6753388515376,125.02389699999999,60.551632529801324,25.42403966478958,7.306303995172873,0,14,100-300:300-600,False,True,,1152,99.94996664442962
137,2026-10-07T04:24:55.797+00:00,2026-10-07T04:25:18.357+00:00,2026-10-07T04:25:48.378+00:00,True,508,508.0,,508.0,22559.856561999997,52580.842674,52580.842667,103.5055958011811,39.888014000000005,22559.856561999997,998.5975482270205,123.6832493,59.21299035897436,24.209315316887558,9.661313401719104,0,14,100-300:300-600,False,True,,2585,99.94996664442962
138,2026-10-07T04:25:00.430+00:00,2026-10-07T04:25:23.765+00:00,2026-10-07T04:25:47.534+00:00,True,402,402.0,,402.0,23334.726852000003,47103.217348000006,47103.217298,117.17218233333334,41.772824,23334.726852000003,1161.1254511034792,121.3710654,59.27304363092269,24.18761772610475,8.534448868535067,0,14,100-300:300-600,False,True,,1795,99.94996664442962
139,2026-10-07T04:25:04.346+00:00,2026-10-07T04:25:27.174+00:00,2026-10-07T04:26:47.654+00:00,True,1345,1345.0,,1345.0,22828.058397999997,103308.092958,103308.093083,76.80899113977695,39.885862,22828.058397999997,621.3302770748057,125.98623800000001,59.8809780952381,25.135256089158315,13.01930915080207,0,14,1-100:1000-1500,False,True,,2133,99.94996664442962
140,2026-10-07T04:25:08.177+00:00,2026-10-07T04:25:29.530+00:00,2026-10-07T04:25:53.081+00:00,True,405,405.0,,405.0,21353.359493,44903.689861,44903.689747,110.87330801728395,37.717156,21353.359493,1058.4214611872103,121.0048164,58.29289695049505,23.537198347152952,9.01930334129964,0,14,100-300:300-600,False,True,,1882,99.94996664442962
141,2026-10-07T04:25:12.412+00:00,2026-10-07T04:25:34.043+00:00,2026-10-07T04:26:01.523+00:00,True,467,467.0,,467.0,21631.703227,49111.309499,49111.309461000004,105.16340355674518,42.843593,21631.703227,998.5533254581893,122.3322006,58.96911217167382,23.933355379436062,9.509011361415826,0,14,100-300:300-600,False,True,,1854,99.94996664442962
142,2026-10-07T04:25:17.512+00:00,2026-10-07T04:25:39.523+00:00,2026-10-07T04:26:10.399+00:00,True,517,517.0,,517.0,22011.633309999997,52887.37295799999,52887.372816999996,102.2966592205029,42.109525999999995,22011.633309999997,965.7602118714872,125.47404399999999,59.836704744186044,24.933938256085458,9.775490274598639,0,14,100-300:300-600,False,True,,2231,99.94996664442962
143,2026-10-07T04:25:21.067+00:00,2026-10-07T04:25:43.452+00:00,2026-10-07T04:26:17.740+00:00,True,574,574.0,,574.0,22385.121192000002,56673.338024,56673.338009,98.73403834320558,43.32664,22385.121192000002,932.1652340509099,125.18319355,59.83981995113438,24.67216735626252,10.1282193711075,0,14,100-300:300-600,False,True,,2860,99.94996664442962
144,2026-10-07T04:25:25.204+00:00,2026-10-07T04:25:46.622+00:00,2026-10-07T04:26:13.658+00:00,True,452,452.0,,452.0,21418.035544,48453.823064,48453.823002,107.19872345575222,42.340973,21418.035544,1004.9059358314257,126.28311760000001,59.946313791574276,24.821780626879665,9.328469281009632,0,14,100-300:300-600,False,True,,2456,99.94996664442962
145,2026-10-07T04:25:28.150+00:00,2026-10-07T04:25:49.259+00:00,2026-10-07T04:26:06.949+00:00,True,300,300.0,,300.0,21109.145732999998,38799.181188999995,38799.180982,129.33060327333334,42.117134,21109.145732999998,1215.5599552192018,125.19149965000001,59.16399818060201,24.128428851171087,7.73212193676534,0,14,100-300:300-600,False,True,,1219,99.94996664442962
146,2026-10-07T04:25:33.165+00:00,2026-10-07T04:25:54.651+00:00,2026-10-07T04:27:21.984+00:00,True,1441,1441.0,,1441.0,21485.228998,108818.267078,108818.26714,75.51579954198473,0.017542000000000002,21485.228998,566.5775816488965,126.251643,60.64794311111111,49.74213704824711,13.242261972129215,0,14,1-100:1000-1500,False,True,,8300,99.94996664442962
147,2026-10-07T04:25:37.152+00:00,2026-10-07T04:25:59.708+00:00,2026-10-07T04:27:22.252+00:00,True,1358,1358.0,,1358.0,22555.884402,105100.137074,105100.137019,77.39332622901325,0.017343,22555.884402,612.4202660078837,126.3316709,60.82848391451732,49.328699623545454,12.921010740869397,0,14,1-100:1000-1500,False,True,,4433,99.94996664442962
148,2026-10-07T04:25:41.865+00:00,2026-10-07T04:26:04.506+00:00,2026-10-07T04:26:29.223+00:00,True,405,405.0,,405.0,22641.631792,47358.751535999996,47358.751377,116.93518858518519,40.374608,22641.631792,1122.3160636518337,125.8161478,61.180989465346535,25.297664276688106,8.551745704109983,0,14,100-300:300-600,False,True,,1619,99.94996664442962
149,2026-10-07T04:25:46.955+00:00,2026-10-07T04:26:08.648+00:00,2026-10-07T04:26:28.831+00:00,True,333,333.0,,333.0,21692.648319,41875.983487000005,41875.983294,125.75370358558558,42.991152,21692.648319,1185.680002494927,128.805407,60.79317821686747,24.94504880729713,7.952052042034467,0,14,100-300:300-600,False,True,,1547,99.94996664442962
150,2026-10-07T04:25:51.194+00:00,2026-10-07T04:26:12.968+00:00,2026-10-07T04:26:31.625+00:00,True,306,306.0,,306.0,21773.256866,40430.234018,40430.234152,132.12494820915032,38.170017,21773.256866,1241.4590145988034,127.2666225,61.17041689180328,25.528689196650234,7.5685933418976825,0,14,100-300:300-600,False,True,,1031,99.94996664442962
151,2026-10-07T04:25:54.153+00:00,2026-10-07T04:26:17.059+00:00,2026-10-07T04:26:46.139+00:00,True,478,478.0,,478.0,22905.595182999998,51985.697839,51985.698021,108.75669042050208,38.157552,22905.595182999998,1045.1929542383036,126.7836234,60.96457579874214,25.227956078239234,9.194836654503872,0,14,100-300:300-600,False,True,,2250,99.94996664442962
152,2026-10-07T04:25:59.316+00:00,2026-10-07T04:26:21.993+00:00,2026-10-07T04:27:29.687+00:00,True,1115,1115.0,,1115.0,22677.10281,90371.09986599999,90371.099712,81.05031364304932,0.017432,22677.10281,679.3530761970011,126.84526550000001,60.76660417953321,52.724769616571415,12.338015158090297,0,14,1-100:1000-1500,False,True,,2456,99.94996664442962
153,2026-10-07T04:26:02.260+00:00,2026-10-07T04:26:25.471+00:00,2026-10-07T04:26:55.272+00:00,True,493,493.0,,493.0,23211.394614,53012.02591,53012.025834,107.52946416632861,0.017412,23211.394614,1045.4546248055774,126.6954546,60.57038881300813,76.45882331838503,9.299776636285886,0,14,100-300:300-600,False,True,,2294,99.94996664442962
154,2026-10-07T04:26:05.833+00:00,2026-10-07T04:26:28.978+00:00,2026-10-07T04:27:34.675+00:00,True,1076,1076.0,,1076.0,23145.402825,88842.122185,88842.122053,82.5670279302974,0.017582999999999998,23145.402825,705.9014545634591,127.17609775000001,61.11322731162791,55.262603015912454,12.111372100718128,0,14,1-100:1000-1500,False,True,,4002,99.94996664442962
155,2026-10-07T04:26:10.143+00:00,2026-10-07T04:26:33.350+00:00,2026-10-07T04:27:04.780+00:00,True,522,522.0,,522.0,23206.562904,54637.050712,54637.050478,104.66867907662835,0.017703,23206.562904,1015.5440893892468,126.9138955,60.32723187715931,70.72340874365065,9.553956394014374,0,14,100-300:300-600,False,True,,2411,99.94996664442962
156,2026-10-07T04:26:15.372+00:00,2026-10-07T04:26:38.425+00:00,2026-10-07T04:27:45.294+00:00,True,1100,1100.0,,1100.0,23053.063338,89921.25405799999,89921.253928,81.74659448,0.017022,23053.063338,695.1333001908447,127.28677975000001,60.84457754322111,51.27327624664748,12.232925480448598,0,14,1-100:1000-1500,False,True,,1109,99.94996664442962
157,2026-10-07T04:26:19.740+00:00,2026-10-07T04:26:43.438+00:00,2026-10-07T04:27:09.962+00:00,True,443,443.0,,443.0,23698.020084,50221.477364,50221.477323,113.36676596613995,0.017462,23698.020084,1125.8893410555731,116.6442165,60.007821900452484,79.63529791327112,8.820927285535278,0,14,100-300:300-600,False,True,,1919,99.94996664442962
158,2026-10-07T04:26:22.665+00:00,2026-10-07T04:26:46.319+00:00,2026-10-07T04:27:16.765+00:00,True,508,508.0,,508.0,23653.962917,54099.517861,54099.517838,106.49511385433071,0.017452000000000002,23653.962917,1049.3294154460673,115.83853014999998,60.05040422879685,72.73402878207213,9.39010216884417,0,14,100-300:300-600,False,True,,2309,99.94996664442962
159,2026-10-07T04:26:25.622+00:00,2026-10-07T04:26:50.198+00:00,2026-10-07T04:27:17.197+00:00,True,450,450.0,,450.0,24575.637794,51575.106338,51575.106502999995,114.61134778444445,0.017704,24575.637794,1158.1224871825113,117.9901874,60.13244664587973,75.3828077596027,8.72513954796143,0,14,100-300:300-600,False,True,,2296,99.94996664442962
160,2026-10-07T04:26:30.499+00:00,2026-10-07T04:26:56.057+00:00,2026-10-07T04:27:30.144+00:00,True,561,561.0,,561.0,25558.335862,59645.364342,59645.364344,106.31972253832443,42.850357,25558.335862,1076.7888480449442,122.97408100000001,60.86969371428572,24.794126645715462,9.40559264225946,0,14,100-300:300-600,False,True,,2854,99.94996664442962
161,2026-10-07T04:26:34.923+00:00,2026-10-07T04:26:59.706+00:00,2026-10-07T04:27:25.880+00:00,True,435,435.0,,435.0,24783.309306000003,50956.64741800001,50956.647564000006,117.14171853793104,39.724519,24783.309306000003,1185.6308051422825,120.5267863,60.30723067281106,24.548758091532566,8.536668365005895,0,14,100-300:300-600,False,True,,1795,99.94996664442962
162,2026-10-07T04:26:40.230+00:00,2026-10-07T04:27:05.232+00:00,2026-10-07T04:27:32.243+00:00,True,444,444.0,,444.0,25002.042484999998,52012.525173,52012.525065999995,117.14532672522522,42.735562,25002.042484999998,1183.915157533762,124.00224229999999,60.97174421670429,25.04426575920086,8.536405385495165,0,14,100-300:300-600,False,True,,3162,99.94996664442962
163,2026-10-07T04:26:45.165+00:00,2026-10-07T04:27:10.121+00:00,2026-10-07T04:27:31.604+00:00,True,348,348.0,,348.0,24955.683006,46438.964926,46438.964858,133.44530131609196,36.49606,24955.683006,1334.7036626867757,129.22215964999998,61.91147527377521,26.2512106291849,7.493707074533947,0,14,100-300:300-600,False,True,,1724,99.94996664442962
164,2026-10-07T04:26:49.011+00:00,2026-10-07T04:27:15.276+00:00,2026-10-07T04:27:45.643+00:00,True,490,490.0,,490.0,26265.598799,56632.390222999995,56632.390333999996,115.57630680408163,42.77716,26265.598799,1184.046938681646,131.8577044,62.099777963190185,26.389616331824435,8.652292408470467,0,14,100-300:300-600,False,True,,2118,99.94996664442962
165,2026-10-07T04:26:52.924+00:00,2026-10-07T04:27:20.426+00:00,2026-10-07T04:27:56.033+00:00,True,579,579.0,,579.0,27501.558142,63108.577662,63108.577731000005,108.9958164611399,44.127301,27501.558142,1140.659964413223,130.6774316,61.60384,25.935557222249013,9.17466407024789,0,14,100-300:300-600,False,True,,1884,99.94996664442962
166,2026-10-07T04:26:56.809+00:00,2026-10-07T04:27:24.144+00:00,2026-10-07T04:27:57.752+00:00,True,546,546.0,,546.0,27334.962611000003,60943.234227,60943.234112000006,111.6176448937729,40.540509,27334.962611000003,1167.4835467623084,131.20100449999998,61.66655342385321,26.233231177359144,8.959156942118815,0,14,100-300:300-600,False,True,,1632,99.94996664442962
167,2026-10-07T04:27:00.304+00:00,2026-10-07T04:27:29.029+00:00,2026-10-07T04:28:31.732+00:00,True,1011,1011.0,,1011.0,28724.678544,91427.381392,91427.381375,90.43262252720079,31.648606,28724.678544,901.8293725625188,131.81867,62.08188400792079,26.289119291444504,11.05795643063735,0,14,1-100:1000-1500,False,True,,1013,99.94996664442962
168,2026-10-07T04:27:03.339+00:00,2026-10-07T04:27:31.796+00:00,2026-10-07T04:28:07.940+00:00,True,590,590.0,,590.0,28457.493698,64600.963266,64600.963291,109.49315812033898,42.843002999999996,28457.493698,1169.3462980451254,133.3636315,61.36412490322581,26.337817974919954,9.132990750782222,0,14,100-300:300-600,False,True,,3135,99.94996664442962
169,2026-10-07T04:27:08.448+00:00,2026-10-07T04:27:35.464+00:00,2026-10-07T04:27:57.803+00:00,True,368,368.0,,368.0,27015.51373,49354.741634,49354.741592,134.11614563043477,43.965367,27015.51373,1405.3410063017404,131.34530885,60.86983080108992,25.628056285352926,7.456223815919814,0,14,100-300:300-600,False,True,,1480,99.94996664442962
170,2026-10-07T04:27:11.334+00:00,2026-10-07T04:27:39.614+00:00,2026-10-07T04:28:11.132+00:00,True,509,509.0,,509.0,28279.934644,59798.295988,59798.296049000004,117.48191758153241,41.930954,28279.934644,1251.0317428065962,135.4506284,62.04401839370079,27.226980934581544,8.511948235149433,0,14,100-300:300-600,False,True,,2596,99.94996664442962
171,2026-10-07T04:27:16.616+00:00,2026-10-07T04:27:46.186+00:00,2026-10-07T04:28:18.996+00:00,True,530,530.0,,530.0,29570.365695,62380.226303,62380.226143,117.69853989245283,41.094116,29570.365695,1282.0259950765833,132.288276,62.02242080907372,26.11317642944082,8.496282097881892,0,14,100-300:300-600,False,True,,3102,99.94996664442962
172,2026-10-07T04:27:21.000+00:00,2026-10-07T04:27:52.448+00:00,2026-10-07T04:28:12.441+00:00,True,319,319.0,,319.0,31447.321217,51440.604288999995,51440.604105,161.25581224137932,41.249898,31447.321217,1757.4018571456947,137.4321313,62.87195934591195,27.21322301745866,6.2013268391602985,0,14,100-300:300-600,False,True,,1552,99.94996664442962
173,2026-10-07T04:27:24.473+00:00,2026-10-07T04:27:57.335+00:00,2026-10-07T04:28:29.120+00:00,True,514,514.0,,514.0,32862.211013,64646.722245,64646.722007,125.77183269844357,34.827694,32862.211013,1446.995820056472,132.6530828,61.95811156335282,26.306753686423907,7.950905817808181,0,14,100-300:300-600,False,True,,2494,99.94996664442962
174,2026-10-07T04:27:28.824+00:00,2026-10-07T04:28:01.760+00:00,2026-10-07T04:28:31.733+00:00,True,488,488.0,,488.0,32935.863149,62909.061485,62909.061493999994,128.9120112581967,33.1341,32935.863149,1488.3702628512474,130.8111549,61.54660849281314,25.608827081956896,7.757229061768128,0,14,100-300:300-600,False,True,,2134,99.94996664442962
175,2026-10-07T04:27:31.943+00:00,2026-10-07T04:28:07.366+00:00,2026-10-07T04:28:27.599+00:00,True,329,329.0,,329.0,35422.682262,55655.675798000004,55655.675764,169.16618773252281,33.352830000000004,35422.682262,1949.6805345037837,124.19621500000001,61.68595590243903,25.45737506515184,5.911346781487158,0,14,100-300:300-600,False,True,,1517,99.94996664442962
176,2026-10-07T04:27:35.823+00:00,2026-10-07T04:28:10.618+00:00,2026-10-07T04:29:23.968+00:00,True,1216,1216.0,,1216.0,34795.335605,108145.044917,108145.044854,88.93506978125001,0.017012,34795.335605,997.8170184634076,126.12037349999999,60.37013112098765,58.6470207532422,11.244158259245859,0,14,1-100:1000-1500,False,True,,4127,99.94996664442962
177,2026-10-07T04:27:39.814+00:00,2026-10-07T04:28:15.425+00:00,2026-10-07T04:28:37.697+00:00,True,365,365.0,,365.0,35611.164716,57882.863148000004,57882.863173,158.58318677534245,33.497171,35611.164716,1860.9555030407419,133.5346438,61.185984703296704,26.245325269712502,6.305838725820038,0,14,100-300:300-600,False,True,,1882,99.94996664442962
178,2026-10-07T04:27:43.357+00:00,2026-10-07T04:28:18.641+00:00,2026-10-07T04:28:50.228+00:00,True,517,517.0,,517.0,35284.300551,66870.953735,66870.953705,129.34420445841394,33.338573,35284.300551,1549.3262473656341,130.3785074,61.21444415503876,25.93663280880298,7.731308903545728,0,14,100-300:300-600,False,True,,2163,99.94996664442962
179,2026-10-07T04:27:47.070+00:00,2026-10-07T04:28:24.292+00:00,2026-10-07T04:29:30.698+00:00,True,1101,1101.0,,1101.0,37222.508343999994,103628.386104,103628.38611899999,94.12205823705722,0.017152,37222.508343999994,1121.6473827802854,126.22172700000002,60.36897978181818,61.31610101586055,10.624502044208734,0,14,1-100:1000-1500,False,True,,5191,99.94996664442962
180,2026-10-07T04:27:50.553+00:00,2026-10-07T04:28:28.415+00:00,2026-10-07T04:28:53.551+00:00,True,410,410.0,,410.0,37862.16889,62998.681402,62998.681393,153.6553204707317,42.469494,37862.16889,1867.0261095622368,128.82546334999998,61.458465799511,26.106595319806132,6.508072722725016,0,14,100-300:300-600,False,True,,1841,99.94996664442962
181,2026-10-07T04:27:55.346+00:00,2026-10-07T04:28:31.981+00:00,2026-10-07T04:28:50.973+00:00,True,311,311.0,,311.0,36635.341923,55626.732131,55626.732193,178.86409065273313,42.000104,36635.341923,2074.086871024479,128.7566965,61.262549058064515,25.892133852339462,5.59083714045255,0,14,100-300:300-600,False,True,,1543,99.94996664442962
182,2026-10-07T04:27:59.687+00:00,2026-10-07T04:28:36.652+00:00,2026-10-07T04:29:06.733+00:00,True,499,499.0,,499.0,36964.589358000005,67045.32587,67045.325931,134.35937060320643,41.644597999999995,36964.589358000005,1652.2435923878209,125.32660419999998,60.40308536546185,24.770918017613678,7.442726148688641,0,14,100-300:300-600,False,True,,2303,99.94996664442962
183,2026-10-07T04:28:04.884+00:00,2026-10-07T04:28:41.884+00:00,2026-10-07T04:28:59.789+00:00,True,302,302.0,,302.0,37000.385939,54905.342611,54905.342782,181.8057708013245,43.569776,37000.385939,2125.8400243254864,119.4709691,59.48490588704319,23.552229710229366,5.50037547601963,0,14,100-300:300-600,False,True,,1373,99.94996664442962
184,2026-10-07T04:28:09.659+00:00,2026-10-07T04:28:46.783+00:00,2026-10-07T04:29:52.763+00:00,True,1100,1100.0,,1100.0,37124.67322,103103.959748,103103.959636,93.73087239636364,0.017533,37124.67322,1119.182559052228,126.52862574999999,60.035747523202915,60.62468847745214,10.668843395428736,0,14,1-100:1000-1500,False,True,,4592,99.94996664442962
185,2026-10-07T04:28:12.564+00:00,2026-10-07T04:28:50.030+00:00,2026-10-07T04:30:06.410+00:00,True,1261,1261.0,,1261.0,37465.391832999994,113845.517017,113845.51711999999,90.28193268834258,0.016962,37465.391832999994,1054.8990987426153,125.662058,60.61914697142857,57.31458539201046,11.076413310255344,0,14,1-100:1000-1500,False,True,,1262,99.94996664442962
186,2026-10-07T04:28:16.397+00:00,2026-10-07T04:28:53.256+00:00,2026-10-07T04:30:14.550+00:00,True,1340,1340.0,,1340.0,36858.845064,118152.71411999999,118152.714181,88.17366729925374,0.016821000000000003,36858.845064,1006.8957433556292,125.68880395000001,60.71237420164302,57.59522037010584,11.34125449406985,0,14,1-100:1000-1500,False,True,,5896,99.94996664442962
187,2026-10-07T04:28:21.493+00:00,2026-10-07T04:28:58.191+00:00,2026-10-07T04:29:21.511+00:00,True,394,394.0,,394.0,36697.926144000005,60017.687040000004,60017.686936000006,152.32915465989848,0.016631,36697.926144000005,1848.40834712075,122.1457652,59.33781398473282,97.80746502384577,6.564731488859454,0,14,100-300:300-600,False,True,,1740,99.94996664442962
188,2026-10-07T04:28:25.507+00:00,2026-10-07T04:29:02.114+00:00,2026-10-07T04:29:24.632+00:00,True,381,381.0,,381.0,36607.420749,59125.817677,59125.817879999995,155.1858737007874,0.016861,36607.420749,1875.1366813744519,123.491731,59.25893928421053,101.05118692619511,6.443885513454968,0,14,100-300:300-600,False,True,,1621,99.94996664442962
189,2026-10-07T04:28:28.680+00:00,2026-10-07T04:29:05.158+00:00,2026-10-07T04:29:32.760+00:00,True,470,470.0,,470.0,36477.84659,64079.626814,64079.626635,136.33963113829788,0.017262,36477.84659,1682.2457434384946,123.17347880000001,58.85240985927505,89.2246682464521,7.334624487814826,0,14,100-300:300-600,False,True,,2350,99.94996664442962
190,2026-10-07T04:28:31.709+00:00,2026-10-07T04:29:08.231+00:00,2026-10-07T04:30:38.381+00:00,True,1469,1469.0,,1469.0,36521.257737,126671.784713,126671.784769,86.22994198025867,0.017803,36521.257737,952.7672150524968,128.6372546,61.41044071934605,53.40491371223039,11.596899841020717,0,14,1-100:1000-1500,False,True,,6742,99.94996664442962
191,2026-10-07T04:28:36.173+00:00,2026-10-07T04:29:11.945+00:00,2026-10-07T04:29:45.680+00:00,True,567,567.0,,567.0,35771.62092,69506.85855199999,69506.858421,122.5870518888889,0.017422,35771.62092,1501.8357669243414,127.38728149999999,59.60289334275618,78.93202182807045,8.157468368043302,0,14,100-300:300-600,False,True,,2659,99.94996664442962
192,2026-10-07T04:28:40.576+00:00,2026-10-07T04:29:16.624+00:00,2026-10-07T04:30:47.424+00:00,True,1481,1481.0,,1481.0,36048.361395,126848.471475,126848.47158699999,85.65055475151924,0.017352,36048.361395,936.6772419528721,131.258893,61.351425729729726,53.97433431222845,11.675347623655707,0,14,1-100:1000-1500,False,True,,3172,99.94996664442962
193,2026-10-07T04:28:45.120+00:00,2026-10-07T04:29:21.664+00:00,2026-10-07T04:29:41.549+00:00,True,338,338.0,,338.0,36543.949682,56429.022322,56429.022183,166.94976977218934,40.975561,36543.949682,1984.6649395308164,127.40251744999999,59.00615026706232,24.078319943270024,5.989825555921848,0,14,100-300:300-600,False,True,,1141,99.94996664442962
194,2026-10-07T04:28:49.011+00:00,2026-10-07T04:29:24.995+00:00,2026-10-07T04:29:50.415+00:00,True,422,422.0,,422.0,35984.160934,61403.896742,61403.896936,145.5068647772512,43.927942,35984.160934,1748.92376215435,130.47678724999997,60.37941997149644,25.22153047186031,6.872528005398618,0,14,100-300:300-600,False,True,,1580,99.94996664442962
195,2026-10-07T04:28:52.161+00:00,2026-10-07T04:29:28.261+00:00,2026-10-07T04:29:57.744+00:00,True,480,480.0,,480.0,36100.401761,65583.791713,65583.791698,136.63289937083334,44.229881,36100.401761,1645.14796914209,131.86335855,61.55196232150313,26.127597593974208,7.318881502010726,0,14,100-300:300-600,False,True,,2140,99.94996664442962
196,2026-10-07T04:28:57.242+00:00,2026-10-07T04:29:36.404+00:00,2026-10-07T04:30:10.875+00:00,True,549,549.0,,549.0,39161.253647,73633.008143,73633.00808099999,134.12205479234973,42.647813,39161.253647,1668.8902876313998,132.17453840000002,62.904661489051094,26.71315978071998,7.455895308987064,0,14,100-300:300-600,False,True,,2295,99.94996664442962
197,2026-10-07T04:29:00.129+00:00,2026-10-07T04:29:40.728+00:00,2026-10-07T04:30:12.485+00:00,True,505,505.0,,505.0,40599.348813000004,72356.048717,72356.04890000001,143.27930475247527,43.694294,40599.348813000004,1804.042487176131,131.2036588,63.00932520634921,26.82528989189768,6.9793750343549465,0,14,100-300:300-600,False,True,,2480,99.94996664442962
198,2026-10-07T04:29:03.915+00:00,2026-10-07T04:29:43.624+00:00,2026-10-07T04:31:05.718+00:00,True,1324,1324.0,,1324.0,39708.351696000005,121803.128528,121803.128502,91.99632062084592,40.389953999999996,39708.351696000005,1089.9028633872488,129.5894858,62.0519855117158,26.583841440316537,10.869999941714468,0,14,1-100:1000-1500,False,True,,1324,99.94996664442962
199,2026-10-07T04:29:08.704+00:00,2026-10-07T04:29:49.810+00:00,2026-10-07T04:30:15.123+00:00,True,402,402.0,,402.0,41105.845301,66419.502389,66419.50235,165.22264266169154,42.071343999999996,41105.845301,2047.200515302979,132.74104565000002,63.126326902743145,26.857937973702274,6.052439201450218,0,14,100-300:300-600,False,True,,1864,99.94996664442962
200,2026-10-07T04:29:12.347+00:00,2026-10-07T04:29:54.110+00:00,2026-10-07T04:30:12.972+00:00,True,303,303.0,,303.0,41762.231612999996,60624.90732499999,60624.907219999994,200.0822020462046,42.526898,41762.231612999996,2395.730980791758,129.3740994,62.45919109933775,26.094746235134288,4.99794578448867,0,14,100-300:300-600,False,True,,1464,99.94996664442962
201,2026-10-07T04:29:15.254+00:00,2026-10-07T04:29:57.895+00:00,2026-10-07T04:31:00.033+00:00,True,1011,1011.0,,1011.0,42641.134745999996,104778.910106,104778.910238,103.63888253016815,39.221463,42641.134745999996,1339.398622390603,129.0483295,61.52254986138613,26.31060849491856,9.648888301827322,0,14,1-100:1000-1500,False,True,,2918,99.94996664442962
202,2026-10-07T04:29:18.298+00:00,2026-10-07T04:30:00.881+00:00,2026-10-07T04:30:31.106+00:00,True,481,481.0,,481.0,42583.156925999996,72807.710142,72807.71001299999,151.36738048440748,41.600051,42583.156925999996,1938.9414356628545,129.708071,62.9678192,27.00621825489091,6.606443178365109,0,14,100-300:300-600,False,True,,2264,99.94996664442962
203,2026-10-07T04:29:23.369+00:00,2026-10-07T04:30:05.827+00:00,2026-10-07T04:30:25.527+00:00,True,315,315.0,,315.0,42457.816232,62158.103976,62158.104087,197.32731456190476,42.473998,42457.816232,2388.847372124013,132.27178519999998,62.73976988535032,27.292983985275487,5.0677221448328815,0,14,100-300:300-600,False,True,,1546,99.94996664442962
204,2026-10-07T04:29:27.296+00:00,2026-10-07T04:30:10.824+00:00,2026-10-07T04:30:42.580+00:00,True,513,513.0,,513.0,43528.244443,75284.446427,75284.44628,146.75330658869396,40.102494,43528.244443,1919.2747421053054,130.230045,62.023832,27.33033563626737,6.8141565004058755,0,14,100-300:300-600,False,True,,2936,99.94996664442962
205,2026-10-07T04:29:32.393+00:00,2026-10-07T04:30:15.274+00:00,2026-10-07T04:30:50.586+00:00,True,581,581.0,,581.0,42881.0573,78193.087252,78193.087127,134.58362672461274,39.304088,42881.0573,1776.6670796242113,128.361917,60.882810262068965,25.79203442470848,7.430324347311653,0,14,100-300:300-600,False,True,,2433,99.94996664442962
206,2026-10-07T04:29:36.985+00:00,2026-10-07T04:30:19.546+00:00,2026-10-07T04:30:46.610+00:00,True,444,444.0,,444.0,42561.01098,69625.32201999999,69625.32206399999,156.81378843243243,43.015031,42561.01098,2017.1274824388358,127.82326185,61.09325291196388,26.267053782832765,6.376990254672864,0,14,100-300:300-600,False,True,,2139,99.94996664442962
207,2026-10-07T04:29:41.107+00:00,2026-10-07T04:30:24.498+00:00,2026-10-07T04:31:00.514+00:00,True,596,596.0,,596.0,43390.997178000005,79407.733434,79407.73347800001,133.23445214429532,41.129459000000004,43390.997178000005,1775.0665676361884,126.567526,60.53232984201681,25.409705768698647,7.50556619898196,0,14,100-300:300-600,False,True,,2358,99.94996664442962
208,2026-10-07T04:29:44.316+00:00,2026-10-07T04:30:27.576+00:00,2026-10-07T04:31:53.104+00:00,True,1416,1416.0,,1416.0,43260.014361,128788.03509700001,128788.035204,90.95200226271187,39.410517,43260.014361,1148.2903813906335,124.23308099999998,60.443830908833924,25.12666343844268,10.994810185072732,0,14,1-100:1000-1500,False,True,,4464,99.94996664442962
209,2026-10-07T04:29:47.441+00:00,2026-10-07T04:30:29.812+00:00,2026-10-07T04:31:01.640+00:00,True,529,529.0,,529.0,42370.78592,74198.648192,74198.64816900001,140.26209483742912,41.361354,42370.78592,1839.7591383852837,127.6485462,60.28004218181818,25.174936537644655,7.129509942433643,0,14,100-300:300-600,False,True,,2364,99.94996664442962
210,2026-10-07T04:29:50.901+00:00,2026-10-07T04:30:34.371+00:00,2026-10-07T04:31:03.129+00:00,True,473,473.0,,473.0,43470.164712,72228.210664,72228.21081799999,152.7023484524313,39.540792,43470.164712,1996.1259226382092,127.60176019999999,60.92806345762712,25.854867007760237,6.548687772432285,0,14,100-300:300-600,False,True,,1925,99.94996664442962
211,2026-10-07T04:29:55.216+00:00,2026-10-07T04:30:37.409+00:00,2026-10-07T04:31:39.172+00:00,True,1021,1021.0,,1021.0,42192.629838,103955.48910199999,103955.489107,101.81732527619981,40.868048,42192.629838,1318.802682353899,125.584233,60.55182280784313,25.293730663862792,9.821511195028922,0,14,1-100:1000-1500,False,True,,3577,99.94996664442962
212,2026-10-07T04:30:00.514+00:00,2026-10-07T04:30:44.516+00:00,2026-10-07T04:31:14.353+00:00,True,485,485.0,,485.0,44002.450265,73839.431257,73839.431168,152.24624983092784,42.468117,44002.450265,1995.4245408288953,131.13695919999998,61.64665494214876,26.486474272933606,6.568306279499165,0,14,100-300:300-600,False,True,,2186,99.94996664442962
213,2026-10-07T04:30:04.425+00:00,2026-10-07T04:30:47.076+00:00,2026-10-07T04:31:23.211+00:00,True,583,583.0,,583.0,42651.152751,78785.982063,78785.982089,135.13890581303602,39.394838,42651.152751,1764.0728117046203,128.9627683,62.087335587628864,27.496963753453702,7.3997935258814564,0,14,100-300:300-600,False,True,,3258,99.94996664442962
214,2026-10-07T04:30:07.390+00:00,2026-10-07T04:30:52.182+00:00,2026-10-07T04:31:15.850+00:00,True,378,378.0,,378.0,44792.026627,68460.49024300001,68460.490091,181.11240764814815,40.400983000000004,44792.026627,2300.7804133867417,130.68930605,62.7810705994695,26.850937919512184,5.521432853581559,0,14,100-300:300-600,False,True,,1878,99.94996664442962
215,2026-10-07T04:30:11.695+00:00,2026-10-07T04:30:57.297+00:00,2026-10-07T04:31:30.442+00:00,True,535,535.0,,535.0,45601.899947,78746.482603,78746.482492,147.1896869009346,40.706176,45601.899947,1969.0327100631464,127.0978132,62.06850684644195,26.20873983577291,6.79395424805448,0,14,100-300:300-600,False,True,,2589,99.94996664442962
216,2026-10-07T04:30:16.229+00:00,2026-10-07T04:31:01.589+00:00,2026-10-07T04:31:25.097+00:00,True,377,377.0,,377.0,45359.203261,68867.75980500001,68867.759779,182.67310286206896,43.107054,45359.203261,2333.0539481658693,129.0324818,62.522756765957446,27.03379916380735,5.474259669074188,0,14,100-300:300-600,False,True,,1761,99.94996664442962
217,2026-10-07T04:30:20.112+00:00,2026-10-07T04:31:05.256+00:00,2026-10-07T04:31:34.973+00:00,True,493,493.0,,493.0,45143.534386,74860.647986,74860.648035,151.84715625760649,40.525135999999996,45143.534386,2030.5985186784235,124.88735679999999,60.40063739837398,25.219051829798882,6.585569498305679,0,14,100-300:300-600,False,True,,2166,99.94996664442962
218,2026-10-07T04:30:23.567+00:00,2026-10-07T04:31:08.289+00:00,2026-10-07T04:31:40.829+00:00,True,540,540.0,,540.0,44722.213242,77261.523066,77261.522936,143.07689432592593,39.485808,44722.213242,1922.1008953011922,123.24588974999999,60.36977703896104,24.913187093790757,6.989248704542229,0,14,100-300:300-600,False,True,,1233,99.94996664442962
219,2026-10-07T04:30:28.234+00:00,2026-10-07T04:31:12.418+00:00,2026-10-07T04:31:38.145+00:00,True,434,434.0,,434.0,44183.433265,69911.018545,69911.018486,161.08529605069126,39.029213000000006,44183.433265,2118.155211049839,122.0301094,59.417056073903005,23.911166912092227,6.2078912456502815,0,14,100-300:300-600,False,True,,1484,99.94996664442962
220,2026-10-07T04:30:33.041+00:00,2026-10-07T04:31:17.103+00:00,2026-10-07T04:31:44.756+00:00,True,468,468.0,,468.0,44061.776986000004,71714.771546,71714.77150500001,153.23669125,41.546039,44061.776986000004,2034.1560001851803,121.54920855,59.214121113490364,23.617162091957866,6.525852204657875,0,14,100-300:300-600,False,True,,1655,99.94996664442962
221,2026-10-07T04:30:36.980+00:00,2026-10-07T04:31:19.821+00:00,2026-10-07T04:31:46.855+00:00,True,460,460.0,,460.0,42840.909281,69874.368481,69874.368475,151.90080103260868,41.869845999999995,42840.909281,1994.8567495985853,122.21040864999999,58.89642527233116,23.242816494946943,6.583243755900013,0,14,100-300:300-600,False,True,,1949,99.94996664442962
222,2026-10-07T04:30:40.117+00:00,2026-10-07T04:31:23.070+00:00,2026-10-07T04:32:37.943+00:00,True,1249,1249.0,,1249.0,42952.680647,117825.468871,117825.468832,94.33584374059248,0.012753,42952.680647,1215.4664276341712,123.77504139999999,59.994221333333336,66.01276772359721,10.60042461080681,0,14,1-100:1000-1500,False,True,,1251,99.94996664442962
223,2026-10-07T04:30:43.187+00:00,2026-10-07T04:31:25.668+00:00,2026-10-07T04:31:51.077+00:00,True,438,438.0,,438.0,42481.486145,67890.458433,67890.458429,155.0010466415525,38.084753,42481.486145,2027.1893770395743,119.75417689999999,58.14410134553776,22.41875324528916,6.451569338455051,0,14,100-300:300-600,False,True,,2228,99.94996664442962
224,2026-10-07T04:30:47.479+00:00,2026-10-07T04:31:29.443+00:00,2026-10-07T04:32:58.789+00:00,True,1471,1471.0,,1471.0,41964.537083999996,131310.285052,131310.284969,89.26599929911625,0.012704,41964.537083999996,1094.390086330434,127.36093799999999,60.77942038639456,63.22719978328425,11.202473587026878,0,14,1-100:1000-1500,False,True,,6268,99.94996664442962
225,2026-10-07T04:30:50.649+00:00,2026-10-07T04:31:33.401+00:00,2026-10-07T04:31:58.848+00:00,True,435,435.0,,435.0,42751.531943,68198.095783,68198.095826,156.77723178390806,38.700958,42751.531943,2047.0994293306874,120.6548542,58.63263557603686,23.236998964967423,6.378477214145826,0,14,100-300:300-600,False,True,,2463,99.94996664442962
226,2026-10-07T04:30:55.199+00:00,2026-10-07T04:31:38.368+00:00,2026-10-07T04:33:09.841+00:00,True,1496,1496.0,,1496.0,43169.091367,134642.361639,134642.361469,90.00157852205882,0.012443,43169.091367,1116.336595924754,128.468607,61.186133961204014,63.53453997226766,11.110916221233854,0,14,1-100:1000-1500,False,True,,4574,99.94996664442962
227,2026-10-07T04:30:58.101+00:00,2026-10-07T04:31:39.453+00:00,2026-10-07T04:32:05.470+00:00,True,443,443.0,,443.0,41352.285916,67369.446876,67369.446974,152.07550106997743,37.381544999999996,41352.285916,1962.051415227448,122.91909879999999,58.86235511312217,23.603141484220522,6.575681121672031,0,14,100-300:300-600,False,True,,2349,99.94996664442962
228,2026-10-07T04:31:02.985+00:00,2026-10-07T04:31:44.556+00:00,2026-10-07T04:32:06.613+00:00,True,373,373.0,,373.0,41571.186627999996,63628.310723999995,63628.310806999994,170.58528366487934,41.096466,41571.186627999996,2149.5443582599883,126.20603999999999,59.29334434408602,24.565656889266755,5.862170404271128,0,14,100-300:300-600,False,True,,1721,99.94996664442962
229,2026-10-07T04:31:07.352+00:00,2026-10-07T04:31:48.856+00:00,2026-10-07T04:32:14.794+00:00,True,432,432.0,,432.0,41503.975773,67441.843037,67441.843041,156.1153774097222,43.604977,41503.975773,1994.1269068019046,130.29720454999998,60.18066650580046,25.39912183682967,6.405518896673625,0,14,100-300:300-600,False,True,,2081,99.94996664442962
230,2026-10-07T04:31:11.888+00:00,2026-10-07T04:31:54.780+00:00,2026-10-07T04:32:17.950+00:00,True,381,381.0,,381.0,42891.937164999996,66062.766221,66062.766431,173.3930877454068,43.443514,42891.937164999996,2194.4487423413884,130.04592,60.975865936842105,25.87259407136715,5.76724260569773,0,14,100-300:300-600,False,True,,1895,99.94996664442962
231,2026-10-07T04:31:15.349+00:00,2026-10-07T04:32:00.478+00:00,2026-10-07T04:33:20.296+00:00,True,1283,1283.0,,1283.0,45129.323642999996,124947.246971,124947.24685899999,97.38678632813718,0.012754,45129.323642999996,1260.0000571235148,130.72535570000002,62.260470614664584,67.5559809779245,10.26833348555316,0,14,1-100:1000-1500,False,True,,4435,99.94996664442962
232,2026-10-07T04:31:19.742+00:00,2026-10-07T04:32:04.188+00:00,2026-10-07T04:32:24.282+00:00,True,308,308.0,,308.0,44445.407903,64540.026270999995,64540.026229999996,209.54553970779222,0.013574999999999999,44445.407903,2531.9792543213975,131.81377469999998,65.45478295765473,127.40006603430375,4.772232330782219,0,14,100-300:300-600,False,True,,1215,99.94996664442962
233,2026-10-07T04:31:24.302+00:00,2026-10-07T04:32:10.156+00:00,2026-10-07T04:33:23.899+00:00,True,1186,1186.0,,1186.0,45854.259779,119596.878147,119596.878253,100.84053815598651,0.013005000000000001,45854.259779,1331.4388132042234,130.488493,62.23005769451477,68.41782398317041,9.916646808642053,0,14,1-100:1000-1500,False,True,,1186,99.94996664442962
234,2026-10-07T04:31:27.345+00:00,2026-10-07T04:32:13.051+00:00,2026-10-07T04:32:40.351+00:00,True,444,444.0,,444.0,45705.628925,73006.237181,73006.237333,164.42846246171172,0.013325,45705.628925,2168.789335021098,129.47344275,61.62665520541761,106.70977416179083,6.081672157670821,0,14,100-300:300-600,False,True,,2446,99.94996664442962
235,2026-10-07T04:31:30.448+00:00,2026-10-07T04:32:16.965+00:00,2026-10-07T04:32:53.828+00:00,True,588,588.0,,588.0,46517.682909999996,83380.325342,83380.325356,141.80327441496598,0.012894000000000001,46517.682909999996,1918.102364891732,132.21492415,62.798368708688244,94.70052499145712,7.052023335099834,0,14,100-300:300-600,False,True,,2665,99.94996664442962
236,2026-10-07T04:31:33.724+00:00,2026-10-07T04:32:18.906+00:00,2026-10-07T04:32:36.775+00:00,True,300,300.0,,300.0,45182.555874,63051.246818,63051.246928,210.17082309333333,0.012874,45182.555874,2608.450971109922,116.24647715,59.76150817391305,131.09299309659554,4.758034379018106,0,14,100-300:300-600,False,True,,1160,99.94996664442962
237,2026-10-07T04:31:38.407+00:00,2026-10-07T04:32:26.167+00:00,2026-10-07T04:32:48.657+00:00,True,361,361.0,,361.0,47760.258795,70250.647019,70250.647207,194.60013076731303,34.532843,47760.258795,2510.5495466017283,133.75715599999998,62.473300622222226,26.529304137003717,5.1387427065598965,0,14,100-300:300-600,False,True,,1704,99.94996664442962
238,2026-10-07T04:31:41.432+00:00,2026-10-07T04:32:30.359+00:00,2026-10-07T04:33:43.617+00:00,True,1185,1185.0,,1185.0,48926.965663,122185.033887,122185.033846,103.10973320337553,38.369077,48926.965663,1419.7616358160558,129.0043678,61.873368432432436,26.55043971017471,9.698405461800828,0,14,1-100:1000-1500,False,True,,4945,99.94996664442962
239,2026-10-07T04:31:46.182+00:00,2026-10-07T04:32:36.119+00:00,2026-10-07T04:33:40.204+00:00,True,1036,1036.0,,1036.0,49936.483571000004,114021.699315,114021.699368,110.05955537451737,37.933911,49936.483571000004,1549.7543387470964,128.36459925,61.91808284444445,26.536186553141516,9.085989826707573,0,14,1-100:1000-1500,False,True,,1036,99.94996664442962
240,2026-10-07T04:31:51.105+00:00,2026-10-07T04:32:40.506+00:00,2026-10-07T04:33:17.570+00:00,True,591,591.0,,591.0,49401.871549999996,86465.86822199999,86465.868086,146.30434532318105,39.763816,49401.871549999996,2029.7225955472209,131.65812000000003,62.82033334237288,27.443338417579344,6.8350669709649505,0,14,100-300:300-600,False,True,,2295,99.94996664442962
241,2026-10-07T04:31:56.171+00:00,2026-10-07T04:32:45.478+00:00,2026-10-07T04:33:06.977+00:00,True,350,350.0,,350.0,49307.164788,70805.73426,70805.734165,202.3020976142857,42.640565,49307.164788,2632.4182456765075,131.22899314999998,61.60048559312321,26.410669241846065,4.9431024712602145,0,14,100-300:300-600,False,True,,1378,99.94996664442962
242,2026-10-07T04:31:59.976+00:00,2026-10-07T04:32:48.372+00:00,2026-10-07T04:33:13.417+00:00,True,399,399.0,,399.0,48395.754573,73440.908109,73440.907984,184.06242602506265,40.31673,48395.754573,2419.823185129541,131.5030192,62.92752144723618,27.454201425912892,5.432939355921493,0,14,100-300:300-600,False,True,,1683,99.94996664442962
243,2026-10-07T04:32:03.247+00:00,2026-10-07T04:32:51.433+00:00,2026-10-07T04:33:11.977+00:00,True,335,335.0,,335.0,48185.921086999995,68729.890367,68729.89038099999,205.16385188358208,40.648126,48185.921086999995,2629.445777509816,129.0007922,61.508890059880244,26.010130124997048,4.874152980765514,0,14,100-300:300-600,False,True,,975,99.94996664442962
244,2026-10-07T04:32:08.219+00:00,2026-10-07T04:32:56.787+00:00,2026-10-07T04:33:32.017+00:00,True,585,585.0,,585.0,48568.459225,83798.194905,83798.194924,143.24477764786326,42.921997000000005,48568.459225,2005.721432434431,126.31662200000001,60.3248898630137,25.10955889163757,6.981057296797388,0,14,100-300:300-600,False,True,,2472,99.94996664442962
245,2026-10-07T04:32:11.694+00:00,2026-10-07T04:33:02.826+00:00,2026-10-07T04:33:34.689+00:00,True,528,528.0,,528.0,51132.34059000001,82994.941806,82994.94156100001,157.18738932007577,42.71425,51132.34059000001,2222.7590156258498,125.9256707,60.46034386337761,25.034470327541452,6.36183348660206,0,14,100-300:300-600,False,True,,2550,99.94996664442962
246,2026-10-07T04:32:15.757+00:00,2026-10-07T04:33:08.151+00:00,2026-10-07T04:33:28.401+00:00,True,329,329.0,,329.0,52394.284071999995,72644.514856,72644.51490899999,220.80399668389057,40.575021,52394.284071999995,2885.311131311234,126.6639566,61.73850848780487,26.844378515330828,4.528903533214615,0,14,100-300:300-600,False,True,,1127,99.94996664442962
247,2026-10-07T04:32:19.138+00:00,2026-10-07T04:33:10.179+00:00,2026-10-07T04:33:45.210+00:00,True,572,572.0,,572.0,51040.741692,86071.821372,86071.821387,150.47521221503496,39.993983,51040.741692,2131.7172662112985,126.5836039,61.350402241681266,26.289800067814458,6.645612825222229,0,14,100-300:300-600,False,True,,2486,99.94996664442962
248,2026-10-07T04:32:24.252+00:00,2026-10-07T04:33:12.153+00:00,2026-10-07T04:33:45.968+00:00,True,557,557.0,,557.0,47901.513998,81716.19969400001,81716.19969200001,146.70771937522443,39.681896,47901.513998,2027.2354554352414,125.86980240000001,60.81778002877698,25.50028491116021,6.816273910017594,0,14,100-300:300-600,False,True,,2308,99.94996664442962
249,2026-10-07T04:32:26.146+00:00,2026-10-07T04:33:14.215+00:00,2026-10-07T04:33:47.160+00:00,True,550,550.0,,550.0,48069.099310000005,81014.27998200001,81014.280087,147.29869106727273,43.016557999999996,48069.099310000005,2047.2622527759227,125.96501825,60.00943656102004,24.620722506430415,6.788926595684127,0,14,100-300:300-600,False,True,,2627,99.94996664442962
250,2026-10-07T04:32:29.913+00:00,2026-10-07T04:33:18.198+00:00,2026-10-07T04:33:52.950+00:00,True,582,582.0,,582.0,48285.625939000005,83037.16846700001,83037.168499,142.6755472491409,40.79905,48285.625939000005,1999.1868761894295,126.75264345000001,59.81332620998279,25.521459227506895,7.008909512988679,0,14,100-300:300-600,False,True,,2767,99.94996664442962
251,2026-10-07T04:32:33.265+00:00,2026-10-07T04:33:21.266+00:00,2026-10-07T04:33:55.143+00:00,True,566,566.0,,566.0,48000.170056,81877.96564000001,81877.965569,144.66071655300354,38.632352,48000.170056,2015.2297765608312,125.74751800000001,59.960700148672565,24.81163118203912,6.912726709510364,0,14,100-300:300-600,False,True,,2686,99.94996664442962
252,2026-10-07T04:32:38.115+00:00,2026-10-07T04:33:26.001+00:00,2026-10-07T04:33:56.185+00:00,True,505,505.0,,505.0,47885.531303,78069.876647,78069.876665,154.59381517821782,43.383134,47885.531303,2128.356714401283,126.0281994,59.889574095238096,24.747053268432236,6.4685640824488955,0,14,100-300:300-600,False,True,,2139,99.94996664442962
253,2026-10-07T04:32:43.465+00:00,2026-10-07T04:33:33.123+00:00,2026-10-07T04:34:03.158+00:00,True,498,498.0,,498.0,49658.554169,79693.699641,79693.699533,160.02750910240965,41.915644,49658.554169,2222.6960059716907,127.85537674999999,60.43288827364186,25.938298138671108,6.248925601940484,0,14,100-300:300-600,False,True,,3006,99.94996664442962
254,2026-10-07T04:32:47.457+00:00,2026-10-07T04:33:37.359+00:00,2026-10-07T04:34:03.463+00:00,True,430,430.0,,430.0,49902.583871,76006.458687,76006.45874,176.75920637209302,41.962822,49902.583871,2403.726021549603,126.87875895,60.84819304428905,26.350010005969207,5.657413954395251,0,14,100-300:300-600,False,True,,2115,99.94996664442962
255,2026-10-07T04:32:52.646+00:00,2026-10-07T04:33:40.375+00:00,2026-10-07T04:33:59.587+00:00,True,323,323.0,,323.0,47729.326117,66941.477413,66941.477604,207.24915666873065,42.510498,47729.326117,2652.5289683026795,127.46701360000002,59.66506613664597,25.0666193794102,4.8251101183087055,0,14,100-300:300-600,False,True,,1715,99.94996664442962
256,2026-10-07T04:32:57.533+00:00,2026-10-07T04:33:44.582+00:00,2026-10-07T04:34:07.410+00:00,True,381,381.0,,381.0,47048.772383,69876.267039,69876.266992,183.4022755695538,41.749974,47048.772383,2407.4398788678354,125.816351,60.07235435789473,25.608941210560225,5.452495047958883,0,14,100-300:300-600,False,True,,1688,99.94996664442962
257,2026-10-07T04:33:02.582+00:00,2026-10-07T04:33:49.336+00:00,2026-10-07T04:34:09.774+00:00,True,340,340.0,,340.0,46753.947968,67191.571776,67191.571944,197.62227042352941,38.335927000000005,46753.947968,2532.448620098372,126.8098754,60.28797583480826,25.634318470360814,5.060158454597185,0,14,100-300:300-600,False,True,,1452,99.94996664442962
258,2026-10-07T04:33:07.096+00:00,2026-10-07T04:33:54.874+00:00,2026-10-07T04:34:23.005+00:00,True,465,465.0,,465.0,47778.582761,75909.738217,75909.738137,163.24674868172042,40.05654,47778.582761,2213.0178156953543,126.50850880000002,60.62749020689655,25.84759726842313,6.1256962666729775,0,14,100-300:300-600,False,True,,2009,99.94996664442962
259,2026-10-07T04:33:11.829+00:00,2026-10-07T04:34:00.343+00:00,2026-10-07T04:34:32.928+00:00,True,539,539.0,,539.0,48514.652754,81098.822994,81098.822864,150.46163796660483,29.066376,48514.652754,2087.2214687881697,125.89025839999998,60.56537219330855,25.556695965335976,6.646212362907872,0,14,100-300:300-600,False,True,,2516,99.94996664442962
260,2026-10-07T04:33:15.668+00:00,2026-10-07T04:34:03.615+00:00,2026-10-07T04:34:25.465+00:00,True,360,360.0,,360.0,47947.663065,69796.909017,69796.909013,193.8803028138889,37.978045,47947.663065,2523.9859862400967,126.0885576,60.861409337047355,25.646075101175313,5.157821529207218,0,14,100-300:300-600,False,True,,1193,99.94996664442962
261,2026-10-07T04:33:19.329+00:00,2026-10-07T04:34:06.412+00:00,2026-10-07T04:34:31.231+00:00,True,416,416.0,,416.0,47083.669376000005,71901.976704,71901.97676800001,172.84129030769233,24.552268,47083.669376000005,2305.6717447645024,125.45508550000001,59.80315018795181,25.166408776587325,5.78565456847666,0,14,100-300:300-600,False,True,,2282,99.94996664442962
262,2026-10-07T04:33:22.470+00:00,2026-10-07T04:34:09.872+00:00,2026-10-07T04:34:40.550+00:00,True,508,508.0,,508.0,47402.048211999994,78080.13640399999,78080.136474,153.7010560511811,27.742876,47402.048211999994,2100.5897651460973,124.15918510000002,60.50904968836292,25.011660285274775,6.506136174910365,0,14,100-300:300-600,False,True,,2300,99.94996664442962
263,2026-10-07T04:33:25.449+00:00,2026-10-07T04:34:12.932+00:00,2026-10-07T04:34:35.848+00:00,True,383,383.0,,383.0,47482.879234,70398.730754,70398.730868,183.8086967832898,32.6166,47482.879234,2423.3276787337822,126.754314,59.98914010471204,25.248641079214146,5.44043899510558,0,14,100-300:300-600,False,True,,1150,99.94996664442962
264,2026-10-07T04:33:28.439+00:00,2026-10-07T04:34:15.638+00:00,2026-10-07T04:34:46.739+00:00,True,515,515.0,,515.0,47198.907294,78300.33603,78300.336081,152.03948753592232,27.544415,47198.907294,2077.318411370495,123.3070993,60.50861621789883,25.185657033277664,6.577238695408443,0,14,100-300:300-600,False,True,,2567,99.94996664442962
265,2026-10-07T04:33:33.349+00:00,2026-10-07T04:34:18.966+00:00,2026-10-07T04:34:50.844+00:00,True,531,531.0,,531.0,45617.049909999994,77494.597942,77494.598093,145.9408626986817,24.496473,45617.049909999994,1977.1572739444366,123.6828095,60.146317041509434,24.864030980210586,6.852090521166666,0,14,100-300:300-600,False,True,,2339,99.94996664442962
266,2026-10-07T04:33:38.245+00:00,2026-10-07T04:34:23.791+00:00,2026-10-07T04:35:28.422+00:00,True,1065,1065.0,,1065.0,45546.762428999995,110177.92198099999,110177.921909,103.45344780187793,27.039137999999998,45546.762428999995,1394.0635424255547,127.9426714,60.743571007518796,26.675170495447986,9.666183395468808,0,14,1-100:1000-1500,False,True,,4921,99.94996664442962
267,2026-10-07T04:33:41.298+00:00,2026-10-07T04:34:26.621+00:00,2026-10-07T04:34:47.574+00:00,True,348,348.0,,348.0,45322.945160999996,66275.307145,66275.307128,190.4462848505747,26.880861,45322.945160999996,2426.4575914625225,123.30720990000002,60.38144663976945,25.104398195647914,5.2508244018942145,0,14,100-300:300-600,False,True,,1612,99.94996664442962
268,2026-10-07T04:33:45.152+00:00,2026-10-07T04:34:30.589+00:00,2026-10-07T04:34:52.873+00:00,True,371,371.0,,371.0,45437.257475,67721.137155,67721.137233,182.53675804043127,39.929232000000006,45437.257475,2355.9944629756974,123.6729475,60.22670183783784,25.386552242966335,5.478348645428914,0,14,100-300:300-600,False,True,,1879,99.94996664442962
269,2026-10-07T04:33:49.781+00:00,2026-10-07T04:34:35.751+00:00,2026-10-07T04:34:58.437+00:00,True,377,377.0,,377.0,45970.462023,68655.83725499999,68655.837229,182.11097408222813,38.661376,45970.462023,2364.628060959753,125.577726,60.333444765957445,25.40770088504288,5.4911572718828685,0,14,100-300:300-600,False,True,,1584,99.94996664442962
270,2026-10-07T04:33:54.869+00:00,2026-10-07T04:34:39.344+00:00,2026-10-07T04:35:13.740+00:00,True,575,575.0,,575.0,44475.824733,78871.81474900001,78871.814834,137.16837362434782,39.54014299999999,44475.824733,1852.446834406191,126.4125246,59.923327554006974,25.53559890862526,7.290310256330069,0,14,100-300:300-600,False,True,,2278,99.94996664442962
271,2026-10-07T04:33:58.265+00:00,2026-10-07T04:34:42.384+00:00,2026-10-07T04:35:14.364+00:00,True,534,534.0,,534.0,44118.543571,76098.899411,76098.899399,142.50730224531836,38.975544,44118.543571,1906.7660771762796,125.33358795,60.00066761726079,25.218324465344352,7.017184271167146,0,14,100-300:300-600,False,True,,2100,99.94996664442962
272,2026-10-07T04:34:02.644+00:00,2026-10-07T04:34:46.016+00:00,2026-10-07T04:35:07.545+00:00,True,364,364.0,,364.0,43371.669237999995,64901.08056599999,64901.080482,178.29967165384613,37.738417,43371.669237999995,2270.321409425629,125.47280029999997,59.309673079889805,24.96811462218294,5.608535279005666,0,14,100-300:300-600,False,True,,1459,99.94996664442962
273,2026-10-07T04:34:05.801+00:00,2026-10-07T04:34:49.551+00:00,2026-10-07T04:35:24.646+00:00,True,580,580.0,,580.0,43750.787122,78845.61003400001,78845.610004,135.94070690344827,42.252556,43750.787122,1814.3168136554925,127.88490285,60.61282022797927,25.654154664984198,7.3561482972849195,0,14,100-300:300-600,False,True,,2529,99.94996664442962
274,2026-10-07T04:34:09.877+00:00,2026-10-07T04:34:54.525+00:00,2026-10-07T04:35:25.062+00:00,True,503,503.0,,503.0,44647.662052,75184.701924,75184.702007,149.47256860238568,41.031167,44647.662052,1988.2016520572386,129.45566829999999,60.83075671713147,26.26172572300329,6.690190785200619,0,14,100-300:300-600,False,True,,2264,99.94996664442962
275,2026-10-07T04:34:14.934+00:00,2026-10-07T04:35:00.364+00:00,2026-10-07T04:35:32.299+00:00,True,510,510.0,,510.0,45429.955089,77364.929809,77364.929843,151.69594086862745,42.550074,45429.955089,2009.0835321864338,132.99189315,62.74061831041257,27.62144705307074,6.592134204207225,0,14,100-300:300-600,False,True,,2329,99.94996664442962
276,2026-10-07T04:34:19.069+00:00,2026-10-07T04:35:03.334+00:00,2026-10-07T04:35:39.970+00:00,True,589,589.0,,589.0,44265.070365,80901.373725,80901.373651,137.35377529881154,43.320767999999994,44265.070365,1821.5429069531592,131.56326120000003,62.30663836734694,26.998775887180724,7.280469698847503,0,14,100-300:300-600,False,True,,3312,99.94996664442962
277,2026-10-07T04:34:23.275+00:00,2026-10-07T04:35:08.098+00:00,2026-10-07T04:35:36.088+00:00,True,447,447.0,,447.0,44823.300965999995,72812.86461399999,72812.86465599999,162.89231466666666,42.837814,44823.300965999995,2117.2866623879904,131.6953537,62.756869165919284,28.063438834459713,6.139025052367651,0,14,100-300:300-600,False,True,,1882,99.94996664442962
278,2026-10-07T04:34:27.620+00:00,2026-10-07T04:35:13.640+00:00,2026-10-07T04:35:46.165+00:00,True,525,525.0,,525.0,46020.735353000004,78545.07634500001,78545.076438,149.6096694057143,40.894811000000004,46020.735353000004,2005.9857512410367,131.3061408,62.06935303816794,27.278218055827423,6.684059961874621,0,14,100-300:300-600,False,True,,2437,99.94996664442962
279,2026-10-07T04:34:32.295+00:00,2026-10-07T04:35:18.985+00:00,2026-10-07T04:35:52.691+00:00,True,550,550.0,,550.0,46689.498027999995,80395.9651,80395.964889,146.17448161636364,41.744413,46689.498027999995,1988.4059363657789,129.91848105,61.39611488524591,26.553909034771127,6.84113934469082,0,14,100-300:300-600,False,True,,2105,99.94996664442962
280,2026-10-07T04:34:37.238+00:00,2026-10-07T04:35:24.802+00:00,2026-10-07T04:36:54.679+00:00,True,1480,1480.0,,1480.0,47563.769859,137441.495811,137441.49606,92.86587571621622,0.011752,47563.769859,1237.227481672498,125.0254714,60.76925351724138,77.78223557065226,10.768218079023187,0,14,1-100:1000-1500,False,True,,6539,99.94996664442962
281,2026-10-07T04:34:40.152+00:00,2026-10-07T04:35:27.449+00:00,2026-10-07T04:35:49.375+00:00,True,361,361.0,,361.0,47297.636516000006,69223.645348,69223.64521900001,191.75524991412743,42.421794,47297.636516000006,2486.2820017998133,130.40652400000002,60.90558008888889,26.257260923815416,5.214981068754565,0,14,100-300:300-600,False,True,,1409,99.94996664442962
282,2026-10-07T04:34:44.857+00:00,2026-10-07T04:35:31.244+00:00,2026-10-07T04:36:43.127+00:00,True,1196,1196.0,,1196.0,46387.037253,118269.988933,118269.988926,98.88795060702341,0.011392,46387.037253,1342.3271658490312,123.73096624999998,60.15309764016736,85.92643033090665,10.112455499404286,0,14,1-100:1000-1500,False,True,,1196,99.94996664442962
283,2026-10-07T04:34:50.060+00:00,2026-10-07T04:35:35.209+00:00,2026-10-07T04:36:40.006+00:00,True,1081,1081.0,,1081.0,45149.654001999996,109946.225138,109946.225092,101.70788630157261,0.011362,45149.654001999996,1374.1137324879055,123.486767,59.99682512592593,86.35973958854686,9.832079260958466,0,14,1-100:1000-1500,False,True,,4055,99.94996664442962
284,2026-10-07T04:34:55.218+00:00,2026-10-07T04:35:38.342+00:00,2026-10-07T04:36:06.912+00:00,True,478,478.0,,478.0,43124.342828,71694.076972,71694.077005,149.98760879707112,0.011321,43124.342828,1974.1272061273205,125.23422575,59.894620846960166,131.94663275326445,6.667217435363344,0,14,100-300:300-600,False,True,,1936,99.94996664442962
285,2026-10-07T04:34:59.387+00:00,2026-10-07T04:35:42.222+00:00,2026-10-07T04:37:06.972+00:00,True,1414,1414.0,,1414.0,42834.589391,127584.331727,127584.331597,90.22937170933523,0.011241,42834.589391,1140.3358204653264,122.5831927,59.97858622505308,80.02959686655258,11.082865590624579,0,14,1-100:1000-1500,False,True,,2314,99.94996664442962
286,2026-10-07T04:35:04.628+00:00,2026-10-07T04:35:50.302+00:00,2026-10-07T04:36:11.535+00:00,True,356,356.0,,356.0,45673.785389,66906.839085,66906.839112,187.94055930337078,0.011191000000000001,45673.785389,2422.2537008092063,124.62590750000001,59.81141886197183,151.32157416297798,5.320831246380199,0,14,100-300:300-600,False,True,,1532,99.94996664442962
287,2026-10-07T04:35:09.477+00:00,2026-10-07T04:35:55.422+00:00,2026-10-07T04:37:02.962+00:00,True,1119,1119.0,,1119.0,45945.436197999996,113485.330982,113485.331146,101.41673918319928,0.011330999999999999,45945.436197999996,1374.5661820729313,123.2660624,60.411354905187835,88.91676774131048,9.860305207000591,0,14,1-100:1000-1500,False,True,,5835,99.94996664442962
288,2026-10-07T04:35:12.476+00:00,2026-10-07T04:35:58.471+00:00,2026-10-07T04:36:18.952+00:00,True,351,351.0,,351.0,45994.646502999996,66475.382503,66475.382644,189.38855454131053,0.011191000000000001,45994.646502999996,2456.6534825226845,115.65057449999999,58.51638857142857,153.14213898912132,5.280150136543547,0,14,100-300:300-600,False,True,,1832,99.94996664442962
289,2026-10-07T04:35:16.571+00:00,2026-10-07T04:36:02.797+00:00,2026-10-07T04:36:35.469+00:00,True,573,573.0,,573.0,46225.41991,78897.41735,78897.41753199999,137.69182815357766,0.011311,46225.41991,1928.891509284953,122.99101900000001,57.11887664335664,26.59747657750749,7.262595142475852,0,14,100-300:300-600,False,True,,2443,99.94996664442962
290,2026-10-07T04:35:21.552+00:00,2026-10-07T04:36:04.176+00:00,2026-10-07T04:36:25.894+00:00,True,372,372.0,,372.0,42623.323491999996,64341.364067999995,64341.364054,172.96065605913978,39.994304,42623.323491999996,2207.005088367171,119.88702949999998,58.539192927223716,23.410217172526533,5.781661694440408,0,14,100-300:300-600,False,True,,1613,99.94996664442962
291,2026-10-07T04:35:26.897+00:00,2026-10-07T04:36:11.042+00:00,2026-10-07T04:37:33.153+00:00,True,1364,1364.0,,1364.0,44144.775263999996,126255.495008,126255.494932,92.56267956891496,33.617064,44144.775263999996,1193.9144628080035,124.640051,60.24264104475422,24.867709235617816,10.803490176119242,0,14,1-100:1000-1500,False,True,,3480,99.94996664442962
292,2026-10-07T04:35:29.949+00:00,2026-10-07T04:36:13.277+00:00,2026-10-07T04:36:41.501+00:00,True,471,471.0,,471.0,43327.656124,71552.283324,71552.28313,151.91567543524417,25.811998,43327.656124,1993.815859536828,124.6720825,60.052398297872344,24.47583124288237,6.582599158537511,0,14,100-300:300-600,False,True,,3528,99.94996664442962
293,2026-10-07T04:35:33.462+00:00,2026-10-07T04:36:19.177+00:00,2026-10-07T04:36:44.690+00:00,True,420,420.0,,420.0,45715.815601,71228.34526500001,71228.345449,169.59129868809524,27.283796,45715.815601,2227.8750718919014,125.12437554999998,60.889092276849645,25.251394576183465,5.896528951183966,0,14,100-300:300-600,False,True,,1681,99.94996664442962
294,2026-10-07T04:35:36.454+00:00,2026-10-07T04:36:21.395+00:00,2026-10-07T04:36:54.404+00:00,True,542,542.0,,542.0,44940.910509,77949.72919700001,77949.729202,143.81868856457564,29.431801,44940.910509,1927.9181959956077,124.7005325,61.014452288354896,24.984142775187724,6.953199268084943,0,14,100-300:300-600,False,True,,2567,99.94996664442962
295,2026-10-07T04:35:41.136+00:00,2026-10-07T04:36:25.552+00:00,2026-10-07T04:37:25.960+00:00,True,1007,1007.0,,1007.0,44416.187008,104824.000384,104824.000214,104.09533288381331,28.363198,44416.187008,1398.0039674373277,124.7030017,60.047528206759445,25.002782287021272,9.606578610919959,0,14,1-100:1000-1500,False,True,,1007,99.94996664442962
296,2026-10-07T04:35:45.635+00:00,2026-10-07T04:36:28.815+00:00,2026-10-07T04:36:51.987+00:00,True,389,389.0,,389.0,43180.132863,66352.034303,66352.034308,170.57078228277635,26.729817999999998,43180.132863,2186.4256907946124,122.8798966,59.721395463917524,24.24140583486817,5.862668780034857,0,14,100-300:300-600,False,True,,1863,99.94996664442962
297,2026-10-07T04:35:48.679+00:00,2026-10-07T04:36:31.770+00:00,2026-10-07T04:37:36.262+00:00,True,1078,1078.0,,1078.0,43091.018145,107583.381409,107583.381371,99.79905507513915,35.230186,43091.018145,1310.8419434333407,124.17837765,59.88148863881151,24.676064523952952,10.020134949112306,0,14,1-100:1000-1500,False,True,,1078,99.94996664442962
298,2026-10-07T04:35:52.585+00:00,2026-10-07T04:36:36.793+00:00,2026-10-07T04:37:03.706+00:00,True,446,446.0,,446.0,44208.077797,71120.660709,71120.660683,159.4633647600897,24.587242999999997,44208.077797,2090.5968189006985,124.00141149999999,60.47771440898877,24.850328832498334,6.2710328553452355,0,14,100-300:300-600,False,True,,2121,99.94996664442962
299,2026-10-07T04:35:57.237+00:00,2026-10-07T04:36:41.701+00:00,2026-10-07T04:37:08.730+00:00,True,446,446.0,,446.0,44464.454629,71493.055461,71493.055359,160.29833040134528,39.61906,44464.454629,2102.730746878755,125.69311075,60.738428835955055,25.46422629199388,6.23836814812449,0,14,100-300:300-600,False,True,,2261,99.94996664442962
300,2026-10-07T04:36:02.810+00:00,2026-10-07T04:36:46.015+00:00,2026-10-07T04:38:06.403+00:00,True,1327,1327.0,,1327.0,43205.500519,123593.72400700001,123593.724021,93.13769707686511,24.252575,43205.500519,1184.6531221630723,125.51591079999999,60.62460293212669,25.10145423476405,10.736791132896379,0,14,1-100:1000-1500,False,True,,4718,99.94996664442962
301,2026-10-07T04:36:05.302+00:00,2026-10-07T04:36:49.510+00:00,2026-10-07T04:38:06.624+00:00,True,1272,1272.0,,1272.0,44208.011503,121321.104623,121321.104565,95.37822685927674,27.329331,44208.011503,1238.0907079506364,128.1070963,60.67119836349332,25.41868252133757,10.484573182486955,0,14,1-100:1000-1500,False,True,,5706,99.94996664442962
302,2026-10-07T04:36:10.573+00:00,2026-10-07T04:36:53.715+00:00,2026-10-07T04:37:23.778+00:00,True,504,504.0,,504.0,43142.497795,73205.08825900001,73205.088195,145.24819086309523,41.56099,43142.497795,1919.218253095969,124.7281753,59.76658143936381,24.874181580091864,6.884767329517386,0,14,100-300:300-600,False,True,,1117,99.94996664442962
303,2026-10-07T04:36:15.784+00:00,2026-10-07T04:37:00.528+00:00,2026-10-07T04:37:32.968+00:00,True,541,541.0,,541.0,44743.838058,77184.548458,77184.548326,142.67014478003696,39.626684000000004,44743.838058,1921.26366673216,125.096803,60.075389629629626,24.71357185430811,7.009174903632238,0,14,100-300:300-600,False,True,,2044,99.94996664442962
304,2026-10-07T04:36:18.981+00:00,2026-10-07T04:37:01.892+00:00,2026-10-07T04:37:19.682+00:00,True,304,304.0,,304.0,42911.644018,60701.158257999996,60701.158124,199.67486225,43.120301,42911.644018,2457.8990828549863,123.03950724999999,58.71126811881188,23.797725577950533,5.008141668531257,0,14,100-300:300-600,False,True,,1353,99.94996664442962
305,2026-10-07T04:36:23.256+00:00,2026-10-07T04:37:05.925+00:00,2026-10-07T04:37:32.698+00:00,True,453,453.0,,453.0,42669.349811,69441.841843,69441.84185,153.2932491169978,42.018497,42669.349811,2002.1406264032992,124.9049562,59.23117706194691,23.92290597052268,6.52344448213486,0,14,100-300:300-600,False,True,,1753,99.94996664442962
306,2026-10-07T04:36:27.158+00:00,2026-10-07T04:37:08.486+00:00,2026-10-07T04:37:45.024+00:00,True,599,599.0,,599.0,41327.329299000005,77865.985299,77865.98524600001,129.99329757262103,42.006094,41327.329299000005,1686.2917616091222,129.62446899999998,61.10143143812709,25.953455443047158,7.6927043008559055,0,14,100-300:300-600,False,True,,2633,99.94996664442962
307,2026-10-07T04:36:32.508+00:00,2026-10-07T04:37:16.547+00:00,2026-10-07T04:37:43.178+00:00,True,428,428.0,,428.0,44038.394383,70669.268751,70669.268716,165.1151138224299,40.473973,44038.394383,2125.8314778382564,130.28680135000002,62.367387278688525,26.91408940684221,6.056380765846593,0,14,100-300:300-600,False,True,,1813,99.94996664442962
308,2026-10-07T04:36:37.682+00:00,2026-10-07T04:37:21.037+00:00,2026-10-07T04:38:27.515+00:00,True,1086,1086.0,,1086.0,43355.756463,109833.236655,109833.236487,101.1355768756906,24.176693,43355.756463,1314.0154547902514,128.92423375,61.269566997235025,25.666587852948492,9.88771735291078,0,14,1-100:1000-1500,False,True,,5093,99.94996664442962
309,2026-10-07T04:36:42.507+00:00,2026-10-07T04:37:28.490+00:00,2026-10-07T04:38:00.017+00:00,True,505,505.0,,505.0,45983.748731,77510.187131,77510.18732,153.48551944554455,23.327462,45983.748731,2043.644887909257,132.1329468,62.55245714285714,27.03504142235235,6.515272620184742,0,14,100-300:300-600,False,True,,2348,99.94996664442962
310,2026-10-07T04:36:45.638+00:00,2026-10-07T04:37:31.737+00:00,2026-10-07T04:38:08.629+00:00,True,596,596.0,,596.0,46099.809121,82991.023457,82991.023518,139.24668375503356,26.812623,46099.809121,1885.9651334995647,131.7508725,62.002040900840335,26.299928524869653,7.181499578792452,0,14,100-300:300-600,False,True,,2764,99.94996664442962
311,2026-10-07T04:36:49.887+00:00,2026-10-07T04:37:35.807+00:00,2026-10-07T04:38:12.906+00:00,True,598,598.0,,598.0,45920.526903,83019.669815,83019.669969,138.82887954682275,27.283004000000002,45920.526903,1875.4770205883249,130.873656,62.14261794304858,26.593180006469392,7.203112242346612,0,14,100-300:300-600,False,True,,2828,99.94996664442962
312,2026-10-07T04:36:54.818+00:00,2026-10-07T04:37:39.904+00:00,2026-10-07T04:38:10.251+00:00,True,493,493.0,,493.0,45086.370164,75433.883764,75433.883909,153.0099065091278,20.566749,45086.370164,2027.9771458853243,129.43545459999999,61.68193821138211,26.065289985783053,6.535524560055582,0,14,100-300:300-600,False,True,,2000,99.94996664442962
313,2026-10-07T04:36:57.864+00:00,2026-10-07T04:37:43.023+00:00,2026-10-07T04:38:15.707+00:00,True,531,531.0,,531.0,45158.279527000006,77842.81891900001,77842.81890000001,146.5966457627119,24.695646,45158.279527000006,1957.196616281801,129.33275600000002,61.668942249056606,25.85113540700828,6.821438475301575,0,14,100-300:300-600,False,True,,2363,99.94996664442962
314,2026-10-07T04:37:02.963+00:00,2026-10-07T04:37:46.801+00:00,2026-10-07T04:38:49.937+00:00,True,1032,1032.0,,1032.0,43837.110648999995,106973.782393,106973.782563,103.6567660494186,25.155317999999998,43837.110648999995,1362.930359467848,129.0849801,61.23828491173617,25.95783714168167,9.647223617920147,0,14,1-100:1000-1500,False,True,,3439,99.94996664442962
315,2026-10-07T04:37:07.430+00:00,2026-10-07T04:37:56.559+00:00,2026-10-07T04:38:24.585+00:00,True,451,451.0,,451.0,49128.990273,77154.827329,77154.827267,171.07500502660756,40.578118,49128.990273,2310.61125225164,126.523307,62.27963790222223,26.364740637062763,5.845389272622786,0,14,100-300:300-600,False,True,,1693,99.94996664442962
316,2026-10-07T04:37:10.401+00:00,2026-10-07T04:37:59.042+00:00,2026-10-07T04:38:32.095+00:00,True,538,538.0,,538.0,48641.58803,81693.88883,81693.888786,151.84737692565056,42.564809999999994,48641.58803,2094.595026411209,128.01624304999999,61.549908379888265,25.98295049979081,6.585559920149538,0,14,100-300:300-600,False,True,,2337,99.94996664442962
317,2026-10-07T04:37:14.651+00:00,2026-10-07T04:38:05.535+00:00,2026-10-07T04:38:40.670+00:00,True,565,565.0,,565.0,50883.681553,86019.01697699999,86019.016886,152.2460475858407,28.558835,50883.681553,2138.2400687302043,128.7679016,62.2966940141844,26.854170402371945,6.568315005867497,0,14,100-300:300-600,False,True,,3533,99.94996664442962
318,2026-10-07T04:37:17.807+00:00,2026-10-07T04:38:08.736+00:00,2026-10-07T04:38:39.104+00:00,True,489,489.0,,489.0,50928.960027999994,81296.828188,81296.82813299999,166.25118227607362,41.824853000000004,50928.960027999994,2300.432705649697,130.4533038,62.22923803278688,27.12750559634528,6.0149948146707635,0,14,100-300:300-600,False,True,,2490,99.94996664442962
319,2026-10-07T04:37:22.182+00:00,2026-10-07T04:38:12.754+00:00,2026-10-07T04:39:43.733+00:00,True,1495,1495.0,,1495.0,50572.06564,141550.96944800002,141550.969447,94.68292270702341,30.675171,50572.06564,1306.6213274663519,125.52230309999999,60.89618728781794,25.538441696560557,10.56156666273629,0,14,1-100:1000-1500,False,True,,4969,99.94996664442962
320,2026-10-07T04:37:25.072+00:00,2026-10-07T04:38:14.566+00:00,2026-10-07T04:39:25.912+00:00,True,1169,1169.0,,1169.0,49493.874560000004,120839.902848,120839.90285,103.37031894781865,24.482597000000002,49493.874560000004,1446.02846398706,127.5599512,61.08392832876712,25.779714372106792,9.673956801094432,0,14,1-100:1000-1500,False,True,,4384,99.94996664442962
321,2026-10-07T04:37:28.771+00:00,2026-10-07T04:38:17.083+00:00,2026-10-07T04:38:52.502+00:00,True,578,578.0,,578.0,48312.124101,83730.729669,83730.729667,144.8628540951557,28.777404999999998,48312.124101,2007.1446180384307,130.62240015,61.38406510918544,26.784602923557184,6.903080891387424,0,14,100-300:300-600,False,True,,2606,99.94996664442962
322,2026-10-07T04:37:33.998+00:00,2026-10-07T04:38:23.701+00:00,2026-10-07T04:38:48.618+00:00,True,402,402.0,,402.0,49703.647011,74620.761635,74620.761739,185.623785420398,27.766941,49703.647011,2476.0430488235916,131.13622455000004,62.13744295261846,27.2505611068174,5.38724064445151,0,14,100-300:300-600,False,True,,1053,99.94996664442962
323,2026-10-07T04:37:37.052+00:00,2026-10-07T04:38:27.940+00:00,2026-10-07T04:38:51.113+00:00,True,371,371.0,,371.0,50887.957199000004,74061.620943,74061.621079,199.62701099460918,25.670843,50887.957199000004,2638.8615082072783,130.2945035,62.63152363243243,27.419861824642087,5.009342156925413,0,14,100-300:300-600,False,True,,1915,99.94996664442962
324,2026-10-07T04:37:40.743+00:00,2026-10-07T04:38:31.817+00:00,2026-10-07T04:39:37.482+00:00,True,1073,1073.0,,1073.0,51073.651958999995,116738.602231,116738.60205999999,108.79646044734389,24.058573,51073.651958999995,1557.5288033343966,125.5681906,61.25461779104478,25.946581008641676,9.191475480208073,0,14,1-100:1000-1500,False,True,,3631,99.94996664442962
325,2026-10-07T04:37:44.221+00:00,2026-10-07T04:38:34.716+00:00,2026-10-07T04:40:05.079+00:00,True,1493,1493.0,,1493.0,50494.347095,140857.851735,140857.851925,94.34551368050904,27.332126,50494.347095,1305.4871337371133,125.4589658,60.56535163538874,25.2144550380288,10.599338138486058,0,14,1-100:1000-1500,False,True,,1493,99.94996664442962
326,2026-10-07T04:37:47.166+00:00,2026-10-07T04:38:38.395+00:00,2026-10-07T04:39:12.735+00:00,True,561,561.0,,561.0,51229.503546,85569.55039399999,85569.55039,152.5303928520499,29.851127,51229.503546,2160.4797310968743,126.949034,61.32151222857143,26.10129792641708,6.556070441143004,0,14,100-300:300-600,False,True,,2515,99.94996664442962
327,2026-10-07T04:37:52.356+00:00,2026-10-07T04:38:42.071+00:00,2026-10-07T04:39:13.601+00:00,True,517,517.0,,517.0,49714.518247,81245.015271,81245.015269,157.14703146808512,40.199859,49714.518247,2183.918564266762,129.2426988,61.105614387596894,26.78756639279913,6.363467325047578,0,14,100-300:300-600,False,True,,2761,99.94996664442962
328,2026-10-07T04:37:55.251+00:00,2026-10-07T04:38:45.785+00:00,2026-10-07T04:40:09.229+00:00,True,1381,1381.0,,1381.0,50534.643396,133978.201796,133978.201939,97.01535259884142,38.908669,50534.643396,1358.456946895678,124.23109100000002,60.46634666666667,24.994756122611342,10.307646926794554,0,14,1-100:1000-1500,False,True,,4141,99.94996664442962
329,2026-10-07T04:37:58.428+00:00,2026-10-07T04:38:49.883+00:00,2026-10-07T04:39:23.731+00:00,True,555,555.0,,555.0,51454.279409999996,85302.760434,85302.760448,153.69866747387385,39.390853,51454.279409999996,2181.6682706393394,124.0619359,61.09834119855596,25.539907624901222,6.506237279735064,0,14,100-300:300-600,False,True,,2693,99.94996664442962
330,2026-10-07T04:38:01.357+00:00,2026-10-07T04:38:52.679+00:00,2026-10-07T04:39:11.221+00:00,True,310,310.0,,310.0,51321.924456,69864.618344,69864.61838100001,225.36973671290323,42.714331,51321.924456,2911.5852341860336,124.2324673,60.008718084142394,24.656564852549543,4.437152987419459,0,14,100-300:300-600,False,True,,1493,99.94996664442962
331,2026-10-07T04:38:05.138+00:00,2026-10-07T04:38:57.470+00:00,2026-10-07T04:40:26.349+00:00,True,1475,1475.0,,1475.0,52331.932033,141210.755969,141210.756054,95.73610579932203,0.011401999999999999,52331.932033,1363.6741115922991,125.2087492,60.29770959023067,84.78841813061392,10.445379956211033,0,14,1-100:1000-1500,False,True,,5774,99.94996664442962
332,2026-10-07T04:38:08.398+00:00,2026-10-07T04:39:00.093+00:00,2026-10-07T04:39:20.978+00:00,True,342,342.0,,342.0,51694.206013999996,72579.403326,72579.40332299999,212.22047755263156,41.512368,51694.206013999996,2792.1056885060425,124.94881625000002,61.24691293841642,25.380655011118098,4.712080622430329,0,14,100-300:300-600,False,True,,1572,99.94996664442962
333,2026-10-07T04:38:13.022+00:00,2026-10-07T04:39:02.716+00:00,2026-10-07T04:39:29.817+00:00,True,452,452.0,,452.0,49693.507212,76794.736268,76794.73628299999,169.89985903318583,41.85475,49693.507212,2334.689993495201,123.86157485,60.091416975609754,24.711507495925883,5.885820070044908,0,14,100-300:300-600,False,True,,1845,99.94996664442962
334,2026-10-07T04:38:16.241+00:00,2026-10-07T04:39:06.922+00:00,2026-10-07T04:39:26.900+00:00,True,329,329.0,,329.0,50681.529489,70659.478929,70659.479008,214.7704529118541,39.787036,50681.529489,2790.9195200405775,124.193805,60.908382439024386,25.301368371628417,4.656133967964659,0,14,100-300:300-600,False,True,,1275,99.94996664442962
335,2026-10-07T04:38:21.360+00:00,2026-10-07T04:39:12.939+00:00,2026-10-07T04:39:44.241+00:00,True,523,523.0,,523.0,51578.810990000005,82881.091694,82881.09182700001,158.4724509120459,41.398725,51578.810990000005,2252.8902061522012,122.1236686,59.966054988505746,24.07629400822542,6.31024506688371,0,14,100-300:300-600,False,True,,2460,99.94996664442962
336,2026-10-07T04:38:26.342+00:00,2026-10-07T04:39:16.950+00:00,2026-10-07T04:40:25.524+00:00,True,1142,1142.0,,1142.0,50607.66486,119181.75766,119181.75768899999,104.36230971015762,0.011542,50607.66486,1498.8627762531244,124.54429699999999,60.09999368974584,96.15318527896505,9.58200334029207,0,14,1-100:1000-1500,False,True,,4626,99.94996664442962
337,2026-10-07T04:38:31.002+00:00,2026-10-07T04:39:20.350+00:00,2026-10-07T04:39:53.463+00:00,True,550,550.0,,550.0,49348.036532,82460.28638800001,82460.286344,149.92779335272726,40.073563,49348.036532,2101.7793414967236,122.42091424999998,60.313752014571946,24.606351612357162,6.6698773930045245,0,14,100-300:300-600,False,True,,2729,99.94996664442962
338,2026-10-07T04:38:34.569+00:00,2026-10-07T04:39:23.869+00:00,2026-10-07T04:39:50.699+00:00,True,447,447.0,,447.0,49299.875363,76129.632291,76129.632289,170.3123764854586,41.242612,49299.875363,2329.0891969212153,124.55540200000002,60.15640566816144,24.674034325068153,5.8715638910664225,0,14,100-300:300-600,False,True,,1887,99.94996664442962
339,2026-10-07T04:38:39.116+00:00,2026-10-07T04:39:28.858+00:00,2026-10-07T04:39:47.698+00:00,True,314,314.0,,314.0,49742.351525,68582.246053,68582.246286,218.41479708917197,42.957564,49742.351525,2803.8287916947343,112.7137074,60.19135631948882,23.98837568514777,4.5784443944478355,0,14,100-300:300-600,False,True,,1409,99.94996664442962
340,2026-10-07T04:38:42.355+00:00,2026-10-07T04:39:31.414+00:00,2026-10-07T04:39:58.179+00:00,True,451,451.0,,451.0,49059.770947,75824.051779,75824.051746,168.12428325055433,42.430428,49059.770947,2307.4526742768912,120.5135205,59.476179626666664,23.45120322864026,5.947980745140127,0,14,100-300:300-600,False,True,,2735,99.94996664442962
341,2026-10-07T04:38:46.086+00:00,2026-10-07T04:39:34.408+00:00,2026-10-07T04:39:52.681+00:00,True,307,307.0,,307.0,48322.614405,66595.392389,66595.392477,216.92310253094462,41.951559,48322.614405,2754.6101580753266,120.59379229999999,59.71496073202614,23.626715805771,4.609928539901647,0,14,100-300:300-600,False,True,,1431,99.94996664442962
342,2026-10-07T04:38:49.708+00:00,2026-10-07T04:39:37.678+00:00,2026-10-07T04:39:59.188+00:00,True,365,365.0,,365.0,47969.941949,69480.419517,69480.419561,190.3573138657534,38.982,47969.941949,2507.8806915577175,124.47898959999999,59.0947185934066,23.76914150910783,5.253278586072645,0,14,100-300:300-600,False,True,,1866,99.94996664442962
343,2026-10-07T04:38:53.549+00:00,2026-10-07T04:39:43.569+00:00,2026-10-07T04:40:51.028+00:00,True,1101,1101.0,,1101.0,50020.015389,117478.798109,117478.798067,106.70190560127158,0.011241,50020.015389,1508.906097921731,126.754419,61.326166109090906,99.46927580329098,9.371903847522022,0,14,1-100:1000-1500,False,True,,1101,99.94996664442962
344,2026-10-07T04:38:56.452+00:00,2026-10-07T04:39:45.942+00:00,2026-10-07T04:41:16.107+00:00,True,1474,1474.0,,1474.0,49490.602078,139655.429982,139655.43,94.74588195386703,0.013595000000000001,49490.602078,1290.2141015201921,129.32477350000002,61.21169579361846,84.15971612762061,10.554548435316706,0,14,1-100:1000-1500,False,True,,4741,99.94996664442962
345,2026-10-07T04:38:59.486+00:00,2026-10-07T04:39:48.626+00:00,2026-10-07T04:40:17.207+00:00,True,477,477.0,,477.0,49140.659255000006,77720.70251900001,77720.70244400001,162.93648311111113,41.118262,49140.659255000006,2247.3828017445944,127.51961500000002,60.042107697479,24.724237149359904,6.137360890213133,0,14,100-300:300-600,False,True,,2311,99.94996664442962
346,2026-10-07T04:39:03.773+00:00,2026-10-07T04:39:52.492+00:00,2026-10-07T04:40:18.815+00:00,True,439,439.0,,439.0,48719.160299999996,75041.237484,75041.23738199999,170.93675941230066,43.233677,48719.160299999996,2322.4971342117883,127.33681899999999,60.09606663013699,24.28751790942584,5.850116745390851,0,14,100-300:300-600,False,True,,2298,99.94996664442962
347,2026-10-07T04:39:07.950+00:00,2026-10-07T04:39:57.925+00:00,2026-10-07T04:40:16.624+00:00,True,310,310.0,,310.0,49975.207809,68673.763457,68673.763459,221.52826922258063,41.178375,49975.207809,2835.0738947999293,129.78233255,60.51312507443365,24.984992555979115,4.514096568977266,0,14,100-300:300-600,False,True,,1456,99.94996664442962
348,2026-10-07T04:39:11.937+00:00,2026-10-07T04:40:03.997+00:00,2026-10-07T04:41:08.904+00:00,True,1051,1051.0,,1051.0,52060.018826,116966.954122,116966.954028,111.2911075432921,0.011141,52060.018826,1606.966684564951,131.115823,61.81612885333333,98.69765647250436,8.985443862236302,0,14,1-100:1000-1500,False,True,,1051,99.94996664442962
349,2026-10-07T04:39:14.914+00:00,2026-10-07T04:40:07.656+00:00,2026-10-07T04:40:42.339+00:00,True,569,569.0,,569.0,52741.713655,87424.651511,87424.65152099999,153.64613624077327,0.011472,52741.713655,2212.598790323433,126.3005764,61.06151030985916,134.93328046806758,6.508461745808696,0,14,100-300:300-600,False,True,,2490,99.94996664442962
350,2026-10-07T04:39:17.809+00:00,2026-10-07T04:40:09.386+00:00,2026-10-07T04:40:36.417+00:00,True,444,444.0,,444.0,51577.330556,78607.865212,78607.865377,177.0447418400901,0.011351000000000002,51577.330556,2449.4293007541187,127.40511375,61.01700825282167,149.7780126449234,5.648289758315692,0,14,100-300:300-600,False,True,,2101,99.94996664442962
351,2026-10-07T04:39:21.686+00:00,2026-10-07T04:40:13.677+00:00,2026-10-07T04:41:19.220+00:00,True,1060,1060.0,,1060.0,51991.347068,117534.5527,117534.552511,110.88165331226415,0.011401,51991.347068,1598.0625419712433,129.47076445000002,61.89160116336166,98.92618511034823,9.018624529125383,0,14,1-100:1000-1500,False,True,,1060,99.94996664442962
352,2026-10-07T04:39:25.257+00:00,2026-10-07T04:40:17.356+00:00,2026-10-07T04:41:37.569+00:00,True,1294,1294.0,,1294.0,52098.563637,132312.081717,132312.081692,102.25044953013911,0.011000999999999999,52098.563637,1449.3642089255936,129.47832979999998,62.03675025522042,89.89781134119747,9.77990810217705,0,14,1-100:1000-1500,False,True,,1294,99.94996664442962
353,2026-10-07T04:39:28.514+00:00,2026-10-07T04:40:20.585+00:00,2026-10-07T04:40:54.324+00:00,True,543,543.0,,543.0,52070.565968999996,85809.17537699999,85809.175491,158.02794749723756,0.01103,52070.565968999996,2236.1840660247963,132.03348140000003,62.24835684132841,138.63360526867575,6.327994618458296,0,14,100-300:300-600,False,True,,2741,99.94996664442962
354,2026-10-07T04:39:32.664+00:00,2026-10-07T04:40:27.043+00:00,2026-10-07T04:40:57.505+00:00,True,487,487.0,,487.0,54378.889595,84841.725563,84841.7255,174.2129887063655,33.42706,54378.889595,2461.4546451786096,131.9212095,62.680732444444445,27.407721961851024,5.7401001307826265,0,14,100-300:300-600,False,True,,2527,99.94996664442962
355,2026-10-07T04:39:37.892+00:00,2026-10-07T04:40:31.363+00:00,2026-10-07T04:40:55.026+00:00,True,382,382.0,,382.0,53471.298947999996,77134.573188,77134.573336,201.92296684816753,29.841521,53471.298947999996,2732.7857476288,131.72653065000003,62.10833133858268,27.080786156520556,4.952383661590399,0,14,100-300:300-600,False,True,,1826,99.94996664442962
356,2026-10-07T04:39:42.629+00:00,2026-10-07T04:40:37.492+00:00,2026-10-07T04:41:59.809+00:00,True,1345,1345.0,,1345.0,54863.475235,137180.272419,137180.272336,101.99276753605947,27.965474999999998,54863.475235,1494.5195002828445,127.2352688,61.24761695238095,25.768403965737935,9.804616773845337,0,14,1-100:1000-1500,False,True,,1653,99.94996664442962
357,2026-10-07T04:39:47.758+00:00,2026-10-07T04:40:43.927+00:00,2026-10-07T04:41:12.022+00:00,True,454,454.0,,454.0,56168.197513,84263.512969,84263.51272099999,185.60245092731276,29.595049,56168.197513,2633.3272838267126,130.6714751,62.020563920529796,26.587465044888106,5.387859869633297,0,14,100-300:300-600,False,True,,2065,99.94996664442962
358,2026-10-07T04:39:51.284+00:00,2026-10-07T04:40:47.452+00:00,2026-10-07T04:41:23.688+00:00,True,586,586.0,,586.0,56168.305754,92404.38332200001,92404.38332000001,157.6866609556314,43.105387,56168.305754,2317.8804604363722,130.11441125000002,61.942012936752135,26.209822591453126,6.3416905013907785,0,14,100-300:300-600,False,True,,2372,99.94996664442962
359,2026-10-07T04:39:55.585+00:00,2026-10-07T04:40:52.451+00:00,2026-10-07T04:41:18.078+00:00,True,418,418.0,,418.0,56866.019906,82493.691714,82493.69157,197.35332911483255,43.276608,56866.019906,2778.522008564683,129.626912,61.45724654196643,25.85726369261366,5.067054114260973,0,14,100-300:300-600,False,True,,2531,99.94996664442962
360,2026-10-07T04:40:00.663+00:00,2026-10-07T04:40:57.454+00:00,2026-10-07T04:41:21.213+00:00,True,385,385.0,,385.0,56791.002744000005,80550.372472,80550.372445,209.22174661038963,42.344173000000005,56791.002744000005,2891.309277667081,131.4431562,61.87335866666666,26.93436014116139,4.779617873695485,0,14,100-300:300-600,False,True,,1446,99.94996664442962
361,2026-10-07T04:40:03.635+00:00,2026-10-07T04:41:00.740+00:00,2026-10-07T04:41:35.296+00:00,True,556,556.0,,556.0,57105.432952,91661.444984,91661.444968,164.85871397122304,43.452531,57105.432952,2419.310243196742,127.76211675,62.26308474234234,26.141479824568744,6.065800076543118,0,14,100-300:300-600,False,True,,1934,99.94996664442962
362,2026-10-07T04:40:08.461+00:00,2026-10-07T04:41:05.346+00:00,2026-10-07T04:41:41.077+00:00,True,578,578.0,,578.0,56884.64538,92615.101444,92615.101461,160.2337395519031,42.980073,56884.64538,2363.6545758112015,126.45713125,61.92453390641248,25.837245475825252,6.24088286886442,0,14,100-300:300-600,False,True,,2582,99.94996664442962
377,2026-10-07T04:41:10.502+00:00,2026-10-07T04:41:10.505+00:00,2026-10-07T04:41:10.505+00:00,False,1,0.0,,0.0,3.1737089999999997,3.1737089999999997,3.1737089999999997,3.1737089999999997,3.1737089999999997,3.1737089999999997,nan,3.1737089999999997,nan,nan,0.0,0,14,1-100:1000-1500,False,False,'choices',0,99.94996664442962
363,2026-10-07T04:40:12.711+00:00,2026-10-07T04:41:11.309+00:00,2026-10-07T04:42:34.780+00:00,True,1378,1378.0,,1378.0,58598.007609,142068.624441,142068.62446300001,103.09769554644413,42.121773000000005,58598.007609,1577.1156999055709,126.11507955,60.61773190413944,25.06380707190682,9.699537849557153,0,14,1-100:1000-1500,False,True,,4579,99.94996664442962
364,2026-10-07T04:40:15.647+00:00,2026-10-07T04:41:12.989+00:00,2026-10-07T04:42:27.504+00:00,True,1240,1240.0,,1240.0,57341.665329999996,131856.805426,131856.805383,106.3361333733871,42.402392,57341.665329999996,1626.873071825229,124.60369565,60.14135600968523,24.682678294158414,9.404141075569335,0,14,1-100:1000-1500,False,True,,2170,99.94996664442962
365,2026-10-07T04:40:20.961+00:00,2026-10-07T04:41:20.812+00:00,2026-10-07T04:42:22.392+00:00,True,1028,1028.0,,1028.0,59851.524149,121431.036213,121431.036139,118.12357601070039,37.395506000000005,59851.524149,1865.0117596692505,124.8350564,59.96057649853943,24.75425736689617,8.465710514046867,0,14,1-100:1000-1500,False,True,,1028,99.94996664442962
366,2026-10-07T04:40:24.572+00:00,2026-10-07T04:41:23.438+00:00,2026-10-07T04:41:47.919+00:00,True,410,410.0,,410.0,58865.789788,83346.53526,83346.535317,203.28423248048782,40.467475,58865.789788,2904.3189685211146,121.0626409,59.85512340342298,24.23422098840564,4.919220681711634,0,14,100-300:300-600,False,True,,1973,99.94996664442962
367,2026-10-07T04:40:27.690+00:00,2026-10-07T04:41:26.589+00:00,2026-10-07T04:41:52.521+00:00,True,441,441.0,,441.0,58898.305763,84830.281955,84830.282043,192.35891619727892,40.967558,58898.305763,2801.9761724534033,123.40625700000001,58.936309527272726,23.869026118341356,5.19861528025968,0,14,100-300:300-600,False,True,,2163,99.94996664442962
368,2026-10-07T04:40:30.618+00:00,2026-10-07T04:41:29.029+00:00,2026-10-07T04:41:59.807+00:00,True,522,522.0,,522.0,58411.490883,89189.229123,89189.229079,170.860592105364,39.938023,58411.490883,2554.125106890515,122.11365455,59.074353627639155,23.64274838294699,5.852724652212375,0,14,100-300:300-600,False,True,,2487,99.94996664442962
369,2026-10-07T04:40:35.778+00:00,2026-10-07T04:41:32.723+00:00,2026-10-07T04:42:46.931+00:00,True,1243,1243.0,,1243.0,56945.178480999995,131153.066353,131153.066264,105.5133276460177,40.549069,56945.178480999995,1613.6699510621509,124.67193470000001,59.74870199033816,24.30603863429975,9.477475705024318,0,14,1-100:1000-1500,False,True,,3846,99.94996664442962
370,2026-10-07T04:40:41.076+00:00,2026-10-07T04:41:37.712+00:00,2026-10-07T04:42:39.107+00:00,True,1028,1028.0,,1028.0,56635.767081,118030.81322499999,118030.813135,114.81596608463035,41.480993000000005,56635.767081,1764.7268967036582,126.55877345,59.780960218111,24.53310307629354,8.709590080010228,0,14,1-100:1000-1500,False,True,,4821,99.94996664442962
371,2026-10-07T04:40:44.559+00:00,2026-10-07T04:41:40.885+00:00,2026-10-07T04:42:00.823+00:00,True,342,342.0,,342.0,56325.95307,76263.667246,76263.667107,222.9931786754386,43.026877,56325.95307,3042.689326328508,124.5598372,58.468370017595305,23.723619835200587,4.48444209871035,0,14,100-300:300-600,False,True,,1378,99.94996664442962
372,2026-10-07T04:40:49.047+00:00,2026-10-07T04:41:47.475+00:00,2026-10-07T04:42:10.169+00:00,True,383,383.0,,383.0,58427.213406,81121.485406,81121.48521,211.80544441253264,42.241189,58427.213406,2982.5537857269132,122.26943500000002,59.40908900523561,24.247530097167818,4.721313941468731,0,14,100-300:300-600,False,True,,1836,99.94996664442962
373,2026-10-07T04:40:53.289+00:00,2026-10-07T04:41:52.692+00:00,2026-10-07T04:42:24.361+00:00,True,527,527.0,,527.0,59403.52669,91072.479778,91072.47977,172.81305459203037,43.064677,59403.52669,2585.153436295833,125.9676559,60.20713514828897,24.706023630813814,5.7865998739094975,0,14,100-300:300-600,False,True,,2434,99.94996664442962
374,2026-10-07T04:40:56.849+00:00,2026-10-07T04:41:56.056+00:00,2026-10-07T04:43:18.242+00:00,True,1347,1347.0,,1347.0,59207.528174,141393.630958,141393.63107,104.96928809948032,21.703651999999998,59207.528174,1611.7563028750697,128.1772688,61.05951172659732,25.50795900581472,9.526596006294776,0,14,1-100:1000-1500,False,True,,6093,99.94996664442962
375,2026-10-07T04:41:01.692+00:00,2026-10-07T04:42:00.324+00:00,2026-10-07T04:42:36.328+00:00,True,597,597.0,,597.0,58631.902956,94636.57777199999,94636.57784099999,158.52023088944722,41.959438999999996,58631.902956,2397.302689043084,128.10416399999997,60.4105282147651,25.09060834750965,6.30834307468622,0,14,100-300:300-600,False,True,,2741,99.94996664442962
376,2026-10-07T04:41:05.468+00:00,2026-10-07T04:42:05.097+00:00,2026-10-07T04:43:15.227+00:00,True,1151,1151.0,,1151.0,59628.682651,129758.73167500002,129758.731736,112.73564877150304,23.376116999999997,59628.682651,1755.9786124238096,128.8937345,60.98265132521739,25.58189867282496,8.87030865007875,0,14,1-100:1000-1500,False,True,,5035,99.94996664442962
378,2026-10-07T04:41:14.998+00:00,2026-10-07T04:42:16.092+00:00,2026-10-07T04:42:39.781+00:00,True,394,394.0,,394.0,61093.672607,84783.092383,84783.092307,215.18551346954314,43.365194,61093.672607,3074.918712906281,129.97783835,60.27842182188295,24.92133024119116,4.647152975031159,0,14,100-300:300-600,False,True,,1540,99.94996664442962
379,2026-10-07T04:41:19.831+00:00,2026-10-07T04:42:21.476+00:00,2026-10-07T04:43:37.428+00:00,True,1221,1221.0,,1221.0,61645.881417000004,137597.918281,137597.918331,112.6928078058968,25.487233,61645.881417000004,1762.612056598589,130.071799,62.255767921311474,26.57179464127095,8.873680759519166,0,14,1-100:1000-1500,False,True,,1231,99.94996664442962
380,2026-10-07T04:41:24.360+00:00,2026-10-07T04:42:25.829+00:00,2026-10-07T04:43:00.480+00:00,True,562,562.0,,562.0,61468.792583999995,96120.382728,96120.382709,171.0327094466192,23.072547999999998,61468.792583999995,2590.4320351593774,130.51367215,61.767540363636364,26.27513500197322,5.846834813281373,0,14,100-300:300-600,False,True,,2219,99.94996664442962
381,2026-10-07T04:41:27.831+00:00,2026-10-07T04:42:29.278+00:00,2026-10-07T04:42:48.732+00:00,True,320,320.0,,320.0,61447.746741999996,80901.23384599999,80901.233723,252.816355384375,45.083554,61447.746741999996,3431.7152094172293,129.5441529,60.98271819435737,24.999911490915903,3.9554402916664766,0,14,100-300:300-600,False,True,,925,99.94996664442962
382,2026-10-07T04:41:30.922+00:00,2026-10-07T04:42:31.726+00:00,2026-10-07T04:43:06.578+00:00,True,570,570.0,,570.0,60804.090713,95656.045913,95656.045837,167.8176242754386,18.857008,60804.090713,2544.369810360086,129.01903085,61.25123936731107,25.96337476348744,5.95884969485797,0,14,100-300:300-600,False,True,,1864,99.94996664442962
383,2026-10-07T04:41:35.404+00:00,2026-10-07T04:42:36.974+00:00,2026-10-07T04:43:04.840+00:00,True,455,455.0,,455.0,61569.709311,89435.655935,89435.655809,196.5618808989011,25.077686,61569.709311,2883.6740306658976,128.9598508,61.37873705726872,26.22810640969056,5.087456398046487,0,14,100-300:300-600,False,True,,2054,99.94996664442962
384,2026-10-07T04:41:39.984+00:00,2026-10-07T04:42:41.655+00:00,2026-10-07T04:43:17.959+00:00,True,590,590.0,,590.0,61670.287358999994,97974.627327,97974.627448,166.0586905898305,20.294592,61670.287358999994,2536.5223528447204,127.951101,61.637249521222415,26.130284567202036,6.021967279659219,0,14,100-300:300-600,False,True,,3148,99.94996664442962
385,2026-10-07T04:41:43.748+00:00,2026-10-07T04:42:46.576+00:00,2026-10-07T04:43:09.195+00:00,True,368,368.0,,368.0,62827.967424,85447.62336,85447.623303,232.19462854076087,20.418935,62827.967424,3272.028920638489,128.95015475,61.63393988010899,26.572693235240962,4.306731837930431,0,14,100-300:300-600,False,True,,1876,99.94996664442962
386,2026-10-07T04:41:46.817+00:00,2026-10-07T04:42:49.358+00:00,2026-10-07T04:44:07.781+00:00,True,1273,1273.0,,1273.0,62540.433806,140963.19066999998,140963.190554,110.73306406441476,20.37335,62540.433806,1751.3306844973208,127.93398920000001,61.65311074213837,26.53439828369322,9.030726347420298,0,14,1-100:1000-1500,False,True,,1273,99.94996664442962
387,2026-10-07T04:41:51.596+00:00,2026-10-07T04:42:54.768+00:00,2026-10-07T04:43:28.803+00:00,True,550,550.0,,550.0,63171.754675,97207.319731,97207.319783,176.74058142363637,40.088093,63171.754675,2691.138133078786,130.4045222,61.995564765027325,26.36974965855776,5.658010132590887,0,14,100-300:300-600,False,True,,2626,99.94996664442962
388,2026-10-07T04:41:56.864+00:00,2026-10-07T04:42:59.579+00:00,2026-10-07T04:43:27.643+00:00,True,458,458.0,,458.0,62715.721793,90779.166273,90779.166271,198.20778661790393,42.930679,62715.721793,2927.7584251161657,129.41057425,61.40797479212254,25.933121270053245,5.045210468475306,0,14,100-300:300-600,False,True,,2102,99.94996664442962
389,2026-10-07T04:42:01.938+00:00,2026-10-07T04:43:04.345+00:00,2026-10-07T04:43:32.590+00:00,True,453,453.0,,453.0,62407.880461,90652.260365,90652.260148,200.1153645651214,42.720279000000005,62407.880461,2929.3611078196673,130.70333760000003,62.48756615929204,26.435790766607983,4.99711753657385,0,14,100-300:300-600,False,True,,2640,99.94996664442962
390,2026-10-07T04:42:06.782+00:00,2026-10-07T04:43:11.710+00:00,2026-10-07T04:43:41.939+00:00,True,473,473.0,,473.0,64928.207846,95157.27767,95157.277539,201.178176615222,39.762095,64928.207846,2982.5874117281746,131.674086,64.04463945762711,27.877625808205654,4.970718074137608,0,14,100-300:300-600,False,True,,1880,99.94996664442962
391,2026-10-07T04:42:11.581+00:00,2026-10-07T04:43:15.670+00:00,2026-10-07T04:43:37.381+00:00,True,337,337.0,,337.0,64088.684154,85800.50316200001,85800.503364,254.600900189911,43.069784,64088.684154,3487.7256829260627,131.56706039999997,64.61850895238095,28.066601021702184,3.9277158942029744,0,14,100-300:300-600,False,True,,1798,99.94996664442962
392,2026-10-07T04:42:16.757+00:00,2026-10-07T04:43:20.823+00:00,2026-10-07T04:44:49.108+00:00,True,1444,1444.0,,1444.0,64065.481064,152351.157864,152351.157884,105.50634202493075,39.671818,64065.481064,1684.5229905735503,127.35963434999998,61.18203520443521,25.92266011881693,9.478103220515212,0,14,1-100:1000-1500,False,True,,7890,99.94996664442962
393,2026-10-07T04:42:21.908+00:00,2026-10-07T04:43:27.894+00:00,2026-10-07T04:44:39.754+00:00,True,1173,1173.0,,1173.0,65985.80723399999,137845.814402,137845.814606,117.51561347485081,37.505216,65985.80723399999,1925.0298614496803,126.44244520000001,61.313999290102394,26.031199435320257,8.509507561681763,0,14,1-100:1000-1500,False,True,,4683,99.94996664442962
394,2026-10-07T04:42:25.855+00:00,2026-10-07T04:43:30.889+00:00,2026-10-07T04:43:54.691+00:00,True,387,387.0,,387.0,65034.492366,88836.247502,88836.24741899999,229.55102692248062,41.765201,65034.492366,3302.8619566784923,126.4726484,61.662578072538864,26.670638895787917,4.35632988652844,0,14,100-300:300-600,False,True,,1592,99.94996664442962
395,2026-10-07T04:42:30.073+00:00,2026-10-07T04:43:34.429+00:00,2026-10-07T04:44:07.827+00:00,True,555,555.0,,555.0,64356.080747,97753.804651,97753.80462,176.1329812972973,40.929553,64356.080747,2729.3193414392103,124.9985061,60.28470018772563,25.054786842897784,5.677528378373173,0,14,100-300:300-600,False,True,,2752,99.94996664442962
396,2026-10-07T04:42:33.207+00:00,2026-10-07T04:43:36.558+00:00,2026-10-07T04:44:01.887+00:00,True,421,421.0,,421.0,63351.619348,88679.690516,88679.690466,210.6405949311164,39.662811000000005,63351.619348,3084.7351133257735,126.02431299999998,60.304931352380954,25.505080555287353,4.7474229730655315,0,14,100-300:300-600,False,True,,1896,99.94996664442962
397,2026-10-07T04:42:38.096+00:00,2026-10-07T04:43:41.173+00:00,2026-10-07T04:44:08.475+00:00,True,452,452.0,,452.0,63077.164822,90379.03439,90379.034628,199.95361643362833,40.156254999999994,63077.164822,2964.1635351003515,126.10928115,60.53629615964523,25.641221985132557,5.001159871320905,0,14,100-300:300-600,False,True,,2204,99.94996664442962
398,2026-10-07T04:42:42.567+00:00,2026-10-07T04:43:45.149+00:00,2026-10-07T04:44:19.701+00:00,True,577,577.0,,577.0,62581.898769,97133.654545,97133.654452,168.3425553760832,38.62817,62581.898769,2602.941097601991,125.4312414,59.98568711111111,24.994658528975638,5.94026861959248,0,14,100-300:300-600,False,True,,2766,99.94996664442962
399,2026-10-07T04:42:45.836+00:00,2026-10-07T04:43:49.421+00:00,2026-10-07T04:44:24.786+00:00,True,593,593.0,,593.0,63584.122601,98949.48221700001,98949.482191,166.86253320573357,36.611547,63584.122601,2608.75049946906,125.1298862,59.73878313513514,24.697779751607676,5.992957079851395,0,14,100-300:300-600,False,True,,2603,99.94996664442962
400,2026-10-07T04:42:49.218+00:00,2026-10-07T04:43:53.217+00:00,2026-10-07T04:44:11.820+00:00,True,305,305.0,,305.0,63999.267865999995,82602.510874,82602.51095,270.82790475409837,41.416316,63999.267865999995,3661.1726848636667,123.53321799999999,61.194878315789474,25.609693927048816,3.692381705747905,0,14,100-300:300-600,False,True,,1354,99.94996664442962
401,2026-10-07T04:42:52.458+00:00,2026-10-07T04:43:55.631+00:00,2026-10-07T04:44:27.222+00:00,True,533,533.0,,533.0,63173.264551,94764.091559,94764.091595,177.79379286116324,40.825258000000005,63173.264551,2733.8729291194127,124.13111799999999,59.3812537744361,24.230715566046463,5.624493320533284,0,14,100-300:300-600,False,True,,2340,99.94996664442962
402,2026-10-07T04:42:57.724+00:00,2026-10-07T04:44:02.062+00:00,2026-10-07T04:44:38.144+00:00,True,600,600.0,,600.0,64338.222679,100419.784279,100419.784258,167.36630709666667,38.750686,64338.222679,2624.2567486096327,125.62308430000002,60.236329883138566,25.006218406092206,5.974918232576539,0,14,100-300:300-600,False,True,,1199,99.94996664442962
403,2026-10-07T04:43:01.913+00:00,2026-10-07T04:44:05.328+00:00,2026-10-07T04:44:23.171+00:00,True,300,300.0,,300.0,63414.67385100001,81257.28581900001,81257.28570000001,270.857619,41.44551,63414.67385100001,3657.8821531868334,122.46746555000001,59.67428751839465,24.164018675577626,3.6919766267882452,0,14,100-300:300-600,False,True,,1408,99.94996664442962
404,2026-10-07T04:43:05.275+00:00,2026-10-07T04:44:09.085+00:00,2026-10-07T04:44:38.148+00:00,True,487,487.0,,487.0,63810.447163000004,92873.006651,92873.006557,190.70432557905545,42.456199999999995,63810.447163000004,2888.9213776195215,124.4462061,59.79950511934157,24.512534445461696,5.243719543075182,0,14,100-300:300-600,False,True,,1642,99.94996664442962
405,2026-10-07T04:43:08.490+00:00,2026-10-07T04:44:11.768+00:00,2026-10-07T04:44:38.426+00:00,True,445,445.0,,445.0,63278.238295999996,89936.02671199999,89936.026722,202.10343083595504,43.064690999999996,63278.238295999996,2996.9310278079915,125.70927620000002,60.040064,24.634675622712308,4.947961526308172,0,14,100-300:300-600,False,True,,2412,99.94996664442962
406,2026-10-07T04:43:12.004+00:00,2026-10-07T04:44:14.554+00:00,2026-10-07T04:44:46.839+00:00,True,536,536.0,,536.0,62549.323675,94835.180443,94835.180368,176.93130665671643,42.801807999999994,62549.323675,2699.2283794358345,126.95026825000001,60.34739582803738,25.015333082058763,5.6519110049266885,0,14,100-300:300-600,False,True,,2504,99.94996664442962
407,2026-10-07T04:43:16.297+00:00,2026-10-07T04:44:19.177+00:00,2026-10-07T04:45:31.838+00:00,True,1194,1194.0,,1194.0,62880.576619,135541.517675,135541.517732,113.5188590720268,27.627824,62880.576619,1818.1782559688008,127.15994605,60.90606961944677,25.585586159163867,8.809108976210227,0,14,1-100:1000-1500,False,True,,5304,99.94996664442962
408,2026-10-07T04:43:20.805+00:00,2026-10-07T04:44:26.197+00:00,2026-10-07T04:45:00.708+00:00,True,560,560.0,,560.0,65391.890155,99902.681067,99902.680951,178.39764455535715,17.937304,65391.890155,2760.8314537475867,130.5211045,61.73665637209302,26.6703772862891,5.60545516916042,0,14,100-300:300-600,False,True,,2431,99.94996664442962
409,2026-10-07T04:43:25.934+00:00,2026-10-07T04:44:29.602+00:00,2026-10-07T04:45:56.386+00:00,True,1428,1428.0,,1428.0,63667.981388,150451.456332,150451.456169,105.35816258333334,0.011241,63667.981388,1686.6864974763346,126.6539845,60.815329323055366,108.05611293498816,9.491433548166155,0,14,1-100:1000-1500,False,True,,3808,99.94996664442962
410,2026-10-07T04:43:31.117+00:00,2026-10-07T04:44:35.050+00:00,2026-10-07T04:44:53.122+00:00,True,302,302.0,,302.0,63933.277475,82004.687139,82004.687304,271.5386996821192,41.901451,63933.277475,3675.5731151840196,129.1748014,60.037905860465116,24.47196541066278,3.682716324349881,0,14,100-300:300-600,False,True,,1364,99.94996664442962
411,2026-10-07T04:43:35.742+00:00,2026-10-07T04:44:38.695+00:00,2026-10-07T04:45:06.556+00:00,True,457,457.0,,457.0,62953.16292,90814.746536,90814.746652,198.71935810065645,26.968879,62953.16292,2942.078460452051,127.1328872,61.09996407017544,25.681445301658126,5.03222238052319,0,14,100-300:300-600,False,True,,1695,99.94996664442962
412,2026-10-07T04:43:39.174+00:00,2026-10-07T04:44:41.995+00:00,2026-10-07T04:45:00.466+00:00,True,303,303.0,,303.0,62821.337732,81292.15834,81292.158371,268.29095171947193,21.223562,62821.337732,3605.569375289576,128.11144009999998,61.16165764238411,25.7245320197448,3.7272967797548087,0,14,100-300:300-600,False,True,,1522,99.94996664442962
413,2026-10-07T04:43:43.483+00:00,2026-10-07T04:44:46.050+00:00,2026-10-07T04:45:13.562+00:00,True,457,457.0,,457.0,62567.793631,90078.942175,90078.942334,197.10928300656454,23.615665,62567.793631,2924.081223630659,124.819154,60.33146610526316,24.862923516530522,5.073327783003575,0,14,100-300:300-600,False,True,,2271,99.94996664442962
414,2026-10-07T04:43:47.021+00:00,2026-10-07T04:44:51.681+00:00,2026-10-07T04:45:57.426+00:00,True,1079,1079.0,,1079.0,64659.595161,130404.58383300001,130404.58389899999,120.85688961909175,0.012143000000000001,64659.595161,1970.2311120888276,127.55088529999999,60.98793012244898,119.88565830298771,8.274249020124934,0,14,1-100:1000-1500,False,True,,1938,99.94996664442962
415,2026-10-07T04:43:50.391+00:00,2026-10-07T04:44:53.624+00:00,2026-10-07T04:46:02.682+00:00,True,1133,1133.0,,1133.0,63232.866354000005,132290.95173,132290.951836,116.76165210591351,0.011281000000000001,63232.866354000005,1880.4847436867028,126.5296214,61.00537577385159,118.35334633244283,8.564455733241704,0,14,1-100:1000-1500,False,True,,2429,99.94996664442962
416,2026-10-07T04:43:55.175+00:00,2026-10-07T04:44:58.110+00:00,2026-10-07T04:45:34.094+00:00,True,593,593.0,,593.0,62934.890606,98918.486894,98918.486996,166.81026474873525,19.239945,62934.890606,2582.051603690466,125.7456754,60.78310183783784,25.066246720959736,5.99483492540128,0,14,100-300:300-600,False,True,,2948,99.94996664442962
417,2026-10-07T04:43:58.545+00:00,2026-10-07T04:45:00.884+00:00,2026-10-07T04:45:34.096+00:00,True,550,550.0,,550.0,62338.717277,95550.793565,95550.79352600001,173.7287155018182,42.391529000000006,62338.717277,2655.666579897462,124.71330705,60.49558522404372,24.659619177878564,5.756100807533884,0,14,100-300:300-600,False,True,,2393,99.94996664442962
418,2026-10-07T04:44:01.469+00:00,2026-10-07T04:45:02.416+00:00,2026-10-07T04:45:24.598+00:00,True,372,372.0,,372.0,60947.234799000005,83129.139951,83129.13988100001,223.46542978763443,41.288371,60947.234799000005,3156.9591050375793,125.01616130000001,59.789501757412395,24.150305491481227,4.474965099112938,0,14,100-300:300-600,False,True,,1768,99.94996664442962
419,2026-10-07T04:44:06.572+00:00,2026-10-07T04:45:07.209+00:00,2026-10-07T04:45:40.089+00:00,True,546,546.0,,546.0,60636.920345,93517.052697,93517.052764,171.2766534139194,0.011301,60636.920345,2597.839368913391,126.30172574999999,60.33051807706423,167.5780130798528,5.838507355113807,0,14,100-300:300-600,False,True,,2325,99.94996664442962
420,2026-10-07T04:44:09.833+00:00,2026-10-07T04:45:12.127+00:00,2026-10-07T04:45:47.498+00:00,True,586,586.0,,586.0,62293.396757,97664.650005,97664.649867,166.66322502901025,0.011361000000000001,62293.396757,2576.103663572786,126.04195024999999,60.463680765811965,165.06822197975637,6.000123893036011,0,14,100-300:300-600,False,True,,3636,99.94996664442962
421,2026-10-07T04:44:13.211+00:00,2026-10-07T04:45:15.274+00:00,2026-10-07T04:45:40.115+00:00,True,363,363.0,,363.0,62062.904579999995,86903.58989199999,86903.590078,239.40382941597795,0.012053000000000001,62062.904579999995,3260.3559776004254,125.10439740000001,68.62067765745856,206.05636096758667,4.177042633694657,0,14,100-300:300-600,False,True,,1200,99.94996664442962
422,2026-10-07T04:44:18.463+00:00,2026-10-07T04:45:20.980+00:00,2026-10-07T04:45:45.922+00:00,True,411,411.0,,411.0,62517.034564,87459.06694799999,87459.066832,212.7957830462287,0.011601,62517.034564,3087.11893430148,125.7772675,60.83422532682927,198.64048589379215,4.6993412386204145,0,14,100-300:300-600,False,True,,2290,99.94996664442962
423,2026-10-07T04:44:23.326+00:00,2026-10-07T04:45:25.341+00:00,2026-10-07T04:45:56.836+00:00,True,523,523.0,,523.0,62014.668998,93510.154694,93510.154613,178.79570671701723,0.011321,62014.668998,2714.682871568649,126.6179594,60.336179494252875,174.58665529430223,5.592975455034274,0,14,100-300:300-600,False,True,,2273,99.94996664442962
424,2026-10-07T04:44:28.650+00:00,2026-10-07T04:45:29.646+00:00,2026-10-07T04:46:01.016+00:00,True,520,520.0,,520.0,60996.041175,92366.040279,92366.0405,177.62700096153847,0.011181,60996.041175,2677.9286031113224,126.75939735,60.4431581965318,175.19484024635437,5.629774735706899,0,14,100-300:300-600,False,True,,2491,99.94996664442962
425,2026-10-07T04:44:32.492+00:00,2026-10-07T04:45:33.229+00:00,2026-10-07T04:45:58.571+00:00,True,423,423.0,,423.0,60736.694209,86078.726337,86078.72629800001,203.49580685106383,0.011250999999999999,60736.694209,2956.693031855355,126.97927729999999,60.05220883412322,196.08402176540494,4.914106167695212,0,14,100-300:300-600,False,True,,1462,99.94996664442962
426,2026-10-07T04:44:35.477+00:00,2026-10-07T04:45:40.137+00:00,2026-10-07T04:46:44.638+00:00,True,1097,1097.0,,1097.0,64660.213207999994,129161.333208,129161.33304999999,117.74050414767547,0.011311,64660.213207999994,1950.671246604439,126.75314840000003,58.85138686131387,28.317157282243045,8.493253923241898,0,14,1-100:1000-1500,False,True,,2618,99.94996664442962
427,2026-10-07T04:44:40.430+00:00,2026-10-07T04:45:43.881+00:00,2026-10-07T04:47:00.610+00:00,True,1264,1264.0,,1264.0,63450.847164,140180.235452,140180.235344,110.90208492405063,40.010487999999995,63450.847164,1783.1652824796315,127.49981070000001,60.751693022961206,25.31394889979716,9.016963025667154,0,14,1-100:1000-1500,False,True,,2527,99.94996664442962
428,2026-10-07T04:44:45.611+00:00,2026-10-07T04:45:47.496+00:00,2026-10-07T04:46:17.424+00:00,True,489,489.0,,489.0,61885.00296500001,91812.79765300002,91812.797537,187.7562321820041,41.762539,61885.00296500001,2795.8914228296376,129.74024880000002,61.32744813114754,26.798954438589774,5.326054891041889,0,14,100-300:300-600,False,True,,1660,99.94996664442962
429,2026-10-07T04:44:49.857+00:00,2026-10-07T04:45:51.665+00:00,2026-10-07T04:46:16.036+00:00,True,400,400.0,,400.0,61808.483037,86179.407581,86179.407486,215.448518715,40.070198,61808.483037,3087.4787145768705,128.49889954999998,61.08001138847118,25.923848172216214,4.6414800383031185,0,14,100-300:300-600,False,True,,2026,99.94996664442962
430,2026-10-07T04:44:52.853+00:00,2026-10-07T04:45:55.539+00:00,2026-10-07T04:47:15.075+00:00,True,1389,1389.0,,1389.0,62685.839044,142222.53946,142222.539661,102.39203719294457,39.174822,62685.839044,1680.5920183923315,122.08345460000001,57.30309828242075,23.145106580194597,9.76638446531645,0,14,1-100:1000-1500,False,True,,1397,99.94996664442962
431,2026-10-07T04:44:57.223+00:00,2026-10-07T04:46:00.207+00:00,2026-10-07T04:46:33.441+00:00,True,549,549.0,,549.0,62984.156185,96217.893913,96217.893903,175.26028033333333,39.4681,62984.156185,2685.628656046704,127.8665668,60.645506802919705,25.268875347673973,5.705799385885586,0,14,100-300:300-600,True,True,,2772,99.94996664442962
432,2026-10-07T04:45:02.059+00:00,2026-10-07T04:46:03.628+00:00,2026-10-07T04:46:26.188+00:00,True,375,375.0,,375.0,61568.963663999995,84129.48923199999,84129.48915899999,224.34530442399998,43.892271,61568.963663999995,3176.3889186493493,125.5730805,60.32226087700535,24.771433193040494,4.457414438424556,0,14,100-300:300-600,True,True,,1595,99.94996664442962
433,2026-10-07T04:45:06.548+00:00,2026-10-07T04:46:08.514+00:00,2026-10-07T04:46:30.274+00:00,True,362,362.0,,362.0,61965.270229,83726.116821,83726.11681200001,231.28761550276243,43.03789,61965.270229,3253.74757311933,126.06879655,60.27935344044321,24.699302692402313,4.323621036598749,0,14,100-300:300-600,True,True,,1817,99.94996664442962
434,2026-10-07T04:45:10.109+00:00,2026-10-07T04:46:11.616+00:00,2026-10-07T04:46:29.579+00:00,True,301,301.0,,301.0,61506.244495,79469.381519,79469.381513,264.0178787807309,43.726151,61506.244495,3541.792513924035,126.73794000000002,59.87712341333334,24.255345598894298,3.787622279758591,0,14,100-300:300-600,True,True,,1331,99.94996664442962
435,2026-10-07T04:45:14.057+00:00,2026-10-07T04:46:16.539+00:00,2026-10-07T04:46:44.094+00:00,True,449,449.0,,449.0,62482.19496,90037.18888,90037.188992,200.5282605612472,42.527415,62482.19496,2945.925707336375,128.7780256,61.506682857142856,25.635725455268265,4.986828282682386,0,14,100-300:300-600,True,True,,1690,99.94996664442962
436,2026-10-07T04:45:19.364+00:00,2026-10-07T04:46:22.913+00:00,2026-10-07T04:46:57.352+00:00,True,561,561.0,,561.0,63549.232848,97987.36072,97987.360576,174.66552687344029,43.81626,63549.232848,2680.5766687654095,126.587329,61.496656914285715,25.63344369194352,5.725228191450772,0,14,100-300:300-600,True,True,,2491,99.94996664442962
437,2026-10-07T04:45:24.205+00:00,2026-10-07T04:46:27.257+00:00,2026-10-07T04:46:49.112+00:00,True,356,356.0,,356.0,63052.395858,84907.037778,84907.037746,238.50291501685393,41.078529,63052.395858,3338.6050719420687,126.943639,61.5623716056338,25.56079095237029,4.192820869935496,0,14,100-300:300-600,True,True,,1738,99.94996664442962
438,2026-10-07T04:45:27.622+00:00,2026-10-07T04:46:29.923+00:00,2026-10-07T04:47:00.274+00:00,True,505,505.0,,505.0,62301.048865000004,92651.838241,92651.838233,183.46898660000002,42.181155,62301.048865000004,2769.7912365903217,126.58798440000001,60.21982019047619,24.78741266588659,5.4505124732272066,0,14,100-300:300-600,True,True,,2324,99.94996664442962
439,2026-10-07T04:45:30.991+00:00,2026-10-07T04:46:35.906+00:00,2026-10-07T04:47:05.810+00:00,True,522,522.0,,522.0,64914.653398999995,94818.69871099999,94818.698769,181.64501679885058,38.7791,64914.653398999995,2838.816370949742,120.37419605,57.39739983109405,22.801147659403398,5.505243238899696,0,14,100-300:300-600,True,True,,2079,99.94996664442962
440,2026-10-07T04:45:35.776+00:00,2026-10-07T04:46:39.779+00:00,2026-10-07T04:47:37.765+00:00,True,1283,1283.0,,1283.0,64003.732677,121989.699013,121989.698952,95.08160479501169,0.012573,64003.732677,1785.7595614794452,93.3027293,45.23086297659907,23.64070981448436,10.517281462128006,0,14,1-100:1000-1500,True,True,,1283,99.94996664442962
441,2026-10-07T04:45:40.059+00:00,2026-10-07T04:46:42.511+00:00,2026-10-07T04:47:01.416+00:00,True,326,326.0,,326.0,62452.463038,81357.728446,81357.72851100001,249.56358438957056,43.335919000000004,62452.463038,3455.778187791307,124.286705,58.17004740923077,23.24081038547656,4.006994863633364,0,14,100-300:300-600,True,True,,1296,99.94996664442962
442,2026-10-07T04:45:43.998+00:00,2026-10-07T04:46:47.054+00:00,2026-10-07T04:47:04.508+00:00,True,320,320.0,,320.0,63056.10698,80509.7313,80509.731455,251.592910796875,42.632059999999996,63056.10698,3521.940907192866,110.78631255,54.713555862068965,19.882810343406902,3.9746747981010837,0,14,100-300:300-600,True,True,,1408,99.94996664442962
443,2026-10-07T04:45:48.766+00:00,2026-10-07T04:46:51.947+00:00,2026-10-07T04:47:17.256+00:00,True,520,520.0,,520.0,63181.293438,88490.288254,88490.288159,170.173631075,32.988288999999995,63181.293438,2768.5787453515613,53.17779410000001,48.764922574181114,13.779398646633082,5.876351069254141,0,14,100-300:300-600,True,True,,2819,99.94996664442962
444,2026-10-07T04:45:51.982+00:00,2026-10-07T04:46:55.589+00:00,2026-10-07T04:47:49.170+00:00,True,1403,1403.0,,1403.0,63606.552659,117187.736403,117187.73658,83.52654068424805,0.012473000000000001,63606.552659,1697.7697950195904,76.0649719,38.217677420827386,47.062379226645824,11.972242514994797,0,14,1-100:1000-1500,True,True,,2243,99.94996664442962
0,2026-10-07T04:15:54.179+00:00,2026-10-07T04:15:54.291+00:00,2026-10-07T04:16:09.193+00:00,True,429,429.0,,429.0,111.67917600000001,15013.248968,15013.248983,34.995918375291375,0.019096,169.277287,11.892247770003546,50.4818826,34.816751850467284,11.311648629957713,28.574760927124593,1,14,100-300:300-600,False,True,,1380,99.94996664442962
1,2026-10-07T04:15:57.706+00:00,2026-10-07T04:15:57.805+00:00,2026-10-07T04:16:19.710+00:00,True,581,581.0,,581.0,99.157015,22004.336663000002,22004.336469,37.87321251118761,0.021239,165.906092,11.059646224235497,58.527005,37.76755111724138,10.771694592181808,26.403886147449462,1,14,100-300:300-600,False,True,,2437,99.94996664442962
2,2026-10-07T04:16:02.151+00:00,2026-10-07T04:16:02.234+00:00,2026-10-07T04:16:24.088+00:00,True,552,552.0,,552.0,82.65406,21936.553068,21936.553086,39.74013240217391,0.02142,168.352564,11.631107140085941,62.87646875,39.66224865335753,11.496706361857715,25.16347934376396,1,14,100-300:300-600,False,True,,2073,99.94996664442962
3,2026-10-07T04:16:07.481+00:00,2026-10-07T04:16:07.576+00:00,2026-10-07T04:16:55.585+00:00,True,1068,1068.0,,1068.0,95.16694199999999,48103.861982,48103.861859,45.041069156367044,30.31261,117.066202,13.87576745682815,79.15357644999999,44.9940909465792,13.797036884100661,22.20195959317435,1,14,1-100:1000-1500,False,True,,3707,99.94996664442962
4,2026-10-07T04:16:11.610+00:00,2026-10-07T04:16:11.758+00:00,2026-10-07T04:16:27.957+00:00,True,386,386.0,,386.0,148.34995999999998,16347.554055999999,16347.554109,42.35117644818653,32.677537,148.34995999999998,12.076930894933538,70.46969075000001,42.07585479480519,10.811860573871973,23.61209503744246,1,14,100-300:300-600,False,True,,1565,99.94996664442962
5,2026-10-07T04:16:16.738+00:00,2026-10-07T04:16:16.856+00:00,2026-10-07T04:16:30.807+00:00,True,322,322.0,,322.0,118.381495,14069.890231,14069.890282,43.69531143478261,34.547457,118.381495,12.15699118078502,74.60625839999999,43.46264403738318,11.435414644316998,22.885750685569796,1,14,100-300:300-600,False,True,,1473,99.94996664442962
6,2026-10-07T04:16:21.129+00:00,2026-10-07T04:16:21.283+00:00,2026-10-07T04:16:47.262+00:00,True,564,564.0,,564.0,153.636097,26133.197056999998,26133.197106,46.33545586170213,34.271260000000005,153.636097,14.355030322629876,80.54778164999999,46.144868490230905,13.634896450301095,21.581745194429928,1,14,100-300:300-600,False,True,,3456,99.94996664442962
7,2026-10-07T04:16:26.335+00:00,2026-10-07T04:16:26.510+00:00,2026-10-07T04:16:41.654+00:00,True,330,330.0,,330.0,174.966019,15318.749187,15318.749053,46.420451675757576,34.069302,174.966019,15.055719178584129,79.3994988,46.02973607294833,13.297923097566256,21.54222880547251,1,14,100-300:300-600,False,True,,1616,99.94996664442962
8,2026-10-07T04:16:30.919+00:00,2026-10-07T04:16:31.050+00:00,2026-10-07T04:16:45.210+00:00,True,303,303.0,,303.0,130.733399,14291.443543000001,14291.443488,47.166480158415844,34.429677000000005,130.733399,14.730428029709323,83.21262150000001,46.88976868874172,13.94376524831142,21.201497181746237,1,14,100-300:300-600,False,True,,1370,99.94996664442962
9,2026-10-07T04:16:35.763+00:00,2026-10-07T04:16:35.949+00:00,2026-10-07T04:16:51.713+00:00,True,326,326.0,,326.0,185.52544699999999,15949.152455,15949.15254,48.92378079754601,37.068447,185.52544699999999,17.525009159644085,89.9311855,48.50346771692308,15.821002888491048,20.43995760400423,1,14,100-300:300-600,False,True,,1573,99.94996664442962
10,2026-10-07T04:16:40.980+00:00,2026-10-07T04:16:41.128+00:00,2026-10-07T04:18:02.956+00:00,True,1466,1466.0,,1466.0,147.838463,81976.15692699999,81976.156976,55.918251688949525,0.018283999999999998,302.49946,23.316679803549963,110.92003150000001,55.855507483959045,23.200509103260714,17.883248678094013,1,14,1-100:1000-1500,False,True,,1466,99.94996664442962
11,2026-10-07T04:16:46.598+00:00,2026-10-07T04:16:46.757+00:00,2026-10-07T04:17:14.498+00:00,True,526,526.0,,526.0,158.684778,27899.368042,27899.368084,53.040623733840306,38.808705,158.684778,19.84154687508944,101.44724849999999,52.839396693333335,19.315776116663326,18.853473641702355,1,14,100-300:300-600,False,True,,2616,99.94996664442962
12,2026-10-07T04:16:51.696+00:00,2026-10-07T04:16:51.829+00:00,2026-10-07T04:17:49.126+00:00,True,1022,1022.0,,1022.0,132.242134,57429.924566,57429.924472,56.193663866927594,0.018525,306.15078000000005,23.970333120841914,111.70974555,56.11917965915769,23.863455114922413,17.795600598874028,1,14,1-100:1000-1500,False,True,,3665,99.94996664442962
13,2026-10-07T04:16:57.106+00:00,2026-10-07T04:16:57.261+00:00,2026-10-07T04:17:22.152+00:00,True,455,455.0,,455.0,155.370393,25046.215065,25046.215215,55.04662684615385,0.018876,312.752768,25.839197266594333,112.92042810000001,54.82564905726873,25.433659776228325,18.16641751335213,1,14,100-300:300-600,False,True,,2160,99.94996664442962
14,2026-10-07T04:17:00.197+00:00,2026-10-07T04:17:00.377+00:00,2026-10-07T04:17:31.280+00:00,True,566,566.0,,566.0,179.954157,31082.980589,31082.980615,54.91692688162544,0.021611000000000002,308.592805,24.404964977063543,109.00545425,54.695622003539825,23.851403930536947,18.209321927135345,1,14,100-300:300-600,False,True,,2822,99.94996664442962
15,2026-10-07T04:17:04.519+00:00,2026-10-07T04:17:04.680+00:00,2026-10-07T04:18:23.584+00:00,True,1348,1348.0,,1348.0,160.901315,79065.04749099999,79065.0476,58.65359614243324,0.018043,368.252653,26.947101135271367,120.24247325,58.57768832665182,26.81255359816753,17.049253023637828,1,14,1-100:1000-1500,False,True,,1348,99.94996664442962
16,2026-10-07T04:17:09.096+00:00,2026-10-07T04:17:09.289+00:00,2026-10-07T04:17:36.369+00:00,True,483,483.0,,483.0,193.065806,27272.720974,27272.720955,56.465260776397514,0.018475000000000002,301.081012,26.481582713338263,116.8077145,56.18185719502075,25.765436402399235,17.71000409018448,1,14,100-300:300-600,False,True,,1563,99.94996664442962
17,2026-10-07T04:17:14.613+00:00,2026-10-07T04:17:14.855+00:00,2026-10-07T04:17:47.287+00:00,True,562,562.0,,562.0,242.016941,32674.367405,32674.367243,58.13944349288256,0.018123999999999998,357.719679,28.4412748069431,121.27176639999999,57.81167640641711,27.38368645287544,17.200026951830132,1,14,100-300:300-600,False,True,,571,99.94996664442962
18,2026-10-07T04:17:19.667+00:00,2026-10-07T04:17:19.878+00:00,2026-10-07T04:17:46.183+00:00,True,449,449.0,,449.0,211.202894,26515.329869999998,26515.329854,59.054186757238305,41.346739,211.202894,25.366414610612832,122.1560292,58.714569142857144,24.35140439923943,16.933600381415886,1,14,100-300:300-600,False,True,,2215,99.94996664442962
19,2026-10-07T04:17:24.727+00:00,2026-10-07T04:17:24.912+00:00,2026-10-07T04:17:45.240+00:00,True,343,343.0,,343.0,184.67021100000002,20512.907779,20512.907798,59.80439591253644,41.16069,184.67021100000002,25.48002823665297,124.37130800000001,59.43929113450292,24.602428989737668,16.721178864321942,1,14,100-300:300-600,False,True,,1694,99.94996664442962
20,2026-10-07T04:17:29.872+00:00,2026-10-07T04:17:30.073+00:00,2026-10-07T04:18:02.501+00:00,True,540,540.0,,540.0,200.752147,32628.498963,32628.498923,60.423146153703705,42.601482000000004,200.752147,25.0384055234358,122.18897744999998,60.162795576994434,24.31905460895594,16.549949190502087,1,14,100-300:300-600,False,True,,2211,99.94996664442962
21,2026-10-07T04:17:34.402+00:00,2026-10-07T04:17:34.642+00:00,2026-10-07T04:18:09.765+00:00,True,579,579.0,,579.0,239.965139,35362.873555,35362.873615,61.07577481001727,41.479938000000004,239.965139,25.953947228850915,123.00418880000001,60.76627753633218,24.884069947130936,16.373103817467754,1,14,100-300:300-600,False,True,,2113,99.94996664442962
22,2026-10-07T04:17:39.242+00:00,2026-10-07T04:17:39.430+00:00,2026-10-07T04:18:09.762+00:00,True,502,502.0,,502.0,187.87626500000002,30519.815593,30519.815544,60.79644530677291,42.434646,187.87626500000002,25.093047095591647,116.81760375,60.54279306986028,24.46542499933964,16.44833005200524,1,14,100-300:300-600,False,True,,2755,99.94996664442962
23,2026-10-07T04:17:44.272+00:00,2026-10-07T04:17:44.458+00:00,2026-10-07T04:18:08.207+00:00,True,394,394.0,,394.0,186.130675,23935.067123,23935.067356,60.748901918781726,43.022709000000006,186.130675,25.30806276023477,116.7183831,60.42986373536896,24.534181576334223,16.46120305304648,1,14,100-300:300-600,False,True,,1645,99.94996664442962
24,2026-10-07T04:17:49.612+00:00,2026-10-07T04:17:49.810+00:00,2026-10-07T04:19:11.946+00:00,True,1353,1353.0,,1353.0,198.510889,82333.90852099999,82333.908523,60.8528518277901,0.019667,388.42111700000004,27.224506730463478,126.74785100000001,60.75103375147929,26.975645385521613,16.433083577647785,1,14,1-100:1000-1500,False,True,,4326,99.94996664442962
25,2026-10-07T04:17:52.843+00:00,2026-10-07T04:17:53.041+00:00,2026-10-07T04:18:22.272+00:00,True,482,482.0,,482.0,197.691282,29428.336786,29428.336994,61.05464106639004,41.552964,197.691282,25.705913901689396,124.6958966,60.77057277338877,24.963880725557175,16.378771369413673,1,14,100-300:300-600,False,True,,2298,99.94996664442962
26,2026-10-07T04:17:57.392+00:00,2026-10-07T04:17:58.247+00:00,2026-10-07T04:18:27.914+00:00,True,494,494.0,,494.0,854.663118,30522.321102,30522.321252,61.78607540890688,0.020597999999999998,854.663118,46.15578844943934,125.32079655,60.17780524137931,29.22914427546445,16.184876580950135,1,14,100-300:300-600,False,True,,2144,99.94996664442962
27,2026-10-07T04:18:02.788+00:00,2026-10-07T04:18:03.136+00:00,2026-10-07T04:18:31.346+00:00,True,470,470.0,,470.0,348.00977,28558.21265,28558.212719,60.762154721276595,0.018745,385.970547,33.02781989640879,126.89734230000002,60.14968631130064,30.27352231357103,16.45761258802028,1,14,100-300:300-600,False,True,,1834,99.94996664442962
28,2026-10-07T04:18:06.680+00:00,2026-10-07T04:18:06.876+00:00,2026-10-07T04:18:31.558+00:00,True,414,414.0,,414.0,196.445142,24878.204886,24878.204917,60.09228240821256,0.018946,429.106026,31.899164813878187,126.55188355,59.762130130750606,31.221645676339083,16.64107205069989,1,14,100-300:300-600,False,True,,1827,99.94996664442962
29,2026-10-07T04:18:12.089+00:00,2026-10-07T04:18:12.291+00:00,2026-10-07T04:18:41.139+00:00,True,483,483.0,,483.0,202.475005,29049.875197,29049.875194,60.14466913871635,0.018425,423.519962,30.941618948464445,127.1169204,59.849377991701246,30.284814905023094,16.62657745427697,1,14,100-300:300-600,False,True,,1821,99.94996664442962
30,2026-10-07T04:18:17.552+00:00,2026-10-07T04:18:17.814+00:00,2026-10-07T04:18:41.543+00:00,True,396,396.0,,396.0,261.365148,23990.213788,23990.213916,60.581348272727276,0.021811,390.179771,32.176909027914675,127.45867249999999,60.07303453164557,30.584336870455157,16.506730765278995,1,14,100-300:300-600,False,True,,2076,99.94996664442962
31,2026-10-07T04:18:21.043+00:00,2026-10-07T04:18:22.268+00:00,2026-10-07T04:19:31.833+00:00,True,1141,1141.0,,1141.0,1225.802756,70790.00294800001,70790.002747,62.042070768624015,0.018754999999999997,1225.802756,47.39031139771251,129.985068,61.02122823859649,32.52246718978458,16.11809510501279,1,14,1-100:1000-1500,False,True,,1141,99.94996664442962
32,2026-10-07T04:18:25.900+00:00,2026-10-07T04:18:27.514+00:00,2026-10-07T04:19:39.744+00:00,True,1184,1184.0,,1184.0,1614.3273359999998,73844.588328,73844.588373,62.36874017989865,0.018104,1614.3273359999998,54.235649720052415,128.0106936,61.056856290786136,30.075904256502458,16.03367324279682,1,14,1-100:1000-1500,False,True,,1184,99.94996664442962
33,2026-10-07T04:18:30.906+00:00,2026-10-07T04:18:32.081+00:00,2026-10-07T04:19:02.710+00:00,True,499,499.0,,499.0,1175.374313,31804.756457,31804.756451,63.736986875751505,36.661943,1175.374313,56.30679610689692,129.9022879,61.504783421686746,26.18107244351651,15.68947715963955,1,14,100-300:300-600,False,True,,2285,99.94996664442962
34,2026-10-07T04:18:34.396+00:00,2026-10-07T04:18:36.464+00:00,2026-10-07T04:19:13.017+00:00,True,596,596.0,,596.0,2068.248884,38621.111092,38621.111077,64.80052194127516,40.771032,2068.248884,86.19641681411217,129.57761975,61.43338186218487,25.956225384873257,15.431974460296038,1,14,100-300:300-600,False,True,,2367,99.94996664442962
35,2026-10-07T04:18:38.078+00:00,2026-10-07T04:18:41.006+00:00,2026-10-07T04:19:02.265+00:00,True,345,345.0,,345.0,2927.917982,24186.441118,24186.441093,70.10562635652174,36.174631,2927.917982,156.5156953706079,129.744442,61.79803237209302,26.241253435445678,14.264190350156337,1,14,100-300:300-600,False,True,,1655,99.94996664442962
36,2026-10-07T04:18:41.845+00:00,2026-10-07T04:18:43.070+00:00,2026-10-07T04:20:11.436+00:00,True,1451,1451.0,,1451.0,1225.3717490000001,89591.125605,89591.125558,61.744400798070295,0.018425,1225.3717490000001,42.428230971813505,129.475438,60.94189921103448,29.43289670907016,16.195800534947416,1,14,1-100:1000-1500,False,True,,4837,99.94996664442962
37,2026-10-07T04:18:46.372+00:00,2026-10-07T04:18:48.208+00:00,2026-10-07T04:19:10.398+00:00,True,363,363.0,,363.0,1836.350918,24025.894854,24025.894865,66.1870381955923,38.215754999999994,1836.350918,96.6997000412223,131.3779773,61.2970826961326,25.937538590059905,15.108698435828094,1,14,100-300:300-600,False,True,,1708,99.94996664442962
38,2026-10-07T04:18:51.499+00:00,2026-10-07T04:18:55.732+00:00,2026-10-07T04:20:04.569+00:00,True,1130,1130.0,,1130.0,4232.939179,73069.634219,73069.63424,64.66339313274337,0.018094000000000002,4232.939179,127.78460360236897,129.60273055000002,60.97138621789194,30.443261914155265,15.46470037900054,1,14,1-100:1000-1500,False,True,,3503,99.94996664442962
39,2026-10-07T04:18:55.551+00:00,2026-10-07T04:18:59.794+00:00,2026-10-07T04:19:33.426+00:00,True,553,553.0,,553.0,4242.807045,37874.162437,37874.162531,68.48853983905967,0.019376,4242.807045,181.02850018955894,129.4057768,60.926368463768114,33.90136068145014,14.600982950312417,1,14,100-300:300-600,False,True,,2848,99.94996664442962
40,2026-10-07T04:19:00.042+00:00,2026-10-07T04:19:04.325+00:00,2026-10-07T04:20:18.623+00:00,True,1222,1222.0,,1222.0,4282.406823,78580.860839,78580.860664,64.30512329296236,0.018084,4282.406823,124.31389879613657,128.54759454999999,60.85049468959869,29.508451805523826,15.550860437933972,1,14,1-100:1000-1500,False,True,,1928,99.94996664442962
41,2026-10-07T04:19:03.399+00:00,2026-10-07T04:19:08.862+00:00,2026-10-07T04:20:10.089+00:00,True,1008,1008.0,,1008.0,5462.653703,66689.772295,66689.77237,66.16048846230159,0.018184000000000002,5462.653703,172.84608121452374,128.78915400000002,60.80150803574975,30.467519530558857,15.114761459090689,1,14,1-100:1000-1500,False,True,,4124,99.94996664442962
42,2026-10-07T04:19:07.029+00:00,2026-10-07T04:19:12.759+00:00,2026-10-07T04:19:37.467+00:00,True,408,408.0,,408.0,5730.483128999999,30438.138809,30438.139017999998,74.60328190686275,0.017934000000000002,5730.483128999999,283.01566660313836,127.45563385000001,60.70677071253071,36.207474055282795,13.404236131525948,1,14,100-300:300-600,False,True,,1065,99.94996664442962
43,2026-10-07T04:19:10.408+00:00,2026-10-07T04:19:15.383+00:00,2026-10-07T04:19:49.574+00:00,True,571,571.0,,571.0,4975.574477,39166.494925,39166.494977,68.5928108178634,0.018204,4975.574477,208.34260915660298,127.03068650000002,59.98407096140351,33.03813871009647,14.57878733068683,1,14,100-300:300-600,False,True,,2632,99.94996664442962
44,2026-10-07T04:19:13.979+00:00,2026-10-07T04:19:19.279+00:00,2026-10-07T04:20:29.375+00:00,True,1154,1154.0,,1154.0,5300.432984,75396.084568,75396.084589,65.33456203552859,0.017953,5300.432984,158.47429547218414,128.66570775,60.79414708065915,36.40216062547641,15.3058346015197,1,14,1-100:1000-1500,False,True,,1155,99.94996664442962
45,2026-10-07T04:19:19.466+00:00,2026-10-07T04:19:24.018+00:00,2026-10-07T04:19:56.591+00:00,True,543,543.0,,543.0,4551.506442,37124.821002,37124.820879,68.36983587292818,0.017963,4551.506442,195.6255933330477,126.04002870000001,60.09836634686347,33.479771679013645,14.626333147054025,1,14,100-300:300-600,False,True,,1842,99.94996664442962
46,2026-10-07T04:19:23.794+00:00,2026-10-07T04:19:29.250+00:00,2026-10-07T04:20:04.300+00:00,True,580,580.0,,580.0,5456.198714,40505.741369999996,40505.741249,69.83748491206896,37.781394,5456.198714,225.47716183227743,127.74346664999999,60.53461598618308,25.41474715506204,14.318957767048026,1,14,100-300:300-600,False,True,,2674,99.94996664442962
47,2026-10-07T04:19:28.814+00:00,2026-10-07T04:19:34.464+00:00,2026-10-07T04:19:57.188+00:00,True,379,379.0,,379.0,5649.647983,28373.474671,28373.474749,74.86404946965699,42.071773,5649.647983,288.1938322852615,127.0014917,60.11594361904762,24.946385736000984,13.357546243265329,1,14,100-300:300-600,False,True,,1861,99.94996664442962
48,2026-10-07T04:19:33.843+00:00,2026-10-07T04:19:38.783+00:00,2026-10-07T04:20:08.419+00:00,True,488,488.0,,488.0,4940.384883000001,34576.183667,34576.183553,70.85283514959016,43.066182999999995,4940.384883000001,222.39697586527436,129.96696925,60.85379627104723,25.906965427781657,14.11376121494155,1,14,100-300:300-600,False,True,,2625,99.94996664442962
49,2026-10-07T04:19:39.275+00:00,2026-10-07T04:19:44.983+00:00,2026-10-07T04:20:12.801+00:00,True,456,456.0,,456.0,5708.108467,33525.768627,33525.768686,73.52142255701754,43.621564,5708.108467,265.7111661728058,130.399854,61.137714637362635,25.951268787335756,13.601477868363027,1,14,100-300:300-600,False,True,,2147,99.94996664442962
50,2026-10-07T04:19:43.278+00:00,2026-10-07T04:19:51.298+00:00,2026-10-07T04:20:19.347+00:00,True,453,453.0,,453.0,8019.7132249999995,36068.918729,36068.918619,79.62233690728476,41.971785000000004,8019.7132249999995,374.87130375401534,132.46288220000002,62.05576438938053,27.228039038834943,12.559289714326274,1,14,100-300:300-600,False,True,,2116,99.94996664442962
51,2026-10-07T04:19:46.742+00:00,2026-10-07T04:19:55.488+00:00,2026-10-07T04:20:20.388+00:00,True,405,405.0,,405.0,8745.680159,33646.601759,33646.601955,83.07802951851852,42.399004,8745.680159,432.3058228336396,129.081571,61.63594455445544,26.19185308596477,12.036876796678824,1,14,100-300:300-600,False,True,,2015,99.94996664442962
52,2026-10-07T04:19:50.290+00:00,2026-10-07T04:19:58.434+00:00,2026-10-07T04:20:33.347+00:00,True,565,565.0,,565.0,8143.122311,43056.124807,43056.12481,76.20553063716814,0.017713,8143.122311,342.1510205810279,131.20200260000001,61.902486695035456,38.521545811499486,13.122407149566397,1,14,100-300:300-600,False,True,,2901,99.94996664442962
53,2026-10-07T04:19:54.953+00:00,2026-10-07T04:20:02.737+00:00,2026-10-07T04:20:29.093+00:00,True,423,423.0,,423.0,7784.624022,34140.881045999995,34140.88117,80.71130300236406,41.618517,7784.624022,377.568798829247,130.0504945,62.45558536492891,39.85269272202714,12.389838429478942,1,14,100-300:300-600,False,True,,2044,99.94996664442962
54,2026-10-07T04:19:59.356+00:00,2026-10-07T04:20:08.593+00:00,2026-10-07T04:20:37.558+00:00,True,474,474.0,,474.0,9237.014568,38201.80868,38201.808491,80.5945326814346,0.017794,9237.014568,423.46796447755173,130.21207725,61.23635118816068,41.25933855003107,12.407789483751742,1,14,100-300:300-600,False,True,,2306,99.94996664442962
55,2026-10-07T04:20:04.188+00:00,2026-10-07T04:20:13.483+00:00,2026-10-07T04:20:34.981+00:00,True,354,354.0,,354.0,9295.523267,30793.590979,30793.591059000002,86.98754536440678,0.018325,9295.523267,492.7028001253257,130.18492465,60.901041677053826,43.15460094702161,11.495898618690294,1,14,100-300:300-600,False,True,,1521,99.94996664442962
56,2026-10-07T04:20:09.702+00:00,2026-10-07T04:20:19.802+00:00,2026-10-07T04:20:51.219+00:00,True,512,512.0,,512.0,10099.343294,41516.586942,41516.587133,81.08708424414063,0.017643,10099.343294,445.453175432391,130.44836045,61.48188580821918,40.4657232121405,12.332420309869892,1,14,100-300:300-600,False,True,,1062,99.94996664442962
57,2026-10-07T04:20:15.158+00:00,2026-10-07T04:20:26.452+00:00,2026-10-07T04:20:47.462+00:00,True,337,337.0,,337.0,11294.584315,32304.552187,32304.552351,95.85920578931751,0.018224,11294.584315,613.5870876607827,131.60011640000002,62.529666285714285,46.219788193599996,10.431966307696275,1,14,100-300:300-600,False,True,,1494,99.94996664442962
58,2026-10-07T04:20:19.377+00:00,2026-10-07T04:20:29.907+00:00,2026-10-07T04:21:01.491+00:00,True,515,515.0,,515.0,10530.000036,42114.338212,42114.338127,81.77541383883495,42.274514,10530.000036,462.0193262186031,129.50753669999997,61.44812874708171,25.8052807953665,12.228614335752678,1,14,100-300:300-600,False,True,,2156,99.94996664442962
59,2026-10-07T04:20:22.747+00:00,2026-10-07T04:20:32.691+00:00,2026-10-07T04:21:52.202+00:00,True,1294,1294.0,,1294.0,9943.70067,89455.19891,89455.199076,69.13075662751159,0.017633,9943.70067,276.9054710434872,130.3765053,61.49381147718484,34.75202245054842,14.465341486769043,1,14,1-100:1000-1500,False,True,,4078,99.94996664442962
60,2026-10-07T04:20:25.844+00:00,2026-10-07T04:20:38.382+00:00,2026-10-07T04:21:07.079+00:00,True,471,471.0,,471.0,12538.234011,41234.462875,41234.462986,87.54663054352442,43.233012,12538.234011,575.464457676749,127.2392115,61.05580609361702,25.098753434555693,11.42248418338346,1,14,100-300:300-600,False,True,,2114,99.94996664442962
61,2026-10-07T04:20:30.116+00:00,2026-10-07T04:20:41.420+00:00,2026-10-07T04:21:48.211+00:00,True,1089,1089.0,,1089.0,11304.914714,78095.922714,78095.922618,71.7134275647383,0.017774,11304.914714,342.5982062774994,129.8606982,61.38879411764706,35.90864833714507,13.944389952188613,1,14,1-100:1000-1500,False,True,,3851,99.94996664442962
62,2026-10-07T04:20:35.465+00:00,2026-10-07T04:20:47.016+00:00,2026-10-07T04:21:10.598+00:00,True,394,394.0,,394.0,11550.672429,35132.967469,35132.967405,89.16996803299493,42.92316,11550.672429,579.3977598485233,126.5081414,60.005839796437655,24.248391907856927,11.214538036038393,1,14,100-300:300-600,False,True,,2020,99.94996664442962
63,2026-10-07T04:20:39.430+00:00,2026-10-07T04:20:50.127+00:00,2026-10-07T04:21:17.087+00:00,True,450,450.0,,450.0,10696.497762,37656.773986,37656.773808,83.68171957333334,42.44297,10696.497762,502.0339008114355,129.94253609999998,60.04515862806236,25.105314286232307,11.950041184284682,1,14,100-300:300-600,False,True,,2076,99.94996664442962
64,2026-10-07T04:20:44.831+00:00,2026-10-07T04:20:58.361+00:00,2026-10-07T04:21:30.925+00:00,True,530,530.0,,530.0,13530.025993000001,46094.031369000004,46094.031432,86.9698706264151,41.927226000000005,13530.025993000001,585.6245941602285,129.55594295,61.55766611720227,26.344016811794088,11.498234896339426,1,14,100-300:300-600,False,True,,2593,99.94996664442962
65,2026-10-07T04:20:49.376+00:00,2026-10-07T04:21:01.723+00:00,2026-10-07T04:22:19.692+00:00,True,1269,1269.0,,1269.0,12347.302796,90315.8171,90315.817197,71.17085673522459,0.017242999999999998,12347.302796,346.6703469013305,129.4525834,61.48936459305993,35.16105018587405,14.050695002791487,1,14,1-100:1000-1500,False,True,,1694,99.94996664442962
66,2026-10-07T04:20:53.234+00:00,2026-10-07T04:21:05.039+00:00,2026-10-07T04:21:38.259+00:00,True,549,549.0,,549.0,11804.431692,45024.120908,45024.120844,82.01114907832422,0.017854,11804.431692,503.11430411573264,132.022919,60.61987083211679,43.73036895827722,12.193464057228317,1,14,100-300:300-600,False,True,,2176,99.94996664442962
67,2026-10-07T04:20:58.380+00:00,2026-10-07T04:21:11.946+00:00,2026-10-07T04:21:46.078+00:00,True,546,546.0,,546.0,13566.181515,47698.319243000005,47698.319156,87.3595588937729,0.017282,13566.181515,579.7009586055935,134.97344624999997,62.62777564770642,45.71729371522843,11.44694422498186,1,14,100-300:300-600,False,True,,2737,99.94996664442962
68,2026-10-07T04:21:01.923+00:00,2026-10-07T04:21:16.834+00:00,2026-10-07T04:21:42.067+00:00,True,405,405.0,,405.0,14911.52101,40144.191474,40144.191309,99.12146002222222,0.017903,14911.52101,739.5256928926864,135.76684740000002,62.45710510891089,49.729428434524685,10.088632629761754,1,14,100-300:300-600,False,True,,1816,99.94996664442962
69,2026-10-07T04:21:06.055+00:00,2026-10-07T04:21:22.283+00:00,2026-10-07T04:21:47.810+00:00,True,406,406.0,,406.0,16227.996140000001,41754.660332,41754.660405,102.8439911453202,0.017843,16227.996140000001,803.807599565094,133.97696,63.028800474074075,50.01580128625091,9.723465519101568,1,14,100-300:300-600,False,True,,2160,99.94996664442962
70,2026-10-07T04:21:09.097+00:00,2026-10-07T04:21:25.168+00:00,2026-10-07T04:21:59.716+00:00,True,558,558.0,,558.0,16070.936544,50618.230752,50618.230555,90.71367482974911,0.017432,16070.936544,679.2130828496214,133.3191183,62.02386751885099,45.182424600770865,11.023696239678479,1,14,100-300:300-600,False,True,,2455,99.94996664442962
71,2026-10-07T04:21:14.677+00:00,2026-10-07T04:21:33.380+00:00,2026-10-07T04:22:09.225+00:00,True,583,583.0,,583.0,18703.381156,54548.620452,54548.620543,93.56538686620927,0.018123999999999998,18703.381156,773.2418867106561,129.6623715,61.58975824054983,42.69838404225273,10.68771300115665,1,14,100-300:300-600,False,True,,3060,99.94996664442962
72,2026-10-07T04:21:18.807+00:00,2026-10-07T04:21:38.460+00:00,2026-10-07T04:22:15.138+00:00,True,592,592.0,,592.0,19652.86446,56330.304972,56330.304976,95.15254218918919,41.894645,19652.86446,805.6230134426397,130.15020805,62.05996702538071,26.82325777753266,10.509440705039044,1,14,100-300:300-600,False,True,,2848,99.94996664442962
73,2026-10-07T04:21:22.041+00:00,2026-10-07T04:21:40.388+00:00,2026-10-07T04:23:00.113+00:00,True,1319,1319.0,,1319.0,18346.58767,98071.480342,98071.480276,74.35290392418499,35.785289,18346.58767,504.1300802755359,127.80364919999998,60.48929641274658,25.225564198371675,13.449373817957209,1,14,1-100:1000-1500,False,True,,5828,99.94996664442962
74,2026-10-07T04:21:27.429+00:00,2026-10-07T04:21:44.761+00:00,2026-10-07T04:22:51.973+00:00,True,1112,1112.0,,1112.0,17331.591065,84543.392921,84543.392774,76.02823091187051,34.16335,17331.591065,518.5683519147354,126.81752804999998,60.496671337533755,25.820567795340164,13.153008905605287,1,14,1-100:1000-1500,False,True,,4448,99.94996664442962
75,2026-10-07T04:21:31.688+00:00,2026-10-07T04:21:47.612+00:00,2026-10-07T04:22:16.152+00:00,True,470,470.0,,470.0,15923.911674,44463.382522,44463.382285,94.6029410319149,41.353671000000006,15923.911674,732.1474297135696,128.5079515,60.851750208955224,25.378374728810517,10.5704958404244,1,14,100-300:300-600,False,True,,2193,99.94996664442962
76,2026-10-07T04:21:35.557+00:00,2026-10-07T04:21:52.023+00:00,2026-10-07T04:22:12.882+00:00,True,337,337.0,,337.0,16465.841758,37325.154142,37325.154076,110.75713375667655,39.541326,16465.841758,893.9547881449876,128.48715860000001,62.08128685714286,26.27320104826917,9.028763785352782,1,14,100-300:300-600,False,True,,1385,99.94996664442962
77,2026-10-07T04:21:40.364+00:00,2026-10-07T04:21:57.619+00:00,2026-10-07T04:23:23.181+00:00,True,1406,1406.0,,1406.0,17254.890185,102816.21754499999,102816.217728,73.12675514082504,0.017753,17254.890185,460.09084182708125,126.86228725000001,60.89774189323843,37.670060907524345,13.674885475967159,1,14,1-100:1000-1500,False,True,,4341,99.94996664442962
78,2026-10-07T04:21:44.300+00:00,2026-10-07T04:22:02.384+00:00,2026-10-07T04:22:32.162+00:00,True,503,503.0,,503.0,18083.906416,47861.840752000004,47861.840797000004,95.15276500397614,33.805449,18083.906416,804.0405051224221,122.16618720000002,59.31859429482072,24.21045473021409,10.509416104707196,1,14,100-300:300-600,False,True,,2152,99.94996664442962
79,2026-10-07T04:21:49.697+00:00,2026-10-07T04:22:07.774+00:00,2026-10-07T04:22:34.342+00:00,True,450,450.0,,450.0,18077.047982,44645.239214,44645.239225,99.21164272222222,38.427510000000005,18077.047982,849.7186402862244,122.62899255,59.17191811135858,24.33703761168665,10.079462176089931,1,14,100-300:300-600,False,True,,899,99.94996664442962
80,2026-10-07T04:21:54.979+00:00,2026-10-07T04:22:11.228+00:00,2026-10-07T04:23:21.388+00:00,True,1156,1156.0,,1156.0,16248.398528000002,86408.503744,86408.503593,74.7478404783737,0.017393000000000002,16248.398528000002,477.7436614732219,126.24810300000001,60.74467984069264,39.52263741612701,13.378312896434917,1,14,1-100:1000-1500,False,True,,1156,99.94996664442962
81,2026-10-07T04:21:58.135+00:00,2026-10-07T04:22:13.163+00:00,2026-10-07T04:22:30.439+00:00,True,307,307.0,,307.0,15027.118778,32303.750842,32303.750667,105.22394354071662,41.480368000000006,15027.118778,854.6955566547105,117.43617239999999,56.45958190849673,21.711463505855342,9.503540362899633,1,14,100-300:300-600,False,True,,1322,99.94996664442962
82,2026-10-07T04:22:02.070+00:00,2026-10-07T04:22:17.947+00:00,2026-10-07T04:23:45.105+00:00,True,1445,1445.0,,1445.0,15877.023965,103034.929117,103034.9293,71.30444934256056,0.017443,15877.023965,417.70557129868206,126.52809679999999,60.35866007756233,36.78312030485951,14.024370302221964,1,14,1-100:1000-1500,False,True,,5404,99.94996664442962
83,2026-10-07T04:22:05.318+00:00,2026-10-07T04:22:19.918+00:00,2026-10-07T04:22:45.645+00:00,True,436,436.0,,436.0,14599.828958,40326.953182,40326.953061,92.49301160779817,34.747644,14599.828958,696.8007244280456,126.68838299999999,59.14281430804598,24.45135131928929,10.811627598848935,1,14,100-300:300-600,False,True,,1983,99.94996664442962
84,2026-10-07T04:22:10.475+00:00,2026-10-07T04:22:27.908+00:00,2026-10-07T04:22:59.338+00:00,True,520,520.0,,520.0,17432.637966,48863.041549999994,48863.041537,93.96738757115385,33.925023,17432.637966,762.2432717671933,130.71707254999998,60.559544477842,25.54196658216141,10.6419900093182,1,14,100-300:300-600,False,True,,2517,99.94996664442962
85,2026-10-07T04:22:15.000+00:00,2026-10-07T04:22:32.756+00:00,2026-10-07T04:23:58.426+00:00,True,1417,1417.0,,1417.0,17755.785421999997,103425.080782,103425.080703,72.98876549258998,0.018104,17755.785421999997,471.55929779384854,127.78566400000001,60.500914802259885,37.324029240461755,13.700738634053,1,14,1-100:1000-1500,False,True,,1417,99.94996664442962
86,2026-10-07T04:22:18.941+00:00,2026-10-07T04:22:37.846+00:00,2026-10-07T04:23:58.583+00:00,True,1337,1337.0,,1337.0,18904.939513,99641.902329,99641.902281,74.52647889379207,0.017934000000000002,18904.939513,516.7310866828979,127.763067,60.43185839520958,37.49511587786158,13.418049723553667,1,14,1-100:1000-1500,False,True,,5869,99.94996664442962
87,2026-10-07T04:22:22.796+00:00,2026-10-07T04:22:41.279+00:00,2026-10-07T04:23:04.106+00:00,True,378,378.0,,378.0,18482.883916000003,41309.651020000005,41309.651106000005,109.28479128571429,0.017613,18482.883916000003,949.2919892078764,130.36848990000001,60.54845385676393,57.6797350477669,9.150404098475484,1,14,100-300:300-600,False,True,,1768,99.94996664442962
88,2026-10-07T04:22:26.126+00:00,2026-10-07T04:22:45.543+00:00,2026-10-07T04:24:02.522+00:00,True,1275,1275.0,,1275.0,19416.887926,96395.830646,96395.830775,75.60457315686274,0.017312,19416.887926,543.4661165890008,127.7017818,60.42303196232339,38.67333273382273,13.226713141590702,1,14,1-100:1000-1500,False,True,,1275,99.94996664442962
89,2026-10-07T04:22:30.484+00:00,2026-10-07T04:22:48.125+00:00,2026-10-07T04:23:16.089+00:00,True,455,455.0,,455.0,17640.536355,45605.131811,45605.131893,100.23105910549451,0.017232,17640.536355,825.9593346517355,132.56271909999998,61.59602523348018,55.250291782238136,9.976947372625586,1,14,100-300:300-600,False,True,,2134,99.94996664442962
90,2026-10-07T04:22:35.102+00:00,2026-10-07T04:22:55.211+00:00,2026-10-07T04:23:21.921+00:00,True,430,430.0,,430.0,20108.152595,46818.418707000004,46818.418662,108.8800434,0.017402,20108.152595,968.3328407235118,127.59742375000002,62.261692568764566,56.29832009169469,9.184419548448119,1,14,100-300:300-600,False,True,,2052,99.94996664442962
91,2026-10-07T04:22:40.204+00:00,2026-10-07T04:23:01.656+00:00,2026-10-07T04:24:24.514+00:00,True,1356,1356.0,,1356.0,21451.779456999997,104309.397633,104309.397726,76.92433460619469,0.017301999999999998,21451.779456999997,582.1774751383566,129.82866675,61.149533709225096,38.71423780793104,12.99978746661851,1,14,1-100:1000-1500,False,True,,2034,99.94996664442962
92,2026-10-07T04:22:45.018+00:00,2026-10-07T04:23:06.587+00:00,2026-10-07T04:24:34.879+00:00,True,1443,1443.0,,1443.0,21568.802230999998,109861.355447,109861.355528,76.13399551489951,37.164435,21568.802230999998,566.7874215332807,129.267284,61.22923246601941,26.137651490918678,13.134736906610815,1,14,1-100:1000-1500,False,True,,1923,99.94996664442962
93,2026-10-07T04:22:50.634+00:00,2026-10-07T04:23:10.609+00:00,2026-10-07T04:24:37.713+00:00,True,1427,1427.0,,1427.0,19974.476252999997,107078.647517,107078.647464,75.03759457883672,40.585595999999995,19974.476252999997,527.7872339449056,128.1786017,61.08286904908836,25.959531776223596,13.326653194545129,1,14,1-100:1000-1500,False,True,,1427,99.94996664442962
94,2026-10-07T04:22:56.019+00:00,2026-10-07T04:23:14.649+00:00,2026-10-07T04:23:49.077+00:00,True,580,580.0,,580.0,18630.460485,53058.186820999996,53058.186747,91.47963232241379,40.853091,18630.460485,771.5009173713153,121.6758728,59.46066724697754,24.29997154429021,10.931395035354672,1,14,100-300:300-600,False,True,,2679,99.94996664442962
95,2026-10-07T04:23:00.084+00:00,2026-10-07T04:23:18.039+00:00,2026-10-07T04:24:18.481+00:00,True,1004,1004.0,,1004.0,17955.084527,78397.157359,78397.157366,78.0848180936255,39.815124000000004,17955.084527,565.3233171607468,126.6053413,60.26128896510468,25.341472582772337,12.806586792457733,1,14,1-100:1000-1500,False,True,,2341,99.94996664442962
96,2026-10-07T04:23:05.384+00:00,2026-10-07T04:23:22.058+00:00,2026-10-07T04:23:41.637+00:00,True,342,342.0,,342.0,16674.352704,36253.491008,36253.490964000004,106.00435954385965,41.34541,16674.352704,898.8177907631945,117.83192500000001,57.41682787096774,22.337951293467857,9.433574270806952,1,14,100-300:300-600,False,True,,1295,99.94996664442962
97,2026-10-07T04:23:10.651+00:00,2026-10-07T04:23:29.528+00:00,2026-10-07T04:24:42.219+00:00,True,1176,1176.0,,1176.0,18876.899212,91567.828108,91567.828273,77.86379955187076,38.128242,18876.899212,549.3056232746684,130.50148475000003,61.86462033702128,26.68644256939602,12.84293866414482,1,14,1-100:1000-1500,False,True,,1764,99.94996664442962
98,2026-10-07T04:23:15.525+00:00,2026-10-07T04:23:34.020+00:00,2026-10-07T04:24:06.548+00:00,True,530,530.0,,530.0,18494.9042,51022.711944,51022.711898,96.26926773207548,42.294036,18494.9042,801.1365074240227,130.17689205,61.48923959168242,26.577175462026883,10.387530960363332,1,14,100-300:300-600,False,True,,2201,99.94996664442962
99,2026-10-07T04:23:18.657+00:00,2026-10-07T04:23:38.693+00:00,2026-10-07T04:23:56.939+00:00,True,305,305.0,,305.0,20036.425188,38282.578148,38282.578242,125.5166499737705,44.224204,20036.425188,1144.1077304789985,128.1490842,60.02024,24.529088255366997,7.9670705254195155,1,14,100-300:300-600,False,True,,1727,99.94996664442962
100,2026-10-07T04:23:22.374+00:00,2026-10-07T04:23:42.435+00:00,2026-10-07T04:24:02.311+00:00,True,333,333.0,,333.0,20061.076796,39937.068604,39937.068810000004,119.93113756756757,38.831669999999995,20061.076796,1096.3291266017554,128.2191196,59.867445204819276,24.34885109241822,8.33811823551435,1,14,100-300:300-600,False,True,,1648,99.94996664442962
101,2026-10-07T04:23:26.315+00:00,2026-10-07T04:23:45.256+00:00,2026-10-07T04:24:03.842+00:00,True,309,309.0,,309.0,18940.977917,37526.429693,37526.429808,121.44475666019417,44.193453999999996,18940.977917,1074.3695882835968,130.06998579999998,60.342375896103896,24.904827841558035,8.234196605642966,1,14,100-300:300-600,False,True,,1374,99.94996664442962
102,2026-10-07T04:23:29.475+00:00,2026-10-07T04:23:50.008+00:00,2026-10-07T04:24:22.534+00:00,True,527,527.0,,527.0,20532.537322,53059.111145999996,53059.111085,100.68142520872865,42.322069000000006,20532.537322,892.1130614371142,132.21417970000002,61.83759282129277,26.58244535618203,9.93231866530673,1,14,100-300:300-600,False,True,,2388,99.94996664442962
103,2026-10-07T04:23:34.866+00:00,2026-10-07T04:23:57.953+00:00,2026-10-07T04:24:20.354+00:00,True,352,352.0,,352.0,23087.209196,45488.706796,45488.706606,129.22928013068181,43.24618,23087.209196,1227.4743019073896,132.16555655000002,63.82193048433048,28.225488386986466,7.738184371311975,1,14,100-300:300-600,False,True,,1414,99.94996664442962
104,2026-10-07T04:23:39.279+00:00,2026-10-07T04:24:03.075+00:00,2026-10-07T04:25:18.756+00:00,True,1221,1221.0,,1221.0,23796.542138,99477.15167400001,99477.151569,81.47186860687961,0.017483000000000002,23796.542138,680.7181802399182,130.588282,62.03328650491803,44.87416261156059,12.274175320191928,1,14,1-100:1000-1500,False,True,,1221,99.94996664442962
105,2026-10-07T04:23:42.388+00:00,2026-10-07T04:24:04.544+00:00,2026-10-07T04:25:23.625+00:00,True,1284,1284.0,,1284.0,22155.940712,101236.8682,101236.868294,78.84491300155763,0.017422999999999998,22155.940712,618.1234892664659,129.50898064999998,61.63751168199533,43.503820614608834,12.683126442269772,1,14,1-100:1000-1500,False,True,,5161,99.94996664442962
106,2026-10-07T04:23:45.508+00:00,2026-10-07T04:24:07.922+00:00,2026-10-07T04:24:35.314+00:00,True,445,445.0,,445.0,22413.713982,49805.62899,49805.629096000004,111.92276201348315,40.510825,22413.713982,1059.9204232177185,131.8954298,61.69350227027027,26.598118031777343,8.934733061785996,1,14,100-300:300-600,False,True,,2167,99.94996664442962
107,2026-10-07T04:23:49.041+00:00,2026-10-07T04:24:10.767+00:00,2026-10-07T04:24:40.862+00:00,True,484,484.0,,484.0,21726.026818,51821.76749,51821.767521,107.0697676053719,33.732755,21726.026818,985.0847999551934,131.05384809999998,62.3100220952381,27.03937170677001,9.339704596015508,1,14,100-300:300-600,False,True,,1385,99.94996664442962
108,2026-10-07T04:23:54.661+00:00,2026-10-07T04:24:16.387+00:00,2026-10-07T04:25:28.813+00:00,True,1179,1179.0,,1179.0,21725.371,94151.959416,94151.959324,79.85747186089907,0.017042,21725.371,632.4929835291538,128.6217309,61.48267267911715,44.4910702616555,12.522309756621413,1,14,1-100:1000-1500,False,True,,1187,99.94996664442962
109,2026-10-07T04:23:58.386+00:00,2026-10-07T04:24:20.679+00:00,2026-10-07T04:24:45.346+00:00,True,395,395.0,,395.0,22292.986122000002,46960.066058,46960.066231000004,118.88624362278482,35.609571,22292.986122000002,1118.867269068052,130.7574807,62.606801868020305,27.43259198721957,8.411402137129421,1,14,100-300:300-600,False,True,,1856,99.94996664442962
110,2026-10-07T04:24:01.575+00:00,2026-10-07T04:24:24.461+00:00,2026-10-07T04:24:44.665+00:00,True,322,322.0,,322.0,22886.081815,43089.459479,43089.459423,133.81819696583852,40.911105000000006,22886.081815,1272.1784316347498,132.36955295,62.93887122741433,27.410130741816634,7.472825231352214,1,14,100-300:300-600,False,True,,1622,99.94996664442962
111,2026-10-07T04:24:06.700+00:00,2026-10-07T04:24:30.119+00:00,2026-10-07T04:24:51.636+00:00,True,352,352.0,,352.0,23419.520512,44935.95776,44935.95778,127.65897096590909,0.017873,23419.520512,1247.3967212512005,128.8160105,61.30039101994302,77.44255635442121,7.833370368558937,1,14,100-300:300-600,False,True,,1620,99.94996664442962
112,2026-10-07T04:24:11.285+00:00,2026-10-07T04:24:34.725+00:00,2026-10-07T04:25:06.699+00:00,True,521,521.0,,521.0,23440.198366999997,55413.940959,55413.940973,106.36073123416506,0.017353,23440.198366999997,1026.3588440136105,128.398357,61.48796652307692,65.98089232966623,9.40196620170871,1,14,100-300:300-600,False,True,,1460,99.94996664442962
113,2026-10-07T04:24:16.379+00:00,2026-10-07T04:24:38.684+00:00,2026-10-07T04:25:07.641+00:00,True,476,476.0,,476.0,22304.570508,51261.866892000005,51261.866924,107.6929977394958,0.017522,22304.570508,1021.5099468332645,129.5425715,60.96272922947369,63.57135048416235,9.285654792925326,1,14,100-300:300-600,False,True,,2811,99.94996664442962
114,2026-10-07T04:24:21.515+00:00,2026-10-07T04:24:43.718+00:00,2026-10-07T04:25:52.477+00:00,True,1147,1147.0,,1147.0,22202.230297,90961.453081,90961.453199,79.30379529119442,0.017162,22202.230297,655.4970901306532,125.7579926,59.999321801047124,47.26813149470576,12.60973699462135,1,14,1-100:1000-1500,False,True,,5352,99.94996664442962
115,2026-10-07T04:24:25.768+00:00,2026-10-07T04:24:49.319+00:00,2026-10-07T04:25:08.379+00:00,True,311,311.0,,311.0,23550.433405,42610.211708999996,42610.211721,137.01032707717042,41.143096,23550.433405,1332.1968310323157,130.2597955,61.48315581935484,26.39463637524752,7.298719896627773,1,14,100-300:300-600,False,True,,1375,99.94996664442962
116,2026-10-07T04:24:29.505+00:00,2026-10-07T04:24:51.916+00:00,2026-10-07T04:26:21.025+00:00,True,1482,1482.0,,1482.0,22410.174003,111519.43531500001,111519.43517900001,75.24928149730094,38.550197,22410.174003,581.10632921725,125.68914999999998,60.16830608507765,25.001992081697775,13.289163416349028,1,14,1-100:1000-1500,False,True,,3939,99.94996664442962
117,2026-10-07T04:24:32.831+00:00,2026-10-07T04:24:56.221+00:00,2026-10-07T04:25:21.253+00:00,True,403,403.0,,403.0,23390.430353,48422.388113,48422.388218,120.1548094739454,41.736356,23390.430353,1162.3556862263613,129.7476933,62.26855164179105,26.315039799015448,8.32259654479549,1,14,100-300:300-600,False,True,,1816,99.94996664442962
118,2026-10-07T04:24:37.869+00:00,2026-10-07T04:25:00.528+00:00,2026-10-07T04:25:24.061+00:00,True,388,388.0,,388.0,22659.217348000002,46192.622532,46192.622429,119.05315059020619,38.613155,22659.217348000002,1147.5377754237793,127.48875145000002,60.809832516795865,25.265633341258876,8.39960969376035,1,14,100-300:300-600,False,True,,1655,99.94996664442962
119,2026-10-07T04:24:43.044+00:00,2026-10-07T04:25:06.852+00:00,2026-10-07T04:25:25.966+00:00,True,314,314.0,,314.0,23807.453215,42921.575967,42921.575917,136.692916933121,40.409169999999996,23807.453215,1340.3256532553924,125.77695804999999,61.06748483067092,25.381667833292774,7.315668004395204,1,14,100-300:300-600,False,True,,1246,99.94996664442962
120,2026-10-07T04:24:46.130+00:00,2026-10-07T04:25:09.273+00:00,2026-10-07T04:26:10.350+00:00,True,1022,1022.0,,1022.0,23143.635029,84220.006485,84220.006439,82.40705131017613,42.040386,23143.635029,722.4931550932906,124.3528264,59.820148340842316,24.59804273006479,12.134883891062431,1,14,1-100:1000-1500,False,True,,1022,99.94996664442962
121,2026-10-07T04:24:49.243+00:00,2026-10-07T04:25:12.518+00:00,2026-10-07T04:25:38.935+00:00,True,446,446.0,,446.0,23274.388564,49691.565396000005,49691.565626,111.41606642600897,41.993038999999996,23274.388564,1099.5224885125167,123.05218825,59.36444231910112,23.901663617525386,8.975366270829966,1,14,100-300:300-600,False,True,,2147,99.94996664442962
122,2026-10-07T04:24:53.463+00:00,2026-10-07T04:25:15.872+00:00,2026-10-07T04:25:37.528+00:00,True,368,368.0,,368.0,22408.949811000002,44064.811571,44064.811547000005,119.74133572554348,40.986211000000004,22408.949811000002,1165.341483283647,127.83774414999999,59.00779771117166,25.128448102714184,8.351334928711887,1,14,100-300:300-600,False,True,,1726,99.94996664442962
123,2026-10-07T04:24:56.729+00:00,2026-10-07T04:25:19.655+00:00,2026-10-07T04:25:54.182+00:00,True,589,589.0,,589.0,22925.816070999997,57453.37344699999,57453.373286999995,97.54392748217317,39.537015,22925.816070999997,942.5251262044645,123.2852404,58.720335673469386,23.912111269326775,10.251791403395051,1,14,100-300:300-600,False,True,,3136,99.94996664442962
124,2026-10-07T04:25:01.474+00:00,2026-10-07T04:25:24.234+00:00,2026-10-07T04:26:50.954+00:00,True,1445,1445.0,,1445.0,22760.054188000002,109480.589484,109480.589373,75.76511375294118,38.01766000000001,22760.054188000002,597.6698550120292,124.2895072,60.05577236565097,24.650557252334323,13.198686696980008,1,14,1-100:1000-1500,False,True,,4556,99.94996664442962
125,2026-10-07T04:25:06.308+00:00,2026-10-07T04:25:28.102+00:00,2026-10-07T04:26:00.481+00:00,True,554,554.0,,554.0,21793.924221,54172.260221000004,54172.26037,97.78386348375452,42.400161,21793.924221,923.7499333278013,122.59902975000001,58.55033634719711,23.65535332012099,10.2266362477754,1,14,100-300:300-600,False,True,,2526,99.94996664442962
126,2026-10-07T04:25:10.081+00:00,2026-10-07T04:25:30.889+00:00,2026-10-07T04:26:01.295+00:00,True,520,520.0,,520.0,20808.168322999998,51213.654659,51213.654811,98.48779771346153,43.133749,20808.168322999998,910.2316214104532,122.45249755,58.584752092485544,23.475361028240602,10.153542125871661,1,14,100-300:300-600,False,True,,2419,99.94996664442962
127,2026-10-07T04:25:15.508+00:00,2026-10-07T04:25:37.481+00:00,2026-10-07T04:26:53.672+00:00,True,1269,1269.0,,1269.0,21973.103695,98164.41991899999,98164.42001,77.35572892828999,0.017303000000000002,21973.103695,617.186365013533,125.46363519999998,60.087788820189274,50.28278361234601,12.927290774469107,1,14,1-100:1000-1500,False,True,,3683,99.94996664442962
128,2026-10-07T04:25:20.732+00:00,2026-10-07T04:25:43.053+00:00,2026-10-07T04:26:16.176+00:00,True,557,557.0,,557.0,22320.588106,55443.570506000004,55443.570417999996,99.53962373070017,41.007582,22320.588106,943.5431929077453,125.35067559999999,59.57370935251799,24.352103158435025,10.046250537557325,1,14,100-300:300-600,False,True,,2363,99.94996664442962
129,2026-10-07T04:25:25.716+00:00,2026-10-07T04:25:47.438+00:00,2026-10-07T04:26:06.900+00:00,True,328,328.0,,328.0,21722.63501,41184.634882,41184.634801,125.56291097865854,42.638639000000005,21722.63501,1196.4013620408361,126.80982629999998,59.51681918042813,24.77495309604763,7.964135191188849,1,14,100-300:300-600,False,True,,1750,99.94996664442962
130,2026-10-07T04:25:29.412+00:00,2026-10-07T04:25:50.422+00:00,2026-10-07T04:26:54.503+00:00,True,1066,1066.0,,1066.0,21010.402076000002,85091.609372,85091.609497,79.82327344934335,0.017301999999999998,21010.402076000002,643.8739060830688,126.4439725,60.170147695774645,53.279753953612634,12.527674677531422,1,14,1-100:1000-1500,False,True,,2311,99.94996664442962
131,2026-10-07T04:25:34.567+00:00,2026-10-07T04:25:57.031+00:00,2026-10-07T04:26:57.541+00:00,True,1000,1000.0,,1000.0,22464.145374000003,82974.305502,82974.305656,82.974305656,0.017553,22464.145374000003,710.5364775671213,127.5108611,60.57073085885886,54.266721135730606,12.05192371240632,1,14,1-100:1000-1500,False,True,,4478,99.94996664442962
132,2026-10-07T04:25:39.134+00:00,2026-10-07T04:26:01.670+00:00,2026-10-07T04:26:36.951+00:00,True,580,580.0,,580.0,22535.164351,57816.371391,57816.371489,99.68339911896551,40.15205,22535.164351,933.5335631950867,127.6921852,60.93472718480138,25.287765561267904,10.031760659581723,1,14,100-300:300-600,False,True,,2545,99.94996664442962
133,2026-10-07T04:25:44.259+00:00,2026-10-07T04:26:06.379+00:00,2026-10-07T04:26:33.955+00:00,True,452,452.0,,452.0,22119.518095,49695.702415,49695.702242,109.9462438982301,37.984659,22119.518095,1037.8517224575655,126.41100725,61.14453286031042,25.51981197379749,9.09535388443508,1,14,100-300:300-600,False,True,,2115,99.94996664442962
134,2026-10-07T04:25:47.624+00:00,2026-10-07T04:26:09.448+00:00,2026-10-07T04:26:31.885+00:00,True,368,368.0,,368.0,21823.224289,44260.403680999996,44260.403671,120.2728360625,42.379015,21823.224289,1134.703762084526,126.0201964,61.136728588555854,25.083708852603113,8.314429363371897,1,14,100-300:300-600,False,True,,1894,99.94996664442962
135,2026-10-07T04:25:53.112+00:00,2026-10-07T04:26:14.644+00:00,2026-10-07T04:27:36.418+00:00,True,1344,1344.0,,1344.0,21531.810015,103306.00214299999,103306.002132,76.86458491964285,0.017582,21531.810015,587.8767769898601,127.21833445,60.88919741474311,50.938750578599645,13.009892669542912,1,14,1-100:1000-1500,False,True,,2132,99.94996664442962
136,2026-10-07T04:25:58.476+00:00,2026-10-07T04:26:20.910+00:00,2026-10-07T04:27:39.669+00:00,True,1288,1288.0,,1288.0,22434.46274,101193.33608400001,101193.33611799999,78.56625475,0.017613,22434.46274,625.654991651432,127.34686310000001,61.19570578399378,53.01342080581769,12.728110860292604,1,14,1-100:1000-1500,False,True,,2254,99.94996664442962
137,2026-10-07T04:26:02.367+00:00,2026-10-07T04:26:25.829+00:00,2026-10-07T04:26:46.140+00:00,True,331,331.0,,331.0,23461.175213,43773.013932999995,43773.014167,132.24475579154077,37.47787,23461.175213,1286.4280698894204,127.147705,61.55102642424242,26.31720454249194,7.561736564602026,1,14,100-300:300-600,False,True,,1409,99.94996664442962
138,2026-10-07T04:26:06.108+00:00,2026-10-07T04:26:29.113+00:00,2026-10-07T04:26:55.681+00:00,True,443,443.0,,443.0,23004.986838,49573.765846,49573.765895000004,111.90466341986456,0.017262,23004.986838,1092.9668565413663,128.1961089,60.110359746606335,78.59151516511137,8.936178086130704,1,14,100-300:300-600,False,True,,1886,99.94996664442962
139,2026-10-07T04:26:09.172+00:00,2026-10-07T04:26:31.782+00:00,2026-10-07T04:26:53.118+00:00,True,358,358.0,,358.0,22609.732144,43946.168624,43946.168641000004,122.7546610083799,0.016902,22609.732144,1195.1628223811922,129.6311823,59.76592851540616,89.68228022840924,8.146330185528122,1,14,100-300:300-600,False,True,,1393,99.94996664442962
140,2026-10-07T04:26:14.396+00:00,2026-10-07T04:26:37.054+00:00,2026-10-07T04:27:00.970+00:00,True,396,396.0,,396.0,22657.250456,46573.516696000006,46573.51668,117.60989060606062,0.017663,22657.250456,1138.6712975050536,126.311506,60.547509468354434,84.66873534743704,8.50268624945839,1,14,100-300:300-600,False,True,,1709,99.94996664442962
141,2026-10-07T04:26:18.405+00:00,2026-10-07T04:26:40.799+00:00,2026-10-07T04:27:01.202+00:00,True,340,340.0,,340.0,22393.917726,42796.703774,42796.70388,125.87265847058823,0.017443,22393.917726,1214.71061257723,126.71942645000001,60.185209581120944,92.20109934422244,7.944537079198094,1,14,100-300:300-600,False,True,,1341,99.94996664442962
142,2026-10-07T04:26:23.844+00:00,2026-10-07T04:26:48.139+00:00,2026-10-07T04:27:57.336+00:00,True,1132,1132.0,,1132.0,24294.085174,93491.252022,93491.251873,82.58944511749117,0.017172,24294.085174,722.0916011207249,129.19454979999998,61.1822872219275,51.585383932284046,12.108084719344888,1,14,1-100:1000-1500,False,True,,1132,99.94996664442962
143,2026-10-07T04:26:27.814+00:00,2026-10-07T04:26:53.269+00:00,2026-10-07T04:27:59.361+00:00,True,1074,1074.0,,1074.0,25454.722747,91546.417339,91546.417442,85.23874994599628,42.534816,25454.722747,775.2775057006756,129.0997002,61.59524193103449,25.946621565557198,11.731753477833388,1,14,1-100:1000-1500,False,True,,1611,99.94996664442962
144,2026-10-07T04:26:31.937+00:00,2026-10-07T04:26:56.754+00:00,2026-10-07T04:27:32.985+00:00,True,593,593.0,,593.0,24816.687159,61047.890487000004,61047.890362,102.94753855311973,41.533439,24816.687159,1016.896165585794,123.5896744,61.201356972972974,25.136979775965973,9.713685358649336,1,14,100-300:300-600,False,True,,2569,99.94996664442962
145,2026-10-07T04:26:36.804+00:00,2026-10-07T04:27:01.556+00:00,2026-10-07T04:28:15.321+00:00,True,1199,1199.0,,1199.0,24752.445059,98517.29062700001,98517.290809,82.16621418598832,40.098169999999996,24752.445059,713.5291521950293,131.80511470000002,61.57332685141903,25.84709956724331,12.170452439050305,1,14,1-100:1000-1500,False,True,,5117,99.94996664442962
146,2026-10-07T04:26:40.754+00:00,2026-10-07T04:27:05.340+00:00,2026-10-07T04:28:08.912+00:00,True,1039,1039.0,,1039.0,24585.202920000003,88157.75536800001,88157.755558,84.84865789990376,41.564638,24585.202920000003,761.2572211915071,130.81742139999997,61.245233572254335,25.764727578608955,11.785690273792316,1,14,1-100:1000-1500,False,True,,1039,99.94996664442962
147,2026-10-07T04:26:45.526+00:00,2026-10-07T04:27:11.058+00:00,2026-10-07T04:27:33.817+00:00,True,366,366.0,,366.0,25531.953247999998,48290.44336,48290.443389,131.9411021557377,41.647572999999994,25531.953247999998,1331.5851414155206,132.1808105,62.35202770410959,26.73899619725479,7.579139360380476,1,14,100-300:300-600,False,True,,1744,99.94996664442962
148,2026-10-07T04:26:50.055+00:00,2026-10-07T04:27:16.943+00:00,2026-10-07T04:27:47.125+00:00,True,487,487.0,,487.0,26888.666730999998,57069.906283,57069.906470999995,117.18666626488705,38.210512,26888.666730999998,1215.9173840496478,132.16674360000002,62.101315950617284,26.566777200273513,8.533394072614199,1,14,100-300:300-600,False,True,,2547,99.94996664442962
149,2026-10-07T04:26:55.446+00:00,2026-10-07T04:27:22.136+00:00,2026-10-07T04:27:51.340+00:00,True,474,474.0,,474.0,26690.6269,55894.26594,55894.265888,117.92039216877637,42.46225,26690.6269,1223.3881954247422,131.43361345000002,61.74130875264271,26.33924743969663,8.480297433529548,1,14,100-300:300-600,False,True,,2201,99.94996664442962
150,2026-10-07T04:26:59.664+00:00,2026-10-07T04:27:27.959+00:00,2026-10-07T04:27:48.666+00:00,True,333,333.0,,333.0,28294.958982,49001.907846,49001.907815,147.15287632132132,41.699901,28294.958982,1547.37469470647,131.1146516,62.37032790361446,27.200320451311423,6.795653774267946,1,14,100-300:300-600,False,True,,1593,99.94996664442962
151,2026-10-07T04:27:04.705+00:00,2026-10-07T04:27:32.046+00:00,2026-10-07T04:27:52.547+00:00,True,336,336.0,,336.0,27340.422904,47841.511415999994,47841.511515,142.3854509375,40.374227,27340.422904,1488.435892630439,131.81885599999998,61.197279140298505,26.32540529416579,7.023189486601985,1,14,100-300:300-600,False,True,,1625,99.94996664442962
152,2026-10-07T04:27:07.893+00:00,2026-10-07T04:27:35.210+00:00,2026-10-07T04:28:08.686+00:00,True,550,550.0,,550.0,27316.869197,60793.353037,60793.353066,110.53336921090909,42.037985,27316.869197,1162.476705611619,132.32359764999998,60.97720189435337,25.607478492831977,9.047041699859184,1,14,100-300:300-600,False,True,,2171,99.94996664442962
153,2026-10-07T04:27:11.480+00:00,2026-10-07T04:27:39.820+00:00,2026-10-07T04:28:12.609+00:00,True,529,529.0,,529.0,28340.729938,61129.47822600001,61129.47821,115.55666958412098,37.953711000000006,28340.729938,1229.7988768775663,134.6890832,62.09990206060606,26.879235331620205,8.653762723840854,1,14,100-300:300-600,False,True,,3009,99.94996664442962
154,2026-10-07T04:27:14.879+00:00,2026-10-07T04:27:45.137+00:00,2026-10-07T04:28:50.273+00:00,True,1055,1055.0,,1055.0,30257.719186000002,95393.954194,95393.954067,90.4208095421801,36.30363,30257.719186000002,930.0418359254082,132.4332593,61.79908444781784,26.817371782061475,11.059401079595423,1,14,1-100:1000-1500,False,True,,2111,99.94996664442962
155,2026-10-07T04:27:18.754+00:00,2026-10-07T04:27:48.616+00:00,2026-10-07T04:28:11.596+00:00,True,370,370.0,,370.0,29861.431802000003,52842.061818,52842.061976000005,142.81638371891893,41.877985,29861.431802000003,1549.410545934069,134.4685002,62.278130124661246,26.517219493366092,7.001997788700288,1,14,100-300:300-600,False,True,,1986,99.94996664442962
156,2026-10-07T04:27:22.678+00:00,2026-10-07T04:27:55.790+00:00,2026-10-07T04:28:17.138+00:00,True,338,338.0,,338.0,33112.193362,54459.851345999996,54459.851419,161.1238207662722,44.144682,33112.193362,1797.8299828940021,135.49686874999998,63.34616612462908,27.497829075544622,6.206406952023854,1,14,100-300:300-600,False,True,,1399,99.94996664442962
157,2026-10-07T04:27:27.987+00:00,2026-10-07T04:28:00.300+00:00,2026-10-07T04:29:17.931+00:00,True,1275,1275.0,,1275.0,32312.381777,109943.827281,109943.82726,86.23045275294118,36.312096,32312.381777,903.5732464990567,126.16491749999999,60.93520055259027,25.23164214460892,11.59683114124534,1,14,1-100:1000-1500,False,True,,5863,99.94996664442962
158,2026-10-07T04:27:32.826+00:00,2026-10-07T04:28:08.794+00:00,2026-10-07T04:28:27.389+00:00,True,301,301.0,,301.0,35968.175551,54563.286974999995,54563.286979,181.2733786677741,32.746804,35968.175551,2069.762289131651,130.142495,61.98370474666667,26.08226338110236,5.516529825959958,1,14,100-300:300-600,False,True,,1440,99.94996664442962
159,2026-10-07T04:27:38.116+00:00,2026-10-07T04:28:12.792+00:00,2026-10-07T04:28:49.168+00:00,True,595,595.0,,595.0,34676.509661,71051.727325,71051.727307,119.41466774285713,36.109887,34676.509661,1419.3213786210695,129.57206050000002,61.23774017508418,25.770634464295423,8.374180648394251,1,14,100-300:300-600,False,True,,2711,99.94996664442962
160,2026-10-07T04:27:43.541+00:00,2026-10-07T04:28:19.171+00:00,2026-10-07T04:28:47.536+00:00,True,464,464.0,,464.0,35629.677975,63994.557335,63994.557242999996,137.91930440301724,35.23092,35629.677975,1651.427882698002,130.78076130000002,61.26323835853132,26.091495138573283,7.250616604331576,1,14,100-300:300-600,False,True,,2067,99.94996664442962
161,2026-10-07T04:27:47.459+00:00,2026-10-07T04:28:25.205+00:00,2026-10-07T04:28:53.357+00:00,True,458,458.0,,458.0,37745.495098,65897.592122,65897.592231,143.8812057445415,43.821388,37745.495098,1761.0441000546482,130.10449930000001,61.60196285339168,25.992560515185318,6.950178075582462,1,14,100-300:300-600,False,True,,2350,99.94996664442962
162,2026-10-07T04:27:52.254+00:00,2026-10-07T04:28:29.742+00:00,2026-10-07T04:29:06.028+00:00,True,599,599.0,,599.0,37488.170651,73774.475163,73774.474942,123.1627294524207,41.052087,37488.170651,1529.454947694631,126.70068410000002,60.67943898327759,25.31184675036061,8.119339360619614,1,14,100-300:300-600,False,True,,1934,99.94996664442962
163,2026-10-07T04:27:57.045+00:00,2026-10-07T04:28:34.620+00:00,2026-10-07T04:29:03.861+00:00,True,479,479.0,,479.0,37574.537835,66815.838315,66815.838495,139.490268256785,43.634427,37574.537835,1714.2248576777931,126.6462933,61.17426878661088,25.917582360068927,7.168958918718911,1,14,100-300:300-600,False,True,,1993,99.94996664442962
164,2026-10-07T04:28:00.595+00:00,2026-10-07T04:28:38.087+00:00,2026-10-07T04:29:11.282+00:00,True,553,553.0,,553.0,37492.041659999995,70687.208892,70687.208743,127.82497060216997,37.260360999999996,37492.041659999995,1591.9593815692213,123.8134062,60.136172521739134,24.800902516979182,7.823197558201871,1,14,100-300:300-600,False,True,,1852,99.94996664442962
165,2026-10-07T04:28:04.751+00:00,2026-10-07T04:28:41.135+00:00,2026-10-07T04:29:03.636+00:00,True,377,377.0,,377.0,36384.20668,58885.401688,58885.401710000006,156.19469949602123,43.593039,36384.20668,1870.955685719298,122.76614520000001,59.84360374468085,24.17746135262841,6.4022659129932915,1,14,100-300:300-600,False,True,,1709,99.94996664442962
166,2026-10-07T04:28:09.792+00:00,2026-10-07T04:28:47.080+00:00,2026-10-07T04:29:18.852+00:00,True,529,529.0,,529.0,37288.316623000006,69060.20449500001,69060.204498,130.54859073345938,40.687981,37288.316623000006,1618.7998586844637,121.48010019999998,60.174030060606064,24.49366192441948,7.6599831099298274,1,14,100-300:300-600,False,True,,2033,99.94996664442962
167,2026-10-07T04:28:13.258+00:00,2026-10-07T04:28:50.398+00:00,2026-10-07T04:29:55.587+00:00,True,1084,1084.0,,1084.0,37139.16143,102328.507734,102328.507705,94.39899234778598,0.017042,37139.16143,1127.8650595027407,125.03229185000001,60.19330221975993,61.4115655386499,10.593333412208324,1,14,1-100:1000-1500,False,True,,1084,99.94996664442962
168,2026-10-07T04:28:17.009+00:00,2026-10-07T04:28:54.445+00:00,2026-10-07T04:29:27.087+00:00,True,550,550.0,,550.0,37436.138784999996,70077.608225,70077.608302,127.41383327636363,0.016600999999999998,37436.138784999996,1595.9266880728615,123.2583943,59.45622848816029,83.45576014848139,7.848441377081544,1,14,100-300:300-600,False,True,,2012,99.94996664442962
169,2026-10-07T04:28:22.450+00:00,2026-10-07T04:28:59.095+00:00,2026-10-07T04:29:27.266+00:00,True,474,474.0,,474.0,36644.532131,64816.241059,64816.24116,136.74312481012657,0.017211999999999998,36644.532131,1682.6995332642991,124.85261865000001,59.559638325581396,87.96793446601839,7.312981935631441,1,14,100-300:300-600,False,True,,2286,99.94996664442962
170,2026-10-07T04:28:26.095+00:00,2026-10-07T04:29:02.915+00:00,2026-10-07T04:30:25.197+00:00,True,1344,1344.0,,1344.0,36820.126238,119102.10947,119102.109449,88.61764095907738,0.017192,36820.126238,1004.2285693539311,128.54390304999998,61.26729950260611,55.7672928644436,11.284434893561084,1,14,1-100:1000-1500,False,True,,5375,99.94996664442962
171,2026-10-07T04:28:30.490+00:00,2026-10-07T04:29:06.490+00:00,2026-10-07T04:30:17.936+00:00,True,1170,1170.0,,1170.0,35999.591164,107445.69727599999,107445.697282,91.83392930085469,0.017323,35999.591164,1052.2776091662604,127.32463725,61.117284954662104,58.15272074360236,10.889221529221174,1,14,1-100:1000-1500,False,True,,1171,99.94996664442962
172,2026-10-07T04:28:34.790+00:00,2026-10-07T04:29:11.088+00:00,2026-10-07T04:29:37.125+00:00,True,446,446.0,,446.0,36298.59319,62335.709350000005,62335.709187,139.76616409641255,0.017192,36298.59319,1718.2701158610544,127.28517825,58.51037339325843,88.05121537691082,7.154807487564108,1,14,100-300:300-600,False,True,,2041,99.94996664442962
173,2026-10-07T04:28:38.008+00:00,2026-10-07T04:29:13.791+00:00,2026-10-07T04:29:42.082+00:00,True,482,482.0,,482.0,35783.249996,64074.088524,64074.088725,132.9337940352697,0.017102,35783.249996,1629.5730159489424,125.3736933,58.816712116424114,87.9406566584472,7.522541656124519,1,14,100-300:300-600,False,True,,2029,99.94996664442962
174,2026-10-07T04:28:41.577+00:00,2026-10-07T04:29:17.880+00:00,2026-10-07T04:29:52.418+00:00,True,578,578.0,,578.0,36303.583237000006,70841.78150900001,70841.781724,122.56363620069205,0.017282,36303.583237000006,1509.654272621511,128.78424095,59.85822924090122,79.93487582189886,8.159026886224884,1,14,100-300:300-600,False,True,,2984,99.94996664442962
175,2026-10-07T04:28:45.514+00:00,2026-10-07T04:29:22.570+00:00,2026-10-07T04:30:51.860+00:00,True,1455,1455.0,,1455.0,37055.405437,126345.310077,126345.310124,86.83526469003436,39.780212,37055.405437,970.1905781530062,128.7638964,61.409838129298485,26.11722878811954,11.516058642091767,1,14,1-100:1000-1500,False,True,,2619,99.94996664442962
176,2026-10-07T04:28:50.910+00:00,2026-10-07T04:29:27.411+00:00,2026-10-07T04:30:01.630+00:00,True,556,556.0,,556.0,36501.629989,70720.120613,70720.120601,127.19446151258992,41.954035000000005,36501.629989,1545.6207877063496,133.528752,61.65493806126126,26.19647367514085,7.861977541619099,1,14,100-300:300-600,False,True,,2666,99.94996664442962
177,2026-10-07T04:28:56.453+00:00,2026-10-07T04:29:33.366+00:00,2026-10-07T04:30:03.731+00:00,True,487,487.0,,487.0,36912.270163999994,67277.151572,67277.15156,138.14610176591376,45.043642999999996,36912.270163999994,1670.0346860476195,132.6419624,62.47917985185185,26.59040237702549,7.23871312356042,1,14,100-300:300-600,False,True,,2281,99.94996664442962
178,2026-10-07T04:29:01.533+00:00,2026-10-07T04:29:41.925+00:00,2026-10-07T04:31:12.319+00:00,True,1451,1451.0,,1451.0,40391.883417000005,130786.22197700001,130786.22202900001,90.13523227360442,39.306864000000004,40391.883417000005,1059.082870441973,130.3463495,62.34092314482759,26.930600488223597,11.094440821565838,1,14,1-100:1000-1500,False,True,,2175,99.94996664442962
179,2026-10-07T04:29:05.075+00:00,2026-10-07T04:29:45.677+00:00,2026-10-07T04:30:05.450+00:00,True,313,313.0,,313.0,40602.224896,60374.693631999995,60374.693467,192.8903944632588,41.505455000000005,40602.224896,2291.5518896557683,132.72472679999998,63.37329723076923,27.166564927910894,5.184291317614284,1,14,100-300:300-600,False,True,,1353,99.94996664442962
180,2026-10-07T04:29:08.325+00:00,2026-10-07T04:29:49.216+00:00,2026-10-07T04:30:10.335+00:00,True,338,338.0,,338.0,40890.683269,62009.463941,62009.464162000004,183.45995314201184,40.894138,40890.683269,2220.9072615530654,131.04774435,62.66700496142433,26.357157299417608,5.450780873087309,1,14,100-300:300-600,False,True,,1183,99.94996664442962
181,2026-10-07T04:29:12.749+00:00,2026-10-07T04:29:55.419+00:00,2026-10-07T04:30:19.597+00:00,True,384,384.0,,384.0,42669.787365000004,66847.82230900001,66847.822312,174.0828706041667,38.387921999999996,42669.787365000004,2174.4297409665687,132.0582232,63.12802857441253,27.045380044399014,5.744390568551108,1,14,100-300:300-600,False,True,,1475,99.94996664442962
182,2026-10-07T04:29:17.668+00:00,2026-10-07T04:30:00.354+00:00,2026-10-07T04:30:29.229+00:00,True,460,460.0,,460.0,42686.347195,71561.188795,71561.188712,155.5678015478261,40.968817,42686.347195,1987.513361545583,130.01809680000002,62.908151633986925,27.16657100990887,6.428065376579384,1,14,100-300:300-600,False,True,,2049,99.94996664442962
183,2026-10-07T04:29:21.640+00:00,2026-10-07T04:30:03.574+00:00,2026-10-07T04:31:16.109+00:00,True,1175,1175.0,,1175.0,41934.49,114469.238928,114469.23882299999,97.42062878553192,40.32409,41934.49,1221.8361391745561,129.6422292,61.784283584327085,26.342797318312893,10.264766421126144,1,14,1-100:1000-1500,False,True,,2744,99.94996664442962
184,2026-10-07T04:29:26.724+00:00,2026-10-07T04:30:09.609+00:00,2026-10-07T04:30:31.860+00:00,True,352,352.0,,352.0,42884.896608999996,65136.162144999995,65136.162035999994,185.045914875,38.167418,42884.896608999996,2282.564374384227,131.8308869,63.39391890598291,27.947490442765332,5.404064169706694,1,14,100-300:300-600,False,True,,1807,99.94996664442962
185,2026-10-07T04:29:31.555+00:00,2026-10-07T04:30:14.795+00:00,2026-10-07T04:30:45.984+00:00,True,507,507.0,,507.0,43240.216662,74429.147734,74429.14784599999,146.80305295069033,41.655395,43240.216662,1917.8153212888583,129.49924249999998,61.638203699604745,26.831203362965745,6.811847447346185,1,14,100-300:300-600,False,True,,1949,99.94996664442962
186,2026-10-07T04:29:35.603+00:00,2026-10-07T04:30:18.099+00:00,2026-10-07T04:30:37.236+00:00,True,307,307.0,,307.0,42495.933417,61632.786665,61632.786825,200.75826327361563,41.030122000000006,42495.933417,2421.9473813530303,127.8659784,62.538736104575165,26.602716223649946,4.9811150300354505,1,14,100-300:300-600,False,True,,1838,99.94996664442962
187,2026-10-07T04:29:40.623+00:00,2026-10-07T04:30:23.109+00:00,2026-10-07T04:30:41.652+00:00,True,307,307.0,,307.0,42485.707092,61029.153364,61029.153465999996,198.79203083387623,38.916343999999995,42485.707092,2421.459222352251,126.81578710000002,60.59949762091503,25.174596230361175,5.03038274460307,1,14,100-300:300-600,False,True,,1094,99.94996664442962
188,2026-10-07T04:29:45.911+00:00,2026-10-07T04:30:28.631+00:00,2026-10-07T04:31:32.106+00:00,True,1043,1043.0,,1043.0,42720.643814999996,106195.634663,106195.63467,101.81748290508149,40.13215,42720.643814999996,1321.167916921843,126.5613703,60.91649793474089,25.698891139251195,9.82149599001733,1,14,1-100:1000-1500,False,True,,4725,99.94996664442962
189,2026-10-07T04:29:50.409+00:00,2026-10-07T04:30:33.017+00:00,2026-10-07T04:31:02.568+00:00,True,491,491.0,,491.0,42608.509994,72159.250218,72159.250213,146.9638497209776,38.595961,42608.509994,1920.3382056288685,125.74213950000001,60.30763311020408,25.1769165327988,6.804394426447642,1,14,100-300:300-600,False,True,,2698,99.94996664442962
190,2026-10-07T04:29:55.390+00:00,2026-10-07T04:30:37.653+00:00,2026-10-07T04:31:11.563+00:00,True,560,560.0,,560.0,42262.975652999994,76172.626085,76172.62586999999,136.02254619642855,42.456696,42262.975652999994,1783.5581457966432,128.5318805,60.66127089803221,25.701989897363756,7.351722380886589,1,14,100-300:300-600,False,True,,2627,99.94996664442962
191,2026-10-07T04:29:59.027+00:00,2026-10-07T04:30:41.307+00:00,2026-10-07T04:31:10.445+00:00,True,478,478.0,,478.0,42280.041951,71417.57513499999,71417.575077,149.40915288075314,40.780555,42280.041951,1931.2234189218245,129.6217065,61.084975228511524,25.896680993262994,6.6930303793770785,1,14,100-300:300-600,False,True,,2564,99.94996664442962
192,2026-10-07T04:30:04.103+00:00,2026-10-07T04:30:46.769+00:00,2026-10-07T04:31:10.731+00:00,True,389,389.0,,389.0,42665.819704,66628.006968,66628.007068,171.2802238251928,44.196587,42665.819704,2160.271339257339,131.7319912,61.75821459793814,26.298994490797586,5.838385653450932,1,14,100-300:300-600,False,True,,2023,99.94996664442962
193,2026-10-07T04:30:08.972+00:00,2026-10-07T04:30:53.610+00:00,2026-10-07T04:31:18.437+00:00,True,395,395.0,,395.0,44638.953484,69465.432588,69465.432497,175.8618544227848,40.958157,44638.953484,2243.0215561410623,130.390886,63.01136828426396,27.033459886438486,5.686281439327499,1,14,100-300:300-600,False,True,,797,99.94996664442962
194,2026-10-07T04:30:12.021+00:00,2026-10-07T04:30:57.481+00:00,2026-10-07T04:31:16.930+00:00,True,310,310.0,,310.0,45460.193316,64909.31024399999,64909.310094,209.38487127096772,41.894142,45460.193316,2578.5298140137106,130.18890629999999,62.942125980582524,26.836866306348536,4.775894225877333,1,14,100-300:300-600,False,True,,1706,99.94996664442962
195,2026-10-07T04:30:15.991+00:00,2026-10-07T04:31:01.303+00:00,2026-10-07T04:31:28.171+00:00,True,434,434.0,,434.0,45312.355358,72180.488734,72180.488598,166.31448985714286,40.598353,45312.355358,2172.2468037400317,127.21415285,62.05111634180138,26.616259107721437,6.012705200700145,1,14,100-300:300-600,False,True,,2490,99.94996664442962
196,2026-10-07T04:30:19.533+00:00,2026-10-07T04:31:03.434+00:00,2026-10-07T04:32:07.926+00:00,True,1074,1074.0,,1074.0,43900.857249,108393.149345,108393.149142,100.92471987150839,40.291488,43900.857249,1337.985390892253,125.3490743,60.10465246598323,24.960021020354585,9.908375266241325,1,14,1-100:1000-1500,False,True,,3635,99.94996664442962
197,2026-10-07T04:30:24.216+00:00,2026-10-07T04:31:08.677+00:00,2026-10-07T04:31:34.675+00:00,True,434,434.0,,434.0,44461.242640000004,70459.70152,70459.701524,162.34954268202765,42.734014,44461.242640000004,2131.4677422199456,123.21099105000002,60.04263020785219,24.62628732114004,6.159549226543474,1,14,100-300:300-600,False,True,,1475,99.94996664442962
198,2026-10-07T04:30:28.466+00:00,2026-10-07T04:31:12.515+00:00,2026-10-07T04:32:28.428+00:00,True,1264,1264.0,,1264.0,44048.917778999996,119961.733395,119961.733255,94.90643453718354,0.012714,44048.917778999996,1239.061364396174,121.67991454999999,60.105158840855104,66.4059889806643,10.536693362357529,1,14,1-100:1000-1500,False,True,,1264,99.94996664442962
199,2026-10-07T04:30:33.067+00:00,2026-10-07T04:31:17.212+00:00,2026-10-07T04:31:38.865+00:00,True,367,367.0,,367.0,44144.331555,65797.323299,65797.323173,179.28425932697547,41.285219,44144.331555,2301.349903626716,122.089363,59.161179628415304,23.800769505684908,5.577734497378524,1,14,100-300:300-600,False,True,,1361,99.94996664442962
200,2026-10-07T04:30:36.925+00:00,2026-10-07T04:31:19.668+00:00,2026-10-07T04:31:52.776+00:00,True,565,565.0,,565.0,42742.837817,75850.63532100001,75850.635411,134.2489122318584,37.916387,42742.837817,1795.885153487492,121.5622608,58.70176862411348,23.23559813582232,7.448849935256561,1,14,100-300:300-600,False,True,,2808,99.94996664442962
201,2026-10-07T04:30:42.256+00:00,2026-10-07T04:31:24.552+00:00,2026-10-07T04:31:44.368+00:00,True,342,342.0,,342.0,42295.289728,62112.101760000005,62112.101857,181.6143329152047,42.136935,42295.289728,2284.0328537064293,107.48749879999997,58.113818275659824,22.2391028495046,5.506173359283213,1,14,100-300:300-600,False,True,,1434,99.94996664442962
202,2026-10-07T04:30:47.004+00:00,2026-10-07T04:31:28.809+00:00,2026-10-07T04:32:30.623+00:00,True,1034,1034.0,,1034.0,41804.513665,103619.095681,103619.09568099999,100.21189137427466,0.012553000000000002,41804.513665,1300.2844766272035,123.00838275000002,59.839866424007745,73.6747093737101,9.978855665593288,1,14,1-100:1000-1500,False,True,,4305,99.94996664442962
203,2026-10-07T04:30:52.415+00:00,2026-10-07T04:31:35.143+00:00,2026-10-07T04:32:10.007+00:00,True,586,586.0,,586.0,42728.033706,77591.688362,77591.688434,132.40902463139932,39.423411,42728.033706,1762.7873242349256,126.08002225,59.595990864957265,24.531372500961115,7.552355314992598,1,14,100-300:300-600,False,True,,2678,99.94996664442962
204,2026-10-07T04:30:57.903+00:00,2026-10-07T04:31:39.127+00:00,2026-10-07T04:32:07.477+00:00,True,480,480.0,,480.0,41223.500881,69573.985105,69573.985034,144.94580215416667,41.041774,41223.500881,1879.0451347920596,127.64342635000001,59.18681466388309,24.535165109239454,6.899130461990804,1,14,100-300:300-600,False,True,,2206,99.94996664442962
205,2026-10-07T04:31:03.063+00:00,2026-10-07T04:31:45.373+00:00,2026-10-07T04:32:17.483+00:00,True,532,532.0,,532.0,42309.864689999995,74420.639474,74420.639266,139.88841967293232,39.989532,42309.864689999995,1831.9205702000077,129.35048305,60.472268896421845,25.496359493217813,7.148554537560275,1,14,100-300:300-600,False,True,,1867,99.94996664442962
206,2026-10-07T04:31:06.439+00:00,2026-10-07T04:31:47.208+00:00,2026-10-07T04:32:06.432+00:00,True,329,329.0,,329.0,40769.692862,59993.689790000004,59993.689864,182.35164092401217,39.642351000000005,40769.692862,2244.606372275123,128.21661899999998,58.60974673170732,24.35250927707204,5.4839100770701235,1,14,100-300:300-600,False,True,,1210,99.94996664442962
207,2026-10-07T04:31:10.962+00:00,2026-10-07T04:31:52.948+00:00,2026-10-07T04:32:24.344+00:00,True,500,500.0,,500.0,41986.823635,73382.891219,73382.891073,146.765782146,0.012424,41986.823635,1877.7417946947257,131.01801349999997,62.91797111022044,103.47934144273873,6.81357727522382,1,14,100-300:300-600,False,True,,2590,99.94996664442962
208,2026-10-07T04:31:14.019+00:00,2026-10-07T04:31:57.976+00:00,2026-10-07T04:32:24.277+00:00,True,397,397.0,,397.0,43956.110229000005,70257.340053,70257.34008200001,176.97062992947104,0.013966,43956.110229000005,2205.6080938615587,130.78628260000002,66.41724703030303,112.18205302994186,5.6506551443666275,1,14,100-300:300-600,False,True,,1994,99.94996664442962
209,2026-10-07T04:31:18.205+00:00,2026-10-07T04:32:03.061+00:00,2026-10-07T04:32:36.172+00:00,True,543,543.0,,543.0,44856.401052,77967.407516,77967.407337,143.58638551933703,0.012984,44856.401052,1924.9299396408949,130.82236369999998,61.0904178302583,99.70506374844753,6.964448572803563,1,14,100-300:300-600,False,True,,2524,99.94996664442962
210,2026-10-07T04:31:22.392+00:00,2026-10-07T04:32:07.627+00:00,2026-10-07T04:32:38.712+00:00,True,507,507.0,,507.0,45234.233293,76319.408333,76319.40820399999,150.53137712820512,0.012462999999999998,45234.233293,2008.7506911012322,128.49777400000002,61.433152252964426,101.40682127652893,6.643133261566136,1,14,100-300:300-600,False,True,,2484,99.94996664442962
211,2026-10-07T04:31:25.783+00:00,2026-10-07T04:32:12.239+00:00,2026-10-07T04:32:46.593+00:00,True,550,550.0,,550.0,46455.711357,80809.166973,80809.167004,146.9257581890909,0.013015,46455.711357,1980.5569550242046,133.31142715,62.57460039344262,96.47802755307747,6.806158516443639,1,14,100-300:300-600,False,True,,2768,99.94996664442962
212,2026-10-07T04:31:30.106+00:00,2026-10-07T04:32:16.527+00:00,2026-10-07T04:32:39.374+00:00,True,374,374.0,,374.0,46421.510630000004,69268.768998,69268.769061,185.21061246256684,0.013304999999999999,46421.510630000004,2400.2085949079633,120.4781842,61.25270339946381,119.66226897122334,5.399258647295992,1,14,100-300:300-600,False,True,,1399,99.94996664442962
213,2026-10-07T04:31:34.928+00:00,2026-10-07T04:32:21.264+00:00,2026-10-07T04:32:58.099+00:00,True,594,594.0,,594.0,46335.814928,83171.11783999999,83171.11775,140.01871675084175,0.013115,46335.814928,1900.9955499446235,131.06199715,62.116868317032036,94.82945554407253,7.1419023265108015,1,14,100-300:300-600,False,True,,2551,99.94996664442962
214,2026-10-07T04:31:40.484+00:00,2026-10-07T04:32:27.151+00:00,2026-10-07T04:33:00.667+00:00,True,542,542.0,,542.0,46667.366366999995,80182.41814299999,80182.418269,147.93804108671586,31.78816,46667.366366999995,2002.0494379548072,133.23822719999998,61.95018812569316,26.525270617737874,6.7595866095405,1,14,100-300:300-600,False,True,,2485,99.94996664442962
215,2026-10-07T04:31:45.391+00:00,2026-10-07T04:32:34.977+00:00,2026-10-07T04:33:05.512+00:00,True,488,488.0,,488.0,49585.882304,80120.713408,80120.713292,164.1817895327869,40.026889000000004,49585.882304,2241.9752562781678,132.68410715,62.69985852977413,27.320069745694948,6.090809470391879,1,14,100-300:300-600,False,True,,2414,99.94996664442962
216,2026-10-07T04:31:49.754+00:00,2026-10-07T04:32:39.121+00:00,2026-10-07T04:33:13.964+00:00,True,550,550.0,,550.0,49366.738734,84210.615342,84210.615278,153.11020959636363,43.807116,49366.738734,2102.4832628627555,132.98574175000002,63.46789910382514,27.89570047491582,6.531243095259604,1,14,100-300:300-600,False,True,,2225,99.94996664442962
217,2026-10-07T04:31:53.173+00:00,2026-10-07T04:32:42.167+00:00,2026-10-07T04:33:18.047+00:00,True,574,574.0,,574.0,48994.390171,84874.29340299999,84874.293336,147.86462253658536,43.00815,48994.390171,2042.5531107671136,130.03320290000002,62.61763216753927,27.168921175803895,6.7629429004437664,1,14,100-300:300-600,False,True,,2812,99.94996664442962
218,2026-10-07T04:31:57.024+00:00,2026-10-07T04:32:46.192+00:00,2026-10-07T04:33:12.025+00:00,True,417,417.0,,417.0,49167.412444,75000.534748,75000.534651,179.85739724460433,44.595956,49167.412444,2404.843007016114,131.17656079999998,62.0988516923077,26.48121797592758,5.559960357630915,1,14,100-300:300-600,False,True,,1914,99.94996664442962
219,2026-10-07T04:32:02.277+00:00,2026-10-07T04:32:50.862+00:00,2026-10-07T04:33:21.464+00:00,True,497,497.0,,497.0,48585.243785,79187.135113,79187.134957,159.3302514225352,40.984246,48585.243785,2176.7427074405064,128.56635559999998,61.69736154838709,26.76152040498356,6.276272014270769,1,14,100-300:300-600,False,True,,2311,99.94996664442962
220,2026-10-07T04:32:06.400+00:00,2026-10-07T04:32:55.153+00:00,2026-10-07T04:33:26.002+00:00,True,505,505.0,,505.0,48752.847556999994,79602.238661,79602.23869999999,157.62819544554455,40.983017,48752.847556999994,2166.900329738056,126.55526999999998,61.20910933333334,25.594178228247742,6.344042686420296,1,14,100-300:300-600,False,True,,1685,99.94996664442962
221,2026-10-07T04:32:10.098+00:00,2026-10-07T04:32:59.748+00:00,2026-10-07T04:33:18.921+00:00,True,308,308.0,,308.0,49650.629906999995,68822.961171,68822.96122299999,223.45117280194805,41.345642999999995,49650.629906999995,2825.6770492277487,128.56254065000002,62.45059043648209,26.97065670920775,4.475250625074561,1,14,100-300:300-600,False,True,,1163,99.94996664442962
222,2026-10-07T04:32:14.742+00:00,2026-10-07T04:33:06.744+00:00,2026-10-07T04:34:26.375+00:00,True,1310,1310.0,,1310.0,52002.452843,131633.356651,131633.356571,100.48347829847329,38.040383,52002.452843,1435.3333130469882,127.33833355,60.83338717188693,26.311604227901874,9.951884790670556,1,14,1-100:1000-1500,False,True,,1310,99.94996664442962
223,2026-10-07T04:32:18.451+00:00,2026-10-07T04:33:09.573+00:00,2026-10-07T04:33:40.200+00:00,True,502,502.0,,502.0,51121.960306,81749.437042,81749.437107,162.84748427689243,39.356818,51121.960306,2279.100074807399,126.06146625,61.13268809580838,25.628001897741125,6.140715069904272,1,14,100-300:300-600,False,True,,1930,99.94996664442962
224,2026-10-07T04:32:24.282+00:00,2026-10-07T04:33:12.892+00:00,2026-10-07T04:33:43.984+00:00,True,516,516.0,,516.0,48610.055883,79702.586059,79702.586047,154.46237606007753,40.078891000000006,48610.055883,2137.4246296989368,125.06785075000002,60.373845001941746,24.8390450315668,6.4740684777534065,1,14,100-300:300-600,False,True,,2530,99.94996664442962
225,2026-10-07T04:32:28.146+00:00,2026-10-07T04:33:16.106+00:00,2026-10-07T04:33:33.887+00:00,True,306,306.0,,306.0,47960.886771,65741.372915,65741.372831,214.84108768300652,42.714932,47960.886771,2738.502351435824,121.44697250000002,58.29667588196722,22.67180376159893,4.654603127860461,1,14,100-300:300-600,False,True,,640,99.94996664442962
226,2026-10-07T04:32:33.628+00:00,2026-10-07T04:33:21.637+00:00,2026-10-07T04:33:48.964+00:00,True,456,456.0,,456.0,48009.239742,75336.411838,75336.411683,165.21142912938595,40.551336000000006,48009.239742,2245.5639583401885,125.6537705,60.05971889230769,24.910937647867723,6.052849994774926,1,14,100-300:300-600,False,True,,2243,99.94996664442962
227,2026-10-07T04:32:37.333+00:00,2026-10-07T04:33:24.480+00:00,2026-10-07T04:33:52.526+00:00,True,474,474.0,,474.0,47146.435023000005,75192.364751,75192.364743,158.63368089240507,38.849568,47146.435023000005,2162.916975611415,124.96940095,59.2937203551797,24.00629171904774,6.30383153355602,1,14,100-300:300-600,False,True,,2460,99.94996664442962
228,2026-10-07T04:32:41.786+00:00,2026-10-07T04:33:31.967+00:00,2026-10-07T04:33:59.117+00:00,True,451,451.0,,451.0,50181.633335,77330.925879,77330.926005,171.4654678603104,41.961349999999996,50181.633335,2360.2548241162167,127.12497400000001,60.331761208888885,25.263434623101453,5.832078109418752,1,14,100-300:300-600,False,True,,1292,99.94996664442962
229,2026-10-07T04:32:45.204+00:00,2026-10-07T04:33:34.851+00:00,2026-10-07T04:33:58.359+00:00,True,390,390.0,,390.0,49647.649601000005,73155.136577,73155.136639,187.57727343333335,42.92274,49647.649601000005,2511.080970259584,127.44381655000001,60.43055777892031,26.025919534295937,5.331136243447547,1,14,100-300:300-600,False,True,,1637,99.94996664442962
230,2026-10-07T04:32:48.905+00:00,2026-10-07T04:33:37.687+00:00,2026-10-07T04:33:57.632+00:00,True,333,333.0,,333.0,48782.155770000005,68726.979834,68726.97986200001,206.38732691291293,40.646566,48782.155770000005,2670.072658445714,126.2787368,60.07477127710843,25.253507536325525,4.845258744154232,1,14,100-300:300-600,False,True,,1063,99.94996664442962
231,2026-10-07T04:32:52.915+00:00,2026-10-07T04:33:40.485+00:00,2026-10-07T04:34:06.235+00:00,True,426,426.0,,426.0,47569.330706,73319.25505800001,73319.255028,172.11092729577464,38.796259,47569.330706,2301.9506709231464,127.199214,60.58805729882353,25.828815412164158,5.810206332061175,1,14,100-300:300-600,False,True,,2242,99.94996664442962
232,2026-10-07T04:32:57.800+00:00,2026-10-07T04:33:44.835+00:00,2026-10-07T04:34:04.161+00:00,True,327,327.0,,327.0,47035.113764,66361.41162,66361.411645,202.9400967737003,42.070723,47035.113764,2597.8885311134213,126.46455519999999,59.28312225766871,24.9203448822685,4.927562449582504,1,14,100-300:300-600,False,True,,1122,99.94996664442962
233,2026-10-07T04:33:02.292+00:00,2026-10-07T04:33:49.133+00:00,2026-10-07T04:34:15.465+00:00,True,437,437.0,,437.0,46840.213486,73172.462318,73172.462312,167.4427055194508,41.755545,46840.213486,2237.928563509477,127.5038794,60.39506612844036,25.624744046732744,5.972192080961317,1,14,100-300:300-600,False,True,,1552,99.94996664442962
234,2026-10-07T04:33:07.897+00:00,2026-10-07T04:33:55.319+00:00,2026-10-07T04:34:14.652+00:00,True,321,321.0,,321.0,47422.071741,66755.061949,66755.061875,207.95969431464175,38.082542000000004,47422.071741,2643.599840043648,127.626656,60.415594399999996,26.255098708852838,4.808624104719427,1,14,100-300:300-600,False,True,,1286,99.94996664442962
235,2026-10-07T04:33:12.741+00:00,2026-10-07T04:34:00.453+00:00,2026-10-07T04:34:24.664+00:00,True,397,397.0,,397.0,47711.424105,71923.238505,71923.23845799999,181.16684750125944,40.510131,47711.424105,2391.6434554777625,127.0191472,61.14094545454545,26.304764666793744,5.519773695568521,1,14,100-300:300-600,False,True,,1840,99.94996664442962
236,2026-10-07T04:33:17.983+00:00,2026-10-07T04:34:05.024+00:00,2026-10-07T04:34:37.413+00:00,True,539,539.0,,539.0,47040.9375,79429.884956,79429.88494,147.36527818181818,27.772983,47040.9375,2023.757925136364,124.7466417,60.20250456505577,25.02265738726958,6.785859003806664,1,14,100-300:300-600,False,True,,2459,99.94996664442962
237,2026-10-07T04:33:22.607+00:00,2026-10-07T04:34:10.412+00:00,2026-10-07T04:35:12.240+00:00,True,1029,1029.0,,1029.0,47805.219962999996,109633.270651,109633.27064,106.54350888241011,29.681009,47805.219962999996,1488.6167634484232,124.0975488,60.14401817898833,25.164986579999308,9.385836926051919,1,14,1-100:1000-1500,False,True,,2885,99.94996664442962
238,2026-10-07T04:33:26.421+00:00,2026-10-07T04:34:13.066+00:00,2026-10-07T04:34:32.735+00:00,True,331,331.0,,331.0,46644.92054,66313.886684,66313.886704,200.34406859214502,26.905768,46644.92054,2560.6804907129113,124.964652,59.60292770909091,24.81320569070286,4.991413059187535,1,14,100-300:300-600,False,True,,1554,99.94996664442962
239,2026-10-07T04:33:29.787+00:00,2026-10-07T04:34:16.722+00:00,2026-10-07T04:34:35.958+00:00,True,323,323.0,,323.0,46934.815301,66170.655813,66170.655747,204.86271129102167,23.930854,46934.815301,2608.311966237958,123.16537489999999,59.73863513043478,24.30932174393364,4.8813177991284595,1,14,100-300:300-600,False,True,,1132,99.94996664442962
240,2026-10-07T04:33:34.414+00:00,2026-10-07T04:34:20.487+00:00,2026-10-07T04:35:40.534+00:00,True,1311,1311.0,,1311.0,46072.588219,126119.614907,126119.615045,96.20107936308162,31.588572,46072.588219,1271.030815116759,127.04345799999999,61.10460052519084,26.0536972730151,10.39489377577568,1,14,1-100:1000-1500,False,True,,1311,99.94996664442962
241,2026-10-07T04:33:38.864+00:00,2026-10-07T04:34:24.569+00:00,2026-10-07T04:34:59.257+00:00,True,580,580.0,,580.0,45704.607256999996,80392.73653699999,80392.73660399999,138.6081665586207,29.608282,45704.607256999996,1895.4575856020801,123.72391534999998,59.9104132642487,25.009056049447402,7.214582125004048,1,14,100-300:300-600,False,True,,2318,99.94996664442962
242,2026-10-07T04:33:43.597+00:00,2026-10-07T04:34:29.305+00:00,2026-10-07T04:36:02.760+00:00,True,1500,1500.0,,1500.0,45707.298192,139162.429328,139162.429251,92.774952834,0.012073,45707.298192,1181.0714459621076,126.2062234,62.344984080053365,77.1960685490098,10.778771305181538,1,14,1-100:1000-1500,False,True,,6649,99.94996664442962
243,2026-10-07T04:33:47.920+00:00,2026-10-07T04:34:35.063+00:00,2026-10-07T04:35:03.182+00:00,True,463,463.0,,463.0,47143.125054,75262.004798,75262.004925,162.55292640388768,39.607059,47143.125054,2188.2512198978675,124.428322,60.86337606926407,25.90072898935561,6.151842503301264,1,14,100-300:300-600,False,True,,2261,99.94996664442962
244,2026-10-07T04:33:52.236+00:00,2026-10-07T04:34:37.555+00:00,2026-10-07T04:36:06.860+00:00,True,1462,1462.0,,1462.0,45318.594708,134624.496532,134624.496522,92.0824189616963,0.011111000000000001,45318.594708,1186.3259731233518,127.1257395,61.12655840109514,79.93631787964196,10.859836342284744,1,14,1-100:1000-1500,False,True,,1462,99.94996664442962
245,2026-10-07T04:33:57.748+00:00,2026-10-07T04:34:42.135+00:00,2026-10-07T04:35:16.743+00:00,True,580,580.0,,580.0,44387.795065,78995.323001,78995.322831,136.19883246724137,40.328631,44387.795065,1840.7952972603407,127.34887595000001,59.771205416234885,25.352474247536254,7.342206829037939,1,14,100-300:300-600,False,True,,2208,99.94996664442962
246,2026-10-07T04:34:00.914+00:00,2026-10-07T04:34:44.394+00:00,2026-10-07T04:35:02.988+00:00,True,312,312.0,,312.0,43480.516254,62074.30595,62074.306052,198.95610914102565,36.622456,43480.516254,2458.3491206060153,126.29623885000001,59.7871051318328,25.747149572358726,5.026234207939622,1,14,100-300:300-600,False,True,,1224,99.94996664442962
247,2026-10-07T04:34:05.697+00:00,2026-10-07T04:34:49.277+00:00,2026-10-07T04:35:24.389+00:00,True,580,580.0,,580.0,43580.423590000006,78691.663782,78691.66380800001,135.6752824275862,42.221458,43580.423590000006,1807.2437033604438,128.85989975,60.64117477029361,25.747060192689336,7.370539293803439,1,14,100-300:300-600,False,True,,2701,99.94996664442962
248,2026-10-07T04:34:09.629+00:00,2026-10-07T04:34:53.860+00:00,2026-10-07T04:35:30.381+00:00,True,596,596.0,,596.0,44230.572794,80751.785466,80751.785535,135.48957304530202,42.861236,44230.572794,1809.4339239869848,129.4476345,61.380189364705885,26.470102042033623,7.380641759939064,1,14,100-300:300-600,False,True,,2525,99.94996664442962
249,2026-10-07T04:34:12.894+00:00,2026-10-07T04:34:57.391+00:00,2026-10-07T04:36:04.425+00:00,True,1089,1089.0,,1089.0,44496.476670000004,111530.64115000001,111530.641202,102.41564848668503,0.011351000000000002,44496.476670000004,1349.5785160980804,128.304289,61.61228352941176,90.98238236656466,9.764132876591106,1,14,1-100:1000-1500,False,True,,2725,99.94996664442962
250,2026-10-07T04:34:15.959+00:00,2026-10-07T04:35:00.897+00:00,2026-10-07T04:35:19.752+00:00,True,309,309.0,,309.0,44937.845347,63792.521827000004,63792.521799,206.4482906116505,43.301812,44937.845347,2553.0783794620534,130.1996076,61.21648207792207,26.4102392165645,4.843827946447739,1,14,100-300:300-600,False,True,,1596,99.94996664442962
251,2026-10-07T04:34:20.660+00:00,2026-10-07T04:35:04.543+00:00,2026-10-07T04:35:31.343+00:00,True,433,433.0,,433.0,43883.887384,70683.219736,70683.21973900001,163.2406922378753,43.448908,43883.887384,2106.119401128986,131.7622416,62.03549155555555,27.227432940727912,6.12592354475707,1,14,100-300:300-600,False,True,,2094,99.94996664442962
252,2026-10-07T04:34:25.033+00:00,2026-10-07T04:35:09.617+00:00,2026-10-07T04:35:43.049+00:00,True,538,538.0,,538.0,44584.427185,78016.005041,78016.005087,145.01116187174722,43.388975,44584.427185,1919.6801147529231,131.78519649999998,62.256197124767226,27.247721093463532,6.896020883372112,1,14,100-300:300-600,False,True,,2734,99.94996664442962
253,2026-10-07T04:34:30.280+00:00,2026-10-07T04:35:16.936+00:00,2026-10-07T04:35:41.348+00:00,True,383,383.0,,383.0,46655.683536,71068.11361599999,71068.113644,185.5564324908616,41.010398,46655.683536,2380.904211872742,133.56411150000002,63.90688502617801,28.957196686200934,5.3891960896760445,1,14,100-300:300-600,False,True,,1449,99.94996664442962
254,2026-10-07T04:34:35.445+00:00,2026-10-07T04:35:23.348+00:00,2026-10-07T04:36:36.615+00:00,True,1206,1206.0,,1206.0,47903.00169,121170.02837799999,121170.02841,100.47266037313433,0.011061,47903.00169,1380.1845949056672,125.43242925,60.80251177427386,83.71488426595832,9.952956322150744,1,14,1-100:1000-1500,False,True,,4221,99.94996664442962
255,2026-10-07T04:34:39.351+00:00,2026-10-07T04:35:26.582+00:00,2026-10-07T04:36:31.673+00:00,True,1069,1069.0,,1069.0,47231.686122,112322.267626,112322.267613,105.07228027408793,0.011381,47231.686122,1445.4489683037825,126.49018619999998,60.946237363295886,88.72427940231036,9.517257998738545,1,14,1-100:1000-1500,False,True,,3917,99.94996664442962
256,2026-10-07T04:34:44.543+00:00,2026-10-07T04:35:31.242+00:00,2026-10-07T04:35:55.632+00:00,True,406,406.0,,406.0,46698.710189000005,71089.367469,71089.367513,175.096964317734,38.412178999999995,46698.710189000005,2314.7623984107727,124.42371125,60.22384513580247,24.861464215209754,5.711121289369253,1,14,100-300:300-600,False,True,,1973,99.94996664442962
257,2026-10-07T04:34:48.958+00:00,2026-10-07T04:35:34.868+00:00,2026-10-07T04:36:50.653+00:00,True,1257,1257.0,,1257.0,45909.855623999996,121694.932104,121694.931984,96.81378837231503,0.011652,45909.855623999996,1295.6831452444571,124.59106920000002,60.33843668789809,80.14148538710933,10.329107204939092,1,14,1-100:1000-1500,False,True,,6704,99.94996664442962
258,2026-10-07T04:34:52.369+00:00,2026-10-07T04:35:36.290+00:00,2026-10-07T04:36:05.525+00:00,True,484,484.0,,484.0,43920.416694,73155.517622,73155.517864,151.1477641818182,0.011401,43920.416694,1997.9680935591998,124.57226915,60.52815927122153,131.70675531914048,6.616042312773508,1,14,100-300:300-600,False,True,,2271,99.94996664442962
259,2026-10-07T04:34:56.580+00:00,2026-10-07T04:35:40.685+00:00,2026-10-07T04:36:03.751+00:00,True,383,383.0,,383.0,44104.623200999995,67170.116449,67170.11656899999,175.37889443603132,0.011491,44104.623200999995,2255.4443751886065,125.38935620000001,60.380872376963346,148.6149778352531,5.70194039027458,1,14,100-300:300-600,False,True,,1826,99.94996664442962
260,2026-10-07T04:35:00.322+00:00,2026-10-07T04:35:45.330+00:00,2026-10-07T04:36:45.865+00:00,True,1007,1007.0,,1007.0,45008.21705,105542.342618,105542.342564,104.80868179145978,0.011282,45008.21705,1419.4514435487827,124.3989097,60.173087045725644,92.56478761256898,9.54119432088727,1,14,1-100:1000-1500,False,True,,3215,99.94996664442962
261,2026-10-07T04:35:03.435+00:00,2026-10-07T04:35:49.828+00:00,2026-10-07T04:36:19.654+00:00,True,498,498.0,,498.0,46393.166871,76218.916119,76218.916071,153.05003227108435,0.011502,46393.166871,2080.0264431818177,124.55000820000001,60.01156790342052,125.60304291947695,6.533811097792003,1,14,100-300:300-600,False,True,,2371,99.94996664442962
262,2026-10-07T04:35:07.058+00:00,2026-10-07T04:35:52.932+00:00,2026-10-07T04:37:06.196+00:00,True,1213,1213.0,,1213.0,45874.476798,119138.361598,119138.361751,98.21794043775763,0.011361000000000001,45874.476798,1318.1431123770403,124.443311,60.448749834983495,84.54827828112573,10.18143932592374,1,14,1-100:1000-1500,False,True,,4378,99.94996664442962
263,2026-10-07T04:35:12.096+00:00,2026-10-07T04:35:58.098+00:00,2026-10-07T04:36:29.191+00:00,True,515,515.0,,515.0,46001.241401,77095.066169,77095.066215,149.69915769902912,0.011271000000000002,46001.241401,2028.4797568544575,123.2700202,60.493822505836576,128.8512365721351,6.680064310095657,1,14,100-300:300-600,False,True,,2157,99.94996664442962
264,2026-10-07T04:35:15.621+00:00,2026-10-07T04:36:02.731+00:00,2026-10-07T04:36:27.106+00:00,True,446,446.0,,446.0,47109.868634000006,71484.69436200001,71484.694495,160.27958406950674,0.013885999999999999,47109.868634000006,2228.2964947199303,121.45854500000002,54.774889276404494,27.815766588840564,6.239097809405836,1,14,100-300:300-600,False,True,,2262,99.94996664442962
265,2026-10-07T04:35:19.419+00:00,2026-10-07T04:36:02.888+00:00,2026-10-07T04:37:07.977+00:00,True,1087,1087.0,,1087.0,43469.542729,108558.773833,108558.773704,99.87007700459982,29.267613,43469.542729,1316.8805555417516,123.609331,59.93483527071823,24.530829892580332,10.01300918958584,1,14,1-100:1000-1500,False,True,,1397,99.94996664442962
266,2026-10-07T04:35:23.499+00:00,2026-10-07T04:36:07.010+00:00,2026-10-07T04:36:28.400+00:00,True,359,359.0,,359.0,43511.573522,64900.958226,64900.958195,180.78261335654597,42.066377,43511.573522,2293.4318297215905,123.7663593,59.74688464804469,24.65260098889574,5.53150538625146,1,14,100-300:300-600,False,True,,1532,99.94996664442962
267,2026-10-07T04:35:26.724+00:00,2026-10-07T04:36:10.753+00:00,2026-10-07T04:37:13.419+00:00,True,1044,1044.0,,1044.0,44028.832484,106695.023332,106695.023356,102.19829823371647,31.086782,44028.832484,1361.0193199865275,124.44770470000002,60.08263743815915,24.519638347070938,9.78489874594632,1,14,1-100:1000-1500,False,True,,4207,99.94996664442962
268,2026-10-07T04:35:30.062+00:00,2026-10-07T04:36:13.879+00:00,2026-10-07T04:36:32.771+00:00,True,310,310.0,,310.0,43817.039515000004,62709.128603000005,62709.12858900001,202.28751157741937,41.372337,43817.039515000004,2485.295255529215,125.88014525,61.13944688673139,25.178236137675373,4.943458901534945,1,14,100-300:300-600,False,True,,1643,99.94996664442962
269,2026-10-07T04:35:33.862+00:00,2026-10-07T04:36:19.803+00:00,2026-10-07T04:37:39.490+00:00,True,1315,1315.0,,1315.0,45940.853812,125627.70642,125627.706283,95.53437740152091,26.482433,45940.853812,1265.4693735094904,125.21767729999999,60.64448448097412,25.644503408099844,10.467436184846653,1,14,1-100:1000-1500,False,True,,2630,99.94996664442962
270,2026-10-07T04:35:39.504+00:00,2026-10-07T04:36:23.667+00:00,2026-10-07T04:36:44.986+00:00,True,355,355.0,,355.0,44162.503107000004,65481.542851000006,65481.542763000005,184.45505003661972,27.286270000000002,44162.503107000004,2340.8335256083747,123.35110279999999,60.22327611299435,24.470761159083633,5.421375009562388,1,14,100-300:300-600,False,True,,1911,99.94996664442962
271,2026-10-07T04:35:43.780+00:00,2026-10-07T04:36:27.324+00:00,2026-10-07T04:37:01.994+00:00,True,574,574.0,,574.0,43543.734836,78213.937204,78213.93733,136.26121486062718,29.003368,43543.734836,1815.1248962972402,125.46338945,60.50646137521815,24.864256907525093,7.338845486104036,1,14,100-300:300-600,False,True,,2655,99.94996664442962
272,2026-10-07T04:35:48.889+00:00,2026-10-07T04:36:31.868+00:00,2026-10-07T04:37:00.919+00:00,True,489,489.0,,489.0,42978.788128,72030.198304,72030.198121,147.30101865235173,34.410039,42978.788128,1941.0255916001886,124.2674828,59.5315782295082,24.132833133133865,6.788819294043852,1,14,100-300:300-600,False,True,,2169,99.94996664442962
273,2026-10-07T04:35:52.179+00:00,2026-10-07T04:36:35.616+00:00,2026-10-07T04:37:44.113+00:00,True,1130,1130.0,,1130.0,43437.030803999995,111934.07016399999,111934.070052,99.05669916106194,31.326702,43437.030803999995,1290.6188949437553,125.52797814999998,60.67053973427812,25.412974670304187,10.095228363842955,1,14,1-100:1000-1500,False,True,,4391,99.94996664442962
274,2026-10-07T04:35:56.254+00:00,2026-10-07T04:36:40.833+00:00,2026-10-07T04:37:03.102+00:00,True,368,368.0,,368.0,44579.675263,66847.794047,66847.793999,181.65161412771738,41.223667,44579.675263,2320.8473670868325,124.95183580000001,60.676072980926435,24.98355406097699,5.505043288956744,1,14,100-300:300-600,False,True,,1523,99.94996664442962
275,2026-10-07T04:36:02.788+00:00,2026-10-07T04:36:46.966+00:00,2026-10-07T04:37:15.741+00:00,True,487,487.0,,487.0,44177.780982000004,72952.892918,72952.892871,149.80060137782343,38.249986,44177.780982000004,1999.34597336359,123.03934559999999,59.208049251028804,23.903439830021007,6.675540619717361,1,14,100-300:300-600,False,True,,2276,99.94996664442962
276,2026-10-07T04:36:03.754+00:00,2026-10-07T04:36:47.857+00:00,2026-10-07T04:37:58.046+00:00,True,1160,1160.0,,1160.0,44103.031679,114292.13503899999,114292.135056,98.52770263448276,29.948058,44103.031679,1293.3747321331125,126.85928564999999,60.560054667817084,25.093487973636304,10.14942978888418,1,14,1-100:1000-1500,False,True,,1319,99.94996664442962
277,2026-10-07T04:36:07.726+00:00,2026-10-07T04:36:52.547+00:00,2026-10-07T04:38:09.371+00:00,True,1265,1265.0,,1265.0,44821.131062,121645.131318,121645.131204,96.16215905454546,25.443698,44821.131062,1258.7423153781112,127.10731379999999,60.77848121518988,25.432827469003644,10.399100944641063,1,14,1-100:1000-1500,False,True,,1265,99.94996664442962
278,2026-10-07T04:36:11.738+00:00,2026-10-07T04:36:56.631+00:00,2026-10-07T04:38:05.792+00:00,True,1139,1139.0,,1139.0,44893.529767,114054.179751,114054.179741,100.13536412730465,22.283305,44893.529767,1328.6559508143803,126.73207140000001,60.77385763093146,25.34534968458454,9.98648188507106,1,14,1-100:1000-1500,False,True,,1139,99.94996664442962
279,2026-10-07T04:36:15.690+00:00,2026-10-07T04:36:59.663+00:00,2026-10-07T04:37:23.323+00:00,True,396,396.0,,396.0,43972.876947,67632.49832299999,67632.49827899999,170.78913706818182,40.725383,43972.876947,2206.8515578580955,124.41181225,59.89777563544304,25.00663146339653,5.855173323758928,1,14,100-300:300-600,False,True,,1491,99.94996664442962
280,2026-10-07T04:36:20.177+00:00,2026-10-07T04:37:03.269+00:00,2026-10-07T04:37:26.444+00:00,True,394,394.0,,394.0,43092.22217,66266.951386,66266.951295,168.19023171319796,40.163471,43092.22217,2168.120712875415,125.43593895,58.968776631043255,24.37981794323094,5.945648498374094,1,14,100-300:300-600,False,True,,1923,99.94996664442962
281,2026-10-07T04:36:24.068+00:00,2026-10-07T04:37:07.149+00:00,2026-10-07T04:37:32.971+00:00,True,435,435.0,,435.0,43081.595287000004,68903.89723900001,68903.89727700001,158.3997638551724,43.039519999999996,43081.595287000004,2062.895172552433,125.0642974,59.49839159447005,24.36070560634258,6.313140728327155,1,14,100-300:300-600,False,True,,2056,99.94996664442962
282,2026-10-07T04:36:29.068+00:00,2026-10-07T04:37:11.055+00:00,2026-10-07T04:37:41.066+00:00,True,495,495.0,,495.0,41987.372295,71998.214919,71998.214813,145.4509390161616,42.805510999999996,41987.372295,1884.6313890526226,129.1502428,60.7506935708502,25.33026686540461,6.875170454668755,1,14,100-300:300-600,False,True,,1977,99.94996664442962
283,2026-10-07T04:36:32.217+00:00,2026-10-07T04:37:15.902+00:00,2026-10-07T04:37:45.449+00:00,True,472,472.0,,472.0,43684.995255999995,73232.58795999999,73232.587804,155.15378772033898,41.953685,43684.995255999995,2008.059234764448,130.29196155000002,62.73374247133758,27.05637165148315,6.445218080478171,1,14,100-300:300-600,False,True,,2195,99.94996664442962
284,2026-10-07T04:36:37.005+00:00,2026-10-07T04:37:20.891+00:00,2026-10-07T04:37:45.498+00:00,True,394,394.0,,394.0,43885.90299,68492.795534,68492.795562,173.83958264467006,43.02272,43885.90299,2207.9529288850367,131.07444519999999,62.61295812722646,27.228679210648913,5.752429827519849,1,14,100-300:300-600,False,True,,1840,99.94996664442962
285,2026-10-07T04:36:40.965+00:00,2026-10-07T04:37:23.935+00:00,2026-10-07T04:37:54.465+00:00,True,504,504.0,,504.0,42969.577405,73499.722941,73499.722909,145.8327835496032,26.272431,42969.577405,1911.4785725808206,130.5037099,60.69611438568588,25.146710871628546,6.857168705310262,1,14,100-300:300-600,False,True,,1633,99.94996664442962
286,2026-10-07T04:36:44.882+00:00,2026-10-07T04:37:30.909+00:00,2026-10-07T04:38:39.476+00:00,True,1104,1104.0,,1104.0,46026.67543,114594.487782,114594.487833,103.79935492119566,23.256079000000003,46026.67543,1383.6268330822816,130.9975394,62.16483440797825,26.71147192225893,9.633971243889198,1,14,1-100:1000-1500,False,True,,4408,99.94996664442962
287,2026-10-07T04:36:49.777+00:00,2026-10-07T04:37:35.377+00:00,2026-10-07T04:39:05.661+00:00,True,1461,1461.0,,1461.0,45600.502582999994,135884.46418299997,135884.464103,93.00784675085558,23.117649,45600.502582999994,1191.6900612063366,130.193955,61.8383298630137,26.59923723975263,10.751780998543177,1,14,1-100:1000-1500,False,True,,5603,99.94996664442962
288,2026-10-07T04:36:55.089+00:00,2026-10-07T04:37:40.866+00:00,2026-10-07T04:38:14.971+00:00,True,550,550.0,,550.0,45776.641233,79882.023121,79882.023142,145.24004207636364,22.797409,45776.641233,1949.4495002381543,129.92518855,62.12273567941712,26.210044612057697,6.885153611681772,1,14,100-300:300-600,False,True,,2443,99.94996664442962
289,2026-10-07T04:36:58.843+00:00,2026-10-07T04:37:43.353+00:00,2026-10-07T04:38:10.301+00:00,True,443,443.0,,443.0,44509.679574,71457.352406,71457.352485,161.30327874717833,25.202606,44509.679574,2111.9666452517786,119.80629369999998,60.96758559276018,24.742198319735994,6.1995020118154125,1,14,100-300:300-600,False,True,,2318,99.94996664442962
290,2026-10-07T04:37:02.497+00:00,2026-10-07T04:37:45.795+00:00,2026-10-07T04:38:57.981+00:00,True,1179,1179.0,,1179.0,43297.893231,115483.713135,115483.713346,97.95056263443597,20.374649,43297.893231,1259.465434995209,129.26659500000002,61.278285147707976,25.857620711139578,10.209231830134815,1,14,1-100:1000-1500,False,True,,4907,99.94996664442962
291,2026-10-07T04:37:07.790+00:00,2026-10-07T04:37:57.280+00:00,2026-10-07T04:39:18.551+00:00,True,1317,1317.0,,1317.0,49490.369496,130761.275608,130761.275646,99.28722524373576,26.365886,49490.369496,1362.2814260891832,128.1698914,61.75600768389058,26.366021184079997,10.07178917363992,1,14,1-100:1000-1500,False,True,,4559,99.94996664442962
292,2026-10-07T04:37:11.158+00:00,2026-10-07T04:38:00.369+00:00,2026-10-07T04:38:29.351+00:00,True,474,474.0,,474.0,49211.562984,78193.854184,78193.854199,164.96593712869196,40.374826999999996,49211.562984,2257.6924307412055,126.5832578,61.273342917547566,25.601960303543454,6.061857481594631,1,14,100-300:300-600,False,True,,2263,99.94996664442962
293,2026-10-07T04:37:14.823+00:00,2026-10-07T04:38:05.989+00:00,2026-10-07T04:38:27.992+00:00,True,358,358.0,,358.0,51166.342587,73169.822139,73169.822313,204.38497852793296,43.814341999999996,51166.342587,2701.0944864261037,128.73361584999998,61.63439650420168,26.20179864878028,4.892727487022053,1,14,100-300:300-600,False,True,,1773,99.94996664442962
294,2026-10-07T04:37:20.403+00:00,2026-10-07T04:38:10.062+00:00,2026-10-07T04:38:46.032+00:00,True,583,583.0,,583.0,49659.822331,85629.049339,85629.049186,146.87658522469982,22.914919,49659.822331,2054.3176728240956,131.13506399999997,61.802795546391756,27.034446806540405,6.808437142539558,1,14,100-300:300-600,False,True,,2769,99.94996664442962
295,2026-10-07T04:37:25.598+00:00,2026-10-07T04:38:15.317+00:00,2026-10-07T04:38:49.936+00:00,True,566,566.0,,566.0,49719.529748,84337.833236,84337.83314,149.0067723321555,25.935419000000003,49719.529748,2087.4590788560154,129.16032550000003,61.27133360707965,26.411058186225496,6.711104355932163,1,14,100-300:300-600,False,True,,2722,99.94996664442962
296,2026-10-07T04:37:30.467+00:00,2026-10-07T04:38:18.307+00:00,2026-10-07T04:38:36.572+00:00,True,305,305.0,,305.0,47840.400644,66105.666308,66105.66649,216.73989013114755,42.860094,47840.400644,2736.0101727466126,129.06031900000002,60.0831107368421,25.36033964448521,4.613825365271137,1,14,100-300:300-600,False,True,,1574,99.94996664442962
297,2026-10-07T04:37:35.073+00:00,2026-10-07T04:38:24.888+00:00,2026-10-07T04:38:45.211+00:00,True,329,329.0,,329.0,49815.454835000004,70138.27953900001,70138.279557,213.18626005167175,23.921115,49815.454835000004,2743.1309236988304,131.11575140000002,61.959831414634145,26.94660149490085,4.6907338212803085,1,14,100-300:300-600,False,True,,1929,99.94996664442962
298,2026-10-07T04:37:39.726+00:00,2026-10-07T04:38:30.131+00:00,2026-10-07T04:39:02.909+00:00,True,528,528.0,,528.0,50405.630248,83183.774248,83183.774099,157.5450267026515,28.528067,50405.630248,2191.082134347971,129.15970774999997,62.197616698292215,26.951281766484463,6.347391721200902,1,14,100-300:300-600,False,True,,2646,99.94996664442962
299,2026-10-07T04:37:45.250+00:00,2026-10-07T04:38:36.750+00:00,2026-10-07T04:39:00.095+00:00,True,380,380.0,,380.0,51500.061663,74845.689311,74845.689498,196.96234078421054,27.425402,51500.061663,2638.872118039904,130.01689935000002,61.59796213192612,26.6886209456539,5.077112703458685,1,14,100-300:300-600,False,True,,1706,99.94996664442962
300,2026-10-07T04:37:48.498+00:00,2026-10-07T04:38:38.721+00:00,2026-10-07T04:38:59.406+00:00,True,339,339.0,,339.0,50222.71108,70907.2218,70907.22187,209.16584622418878,21.409799,50222.71108,2724.5297745091384,130.6108594,61.19677727810651,26.684092068341172,4.780895251490448,1,14,100-300:300-600,False,True,,648,99.94996664442962
301,2026-10-07T04:37:53.222+00:00,2026-10-07T04:38:43.068+00:00,2026-10-07T04:39:44.485+00:00,True,1015,1015.0,,1015.0,49845.805391,111262.733391,111262.733347,109.61845649950739,40.05579,49845.805391,1562.872881081376,124.07971400000001,60.568962524654836,25.13183423033316,9.122551361677251,1,14,1-100:1000-1500,False,True,,11139,99.94996664442962
302,2026-10-07T04:37:56.414+00:00,2026-10-07T04:38:48.060+00:00,2026-10-07T04:39:20.448+00:00,True,530,530.0,,530.0,51645.708165,84034.125189,84034.125283,158.55495336415095,40.937422,51645.708165,2240.8326329726983,125.85387149999998,61.22574106616257,25.59483774927407,6.306961592186321,1,14,100-300:300-600,False,True,,2305,99.94996664442962
303,2026-10-07T04:38:00.934+00:00,2026-10-07T04:38:52.140+00:00,2026-10-07T04:40:10.147+00:00,True,1293,1293.0,,1293.0,51205.996935999996,129212.905096,129212.905163,99.93264127068832,40.381192000000006,51205.996935999996,1422.57715166826,123.6992786,60.3768639009288,24.9294047713896,10.006740418376577,1,14,1-100:1000-1500,False,True,,4529,99.94996664442962
304,2026-10-07T04:38:05.865+00:00,2026-10-07T04:38:57.621+00:00,2026-10-07T04:39:16.948+00:00,True,318,318.0,,318.0,51756.462404,71082.559556,71082.559535,223.5300614308176,35.917163,51756.462404,2899.056668562443,124.79778559999998,60.96560615772871,26.104338227956024,4.473671206922064,1,14,100-300:300-600,False,True,,1363,99.94996664442962
305,2026-10-07T04:38:10.136+00:00,2026-10-07T04:39:01.500+00:00,2026-10-07T04:39:37.427+00:00,True,596,596.0,,596.0,51364.965352,87291.542248,87291.542264,146.46231923489933,38.514512,51364.965352,2101.6669721946423,123.9958205,60.38080150588235,25.072210660452164,6.827694695858755,1,14,100-300:300-600,False,True,,2724,99.94996664442962
306,2026-10-07T04:38:13.745+00:00,2026-10-07T04:39:05.608+00:00,2026-10-07T04:39:30.458+00:00,True,415,415.0,,415.0,51863.188801,76713.541185,76713.541182,184.8519064626506,40.410934000000005,51863.188801,2543.0348911152305,123.35678159999999,60.02500575845411,24.485131698979075,5.409735929139275,1,14,100-300:300-600,False,True,,2260,99.94996664442962
307,2026-10-07T04:38:16.940+00:00,2026-10-07T04:39:08.268+00:00,2026-10-07T04:39:27.897+00:00,True,324,324.0,,324.0,51328.242545,70957.388657,70957.388638,219.0042859197531,40.284267,51328.242545,2848.3038106581052,125.03611760000001,60.77135019195046,25.181006252891454,4.566120683586305,1,14,100-300:300-600,False,True,,1547,99.94996664442962
308,2026-10-07T04:38:20.668+00:00,2026-10-07T04:39:11.861+00:00,2026-10-07T04:39:31.262+00:00,True,321,321.0,,321.0,51192.37559,70593.99351,70593.993489,219.9189828317757,39.030046999999996,51192.37559,2854.0046793703655,124.55169199999999,60.630056,24.975644318370716,4.54712906919664,1,14,100-300:300-600,False,True,,1397,99.94996664442962
309,2026-10-07T04:38:25.939+00:00,2026-10-07T04:39:16.737+00:00,2026-10-07T04:39:51.995+00:00,True,586,586.0,,586.0,50798.222497,86056.253345,86056.253196,146.85367439590445,40.227441,50798.222497,2096.110761917202,122.64442849999999,60.27013820170941,24.69862011107677,6.809499335867234,1,14,100-300:300-600,False,True,,2458,99.94996664442962
310,2026-10-07T04:38:29.835+00:00,2026-10-07T04:39:19.961+00:00,2026-10-07T04:39:45.850+00:00,True,431,431.0,,431.0,50126.528798,76015.851038,76015.851054,176.37088411600928,41.485249,50126.528798,2411.737166447109,120.69525,60.207726139534884,24.811886937403205,5.669870087812935,1,14,100-300:300-600,False,True,,1684,99.94996664442962
311,2026-10-07T04:38:34.023+00:00,2026-10-07T04:39:23.001+00:00,2026-10-07T04:40:49.144+00:00,True,1417,1417.0,,1417.0,48978.049562,135120.30440999998,135120.304248,95.35660144530699,0.011321,48978.049562,1302.4881149447651,125.45301219999999,60.834925740113,88.1847803487203,10.48695091524032,1,14,1-100:1000-1500,False,True,,5668,99.94996664442962
312,2026-10-07T04:38:37.586+00:00,2026-10-07T04:39:26.599+00:00,2026-10-07T04:39:44.814+00:00,True,306,306.0,,306.0,49013.139193999996,67227.787514,67227.787642,219.69865242483658,41.21936,49013.139193999996,2798.5818822738947,112.5372835,59.72015842622951,23.836564675520698,4.551689283784274,1,14,100-300:300-600,False,True,,1451,99.94996664442962
313,2026-10-07T04:38:41.421+00:00,2026-10-07T04:39:30.629+00:00,2026-10-07T04:40:52.451+00:00,True,1341,1341.0,,1341.0,49207.46056,131029.931984,131029.93187,97.71061287844891,0.011442,49207.46056,1344.9292219904796,127.219501,61.061545838805976,87.5823036406482,10.23430280162054,1,14,1-100:1000-1500,False,True,,4287,99.94996664442962
314,2026-10-07T04:38:45.976+00:00,2026-10-07T04:39:33.629+00:00,2026-10-07T04:39:53.119+00:00,True,328,328.0,,328.0,47653.930126,67143.24059,67143.240437,204.70500133231707,41.477456,47653.930126,2628.0628243489136,118.90759584999999,59.60033781039755,23.594058050437496,4.885078484711248,1,14,100-300:300-600,False,True,,1499,99.94996664442962
315,2026-10-07T04:38:51.241+00:00,2026-10-07T04:39:39.984+00:00,2026-10-07T04:40:14.462+00:00,True,576,576.0,,576.0,48743.449353,83221.461001,83221.461141,144.48170336979166,39.684723,48743.449353,2028.6242138904702,125.19335374999999,59.961759387826085,24.322782593706982,6.921291612425293,1,14,100-300:300-600,False,True,,2915,99.94996664442962
316,2026-10-07T04:38:55.077+00:00,2026-10-07T04:39:44.043+00:00,2026-10-07T04:40:05.360+00:00,True,359,359.0,,359.0,48966.046828,70282.857836,70282.85784899999,195.77397729526461,42.917641,48966.046828,2581.2966022605906,124.41278919999999,59.544164826815646,23.875864065197792,5.107931166340742,1,14,100-300:300-600,False,True,,455,99.94996664442962
317,2026-10-07T04:38:59.935+00:00,2026-10-07T04:39:49.116+00:00,2026-10-07T04:41:17.320+00:00,True,1438,1438.0,,1438.0,49180.965464,137384.801624,137384.801586,95.53880499721836,0.010941000000000001,49180.965464,1298.2384039889828,129.2188127,61.380540125260964,87.11165957719784,10.466951096494455,1,14,1-100:1000-1500,False,True,,1644,99.94996664442962
318,2026-10-07T04:39:04.936+00:00,2026-10-07T04:39:53.632+00:00,2026-10-07T04:40:20.458+00:00,True,449,449.0,,449.0,48696.280526,75521.741006,75521.740926,168.19986843207127,43.602727,48696.280526,2295.4210541253324,125.56164059999999,59.87826,24.203157207478913,5.9453078546524525,1,14,100-300:300-600,False,True,,2249,99.94996664442962
319,2026-10-07T04:39:08.185+00:00,2026-10-07T04:39:59.854+00:00,2026-10-07T04:40:19.875+00:00,True,330,330.0,,330.0,51668.199050999996,71689.704843,71689.70482099999,217.24152976060606,39.609075,51668.199050999996,2841.007239169235,127.7692857,60.855640705167175,25.765598754559335,4.603171413841052,1,14,100-300:300-600,False,True,,1673,99.94996664442962
320,2026-10-07T04:39:11.568+00:00,2026-10-07T04:40:03.717+00:00,2026-10-07T04:40:26.910+00:00,True,384,384.0,,384.0,52148.866836,75341.773332,75341.773329,196.2025347109375,0.011321999999999999,52148.866836,2663.0664508880227,126.89241199999998,60.55589163446476,162.4416590562306,5.0967741137160525,1,14,100-300:300-600,False,True,,1836,99.94996664442962
321,2026-10-07T04:39:15.145+00:00,2026-10-07T04:40:08.042+00:00,2026-10-07T04:40:33.738+00:00,True,418,418.0,,418.0,52897.330567000005,78593.018503,78593.018576,188.02157554066986,0.011852,52897.330567000005,2589.0981702598183,128.57480985,61.62035476258993,158.08543469292934,5.318538566934471,1,14,100-300:300-600,False,True,,2109,99.94996664442962
322,2026-10-07T04:39:20.059+00:00,2026-10-07T04:40:11.212+00:00,2026-10-07T04:40:36.470+00:00,True,416,416.0,,416.0,51152.429005000005,76410.34926100001,76410.349285,183.67872424278846,0.011682,51152.429005000005,2509.8807141051757,127.05395349999999,60.86245844819277,157.1154592898249,5.444288686327563,1,14,100-300:300-600,False,True,,1901,99.94996664442962
323,2026-10-07T04:39:24.120+00:00,2026-10-07T04:40:17.205+00:00,2026-10-07T04:40:43.592+00:00,True,429,429.0,,429.0,53084.885508,79472.181508,79472.181583,185.24984051981352,0.011201000000000001,53084.885508,2564.701689725068,129.57098259999998,61.65256074766355,155.6406378975405,5.398115313555538,1,14,100-300:300-600,False,True,,2046,99.94996664442962
324,2026-10-07T04:39:28.002+00:00,2026-10-07T04:40:20.158+00:00,2026-10-07T04:40:51.760+00:00,True,510,510.0,,510.0,52156.481807,83758.556431,83758.55664899999,164.23246401764706,0.011321,52156.481807,2311.0003831898202,133.85972535000002,62.086590616895876,139.7629152694626,6.0889301550956905,1,14,100-300:300-600,False,True,,1713,99.94996664442962
325,2026-10-07T04:39:32.016+00:00,2026-10-07T04:40:25.944+00:00,2026-10-07T04:41:28.423+00:00,True,1000,1000.0,,1000.0,53927.72962300001,116407.448535,116407.44864,116.40744864000001,32.175684000000004,53927.72962300001,1703.5809200610588,131.23928935,62.54226117317317,27.023560288604806,8.590515577698037,1,14,1-100:1000-1500,False,True,,2800,99.94996664442962
326,2026-10-07T04:39:36.620+00:00,2026-10-07T04:40:30.843+00:00,2026-10-07T04:41:05.195+00:00,True,554,554.0,,554.0,54222.866559,88575.124095,88575.123945,159.88289520758124,28.844793000000003,54222.866559,2301.2255766447906,132.05125950000001,62.11981471247739,26.814101548537057,6.254577745844477,1,14,100-300:300-600,False,True,,2447,99.94996664442962
327,2026-10-07T04:39:40.093+00:00,2026-10-07T04:40:35.813+00:00,2026-10-07T04:41:02.761+00:00,True,433,433.0,,433.0,55720.760382,82667.917118,82667.917286,190.91897756581986,25.309296999999997,55720.760382,2674.910706000645,131.7721958,62.37767762962962,27.352758209011263,5.2378239962419375,1,14,100-300:300-600,False,True,,2445,99.94996664442962
328,2026-10-07T04:39:44.020+00:00,2026-10-07T04:40:39.345+00:00,2026-10-07T04:41:11.480+00:00,True,521,521.0,,521.0,55325.52627,87459.873534,87459.873679,167.86923930710174,29.551577,55325.52627,2421.292567208399,131.265504,61.79682166153846,26.489058000610274,5.957017532131022,1,14,100-300:300-600,False,True,,1954,99.94996664442962
329,2026-10-07T04:39:49.148+00:00,2026-10-07T04:40:45.324+00:00,2026-10-07T04:41:07.791+00:00,True,363,363.0,,363.0,56175.347001,78642.526009,78642.526004,216.64607714600552,29.682973,56175.347001,2945.308338235899,131.41690780000002,62.06403040883978,27.14981031816965,4.615823250113528,1,14,100-300:300-600,False,True,,1117,99.94996664442962
330,2026-10-07T04:39:54.231+00:00,2026-10-07T04:40:50.970+00:00,2026-10-07T04:41:16.264+00:00,True,412,412.0,,412.0,56739.32697,82033.623034,82033.62324300001,199.11073602669904,43.514415,56739.32697,2792.43547757787,130.99942775,61.54329942579076,26.080043967334873,5.022330902406209,1,14,100-300:300-600,False,True,,1085,99.94996664442962
331,2026-10-07T04:39:58.292+00:00,2026-10-07T04:40:53.291+00:00,2026-10-07T04:41:21.900+00:00,True,468,468.0,,468.0,54999.238119,83608.190695,83608.190717,178.64998016452992,44.234934,54999.238119,2539.637322725589,130.06054355,61.26114041970021,25.568690436224557,5.597537706649448,1,14,100-300:300-600,False,True,,2105,99.94996664442962
332,2026-10-07T04:40:03.603+00:00,2026-10-07T04:41:00.634+00:00,2026-10-07T04:41:32.868+00:00,True,514,514.0,,514.0,57031.067667,89265.548819,89265.548781,173.66838284241246,41.48982,57031.067667,2512.9025524100784,127.6131593,62.83524591033138,26.696786178437588,5.758100485577209,1,14,100-300:300-600,False,True,,2355,99.94996664442962
333,2026-10-07T04:40:08.424+00:00,2026-10-07T04:41:05.193+00:00,2026-10-07T04:41:29.864+00:00,True,394,394.0,,394.0,56769.114313,81439.718857,81439.718915,206.6997942005076,43.894167,56769.114313,2856.9480049849267,129.05536025,62.775075175572525,26.64161399038392,4.837934186534025,1,14,100-300:300-600,False,True,,1779,99.94996664442962
334,2026-10-07T04:40:13.675+00:00,2026-10-07T04:41:12.268+00:00,2026-10-07T04:41:31.739+00:00,True,310,310.0,,310.0,58592.794889,78063.840521,78063.840629,251.81884073870967,43.100652000000004,58592.794889,3324.375504167479,126.71924494999999,63.013092660194175,26.750556712276342,3.97110874805867,1,14,100-300:300-600,False,True,,909,99.94996664442962
335,2026-10-07T04:40:17.042+00:00,2026-10-07T04:41:16.430+00:00,2026-10-07T04:41:52.322+00:00,True,597,597.0,,597.0,59387.529233,95279.752721,95279.752807,159.5975758911223,41.994436,59387.529233,2428.2308883851165,122.48826779999999,60.22185148993289,24.74137486503594,6.265759334495199,1,14,100-300:300-600,False,True,,2621,99.94996664442962
336,2026-10-07T04:40:20.221+00:00,2026-10-07T04:41:19.840+00:00,2026-10-07T04:41:53.819+00:00,True,567,567.0,,567.0,59619.329880000005,93598.319192,93598.31919200001,165.07640069135803,42.754411,59619.329880000005,2501.375230811575,123.74318530000001,60.033550021201414,24.51195735190746,6.057801089749296,1,14,100-300:300-600,False,True,,2174,99.94996664442962
337,2026-10-07T04:40:24.800+00:00,2026-10-07T04:41:24.264+00:00,2026-10-07T04:42:31.469+00:00,True,1122,1122.0,,1122.0,59464.011754,126669.592298,126669.592241,112.89624976916221,38.147245000000005,59464.011754,1773.6236992111337,125.12450989999999,59.95145454415701,24.61210318873704,8.857690149980181,1,14,1-100:1000-1500,False,True,,4367,99.94996664442962
338,2026-10-07T04:40:28.718+00:00,2026-10-07T04:41:27.271+00:00,2026-10-07T04:41:49.745+00:00,True,385,385.0,,385.0,58552.757230999996,81027.18155099999,81027.18145399999,210.46021156883117,43.710034,58552.757230999996,2981.2320335420354,116.81764239999998,58.52714666666667,23.19845690014832,4.751491939253422,1,14,100-300:300-600,False,True,,1850,99.94996664442962
339,2026-10-07T04:40:34.347+00:00,2026-10-07T04:41:31.644+00:00,2026-10-07T04:42:01.145+00:00,True,502,502.0,,502.0,57297.041207999995,86798.302776,86798.302936,172.90498592828683,42.345048999999996,57297.041207999995,2554.772158940161,121.77141305,58.884753628742516,23.537480878227882,5.783523225050946,1,14,100-300:300-600,False,True,,2012,99.94996664442962
340,2026-10-07T04:40:38.353+00:00,2026-10-07T04:41:35.573+00:00,2026-10-07T04:43:04.148+00:00,True,1470,1470.0,,1470.0,57219.8361,145794.610628,145794.610789,99.18000733945578,22.439471,57219.8361,1491.0472517680387,126.15033090000001,60.295966322668484,25.06866665320804,10.082677224268297,1,14,1-100:1000-1500,False,True,,1470,99.94996664442962
341,2026-10-07T04:40:42.473+00:00,2026-10-07T04:41:40.387+00:00,2026-10-07T04:42:15.914+00:00,True,599,599.0,,599.0,57914.673914,93440.880634,93440.880503,155.99479215859765,39.738156000000004,57914.673914,2364.0258346634996,124.06749429999999,59.40837244147157,24.2106229260047,6.410470405841231,1,14,100-300:300-600,False,True,,2722,99.94996664442962
342,2026-10-07T04:40:46.015+00:00,2026-10-07T04:41:44.012+00:00,2026-10-07T04:42:50.755+00:00,True,1110,1110.0,,1110.0,57996.74782,124739.63370800001,124739.633775,112.37804844594595,40.940239,57996.74782,1739.146166308749,127.80931659999999,60.18294489449955,24.999031255222512,8.898535028556939,1,14,1-100:1000-1500,False,True,,1110,99.94996664442962
343,2026-10-07T04:40:50.195+00:00,2026-10-07T04:41:48.248+00:00,2026-10-07T04:42:58.274+00:00,True,1155,1155.0,,1155.0,58053.44839,128079.741894,128079.741887,110.89155141731601,23.440457,58053.44839,1706.596499078714,127.88037590000002,60.681363521663776,25.38582504998549,9.01781954679366,1,14,1-100:1000-1500,False,True,,5866,99.94996664442962
344,2026-10-07T04:40:54.084+00:00,2026-10-07T04:41:52.980+00:00,2026-10-07T04:43:17.019+00:00,True,1380,1380.0,,1380.0,58896.137349,142935.61050100002,142935.61053,103.57652936956522,18.743994999999998,58896.137349,1583.9965304140792,127.65978945,60.94233005946338,25.5744592371311,9.654696930757819,1,14,1-100:1000-1500,False,True,,2365,99.94996664442962
345,2026-10-07T04:40:59.265+00:00,2026-10-07T04:41:58.171+00:00,2026-10-07T04:43:21.922+00:00,True,1375,1375.0,,1375.0,58905.76373,142656.728978,142656.72895699998,103.75034833236363,25.896630000000002,58905.76373,1587.1316065478986,128.2504533,60.9541231790393,25.524278358999627,9.638521854878977,1,14,1-100:1000-1500,False,True,,5497,99.94996664442962
346,2026-10-07T04:41:03.232+00:00,2026-10-07T04:42:01.629+00:00,2026-10-07T04:42:28.277+00:00,True,448,448.0,,448.0,58397.045525,85044.733205,85044.733294,189.83199395982143,42.897286,58397.045525,2756.2883293061145,125.25116440000002,59.61451382550336,23.94546096350329,5.267815926003292,1,14,100-300:300-600,False,True,,2209,99.94996664442962
347,2026-10-07T04:41:08.432+00:00,2026-10-07T04:42:09.302+00:00,2026-10-07T04:43:34.302+00:00,True,1373,1373.0,,1373.0,60870.515069,145870.230141,145870.230136,106.24197387909688,22.483023,60870.515069,1641.2913562984968,129.5001648,61.953145096209916,26.416608241229216,9.412475723612973,1,14,1-100:1000-1500,False,True,,3335,99.94996664442962
348,2026-10-07T04:41:11.841+00:00,2026-10-07T04:42:11.323+00:00,2026-10-07T04:43:15.769+00:00,True,1059,1059.0,,1059.0,59482.687114,123928.211082,123928.211303,117.023806707271,25.169557,59482.687114,1826.1655876211858,129.40681869999997,60.91259354253309,25.56416681839302,8.545269803816405,1,14,1-100:1000-1500,False,True,,1587,99.94996664442962
349,2026-10-07T04:41:15.980+00:00,2026-10-07T04:42:16.090+00:00,2026-10-07T04:42:37.858+00:00,True,361,361.0,,361.0,60110.541911,81878.429271,81878.429123,226.81005297229916,43.340116,60110.541911,3160.6307330091176,128.47482399999998,60.466353777777776,25.232306616864047,4.408975638811629,1,14,100-300:300-600,False,True,,1684,99.94996664442962
350,2026-10-07T04:41:20.846+00:00,2026-10-07T04:42:21.931+00:00,2026-10-07T04:42:42.216+00:00,True,333,333.0,,333.0,61085.218765,81370.297293,81370.2971,244.35524654654654,42.602534,61085.218765,3344.1977114544297,129.06326,61.09963412048193,25.454375962083795,4.092402400853055,1,14,100-300:300-600,False,True,,1377,99.94996664442962
351,2026-10-07T04:41:24.471+00:00,2026-10-07T04:42:26.183+00:00,2026-10-07T04:42:59.297+00:00,True,539,539.0,,539.0,61712.017781999995,94825.867382,94825.86749199999,175.92925323191093,23.814268,61712.017781999995,2655.600767647351,129.78606150000002,61.5499063197026,26.00874425922958,5.684103028856806,1,14,100-300:300-600,False,True,,3279,99.94996664442962
352,2026-10-07T04:41:27.530+00:00,2026-10-07T04:42:28.738+00:00,2026-10-07T04:43:59.611+00:00,True,1473,1473.0,,1473.0,61208.116353,152081.739905,152081.739895,103.246259263408,23.010041,61208.116353,1593.4130995224798,127.99609699999999,61.73479860869565,26.270936124635377,9.685580931150119,1,14,1-100:1000-1500,False,True,,4050,99.94996664442962
353,2026-10-07T04:41:31.608+00:00,2026-10-07T04:42:33.716+00:00,2026-10-07T04:43:40.761+00:00,True,1079,1079.0,,1079.0,62108.49705300001,129153.456285,129153.456434,119.6973646283596,25.075821,62108.49705300001,1889.0710140387214,129.84422849999999,62.19383973283859,26.62368848405829,8.354402824644469,1,14,1-100:1000-1500,False,True,,1079,99.94996664442962
354,2026-10-07T04:41:34.951+00:00,2026-10-07T04:42:36.542+00:00,2026-10-07T04:43:54.192+00:00,True,1259,1259.0,,1259.0,61590.582909000004,139241.365885,139241.36604300002,110.59679590389199,20.748221,61590.582909000004,1734.2665761115468,128.7587281,61.7255826518283,26.29081269372892,9.041853273974727,1,14,1-100:1000-1500,False,True,,1991,99.94996664442962
355,2026-10-07T04:41:39.789+00:00,2026-10-07T04:42:41.456+00:00,2026-10-07T04:43:53.094+00:00,True,1158,1158.0,,1158.0,61667.082795999995,133304.701228,133304.701274,115.11632234369603,22.127496,61667.082795999995,1810.545193107857,128.28840954999998,61.91669700259291,26.50944682676434,8.686865424343848,1,14,1-100:1000-1500,False,True,,4034,99.94996664442962
356,2026-10-07T04:41:44.494+00:00,2026-10-07T04:42:47.645+00:00,2026-10-07T04:43:14.319+00:00,True,437,437.0,,437.0,63151.771569,89825.463729,89825.46373,205.55026025171625,20.713256,63151.771569,3018.1426036616913,129.0409368,61.17819302752294,25.8247458170794,4.86499019162776,1,14,100-300:300-600,False,True,,2072,99.94996664442962
357,2026-10-07T04:41:48.738+00:00,2026-10-07T04:42:51.696+00:00,2026-10-07T04:43:16.810+00:00,True,409,409.0,,409.0,62957.98614,88072.41942,88072.419439,215.33598884841075,23.783450000000002,62957.98614,3110.136388406824,128.2439558,61.554983529411764,25.95369652579273,4.643905580129003,1,14,100-300:300-600,False,True,,2132,99.94996664442962
358,2026-10-07T04:41:54.309+00:00,2026-10-07T04:42:57.136+00:00,2026-10-07T04:44:26.412+00:00,True,1461,1461.0,,1461.0,62827.726165,152103.831125,152103.830953,104.10939832511978,38.426709,62827.726165,1642.31637116004,126.355582,61.14801709589041,25.78019426047054,9.605280742727249,1,14,1-100:1000-1500,False,True,,1461,99.94996664442962
359,2026-10-07T04:41:58.619+00:00,2026-10-07T04:43:00.841+00:00,2026-10-07T04:43:26.880+00:00,True,428,428.0,,428.0,62221.706489,88260.452601,88260.45253899999,206.21601060514018,44.161730000000006,62221.706489,3004.7597374503866,128.46395145,60.980670051522246,25.463815110728483,4.849283992853111,1,14,100-300:300-600,False,True,,2028,99.94996664442962
360,2026-10-07T04:42:03.263+00:00,2026-10-07T04:43:05.916+00:00,2026-10-07T04:43:37.919+00:00,True,506,506.0,,506.0,62653.094245,94656.26198899999,94656.261932,187.06771132806324,43.290368,62653.094245,2782.5865697469844,130.39750325,63.3726093940594,27.34032072422214,5.345657956140316,1,14,100-300:300-600,False,True,,2405,99.94996664442962
361,2026-10-07T04:42:08.075+00:00,2026-10-07T04:43:12.837+00:00,2026-10-07T04:43:32.009+00:00,True,300,300.0,,300.0,64761.819707999995,83933.668412,83933.668492,279.7788949733333,44.345765,64761.819707999995,3735.428957876877,134.24635615,64.11989533110368,28.12368593803143,3.574251020787136,1,14,100-300:300-600,False,True,,1285,99.94996664442962
362,2026-10-07T04:42:11.571+00:00,2026-10-07T04:43:15.483+00:00,2026-10-07T04:44:38.425+00:00,True,1351,1351.0,,1351.0,63912.662111,146854.121823,146854.121872,108.70031226646928,40.083828999999994,63912.662111,1737.3638926717,126.7133465,61.438118305185185,26.170057972483413,9.199605589745246,1,14,1-100:1000-1500,False,True,,6046,99.94996664442962
363,2026-10-07T04:42:17.171+00:00,2026-10-07T04:43:21.437+00:00,2026-10-07T04:43:44.934+00:00,True,369,369.0,,369.0,64265.412198,87762.85936599999,87762.859326,237.8397271707317,42.908191,64265.412198,3342.3176897059907,130.4045592,63.85175860869565,28.117624794770737,4.204512052885021,1,14,100-300:300-600,False,True,,1851,99.94996664442962
364,2026-10-07T04:42:21.296+00:00,2026-10-07T04:43:27.380+00:00,2026-10-07T04:43:50.867+00:00,True,377,377.0,,377.0,66083.934977,89571.13574499999,89571.135902,237.58921989920424,37.678059999999995,66083.934977,3400.386438395772,127.0626772,62.4659594893617,27.110915160935143,4.208945179318492,1,14,100-300:300-600,False,True,,2000,99.94996664442962
365,2026-10-07T04:42:26.653+00:00,2026-10-07T04:43:31.753+00:00,2026-10-07T04:43:56.755+00:00,True,410,410.0,,410.0,65100.08620799999,90101.825728,90101.82573,219.7605505609756,42.990525999999996,65100.08620799999,3212.1491953149307,126.2633311,61.12894748166259,25.885107157261864,4.550407238558193,1,14,100-300:300-600,False,True,,1567,99.94996664442962
366,2026-10-07T04:42:30.064+00:00,2026-10-07T04:43:34.152+00:00,2026-10-07T04:44:05.032+00:00,True,513,513.0,,513.0,64087.17714,94967.714228,94967.714034,185.12224957894736,41.385878,64087.17714,2826.968598662269,125.475201,60.313549,25.358281305872275,5.401835815152731,1,14,100-300:300-600,False,True,,2114,99.94996664442962
367,2026-10-07T04:42:34.129+00:00,2026-10-07T04:43:37.549+00:00,2026-10-07T04:44:11.453+00:00,True,563,563.0,,563.0,63419.972212,97323.767412,97323.767277,172.86637171758437,39.080849,63419.972212,2670.4084931208663,124.38939139999998,60.32703772241993,25.106904151695968,5.784815107050431,1,14,100-300:300-600,False,True,,2781,99.94996664442962
368,2026-10-07T04:42:38.812+00:00,2026-10-07T04:43:42.224+00:00,2026-10-07T04:44:07.233+00:00,True,419,419.0,,419.0,63411.665488,88420.9908,88420.990665,211.02861733890214,40.934292,63411.665488,3095.041248515774,124.70857740000001,59.83092179904306,25.108228023756713,4.7386937898913475,1,14,100-300:300-600,False,True,,1965,99.94996664442962
369,2026-10-07T04:42:42.080+00:00,2026-10-07T04:43:44.885+00:00,2026-10-07T04:44:12.925+00:00,True,464,464.0,,464.0,62805.35209,90845.259162,90845.259234,195.787196625,39.60445,62805.35209,2912.9621328994394,122.94712890000001,60.56135436717062,25.151330256435294,5.107586287717789,1,14,100-300:300-600,False,True,,2416,99.94996664442962
370,2026-10-07T04:42:46.682+00:00,2026-10-07T04:43:50.992+00:00,2026-10-07T04:44:11.989+00:00,True,343,343.0,,343.0,64310.861866,85307.68055399999,85307.680442,248.710438606414,41.961572999999994,64310.861866,3469.241515235324,124.4948487,61.394206690058475,25.892960167501595,4.020739958846732,1,14,100-300:300-600,False,True,,1447,99.94996664442962
371,2026-10-07T04:42:51.548+00:00,2026-10-07T04:43:55.270+00:00,2026-10-07T04:44:23.976+00:00,True,483,483.0,,483.0,63721.730062,92428.310798,92428.310842,191.3629624057971,40.905564,63721.730062,2896.831148958986,124.5619138,59.55722144398341,24.332636384046186,5.225671613274266,1,14,100-300:300-600,False,True,,2109,99.94996664442962
372,2026-10-07T04:42:55.275+00:00,2026-10-07T04:43:59.019+00:00,2026-10-07T04:45:12.125+00:00,True,1207,1207.0,,1207.0,63743.995895,136850.343415,136850.343537,113.38056631068766,17.49786,63743.995895,1833.2161096435752,125.3004817,60.618861956882256,25.265178120554072,8.819853643624121,1,14,1-100:1000-1500,False,True,,4150,99.94996664442962
373,2026-10-07T04:42:58.932+00:00,2026-10-07T04:44:03.569+00:00,2026-10-07T04:44:39.924+00:00,True,596,596.0,,596.0,64636.664145999996,100992.092242,100992.092189,169.4498191090604,41.599024,64636.664145999996,2645.2441629954014,127.13715100000002,61.10155982521009,25.845703522223786,5.901452151044149,1,14,100-300:300-600,False,True,,2412,99.94996664442962
374,2026-10-07T04:43:03.284+00:00,2026-10-07T04:44:07.233+00:00,2026-10-07T04:45:22.601+00:00,True,1244,1244.0,,1244.0,63949.474937,139317.216889,139317.21681,111.99133184083601,20.762148,63949.474937,1811.5770264103564,125.47275375,60.633742519710374,25.198434334392545,8.929262497334756,1,14,1-100:1000-1500,False,True,,1244,99.94996664442962
375,2026-10-07T04:43:07.727+00:00,2026-10-07T04:44:10.980+00:00,2026-10-07T04:44:42.964+00:00,True,530,530.0,,530.0,63253.025295,95237.559567,95237.559701,179.69350886981132,37.524077,63253.025295,2745.026609590221,126.33869214999999,60.462257603024575,25.376347976779435,5.565031300777325,1,14,100-300:300-600,False,True,,2790,99.94996664442962
376,2026-10-07T04:43:12.167+00:00,2026-10-07T04:44:14.725+00:00,2026-10-07T04:44:43.528+00:00,True,477,477.0,,477.0,62557.826121,91361.513801,91361.513815,191.53357193920334,43.381354,62557.826121,2861.664213159985,124.87954900000001,60.511948907563024,24.976859151508418,5.221016817201414,1,14,100-300:300-600,False,True,,2117,99.94996664442962
377,2026-10-07T04:43:16.416+00:00,2026-10-07T04:44:19.850+00:00,2026-10-07T04:45:20.803+00:00,True,1008,1008.0,,1008.0,63434.712178999995,124387.24926699999,124387.249342,123.40004895039682,18.187363,63434.712178999995,1996.2589764612928,125.96966135000001,60.52883524131083,25.272820944889073,8.103724505043967,1,14,1-100:1000-1500,False,True,,4783,99.94996664442962
378,2026-10-07T04:43:20.763+00:00,2026-10-07T04:44:25.759+00:00,2026-10-07T04:44:58.006+00:00,True,525,525.0,,525.0,64995.657165,97243.069901,97243.069944,185.22489513142855,39.880472999999995,64995.657165,2834.0826189266995,130.0304438,61.540864,26.690703370662828,5.3988423086034345,1,14,100-300:300-600,False,True,,2122,99.94996664442962
379,2026-10-07T04:43:26.357+00:00,2026-10-07T04:44:29.731+00:00,2026-10-07T04:44:54.938+00:00,True,416,416.0,,416.0,63373.952548,88580.780068,88580.78013500001,212.93456763221155,43.521296,63373.952548,3104.2909349482507,129.1556235,60.73934342168675,25.595277974010152,4.696278353844401,1,14,100-300:300-600,False,True,,1843,99.94996664442962
380,2026-10-07T04:43:29.496+00:00,2026-10-07T04:44:32.234+00:00,2026-10-07T04:44:51.375+00:00,True,322,322.0,,322.0,62737.273317,81878.836709,81878.836661,254.282101431677,44.367542,62737.273317,3492.9713284826717,127.43097435,59.63103860436137,24.10014008525749,3.932640141730375,1,14,100-300:300-600,False,True,,1601,99.94996664442962
381,2026-10-07T04:43:32.551+00:00,2026-10-07T04:44:36.930+00:00,2026-10-07T04:45:12.331+00:00,True,581,581.0,,581.0,64378.811321,99779.317945,99779.317806,171.73720792771084,23.245321,64378.811321,2668.4758764536323,128.166686,61.03535624827586,25.840736151011054,5.82284998500648,1,14,100-300:300-600,False,True,,1329,99.94996664442962
382,2026-10-07T04:43:37.446+00:00,2026-10-07T04:44:39.923+00:00,2026-10-07T04:45:09.233+00:00,True,485,485.0,,485.0,62477.306483,91787.373939,91787.373937,189.25231739587628,24.587386,62477.306483,2834.309578108738,125.04164940000001,60.55799061157025,25.112941041509917,5.2839511491234195,1,14,100-300:300-600,False,True,,1971,99.94996664442962
383,2026-10-07T04:43:41.581+00:00,2026-10-07T04:44:43.167+00:00,2026-10-07T04:45:10.970+00:00,True,461,461.0,,461.0,61586.334907,89389.35212299999,89389.35210199999,193.90314989587853,21.453292,61586.334907,2865.6560488492173,125.063702,60.44134177391304,25.078937006782,5.157213796176336,1,14,100-300:300-600,False,True,,1803,99.94996664442962
384,2026-10-07T04:43:45.343+00:00,2026-10-07T04:44:48.184+00:00,2026-10-07T04:45:13.511+00:00,True,418,418.0,,418.0,62841.265611,88167.926731,88167.926904,210.92805479425837,18.50091,62841.265611,3070.802869479022,126.95194729999999,60.735398369304555,25.637094115294758,4.740953036984939,1,14,100-300:300-600,False,True,,1507,99.94996664442962
385,2026-10-07T04:43:50.555+00:00,2026-10-07T04:44:53.800+00:00,2026-10-07T04:45:18.438+00:00,True,405,405.0,,405.0,63244.655298,87883.212226,87883.212009,216.9955852074074,20.638255,63244.655298,3139.7248276150717,125.6217506,60.98652704950495,25.473694302399625,4.608388675626742,1,14,100-300:300-600,False,True,,1428,99.94996664442962
386,2026-10-07T04:43:53.960+00:00,2026-10-07T04:44:57.905+00:00,2026-10-07T04:46:03.474+00:00,True,1078,1078.0,,1078.0,63944.35563799999,129514.27538199999,129514.27536399999,120.14311258256029,0.011352000000000001,63944.35563799999,1949.5748297040454,125.25323589999999,60.88200533333334,122.68092238439176,8.323406796821885,1,14,1-100:1000-1500,False,True,,4963,99.94996664442962
387,2026-10-07T04:43:57.040+00:00,2026-10-07T04:44:59.276+00:00,2026-10-07T04:45:20.853+00:00,True,363,363.0,,363.0,62236.176526,83813.848206,83813.848394,230.89214433608817,20.136074,62236.176526,3263.5137044889098,123.7807839,59.60682784530387,24.288731260617503,4.33102652807217,1,14,100-300:300-600,False,True,,1649,99.94996664442962
388,2026-10-07T04:44:02.275+00:00,2026-10-07T04:45:03.900+00:00,2026-10-07T04:45:40.145+00:00,True,534,534.0,,534.0,61625.770104999996,97870.023289,97870.023311,183.27719721161048,42.021556,61625.770104999996,2669.339384225785,124.22575100000002,68.00047501688555,171.02548405758267,5.456216132933304,1,14,100-300:300-600,False,True,,2665,99.94996664442962
389,2026-10-07T04:44:06.059+00:00,2026-10-07T04:45:06.728+00:00,2026-10-07T04:45:40.833+00:00,True,570,570.0,,570.0,60669.049546999995,94774.57812299998,94774.578195,166.27118981578946,0.011221,60669.049546999995,2543.8847248210045,125.59105380000001,59.939417532513176,163.46978096670662,6.0142710343721575,1,14,100-300:300-600,False,True,,2586,99.94996664442962
390,2026-10-07T04:44:09.167+00:00,2026-10-07T04:45:10.671+00:00,2026-10-07T04:45:45.619+00:00,True,580,580.0,,580.0,61503.501427,96451.59333100001,96451.593312,166.29585053793105,0.011481,61503.501427,2556.5061397050895,126.98916019999999,60.35939879792746,163.40534965030858,6.013379146672792,1,14,100-300:300-600,False,True,,2967,99.94996664442962
391,2026-10-07T04:44:12.284+00:00,2026-10-07T04:45:14.472+00:00,2026-10-07T04:45:43.381+00:00,True,481,481.0,,481.0,62188.741759000004,91097.02566300001,91097.025712,189.39090584615386,0.011241,62188.741759000004,2838.661780095252,124.820645,60.22559146666667,182.26517279783585,5.2800845746532765,1,14,100-300:300-600,False,True,,2022,99.94996664442962
392,2026-10-07T04:44:15.789+00:00,2026-10-07T04:45:18.727+00:00,2026-10-07T04:45:43.756+00:00,True,418,418.0,,418.0,62937.839325,87966.887133,87966.887133,210.44709840430622,0.011411,62937.839325,3081.6185199994534,126.00688725,60.02169738129496,195.04614433113173,4.751788015051757,1,14,100-300:300-600,False,True,,1926,99.94996664442962
393,2026-10-07T04:44:21.052+00:00,2026-10-07T04:45:23.430+00:00,2026-10-07T04:45:56.055+00:00,True,540,540.0,,540.0,62378.159725000005,95002.74442900001,95002.74443,175.93100820370373,0.011291,62378.159725000005,2687.1958127190605,126.41439285,60.5279864638219,171.56028519541056,5.684046321457242,1,14,100-300:300-600,False,True,,2079,99.94996664442962
394,2026-10-07T04:44:26.407+00:00,2026-10-07T04:45:28.018+00:00,2026-10-07T04:45:48.045+00:00,True,334,334.0,,334.0,61610.358045,81637.377821,81637.377791,244.4232867994012,0.011272,61610.358045,3374.608796077556,125.06587680000001,60.14120052852853,213.35145387495365,4.091263204611203,1,14,100-300:300-600,False,True,,1364,99.94996664442962
395,2026-10-07T04:44:30.951+00:00,2026-10-07T04:45:32.061+00:00,2026-10-07T04:46:43.892+00:00,True,1178,1178.0,,1178.0,61109.807678000005,132941.101118,132941.101319,112.85322692614601,0.011021000000000001,61109.807678000005,1782.7464062470178,127.45300285000002,61.029136312659304,119.99817400668933,8.861066969457356,1,14,1-100:1000-1500,False,True,,1207,99.94996664442962
396,2026-10-07T04:44:35.409+00:00,2026-10-07T04:45:40.058+00:00,2026-10-07T04:46:00.432+00:00,True,392,392.0,,392.0,64648.716786,85023.424498,85023.424512,216.8964911020408,0.011381,64648.716786,3262.7829918350412,126.82567829999999,52.109226884910484,32.51647425199516,4.610494135168844,1,14,100-300:300-600,False,True,,783,99.94996664442962
397,2026-10-07T04:44:41.043+00:00,2026-10-07T04:45:44.242+00:00,2026-10-07T04:47:04.833+00:00,True,1350,1350.0,,1350.0,63198.948281000004,143790.50002500002,143790.499888,106.51148139851853,42.205681,63198.948281000004,1718.6084431296463,127.0621279,59.74169884655301,24.667042297645967,9.388659193516146,1,14,1-100:1000-1500,False,True,,4546,99.94996664442962
398,2026-10-07T04:44:46.434+00:00,2026-10-07T04:45:48.249+00:00,2026-10-07T04:46:54.619+00:00,True,1087,1087.0,,1087.0,61815.566618,128185.116954,128185.117082,117.92559069181233,37.694427000000005,61815.566618,1873.2475196229018,128.2585521,61.11376642357274,25.957162186943357,8.479923612271435,1,14,1-100:1000-1500,False,True,,3218,99.94996664442962
399,2026-10-07T04:44:51.716+00:00,2026-10-07T04:45:53.584+00:00,2026-10-07T04:46:25.342+00:00,True,521,521.0,,521.0,61867.667747,93625.596451,93625.596317,179.70363976391553,41.789341,61867.667747,2707.919567950956,127.147075,61.07293981538462,25.88544095517701,5.564717553203211,1,14,100-300:300-600,False,True,,2144,99.94996664442962
400,2026-10-07T04:44:56.061+00:00,2026-10-07T04:45:58.292+00:00,2026-10-07T04:46:21.447+00:00,True,380,380.0,,380.0,62231.229834,85385.78497,85385.784995,224.69943419736842,42.322069000000006,62231.229834,3189.36772470658,128.9326319,61.0938130237467,26.16431143728236,4.450389489696812,1,14,100-300:300-600,False,True,,1818,99.94996664442962
401,2026-10-07T04:45:00.164+00:00,2026-10-07T04:46:01.547+00:00,2026-10-07T04:47:16.574+00:00,True,1331,1331.0,,1331.0,61383.118031000005,136410.375631,136410.375756,102.48713430202855,32.642511,61383.118031000005,1681.1281721554867,118.5093505,56.41147187969924,22.884532958742852,9.7573222992982,1,14,1-100:1000-1500,True,True,,1331,99.94996664442962
402,2026-10-07T04:45:04.939+00:00,2026-10-07T04:46:06.706+00:00,2026-10-07T04:47:14.780+00:00,True,1203,1203.0,,1203.0,61767.131287000004,129841.54280699999,129841.542793,107.93145701828762,40.070282,61767.131287000004,1779.3492799394544,117.49989989999999,56.634285790349416,22.590985088364572,9.26513944607214,1,14,1-100:1000-1500,True,True,,4119,99.94996664442962
403,2026-10-07T04:45:09.158+00:00,2026-10-07T04:46:11.460+00:00,2026-10-07T04:46:32.190+00:00,True,348,348.0,,348.0,62302.119171,83032.303875,83032.303877,238.5985743591954,43.25068,62302.119171,3336.62952345105,125.39165055,59.741166293948126,24.246018680680823,4.19113987881021,1,14,100-300:300-600,True,True,,1517,99.94996664442962
404,2026-10-07T04:45:13.342+00:00,2026-10-07T04:46:16.263+00:00,2026-10-07T04:46:38.684+00:00,True,371,371.0,,371.0,62921.670828,85341.93271600001,85341.932709,230.0321636361186,42.144086,62921.670828,3263.6811335093753,124.77680050000001,60.5953024,25.15789490365463,4.347218163368878,1,14,100-300:300-600,True,True,,1440,99.94996664442962
405,2026-10-07T04:45:18.850+00:00,2026-10-07T04:46:22.558+00:00,2026-10-07T04:46:51.768+00:00,True,480,480.0,,480.0,63707.633445,92917.886501,92917.886565,193.57893034375,43.402364,63707.633445,2905.1675249827767,125.681579,60.981739156576204,25.148207473162607,5.165851463860342,1,14,100-300:300-600,True,True,,1929,99.94996664442962
406,2026-10-07T04:45:24.423+00:00,2026-10-07T04:46:27.384+00:00,2026-10-07T04:46:57.350+00:00,True,488,488.0,,488.0,62960.866991999996,92926.878896,92926.878826,190.4239320204918,43.310401,62960.866991999996,2847.4349087920978,128.19155205,61.531851958932236,25.705388782636984,5.2514407650142845,1,14,100-300:300-600,True,True,,2325,99.94996664442962
407,2026-10-07T04:45:29.785+00:00,2026-10-07T04:46:33.705+00:00,2026-10-07T04:46:59.354+00:00,True,421,421.0,,421.0,63919.824658,89569.310994,89569.310987,212.75370780760093,43.409637000000004,63919.824658,3112.390065902381,128.09135700000002,61.07020556190476,25.572516420068368,4.700270609742678,1,14,100-300:300-600,True,True,,2039,99.94996664442962
408,2026-10-07T04:45:33.802+00:00,2026-10-07T04:46:37.315+00:00,2026-10-07T04:47:05.668+00:00,True,498,498.0,,498.0,63513.437358999996,91866.32363099999,91866.323705,184.47052952811245,41.452099000000004,63513.437358999996,2843.63922292879,118.90538175,57.04806090945674,22.70027487639107,5.4209200969042755,1,14,100-300:300-600,True,True,,1876,99.94996664442962
409,2026-10-07T04:45:40.152+00:00,2026-10-07T04:46:43.548+00:00,2026-10-07T04:47:01.603+00:00,True,314,314.0,,314.0,63395.445592000004,81450.76309600001,81450.763085,259.3973346656051,42.216181,63395.445592000004,3574.42863333092,124.82551905,57.6847204600639,22.72397277123109,3.855089726168819,1,14,100-300:300-600,True,True,,1435,99.94996664442962
410,2026-10-07T04:45:40.790+00:00,2026-10-07T04:46:43.838+00:00,2026-10-07T04:47:08.489+00:00,True,459,459.0,,459.0,63048.43753,87699.001626,87699.001654,191.06536308061004,40.841014,63048.43753,2940.4001294504774,109.3385342,53.822192349344974,19.312993029890485,5.233811006850971,1,14,100-300:300-600,True,True,,2060,99.94996664442962
411,2026-10-07T04:45:45.110+00:00,2026-10-07T04:46:49.295+00:00,2026-10-07T04:47:17.932+00:00,True,584,584.0,,584.0,64185.325649,92821.821777,92821.82189199999,158.94147584246576,34.311658,64185.325649,2654.014416558558,53.788620449999996,49.11920433619211,14.45741613808785,6.291623982591422,1,14,100-300:300-600,True,True,,2271,99.94996664442962
412,2026-10-07T04:45:49.827+00:00,2026-10-07T04:46:53.073+00:00,2026-10-07T04:47:44.220+00:00,True,1269,1269.0,,1269.0,63246.858992,114393.237232,114393.237262,90.14439500551616,0.012393000000000001,63246.858992,1774.6546689464576,68.53400620000001,40.33626044164038,34.65765904355308,11.093313125026363,1,14,1-100:1000-1500,True,True,,2791,99.94996664442962
413,2026-10-07T04:45:53.705+00:00,2026-10-07T04:46:57.017+00:00,2026-10-07T04:47:16.540+00:00,True,423,423.0,,423.0,63312.032824,82835.283256,82835.283216,195.82809270921987,39.281131,63312.032824,3076.092857591146,50.351701600000005,46.26362661611375,6.029656201359012,5.106519629959265,1,14,100-300:300-600,True,True,,1661,99.94996664442962
0,2026-10-07T04:15:54.181+00:00,2026-10-07T04:15:54.275+00:00,2026-10-07T04:16:47.737+00:00,True,1299,1299.0,,1299.0,94.463835,53556.032603,53556.032588,41.228662500384914,0.020739,170.540864,13.092513687949053,71.780691,41.18764928197227,13.013812594002573,24.2549706702366,2,14,1-100:1000-1500,False,True,,1301,99.94996664442962
1,2026-10-07T04:15:58.323+00:00,2026-10-07T04:15:58.416+00:00,2026-10-07T04:16:12.869+00:00,True,395,395.0,,395.0,92.760963,14545.509507,14545.509477,36.824074625316456,0.019997,202.745225,12.561509161711166,56.4621159,36.6821029035533,12.256065955269396,27.156147387611753,2,14,100-300:300-600,False,True,,1724,99.94996664442962
2,2026-10-07T04:16:03.148+00:00,2026-10-07T04:16:03.240+00:00,2026-10-07T04:16:57.141+00:00,True,1218,1218.0,,1218.0,92.558325,53993.434869,53993.434924,44.32958532348112,0.019587,170.69391099999999,14.34745689288067,77.59261555,44.28995607559573,14.286511306280694,22.558298114486274,2,14,1-100:1000-1500,False,True,,6344,99.94996664442962
3,2026-10-07T04:16:07.801+00:00,2026-10-07T04:16:07.918+00:00,2026-10-07T04:16:24.447+00:00,True,402,402.0,,402.0,116.41157000000001,16646.011314,16646.01129,41.40798828358209,32.557382000000004,116.41157000000001,11.060929838557476,67.72705935,41.2209469925187,10.41878409461689,24.14992951866499,2,14,100-300:300-600,False,True,,2599,99.94996664442962
4,2026-10-07T04:16:12.147+00:00,2026-10-07T04:16:12.271+00:00,2026-10-07T04:17:00.378+00:00,True,1038,1038.0,,1038.0,124.165243,48231.063931000004,48231.063991,46.46537956743738,32.293887999999995,124.165243,15.090601305006475,85.60516000000001,46.39045196528448,14.903452767461708,21.521399600161764,2,14,1-100:1000-1500,False,True,,1038,99.94996664442962
5,2026-10-07T04:16:17.373+00:00,2026-10-07T04:16:17.541+00:00,2026-10-07T04:16:34.540+00:00,True,388,388.0,,388.0,168.32104800000002,17167.262744000003,17167.262657,44.24552231185567,34.634811,168.32104800000002,12.909540839250242,73.9166417,43.924913943152454,11.273951601139881,22.601156968696532,2,14,100-300:300-600,False,True,,1912,99.94996664442962
6,2026-10-07T04:16:21.696+00:00,2026-10-07T04:16:21.802+00:00,2026-10-07T04:17:17.684+00:00,True,1121,1121.0,,1121.0,105.73086199999999,55987.134765999996,55987.134685,49.94392032560214,35.516922,134.227862,17.728115594065127,94.11714900000001,49.894110628571426,17.657386390427472,20.02245702848083,2,14,1-100:1000-1500,False,True,,1121,99.94996664442962
7,2026-10-07T04:16:24.965+00:00,2026-10-07T04:16:25.102+00:00,2026-10-07T04:17:41.545+00:00,True,1460,1460.0,,1460.0,137.392166,76580.452902,76580.452738,52.45236488904109,0.021129000000000002,338.82408899999996,21.666677097373796,104.356653,52.39414718026045,21.559572709433446,19.064917282068855,2,14,1-100:1000-1500,False,True,,5559,99.94996664442962
8,2026-10-07T04:16:28.565+00:00,2026-10-07T04:16:28.687+00:00,2026-10-07T04:17:22.196+00:00,True,1049,1049.0,,1049.0,122.031098,53630.394106,53630.394115,51.12525654432793,0.018264,355.12748200000004,21.128842896041732,98.376623,51.057598290076335,21.02493473784354,19.559804053027484,2,14,1-100:1000-1500,False,True,,1924,99.94996664442962
9,2026-10-07T04:16:32.487+00:00,2026-10-07T04:16:32.642+00:00,2026-10-07T04:17:00.879+00:00,True,571,571.0,,571.0,154.92117199999998,28392.3645,28392.364444,49.723930725043786,37.469548,154.92117199999998,17.59538556340585,90.9896585,49.53937425964912,17.048709646071934,20.1110407694294,2,14,100-300:300-600,False,True,,1249,99.94996664442962
10,2026-10-07T04:16:36.754+00:00,2026-10-07T04:16:36.909+00:00,2026-10-07T04:17:04.592+00:00,True,548,548.0,,548.0,155.43831,27838.476006,27838.475988,50.80013866423358,38.086572999999994,155.43831,18.680295861813548,96.80679169999999,50.6088440511883,18.15220980798867,19.684985624999374,2,14,100-300:300-600,False,True,,2534,99.94996664442962
11,2026-10-07T04:16:42.333+00:00,2026-10-07T04:16:42.506+00:00,2026-10-07T04:17:58.450+00:00,True,1366,1366.0,,1366.0,172.94196,76116.75892,76116.758857,55.72237105197657,0.018244,360.407354,23.871476482700317,110.802351,55.63649594139194,23.668208684881208,17.94611356791596,2,14,1-100:1000-1500,False,True,,7151,99.94996664442962
12,2026-10-07T04:16:47.555+00:00,2026-10-07T04:16:47.737+00:00,2026-10-07T04:17:05.641+00:00,True,343,343.0,,343.0,182.472772,18086.342212,18086.342127,52.72986042857143,39.584487,182.472772,21.13749518429319,108.01782610000001,52.3504954385965,19.964852006958193,18.964586425464457,2,14,100-300:300-600,False,True,,1420,99.94996664442962
13,2026-10-07T04:16:53.141+00:00,2026-10-07T04:16:53.279+00:00,2026-10-07T04:17:23.078+00:00,True,554,554.0,,554.0,137.96928599999998,29937.114246,29937.114301,54.038112456678704,0.018355,355.607071,24.802224606865643,107.19776575,53.88633808318264,24.565832223799234,18.50545765525887,2,14,100-300:300-600,False,True,,2609,99.94996664442962
14,2026-10-07T04:16:58.251+00:00,2026-10-07T04:16:58.428+00:00,2026-10-07T04:17:15.909+00:00,True,319,319.0,,319.0,177.600471,17658.022103000003,17658.022085,55.35430120689655,39.082908,177.600471,21.465105635328175,103.64227320000002,54.96987934591195,20.36942715499828,18.065443464690397,2,14,100-300:300-600,False,True,,1406,99.94996664442962
15,2026-10-07T04:17:01.482+00:00,2026-10-07T04:17:01.680+00:00,2026-10-07T04:17:21.347+00:00,True,361,361.0,,361.0,197.616423,19864.765223,19864.765255,55.027050567867036,0.017443,354.382607,27.822007692298342,103.42842,54.63096888888889,26.82216365990939,18.17288027054172,2,14,100-300:300-600,False,True,,1150,99.94996664442962
16,2026-10-07T04:17:05.069+00:00,2026-10-07T04:17:05.268+00:00,2026-10-07T04:17:38.882+00:00,True,599,599.0,,599.0,198.35135699999998,33812.319741,33812.319739,56.447946141903174,0.019256,345.700422,26.348799367997866,118.0645394,56.210649471571905,25.722283672082394,17.715436402716467,2,14,100-300:300-600,False,True,,3030,99.94996664442962
17,2026-10-07T04:17:10.156+00:00,2026-10-07T04:17:10.329+00:00,2026-10-07T04:17:40.158+00:00,True,524,524.0,,524.0,172.794589,30002.265821,30002.265755,57.25623235687023,0.018876,346.316055,27.755500819014497,121.2473639,57.03531784321224,27.31706071209929,17.465347554957923,2,14,100-300:300-600,False,True,,2443,99.94996664442962
18,2026-10-07T04:17:13.931+00:00,2026-10-07T04:17:14.126+00:00,2026-10-07T04:17:43.309+00:00,True,508,508.0,,508.0,194.482861,29377.361837,29377.361755,57.829452273622046,0.019327,301.941253,27.33781023297972,120.5894136,57.55991908481263,26.68060605669034,17.292226675037497,2,14,100-300:300-600,False,True,,2287,99.94996664442962
19,2026-10-07T04:17:19.672+00:00,2026-10-07T04:17:19.877+00:00,2026-10-07T04:17:53.513+00:00,True,573,573.0,,573.0,204.286777,33840.845881,33840.845662,59.05906747294939,40.781991000000005,204.286777,24.82515064380082,120.9735524,58.80517325874126,24.090792421748322,16.932200867996382,2,14,100-300:300-600,False,True,,1825,99.94996664442962
20,2026-10-07T04:17:23.345+00:00,2026-10-07T04:17:23.559+00:00,2026-10-07T04:17:52.313+00:00,True,487,487.0,,487.0,213.641426,28968.214482,28968.214454,59.48298655852156,41.287878,213.641426,25.146621585947983,120.212006,59.165788181069956,24.17758845652774,16.811529764894814,2,14,100-300:300-600,False,True,,1878,99.94996664442962
21,2026-10-07T04:17:26.396+00:00,2026-10-07T04:17:26.650+00:00,2026-10-07T04:17:44.509+00:00,True,300,300.0,,300.0,254.40951800000002,18113.05067,18113.050828,60.37683609333333,41.296825,254.40951800000002,27.184716607087978,123.8470441,59.72789682943144,24.793711113728836,16.562643447847208,2,14,100-300:300-600,False,True,,1402,99.94996664442962
22,2026-10-07T04:17:30.920+00:00,2026-10-07T04:17:31.089+00:00,2026-10-07T04:18:49.553+00:00,True,1292,1292.0,,1292.0,168.262301,78632.58178899999,78632.581901,60.86113150232198,0.018254000000000003,377.44052500000004,27.083283344266476,125.2172003,60.777939185127806,26.928125981126254,16.430848009886144,2,14,1-100:1000-1500,False,True,,5597,99.94996664442962
23,2026-10-07T04:17:34.943+00:00,2026-10-07T04:17:35.150+00:00,2026-10-07T04:18:01.476+00:00,True,435,435.0,,435.0,206.562802,26532.46053,26532.460586,60.99416226666667,38.957874000000004,206.562802,25.778204477855297,124.30417870000001,60.658750525345624,24.83948096063007,16.39501166912694,2,14,100-300:300-600,False,True,,2067,99.94996664442962
24,2026-10-07T04:17:38.864+00:00,2026-10-07T04:17:39.039+00:00,2026-10-07T04:18:10.494+00:00,True,519,519.0,,519.0,174.418226,31629.308722,31629.308711,60.942791350674376,43.114201,174.418226,24.904963483012274,116.6674611,60.72372682625483,24.423393770278818,16.40883158597158,2,14,100-300:300-600,False,True,,1912,99.94996664442962
25,2026-10-07T04:17:42.173+00:00,2026-10-07T04:17:42.372+00:00,2026-10-07T04:18:02.959+00:00,True,346,346.0,,346.0,198.887124,20786.18594,20786.185844,60.0756816300578,42.204976,198.887124,24.49661505171654,111.71273875000001,59.67332990144928,23.35920462983768,16.645670398539696,2,14,100-300:300-600,False,True,,1631,99.94996664442962
26,2026-10-07T04:17:47.668+00:00,2026-10-07T04:17:47.888+00:00,2026-10-07T04:18:12.939+00:00,True,410,410.0,,410.0,220.738608,25271.570735999998,25271.570736,61.63797740487805,42.918283,220.738608,26.610507721223684,125.66681614999999,61.24897830806846,25.449189508396145,16.223764018591236,2,14,100-300:300-600,False,True,,1880,99.94996664442962
27,2026-10-07T04:17:52.959+00:00,2026-10-07T04:17:53.206+00:00,2026-10-07T04:18:15.249+00:00,True,358,358.0,,358.0,247.285733,22289.860581,22289.860423000002,62.26217995251397,42.812105,247.285733,27.364345108915423,126.77269895,61.7439071372549,25.582794350919436,16.0611143662855,2,14,100-300:300-600,False,True,,1318,99.94996664442962
28,2026-10-07T04:17:58.256+00:00,2026-10-07T04:17:58.984+00:00,2026-10-07T04:18:20.130+00:00,True,351,351.0,,351.0,727.983475,21873.362803,21873.362834,62.317273031339035,42.80979,727.983475,43.39958159216437,125.24294100000002,60.41536950857143,24.811954495499016,16.04691528967184,2,14,100-300:300-600,False,True,,1413,99.94996664442962
29,2026-10-07T04:18:02.822+00:00,2026-10-07T04:18:03.393+00:00,2026-10-07T04:19:26.490+00:00,True,1367,1367.0,,1367.0,570.2845550000001,83667.94343500001,83667.943502,61.20551828968544,0.017823000000000002,570.2845550000001,33.918688165014814,127.9137789,60.832839590043925,31.005150740425368,16.33839609147314,2,14,1-100:1000-1500,False,True,,4785,99.94996664442962
30,2026-10-07T04:18:06.401+00:00,2026-10-07T04:18:06.606+00:00,2026-10-07T04:18:32.664+00:00,True,435,435.0,,435.0,205.332109,26262.862221,26262.862193,60.37439584597701,0.019387,377.229951,30.275059978061897,125.6720574,60.040391963133644,29.496715746417042,16.56331272423805,2,14,100-300:300-600,False,True,,2099,99.94996664442962
31,2026-10-07T04:18:10.097+00:00,2026-10-07T04:18:10.344+00:00,2026-10-07T04:18:36.884+00:00,True,445,445.0,,445.0,246.602353,26787.250801,26787.250942,60.19606953258427,0.018445,381.66407799999996,30.509861173388476,125.433843,59.77623524324324,29.22909665970884,16.612380393414156,2,14,100-300:300-600,False,True,,2096,99.94996664442962
32,2026-10-07T04:18:14.512+00:00,2026-10-07T04:18:14.728+00:00,2026-10-07T04:18:35.291+00:00,True,348,348.0,,348.0,216.343326,20779.921182,20779.921271,59.7124174454023,0.019135000000000003,381.920538,31.381776448901586,125.0381414,59.26103128530259,30.27462971756787,16.746935512991495,2,14,100-300:300-600,False,True,,1781,99.94996664442962
33,2026-10-07T04:18:19.847+00:00,2026-10-07T04:18:21.330+00:00,2026-10-07T04:18:57.429+00:00,True,593,593.0,,593.0,1482.7468999999999,37582.254356,37582.254219,63.376482662731874,0.020228000000000003,1482.7468999999999,65.19307549754818,128.3724094,60.978897729729724,29.030176547007954,15.778723500266228,2,14,100-300:300-600,False,True,,3105,99.94996664442962
34,2026-10-07T04:18:23.892+00:00,2026-10-07T04:18:24.067+00:00,2026-10-07T04:18:44.371+00:00,True,336,336.0,,336.0,175.852084,20479.300148,20479.30025,60.950298363095236,37.581067000000004,175.852084,25.541665182688426,124.5276485,60.60730765373135,24.79281714065414,16.406810661096426,2,14,100-300:300-600,False,True,,1495,99.94996664442962
35,2026-10-07T04:18:26.935+00:00,2026-10-07T04:18:29.071+00:00,2026-10-07T04:19:00.201+00:00,True,506,506.0,,506.0,2135.596616,33265.161544,33265.161515,65.74142591897233,37.153484,2135.596616,95.86559669888513,129.3867575,61.64270282772277,26.287219086787474,15.211109055662067,2,14,100-300:300-600,False,True,,2308,99.94996664442962
36,2026-10-07T04:18:31.284+00:00,2026-10-07T04:18:32.838+00:00,2026-10-07T04:18:55.842+00:00,True,379,379.0,,379.0,1553.480785,24557.901649,24557.901628,64.79657421635883,31.988258000000002,1553.480785,80.85674091282914,127.58989670000001,60.85825625396826,25.712621560515025,15.43291464462042,2,14,100-300:300-600,False,True,,2409,99.94996664442962
37,2026-10-07T04:18:35.043+00:00,2026-10-07T04:18:37.062+00:00,2026-10-07T04:19:04.172+00:00,True,440,440.0,,440.0,2018.748194,29129.507106,29129.507072,66.20342516363637,32.431678,2018.748194,97.1506758404718,131.32707235000004,61.755715061503416,27.125534593286844,15.104958638636568,2,14,100-300:300-600,False,True,,2386,99.94996664442962
38,2026-10-07T04:18:40.614+00:00,2026-10-07T04:18:41.901+00:00,2026-10-07T04:20:06.987+00:00,True,1400,1400.0,,1400.0,1287.28163,86373.061342,86373.061488,61.69504392,0.018375,1287.28163,43.819789216564,128.17794859999998,60.81899907934239,29.09196965100758,16.208757432558805,2,14,1-100:1000-1500,False,True,,3859,99.94996664442962
39,2026-10-07T04:18:45.295+00:00,2026-10-07T04:18:48.075+00:00,2026-10-07T04:20:09.555+00:00,True,1339,1339.0,,1339.0,2780.3388569999997,84259.708073,84259.708137,62.927339908140404,0.017543,2780.3388569999997,79.99619443164808,129.6245407,60.89638954857997,29.614086828556673,15.89134392490337,2,14,1-100:1000-1500,False,True,,1343,99.94996664442962
40,2026-10-07T04:18:48.874+00:00,2026-10-07T04:18:52.156+00:00,2026-10-07T04:19:19.134+00:00,True,443,443.0,,443.0,3281.3386889999997,30259.622465,30259.622513,68.30614562753951,37.202636,3281.3386889999997,155.08944915987817,128.61888319999997,61.03684112217194,25.393739168486423,14.63997115338762,2,14,100-300:300-600,False,True,,2140,99.94996664442962
41,2026-10-07T04:18:53.958+00:00,2026-10-07T04:18:57.330+00:00,2026-10-07T04:20:01.962+00:00,True,1064,1064.0,,1064.0,3371.707959,68004.401207,68004.401223,63.91391092387218,0.017603,3371.707959,106.00510172736952,127.8030909,60.802157335841954,30.581662610352637,15.646046154590325,2,14,1-100:1000-1500,False,True,,1983,99.94996664442962
42,2026-10-07T04:18:58.797+00:00,2026-10-07T04:19:03.512+00:00,2026-10-07T04:20:10.038+00:00,True,1096,1096.0,,1096.0,4714.799747999999,71240.478084,71240.47790499999,65.00043604470802,0.017303000000000002,4714.799747999999,143.72084594701377,128.38915824999998,60.75404414246576,29.893055650465808,15.38451214080429,2,14,1-100:1000-1500,False,True,,3502,99.94996664442962
43,2026-10-07T04:19:02.738+00:00,2026-10-07T04:19:07.333+00:00,2026-10-07T04:19:37.969+00:00,True,508,508.0,,508.0,4594.610252,35231.34446,35231.344285,69.35303993110236,0.018855,4594.610252,204.08122850382435,126.89325835,60.427483644970415,34.37110429170687,14.418978548399114,2,14,100-300:300-600,False,True,,1948,99.94996664442962
44,2026-10-07T04:19:06.682+00:00,2026-10-07T04:19:12.476+00:00,2026-10-07T04:20:39.660+00:00,True,1427,1427.0,,1427.0,5794.289627,92978.550491,92978.550513,65.1566576825508,0.017863,5794.289627,155.65324896279293,128.98848600000002,61.139032863955116,34.57056739347304,15.347625796103678,2,14,1-100:1000-1500,False,True,,3569,99.94996664442962
45,2026-10-07T04:19:09.778+00:00,2026-10-07T04:19:14.891+00:00,2026-10-07T04:19:42.909+00:00,True,464,464.0,,464.0,5112.979204,33130.965252,33130.965029,71.40294187284483,0.018574999999999998,5112.979204,237.16051672209318,128.75909330000002,60.514008742980565,35.097195722863255,14.005025101766085,2,14,100-300:300-600,False,True,,2355,99.94996664442962
46,2026-10-07T04:19:13.919+00:00,2026-10-07T04:19:19.032+00:00,2026-10-07T04:19:52.166+00:00,True,552,552.0,,552.0,5113.071246,38247.096974,38247.096858,69.28821894565218,0.018574,5113.071246,217.78211892232346,127.57699795,60.13434796370236,34.31114063167167,14.432467917113922,2,14,100-300:300-600,False,True,,2720,99.94996664442962
47,2026-10-07T04:19:18.093+00:00,2026-10-07T04:19:23.305+00:00,2026-10-07T04:20:31.021+00:00,True,1111,1111.0,,1111.0,5212.171023,72928.647695,72928.647498,65.64234698289829,0.018844999999999997,5212.171023,158.63249765075838,129.46367550000002,61.00583483963964,35.80479380301478,15.234068299831785,2,14,1-100:1000-1500,False,True,,2778,99.94996664442962
48,2026-10-07T04:19:23.034+00:00,2026-10-07T04:19:29.088+00:00,2026-10-07T04:19:56.535+00:00,True,456,456.0,,456.0,6053.991360999999,33501.381313,33501.381205,73.46794123903508,40.996517999999995,6053.991360999999,281.8413668241902,127.50254699999999,60.32393396043956,25.5966060595908,13.611379057467465,2,14,100-300:300-600,False,True,,1892,99.94996664442962
49,2026-10-07T04:19:26.532+00:00,2026-10-07T04:19:31.976+00:00,2026-10-07T04:20:38.668+00:00,True,1092,1092.0,,1092.0,5444.522098,72135.716722,72135.716657,66.05834858699633,0.017713,5444.522098,166.36257222823184,131.7757043,61.12850103024748,33.73779033937579,15.138131977095352,2,14,1-100:1000-1500,False,True,,1092,99.94996664442962
50,2026-10-07T04:19:30.513+00:00,2026-10-07T04:19:35.242+00:00,2026-10-07T04:20:53.416+00:00,True,1282,1282.0,,1282.0,4729.031601,82903.214001,82903.21395,64.66709356474259,0.017503,4729.031601,134.21735105488716,128.8610986,61.02590351288056,31.906040363136405,15.46381543162532,2,14,1-100:1000-1500,False,True,,1282,99.94996664442962
51,2026-10-07T04:19:34.159+00:00,2026-10-07T04:19:39.923+00:00,2026-10-07T04:20:11.889+00:00,True,524,524.0,,524.0,5763.388867,37730.166467,37730.166654,72.00413483587786,41.916391000000004,5763.388867,250.46286186742634,129.93261139999998,61.12194569789675,26.072971059894066,13.888091388579134,2,14,100-300:300-600,False,True,,938,99.94996664442962
52,2026-10-07T04:19:37.573+00:00,2026-10-07T04:19:43.768+00:00,2026-10-07T04:20:13.338+00:00,True,481,481.0,,481.0,6195.139786999999,35764.591563,35764.591666,74.35466042827443,44.279136,6195.139786999999,280.9178454053103,130.992195,61.60302453333333,26.5268862576368,13.449056146851543,2,14,100-300:300-600,False,True,,2142,99.94996664442962
53,2026-10-07T04:19:42.496+00:00,2026-10-07T04:19:50.515+00:00,2026-10-07T04:20:26.269+00:00,True,583,583.0,,583.0,8019.290542999999,43773.744047,43773.743849,75.08360866037735,40.546724000000005,8019.290542999999,330.60816690372934,130.0300767,61.433768907216496,26.06635086793453,13.318486062650505,2,14,100-300:300-600,False,True,,2722,99.94996664442962
54,2026-10-07T04:19:46.909+00:00,2026-10-07T04:19:55.872+00:00,2026-10-07T04:20:25.509+00:00,True,489,489.0,,489.0,8963.888894,38600.523774,38600.523788,78.9376764580777,41.328239,8963.888894,403.39777881448583,128.034473,60.73080918032787,25.14848612816184,12.66822188380184,2,14,100-300:300-600,False,True,,2200,99.94996664442962
55,2026-10-07T04:19:50.930+00:00,2026-10-07T04:19:59.071+00:00,2026-10-07T04:20:35.033+00:00,True,587,587.0,,587.0,8140.940954,44102.56681,44102.566941,75.13214129642249,0.017884,8140.940954,335.6545539465675,131.179748,61.367962211604095,38.180877704324104,13.309882903842713,2,14,100-300:300-600,False,True,,3142,99.94996664442962
56,2026-10-07T04:19:55.089+00:00,2026-10-07T04:20:03.577+00:00,2026-10-07T04:20:38.235+00:00,True,564,564.0,,564.0,8488.111341,43145.821421,43145.821475,76.49968346631205,0.017984000000000003,8488.111341,356.9234644945379,131.19231765,61.55898770870338,38.71003081839981,13.071949528940689,2,14,100-300:300-600,False,True,,2377,99.94996664442962
57,2026-10-07T04:19:58.118+00:00,2026-10-07T04:20:07.579+00:00,2026-10-07T04:20:26.011+00:00,True,306,306.0,,306.0,9460.70449,27892.70193,27892.701914,91.15262063398693,40.810097999999996,9460.70449,537.9585637869111,130.851471,60.43277849180328,25.03213014460304,10.970611623353767,2,14,100-300:300-600,False,True,,1202,99.94996664442962
58,2026-10-07T04:20:03.531+00:00,2026-10-07T04:20:12.958+00:00,2026-10-07T04:20:41.524+00:00,True,462,462.0,,462.0,9427.066683000001,37993.584699,37993.584861,82.23719666883117,0.017803,9427.066683000001,437.6351679633639,130.7309463,61.966416520607375,41.11351715286669,12.15994762431985,2,14,100-300:300-600,False,True,,2183,99.94996664442962
59,2026-10-07T04:20:06.890+00:00,2026-10-07T04:20:15.273+00:00,2026-10-07T04:20:44.905+00:00,True,486,486.0,,486.0,8383.681973,38014.799029,38014.799145,78.2197513271605,0.018064,8383.681973,379.5779255278852,129.44051525,61.09508671340206,39.51093549868491,12.784494786602702,2,14,100-300:300-600,False,True,,2479,99.94996664442962
60,2026-10-07T04:20:11.377+00:00,2026-10-07T04:20:20.514+00:00,2026-10-07T04:20:54.297+00:00,True,552,552.0,,552.0,9136.69246,42919.984363999996,42919.984286,77.7535947210145,0.018324,9136.69246,388.28829884854383,130.3540546,61.31268948094374,39.537061225914876,12.861141684455067,2,14,100-300:300-600,False,True,,2101,99.94996664442962
61,2026-10-07T04:20:16.352+00:00,2026-10-07T04:20:27.228+00:00,2026-10-07T04:21:04.042+00:00,True,599,599.0,,599.0,10875.552436,47690.075059999996,47690.075119,79.61615211853089,0.018174,10875.552436,443.54181074468306,130.0588894,61.56274686287625,38.76226999490429,12.560265406300664,2,14,100-300:300-600,False,True,,2163,99.94996664442962
62,2026-10-07T04:20:20.068+00:00,2026-10-07T04:20:31.015+00:00,2026-10-07T04:20:57.465+00:00,True,438,438.0,,438.0,10947.060025,37397.450553,37397.450667,85.38230745890411,38.38187,10947.060025,520.7647102878661,129.7869794,60.527209446224255,24.727422202028695,11.712028320734388,2,14,100-300:300-600,False,True,,2041,99.94996664442962
63,2026-10-07T04:20:25.535+00:00,2026-10-07T04:20:37.352+00:00,2026-10-07T04:22:06.109+00:00,True,1449,1449.0,,1449.0,11816.084207,100573.67447900001,100573.674267,69.40902295859213,0.017683,11816.084207,310.682532184315,129.2078458,61.29667836464088,34.14018081813613,14.407348717308269,2,14,1-100:1000-1500,False,True,,1449,99.94996664442962
64,2026-10-07T04:20:29.072+00:00,2026-10-07T04:20:40.676+00:00,2026-10-07T04:21:13.004+00:00,True,538,538.0,,538.0,11604.497603,43932.322243,43932.322339,81.65859170817843,41.953905,11604.497603,498.32402833384566,126.3580882,60.200790763500926,24.753932980753454,12.246108844968303,2,14,100-300:300-600,False,True,,2631,99.94996664442962
65,2026-10-07T04:20:34.097+00:00,2026-10-07T04:20:45.360+00:00,2026-10-07T04:21:17.236+00:00,True,528,528.0,,528.0,11263.021283,43138.962659,43138.96266,81.70258079545455,41.448298,11263.021283,488.1651339667741,128.2815542,60.48565725996205,24.96073117387208,12.239515450885428,2,14,100-300:300-600,False,True,,1958,99.94996664442962
66,2026-10-07T04:20:38.099+00:00,2026-10-07T04:20:49.090+00:00,2026-10-07T04:21:52.024+00:00,True,1027,1027.0,,1027.0,10991.068962,73924.87581,73924.875753,71.98137853261927,0.017684000000000002,10991.068962,343.10113758256665,132.6841105,61.33899302923977,37.4346923727056,13.892481911495821,2,14,1-100:1000-1500,False,True,,1027,99.94996664442962
67,2026-10-07T04:20:42.338+00:00,2026-10-07T04:20:54.148+00:00,2026-10-07T04:21:28.701+00:00,True,566,566.0,,566.0,11810.222271,46363.437759,46363.43759,81.91420068904594,41.4433,11810.222271,494.53121217167916,129.48797925000002,61.156133607079646,25.9693535432918,12.207895431354828,2,14,100-300:300-600,False,True,,2904,99.94996664442962
68,2026-10-07T04:20:45.993+00:00,2026-10-07T04:20:58.675+00:00,2026-10-07T04:21:30.230+00:00,True,515,515.0,,515.0,12681.858864,44236.468784,44236.468642,85.89605561553398,43.841773,12681.858864,556.7315944128876,128.83205470000001,61.39029167315175,26.022265161176236,11.641978081809995,2,14,100-300:300-600,False,True,,2418,99.94996664442962
69,2026-10-07T04:20:51.179+00:00,2026-10-07T04:21:02.754+00:00,2026-10-07T04:21:25.000+00:00,True,370,370.0,,370.0,11575.618707,33821.827219,33821.827388,91.41034429189189,38.68514,11575.618707,599.2092180746816,129.902133,60.28782794579946,25.834622182622542,10.939680981876286,2,14,100-300:300-600,False,True,,1877,99.94996664442962
70,2026-10-07T04:20:55.196+00:00,2026-10-07T04:21:07.450+00:00,2026-10-07T04:21:35.599+00:00,True,462,462.0,,462.0,12254.40844,40402.874104,40402.874033,87.45210829653679,41.77976,12254.40844,567.8819093941572,132.41295895,61.059578446854665,26.038586451546713,11.434830076958823,2,14,100-300:300-600,False,True,,2025,99.94996664442962
71,2026-10-07T04:20:58.729+00:00,2026-10-07T04:21:12.700+00:00,2026-10-07T04:21:42.689+00:00,True,479,479.0,,479.0,13971.186073,43959.352985000005,43959.352774,91.77317906889353,0.017312,13971.186073,637.1736235044963,136.33975620000004,62.73675086192468,46.29269952608563,10.89642971231734,2,14,100-300:300-600,False,True,,2308,99.94996664442962
72,2026-10-07T04:21:02.652+00:00,2026-10-07T04:21:16.838+00:00,2026-10-07T04:21:47.436+00:00,True,490,490.0,,490.0,14186.838762,44784.12337,44784.123494,91.39617039591836,0.017563,14186.838762,639.7950066366024,133.71032909999997,62.57113416768916,47.006890572711036,10.941377504516284,2,14,100-300:300-600,False,True,,2042,99.94996664442962
73,2026-10-07T04:21:06.002+00:00,2026-10-07T04:21:21.426+00:00,2026-10-07T04:21:53.153+00:00,True,508,508.0,,508.0,15423.907357,47150.569245,47150.569186,92.81608107480315,0.017643,15423.907357,683.0762726929854,133.48967575000003,62.577242382643,45.70042087054854,10.773995057416405,2,14,100-300:300-600,False,True,,1597,99.94996664442962
74,2026-10-07T04:21:09.442+00:00,2026-10-07T04:21:25.937+00:00,2026-10-07T04:21:51.053+00:00,True,404,404.0,,404.0,16495.381044,41610.90360400001,41610.903809,102.9972866559406,0.017193,16495.381044,819.0918249141274,135.58451240000002,62.32139593052109,49.882473138072655,9.708993677348644,2,14,100-300:300-600,False,True,,1905,99.94996664442962
75,2026-10-07T04:21:14.619+00:00,2026-10-07T04:21:31.656+00:00,2026-10-07T04:22:55.570+00:00,True,1380,1380.0,,1380.0,17037.58548,100951.87591199999,100951.87599,73.15353332608696,0.018315,17037.58548,458.30825957509546,129.8894564,60.85155216243655,34.6391465770326,13.669879707861492,2,14,1-100:1000-1500,False,True,,5280,99.94996664442962
76,2026-10-07T04:21:19.162+00:00,2026-10-07T04:21:38.455+00:00,2026-10-07T04:22:07.830+00:00,True,477,477.0,,477.0,19293.529291000003,48668.157899,48668.157753,102.02968082389938,40.496866000000004,19293.529291000003,880.9704082458994,130.0471542,61.71140463865546,26.769666085199155,9.801069540990396,2,14,100-300:300-600,False,True,,2358,99.94996664442962
77,2026-10-07T04:21:24.686+00:00,2026-10-07T04:21:42.331+00:00,2026-10-07T04:22:03.886+00:00,True,359,359.0,,359.0,17644.051978,39199.862794,39199.862806,109.1918184011142,40.790386,17644.051978,928.3743775792956,129.07381400000003,60.21176205586592,24.964818268259087,9.158195320391508,2,14,100-300:300-600,False,True,,1392,99.94996664442962
78,2026-10-07T04:21:30.165+00:00,2026-10-07T04:21:46.545+00:00,2026-10-07T04:22:20.255+00:00,True,554,554.0,,554.0,16380.774479,50090.462031,50090.461936,90.41599627436823,41.562884,16380.774479,693.8368327164641,127.56114754999999,60.95784367450272,25.672763758801885,11.059989817165997,2,14,100-300:300-600,False,True,,2558,99.94996664442962
79,2026-10-07T04:21:33.372+00:00,2026-10-07T04:21:50.324+00:00,2026-10-07T04:22:12.266+00:00,True,354,354.0,,354.0,16951.898298,38893.70873,38893.708732,109.86923370621469,42.376667999999995,16951.898298,898.0817487178733,129.39956684999999,62.15810320679886,26.91245838284139,9.10172908573638,2,14,100-300:300-600,False,True,,1041,99.94996664442962
80,2026-10-07T04:21:36.815+00:00,2026-10-07T04:21:53.781+00:00,2026-10-07T04:22:21.192+00:00,True,454,454.0,,454.0,16965.386728,44377.155304,44377.155243,97.74703798017622,39.725862,16965.386728,793.7744494057486,125.38062875,60.51163041059603,24.886285011187,10.230489018278242,2,14,100-300:300-600,False,True,,2200,99.94996664442962
81,2026-10-07T04:21:41.713+00:00,2026-10-07T04:21:59.862+00:00,2026-10-07T04:23:00.884+00:00,True,1014,1014.0,,1014.0,18149.048964999998,79170.736005,79170.735998,78.07764891321499,33.338705000000004,18149.048964999998,568.6085212846564,126.70877794999998,60.238585429417576,25.076569607865306,12.807762705855877,2,14,1-100:1000-1500,False,True,,1014,99.94996664442962
82,2026-10-07T04:21:46.517+00:00,2026-10-07T04:22:04.972+00:00,2026-10-07T04:23:05.627+00:00,True,1005,1005.0,,1005.0,18454.976055,79110.162231,79110.162233,78.7165793363184,0.017933,18454.976055,581.6809314551977,126.82693359999999,60.413532047808765,40.9613215773677,12.703804058262723,2,14,1-100:1000-1500,False,True,,1983,99.94996664442962
83,2026-10-07T04:21:49.873+00:00,2026-10-07T04:22:08.090+00:00,2026-10-07T04:22:41.326+00:00,True,555,555.0,,555.0,18216.539798,51452.93071,51452.930636000005,92.70798312792793,39.349488,18216.539798,771.1067213916388,123.95198490000001,59.99348540072202,24.988150743061542,10.786557584602939,2,14,100-300:300-600,False,True,,2736,99.94996664442962
84,2026-10-07T04:21:54.376+00:00,2026-10-07T04:22:10.830+00:00,2026-10-07T04:22:32.611+00:00,True,376,376.0,,376.0,16453.32938,38234.984163999994,38234.98434,101.68878813829787,37.799844,16453.32938,845.8263116106377,120.639386,58.08441275733333,22.784320132818426,9.83392587236956,2,14,100-300:300-600,False,True,,1727,99.94996664442962
85,2026-10-07T04:21:57.720+00:00,2026-10-07T04:22:13.022+00:00,2026-10-07T04:23:34.300+00:00,True,1354,1354.0,,1354.0,15302.427203,96579.883843,96579.883822,71.32930858345642,0.017573000000000002,15302.427203,415.86587606644275,125.40022834999999,60.072030036954914,36.850953719230844,14.01948258915965,2,14,1-100:1000-1500,False,True,,2707,99.94996664442962
86,2026-10-07T04:22:03.073+00:00,2026-10-07T04:22:18.452+00:00,2026-10-07T04:22:49.306+00:00,True,516,516.0,,516.0,15378.883483,46232.737435,46232.737484,89.59832845736435,34.977305,15378.883483,674.8431924409635,124.13381525000001,59.91039602330097,25.018260637025044,11.160922511358102,2,14,100-300:300-600,False,True,,2495,99.94996664442962
87,2026-10-07T04:22:08.433+00:00,2026-10-07T04:22:24.293+00:00,2026-10-07T04:22:52.822+00:00,True,473,473.0,,473.0,15859.504880999999,44388.412401,44388.412433,93.84442374841437,37.42464,15859.504880999999,726.885468017464,127.74205819999999,60.442600677966105,25.42383328851526,10.65593415973003,2,14,100-300:300-600,False,True,,2010,99.94996664442962
88,2026-10-07T04:22:13.933+00:00,2026-10-07T04:22:32.013+00:00,2026-10-07T04:22:58.510+00:00,True,433,433.0,,433.0,18080.188864,44576.65376,44576.65363,102.9483917551963,42.233715,18080.188864,866.3387795010649,130.702163,61.33440948148149,26.612493985948444,9.71360484641277,2,14,100-300:300-600,False,True,,1909,99.94996664442962
89,2026-10-07T04:22:17.184+00:00,2026-10-07T04:22:35.471+00:00,2026-10-07T04:23:03.641+00:00,True,450,450.0,,450.0,18286.628475999998,46457.544572,46457.544744,103.23898831999999,0.02155,18286.628475999998,860.7028017556031,130.52913479999998,62.74146123830735,52.85057806744259,9.68626310636347,2,14,100-300:300-600,False,True,,2003,99.94996664442962
90,2026-10-07T04:22:22.439+00:00,2026-10-07T04:22:39.954+00:00,2026-10-07T04:23:01.043+00:00,True,350,350.0,,350.0,17514.592603999998,38604.390748,38604.390762999996,110.29825932285713,42.157022,17514.592603999998,933.30112815996,130.32646659999997,60.42922104297994,25.10899082679985,9.066326218815735,2,14,100-300:300-600,False,True,,1493,99.94996664442962
91,2026-10-07T04:22:25.898+00:00,2026-10-07T04:22:45.030+00:00,2026-10-07T04:23:13.925+00:00,True,467,467.0,,467.0,19132.132017,48027.691441,48027.691405,102.84302228051392,0.017442,19132.132017,884.0832564620281,132.01460550000002,62.007638248927044,53.605188675872135,9.723557097756611,2,14,100-300:300-600,False,True,,2126,99.94996664442962
92,2026-10-07T04:22:31.012+00:00,2026-10-07T04:22:49.483+00:00,2026-10-07T04:23:16.724+00:00,True,444,444.0,,444.0,18471.361809,45712.674577,45712.674678,102.9564745,0.017152,18471.361809,875.450296677885,132.87999245,61.49280534537246,55.492883395455316,9.712842315802614,2,14,100-300:300-600,False,True,,2084,99.94996664442962
93,2026-10-07T04:22:34.905+00:00,2026-10-07T04:22:54.689+00:00,2026-10-07T04:23:18.294+00:00,True,376,376.0,,376.0,19784.256682,43389.066666,43389.066802,115.3964542606383,0.017533,19784.256682,1018.7657590106675,133.502041,62.946159957333336,59.198676239866955,8.665777553925501,2,14,100-300:300-600,False,True,,1680,99.94996664442962
94,2026-10-07T04:22:40.241+00:00,2026-10-07T04:23:02.555+00:00,2026-10-07T04:23:36.553+00:00,True,565,565.0,,565.0,22314.521932,56312.283211999995,56312.283231,99.66775793097345,0.017693,22314.521932,937.5339408858404,122.54511140000001,60.27971858156028,49.22621018290545,10.033334963047636,2,14,100-300:300-600,False,True,,2554,99.94996664442962
95,2026-10-07T04:22:45.260+00:00,2026-10-07T04:23:06.768+00:00,2026-10-07T04:23:39.402+00:00,True,546,546.0,,546.0,21507.913699,54141.701347,54141.701224000004,99.16062495238096,40.960961000000005,21507.913699,918.2199803448931,124.41963575,59.878509445871565,24.593527299602112,10.084647996202172,2,14,100-300:300-600,False,True,,1179,99.94996664442962
96,2026-10-07T04:22:50.803+00:00,2026-10-07T04:23:11.081+00:00,2026-10-07T04:23:31.849+00:00,True,352,352.0,,352.0,20277.39885,41045.300546,41045.300416,116.60596709090909,39.910221,20277.39885,1077.894550139575,116.03704160000001,59.167811099715095,23.671541033480644,8.57589042637193,2,14,100-300:300-600,False,True,,1409,99.94996664442962
97,2026-10-07T04:22:55.505+00:00,2026-10-07T04:23:14.279+00:00,2026-10-07T04:24:38.177+00:00,True,1378,1378.0,,1378.0,18774.029737,102671.60618500001,102671.606126,74.5076967532656,38.019186000000005,18774.029737,504.7687955545581,129.20581525,60.927796984749456,25.883858597470088,13.421432187561523,2,14,1-100:1000-1500,False,True,,3214,99.94996664442962
98,2026-10-07T04:22:58.657+00:00,2026-10-07T04:23:17.411+00:00,2026-10-07T04:23:49.074+00:00,True,534,534.0,,534.0,18754.428051,50416.874131000004,50416.874044,94.41362180524344,39.570374,18754.428051,809.3791228824846,121.97358209999999,59.404214033771105,24.371350504337215,10.591691952430217,2,14,100-300:300-600,False,True,,2350,99.94996664442962
99,2026-10-07T04:23:04.008+00:00,2026-10-07T04:23:21.501+00:00,2026-10-07T04:23:53.741+00:00,True,549,549.0,,549.0,17493.724605,49733.054653,49733.054767,90.58844219854281,40.111478000000005,17493.724605,744.4897771320584,121.4614844,58.830894248175184,24.01271943330186,11.038935851226327,2,14,100-300:300-600,False,True,,2886,99.94996664442962
100,2026-10-07T04:23:08.264+00:00,2026-10-07T04:23:27.307+00:00,2026-10-07T04:23:50.056+00:00,True,379,379.0,,379.0,19043.030441,41792.152745,41792.152774,110.26953238522427,42.763728,19043.030441,975.405886910325,126.11469750000002,60.18286323809524,25.113902015605188,9.06868814134834,2,14,100-300:300-600,False,True,,1781,99.94996664442962
101,2026-10-07T04:23:11.696+00:00,2026-10-07T04:23:29.983+00:00,2026-10-07T04:24:38.432+00:00,True,1112,1112.0,,1112.0,18287.279642,86736.43753,86736.43751,78.00039344424461,36.8843,18287.279642,547.1949638004156,129.98907575,61.610403139513956,26.540908440540054,12.820448149203576,2,14,1-100:1000-1500,False,True,,5899,99.94996664442962
102,2026-10-07T04:23:16.717+00:00,2026-10-07T04:23:35.410+00:00,2026-10-07T04:24:01.448+00:00,True,435,435.0,,435.0,18693.037527,44730.314711,44730.314806,102.82830989885058,44.29546499999999,18693.037527,893.727678553235,129.4333833,59.99372623041475,24.736686826373223,9.724948344551343,2,14,100-300:300-600,False,True,,2209,99.94996664442962
103,2026-10-07T04:23:19.989+00:00,2026-10-07T04:23:39.894+00:00,2026-10-07T04:24:07.052+00:00,True,439,439.0,,439.0,19904.040999,47062.669095000005,47062.668944,107.20425727562643,41.833884,19904.040999,947.390326293485,132.89255740000002,62.006000219178084,26.919872670970612,9.327987732991538,2,14,100-300:300-600,False,True,,2131,99.94996664442962
104,2026-10-07T04:23:23.979+00:00,2026-10-07T04:23:43.885+00:00,2026-10-07T04:25:10.591+00:00,True,1401,1401.0,,1401.0,19905.60412,106611.692824,106611.692663,76.09685414917915,0.017422999999999998,19905.60412,532.0679414604383,130.585117,61.932920502857144,45.09215255495405,13.141147681735454,2,14,1-100:1000-1500,False,True,,4472,99.94996664442962
105,2026-10-07T04:23:27.793+00:00,2026-10-07T04:23:47.874+00:00,2026-10-07T04:24:13.308+00:00,True,417,417.0,,417.0,20081.335982,45515.93131,45515.93118,109.15091410071942,41.978624,20081.335982,980.7268476119345,130.6150432,61.14085415384615,25.611568214889445,9.161627324724952,2,14,100-300:300-600,False,True,,2224,99.94996664442962
106,2026-10-07T04:23:32.829+00:00,2026-10-07T04:23:53.841+00:00,2026-10-07T04:25:06.853+00:00,True,1180,1180.0,,1180.0,21011.793721000002,94023.71717700001,94023.717275,79.68111633474577,0.017383,21011.793721000002,611.6807355508515,130.65327235,61.92699190500424,46.99634937943406,12.550024987617173,2,14,1-100:1000-1500,False,True,,1858,99.94996664442962
107,2026-10-07T04:23:37.728+00:00,2026-10-07T04:24:00.473+00:00,2026-10-07T04:24:32.948+00:00,True,517,517.0,,517.0,22744.915716,55219.999492,55219.999632,106.80850992649903,39.432254,22744.915716,997.9387160264648,132.1883278,62.93620886821705,27.79478966856997,9.362549886928203,2,14,100-300:300-600,False,True,,2583,99.94996664442962
108,2026-10-07T04:23:41.106+00:00,2026-10-07T04:24:03.844+00:00,2026-10-07T04:24:39.155+00:00,True,563,563.0,,563.0,22738.017305,58048.909081,58048.909125,103.10641052397868,41.326623,22738.017305,956.0292446762344,130.0016338,62.83076828469751,27.120592421469397,9.698718010607294,2,14,100-300:300-600,False,True,,2543,99.94996664442962
109,2026-10-07T04:23:44.810+00:00,2026-10-07T04:24:07.204+00:00,2026-10-07T04:25:26.269+00:00,True,1285,1285.0,,1285.0,22393.799337,101459.05911300001,101459.059003,78.95646615019456,0.017343,22393.799337,624.6605853077339,129.2715464,61.57730512149533,45.68574813127168,12.665207141028496,2,14,1-100:1000-1500,False,True,,7871,99.94996664442962
110,2026-10-07T04:23:50.093+00:00,2026-10-07T04:24:12.959+00:00,2026-10-07T04:25:19.407+00:00,True,1076,1076.0,,1076.0,22866.260004,89313.7457,89313.745863,83.00534002137546,0.016942,22866.260004,696.9557853224095,129.58238525000002,61.811614600930234,49.3803677052195,12.047417691048647,2,14,1-100:1000-1500,False,True,,1076,99.94996664442962
111,2026-10-07T04:23:53.996+00:00,2026-10-07T04:24:15.526+00:00,2026-10-07T04:25:20.327+00:00,True,1050,1050.0,,1050.0,21530.498035,86331.660531,86331.660396,82.22062894857143,0.017553,21530.498035,664.2123761213672,130.813131,61.77422544899905,47.13816521459695,12.162397821862417,2,14,1-100:1000-1500,False,True,,4266,99.94996664442962
112,2026-10-07T04:23:58.405+00:00,2026-10-07T04:24:21.180+00:00,2026-10-07T04:24:56.041+00:00,True,569,569.0,,569.0,22775.2347,57636.278412,57636.278375,101.29398659929701,0.017383,22775.2347,954.3823379962037,128.900662,61.37507695774648,64.34613463613299,9.872254345303684,2,14,100-300:300-600,False,True,,2416,99.94996664442962
113,2026-10-07T04:24:03.523+00:00,2026-10-07T04:24:26.002+00:00,2026-10-07T04:24:57.859+00:00,True,522,522.0,,522.0,22478.457131,54335.487787,54335.487902,104.09097299233716,0.017233000000000002,22478.457131,982.9683679476724,130.11587135,61.1459321612284,59.339958118740185,9.606981022168918,2,14,100-300:300-600,False,True,,2078,99.94996664442962
114,2026-10-07T04:24:06.629+00:00,2026-10-07T04:24:29.788+00:00,2026-10-07T04:25:39.387+00:00,True,1144,1144.0,,1144.0,23159.115597,92757.59623699999,92757.596302,81.08181494930069,0.017943999999999998,23159.115597,684.5899348022825,127.54164025000001,60.8910591776028,47.90383797517459,12.333221713475915,2,14,1-100:1000-1500,False,True,,4043,99.94996664442962
115,2026-10-07T04:24:10.642+00:00,2026-10-07T04:24:34.108+00:00,2026-10-07T04:25:04.894+00:00,True,503,503.0,,503.0,23466.382297,54251.829465,54251.829459,107.85651979920478,0.017603,23466.382297,1045.6435513640217,128.81247979999998,61.32559196812749,65.7269811321667,9.271576736863873,2,14,100-300:300-600,False,True,,2472,99.94996664442962
116,2026-10-07T04:24:16.018+00:00,2026-10-07T04:24:38.429+00:00,2026-10-07T04:24:59.618+00:00,True,349,349.0,,349.0,22410.704991,43599.881311,43599.881494,124.92802720343839,0.017713,22410.704991,1198.8303862570588,128.0697062,60.88843770114943,77.06031685659799,8.004608946308057,2,14,100-300:300-600,False,True,,1590,99.94996664442962
117,2026-10-07T04:24:20.527+00:00,2026-10-07T04:24:41.968+00:00,2026-10-07T04:26:04.210+00:00,True,1373,1373.0,,1373.0,21441.452910999997,103683.027823,103683.02780299999,75.51567939038601,0.017563,21441.452910999997,578.7964414295532,125.8089372,59.94283885714286,45.121588766536924,13.24228303154769,2,14,1-100:1000-1500,False,True,,1835,99.94996664442962
118,2026-10-07T04:24:25.772+00:00,2026-10-07T04:24:48.448+00:00,2026-10-07T04:25:49.063+00:00,True,1006,1006.0,,1006.0,22676.072926,83291.40476599999,83291.404766,82.794636944334,41.639125,22676.072926,713.4784193002702,125.96656825,60.31376302487562,25.100824094384294,12.078076997575801,2,14,1-100:1000-1500,False,True,,1006,99.94996664442962
119,2026-10-07T04:24:30.246+00:00,2026-10-07T04:24:54.461+00:00,2026-10-07T04:25:14.094+00:00,True,316,316.0,,316.0,24214.942278000002,43847.687238,43847.687148000005,138.7585036329114,41.484035000000006,24214.942278000002,1358.9471328093982,130.20777775,62.32617447619048,26.435153975766895,7.206765508173551,2,14,100-300:300-600,False,True,,1772,99.94996664442962
120,2026-10-07T04:24:33.792+00:00,2026-10-07T04:24:57.453+00:00,2026-10-07T04:26:11.389+00:00,True,1228,1228.0,,1228.0,23660.507471,97597.17998300001,97597.179931,79.47653088843649,41.859741,23660.507471,673.9363449999875,126.4361385,60.25808680684597,25.112485652077655,12.582330762158287,2,14,1-100:1000-1500,False,True,,5524,99.94996664442962
121,2026-10-07T04:24:39.361+00:00,2026-10-07T04:25:02.857+00:00,2026-10-07T04:25:35.454+00:00,True,545,545.0,,545.0,23496.174068999997,56093.772788999995,56093.772655999994,102.9243534972477,40.954623,23496.174068999997,1004.2139656137343,126.74761079999999,59.92205647058824,25.182906069722435,9.715873490093978,2,14,100-300:300-600,False,True,,2491,99.94996664442962
122,2026-10-07T04:24:44.799+00:00,2026-10-07T04:25:08.537+00:00,2026-10-07T04:26:17.895+00:00,True,1159,1159.0,,1159.0,23737.296701000003,93095.540029,93095.539954,80.32402066781708,39.496078999999995,23737.296701000003,695.936725880387,123.434024,59.89485606908463,24.878097790173417,12.449575990847277,2,14,1-100:1000-1500,False,True,,1159,99.94996664442962
123,2026-10-07T04:24:49.168+00:00,2026-10-07T04:25:12.257+00:00,2026-10-07T04:26:40.133+00:00,True,1463,1463.0,,1463.0,23088.539011999997,110964.48192399999,110964.481953,75.84721938004101,36.451896,23088.539011999997,602.5715800572491,125.2609577,60.106664098495216,24.751087197620976,13.18439895931758,2,14,1-100:1000-1500,False,True,,4739,99.94996664442962
124,2026-10-07T04:24:52.650+00:00,2026-10-07T04:25:15.423+00:00,2026-10-07T04:25:49.062+00:00,True,568,568.0,,568.0,22772.830784,56411.465280000004,56411.465246,99.31595994014084,40.664338,22772.830784,953.3525192027029,123.58346775000001,59.32739770017636,24.530432300348306,10.06887513346294,2,14,100-300:300-600,False,True,,2430,99.94996664442962
125,2026-10-07T04:24:56.165+00:00,2026-10-07T04:25:19.079+00:00,2026-10-07T04:26:28.883+00:00,True,1168,1168.0,,1168.0,22914.316613000003,92718.11258100001,92718.11264,79.38194575342466,38.801156999999996,22914.316613000003,669.1816055165773,124.40029924999999,59.81473519108826,24.6107833474109,12.597322869138612,2,14,1-100:1000-1500,False,True,,1168,99.94996664442962
126,2026-10-07T04:25:01.276+00:00,2026-10-07T04:25:23.767+00:00,2026-10-07T04:26:45.365+00:00,True,1359,1359.0,,1359.0,22490.393709,104088.466285,104088.46633,76.59195462104489,37.210949,22490.393709,608.9551446690551,125.449321,60.086945932253315,24.787355887078373,13.056201599502701,2,14,1-100:1000-1500,False,True,,4515,99.94996664442962
127,2026-10-07T04:25:04.453+00:00,2026-10-07T04:25:27.292+00:00,2026-10-07T04:25:46.304+00:00,True,327,327.0,,327.0,22839.247627999997,41851.708684,41851.708701999996,127.98687676452599,42.769121,22839.247627999997,1259.9991365155913,120.1777232,58.320432687116565,23.09265359778683,7.813301064217071,2,14,100-300:300-600,False,True,,1127,99.94996664442962
128,2026-10-07T04:25:08.434+00:00,2026-10-07T04:25:30.025+00:00,2026-10-07T04:25:56.354+00:00,True,453,453.0,,453.0,21591.461176,47920.46188,47920.461941,105.78468419646799,42.669665,21591.461176,1011.9883498420011,122.8922422,58.250001557522125,23.393897638084585,9.453164310777714,2,14,100-300:300-600,False,True,,2276,99.94996664442962
129,2026-10-07T04:25:13.138+00:00,2026-10-07T04:25:35.829+00:00,2026-10-07T04:26:04.259+00:00,True,481,481.0,,481.0,22691.153242,51121.518938,51121.519039,106.28174436382537,42.051035000000006,22691.153242,1032.2046137909656,124.12843600000001,59.22992853333333,23.968284399647057,9.408953606862799,2,14,100-300:300-600,False,True,,2546,99.94996664442962
130,2026-10-07T04:25:16.251+00:00,2026-10-07T04:25:38.272+00:00,2026-10-07T04:25:59.558+00:00,True,364,364.0,,364.0,22020.666659000002,43307.59555500001,43307.595476,118.97691064835165,42.368042,22020.666659000002,1151.3721378386101,122.86266184999998,58.64167739944904,23.989178453761415,8.404992134410357,2,14,100-300:300-600,False,True,,1673,99.94996664442962
131,2026-10-07T04:25:19.534+00:00,2026-10-07T04:25:41.657+00:00,2026-10-07T04:26:00.008+00:00,True,312,312.0,,312.0,22122.948734,40473.706366,40473.706361000004,129.72341782371797,42.474981,22122.948734,1249.3557855053548,123.52502349999999,59.00565154983923,24.061808486604818,7.708708394003077,2,14,100-300:300-600,False,True,,1391,99.94996664442962
132,2026-10-07T04:25:24.020+00:00,2026-10-07T04:25:46.206+00:00,2026-10-07T04:26:08.346+00:00,True,372,372.0,,372.0,22186.528329,44326.041929,44326.041867,119.15602652419355,43.254562,22186.528329,1147.4886260309434,124.7496382,59.67523881401617,24.680629907837055,8.392357715941735,2,14,100-300:300-600,False,True,,1763,99.94996664442962
133,2026-10-07T04:25:27.516+00:00,2026-10-07T04:25:49.255+00:00,2026-10-07T04:26:09.268+00:00,True,339,339.0,,339.0,21739.118688000002,41752.635232,41752.635310000005,123.16411595870207,43.885207,21739.118688000002,1177.742018858609,126.9114475,59.211587408284025,24.354570619803532,8.119247997553554,2,14,100-300:300-600,False,True,,1521,99.94996664442962
134,2026-10-07T04:25:31.688+00:00,2026-10-07T04:25:53.030+00:00,2026-10-07T04:26:14.502+00:00,True,357,357.0,,357.0,21342.065228,42814.469708000004,42814.469791999996,119.92848681232493,43.105967,21342.065228,1126.6255697119645,126.938108,60.31574292134831,24.96895731122162,8.338302504615479,2,14,100-300:300-600,False,True,,1813,99.94996664442962
135,2026-10-07T04:25:35.839+00:00,2026-10-07T04:25:57.920+00:00,2026-10-07T04:27:05.537+00:00,True,1111,1111.0,,1111.0,22080.616999,89698.31530300001,89698.315161,80.73655730063007,0.016850999999999998,22080.616999,662.6964365858889,127.31902899999999,60.916845318918924,52.39200597920115,12.385962838288021,2,14,1-100:1000-1500,False,True,,1111,99.94996664442962
136,2026-10-07T04:25:40.174+00:00,2026-10-07T04:26:02.758+00:00,2026-10-07T04:27:05.108+00:00,True,1024,1024.0,,1024.0,22584.426739,84933.574131,84933.57418,82.94294353515625,0.017062,22584.426739,705.895152607581,125.75448399999999,60.947358154447706,53.60655801741966,12.056480731878786,2,14,1-100:1000-1500,False,True,,1024,99.94996664442962
137,2026-10-07T04:25:44.012+00:00,2026-10-07T04:26:05.304+00:00,2026-10-07T04:26:25.219+00:00,True,334,334.0,,334.0,21291.905053,41206.976796999996,41206.976987,123.37418259580838,41.671249,21291.905053,1162.0291393819411,126.74011140000002,59.80502025225225,24.632118084723395,8.105423546245603,2,14,100-300:300-600,False,True,,1688,99.94996664442962
138,2026-10-07T04:25:48.831+00:00,2026-10-07T04:26:10.054+00:00,2026-10-07T04:26:44.611+00:00,True,575,575.0,,575.0,21222.959844,55780.620515999995,55780.620591,97.00977494086956,36.947145,21222.959844,882.8895321024238,127.20761689999999,60.20498374912892,24.580640327484012,10.308239576414683,2,14,100-300:300-600,False,True,,3359,99.94996664442962
139,2026-10-07T04:25:53.564+00:00,2026-10-07T04:26:16.341+00:00,2026-10-07T04:26:39.343+00:00,True,376,376.0,,376.0,22776.825602,45778.441730000006,45778.441634,121.75117455851064,36.861104,22776.825602,1171.7387635530295,128.08098575,61.337643008,25.50707602297585,8.213473106350751,2,14,100-300:300-600,False,True,,1463,99.94996664442962
140,2026-10-07T04:25:57.109+00:00,2026-10-07T04:26:18.090+00:00,2026-10-07T04:26:43.259+00:00,True,416,416.0,,416.0,20981.373775,46150.013775,46150.013757,110.93753306971153,38.601313999999995,20981.373775,1026.032988680893,127.914165,60.64732530120482,25.249743768189973,9.014081816490206,2,14,100-300:300-600,False,True,,1746,99.94996664442962
141,2026-10-07T04:26:01.843+00:00,2026-10-07T04:26:24.669+00:00,2026-10-07T04:26:43.260+00:00,True,303,303.0,,303.0,22825.360537,41416.356505,41416.356452,136.68764505610562,40.855539,22825.360537,1308.00535540392,129.9701064,61.55958929801325,26.079705018302725,7.315950160015167,2,14,100-300:300-600,False,True,,1062,99.94996664442962
142,2026-10-07T04:26:06.591+00:00,2026-10-07T04:26:29.370+00:00,2026-10-07T04:27:45.829+00:00,True,1257,1257.0,,1257.0,22779.380681000002,99237.987273,99237.987389,78.94827954574383,0.017362,22779.380681000002,642.715109325389,127.8285454,60.87468677707006,49.79621294419535,12.666520498264841,2,14,1-100:1000-1500,False,True,,3292,99.94996664442962
143,2026-10-07T04:26:10.302+00:00,2026-10-07T04:26:33.522+00:00,2026-10-07T04:27:03.466+00:00,True,498,498.0,,498.0,23219.625102,53163.784334,53163.784426,106.75458720080321,0.017744,23219.625102,1040.7403525722311,127.27025984999999,60.24981736820926,78.3032921270802,9.367278989609332,2,14,100-300:300-600,False,True,,2248,99.94996664442962
144,2026-10-07T04:26:15.506+00:00,2026-10-07T04:26:39.292+00:00,2026-10-07T04:26:59.284+00:00,True,330,330.0,,330.0,23786.034317,43778.104973,43778.105006,132.66092426060607,0.017492999999999998,23786.034317,1308.8431572594598,127.43662909999999,60.76617220668693,85.85187662331464,7.5380147268486475,2,14,100-300:300-600,False,True,,1238,99.94996664442962
145,2026-10-07T04:26:19.314+00:00,2026-10-07T04:26:42.898+00:00,2026-10-07T04:27:09.499+00:00,True,444,444.0,,444.0,23583.138857,50185.074729,50185.074870000004,113.0294479054054,0.017152999999999998,23583.138857,1118.934797121711,118.45780704999999,60.04951664108352,76.00309882750624,8.847251944878138,2,14,100-300:300-600,False,True,,2123,99.94996664442962
146,2026-10-07T04:26:23.016+00:00,2026-10-07T04:26:46.510+00:00,2026-10-07T04:27:10.907+00:00,True,407,407.0,,407.0,23494.192659,47891.104787000004,47891.104736,117.66856200491401,0.017342,23494.192659,1164.6391868881817,113.90408439999999,60.09091657142857,84.38940744977316,8.498446670006238,2,14,100-300:300-600,False,True,,1735,99.94996664442962
147,2026-10-07T04:26:27.561+00:00,2026-10-07T04:26:52.916+00:00,2026-10-07T04:27:59.124+00:00,True,1085,1085.0,,1085.0,25355.3338,91562.810792,91562.810676,84.38968725898617,0.017303000000000002,25355.3338,768.3521368310472,130.1318034,61.07700829520296,26.244061879521645,11.8497891296146,2,14,1-100:1000-1500,False,True,,1085,99.94996664442962
148,2026-10-07T04:26:32.043+00:00,2026-10-07T04:26:57.002+00:00,2026-10-07T04:27:16.281+00:00,True,322,322.0,,322.0,24959.483332,44238.411972,44238.412173,137.38637320807453,40.7918,24959.483332,1387.7974210669802,114.6576402,60.0589677258567,23.99180836726479,7.278742288575024,2,14,100-300:300-600,False,True,,1717,99.94996664442962
149,2026-10-07T04:26:36.258+00:00,2026-10-07T04:27:00.870+00:00,2026-10-07T04:28:20.274+00:00,True,1291,1291.0,,1291.0,24611.661647,104015.749199,104015.749422,80.56990660108443,39.528292,24611.661647,683.751895206268,129.7138755,61.55355624186046,25.76268325712696,12.411581995435087,2,14,1-100:1000-1500,False,True,,4388,99.94996664442962
150,2026-10-07T04:26:39.846+00:00,2026-10-07T04:27:05.056+00:00,2026-10-07T04:28:22.651+00:00,True,1264,1264.0,,1264.0,25209.346551,102804.297207,102804.297398,81.3325137642405,38.836225,25209.346551,707.8072453059972,130.33933975,61.43701556294537,25.71838177384358,12.295205884778264,2,14,1-100:1000-1500,False,True,,4043,99.94996664442962
151,2026-10-07T04:26:45.212+00:00,2026-10-07T04:27:10.234+00:00,2026-10-07T04:27:47.172+00:00,True,599,599.0,,599.0,25021.993384,61959.763112,61959.763102000004,103.43866961936561,41.980898,25021.993384,1020.1963039712077,131.52564679999998,61.76884569899666,26.711981920108176,9.667564398482815,2,14,100-300:300-600,False,True,,2472,99.94996664442962
152,2026-10-07T04:26:50.040+00:00,2026-10-07T04:27:16.669+00:00,2026-10-07T04:27:44.989+00:00,True,459,459.0,,459.0,26629.258947000002,54949.096387,54949.096382,119.71480693246188,39.547769,26629.258947000002,1240.3408060975494,130.19825369999998,61.83370620087336,26.36314862404502,8.353185587754114,2,14,100-300:300-600,False,True,,2108,99.94996664442962
153,2026-10-07T04:26:54.873+00:00,2026-10-07T04:27:21.007+00:00,2026-10-07T04:28:48.083+00:00,True,1410,1410.0,,1410.0,26134.321632,113209.89027199999,113209.890375,80.29070239361702,37.892708,26134.321632,694.8336897935936,131.42538745000002,61.799551909155426,26.142187607282587,12.45474221918518,2,14,1-100:1000-1500,False,True,,3843,99.94996664442962
154,2026-10-07T04:26:59.079+00:00,2026-10-07T04:27:26.433+00:00,2026-10-07T04:28:40.758+00:00,True,1201,1201.0,,1201.0,27354.346032,101679.062832,101679.06275900001,84.66200063197336,35.576887,27354.346032,787.9844256399427,131.30206700000002,61.937264,26.594009796576277,11.811674562582873,2,14,1-100:1000-1500,False,True,,1201,99.94996664442962
155,2026-10-07T04:27:02.358+00:00,2026-10-07T04:27:30.872+00:00,2026-10-07T04:28:41.534+00:00,True,1140,1140.0,,1140.0,28513.53234,99175.97202,99175.971857,86.99646654122807,34.825469,28513.53234,843.080540470979,131.84881135,62.03901640035118,26.62122756276401,11.494719706604998,2,14,1-100:1000-1500,False,True,,3190,99.94996664442962
156,2026-10-07T04:27:05.813+00:00,2026-10-07T04:27:32.538+00:00,2026-10-07T04:28:07.112+00:00,True,566,566.0,,566.0,26725.100824,61299.926296,61299.926259,108.30375664134276,38.882502,26725.100824,1121.0851481598297,133.97329475000004,61.19438136637169,26.70571148702855,9.23329005759234,2,14,100-300:300-600,False,True,,2649,99.94996664442962
157,2026-10-07T04:27:09.622+00:00,2026-10-07T04:27:37.269+00:00,2026-10-07T04:28:39.766+00:00,True,1013,1013.0,,1013.0,27646.487879,90143.499591,90143.499632,88.98667288450149,33.038651,27646.487879,867.0904123304978,132.40371240000002,61.755940426877466,26.3441575269606,11.237637817437685,2,14,1-100:1000-1500,False,True,,2534,99.94996664442962
158,2026-10-07T04:27:13.424+00:00,2026-10-07T04:27:41.872+00:00,2026-10-07T04:28:18.225+00:00,True,588,588.0,,588.0,28447.219206,64800.445958000004,64800.445863,110.20483990306123,41.610844,28447.219206,1170.885870488053,133.0580706,61.93053961158433,26.361946803185237,9.074011626109927,2,14,100-300:300-600,False,True,,2694,99.94996664442962
159,2026-10-07T04:27:17.592+00:00,2026-10-07T04:27:47.404+00:00,2026-10-07T04:29:17.191+00:00,True,1471,1471.0,,1471.0,29812.506783,119599.65225500001,119599.652221,81.30499811080897,34.914016000000004,29812.506783,776.1304440377158,127.605971,61.079690797278914,25.43913548122981,12.29936686491079,2,14,1-100:1000-1500,False,True,,5156,99.94996664442962
160,2026-10-07T04:27:21.472+00:00,2026-10-07T04:27:54.311+00:00,2026-10-07T04:28:21.209+00:00,True,434,434.0,,434.0,32838.725762,59737.413506,59737.413563,137.6438100529954,38.585384,32838.725762,1573.5492059337923,133.59093420000002,62.12168070207852,26.453566601830914,7.265128744759083,2,14,100-300:300-600,False,True,,2649,99.94996664442962
161,2026-10-07T04:27:26.243+00:00,2026-10-07T04:27:58.320+00:00,2026-10-07T04:28:34.486+00:00,True,591,591.0,,591.0,32077.281866,68243.07873000001,68243.078906,115.47052268358715,38.282146999999995,32077.281866,1317.2111382373084,130.95766600000002,61.297960786440676,25.66004814454307,8.660218896897355,2,14,100-300:300-600,False,True,,2848,99.94996664442962
162,2026-10-07T04:27:29.876+00:00,2026-10-07T04:28:02.606+00:00,2026-10-07T04:28:29.843+00:00,True,442,442.0,,442.0,32729.70911,59966.977077999996,59966.97691,135.67189346153847,32.738228,32729.70911,1554.068035841214,130.2236479,61.76251239909297,25.714459167074587,7.370723380387902,2,14,100-300:300-600,False,True,,2018,99.94996664442962
163,2026-10-07T04:27:33.679+00:00,2026-10-07T04:28:08.913+00:00,2026-10-07T04:28:43.687+00:00,True,561,561.0,,561.0,35234.351641,70008.307993,70008.307917,124.79199272192514,34.626807,35234.351641,1485.210970346541,130.05483,62.09635062857143,26.56600410663877,8.01333464674069,2,14,100-300:300-600,False,True,,1780,99.94996664442962
164,2026-10-07T04:27:37.939+00:00,2026-10-07T04:28:12.605+00:00,2026-10-07T04:28:34.430+00:00,True,362,362.0,,362.0,34665.781355,56491.272555,56491.272459,156.05323883701658,37.223262999999996,34665.781355,1819.0009013541253,133.72624475,60.4584243767313,26.01383699054059,6.408069488035628,2,14,100-300:300-600,False,True,,1598,99.94996664442962
165,2026-10-07T04:27:42.531+00:00,2026-10-07T04:28:17.378+00:00,2026-10-07T04:28:51.606+00:00,True,561,561.0,,561.0,34846.500416,69074.790208,69074.790269,123.1279683939394,34.78288,34846.500416,1468.8672372136416,129.83112,61.12194605714286,25.86899590627929,8.12163161568353,2,14,100-300:300-600,False,True,,2459,99.94996664442962
166,2026-10-07T04:27:47.077+00:00,2026-10-07T04:28:24.630+00:00,2026-10-07T04:28:59.192+00:00,True,567,567.0,,567.0,37552.294169,72115.09122500001,72115.091221,127.1871097372134,43.576778,37552.294169,1574.6934469581831,128.4380894,61.0650124664311,25.72781160733619,7.862431987098965,2,14,100-300:300-600,False,True,,2759,99.94996664442962
167,2026-10-07T04:27:51.597+00:00,2026-10-07T04:28:29.375+00:00,2026-10-07T04:28:54.897+00:00,True,420,420.0,,420.0,37777.484053,63299.150869000005,63299.150986,150.71226425238095,43.639566,37777.484053,1840.5568774988496,128.86374975,60.910899322195704,25.523221627253974,6.635160096684487,2,14,100-300:300-600,False,True,,2224,99.94996664442962
168,2026-10-07T04:27:57.000+00:00,2026-10-07T04:28:34.029+00:00,2026-10-07T04:28:55.353+00:00,True,350,350.0,,350.0,37028.747670000004,58352.35189400001,58352.35196100001,166.72100560285716,42.58858600000001,37028.747670000004,1976.1706903616064,127.11740195000002,61.099152504298,25.70908918144595,5.998044442763724,2,14,100-300:300-600,False,True,,1822,99.94996664442962
169,2026-10-07T04:28:00.542+00:00,2026-10-07T04:28:37.960+00:00,2026-10-07T04:29:00.774+00:00,True,380,380.0,,380.0,37417.627937,60231.775777,60231.775826,158.5046732263158,39.97539,37417.627937,1916.5567116341058,126.08482015,60.19564073878628,24.864432737957134,6.30896225618349,2,14,100-300:300-600,False,True,,1955,99.94996664442962
170,2026-10-07T04:28:04.544+00:00,2026-10-07T04:28:40.959+00:00,2026-10-07T04:29:56.602+00:00,True,1257,1257.0,,1257.0,36414.606196999994,112057.634165,112057.634127,89.1468847470167,0.017453,36414.606196999994,1026.9452133150892,125.84969339999999,60.225340738853504,56.51714409185222,11.21744189377693,2,14,1-100:1000-1500,False,True,,3977,99.94996664442962
171,2026-10-07T04:28:09.442+00:00,2026-10-07T04:28:46.680+00:00,2026-10-07T04:29:15.400+00:00,True,479,479.0,,479.0,37237.812373,65957.940629,65957.940692,137.6992498789144,43.492758,37237.812373,1698.8616465447985,114.99364150000001,60.08395032635983,23.907462920919478,7.262203692718024,2,14,100-300:300-600,False,True,,1742,99.94996664442962
172,2026-10-07T04:28:14.209+00:00,2026-10-07T04:28:50.678+00:00,2026-10-07T04:29:11.825+00:00,True,357,357.0,,357.0,36469.625207000005,57616.560503,57616.560476000006,161.39092570308125,42.309905,36469.625207000005,1927.1746715177649,111.3746752,59.401503640449434,23.36820962885176,6.196135223681247,2,14,100-300:300-600,False,True,,1740,99.94996664442962
173,2026-10-07T04:28:18.721+00:00,2026-10-07T04:28:55.688+00:00,2026-10-07T04:30:08.733+00:00,True,1205,1205.0,,1205.0,36966.46263,110012.37853399999,110012.378575,91.29657973029046,0.017322,36966.46263,1064.725729088703,126.7061518,60.66936536877076,57.63677098034993,10.953312854949203,2,14,1-100:1000-1500,False,True,,4814,99.94996664442962
174,2026-10-07T04:28:23.109+00:00,2026-10-07T04:29:00.043+00:00,2026-10-07T04:29:21.353+00:00,True,340,340.0,,340.0,36933.998181999996,58243.853158,58243.85316599999,171.3054504882353,0.018283999999999998,36933.998181999996,2002.2306465092433,120.9628233,62.860929132743365,102.3995229444194,5.837525877240142,2,14,100-300:300-600,False,True,,1617,99.94996664442962
175,2026-10-07T04:28:27.429+00:00,2026-10-07T04:29:03.541+00:00,2026-10-07T04:29:26.042+00:00,True,382,382.0,,382.0,36112.748264,58613.669864,58613.669896,153.43892642931937,0.017593,36112.748264,1847.2159702400475,123.3939515,59.05753700787402,97.1297119286399,6.517251024997174,2,14,100-300:300-600,False,True,,1081,99.94996664442962
176,2026-10-07T04:28:30.844+00:00,2026-10-07T04:29:06.829+00:00,2026-10-07T04:30:32.640+00:00,True,1398,1398.0,,1398.0,35984.418483999994,121796.04600399999,121796.045848,87.1216350844063,0.017092,35984.418483999994,962.3706091021414,129.45348425,61.42564604151754,55.52082185821666,11.47820512953341,2,14,1-100:1000-1500,False,True,,1398,99.94996664442962
177,2026-10-07T04:28:34.497+00:00,2026-10-07T04:29:10.841+00:00,2026-10-07T04:30:22.394+00:00,True,1167,1167.0,,1167.0,36344.508259,107897.334883,107897.335021,92.45701372836332,0.016731000000000003,36344.508259,1063.7237489079314,129.9630583,61.36606056946827,58.59769188229742,10.815837122070281,2,14,1-100:1000-1500,False,True,,1167,99.94996664442962
178,2026-10-07T04:28:38.047+00:00,2026-10-07T04:29:13.885+00:00,2026-10-07T04:30:26.756+00:00,True,1187,1187.0,,1187.0,35837.822234,108708.98255399999,108708.982563,91.58296761836563,0.017122,35837.822234,1040.0509596034983,129.5220545,61.442799595278245,58.333356281533995,10.919060891866694,2,14,1-100:1000-1500,False,True,,1188,99.94996664442962
179,2026-10-07T04:28:42.315+00:00,2026-10-07T04:29:17.882+00:00,2026-10-07T04:30:44.862+00:00,True,1419,1419.0,,1419.0,35567.209277,122547.323965,122547.323873,86.36175043904159,0.018244,35567.209277,944.090956898152,128.863352,61.3399962538787,53.764654741727604,11.579200214973866,2,14,1-100:1000-1500,False,True,,1419,99.94996664442962
180,2026-10-07T04:28:47.670+00:00,2026-10-07T04:29:23.232+00:00,2026-10-07T04:29:53.953+00:00,True,506,506.0,,506.0,35562.743685999994,66283.644038,66283.64411499999,130.9953441007905,40.61128,35562.743685999994,1578.4596545289853,130.79978325000002,60.83346604356436,25.602519507875698,7.633859111757847,2,14,100-300:300-600,False,True,,1968,99.94996664442962
181,2026-10-07T04:28:52.752+00:00,2026-10-07T04:29:29.789+00:00,2026-10-07T04:29:56.411+00:00,True,434,434.0,,434.0,37036.959505000006,63658.482449,63658.482480000006,146.67853105990784,44.261117,37036.959505000006,1775.0687082778334,129.7776863,61.48157723787529,25.93046736363743,6.817630318908389,2,14,100-300:300-600,False,True,,1223,99.94996664442962
182,2026-10-07T04:28:56.032+00:00,2026-10-07T04:29:33.264+00:00,2026-10-07T04:30:04.831+00:00,True,508,508.0,,508.0,37231.557609999996,68798.625514,68798.625542,135.43036524015747,41.486158,37231.557609999996,1649.3313660392216,130.83869760000002,62.26246134911243,26.380192809741647,7.383868445113426,2,14,100-300:300-600,False,True,,2373,99.94996664442962
183,2026-10-07T04:28:59.113+00:00,2026-10-07T04:29:39.392+00:00,2026-10-07T04:30:00.163+00:00,True,329,329.0,,329.0,40279.143822,61049.419406,61049.419494999995,185.56054557750758,42.293330000000005,40279.143822,2217.3456970443226,135.1430352,63.324010926829274,27.962178579744705,5.389076639894556,2,14,100-300:300-600,False,True,,1386,99.94996664442962
184,2026-10-07T04:29:03.446+00:00,2026-10-07T04:29:43.363+00:00,2026-10-07T04:30:03.416+00:00,True,318,318.0,,318.0,39917.456304,59969.790128,59969.790102,188.58424560377358,43.765499000000005,39917.456304,2235.0773466196642,132.97393155,63.256573577287064,27.18457485287063,5.302669882973714,2,14,100-300:300-600,False,True,,1413,99.94996664442962
185,2026-10-07T04:29:06.469+00:00,2026-10-07T04:29:47.224+00:00,2026-10-07T04:31:09.466+00:00,True,1326,1326.0,,1326.0,40755.893862000004,122996.920678,122996.92071600001,92.757858760181,41.219046,40755.893862000004,1117.8405134362724,130.38209999999998,62.06869948377358,26.620813325827044,10.780757702637159,2,14,1-100:1000-1500,False,True,,3708,99.94996664442962
186,2026-10-07T04:29:10.566+00:00,2026-10-07T04:29:52.609+00:00,2026-10-07T04:30:19.367+00:00,True,425,425.0,,425.0,42043.26778,68801.315012,68801.314973,161.88544699529413,40.360628,42043.26778,2036.5163267271487,131.6190858,63.10860196226415,27.070201009899744,6.1772075130522355,2,14,100-300:300-600,False,True,,1672,99.94996664442962
187,2026-10-07T04:29:14.824+00:00,2026-10-07T04:29:56.870+00:00,2026-10-07T04:30:21.002+00:00,True,386,386.0,,386.0,42046.551662,66178.12209399999,66178.121847,171.4459115207254,42.076843000000004,42046.551662,2137.088743659662,131.48276825,62.67940371948052,26.66361784910694,5.832743326438338,2,14,100-300:300-600,False,True,,1497,99.94996664442962
188,2026-10-07T04:29:18.780+00:00,2026-10-07T04:30:01.861+00:00,2026-10-07T04:30:37.500+00:00,True,571,571.0,,571.0,43080.578434,78720.209282,78720.209403,137.86376427845886,38.880284,43080.578434,1800.4541020101296,129.18882150000002,62.52566815438596,27.16768418429256,7.253537626589665,2,14,100-300:300-600,False,True,,3105,99.94996664442962
189,2026-10-07T04:29:23.611+00:00,2026-10-07T04:30:06.308+00:00,2026-10-07T04:30:29.129+00:00,True,365,365.0,,365.0,42696.58019,65517.759838,65517.759797,179.50071177260273,39.643677000000004,42696.58019,2231.7277192778706,131.38025979999998,62.69554848351648,27.43754658823732,5.571008546423189,2,14,100-300:300-600,False,True,,1832,99.94996664442962
190,2026-10-07T04:29:27.868+00:00,2026-10-07T04:30:11.030+00:00,2026-10-07T04:30:38.962+00:00,True,448,448.0,,448.0,43162.658973,71094.324381,71094.32446799999,158.69268854464286,39.873976,43162.658973,2036.4719424417906,130.01010535,62.48694722147651,27.122413619065025,6.301487550527005,2,14,100-300:300-600,False,True,,2145,99.94996664442962
191,2026-10-07T04:29:33.049+00:00,2026-10-07T04:30:15.625+00:00,2026-10-07T04:30:35.119+00:00,True,312,312.0,,312.0,42575.615788,62070.191660000004,62070.191833000004,198.94292254166666,42.299652,42575.615788,2406.9730617039163,128.46796189999998,62.68352370418006,27.112991312602666,5.026567369229869,2,14,100-300:300-600,False,True,,1506,99.94996664442962
192,2026-10-07T04:29:37.698+00:00,2026-10-07T04:30:20.498+00:00,2026-10-07T04:30:39.283+00:00,True,306,306.0,,306.0,42799.589262,61584.697486000005,61584.697482,201.25718131372548,37.983644,42799.589262,2443.3098214994234,129.13175424999997,61.59051876721311,26.296413721675105,4.968766795835324,2,14,100-300:300-600,False,True,,1708,99.94996664442962
193,2026-10-07T04:29:41.723+00:00,2026-10-07T04:30:25.095+00:00,2026-10-07T04:30:51.860+00:00,True,447,447.0,,447.0,43372.415666,70136.966322,70136.966545,156.90596542505594,40.076145,43372.415666,2048.758648549012,126.54250669999999,60.01020326457399,24.997690781635,6.373244002995731,2,14,100-300:300-600,False,True,,2169,99.94996664442962
194,2026-10-07T04:29:46.845+00:00,2026-10-07T04:30:29.660+00:00,2026-10-07T04:31:00.876+00:00,True,521,521.0,,521.0,42814.840949,74030.584949,74030.584899,142.09325316506718,39.124281,42814.840949,1873.2870416268672,125.500233,60.03027692307692,24.86992432410303,7.037631816078709,2,14,100-300:300-600,False,True,,2617,99.94996664442962
195,2026-10-07T04:29:51.156+00:00,2026-10-07T04:30:34.940+00:00,2026-10-07T04:31:50.399+00:00,True,1254,1254.0,,1254.0,43783.471544,119243.221176,119243.221173,95.09028801674641,41.378845,43783.471544,1234.9593384197296,124.72756385000001,60.22326387230647,25.010263359160458,10.516321075804616,2,14,1-100:1000-1500,False,True,,1254,99.94996664442962
196,2026-10-07T04:29:55.128+00:00,2026-10-07T04:30:37.231+00:00,2026-10-07T04:31:09.181+00:00,True,527,527.0,,527.0,42102.748057,74053.24840899999,74053.248318,140.51849775711574,40.410881,42102.748057,1831.5610703355549,128.4432633,60.74239610646388,25.882489259742282,7.116500779133297,2,14,100-300:300-600,False,True,,2789,99.94996664442962
197,2026-10-07T04:29:59.662+00:00,2026-10-07T04:30:42.433+00:00,2026-10-07T04:31:14.657+00:00,True,524,524.0,,524.0,42771.019764,74995.394804,74995.39477,143.12098238549618,41.60630200000001,42771.019764,1865.9568913079459,130.64494165,61.61448382409178,26.502460665809863,6.987095692601803,2,14,100-300:300-600,False,True,,2435,99.94996664442962
198,2026-10-07T04:30:05.150+00:00,2026-10-07T04:30:48.606+00:00,2026-10-07T04:31:22.902+00:00,True,552,552.0,,552.0,43456.180513,77751.652129,77751.652099,140.85444220833332,39.19302,43456.180513,1847.1590756174169,130.5371847,62.24223523774955,26.545624901646303,7.0995275969719716,2,14,100-300:300-600,False,True,,2658,99.94996664442962
199,2026-10-07T04:30:09.468+00:00,2026-10-07T04:30:55.815+00:00,2026-10-07T04:32:04.039+00:00,True,1124,1124.0,,1124.0,46346.747581,114570.951869,114570.951657,101.93145165213524,39.103281,46346.747581,1380.8279608426174,124.79964355,60.751740238646484,25.346990702565996,9.810514634505067,2,14,1-100:1000-1500,False,True,,2950,99.94996664442962
200,2026-10-07T04:30:12.866+00:00,2026-10-07T04:30:58.169+00:00,2026-10-07T04:31:58.356+00:00,True,1000,1000.0,,1000.0,45302.731735,105489.645527,105489.645491,105.489645491,39.466943,45302.731735,1430.9095167938397,123.17282415000001,60.24716095295295,24.9049324774449,9.479603377224835,2,14,1-100:1000-1500,False,True,,3706,99.94996664442962
201,2026-10-07T04:30:16.511+00:00,2026-10-07T04:31:02.360+00:00,2026-10-07T04:32:05.952+00:00,True,1060,1060.0,,1060.0,45848.409917000004,109441.10137300001,109441.10126000001,103.24632194339623,41.205461,45848.409917000004,1406.5959714786777,124.60812370000002,60.04975586024551,24.75631526697498,9.68557504175036,2,14,1-100:1000-1500,False,True,,2718,99.94996664442962
202,2026-10-07T04:30:21.040+00:00,2026-10-07T04:31:06.699+00:00,2026-10-07T04:32:26.424+00:00,True,1319,1319.0,,1319.0,45659.325166,125383.85995000001,125383.860018,95.05978773161486,0.012944,45659.325166,1257.2736895644841,125.0360577,60.489024874051594,65.98397996979438,10.519695282359185,2,14,1-100:1000-1500,False,True,,5664,99.94996664442962
203,2026-10-07T04:30:24.337+00:00,2026-10-07T04:31:09.891+00:00,2026-10-07T04:31:33.500+00:00,True,392,392.0,,392.0,45553.374565,69162.880613,69162.88069199999,176.43592013265305,39.082131999999994,45553.374565,2297.879252757274,122.30645464999999,60.38236840920716,25.046977328298585,5.667780123176635,2,14,100-300:300-600,False,True,,2211,99.94996664442962
204,2026-10-07T04:30:28.656+00:00,2026-10-07T04:31:12.718+00:00,2026-10-07T04:32:41.192+00:00,True,1467,1467.0,,1467.0,44062.283163,132536.523419,132536.523469,90.34527843830948,0.012914,44062.283163,1150.5794010096045,123.7302533,60.350777800818555,63.40120179700264,11.068647057854664,2,14,1-100:1000-1500,False,True,,6043,99.94996664442962
205,2026-10-07T04:30:34.067+00:00,2026-10-07T04:31:18.343+00:00,2026-10-07T04:31:46.065+00:00,True,470,470.0,,470.0,44276.362124,71998.181772,71998.181939,153.1876211468085,37.745647,44276.362124,2039.7265265126402,119.43632965,59.10835745842218,23.63966552964406,6.527942629000979,2,14,100-300:300-600,False,True,,2144,99.94996664442962
206,2026-10-07T04:30:38.567+00:00,2026-10-07T04:31:21.000+00:00,2026-10-07T04:31:46.259+00:00,True,434,434.0,,434.0,42432.85056,67692.116096,67692.116205,155.97261798387098,41.349470000000004,42432.85056,2034.169415598461,112.66957860000001,58.33548622632795,22.810358315156236,6.411381783138636,2,14,100-300:300-600,False,True,,2177,99.94996664442962
207,2026-10-07T04:30:42.051+00:00,2026-10-07T04:31:24.126+00:00,2026-10-07T04:32:28.611+00:00,True,1078,1078.0,,1078.0,42075.030918,106560.094086,106560.09419999999,98.84980909090909,0.013104,42075.030918,1281.668644386945,125.64401275,59.87471046239554,71.65493007386641,10.116357434237937,2,14,1-100:1000-1500,False,True,,2413,99.94996664442962
208,2026-10-07T04:30:46.138+00:00,2026-10-07T04:31:27.977+00:00,2026-10-07T04:32:33.199+00:00,True,1091,1091.0,,1091.0,41838.585242,107060.148378,107060.14821300001,98.13029167094409,0.013235,41838.585242,1266.8878549890085,123.086963,59.83629645504587,71.65423102657093,10.19053323322492,2,14,1-100:1000-1500,False,True,,1091,99.94996664442962
209,2026-10-07T04:30:50.295+00:00,2026-10-07T04:31:33.305+00:00,2026-10-07T04:32:08.536+00:00,True,593,593.0,,593.0,43009.901943000004,78241.562487,78241.562539,131.94192670994943,40.605717,43009.901943000004,1763.927920908505,124.17863099999998,59.51294010810811,24.28086110549418,7.579091996003124,2,14,100-300:300-600,False,True,,3196,99.94996664442962
210,2026-10-07T04:30:54.528+00:00,2026-10-07T04:31:37.552+00:00,2026-10-07T04:32:10.611+00:00,True,557,557.0,,557.0,43024.897568,76083.542304,76083.542172,136.59522831597846,40.904887,43024.897568,1820.6656782958316,125.25940840000001,59.457994129496406,24.277309455861754,7.320899936210204,2,14,100-300:300-600,False,True,,2842,99.94996664442962
211,2026-10-07T04:30:58.092+00:00,2026-10-07T04:31:39.309+00:00,2026-10-07T04:33:01.355+00:00,True,1343,1343.0,,1343.0,41217.325267,123262.79573099999,123262.795774,91.78167965301563,0.012644,41217.325267,1124.937559814135,127.78772189999998,61.13671420566319,65.25113953164163,10.895420569000139,2,14,1-100:1000-1500,False,True,,1343,99.94996664442962
212,2026-10-07T04:31:02.697+00:00,2026-10-07T04:31:44.072+00:00,2026-10-07T04:32:09.420+00:00,True,426,426.0,,426.0,41375.257229999996,66723.179406,66723.179179,156.62718117136149,39.080139,41375.257229999996,2001.9040999380431,127.25203725000001,59.642169825882355,25.02161127799057,6.3845878417732065,2,14,100-300:300-600,False,True,,2033,99.94996664442962
213,2026-10-07T04:31:06.349+00:00,2026-10-07T04:31:47.064+00:00,2026-10-07T04:32:13.459+00:00,True,444,444.0,,444.0,40715.178907,67110.543515,67110.543472,151.14987268468468,41.051622,40715.178907,1929.5888790392098,128.76141705,59.5832158194131,24.852611812175024,6.615949994515552,2,14,100-300:300-600,False,True,,2000,99.94996664442962
214,2026-10-07T04:31:11.693+00:00,2026-10-07T04:31:54.168+00:00,2026-10-07T04:33:10.620+00:00,True,1240,1240.0,,1240.0,42474.980214,118926.45567,118926.45555700001,95.90843190080645,0.012403,42474.980214,1206.4412699221473,131.66711970000003,61.70417712348668,69.20910770351574,10.426611917543243,2,14,1-100:1000-1500,False,True,,5137,99.94996664442962
215,2026-10-07T04:31:14.937+00:00,2026-10-07T04:31:59.130+00:00,2026-10-07T04:33:19.900+00:00,True,1301,1301.0,,1301.0,44193.654517999996,124963.23531799999,124963.23542,96.05167980015372,0.013325,44193.654517999996,1225.3018655369467,130.661353,62.130446769230765,66.12348651159303,10.411062075091785,2,14,1-100:1000-1500,False,True,,6162,99.94996664442962
216,2026-10-07T04:31:19.190+00:00,2026-10-07T04:32:03.258+00:00,2026-10-07T04:33:21.732+00:00,True,1265,1265.0,,1265.0,44067.907856,122541.66862399998,122541.668601,96.87088426956521,0.012824,44067.907856,1239.1438609277875,131.86500239999998,62.08367149367089,68.12642133443212,10.323019216275366,2,14,1-100:1000-1500,False,True,,3290,99.94996664442962
217,2026-10-07T04:31:23.076+00:00,2026-10-07T04:32:07.926+00:00,2026-10-07T04:32:36.123+00:00,True,464,464.0,,464.0,44850.064291,73046.112419,73046.112552,157.42696670689656,0.012603999999999999,44850.064291,2082.015472702278,122.37600484999999,60.89859206911447,106.71302837243206,6.3521518754954185,2,14,100-300:300-600,False,True,,2366,99.94996664442962
218,2026-10-07T04:31:27.278+00:00,2026-10-07T04:32:13.050+00:00,2026-10-07T04:32:41.138+00:00,True,455,455.0,,455.0,45772.040316,73859.330172,73859.330151,162.32819813406593,0.012493,45772.040316,2145.667610731273,132.02261860000002,61.866277215859036,108.55210525216549,6.160359144070468,2,14,100-300:300-600,False,True,,2232,99.94996664442962
219,2026-10-07T04:31:32.095+00:00,2026-10-07T04:32:18.295+00:00,2026-10-07T04:32:54.340+00:00,True,579,579.0,,579.0,46200.193005,82245.24081300001,82245.240855,142.0470481088083,0.012594,46200.193005,1919.9072268566895,132.6164658,62.361674408304495,97.72386556589555,7.0399210249315844,2,14,100-300:300-600,False,True,,2364,99.94996664442962
220,2026-10-07T04:31:37.502+00:00,2026-10-07T04:32:24.253+00:00,2026-10-07T04:32:54.743+00:00,True,496,496.0,,496.0,46750.836652000005,77240.59742,77240.597498,155.72701108467743,0.013836000000000001,46750.836652000005,2096.5914200414145,131.983766,61.5954762989899,27.698555718207544,6.421493574201306,2,14,100-300:300-600,False,True,,2323,99.94996664442962
221,2026-10-07T04:31:42.776+00:00,2026-10-07T04:32:30.809+00:00,2026-10-07T04:32:53.535+00:00,True,357,357.0,,357.0,48032.966235,70759.321691,70759.321622,198.20538269467787,43.519652,48032.966235,2538.9522219869164,135.2120454,63.838077123595504,28.250956482846906,5.04527165422796,2,14,100-300:300-600,False,True,,1215,99.94996664442962
222,2026-10-07T04:31:47.819+00:00,2026-10-07T04:32:37.258+00:00,2026-10-07T04:33:06.583+00:00,True,472,472.0,,472.0,49438.963785,78764.715081,78764.715128,166.8743964576271,42.697752,49438.963785,2272.9045879122605,131.3455376,62.26274160509554,26.802773111289184,5.992531040258382,2,14,100-300:300-600,False,True,,2298,99.94996664442962
223,2026-10-07T04:31:51.753+00:00,2026-10-07T04:32:41.136+00:00,2026-10-07T04:33:11.219+00:00,True,482,482.0,,482.0,49382.895125,79466.303509,79466.303602,164.8678497966805,39.149548,49382.895125,2246.645786337502,132.74172255,62.543468573804574,27.283354429584946,6.065463960399401,2,14,100-300:300-600,False,True,,2059,99.94996664442962
224,2026-10-07T04:31:55.759+00:00,2026-10-07T04:32:44.826+00:00,2026-10-07T04:33:05.560+00:00,True,337,337.0,,337.0,49066.928421,69801.240869,69801.240949,207.12534406231453,41.924834000000004,49066.928421,2669.615041422713,131.3981326,61.70926323809524,26.450968041425103,4.827994399590507,2,14,100-300:300-600,False,True,,1304,99.94996664442962
225,2026-10-07T04:31:59.007+00:00,2026-10-07T04:32:47.549+00:00,2026-10-07T04:33:19.468+00:00,True,515,515.0,,515.0,48541.84743,80461.417094,80461.416947,156.23576106213594,40.713158,48541.84743,2136.4425391376485,129.6428321,62.10033008560311,26.948746845898313,6.400583268355132,2,14,100-300:300-600,False,True,,2420,99.94996664442962
226,2026-10-07T04:32:03.228+00:00,2026-10-07T04:32:51.319+00:00,2026-10-07T04:33:09.443+00:00,True,302,302.0,,302.0,48091.023183,66215.394895,66215.395016,219.25627488741722,42.774532,48091.023183,2763.9752319899794,130.72088390000002,60.213859508305646,25.005037467606698,4.560872897894691,2,14,100-300:300-600,False,True,,1253,99.94996664442962
227,2026-10-07T04:32:06.967+00:00,2026-10-07T04:32:55.314+00:00,2026-10-07T04:33:19.727+00:00,True,399,399.0,,399.0,48347.498322,72760.176722,72760.176776,182.35633277192983,42.026279,48347.498322,2417.4696493795873,128.1892484,61.33838793969849,25.871896913989794,5.483768978798496,2,14,100-300:300-600,False,True,,2099,99.94996664442962
228,2026-10-07T04:32:10.625+00:00,2026-10-07T04:33:01.205+00:00,2026-10-07T04:33:27.805+00:00,True,435,435.0,,435.0,50579.923081,77179.197833,77179.197795,177.42344320689656,40.91387400000001,50579.923081,2422.3247597730347,127.5469913,61.28865150230414,26.224712380629708,5.636233754868132,2,14,100-300:300-600,False,True,,1865,99.94996664442962
229,2026-10-07T04:32:13.941+00:00,2026-10-07T04:33:05.668+00:00,2026-10-07T04:34:20.831+00:00,True,1237,1237.0,,1237.0,51726.379586,126889.640514,126889.640495,102.57852909862571,40.180152,51726.379586,1469.2099885944394,126.75531600000001,60.811699779935275,25.91481373513294,9.748628768977554,2,14,1-100:1000-1500,False,True,,6038,99.94996664442962
230,2026-10-07T04:32:17.643+00:00,2026-10-07T04:33:09.025+00:00,2026-10-07T04:33:32.331+00:00,True,382,382.0,,382.0,51381.600987000005,74687.518939,74687.518998,195.5170654397906,41.26771,51381.600987000005,2625.9093277643233,126.69511885,61.170388325459314,25.92780169983548,5.114643054510798,2,14,100-300:300-600,False,True,,1717,99.94996664442962
231,2026-10-07T04:32:24.286+00:00,2026-10-07T04:33:12.420+00:00,2026-10-07T04:33:34.085+00:00,True,367,367.0,,367.0,48134.331399999995,69798.862344,69798.86236099999,190.1876358610354,41.513498,48134.331399999995,2509.612079920151,122.76922889999997,59.19270749726776,23.557597490124135,5.257965354668102,2,14,100-300:300-600,False,True,,1683,99.94996664442962
232,2026-10-07T04:32:27.314+00:00,2026-10-07T04:33:15.996+00:00,2026-10-07T04:34:24.899+00:00,True,1144,1144.0,,1144.0,48681.865177,117584.119769,117584.11964799999,102.78332137062937,39.211417000000004,48681.865177,1437.7485011518688,126.36517515,60.281937525809276,25.233548793223942,9.729204949167,2,14,1-100:1000-1500,False,True,,4230,99.94996664442962
233,2026-10-07T04:32:31.351+00:00,2026-10-07T04:33:19.904+00:00,2026-10-07T04:33:40.252+00:00,True,343,343.0,,343.0,48553.804365,68901.68097300001,68901.681047,200.87953658017494,40.22208,48553.804365,2618.556865867906,123.5991792,59.49671522807018,24.077592071010624,4.9781078655310145,2,14,100-300:300-600,False,True,,1850,99.94996664442962
234,2026-10-07T04:32:36.068+00:00,2026-10-07T04:33:24.043+00:00,2026-10-07T04:33:56.718+00:00,True,549,549.0,,549.0,47975.344173,80649.54551699999,80649.545468,146.9026329107468,37.936276,47975.344173,2045.1378616380516,126.0273014,59.62445500729927,24.356543801340973,6.807229928955733,2,14,100-300:300-600,False,True,,1886,99.94996664442962
235,2026-10-07T04:32:41.642+00:00,2026-10-07T04:33:30.613+00:00,2026-10-07T04:34:01.326+00:00,True,509,509.0,,509.0,48970.812123,79683.30773900001,79683.307805,156.54873832023577,41.275714,48970.812123,2168.062228464043,126.438941,60.45766853543307,25.432711624262147,6.387787033982228,2,14,100-300:300-600,False,True,,2049,99.94996664442962
236,2026-10-07T04:32:46.665+00:00,2026-10-07T04:33:36.597+00:00,2026-10-07T04:34:01.993+00:00,True,419,419.0,,419.0,49931.815075000006,75328.08438700001,75328.08428200001,179.7806307446301,41.436485999999995,49931.815075000006,2436.5001530168024,127.5147026,60.75662514832536,26.105054462280027,5.562334465421642,2,14,100-300:300-600,False,True,,2003,99.94996664442962
237,2026-10-07T04:32:51.148+00:00,2026-10-07T04:33:39.583+00:00,2026-10-07T04:34:02.934+00:00,True,391,391.0,,391.0,48435.224751,71786.325679,71786.32548500001,183.596740370844,42.589678,48435.224751,2446.5749123993924,126.48454399999999,59.87461776410257,25.08766856519718,5.446719779870014,2,14,100-300:300-600,False,True,,2104,99.94996664442962
238,2026-10-07T04:32:54.692+00:00,2026-10-07T04:33:42.167+00:00,2026-10-07T04:34:15.307+00:00,True,551,551.0,,551.0,47474.816248,80614.470648,80614.470741,146.30575452087115,38.98348,47474.816248,2020.0991991813096,127.96262399999999,60.25391709090909,26.302672560152374,6.835001155139012,2,14,100-300:300-600,False,True,,2109,99.94996664442962
239,2026-10-07T04:32:57.835+00:00,2026-10-07T04:33:45.060+00:00,2026-10-07T04:34:08.418+00:00,True,392,392.0,,392.0,47225.518593,70583.167745,70583.167636,180.0591011122449,42.138411,47225.518593,2382.3631215032697,125.3109175,59.73823312531969,25.05999258568863,5.553732037306709,2,14,100-300:300-600,False,True,,1829,99.94996664442962
240,2026-10-07T04:33:02.367+00:00,2026-10-07T04:33:49.227+00:00,2026-10-07T04:34:19.058+00:00,True,494,494.0,,494.0,46859.648688,76690.712496,76690.712547,155.2443573825911,40.492136,46859.648688,2105.7545667427985,127.82225545,60.509257217038545,26.12514352671115,6.44145795393107,2,14,100-300:300-600,False,True,,2364,99.94996664442962
241,2026-10-07T04:33:05.671+00:00,2026-10-07T04:33:53.422+00:00,2026-10-07T04:34:15.107+00:00,True,361,361.0,,361.0,47751.479348,69436.12114,69436.121156,192.34382591689752,41.103393,47751.479348,2510.198711361178,127.06999099999999,60.235116088888894,25.897679139679052,5.19902313195371,2,14,100-300:300-600,False,True,,1502,99.94996664442962
242,2026-10-07T04:33:10.351+00:00,2026-10-07T04:33:57.915+00:00,2026-10-07T04:34:20.342+00:00,True,367,367.0,,367.0,47563.828508,69990.314524,69990.314614,190.7093041253406,41.749953,47563.828508,2479.7553446365273,127.31111389999998,61.27455195628415,26.59350528901807,5.243582665629456,2,14,100-300:300-600,False,True,,1576,99.94996664442962
243,2026-10-07T04:33:13.747+00:00,2026-10-07T04:34:00.824+00:00,2026-10-07T04:35:23.353+00:00,True,1363,1363.0,,1363.0,47077.356004,129606.305508,129606.305672,95.08899902567865,31.790291,47077.356004,1273.7750851303692,125.99107630000002,60.593942367107196,25.643411758400177,10.516463644709543,2,14,1-100:1000-1500,False,True,,2828,99.94996664442962
244,2026-10-07T04:33:17.535+00:00,2026-10-07T04:34:04.612+00:00,2026-10-07T04:34:33.129+00:00,True,476,476.0,,476.0,47076.260985,75593.472121,75593.472052,158.8098152352941,29.76716,47076.260985,2155.1376327344387,125.35295024999999,60.03623397052632,25.6651501173894,6.296840013355681,2,14,100-300:300-600,False,True,,2216,99.94996664442962
245,2026-10-07T04:33:20.962+00:00,2026-10-07T04:34:07.563+00:00,2026-10-07T04:34:39.205+00:00,True,525,525.0,,525.0,46600.787108000004,78243.604388,78243.604328,149.0354368152381,25.429712,46600.787108000004,2031.3430667998548,123.93305460000002,60.38705587786259,24.994578256791897,6.70981358932025,2,14,100-300:300-600,False,True,,2717,99.94996664442962
246,2026-10-07T04:33:25.226+00:00,2026-10-07T04:34:12.756+00:00,2026-10-07T04:35:43.803+00:00,True,1491,1491.0,,1491.0,47530.017383,138577.645927,138577.645868,92.94275376794099,29.710183,47530.017383,1229.61156104382,127.10757299999999,61.10579096912751,26.05901661262808,10.759311070888229,2,14,1-100:1000-1500,False,True,,4734,99.94996664442962
247,2026-10-07T04:33:30.202+00:00,2026-10-07T04:34:17.042+00:00,2026-10-07T04:34:44.227+00:00,True,452,452.0,,452.0,46839.547224,74024.576344,74024.576478,163.7711868982301,31.611717000000002,46839.547224,2200.44907011362,121.97078255000001,60.27722643015521,24.607867701657884,6.106080200979584,2,14,100-300:300-600,False,True,,2028,99.94996664442962
248,2026-10-07T04:33:33.395+00:00,2026-10-07T04:34:19.274+00:00,2026-10-07T04:34:42.232+00:00,True,384,384.0,,384.0,45879.074815,68836.961279,68836.961319,179.26292010156251,23.290011999999997,45879.074815,2338.328500869081,123.11624345,59.942262308093994,24.75372592048812,5.578398477579898,2,14,100-300:300-600,False,True,,1784,99.94996664442962
249,2026-10-07T04:33:36.487+00:00,2026-10-07T04:34:23.150+00:00,2026-10-07T04:35:46.471+00:00,True,1369,1369.0,,1369.0,46662.991287,129984.179127,129984.179192,94.94826821913806,25.058296,46662.991287,1259.781054636278,126.935462,60.90730105263158,25.86089549302599,10.532050971083407,2,14,1-100:1000-1500,False,True,,3032,99.94996664442962
250,2026-10-07T04:33:39.769+00:00,2026-10-07T04:34:25.607+00:00,2026-10-07T04:35:44.043+00:00,True,1285,1285.0,,1285.0,45837.403974,124274.027846,124274.028018,96.71130585058366,25.049919999999997,45837.403974,1277.2612778032158,126.2637224,61.08771329595016,26.078129480136507,10.340052722781047,2,14,1-100:1000-1500,False,True,,3924,99.94996664442962
251,2026-10-07T04:33:43.730+00:00,2026-10-07T04:34:29.519+00:00,2026-10-07T04:34:53.711+00:00,True,405,405.0,,405.0,45789.678083,69981.007875,69981.007981,172.79261229876542,26.205315,45789.678083,2272.469385671376,123.46170460000002,59.879529188118816,25.022506451126166,5.787284469000656,2,14,100-300:300-600,False,True,,1764,99.94996664442962
252,2026-10-07T04:33:47.330+00:00,2026-10-07T04:34:33.651+00:00,2026-10-07T04:34:55.832+00:00,True,370,370.0,,370.0,46321.489311,68502.774175,68502.774349,185.14263337567567,38.904411,46321.489311,2405.1491196940947,123.34846135,60.111883100271,25.482174323750417,5.401241109663425,2,14,100-300:300-600,False,True,,1870,99.94996664442962
253,2026-10-07T04:33:50.367+00:00,2026-10-07T04:34:36.076+00:00,2026-10-07T04:35:07.763+00:00,True,527,527.0,,527.0,45708.763825,77395.91876900001,77395.918744,146.8613258899431,41.476904000000005,45708.763825,1988.6397630406611,124.57364469999999,60.24173943726235,25.1635372248209,6.809144569662806,2,14,100-300:300-600,False,True,,2439,99.94996664442962
254,2026-10-07T04:33:54.643+00:00,2026-10-07T04:34:39.034+00:00,2026-10-07T04:35:07.939+00:00,True,482,482.0,,482.0,44390.904749,73296.321709,73296.321622,152.06705730705394,40.454627,44390.904749,2019.3706500108128,124.79441125,60.09442195426195,25.252459487529734,6.5760462293541755,2,14,100-300:300-600,False,True,,2051,99.94996664442962
255,2026-10-07T04:34:00.056+00:00,2026-10-07T04:34:44.061+00:00,2026-10-07T04:35:17.142+00:00,True,554,554.0,,554.0,44004.429999,77085.82673500001,77085.826777,139.14409165523466,40.489743000000004,44004.429999,1867.1947925578104,125.4673559,59.82169391681736,25.016597493705486,7.186794556987765,2,14,100-300:300-600,False,True,,2728,99.94996664442962
256,2026-10-07T04:34:03.409+00:00,2026-10-07T04:34:46.908+00:00,2026-10-07T04:35:07.047+00:00,True,341,341.0,,341.0,43499.041230999996,63638.588367,63638.588454,186.62342655131962,39.102393,43499.041230999996,2352.5247914407664,124.90593799999999,59.23396216470588,24.513103937373337,5.358384099180093,2,14,100-300:300-600,False,True,,1455,99.94996664442962
257,2026-10-07T04:34:08.096+00:00,2026-10-07T04:34:52.697+00:00,2026-10-07T04:36:13.101+00:00,True,1320,1320.0,,1320.0,44601.224441,125004.629497,125004.62942499999,94.70047683712122,0.011211,44601.224441,1228.7062085687699,126.85401065,60.957850686884,82.57450639314847,10.559608914577671,2,14,1-100:1000-1500,False,True,,1320,99.94996664442962
258,2026-10-07T04:34:13.464+00:00,2026-10-07T04:34:57.803+00:00,2026-10-07T04:35:31.539+00:00,True,545,545.0,,545.0,44338.733887,78075.32166300001,78075.321714,143.2574710348624,42.234662,44338.733887,1896.8067621675004,132.1015532,62.01578635294118,27.606649668756912,6.980438740328317,2,14,100-300:300-600,False,True,,2972,99.94996664442962
259,2026-10-07T04:34:17.265+00:00,2026-10-07T04:35:01.924+00:00,2026-10-07T04:36:29.851+00:00,True,1439,1439.0,,1439.0,44659.34183,132585.793542,132585.793506,92.1374520542043,0.011451000000000001,44659.34183,1178.196744443907,127.0755566,61.1449594659249,77.08704932072752,10.853349831512373,2,14,1-100:1000-1500,False,True,,4499,99.94996664442962
260,2026-10-07T04:34:22.593+00:00,2026-10-07T04:35:07.760+00:00,2026-10-07T04:35:28.145+00:00,True,331,331.0,,331.0,45167.248176,65551.61272,65551.612554,198.04112554078552,43.269151,45167.248176,2479.3611917600065,132.002526,61.77080164848485,26.381712522028607,5.049456241661783,2,14,100-300:300-600,False,True,,1307,99.94996664442962
261,2026-10-07T04:34:26.689+00:00,2026-10-07T04:35:11.891+00:00,2026-10-07T04:36:16.657+00:00,True,1064,1064.0,,1064.0,45201.753096,109967.742472,109967.742278,103.3531412387218,0.013345000000000001,45201.753096,1386.9350755218263,126.8423623,60.92755350517403,92.03700071529826,9.675564634519217,2,14,1-100:1000-1500,False,True,,2440,99.94996664442962
262,2026-10-07T04:34:30.392+00:00,2026-10-07T04:35:17.294+00:00,2026-10-07T04:36:25.105+00:00,True,1112,1112.0,,1112.0,46901.942784,114712.74368,114712.743574,103.15894206294963,0.011311,46901.942784,1407.560283626945,125.50435069999999,61.03582438883889,90.26763300737335,9.693779124506072,2,14,1-100:1000-1500,False,True,,3997,99.94996664442962
263,2026-10-07T04:34:34.871+00:00,2026-10-07T04:35:22.041+00:00,2026-10-07T04:35:52.839+00:00,True,503,503.0,,503.0,47169.802307,77968.385347,77968.385201,155.00673002186878,40.015544999999996,47169.802307,2100.6269876647643,128.3638447,61.3517590438247,26.354169838841635,6.4513327775275515,2,14,100-300:300-600,False,True,,2191,99.94996664442962
264,2026-10-07T04:34:38.766+00:00,2026-10-07T04:35:25.973+00:00,2026-10-07T04:36:47.767+00:00,True,1349,1349.0,,1349.0,47206.968857,129001.467161,129001.46715,95.62747750185322,0.011191000000000001,47206.968857,1286.0234162400468,126.327679,60.678411204747775,78.3706112900714,10.457245407266443,2,14,1-100:1000-1500,False,True,,3914,99.94996664442962
265,2026-10-07T04:34:42.183+00:00,2026-10-07T04:35:28.895+00:00,2026-10-07T04:36:02.794+00:00,True,516,516.0,,516.0,46712.249432,80611.215704,80611.215727,156.22328629263566,0.013325,46712.249432,2057.4126154504725,127.63289225,65.82323547961165,127.03822283617727,6.401094382383761,2,14,100-300:300-600,False,True,,2733,99.94996664442962
266,2026-10-07T04:34:47.559+00:00,2026-10-07T04:35:32.099+00:00,2026-10-07T04:35:51.556+00:00,True,330,330.0,,330.0,44539.560935,63997.266407,63997.266479,193.93111054242425,38.251108,44539.560935,2448.6876438844847,125.88575144999999,59.14196192097265,24.39656639357282,5.1564702451713575,2,14,100-300:300-600,False,True,,1600,99.94996664442962
267,2026-10-07T04:34:51.925+00:00,2026-10-07T04:35:35.995+00:00,2026-10-07T04:36:03.284+00:00,True,451,451.0,,451.0,44070.142622,71359.380894,71359.380848,158.22479123725054,0.011201000000000001,44070.142622,2076.7435870344652,124.16988799999999,60.642751715555555,135.52853327393285,6.320122096770051,2,14,100-300:300-600,False,True,,2075,99.94996664442962
268,2026-10-07T04:34:55.973+00:00,2026-10-07T04:35:39.779+00:00,2026-10-07T04:37:00.400+00:00,True,1347,1347.0,,1347.0,43805.775983,124426.700143,124426.700057,92.37319974536005,0.011491,43805.775983,1194.6557852535566,123.8466841,59.8966747102526,80.57990633670406,10.825650752225464,2,14,1-100:1000-1500,False,True,,5353,99.94996664442962
269,2026-10-07T04:35:01.102+00:00,2026-10-07T04:35:46.322+00:00,2026-10-07T04:36:08.847+00:00,True,375,375.0,,375.0,45220.019708,67745.462524,67745.462401,180.65456640266666,0.011532,45220.019708,2336.9401957404207,123.88950499999999,60.22845672727273,151.43581486988597,5.535426079158435,2,14,100-300:300-600,False,True,,2074,99.94996664442962
270,2026-10-07T04:35:04.156+00:00,2026-10-07T04:35:50.176+00:00,2026-10-07T04:36:23.667+00:00,True,557,557.0,,557.0,46019.759089,79511.34795299999,79511.34804699999,142.74927836086175,0.011241,46019.759089,1951.244137167708,124.57354,60.236670618705034,123.04827663372123,7.005289362334151,2,14,100-300:300-600,False,True,,2598,99.94996664442962
271,2026-10-07T04:35:07.382+00:00,2026-10-07T04:35:53.849+00:00,2026-10-07T04:36:25.404+00:00,True,526,526.0,,526.0,46466.262677,78022.077589,78022.077689,148.3309461768061,0.011411,46466.262677,2027.1389275460328,124.81644424999999,60.10631411809524,123.10579523389686,6.741681537510846,2,14,100-300:300-600,False,True,,2191,99.94996664442962
272,2026-10-07T04:35:12.017+00:00,2026-10-07T04:35:57.969+00:00,2026-10-07T04:37:16.547+00:00,True,1311,1311.0,,1311.0,45952.505376999994,124530.61584099999,124530.61595499999,94.9890281884058,0.011250999999999999,45952.505376999994,1270.2195404581169,123.72672050000001,59.983290430534346,83.43503764040783,10.5275316527293,2,14,1-100:1000-1500,False,True,,7203,99.94996664442962
273,2026-10-07T04:35:16.071+00:00,2026-10-07T04:36:02.765+00:00,2026-10-07T04:36:30.485+00:00,True,492,492.0,,492.0,46694.023563,74413.105035,74413.104865,151.2461480995935,0.012263,46694.023563,2102.768865548641,122.91060549999999,56.45434108350305,27.910760803623916,6.611738614704885,2,14,100-300:300-600,False,True,,1789,99.94996664442962
274,2026-10-07T04:35:21.645+00:00,2026-10-07T04:36:04.275+00:00,2026-10-07T04:36:39.235+00:00,True,593,593.0,,593.0,42629.873075999996,77589.690292,77589.69028,130.84264802698144,31.700883,42629.873075999996,1748.3415768273755,124.32351860000003,59.0537452972973,24.225020155095404,7.642767973016928,2,14,100-300:300-600,False,True,,2725,99.94996664442962
275,2026-10-07T04:35:26.215+00:00,2026-10-07T04:36:09.482+00:00,2026-10-07T04:37:23.172+00:00,True,1226,1226.0,,1226.0,43266.539104,116956.601184,116956.601054,95.39690134910278,31.060171999999998,43266.539104,1234.214521941278,124.721069,60.15515271836735,24.848809768985323,10.482520760595772,2,14,1-100:1000-1500,False,True,,3172,99.94996664442962
276,2026-10-07T04:35:29.439+00:00,2026-10-07T04:36:13.101+00:00,2026-10-07T04:37:34.226+00:00,True,1349,1349.0,,1349.0,43661.481129,124787.128233,124787.128123,92.5034307805782,30.191715,43661.481129,1187.3752985166088,124.9579252,60.18223078931751,24.78406604928769,10.810409848371338,2,14,1-100:1000-1500,False,True,,4888,99.94996664442962
277,2026-10-07T04:35:33.417+00:00,2026-10-07T04:36:19.050+00:00,2026-10-07T04:36:50.063+00:00,True,508,508.0,,508.0,45632.851897,76646.512825,76646.512689,150.87896198622047,29.291188,45632.851897,2022.0755350329455,124.18668785,61.17092885207101,25.394146886240772,6.627829255061742,2,14,100-300:300-600,False,True,,2445,99.94996664442962
278,2026-10-07T04:35:36.952+00:00,2026-10-07T04:36:22.159+00:00,2026-10-07T04:36:42.343+00:00,True,334,334.0,,334.0,45206.350028,65390.46574,65390.465926,195.7798381017964,27.617561000000002,45206.350028,2470.3893888320076,124.93214404999999,60.612960096096096,24.845055496619707,5.107778270428939,2,14,100-300:300-600,False,True,,1639,99.94996664442962
279,2026-10-07T04:35:40.115+00:00,2026-10-07T04:36:23.856+00:00,2026-10-07T04:37:43.024+00:00,True,1305,1305.0,,1305.0,43741.826964,122909.359764,122909.359936,94.18341757547893,34.115558,43741.826964,1209.4424831542783,126.342277,60.711298159509205,25.536375057731128,10.61758032509281,2,14,1-100:1000-1500,False,True,,3587,99.94996664442962
280,2026-10-07T04:35:44.241+00:00,2026-10-07T04:36:28.002+00:00,2026-10-07T04:37:01.547+00:00,True,558,558.0,,558.0,43760.193362000005,77305.73038600001,77305.730566,138.54073578136203,27.090874,43760.193362000005,1850.1299310424267,124.60965629999998,60.2253806535009,24.563129291826247,7.218093629202076,2,14,100-300:300-600,False,True,,3001,99.94996664442962
281,2026-10-07T04:35:48.262+00:00,2026-10-07T04:36:30.486+00:00,2026-10-07T04:36:49.363+00:00,True,319,319.0,,319.0,42224.711086,61101.25406200001,61101.253895,191.53998086206897,26.632395,42224.711086,2360.9291457899935,124.1888716,59.36019803773585,24.110458614399846,5.220842107042643,2,14,100-300:300-600,False,True,,1180,99.94996664442962
282,2026-10-07T04:35:53.822+00:00,2026-10-07T04:36:39.384+00:00,2026-10-07T04:37:05.668+00:00,True,434,434.0,,434.0,45562.256934,71846.534182,71846.534309,165.54500992857143,36.428744,45562.256934,2184.2894553415717,125.12469785000002,60.70271881755196,25.193469105905287,6.040653247108637,2,14,100-300:300-600,False,True,,1908,99.94996664442962
283,2026-10-07T04:35:59.095+00:00,2026-10-07T04:36:43.506+00:00,2026-10-07T04:37:48.492+00:00,True,1070,1070.0,,1070.0,44411.518651,109396.997819,109396.997599,102.24018467196261,24.634280999999998,44411.518651,1356.0797963605085,126.57294955000002,60.79090661178672,25.44335723748001,9.780889981737353,2,14,1-100:1000-1500,False,True,,1070,99.94996664442962
284,2026-10-07T04:36:04.139+00:00,2026-10-07T04:36:48.429+00:00,2026-10-07T04:38:15.320+00:00,True,1424,1424.0,,1424.0,44290.380016999996,131180.782833,131180.782988,92.12133636797752,26.865422,44290.380016999996,1172.3670998877699,127.6927103,61.061421515108925,26.196073409435037,10.85524852990721,2,14,1-100:1000-1500,False,True,,2138,99.94996664442962
285,2026-10-07T04:36:08.876+00:00,2026-10-07T04:36:53.048+00:00,2026-10-07T04:37:21.240+00:00,True,475,475.0,,475.0,44172.285394,72364.301266,72364.301357,152.3458975936842,42.909305999999994,44172.285394,2024.1833324619456,125.2368849,59.476826734177216,24.574401502953034,6.564010039342097,2,14,100-300:300-600,False,True,,2497,99.94996664442962
286,2026-10-07T04:36:13.397+00:00,2026-10-07T04:36:57.156+00:00,2026-10-07T04:38:03.967+00:00,True,1101,1101.0,,1101.0,43759.161582,110570.664686,110570.664599,100.42748828247048,25.728682,43759.161582,1317.2031582786606,126.985172,60.737730094545455,25.394237582958194,9.957433132256499,2,14,1-100:1000-1500,False,True,,5426,99.94996664442962
287,2026-10-07T04:36:17.346+00:00,2026-10-07T04:37:01.260+00:00,2026-10-07T04:38:16.927+00:00,True,1233,1233.0,,1233.0,43913.865558,119580.78498200001,119580.784923,96.98360496593673,26.580698,43913.865558,1249.1246548375686,128.0491936,61.417954077922076,25.924982162200216,10.311021124218229,2,14,1-100:1000-1500,False,True,,1233,99.94996664442962
288,2026-10-07T04:36:22.751+00:00,2026-10-07T04:37:05.396+00:00,2026-10-07T04:37:25.122+00:00,True,333,333.0,,333.0,42645.0105,62371.295044,62371.295241,187.3011869099099,39.152446000000005,42645.0105,2333.8086664827183,127.2284016,59.416519710843374,24.905243277404853,5.338994480795761,2,14,100-300:300-600,False,True,,1766,99.94996664442962
289,2026-10-07T04:36:27.161+00:00,2026-10-07T04:37:08.864+00:00,2026-10-07T04:38:31.664+00:00,True,1359,1359.0,,1359.0,41703.564849,124502.83038500001,124502.83046,91.61356178072111,24.104157999999998,41703.564849,1129.89651099327,128.3093395,60.971476830633286,25.50927911781848,10.915414499393831,2,14,1-100:1000-1500,False,True,,2931,99.94996664442962
290,2026-10-07T04:36:31.766+00:00,2026-10-07T04:37:15.691+00:00,2026-10-07T04:37:40.685+00:00,True,405,405.0,,405.0,43924.921427,68918.674515,68918.674379,170.16956636790124,43.619466,43924.921427,2179.726453229115,128.3616448,61.865725465346536,25.91625272934492,5.876491427760303,2,14,100-300:300-600,False,True,,2127,99.94996664442962
291,2026-10-07T04:36:36.135+00:00,2026-10-07T04:37:20.399+00:00,2026-10-07T04:37:42.618+00:00,True,358,358.0,,358.0,44264.022684,66483.26262000001,66483.262541,185.70743726536313,42.92182,44264.022684,2336.2892374705566,130.81355614999998,62.2387673277311,26.719302815616075,5.384813950034752,2,14,100-300:300-600,False,True,,1828,99.94996664442962
292,2026-10-07T04:36:40.689+00:00,2026-10-07T04:37:23.772+00:00,2026-10-07T04:38:35.415+00:00,True,1167,1167.0,,1167.0,43083.160501,114725.997749,114725.99784899999,98.30848144730076,24.771919,43083.160501,1259.6297545691702,129.5791629,61.443256644939964,25.737377470393362,10.172062330224293,2,14,1-100:1000-1500,False,True,,5235,99.94996664442962
293,2026-10-07T04:36:44.314+00:00,2026-10-07T04:37:29.694+00:00,2026-10-07T04:38:58.578+00:00,True,1437,1437.0,,1437.0,45379.143657,134263.884521,134263.884684,93.43346185386221,22.657447,45379.143657,1195.7496988360115,130.1519602,61.8974518551532,26.319203819029088,10.702803699793456,2,14,1-100:1000-1500,False,True,,8817,99.94996664442962
294,2026-10-07T04:36:49.124+00:00,2026-10-07T04:37:34.364+00:00,2026-10-07T04:38:11.585+00:00,True,598,598.0,,598.0,45240.203096,82461.6134,82461.61334,137.89567448160534,26.874118,45240.203096,1847.6506790731935,131.4785726,62.34742094472362,26.572831562360363,7.251859081379554,2,14,100-300:300-600,False,True,,3023,99.94996664442962
295,2026-10-07T04:36:54.293+00:00,2026-10-07T04:37:38.994+00:00,2026-10-07T04:39:01.324+00:00,True,1334,1334.0,,1334.0,44700.796914,127030.82725,127030.827411,95.22550780434783,25.07109,44700.796914,1222.4907744215311,131.6263338,61.76296349287322,27.3607187123414,10.501387961322592,2,14,1-100:1000-1500,False,True,,5846,99.94996664442962
296,2026-10-07T04:36:57.792+00:00,2026-10-07T04:37:42.796+00:00,2026-10-07T04:38:09.953+00:00,True,446,446.0,,446.0,45003.303252,72160.772436,72160.772301,161.7954535896861,23.278830999999997,45003.303252,2128.2252503240657,128.04914874999997,61.02802063820225,25.028073182983995,6.180643373732746,2,14,100-300:300-600,False,True,,2116,99.94996664442962
297,2026-10-07T04:37:02.641+00:00,2026-10-07T04:37:46.102+00:00,2026-10-07T04:38:10.916+00:00,True,408,408.0,,408.0,43460.982667000004,68274.682763,68274.682646,167.33990844607845,20.873434,43460.982667000004,2148.771263612124,130.5725089,60.9673221031941,25.448819081231868,5.975860794788003,2,14,100-300:300-600,False,True,,962,99.94996664442962
298,2026-10-07T04:37:06.707+00:00,2026-10-07T04:37:54.623+00:00,2026-10-07T04:39:08.771+00:00,True,1201,1201.0,,1201.0,47915.96247,122064.07459799999,122064.074606,101.63536603330557,27.193817,47915.96247,1381.1092867636517,130.173046,61.79009344,26.474575601656408,9.839094786531714,2,14,1-100:1000-1500,False,True,,5340,99.94996664442962
299,2026-10-07T04:37:10.998+00:00,2026-10-07T04:38:00.164+00:00,2026-10-07T04:38:36.576+00:00,True,592,592.0,,592.0,49165.861713,85577.141841,85577.141871,144.5559828902027,44.444724,49165.861713,2018.3388007404428,127.7721948,61.60961104568528,25.94421116440769,6.917735124876218,2,14,100-300:300-600,False,True,,2793,99.94996664442962
300,2026-10-07T04:37:16.189+00:00,2026-10-07T04:38:06.511+00:00,2026-10-07T04:38:33.210+00:00,True,432,432.0,,432.0,50322.766653,77021.284925,77021.284996,178.29001156481482,41.381483,50322.766653,2418.3169944057117,127.15896375,61.9455180324826,26.24714540539577,5.608839172452951,2,14,100-300:300-600,False,True,,2535,99.94996664442962
301,2026-10-07T04:37:21.714+00:00,2026-10-07T04:38:11.736+00:00,2026-10-07T04:39:32.296+00:00,True,1319,1319.0,,1319.0,50022.220289,130581.70419299998,130581.704076,99.00053379529946,22.399082999999997,50022.220289,1375.8972192346678,126.77283629999998,61.122521930197266,25.81870200983145,10.100955628902772,2,14,1-100:1000-1500,False,True,,4706,99.94996664442962
302,2026-10-07T04:37:25.843+00:00,2026-10-07T04:38:15.508+00:00,2026-10-07T04:38:44.747+00:00,True,482,482.0,,482.0,49664.62162,78903.98827599999,78903.988104,163.70122013278007,27.013119,49664.62162,2259.540254549462,129.4346444,60.78870406652807,25.851140450285026,6.108689947509391,2,14,100-300:300-600,False,True,,2597,99.94996664442962
303,2026-10-07T04:37:28.932+00:00,2026-10-07T04:38:17.650+00:00,2026-10-07T04:38:41.897+00:00,True,397,397.0,,397.0,48717.993603,72965.148547,72965.148501,183.79130604785894,28.194713,48717.993603,2442.1561722734273,128.76322679999998,61.23018925252526,26.481531998285615,5.440953769103549,2,14,100-300:300-600,False,True,,833,99.94996664442962
304,2026-10-07T04:37:32.445+00:00,2026-10-07T04:38:19.972+00:00,2026-10-07T04:38:41.124+00:00,True,348,348.0,,348.0,47527.079278,68679.272046,68679.272227,197.3542305373563,28.930061000000002,47527.079278,2544.5890490416537,130.51371595,60.95732786167147,26.522906877294496,5.067030992508433,2,14,100-300:300-600,False,True,,1631,99.94996664442962
305,2026-10-07T04:37:37.257+00:00,2026-10-07T04:38:28.140+00:00,2026-10-07T04:39:36.850+00:00,True,1121,1121.0,,1121.0,50882.933938,119592.18117,119592.18111,106.68348002676183,22.983618,50882.933938,1518.1314738811266,126.388603,61.34754217142857,26.067092895282343,9.373522491462056,2,14,1-100:1000-1500,False,True,,3632,99.94996664442962
306,2026-10-07T04:37:40.595+00:00,2026-10-07T04:38:30.908+00:00,2026-10-07T04:39:00.886+00:00,True,485,485.0,,485.0,50312.646682,80290.96373799999,80290.963762,165.54837889072164,28.541914000000002,50312.646682,2281.9235096932284,129.7889192,61.938671603305785,26.743904553407884,6.040530309022308,2,14,100-300:300-600,False,True,,2042,99.94996664442962
307,2026-10-07T04:37:44.258+00:00,2026-10-07T04:38:35.599+00:00,2026-10-07T04:39:05.416+00:00,True,482,482.0,,482.0,51340.235761,81157.884401,81157.884426,168.37735358091288,27.242248,51340.235761,2335.819088739613,129.38888415,61.99095351351351,27.28550966075988,5.93904096388768,2,14,100-300:300-600,False,True,,2179,99.94996664442962
308,2026-10-07T04:37:49.763+00:00,2026-10-07T04:38:39.925+00:00,2026-10-07T04:40:09.877+00:00,True,1487,1487.0,,1487.0,50161.512069,140113.449093,140113.449211,94.22558790248823,37.398963,50161.512069,1299.4940108313272,124.46891670000001,60.532932048452224,25.496621987338926,10.612828458837,2,14,1-100:1000-1500,False,True,,5447,99.94996664442962
309,2026-10-07T04:37:53.240+00:00,2026-10-07T04:38:43.446+00:00,2026-10-07T04:39:01.920+00:00,True,301,301.0,,301.0,50206.051089,68680.054033,68680.054052,228.17293704983388,41.647521999999995,50206.051089,2890.4010247113183,129.148866,61.580009813333334,26.574791563564595,4.382640698788223,2,14,100-300:300-600,False,True,,1484,99.94996664442962
310,2026-10-07T04:37:56.622+00:00,2026-10-07T04:38:48.573+00:00,2026-10-07T04:39:14.719+00:00,True,426,426.0,,426.0,51951.64217,78096.869434,78096.869238,183.32598412676057,40.300307000000004,51951.64217,2514.2220066167847,128.19462024999999,61.51818179764706,26.304700999708235,5.45476410370091,2,14,100-300:300-600,False,True,,1883,99.94996664442962
311,2026-10-07T04:38:00.426+00:00,2026-10-07T04:38:51.916+00:00,2026-10-07T04:39:20.150+00:00,True,466,466.0,,466.0,51489.789103,79723.726255,79723.726162,171.08095742918456,41.046355000000005,51489.789103,2382.5444035949995,126.006338,60.71814441290323,25.73532598329606,5.845185892459136,2,14,100-300:300-600,False,True,,2203,99.94996664442962
312,2026-10-07T04:38:04.632+00:00,2026-10-07T04:38:56.823+00:00,2026-10-07T04:39:32.569+00:00,True,587,587.0,,587.0,52191.086871,87936.944151,87936.944201,149.80740068313457,39.787346,52191.086871,2151.790359634604,124.2175948,60.999756450511946,25.546814617042195,6.675237645193118,2,14,100-300:300-600,False,True,,3024,99.94996664442962
313,2026-10-07T04:38:08.961+00:00,2026-10-07T04:39:00.467+00:00,2026-10-07T04:39:22.158+00:00,True,355,355.0,,355.0,51505.962956,73197.065164,73197.065021,206.1889155521127,40.281532,51505.962956,2730.519126917732,124.3654036,61.27430002259887,25.48014652843055,4.849921225729651,2,14,100-300:300-600,False,True,,1718,99.94996664442962
314,2026-10-07T04:38:12.037+00:00,2026-10-07T04:39:02.712+00:00,2026-10-07T04:40:29.531+00:00,True,1442,1442.0,,1442.0,50674.879123000006,137493.796499,137493.79671,95.3493735852982,0.011272,50674.879123000006,1335.6940567849883,123.46592615,60.24907520888272,86.57485204856202,10.487745896306587,2,14,1-100:1000-1500,False,True,,5490,99.94996664442962
315,2026-10-07T04:38:16.322+00:00,2026-10-07T04:39:07.243+00:00,2026-10-07T04:39:30.455+00:00,True,387,387.0,,387.0,50920.951682,74132.851586,74132.851565,191.55775598191215,41.430444,50920.951682,2585.5164974021386,122.70780500000001,60.13445570984456,24.50831032133905,5.220357664928742,2,14,100-300:300-600,False,True,,1947,99.94996664442962
316,2026-10-07T04:38:19.658+00:00,2026-10-07T04:39:11.070+00:00,2026-10-07T04:39:30.910+00:00,True,327,327.0,,327.0,51412.088693000005,71252.25765300001,71252.257622,217.8968122996942,39.990197,51412.088693000005,2839.8410614972668,124.19622069999997,60.859413987730065,25.214154577535915,4.589328265112622,2,14,100-300:300-600,False,True,,1398,99.94996664442962
317,2026-10-07T04:38:25.129+00:00,2026-10-07T04:39:14.672+00:00,2026-10-07T04:39:33.628+00:00,True,314,314.0,,314.0,49542.994204,68499.04054,68499.040335,218.14980998407643,41.376614000000004,49542.994204,2792.566936093933,122.48471245,60.56244835782748,25.02385261213951,4.584005812703899,2,14,100-300:300-600,False,True,,1429,99.94996664442962
318,2026-10-07T04:38:29.493+00:00,2026-10-07T04:39:19.232+00:00,2026-10-07T04:39:40.915+00:00,True,364,364.0,,364.0,49738.621126000005,71421.592518,71421.59246900001,196.2131661236264,39.847379000000004,49738.621126000005,2603.9947000351012,121.81431305,59.73270355922865,24.338255398687863,5.096497952048087,2,14,100-300:300-600,False,True,,1042,99.94996664442962
319,2026-10-07T04:38:34.474+00:00,2026-10-07T04:39:23.685+00:00,2026-10-07T04:40:45.378+00:00,True,1346,1346.0,,1346.0,49211.381071,130904.237135,130904.237245,97.25426244056464,0.011401,49211.381071,1342.7311003859722,124.95039875,60.7381829472119,90.24457673191351,10.282325686768152,2,14,1-100:1000-1500,False,True,,5819,99.94996664442962
320,2026-10-07T04:38:38.260+00:00,2026-10-07T04:39:27.072+00:00,2026-10-07T04:39:46.648+00:00,True,329,329.0,,329.0,48812.254552,68388.541272,68388.541094,207.86790606079026,39.314229,48812.254552,2687.919972559251,111.26787540000001,59.683800975609756,23.651437879183426,4.810747442199077,2,14,100-300:300-600,False,True,,1441,99.94996664442962
321,2026-10-07T04:38:43.773+00:00,2026-10-07T04:39:32.755+00:00,2026-10-07T04:40:08.147+00:00,True,596,596.0,,596.0,48981.43513400001,84373.65043000001,84373.65045300001,141.56652760570472,41.771767,48981.43513400001,2004.062827528766,123.6370765,59.48271478319327,23.840895254291098,7.06381668877142,2,14,100-300:300-600,False,True,,3039,99.94996664442962
322,2026-10-07T04:38:47.678+00:00,2026-10-07T04:39:36.402+00:00,2026-10-07T04:40:09.584+00:00,True,555,555.0,,555.0,48724.096779,81906.154507,81906.154312,147.57865641801803,38.678968999999995,48724.096779,2065.8228309888095,124.1491167,59.89541106137184,24.288026940392378,6.776047579581674,2,14,100-300:300-600,False,True,,1920,99.94996664442962
323,2026-10-07T04:38:50.910+00:00,2026-10-07T04:39:39.504+00:00,2026-10-07T04:41:02.474+00:00,True,1361,1361.0,,1361.0,48593.870762,131564.640682,131564.640872,96.66762738574577,0.011742,48593.870762,1318.4176674822388,128.043094,61.007919058823525,86.96539505834085,10.344724790376029,2,14,1-100:1000-1500,False,True,,2161,99.94996664442962
324,2026-10-07T04:38:54.296+00:00,2026-10-07T04:39:43.730+00:00,2026-10-07T04:40:04.310+00:00,True,344,344.0,,344.0,49434.158899999995,70014.198324,70014.19825799999,203.5296460988372,42.191855000000004,49434.158899999995,2662.1857018064493,124.32191450000002,60.00011493877551,24.177336423096985,4.913289136127709,2,14,100-300:300-600,False,True,,1681,99.94996664442962
325,2026-10-07T04:38:59.479+00:00,2026-10-07T04:39:47.871+00:00,2026-10-07T04:40:11.735+00:00,True,398,398.0,,398.0,48392.036986,72256.11813799999,72256.118136,181.54803551758795,40.1668,48392.036986,2422.79658743979,127.86095899999998,60.11103564735516,25.70766069784829,5.508184085392889,2,14,100-300:300-600,False,True,,1796,99.94996664442962
326,2026-10-07T04:39:04.412+00:00,2026-10-07T04:39:53.260+00:00,2026-10-07T04:40:20.953+00:00,True,460,460.0,,460.0,48847.55293,76540.280994,76540.281001,166.39191521956522,42.298494,48847.55293,2274.8477227448107,126.99448359999998,60.33274088017429,24.518989198084167,6.009907385054667,2,14,100-300:300-600,False,True,,2172,99.94996664442962
327,2026-10-07T04:39:10.003+00:00,2026-10-07T04:40:00.237+00:00,2026-10-07T04:41:11.312+00:00,True,1158,1158.0,,1158.0,50234.829383000004,121309.026375,121309.026212,104.75736287737479,0.011361000000000001,50234.829383000004,1477.5319951921692,129.53747579999998,61.42972946585998,95.99002929641077,9.545868387569936,2,14,1-100:1000-1500,False,True,,2940,99.94996664442962
328,2026-10-07T04:39:13.470+00:00,2026-10-07T04:40:05.549+00:00,2026-10-07T04:40:32.596+00:00,True,441,441.0,,441.0,52079.48114,79126.226484,79126.22647000001,179.4245498185941,0.011342000000000001,52079.48114,2481.649478713678,129.382323,61.46987578181818,151.22349135553145,5.573373325077925,2,14,100-300:300-600,False,True,,2154,99.94996664442962
329,2026-10-07T04:39:17.206+00:00,2026-10-07T04:40:09.073+00:00,2026-10-07T04:40:42.888+00:00,True,555,555.0,,555.0,51867.0857,85682.568068,85682.568161,154.3830056954955,0.011451000000000001,51867.0857,2203.2260405545076,128.1885978,61.03877683754513,135.80421178301685,6.47739689080674,2,14,100-300:300-600,False,True,,2904,99.94996664442962
330,2026-10-07T04:39:21.023+00:00,2026-10-07T04:40:12.287+00:00,2026-10-07T04:40:38.305+00:00,True,428,428.0,,428.0,51263.677131,77281.88487499999,77281.884848,180.56515151401868,0.011642,51263.677131,2479.7731201039614,126.78216705000001,60.93257082903981,154.3179325782831,5.53816720040241,2,14,100-300:300-600,False,True,,1827,99.94996664442962
331,2026-10-07T04:39:24.438+00:00,2026-10-07T04:40:17.357+00:00,2026-10-07T04:41:34.718+00:00,True,1248,1248.0,,1248.0,52919.032156,130279.731804,130279.732011,104.39081090625,0.011351000000000002,52919.032156,1499.0909002699316,130.1712901,62.03744959743384,92.78494155882979,9.579387236362752,2,14,1-100:1000-1500,False,True,,4073,99.94996664442962
332,2026-10-07T04:39:27.588+00:00,2026-10-07T04:40:19.872+00:00,2026-10-07T04:40:51.021+00:00,True,501,501.0,,501.0,52283.521467,83432.964539,83432.964525,166.5328633233533,0.011191000000000001,52283.521467,2337.5297526752493,131.894371,62.298886144,144.43456967113235,6.004820789579064,2,14,100-300:300-600,False,True,,1925,99.94996664442962
333,2026-10-07T04:39:31.124+00:00,2026-10-07T04:40:25.114+00:00,2026-10-07T04:40:59.456+00:00,True,551,551.0,,551.0,53990.048784,88331.66568,88331.665591,160.31155279673322,31.314121,53990.048784,2297.5510364665392,131.915962,62.43930344727273,26.937596828744955,6.237853614083461,2,14,100-300:300-600,False,True,,4014,99.94996664442962
334,2026-10-07T04:39:34.345+00:00,2026-10-07T04:40:28.480+00:00,2026-10-07T04:40:47.986+00:00,True,309,309.0,,309.0,54134.983288999996,73640.970873,73640.9709,238.32029417475727,28.281366000000002,54134.983288999996,3076.156943277363,133.53446379999997,63.33112851948052,28.12143039558955,4.196033761326915,2,14,100-300:300-600,False,True,,1586,99.94996664442962
335,2026-10-07T04:39:38.630+00:00,2026-10-07T04:40:32.040+00:00,2026-10-07T04:40:52.268+00:00,True,326,326.0,,326.0,53409.937188,73637.870884,73637.870718,225.88303901226996,28.244177,53409.937188,2954.785823017614,131.48141475,62.23979598769231,27.774034771428468,4.427069877041123,2,14,100-300:300-600,False,True,,1566,99.94996664442962
336,2026-10-07T04:39:43.458+00:00,2026-10-07T04:40:38.459+00:00,2026-10-07T04:41:11.529+00:00,True,535,535.0,,535.0,55000.742812,88070.98869999999,88070.988747,164.61867055514017,30.102199,55000.742812,2375.364050887625,130.9825304,61.929299415730334,26.898382929097064,6.074645100469959,2,14,100-300:300-600,False,True,,2385,99.94996664442962
337,2026-10-07T04:39:47.770+00:00,2026-10-07T04:40:44.182+00:00,2026-10-07T04:42:10.888+00:00,True,1424,1424.0,,1424.0,56411.664905,143118.036745,143118.036679,100.50423924087079,31.869001,56411.664905,1493.5080437715185,127.53639390000002,60.93209546029515,25.444610385507083,9.949829052904118,2,14,1-100:1000-1500,False,True,,1424,99.94996664442962
338,2026-10-07T04:39:51.016+00:00,2026-10-07T04:40:46.811+00:00,2026-10-07T04:41:15.621+00:00,True,468,468.0,,468.0,55795.234792,84604.700136,84604.700195,180.77927392094017,41.349245,55795.234792,2576.417521537705,130.89606844999997,61.69050394860814,26.258203981177946,5.531607573192758,2,14,100-300:300-600,False,True,,2161,99.94996664442962
339,2026-10-07T04:39:54.926+00:00,2026-10-07T04:40:51.199+00:00,2026-10-07T04:42:13.393+00:00,True,1352,1352.0,,1352.0,56273.57844,138467.753416,138467.753273,102.41697727292899,41.618122,56273.57844,1528.9971423660102,126.47320275,60.839507754256104,25.481293634081208,9.76400617938946,2,14,1-100:1000-1500,False,True,,2146,99.94996664442962
340,2026-10-07T04:39:59.328+00:00,2026-10-07T04:40:55.204+00:00,2026-10-07T04:41:18.854+00:00,True,385,385.0,,385.0,55876.274687,79525.745407,79525.745476,206.56037785974024,43.557233999999994,55876.274687,2844.696438084817,130.1163184,61.587163333333336,25.785618384224215,4.841199513813192,2,14,100-300:300-600,False,True,,1356,99.94996664442962
341,2026-10-07T04:40:04.375+00:00,2026-10-07T04:41:01.193+00:00,2026-10-07T04:41:33.748+00:00,True,522,522.0,,522.0,56817.527748,89372.540868,89372.540794,171.21176397318007,41.905069000000005,56817.527748,2484.2467233150273,129.0811023,62.48562978886756,26.960043598739148,5.84072014659374,2,14,100-300:300-600,False,True,,2520,99.94996664442962
342,2026-10-07T04:40:07.889+00:00,2026-10-07T04:41:04.147+00:00,2026-10-07T04:41:39.578+00:00,True,577,577.0,,577.0,56258.808811999996,91689.584364,91689.58429,158.90742511265165,42.913388,56258.808811999996,2339.663719261745,127.4093928,61.511763111111115,25.58318964385614,6.292972140754376,2,14,100-300:300-600,False,True,,2349,99.94996664442962
343,2026-10-07T04:40:13.426+00:00,2026-10-07T04:41:12.152+00:00,2026-10-07T04:41:32.291+00:00,True,320,320.0,,320.0,58725.828494999994,78864.86158299999,78864.86152899999,246.45269227812497,42.148976000000005,58725.828494999994,3279.4535066271014,127.8523776,63.1317651661442,26.787885192350004,4.0575738494541245,2,14,100-300:300-600,False,True,,1476,99.94996664442962
344,2026-10-07T04:40:18.829+00:00,2026-10-07T04:41:18.641+00:00,2026-10-07T04:41:40.218+00:00,True,350,350.0,,350.0,59811.976714000004,81389.518346,81389.518223,232.54148063714288,42.441734,59811.976714000004,3193.884055352903,127.8693759,61.82676685386819,25.83610649712426,4.300308038586657,2,14,100-300:300-600,False,True,,1500,99.94996664442962
345,2026-10-07T04:40:24.614+00:00,2026-10-07T04:41:22.016+00:00,2026-10-07T04:41:52.000+00:00,True,503,503.0,,503.0,57401.501004,87386.328652,87386.32844499999,173.7302752385686,41.646575,57401.501004,2556.8573163844653,122.93223279999998,59.73073236653387,24.184283533540366,5.756049118427953,2,14,100-300:300-600,False,True,,2285,99.94996664442962
346,2026-10-07T04:40:27.543+00:00,2026-10-07T04:41:26.111+00:00,2026-10-07T04:42:29.939+00:00,True,1066,1066.0,,1066.0,58567.661057,122396.539137,122396.539337,114.81851720168855,41.359714999999994,58567.661057,1792.1559628126533,123.697528,59.933218854460094,24.687652857501757,8.709396585199297,2,14,1-100:1000-1500,False,True,,3963,99.94996664442962
347,2026-10-07T04:40:32.362+00:00,2026-10-07T04:41:30.389+00:00,2026-10-07T04:42:49.209+00:00,True,1314,1314.0,,1314.0,58026.352639,136846.919167,136846.919099,104.14529611796043,40.243300000000005,58026.352639,1599.3002200961091,126.2737113,60.03089606092917,24.74166435559431,9.601969909139651,2,14,1-100:1000-1500,False,True,,1971,99.94996664442962
348,2026-10-07T04:40:36.118+00:00,2026-10-07T04:41:33.168+00:00,2026-10-07T04:41:59.609+00:00,True,454,454.0,,454.0,57049.443276,83491.0955,83491.095657,183.9010917555066,41.48144,57049.443276,2674.8267602385145,123.81447229999999,58.370093209713026,23.518356516731373,5.43770562933864,2,14,100-300:300-600,False,True,,2186,99.94996664442962
349,2026-10-07T04:40:39.737+00:00,2026-10-07T04:41:37.028+00:00,2026-10-07T04:42:05.400+00:00,True,486,486.0,,486.0,57290.899319,85662.66891899999,85662.668977,176.26063575514402,37.819849000000005,57290.899319,2596.219921756383,121.46492049999999,58.49849402061856,23.42910319041986,5.673416508415665,2,14,100-300:300-600,False,True,,2012,99.94996664442962
350,2026-10-07T04:40:45.281+00:00,2026-10-07T04:41:42.498+00:00,2026-10-07T04:42:11.069+00:00,True,484,484.0,,484.0,57217.096605,85788.690077,85788.689871,177.2493592376033,37.961207,57217.096605,2598.200105929118,124.94251895000001,59.15443783022774,24.13055162958705,5.641769323737006,2,14,100-300:300-600,False,True,,2289,99.94996664442962
351,2026-10-07T04:40:50.617+00:00,2026-10-07T04:41:49.643+00:00,2026-10-07T04:42:08.739+00:00,True,321,321.0,,321.0,59025.03807,78121.808374,78121.808292,243.37011928971964,40.152223,59025.03807,3291.2213965208252,125.411896,59.677407200000005,25.163961005484637,4.108967862894904,2,14,100-300:300-600,False,True,,1312,99.94996664442962
352,2026-10-07T04:40:55.615+00:00,2026-10-07T04:41:54.236+00:00,2026-10-07T04:43:05.581+00:00,True,1175,1175.0,,1175.0,58620.408546,129965.629922,129965.630016,110.60904682212765,20.761156,58620.408546,1708.5488586291178,128.7376984,60.771057390119246,25.400045469489875,9.040851806013531,2,14,1-100:1000-1500,False,True,,1763,99.94996664442962
353,2026-10-07T04:41:00.564+00:00,2026-10-07T04:41:59.411+00:00,2026-10-07T04:42:21.321+00:00,True,369,369.0,,369.0,58847.158575,80756.95620700001,80756.956248,218.8535399674797,42.890353000000005,58847.158575,3060.456251098669,126.7423348,59.53749356521739,24.138904213527965,4.569265823419123,2,14,100-300:300-600,False,True,,1709,99.94996664442962
354,2026-10-07T04:41:04.426+00:00,2026-10-07T04:42:04.598+00:00,2026-10-07T04:42:26.284+00:00,True,362,362.0,,362.0,60172.705506,81858.342882,81858.342817,226.12801883149172,42.114038,60172.705506,3159.5439247844365,126.45231240000001,60.07101766204986,24.405655758136856,4.4222737384487285,2,14,100-300:300-600,False,True,,1752,99.94996664442962
355,2026-10-07T04:41:09.810+00:00,2026-10-07T04:42:09.720+00:00,2026-10-07T04:42:39.829+00:00,True,497,497.0,,497.0,59910.736806,90019.634854,90019.634669,181.12602549094566,43.239808,59910.736806,2684.7610128187243,130.07101,60.70342348387097,25.420984353053154,5.521017729143964,2,14,100-300:300-600,False,True,,1686,99.94996664442962
356,2026-10-07T04:41:13.119+00:00,2026-10-07T04:42:12.028+00:00,2026-10-07T04:42:47.112+00:00,True,582,582.0,,582.0,58909.128981,93992.626197,93992.62612,161.49935759450173,42.313733,58909.128981,2439.4895601535363,129.62452255000002,60.384676791738386,25.266758988089816,6.19197508940947,2,14,100-300:300-600,False,True,,3042,99.94996664442962
357,2026-10-07T04:41:16.341+00:00,2026-10-07T04:42:16.090+00:00,2026-10-07T04:43:40.417+00:00,True,1366,1366.0,,1366.0,59748.901904,144075.690256,144075.690405,105.47268697291362,23.523753,59748.901904,1615.1487010159274,129.9584635,61.777866924542124,26.223899528609365,9.481127576573337,2,14,1-100:1000-1500,False,True,,4703,99.94996664442962
358,2026-10-07T04:41:21.531+00:00,2026-10-07T04:42:22.505+00:00,2026-10-07T04:42:56.540+00:00,True,556,556.0,,556.0,60973.581882,95009.03481,95009.034874,170.87955912589928,23.566903999999997,60973.581882,2583.382777780316,129.975896,61.32514041081081,25.707874954141857,5.8520750275160065,2,14,100-300:300-600,False,True,,1463,99.94996664442962
359,2026-10-07T04:41:26.851+00:00,2026-10-07T04:42:28.577+00:00,2026-10-07T04:43:01.042+00:00,True,526,526.0,,526.0,61726.218152999994,94190.846889,94190.846976,179.0700512851711,21.740831999999997,61726.218152999994,2688.8214975883975,130.58232775,61.83738806857143,26.129948743099167,5.5844067377360895,2,14,100-300:300-600,False,True,,1165,99.94996664442962
360,2026-10-07T04:41:30.562+00:00,2026-10-07T04:42:31.610+00:00,2026-10-07T04:42:57.794+00:00,True,427,427.0,,427.0,61047.412599,87231.805303,87231.805347,204.289942264637,23.101312,61047.412599,2951.4331088923327,130.1070537,61.46571057276996,26.229932149308738,4.895003588620159,2,14,100-300:300-600,False,True,,2416,99.94996664442962
361,2026-10-07T04:41:34.594+00:00,2026-10-07T04:42:36.277+00:00,2026-10-07T04:44:06.525+00:00,True,1465,1465.0,,1465.0,61683.222514,151931.640818,151931.64084100001,103.70760466962457,26.143193,61683.222514,1610.1772110410764,129.25785539999998,61.645094469945356,26.700378757755836,9.64249442783899,2,14,1-100:1000-1500,False,True,,3515,99.94996664442962
362,2026-10-07T04:41:38.783+00:00,2026-10-07T04:42:40.451+00:00,2026-10-07T04:43:06.219+00:00,True,422,422.0,,422.0,61668.298543,87435.874863,87435.87499899999,207.19401658530805,20.626925,61668.298543,2999.0989221676896,129.08020345,61.205644465558194,26.014791355809212,4.826394207883388,2,14,100-300:300-600,False,True,,2163,99.94996664442962
363,2026-10-07T04:41:43.245+00:00,2026-10-07T04:42:46.198+00:00,2026-10-07T04:44:00.987+00:00,True,1206,1206.0,,1206.0,62953.659814000006,137742.524326,137742.524308,114.21436509784412,20.384130000000003,62953.659814000006,1811.19678315147,127.60677875000002,62.06544772780083,26.567162169375845,8.75546608355832,2,14,1-100:1000-1500,False,True,,1206,99.94996664442962
364,2026-10-07T04:41:47.923+00:00,2026-10-07T04:42:50.906+00:00,2026-10-07T04:43:23.785+00:00,True,535,535.0,,535.0,62982.829877,95862.041141,95862.041157,179.18138534018692,22.482272000000002,62982.829877,2720.4469298709773,128.1746412,61.57155667415731,25.968300478651035,5.5809368716976095,2,14,100-300:300-600,False,True,,2590,99.94996664442962
365,2026-10-07T04:41:51.044+00:00,2026-10-07T04:42:54.517+00:00,2026-10-07T04:43:16.085+00:00,True,352,352.0,,352.0,63473.519478,85041.017206,85041.017259,241.59379903125,44.393184,63473.519478,3379.973281495858,127.98891935,61.44586247293447,25.827872791633382,4.139179087514076,2,14,100-300:300-600,False,True,,1741,99.94996664442962
366,2026-10-07T04:41:56.477+00:00,2026-10-07T04:42:58.848+00:00,2026-10-07T04:43:28.386+00:00,True,479,479.0,,479.0,62370.552836,91909.257476,91909.25742000001,191.8773641336117,44.540721,62370.552836,2847.081001971166,130.4798704,61.796453221757325,26.30368666915133,5.21166216716613,2,14,100-300:300-600,False,True,,1443,99.94996664442962
367,2026-10-07T04:42:00.942+00:00,2026-10-07T04:43:03.900+00:00,2026-10-07T04:43:22.841+00:00,True,313,313.0,,313.0,62958.274335,81898.64835100001,81898.648461,261.6570238370607,43.908031,62958.274335,3555.267303273215,121.2313074,60.70632697435897,24.849080541838646,3.8217968953351864,2,14,100-300:300-600,False,True,,1087,99.94996664442962
368,2026-10-07T04:42:04.970+00:00,2026-10-07T04:43:08.640+00:00,2026-10-07T04:43:36.866+00:00,True,446,446.0,,446.0,63670.24286200001,91896.397614,91896.39766300001,206.0457346704036,43.55339,63670.24286200001,3011.9943094806445,132.03651349999998,63.42956124044944,27.40618051630257,4.853291441013504,2,14,100-300:300-600,False,True,,1769,99.94996664442962
369,2026-10-07T04:42:09.020+00:00,2026-10-07T04:43:13.504+00:00,2026-10-07T04:43:44.887+00:00,True,496,496.0,,496.0,64484.224068,95866.482244,95866.482263,193.2791981108871,42.365885,64484.224068,2892.7137951557897,130.84927725,63.398501365656564,27.802073270239333,5.173862526191141,2,14,100-300:300-600,False,True,,2471,99.94996664442962
370,2026-10-07T04:42:14.322+00:00,2026-10-07T04:43:18.404+00:00,2026-10-07T04:43:43.868+00:00,True,405,405.0,,405.0,64081.477049999994,89545.676218,89545.676043,221.10043467407405,37.295563,64081.477049999994,3181.2248611715154,130.4288332,63.030195960396036,27.97051826896489,4.522831443184624,2,14,100-300:300-600,False,True,,2063,99.94996664442962
371,2026-10-07T04:42:19.605+00:00,2026-10-07T04:43:25.401+00:00,2026-10-07T04:43:58.612+00:00,True,536,536.0,,536.0,65795.78181,99007.144114,99007.144098,184.7148210783582,41.106084,65795.78181,2839.3896679247946,127.11839375,62.07731271775701,26.782268829753235,5.413750742904294,2,14,100-300:300-600,False,True,,2452,99.94996664442962
372,2026-10-07T04:42:24.811+00:00,2026-10-07T04:43:29.739+00:00,2026-10-07T04:44:05.961+00:00,True,590,590.0,,590.0,64927.560299000004,101149.83869900001,101149.838694,171.4404045661017,40.188445,64927.560299000004,2670.622710038366,126.17312160000002,61.497925976230896,26.289896823176846,5.832930705462735,2,14,100-300:300-600,False,True,,2562,99.94996664442962
373,2026-10-07T04:42:29.345+00:00,2026-10-07T04:43:33.520+00:00,2026-10-07T04:45:04.189+00:00,True,1493,1493.0,,1493.0,64174.552273,154844.132049,154844.13183600002,103.71341717079706,19.162689999999998,64174.552273,1659.482295715902,125.51258820000001,60.770495828418234,25.472100752646657,9.641954010420907,2,14,1-100:1000-1500,False,True,,3113,99.94996664442962
374,2026-10-07T04:42:33.936+00:00,2026-10-07T04:43:37.231+00:00,2026-10-07T04:45:03.994+00:00,True,1433,1433.0,,1433.0,63294.637954000005,150058.245762,150058.245536,104.71615180460573,16.100882,63294.637954000005,1670.6231892577516,125.231884,60.58911159776537,25.512142823300803,9.549625165369523,2,14,1-100:1000-1500,False,True,,6547,99.94996664442962
375,2026-10-07T04:42:38.780+00:00,2026-10-07T04:43:42.100+00:00,2026-10-07T04:44:08.521+00:00,True,439,439.0,,439.0,63319.958495,89741.107423,89741.107454,204.42165707061503,39.767255,63319.958495,3019.3253546153537,124.5437319,60.32225782648402,25.524706725759927,4.891849594977112,2,14,100-300:300-600,False,True,,2059,99.94996664442962
376,2026-10-07T04:42:43.765+00:00,2026-10-07T04:43:46.097+00:00,2026-10-07T04:44:13.974+00:00,True,466,466.0,,466.0,62332.555067,90209.333051,90209.333217,193.5822601223176,38.456379999999996,62332.555067,2884.8299409302067,123.86098025,59.95006018064516,24.898604344607175,5.165762612794689,2,14,100-300:300-600,False,True,,1655,99.94996664442962
377,2026-10-07T04:42:47.176+00:00,2026-10-07T04:43:51.445+00:00,2026-10-07T04:44:19.948+00:00,True,474,474.0,,474.0,64268.73338400001,92771.41088800001,92771.410927,195.72027621729958,40.345569000000005,64268.73338400001,2949.2987576311134,124.81492159999999,60.25936047357294,25.01599577597228,5.109332664696079,2,14,100-300:300-600,False,True,,2109,99.94996664442962
378,2026-10-07T04:42:51.288+00:00,2026-10-07T04:43:55.008+00:00,2026-10-07T04:44:58.005+00:00,True,1042,1042.0,,1042.0,63720.159743000004,126716.870655,126716.87075300001,121.60928095297506,39.811714,63720.159743000004,1972.2732649024042,126.38053215,60.5155724418828,25.665648083652332,8.223056603385942,2,14,1-100:1000-1500,False,True,,3169,99.94996664442962
379,2026-10-07T04:42:55.625+00:00,2026-10-07T04:44:00.000+00:00,2026-10-07T04:44:24.277+00:00,True,408,408.0,,408.0,64374.489095,88651.66771899999,88651.667827,217.2834995759804,39.442988,64374.489095,3184.152549441113,124.75279619999999,59.64908752825553,24.432586162037104,4.602282286366472,2,14,100-300:300-600,False,True,,1065,99.94996664442962
380,2026-10-07T04:42:59.401+00:00,2026-10-07T04:44:04.109+00:00,2026-10-07T04:44:36.751+00:00,True,543,543.0,,543.0,64708.133968,97349.684304,97349.684204,179.28118637937385,39.481654999999996,64708.133968,2774.4177868082165,124.9511041,60.22426261254613,24.77739256546645,5.57783010681719,2,14,100-300:300-600,False,True,,2666,99.94996664442962
381,2026-10-07T04:43:04.621+00:00,2026-10-07T04:44:08.645+00:00,2026-10-07T04:44:28.069+00:00,True,330,330.0,,330.0,64024.209144,83448.690936,83448.690974,252.87482113333334,42.281822999999996,64024.209144,3521.2433745966737,122.18950734999999,59.040978091185416,23.28501989168305,3.954525784629619,2,14,100-300:300-600,False,True,,974,99.94996664442962
382,2026-10-07T04:43:10.047+00:00,2026-10-07T04:44:12.271+00:00,2026-10-07T04:44:42.810+00:00,True,509,509.0,,509.0,62223.84673,92762.92257,92762.92264399999,182.2454275913556,39.04549900000001,62223.84673,2755.4716190910626,126.8098382,60.116291023622054,24.947014489243614,5.487106118459157,2,14,100-300:300-600,False,True,,2564,99.94996664442962
383,2026-10-07T04:43:15.350+00:00,2026-10-07T04:44:17.175+00:00,2026-10-07T04:44:38.096+00:00,True,350,350.0,,350.0,61825.788523,82746.726763,82746.726948,236.41921985142858,43.08539,61825.788523,3301.613520143881,126.8536956,59.9453817765043,24.457759848120666,4.229774562593353,2,14,100-300:300-600,False,True,,1683,99.94996664442962
384,2026-10-07T04:43:18.602+00:00,2026-10-07T04:44:20.638+00:00,2026-10-07T04:44:48.338+00:00,True,461,461.0,,461.0,62035.957865000004,89736.362601,89736.36260000001,194.655884164859,43.756847,62035.957865000004,2886.6041122397896,128.728228,60.218271165217395,24.78186531086459,5.137270852505702,2,14,100-300:300-600,False,True,,2717,99.94996664442962
385,2026-10-07T04:43:22.146+00:00,2026-10-07T04:44:26.571+00:00,2026-10-07T04:44:48.007+00:00,True,351,351.0,,351.0,64425.323551,85861.085727,85861.085737,244.61847788319088,43.889085,64425.323551,3435.596679426551,129.812624,61.24503478857143,25.763404474604176,4.087998620423035,2,14,100-300:300-600,False,True,,1631,99.94996664442962
386,2026-10-07T04:43:26.898+00:00,2026-10-07T04:44:29.995+00:00,2026-10-07T04:45:05.337+00:00,True,577,577.0,,577.0,63097.093648999995,98438.331665,98438.331628,170.60369432928943,20.572182,63097.093648999995,2624.341356471629,128.27953999999997,61.356316,26.070797258807204,5.861537779445665,2,14,100-300:300-600,False,True,,2904,99.94996664442962
387,2026-10-07T04:43:31.873+00:00,2026-10-07T04:44:35.935+00:00,2026-10-07T04:45:10.512+00:00,True,568,568.0,,568.0,64062.408321999996,98639.665026,98639.665033,173.6613821003521,21.346743,64062.408321999996,2685.570798709121,125.64493555000001,60.982816056437386,26.512356091440992,5.758332612446355,2,14,100-300:300-600,False,True,,2393,99.94996664442962
388,2026-10-07T04:43:36.768+00:00,2026-10-07T04:44:39.754+00:00,2026-10-07T04:45:08.661+00:00,True,477,477.0,,477.0,62985.438007,91892.94699899999,91892.946882,192.6476873836478,22.49203,62985.438007,2881.236611149329,125.550345,60.73006090756302,25.44867850550086,5.190822751665488,2,14,100-300:300-600,False,True,,2463,99.94996664442962
389,2026-10-07T04:43:41.656+00:00,2026-10-07T04:44:43.524+00:00,2026-10-07T04:46:12.107+00:00,True,1458,1458.0,,1458.0,61867.853735,150451.204263,150451.204266,103.19012638271604,0.011321,61867.853735,1622.196378706765,126.72318975,60.79845609334248,106.88602908307409,9.690849648842336,2,14,1-100:1000-1500,False,True,,5972,99.94996664442962
390,2026-10-07T04:43:46.136+00:00,2026-10-07T04:44:49.258+00:00,2026-10-07T04:46:06.446+00:00,True,1268,1268.0,,1268.0,63122.056523,140309.758795,140309.75879,110.65438390378549,0.011080999999999999,63122.056523,1774.5882350774023,126.9042326,60.92162768113654,113.88411631148277,9.03714760035056,2,14,1-100:1000-1500,False,True,,1268,99.94996664442962
391,2026-10-07T04:43:49.772+00:00,2026-10-07T04:44:53.327+00:00,2026-10-07T04:45:14.521+00:00,True,345,345.0,,345.0,63555.013901,84749.129229,84749.129241,245.64964997391303,24.542682,63555.013901,3418.471164572002,126.67805620000001,61.610800372093024,26.348796386339203,4.070838286347203,2,14,100-300:300-600,False,True,,1587,99.94996664442962
392,2026-10-07T04:43:53.282+00:00,2026-10-07T04:44:56.215+00:00,2026-10-07T04:45:23.885+00:00,True,460,460.0,,460.0,62932.731719999996,90602.167368,90602.16735399999,196.96123337826086,19.964132000000003,62932.731719999996,2931.545574666424,125.190632,60.28199487581699,24.54007682093758,5.077141235833929,2,14,100-300:300-600,False,True,,2210,99.94996664442962
393,2026-10-07T04:43:56.781+00:00,2026-10-07T04:44:59.068+00:00,2026-10-07T04:46:00.257+00:00,True,1011,1011.0,,1011.0,62287.465263,123475.724591,123475.72455099999,122.13226958555884,0.011492,62287.465263,1960.932686635855,126.9046145,60.582434978217826,123.36012296803176,8.187844236985272,2,14,1-100:1000-1500,False,True,,1519,99.94996664442962
394,2026-10-07T04:44:00.682+00:00,2026-10-07T04:45:02.162+00:00,2026-10-07T04:45:27.237+00:00,True,416,416.0,,416.0,61479.94564,86554.64004,86554.64006399999,208.06403861538462,41.36755,61479.94564,3011.441332256813,126.08283349999998,60.42095036144578,24.74008826331195,4.806212582107112,2,14,100-300:300-600,False,True,,2015,99.94996664442962
395,2026-10-07T04:44:06.239+00:00,2026-10-07T04:45:06.924+00:00,2026-10-07T04:45:41.348+00:00,True,574,574.0,,574.0,60685.034479999995,95109.24593599999,95109.24602199999,165.6955505609756,0.011392,60685.034479999995,2535.6889536109397,125.99820134999999,60.07715786387435,163.26189557111937,6.035165081492188,2,14,100-300:300-600,False,True,,2678,99.94996664442962
396,2026-10-07T04:44:10.567+00:00,2026-10-07T04:45:12.628+00:00,2026-10-07T04:46:13.658+00:00,True,1005,1005.0,,1005.0,62061.520245,123091.084917,123091.084713,122.47869125671642,0.011502,62061.520245,1959.822283652396,126.302929,60.78641899601594,126.3056132884863,8.164685530862522,2,14,1-100:1000-1500,False,True,,3564,99.94996664442962
397,2026-10-07T04:44:13.610+00:00,2026-10-07T04:45:15.424+00:00,2026-10-07T04:46:40.551+00:00,True,1399,1399.0,,1399.0,61814.335376999996,146941.218705,146941.218673,105.03303693566833,0.011351000000000002,61814.335376999996,1654.5332739767146,127.48545899999999,60.89190509871244,107.80434640321955,9.520813916812818,2,14,1-100:1000-1500,False,True,,2223,99.94996664442962
398,2026-10-07T04:44:18.928+00:00,2026-10-07T04:45:21.079+00:00,2026-10-07T04:45:52.138+00:00,True,511,511.0,,511.0,62151.053071999995,93210.86388799999,93210.86403299999,182.4087358767123,0.011141,62151.053071999995,2752.265536194859,125.757902,60.90158983529412,175.01014837779152,5.482193584365936,2,14,100-300:300-600,False,True,,1170,99.94996664442962
399,2026-10-07T04:44:22.376+00:00,2026-10-07T04:45:24.745+00:00,2026-10-07T04:45:57.115+00:00,True,536,536.0,,536.0,62369.319309,94739.703693,94739.703836,176.75317879850746,0.011221,62369.319309,2696.585563199841,126.02869425,60.50539137196262,168.41906528957375,5.657606886093768,2,14,100-300:300-600,False,True,,1299,99.94996664442962
400,2026-10-07T04:44:25.542+00:00,2026-10-07T04:45:27.415+00:00,2026-10-07T04:45:45.669+00:00,True,307,307.0,,307.0,61872.619976,80126.963656,80126.963585,260.9998813843648,0.011462,61872.619976,3535.246350092458,124.39749379999999,59.65471790849673,228.90254795695668,3.831419362376044,2,14,100-300:300-600,False,True,,1191,99.94996664442962
401,2026-10-07T04:44:30.967+00:00,2026-10-07T04:45:32.411+00:00,2026-10-07T04:45:54.034+00:00,True,363,363.0,,363.0,61443.825374,83066.844638,83066.844657,228.8342828016529,0.011141,61443.825374,3228.4779272737237,125.88979249999998,59.732097414364645,207.37455369770424,4.369974585912476,2,14,100-300:300-600,False,True,,1631,99.94996664442962
402,2026-10-07T04:44:34.087+00:00,2026-10-07T04:45:35.817+00:00,2026-10-07T04:46:56.563+00:00,True,1325,1325.0,,1325.0,61729.506873000006,142475.440953,142475.441005,107.52863472075472,0.011260999999999998,61729.506873000006,1697.7602663765233,127.711783,60.98635504531722,110.47902466753303,9.299848388867895,2,14,1-100:1000-1500,False,True,,3531,99.94996664442962
403,2026-10-07T04:44:37.201+00:00,2026-10-07T04:45:40.059+00:00,2026-10-07T04:45:58.181+00:00,True,312,312.0,,312.0,62858.597133,80980.525581,80980.525503,259.55296635576923,0.013235,62858.597133,3555.473347607038,127.57628319999999,58.26986639228296,27.3599310769872,3.8527781557545584,2,14,100-300:300-600,False,True,,1415,99.94996664442962
404,2026-10-07T04:44:41.756+00:00,2026-10-07T04:45:44.244+00:00,2026-10-07T04:46:58.818+00:00,True,1223,1223.0,,1223.0,62487.196395000006,137061.83293899999,137061.833093,112.07018241455438,40.385833,62487.196395000006,1785.2450710459234,127.55798990000001,61.026707482815056,25.531891313477356,8.922980043206499,2,14,1-100:1000-1500,False,True,,1223,99.94996664442962
405,2026-10-07T04:44:44.971+00:00,2026-10-07T04:45:46.848+00:00,2026-10-07T04:47:09.721+00:00,True,1413,1413.0,,1413.0,61876.102627,144750.032355,144750.032395,102.44163651450813,38.786435,61876.102627,1644.6986876276621,125.5944902,58.692584793201135,24.106368938188652,9.761655849130397,2,14,1-100:1000-1500,False,True,,3761,99.94996664442962
406,2026-10-07T04:44:49.841+00:00,2026-10-07T04:45:51.090+00:00,2026-10-07T04:46:22.661+00:00,True,520,520.0,,520.0,61248.585145000005,92819.600569,92819.60050500001,178.49923174038463,42.614547,61248.585145000005,2683.3858617191227,128.6626104,60.83047287861272,25.95811423757996,5.602265004506712,2,14,100-300:300-600,False,True,,3032,99.94996664442962
407,2026-10-07T04:44:54.139+00:00,2026-10-07T04:45:57.273+00:00,2026-10-07T04:46:29.760+00:00,True,532,532.0,,532.0,63133.859573,95621.062901,95621.062966,179.73884016165414,43.334196000000006,63133.859573,2734.6685382076935,128.88943129999998,61.18117387570622,25.762657707541326,5.563627760034409,2,14,100-300:300-600,False,True,,2545,99.94996664442962
408,2026-10-07T04:44:59.341+00:00,2026-10-07T04:46:01.162+00:00,2026-10-07T04:46:36.875+00:00,True,588,588.0,,588.0,61820.156187,97533.546779,97533.54684,165.87337897959185,41.38784,61820.156187,2547.0380583850924,127.78002604999998,60.84052911754685,25.437182302128853,6.028694940545345,2,14,100-300:300-600,True,True,,3207,99.94996664442962
409,2026-10-07T04:45:03.699+00:00,2026-10-07T04:46:06.114+00:00,2026-10-07T04:46:27.144+00:00,True,347,347.0,,347.0,62415.19728,83444.9304,83444.930459,240.47530391642653,43.325719,62415.19728,3347.458242293853,127.77337179999999,60.779575491329474,25.614070450698655,4.158431175346752,2,14,100-300:300-600,True,True,,1692,99.94996664442962
410,2026-10-07T04:45:06.870+00:00,2026-10-07T04:46:08.784+00:00,2026-10-07T04:46:40.015+00:00,True,517,517.0,,517.0,61914.004380000006,93145.53948400001,93145.53965800001,180.16545388394584,42.92577,61914.004380000006,2720.426422173687,127.30297920000001,60.526230821705425,24.881103694965663,5.550453654184989,2,14,100-300:300-600,True,True,,2462,99.94996664442962
411,2026-10-07T04:45:12.103+00:00,2026-10-07T04:46:14.379+00:00,2026-10-07T04:46:35.363+00:00,True,350,350.0,,350.0,62275.732262000005,83260.61315800001,83260.613398,237.8874668514286,40.646519,62275.732262000005,3325.6545822353837,126.09822249999999,60.12859855587392,24.59428648132161,4.203668297948039,2,14,100-300:300-600,True,True,,1545,99.94996664442962
412,2026-10-07T04:45:17.580+00:00,2026-10-07T04:46:21.629+00:00,2026-10-07T04:46:52.388+00:00,True,503,503.0,,503.0,64049.512205,94808.185357,94808.185418,188.48545808747514,43.674603000000005,64049.512205,2853.206708959705,128.2892315,61.2722572749004,25.31778979772958,5.305449082333499,2,14,100-300:300-600,True,True,,2321,99.94996664442962
413,2026-10-07T04:45:20.667+00:00,2026-10-07T04:46:23.765+00:00,2026-10-07T04:46:59.206+00:00,True,585,585.0,,585.0,63097.993752999995,98538.934553,98538.93467399999,168.44262337435896,42.374919999999996,63097.993752999995,2606.3928649125874,125.8152176,60.68654246575342,25.133342745793325,5.936739651729772,2,14,100-300:300-600,True,True,,3019,99.94996664442962
414,2026-10-07T04:45:24.599+00:00,2026-10-07T04:46:27.663+00:00,2026-10-07T04:47:02.068+00:00,True,581,581.0,,581.0,63063.870178000005,97469.25181,97469.25179000001,167.76119068846816,42.199760999999995,63063.870178000005,2613.9797784499233,126.846813,59.31962350344828,24.06400391184476,5.9608542100288435,2,14,100-300:300-600,True,True,,2650,99.94996664442962
415,2026-10-07T04:45:28.959+00:00,2026-10-07T04:46:32.370+00:00,2026-10-07T04:46:53.235+00:00,True,338,338.0,,338.0,63410.734652,84275.96498799999,84275.965142,249.33717497633137,44.278946000000005,63410.734652,3445.817993232542,127.59047824999999,61.91463007715134,25.818298935819765,4.010633400022504,2,14,100-300:300-600,True,True,,1732,99.94996664442962
416,2026-10-07T04:45:32.261+00:00,2026-10-07T04:46:36.223+00:00,2026-10-07T04:47:01.881+00:00,True,433,433.0,,433.0,63962.621902,89619.957198,89619.9572,206.97449699769052,40.110735999999996,63962.621902,3071.091364717613,126.56149580000002,59.39197985185185,24.57729284825035,4.831513130979971,2,14,100-300:300-600,True,True,,2020,99.94996664442962
417,2026-10-07T04:45:35.549+00:00,2026-10-07T04:46:39.277+00:00,2026-10-07T04:47:01.133+00:00,True,370,370.0,,370.0,63727.379998000004,85583.29039800001,85583.290544,231.30619065945947,42.223224,63727.379998000004,3310.038506475221,126.72664270000001,59.23010948509485,24.306633992687903,4.323273833938108,2,14,100-300:300-600,True,True,,1843,99.94996664442962
418,2026-10-07T04:45:40.106+00:00,2026-10-07T04:46:41.254+00:00,2026-10-07T04:47:00.844+00:00,True,334,334.0,,334.0,61147.378467,80737.883427,80737.883454,241.73018998203594,42.701421,61147.378467,3342.698986754893,125.04872339999999,58.83034522522522,23.499164054263833,4.136843645424388,2,14,100-300:300-600,True,True,,1691,99.94996664442962
419,2026-10-07T04:45:43.523+00:00,2026-10-07T04:46:46.571+00:00,2026-10-07T04:47:05.717+00:00,True,353,353.0,,353.0,63047.391812,82194.013508,82194.01353,232.8442309631728,41.617139,63047.391812,3352.8359889358426,109.20348020000002,54.39381163636363,19.57943153609759,4.294716670158007,2,14,100-300:300-600,True,True,,1688,99.94996664442962
420,2026-10-07T04:45:47.663+00:00,2026-10-07T04:46:50.829+00:00,2026-10-07T04:47:17.178+00:00,True,538,538.0,,538.0,63166.274144,89514.968672,89514.968889,166.38470053717472,35.89217,63166.274144,2721.213345913329,53.6562212,49.066470256983244,14.260916863199311,6.010167997391979,2,14,100-300:300-600,True,True,,2702,99.94996664442962
421,2026-10-07T04:45:52.246+00:00,2026-10-07T04:46:55.793+00:00,2026-10-07T04:47:44.209+00:00,True,1217,1217.0,,1217.0,63547.02439,111963.211526,111963.211578,91.99935215940837,0.012183,63547.02439,1820.7712320043881,65.670947,39.81594336842105,34.4418031533594,10.869641763691186,2,14,1-100:1000-1500,True,True,,1220,99.94996664442962
0,2026-10-07T04:15:54.182+00:00,2026-10-07T04:15:54.291+00:00,2026-10-07T04:16:15.180+00:00,True,577,577.0,,577.0,109.28007099999999,20998.602567,20998.60252,36.39272533795494,0.019817,166.927795,11.63975604694073,53.8410866,36.26618488888889,11.24562511763056,27.47801898526212,3,14,100-300:300-600,False,True,,2445,99.94996664442962
1,2026-10-07T04:15:59.268+00:00,2026-10-07T04:15:59.365+00:00,2026-10-07T04:16:16.061+00:00,True,448,448.0,,448.0,97.460037,16793.344581,16793.344636,37.48514427678572,0.025007,170.125226,11.40113898018971,57.291767500000006,37.350972134228186,11.054150880369512,26.67723501052122,3,14,100-300:300-600,False,True,,2089,99.94996664442962
2,2026-10-07T04:16:02.223+00:00,2026-10-07T04:16:02.318+00:00,2026-10-07T04:16:14.713+00:00,True,326,326.0,,326.0,94.43433999999999,12489.234212,12489.234307,38.31053468404908,0.019006,167.110408,12.628847365677105,58.51023475,38.13784576,12.256761435267451,26.102481102225646,3,14,100-300:300-600,False,True,,1516,99.94996664442962
3,2026-10-07T04:16:05.793+00:00,2026-10-07T04:16:05.960+00:00,2026-10-07T04:16:23.107+00:00,True,429,429.0,,429.0,167.60375200000001,17314.122792,17314.122634,40.35926021911422,0.018824999999999998,167.908563,13.103537509894881,61.050024,40.06196037383178,11.580059170129374,24.777460871319434,3,14,100-300:300-600,False,True,,2080,99.94996664442962
4,2026-10-07T04:16:10.054+00:00,2026-10-07T04:16:10.189+00:00,2026-10-07T04:16:27.119+00:00,True,406,406.0,,406.0,134.460427,17064.705803,17064.705718,42.03129487192118,31.951617,134.460427,11.491085328665864,68.5916145,41.803075002469136,10.543867091205955,23.79179604307181,3,14,100-300:300-600,False,True,,1803,99.94996664442962
5,2026-10-07T04:16:14.648+00:00,2026-10-07T04:16:14.762+00:00,2026-10-07T04:16:28.904+00:00,True,333,333.0,,333.0,114.23883000000001,14256.426094,14256.426121,42.81209045345345,30.88985,114.23883000000001,12.019816049252913,73.2409624,42.59694959036145,11.377726437651363,23.35788772055202,3,14,100-300:300-600,False,True,,1585,99.94996664442962
6,2026-10-07T04:16:19.400+00:00,2026-10-07T04:16:19.516+00:00,2026-10-07T04:16:34.951+00:00,True,349,349.0,,349.0,115.65975,15550.808806000001,15550.8086,44.558190830945556,35.381879999999995,115.65975,12.222619481280198,75.37378700000001,44.353876597701145,11.628076435969305,22.44256259297231,3,14,100-300:300-600,False,True,,1758,99.94996664442962
7,2026-10-07T04:16:23.240+00:00,2026-10-07T04:16:23.437+00:00,2026-10-07T04:16:39.377+00:00,True,354,354.0,,354.0,197.19419200000002,16136.655824000001,16136.65574,45.583773276836155,36.784997000000004,197.19419200000002,14.679462189389453,79.32187300000001,45.154282243626064,12.272464298203351,21.937630935493885,3,14,100-300:300-600,False,True,,1595,99.94996664442962
8,2026-10-07T04:16:26.925+00:00,2026-10-07T04:16:27.118+00:00,2026-10-07T04:16:48.995+00:00,True,465,465.0,,465.0,193.07688399999998,22070.057363999997,22070.057311,47.46248884086022,34.956652999999996,193.07688399999998,15.835134027266374,82.28323680000001,47.1486648275862,14.331725466588482,21.069270112477994,3,14,100-300:300-600,False,True,,1998,99.94996664442962
9,2026-10-07T04:16:30.034+00:00,2026-10-07T04:16:30.244+00:00,2026-10-07T04:16:49.846+00:00,True,413,413.0,,413.0,210.207675,19811.749051000003,19811.748931,47.970336394673126,37.112379000000004,210.207675,16.67912119026745,86.37603459999998,47.576556737864074,14.651742730245159,20.846215997226842,3,14,100-300:300-600,False,True,,2142,99.94996664442962
10,2026-10-07T04:16:33.472+00:00,2026-10-07T04:16:33.647+00:00,2026-10-07T04:16:59.149+00:00,True,519,519.0,,519.0,175.358744,25677.597464000002,25677.597625,49.47513993256262,34.360106,175.358744,17.892002622529848,91.8179466,49.232121081081075,17.030347522668965,20.21217135783977,3,14,100-300:300-600,False,True,,2658,99.94996664442962
11,2026-10-07T04:16:37.484+00:00,2026-10-07T04:16:37.648+00:00,2026-10-07T04:17:01.982+00:00,True,483,483.0,,483.0,164.35521400000002,24497.671309999998,24497.671215,50.719816180124226,38.515375999999996,164.35521400000002,18.729142157243103,97.8077009,50.48405829045643,18.01689089969961,19.716159707099933,3,14,100-300:300-600,False,True,,2239,99.94996664442962
12,2026-10-07T04:16:41.289+00:00,2026-10-07T04:16:41.482+00:00,2026-10-07T04:17:38.088+00:00,True,1048,1048.0,,1048.0,192.769238,56799.417302,56799.417291,54.19791726240458,0.018275,358.20849499999997,23.598889379166735,108.9876501,54.06556644126075,23.21777220089417,18.450893508780734,3,14,1-100:1000-1500,False,True,,2342,99.94996664442962
13,2026-10-07T04:16:44.328+00:00,2026-10-07T04:16:44.508+00:00,2026-10-07T04:17:12.985+00:00,True,542,542.0,,542.0,180.390344,28657.60916,28657.609187,52.873817688191885,39.028226000000004,180.390344,20.04396399268133,102.6153039,52.63811241404806,19.296040387623993,18.912952471852332,3,14,100-300:300-600,False,True,,2637,99.94996664442962
14,2026-10-07T04:16:48.310+00:00,2026-10-07T04:16:48.474+00:00,2026-10-07T04:17:14.002+00:00,True,482,482.0,,482.0,163.858103,25692.028598999997,25692.028649,53.30296400207469,39.531468000000004,163.858103,20.03793271962663,104.17069735,53.07311953430353,19.412337481786448,18.760682837584913,3,14,100-300:300-600,False,True,,963,99.94996664442962
15,2026-10-07T04:16:51.973+00:00,2026-10-07T04:16:52.152+00:00,2026-10-07T04:17:14.218+00:00,True,413,413.0,,413.0,178.87009700000002,22244.926545,22244.926623,53.86180780387409,39.459102,178.87009700000002,20.73946075640862,103.3963068,53.5583894368932,19.825681032449452,18.566031187584667,3,14,100-300:300-600,False,True,,1560,99.94996664442962
16,2026-10-07T04:16:56.188+00:00,2026-10-07T04:16:56.358+00:00,2026-10-07T04:17:22.286+00:00,True,476,476.0,,476.0,169.463457,26098.024353,26098.024545,54.82778265756303,0.018895,300.76512099999997,25.525195294580698,109.559541,54.586443991578946,25.00255481466267,18.238928493653706,3,14,100-300:300-600,False,True,,1543,99.94996664442962
17,2026-10-07T04:16:59.422+00:00,2026-10-07T04:16:59.568+00:00,2026-10-07T04:17:27.821+00:00,True,516,516.0,,516.0,145.56448600000002,28399.278405999998,28399.278437,55.037361312015506,0.017914000000000003,348.273843,25.60758638570672,115.318023,54.861580427184464,25.318956699737253,18.169475738897056,3,14,100-300:300-600,False,True,,1864,99.94996664442962
18,2026-10-07T04:17:03.093+00:00,2026-10-07T04:17:03.299+00:00,2026-10-07T04:18:13.751+00:00,True,1208,1208.0,,1208.0,206.17392,70658.538976,70658.538983,58.492168032284766,0.019536,341.35711499999996,25.508407214871646,117.88666,58.36981363380281,25.161849940758792,17.0963059455604,3,14,1-100:1000-1500,False,True,,1208,99.94996664442962
19,2026-10-07T04:17:06.039+00:00,2026-10-07T04:17:06.205+00:00,2026-10-07T04:17:29.191+00:00,True,420,420.0,,420.0,166.47845,23152.664689999998,23152.664437,55.12539151666667,0.019857,297.532414,25.085422034539903,105.6852687,54.85963303102625,24.51630279761481,18.140460531154528,3,14,100-300:300-600,False,True,,2163,99.94996664442962
20,2026-10-07T04:17:11.206+00:00,2026-10-07T04:17:11.411+00:00,2026-10-07T04:17:38.184+00:00,True,473,473.0,,473.0,205.023486,26977.587197999997,26977.587341,57.035068374207185,0.018064,311.352184,27.979708318614147,122.6322966,56.721533288135596,27.164864192226275,17.533072788476286,3,14,100-300:300-600,False,True,,2186,99.94996664442962
21,2026-10-07T04:17:16.534+00:00,2026-10-07T04:17:16.702+00:00,2026-10-07T04:17:46.488+00:00,True,515,515.0,,515.0,168.72648,29954.805968,29954.805913,58.16467167572816,0.019867,358.429078,28.41110442338607,120.068318,57.94957098832685,28.01588368246144,17.192566713673997,3,14,100-300:300-600,False,True,,2599,99.94996664442962
22,2026-10-07T04:17:19.880+00:00,2026-10-07T04:17:20.090+00:00,2026-10-07T04:17:45.488+00:00,True,435,435.0,,435.0,210.04776199999998,25608.160018,25608.159962,58.86933324597701,41.442949,210.04776199999998,25.134276409948388,122.4102119,58.52099598156682,24.0891272549983,16.98677295417703,3,14,100-300:300-600,False,True,,2089,99.94996664442962
23,2026-10-07T04:17:24.507+00:00,2026-10-07T04:17:24.705+00:00,2026-10-07T04:17:47.779+00:00,True,392,392.0,,392.0,197.66953400000003,23271.727006,23271.726922,59.36665031122449,42.085891000000004,197.66953400000003,25.027256736375836,122.0859504,59.01293471099744,24.05824232167349,16.84447397904475,3,14,100-300:300-600,False,True,,1732,99.94996664442962
24,2026-10-07T04:17:29.461+00:00,2026-10-07T04:17:29.698+00:00,2026-10-07T04:17:48.250+00:00,True,308,308.0,,308.0,236.805769,18788.605321,18788.605416,61.001965636363636,41.701864,236.805769,26.93809183195296,126.65684209999999,60.42931450162867,25.033989573147846,16.392914467991343,3,14,100-300:300-600,False,True,,1240,99.94996664442962
25,2026-10-07T04:17:34.422+00:00,2026-10-07T04:17:34.643+00:00,2026-10-07T04:17:53.874+00:00,True,319,319.0,,319.0,220.191595,19451.548267000002,19451.548408,60.976640777429466,42.299333,220.191595,26.451638256801537,123.05879300000001,60.47596437735849,24.933472997178864,16.399722820069332,3,14,100-300:300-600,False,True,,1565,99.94996664442962
26,2026-10-07T04:17:39.561+00:00,2026-10-07T04:17:39.806+00:00,2026-10-07T04:18:05.833+00:00,True,433,433.0,,433.0,244.504995,26271.717282999998,26271.717281,60.67371196535797,43.399234,244.504995,25.84918314538314,114.28276939999999,60.24817659259259,24.313386138618693,16.4816024523904,3,14,100-300:300-600,False,True,,1517,99.94996664442962
27,2026-10-07T04:17:43.808+00:00,2026-10-07T04:17:44.020+00:00,2026-10-07T04:19:05.197+00:00,True,1337,1337.0,,1337.0,211.353387,81388.530219,81388.530381,60.87399430142109,0.02094,381.38849200000004,27.107186764901446,125.46799879999999,60.761359904191615,26.802527009697,16.42737614750389,3,14,1-100:1000-1500,False,True,,2674,99.94996664442962
28,2026-10-07T04:17:48.482+00:00,2026-10-07T04:17:48.686+00:00,2026-10-07T04:18:11.112+00:00,True,371,371.0,,371.0,203.902359,22630.075543,22630.075648,60.9975084851752,42.400172,203.902359,25.643951892736112,123.095397,60.61127887567568,24.574410133916256,16.394112308421295,3,14,100-300:300-600,False,True,,1825,99.94996664442962
29,2026-10-07T04:17:53.468+00:00,2026-10-07T04:17:54.034+00:00,2026-10-07T04:18:13.902+00:00,True,326,326.0,,326.0,565.900102,20434.36295,20434.36296,62.68209496932515,43.673345999999995,565.900102,37.67417373101421,126.42280750000002,61.13373184,25.293286709730594,15.953519118637363,3,14,100-300:300-600,False,True,,1801,99.94996664442962
30,2026-10-07T04:17:56.772+00:00,2026-10-07T04:17:57.333+00:00,2026-10-07T04:18:17.662+00:00,True,332,332.0,,332.0,560.760282,20889.679834,20889.679997,62.92072288253012,42.195527999999996,560.760282,37.509848348197245,126.62862594999999,61.4166753836858,25.65033891827809,15.893015241891716,3,14,100-300:300-600,False,True,,1394,99.94996664442962
31,2026-10-07T04:18:00.896+00:00,2026-10-07T04:18:01.330+00:00,2026-10-07T04:18:24.747+00:00,True,390,390.0,,390.0,434.064573,23850.424253,23850.424157,61.15493373589744,0.019767,434.064573,36.35954767566661,128.1428741,60.19629737789203,31.08208420400465,16.351910383772072,3,14,100-300:300-600,False,True,,1968,99.94996664442962
32,2026-10-07T04:18:04.801+00:00,2026-10-07T04:18:04.997+00:00,2026-10-07T04:19:20.960+00:00,True,1252,1252.0,,1252.0,196.68028,76159.189336,76159.189411,60.83002349121406,0.020117999999999997,376.564615,27.247515857460105,127.13340385,60.721430100719424,26.98601250850152,16.439250613296473,3,14,1-100:1000-1500,False,True,,5001,99.94996664442962
33,2026-10-07T04:18:09.487+00:00,2026-10-07T04:18:09.711+00:00,2026-10-07T04:18:41.139+00:00,True,522,522.0,,522.0,224.340196,31651.659236,31651.65929,60.63536262452107,0.018605,377.12150799999995,29.758527273254707,126.64250335000001,60.321149788867565,28.9073826547874,16.49202640872258,3,14,100-300:300-600,False,True,,2064,99.94996664442962
34,2026-10-07T04:18:13.979+00:00,2026-10-07T04:18:14.154+00:00,2026-10-07T04:18:45.359+00:00,True,516,516.0,,516.0,174.715925,31379.421717,31379.421755,60.81283285852713,0.021941,369.487786,30.14659094564765,128.75994425,60.59166173203883,29.753913321211872,16.44389768089492,3,14,100-300:300-600,False,True,,1950,99.94996664442962
35,2026-10-07T04:18:17.034+00:00,2026-10-07T04:18:17.279+00:00,2026-10-07T04:19:29.305+00:00,True,1184,1184.0,,1184.0,245.247033,72271.069753,72271.069739,61.03975484712838,0.018104,550.038911,31.896063454374833,129.2825636,60.88404287404903,31.456121338576644,16.382765663308195,3,14,1-100:1000-1500,False,True,,1184,99.94996664442962
36,2026-10-07T04:18:22.286+00:00,2026-10-07T04:18:23.540+00:00,2026-10-07T04:18:48.439+00:00,True,410,410.0,,410.0,1254.674967,26153.306903,26153.306836,63.78855325853659,43.512737,1254.674967,64.09432358420112,125.6993134,60.8768506992665,25.17233216816172,15.67679381887151,3,14,100-300:300-600,False,True,,1917,99.94996664442962
37,2026-10-07T04:18:25.810+00:00,2026-10-07T04:18:26.432+00:00,2026-10-07T04:18:49.196+00:00,True,372,372.0,,372.0,622.327522,23385.708258,23385.708066,62.86480662903226,43.004867,622.327522,38.97120713521082,128.54004675,61.356821390835584,25.97378549618464,15.907151320625188,3,14,100-300:300-600,False,True,,1658,99.94996664442962
38,2026-10-07T04:18:29.531+00:00,2026-10-07T04:18:30.750+00:00,2026-10-07T04:19:00.755+00:00,True,487,487.0,,487.0,1218.5886810000002,31223.921161000002,31223.921042,64.11482760164272,37.446363,1218.5886810000002,58.71059726307319,130.0311086,61.73936724279835,26.463658433755178,15.597016066267923,3,14,100-300:300-600,False,True,,1921,99.94996664442962
39,2026-10-07T04:18:34.247+00:00,2026-10-07T04:18:35.693+00:00,2026-10-07T04:19:47.045+00:00,True,1173,1173.0,,1173.0,1446.189212,72798.15132399999,72798.151308,62.06151006649616,0.018254000000000003,1446.189212,50.28070673938845,128.1621652,60.88051374744027,29.880876375793413,16.113046535747497,3,14,1-100:1000-1500,False,True,,4690,99.94996664442962
40,2026-10-07T04:18:38.513+00:00,2026-10-07T04:18:41.137+00:00,2026-10-07T04:19:14.727+00:00,True,550,550.0,,550.0,2623.948872,36214.176328,36214.176251,65.84395682,37.525691,2623.948872,112.21061528750967,128.39635214999998,61.18438516575592,25.515140652826883,15.18742259988258,3,14,100-300:300-600,False,True,,2082,99.94996664442962
41,2026-10-07T04:18:42.396+00:00,2026-10-07T04:18:44.550+00:00,2026-10-07T04:19:13.010+00:00,True,467,467.0,,467.0,2153.759459,30613.787875,30613.787674,65.55414919486081,34.418510000000005,2153.759459,100.31279606054595,130.8302603,61.073022351931336,26.201837146486252,15.254564443538333,3,14,100-300:300-600,False,True,,1881,99.94996664442962
42,2026-10-07T04:18:46.502+00:00,2026-10-07T04:18:48.384+00:00,2026-10-07T04:19:12.330+00:00,True,394,394.0,,394.0,1881.4134410000001,25828.155201,25828.15504,65.55369299492386,37.903068,1881.4134410000001,95.1107797779757,128.34306695,60.93318513994911,25.221710013228666,15.25467060786228,3,14,100-300:300-600,False,True,,1490,99.94996664442962
43,2026-10-07T04:18:51.848+00:00,2026-10-07T04:18:55.841+00:00,2026-10-07T04:20:14.026+00:00,True,1278,1278.0,,1278.0,3993.0211639999998,82178.290156,82178.289997,64.30226134350548,0.018585,3993.0211639999998,113.9564370930287,130.0423506,61.22573922631167,29.841426579329383,15.55155257640379,3,14,1-100:1000-1500,False,True,,3344,99.94996664442962
44,2026-10-07T04:18:55.477+00:00,2026-10-07T04:18:59.510+00:00,2026-10-07T04:20:16.662+00:00,True,1265,1265.0,,1265.0,4033.8068390000003,81184.982775,81184.982944,64.17785212964426,0.017844000000000002,4033.8068390000003,115.55885277984812,128.5108086,61.037322734177216,29.630119825115372,15.581699432096727,3,14,1-100:1000-1500,False,True,,2534,99.94996664442962
45,2026-10-07T04:19:00.120+00:00,2026-10-07T04:19:04.478+00:00,2026-10-07T04:20:06.495+00:00,True,1026,1026.0,,1026.0,4357.849158,66374.875462,66374.875408,64.6928610214425,0.017723,4357.849158,137.6221182712229,128.55406299999999,60.504415906341464,30.685070152059435,15.457656121515303,3,14,1-100:1000-1500,False,True,,1540,99.94996664442962
46,2026-10-07T04:19:03.065+00:00,2026-10-07T04:19:07.660+00:00,2026-10-07T04:19:34.966+00:00,True,451,451.0,,451.0,4594.544639000001,31901.315839,31901.315943,70.73462515077605,0.018365,4594.544639000001,216.46176391643309,127.7682745,60.68171377777777,35.77734992550011,14.137347884836883,3,14,100-300:300-600,False,True,,1302,99.94996664442962
47,2026-10-07T04:19:08.042+00:00,2026-10-07T04:19:13.167+00:00,2026-10-07T04:19:41.045+00:00,True,460,460.0,,460.0,5124.993963000001,33003.501227,33003.501366000004,71.7467421,0.017582999999999998,5124.993963000001,238.8833208493457,127.83918015,60.73748859259259,36.25496296218438,13.937915157428094,3,14,100-300:300-600,False,True,,2075,99.94996664442962
48,2026-10-07T04:19:12.019+00:00,2026-10-07T04:19:16.836+00:00,2026-10-07T04:19:51.302+00:00,True,577,577.0,,577.0,4817.691424,39283.659808,39283.659803,68.0825993119584,0.018164000000000003,4817.691424,200.8307943638864,127.2364216,59.83675066666667,33.20199342562207,14.688040850066004,3,14,100-300:300-600,False,True,,2762,99.94996664442962
49,2026-10-07T04:19:16.222+00:00,2026-10-07T04:19:21.150+00:00,2026-10-07T04:19:55.740+00:00,True,574,574.0,,574.0,4927.672586,39518.098442,39518.098353,68.84686124216027,0.017593,4927.672586,205.96629465728475,128.92682205,60.367235350785336,33.92924694283192,14.52499038744107,3,14,100-300:300-600,False,True,,2272,99.94996664442962
50,2026-10-07T04:19:20.188+00:00,2026-10-07T04:19:24.746+00:00,2026-10-07T04:19:54.907+00:00,True,505,505.0,,505.0,4557.787098,34718.417882,34718.417799,68.74934217623762,0.018354,4557.787098,202.98267376589214,125.638731,59.8425213968254,33.791189547864306,14.545593687949145,3,14,100-300:300-600,False,True,,2660,99.94996664442962
51,2026-10-07T04:19:24.798+00:00,2026-10-07T04:19:30.764+00:00,2026-10-07T04:19:52.419+00:00,True,364,364.0,,364.0,5966.173855999999,27620.86928,27620.869327,75.88150914010988,42.945017,5966.173855999999,310.53388103255605,127.11943425000001,59.65480833057851,24.281656830593953,13.178441138475279,3,14,100-300:300-600,False,True,,1745,99.94996664442962
52,2026-10-07T04:19:27.817+00:00,2026-10-07T04:19:33.569+00:00,2026-10-07T04:19:53.884+00:00,True,342,342.0,,342.0,5751.978838999999,26066.644567,26066.644497999998,76.21825876608187,42.375510999999996,5751.978838999999,308.7496025051897,124.53315025000002,59.573799788856306,24.10430026872993,13.120215727073944,3,14,100-300:300-600,False,True,,1663,99.94996664442962
53,2026-10-07T04:19:31.975+00:00,2026-10-07T04:19:37.320+00:00,2026-10-07T04:21:03.332+00:00,True,1405,1405.0,,1405.0,5345.198896,91357.31256,91357.312468,65.02299819786477,0.017433,5345.198896,144.55875271358053,129.4469586,61.26218921937322,32.03259184842525,15.379173933966692,3,14,1-100:1000-1500,False,True,,1405,99.94996664442962
54,2026-10-07T04:19:36.098+00:00,2026-10-07T04:19:41.190+00:00,2026-10-07T04:20:03.391+00:00,True,368,368.0,,368.0,5091.536553999999,27292.788905999998,27292.789045999998,74.165187625,42.130733,5091.536553999999,263.58208082449073,131.2708152,60.49387561852861,26.390505967207577,13.483415024658749,3,14,100-300:300-600,False,True,,1403,99.94996664442962
55,2026-10-07T04:19:40.162+00:00,2026-10-07T04:19:46.649+00:00,2026-10-07T04:21:17.776+00:00,True,1487,1487.0,,1487.0,6487.1514210000005,97614.192701,97614.192755,65.64505228984532,0.017192,6487.1514210000005,169.63180409430277,130.4524917,61.32371553162854,31.74054130820538,15.233440536201519,3,14,1-100:1000-1500,False,True,,1490,99.94996664442962
56,2026-10-07T04:19:44.145+00:00,2026-10-07T04:19:52.320+00:00,2026-10-07T04:20:57.665+00:00,True,1065,1065.0,,1065.0,8174.916219,73520.130683,73520.130828,69.03298669295775,0.018053999999999997,8174.916219,250.86870841762135,129.8571912,61.414675248120304,33.5408061837858,14.485828440539745,3,14,1-100:1000-1500,False,True,,1667,99.94996664442962
57,2026-10-07T04:19:48.357+00:00,2026-10-07T04:19:55.970+00:00,2026-10-07T04:21:12.551+00:00,True,1253,1253.0,,1253.0,7612.619452,84193.762236,84193.762199,67.1937447717478,0.017653,7612.619452,215.73517490107946,129.548717,61.16704695207668,32.12737914810712,14.882337678268472,3,14,1-100:1000-1500,False,True,,1253,99.94996664442962
58,2026-10-07T04:19:52.316+00:00,2026-10-07T04:19:59.429+00:00,2026-10-07T04:20:26.655+00:00,True,450,450.0,,450.0,7112.301363,34338.334259,34338.334288,76.30740952888888,37.113061,7112.301363,333.37494280703186,127.47628614999999,60.63704431180401,25.261010651932317,13.10488728445108,3,14,100-300:300-600,False,True,,2011,99.94996664442962
59,2026-10-07T04:19:56.730+00:00,2026-10-07T04:20:05.126+00:00,2026-10-07T04:20:38.486+00:00,True,545,545.0,,545.0,8395.634254,41755.541582000005,41755.541641,76.61567273577981,0.018354,8395.634254,359.14938616620765,129.8843156,61.32335905882353,39.245605457206594,13.052159769733146,3,14,100-300:300-600,False,True,,2779,99.94996664442962
60,2026-10-07T04:20:00.000+00:00,2026-10-07T04:20:09.986+00:00,2026-10-07T04:20:33.115+00:00,True,375,375.0,,375.0,9986.453595,33114.716251,33114.716455,88.30591054666667,0.018314,9986.453595,514.4133076040655,130.88092279999998,61.840274481283416,44.32951812688041,11.324270368424967,3,14,100-300:300-600,False,True,,1623,99.94996664442962
61,2026-10-07T04:20:03.189+00:00,2026-10-07T04:20:12.041+00:00,2026-10-07T04:21:40.597+00:00,True,1444,1444.0,,1444.0,8851.599819000001,97407.286475,97407.286559,67.45656963919667,0.017713,8851.599819000001,234.48235015408167,129.88405304999998,61.369152221760224,38.38217277335629,14.824353005363811,3,14,1-100:1000-1500,False,True,,2298,99.94996664442962
62,2026-10-07T04:20:06.102+00:00,2026-10-07T04:20:14.313+00:00,2026-10-07T04:20:49.574+00:00,True,574,574.0,,574.0,8211.097324,43472.172268,43472.172145,75.73549154181185,0.017533,8211.097324,342.42064704124505,132.21607955000002,61.537652607329846,39.350537500626174,13.203849038446215,3,14,100-300:300-600,False,True,,2576,99.94996664442962
63,2026-10-07T04:20:09.667+00:00,2026-10-07T04:20:19.499+00:00,2026-10-07T04:21:37.776+00:00,True,1279,1279.0,,1279.0,9831.519794,88108.992818,88108.992825,68.88897015246286,0.017834,9831.519794,276.0687827540078,130.87489689999998,61.24997889201878,39.751773962125995,14.516111909733576,3,14,1-100:1000-1500,False,True,,7672,99.94996664442962
64,2026-10-07T04:20:14.984+00:00,2026-10-07T04:20:26.004+00:00,2026-10-07T04:21:01.871+00:00,True,581,581.0,,581.0,11020.305522,46887.379570000005,46887.379628,80.70116975559381,0.018465,11020.305522,456.2757262571267,130.08556,61.83978284137931,38.70737411590326,12.391394130537885,3,14,100-300:300-600,False,True,,2175,99.94996664442962
65,2026-10-07T04:20:19.385+00:00,2026-10-07T04:20:30.061+00:00,2026-10-07T04:21:31.470+00:00,True,1001,1001.0,,1001.0,10676.462346,72084.838154,72084.838243,72.01282541758242,39.951031,10676.462346,336.50074518339255,129.461058,61.408375807999995,25.818873335367297,13.88641530777238,3,14,1-100:1000-1500,False,True,,1122,99.94996664442962
66,2026-10-07T04:20:23.169+00:00,2026-10-07T04:20:32.919+00:00,2026-10-07T04:20:58.362+00:00,True,422,422.0,,422.0,9749.837619999998,35193.388596,35193.388412,83.39665500473933,43.246536,9749.837619999998,472.3101880151913,126.27510889999999,60.435988066508315,24.560506708167374,11.990888540012984,3,14,100-300:300-600,False,True,,2236,99.94996664442962
67,2026-10-07T04:20:27.617+00:00,2026-10-07T04:20:39.455+00:00,2026-10-07T04:21:15.518+00:00,True,598,598.0,,598.0,11838.208031,47900.776991,47900.776979,80.10163374414715,42.627398,11838.208031,482.2673059746863,128.26692865,60.40631316582915,24.80331210418232,12.48413987339615,3,14,100-300:300-600,False,True,,2855,99.94996664442962
68,2026-10-07T04:20:31.811+00:00,2026-10-07T04:20:42.246+00:00,2026-10-07T04:21:43.522+00:00,True,1001,1001.0,,1001.0,10434.721747,71711.204563,71711.204692,71.63956512687312,0.017312,10434.721747,329.9120907569418,130.596847,61.276482816,36.63965648799982,13.95876705878783,3,14,1-100:1000-1500,False,True,,1001,99.94996664442962
69,2026-10-07T04:20:34.754+00:00,2026-10-07T04:20:45.842+00:00,2026-10-07T04:22:00.510+00:00,True,1219,1219.0,,1219.0,11087.754671,85755.36017500001,85755.360284,70.34894198851518,0.017383,11087.754671,317.83879970434094,131.13105910000002,61.30345279474548,35.817754328450256,14.214854879186564,3,14,1-100:1000-1500,False,True,,1981,99.94996664442962
70,2026-10-07T04:20:39.078+00:00,2026-10-07T04:20:49.433+00:00,2026-10-07T04:22:07.037+00:00,True,1275,1275.0,,1275.0,10355.535254,87959.497366,87959.497582,68.98784124078432,0.016932,10355.535254,290.36042483574937,129.3829832,60.913628031397174,34.483933546187814,14.495307933544884,3,14,1-100:1000-1500,False,True,,5863,99.94996664442962
71,2026-10-07T04:20:43.938+00:00,2026-10-07T04:20:57.618+00:00,2026-10-07T04:22:04.825+00:00,True,1094,1094.0,,1094.0,13680.48406,80887.636444,80887.636342,73.93751036745887,0.017803999999999997,13680.48406,413.39813467906197,130.28188895,61.48870300457457,36.864755459974866,13.524934688348772,3,14,1-100:1000-1500,False,True,,4125,99.94996664442962
72,2026-10-07T04:20:49.218+00:00,2026-10-07T04:21:01.622+00:00,2026-10-07T04:21:27.547+00:00,True,428,428.0,,428.0,12404.634274,38329.112993999996,38329.113047,89.55400244626168,43.058476,12404.634274,597.2135426620456,130.1450223,60.713064918032785,25.598651414220896,11.166446770291781,3,14,100-300:300-600,False,True,,1699,99.94996664442962
73,2026-10-07T04:20:53.624+00:00,2026-10-07T04:21:05.333+00:00,2026-10-07T04:21:24.611+00:00,True,323,323.0,,323.0,11708.777973999999,30987.350518,30987.35058,95.93606990712074,39.327606,11708.777973999999,648.6312974328825,129.1476553,59.871343304347825,24.694598302994418,10.423608169158413,3,14,100-300:300-600,False,True,,1751,99.94996664442962
74,2026-10-07T04:20:56.609+00:00,2026-10-07T04:21:09.055+00:00,2026-10-07T04:21:46.385+00:00,True,600,600.0,,600.0,12446.026107000002,49775.577210999996,49775.577276,82.95929546,0.017893999999999997,12446.026107000002,507.43974080473544,133.95701309999998,62.31978481469115,43.6421045194919,12.054104314181712,3,14,100-300:300-600,False,True,,2223,99.94996664442962
75,2026-10-07T04:21:01.149+00:00,2026-10-07T04:21:15.697+00:00,2026-10-07T04:21:50.131+00:00,True,553,553.0,,553.0,14547.937256,48981.410535999996,48981.410462,88.57397913562387,0.017292000000000002,14547.937256,617.6217346230071,134.25046680000003,62.37948057971015,44.92593251171503,11.289997449002824,3,14,100-300:300-600,False,True,,2387,99.94996664442962
76,2026-10-07T04:21:05.432+00:00,2026-10-07T04:21:20.930+00:00,2026-10-07T04:22:25.668+00:00,True,1056,1056.0,,1056.0,15498.481259,80236.13527500001,80236.135347,75.98118877556819,0.017764,15498.481259,476.44806981896477,129.22477650000002,61.36270522843601,36.56183148061571,13.161152345893568,3,14,1-100:1000-1500,False,True,,4344,99.94996664442962
77,2026-10-07T04:21:10.327+00:00,2026-10-07T04:21:28.212+00:00,2026-10-07T04:22:02.833+00:00,True,561,561.0,,561.0,17884.776739,52505.642787000004,52505.642755,93.59294608734403,0.018826,17884.776739,753.7797746339545,134.25412100000003,61.82297508571429,44.189492022089844,10.684565890866482,3,14,100-300:300-600,False,True,,2444,99.94996664442962
78,2026-10-07T04:21:13.670+00:00,2026-10-07T04:21:31.109+00:00,2026-10-07T04:21:59.765+00:00,True,466,466.0,,466.0,17438.203162,46094.957850000006,46094.957675000005,98.91621818669529,0.018204,17438.203162,806.3101973280175,132.02135099999998,61.62742943655914,46.790749611212846,10.10956559536153,3,14,100-300:300-600,False,True,,2222,99.94996664442962
79,2026-10-07T04:21:18.505+00:00,2026-10-07T04:21:37.994+00:00,2026-10-07T04:22:43.799+00:00,True,1083,1083.0,,1083.0,19489.16243,85294.483646,85294.483553,78.75760254201293,33.323636,19489.16243,590.9652754623579,129.6045341,60.81822663216266,26.612775236868945,12.697186895401165,3,14,1-100:1000-1500,False,True,,4304,99.94996664442962
80,2026-10-07T04:21:23.641+00:00,2026-10-07T04:21:41.517+00:00,2026-10-07T04:22:14.712+00:00,True,541,541.0,,541.0,17876.226532,51071.65386,51071.654097,94.4023181090573,42.191892,17876.226532,766.3508693212542,128.084849,61.47301357037037,25.8351479667481,10.592960264866582,3,14,100-300:300-600,False,True,,1975,99.94996664442962
81,2026-10-07T04:21:28.470+00:00,2026-10-07T04:21:45.272+00:00,2026-10-07T04:22:09.178+00:00,True,396,396.0,,396.0,16802.121033,40708.073033,40708.072995,102.79816412878787,41.898692000000004,16802.121033,841.6689097035666,128.4677135,60.52139746835444,25.048740467839778,9.727800175630584,3,14,100-300:300-600,False,True,,1788,99.94996664442962
82,2026-10-07T04:21:33.623+00:00,2026-10-07T04:21:50.854+00:00,2026-10-07T04:22:16.369+00:00,True,417,417.0,,417.0,17230.754222,42745.276333999995,42745.276305,102.5066578057554,42.082908,17230.754222,841.185325715031,129.1980648,61.332985846153846,25.811526819188874,9.755463895979409,3,14,100-300:300-600,False,True,,1962,99.94996664442962
83,2026-10-07T04:21:37.908+00:00,2026-10-07T04:21:54.397+00:00,2026-10-07T04:23:20.533+00:00,True,1416,1416.0,,1416.0,16489.806671,102625.410895,102625.410963,72.47557271398306,0.017343,16489.806671,438.18770828501795,127.252513,60.8732185328622,37.351702744727895,13.797752307649848,3,14,1-100:1000-1500,False,True,,2360,99.94996664442962
84,2026-10-07T04:21:41.217+00:00,2026-10-07T04:21:58.912+00:00,2026-10-07T04:22:31.609+00:00,True,555,555.0,,555.0,17694.870649,50392.072568999996,50392.072677000004,90.79652734594595,35.880908000000005,17694.870649,748.9722648167863,120.9377987,59.02022007220217,23.627571425620573,11.013637100162114,3,14,100-300:300-600,False,True,,2388,99.94996664442962
85,2026-10-07T04:21:44.281+00:00,2026-10-07T04:22:01.407+00:00,2026-10-07T04:22:36.385+00:00,True,589,589.0,,589.0,17126.387219,52104.44622699999,52104.446251,88.46255730220713,34.218854,17126.387219,703.6488822081169,123.1411226,59.48649491156463,24.314098207140738,11.304217636896912,3,14,100-300:300-600,False,True,,2286,99.94996664442962
86,2026-10-07T04:21:48.826+00:00,2026-10-07T04:22:07.463+00:00,2026-10-07T04:22:29.488+00:00,True,371,371.0,,371.0,18636.291206,40661.786502,40661.786341,109.60050226684636,39.858959999999996,18636.291206,964.7734944087808,121.4082245,59.528365664864864,24.72514227817639,9.12404574210609,3,14,100-300:300-600,False,True,,1427,99.94996664442962
87,2026-10-07T04:21:53.133+00:00,2026-10-07T04:22:10.119+00:00,2026-10-07T04:22:37.898+00:00,True,471,471.0,,471.0,16985.552539,44764.978843000004,44764.978925,95.04241809978768,37.840119,16985.552539,780.3016589976893,121.072966,59.10516234893617,24.121602923581523,10.521617839961323,3,14,100-300:300-600,False,True,,2416,99.94996664442962
88,2026-10-07T04:21:57.425+00:00,2026-10-07T04:22:12.401+00:00,2026-10-07T04:23:32.298+00:00,True,1334,1334.0,,1334.0,14975.702362,94872.96060199999,94872.960654,71.11916091004498,0.016932,14975.702362,410.1054107796616,124.3971443,59.93792816204051,37.56159050657813,14.060908308703906,3,14,1-100:1000-1500,False,True,,1334,99.94996664442962
89,2026-10-07T04:22:01.417+00:00,2026-10-07T04:22:16.538+00:00,2026-10-07T04:22:47.710+00:00,True,523,523.0,,523.0,15120.705224,46292.247752,46292.247787,88.51290207839388,39.861156,15120.705224,659.0454999655461,125.7563151,59.715598712643676,25.025685613649244,11.297787975253469,3,14,100-300:300-600,False,True,,2418,99.94996664442962
90,2026-10-07T04:22:04.639+00:00,2026-10-07T04:22:19.219+00:00,2026-10-07T04:23:21.068+00:00,True,1018,1018.0,,1018.0,14579.358765,76429.105453,76429.105467,75.07770674557958,0.017864,14579.358765,456.90473875066175,128.39598685,60.8158767826942,41.26287056718541,13.319533101509583,3,14,1-100:1000-1500,False,True,,1941,99.94996664442962
91,2026-10-07T04:22:08.056+00:00,2026-10-07T04:22:23.028+00:00,2026-10-07T04:22:51.121+00:00,True,468,468.0,,468.0,14972.505247,43065.198495,43065.198369,92.01965463461538,34.544855000000005,14972.505247,689.7883561211124,129.15028855,60.15566005995718,25.344050961020326,10.867243536665372,3,14,100-300:300-600,False,True,,1969,99.94996664442962
92,2026-10-07T04:22:13.298+00:00,2026-10-07T04:22:31.785+00:00,2026-10-07T04:23:06.590+00:00,True,567,567.0,,567.0,18486.519446,53291.873174,53291.873243999995,93.98919443386244,0.017883,18486.519446,775.4396048247595,131.773368,61.49355782332155,50.77590319898494,10.639520929368036,3,14,100-300:300-600,False,True,,2641,99.94996664442962
93,2026-10-07T04:22:17.836+00:00,2026-10-07T04:22:36.541+00:00,2026-10-07T04:23:10.925+00:00,True,558,558.0,,558.0,18704.886886999997,53088.974695,53088.974723,95.14153176164874,0.017803,18704.886886999997,790.7780533842698,131.45522350000002,61.73085782405745,49.53715450476976,10.510656934057408,3,14,100-300:300-600,False,True,,576,99.94996664442962
94,2026-10-07T04:22:21.077+00:00,2026-10-07T04:22:39.374+00:00,2026-10-07T04:23:12.988+00:00,True,544,544.0,,544.0,18297.641776,51911.076656000005,51911.076839,95.42477360110294,0.017413,18297.641776,783.5812145589739,131.94294890000003,61.903194990791896,52.093942966699984,10.479459010355995,3,14,100-300:300-600,False,True,,2551,99.94996664442962
95,2026-10-07T04:22:24.079+00:00,2026-10-07T04:22:41.506+00:00,2026-10-07T04:23:09.229+00:00,True,453,453.0,,453.0,17426.128101,45149.134565,45149.134418,99.66696339514348,0.017503,17426.128101,817.7074677625413,131.26805720000002,61.33408509734514,54.86000399721225,10.033414911814711,3,14,100-300:300-600,False,True,,1762,99.94996664442962
96,2026-10-07T04:22:27.058+00:00,2026-10-07T04:22:46.129+00:00,2026-10-07T04:23:07.207+00:00,True,347,347.0,,347.0,19070.84543,40149.137142,40149.137231,115.70356550720462,0.017553,19070.84543,1022.2268238619924,132.4299265,60.91991824277457,59.37018671260955,8.64277602710927,3,14,100-300:300-600,False,True,,1596,99.94996664442962
97,2026-10-07T04:22:30.776+00:00,2026-10-07T04:22:49.041+00:00,2026-10-07T04:23:10.432+00:00,True,352,352.0,,352.0,18265.345543000003,39656.003847,39656.003761,112.65910159375001,0.017803999999999997,18265.345543000003,972.19118252751,132.28588555,60.94204645014245,60.72938431380768,8.876335632760158,3,14,100-300:300-600,False,True,,1838,99.94996664442962
98,2026-10-07T04:22:35.431+00:00,2026-10-07T04:22:55.211+00:00,2026-10-07T04:23:22.248+00:00,True,435,435.0,,435.0,19780.355454999997,46817.017727,46817.017652999995,107.62532793793103,0.017893999999999997,19780.355454999997,946.9686576993716,130.0494025,62.296456847926265,54.397597562564215,9.291493160384064,3,14,100-300:300-600,False,True,,2003,99.94996664442962
99,2026-10-07T04:22:40.740+00:00,2026-10-07T04:23:03.644+00:00,2026-10-07T04:23:24.691+00:00,True,349,349.0,,349.0,22903.258058,43950.138825999995,43950.138716,125.93162955873926,0.018084,22903.258058,1223.0727531861417,128.0299282,60.47954243678161,28.314770544779567,7.940816782893501,3,14,100-300:300-600,False,True,,1469,99.94996664442962
100,2026-10-07T04:22:44.098+00:00,2026-10-07T04:23:05.943+00:00,2026-10-07T04:23:33.706+00:00,True,461,461.0,,461.0,21844.966304,49608.076192,49608.076346,107.60971007809111,41.3936,21844.966304,1014.9220512729436,125.33577000000001,60.35458671304348,25.17222270986417,9.292841718267292,3,14,100-300:300-600,False,True,,2407,99.94996664442962
101,2026-10-07T04:22:46.996+00:00,2026-10-07T04:23:08.505+00:00,2026-10-07T04:23:26.987+00:00,True,307,307.0,,307.0,21508.883795,39990.999123,39990.999314,130.26384141368078,42.454341,21508.883795,1224.3823407258683,123.8224962,60.399069699346406,24.913232563656088,7.676727431984445,3,14,100-300:300-600,False,True,,1264,99.94996664442962
102,2026-10-07T04:22:51.903+00:00,2026-10-07T04:23:12.055+00:00,2026-10-07T04:23:33.865+00:00,True,370,370.0,,370.0,20151.864488000003,41961.514664,41961.514598,113.40949891351352,38.1806,20151.864488000003,1044.8338059996233,113.55494449999998,59.104743024390245,23.38262167071458,8.817603534160165,3,14,100-300:300-600,False,True,,1957,99.94996664442962
103,2026-10-07T04:22:56.887+00:00,2026-10-07T04:23:15.890+00:00,2026-10-07T04:23:49.841+00:00,True,572,572.0,,572.0,19003.404493000002,52954.090701,52954.090779,92.57708178146854,41.164532,19003.404493000002,792.448282913292,120.49005584999999,59.458294584938706,23.97430822531277,10.801809500039214,3,14,100-300:300-600,False,True,,2511,99.94996664442962
104,2026-10-07T04:23:00.329+00:00,2026-10-07T04:23:18.432+00:00,2026-10-07T04:23:46.971+00:00,True,487,487.0,,487.0,18102.998043000003,46641.08700300001,46641.087124000005,95.77225282135524,38.640602,18102.998043000003,818.005680299582,118.11027320000001,58.72034765432098,23.655506582197624,10.441437609905524,3,14,100-300:300-600,False,True,,1793,99.94996664442962
105,2026-10-07T04:23:03.633+00:00,2026-10-07T04:23:19.899+00:00,2026-10-07T04:23:49.842+00:00,True,510,510.0,,510.0,16265.696097,46208.873569,46208.873558,90.60563442745098,38.030919000000004,16265.696097,718.051811933297,120.9778891,58.82746065225933,23.975935369951326,11.036841208398164,3,14,100-300:300-600,False,True,,1704,99.94996664442962
106,2026-10-07T04:23:07.717+00:00,2026-10-07T04:23:25.611+00:00,2026-10-07T04:23:51.328+00:00,True,429,429.0,,429.0,17894.101247000002,43610.935039,43610.935002000006,101.65719114685315,42.039750999999995,17894.101247000002,861.4058926275774,126.38159019999999,60.08606026168224,25.32645318398367,9.836982390227535,3,14,100-300:300-600,False,True,,2135,99.94996664442962
107,2026-10-07T04:23:11.892+00:00,2026-10-07T04:23:30.255+00:00,2026-10-07T04:24:05.098+00:00,True,571,571.0,,571.0,18363.152149,53206.362645,53206.362532,93.18102019614712,40.010399,18363.152149,766.3591840060773,130.2575535,61.12843946666667,26.08632470470471,10.731799198712167,3,14,100-300:300-600,False,True,,2933,99.94996664442962
108,2026-10-07T04:23:15.981+00:00,2026-10-07T04:23:34.071+00:00,2026-10-07T04:23:58.634+00:00,True,414,414.0,,414.0,18089.103753,42652.167816999994,42652.167839,103.02455999758455,41.289164,18089.103753,886.434778005793,127.79521185,59.47473138983051,24.099149372172,9.706423405634986,3,14,100-300:300-600,False,True,,2177,99.94996664442962
109,2026-10-07T04:23:19.118+00:00,2026-10-07T04:23:39.592+00:00,2026-10-07T04:24:06.367+00:00,True,433,433.0,,433.0,20474.671167,47249.399359,47249.399353,109.12101467205542,42.592956,20474.671167,981.3492466299022,131.39653159999997,61.97853748148148,27.26109807201987,9.164137658345126,3,14,100-300:300-600,False,True,,1888,99.94996664442962
110,2026-10-07T04:23:23.525+00:00,2026-10-07T04:23:42.921+00:00,2026-10-07T04:24:14.801+00:00,True,519,519.0,,519.0,19395.901287999997,51275.99421599999,51275.994361,98.79767699614644,41.525045,19395.901287999997,849.0880381946251,130.0357889,61.54458094208495,26.21414277317055,10.12169550167499,3,14,100-300:300-600,False,True,,2225,99.94996664442962
111,2026-10-07T04:23:26.515+00:00,2026-10-07T04:23:45.902+00:00,2026-10-07T04:25:17.545+00:00,True,1486,1486.0,,1486.0,19386.809796999998,111029.88896499999,111029.888943,74.7172873102288,0.017763,19386.809796999998,503.0858004719754,130.18229250000002,61.71251122424243,42.165819122599544,13.383783536597361,3,14,1-100:1000-1500,False,True,,1486,99.94996664442962
112,2026-10-07T04:23:31.155+00:00,2026-10-07T04:23:51.075+00:00,2026-10-07T04:24:20.095+00:00,True,471,471.0,,471.0,19919.670987,48939.594955,48939.594912,103.90572168152866,39.625988,19919.670987,915.3948420281423,130.9444045,61.74451908085106,26.742777225918577,9.624109076364135,3,14,100-300:300-600,False,True,,2158,99.94996664442962
113,2026-10-07T04:23:35.922+00:00,2026-10-07T04:23:58.882+00:00,2026-10-07T04:24:21.030+00:00,True,349,349.0,,349.0,22959.978348,45107.992172,45107.992057,129.24926090830945,43.177862,22959.978348,1225.934963690482,133.3317056,63.64371788505747,28.148495564040367,7.736988129935779,3,14,100-300:300-600,False,True,,1721,99.94996664442962
114,2026-10-07T04:23:39.023+00:00,2026-10-07T04:24:03.080+00:00,2026-10-07T04:24:33.378+00:00,True,484,484.0,,484.0,24056.811821,54354.873901,54354.873687,112.30345803099173,37.710637999999996,24056.811821,1090.9803099835829,131.86588410000002,62.72890699792961,27.270450990125013,8.904445273510156,3,14,100-300:300-600,False,True,,2324,99.94996664442962
115,2026-10-07T04:23:44.269+00:00,2026-10-07T04:24:05.913+00:00,2026-10-07T04:24:26.984+00:00,True,343,343.0,,343.0,21643.139,42714.352568,42714.352575,124.53164016034985,39.589228000000006,21643.139,1165.579273272985,129.7093342,61.61173557894737,25.87207549667552,8.03008776625969,3,14,100-300:300-600,False,True,,1848,99.94996664442962
116,2026-10-07T04:23:49.029+00:00,2026-10-07T04:24:09.949+00:00,2026-10-07T04:24:40.123+00:00,True,488,488.0,,488.0,20919.710296999998,51094.145113,51094.145029,104.70111686270491,39.693293,20919.710296999998,944.5639476879935,130.50078125,61.95982508418891,26.745425375582936,9.55099647759518,3,14,100-300:300-600,False,True,,2371,99.94996664442962
117,2026-10-07T04:23:52.664+00:00,2026-10-07T04:24:14.553+00:00,2026-10-07T04:24:33.761+00:00,True,312,312.0,,312.0,21888.553322,41097.137514,41097.137423,131.72159430448718,42.894351,21888.553322,1235.994290446465,131.91878275000002,61.76393630868167,27.077109581099226,7.591769618838178,3,14,100-300:300-600,False,True,,1381,99.94996664442962
118,2026-10-07T04:23:56.847+00:00,2026-10-07T04:24:19.729+00:00,2026-10-07T04:24:48.072+00:00,True,451,451.0,,451.0,22882.030444,51225.189996,51225.189948,113.5813524345898,0.018084,22882.030444,1076.762013461393,130.044894,62.98479900444444,69.72929498217395,8.804262122506858,3,14,100-300:300-600,False,True,,2155,99.94996664442962
119,2026-10-07T04:23:59.931+00:00,2026-10-07T04:24:22.109+00:00,2026-10-07T04:24:51.684+00:00,True,481,481.0,,481.0,22178.564032000002,51753.19648,51753.196504,107.59500312681914,0.017873,22178.564032000002,1010.3940631450024,132.471311,61.613817600000004,62.7756557692915,9.2941119141478,3,14,100-300:300-600,False,True,,1619,99.94996664442962
120,2026-10-07T04:24:04.458+00:00,2026-10-07T04:24:27.536+00:00,2026-10-07T04:25:03.385+00:00,True,582,582.0,,582.0,23077.652196,58926.647524,58926.647653,101.2485354862543,0.018274000000000002,23077.652196,955.9897050724211,129.7109378,61.70222948020654,61.04863276473263,9.876686091177332,3,14,100-300:300-600,False,True,,2690,99.94996664442962
121,2026-10-07T04:24:09.171+00:00,2026-10-07T04:24:32.743+00:00,2026-10-07T04:25:01.183+00:00,True,461,461.0,,461.0,23572.314034000003,52012.615858000005,52012.615966000005,112.82563116268982,0.017242,23572.314034000003,1096.8484691136912,129.14688,61.82674309565217,63.84922640035606,8.863234282593654,3,14,100-300:300-600,False,True,,2000,99.94996664442962
122,2026-10-07T04:24:14.400+00:00,2026-10-07T04:24:37.925+00:00,2026-10-07T04:25:02.905+00:00,True,406,406.0,,406.0,23525.252383000003,48505.64124700001,48505.641132000004,119.47202249261085,0.017233000000000002,23525.252383000003,1166.3527019314563,129.08398225000002,61.67997250370371,66.1928052263587,8.370160450669445,3,14,100-300:300-600,False,True,,2065,99.94996664442962
123,2026-10-07T04:24:18.075+00:00,2026-10-07T04:24:40.453+00:00,2026-10-07T04:25:08.427+00:00,True,461,461.0,,461.0,22377.925022,50351.751838,50351.751899999996,109.22288915401302,0.018283999999999998,22377.925022,1041.2966759478002,130.363529,60.81266699130435,62.69727562077893,9.155590087177217,3,14,100-300:300-600,False,True,,1894,99.94996664442962
124,2026-10-07T04:24:21.313+00:00,2026-10-07T04:24:42.698+00:00,2026-10-07T04:25:01.681+00:00,True,313,313.0,,313.0,21385.276775,40368.220262999996,40368.220316,128.9719498913738,0.017663,21385.276775,1207.6588759276885,128.1060088,60.842767589743595,75.11187873427554,7.753623963622793,3,14,100-300:300-600,False,True,,1565,99.94996664442962
125,2026-10-07T04:24:25.432+00:00,2026-10-07T04:24:46.774+00:00,2026-10-07T04:25:18.183+00:00,True,517,517.0,,517.0,21341.452981,52750.498485000004,52750.498438999995,102.03191187427466,0.017683,21341.452981,937.9548767353513,128.8159366,60.8702432248062,61.82606284259379,9.800855249680964,3,14,100-300:300-600,False,True,,2198,99.94996664442962
126,2026-10-07T04:24:28.735+00:00,2026-10-07T04:24:51.142+00:00,2026-10-07T04:25:26.215+00:00,True,573,573.0,,573.0,22407.071831999998,57479.27202399999,57479.271923,100.31286548516579,43.510180999999996,22407.071831999998,933.8645117987892,129.604792,61.3150353006993,25.846889570938426,9.968811013485846,3,14,100-300:300-600,False,True,,2021,99.94996664442962
127,2026-10-07T04:24:32.319+00:00,2026-10-07T04:24:56.225+00:00,2026-10-07T04:25:28.811+00:00,True,530,530.0,,530.0,23905.511349,56491.805877,56491.806044,106.58831329056603,42.274434,23905.511349,1036.041121267714,128.0950849,61.59980062003781,26.0841368180214,9.38189161723689,3,14,100-300:300-600,False,True,,2837,99.94996664442962
128,2026-10-07T04:24:37.339+00:00,2026-10-07T04:25:00.399+00:00,2026-10-07T04:25:32.720+00:00,True,529,529.0,,529.0,23059.532346,55380.487226,55380.487273,104.68901185822307,42.936997000000005,23059.532346,1000.2571928625505,127.672981,61.21392969696969,25.727898257437523,9.552100866162936,3,14,100-300:300-600,False,True,,2607,99.94996664442962
129,2026-10-07T04:24:41.791+00:00,2026-10-07T04:25:05.779+00:00,2026-10-07T04:26:20.099+00:00,True,1241,1241.0,,1241.0,23988.346254,98307.81991800001,98307.820146,79.21661575020146,42.022398,23988.346254,679.689018600091,124.415315,59.935059406451614,24.50799883549365,12.623614286586117,3,14,1-100:1000-1500,False,True,,5977,99.94996664442962
130,2026-10-07T04:24:44.982+00:00,2026-10-07T04:25:08.659+00:00,2026-10-07T04:25:41.535+00:00,True,553,553.0,,553.0,23676.727916,56552.53079600001,56552.530835,102.26497438517178,36.880969,23676.727916,1004.5985833073199,121.48361140000002,59.557613913043475,24.33891653505327,9.778519055050213,3,14,100-300:300-600,False,True,,2698,99.94996664442962
131,2026-10-07T04:24:49.461+00:00,2026-10-07T04:25:13.215+00:00,2026-10-07T04:26:23.672+00:00,True,1183,1183.0,,1183.0,23754.075758000003,94211.04651,94211.04654,79.63740197802198,39.775572,23754.075758000003,689.3224083604229,124.13584190000002,59.60826628764805,24.211048359271572,12.556913905785251,3,14,1-100:1000-1500,False,True,,5609,99.94996664442962
132,2026-10-07T04:24:52.491+00:00,2026-10-07T04:25:14.952+00:00,2026-10-07T04:25:43.453+00:00,True,481,481.0,,481.0,22460.423385000002,50961.725145000004,50961.725151,105.94953253846154,41.976357,22460.423385000002,1021.6909479110533,123.41739299999999,59.377712,24.41631540289077,9.438455990872049,3,14,100-300:300-600,False,True,,2117,99.94996664442962
133,2026-10-07T04:24:56.448+00:00,2026-10-07T04:25:19.207+00:00,2026-10-07T04:25:38.172+00:00,True,321,321.0,,321.0,22759.263129,41723.667097,41723.666865,129.98027060747663,42.461346,22759.263129,1267.223484154436,124.295468,59.2637624,24.341373988400854,7.693475246404707,3,14,100-300:300-600,False,True,,1171,99.94996664442962
134,2026-10-07T04:25:01.468+00:00,2026-10-07T04:25:24.234+00:00,2026-10-07T04:25:52.524+00:00,True,482,482.0,,482.0,22765.720636,51055.36262,51055.362484,105.9239885560166,41.073375,22765.720636,1034.5577407726462,123.28574965,58.8142244989605,24.370960271652887,9.440732085040278,3,14,100-300:300-600,False,True,,2277,99.94996664442962
135,2026-10-07T04:25:06.430+00:00,2026-10-07T04:25:28.229+00:00,2026-10-07T04:25:54.895+00:00,True,459,459.0,,459.0,21799.571375,48464.698799,48464.698902,105.58757930718954,41.805748,21799.571375,1015.0682216007102,121.59433270000001,58.22080223580786,23.387774202675846,9.470810948472682,3,14,100-300:300-600,False,True,,2163,99.94996664442962
136,2026-10-07T04:25:10.109+00:00,2026-10-07T04:25:31.357+00:00,2026-10-07T04:26:01.051+00:00,True,509,509.0,,509.0,21248.124989999997,50941.549117999995,50941.54898,100.08162864440078,43.334902,21248.124989999997,939.5050645762709,122.364259,58.451622299212595,23.33657649751385,9.99184376629306,3,14,100-300:300-600,False,True,,2247,99.94996664442962
137,2026-10-07T04:25:14.277+00:00,2026-10-07T04:25:36.414+00:00,2026-10-07T04:26:09.905+00:00,True,559,559.0,,559.0,22137.88657,55628.759401999996,55628.759283,99.5147751037567,41.548804,22137.88657,934.1333542709501,124.84939109999999,60.019485362007174,25.18925049819685,10.04875905932755,3,14,100-300:300-600,False,True,,2478,99.94996664442962
138,2026-10-07T04:25:17.953+00:00,2026-10-07T04:25:39.818+00:00,2026-10-07T04:26:05.432+00:00,True,432,432.0,,432.0,21865.555774,47479.019838,47479.019693,109.90513817824075,40.869032,21865.555774,1049.4391068517978,123.65529064999998,59.42799086774942,24.753354203984397,9.098755649842781,3,14,100-300:300-600,False,True,,1881,99.94996664442962
139,2026-10-07T04:25:20.872+00:00,2026-10-07T04:25:43.052+00:00,2026-10-07T04:26:01.521+00:00,True,314,314.0,,314.0,22180.36539,40649.701453999995,40649.701332,129.45764755414012,41.211546999999996,22180.36539,1248.6205074072263,124.15864434999999,59.00746346325879,24.522346533962242,7.724533976106285,3,14,100-300:300-600,False,True,,1662,99.94996664442962
140,2026-10-07T04:25:25.983+00:00,2026-10-07T04:25:47.678+00:00,2026-10-07T04:26:23.058+00:00,True,595,595.0,,595.0,21695.521396,57075.458163999996,57075.458309,95.92514001512605,40.665754,21695.521396,887.3140166079241,125.79562150000001,59.56218311111111,24.076811866961982,10.424795860426272,3,14,100-300:300-600,False,True,,2353,99.94996664442962
141,2026-10-07T04:25:29.529+00:00,2026-10-07T04:25:50.565+00:00,2026-10-07T04:26:55.324+00:00,True,1079,1079.0,,1079.0,21036.936617,85795.625129,85795.625184,79.51401777942539,0.017142,21036.936617,640.8094083095,127.12307019999999,60.07299490909091,53.1755303065817,12.576398835927177,3,14,1-100:1000-1500,False,True,,1079,99.94996664442962
142,2026-10-07T04:25:33.411+00:00,2026-10-07T04:25:55.267+00:00,2026-10-07T04:26:20.810+00:00,True,427,427.0,,427.0,21855.814486000003,47398.392918,47398.393000000004,111.00326229508197,42.856882,21855.814486000003,1055.047223422389,125.71009529999999,59.959104300469484,23.977316329306365,9.008744257188573,3,14,100-300:300-600,False,True,,1385,99.94996664442962
143,2026-10-07T04:25:37.607+00:00,2026-10-07T04:26:00.234+00:00,2026-10-07T04:26:24.506+00:00,True,405,405.0,,405.0,22626.861155000002,46898.364515,46898.364655000005,115.79843124691358,38.754993,22626.861155000002,1121.619154309311,124.6652156,60.07797861386139,24.487676064664797,8.635695598094141,3,14,100-300:300-600,False,True,,1983,99.94996664442962
144,2026-10-07T04:25:41.334+00:00,2026-10-07T04:26:03.958+00:00,2026-10-07T04:26:39.150+00:00,True,577,577.0,,577.0,22624.528204,57816.173643999995,57816.173641,100.20134079896013,41.241902,22624.528204,939.6667077969176,126.1898832,61.096606666666666,25.25143314902653,9.979906376247705,3,14,100-300:300-600,False,True,,2356,99.94996664442962
145,2026-10-07T04:25:44.353+00:00,2026-10-07T04:26:06.700+00:00,2026-10-07T04:26:32.707+00:00,True,427,427.0,,427.0,22346.857568,48354.002784,48354.002774,113.24122429508196,38.719578999999996,22346.857568,1078.7827405938444,126.4619227,61.049636657277,25.337925350900363,8.830706361734572,3,14,100-300:300-600,False,True,,2100,99.94996664442962
146,2026-10-07T04:25:49.458+00:00,2026-10-07T04:26:10.546+00:00,2026-10-07T04:27:38.239+00:00,True,1442,1442.0,,1442.0,21088.069766,108781.495942,108781.495878,75.43793056726768,0.017904,21088.069766,555.941471034212,126.93445115,60.855951544760586,49.54019393574815,13.255930960618928,3,14,1-100:1000-1500,False,True,,5567,99.94996664442962
147,2026-10-07T04:25:54.084+00:00,2026-10-07T04:26:16.646+00:00,2026-10-07T04:27:32.989+00:00,True,1252,1252.0,,1252.0,22561.933872,98905.01176,98905.011532,78.99761304472844,0.017162,22561.933872,637.7790323927434,127.3500492,61.02564179696243,48.76797598627456,12.658610294067469,3,14,1-100:1000-1500,False,True,,4369,99.94996664442962
148,2026-10-07T04:25:57.126+00:00,2026-10-07T04:26:18.239+00:00,2026-10-07T04:27:39.438+00:00,True,1333,1333.0,,1333.0,21112.37582,102311.563532,102311.563501,76.75286084096024,0.017922999999999998,21112.37582,578.5818798723155,129.2030028,60.960351135135134,48.000394097966726,13.02883030990996,3,14,1-100:1000-1500,False,True,,3109,99.94996664442962
149,2026-10-07T04:26:00.726+00:00,2026-10-07T04:26:23.830+00:00,2026-10-07T04:26:46.418+00:00,True,368,368.0,,368.0,23104.040602,45692.554138,45692.554177,124.16454939402175,39.195167,23104.040602,1201.4621397581607,129.82469655,61.549083204359675,26.397460681421688,8.053828614801695,3,14,100-300:300-600,False,True,,1826,99.94996664442962
150,2026-10-07T04:26:05.236+00:00,2026-10-07T04:26:28.342+00:00,2026-10-07T04:27:01.459+00:00,True,544,544.0,,544.0,23105.518638999998,56222.920495,56222.920550999996,103.35095689522059,0.017943,23105.518638999998,990.5316429083175,127.03841709999999,60.98969034254144,70.47446935907436,9.675769156253256,3,14,100-300:300-600,False,True,,1822,99.94996664442962
151,2026-10-07T04:26:08.505+00:00,2026-10-07T04:26:31.027+00:00,2026-10-07T04:26:58.217+00:00,True,451,451.0,,451.0,22522.302796999997,49711.675724999994,49711.675782,110.22544519290464,0.018213999999999998,22522.302796999997,1060.3045358978457,127.47814399999999,60.42082872888889,74.51600223659031,9.072315375061722,3,14,100-300:300-600,False,True,,1893,99.94996664442962
152,2026-10-07T04:26:13.797+00:00,2026-10-07T04:26:36.948+00:00,2026-10-07T04:26:59.849+00:00,True,377,377.0,,377.0,23150.62415,46051.703702,46051.703709,122.15306023607427,0.018303999999999997,23150.62415,1192.5275130611037,127.47155060000001,60.9071264680851,89.39710895961989,8.186450656409203,3,14,100-300:300-600,False,True,,1295,99.94996664442962
153,2026-10-07T04:26:17.272+00:00,2026-10-07T04:26:40.131+00:00,2026-10-07T04:27:04.779+00:00,True,411,411.0,,411.0,22858.806319,47506.028334999995,47506.02829,115.58644352798053,0.018013,22858.806319,1127.4445044522035,121.05608249999999,60.115175648780486,80.46487137164347,8.651533592783979,3,14,100-300:300-600,False,True,,1760,99.94996664442962
154,2026-10-07T04:26:22.002+00:00,2026-10-07T04:26:44.888+00:00,2026-10-07T04:27:19.413+00:00,True,574,574.0,,574.0,22885.823072,57411.025504,57411.025391999996,100.01920799999999,0.017623,22885.823072,955.3179519855034,117.07862075000001,60.25340738568936,70.45563358828707,9.99807954937171,3,14,100-300:300-600,False,True,,2263,99.94996664442962
155,2026-10-07T04:26:25.586+00:00,2026-10-07T04:26:50.021+00:00,2026-10-07T04:27:19.072+00:00,True,484,484.0,,484.0,24435.609783,53485.796279,53485.796177,110.50784334090909,0.017352,24435.609783,1110.411921399069,114.98502285,60.1453136563147,73.59205257644399,9.049131426879995,3,14,100-300:300-600,False,True,,2385,99.94996664442962
156,2026-10-07T04:26:30.221+00:00,2026-10-07T04:26:55.783+00:00,2026-10-07T04:27:28.926+00:00,True,547,547.0,,547.0,25561.882975,58705.217119,58705.21704,107.32215180987203,41.04324,25561.882975,1090.6312140373557,121.53550000000001,60.702077186813185,24.710394271920325,9.317740855828687,3,14,100-300:300-600,False,True,,2360,99.94996664442962
157,2026-10-07T04:26:33.454+00:00,2026-10-07T04:26:58.973+00:00,2026-10-07T04:27:27.494+00:00,True,474,474.0,,474.0,25519.393374000003,54040.174174,54040.174166000004,114.00880625738397,38.352940000000004,25519.393374000003,1169.6274074766911,117.33092735,60.297633826638474,24.323675623580268,8.771252262692606,3,14,100-300:300-600,False,True,,2490,99.94996664442962
158,2026-10-07T04:26:37.828+00:00,2026-10-07T04:27:03.615+00:00,2026-10-07T04:28:29.478+00:00,True,1395,1395.0,,1395.0,25787.109204999997,111650.383189,111650.383114,80.03611692759857,35.270042000000004,25787.109204999997,689.2607065817147,130.664062,61.59488808034433,25.89796322380255,12.494359268239736,3,14,1-100:1000-1500,False,True,,7585,99.94996664442962
159,2026-10-07T04:26:43.041+00:00,2026-10-07T04:27:08.295+00:00,2026-10-07T04:27:33.486+00:00,True,406,406.0,,406.0,25253.922024,50444.730088,50444.730046,124.24810356157636,44.192542,25253.922024,1250.5186847220257,130.74047124999998,62.199526083950616,26.232271375158803,8.048412575342155,3,14,100-300:300-600,False,True,,1824,99.94996664442962
160,2026-10-07T04:26:46.710+00:00,2026-10-07T04:27:12.759+00:00,2026-10-07T04:28:29.842+00:00,True,1246,1246.0,,1246.0,26049.668255,103132.599455,103132.599578,82.7709466918138,31.478157,26049.668255,736.6899104654714,131.391061,61.91400096385542,26.218295451107,12.081533933833104,3,14,1-100:1000-1500,False,True,,5540,99.94996664442962
161,2026-10-07T04:26:53.000+00:00,2026-10-07T04:27:19.564+00:00,2026-10-07T04:28:29.167+00:00,True,1124,1124.0,,1124.0,26563.272244,96166.818612,96166.818601,85.55766779448399,37.852292,26563.272244,790.9040551893717,131.70456785000002,61.98000567052538,26.293073990805123,11.688023127134453,3,14,1-100:1000-1500,False,True,,3792,99.94996664442962
162,2026-10-07T04:26:55.141+00:00,2026-10-07T04:27:21.162+00:00,2026-10-07T04:28:31.275+00:00,True,1135,1135.0,,1135.0,26020.59548,96134.34600800001,96134.345941,84.69986426519824,34.756761,26020.59548,770.9681150654401,131.9773775,61.828704169312175,26.178741049838518,11.806394354683068,3,14,1-100:1000-1500,False,True,,1135,99.94996664442962
163,2026-10-07T04:26:58.869+00:00,2026-10-07T04:27:26.085+00:00,2026-10-07T04:28:39.769+00:00,True,1192,1192.0,,1192.0,27216.064918,100899.83247000001,100899.83254,84.64751052013423,32.52623,27216.064918,786.9439110681071,131.7490605,61.867143200671705,26.433079891826868,11.813696522780758,3,14,1-100:1000-1500,False,True,,5046,99.94996664442962
164,2026-10-07T04:27:02.794+00:00,2026-10-07T04:27:31.224+00:00,2026-10-07T04:28:58.386+00:00,True,1417,1417.0,,1417.0,28430.041845,115591.465973,115591.465921,81.57478187791108,36.330169000000005,28430.041845,754.0708887746626,131.05223479999998,61.554678056497174,26.140555855799924,12.258690449786187,3,14,1-100:1000-1500,False,True,,4957,99.94996664442962
165,2026-10-07T04:27:06.393+00:00,2026-10-07T04:27:33.254+00:00,2026-10-07T04:28:00.140+00:00,True,436,436.0,,436.0,26860.810171999998,53746.225084,53746.225005,123.27115826834861,39.45818,26860.810171999998,1283.7189623611532,132.59929275000002,61.805551521839085,26.813108649478288,8.112197634691096,3,14,100-300:300-600,False,True,,2398,99.94996664442962
166,2026-10-07T04:27:11.238+00:00,2026-10-07T04:27:39.387+00:00,2026-10-07T04:28:07.059+00:00,True,453,453.0,,453.0,28148.482946,55820.267393999995,55820.26737,123.2235482781457,41.030376,28148.482946,1319.9136542050765,133.0489908,61.220762053097346,26.173574260570028,8.115331960030918,3,14,100-300:300-600,False,True,,2261,99.94996664442962
167,2026-10-07T04:27:15.113+00:00,2026-10-07T04:27:45.440+00:00,2026-10-07T04:28:50.512+00:00,True,1052,1052.0,,1052.0,30326.937133000003,95399.03671700001,95399.03680300001,90.68349505988593,32.80660700000001,30326.937133000003,933.4822835855628,131.86301319999998,61.91446202093244,26.351466667023068,11.027365015442914,3,14,1-100:1000-1500,False,True,,2190,99.94996664442962
168,2026-10-07T04:27:17.997+00:00,2026-10-07T04:27:47.985+00:00,2026-10-07T04:28:12.943+00:00,True,401,401.0,,401.0,29987.918036,54945.518548,54945.518559,137.0212432892768,44.140275,29987.918036,1494.6451961745984,134.740039,62.39400128,26.583929395748896,7.298138421419926,3,14,100-300:300-600,False,True,,1664,99.94996664442962
169,2026-10-07T04:27:21.322+00:00,2026-10-07T04:27:53.194+00:00,2026-10-07T04:29:01.639+00:00,True,1116,1116.0,,1116.0,31872.503513,100317.25026500001,100317.250226,89.89000916308244,36.447769,31872.503513,952.5924591621997,130.21168575,61.38542309596413,25.88899114568936,11.12470683807573,3,14,1-100:1000-1500,False,True,,1752,99.94996664442962
170,2026-10-07T04:27:25.899+00:00,2026-10-07T04:27:58.085+00:00,2026-10-07T04:28:26.945+00:00,True,472,472.0,,472.0,32185.839642000003,61045.903642000005,61045.90366,129.33454165254238,33.844962,32185.839642000003,1478.8727053663624,130.29705760000002,61.27402123142251,25.51877960648786,7.731886528668907,3,14,100-300:300-600,False,True,,1769,99.94996664442962
171,2026-10-07T04:27:29.616+00:00,2026-10-07T04:28:01.966+00:00,2026-10-07T04:29:07.674+00:00,True,1077,1077.0,,1077.0,32350.06192,98057.60726399999,98057.607134,91.0469889823584,37.915731,32350.06192,984.2247251523295,127.62669360000001,61.06649195539033,25.66683318537131,10.98333959037363,3,14,1-100:1000-1500,False,True,,2929,99.94996664442962
172,2026-10-07T04:27:32.544+00:00,2026-10-07T04:28:08.109+00:00,2026-10-07T04:28:42.530+00:00,True,554,554.0,,554.0,35564.810264,69985.949976,69985.94985799999,126.3284293465704,38.686906,35564.810264,1508.5883719080425,130.26329990000002,62.24437560940325,26.301683032871047,7.915874546105054,3,14,100-300:300-600,False,True,,2364,99.94996664442962
173,2026-10-07T04:27:35.939+00:00,2026-10-07T04:28:10.969+00:00,2026-10-07T04:29:38.544+00:00,True,1457,1457.0,,1457.0,35029.946542000005,122605.200046,122605.199957,84.14907340905971,0.017072,35029.946542000005,917.7028388075737,126.0483982,60.14783894505495,53.49883929589282,11.883672139952882,3,14,1-100:1000-1500,False,True,,6478,99.94996664442962
174,2026-10-07T04:27:40.416+00:00,2026-10-07T04:28:16.293+00:00,2026-10-07T04:28:36.883+00:00,True,335,335.0,,335.0,35876.895134000006,56466.71887800001,56466.71888300001,168.5573698,37.078421999999996,35876.895134000006,1956.9770699103856,132.693296,61.6461788742515,26.654471024621675,5.932698174366907,3,14,100-300:300-600,False,True,,1719,99.94996664442962
175,2026-10-07T04:27:45.251+00:00,2026-10-07T04:28:22.812+00:00,2026-10-07T04:28:54.287+00:00,True,514,514.0,,514.0,37561.024545,69035.125537,69035.125495,134.3095826750973,38.87594,37561.024545,1654.246575218102,131.35595195,61.353023376218324,26.192689920544616,7.445485120824718,3,14,100-300:300-600,False,True,,2750,99.94996664442962
176,2026-10-07T04:27:50.374+00:00,2026-10-07T04:28:28.279+00:00,2026-10-07T04:28:47.489+00:00,True,311,311.0,,311.0,37904.947592,57115.376776,57115.376748999995,183.650729096463,41.858968999999995,37904.947592,2146.047177824399,131.512241,61.9691264,26.95477025354284,5.4451185924887895,3,14,100-300:300-600,False,True,,1463,99.94996664442962
177,2026-10-07T04:27:54.040+00:00,2026-10-07T04:28:31.071+00:00,2026-10-07T04:28:57.914+00:00,True,445,445.0,,445.0,37030.932927,63874.112191,63874.1123,143.53733101123595,43.272228000000005,37030.932927,1752.7496978751396,128.809472,60.45761095495495,25.22312091598794,6.966828731322883,3,14,100-300:300-600,False,True,,1957,99.94996664442962
178,2026-10-07T04:27:58.592+00:00,2026-10-07T04:28:36.164+00:00,2026-10-07T04:28:57.964+00:00,True,363,363.0,,363.0,37572.286949,59372.231653,59372.231854,163.5598673663912,41.790652,37572.286949,1969.0299841713284,126.6742566,60.22084172375691,24.9088743130877,6.113969273069393,3,14,100-300:300-600,False,True,,1461,99.94996664442962
179,2026-10-07T04:28:03.239+00:00,2026-10-07T04:28:39.941+00:00,2026-10-07T04:29:13.010+00:00,True,552,552.0,,552.0,36701.35694,69770.733196,69770.733194,126.39625578623188,42.231807999999994,36701.35694,1559.7496725651858,122.9788687,60.01701679854809,24.410303188165084,7.911626762604332,3,14,100-300:300-600,False,True,,2697,99.94996664442962
180,2026-10-07T04:28:06.650+00:00,2026-10-07T04:28:43.901+00:00,2026-10-07T04:29:02.960+00:00,True,320,320.0,,320.0,37251.241935000005,56309.91815900001,56309.91830600001,175.96849470625003,42.568098,37251.241935000005,2079.2078056774376,122.6238692,59.74506653291536,24.15950082506205,5.68283546597296,3,14,100-300:300-600,False,True,,1742,99.94996664442962
181,2026-10-07T04:28:11.304+00:00,2026-10-07T04:28:48.465+00:00,2026-10-07T04:29:08.094+00:00,True,330,330.0,,330.0,37160.735718,56789.651686000005,56789.651718,172.0898536909091,41.789135,37160.735718,2042.4893594084263,122.36308335000001,59.66235856534954,24.16231303463603,5.810917838070713,3,14,100-300:300-600,False,True,,1574,99.94996664442962
182,2026-10-07T04:28:14.430+00:00,2026-10-07T04:28:51.262+00:00,2026-10-07T04:29:18.432+00:00,True,455,455.0,,455.0,36832.032299000006,64001.637931000005,64001.63809200001,140.6629408615385,42.054296,36832.032299000006,1724.076057191197,123.12556769999999,59.84494632599119,24.189174585020194,7.109193056754802,3,14,100-300:300-600,False,True,,911,99.94996664442962
183,2026-10-07T04:28:18.848+00:00,2026-10-07T04:28:56.159+00:00,2026-10-07T04:29:18.435+00:00,True,371,371.0,,371.0,37310.796706,59587.240098,59587.24014,160.61250711590296,42.413745999999996,37310.796706,1934.1054916711,121.6178215,60.20660376216216,24.217613853114518,6.226165188886678,3,14,100-300:300-600,False,True,,1965,99.94996664442962
184,2026-10-07T04:28:22.817+00:00,2026-10-07T04:28:59.944+00:00,2026-10-07T04:29:25.444+00:00,True,430,430.0,,430.0,37127.031268,62626.759395999994,62626.759626,145.6436270372093,0.017142,37127.031268,1790.0334956028073,123.04457015,59.43992570629371,94.21811946997897,6.8660745685567806,3,14,100-300:300-600,False,True,,2178,99.94996664442962
185,2026-10-07T04:28:27.651+00:00,2026-10-07T04:29:04.008+00:00,2026-10-07T04:30:26.139+00:00,True,1342,1342.0,,1342.0,36356.667414999996,118487.779607,118487.779572,88.29193708792846,0.017783,36356.667414999996,992.3038865536425,128.7919356,61.24616867412379,55.060923091521616,11.326062522659658,3,14,1-100:1000-1500,False,True,,3726,99.94996664442962
186,2026-10-07T04:28:32.950+00:00,2026-10-07T04:29:09.394+00:00,2026-10-07T04:30:34.246+00:00,True,1383,1383.0,,1383.0,36443.666046,121295.923326,121295.923319,87.70493370860449,0.016842,36443.666046,979.9871879960094,128.96512570000002,61.39816011577424,57.24662487086158,11.401867120323502,3,14,1-100:1000-1500,False,True,,2261,99.94996664442962
187,2026-10-07T04:28:36.526+00:00,2026-10-07T04:29:12.762+00:00,2026-10-07T04:29:33.143+00:00,True,348,348.0,,348.0,36236.690257,56617.096785,56617.096853,162.69280704885057,0.017382,36236.690257,1942.024364299121,124.96963950000001,58.73316002305476,102.18159880470503,6.146553245594859,3,14,100-300:300-600,False,True,,1552,99.94996664442962
188,2026-10-07T04:28:39.807+00:00,2026-10-07T04:29:14.821+00:00,2026-10-07T04:29:40.559+00:00,True,442,442.0,,442.0,35013.810966,60751.459094,60751.459054,137.44673994117647,0.017192,35013.810966,1665.0325610114528,126.73314634999998,58.36201389569161,88.93400503373623,7.275545420499263,3,14,100-300:300-600,False,True,,1930,99.94996664442962
189,2026-10-07T04:28:43.504+00:00,2026-10-07T04:29:18.614+00:00,2026-10-07T04:29:39.958+00:00,True,370,370.0,,370.0,35109.692532,56453.832308,56453.832288,152.5779251027027,0.017664000000000003,35109.692532,1824.8039576240337,128.706206,57.84319722493225,96.47433909256165,6.554028041557204,3,14,100-300:300-600,False,True,,1492,99.94996664442962
190,2026-10-07T04:28:48.245+00:00,2026-10-07T04:29:24.247+00:00,2026-10-07T04:29:45.492+00:00,True,355,355.0,,355.0,36002.561906,57247.57669,57247.576751,161.2607795802817,43.039578,36002.561906,1907.7975778781083,127.20056459999999,60.014166056497174,25.14259112692149,6.2011358475897085,3,14,100-300:300-600,False,True,,1517,99.94996664442962
191,2026-10-07T04:28:51.579+00:00,2026-10-07T04:29:27.571+00:00,2026-10-07T04:29:50.172+00:00,True,376,376.0,,376.0,35991.607458,58592.943778,58592.943825999995,155.83229740957447,43.99617,35991.607458,1853.186090595088,131.36756975,60.270230186666666,25.049965255180464,6.417154963652422,3,14,100-300:300-600,False,True,,1535,99.94996664442962
192,2026-10-07T04:28:56.590+00:00,2026-10-07T04:29:33.563+00:00,2026-10-07T04:30:36.805+00:00,True,1014,1014.0,,1014.0,36972.96066,100214.797204,100214.797037,98.83116078599605,40.929745000000004,36972.96066,1159.4326308212612,130.39097925,62.430243380059224,26.599787290169502,10.11826624700815,3,14,1-100:1000-1500,False,True,,1014,99.94996664442962
193,2026-10-07T04:29:00.015+00:00,2026-10-07T04:29:40.249+00:00,2026-10-07T04:30:17.775+00:00,True,595,595.0,,595.0,40234.075452,77759.75046,77759.750605,130.6886564789916,41.130632,40234.075452,1647.0739175770896,132.9842887,63.17453705050505,27.400035164158755,7.651773526537627,3,14,100-300:300-600,False,True,,2736,99.94996664442962
194,2026-10-07T04:29:02.999+00:00,2026-10-07T04:29:42.876+00:00,2026-10-07T04:30:15.889+00:00,True,524,524.0,,524.0,39877.041761,72889.789025,72889.789229,139.10265120038167,41.286264,39877.041761,1739.4998994815805,133.42599339999998,63.121887694072655,27.73727958193984,7.1889356109986355,3,14,100-300:300-600,False,True,,2618,99.94996664442962
195,2026-10-07T04:29:06.749+00:00,2026-10-07T04:29:47.664+00:00,2026-10-07T04:30:10.128+00:00,True,360,360.0,,360.0,40915.576629,63378.816053,63378.816024,176.05226673333334,43.018739000000004,40915.576629,2153.301128830863,129.1392325,62.57169755988858,26.180258953069124,5.680131350180998,3,14,100-300:300-600,False,True,,1916,99.94996664442962
196,2026-10-07T04:29:10.267+00:00,2026-10-07T04:29:51.957+00:00,2026-10-07T04:30:22.938+00:00,True,489,489.0,,489.0,41690.66613799999,72670.697882,72670.697879,148.61083410838444,42.080341,41690.66613799999,1882.6476663651447,130.9508654,63.48367160655738,27.565672578530304,6.728984504786512,3,14,100-300:300-600,False,True,,2163,99.94996664442962
197,2026-10-07T04:29:14.477+00:00,2026-10-07T04:29:56.603+00:00,2026-10-07T04:30:17.162+00:00,True,328,328.0,,328.0,42125.679506,62685.54997,62685.549981000004,191.11448164939026,41.365511,42125.679506,2322.6838993725296,130.51044835000002,62.87422160244648,26.788136464032043,5.232465857872731,3,14,100-300:300-600,False,True,,1572,99.94996664442962
198,2026-10-07T04:29:18.149+00:00,2026-10-07T04:30:00.726+00:00,2026-10-07T04:31:13.214+00:00,True,1172,1172.0,,1172.0,42576.918415,115065.83233500001,115065.832196,98.17903770989761,37.083137,42576.918415,1242.1580214577953,129.64123935,61.90342777113578,26.439403672118743,10.185473621638318,3,14,1-100:1000-1500,False,True,,4805,99.94996664442962
199,2026-10-07T04:29:21.720+00:00,2026-10-07T04:30:03.878+00:00,2026-10-07T04:31:18.163+00:00,True,1204,1204.0,,1204.0,42158.447126,116442.713366,116442.713444,96.7132171461794,36.584722,42158.447126,1213.4942615342275,128.55593445,61.749182244389026,26.428965894016486,10.339848370035964,3,14,1-100:1000-1500,False,True,,4505,99.94996664442962
200,2026-10-07T04:29:26.848+00:00,2026-10-07T04:30:09.971+00:00,2026-10-07T04:30:29.483+00:00,True,307,307.0,,307.0,43123.166864,62635.390608,62635.390665,204.02407382736155,40.321053,43123.166864,2457.695156586656,132.0610657,63.76543707189543,28.551917005953413,4.9013823817487125,3,14,100-300:300-600,False,True,,1312,99.94996664442962
201,2026-10-07T04:29:30.541+00:00,2026-10-07T04:30:13.159+00:00,2026-10-07T04:30:40.145+00:00,True,432,432.0,,432.0,42617.79416,69604.116336,69604.116343,161.12063968287038,39.099855000000005,42617.79416,2047.6198797289808,128.50977924999998,62.61327651044083,27.390777258956682,6.206529480449203,3,14,100-300:300-600,False,True,,1624,99.94996664442962
202,2026-10-07T04:29:34.151+00:00,2026-10-07T04:30:16.068+00:00,2026-10-07T04:30:42.255+00:00,True,428,428.0,,428.0,41916.508877,68104.217293,68104.217317,159.12200307710282,38.632940000000005,41916.508877,2023.3138346273108,127.40457705,61.329527906323186,26.055283292902097,6.2844859982553745,3,14,100-300:300-600,False,True,,1715,99.94996664442962
203,2026-10-07T04:29:38.737+00:00,2026-10-07T04:30:21.472+00:00,2026-10-07T04:30:55.923+00:00,True,576,576.0,,576.0,42734.30735,77185.716246,77185.71632200001,134.00297972569444,40.359085,42734.30735,1778.273221688831,126.969653,59.915493732173914,24.866108623427266,7.462520632240037,3,14,100-300:300-600,False,True,,2715,99.94996664442962
204,2026-10-07T04:29:43.745+00:00,2026-10-07T04:30:26.931+00:00,2026-10-07T04:30:48.605+00:00,True,360,360.0,,360.0,43186.282992,64860.359408000004,64860.359424,180.16766506666667,39.654426,43186.282992,2273.0853449994056,128.30558575,60.373471910863515,26.17940351951522,5.550385524931224,3,14,100-300:300-600,False,True,,2292,99.94996664442962
205,2026-10-07T04:29:48.193+00:00,2026-10-07T04:30:30.200+00:00,2026-10-07T04:30:57.300+00:00,True,455,455.0,,455.0,42007.134511,69106.929455,69106.929416,151.88336135384614,40.227470000000004,42007.134511,1966.69213071795,126.97854520000001,59.6911782907489,25.553805589773397,6.5839996594882715,3,14,100-300:300-600,False,True,,2074,99.94996664442962
206,2026-10-07T04:29:51.120+00:00,2026-10-07T04:30:34.646+00:00,2026-10-07T04:32:00.582+00:00,True,1431,1431.0,,1431.0,43525.86131,129461.506238,129461.506393,90.4692567386443,36.502447999999994,43525.86131,1149.2865913208418,124.63923599999998,60.09485659300699,24.7693335367004,11.053478687087667,3,14,1-100:1000-1500,False,True,,4432,99.94996664442962
207,2026-10-07T04:29:55.260+00:00,2026-10-07T04:30:37.404+00:00,2026-10-07T04:31:11.898+00:00,True,569,569.0,,569.0,42143.903755,76638.090251,76638.090166,134.68908640773287,41.132004,42143.903755,1764.4100927794339,129.15443240000002,60.72920157746479,26.02725906875466,7.424506510228123,3,14,100-300:300-600,False,True,,2197,99.94996664442962
208,2026-10-07T04:29:58.509+00:00,2026-10-07T04:30:40.096+00:00,2026-10-07T04:31:12.271+00:00,True,526,526.0,,526.0,41586.625328,73761.40907200001,73761.408992,140.2308155741445,39.512980999999996,41586.625328,1810.7816376272938,131.204871,61.285302369523805,26.30916443909456,7.1311002137521635,3,14,100-300:300-600,False,True,,2411,99.94996664442962
209,2026-10-07T04:30:03.207+00:00,2026-10-07T04:30:45.880+00:00,2026-10-07T04:31:07.256+00:00,True,351,351.0,,351.0,42673.072868,64049.61482,64049.614645,182.4775346011396,41.400458,42673.072868,2274.6075473831156,131.01099549999998,61.07583414857143,25.932503331464144,5.480126632867704,3,14,100-300:300-600,False,True,,1622,99.94996664442962
210,2026-10-07T04:30:07.780+00:00,2026-10-07T04:30:52.513+00:00,2026-10-07T04:31:25.963+00:00,True,537,537.0,,537.0,44733.772419,78183.53369899999,78183.533801,145.59317281378026,39.779308,44733.772419,1927.894926502003,128.39186460000002,62.40627104477612,26.601292244630784,6.868453939002101,3,14,100-300:300-600,False,True,,2416,99.94996664442962
211,2026-10-07T04:30:10.854+00:00,2026-10-07T04:30:56.938+00:00,2026-10-07T04:31:23.697+00:00,True,425,425.0,,425.0,46083.808187,72842.960827,72842.960935,171.3952022,41.737387000000005,46083.808187,2232.497277381765,129.7292644,63.111209056603776,27.221624015484462,5.834469043746906,3,14,100-300:300-600,False,True,,2635,99.94996664442962
212,2026-10-07T04:30:15.337+00:00,2026-10-07T04:31:00.312+00:00,2026-10-07T04:32:12.595+00:00,True,1200,1200.0,,1200.0,44974.82645,117257.81448199999,117257.814463,97.71484538583333,39.633615,44974.82645,1296.8129088834748,125.45250705000001,60.28606174478732,25.052521488093547,10.233859511207328,3,14,1-100:1000-1500,False,True,,2796,99.94996664442962
213,2026-10-07T04:30:19.646+00:00,2026-10-07T04:31:04.195+00:00,2026-10-07T04:32:14.050+00:00,True,1161,1161.0,,1161.0,44549.280819,114404.58347499999,114404.583393,98.53969284496124,40.147518,44549.280819,1305.9207303776207,124.811291,60.220088496551725,25.025697624825707,10.148194807716816,3,14,1-100:1000-1500,False,True,,4628,99.94996664442962
214,2026-10-07T04:30:24.058+00:00,2026-10-07T04:31:08.566+00:00,2026-10-07T04:31:27.838+00:00,True,314,314.0,,314.0,44507.435137,63779.389825000006,63779.389806,203.11907581528664,40.772039,44507.435137,2508.3611813636253,125.08673660000001,61.5717402172524,26.162152403190237,4.923220508405044,3,14,100-300:300-600,False,True,,1425,99.94996664442962
215,2026-10-07T04:30:27.669+00:00,2026-10-07T04:31:11.747+00:00,2026-10-07T04:31:32.501+00:00,True,344,344.0,,344.0,44078.206597000004,64831.852421,64831.852295000004,188.46468690406977,41.196965,44078.206597000004,2373.407616563869,122.2782331,60.50625604664723,25.09320361574298,5.306033795952023,3,14,100-300:300-600,False,True,,1451,99.94996664442962
216,2026-10-07T04:30:31.388+00:00,2026-10-07T04:31:15.053+00:00,2026-10-07T04:32:26.471+00:00,True,1189,1189.0,,1189.0,43664.550185,115083.313449,115083.313424,96.79000287973086,0.013255000000000001,43664.550185,1266.406105997511,124.3805574,60.11680409427609,68.36889563850566,10.331645521545694,3,14,1-100:1000-1500,False,True,,2774,99.94996664442962
217,2026-10-07T04:30:35.523+00:00,2026-10-07T04:31:18.623+00:00,2026-10-07T04:31:41.506+00:00,True,390,390.0,,390.0,43099.541353,65982.64202500001,65982.642115,169.18626183333333,39.382665,43099.541353,2179.5742707141385,120.38636525,58.825451598971725,23.175677642075236,5.910645406593962,3,14,100-300:300-600,False,True,,1734,99.94996664442962
218,2026-10-07T04:30:39.155+00:00,2026-10-07T04:31:21.725+00:00,2026-10-07T04:31:55.300+00:00,True,574,574.0,,574.0,42570.408743,76145.074727,76145.074569,132.65692433623693,41.751243,42570.408743,1774.5584911388048,121.96977385,58.59453051308901,23.06574331036972,7.538241994744113,3,14,100-300:300-600,False,True,,2417,99.94996664442962
219,2026-10-07T04:30:43.531+00:00,2026-10-07T04:31:26.112+00:00,2026-10-07T04:32:25.997+00:00,True,1002,1002.0,,1002.0,42580.835678,102466.027102,102466.026964,102.26150395608782,0.012263,42580.835678,1345.4946832794824,124.64973554999999,59.825366057942055,77.03510458200861,9.778850886865724,3,14,1-100:1000-1500,False,True,,3668,99.94996664442962
220,2026-10-07T04:30:48.845+00:00,2026-10-07T04:31:32.053+00:00,2026-10-07T04:31:51.126+00:00,True,327,327.0,,327.0,43208.139097,62280.385880999995,62280.385819999996,190.45989547400612,39.538688,43208.139097,2386.2886544682046,117.98046359999998,58.50382449079755,22.776976252563404,5.250449164281086,3,14,100-300:300-600,False,True,,1454,99.94996664442962
221,2026-10-07T04:30:54.101+00:00,2026-10-07T04:31:37.226+00:00,2026-10-07T04:33:06.981+00:00,True,1468,1468.0,,1468.0,43125.187118,132879.61835,132879.618148,90.51745105449591,0.013104,43125.187118,1125.7085396485984,129.15294434999998,61.18229804498977,62.71539409071944,11.047593440051447,3,14,1-100:1000-1500,False,True,,5741,99.94996664442962
222,2026-10-07T04:30:59.441+00:00,2026-10-07T04:31:42.112+00:00,2026-10-07T04:32:18.113+00:00,True,596,596.0,,596.0,42671.096804,78671.535844,78671.535795,131.99922113255033,40.89047,42671.096804,1745.5829252546798,127.5779825,60.50493956302521,25.439737566472154,7.575802272143576,3,14,100-300:300-600,False,True,,2500,99.94996664442962
223,2026-10-07T04:31:03.692+00:00,2026-10-07T04:31:46.020+00:00,2026-10-07T04:32:06.660+00:00,True,349,349.0,,349.0,42327.39686,62968.090108000004,62968.090113,180.42432697134672,40.371267,42327.39686,2262.6920814531827,126.61124919999999,59.31233691954023,24.604129770796675,5.5424898452757745,3,14,100-300:300-600,False,True,,1713,99.94996664442962
224,2026-10-07T04:31:08.695+00:00,2026-10-07T04:31:51.322+00:00,2026-10-07T04:33:10.180+00:00,True,1280,1280.0,,1280.0,42626.520709,121484.484229,121484.484365,94.90975341015624,0.012744,42626.520709,1191.6311747120958,132.02159410000002,61.655952713057076,67.4157584083541,10.536324931726933,3,14,1-100:1000-1500,False,True,,3842,99.94996664442962
225,2026-10-07T04:31:13.139+00:00,2026-10-07T04:31:56.543+00:00,2026-10-07T04:32:17.282+00:00,True,340,340.0,,340.0,43403.267041,64142.346720999994,64142.346731,188.65396097352942,42.407242,43403.267041,2350.6981404871126,131.90611190000004,61.17722619469026,25.993336584731075,5.3007103322692295,3,14,100-300:300-600,False,True,,1714,99.94996664442962
226,2026-10-07T04:31:17.274+00:00,2026-10-07T04:32:01.156+00:00,2026-10-07T04:32:34.796+00:00,True,550,550.0,,550.0,43882.044977,77521.798193,77521.798323,140.94872422363636,0.012944,43882.044977,1871.0322800487604,129.8305916,61.274596021857924,96.93937297596722,7.094778666391455,3,14,100-300:300-600,False,True,,2706,99.94996664442962
227,2026-10-07T04:31:20.763+00:00,2026-10-07T04:32:05.277+00:00,2026-10-07T04:33:19.019+00:00,True,1185,1185.0,,1185.0,44513.697937,118256.06056099999,118256.060636,99.79414399662447,0.013275,44513.697937,1293.1703594710345,129.9597448,62.28240086486486,69.59591652831143,10.020628070801848,3,14,1-100:1000-1500,False,True,,4958,99.94996664442962
228,2026-10-07T04:31:24.153+00:00,2026-10-07T04:32:09.599+00:00,2026-10-07T04:32:30.205+00:00,True,338,338.0,,338.0,45445.801740999996,66051.67463699999,66051.674864,195.41915640236684,0.013516,45445.801740999996,2471.764233358489,121.37513830000002,61.14502343026707,125.21801977149771,5.117205609964405,3,14,100-300:300-600,False,True,,1580,99.94996664442962
229,2026-10-07T04:31:29.076+00:00,2026-10-07T04:32:14.289+00:00,2026-10-07T04:32:44.505+00:00,True,490,490.0,,490.0,45212.839918,75428.979694,75428.979681,153.9366932265306,0.012864,45212.839918,2042.3946345066993,132.86556919999998,61.791696883435584,104.66647744283722,6.496176959940731,3,14,100-300:300-600,False,True,,2228,99.94996664442962
230,2026-10-07T04:31:33.480+00:00,2026-10-07T04:32:18.722+00:00,2026-10-07T04:32:47.222+00:00,True,462,462.0,,462.0,45242.388001,73741.73340900001,73741.733468,159.6141417056277,0.013014,45242.388001,2104.7009652953125,131.65213905000002,61.82070587418655,106.90200630305274,6.265109031782185,3,14,100-300:300-600,False,True,,1553,99.94996664442962
231,2026-10-07T04:31:36.747+00:00,2026-10-07T04:32:24.252+00:00,2026-10-07T04:32:49.686+00:00,True,422,422.0,,422.0,47505.470474,72939.361034,72939.361018,172.84208772037914,0.014316,47505.470474,2309.7504874369497,131.35101265,60.41304171021378,27.322892062229496,5.7856278697490735,3,14,100-300:300-600,False,True,,1906,99.94996664442962
232,2026-10-07T04:31:40.056+00:00,2026-10-07T04:32:26.580+00:00,2026-10-07T04:33:34.693+00:00,True,1110,1110.0,,1110.0,46523.939432,114637.449576,114637.449595,103.27698161711712,37.582617,46523.939432,1394.8144665631783,127.397586,61.41885495401262,25.960224565234963,9.682699712052777,3,14,1-100:1000-1500,False,True,,1327,99.94996664442962
233,2026-10-07T04:31:44.807+00:00,2026-10-07T04:32:33.577+00:00,2026-10-07T04:34:01.071+00:00,True,1427,1427.0,,1427.0,48770.299716,136264.171844,136264.17168200001,95.48995913244569,40.99067899999999,48770.299716,1289.693050939365,127.4000934,61.35615156241234,26.20945165290866,10.472305233936911,3,14,1-100:1000-1500,False,True,,3995,99.94996664442962
234,2026-10-07T04:31:48.572+00:00,2026-10-07T04:32:37.527+00:00,2026-10-07T04:33:52.707+00:00,True,1226,1226.0,,1226.0,48955.708257,124134.967137,124134.967205,101.25201240212071,42.590801,48955.708257,1396.654705043682,127.6506925,61.3708235755102,26.088690303058904,9.87634691719812,3,14,1-100:1000-1500,False,True,,4274,99.94996664442962
235,2026-10-07T04:31:53.646+00:00,2026-10-07T04:32:43.072+00:00,2026-10-07T04:33:12.748+00:00,True,473,473.0,,473.0,49425.21361599999,79101.326512,79101.32642699999,167.23324826004227,42.058752999999996,49425.21361599999,2269.8491282132095,131.34457759999998,62.87312054237288,27.504545256221974,5.979672160469319,3,14,100-300:300-600,False,True,,2186,99.94996664442962
236,2026-10-07T04:31:57.033+00:00,2026-10-07T04:32:46.761+00:00,2026-10-07T04:33:12.745+00:00,True,416,416.0,,416.0,49728.534666,75711.905162,75711.905199,181.99977211298076,38.693774,49728.534666,2435.222002143981,129.7580945,62.610531315662655,27.036824829896883,5.494512377015068,3,14,100-300:300-600,False,True,,1995,99.94996664442962
237,2026-10-07T04:32:00.798+00:00,2026-10-07T04:32:50.128+00:00,2026-10-07T04:34:05.570+00:00,True,1238,1238.0,,1238.0,49330.154325999996,124772.07407,124772.074007,100.78519709773829,39.955591,49330.154325999996,1400.5178571956997,126.6488833,60.987809008892484,25.819837899601293,9.922092016403074,3,14,1-100:1000-1500,False,True,,1624,99.94996664442962
238,2026-10-07T04:32:05.086+00:00,2026-10-07T04:32:53.420+00:00,2026-10-07T04:33:21.079+00:00,True,452,452.0,,452.0,48333.374277999996,75993.282886,75993.28295899999,168.12673221017698,42.084238,48333.374277999996,2270.671544719233,127.2170343,61.330174297117516,25.74077244635399,5.947894114247702,3,14,100-300:300-600,False,True,,2481,99.94996664442962
239,2026-10-07T04:32:10.183+00:00,2026-10-07T04:33:00.800+00:00,2026-10-07T04:33:27.192+00:00,True,430,430.0,,430.0,50617.401762,77009.41840200001,77009.418548,179.09167104186048,39.284052,50617.401762,2438.158264954977,126.51980595,61.519852307692304,25.890550593320974,5.583732599502823,3,14,100-300:300-600,False,True,,2318,99.94996664442962
240,2026-10-07T04:32:15.244+00:00,2026-10-07T04:33:08.150+00:00,2026-10-07T04:33:39.110+00:00,True,508,508.0,,508.0,52905.233621,83865.97115699999,83865.971018,165.09049412992127,42.279896,52905.233621,2344.72245759642,126.56887295,61.06654346351085,25.800641118546434,6.057283937593788,3,14,100-300:300-600,False,True,,2486,99.94996664442962
241,2026-10-07T04:32:20.215+00:00,2026-10-07T04:33:10.337+00:00,2026-10-07T04:33:30.441+00:00,True,335,335.0,,335.0,50122.1751,70225.727612,70225.727559,209.62903748955225,43.447534,50122.1751,2735.292739302769,124.88982389999997,60.190276982035925,25.045540826466482,4.770331492339796,3,14,100-300:300-600,False,True,,1666,99.94996664442962
242,2026-10-07T04:32:24.258+00:00,2026-10-07T04:33:12.644+00:00,2026-10-07T04:33:32.284+00:00,True,332,332.0,,332.0,48386.528007,68026.166535,68026.166468,204.89809177108435,43.775476000000005,48386.528007,2652.4085635818656,124.697997,59.33425537160121,24.108287740184075,4.880474924736254,3,14,100-300:300-600,False,True,,1758,99.94996664442962
243,2026-10-07T04:32:28.583+00:00,2026-10-07T04:33:17.740+00:00,2026-10-07T04:33:37.466+00:00,True,335,335.0,,335.0,49157.187461,68882.562693,68882.562666,205.6195900477612,42.715051,49157.187461,2682.6182107726636,120.08394349999999,59.05800967664671,23.294626434586995,4.863349836344626,3,14,100-300:300-600,False,True,,1624,99.94996664442962
244,2026-10-07T04:32:33.837+00:00,2026-10-07T04:33:22.131+00:00,2026-10-07T04:34:44.055+00:00,True,1361,1361.0,,1361.0,48293.986232,130218.56632800002,130218.56633,95.6785939235856,29.611477999999998,48293.986232,1307.6820732271842,125.04310000000001,60.23866183529412,25.142221313169316,10.451658610430835,3,14,1-100:1000-1500,False,True,,1361,99.94996664442962
245,2026-10-07T04:32:38.830+00:00,2026-10-07T04:33:27.964+00:00,2026-10-07T04:33:55.713+00:00,True,463,463.0,,463.0,49134.207028,76882.99218,76882.992392,166.05397924838013,42.124335,49134.207028,2280.8065624095307,126.6179795,60.06230552380952,25.0843335480873,6.022138146184726,3,14,100-300:300-600,False,True,,2388,99.94996664442962
246,2026-10-07T04:32:42.438+00:00,2026-10-07T04:33:32.280+00:00,2026-10-07T04:34:08.594+00:00,True,598,598.0,,598.0,49842.491104999994,86156.364513,86156.364462,144.07418806354514,37.917483,49842.491104999994,2035.8904319874366,127.1755353,60.827258639865995,26.083125674422256,6.940868540359182,3,14,100-300:300-600,False,True,,2394,99.94996664442962
247,2026-10-07T04:32:46.587+00:00,2026-10-07T04:33:36.489+00:00,2026-10-07T04:34:00.680+00:00,True,397,397.0,,397.0,49901.39468,74093.21343199999,74093.213397,186.63277933753147,41.48075,49901.39468,2501.5589805027694,127.9886792,61.09045139393939,27.04362370291651,5.358115562963833,3,14,100-300:300-600,False,True,,2026,99.94996664442962
248,2026-10-07T04:32:49.700+00:00,2026-10-07T04:33:38.130+00:00,2026-10-07T04:34:56.252+00:00,True,1296,1296.0,,1296.0,48429.843990999994,126551.181079,126551.181101,97.6475162816358,29.496703,48429.843990999994,1343.8364032358759,125.63362925,60.32535682471042,25.335508588852015,10.240915880437083,3,14,1-100:1000-1500,False,True,,3402,99.94996664442962
249,2026-10-07T04:32:53.883+00:00,2026-10-07T04:33:41.527+00:00,2026-10-07T04:34:09.482+00:00,True,462,462.0,,462.0,47644.33384399999,75599.503892,75599.503969,163.63528997619045,41.619029000000005,47644.33384399999,2213.947705002136,126.8455094,60.64028209978308,26.134976225284348,6.111151214166754,3,14,100-300:300-600,False,True,,2036,99.94996664442962
250,2026-10-07T04:32:57.850+00:00,2026-10-07T04:33:45.204+00:00,2026-10-07T04:35:11.747+00:00,True,1442,1442.0,,1442.0,47353.476008,133896.62148,133896.621307,92.85479979680998,31.390211,47353.476008,1245.6784217788074,125.68656829999998,60.05769984177654,25.063785965092325,10.769502501714655,3,14,1-100:1000-1500,False,True,,1442,99.94996664442962
251,2026-10-07T04:33:03.101+00:00,2026-10-07T04:33:51.291+00:00,2026-10-07T04:35:02.488+00:00,True,1178,1178.0,,1178.0,48189.447156999995,119386.09227699999,119386.09241299999,101.34642819439728,33.108650999999995,48189.447156999995,1402.5203874544109,126.75027214999999,60.489927884452,26.13938024627197,9.867145975988565,3,14,1-100:1000-1500,False,True,,4608,99.94996664442962
252,2026-10-07T04:33:06.937+00:00,2026-10-07T04:33:54.106+00:00,2026-10-07T04:34:24.412+00:00,True,501,501.0,,501.0,47168.833231,77475.663055,77475.66305599999,154.64204202794411,40.289437,47168.833231,2104.797786348819,126.006015,60.613659648,25.7947491357347,6.466546787012844,3,14,100-300:300-600,False,True,,2234,99.94996664442962
253,2026-10-07T04:33:11.042+00:00,2026-10-07T04:33:58.823+00:00,2026-10-07T04:34:27.203+00:00,True,467,467.0,,467.0,47781.432994999996,76161.86128299999,76161.86134799999,163.08749753319057,42.235513,47781.432994999996,2208.3938854994985,126.0911213,60.90220662660944,25.858742271309946,6.131677878311498,3,14,100-300:300-600,False,True,,1574,99.94996664442962
254,2026-10-07T04:33:15.051+00:00,2026-10-07T04:34:03.286+00:00,2026-10-07T04:34:38.891+00:00,True,587,587.0,,587.0,48235.622836,83839.852468,83839.852539,142.82768745996594,26.023194,48235.622836,1988.5512665856916,124.8534941,60.758071044368606,25.38845276084659,7.001443618046038,3,14,100-300:300-600,False,True,,2460,99.94996664442962
255,2026-10-07T04:33:18.422+00:00,2026-10-07T04:34:05.907+00:00,2026-10-07T04:35:35.848+00:00,True,1474,1474.0,,1474.0,47485.532516,137426.022756,137426.022882,93.23339408548168,26.796112,47485.532516,1235.5221166188005,127.31823635,61.05939595383571,26.085571818261375,10.72577063964871,3,14,1-100:1000-1500,False,True,,6189,99.94996664442962
256,2026-10-07T04:33:21.823+00:00,2026-10-07T04:34:08.734+00:00,2026-10-07T04:35:34.691+00:00,True,1414,1414.0,,1414.0,46910.54781800001,132867.809386,132867.809421,93.96591896817539,27.605729,46910.54781800001,1246.1642365380033,126.4126842,60.83316459164897,25.80093686803965,10.642156339705485,3,14,1-100:1000-1500,False,True,,5109,99.94996664442962
257,2026-10-07T04:33:27.147+00:00,2026-10-07T04:34:14.810+00:00,2026-10-07T04:34:35.499+00:00,True,347,347.0,,347.0,47662.231499,68351.874763,68351.874789,196.97946625072046,32.013549,47662.231499,2555.550057271755,123.92230259999998,59.79665683236994,24.537553261929872,5.076671286678985,3,14,100-300:300-600,False,True,,1594,99.94996664442962
258,2026-10-07T04:33:31.412+00:00,2026-10-07T04:34:18.024+00:00,2026-10-07T04:34:49.373+00:00,True,522,522.0,,522.0,46612.009509999996,77961.47920599999,77961.47938599999,149.35149307662834,30.678337,46612.009509999996,2037.672483607982,122.04371150000001,60.171726863723606,25.067156431543484,6.695614363866846,3,14,100-300:300-600,False,True,,1914,99.94996664442962
259,2026-10-07T04:33:35.366+00:00,2026-10-07T04:34:21.201+00:00,2026-10-07T04:35:33.602+00:00,True,1191,1191.0,,1191.0,45834.417886,118235.311582,118235.31169100001,99.27398126868178,28.144418,45834.417886,1326.602169087141,126.5851945,60.8410871394958,25.745779879575664,10.073132840471294,3,14,1-100:1000-1500,False,True,,4982,99.94996664442962
260,2026-10-07T04:33:39.965+00:00,2026-10-07T04:34:25.999+00:00,2026-10-07T04:34:47.623+00:00,True,358,358.0,,358.0,46033.637137000005,67657.44257700001,67657.44251200001,188.9872695865922,28.535842,46033.637137000005,2429.8818859562643,123.73529225,60.570883585434174,25.153961012277744,5.291361694503381,3,14,100-300:300-600,False,True,,1141,99.94996664442962
261,2026-10-07T04:33:43.457+00:00,2026-10-07T04:34:29.068+00:00,2026-10-07T04:34:50.110+00:00,True,351,351.0,,351.0,45611.13461,66653.243026,66653.243017,189.89527925071226,29.825038,45611.13461,2431.4581575151983,123.06374049999998,60.12030976,24.678320614607728,5.26606034552711,3,14,100-300:300-600,False,True,,1525,99.94996664442962
262,2026-10-07T04:33:48.622+00:00,2026-10-07T04:34:35.204+00:00,2026-10-07T04:35:03.481+00:00,True,465,465.0,,465.0,46581.769996,74858.964492,74858.964481,160.9870203892473,36.208029,46581.769996,2157.51086991947,126.2795694,60.94222951724138,26.23263175783481,6.211680900951996,3,14,100-300:300-600,False,True,,1954,99.94996664442962
263,2026-10-07T04:33:52.923+00:00,2026-10-07T04:34:37.785+00:00,2026-10-07T04:35:08.552+00:00,True,511,511.0,,511.0,44861.989733,75628.991845,75628.99179100001,148.00194088258317,37.232018,44861.989733,1982.072794681097,125.86694800000001,60.327455121568626,25.517333654293722,6.756668144503149,3,14,100-300:300-600,False,True,,2431,99.94996664442962
264,2026-10-07T04:33:56.314+00:00,2026-10-07T04:34:40.550+00:00,2026-10-07T04:35:45.189+00:00,True,1060,1060.0,,1060.0,44235.750369999994,108875.03638599999,108875.03650199999,102.71229858679244,38.884204,44235.750369999994,1357.067773753263,128.29295259999998,61.03804156373938,26.177838214008606,9.73593245233857,3,14,1-100:1000-1500,False,True,,4470,99.94996664442962
265,2026-10-07T04:34:01.247+00:00,2026-10-07T04:34:45.477+00:00,2026-10-07T04:35:06.688+00:00,True,357,357.0,,357.0,44230.155386,65440.819577999995,65440.819489,183.3076176162465,40.288384,44230.155386,2337.8921150009774,125.94374859999999,59.58051739325843,25.381024358409906,5.455310650174328,3,14,100-300:300-600,False,True,,1857,99.94996664442962
266,2026-10-07T04:34:04.715+00:00,2026-10-07T04:34:47.712+00:00,2026-10-07T04:36:04.071+00:00,True,1249,1249.0,,1249.0,42996.336791,119355.462807,119355.462895,95.56081897117694,0.011101000000000001,42996.336791,1217.7842276734225,129.6177276,61.185197128205125,84.15205404562258,10.464539876315976,3,14,1-100:1000-1500,False,True,,1249,99.94996664442962
267,2026-10-07T04:34:07.971+00:00,2026-10-07T04:34:52.210+00:00,2026-10-07T04:35:15.861+00:00,True,396,396.0,,396.0,44239.494324,67890.35026,67890.350303,171.4402785429293,41.791331,44239.494324,2220.2479917324704,127.63833825,59.87558464810126,24.840903357123345,5.832934997145204,3,14,100-300:300-600,False,True,,2082,99.94996664442962
268,2026-10-07T04:34:11.579+00:00,2026-10-07T04:34:56.361+00:00,2026-10-07T04:35:31.057+00:00,True,561,561.0,,561.0,44782.256284,79477.683868,79477.683663,141.67145037967916,43.379648,44782.256284,1888.2858069065708,131.126182,61.95612068571428,27.038972500947775,7.058585161235111,3,14,100-300:300-600,False,True,,2343,99.94996664442962
269,2026-10-07T04:34:16.504+00:00,2026-10-07T04:35:01.404+00:00,2026-10-07T04:35:34.009+00:00,True,526,526.0,,526.0,44899.403211000004,77504.420811,77504.420947,147.34680788403043,43.217124000000005,44899.403211000004,1955.1856466560669,131.51348725,62.10479542857143,27.032692578044383,6.786709641798216,3,14,100-300:300-600,False,True,,2730,99.94996664442962
270,2026-10-07T04:34:21.564+00:00,2026-10-07T04:35:07.199+00:00,2026-10-07T04:35:37.981+00:00,True,489,489.0,,489.0,45635.180413999995,76416.67571,76416.675695,156.2713204396728,43.523206,45635.180413999995,2061.031071504805,131.65967360000002,63.07683462295082,27.962795632340836,6.399126832679124,3,14,100-300:300-600,False,True,,1820,99.94996664442962
271,2026-10-07T04:34:25.455+00:00,2026-10-07T04:35:10.742+00:00,2026-10-07T04:36:26.906+00:00,True,1252,1252.0,,1252.0,45286.454314999995,121450.08183499999,121450.081997,97.00485782507987,0.011221,45286.454314999995,1280.9381619682558,126.22881605,60.882196258992806,84.50001605610709,10.308762094544702,3,14,1-100:1000-1500,False,True,,1883,99.94996664442962
272,2026-10-07T04:34:29.875+00:00,2026-10-07T04:35:16.028+00:00,2026-10-07T04:35:39.632+00:00,True,371,371.0,,371.0,46152.976023999996,69757.18875999999,69757.188842,188.02476776819407,43.949805999999995,46152.976023999996,2393.0007555851716,131.82738750000001,63.795169556756754,28.53783981452144,5.3184482717104276,3,14,100-300:300-600,False,True,,1641,99.94996664442962
273,2026-10-07T04:34:34.603+00:00,2026-10-07T04:35:20.911+00:00,2026-10-07T04:35:51.506+00:00,True,502,502.0,,502.0,46308.126055,76902.519655,76902.51959,153.1922700996016,39.035807999999996,46308.126055,2064.2743810110323,128.47667345,61.06665389221557,26.291611577616273,6.527744503718108,3,14,100-300:300-600,False,True,,2178,99.94996664442962
274,2026-10-07T04:34:38.194+00:00,2026-10-07T04:35:25.508+00:00,2026-10-07T04:35:54.837+00:00,True,480,480.0,,480.0,47314.216357,76643.174053,76643.173937,159.67327903541667,40.954153,47314.216357,2156.9551063508998,128.29928594999998,61.229556776617954,26.398217121465112,6.262788642705119,3,14,100-300:300-600,False,True,,2614,99.94996664442962
275,2026-10-07T04:34:43.082+00:00,2026-10-07T04:35:29.508+00:00,2026-10-07T04:36:04.028+00:00,True,562,562.0,,562.0,46425.873148,80945.70956399999,80945.709681,144.03151188790036,0.011502,46425.873148,1959.4524949354318,126.4955329,61.532685233511586,120.31711521348024,6.9429251164405805,3,14,100-300:300-600,False,True,,1994,99.94996664442962
276,2026-10-07T04:34:47.659+00:00,2026-10-07T04:35:32.448+00:00,2026-10-07T04:36:53.246+00:00,True,1343,1343.0,,1343.0,44788.825876999996,125586.97755699999,125586.97752,93.51226918838421,0.011330999999999999,44788.825876999996,1223.2148615256137,123.3713024,60.207266527570795,81.0723859650486,10.69378391075981,3,14,1-100:1000-1500,False,True,,4799,99.94996664442962
277,2026-10-07T04:34:52.499+00:00,2026-10-07T04:35:36.462+00:00,2026-10-07T04:36:02.761+00:00,True,436,436.0,,436.0,43963.348623000005,70262.227087,70262.226933,161.15189663532112,0.011111000000000001,43963.348623000005,2106.751509592868,125.47070550000001,60.45719187126437,132.86760839250147,6.205325650439981,3,14,100-300:300-600,False,True,,2042,99.94996664442962
278,2026-10-07T04:34:56.029+00:00,2026-10-07T04:35:39.872+00:00,2026-10-07T04:36:04.806+00:00,True,413,413.0,,413.0,43843.373066,68777.441802,68777.44184,166.53133617433414,0.011241,43843.373066,2159.1581398901,125.04094219999999,60.51958431067961,143.23642601717958,6.004875860154343,3,14,100-300:300-600,False,True,,1840,99.94996664442962
279,2026-10-07T04:34:59.410+00:00,2026-10-07T04:35:43.194+00:00,2026-10-07T04:36:02.731+00:00,True,323,323.0,,323.0,43783.580293,63320.376965,63320.376862,196.03831845820434,0.013365,43783.580293,2437.9339655943822,125.2049154,60.67328159006211,158.26204345223957,5.101043542089721,3,14,100-300:300-600,False,True,,1474,99.94996664442962
280,2026-10-07T04:35:04.096+00:00,2026-10-07T04:35:50.176+00:00,2026-10-07T04:36:25.550+00:00,True,589,589.0,,589.0,46079.72028,81454.074456,81454.074466,138.29214680135823,0.011000999999999999,46079.72028,1899.886034441681,124.2911788,60.160466285714286,118.34364747892741,7.231068598270882,3,14,100-300:300-600,False,True,,2304,99.94996664442962
281,2026-10-07T04:35:07.318+00:00,2026-10-07T04:35:53.060+00:00,2026-10-07T04:36:19.327+00:00,True,444,444.0,,444.0,45741.717694,72008.955838,72008.955709,162.18233267792792,0.011321,45741.717694,2171.963848564375,122.0070756,59.29399129571106,131.44253825291767,6.165899711125874,3,14,100-300:300-600,False,True,,2400,99.94996664442962
282,2026-10-07T04:35:11.672+00:00,2026-10-07T04:35:57.547+00:00,2026-10-07T04:36:28.127+00:00,True,507,507.0,,507.0,45874.761314999996,76454.923363,76454.92328999999,150.7986652662722,0.011392,45874.761314999996,2038.4962373727346,121.81411259999999,60.43510286166008,124.70730978095565,6.631358422698522,3,14,100-300:300-600,False,True,,2546,99.94996664442962
284,2026-10-07T04:35:19.243+00:00,2026-10-07T04:36:02.765+00:00,2026-10-07T04:36:22.309+00:00,True,344,344.0,,344.0,43522.399423,63066.244031,63066.244161,183.33210511918605,0.011461,43522.399423,2343.625163648644,120.74598705,56.979138798833816,24.410569429757945,5.454582007942442,3,14,100-300:300-600,False,True,,1513,99.94996664442962
283,2026-10-07T04:35:15.924+00:00,2026-10-07T04:36:02.790+00:00,2026-10-07T04:36:29.852+00:00,True,484,484.0,,484.0,46865.492062,73927.919454,73927.919479,152.74363528719007,0.011201000000000001,46865.492062,2127.8927586052564,123.77050274999999,56.029870376811594,28.459619769924053,6.546917640515478,3,14,100-300:300-600,False,True,,1734,99.94996664442962
285,2026-10-07T04:35:22.651+00:00,2026-10-07T04:36:06.578+00:00,2026-10-07T04:36:41.124+00:00,True,582,582.0,,582.0,43927.764121,78473.243545,78473.24348,134.8337516838488,27.096595,43927.764121,1818.5621433481526,123.55743715,59.45865649569707,24.32245744504425,7.416540641221943,3,14,100-300:300-600,False,True,,2860,99.94996664442962
286,2026-10-07T04:35:27.930+00:00,2026-10-07T04:36:12.495+00:00,2026-10-07T04:36:48.427+00:00,True,594,594.0,,594.0,44564.703173,80496.476613,80496.476827,135.51595425420876,33.101307,44564.703173,1826.1990171048897,124.45427670000001,60.59320984822934,25.176955400260724,7.379204966395638,3,14,100-300:300-600,False,True,,2775,99.94996664442962
287,2026-10-07T04:35:31.280+00:00,2026-10-07T04:36:16.182+00:00,2026-10-07T04:36:45.712+00:00,True,487,487.0,,487.0,44902.179182,74432.529774,74432.529672,152.838869963039,29.910598,44902.179182,2032.116917995373,124.88539940000001,60.76203825514403,25.3942124272004,6.542838211715785,3,14,100-300:300-600,False,True,,1947,99.94996664442962
288,2026-10-07T04:35:36.075+00:00,2026-10-07T04:36:21.396+00:00,2026-10-07T04:36:46.160+00:00,True,407,407.0,,407.0,45321.189012999996,70085.18056499999,70085.18059599999,172.1994609238329,28.204682000000002,45321.189012999996,2243.60443939329,124.14721650000001,60.99505308374384,25.087168521698633,5.8072191113573695,3,14,100-300:300-600,False,True,,1861,99.94996664442962
289,2026-10-07T04:35:40.380+00:00,2026-10-07T04:36:24.450+00:00,2026-10-07T04:37:44.820+00:00,True,1321,1321.0,,1321.0,44069.742396,124439.75046,124439.750669,94.20117385995458,31.61421,44069.742396,1211.115051948829,126.48924600000001,60.886369745454544,25.568604962573115,10.615578985949696,3,14,1-100:1000-1500,False,True,,5058,99.94996664442962
290,2026-10-07T04:35:45.357+00:00,2026-10-07T04:36:28.542+00:00,2026-10-07T04:37:45.945+00:00,True,1274,1274.0,,1274.0,43184.721704999996,120587.814441,120587.814476,94.65291560125588,27.740472,43184.721704999996,1208.4527860382334,126.07231244999998,60.80368635978005,25.441278474868646,10.564914920349022,3,14,1-100:1000-1500,False,True,,1529,99.94996664442962
291,2026-10-07T04:35:48.492+00:00,2026-10-07T04:36:30.922+00:00,2026-10-07T04:36:52.695+00:00,True,367,367.0,,367.0,42430.421461000005,64203.13416500001,64203.134247,174.94042029155315,26.614831,42430.421461000005,2211.8794228827387,124.2025621,59.48828607650273,24.44504315155936,5.716231844022158,3,14,100-300:300-600,False,True,,1809,99.94996664442962
292,2026-10-07T04:35:52.311+00:00,2026-10-07T04:36:35.885+00:00,2026-10-07T04:37:10.721+00:00,True,582,582.0,,582.0,43573.533794,78409.505378,78409.505407,134.72423609450172,34.512771,43573.533794,1803.8642978903806,124.26292045000002,59.95864300172117,24.68202414566604,7.422569460096307,3,14,100-300:300-600,False,True,,2552,99.94996664442962
293,2026-10-07T04:35:56.281+00:00,2026-10-07T04:36:41.302+00:00,2026-10-07T04:37:05.667+00:00,True,404,404.0,,404.0,45020.991104,69386.458752,69386.458659,171.74866004702972,41.336519,45020.991104,2237.0044047085867,123.90446225000001,60.46021748883375,24.550617620319432,5.822461720434104,3,14,100-300:300-600,False,True,,1322,99.94996664442962
294,2026-10-07T04:36:02.772+00:00,2026-10-07T04:36:45.861+00:00,2026-10-07T04:38:14.366+00:00,True,1449,1449.0,,1449.0,43088.54353,131594.246442,131594.246514,90.81728537888199,20.929439,43088.54353,1130.6340547301286,127.04561279999999,61.12272300552486,25.56145864522484,11.011119704527848,3,14,1-100:1000-1500,False,True,,1449,99.94996664442962
295,2026-10-07T04:36:03.073+00:00,2026-10-07T04:36:47.371+00:00,2026-10-07T04:37:17.865+00:00,True,515,515.0,,515.0,44297.622752999996,74792.091361,74792.09148799999,145.22736211262136,37.861737999999995,44297.622752999996,1949.522535135902,122.87198860000001,59.32775993774319,24.23485354710585,6.885754772041906,3,14,100-300:300-600,False,True,,2000,99.94996664442962
296,2026-10-07T04:36:06.870+00:00,2026-10-07T04:36:51.022+00:00,2026-10-07T04:37:20.271+00:00,True,494,494.0,,494.0,44151.32196,73400.408168,73400.40813,148.5838221255061,38.819252999999996,44151.32196,1983.9426117874127,123.99808175000003,59.32877526977688,24.424908116142362,6.7302078057839285,3,14,100-300:300-600,False,True,,2440,99.94996664442962
297,2026-10-07T04:36:10.610+00:00,2026-10-07T04:36:53.956+00:00,2026-10-07T04:38:09.111+00:00,True,1239,1239.0,,1239.0,43346.131976000004,118501.470216,118501.470096,95.64283300726393,25.051904,43346.131976000004,1229.980420258537,127.2209362,60.70705835218094,25.347547684585564,10.45556648150945,3,14,1-100:1000-1500,False,True,,3793,99.94996664442962
298,2026-10-07T04:36:14.767+00:00,2026-10-07T04:36:58.239+00:00,2026-10-07T04:37:22.506+00:00,True,407,407.0,,407.0,43472.453719,67738.987863,67738.987688,166.43485918427518,42.376887,43472.453719,2152.031142430767,124.89141509999999,59.7697885320197,24.951024700182344,6.0083566767065495,3,14,100-300:300-600,False,True,,2102,99.94996664442962
299,2026-10-07T04:36:19.728+00:00,2026-10-07T04:37:02.357+00:00,2026-10-07T04:37:32.353+00:00,True,508,508.0,,508.0,42628.58818,72625.07227599999,72625.072155,142.96274046259842,41.409394999999996,42628.58818,1888.8672237868223,124.64216645,59.1646629112426,24.180133524726475,6.994829527596573,3,14,100-300:300-600,False,True,,2324,99.94996664442962
300,2026-10-07T04:36:22.819+00:00,2026-10-07T04:37:05.616+00:00,2026-10-07T04:37:30.408+00:00,True,421,421.0,,421.0,42796.821941,67589.092277,67589.092151,160.54416187885985,39.166372,42796.821941,2083.050171250972,125.671211,59.02921508571429,23.97116537104781,6.228815712964719,3,14,100-300:300-600,False,True,,2086,99.94996664442962
301,2026-10-07T04:36:27.998+00:00,2026-10-07T04:37:10.870+00:00,2026-10-07T04:37:29.545+00:00,True,317,317.0,,317.0,42871.529472999995,61547.242497,61547.242311999995,194.15533852365928,43.766861,42871.529472999995,2404.707282917668,127.4847686,59.100357670886076,24.231282468079943,5.150515070036672,3,14,100-300:300-600,False,True,,1328,99.94996664442962
302,2026-10-07T04:36:33.277+00:00,2026-10-07T04:37:17.614+00:00,2026-10-07T04:37:52.711+00:00,True,573,573.0,,573.0,44336.949068,79433.492044,79433.491897,138.6273855095986,19.77761,44336.949068,1849.825548255501,130.4820496,61.35759261538462,26.267282289990384,7.213581894178873,3,14,100-300:300-600,False,True,,2271,99.94996664442962
303,2026-10-07T04:36:38.094+00:00,2026-10-07T04:37:21.405+00:00,2026-10-07T04:37:46.655+00:00,True,404,404.0,,404.0,43311.092179,68561.332691,68561.332733,169.7062691410891,21.710493,43311.092179,2151.8594059162638,131.05717855,62.65568365260546,27.02353646445331,5.89253423384859,3,14,100-300:300-600,False,True,,1717,99.94996664442962
304,2026-10-07T04:36:42.661+00:00,2026-10-07T04:37:28.831+00:00,2026-10-07T04:38:00.217+00:00,True,503,503.0,,503.0,46170.561683,77556.351891,77556.351947,154.18757842345926,21.806523000000002,46170.561683,2056.027597387153,130.23694289999997,62.52149443824701,26.59720329957137,6.48560675864346,3,14,100-300:300-600,False,True,,2457,99.94996664442962
305,2026-10-07T04:36:46.291+00:00,2026-10-07T04:37:32.809+00:00,2026-10-07T04:38:05.791+00:00,True,536,536.0,,536.0,46518.613869999994,79500.319854,79500.319947,148.3214924384328,27.882929,46518.613869999994,2006.8043020892435,131.111384,61.6480485682243,26.068484271921445,6.742111239103796,3,14,100-300:300-600,False,True,,2213,99.94996664442962
306,2026-10-07T04:36:49.479+00:00,2026-10-07T04:37:35.031+00:00,2026-10-07T04:39:00.470+00:00,True,1384,1384.0,,1384.0,45551.860243,130991.438867,130991.438825,94.64699337066475,24.563698,45551.860243,1223.0649222150212,130.18584915,61.77843718293565,26.362765672947937,10.56557597939833,3,14,1-100:1000-1500,False,True,,6191,99.94996664442962
307,2026-10-07T04:36:54.577+00:00,2026-10-07T04:37:39.644+00:00,2026-10-07T04:38:16.005+00:00,True,586,586.0,,586.0,45066.791717,81427.771941,81427.771834,138.95524203754266,23.885797999999998,45066.791717,1859.3159116424479,130.95291825,62.15552175042735,26.709532592802592,7.196561885846479,3,14,100-300:300-600,False,True,,2773,99.94996664442962
308,2026-10-07T04:36:59.077+00:00,2026-10-07T04:37:43.457+00:00,2026-10-07T04:38:16.005+00:00,True,530,530.0,,530.0,44380.554693000005,76928.814277,76928.814388,145.14870639245285,26.274635,44380.554693000005,1925.2658673515773,129.41033775,61.52790091493384,25.635779901968068,6.889486143535403,3,14,100-300:300-600,False,True,,2231,99.94996664442962
309,2026-10-07T04:37:03.657+00:00,2026-10-07T04:37:49.634+00:00,2026-10-07T04:38:23.707+00:00,True,556,556.0,,556.0,45977.685366,80050.77336600001,80050.773419,143.9762111852518,42.000994,45977.685366,1947.45262774152,127.80723600000002,61.39295135135135,25.608913944871638,6.945591861529098,3,14,100-300:300-600,False,True,,2358,99.94996664442962
310,2026-10-07T04:37:07.466+00:00,2026-10-07T04:37:57.119+00:00,2026-10-07T04:38:23.986+00:00,True,432,432.0,,432.0,49652.920504,76519.89676,76519.896927,177.12939103472223,43.526682,49652.920504,2386.0708835204514,126.25014354999999,62.33637182366589,26.134038961955206,5.645590471128596,3,14,100-300:300-600,False,True,,1926,99.94996664442962
311,2026-10-07T04:37:10.919+00:00,2026-10-07T04:37:59.812+00:00,2026-10-07T04:38:20.218+00:00,True,326,326.0,,326.0,48893.445164,69299.38103599999,69299.380998,212.5747883374233,42.099529000000004,48893.445164,2704.609607380785,127.45573275000001,62.78749499076923,26.518712111183593,4.704226720735758,3,14,100-300:300-600,False,True,,1427,99.94996664442962
312,2026-10-07T04:37:14.449+00:00,2026-10-07T04:38:05.160+00:00,2026-10-07T04:39:17.106+00:00,True,1165,1165.0,,1165.0,50711.261590999995,122657.14114299999,122657.14115499999,105.28509970386266,25.641309,50711.261590999995,1484.1583211546745,128.30015160000002,61.80917487285224,26.35779871906349,9.498020165346778,3,14,1-100:1000-1500,False,True,,1750,99.94996664442962
313,2026-10-07T04:37:17.979+00:00,2026-10-07T04:38:08.857+00:00,2026-10-07T04:38:36.883+00:00,True,453,453.0,,453.0,50878.549166000004,78904.04292600001,78904.04293200001,174.18111022516558,42.786566,50878.549166000004,2387.717726762638,129.9151162,62.003304778761056,26.625500204076307,5.741150683810273,3,14,100-300:300-600,False,True,,1989,99.94996664442962
314,2026-10-07T04:37:20.920+00:00,2026-10-07T04:38:10.565+00:00,2026-10-07T04:38:30.694+00:00,True,334,334.0,,334.0,49645.471764,69773.94562,69773.945526,208.9040285209581,43.587506000000005,49645.471764,2713.2861158838764,125.7754294,60.44586743543544,24.9326545499413,4.786887097069401,3,14,100-300:300-600,False,True,,1727,99.94996664442962
315,2026-10-07T04:37:24.498+00:00,2026-10-07T04:38:14.462+00:00,2026-10-07T04:39:16.742+00:00,True,1019,1019.0,,1019.0,49964.746395999995,112244.70671599999,112244.70668799999,110.1518220686948,26.265498,49964.746395999995,1563.5215347148257,128.1874303,61.17874294695482,25.862679529123362,9.078379104132365,3,14,1-100:1000-1500,False,True,,3000,99.94996664442962
316,2026-10-07T04:37:28.905+00:00,2026-10-07T04:38:17.648+00:00,2026-10-07T04:38:42.615+00:00,True,409,409.0,,409.0,48743.547887999994,73710.46244799999,73710.462496,180.2211796968215,29.606609,48743.547887999994,2407.339604764368,131.61067219999998,61.193418039215686,27.09414218052666,5.548737403303289,3,14,100-300:300-600,False,True,,1950,99.94996664442962
317,2026-10-07T04:37:33.520+00:00,2026-10-07T04:38:21.936+00:00,2026-10-07T04:38:45.981+00:00,True,392,392.0,,392.0,48416.567436,72461.787276,72461.787226,184.8514980255102,27.908776999999997,48416.567436,2442.4436263374064,130.28129655,61.49672593350384,26.53178255990736,5.409747878656505,3,14,100-300:300-600,False,True,,786,99.94996664442962
318,2026-10-07T04:37:37.751+00:00,2026-10-07T04:38:29.095+00:00,2026-10-07T04:39:52.269+00:00,True,1363,1363.0,,1363.0,51344.035539,134517.84213099998,134517.842029,98.6924739757887,28.393877,51344.035539,1389.3109715548997,125.3066486,61.067405720998536,25.695923445112516,10.13248486897853,3,14,1-100:1000-1500,False,True,,4796,99.94996664442962
319,2026-10-07T04:37:40.679+00:00,2026-10-07T04:38:31.162+00:00,2026-10-07T04:38:55.244+00:00,True,391,391.0,,391.0,50483.296344999995,74565.41423299999,74565.414433,190.70438473913043,26.713808,50483.296344999995,2550.0718076811445,130.89688750000002,61.749020225641026,27.186967729744726,5.243717935747179,3,14,100-300:300-600,False,True,,1854,99.94996664442962
320,2026-10-07T04:37:43.965+00:00,2026-10-07T04:38:34.618+00:00,2026-10-07T04:39:01.504+00:00,True,434,434.0,,434.0,50653.302063,77538.365743,77538.365785,178.65982899769585,24.992853,50653.302063,2428.607465998581,129.81811989999997,62.09021635103926,27.16551259734652,5.597229137360051,3,14,100-300:300-600,False,True,,2388,99.94996664442962
321,2026-10-07T04:37:47.100+00:00,2026-10-07T04:38:38.015+00:00,2026-10-07T04:39:48.453+00:00,True,1160,1160.0,,1160.0,50914.276223,121352.61785499999,121352.617839,104.61432572327587,25.088612,50914.276223,1493.3232655755219,125.26116755,60.775100631578944,25.235728320698424,9.558920281275213,3,14,1-100:1000-1500,False,True,,4640,99.94996664442962
322,2026-10-07T04:37:52.060+00:00,2026-10-07T04:38:41.553+00:00,2026-10-07T04:39:01.919+00:00,True,333,333.0,,333.0,49492.852887999994,69858.996376,69858.99657399999,209.78677649849848,41.993449999999996,49492.852887999994,2708.9562083450055,130.96001059999998,61.34380568674698,26.187289236227315,4.766744689656061,3,14,100-300:300-600,False,True,,871,99.94996664442962
323,2026-10-07T04:37:56.601+00:00,2026-10-07T04:38:48.345+00:00,2026-10-07T04:39:14.459+00:00,True,426,426.0,,426.0,51743.675751999996,77857.78135199999,77857.781362,182.76474498122064,40.513097,51743.675751999996,2504.1487937091338,126.20062100000001,61.44495435294118,26.179683394883657,5.471514761948159,3,14,100-300:300-600,False,True,,1566,99.94996664442962
324,2026-10-07T04:38:01.343+00:00,2026-10-07T04:38:52.402+00:00,2026-10-07T04:39:12.354+00:00,True,332,332.0,,332.0,51058.871423,71011.56953499999,71011.56965199999,213.89027003614456,40.637739,51058.871423,2799.0245785938932,125.54479355,60.28005471903323,25.217658889523996,4.67529449319332,3,14,100-300:300-600,False,True,,1365,99.94996664442962
325,2026-10-07T04:38:06.638+00:00,2026-10-07T04:38:58.732+00:00,2026-10-07T04:39:21.943+00:00,True,380,380.0,,380.0,52094.078546,75305.054034,75305.053844,198.17119432631577,42.925805999999994,52094.078546,2669.3495783640483,125.19406944999999,61.24267938786279,25.493472795217155,5.046142053472682,3,14,100-300:300-600,False,True,,2008,99.94996664442962
326,2026-10-07T04:38:09.872+00:00,2026-10-07T04:39:01.083+00:00,2026-10-07T04:40:19.873+00:00,True,1308,1308.0,,1308.0,51211.44637,130001.26089800001,130001.261116,99.38934336085627,38.520483,51211.44637,1414.5475830518326,123.66224324999999,60.28294914154553,24.653127144858527,10.06144087345635,3,14,1-100:1000-1500,False,True,,2617,99.94996664442962
327,2026-10-07T04:38:13.721+00:00,2026-10-07T04:39:05.413+00:00,2026-10-07T04:39:26.649+00:00,True,350,350.0,,350.0,51691.883175999996,72928.43716,72928.43723699999,208.3669635342857,42.636635000000005,51691.883175999996,2759.9087983143027,123.21014695,60.849724882521485,25.11794025151732,4.799225290295525,3,14,100-300:300-600,False,True,,1543,99.94996664442962
328,2026-10-07T04:38:16.895+00:00,2026-10-07T04:39:07.387+00:00,2026-10-07T04:40:35.932+00:00,True,1466,1466.0,,1466.0,50492.250116999996,139036.62054899998,139036.620523,94.8408052680764,0.011441000000000002,50492.250116999996,1319.8592508519546,124.9580205,60.43984329829352,84.44241565375891,10.543984701378331,3,14,1-100:1000-1500,False,True,,5130,99.94996664442962
329,2026-10-07T04:38:20.307+00:00,2026-10-07T04:39:11.360+00:00,2026-10-07T04:39:30.631+00:00,True,319,319.0,,319.0,51053.007332999994,70323.431397,70323.431483,220.4496284733542,38.623135000000005,51053.007332999994,2855.136075156232,122.813731,60.59881781132075,25.02302867197187,4.536183654053158,3,14,100-300:300-600,False,True,,1458,99.94996664442962
330,2026-10-07T04:38:25.586+00:00,2026-10-07T04:39:15.829+00:00,2026-10-07T04:40:31.510+00:00,True,1253,1253.0,,1253.0,50242.5025,125923.206756,125923.20665600001,100.49737163288108,0.011412,50242.5025,1420.5393263237636,123.52167460000001,60.44784684984025,90.3939081870748,9.950508983049678,3,14,1-100:1000-1500,False,True,,1253,99.94996664442962
331,2026-10-07T04:38:28.769+00:00,2026-10-07T04:39:18.782+00:00,2026-10-07T04:39:49.631+00:00,True,515,515.0,,515.0,50012.304301,80861.330605,80861.330471,157.01229217669902,40.341935,50012.304301,2201.29504286673,122.12450079999999,60.01756090272374,24.338774101910477,6.368928091422668,3,14,100-300:300-600,False,True,,2327,99.94996664442962
332,2026-10-07T04:38:33.446+00:00,2026-10-07T04:39:22.330+00:00,2026-10-07T04:39:50.699+00:00,True,475,475.0,,475.0,48883.775125,77253.134229,77253.134151,162.63817716,42.695595000000004,48883.775125,2240.3259334145678,122.6213458,59.850968573839666,24.22067647851254,6.148617848849557,3,14,100-300:300-600,False,True,,1867,99.94996664442962
333,2026-10-07T04:38:37.048+00:00,2026-10-07T04:39:26.178+00:00,2026-10-07T04:40:01.350+00:00,True,592,592.0,,592.0,49130.66442,84302.613732,84302.613668,142.4030636283784,42.667514000000004,49130.66442,2016.9546433457529,122.25154685,59.51260458883249,24.014667089434713,7.022320824855822,3,14,100-300:300-600,False,True,,688,99.94996664442962
334,2026-10-07T04:38:42.130+00:00,2026-10-07T04:39:31.062+00:00,2026-10-07T04:40:47.302+00:00,True,1255,1255.0,,1255.0,48931.681887,125171.519583,125171.519636,99.73826265816733,0.011542,48931.681887,1382.612906063116,125.3895117,60.7973187368421,92.44939731779112,10.026242424642147,3,14,1-100:1000-1500,False,True,,2614,99.94996664442962
335,2026-10-07T04:38:46.826+00:00,2026-10-07T04:39:35.132+00:00,2026-10-07T04:40:11.039+00:00,True,600,600.0,,600.0,48305.818731,84212.909675,84212.90973,140.35484955,39.659425999999996,48305.818731,1969.7765229207241,124.08811295,59.9450600066778,24.082661322939664,7.12479835117394,3,14,100-300:300-600,False,True,,2578,99.94996664442962
336,2026-10-07T04:38:50.674+00:00,2026-10-07T04:39:39.404+00:00,2026-10-07T04:39:57.767+00:00,True,310,310.0,,310.0,48730.063157,67092.364341,67092.36432,216.42698167741935,42.061951,48730.063157,2764.4092260858047,124.5934405,59.42492292556634,23.870629956340302,4.620495984079662,3,14,100-300:300-600,False,True,,949,99.94996664442962
337,2026-10-07T04:38:55.195+00:00,2026-10-07T04:39:44.385+00:00,2026-10-07T04:41:15.363+00:00,True,1486,1486.0,,1486.0,49189.233837,140167.621293,140167.621434,94.3254518398385,0.011021000000000001,49189.233837,1277.3217787496037,128.63032875000002,61.264907377777774,85.78161357421374,10.60159248114608,3,14,1-100:1000-1500,False,True,,1488,99.94996664442962
338,2026-10-07T04:38:58.131+00:00,2026-10-07T04:39:46.790+00:00,2026-10-07T04:41:03.052+00:00,True,1247,1247.0,,1247.0,48658.74504,124920.718032,124920.717969,100.17699917321572,0.011872,48658.74504,1379.2777709023185,129.57343520000003,61.20543578812199,92.15143892347965,9.982331350997882,3,14,1-100:1000-1500,False,True,,3246,99.94996664442962
339,2026-10-07T04:39:01.199+00:00,2026-10-07T04:39:50.329+00:00,2026-10-07T04:40:10.101+00:00,True,329,329.0,,329.0,49130.231729,68901.92094499999,68901.920779,209.42833063525836,41.638137,49130.231729,2705.4260085848964,125.2169974,60.279540292682924,24.651661373845545,4.774903159269242,3,14,100-300:300-600,False,True,,1578,99.94996664442962
340,2026-10-07T04:39:06.252+00:00,2026-10-07T04:39:53.919+00:00,2026-10-07T04:40:17.556+00:00,True,399,399.0,,399.0,47667.079343000005,71304.335535,71304.33549000001,178.70760774436093,39.097566,47667.079343000005,2383.4897372598953,128.15084900000002,59.39009093467337,24.362909405402277,5.595732671881492,3,14,100-300:300-600,False,True,,1040,99.94996664442962
341,2026-10-07T04:39:10.937+00:00,2026-10-07T04:40:02.830+00:00,2026-10-07T04:40:27.358+00:00,True,404,404.0,,404.0,51892.889271,76421.542327,76421.542465,189.1622338242574,0.011250999999999999,51892.889271,2583.4610140146942,126.12723475000001,60.865144059553344,156.31251845405174,5.286467502465799,3,14,100-300:300-600,False,True,,1851,99.94996664442962
342,2026-10-07T04:39:14.792+00:00,2026-10-07T04:40:06.656+00:00,2026-10-07T04:40:33.024+00:00,True,429,429.0,,429.0,51863.548862,78232.356286,78232.356411,182.35980515384617,0.011181,51863.548862,2505.8235762389636,130.2063494,61.609363140186915,155.24505941306927,5.483664564974522,3,14,100-300:300-600,False,True,,1529,99.94996664442962
343,2026-10-07T04:39:19.995+00:00,2026-10-07T04:40:10.348+00:00,2026-10-07T04:40:42.292+00:00,True,530,530.0,,530.0,50352.175686999995,82296.24250299999,82296.24257999999,155.27592939622642,0.011441000000000002,50352.175686999995,2188.7442106146295,127.9974785,60.38575957655954,135.79248143134683,6.440148224029543,3,14,100-300:300-600,False,True,,2444,99.94996664442962
344,2026-10-07T04:39:22.905+00:00,2026-10-07T04:40:14.258+00:00,2026-10-07T04:40:48.879+00:00,True,558,558.0,,558.0,51352.808907,85973.532363,85973.532354,154.0744307419355,0.011332,51352.808907,2175.367012368542,130.05080105,62.155697407540394,132.97183001269877,6.490369590073324,3,14,100-300:300-600,False,True,,2242,99.94996664442962
345,2026-10-07T04:39:26.268+00:00,2026-10-07T04:40:18.409+00:00,2026-10-07T04:40:43.138+00:00,True,405,405.0,,405.0,52141.496078000004,76870.075918,76870.075927,189.80265660987655,0.011441000000000002,52141.496078000004,2592.646647453459,131.28002619999998,61.20935603960396,157.16811826927076,5.268630155016728,3,14,100-300:300-600,False,True,,1831,99.94996664442962
346,2026-10-07T04:39:30.141+00:00,2026-10-07T04:40:24.599+00:00,2026-10-07T04:41:41.894+00:00,True,1270,1270.0,,1270.0,54457.564108000006,131753.144268,131753.144339,103.74263333779528,0.013404999999999999,54457.564108000006,1526.6567131686697,128.50479295000002,60.91062266351458,27.62755576532498,9.639238646302696,3,14,1-100:1000-1500,False,True,,1270,99.94996664442962
347,2026-10-07T04:39:34.960+00:00,2026-10-07T04:40:29.695+00:00,2026-10-07T04:41:06.918+00:00,True,598,598.0,,598.0,54734.705452,91958.090028,91958.090125,153.77607044314382,33.159338000000005,54734.705452,2235.8843665868717,132.13828494999998,62.350727932998325,27.22856192786921,6.502962380122478,3,14,100-300:300-600,False,True,,2640,99.94996664442962
348,2026-10-07T04:39:39.788+00:00,2026-10-07T04:40:34.927+00:00,2026-10-07T04:40:55.023+00:00,True,322,322.0,,322.0,55139.369210000004,75235.272698,75235.272702,233.6499152236025,25.772225,55139.369210000004,3069.4311067801027,132.85665875000004,62.60406071028037,27.519458928656668,4.279907395199218,3,14,100-300:300-600,False,True,,1426,99.94996664442962
349,2026-10-07T04:39:43.662+00:00,2026-10-07T04:40:39.142+00:00,2026-10-07T04:41:06.276+00:00,True,437,437.0,,437.0,55480.159734,82614.493174,82614.493065,189.04918321510297,29.644141,55480.159734,2651.1386077839934,131.34429740000002,62.234709724770646,27.251110571451783,5.2896287710632635,3,14,100-300:300-600,False,True,,1961,99.94996664442962
350,2026-10-07T04:39:47.518+00:00,2026-10-07T04:40:43.300+00:00,2026-10-07T04:41:13.903+00:00,True,493,493.0,,493.0,55781.098184,86384.885704,86384.885832,175.22289215415822,29.058343,55781.098184,2509.5983941950135,131.51611199999996,62.202820162601625,27.05619103234462,5.707016869701918,3,14,100-300:300-600,False,True,,2099,99.94996664442962
351,2026-10-07T04:39:52.793+00:00,2026-10-07T04:40:48.826+00:00,2026-10-07T04:41:14.652+00:00,True,423,423.0,,423.0,56032.98739,81858.90662200001,81858.906692,193.51987397635935,41.154788999999994,56032.98739,2721.5633501977695,129.7082193,61.19886073933649,25.785330687240638,5.167427925140605,3,14,100-300:300-600,False,True,,1653,99.94996664442962
352,2026-10-07T04:39:56.970+00:00,2026-10-07T04:40:52.928+00:00,2026-10-07T04:41:29.252+00:00,True,584,584.0,,584.0,55957.966152,92282.529352,92282.529196,158.01802944520549,42.235336000000004,55957.966152,2313.132032533311,130.35756250000003,62.306283361921096,26.642030953316468,6.3283917779540495,3,14,100-300:300-600,False,True,,2628,99.94996664442962
353,2026-10-07T04:40:00.144+00:00,2026-10-07T04:40:55.868+00:00,2026-10-07T04:42:08.023+00:00,True,1196,1196.0,,1196.0,55724.010923,127879.499691,127879.499819,106.92265871153846,40.16172,55724.010923,1609.7458233334412,125.1942185,60.381162148953976,24.76896970270521,9.352554575908878,3,14,1-100:1000-1500,False,True,,2091,99.94996664442962
354,2026-10-07T04:40:03.749+00:00,2026-10-07T04:41:01.006+00:00,2026-10-07T04:41:24.268+00:00,True,373,373.0,,373.0,57256.932179999996,80518.927188,80518.92730299999,215.86843780965145,44.313012,57256.932179999996,2961.5322536647486,129.863113,62.53224464516129,26.526255114767178,4.63245118913593,3,14,100-300:300-600,False,True,,1472,99.94996664442962
355,2026-10-07T04:40:07.158+00:00,2026-10-07T04:41:03.969+00:00,2026-10-07T04:41:32.975+00:00,True,465,465.0,,465.0,56811.100071999994,85816.84036,85816.84025899999,184.55234464301074,42.324254,56811.100071999994,2631.78536191091,127.48311960000001,62.51237131034483,26.449141351658188,5.418516902385755,3,14,100-300:300-600,False,True,,2601,99.94996664442962
356,2026-10-07T04:40:12.125+00:00,2026-10-07T04:41:09.941+00:00,2026-10-07T04:42:12.178+00:00,True,1029,1029.0,,1029.0,57815.774616999995,120052.81269699999,120052.812826,116.6694002196307,38.072156,57815.774616999995,1800.6410346891023,125.35627980000001,60.54186583657587,25.494371681093106,8.57122775288141,3,14,1-100:1000-1500,False,True,,1543,99.94996664442962
357,2026-10-07T04:40:16.396+00:00,2026-10-07T04:41:15.514+00:00,2026-10-07T04:42:20.472+00:00,True,1080,1080.0,,1080.0,59117.715924000004,124075.188692,124075.188683,114.88443396574074,40.761793,59117.715924000004,1797.2335000860433,124.8177957,60.201550294717336,24.77162796239394,8.704399416074676,3,14,1-100:1000-1500,False,True,,4534,99.94996664442962
358,2026-10-07T04:40:20.266+00:00,2026-10-07T04:41:20.243+00:00,2026-10-07T04:42:26.032+00:00,True,1097,1097.0,,1097.0,59976.465617,125765.05185700001,125765.051831,114.64453220692799,39.602152000000004,59976.465617,1809.1845485855442,124.46808200000001,60.02608233576642,24.621806804084333,8.722613983790454,3,14,1-100:1000-1500,False,True,,4857,99.94996664442962
359,2026-10-07T04:40:24.550+00:00,2026-10-07T04:41:20.808+00:00,2026-10-07T04:41:48.108+00:00,True,455,455.0,,455.0,56258.199617,83558.243905,83558.243883,183.64449205054945,42.054084,56258.199617,2634.7206252636092,121.80429389999999,60.13225614096916,24.599796027511086,5.445303524058067,3,14,100-300:300-600,False,True,,2138,99.94996664442962
360,2026-10-07T04:40:27.618+00:00,2026-10-07T04:41:26.336+00:00,2026-10-07T04:42:39.373+00:00,True,1218,1218.0,,1218.0,58718.378623000004,131755.381887,131755.382042,108.17354847454844,41.780922,58718.378623000004,1680.9421839412462,125.4681647,60.01397145768283,24.59878270921113,9.244404156823117,3,14,1-100:1000-1500,False,True,,4068,99.94996664442962
361,2026-10-07T04:40:31.314+00:00,2026-10-07T04:41:29.152+00:00,2026-10-07T04:42:01.978+00:00,True,557,557.0,,557.0,57838.244794,90663.932346,90663.932259,162.7718712010772,38.855599000000005,57838.244794,2448.2993807504695,123.20551719999999,59.039006388489206,23.839624726388262,6.143567630337559,3,14,100-300:300-600,False,True,,2651,99.94996664442962
362,2026-10-07T04:40:36.433+00:00,2026-10-07T04:41:33.886+00:00,2026-10-07T04:42:07.813+00:00,True,581,581.0,,581.0,57452.652026,91380.192506,91380.192469,157.28088204647162,42.367012,57452.652026,2381.2254647578898,121.677127,58.49575944827586,23.385676435907797,6.35805182793691,3,14,100-300:300-600,False,True,,2729,99.94996664442962
363,2026-10-07T04:40:41.144+00:00,2026-10-07T04:41:37.903+00:00,2026-10-07T04:43:00.109+00:00,True,1366,1366.0,,1366.0,56758.559696000004,138965.164752,138965.164626,101.73145287408492,22.753279,56758.559696000004,1534.26975674928,126.53165800000001,60.224619088644694,24.814562859938064,9.829801608466342,3,14,1-100:1000-1500,False,True,,6373,99.94996664442962
364,2026-10-07T04:40:44.801+00:00,2026-10-07T04:41:41.213+00:00,2026-10-07T04:42:43.781+00:00,True,1049,1049.0,,1049.0,56412.109183,118980.025983,118980.025781,113.42233153574833,40.737676,56412.109183,1740.0749003935387,125.47397240000001,59.702210687022905,24.55831753552259,8.816605907867949,3,14,1-100:1000-1500,False,True,,4912,99.94996664442962
365,2026-10-07T04:40:49.009+00:00,2026-10-07T04:41:47.274+00:00,2026-10-07T04:42:56.412+00:00,True,1144,1144.0,,1144.0,58264.931832999995,127403.597561,127403.597494,111.36678102622378,22.459649000000002,58264.931832999995,1721.035088337406,128.16300335000003,60.488771415573055,25.221319108622147,8.979338275375312,3,14,1-100:1000-1500,False,True,,4136,99.94996664442962
366,2026-10-07T04:40:52.922+00:00,2026-10-07T04:41:52.173+00:00,2026-10-07T04:42:13.234+00:00,True,347,347.0,,347.0,59251.653799,80312.127655,80312.127671,231.44705380691641,43.071349999999995,59251.653799,3177.6268552177226,127.69034290000002,60.868421549132954,25.12061953575144,4.320642599466692,3,14,100-300:300-600,False,True,,1826,99.94996664442962
367,2026-10-07T04:40:57.597+00:00,2026-10-07T04:41:56.159+00:00,2026-10-07T04:42:21.781+00:00,True,429,429.0,,429.0,58561.909761,84184.35712100001,84184.357069,196.23393256177158,40.159836000000006,58561.909761,2824.611397542593,126.35259239999999,59.86553121495327,24.50910433315674,5.095958615962215,3,14,100-300:300-600,False,True,,2191,99.94996664442962
368,2026-10-07T04:41:02.816+00:00,2026-10-07T04:42:01.048+00:00,2026-10-07T04:42:35.160+00:00,True,567,567.0,,567.0,58232.687731,92344.271475,92344.271276,162.8646759717813,42.447834,58232.687731,2443.1369485831533,127.47493920000001,60.26781580212014,24.730098375754473,6.140066849230617,3,14,100-300:300-600,False,True,,2502,99.94996664442962
369,2026-10-07T04:41:06.319+00:00,2026-10-07T04:42:05.710+00:00,2026-10-07T04:43:07.505+00:00,True,1015,1015.0,,1015.0,59390.798774999996,121185.82495099999,121185.824909,119.39490138817733,25.900586999999998,59390.798774999996,1862.4379595870562,129.6162968,60.94184041025641,25.76937502231774,8.375567030305755,3,14,1-100:1000-1500,False,True,,1583,99.94996664442962
370,2026-10-07T04:41:10.576+00:00,2026-10-07T04:42:10.532+00:00,2026-10-07T04:42:31.876+00:00,True,353,353.0,,353.0,59955.847656000005,81299.303912,81299.30402200001,230.30964312181305,43.116276,59955.847656000005,3188.002488794243,127.8865048,60.6348189090909,25.53488035398752,4.341980595333194,3,14,100-300:300-600,False,True,,1477,99.94996664442962
371,2026-10-07T04:41:13.638+00:00,2026-10-07T04:42:13.391+00:00,2026-10-07T04:42:37.176+00:00,True,395,395.0,,395.0,59753.237707,83538.432971,83538.432902,211.48970354936708,40.416998,59753.237707,3003.5800542628003,130.0946764,60.368515898477156,25.248036044903092,4.728362574590339,3,14,100-300:300-600,False,True,,1868,99.94996664442962
372,2026-10-07T04:41:17.411+00:00,2026-10-07T04:42:18.003+00:00,2026-10-07T04:42:44.057+00:00,True,432,432.0,,432.0,60592.536104,86646.154536,86646.154696,200.56980253703702,42.338079,60592.536104,2912.46138328151,129.7622673,60.449230700696056,25.341556082506173,4.985795414850308,3,14,100-300:300-600,False,True,,1970,99.94996664442962
373,2026-10-07T04:41:21.862+00:00,2026-10-07T04:42:22.504+00:00,2026-10-07T04:43:33.981+00:00,True,1151,1151.0,,1151.0,60641.779126,132119.292854,132119.292816,114.78652720764552,25.067276000000003,60641.779126,1785.816522829627,130.5412075,62.15435976347826,26.538823714360174,8.71182380057034,3,14,1-100:1000-1500,False,True,,5178,99.94996664442962
374,2026-10-07T04:41:26.116+00:00,2026-10-07T04:42:26.749+00:00,2026-10-07T04:43:00.381+00:00,True,548,548.0,,548.0,60633.60731,94265.392526,94265.392507,172.01713961131387,24.186125,60633.60731,2587.6427251054133,130.0129575,61.484068036563066,25.94740751178298,5.813374190839467,3,14,100-300:300-600,False,True,,2630,99.94996664442962
375,2026-10-07T04:41:29.976+00:00,2026-10-07T04:42:31.324+00:00,2026-10-07T04:42:54.060+00:00,True,374,374.0,,374.0,61347.455538999995,84084.137523,84084.13745,224.82389692513368,17.905735,61347.455538999995,3169.153030285919,130.06698194999998,60.956251967828415,25.658850776234917,4.447925744587649,3,14,100-300:300-600,False,True,,1786,99.94996664442962
376,2026-10-07T04:41:33.028+00:00,2026-10-07T04:42:34.726+00:00,2026-10-07T04:43:53.721+00:00,True,1279,1279.0,,1279.0,61697.94869,140692.577042,140692.577196,110.00201500860047,25.246272,61697.94869,1723.6631861562878,129.1346197,61.811133295774646,26.749434607186092,9.090742574273758,3,14,1-100:1000-1500,False,True,,1279,99.94996664442962
377,2026-10-07T04:41:38.147+00:00,2026-10-07T04:42:39.474+00:00,2026-10-07T04:43:02.322+00:00,True,370,370.0,,370.0,61326.585757,84175.510429,84175.510314,227.50137922702703,22.599670999999997,61326.585757,3185.1055105798887,127.84428625000001,61.92120507317073,26.17489467219213,4.3955777412491726,3,14,100-300:300-600,False,True,,1722,99.94996664442962
378,2026-10-07T04:41:41.918+00:00,2026-10-07T04:42:43.727+00:00,2026-10-07T04:43:14.572+00:00,True,503,503.0,,503.0,61809.541248999994,92654.36352099999,92654.36356299999,184.20350608946322,20.094497,61809.541248999994,2753.332572985269,129.00902920000001,61.44386906772908,25.83739905631055,5.428778320688542,3,14,100-300:300-600,False,True,,2458,99.94996664442962
379,2026-10-07T04:41:46.517+00:00,2026-10-07T04:42:49.058+00:00,2026-10-07T04:43:21.228+00:00,True,527,527.0,,527.0,62540.726064999995,94710.627633,94710.627824,179.71656133586336,19.327379,62540.726064999995,2721.7721469133808,127.69459430000002,61.159508684410646,25.52683547492869,5.56431747070777,3,14,100-300:300-600,False,True,,1986,99.94996664442962
380,2026-10-07T04:41:51.525+00:00,2026-10-07T04:42:54.617+00:00,2026-10-07T04:43:30.047+00:00,True,572,572.0,,572.0,63091.167955,98521.743571,98521.743576,172.24081044755243,41.987983,63091.167955,2635.5103034459416,129.79211955000002,62.050044861646235,26.24900723642609,5.805824981038692,3,14,100-300:300-600,False,True,,2637,99.94996664442962
381,2026-10-07T04:41:56.124+00:00,2026-10-07T04:42:58.421+00:00,2026-10-07T04:44:02.403+00:00,True,1037,1037.0,,1037.0,62296.367075,126278.49161900001,126278.49146,121.7728943683703,40.434675999999996,62296.367075,1932.7845689325195,128.16411779999999,61.75880747490347,26.52680049250332,8.21200813143045,3,14,1-100:1000-1500,False,True,,1037,99.94996664442962
382,2026-10-07T04:42:00.201+00:00,2026-10-07T04:43:01.487+00:00,2026-10-07T04:43:35.677+00:00,True,548,548.0,,548.0,61286.220086999994,95475.544119,95475.544103,174.22544544343066,40.868138,61286.220086999994,2615.4875401119148,131.11756415,62.50333461060329,27.083994366910094,5.739689729518346,3,14,100-300:300-600,False,True,,2449,99.94996664442962
383,2026-10-07T04:42:03.808+00:00,2026-10-07T04:43:06.756+00:00,2026-10-07T04:43:27.893+00:00,True,343,343.0,,343.0,62947.895892,84085.173588,84085.173447,245.14627827113702,43.918004,62947.895892,3395.6280561081353,130.5189317,61.80490554385965,25.876242499263885,4.0791971445599815,3,14,100-300:300-600,False,True,,1699,99.94996664442962
384,2026-10-07T04:42:09.116+00:00,2026-10-07T04:43:14.468+00:00,2026-10-07T04:44:33.142+00:00,True,1283,1283.0,,1283.0,65352.254255,144025.880879,144025.880797,112.25711675526111,38.214245000000005,65352.254255,1823.0014185834077,128.3663402,61.367883482059284,27.04794446919281,8.908121180511179,3,14,1-100:1000-1500,False,True,,3493,99.94996664442962
385,2026-10-07T04:42:12.863+00:00,2026-10-07T04:43:17.183+00:00,2026-10-07T04:43:54.437+00:00,True,599,599.0,,599.0,64319.604603,101574.005115,101574.005238,169.57262977963273,39.734924,64319.604603,2625.6204583767476,129.35792379999998,62.29832861538462,26.951699472626338,5.897178114831886,3,14,100-300:300-600,False,True,,2964,99.94996664442962
386,2026-10-07T04:42:17.506+00:00,2026-10-07T04:43:22.028+00:00,2026-10-07T04:43:57.590+00:00,True,572,572.0,,572.0,64521.372621,100084.224205,100084.224246,174.97242001048951,40.289494,64521.372621,2695.305741653334,128.04592979999998,62.28170154816112,27.075127195648953,5.715186429665346,3,14,100-300:300-600,False,True,,2510,99.94996664442962
387,2026-10-07T04:42:20.825+00:00,2026-10-07T04:43:27.035+00:00,2026-10-07T04:44:36.750+00:00,True,1141,1141.0,,1141.0,66210.143087,135925.075823,135925.076056,119.12802458895706,39.205608,66210.143087,1958.474440650133,125.39292200000001,61.153449768421055,25.752303271200805,8.394330428667898,3,14,1-100:1000-1500,False,True,,1141,99.94996664442962
388,2026-10-07T04:42:24.836+00:00,2026-10-07T04:43:30.202+00:00,2026-10-07T04:43:59.316+00:00,True,473,473.0,,473.0,65365.546542000004,94479.889198,94479.889119,199.74606579069768,40.900458,65365.546542000004,3002.7930729897416,126.66818299999998,61.6829293559322,26.674028933959953,5.0063564216162595,3,14,100-300:300-600,False,True,,2817,99.94996664442962
389,2026-10-07T04:42:29.380+00:00,2026-10-07T04:43:33.747+00:00,2026-10-07T04:44:08.159+00:00,True,568,568.0,,568.0,64366.616,98778.100928,98778.100891,173.9051072024648,40.53832,64366.616,2698.3378425370497,125.09549244999998,60.69044960846561,25.591413739515463,5.750262402939078,3,14,100-300:300-600,False,True,,2511,99.94996664442962
390,2026-10-07T04:42:33.830+00:00,2026-10-07T04:43:37.040+00:00,2026-10-07T04:43:58.400+00:00,True,357,357.0,,357.0,63210.359061999996,84570.696982,84570.697057,236.89270884313726,39.947124,63210.359061999996,3342.363572031509,122.4072956,60.000949213483146,24.860197730092867,4.221320300528962,3,14,100-300:300-600,False,True,,1677,99.94996664442962
391,2026-10-07T04:42:38.152+00:00,2026-10-07T04:43:41.369+00:00,2026-10-07T04:44:04.255+00:00,True,382,382.0,,382.0,63216.960839,86102.524487,86102.524509,225.39927881937172,36.895604,63216.960839,3231.4913080620663,124.66270934999999,60.06709618897638,25.8987960986282,4.436571427794495,3,14,100-300:300-600,False,True,,1789,99.94996664442962
392,2026-10-07T04:42:42.397+00:00,2026-10-07T04:43:45.029+00:00,2026-10-07T04:44:55.121+00:00,True,1163,1163.0,,1163.0,62632.043493,132724.370661,132724.370693,114.12241676096302,40.048989,62632.043493,1834.971249585504,125.87648250000001,60.32041924956971,25.225920717796736,8.762520358604634,3,14,1-100:1000-1500,False,True,,1163,99.94996664442962
393,2026-10-07T04:42:46.810+00:00,2026-10-07T04:43:51.094+00:00,2026-10-07T04:44:12.130+00:00,True,344,344.0,,344.0,64283.579052,85319.518892,85319.518837,248.02185708430233,37.383548000000005,64283.579052,3462.7324484731653,125.38811105,61.32927067055394,26.459849272461895,4.031902716603987,3,14,100-300:300-600,False,True,,1711,99.94996664442962
394,2026-10-07T04:42:51.079+00:00,2026-10-07T04:43:54.868+00:00,2026-10-07T04:44:16.634+00:00,True,363,363.0,,363.0,63788.836196000004,85554.56266,85554.562623,235.687500338843,38.905987,63788.836196000004,3344.984428314677,126.0207596,60.12631619889503,25.19528877429867,4.2429063829428735,3,14,100-300:300-600,False,True,,1571,99.94996664442962
395,2026-10-07T04:42:54.466+00:00,2026-10-07T04:43:57.904+00:00,2026-10-07T04:44:27.408+00:00,True,495,495.0,,495.0,63437.953893,92941.683045,92941.68303,187.7609758181818,40.222144,63437.953893,2848.7447319622065,124.90797709999998,59.72414808097166,24.500549469607176,5.3259203382440745,3,14,100-300:300-600,False,True,,2037,99.94996664442962
396,2026-10-07T04:42:58.196+00:00,2026-10-07T04:44:02.556+00:00,2026-10-07T04:44:33.427+00:00,True,514,514.0,,514.0,64359.666420999994,95230.908661,95230.908556,185.27414115953306,41.84255,64359.666420999994,2836.2358924185237,124.26819745,60.17786011695907,24.66410479889491,5.397407283277334,3,14,100-300:300-600,False,True,,2398,99.94996664442962
397,2026-10-07T04:43:02.399+00:00,2026-10-07T04:44:05.862+00:00,2026-10-07T04:45:35.960+00:00,True,1485,1485.0,,1485.0,63463.530667000006,153561.056171,153561.056239,103.40811867946128,21.32904,63463.530667000006,1645.4957622114846,125.8251846,60.71261826415094,25.331690373553545,9.670420593788819,3,14,1-100:1000-1500,False,True,,1485,99.94996664442962
398,2026-10-07T04:43:07.684+00:00,2026-10-07T04:44:10.189+00:00,2026-10-07T04:44:36.293+00:00,True,439,439.0,,439.0,62505.047339000004,88609.86577100001,88609.865909,201.84479705922553,40.94584,62505.047339000004,2980.4590683494143,124.69600999999999,59.60004208219178,24.50098678840953,4.954301602651504,3,14,100-300:300-600,False,True,,2143,99.94996664442962
399,2026-10-07T04:43:12.738+00:00,2026-10-07T04:44:16.341+00:00,2026-10-07T04:44:34.672+00:00,True,309,309.0,,309.0,63602.565957,81933.811781,81933.811814,265.1579670355987,43.990666,63602.565957,3614.917216858303,123.06080519999999,59.517031896103894,24.007509130063777,3.7713368056880197,3,14,100-300:300-600,False,True,,1354,99.94996664442962
400,2026-10-07T04:43:16.298+00:00,2026-10-07T04:44:19.554+00:00,2026-10-07T04:44:41.817+00:00,True,367,367.0,,367.0,63256.293937,85519.531057,85519.531038,233.02324533514988,43.007493000000004,63256.293937,3298.8749855007845,128.8564327,60.82851672131147,25.53292601186883,4.291417357695627,3,14,100-300:300-600,False,True,,1406,99.94996664442962
401,2026-10-07T04:43:20.090+00:00,2026-10-07T04:44:21.926+00:00,2026-10-07T04:44:45.846+00:00,True,396,396.0,,396.0,61835.777634000005,85756.48675400001,85756.486846,216.55678496464648,42.949554,61835.777634000005,3104.4237352112104,131.124548,60.558757265822784,25.219971682398974,4.6177264833150256,3,14,100-300:300-600,False,True,,1906,99.94996664442962
402,2026-10-07T04:43:24.870+00:00,2026-10-07T04:44:28.247+00:00,2026-10-07T04:45:40.115+00:00,True,1166,1166.0,,1166.0,63376.279579999995,135244.47157999998,135244.471573,115.9901128413379,0.01106,63376.279579999995,1857.853582986655,127.03843925000001,61.68943519313305,116.64675585223006,8.621424494311297,3,14,1-100:1000-1500,False,True,,5198,99.94996664442962
403,2026-10-07T04:43:29.965+00:00,2026-10-07T04:44:32.388+00:00,2026-10-07T04:44:58.007+00:00,True,421,421.0,,421.0,62423.48961,88042.275146,88042.275242,209.12654451781472,42.901305,62423.48961,3039.4730709176442,130.11111,60.99710841904761,26.025520157884788,4.781793738313306,3,14,100-300:300-600,False,True,,1829,99.94996664442962
404,2026-10-07T04:43:35.020+00:00,2026-10-07T04:44:38.257+00:00,2026-10-07T04:45:02.069+00:00,True,388,388.0,,388.0,63236.862075000005,87048.98956300001,87048.98961,224.35306600515466,24.057383,63236.862075000005,3207.356165639184,130.5848651,61.53004518863049,27.1492711317281,4.457260238721009,3,14,100-300:300-600,False,True,,1722,99.94996664442962
405,2026-10-07T04:43:39.545+00:00,2026-10-07T04:44:42.397+00:00,2026-10-07T04:46:05.938+00:00,True,1377,1377.0,,1377.0,62852.6974,146393.404216,146393.404126,106.3132927567175,0.011301,62852.6974,1695.655186283806,126.57138660000001,60.71272297674418,109.10948221943465,9.40616148230469,3,14,1-100:1000-1500,False,True,,3383,99.94996664442962
406,2026-10-07T04:43:43.662+00:00,2026-10-07T04:44:46.242+00:00,2026-10-07T04:46:12.108+00:00,True,1413,1413.0,,1413.0,62580.016659,148446.900243,148446.900145,105.05796188605804,0.011502,62580.016659,1666.6717241906351,126.53644240000001,60.81224049858357,107.68260820282934,9.518555104128081,3,14,1-100:1000-1500,False,True,,5817,99.94996664442962
407,2026-10-07T04:43:46.766+00:00,2026-10-07T04:44:51.524+00:00,2026-10-07T04:46:16.786+00:00,True,1394,1394.0,,1394.0,64758.256387,150020.342275,150020.342225,107.61860991750359,0.011260999999999998,64758.256387,1736.2534792967435,128.00912714999998,61.20752755778894,109.19999362839734,9.292073187279362,3,14,1-100:1000-1500,False,True,,5082,99.94996664442962
408,2026-10-07T04:43:50.577+00:00,2026-10-07T04:44:53.949+00:00,2026-10-07T04:46:03.731+00:00,True,1144,1144.0,,1144.0,63372.344990000005,133154.17155,133154.17138400002,116.39350645454546,0.011181,63372.344990000005,1875.6352556416643,127.09199705,61.051466806649174,119.34801619578165,8.591544573355126,3,14,1-100:1000-1500,False,True,,4926,99.94996664442962
409,2026-10-07T04:43:53.750+00:00,2026-10-07T04:44:57.703+00:00,2026-10-07T04:45:25.245+00:00,True,454,454.0,,454.0,63953.04822,91494.586524,91494.586533,201.52992628414097,23.048261,63953.04822,2998.7163303173106,124.4921371,60.7980978013245,25.056568021012943,4.962042206517989,3,14,100-300:300-600,False,True,,2110,99.94996664442962
410,2026-10-07T04:43:57.441+00:00,2026-10-07T04:45:00.174+00:00,2026-10-07T04:45:18.491+00:00,True,308,308.0,,308.0,62733.078024999995,81049.59949699999,81049.599579,263.14805058116883,38.454041,62733.078024999995,3571.2308751128803,125.0906533,59.66293639087948,24.183864944168707,3.8001421587703277,3,14,100-300:300-600,False,True,,1449,99.94996664442962
411,2026-10-07T04:44:02.505+00:00,2026-10-07T04:45:04.327+00:00,2026-10-07T04:46:22.711+00:00,True,1293,1293.0,,1293.0,61822.671805,140206.760381,140206.760367,108.43523616937355,0.011461,61822.671805,1721.254791493459,126.3281118,60.66879920743034,112.1470878697451,9.222094544416988,3,14,1-100:1000-1500,False,True,,5594,99.94996664442962
412,2026-10-07T04:44:06.901+00:00,2026-10-07T04:45:08.320+00:00,2026-10-07T04:45:34.332+00:00,True,430,430.0,,430.0,61418.359822,87430.318094,87430.318007,203.32632094651163,41.193113,61418.359822,2959.0364148954645,125.26873180000001,60.63393536596736,24.852593163835614,4.918202396766863,3,14,100-300:300-600,False,True,,1440,99.94996664442962
413,2026-10-07T04:44:10.534+00:00,2026-10-07T04:45:12.481+00:00,2026-10-07T04:45:46.573+00:00,True,566,566.0,,566.0,61946.86079200001,96038.81778400001,96038.817829,169.67989015724382,0.011571,61946.86079200001,2606.5578480153376,126.180338,60.33974688849557,165.86571266706548,5.893450305406561,3,14,100-300:300-600,False,True,,2237,99.94996664442962
414,2026-10-07T04:44:15.685+00:00,2026-10-07T04:45:18.591+00:00,2026-10-07T04:45:40.215+00:00,True,358,358.0,,358.0,62905.945081,84529.31992899999,84529.31982599999,236.1154185083799,0.011411,62905.945081,3328.1905883802538,124.7820593,60.569677445378154,211.51808493435186,4.235216849025881,3,14,100-300:300-600,False,True,,1647,99.94996664442962
415,2026-10-07T04:44:18.967+00:00,2026-10-07T04:45:21.230+00:00,2026-10-07T04:45:44.061+00:00,True,378,378.0,,378.0,62263.616056,85094.264376,85094.264161,225.11710095502644,0.011362,62263.616056,3205.8207936679505,127.86031465,60.55874885941645,203.38150524597353,4.44213253116283,3,14,100-300:300-600,False,True,,1600,99.94996664442962
416,2026-10-07T04:44:22.496+00:00,2026-10-07T04:45:24.978+00:00,2026-10-07T04:45:59.989+00:00,True,580,580.0,,580.0,62481.886273000004,97492.69792100001,97492.697812,168.09085829655174,0.011430999999999998,62481.886273000004,2596.9795642740023,126.23898345000002,60.46772305354059,162.35640522959835,5.949163500121658,3,14,100-300:300-600,False,True,,2619,99.94996664442962
417,2026-10-07T04:44:27.179+00:00,2026-10-07T04:45:28.755+00:00,2026-10-07T04:46:01.217+00:00,True,538,538.0,,538.0,61575.462823,94037.931943,94037.931982,174.791695133829,0.011401999999999999,61575.462823,2657.4870902369166,126.83481330000001,60.45152536312849,169.27540233376394,5.721095614119869,3,14,100-300:300-600,False,True,,2652,99.94996664442962
418,2026-10-07T04:44:31.408+00:00,2026-10-07T04:45:32.410+00:00,2026-10-07T04:46:37.214+00:00,True,1069,1069.0,,1069.0,61001.932016000006,125805.44792,125805.447834,117.68517103274088,0.011191000000000001,61001.932016000006,1867.9189309577964,127.37979320000001,60.6774493483146,122.52797514033414,8.497247278828336,3,14,1-100:1000-1500,False,True,,3610,99.94996664442962
419,2026-10-07T04:44:36.384+00:00,2026-10-07T04:45:40.145+00:00,2026-10-07T04:46:52.687+00:00,True,1202,1202.0,,1202.0,63760.907912,136302.257544,136302.257607,113.39622097088187,0.011191000000000001,63760.907912,1837.5328089619998,127.98585800000001,60.40079070108243,26.29866742275232,8.81863603478453,3,14,1-100:1000-1500,False,True,,1803,99.94996664442962
420,2026-10-07T04:44:40.308+00:00,2026-10-07T04:45:43.557+00:00,2026-10-07T04:46:07.303+00:00,True,385,385.0,,385.0,63248.61844,86994.894536,86994.89457,225.96076511688312,42.307902,63248.61844,3220.406253777829,128.06362099999998,61.83926066666666,26.62763839260046,4.425547062887469,3,14,100-300:300-600,False,True,,1845,99.94996664442962
421,2026-10-07T04:44:44.846+00:00,2026-10-07T04:45:46.724+00:00,2026-10-07T04:46:12.548+00:00,True,419,419.0,,419.0,61878.620756,87702.52578,87702.525624,209.3139036372315,39.759004999999995,61878.620756,3020.0671379353885,128.14476969999998,61.7796770909091,26.59605892041309,4.777513489760294,3,14,100-300:300-600,False,True,,1604,99.94996664442962
422,2026-10-07T04:44:49.473+00:00,2026-10-07T04:45:50.269+00:00,2026-10-07T04:46:09.203+00:00,True,308,308.0,,308.0,60796.019968,79729.776384,79729.776432,258.8629104935065,43.914012,60796.019968,3460.7630728981158,128.88643495,61.67347366775245,26.679459636975032,3.8630485869744495,3,14,100-300:300-600,False,True,,1516,99.94996664442962
423,2026-10-07T04:44:53.983+00:00,2026-10-07T04:45:57.011+00:00,2026-10-07T04:46:32.465+00:00,True,583,583.0,,583.0,63028.531895,98482.46904699999,98482.469046,168.92361757461407,40.50718,63028.531895,2607.9803259687374,127.6971022,60.91741778694158,25.88014605470716,5.919835333553302,3,14,100-300:300-600,False,True,,3709,99.94996664442962
424,2026-10-07T04:44:59.005+00:00,2026-10-07T04:46:00.868+00:00,2026-10-07T04:47:13.398+00:00,True,1266,1266.0,,1266.0,61863.120512999994,134393.563521,134393.56360999998,106.15605340442337,40.069428,61863.120512999994,1737.2006486253551,121.66505624999999,57.336318583399205,22.90235131795226,9.4200939898597,3,14,1-100:1000-1500,True,True,,3237,99.94996664442962
425,2026-10-07T04:45:03.282+00:00,2026-10-07T04:46:05.838+00:00,2026-10-07T04:46:34.521+00:00,True,475,475.0,,475.0,62556.90339,91239.07580600001,91239.07584599999,192.08226493894736,41.968426,62556.90339,2867.6409378730023,127.10721159999999,60.5109122700422,25.11951797858958,5.206102712065869,3,14,100-300:300-600,True,True,,1988,99.94996664442962
426,2026-10-07T04:45:06.749+00:00,2026-10-07T04:46:08.673+00:00,2026-10-07T04:46:42.613+00:00,True,558,558.0,,558.0,61923.919357,95863.56889299999,95863.568886,171.7985105483871,40.887362,61923.919357,2618.9913999818523,127.44092425,60.932943511669656,25.33846170993834,5.820772233326955,3,14,100-300:300-600,True,True,,2396,99.94996664442962
427,2026-10-07T04:45:11.855+00:00,2026-10-07T04:46:14.232+00:00,2026-10-07T04:46:39.329+00:00,True,413,413.0,,413.0,62377.297229,87474.065229,87474.065334,211.80161097820823,42.720596,62377.297229,3066.4941607977057,126.7978488,60.9144854368932,25.45900096675752,4.721399410428674,3,14,100-300:300-600,True,True,,1192,99.94996664442962
428,2026-10-07T04:45:15.382+00:00,2026-10-07T04:46:19.272+00:00,2026-10-07T04:46:52.933+00:00,True,548,548.0,,548.0,63889.552948,97550.5877,97550.587743,178.0120214288321,40.545882,63889.552948,2726.7165655888734,129.1686551,61.53754068007313,25.48469445396182,5.617598139800853,3,14,100-300:300-600,True,True,,2785,99.94996664442962
429,2026-10-07T04:45:20.304+00:00,2026-10-07T04:46:23.539+00:00,2026-10-07T04:47:23.096+00:00,True,1139,1139.0,,1139.0,63234.248091,122791.709339,122791.70935800001,107.80659293942054,0.606968,63234.248091,1872.2188358939059,109.8209472,52.335203205623905,20.376980624602677,9.27587054640212,3,14,1-100:1000-1500,True,True,,2568,99.94996664442962
430,2026-10-07T04:45:25.212+00:00,2026-10-07T04:46:28.011+00:00,2026-10-07T04:47:22.684+00:00,True,1056,1056.0,,1056.0,62799.375358000005,117472.43059,117472.430804,111.24283220075758,15.914753000000001,62799.375358000005,1931.0245665965083,108.70274125,51.82280116777251,19.868155284918082,8.989343241612415,3,14,1-100:1000-1500,True,True,,3909,99.94996664442962
431,2026-10-07T04:45:29.415+00:00,2026-10-07T04:46:32.579+00:00,2026-10-07T04:46:52.207+00:00,True,320,320.0,,320.0,63163.822441,82792.544361,82792.544326,258.72670101874996,43.526005,63163.822441,3527.6178323870186,127.10978644999999,61.53204363636363,25.594593854751988,3.865082326793887,3,14,100-300:300-600,True,True,,1317,99.94996664442962
432,2026-10-07T04:45:32.811+00:00,2026-10-07T04:46:36.376+00:00,2026-10-07T04:47:41.003+00:00,True,1434,1434.0,,1434.0,63564.757754,128192.161018,128192.161037,89.3948124386332,0.012702999999999999,63564.757754,1677.6290866526335,101.67570675,45.09937422470342,28.439665404389842,11.18633143097296,3,14,1-100:1000-1500,True,True,,1434,99.94996664442962
433,2026-10-07T04:45:40.099+00:00,2026-10-07T04:46:43.015+00:00,2026-10-07T04:47:05.253+00:00,True,400,400.0,,400.0,62916.606802,85154.476626,85154.476848,212.88619212,38.820267,62916.606802,3143.1151518849256,111.91671585,55.7340095839599,21.22891916471842,4.6973455283720105,3,14,100-300:300-600,True,True,,1706,99.94996664442962
434,2026-10-07T04:45:41.064+00:00,2026-10-07T04:46:44.436+00:00,2026-10-07T04:47:14.307+00:00,True,581,581.0,,581.0,63372.629324,93243.913292,93243.913216,160.48866302237522,39.012527999999996,63372.629324,2627.0542780715796,97.08389,51.50221373793104,16.42645250873637,6.230969716817406,3,14,100-300:300-600,True,True,,1956,99.94996664442962
435,2026-10-07T04:45:44.881+00:00,2026-10-07T04:46:48.480+00:00,2026-10-07T04:47:06.036+00:00,True,327,327.0,,327.0,63598.751905000005,81155.18505700001,81155.18514900001,248.18099433944957,39.169903,63598.751905000005,3514.0940638898155,108.9985342,53.85408942331288,19.363424719002598,4.0293174092367465,3,14,100-300:300-600,True,True,,1435,99.94996664442962
436,2026-10-07T04:45:49.853+00:00,2026-10-07T04:46:53.186+00:00,2026-10-07T04:47:11.099+00:00,True,359,359.0,,359.0,63332.938963,81246.388947,81246.388878,226.31306094150418,41.145354,63332.938963,3339.973669515924,54.650254100000005,50.037569787709494,14.146915729617328,4.4186579200977025,3,14,100-300:300-600,True,True,,1219,99.94996664442962
437,2026-10-07T04:45:52.822+00:00,2026-10-07T04:46:56.126+00:00,2026-10-07T04:47:16.035+00:00,True,425,425.0,,425.0,63304.823719,83213.553575,83213.5535,195.79659647058824,39.266483,63304.823719,3068.469121391075,51.320509599999994,46.954551547169814,8.503170861285001,5.107341072953331,3,14,100-300:300-600,True,True,,2026,99.94996664442962
0,2026-10-07T04:15:54.183+00:00,2026-10-07T04:15:54.474+00:00,2026-10-07T04:16:07.648+00:00,True,387,387.0,,387.0,291.363299,13465.541347,13465.541441,34.79468072609819,0.019406,291.363299,16.34516069730526,48.0683606,34.12999494300518,9.820117789896535,28.74002537493378,4,14,100-300:300-600,False,True,,964,99.94996664442962
1,2026-10-07T04:15:57.953+00:00,2026-10-07T04:15:58.042+00:00,2026-10-07T04:16:12.421+00:00,True,394,394.0,,394.0,88.964134,14467.848998,14467.848995,36.7204289213198,0.020498000000000002,169.04425,11.414183083947403,57.37993595,36.58749329262087,11.119140489850485,27.232797360164984,4,14,100-300:300-600,False,True,,1816,99.94996664442962
2,2026-10-07T04:16:01.913+00:00,2026-10-07T04:16:02.034+00:00,2026-10-07T04:16:25.660+00:00,True,594,594.0,,594.0,121.135951,23746.822223,23746.822143,39.97781505555555,0.020728,164.260669,12.107713390072531,64.32279655,39.84095492748735,11.649015192791504,25.01387320046052,4,14,100-300:300-600,False,True,,2795,99.94996664442962
3,2026-10-07T04:16:05.606+00:00,2026-10-07T04:16:05.729+00:00,2026-10-07T04:16:25.421+00:00,True,483,483.0,,483.0,122.537677,19814.513101,19814.513143,41.02383673498965,0.020367999999999997,164.591829,12.82836455530398,68.58678989999999,40.854720796680496,12.290912456278445,24.37607210119253,4,14,100-300:300-600,False,True,,1028,99.94996664442962
4,2026-10-07T04:16:08.915+00:00,2026-10-07T04:16:09.040+00:00,2026-10-07T04:16:23.670+00:00,True,356,356.0,,356.0,124.804784,14754.85432,14754.854333,41.446220036516856,31.84094,124.804784,11.171415462611142,68.450941,41.211407143661965,10.269804163564645,24.127652654451964,4,14,100-300:300-600,False,True,,1546,99.94996664442962
5,2026-10-07T04:16:11.486+00:00,2026-10-07T04:16:11.613+00:00,2026-10-07T04:16:31.521+00:00,True,468,468.0,,468.0,127.260417,20035.259649,20035.259692,42.81038395726496,31.595871,127.260417,11.529116365647262,71.30631309999998,42.62954867665953,10.856737402945177,23.358818812381042,4,14,100-300:300-600,False,True,,2255,99.94996664442962
6,2026-10-07T04:16:14.911+00:00,2026-10-07T04:16:15.033+00:00,2026-10-07T04:16:27.837+00:00,True,303,303.0,,303.0,122.68343899999999,12926.672175,12926.671993,42.66228380528053,32.824351,122.68343899999999,11.74834068927741,71.54730810000001,42.39731369536424,10.823036376700815,23.439907494985267,4,14,100-300:300-600,False,True,,1144,99.94996664442962
7,2026-10-07T04:16:18.945+00:00,2026-10-07T04:16:19.071+00:00,2026-10-07T04:16:44.143+00:00,True,555,555.0,,555.0,125.698863,25198.038319000003,25198.038198,45.40187062702703,34.95492,125.698863,12.908960016363853,77.48354219999999,45.25693042599278,12.460422741107497,22.025524089369885,4,14,100-300:300-600,False,True,,2494,99.94996664442962
8,2026-10-07T04:16:23.196+00:00,2026-10-07T04:16:23.358+00:00,2026-10-07T04:16:45.834+00:00,True,487,487.0,,487.0,162.15924299999998,22637.987211,22637.987249,46.48457340657084,36.004144000000004,162.15924299999998,14.597002468140362,80.53261640000001,46.24655960493827,13.633269633015788,21.512513257510914,4,14,100-300:300-600,False,True,,2190,99.94996664442962
9,2026-10-07T04:16:26.831+00:00,2026-10-07T04:16:26.985+00:00,2026-10-07T04:16:41.809+00:00,True,322,322.0,,322.0,154.331358,14977.890781999999,14977.890843,46.51518895341615,35.656082999999995,154.331358,15.023692758075166,82.82835975,46.17931284735203,13.783226432155748,21.498354119858476,4,14,100-300:300-600,False,True,,1630,99.94996664442962
10,2026-10-07T04:16:30.161+00:00,2026-10-07T04:16:30.379+00:00,2026-10-07T04:16:47.092+00:00,True,356,356.0,,356.0,218.770476,16931.60222,16931.602371,47.56068081741573,36.633832999999996,218.770476,16.509344720959433,80.95764050000001,47.07839927887324,13.794589240944934,21.025771535046136,4,14,100-300:300-600,False,True,,1596,99.94996664442962
11,2026-10-07T04:16:33.963+00:00,2026-10-07T04:16:34.125+00:00,2026-10-07T04:16:57.559+00:00,True,481,481.0,,481.0,162.507735,23595.976662999998,23595.976655,49.05608452182952,34.503405,162.507735,16.909116712653795,89.91266800000001,48.81972693333333,16.111742596725797,20.384831145991036,4,14,100-300:300-600,False,True,,2255,99.94996664442962
12,2026-10-07T04:16:37.898+00:00,2026-10-07T04:16:38.043+00:00,2026-10-07T04:17:34.314+00:00,True,1059,1059.0,,1059.0,144.750231,56416.029335,56416.029192,53.27292652691218,0.018574999999999998,350.040102,22.552467085234092,104.07912400000001,53.18646418147448,22.386847339763968,18.771260800926413,4,14,1-100:1000-1500,False,True,,1236,99.94996664442962
13,2026-10-07T04:16:42.279+00:00,2026-10-07T04:16:42.436+00:00,2026-10-07T04:17:11.025+00:00,True,550,550.0,,550.0,157.279277,28746.266157000002,28746.266294,52.265938716363635,38.105768,157.279277,19.705956831941972,101.31603180000002,52.07465734061931,19.206072392398614,19.132919628453017,4,14,100-300:300-600,False,True,,2886,99.94996664442962
14,2026-10-07T04:16:45.811+00:00,2026-10-07T04:16:45.994+00:00,2026-10-07T04:18:04.396+00:00,True,1388,1388.0,,1388.0,183.41194099999998,78585.211365,78585.21154,56.6175875648415,0.018625,343.21986499999997,24.360967318939196,112.6820158,56.52617117808219,24.130423209825103,17.662356261323012,4,14,1-100:1000-1500,False,True,,6325,99.94996664442962
15,2026-10-07T04:16:49.205+00:00,2026-10-07T04:16:49.369+00:00,2026-10-07T04:17:21.209+00:00,True,596,596.0,,596.0,164.718073,32004.594425,32004.594373,53.69898384731544,0.019277000000000002,359.502388,24.72653799026633,107.502038,53.512397230252105,24.323788473390792,18.622326284954944,4,14,100-300:300-600,False,True,,2458,99.94996664442962
16,2026-10-07T04:16:53.603+00:00,2026-10-07T04:16:53.778+00:00,2026-10-07T04:17:20.479+00:00,True,496,496.0,,496.0,175.35521799999998,26875.929426000002,26875.929378,54.18534148790322,0.018655,346.471406,25.220627357851818,103.219452,53.94055395555556,24.649269164734537,18.4551757127389,4,14,100-300:300-600,False,True,,2422,99.94996664442962
17,2026-10-07T04:16:57.295+00:00,2026-10-07T04:16:57.470+00:00,2026-10-07T04:17:16.001+00:00,True,340,340.0,,340.0,175.37647700000002,18705.789789000002,18705.789745,55.017028661764705,39.740409,175.37647700000002,21.428554364378787,104.74819799999999,54.66198617109144,20.434188878933973,18.17619057175218,4,14,100-300:300-600,False,True,,1343,99.94996664442962
18,2026-10-07T04:16:59.942+00:00,2026-10-07T04:17:00.125+00:00,2026-10-07T04:18:06.607+00:00,True,1150,1150.0,,1150.0,182.753096,66665.18612,66665.186163,57.96972709826087,0.019176,355.161917,25.37737708866164,116.30605475,57.861125347258486,25.11965339808162,17.25038309995796,4,14,1-100:1000-1500,False,True,,2608,99.94996664442962
19,2026-10-07T04:17:02.881+00:00,2026-10-07T04:17:03.087+00:00,2026-10-07T04:17:28.953+00:00,True,471,471.0,,471.0,206.230356,26072.520788,26072.52083,55.35567055201699,0.018114,362.032568,26.881093665933427,109.77562749999998,55.03466049361702,25.99029267981246,18.064996623448085,4,14,100-300:300-600,False,True,,2276,99.94996664442962
20,2026-10-07T04:17:07.362+00:00,2026-10-07T04:17:07.569+00:00,2026-10-07T04:18:29.455+00:00,True,1394,1394.0,,1394.0,206.984609,82092.808609,82092.808656,58.890106639885225,0.018695,426.263741,27.311286883908124,120.93462724999999,58.78379325197416,27.031005362236243,16.98078094318207,4,14,1-100:1000-1500,False,True,,1394,99.94996664442962
21,2026-10-07T04:17:11.858+00:00,2026-10-07T04:17:12.014+00:00,2026-10-07T04:17:42.419+00:00,True,530,530.0,,530.0,155.829787,30561.509915,30561.509757,57.663225956603775,0.019246,296.132431,26.613363003772037,119.32532004999999,57.47765619659735,26.293092153358785,17.342075096226477,4,14,100-300:300-600,False,True,,2688,99.94996664442962
22,2026-10-07T04:17:14.568+00:00,2026-10-07T04:17:14.733+00:00,2026-10-07T04:17:44.554+00:00,True,515,515.0,,515.0,164.570715,29985.685083,29985.685212,58.22463147961165,0.018535,356.595542,28.493755522550977,121.9712098,58.017732233463036,28.13161706315339,17.174861890748417,4,14,100-300:300-600,False,True,,2456,99.94996664442962
23,2026-10-07T04:17:17.319+00:00,2026-10-07T04:17:17.506+00:00,2026-10-07T04:17:49.467+00:00,True,552,552.0,,552.0,186.646593,32147.941697000002,32147.941615,58.23902466485507,0.019386,306.67576299999996,26.90949194988503,119.69747615,58.00598022504538,26.37051369394264,17.170617179871016,4,14,100-300:300-600,False,True,,2516,99.94996664442962
24,2026-10-07T04:17:21.767+00:00,2026-10-07T04:17:21.984+00:00,2026-10-07T04:17:48.299+00:00,True,448,448.0,,448.0,217.013981,26532.162013,26532.162027,59.223575953125,38.921485000000004,217.013981,25.490487052760216,122.66127855,58.870577252796416,24.398208878053058,16.885167510302885,4,14,100-300:300-600,False,True,,1793,99.94996664442962
25,2026-10-07T04:17:26.080+00:00,2026-10-07T04:17:26.289+00:00,2026-10-07T04:17:46.587+00:00,True,341,341.0,,341.0,208.790156,20507.261835999998,20507.261951,60.138598096774196,41.232955000000004,208.790156,25.857847837529366,122.32750700000001,59.701387294117644,24.601323274144892,16.628256016187535,4,14,100-300:300-600,False,True,,1433,99.94996664442962
26,2026-10-07T04:17:29.560+00:00,2026-10-07T04:17:29.852+00:00,2026-10-07T04:17:52.215+00:00,True,374,374.0,,374.0,291.232302,22654.405678,22654.405617,60.57327705080214,40.284358999999995,291.232302,27.138329899257776,126.18687829999999,59.9548884075067,24.39394907372327,16.50893010904261,4,14,100-300:300-600,False,True,,1809,99.94996664442962
27,2026-10-07T04:17:32.967+00:00,2026-10-07T04:17:33.174+00:00,2026-10-07T04:18:00.798+00:00,True,456,456.0,,456.0,206.211033,27830.991577,27830.991651,61.03287642763158,38.961760000000005,206.211033,25.65762373859484,123.39119175,60.71380339340659,24.763624734017824,16.384612051582312,4,14,100-300:300-600,False,True,,1615,99.94996664442962
28,2026-10-07T04:17:35.596+00:00,2026-10-07T04:17:35.767+00:00,2026-10-07T04:18:53.278+00:00,True,1281,1281.0,,1281.0,170.77790299999998,77681.917743,77681.917665,60.64162190866511,0.018393999999999997,380.515627,26.834980584399702,125.117735,60.555578,26.668108521682132,16.490324096246095,4,14,1-100:1000-1500,False,True,,5245,99.94996664442962
29,2026-10-07T04:17:39.935+00:00,2026-10-07T04:17:40.162+00:00,2026-10-07T04:17:59.738+00:00,True,329,329.0,,329.0,227.132387,19802.980835000002,19802.980595,60.19143037993921,42.43242,227.132387,24.915463490916277,111.590936,59.682464780487805,23.177395830125448,16.61366047572605,4,14,100-300:300-600,False,True,,1725,99.94996664442962
30,2026-10-07T04:17:43.448+00:00,2026-10-07T04:17:43.690+00:00,2026-10-07T04:18:56.797+00:00,True,1208,1208.0,,1208.0,241.600973,73349.073613,73349.073779,60.719431936258275,0.018635000000000002,389.937107,27.435670588285525,125.6706274,60.56957136702568,26.947879215462553,16.46919232236766,4,14,1-100:1000-1500,False,True,,1611,99.94996664442962
31,2026-10-07T04:17:46.235+00:00,2026-10-07T04:17:46.438+00:00,2026-10-07T04:18:13.947+00:00,True,455,455.0,,455.0,203.433922,27711.80717,27711.807343,60.90507108351648,41.319137000000005,203.433922,25.543093334086084,123.8575908,60.591130502202645,24.676849365518287,16.41899415685058,4,14,100-300:300-600,False,True,,2223,99.94996664442962
32,2026-10-07T04:17:50.690+00:00,2026-10-07T04:17:50.927+00:00,2026-10-07T04:19:05.148+00:00,True,1218,1218.0,,1218.0,237.490454,74458.03087,74458.030852,61.13138822003284,0.019637,434.046292,28.443677638649064,126.51943064999999,60.986475280197205,28.001953034985178,16.358208587688374,4,14,1-100:1000-1500,False,True,,5096,99.94996664442962
33,2026-10-07T04:17:54.359+00:00,2026-10-07T04:17:54.732+00:00,2026-10-07T04:19:08.681+00:00,True,1217,1217.0,,1217.0,372.447521,74321.427745,74321.427722,61.06937364174199,0.018465,373.567159,28.610025266184216,127.33226199999999,60.81330610526316,27.190841853338615,16.374819980256287,4,14,1-100:1000-1500,False,True,,1217,99.94996664442962
34,2026-10-07T04:17:56.915+00:00,2026-10-07T04:17:57.433+00:00,2026-10-07T04:19:22.441+00:00,True,1396,1396.0,,1396.0,517.792921,85525.912729,85525.912654,61.26498041117478,0.018615,517.792921,29.906079692792524,127.4287565,60.93772029247312,27.301966643643137,16.32253846180406,4,14,1-100:1000-1500,False,True,,1396,99.94996664442962
35,2026-10-07T04:18:00.631+00:00,2026-10-07T04:18:00.923+00:00,2026-10-07T04:18:26.271+00:00,True,421,421.0,,421.0,291.36807699999997,25640.018317,25640.018266,60.90265621377672,0.018844999999999997,374.110437,31.846663954953062,125.97271099999998,60.35392914285714,29.825559488042916,16.419645056215348,4,14,100-300:300-600,False,True,,2246,99.94996664442962
36,2026-10-07T04:18:05.013+00:00,2026-10-07T04:18:05.198+00:00,2026-10-07T04:18:35.547+00:00,True,507,507.0,,507.0,185.219939,30534.376034999998,30534.376015,60.22559371794872,0.018705,375.731173,29.861971145966603,127.00088639999998,59.978569359683796,29.368423729929795,16.604236465118912,4,14,100-300:300-600,False,True,,1151,99.94996664442962
37,2026-10-07T04:18:09.506+00:00,2026-10-07T04:18:09.940+00:00,2026-10-07T04:18:33.302+00:00,True,390,390.0,,390.0,433.74508399999996,23796.199868,23796.199754,61.01589680512821,0.018335,433.74508399999996,36.855802256681464,127.79645280000001,60.05772438046273,31.668135495902884,16.389171471216862,4,14,100-300:300-600,False,True,,1698,99.94996664442962
38,2026-10-07T04:18:13.325+00:00,2026-10-07T04:18:13.559+00:00,2026-10-07T04:18:48.386+00:00,True,577,577.0,,577.0,234.036953,35061.694937,35061.694973,60.765502552859616,0.019015999999999998,428.532111,30.863834265138117,127.6319728,60.464684,30.032127735447563,16.456705844847846,4,14,100-300:300-600,False,True,,2622,99.94996664442962
39,2026-10-07T04:18:17.461+00:00,2026-10-07T04:18:17.661+00:00,2026-10-07T04:18:48.972+00:00,True,517,517.0,,517.0,199.748366,31510.980366,31510.980366,60.94967188781431,0.018815000000000002,372.250071,29.981766081999467,128.1402272,60.68068217054263,29.37977987452322,16.406979217880423,4,14,100-300:300-600,False,True,,2819,99.94996664442962
40,2026-10-07T04:18:21.787+00:00,2026-10-07T04:18:22.966+00:00,2026-10-07T04:18:48.208+00:00,True,416,416.0,,416.0,1179.3207539999999,26420.955058,26420.955022,63.511911110576925,0.020128,1179.3207539999999,62.75194024740278,126.8896025,60.823215190361445,30.54102072273612,15.745078067268404,4,14,100-300:300-600,False,True,,1680,99.94996664442962
41,2026-10-07T04:18:26.368+00:00,2026-10-07T04:18:28.062+00:00,2026-10-07T04:19:55.688+00:00,True,1439,1439.0,,1439.0,1694.309378,89320.58368200001,89320.583658,62.07128815705351,0.018545000000000002,1694.309378,52.35729082232674,128.3456463,60.936213006954105,29.797688224321192,16.11050824660015,4,14,1-100:1000-1500,False,True,,6623,99.94996664442962
42,2026-10-07T04:18:30.416+00:00,2026-10-07T04:18:31.505+00:00,2026-10-07T04:18:51.086+00:00,True,319,319.0,,319.0,1089.2647709999999,20669.571203,20669.571215,64.7948940909091,40.468544,1089.2647709999999,63.120113349641194,127.23749230000001,61.573290666666665,25.98958855129225,15.433314840788766,4,14,100-300:300-600,False,True,,1025,99.94996664442962
43,2026-10-07T04:18:34.537+00:00,2026-10-07T04:18:36.683+00:00,2026-10-07T04:19:03.354+00:00,True,432,432.0,,432.0,2145.7539559999996,28817.63466,28817.634735,66.7074878125,36.866637000000004,2145.7539559999996,103.77298590915206,130.54864525,61.883713930394435,26.802619300468304,14.990820901745723,4,14,100-300:300-600,False,True,,1931,99.94996664442962
44,2026-10-07T04:18:37.640+00:00,2026-10-07T04:18:39.978+00:00,2026-10-07T04:19:09.530+00:00,True,482,482.0,,482.0,2337.995611,31890.392923,31890.392764,66.16264058921162,40.427707999999996,2337.995611,106.86813384685934,129.14040585,61.43949545114345,25.87826893069013,15.11426971639386,4,14,100-300:300-600,False,True,,2125,99.94996664442962
45,2026-10-07T04:18:42.103+00:00,2026-10-07T04:18:44.071+00:00,2026-10-07T04:19:19.590+00:00,True,584,584.0,,584.0,1968.298423,37486.844343,37486.844225,64.18980175513698,37.580334,1968.298423,82.96978936760095,129.44692855,60.923749433962264,25.603215419226377,15.578798648839902,4,14,100-300:300-600,False,True,,2684,99.94996664442962
46,2026-10-07T04:18:44.773+00:00,2026-10-07T04:18:46.228+00:00,2026-10-07T04:19:16.681+00:00,True,499,499.0,,499.0,1455.018513,31907.380752999998,31907.38061,63.942646513026055,34.07121,1455.018513,67.51915988930246,128.12763759999999,61.14932176706827,25.819480637204766,15.639014805472021,4,14,100-300:300-600,False,True,,2072,99.94996664442962
47,2026-10-07T04:18:49.128+00:00,2026-10-07T04:18:53.073+00:00,2026-10-07T04:19:27.417+00:00,True,563,563.0,,563.0,3944.8950499999996,38288.649802,38288.64999,68.00825930728242,0.019076,3944.8950499999996,167.2831319680008,129.8759909,61.109883900355875,34.553790423271366,14.704096459692652,4,14,100-300:300-600,False,True,,1279,99.94996664442962
48,2026-10-07T04:18:53.707+00:00,2026-10-07T04:18:57.029+00:00,2026-10-07T04:19:16.317+00:00,True,317,317.0,,317.0,3321.398458,22609.845178,22609.845198,71.32443280126184,42.518455,3321.398458,184.8993241176533,130.93802540000001,61.03938835443038,25.63008433169769,14.02044098508245,4,14,100-300:300-600,False,True,,1774,99.94996664442962
49,2026-10-07T04:18:56.384+00:00,2026-10-07T04:19:00.104+00:00,2026-10-07T04:19:23.853+00:00,True,391,391.0,,391.0,3719.505443,27468.547874999997,27468.547865,70.25204057544757,43.835642,3719.505443,186.78310642671542,129.08341199999998,60.8949805948718,25.608050658720362,14.234461966439136,4,14,100-300:300-600,False,True,,2196,99.94996664442962
50,2026-10-07T04:19:00.423+00:00,2026-10-07T04:19:04.629+00:00,2026-10-07T04:19:30.965+00:00,True,437,437.0,,437.0,4206.267232,30542.100575999997,30542.1006,69.89039038901602,0.017653,4206.267232,201.6049526655034,130.1781188,60.40328748623853,36.267566930575995,14.308118687271788,4,14,100-300:300-600,False,True,,1121,99.94996664442962
51,2026-10-07T04:19:04.825+00:00,2026-10-07T04:19:09.474+00:00,2026-10-07T04:20:30.771+00:00,True,1335,1335.0,,1335.0,4648.987813,85945.112997,85945.112857,64.37836169063671,0.017202000000000002,4648.987813,130.21547444597772,129.30052050000003,60.94162307646177,34.482529189234526,15.533169408324582,4,14,1-100:1000-1500,False,True,,2123,99.94996664442962
52,2026-10-07T04:19:08.868+00:00,2026-10-07T04:19:14.285+00:00,2026-10-07T04:19:43.768+00:00,True,486,486.0,,486.0,5416.392124,34899.628476,34899.628305,71.80993478395062,0.019175,5416.392124,245.53437880410408,128.03076775,60.790178045360825,35.66962977048261,13.925649676592277,4,14,100-300:300-600,False,True,,2122,99.94996664442962
53,2026-10-07T04:19:13.173+00:00,2026-10-07T04:19:18.582+00:00,2026-10-07T04:20:41.981+00:00,True,1360,1360.0,,1360.0,5408.614904,88808.003832,88808.003697,65.30000271838236,0.017211999999999998,5408.614904,149.07776244677723,130.798033,61.368203773362765,34.65203006868051,15.313935020685085,4,14,1-100:1000-1500,False,True,,4759,99.94996664442962
54,2026-10-07T04:19:15.762+00:00,2026-10-07T04:19:20.713+00:00,2026-10-07T04:19:44.525+00:00,True,394,394.0,,394.0,4951.381204,28763.733204,28763.733142,73.00439883756346,0.019527000000000003,4951.381204,249.10060499337183,126.8347801,60.59122646310432,36.664867492512194,13.697804704474478,4,14,100-300:300-600,False,True,,1794,99.94996664442962
55,2026-10-07T04:19:19.074+00:00,2026-10-07T04:19:23.702+00:00,2026-10-07T04:19:42.955+00:00,True,323,323.0,,323.0,4627.721775,23881.562159,23881.562016,73.93672450773994,0.021068999999999997,4627.721775,256.7136179940697,127.44355750000001,59.79453535403727,36.1309116732145,13.525078378437412,4,14,100-300:300-600,False,True,,1377,99.94996664442962
56,2026-10-07T04:19:22.521+00:00,2026-10-07T04:19:27.772+00:00,2026-10-07T04:20:45.694+00:00,True,1272,1272.0,,1272.0,5251.155118,83172.51703799999,83172.517104,65.38719898113207,0.018643999999999997,5251.155118,149.10867136187323,131.39035969999998,61.30712975609756,32.54674449807474,15.293513353922505,4,14,1-100:1000-1500,False,True,,2010,99.94996664442962
57,2026-10-07T04:19:25.052+00:00,2026-10-07T04:19:31.114+00:00,2026-10-07T04:20:39.941+00:00,True,1125,1125.0,,1125.0,6061.891735,74888.502935,74888.502803,66.5675580471111,0.017814,6061.891735,181.9925587753042,130.3921318,61.23363985765125,33.39556923036338,15.022332613277792,4,14,1-100:1000-1500,False,True,,1932,99.94996664442962
58,2026-10-07T04:19:28.086+00:00,2026-10-07T04:19:33.924+00:00,2026-10-07T04:21:00.222+00:00,True,1412,1412.0,,1412.0,5837.68905,92135.854554,92135.854558,65.25202164164305,0.017743,5837.68905,156.95896487574603,129.01179835000002,61.160996104890145,31.70023559543833,15.325195678002197,4,14,1-100:1000-1500,False,True,,1412,99.94996664442962
59,2026-10-07T04:19:31.836+00:00,2026-10-07T04:19:36.928+00:00,2026-10-07T04:20:00.849+00:00,True,397,397.0,,397.0,5092.043495,29012.564455,29012.564417,73.07950734760705,40.942957,5092.043495,253.8159304953349,129.5934236,60.40535595959596,25.54271616313202,13.68372660113406,4,14,100-300:300-600,False,True,,1384,99.94996664442962
60,2026-10-07T04:19:36.278+00:00,2026-10-07T04:19:42.134+00:00,2026-10-07T04:20:45.354+00:00,True,1028,1028.0,,1028.0,5856.087347,69076.268595,69076.268591,67.1948138044747,0.017914000000000003,5856.087347,183.95155896695746,131.26279335,61.558112218111,34.3116639291751,14.88210091409614,4,14,1-100:1000-1500,False,True,,1029,99.94996664442962
61,2026-10-07T04:19:38.969+00:00,2026-10-07T04:19:44.726+00:00,2026-10-07T04:20:04.519+00:00,True,327,327.0,,327.0,5757.090217,25550.160809,25550.161043,78.13504906116208,43.337243,5757.090217,316.0497809520346,128.8566807,60.714940466257666,25.65172445024465,12.798353890783137,4,14,100-300:300-600,False,True,,1263,99.94996664442962
62,2026-10-07T04:19:42.272+00:00,2026-10-07T04:19:49.934+00:00,2026-10-07T04:21:00.066+00:00,True,1140,1140.0,,1140.0,7662.09175,77793.938406,77793.938448,68.24029688421052,0.018004000000000003,7662.09175,227.52533473648162,130.400067,61.57317529060579,33.093174980161876,14.65409803589627,4,14,1-100:1000-1500,False,True,,1140,99.94996664442962
63,2026-10-07T04:19:46.431+00:00,2026-10-07T04:19:55.074+00:00,2026-10-07T04:20:25.827+00:00,True,504,504.0,,504.0,8643.207715,39395.708707,39395.708691,78.16608867261905,43.22918,8643.207715,383.1450290327791,129.38601764999999,61.138172946322065,25.820181571401616,12.793271565398877,4,14,100-300:300-600,False,True,,2654,99.94996664442962
64,2026-10-07T04:19:49.785+00:00,2026-10-07T04:19:57.334+00:00,2026-10-07T04:21:09.053+00:00,True,1172,1172.0,,1172.0,7549.018022,79268.00682200001,79268.006933,67.63481820221843,0.017252,7549.018022,221.12622884586756,129.7572181,61.245934073441504,32.545441487458525,14.785284088595548,4,14,1-100:1000-1500,False,True,,1172,99.94996664442962
65,2026-10-07T04:19:53.226+00:00,2026-10-07T04:20:00.145+00:00,2026-10-07T04:20:30.571+00:00,True,498,498.0,,498.0,6918.789054,37344.613054,37344.613126,74.98918298393575,0.017823000000000002,6918.789054,309.8901224107623,130.6821901,61.21896177062374,40.060712403083265,13.335256661513567,4,14,100-300:300-600,False,True,,2082,99.94996664442962
66,2026-10-07T04:19:55.986+00:00,2026-10-07T04:20:04.681+00:00,2026-10-07T04:21:30.043+00:00,True,1392,1392.0,,1392.0,8695.688418,94057.678818,94057.67859,67.57017140086207,0.017713,8695.688418,233.61425586917062,129.49668855,61.36735470884256,31.925556879513177,14.79942964245903,4,14,1-100:1000-1500,False,True,,2784,99.94996664442962
67,2026-10-07T04:20:00.557+00:00,2026-10-07T04:20:10.189+00:00,2026-10-07T04:21:23.648+00:00,True,1204,1204.0,,1204.0,9631.885198999998,83091.24135899999,83091.241306,69.01265889202658,0.017713,9631.885198999998,277.7656797683507,129.71316005,61.06347145469659,32.77818937407905,14.490095229147629,4,14,1-100:1000-1500,False,True,,5852,99.94996664442962
68,2026-10-07T04:20:04.892+00:00,2026-10-07T04:20:13.872+00:00,2026-10-07T04:20:46.340+00:00,True,530,530.0,,530.0,8979.900092,41448.332731999995,41448.332793,78.20440149622641,0.017904,8979.900092,389.21249347242787,130.53585525,61.3769993194707,37.596052551852836,12.787004085952434,4,14,100-300:300-600,False,True,,2560,99.94996664442962
69,2026-10-07T04:20:09.256+00:00,2026-10-07T04:20:18.801+00:00,2026-10-07T04:20:43.363+00:00,True,396,396.0,,396.0,9544.346524,34106.509724,34106.509728,86.12754981818182,0.017643,9544.346524,478.44890289644235,132.08166400000002,62.18269164556962,43.23212269126262,11.610686734132265,4,14,100-300:300-600,False,True,,1581,99.94996664442962
70,2026-10-07T04:20:12.449+00:00,2026-10-07T04:20:22.162+00:00,2026-10-07T04:20:42.741+00:00,True,328,328.0,,328.0,9712.716264,30291.162856000003,30291.162699,92.35110578963415,0.017453,9712.716264,534.957237259477,130.7316296,62.931029333333335,47.84162186231472,10.828240617874812,4,14,100-300:300-600,False,True,,1657,99.94996664442962
71,2026-10-07T04:20:15.211+00:00,2026-10-07T04:20:26.835+00:00,2026-10-07T04:20:53.967+00:00,True,441,441.0,,441.0,11624.037627,38755.896571,38755.896458,87.8818513786848,0.018344000000000003,11624.037627,552.0893908875387,128.64219500000002,61.663315781818184,40.71778812354561,11.378913636847418,4,14,100-300:300-600,False,True,,2451,99.94996664442962
72,2026-10-07T04:20:18.099+00:00,2026-10-07T04:20:29.058+00:00,2026-10-07T04:21:39.259+00:00,True,1152,1152.0,,1152.0,10958.981209000001,81159.454553,81159.45459000001,70.45091544270834,0.017042,10958.981209000001,323.110570391315,130.34744719999998,60.990854338835796,36.137531317518054,14.19427972187397,4,14,1-100:1000-1500,False,True,,1155,99.94996664442962
73,2026-10-07T04:20:21.522+00:00,2026-10-07T04:20:31.958+00:00,2026-10-07T04:21:07.300+00:00,True,580,580.0,,580.0,10435.9346,45778.07348,45778.073457,78.92771285689655,44.088274,10435.9346,431.5222723129675,127.76149889999999,61.03996352331606,25.080729936619125,12.669821071727636,4,14,100-300:300-600,False,True,,2962,99.94996664442962
74,2026-10-07T04:20:25.416+00:00,2026-10-07T04:20:37.251+00:00,2026-10-07T04:21:39.707+00:00,True,1020,1020.0,,1020.0,11834.263786,74290.88561,74290.885421,72.83420139313725,0.017482,11834.263786,370.40738074692166,129.73687254999996,61.292072447497546,36.300976447500375,13.729813443800188,4,14,1-100:1000-1500,False,True,,2893,99.94996664442962
75,2026-10-07T04:20:29.350+00:00,2026-10-07T04:20:41.113+00:00,2026-10-07T04:21:47.244+00:00,True,1079,1079.0,,1079.0,11762.731829,77893.703221,77893.703423,72.19064265338277,0.017704,11762.731829,358.10799054721986,130.6660845,61.345984593692016,36.674987328671676,13.85221083838653,4,14,1-100:1000-1500,False,True,,4195,99.94996664442962
76,2026-10-07T04:20:33.053+00:00,2026-10-07T04:20:45.054+00:00,2026-10-07T04:21:14.685+00:00,True,495,495.0,,495.0,12000.046338,41631.907842,41631.907984,84.10486461414142,43.241087,12000.046338,537.2351576750492,128.4893825,59.98352531174089,24.749780850974453,11.88991871039413,4,14,100-300:300-600,False,True,,2109,99.94996664442962
77,2026-10-07T04:20:37.357+00:00,2026-10-07T04:20:48.344+00:00,2026-10-07T04:21:07.701+00:00,True,323,323.0,,323.0,10986.819441,30344.306033,30344.305988,93.94521977708978,42.280407,10986.819441,608.4727364792024,128.8340231,60.11641798757764,24.569762986768417,10.644501134701562,4,14,100-300:300-600,False,True,,1396,99.94996664442962
78,2026-10-07T04:20:39.904+00:00,2026-10-07T04:20:52.332+00:00,2026-10-07T04:21:59.977+00:00,True,1101,1101.0,,1101.0,12427.610171,80072.868411,80072.868404,72.72740091189827,0.017543,12427.610171,374.48617666719133,131.316576,61.49568930909091,36.72180120148641,13.74997576393492,4,14,1-100:1000-1500,False,True,,1624,99.94996664442962
79,2026-10-07T04:20:44.178+00:00,2026-10-07T04:20:58.036+00:00,2026-10-07T04:21:19.107+00:00,True,346,346.0,,346.0,13857.741794,34929.014753999996,34929.014739,100.95090965028902,40.359909,13857.741794,742.1589861394303,128.929983,61.076153507246374,25.752756727379772,9.905804742470638,4,14,100-300:300-600,False,True,,882,99.94996664442962
80,2026-10-07T04:20:48.705+00:00,2026-10-07T04:21:00.896+00:00,2026-10-07T04:21:18.909+00:00,True,300,300.0,,300.0,12191.092051000001,30203.611987000004,30203.611914,100.67870638000001,42.679877,12191.092051000001,700.8338261403361,128.06524845,60.24254159197324,25.400337369495844,9.932586875010962,4,14,100-300:300-600,False,True,,1428,99.94996664442962
81,2026-10-07T04:20:51.861+00:00,2026-10-07T04:21:03.502+00:00,2026-10-07T04:21:29.669+00:00,True,432,432.0,,432.0,11641.49377,37808.340746,37808.340744,87.51930727777777,43.830501,11641.49377,557.7648191515784,129.30150125,60.71194193967518,25.551104926900088,11.426050217390305,4,14,100-300:300-600,False,True,,1940,99.94996664442962
82,2026-10-07T04:20:54.443+00:00,2026-10-07T04:21:06.441+00:00,2026-10-07T04:22:10.465+00:00,True,1041,1041.0,,1041.0,11997.918096000001,76022.440592,76022.440647,73.02828112103747,0.017733000000000002,11997.918096000001,371.82933317568967,130.372777,61.56204086153846,37.32648912096052,13.693325179954124,4,14,1-100:1000-1500,False,True,,3966,99.94996664442962
83,2026-10-07T04:20:57.965+00:00,2026-10-07T04:21:11.561+00:00,2026-10-07T04:21:40.033+00:00,True,460,460.0,,460.0,13595.653664000001,42067.714848,42067.714868,91.45155406086957,0.017523,13595.653664000001,632.7700724897953,135.52765565,62.03063438779956,47.235478036814584,10.934751308980822,4,14,100-300:300-600,False,True,,2321,99.94996664442962
84,2026-10-07T04:21:01.021+00:00,2026-10-07T04:21:14.832+00:00,2026-10-07T04:21:43.527+00:00,True,456,456.0,,456.0,13810.753996,42506.155468,42506.155601,93.21525351096491,0.019806999999999998,13810.753996,645.5649678409324,134.850401,63.06681642197802,47.83177515380018,10.727858000314601,4,14,100-300:300-600,False,True,,2257,99.94996664442962
85,2026-10-07T04:21:04.865+00:00,2026-10-07T04:21:19.057+00:00,2026-10-07T04:22:31.337+00:00,True,1192,1192.0,,1192.0,14192.26599,86472.882438,86472.882523,72.54436453271812,0.017663,14192.26599,410.79392500876634,128.25222665,60.68901464987405,34.89817423131143,13.784668284356654,4,14,1-100:1000-1500,False,True,,1192,99.94996664442962
86,2026-10-07T04:21:08.469+00:00,2026-10-07T04:21:24.769+00:00,2026-10-07T04:22:46.793+00:00,True,1341,1341.0,,1341.0,16300.134130999999,98323.580403,98323.580566,73.32108916181954,0.018104,16300.134130999999,444.8004326614181,129.37157399999998,61.211527068656714,34.67105533610579,13.638640847939302,4,14,1-100:1000-1500,False,True,,4692,99.94996664442962
87,2026-10-07T04:21:11.706+00:00,2026-10-07T04:21:28.482+00:00,2026-10-07T04:21:55.833+00:00,True,437,437.0,,437.0,16776.325803,44126.855595,44126.855703,100.97678650572082,0.017974,16776.325803,801.0004270476442,132.6047482,62.73057291743119,48.73811085041322,9.903266256060093,4,14,100-300:300-600,False,True,,2080,99.94996664442962
88,2026-10-07T04:21:16.113+00:00,2026-10-07T04:21:34.587+00:00,2026-10-07T04:21:57.034+00:00,True,360,360.0,,360.0,18473.918247,40920.921639,40920.92164,113.66922677777778,0.018494,18473.918247,971.7291672685,133.46897604999998,62.52647184401114,51.533236044807786,8.797455814311357,4,14,100-300:300-600,False,True,,1495,99.94996664442962
89,2026-10-07T04:21:20.527+00:00,2026-10-07T04:21:39.443+00:00,2026-10-07T04:22:10.708+00:00,True,505,505.0,,505.0,18915.870492,50181.004828,50181.004613,99.36832596633663,41.040033,18915.870492,839.4129622400444,130.191969,62.0339966984127,26.836584923134925,10.063568908811888,4,14,100-300:300-600,False,True,,2577,99.94996664442962
90,2026-10-07T04:21:25.104+00:00,2026-10-07T04:21:42.583+00:00,2026-10-07T04:22:57.169+00:00,True,1234,1234.0,,1234.0,17479.543501,92064.87521299999,92064.875369,74.60686820826581,38.245178,17479.543501,496.51167535771145,127.2448427,60.49094218329278,25.26472455465307,13.403591729690993,4,14,1-100:1000-1500,False,True,,4829,99.94996664442962
91,2026-10-07T04:21:27.841+00:00,2026-10-07T04:21:44.988+00:00,2026-10-07T04:22:49.356+00:00,True,1064,1064.0,,1064.0,17147.304274000002,81515.311186,81515.311196,76.61213458270677,38.298498,17147.304274000002,524.4428608003956,127.51422115000001,60.55315796048918,25.400487612630922,13.052762536502941,4,14,1-100:1000-1500,False,True,,1070,99.94996664442962
92,2026-10-07T04:21:31.716+00:00,2026-10-07T04:21:47.960+00:00,2026-10-07T04:22:19.012+00:00,True,511,511.0,,511.0,16244.108352,47296.302912,47296.30293,92.55636581213307,39.398286999999996,16244.108352,716.356710239846,126.5189935,60.886656,25.500526576081164,10.804227149652098,4,14,100-300:300-600,False,True,,1385,99.94996664442962
93,2026-10-07T04:21:36.122+00:00,2026-10-07T04:21:53.151+00:00,2026-10-07T04:22:11.873+00:00,True,304,304.0,,304.0,17029.127738000003,35750.314554000004,35750.314568,117.59971897368422,41.643925,17029.127738000003,973.4933583858743,128.5661523,61.786095102310234,26.129451593075014,8.503421684327146,4,14,100-300:300-600,False,True,,1326,99.94996664442962
94,2026-10-07T04:21:39.026+00:00,2026-10-07T04:21:55.683+00:00,2026-10-07T04:22:18.601+00:00,True,379,379.0,,379.0,16656.910089,39575.069961,39575.069991000004,104.41970973878628,42.543760999999996,16656.910089,852.8474581755856,123.77329389999998,60.63005257142857,24.596249617467183,9.576736070801458,4,14,100-300:300-600,False,True,,1619,99.94996664442962
95,2026-10-07T04:21:42.929+00:00,2026-10-07T04:22:00.652+00:00,2026-10-07T04:22:25.499+00:00,True,417,417.0,,417.0,17722.905723,42569.585019,42569.58504,102.08533582733813,38.272318,17722.905723,865.313172779421,123.23271660000002,59.727594461538466,24.412898366911048,9.795726216590582,4,14,100-300:300-600,False,True,,1140,99.94996664442962
96,2026-10-07T04:21:45.572+00:00,2026-10-07T04:22:04.001+00:00,2026-10-07T04:22:25.495+00:00,True,357,357.0,,357.0,18429.023568,39923.549264,39923.549384,111.83067054341737,41.89731,18429.023568,972.4976956824013,124.44107639999999,60.377881168539325,25.20914524993081,8.942090735452602,4,14,100-300:300-600,False,True,,1737,99.94996664442962
97,2026-10-07T04:21:49.739+00:00,2026-10-07T04:22:07.978+00:00,2026-10-07T04:23:37.954+00:00,True,1494,1494.0,,1494.0,18239.248766,108215.141246,108215.141065,72.4331600167336,0.017703,18239.248766,471.71969096038634,124.57106785,60.26516576021434,36.31226307869346,13.805831446486453,4,14,1-100:1000-1500,False,True,,4958,99.94996664442962
98,2026-10-07T04:21:54.066+00:00,2026-10-07T04:22:10.661+00:00,2026-10-07T04:22:33.830+00:00,True,399,399.0,,399.0,16595.304981,39764.579349,39764.579362000004,99.66059990476191,41.824774,16595.304981,828.2112952839321,122.1774719,58.214257206030155,23.09460821497247,10.034055597523478,4,14,100-300:300-600,False,True,,1765,99.94996664442962
99,2026-10-07T04:21:57.500+00:00,2026-10-07T04:22:12.639+00:00,2026-10-07T04:23:21.968+00:00,True,1144,1144.0,,1144.0,15138.877111,84467.745207,84467.745159,73.83544157255244,0.018064,15138.877111,447.5447010420289,125.85334425,60.65517768678915,39.530768154478245,13.543631325738225,4,14,1-100:1000-1500,False,True,,1798,99.94996664442962
100,2026-10-07T04:22:01.264+00:00,2026-10-07T04:22:16.318+00:00,2026-10-07T04:22:34.290+00:00,True,314,314.0,,314.0,15053.369184000001,33025.796192,33025.796112,105.17769462420382,38.850381999999996,15053.369184000001,846.5701927292432,121.06355824999999,57.4198945942492,22.56471710570163,9.507719304464846,4,14,100-300:300-600,False,True,,754,99.94996664442962
101,2026-10-07T04:22:05.014+00:00,2026-10-07T04:22:19.551+00:00,2026-10-07T04:23:34.075+00:00,True,1240,1240.0,,1240.0,14536.726518,89060.38270999999,89060.382693,71.82288926854838,0.017744,14536.726518,412.81899457185654,127.44314200000001,60.148229372074255,37.570379824281744,13.923138013427478,4,14,1-100:1000-1500,False,True,,3840,99.94996664442962
102,2026-10-07T04:22:09.155+00:00,2026-10-07T04:22:25.058+00:00,2026-10-07T04:22:56.772+00:00,True,526,526.0,,526.0,15902.538709,47616.727253000005,47616.72734,90.52609760456274,31.450177,15902.538709,691.232057027105,128.234882,60.407978179047625,25.842709863391963,11.046538272259362,4,14,100-300:300-600,False,True,,2397,99.94996664442962
103,2026-10-07T04:22:13.324+00:00,2026-10-07T04:22:32.013+00:00,2026-10-07T04:23:05.624+00:00,True,551,551.0,,551.0,18689.508440999998,52300.674393,52300.674253,94.91955399818511,0.017764,18689.508440999998,795.19264258385,129.8593275,61.11121082181818,50.40542622655849,10.535237000189555,4,14,100-300:300-600,False,True,,2275,99.94996664442962
104,2026-10-07T04:22:17.339+00:00,2026-10-07T04:22:35.952+00:00,2026-10-07T04:23:10.664+00:00,True,563,563.0,,563.0,18612.844812,53324.314891999995,53324.314864,94.71459123268205,0.018605,18612.844812,783.3907057422088,131.6954432,61.76418163701068,49.39264174841342,10.558035319164771,4,14,100-300:300-600,False,True,,2579,99.94996664442962
105,2026-10-07T04:22:20.862+00:00,2026-10-07T04:22:39.094+00:00,2026-10-07T04:23:09.863+00:00,True,502,502.0,,502.0,18232.012944,49001.171088,49001.171036,97.6118944940239,0.017613,18232.012944,812.6603654542524,132.77394325,61.41548531736527,52.075911035885596,10.244653114483132,4,14,100-300:300-600,False,True,,2345,99.94996664442962
106,2026-10-07T04:22:24.697+00:00,2026-10-07T04:22:42.983+00:00,2026-10-07T04:23:09.043+00:00,True,426,426.0,,426.0,18285.787719,44345.613383,44345.613154,104.09768346009389,0.017603,18285.787719,884.7318962234041,131.64679,61.317236856470586,55.739053975939555,9.606361655678622,4,14,100-300:300-600,False,True,,1659,99.94996664442962
107,2026-10-07T04:22:29.246+00:00,2026-10-07T04:22:46.960+00:00,2026-10-07T04:23:18.873+00:00,True,516,516.0,,516.0,17713.530458,49626.63689,49626.636923,96.17565295155039,0.018053,17713.530458,778.7296153767105,131.03175775,61.9671969553398,50.91290070378588,10.397641918466903,4,14,100-300:300-600,False,True,,2232,99.94996664442962
108,2026-10-07T04:22:32.392+00:00,2026-10-07T04:22:51.269+00:00,2026-10-07T04:24:19.882+00:00,True,1456,1456.0,,1456.0,18877.014631000002,107490.742375,107490.74237,73.82605932005495,0.017443,18877.014631000002,494.49860261335624,129.12652074999997,60.902905665979375,36.96354919440567,13.545352537621266,4,14,1-100:1000-1500,False,True,,4366,99.94996664442962
109,2026-10-07T04:22:36.680+00:00,2026-10-07T04:22:58.671+00:00,2026-10-07T04:23:25.896+00:00,True,445,445.0,,445.0,21991.624686,49216.366318,49216.36615,110.59857561797753,0.017453,21991.624686,1041.0883983252775,126.98989699999998,61.31698565765766,55.78191045133704,9.041707734470622,4,14,100-300:300-600,False,True,,1041,99.94996664442962
110,2026-10-07T04:22:39.844+00:00,2026-10-07T04:23:01.194+00:00,2026-10-07T04:24:25.838+00:00,True,1383,1383.0,,1383.0,21349.991801,105993.514361,105993.51442,76.64028519161243,0.017582999999999998,21349.991801,573.7013298234242,129.2127841,61.247121968162084,37.856737492479375,13.047968154822035,4,14,1-100:1000-1500,False,True,,2766,99.94996664442962
111,2026-10-07T04:22:43.507+00:00,2026-10-07T04:23:04.961+00:00,2026-10-07T04:23:27.872+00:00,True,375,375.0,,375.0,21454.41901,44364.95085,44364.950816000004,118.30653550933334,38.782179,21454.41901,1105.0396114583182,126.26234229999999,61.25810652406417,25.847766093662216,8.452618402934622,4,14,100-300:300-600,False,True,,1695,99.94996664442962
112,2026-10-07T04:22:46.547+00:00,2026-10-07T04:23:07.543+00:00,2026-10-07T04:23:41.378+00:00,True,569,569.0,,569.0,20995.990421,54830.418837000005,54830.418751,96.36277460632688,40.47393,20995.990421,878.0329663211065,119.65748400000001,59.56765566197183,24.181615558950377,10.377451277392655,4,14,100-300:300-600,False,True,,2711,99.94996664442962
113,2026-10-07T04:22:50.118+00:00,2026-10-07T04:23:10.611+00:00,2026-10-07T04:23:29.429+00:00,True,318,318.0,,318.0,20493.667136,39311.45504,39311.455077,123.62092791509434,41.205068,20493.667136,1146.1474034473424,114.72724919999999,59.36210695268139,23.902452225887547,8.08924522576003,4,14,100-300:300-600,False,True,,1610,99.94996664442962
114,2026-10-07T04:22:53.903+00:00,2026-10-07T04:23:13.396+00:00,2026-10-07T04:24:30.424+00:00,True,1267,1267.0,,1267.0,19493.127660000002,96520.695788,96520.695752,76.180501777427,36.590830000000004,19493.127660000002,546.5271189296973,127.83603670000001,60.84326076461296,25.588656689189005,13.126718468574495,4,14,1-100:1000-1500,False,True,,5423,99.94996664442962
115,2026-10-07T04:22:57.602+00:00,2026-10-07T04:23:16.625+00:00,2026-10-07T04:24:41.677+00:00,True,1391,1391.0,,1391.0,19022.188028,104074.384636,104074.38468,74.81983082674336,38.667441,19022.188028,509.05015499497074,128.50202850000002,61.18863065323741,25.91072939387022,13.365440543943837,4,14,1-100:1000-1500,False,True,,1391,99.94996664442962
116,2026-10-07T04:23:02.019+00:00,2026-10-07T04:23:19.153+00:00,2026-10-07T04:24:39.528+00:00,True,1320,1320.0,,1320.0,17133.446559,97508.26819100001,97508.268289,73.86990021893939,33.82573,17133.446559,470.62575364963305,129.48619295,60.93618016072782,26.039313296275523,13.537313547753437,4,14,1-100:1000-1500,False,True,,5808,99.94996664442962
117,2026-10-07T04:23:04.989+00:00,2026-10-07T04:23:21.729+00:00,2026-10-07T04:23:53.943+00:00,True,548,548.0,,548.0,16740.721845,48953.967029,48953.967017,89.33205660036496,41.496555,16740.721845,713.0212014525692,121.3464873,58.89075902010969,24.160229498249507,11.194189832978571,4,14,100-300:300-600,False,True,,2773,99.94996664442962
118,2026-10-07T04:23:08.858+00:00,2026-10-07T04:23:27.477+00:00,2026-10-07T04:23:47.233+00:00,True,329,329.0,,329.0,18619.506228,38375.499572,38375.49959,116.64285589665653,39.800706,18619.506228,1023.5205264209801,127.44443059999998,60.23168702439024,25.413933119373326,8.573178295248798,4,14,100-300:300-600,False,True,,658,99.94996664442962
119,2026-10-07T04:23:13.126+00:00,2026-10-07T04:23:32.601+00:00,2026-10-07T04:23:51.334+00:00,True,308,308.0,,308.0,19474.371081,38207.447305,38207.447191,124.05015321753247,43.738375999999995,19474.371081,1106.4801154261286,127.36181995000001,61.01979226058632,25.882075361837753,8.061255637973325,4,14,100-300:300-600,False,True,,1466,99.94996664442962
120,2026-10-07T04:23:16.181+00:00,2026-10-07T04:23:34.246+00:00,2026-10-07T04:24:03.466+00:00,True,485,485.0,,485.0,18064.925693999998,47284.894206,47284.894426,97.49462768247422,40.852103,18064.925693999998,817.9417669233908,128.9611232,60.37183576859504,25.510398631857406,10.256975470581853,4,14,100-300:300-600,False,True,,2134,99.94996664442962
121,2026-10-07T04:23:19.018+00:00,2026-10-07T04:23:39.351+00:00,2026-10-07T04:25:08.126+00:00,True,1436,1436.0,,1436.0,20333.626652,109108.42626800001,109108.426457,75.9807983683844,0.017282,20333.626652,536.6269373768378,130.97753125,61.863971857839715,42.38830045970247,13.16121998197273,4,14,1-100:1000-1500,False,True,,4468,99.94996664442962
122,2026-10-07T04:23:21.684+00:00,2026-10-07T04:23:41.814+00:00,2026-10-07T04:24:07.610+00:00,True,417,417.0,,417.0,20129.457219,45925.660227,45925.660247,110.13347781055155,42.697433,20129.457219,983.0623064054912,130.33553,62.010103384615384,26.455814173307598,9.079891240297139,4,14,100-300:300-600,False,True,,777,99.94996664442962
123,2026-10-07T04:23:26.208+00:00,2026-10-07T04:23:45.113+00:00,2026-10-07T04:24:11.778+00:00,True,435,435.0,,435.0,18904.966349,45570.116557,45570.116472,104.75888844137931,38.991550000000004,18904.966349,903.8513457884736,131.4464236,61.44043826728111,26.009087794822015,9.545729369726176,4,14,100-300:300-600,False,True,,2122,99.94996664442962
124,2026-10-07T04:23:30.476+00:00,2026-10-07T04:23:50.002+00:00,2026-10-07T04:24:20.357+00:00,True,492,492.0,,492.0,19526.190807,49881.334487,49881.334434,101.38482608536584,42.219947999999995,19526.190807,877.9172754190122,131.46242089999998,61.82310321792261,26.38631514261294,9.863408929611223,4,14,100-300:300-600,False,True,,2642,99.94996664442962
125,2026-10-07T04:23:34.316+00:00,2026-10-07T04:23:54.194+00:00,2026-10-07T04:24:25.671+00:00,True,508,508.0,,508.0,19878.270729,51354.661129,51354.661046,101.0918524527559,41.313408,19878.270729,879.6080953355307,131.7315911,62.08361025641025,26.780323496851196,9.891994004671412,4,14,100-300:300-600,False,True,,2626,99.94996664442962
126,2026-10-07T04:23:37.016+00:00,2026-10-07T04:23:59.530+00:00,2026-10-07T04:25:08.760+00:00,True,1111,1111.0,,1111.0,22513.48775,91743.953798,91743.953794,82.57781619621962,0.017072,22513.48775,675.1475313511935,130.397469,62.36978923243243,46.18781320280027,12.109789844529455,4,14,1-100:1000-1500,False,True,,3759,99.94996664442962
127,2026-10-07T04:23:39.750+00:00,2026-10-07T04:24:03.262+00:00,2026-10-07T04:24:22.159+00:00,True,300,300.0,,300.0,23512.042158,42409.80395,42409.803964,141.36601321333333,44.483297,23512.042158,1354.0922721179547,131.7478204,63.20321669565217,27.23115281960094,7.073836048704488,4,14,100-300:300-600,False,True,,1359,99.94996664442962
128,2026-10-07T04:23:42.601+00:00,2026-10-07T04:24:04.729+00:00,2026-10-07T04:24:29.195+00:00,True,395,395.0,,395.0,22127.919539000002,46594.24913900001,46594.248933,117.96012388101266,42.108799,22127.919539000002,1110.5761450799382,131.1046949,62.09728324873097,26.86414172257253,8.477441042598103,4,14,100-300:300-600,False,True,,1753,99.94996664442962
129,2026-10-07T04:23:46.962+00:00,2026-10-07T04:24:08.265+00:00,2026-10-07T04:24:34.627+00:00,True,430,430.0,,430.0,21302.534052000003,47664.536996,47664.536898000006,110.84776022790699,38.295404000000005,21302.534052000003,1024.6717841913053,131.42816635,61.44989031235431,26.259391160036227,9.0213820819467,4,14,100-300:300-600,False,True,,1918,99.94996664442962
130,2026-10-07T04:23:50.960+00:00,2026-10-07T04:24:13.464+00:00,2026-10-07T04:25:21.015+00:00,True,1093,1093.0,,1093.0,22504.030077,90054.854269,90054.85436,82.39236446477585,0.017913000000000002,22504.030077,680.6281177243095,129.6583934,61.859729113553115,49.59827182448053,12.137047012869893,4,14,1-100:1000-1500,False,True,,2404,99.94996664442962
131,2026-10-07T04:23:55.081+00:00,2026-10-07T04:24:16.817+00:00,2026-10-07T04:24:51.440+00:00,True,564,564.0,,564.0,21735.737481,56359.278473,56359.278363,99.92779851595745,0.017963999999999997,21735.737481,914.4861707373755,130.3527858,61.498296611012435,57.971591935656136,10.007225345693437,4,14,100-300:300-600,False,True,,2584,99.94996664442962
132,2026-10-07T04:23:58.258+00:00,2026-10-07T04:24:20.536+00:00,2026-10-07T04:24:49.143+00:00,True,465,465.0,,465.0,22277.588443,50884.953819,50884.953832,109.43000824086022,0.017904,22277.588443,1032.4182167523272,129.98794320000002,61.65380468965517,67.11234325303494,9.138261216744448,4,14,100-300:300-600,False,True,,2477,99.94996664442962
133,2026-10-07T04:24:02.804+00:00,2026-10-07T04:24:25.366+00:00,2026-10-07T04:25:01.384+00:00,True,584,584.0,,584.0,22562.454016,58579.862528,58579.862422,100.30798359931507,0.017513,22562.454016,933.1992782954164,129.8016207,61.77943140994854,62.84303805209663,9.969296184689059,4,14,100-300:300-600,False,True,,2672,99.94996664442962
134,2026-10-07T04:24:05.916+00:00,2026-10-07T04:24:28.614+00:00,2026-10-07T04:24:50.158+00:00,True,350,350.0,,350.0,22697.805751,44241.632439,44241.632446,126.40466413142858,0.017934000000000002,22697.805751,1212.5058279192804,129.0711822,61.73016242979943,78.81161672354011,7.911100488495245,4,14,100-300:300-600,False,True,,1482,99.94996664442962
135,2026-10-07T04:24:09.334+00:00,2026-10-07T04:24:33.126+00:00,2026-10-07T04:24:56.675+00:00,True,385,385.0,,385.0,23792.120533,47340.919509,47340.919456,122.96342715844156,0.017593,23792.120533,1211.3515396963585,127.25828379999999,61.324997333333336,68.23267590835951,8.132499410511185,4,14,100-300:300-600,False,True,,1959,99.94996664442962
136,2026-10-07T04:24:13.874+00:00,2026-10-07T04:24:37.597+00:00,2026-10-07T04:25:46.008+00:00,True,1129,1129.0,,1129.0,23723.546174,92134.37932600001,92134.379382,81.60706765456156,0.018565,23723.546174,705.6957962955074,126.23172320000002,60.64790173049645,45.31851618418525,12.253840621265248,4,14,1-100:1000-1500,False,True,,2822,99.94996664442962
137,2026-10-07T04:24:17.807+00:00,2026-10-07T04:24:39.329+00:00,2026-10-07T04:25:10.067+00:00,True,501,501.0,,501.0,21522.003939,52260.427490999995,52260.427587,104.31223071257484,0.017292000000000002,21522.003939,961.083715767741,129.273488,61.476847104,66.4894225963795,9.586603555554143,4,14,100-300:300-600,False,True,,2026,99.94996664442962
138,2026-10-07T04:24:21.711+00:00,2026-10-07T04:24:44.088+00:00,2026-10-07T04:25:07.689+00:00,True,390,390.0,,390.0,22376.935782,45977.764454000004,45977.764674,117.8917042923077,0.017563,22376.935782,1132.1651264769187,130.3614719,60.67051072493573,69.62048297788986,8.48236108543704,4,14,100-300:300-600,False,True,,1976,99.94996664442962
139,2026-10-07T04:24:25.177+00:00,2026-10-07T04:24:45.796+00:00,2026-10-07T04:25:14.244+00:00,True,468,468.0,,468.0,20619.289703000002,49067.335783,49067.335827,104.84473467307693,0.017472,20619.289703000002,952.3951088008982,129.8362502,60.91658689507495,63.03731000539497,9.537913410863128,4,14,100-300:300-600,False,True,,2083,99.94996664442962
140,2026-10-07T04:24:29.545+00:00,2026-10-07T04:24:52.542+00:00,2026-10-07T04:25:18.984+00:00,True,431,431.0,,431.0,22997.681812,49439.408788,49439.408723,114.70860492575406,43.149014,22997.681812,1105.0978165827662,129.81981100000002,61.49238831627907,25.797359457645214,8.717741788704659,4,14,100-300:300-600,False,True,,1863,99.94996664442962
141,2026-10-07T04:24:33.249+00:00,2026-10-07T04:24:56.624+00:00,2026-10-07T04:26:24.033+00:00,True,1455,1455.0,,1455.0,23375.621556000002,110784.648116,110784.648016,76.14065155738832,39.314629000000004,23375.621556000002,611.7423534985058,125.70860410000002,60.11624935350756,24.740493683209458,13.13358867626229,4,14,1-100:1000-1500,False,True,,2442,99.94996664442962
142,2026-10-07T04:24:37.184+00:00,2026-10-07T04:25:00.147+00:00,2026-10-07T04:25:36.244+00:00,True,599,599.0,,599.0,22963.601094999998,59060.622534999995,59060.622485,98.59870197829716,42.032723,22963.601094999998,936.140066147951,126.335396,60.36291210702341,25.216702589820795,10.142121337190881,4,14,100-300:300-600,False,True,,2934,99.94996664442962
143,2026-10-07T04:24:40.063+00:00,2026-10-07T04:25:03.557+00:00,2026-10-07T04:25:24.237+00:00,True,342,342.0,,342.0,23493.510717,44173.669437000004,44173.669311,129.1627757631579,42.71412,23493.510717,1267.34580716911,127.74028909999998,60.64562674486803,24.78057920853261,7.742168680094748,4,14,100-300:300-600,False,True,,1424,99.94996664442962
144,2026-10-07T04:24:44.206+00:00,2026-10-07T04:25:07.931+00:00,2026-10-07T04:25:38.121+00:00,True,503,503.0,,503.0,23725.103462000003,53915.219046,53915.219124,107.18731436182902,42.580098,23725.103462000003,1055.4591572066145,125.71541309999999,60.13967247808765,24.78949353040655,9.329462235344806,4,14,100-300:300-600,False,True,,2573,99.94996664442962
145,2026-10-07T04:24:48.009+00:00,2026-10-07T04:25:10.440+00:00,2026-10-07T04:25:33.873+00:00,True,396,396.0,,396.0,22430.70009,45863.817786,45863.817671,115.81772139141414,40.516220000000004,22430.70009,1124.4601126869886,124.03264825000001,59.32434859746835,24.031872688703885,8.63425722314987,4,14,100-300:300-600,False,True,,1521,99.94996664442962
146,2026-10-07T04:24:51.760+00:00,2026-10-07T04:25:14.503+00:00,2026-10-07T04:25:42.881+00:00,True,480,480.0,,480.0,22742.860316,51121.342491999996,51121.342426999996,106.50279672291666,41.432387000000006,22742.860316,1035.640106772162,123.45188225,59.24526550313152,24.08302441210762,9.38942478036674,4,14,100-300:300-600,False,True,,2392,99.94996664442962
147,2026-10-07T04:24:55.877+00:00,2026-10-07T04:25:18.930+00:00,2026-10-07T04:25:44.009+00:00,True,422,422.0,,422.0,23052.651671,48131.995287,48131.995231,114.05686073696683,40.417927000000006,23052.651671,1119.5775440992702,125.66792465,59.57088744893111,25.593834650246833,8.76755674647833,4,14,100-300:300-600,False,True,,2547,99.94996664442962
148,2026-10-07T04:24:59.787+00:00,2026-10-07T04:25:20.867+00:00,2026-10-07T04:25:49.594+00:00,True,489,489.0,,489.0,21079.242467,49806.254050999996,49806.254155,101.8532804805726,39.900245999999996,21079.242467,950.8812948114648,122.5225892,58.866827016393444,24.187620304158813,9.81804412552849,4,14,100-300:300-600,False,True,,2266,99.94996664442962
149,2026-10-07T04:25:02.781+00:00,2026-10-07T04:25:24.789+00:00,2026-10-07T04:25:52.529+00:00,True,475,475.0,,475.0,22007.860038,49747.401798,49747.401821,104.73137225473684,42.129323,22007.860038,1007.3816379414058,120.85663379999998,58.52224,23.64512272964435,9.548237351746408,4,14,100-300:300-600,False,True,,1999,99.94996664442962
150,2026-10-07T04:25:07.013+00:00,2026-10-07T04:25:29.026+00:00,2026-10-07T04:26:02.218+00:00,True,569,569.0,,569.0,22013.095009,55205.296737,55205.296725,97.02161111599297,41.949256,22013.095009,920.690090663654,122.24141739999999,58.436974873239436,23.637512742133694,10.306982004113415,4,14,100-300:300-600,False,True,,2461,99.94996664442962
151,2026-10-07T04:25:10.533+00:00,2026-10-07T04:25:32.266+00:00,2026-10-07T04:26:03.813+00:00,True,539,539.0,,539.0,21733.2861,53279.480532,53279.480475000004,98.84875783858999,41.318824,21733.2861,933.8966092177196,123.69142759999998,58.63604913011152,23.823103235305958,10.116464999621629,4,14,100-300:300-600,False,True,,2490,99.94996664442962
152,2026-10-07T04:25:14.786+00:00,2026-10-07T04:25:36.507+00:00,2026-10-07T04:26:09.449+00:00,True,554,554.0,,554.0,21721.241480999997,54663.114633,54663.114788,98.66988228880867,40.963913,21721.241480999997,920.644514943509,125.4510019,59.56939087160941,24.60488315581333,10.134804862830693,4,14,100-300:300-600,False,True,,2838,99.94996664442962
153,2026-10-07T04:25:17.293+00:00,2026-10-07T04:25:39.145+00:00,2026-10-07T04:26:11.442+00:00,True,543,543.0,,543.0,21852.307609,54149.005977,54149.005966,99.72192627255986,42.512642,21852.307609,935.5431472946707,125.9751207,59.58800436900369,24.795319993835857,10.027884911324897,4,14,100-300:300-600,False,True,,2111,99.94996664442962
154,2026-10-07T04:25:20.593+00:00,2026-10-07T04:25:42.686+00:00,2026-10-07T04:26:07.721+00:00,True,421,421.0,,421.0,22093.081578,47128.357354,47128.357501,111.94384204513065,43.246538,22093.081578,1074.1280374689034,125.500136,59.60779946666667,24.651042744632115,8.933050580093425,4,14,100-300:300-600,False,True,,2138,99.94996664442962
155,2026-10-07T04:25:23.359+00:00,2026-10-07T04:25:44.922+00:00,2026-10-07T04:26:04.256+00:00,True,329,329.0,,329.0,21562.606255,40896.885423,40896.885363,124.30664244072948,42.672720999999996,21562.606255,1185.7764100251677,124.69525739999999,58.94597307317073,23.954326940977346,8.044622386206791,4,14,100-300:300-600,False,True,,1821,99.94996664442962
156,2026-10-07T04:25:27.083+00:00,2026-10-07T04:25:48.963+00:00,2026-10-07T04:26:49.836+00:00,True,1011,1011.0,,1011.0,21879.889277,82753.28524499999,82753.285113,81.85290317804154,35.79189,21879.889277,686.6790428768646,126.510941,60.27068907722772,24.759482549047448,12.217037631881634,4,14,1-100:1000-1500,False,True,,3801,99.94996664442962
157,2026-10-07T04:25:30.340+00:00,2026-10-07T04:25:52.885+00:00,2026-10-07T04:26:12.844+00:00,True,334,334.0,,334.0,22545.451441,42504.324017000006,42504.323931,127.25845488323354,40.00726,22545.451441,1230.5930324686651,125.41091120000002,59.93655428228229,24.359589978437413,7.858024041657821,4,14,100-300:300-600,False,True,,1488,99.94996664442962
158,2026-10-07T04:25:34.206+00:00,2026-10-07T04:25:56.507+00:00,2026-10-07T04:27:23.988+00:00,True,1442,1442.0,,1442.0,22301.20617,109781.84361000001,109781.843658,76.1316530221914,0.017393000000000002,22301.20617,587.5981719579497,126.32535605000001,60.70828413601665,47.43174382640531,13.135141045022936,4,14,1-100:1000-1500,False,True,,2445,99.94996664442962
159,2026-10-07T04:25:38.558+00:00,2026-10-07T04:26:01.477+00:00,2026-10-07T04:26:36.770+00:00,True,581,581.0,,581.0,22918.666493999997,58212.072702,58212.072842999994,100.19289645955249,36.659436,22918.666493999997,948.6338526929724,126.79361,60.850700358620685,25.111905554696925,9.980747515627261,4,14,100-300:300-600,False,True,,2840,99.94996664442962
160,2026-10-07T04:25:41.505+00:00,2026-10-07T04:26:04.364+00:00,2026-10-07T04:26:38.869+00:00,True,566,566.0,,566.0,22859.563287,57364.166167,57364.166161,101.35011689222615,37.470385,22859.563287,958.631746917749,127.59137575000001,61.07009359292036,25.53708761735902,9.86678684306587,4,14,100-300:300-600,False,True,,2635,99.94996664442962
161,2026-10-07T04:25:45.316+00:00,2026-10-07T04:26:07.899+00:00,2026-10-07T04:26:26.516+00:00,True,313,313.0,,313.0,22582.912315,41199.833915,41199.833821,131.62886204792332,42.487679,22582.912315,1273.3076108409982,115.96023720000001,59.669620512820515,23.634600767772554,7.597118004061739,4,14,100-300:300-600,False,True,,1731,99.94996664442962
162,2026-10-07T04:25:48.829+00:00,2026-10-07T04:26:09.907+00:00,2026-10-07T04:26:44.660+00:00,True,578,578.0,,578.0,21077.999852,55831.485676000004,55831.485648,96.59426582698963,40.606181,21077.999852,874.5719171756103,126.77380899999999,60.23134458232236,24.690744922595,10.352581397425752,4,14,100-300:300-600,False,True,,2861,99.94996664442962
163,2026-10-07T04:25:52.659+00:00,2026-10-07T04:26:13.839+00:00,2026-10-07T04:27:22.038+00:00,True,1125,1125.0,,1125.0,21180.011684999998,89379.40957300001,89379.40949199999,79.44836399288889,0.017402,21180.011684999998,631.8201509214435,127.5796012,60.67562089679715,52.261466324939796,12.586791581803457,4,14,1-100:1000-1500,False,True,,4500,99.94996664442962
164,2026-10-07T04:25:55.385+00:00,2026-10-07T04:26:17.394+00:00,2026-10-07T04:27:20.748+00:00,True,1046,1046.0,,1046.0,22008.346643,85362.91304300001,85362.913083,81.6089035210325,0.018134,22008.346643,680.6822703324814,126.2200545,60.62637933014354,53.032763795689206,12.253564958275225,4,14,1-100:1000-1500,False,True,,2875,99.94996664442962
165,2026-10-07T04:25:59.080+00:00,2026-10-07T04:26:21.206+00:00,2026-10-07T04:26:42.793+00:00,True,356,356.0,,356.0,22126.342679,43712.853527,43712.85361,122.78891463483147,42.541559,22126.342679,1169.7526515059176,127.11983924999998,60.80707281126761,25.702030130959862,8.144057668989978,4,14,100-300:300-600,False,True,,1457,99.94996664442962
166,2026-10-07T04:26:03.567+00:00,2026-10-07T04:26:26.964+00:00,2026-10-07T04:27:30.309+00:00,True,1041,1041.0,,1041.0,23396.772678,86741.466694,86741.466665,83.32513608549472,0.017262,23396.772678,725.410444097843,127.739212,60.90835963076923,55.753448959792344,12.001180515800607,4,14,1-100:1000-1500,False,True,,3338,99.94996664442962
167,2026-10-07T04:26:06.209+00:00,2026-10-07T04:26:29.220+00:00,2026-10-07T04:26:48.840+00:00,True,327,327.0,,327.0,23010.537299,42630.821203,42630.821088,130.3694834495413,38.350344,23010.537299,1269.3936200577502,127.7201332,60.184919950920246,24.52623162769224,7.670506707878959,4,14,100-300:300-600,False,True,,1551,99.94996664442962
168,2026-10-07T04:26:09.484+00:00,2026-10-07T04:26:32.065+00:00,2026-10-07T04:27:07.965+00:00,True,598,598.0,,598.0,22580.984822000002,58481.074422000005,58481.074392,97.7944387826087,0.017914000000000003,22580.984822000002,923.5027742551755,126.29529849999999,60.13415343383585,68.72861800418315,10.225530326013269,4,14,100-300:300-600,False,True,,2826,99.94996664442962
169,2026-10-07T04:26:12.787+00:00,2026-10-07T04:26:35.097+00:00,2026-10-07T04:27:03.300+00:00,True,470,470.0,,470.0,22309.910622000003,50512.93167800001,50512.931761,107.47432289574469,0.017733000000000002,22309.910622000003,1029.4336667608113,126.05520824999999,60.13437325373134,80.27534501378587,9.304548051102328,4,14,100-300:300-600,False,True,,2408,99.94996664442962
170,2026-10-07T04:26:15.351+00:00,2026-10-07T04:26:38.263+00:00,2026-10-07T04:27:51.109+00:00,True,1195,1195.0,,1195.0,22912.148925999998,95757.47219,95757.47231699999,80.13177599748954,0.016992,22912.148925999998,663.2317692151743,127.19643890000002,61.00948347068676,53.96895430907084,12.479443877015735,4,14,1-100:1000-1500,False,True,,1883,99.94996664442962
171,2026-10-07T04:26:19.930+00:00,2026-10-07T04:26:43.438+00:00,2026-10-07T04:27:12.806+00:00,True,489,489.0,,489.0,23508.106734,52875.343342,52875.343461000004,108.12953673006135,0.017252,23508.106734,1062.8790539517588,116.5170918,60.17876354098361,73.32551548972549,9.248166897699877,4,14,100-300:300-600,False,True,,1898,99.94996664442962
172,2026-10-07T04:26:23.211+00:00,2026-10-07T04:26:47.838+00:00,2026-10-07T04:27:16.482+00:00,True,477,477.0,,477.0,24626.103528,53270.314984,53270.314916,111.67780904821802,0.017102,24626.103528,1127.5452803809305,115.82310280000002,60.176914823529415,78.7667545852519,8.954330383502882,4,14,100-300:300-600,False,True,,2107,99.94996664442962
173,2026-10-07T04:26:26.162+00:00,2026-10-07T04:26:51.138+00:00,2026-10-07T04:27:20.006+00:00,True,480,480.0,,480.0,24975.552761,53844.131064999994,53844.130955,112.17527282291667,0.017843,24975.552761,1139.7089218187532,117.65897075000001,60.26843069728601,75.32952794723424,8.914620600350105,4,14,100-300:300-600,False,True,,2124,99.94996664442962
174,2026-10-07T04:26:28.790+00:00,2026-10-07T04:26:54.666+00:00,2026-10-07T04:28:16.809+00:00,True,1331,1331.0,,1331.0,25876.383702,108019.32079,108019.320712,81.15651443425996,39.923311999999996,25876.383702,708.0584338159555,129.8551855,61.76160683308271,25.981556127800882,12.321869738355351,4,14,1-100:1000-1500,False,True,,4875,99.94996664442962
175,2026-10-07T04:26:33.295+00:00,2026-10-07T04:26:58.394+00:00,2026-10-07T04:27:32.293+00:00,True,557,557.0,,557.0,25099.602573,58998.357389,58998.357551,105.92164730879713,37.329281,25099.602573,1061.2276395725378,123.36708200000001,60.96898348201439,25.534370225553797,9.440940810054661,4,14,100-300:300-600,False,True,,2296,99.94996664442962
176,2026-10-07T04:26:36.532+00:00,2026-10-07T04:27:01.359+00:00,2026-10-07T04:27:25.393+00:00,True,400,400.0,,400.0,24826.46352,48860.294432,48860.294452,122.15073613,39.874691,24826.46352,1238.5518175055454,120.18024959999998,60.23516519298246,24.43222046171053,8.186606418360602,4,14,100-300:300-600,False,True,,1851,99.94996664442962
177,2026-10-07T04:26:39.157+00:00,2026-10-07T04:27:04.957+00:00,2026-10-07T04:27:24.350+00:00,True,321,321.0,,321.0,25799.489723000002,45192.49785100001,45192.497706,140.78659721495328,41.627847,25799.489723000002,1436.815679010246,124.115921,60.6031504,24.668669111360487,7.1029488358519,4,14,100-300:300-600,False,True,,1686,99.94996664442962
178,2026-10-07T04:26:43.467+00:00,2026-10-07T04:27:08.701+00:00,2026-10-07T04:28:38.917+00:00,True,1461,1461.0,,1461.0,25234.040657999998,115450.282834,115450.28305,79.0214120807666,31.199825,25234.040657999998,659.1104749569137,133.345444,61.79194669589041,26.883623791872925,12.65479792804576,4,14,1-100:1000-1500,False,True,,4673,99.94996664442962
179,2026-10-07T04:26:46.533+00:00,2026-10-07T04:27:12.257+00:00,2026-10-07T04:27:30.971+00:00,True,306,306.0,,306.0,25724.07973,44437.857906000005,44437.857949000005,145.22175800326798,44.101772,25724.07973,1467.2609514231235,130.6299725,61.35664975737705,25.490880411315114,6.886020488370207,4,14,100-300:300-600,False,True,,1518,99.94996664442962
180,2026-10-07T04:26:51.114+00:00,2026-10-07T04:27:18.256+00:00,2026-10-07T04:27:53.043+00:00,True,563,563.0,,563.0,27142.216473,61929.647641,61929.647437,109.99937377797514,41.938809,27142.216473,1141.5968972843812,130.5671555,61.89934371530249,26.08848266937457,9.090960815143902,4,14,100-300:300-600,False,True,,2582,99.94996664442962
181,2026-10-07T04:26:54.382+00:00,2026-10-07T04:27:20.902+00:00,2026-10-07T04:28:47.081+00:00,True,1395,1395.0,,1395.0,26519.419416,112699.263256,112699.263324,80.7880023827957,36.291728000000006,26519.419416,708.858695977973,131.7626157,61.82198266857963,26.188351333266898,12.378075594258434,4,14,1-100:1000-1500,False,True,,5457,99.94996664442962
182,2026-10-07T04:26:56.890+00:00,2026-10-07T04:27:25.140+00:00,2026-10-07T04:28:34.960+00:00,True,1130,1130.0,,1130.0,28249.425041000002,98069.70177700001,98069.701742,86.78734667433629,38.779199,28249.425041000002,838.9413372698847,131.75148245,61.84258346855625,26.279430411653777,11.522417010806242,4,14,1-100:1000-1500,False,True,,1130,99.94996664442962
183,2026-10-07T04:26:59.416+00:00,2026-10-07T04:27:27.677+00:00,2026-10-07T04:27:47.854+00:00,True,325,325.0,,325.0,28260.356634,48437.632794000005,48437.632795,149.03887013846153,43.807272,28260.356634,1564.375663059464,129.1111544,62.275543703703704,26.722747457954686,6.709659024465331,4,14,100-300:300-600,False,True,,1560,99.94996664442962
184,2026-10-07T04:27:03.273+00:00,2026-10-07T04:27:31.505+00:00,2026-10-07T04:28:50.276+00:00,True,1278,1278.0,,1278.0,28231.790532000003,107003.253188,107003.25322500001,83.72711519953052,36.719639,28231.790532000003,788.4339038787613,131.3896512,61.68477890054816,26.336673767157748,11.94356210604747,4,14,1-100:1000-1500,False,True,,1282,99.94996664442962
185,2026-10-07T04:27:06.723+00:00,2026-10-07T04:27:33.972+00:00,2026-10-07T04:27:55.626+00:00,True,361,361.0,,361.0,27249.462646,48902.884982,48902.884969,135.46505531578947,41.711463,27249.462646,1431.2314876422763,130.16244,60.148395377777774,24.83844853927878,7.381977569071346,4,14,100-300:300-600,False,True,,1581,99.94996664442962
186,2026-10-07T04:27:09.986+00:00,2026-10-07T04:27:37.770+00:00,2026-10-07T04:28:44.723+00:00,True,1084,1084.0,,1084.0,27784.524336,94737.39755200001,94737.397348,87.39612301476015,31.477746,27784.524336,842.4346875167582,132.69797075,61.82167425300092,26.533163484462076,11.442155136307264,4,14,1-100:1000-1500,False,True,,3252,99.94996664442962
187,2026-10-07T04:27:12.627+00:00,2026-10-07T04:27:40.783+00:00,2026-10-07T04:28:16.396+00:00,True,575,575.0,,575.0,28155.786102000002,63769.005686000004,63769.005828,110.90261883130435,42.345952,28155.786102000002,1171.8894730459165,133.6111571,62.043936557491286,26.51313625999708,9.016919643240366,4,14,100-300:300-600,False,True,,2771,99.94996664442962
188,2026-10-07T04:27:16.446+00:00,2026-10-07T04:27:46.010+00:00,2026-10-07T04:28:22.699+00:00,True,596,596.0,,596.0,29564.503631,66253.428303,66253.42811,111.16346998322147,42.195831,29564.503631,1208.7650119454022,132.6337045,61.66205827226891,26.109054787644816,8.995760902730716,4,14,100-300:300-600,False,True,,2847,99.94996664442962
189,2026-10-07T04:27:20.908+00:00,2026-10-07T04:27:51.491+00:00,2026-10-07T04:28:28.117+00:00,True,596,596.0,,596.0,30583.57642,67208.910692,67208.91063,112.7666285738255,33.392634,30583.57642,1250.4967412034523,132.3731535,61.55518365042017,25.81486012149912,8.86787174294945,4,14,100-300:300-600,False,True,,2189,99.94996664442962
190,2026-10-07T04:27:23.489+00:00,2026-10-07T04:27:55.927+00:00,2026-10-07T04:28:25.973+00:00,True,487,487.0,,487.0,32438.443615,62484.167775,62484.167765,128.30424592402463,40.269441,32438.443615,1467.3641484668813,133.837115,61.82247769547325,26.53242936010428,7.793974335285127,4,14,100-300:300-600,False,True,,2293,99.94996664442962
191,2026-10-07T04:27:27.834+00:00,2026-10-07T04:27:59.937+00:00,2026-10-07T04:28:26.350+00:00,True,435,435.0,,435.0,32102.870243999998,58515.311076,58515.311071,134.51795648505745,34.686299,32102.870243999998,1536.5024838623401,127.4628326,60.858158599078344,25.16361208109314,7.4339517640950366,4,14,100-300:300-600,False,True,,870,99.94996664442962
192,2026-10-07T04:27:31.156+00:00,2026-10-07T04:28:06.768+00:00,2026-10-07T04:28:44.048+00:00,True,599,599.0,,599.0,35611.151923,72891.173171,72891.173189,121.68810215191986,41.629019,35611.151923,1452.7357485574853,132.68247109999996,62.3411726555184,27.011319412052725,8.217730267487505,4,14,100-300:300-600,False,True,,3204,99.94996664442962
193,2026-10-07T04:27:34.999+00:00,2026-10-07T04:28:10.403+00:00,2026-10-07T04:28:28.671+00:00,True,301,301.0,,301.0,35403.84186,53671.58842,53671.588543,178.31092539202658,37.118797,35403.84186,2037.29228933049,129.572715,60.89248853333333,25.459357023407954,5.6081813276060295,4,14,100-300:300-600,False,True,,1315,99.94996664442962
194,2026-10-07T04:27:39.004+00:00,2026-10-07T04:28:13.542+00:00,2026-10-07T04:28:48.958+00:00,True,581,581.0,,581.0,34537.499463,69953.454407,69953.454339,120.40181469707402,35.890976,34537.499463,1430.5539357781797,130.512207,61.061991282758626,25.690186452695137,8.305522649670054,4,14,100-300:300-600,False,True,,2702,99.94996664442962
195,2026-10-07T04:27:43.309+00:00,2026-10-07T04:28:18.377+00:00,2026-10-07T04:29:41.768+00:00,True,1390,1390.0,,1390.0,35067.390443000004,118458.589675,118458.589766,85.22200702589929,0.016932,35067.390443000004,940.62164629883,127.53994504999999,60.03686049820014,55.73141069279647,11.734058322098624,4,14,1-100:1000-1500,False,True,,7201,99.94996664442962
196,2026-10-07T04:27:46.921+00:00,2026-10-07T04:28:23.338+00:00,2026-10-07T04:28:56.892+00:00,True,552,552.0,,552.0,36416.799837,69970.830173,69970.830214,126.75875038768116,34.544253,36416.799837,1547.6256455390621,129.9046444,60.89660678039927,25.85798533752175,7.889001725936405,4,14,100-300:300-600,False,True,,2390,99.94996664442962
197,2026-10-07T04:27:49.502+00:00,2026-10-07T04:28:27.544+00:00,2026-10-07T04:28:50.229+00:00,True,368,368.0,,368.0,38042.21715999999,60727.054535999996,60727.054493999996,165.01916982065217,43.614158,38042.21715999999,1980.0434441742366,131.6115254,61.81154598365123,26.580934183840437,6.059902012567456,4,14,100-300:300-600,False,True,,2005,99.94996664442962
198,2026-10-07T04:27:52.651+00:00,2026-10-07T04:28:29.939+00:00,2026-10-07T04:29:39.754+00:00,True,1170,1170.0,,1170.0,37288.032082000005,107102.546002,107102.545883,91.54063750683761,0.016721,37288.032082000005,1089.999714949865,125.96636674999999,59.721568793840895,59.432535153317055,10.924110057833282,4,14,1-100:1000-1500,False,True,,3874,99.94996664442962
199,2026-10-07T04:27:56.406+00:00,2026-10-07T04:28:32.580+00:00,2026-10-07T04:29:01.460+00:00,True,480,480.0,,480.0,36173.738868,65053.775988,65053.776076,135.52870015833332,42.100262,36173.738868,1648.534811749564,127.31319434999999,60.29235306889353,24.990790357185226,7.378510973575802,4,14,100-300:300-600,False,True,,2121,99.94996664442962
200,2026-10-07T04:27:59.177+00:00,2026-10-07T04:28:36.365+00:00,2026-10-07T04:29:51.387+00:00,True,1248,1248.0,,1248.0,37188.516233999995,112210.455946,112210.455987,89.91222434855769,0.017283,37188.516233999995,1052.5548763341528,125.59599005,60.16194042662389,57.404962409446526,11.121958194346753,4,14,1-100:1000-1500,False,True,,1972,99.94996664442962
201,2026-10-07T04:28:01.978+00:00,2026-10-07T04:28:39.081+00:00,2026-10-07T04:29:05.724+00:00,True,443,443.0,,443.0,37103.533467,63746.538907,63746.539012,143.8973792595937,42.710786,37103.533467,1760.1529540301897,125.1014523,60.27829285067873,24.832841109758064,6.9493969021015225,4,14,100-300:300-600,False,True,,1990,99.94996664442962
202,2026-10-07T04:28:05.775+00:00,2026-10-07T04:28:43.131+00:00,2026-10-07T04:29:07.526+00:00,True,408,408.0,,408.0,37355.744843,61750.970443,61750.970386,151.3504176127451,41.784307,37355.744843,1846.5726305026458,118.36854939999999,59.93912923832924,23.963185807874627,6.607183613035029,4,14,100-300:300-600,False,True,,2100,99.94996664442962
203,2026-10-07T04:28:08.838+00:00,2026-10-07T04:28:44.957+00:00,2026-10-07T04:29:04.749+00:00,True,333,333.0,,333.0,36118.664982,55911.395862000005,55911.395768,167.9020893933934,41.74753,36118.664982,1976.1648249690961,122.37089240000002,59.61665927710843,23.654454619083925,5.9558520202555405,4,14,100-300:300-600,False,True,,1610,99.94996664442962
204,2026-10-07T04:28:12.083+00:00,2026-10-07T04:28:49.121+00:00,2026-10-07T04:29:19.142+00:00,True,502,502.0,,502.0,37038.64333,67059.176066,67059.176212,133.58401635856575,41.44525,37038.64333,1650.621749619285,123.2266361,59.92122302594811,24.44175074290612,7.485925557837586,4,14,100-300:300-600,False,True,,2641,99.94996664442962
205,2026-10-07T04:28:14.754+00:00,2026-10-07T04:28:51.410+00:00,2026-10-07T04:29:10.043+00:00,True,314,314.0,,314.0,36655.969026,55289.03245,55289.032477,176.0797212643312,43.105415,36655.969026,2065.3926430839906,119.06799175,59.53055407028754,23.751828452099986,5.679245703638642,4,14,100-300:300-600,False,True,,1037,99.94996664442962
206,2026-10-07T04:28:19.082+00:00,2026-10-07T04:28:56.500+00:00,2026-10-07T04:29:59.270+00:00,True,1039,1039.0,,1039.0,37417.908242,100187.599634,100187.599691,96.42694869201155,0.017633,37417.908242,1160.5721575766295,125.998457,60.47176434682081,61.137719714241086,10.370544895731802,4,14,1-100:1000-1500,False,True,,5051,99.94996664442962
207,2026-10-07T04:28:22.662+00:00,2026-10-07T04:28:59.791+00:00,2026-10-07T04:29:33.418+00:00,True,567,567.0,,567.0,37129.405545,70755.77047300001,70755.770392,124.78971850440918,0.017522,37129.405545,1558.8837924709655,123.78644400000002,59.41053874204947,80.77334012831668,8.01348068446748,4,14,100-300:300-600,False,True,,2715,99.94996664442962
208,2026-10-07T04:28:25.319+00:00,2026-10-07T04:29:01.634+00:00,2026-10-07T04:29:37.074+00:00,True,600,600.0,,600.0,36315.501174000005,71754.935926,71754.93597800001,119.59155996333334,0.017172,36315.501174000005,1482.3302198405331,124.5603037,59.1643318063439,80.27266858150315,8.361794101785176,4,14,100-300:300-600,False,True,,2981,99.94996664442962
209,2026-10-07T04:28:29.826+00:00,2026-10-07T04:29:06.188+00:00,2026-10-07T04:29:30.700+00:00,True,416,416.0,,416.0,36361.846446999996,60873.82238299999,60873.822555,146.33130421874998,0.017323,36361.846446999996,1782.254076260048,123.54412674999999,59.06500225542168,91.87196895532192,6.833807763584348,4,14,100-300:300-600,False,True,,1633,99.94996664442962
210,2026-10-07T04:28:33.077+00:00,2026-10-07T04:29:09.489+00:00,2026-10-07T04:29:27.415+00:00,True,304,304.0,,304.0,36411.354579000006,54337.20955500001,54337.20957600001,178.74082097368424,0.017182,36411.354579000006,2087.753447682202,123.78963275,59.16123754455446,108.5042948170128,5.59469289073985,4,14,100-300:300-600,False,True,,1350,99.94996664442962
211,2026-10-07T04:28:36.215+00:00,2026-10-07T04:29:12.040+00:00,2026-10-07T04:30:43.661+00:00,True,1496,1496.0,,1496.0,35825.34777,127446.60857000001,127446.60865,85.19158332219251,0.017582,35825.34777,926.2116579603315,127.37219225000001,61.28512428093646,53.645719943343074,11.73824879913005,4,14,1-100:1000-1500,False,True,,5610,99.94996664442962
212,2026-10-07T04:28:38.943+00:00,2026-10-07T04:29:14.497+00:00,2026-10-07T04:29:47.076+00:00,True,548,548.0,,548.0,35553.497358,68132.45851,68132.458546,124.3293039160584,0.016850999999999998,35553.497358,1518.6406282115813,127.15358659999998,59.559343970749545,85.68452699008242,8.043156110674746,4,14,100-300:300-600,False,True,,2665,99.94996664442962
213,2026-10-07T04:28:42.351+00:00,2026-10-07T04:29:18.098+00:00,2026-10-07T04:29:53.225+00:00,True,588,588.0,,588.0,35746.769268,70873.603188,70873.603219,120.53333880782313,0.016782,35746.769268,1473.9322529161757,130.14268385000003,59.84128436115843,81.0833670509431,8.296459803804042,4,14,100-300:300-600,False,True,,2361,99.94996664442962
214,2026-10-07T04:28:46.013+00:00,2026-10-07T04:29:22.996+00:00,2026-10-07T04:29:49.628+00:00,True,442,442.0,,442.0,36982.534701,63615.089196999994,63615.089315,143.92554143665157,44.342059,36982.534701,1756.3899584214814,130.07304635,60.391280036281174,25.360881824139092,6.948037102191852,4,14,100-300:300-600,False,True,,2443,99.94996664442962
215,2026-10-07T04:28:48.930+00:00,2026-10-07T04:29:24.774+00:00,2026-10-07T04:30:01.583+00:00,True,599,599.0,,599.0,35844.122272,72652.930208,72652.93019300001,121.29036760100168,43.077389000000004,35844.122272,1462.2670551222366,130.0625819,61.55319052842809,26.007801441620582,8.244677789114727,4,14,100-300:300-600,False,True,,2684,99.94996664442962
216,2026-10-07T04:28:53.131+00:00,2026-10-07T04:29:30.517+00:00,2026-10-07T04:29:51.539+00:00,True,345,345.0,,345.0,37385.947515,58408.120187,58408.120208,169.29889915362318,43.294906000000005,37385.947515,2009.662303734039,131.28555500000002,61.11096706976745,25.4475661656224,5.9067129518197925,4,14,100-300:300-600,False,True,,1627,99.94996664442962
217,2026-10-07T04:28:57.724+00:00,2026-10-07T04:29:36.686+00:00,2026-10-07T04:30:05.148+00:00,True,451,451.0,,451.0,38962.365297,67423.864689,67423.864525,149.4985909645233,44.933407,38962.365297,1831.8831207874891,131.7567985,63.24777642666667,26.772671411057697,6.689026238414057,4,14,100-300:300-600,False,True,,2300,99.94996664442962
218,2026-10-07T04:29:02.147+00:00,2026-10-07T04:29:42.245+00:00,2026-10-07T04:30:18.552+00:00,True,575,575.0,,575.0,40098.65248,76405.08550399999,76405.08529599999,132.87840921043477,40.071416,40098.65248,1669.8146308856683,133.0956857,63.25162547735192,27.312811092023868,7.525677069884273,4,14,100-300:300-600,False,True,,2695,99.94996664442962
219,2026-10-07T04:29:04.817+00:00,2026-10-07T04:29:45.136+00:00,2026-10-07T04:30:07.068+00:00,True,346,346.0,,346.0,40318.641901,62250.584557,62250.584667,179.9149845867052,41.611642999999994,40318.641901,2164.3001000046816,134.1639675,63.57084827826087,27.48913437711394,5.558180737775782,4,14,100-300:300-600,False,True,,2073,99.94996664442962
220,2026-10-07T04:29:08.818+00:00,2026-10-07T04:29:50.356+00:00,2026-10-07T04:30:15.476+00:00,True,399,399.0,,399.0,41538.161351999996,66657.993416,66657.993376,167.06264004010023,38.914989,41538.161351999996,2076.5338396970083,132.30201909999997,63.1151559396985,27.712950524459917,5.98577874239202,4,14,100-300:300-600,False,True,,1762,99.94996664442962
221,2026-10-07T04:29:12.736+00:00,2026-10-07T04:29:54.966+00:00,2026-10-07T04:30:22.105+00:00,True,430,430.0,,430.0,42229.845103,69368.631919,69368.631785,161.3223995,40.652936000000004,42229.845103,2033.6422815886901,131.8952462,63.26057532867133,27.758137193950255,6.198767196419559,4,14,100-300:300-600,False,True,,2194,99.94996664442962
222,2026-10-07T04:29:15.395+00:00,2026-10-07T04:29:58.335+00:00,2026-10-07T04:30:18.147+00:00,True,316,316.0,,316.0,42940.726008,62752.726775999996,62752.726595,198.58457783227848,42.294112,42940.726008,2412.2149035299476,129.4164025,62.89524053333333,26.805892555678597,5.0356377520929545,4,14,100-300:300-600,False,True,,1269,99.94996664442962
223,2026-10-07T04:29:18.308+00:00,2026-10-07T04:30:01.399+00:00,2026-10-07T04:31:19.874+00:00,True,1266,1266.0,,1266.0,43091.071167,121565.713087,121565.713024,96.02347000315956,41.018502,43091.071167,1209.622962285889,129.012927,62.03529005533597,26.639357545165367,10.41412062539354,4,14,1-100:1000-1500,False,True,,5795,99.94996664442962
224,2026-10-07T04:29:21.284+00:00,2026-10-07T04:30:02.745+00:00,2026-10-07T04:30:34.798+00:00,True,515,515.0,,515.0,41461.572731,73513.978491,73513.978515,142.74558934951457,40.345321000000006,41461.572731,1824.4619960566322,129.65435990000003,62.358766070038904,26.677040682345698,7.005470395851984,4,14,100-300:300-600,False,True,,2335,99.94996664442962
225,2026-10-07T04:29:25.461+00:00,2026-10-07T04:30:06.818+00:00,2026-10-07T04:30:41.137+00:00,True,556,556.0,,556.0,41357.135773999995,75676.28662199999,75676.286473,136.10842890827337,36.625339,41357.135773999995,1751.5152203546315,129.69690624999998,61.83630783423424,26.78370820579624,7.347083542526309,4,14,100-300:300-600,False,True,,2716,99.94996664442962
226,2026-10-07T04:29:29.992+00:00,2026-10-07T04:30:11.995+00:00,2026-10-07T04:30:46.658+00:00,True,563,563.0,,563.0,42003.406262000004,76666.42245400001,76666.422304,136.17481759147427,41.555196,42003.406262000004,1767.839780458123,129.39099180000002,61.677964754448396,27.055861893788748,7.343501652732016,4,14,100-300:300-600,False,True,,2493,99.94996664442962
227,2026-10-07T04:29:33.700+00:00,2026-10-07T04:30:15.740+00:00,2026-10-07T04:30:34.500+00:00,True,302,302.0,,302.0,42040.089285999995,60800.435141999995,60800.435108,201.32594406622516,43.045609,42040.089285999995,2415.6995436654965,129.4693938,62.32673041860465,27.031864371564094,4.967069714134054,4,14,100-300:300-600,False,True,,1263,99.94996664442962
228,2026-10-07T04:29:36.286+00:00,2026-10-07T04:30:19.362+00:00,2026-10-07T04:31:33.130+00:00,True,1207,1207.0,,1207.0,43075.791064000005,116843.75983200001,116843.76002500001,96.8051035832643,41.519951,43075.791064000005,1238.3922118823382,127.273583,61.16746995688225,26.008499957105442,10.330033899417868,4,14,1-100:1000-1500,False,True,,3598,99.94996664442962
229,2026-10-07T04:29:39.415+00:00,2026-10-07T04:30:22.232+00:00,2026-10-07T04:30:55.919+00:00,True,564,564.0,,564.0,42817.603758000005,76504.326318,76504.326369,135.6459687393617,40.373091,42817.603758000005,1800.604641000437,126.80880404999999,59.834320710479574,25.322893797433874,7.372132102120107,4,14,100-300:300-600,False,True,,2502,99.94996664442962
230,2026-10-07T04:29:42.533+00:00,2026-10-07T04:30:25.786+00:00,2026-10-07T04:30:44.366+00:00,True,307,307.0,,307.0,43253.438253,61832.515885,61832.515883,201.40884652442998,39.361716,43253.438253,2465.269176061387,126.87426650000002,60.71593997385621,25.388431080712486,4.965025207303191,4,14,100-300:300-600,False,True,,1313,99.94996664442962
231,2026-10-07T04:29:45.446+00:00,2026-10-07T04:30:28.209+00:00,2026-10-07T04:30:48.455+00:00,True,338,338.0,,338.0,42763.140346,63009.142778,63009.142708,186.41758197633135,42.566902999999996,42763.140346,2322.8807239472058,127.36563719999998,60.07715855192878,25.567630850854098,5.364300879173595,4,14,100-300:300-600,False,True,,1835,99.94996664442962
232,2026-10-07T04:29:48.175+00:00,2026-10-07T04:30:30.008+00:00,2026-10-07T04:30:54.578+00:00,True,418,418.0,,418.0,41833.257015,66403.129399,66403.129249,158.85916088277511,38.743377,41833.257015,2043.3911169588596,126.07632304999998,58.92055727577937,24.078627399182867,6.294884048134859,4,14,100-300:300-600,False,True,,1662,99.94996664442962
233,2026-10-07T04:29:51.368+00:00,2026-10-07T04:30:35.116+00:00,2026-10-07T04:31:04.394+00:00,True,485,485.0,,485.0,43748.564856,73026.759288,73026.759391,150.57063791958763,42.982220999999996,43748.564856,1983.9346832123244,125.9997462,60.49213725619835,25.33921365690795,6.641401107329389,4,14,100-300:300-600,False,True,,2735,99.94996664442962
234,2026-10-07T04:29:55.543+00:00,2026-10-07T04:30:38.525+00:00,2026-10-07T04:30:58.066+00:00,True,328,328.0,,328.0,42981.611384,62522.67634400001,62522.676293000004,190.61791552743904,41.719114999999995,42981.611384,2370.102356432194,129.114106,59.75860844036698,25.75438667482215,5.246096603340247,4,14,100-300:300-600,False,True,,1337,99.94996664442962
235,2026-10-07T04:29:59.286+00:00,2026-10-07T04:30:42.436+00:00,2026-10-07T04:31:07.543+00:00,True,412,412.0,,412.0,43149.914294,68257.054134,68257.05398,165.67246111650485,40.403059,43149.914294,2122.9932671887545,129.6865414,61.087931484184914,26.027036065704078,6.036006171481927,4,14,100-300:300-600,False,True,,2012,99.94996664442962
236,2026-10-07T04:30:01.898+00:00,2026-10-07T04:30:45.879+00:00,2026-10-07T04:31:08.416+00:00,True,366,366.0,,366.0,43981.149016,66517.79567200001,66517.795608,181.74261095081968,39.282478000000005,43981.149016,2295.8566229977846,130.16508075000002,61.74423741369863,26.50301711833633,5.5022869639990795,4,14,100-300:300-600,False,True,,922,99.94996664442962
237,2026-10-07T04:30:05.882+00:00,2026-10-07T04:30:50.794+00:00,2026-10-07T04:31:09.710+00:00,True,303,303.0,,303.0,44911.202916,63827.332452,63827.332422,210.6512621188119,39.779088,44911.202916,2576.627457857679,131.8798943,62.63619051655629,27.344345330068023,4.747182568343503,4,14,100-300:300-600,False,True,,609,99.94996664442962
238,2026-10-07T04:30:10.242+00:00,2026-10-07T04:30:56.265+00:00,2026-10-07T04:31:18.440+00:00,True,348,348.0,,348.0,46022.634321000005,68197.97614500001,68197.976366,195.97119645402302,42.451746,46022.634321000005,2463.802975148173,130.84511844999997,63.90588421902017,27.812555812709267,5.102790722998807,4,14,100-300:300-600,False,True,,1498,99.94996664442962
239,2026-10-07T04:30:14.342+00:00,2026-10-07T04:31:00.197+00:00,2026-10-07T04:31:21.556+00:00,True,336,336.0,,336.0,45854.640892999996,67213.922301,67213.92245,200.04143586309522,40.727776,45854.640892999996,2498.2546525951384,130.951381,63.75904897910448,28.07146528608548,4.998964329076226,4,14,100-300:300-600,False,True,,1752,99.94996664442962
240,2026-10-07T04:30:18.679+00:00,2026-10-07T04:31:03.077+00:00,2026-10-07T04:31:28.666+00:00,True,415,415.0,,415.0,44398.496351999995,69987.087712,69987.087607,168.6435845951807,38.148883000000005,44398.496351999995,2176.564254672178,127.3800281,61.80819169082125,26.573466041374154,5.929665222072729,4,14,100-300:300-600,False,True,,1077,99.94996664442962
241,2026-10-07T04:30:22.351+00:00,2026-10-07T04:31:07.722+00:00,2026-10-07T04:31:33.179+00:00,True,421,421.0,,421.0,45371.259146,70828.36609,70828.365933,168.23839889073633,39.352759,45371.259146,2208.449611991856,123.09686000000002,60.61215939047619,25.231783210647297,5.943946235679711,4,14,100-300:300-600,False,True,,2320,99.94996664442962
242,2026-10-07T04:30:26.246+00:00,2026-10-07T04:31:10.959+00:00,2026-10-07T04:31:39.361+00:00,True,473,473.0,,473.0,44713.052577,73114.918049,73114.91792600001,154.57699350105707,43.048404000000005,44713.052577,2053.292724218696,124.24075280000001,60.17344379661017,24.94038613230787,6.469268004690997,4,14,100-300:300-600,False,True,,2388,99.94996664442962
243,2026-10-07T04:30:29.064+00:00,2026-10-07T04:31:14.505+00:00,2026-10-07T04:31:46.808+00:00,True,542,542.0,,542.0,45440.971755000006,77744.16305100001,77744.163031,143.43941518634688,41.944686000000004,45440.971755000006,1949.4389186849266,121.2421323,59.71015026987061,23.947455272648806,6.971584473093486,4,14,100-300:300-600,False,True,,2856,99.94996664442962
244,2026-10-07T04:30:32.942+00:00,2026-10-07T04:31:16.340+00:00,2026-10-07T04:31:42.010+00:00,True,435,435.0,,435.0,43398.041923,69067.994691,69067.99451199999,158.77699887816092,41.805313999999996,43398.041923,2078.0784336836023,122.32879690000001,59.147356608294935,23.93148453785954,6.298141446644364,4,14,100-300:300-600,False,True,,1702,99.94996664442962
245,2026-10-07T04:30:36.741+00:00,2026-10-07T04:31:19.302+00:00,2026-10-07T04:31:53.840+00:00,True,588,588.0,,588.0,42561.648759,77099.407223,77099.407351,131.12144107312926,38.642137000000005,42561.648759,1752.9476668737661,122.0568462,58.837748660988076,23.798720769051865,7.626517779822698,4,14,100-300:300-600,False,True,,2735,99.94996664442962
246,2026-10-07T04:30:40.327+00:00,2026-10-07T04:31:23.361+00:00,2026-10-07T04:31:46.308+00:00,True,395,395.0,,395.0,43033.554325000005,65980.948373,65980.948199,167.0403751873418,40.19092,43033.554325000005,2162.4402890409096,111.42150240000001,58.24211687309644,22.586740986186413,5.986576576120229,4,14,100-300:300-600,False,True,,2134,99.94996664442962
247,2026-10-07T04:30:44.046+00:00,2026-10-07T04:31:26.208+00:00,2026-10-07T04:31:57.132+00:00,True,531,531.0,,531.0,42161.535965999996,73085.60995,73085.609996,137.63768360828624,40.363533000000004,42161.535965999996,1827.2677003408537,121.82139449999998,58.347309403773586,23.036263737389948,7.265452123383422,4,14,100-300:300-600,False,True,,2851,99.94996664442962
248,2026-10-07T04:30:47.409+00:00,2026-10-07T04:31:29.306+00:00,2026-10-07T04:32:00.334+00:00,True,535,535.0,,535.0,41897.88862,72925.590636,72925.590657,136.30951524672898,39.7218,41897.88862,1809.0350283157063,122.23326209999999,58.10431089138577,22.799712269547523,7.336245004451088,4,14,100-300:300-600,False,True,,2771,99.94996664442962
249,2026-10-07T04:30:50.802+00:00,2026-10-07T04:31:33.655+00:00,2026-10-07T04:32:03.609+00:00,True,508,508.0,,508.0,42853.041597999996,72806.913214,72806.913325,143.32069552165353,40.276720000000005,42853.041597999996,1898.8233010632143,123.90650965,59.080614627218935,23.755334496897735,6.977359395897544,4,14,100-300:300-600,False,True,,2640,99.94996664442962
250,2026-10-07T04:30:54.055+00:00,2026-10-07T04:31:36.781+00:00,2026-10-07T04:32:48.209+00:00,True,1172,1172.0,,1172.0,42726.287316,114154.551508,114154.55154100001,97.40149448890786,0.011952,42726.287316,1248.3400507886715,128.71800485000003,60.99766369940222,71.95359923746389,10.26678292295569,4,14,1-100:1000-1500,False,True,,1172,99.94996664442962
251,2026-10-07T04:30:58.533+00:00,2026-10-07T04:31:39.963+00:00,2026-10-07T04:32:07.680+00:00,True,471,471.0,,471.0,41429.654901,69146.782581,69146.782542,146.80845550318472,41.185182999999995,41429.654901,1906.4113993015612,124.363377,58.97261208510638,24.018236167546757,6.811596757206463,4,14,100-300:300-600,False,True,,2209,99.94996664442962
252,2026-10-07T04:31:02.665+00:00,2026-10-07T04:31:43.008+00:00,2026-10-07T04:32:54.973+00:00,True,1173,1173.0,,1173.0,40342.623462999996,112307.840743,112307.840747,95.74410975873828,0.012152,40342.623462999996,1178.25727221226,129.646083,61.40376901023891,70.87789874134634,10.44450674360518,4,14,1-100:1000-1500,False,True,,3129,99.94996664442962
253,2026-10-07T04:31:05.715+00:00,2026-10-07T04:31:46.948+00:00,2026-10-07T04:33:12.278+00:00,True,1386,1386.0,,1386.0,41233.111139,126562.642275,126562.642395,91.31503780303031,0.012534,41233.111139,1107.8545533420534,130.92751575,61.609769773285194,65.83586466643949,10.951098800453675,4,14,1-100:1000-1500,False,True,,1386,99.94996664442962
254,2026-10-07T04:31:08.387+00:00,2026-10-07T04:31:50.652+00:00,2026-10-07T04:32:12.600+00:00,True,366,366.0,,366.0,42265.000391,64212.534727000006,64212.53493,175.44408450819674,40.993733,42265.000391,2206.2276834172703,128.03311399999998,60.130231057534246,25.221912381041843,5.6998217179255,4,14,100-300:300-600,False,True,,995,99.94996664442962
255,2026-10-07T04:31:12.147+00:00,2026-10-07T04:31:55.300+00:00,2026-10-07T04:32:19.931+00:00,True,401,401.0,,401.0,43152.960971,67783.435723,67783.435785,169.0359994638404,43.31335,43152.960971,2152.0433624093607,132.061978,61.57618688,26.46238354215771,5.915899595864456,4,14,100-300:300-600,False,True,,1874,99.94996664442962
256,2026-10-07T04:31:16.374+00:00,2026-10-07T04:32:00.727+00:00,2026-10-07T04:32:21.468+00:00,True,333,333.0,,333.0,44352.832796999995,65093.804829,65093.804899999996,195.47689159159157,40.752472000000004,44352.832796999995,2427.25095106794,132.11526139999998,62.472807325301204,27.398499983915055,5.1156942027706584,4,14,100-300:300-600,False,True,,1516,99.94996664442962
257,2026-10-07T04:31:20.266+00:00,2026-10-07T04:32:05.174+00:00,2026-10-07T04:32:24.692+00:00,True,314,314.0,,314.0,44908.081882,64426.61986599999,64426.619952,205.18031831847134,0.012563000000000001,44908.081882,2534.1116429671183,131.80392915000002,62.35954627476038,129.90403125591197,4.873761818532217,4,14,100-300:300-600,False,True,,1416,99.94996664442962
258,2026-10-07T04:31:24.591+00:00,2026-10-07T04:32:10.769+00:00,2026-10-07T04:32:45.034+00:00,True,551,551.0,,551.0,46177.841256,80442.688872,80442.688696,145.9939903738657,0.012853999999999999,46177.841256,1967.0331231612765,133.161622,62.299722938181816,98.13428272299595,6.849596995405616,4,14,100-300:300-600,False,True,,2460,99.94996664442962
259,2026-10-07T04:31:28.663+00:00,2026-10-07T04:32:13.852+00:00,2026-10-07T04:33:36.948+00:00,True,1354,1354.0,,1354.0,45189.61491,128285.70451000001,128285.70442699999,94.74571966543574,0.013004,45189.61491,1228.101908119562,127.66705425,61.41617856614929,64.30549065866502,10.554566505845195,4,14,1-100:1000-1500,False,True,,4357,99.94996664442962
260,2026-10-07T04:31:31.341+00:00,2026-10-07T04:32:17.648+00:00,2026-10-07T04:32:47.016+00:00,True,475,475.0,,475.0,46307.801753,75675.534745,75675.534843,159.31691545894736,0.013234,46307.801753,2124.544528449607,132.503409,61.95724259915612,105.98523595187116,6.276797403554311,4,14,100-300:300-600,False,True,,2481,99.94996664442962
261,2026-10-07T04:31:34.149+00:00,2026-10-07T04:32:19.443+00:00,2026-10-07T04:32:49.947+00:00,True,497,497.0,,497.0,45294.266033,75798.602929,75798.603038,152.51227975452716,0.013555,45294.266033,2031.4707483738553,128.164579,61.50067922580645,100.93354136715426,6.556849081579199,4,14,100-300:300-600,False,True,,2203,99.94996664442962
262,2026-10-07T04:31:37.557+00:00,2026-10-07T04:32:24.487+00:00,2026-10-07T04:32:55.466+00:00,True,494,494.0,,494.0,46930.409648999994,77909.00036899999,77909.000493,157.71052731376517,39.154282,46930.409648999994,2108.8455859768565,133.28687905,62.83689801217038,27.101358884107643,6.340730822629869,4,14,100-300:300-600,False,True,,2490,99.94996664442962
263,2026-10-07T04:31:40.917+00:00,2026-10-07T04:32:28.610+00:00,2026-10-07T04:32:56.420+00:00,True,443,443.0,,443.0,47693.170539,75503.030635,75503.030716,170.43573525056433,44.132329,47693.170539,2263.146184249852,133.55870159999998,62.91823551131222,27.325986325492565,5.867314149832867,4,14,100-300:300-600,False,True,,2242,99.94996664442962
264,2026-10-07T04:31:44.345+00:00,2026-10-07T04:32:32.474+00:00,2026-10-07T04:33:09.845+00:00,True,600,600.0,,600.0,48129.895449,85500.091417,85500.091312,142.50015218666667,40.735611,48129.895449,1962.5323014752967,133.21971664999998,62.387639345575955,26.93324944205265,7.01753635646642,4,14,100-300:300-600,False,True,,1486,99.94996664442962
265,2026-10-07T04:31:48.436+00:00,2026-10-07T04:32:37.411+00:00,2026-10-07T04:33:45.206+00:00,True,1096,1096.0,,1096.0,48974.948041,116770.13396100001,116770.13415900001,106.54209321076642,42.741260000000004,48974.948041,1477.7073293294466,127.47917049999998,61.91341179908676,26.36959366104856,9.385961656651455,4,14,1-100:1000-1500,False,True,,2848,99.94996664442962
266,2026-10-07T04:31:51.011+00:00,2026-10-07T04:32:40.196+00:00,2026-10-07T04:33:11.170+00:00,True,495,495.0,,495.0,49185.009880000005,80158.89071200001,80158.890719,161.93715296767678,43.437739,49185.009880000005,2208.049939075592,132.030804,62.700163627530365,27.12743147353643,6.175235156115966,4,14,100-300:300-600,False,True,,2322,99.94996664442962
267,2026-10-07T04:31:54.845+00:00,2026-10-07T04:32:44.251+00:00,2026-10-07T04:33:09.326+00:00,True,409,409.0,,409.0,49405.934129,74480.851249,74480.851427,182.10477121515893,43.259373,49405.934129,2440.0677273741894,131.4035524,61.458130196078436,26.20949341964136,5.49134432731784,4,14,100-300:300-600,False,True,,1808,99.94996664442962
268,2026-10-07T04:31:59.009+00:00,2026-10-07T04:32:47.552+00:00,2026-10-07T04:33:13.839+00:00,True,420,420.0,,420.0,48542.907536,74829.719184,74829.719003,178.16599762619046,41.26689,48542.907536,2365.7508558825207,131.12239005,62.73702063961814,27.612021957920323,5.612743233303539,4,14,100-300:300-600,False,True,,1668,99.94996664442962
269,2026-10-07T04:32:01.872+00:00,2026-10-07T04:32:50.474+00:00,2026-10-07T04:34:03.115+00:00,True,1197,1197.0,,1197.0,48602.032863,121243.464159,121243.463942,101.28944356056809,37.865122,48602.032863,1403.2545043264274,126.8573064,60.73698268896321,25.587902375002827,9.87269712477236,4,14,1-100:1000-1500,False,True,,4793,99.94996664442962
270,2026-10-07T04:32:05.498+00:00,2026-10-07T04:32:53.678+00:00,2026-10-07T04:33:59.166+00:00,True,1086,1086.0,,1086.0,48179.914805,113667.98366900001,113667.983684,104.6666516427256,38.835862,48179.914805,1460.3969764042956,126.29790924999999,60.35766715576037,25.12370072463775,9.55414150005881,4,14,1-100:1000-1500,False,True,,4498,99.94996664442962
271,2026-10-07T04:32:08.138+00:00,2026-10-07T04:32:56.625+00:00,2026-10-07T04:34:05.370+00:00,True,1135,1135.0,,1135.0,48486.824878,117232.531374,117232.531297,103.28857382995595,39.932778,48486.824878,1437.650374968172,128.3985333,60.6223161340388,25.968331572444207,9.681613001932686,4,14,1-100:1000-1500,False,True,,1135,99.94996664442962
272,2026-10-07T04:32:10.948+00:00,2026-10-07T04:33:01.801+00:00,2026-10-07T04:33:36.201+00:00,True,574,574.0,,574.0,50853.26880699999,85253.377607,85253.37775599999,148.52504835540068,40.930485,50853.26880699999,2120.2134300116854,125.4379984,60.03509389179756,24.80195262210638,6.732871073402139,4,14,100-300:300-600,False,True,,2981,99.94996664442962
273,2026-10-07T04:32:14.873+00:00,2026-10-07T04:33:06.975+00:00,2026-10-07T04:33:30.815+00:00,True,393,393.0,,393.0,52101.498198,75941.17743,75941.177482,193.23454830025446,41.799673999999996,52101.498198,2625.2328013706237,126.84362279999999,60.81550824489796,25.917881402782253,5.1750580291206845,4,14,100-300:300-600,False,True,,1668,99.94996664442962
274,2026-10-07T04:32:18.710+00:00,2026-10-07T04:33:10.031+00:00,2026-10-07T04:33:28.895+00:00,True,311,311.0,,311.0,51320.917009000004,70185.28001700001,70185.280084,225.67614174919615,37.819418,51320.917009000004,2906.804991498189,125.903471,60.8527838967742,25.719543390652458,4.4311285774548566,4,14,100-300:300-600,False,True,,1174,99.94996664442962
275,2026-10-07T04:32:21.690+00:00,2026-10-07T04:33:11.879+00:00,2026-10-07T04:33:34.439+00:00,True,380,380.0,,380.0,50189.287148999996,72749.72670099999,72749.726633,191.4466490342105,40.626476000000004,50189.287148999996,2571.7180969016367,125.39936555,59.526225730870706,24.418294072438538,5.223387320227235,4,14,100-300:300-600,False,True,,1770,99.94996664442962
276,2026-10-07T04:32:24.305+00:00,2026-10-07T04:33:12.885+00:00,2026-10-07T04:33:37.183+00:00,True,412,412.0,,412.0,48580.900244000004,72878.41346000001,72878.41344,176.88935300970874,42.209492,48580.900244000004,2390.6134171975327,123.8049266,59.118037021897806,23.658515835338676,5.653251497113477,4,14,100-300:300-600,False,True,,2236,99.94996664442962
277,2026-10-07T04:32:27.158+00:00,2026-10-07T04:33:14.821+00:00,2026-10-07T04:33:41.387+00:00,True,449,449.0,,449.0,47663.28619,74228.965806,74228.965743,165.3206363986637,42.479811,47663.28619,2246.6975051666627,123.32848159999999,59.298392,23.860330649466174,6.048851619103481,4,14,100-300:300-600,False,True,,1832,99.94996664442962
278,2026-10-07T04:32:30.387+00:00,2026-10-07T04:33:19.017+00:00,2026-10-07T04:33:49.010+00:00,True,501,501.0,,501.0,48629.721307,78622.730715,78622.730623,156.9315980499002,38.805756,48629.721307,2170.078121807646,126.310057,59.986018816,24.88299190400496,6.372202993254938,4,14,100-300:300-600,False,True,,2242,99.94996664442962
279,2026-10-07T04:32:33.843+00:00,2026-10-07T04:33:22.631+00:00,2026-10-07T04:33:41.991+00:00,True,325,325.0,,325.0,48788.713422,68148.255438,68148.25523,209.68693916923078,42.752201,48788.713422,2703.1046485011407,121.8376568,59.75167288888889,24.221158096924004,4.76901423097586,4,14,100-300:300-600,False,True,,1652,99.94996664442962
280,2026-10-07T04:32:37.817+00:00,2026-10-07T04:33:25.081+00:00,2026-10-07T04:34:48.830+00:00,True,1394,1394.0,,1394.0,47264.352471,131013.685207,131013.68523,93.98399227403156,26.913292000000002,47264.352471,1264.5449772393372,124.2358658,60.12155975305097,24.987291244879337,10.640109831255392,4,14,1-100:1000-1500,False,True,,2266,99.94996664442962
281,2026-10-07T04:32:41.591+00:00,2026-10-07T04:33:30.386+00:00,2026-10-07T04:34:50.664+00:00,True,1326,1326.0,,1326.0,48794.859144,129072.89690400001,129072.896779,97.34004281975868,32.598946,48794.859144,1338.5802898657757,126.892038,60.58719830943396,25.972637063528918,10.273264425034432,4,14,1-100:1000-1500,False,True,,1326,99.94996664442962
282,2026-10-07T04:32:44.119+00:00,2026-10-07T04:33:33.833+00:00,2026-10-07T04:34:00.458+00:00,True,440,440.0,,440.0,49714.743949,76339.16506900001,76339.16510700001,173.4981025159091,39.05326,49714.743949,2367.3059355544665,126.8097862,60.647884100227785,25.75502934769724,5.763751798992052,4,14,100-300:300-600,False,True,,981,99.94996664442962
283,2026-10-07T04:32:47.311+00:00,2026-10-07T04:33:37.129+00:00,2026-10-07T04:34:13.682+00:00,True,600,600.0,,600.0,49818.544948,86371.075124,86371.075182,143.95179197000002,41.034093,49818.544948,2031.5138832867242,126.81265010000001,61.02258793989983,26.421664996038906,6.946770074803405,4,14,100-300:300-600,False,True,,2712,99.94996664442962
284,2026-10-07T04:32:50.663+00:00,2026-10-07T04:33:39.435+00:00,2026-10-07T04:34:04.118+00:00,True,410,410.0,,410.0,48771.348132,73455.035044,73455.035143,179.1586223,42.151596,48771.348132,2405.802163833994,127.45947759999999,60.35131274327628,25.752805039890795,5.581645965513563,4,14,100-300:300-600,False,True,,819,99.94996664442962
285,2026-10-07T04:32:54.872+00:00,2026-10-07T04:33:42.422+00:00,2026-10-07T04:35:07.493+00:00,True,1416,1416.0,,1416.0,47550.466207000005,132621.499295,132621.49920700002,93.65925085240113,25.59456,47550.466207000005,1262.291052315461,124.88902575,60.120871440282684,25.098261950238264,10.677001900350144,4,14,1-100:1000-1500,False,True,,4838,99.94996664442962
286,2026-10-07T04:32:59.222+00:00,2026-10-07T04:33:45.875+00:00,2026-10-07T04:34:12.389+00:00,True,448,448.0,,448.0,46653.478678,73166.818582,73166.81849,163.31879127232142,42.363082999999996,46653.478678,2201.506487778162,126.16994165,59.313959516778525,24.777353588506116,6.122994120591897,4,14,100-300:300-600,False,True,,2013,99.94996664442962
287,2026-10-07T04:33:02.083+00:00,2026-10-07T04:33:47.600+00:00,2026-10-07T04:34:12.758+00:00,True,424,424.0,,424.0,45516.623621,70675.18208500001,70675.182038,166.68675008962265,39.58121,45516.623621,2207.7356977365675,127.22912140000003,59.476497550827425,25.023256992329088,5.99927707989576,4,14,100-300:300-600,False,True,,1896,99.94996664442962
288,2026-10-07T04:33:04.934+00:00,2026-10-07T04:33:52.181+00:00,2026-10-07T04:35:20.085+00:00,True,1454,1454.0,,1454.0,47247.524681,135150.907977,135150.90789,92.95110583906465,28.821087,47247.524681,1237.7522226937303,126.0437415,60.497854986923606,25.66313871822219,10.758344296491458,4,14,1-100:1000-1500,False,True,,5085,99.94996664442962
289,2026-10-07T04:33:08.996+00:00,2026-10-07T04:33:56.892+00:00,2026-10-07T04:34:18.793+00:00,True,360,360.0,,360.0,47896.41126,69797.38278,69797.382766,193.88161879444445,39.176201,47896.41126,2521.2841539879983,127.00080135,61.005491699164345,26.310740806115884,5.157786519513389,4,14,100-300:300-600,False,True,,1984,99.94996664442962
290,2026-10-07T04:33:11.489+00:00,2026-10-07T04:33:59.747+00:00,2026-10-07T04:34:35.845+00:00,True,598,598.0,,598.0,48257.549785999996,84355.701978,84355.701913,141.06304667725752,30.399515,48257.549785999996,1971.0876062479322,125.18227214999999,60.465916569514235,25.31363613250465,7.089028790916335,4,14,100-300:300-600,False,True,,2869,99.94996664442962
291,2026-10-07T04:33:13.987+00:00,2026-10-07T04:34:01.500+00:00,2026-10-07T04:34:35.851+00:00,True,570,570.0,,570.0,47513.136482,81863.42077,81863.420875,143.62003662280702,28.132597,47513.136482,1987.7388315386877,124.66780335,60.36956816871705,25.332273162747846,6.962816782375219,4,14,100-300:300-600,False,True,,2372,99.94996664442962
292,2026-10-07T04:33:16.995+00:00,2026-10-07T04:34:04.258+00:00,2026-10-07T04:35:26.229+00:00,True,1353,1353.0,,1353.0,47263.095836,129234.73206000001,129234.732237,95.51717090687362,27.110481,47263.095836,1283.5158198754514,125.62387139999998,60.62990844970414,25.466219439395804,10.46932181800664,4,14,1-100:1000-1500,False,True,,1353,99.94996664442962
293,2026-10-07T04:33:20.976+00:00,2026-10-07T04:34:07.732+00:00,2026-10-07T04:34:35.547+00:00,True,468,468.0,,468.0,46756.948974,74571.180014,74571.18,159.3401282051282,24.488598000000003,46756.948974,2158.7281255872504,125.27242190000001,59.55938124197002,24.657782013179485,6.275882987397245,4,14,100-300:300-600,False,True,,2258,99.94996664442962
294,2026-10-07T04:33:23.660+00:00,2026-10-07T04:34:10.583+00:00,2026-10-07T04:35:27.243+00:00,True,1268,1268.0,,1268.0,46922.688667,123583.337371,123583.33751900001,97.46319993611988,28.512297999999998,46922.688667,1316.2673777619896,126.42976149999998,60.50564222888713,25.465539429543455,10.26028287449007,4,14,1-100:1000-1500,False,True,,2328,99.94996664442962
295,2026-10-07T04:33:28.126+00:00,2026-10-07T04:34:15.460+00:00,2026-10-07T04:34:43.769+00:00,True,471,471.0,,471.0,47334.793696,75643.245792,75643.245696,160.6013709044586,26.024967,47334.793696,2178.4345417141485,122.34444749999999,60.23074914042553,24.516224256468966,6.22659690324675,4,14,100-300:300-600,False,True,,2085,99.94996664442962
296,2026-10-07T04:33:32.272+00:00,2026-10-07T04:34:18.742+00:00,2026-10-07T04:34:42.433+00:00,True,394,394.0,,394.0,46470.5473,70161.183076,70161.183014,178.07406856345176,28.448909,46470.5473,2338.243693124724,120.40117965000002,60.28151596946565,24.52383140560185,5.615640767819028,4,14,100-300:300-600,False,True,,744,99.94996664442962
297,2026-10-07T04:33:35.645+00:00,2026-10-07T04:34:21.683+00:00,2026-10-07T04:34:49.107+00:00,True,458,458.0,,458.0,46038.663700000005,73462.308372,73462.30818200001,160.39805279912665,31.025858,46038.663700000005,2148.582252416147,121.1207399,60.00797521225383,24.62086378828934,6.2344896335243085,4,14,100-300:300-600,False,True,,2114,99.94996664442962
298,2026-10-07T04:33:38.552+00:00,2026-10-07T04:34:24.166+00:00,2026-10-07T04:34:57.645+00:00,True,559,559.0,,559.0,45614.380714,79092.757674,79092.757535,141.48972725402504,27.748556,45614.380714,1926.9071128188273,122.97194370000001,59.99709132616487,25.00662851178412,7.0676509005294035,4,14,100-300:300-600,False,True,,2631,99.94996664442962
299,2026-10-07T04:33:42.920+00:00,2026-10-07T04:34:28.940+00:00,2026-10-07T04:34:54.772+00:00,True,431,431.0,,431.0,46020.392448,71852.537344,71852.537245,166.7112233062645,30.497719,46020.392448,2213.972389549554,123.5646595,60.074755572093025,25.08505114538764,5.998396381418678,4,14,100-300:300-600,False,True,,1964,99.94996664442962
300,2026-10-07T04:33:47.395+00:00,2026-10-07T04:34:34.594+00:00,2026-10-07T04:35:10.312+00:00,True,590,590.0,,590.0,47198.888417999995,82917.78044999999,82917.780613,140.53861120847458,40.81922,47198.888417999995,1940.8136600368437,124.30799445000001,60.6432801901528,25.160531881351545,7.115482310284151,4,14,100-300:300-600,False,True,,2858,99.94996664442962
301,2026-10-07T04:33:50.980+00:00,2026-10-07T04:34:36.173+00:00,2026-10-07T04:35:41.661+00:00,True,1065,1065.0,,1065.0,45193.108843999995,110681.33770799999,110681.33778,103.92613876056338,39.15966,45193.108843999995,1383.203335381576,127.78086520000001,61.549087278195486,26.64030631164811,9.622218361777374,4,14,1-100:1000-1500,False,True,,2555,99.94996664442962
302,2026-10-07T04:33:54.978+00:00,2026-10-07T04:34:39.809+00:00,2026-10-07T04:35:14.997+00:00,True,588,588.0,,588.0,44831.025426,80019.34133,80019.341374,136.08731526190476,42.297,44831.025426,1846.4962853564614,125.49314999999999,59.946023686541736,24.935588061183616,7.348223444818002,4,14,100-300:300-600,False,True,,2669,99.94996664442962
303,2026-10-07T04:33:58.328+00:00,2026-10-07T04:34:42.571+00:00,2026-10-07T04:35:03.229+00:00,True,345,345.0,,345.0,44242.201652,64900.310324000005,64900.310492000004,188.1168420057971,42.330642,44242.201652,2378.8260801944402,126.2439048,60.052641488372096,25.76590333695707,5.315845152013391,4,14,100-300:300-600,False,True,,1437,99.94996664442962
304,2026-10-07T04:34:02.174+00:00,2026-10-07T04:34:45.671+00:00,2026-10-07T04:35:07.761+00:00,True,371,371.0,,371.0,43496.846736,65587.13768,65587.137697,176.7847377277628,40.154434,43496.846736,2255.283453394499,124.89146099999999,59.70348903783784,25.103569383891244,5.656596904870449,4,14,100-300:300-600,False,True,,1685,99.94996664442962
305,2026-10-07T04:34:06.246+00:00,2026-10-07T04:34:50.277+00:00,2026-10-07T04:35:19.189+00:00,True,480,480.0,,480.0,44031.560402999996,72943.102931,72943.10304399999,151.96479800833333,42.775065000000005,44031.560402999996,2007.1628112415417,127.54856439999999,60.35812636325678,25.464226739204754,6.580471363468765,4,14,100-300:300-600,False,True,,2404,99.94996664442962
306,2026-10-07T04:34:10.392+00:00,2026-10-07T04:34:54.949+00:00,2026-10-07T04:35:16.082+00:00,True,354,354.0,,354.0,44557.299590999995,65689.58759099999,65689.587747,185.56380719491523,38.962430999999995,44557.299590999995,2365.1408581359588,126.2090076,59.86483852691218,24.725971825332447,5.388981922128871,4,14,100-300:300-600,False,True,,1831,99.94996664442962
307,2026-10-07T04:34:14.065+00:00,2026-10-07T04:34:57.944+00:00,2026-10-07T04:35:18.365+00:00,True,339,339.0,,339.0,43879.033848,64299.919096,64299.919045,189.67527741887906,40.766311,43879.033848,2380.0471741919473,131.1600643,60.41682026035503,26.453420879203712,5.272168375420066,4,14,100-300:300-600,False,True,,1627,99.94996664442962
308,2026-10-07T04:34:17.744+00:00,2026-10-07T04:35:02.633+00:00,2026-10-07T04:35:30.142+00:00,True,448,448.0,,448.0,44889.26438,72398.824956,72398.825132,161.60452038392856,38.733882,44889.26438,2118.086685398533,132.953823,61.54264110961969,27.32791183841774,6.187945733542908,4,14,100-300:300-600,False,True,,1119,99.94996664442962
309,2026-10-07T04:34:20.983+00:00,2026-10-07T04:35:05.632+00:00,2026-10-07T04:35:39.680+00:00,True,545,545.0,,545.0,44648.937716,78696.970996,78696.970911,144.39811176330275,40.895754000000004,44648.937716,1910.0678266213372,132.347849,62.58829647058824,27.55867949317734,6.9252983069412055,4,14,100-300:300-600,False,True,,1086,99.94996664442962
310,2026-10-07T04:34:24.891+00:00,2026-10-07T04:35:09.489+00:00,2026-10-07T04:36:13.709+00:00,True,1054,1054.0,,1054.0,44598.542862999995,108818.776335,108818.776268,103.24362074762809,0.011391,44598.542862999995,1374.8799912176241,127.8027915,60.98787604178538,91.29813739870438,9.685828452575569,4,14,1-100:1000-1500,False,True,,1065,99.94996664442962
311,2026-10-07T04:34:27.431+00:00,2026-10-07T04:35:13.405+00:00,2026-10-07T04:35:40.581+00:00,True,429,429.0,,429.0,45973.694672,73149.51624,73149.516217,170.5116928135198,41.894585,45973.694672,2216.745220416579,131.73196520000002,63.494910205607475,28.27312790084299,5.864700438926649,4,14,100-300:300-600,False,True,,2502,99.94996664442962
312,2026-10-07T04:34:31.271+00:00,2026-10-07T04:35:17.948+00:00,2026-10-07T04:35:44.040+00:00,True,416,416.0,,416.0,46676.265454,72769.071598,72769.071385,174.92565236778847,39.851887000000005,46676.265454,2285.578495871748,132.228332,62.874231672289156,27.82431277658695,5.716714407160768,4,14,100-300:300-600,False,True,,2245,99.94996664442962
313,2026-10-07T04:34:35.057+00:00,2026-10-07T04:35:22.579+00:00,2026-10-07T04:35:57.222+00:00,True,567,567.0,,567.0,47521.914221,82164.71767700001,82164.717704,144.91131870194005,42.72982,47521.914221,1993.3348776273913,127.77161470000001,61.20636653003534,26.246385761737056,6.90077220527854,4,14,100-300:300-600,False,True,,2478,99.94996664442962
314,2026-10-07T04:34:39.528+00:00,2026-10-07T04:35:26.588+00:00,2026-10-07T04:35:54.318+00:00,True,455,455.0,,455.0,47059.76321,74789.41313,74789.413124,164.37233653626373,42.614314,47059.76321,2203.4902086990305,128.3619264,61.078524052863436,26.40667694735164,6.083748768146003,4,14,100-300:300-600,False,True,,1844,99.94996664442962
315,2026-10-07T04:34:42.070+00:00,2026-10-07T04:35:28.611+00:00,2026-10-07T04:36:02.730+00:00,True,523,523.0,,523.0,46540.651459,80659.269315,80659.269484,154.22422463479924,0.015429,46540.651459,2035.7744935779963,126.77485580000001,65.36133688888889,120.32061438387385,6.484065680752937,4,14,100-300:300-600,False,True,,2479,99.94996664442962
316,2026-10-07T04:34:46.078+00:00,2026-10-07T04:35:31.540+00:00,2026-10-07T04:36:02.747+00:00,True,494,494.0,,494.0,45462.465522,76669.24773,76669.247498,155.20090586639677,0.011602,45462.465522,2046.6710023385383,125.46293734999999,63.29976107099392,129.07617364741301,6.443261341753091,4,14,100-300:300-600,False,True,,2260,99.94996664442962
317,2026-10-07T04:34:50.192+00:00,2026-10-07T04:35:35.390+00:00,2026-10-07T04:36:06.403+00:00,True,514,514.0,,514.0,45197.652595,76210.497651,76210.497705,148.26945078793776,0.011472,45197.652595,1995.1323892038906,125.19811975,60.45388899805068,129.75983978120613,6.744477674897528,4,14,100-300:300-600,False,True,,2618,99.94996664442962
318,2026-10-07T04:34:53.179+00:00,2026-10-07T04:35:37.668+00:00,2026-10-07T04:36:10.897+00:00,True,559,559.0,,559.0,44489.19796500001,77718.10266900001,77718.102654,139.03059508765654,0.011972,44489.19796500001,1883.1872511112408,124.1059976,59.550008430107525,122.99124458107939,7.1926614366896064,4,14,100-300:300-600,False,True,,2493,99.94996664442962
319,2026-10-07T04:34:56.427+00:00,2026-10-07T04:35:40.144+00:00,2026-10-07T04:36:06.404+00:00,True,439,439.0,,439.0,43716.875022,69976.234254,69976.234107,159.3991665307517,0.011312,43716.875022,2088.287953904765,125.0924998,59.95287495890411,139.54214567704776,6.2735585114014025,4,14,100-300:300-600,False,True,,1807,99.94996664442962
320,2026-10-07T04:35:00.131+00:00,2026-10-07T04:35:44.226+00:00,2026-10-07T04:36:10.045+00:00,True,436,436.0,,436.0,44094.710869,69913.44034100001,69913.440306,160.35192730733945,0.011141,44094.710869,2113.495405538859,123.50285550000001,59.35340108505748,139.2882622145072,6.236283007579479,4,14,100-300:300-600,False,True,,2361,99.94996664442962
321,2026-10-07T04:35:04.717+00:00,2026-10-07T04:35:51.454+00:00,2026-10-07T04:36:18.903+00:00,True,461,461.0,,461.0,46736.961142,74185.775222,74185.775285,160.92359063991324,0.011581,46736.961142,2178.1997593747624,122.59671,59.67133495652174,135.69577376882603,6.21412930741053,4,14,100-300:300-600,False,True,,2166,99.94996664442962
322,2026-10-07T04:35:07.793+00:00,2026-10-07T04:35:54.498+00:00,2026-10-07T04:36:16.009+00:00,True,363,363.0,,363.0,46705.283549,68216.297181,68216.297193,187.92368372727273,0.011252,46705.283549,2453.060868741903,121.9779465,59.42268959116022,153.40516167354255,5.321309056644383,4,14,100-300:300-600,False,True,,1770,99.94996664442962
323,2026-10-07T04:35:10.500+00:00,2026-10-07T04:35:56.480+00:00,2026-10-07T04:36:16.478+00:00,True,339,339.0,,339.0,45980.832622,65978.815086,65978.815204,194.62777346312686,0.011472,45980.832622,2499.045902147671,122.4519184,59.16562859171598,157.02189484403866,5.138012853946087,4,14,100-300:300-600,False,True,,1320,99.94996664442962
324,2026-10-07T04:35:13.942+00:00,2026-10-07T04:35:59.640+00:00,2026-10-07T04:36:27.715+00:00,True,472,472.0,,472.0,45698.522109,73772.837373,73772.837393,156.29838430720338,0.011221,45698.522109,2104.830963498012,119.42345465,59.605764891719744,131.92410298594146,6.398018794011392,4,14,100-300:300-600,False,True,,2490,99.94996664442962
325,2026-10-07T04:35:18.405+00:00,2026-10-07T04:36:02.737+00:00,2026-10-07T04:36:21.595+00:00,True,334,334.0,,334.0,44332.185096,63190.408200000005,63190.408188,189.19283888622755,0.011742,44332.185096,2422.7730016284813,120.96383884999999,56.63130061261261,24.398462504388053,5.285612318611355,4,14,100-300:300-600,False,True,,2010,99.94996664442962
326,2026-10-07T04:35:22.584+00:00,2026-10-07T04:36:05.970+00:00,2026-10-07T04:36:41.500+00:00,True,599,599.0,,599.0,43386.330414,78915.388462,78915.388356,131.74522263105175,29.503103,43386.330414,1770.45856198793,122.8212538,59.41314054849498,24.46173303786353,7.590408051890102,4,14,100-300:300-600,False,True,,1996,99.94996664442962
327,2026-10-07T04:35:27.127+00:00,2026-10-07T04:36:11.708+00:00,2026-10-07T04:37:32.642+00:00,True,1347,1347.0,,1347.0,44581.161045999994,125515.08693399999,125515.087103,93.18120794580548,25.687504,44581.161045999994,1213.3133765979335,124.45879949999998,60.12921685586924,24.92126146639933,10.73177761258531,4,14,1-100:1000-1500,False,True,,4852,99.94996664442962
328,2026-10-07T04:35:31.604+00:00,2026-10-07T04:36:16.803+00:00,2026-10-07T04:37:23.598+00:00,True,1107,1107.0,,1107.0,45199.131272,111993.803144,111993.80314,101.16874719060525,28.505786,45199.131272,1356.9033926337663,124.5593306,60.393012542495484,24.94324875278765,9.884475470277899,4,14,1-100:1000-1500,False,True,,1737,99.94996664442962
329,2026-10-07T04:35:34.216+00:00,2026-10-07T04:36:20.451+00:00,2026-10-07T04:36:55.745+00:00,True,582,582.0,,582.0,46235.184818,81529.353138,81529.352959,140.08479889862542,28.538546,46235.184818,1914.1587372025888,124.4114381,60.74727765920826,25.28514186672092,7.138533271751616,4,14,100-300:300-600,False,True,,2533,99.94996664442962
330,2026-10-07T04:35:36.864+00:00,2026-10-07T04:36:21.740+00:00,2026-10-07T04:37:35.639+00:00,True,1223,1223.0,,1223.0,44875.619432,118774.816872,118774.816764,97.11759342927228,32.054816,44875.619432,1281.7240789963957,125.2331769,60.47397499181669,25.060614742923473,10.296795501002453,4,14,1-100:1000-1500,False,True,,4928,99.94996664442962
331,2026-10-07T04:35:40.836+00:00,2026-10-07T04:36:25.255+00:00,2026-10-07T04:36:54.349+00:00,True,480,480.0,,480.0,44419.045695,73512.868927,73512.868985,153.15181038541667,28.250216,44419.045695,2024.8300247668658,124.19345265,60.73867063048017,25.447201116212366,6.529469016869022,4,14,100-300:300-600,False,True,,2721,99.94996664442962
332,2026-10-07T04:35:43.894+00:00,2026-10-07T04:36:27.905+00:00,2026-10-07T04:36:57.527+00:00,True,492,492.0,,492.0,44010.675352,73632.5334,73632.533404,149.6596207398374,28.811859000000002,44010.675352,1981.5899653347194,126.34895185,60.32964979226069,24.838333780143465,6.681829040531152,4,14,100-300:300-600,False,True,,2463,99.94996664442962
333,2026-10-07T04:35:47.028+00:00,2026-10-07T04:36:29.706+00:00,2026-10-07T04:37:31.469+00:00,True,1039,1039.0,,1039.0,42678.427130000004,104441.283322,104441.28320600001,100.5209655495669,26.549149,42678.427130000004,1322.4133601810308,123.1206826,59.501788238921,24.17432341745822,9.948173432498796,4,14,1-100:1000-1500,False,True,,2164,99.94996664442962
334,2026-10-07T04:35:49.659+00:00,2026-10-07T04:36:34.507+00:00,2026-10-07T04:37:57.623+00:00,True,1375,1375.0,,1375.0,44847.097946999995,127963.366235,127963.36621,93.06426633454545,28.58809,44847.097946999995,1208.0653228121228,125.53877980000001,60.492189438136826,25.090133530581426,10.745262808066984,4,14,1-100:1000-1500,False,True,,2750,99.94996664442962
335,2026-10-07T04:35:52.375+00:00,2026-10-07T04:36:35.883+00:00,2026-10-07T04:37:59.046+00:00,True,1374,1374.0,,1374.0,43507.433912,126670.546872,126670.546869,92.19108214628821,27.173799,43507.433912,1172.370265061851,126.2119072,60.57036632192279,25.13111271439276,10.847036141625098,4,14,1-100:1000-1500,False,True,,6542,99.94996664442962
336,2026-10-07T04:35:55.360+00:00,2026-10-07T04:36:40.462+00:00,2026-10-07T04:37:12.349+00:00,True,530,530.0,,530.0,45101.973266999994,76989.15841899998,76989.15847,145.26256315094338,40.161308,45101.973266999994,1956.6460806746225,124.42551790000002,60.27823280151229,25.0356633220676,6.884086160749646,4,14,100-300:300-600,False,True,,1968,99.94996664442962
337,2026-10-07T04:35:58.223+00:00,2026-10-07T04:36:42.734+00:00,2026-10-07T04:37:08.293+00:00,True,421,421.0,,421.0,44511.057766000005,70069.86096600001,70069.861028,166.43672453206653,41.780241000000004,44511.057766000005,2166.5190501097945,123.89074400000001,60.85429333333334,25.412377656059682,6.008289358591446,4,14,100-300:300-600,False,True,,1829,99.94996664442962
338,2026-10-07T04:36:02.727+00:00,2026-10-07T04:36:46.318+00:00,2026-10-07T04:37:18.915+00:00,True,551,551.0,,551.0,43590.531081,76187.363849,76187.363773,138.27107762794918,39.265178999999996,43590.531081,1854.6493153574147,122.520701,59.266968669090915,24.00816168554964,7.2321704304149135,4,14,100-300:300-600,False,True,,2840,99.94996664442962
339,2026-10-07T04:36:05.915+00:00,2026-10-07T04:36:50.162+00:00,2026-10-07T04:38:16.449+00:00,True,1411,1411.0,,1411.0,44247.024949,130534.126133,130534.126191,92.51178326789511,27.833796,44247.024949,1176.5841361921446,127.12838599999999,61.19652566241135,25.692409489391146,10.809433837725663,4,14,1-100:1000-1500,False,True,,4701,99.94996664442962
340,2026-10-07T04:36:09.964+00:00,2026-10-07T04:36:53.390+00:00,2026-10-07T04:38:06.355+00:00,True,1206,1206.0,,1206.0,43425.759628,116390.53838,116390.538517,96.50956759286899,27.469524,43425.759628,1248.983199931288,127.41207849999999,60.55168361161826,25.267616427809394,10.361666994464503,4,14,1-100:1000-1500,False,True,,2204,99.94996664442962
341,2026-10-07T04:36:12.694+00:00,2026-10-07T04:36:56.865+00:00,2026-10-07T04:38:16.397+00:00,True,1298,1298.0,,1298.0,44170.786337,123702.355233,123702.35532,95.30227682588598,25.813371,44170.786337,1224.5875068865969,128.07241245,61.31963677409406,25.66988899169859,10.492928752691473,4,14,1-100:1000-1500,False,True,,5385,99.94996664442962
342,2026-10-07T04:36:17.167+00:00,2026-10-07T04:37:00.919+00:00,2026-10-07T04:37:20.709+00:00,True,333,333.0,,333.0,43751.953012000005,63542.23986,63542.23979300001,190.81753691591592,42.526720999999995,43751.953012000005,2394.4552492115445,124.857896,59.60929773493976,24.946376637625235,5.240608463499007,4,14,100-300:300-600,False,True,,1575,99.94996664442962
343,2026-10-07T04:36:20.028+00:00,2026-10-07T04:37:02.575+00:00,2026-10-07T04:37:37.932+00:00,True,593,593.0,,593.0,42546.552893,77903.871293,77903.871115,131.3724639376054,40.210539,42546.552893,1744.9011582319715,125.311159,59.7252,24.821819128195003,7.6119452109087105,4,14,100-300:300-600,False,True,,2369,99.94996664442962
344,2026-10-07T04:36:22.642+00:00,2026-10-07T04:37:04.785+00:00,2026-10-07T04:38:36.002+00:00,True,1493,1493.0,,1493.0,42142.627568,133360.131312,133360.131459,89.32359776222371,24.953508999999997,42142.627568,1089.3887602731897,128.33120580000002,61.137737093833785,25.793640982307252,11.195249924485166,4,14,1-100:1000-1500,False,True,,1493,99.94996664442962
345,2026-10-07T04:36:27.160+00:00,2026-10-07T04:37:09.505+00:00,2026-10-07T04:37:33.920+00:00,True,411,411.0,,411.0,42345.064456,66760.29364,66760.293658,162.43380452068126,41.698477,42345.064456,2085.9310639557098,127.974766,59.54933947317073,24.232949318017344,6.156353988139828,4,14,100-300:300-600,False,True,,2124,99.94996664442962
346,2026-10-07T04:36:29.694+00:00,2026-10-07T04:37:12.009+00:00,2026-10-07T04:37:37.110+00:00,True,419,419.0,,419.0,42314.963475000004,67416.264467,67416.26446800001,160.89800589021482,41.376875,42314.963475000004,2064.43500774289,126.77394530000001,60.05095931100479,24.70284068394191,6.215117424743978,4,14,100-300:300-600,False,True,,1838,99.94996664442962
347,2026-10-07T04:36:34.104+00:00,2026-10-07T04:37:18.009+00:00,2026-10-07T04:37:39.309+00:00,True,345,345.0,,345.0,43904.635113,65205.341416999996,65205.341508,189.00098987826087,43.302543,43904.635113,2360.557880000303,131.4301964,61.92065786046512,26.245169575487772,5.290977587152905,4,14,100-300:300-600,False,True,,1395,99.94996664442962
348,2026-10-07T04:36:37.249+00:00,2026-10-07T04:37:20.890+00:00,2026-10-07T04:37:41.954+00:00,True,341,341.0,,341.0,43640.945506,64704.732002,64704.732031,189.74994730498534,42.8529,43640.945506,2360.0811667294925,130.514345,61.952313223529416,26.32355207824661,5.2700936925209705,4,14,100-300:300-600,False,True,,1610,99.94996664442962
349,2026-10-07T04:36:41.089+00:00,2026-10-07T04:37:25.269+00:00,2026-10-07T04:38:30.026+00:00,True,1052,1052.0,,1052.0,44179.487016,108936.637736,108936.637781,103.5519370541825,26.845585,44179.487016,1360.4619381022007,129.69314185,61.61479611798287,26.075060291529702,9.656989804930873,4,14,1-100:1000-1500,False,True,,1052,99.94996664442962
350,2026-10-07T04:36:43.894+00:00,2026-10-07T04:37:29.281+00:00,2026-10-07T04:37:51.057+00:00,True,351,351.0,,351.0,45386.788281,67163.370681,67163.37045,191.34863376068375,20.239224999999998,45386.788281,2419.396488190768,132.637344,62.21880685714286,26.97416246175253,5.226062903648986,4,14,100-300:300-600,False,True,,1494,99.94996664442962
351,2026-10-07T04:36:47.720+00:00,2026-10-07T04:37:33.155+00:00,2026-10-07T04:38:02.638+00:00,True,478,478.0,,478.0,45435.494553000004,74918.142873,74918.142834,156.73251638912134,29.64984,45435.494553000004,2075.517570405276,131.71589964999998,61.80848704402516,26.862360778444504,6.380296970392041,4,14,100-300:300-600,False,True,,2095,99.94996664442962
352,2026-10-07T04:36:50.574+00:00,2026-10-07T04:37:36.423+00:00,2026-10-07T04:38:06.677+00:00,True,492,492.0,,492.0,45849.22249,76102.871898,76102.871894,154.68063393089432,26.756107,45849.22249,2064.43034673716,131.6674815,61.61639390631364,26.177999059946046,6.464933421427554,4,14,100-300:300-600,False,True,,2356,99.94996664442962
353,2026-10-07T04:36:54.969+00:00,2026-10-07T04:37:40.433+00:00,2026-10-07T04:38:12.038+00:00,True,511,511.0,,511.0,45463.965635,77069.19622700001,77069.196173,150.82034476125244,24.510108,45463.965635,2008.6488819000401,132.042134,61.97104037647059,27.13175277343113,6.63040520748261,4,14,100-300:300-600,False,True,,2534,99.94996664442962
354,2026-10-07T04:36:59.329+00:00,2026-10-07T04:37:44.213+00:00,2026-10-07T04:39:02.530+00:00,True,1274,1274.0,,1274.0,44884.336791,123200.53007100002,123200.530321,96.70371296781789,20.871830000000003,44884.336791,1256.055092639035,129.1419721,61.52096879811469,26.177871492822995,10.340864599087345,4,14,1-100:1000-1500,False,True,,6118,99.94996664442962
355,2026-10-07T04:37:02.306+00:00,2026-10-07T04:37:45.694+00:00,2026-10-07T04:38:15.171+00:00,True,483,483.0,,483.0,43387.818708,72864.03707600001,72864.037174,150.85721982194616,22.200291,43387.818708,1971.591936453533,119.2519831,61.15398001659751,25.17720447625881,6.628784505807884,4,14,100-300:300-600,False,True,,2202,99.94996664442962
356,2026-10-07T04:37:05.915+00:00,2026-10-07T04:37:52.900+00:00,2026-10-07T04:38:29.518+00:00,True,594,594.0,,594.0,46985.334622,83602.601054,83602.601026,140.74511957239056,39.416792,46985.334622,1925.4733471256407,128.30719645000002,61.749184539629006,26.00465380684148,7.1050420981080205,4,14,100-300:300-600,False,True,,2716,99.94996664442962
357,2026-10-07T04:37:08.641+00:00,2026-10-07T04:37:58.231+00:00,2026-10-07T04:38:34.231+00:00,True,584,584.0,,584.0,49590.846449000004,85590.986993,85590.98694,146.55990914383563,42.523563,49590.846449000004,2049.6946013125325,127.96457265,61.749812253859346,26.10820558857767,6.823148330416636,4,14,100-300:300-600,False,True,,2598,99.94996664442962
358,2026-10-07T04:37:12.918+00:00,2026-10-07T04:38:01.133+00:00,2026-10-07T04:39:05.418+00:00,True,1043,1043.0,,1043.0,48215.317914,112500.061594,112500.061391,107.8619955810163,25.851522,48215.317914,1491.2616128761724,129.0961039,61.693611976967375,26.207806926607685,9.271106035159955,4,14,1-100:1000-1500,False,True,,3131,99.94996664442962
359,2026-10-07T04:37:16.778+00:00,2026-10-07T04:38:06.622+00:00,2026-10-07T04:38:39.782+00:00,True,531,531.0,,531.0,49844.955804,83004.218012,83004.218026,156.31679477589452,25.382985,49844.955804,2160.546355303004,130.391761,62.5646456754717,27.492219392625973,6.397265256125091,4,14,100-300:300-600,False,True,,2622,99.94996664442962
360,2026-10-07T04:37:21.113+00:00,2026-10-07T04:38:10.911+00:00,2026-10-07T04:38:41.173+00:00,True,493,493.0,,493.0,49798.443411,80060.370323,80060.370507,162.394260663286,26.736501,49798.443411,2240.2006312442722,131.1244232,61.50798152845529,26.944607295682008,6.157853105238128,4,14,100-300:300-600,False,True,,2390,99.94996664442962
361,2026-10-07T04:37:24.083+00:00,2026-10-07T04:38:14.110+00:00,2026-10-07T04:38:48.393+00:00,True,561,561.0,,561.0,50027.591008,84310.078304,84310.078234,150.2853444456328,27.800855,50027.591008,2109.7483278360082,130.180191,61.218727314285715,26.52371459411792,6.654008764849931,4,14,100-300:300-600,False,True,,2862,99.94996664442962
362,2026-10-07T04:37:27.387+00:00,2026-10-07T04:38:16.198+00:00,2026-10-07T04:38:51.786+00:00,True,583,583.0,,583.0,48810.936941,84399.148653,84399.148688,144.76697888164665,26.344246,48810.936941,2019.1875588127232,130.9808597,61.14813008934708,26.80328212076235,6.907652616224311,4,14,100-300:300-600,False,True,,2280,99.94996664442962
363,2026-10-07T04:37:31.429+00:00,2026-10-07T04:38:19.163+00:00,2026-10-07T04:38:42.921+00:00,True,389,389.0,,389.0,47734.194072,71492.241816,71492.24202199999,183.78468386118251,26.659337,47734.194072,2417.261127370027,129.6476482,61.23208181443299,26.602019821573325,5.441149838344301,4,14,100-300:300-600,False,True,,1583,99.94996664442962
364,2026-10-07T04:37:35.070+00:00,2026-10-07T04:38:24.763+00:00,2026-10-07T04:38:47.895+00:00,True,375,375.0,,375.0,49692.682018,72824.603682,72824.60362,194.19894298666668,30.036955000000003,49692.682018,2563.0646045579433,129.07081300000002,61.85005792513369,26.773135072446035,5.149358610140826,4,14,100-300:300-600,False,True,,1772,99.94996664442962
365,2026-10-07T04:37:39.064+00:00,2026-10-07T04:38:29.351+00:00,2026-10-07T04:39:33.208+00:00,True,1039,1039.0,,1039.0,50286.434218,114143.87498600001,114143.87489600001,109.8593598614052,28.334616,50286.434218,1558.379470308173,127.1959915,61.51969245472062,26.297745831055447,9.102547115449125,4,14,1-100:1000-1500,False,True,,3675,99.94996664442962
366,2026-10-07T04:37:42.340+00:00,2026-10-07T04:38:33.370+00:00,2026-10-07T04:38:56.823+00:00,True,380,380.0,,380.0,51030.624133000005,74483.31379700001,74483.313977,196.00872099210528,23.539348999999998,51030.624133000005,2614.7809297874933,130.90962775,61.88044766226913,27.049601210860196,5.101813824176354,4,14,100-300:300-600,False,True,,1834,99.94996664442962
367,2026-10-07T04:37:46.659+00:00,2026-10-07T04:38:37.917+00:00,2026-10-07T04:39:43.620+00:00,True,1084,1084.0,,1084.0,51258.104711,116960.89869500001,116960.898734,107.89750805719557,26.786143,51258.104711,1555.214852850242,124.36646535,60.667399800554016,25.16582033488064,9.268054641293041,4,14,1-100:1000-1500,False,True,,2978,99.94996664442962
368,2026-10-07T04:37:49.750+00:00,2026-10-07T04:38:39.786+00:00,2026-10-07T04:40:03.555+00:00,True,1390,1390.0,,1390.0,50036.072413,133805.726173,133805.726035,96.26311225539568,37.440968999999996,50036.072413,1340.690239434421,124.9459505,60.30932596112311,25.156768051813035,10.388195182341017,4,14,1-100:1000-1500,False,True,,1390,99.94996664442962
369,2026-10-07T04:37:53.675+00:00,2026-10-07T04:38:45.208+00:00,2026-10-07T04:39:18.786+00:00,True,549,549.0,,549.0,51533.093696,85111.296576,85111.296352,155.02968370127505,42.046618,51533.093696,2196.9126643271948,125.548973,61.274092846715334,25.604113271169936,6.450377588946391,4,14,100-300:300-600,False,True,,2897,99.94996664442962
370,2026-10-07T04:37:57.471+00:00,2026-10-07T04:38:49.166+00:00,2026-10-07T04:39:13.040+00:00,True,391,391.0,,391.0,51694.437722999995,75568.749659,75568.74958599999,193.27045929923273,42.231063999999996,51694.437722999995,2611.33324550424,126.60534,61.216184451282054,25.988704997428503,5.174096458712985,4,14,100-300:300-600,False,True,,1976,99.94996664442962
371,2026-10-07T04:38:01.803+00:00,2026-10-07T04:38:52.958+00:00,2026-10-07T04:40:14.695+00:00,True,1356,1356.0,,1356.0,51155.497022,132891.726398,132891.726604,98.00274823303835,38.595433,51155.497022,1387.7750706284637,123.33956575,60.321940498892985,24.75152564121357,10.203795501451228,4,14,1-100:1000-1500,False,True,,6114,99.94996664442962
372,2026-10-07T04:38:06.128+00:00,2026-10-07T04:38:57.830+00:00,2026-10-07T04:40:07.859+00:00,True,1166,1166.0,,1166.0,51701.835039,121731.250463,121731.250512,104.4007294271012,39.072086000000006,51701.835039,1512.5454658915887,123.99213100000001,60.11108620085837,24.510705336343534,9.578477141778837,4,14,1-100:1000-1500,False,True,,3616,99.94996664442962
373,2026-10-07T04:38:10.672+00:00,2026-10-07T04:39:01.673+00:00,2026-10-07T04:39:34.219+00:00,True,538,538.0,,538.0,51000.529208,83546.13688800001,83546.136718,155.2902169479554,38.875477,51000.529208,2196.3203580375875,123.17480835,60.60634577281192,25.202935724089357,6.439555675940231,4,14,100-300:300-600,False,True,,2111,99.94996664442962
374,2026-10-07T04:38:13.350+00:00,2026-10-07T04:39:03.718+00:00,2026-10-07T04:39:35.806+00:00,True,532,532.0,,532.0,50367.443678999996,82456.006879,82456.006851,154.99249408082707,40.10422,50367.443678999996,2181.231874973015,123.09340240000002,60.430439171374765,25.281316766940435,6.451925337358174,4,14,100-300:300-600,False,True,,2786,99.94996664442962
375,2026-10-07T04:38:17.108+00:00,2026-10-07T04:39:09.071+00:00,2026-10-07T04:39:29.972+00:00,True,347,347.0,,347.0,51963.32639,72863.697846,72863.697704,209.98183776368876,41.374610000000004,51963.32639,2786.403870169402,123.63728649999999,60.40569784971099,24.69293058269371,4.762316630338976,4,14,100-300:300-600,False,True,,1456,99.94996664442962
376,2026-10-07T04:38:21.411+00:00,2026-10-07T04:39:12.943+00:00,2026-10-07T04:39:32.571+00:00,True,326,326.0,,326.0,51532.358606,71159.520974,71159.52087200001,218.28073887116565,40.917113,51532.358606,2850.875393164271,122.91227199999999,60.39126882461538,24.71284964399813,4.581256247060919,4,14,100-300:300-600,False,True,,1605,99.94996664442962
377,2026-10-07T04:38:25.400+00:00,2026-10-07T04:39:14.912+00:00,2026-10-07T04:39:45.804+00:00,True,517,517.0,,517.0,49511.720359,80404.079271,80404.079311,155.52046288394584,41.714617,49511.720359,2175.0242141190674,120.68631679999999,59.86891262015504,24.19123543616653,6.43002201738377,4,14,100-300:300-600,False,True,,2818,99.94996664442962
378,2026-10-07T04:38:28.216+00:00,2026-10-07T04:39:18.209+00:00,2026-10-07T04:39:48.970+00:00,True,514,514.0,,514.0,49993.524832999996,80754.735969,80754.735831,157.11038099416342,42.659699999999994,49993.524832999996,2202.608826909252,123.62792545,59.96337453411306,24.305650678619042,6.364951774436035,4,14,100-300:300-600,False,True,,2109,99.94996664442962
379,2026-10-07T04:38:31.948+00:00,2026-10-07T04:39:21.166+00:00,2026-10-07T04:40:44.029+00:00,True,1369,1369.0,,1369.0,49217.922896,132080.687952,132080.687744,96.47968425420014,0.011452,49217.922896,1331.5913005667844,124.50874240000002,60.57219667836257,89.57840641889352,10.364876358741514,4,14,1-100:1000-1500,False,True,,1369,99.94996664442962
380,2026-10-07T04:38:36.242+00:00,2026-10-07T04:39:25.310+00:00,2026-10-07T04:39:59.673+00:00,True,577,577.0,,577.0,49067.485726000006,83430.648094,83430.64829400001,144.5938445303293,41.090869,49067.485726000006,2040.3678057369323,122.86846960000001,59.658268,24.36700326992324,6.915923742434592,4,14,100-300:300-600,False,True,,2361,99.94996664442962
381,2026-10-07T04:38:39.279+00:00,2026-10-07T04:39:29.183+00:00,2026-10-07T04:40:03.814+00:00,True,582,582.0,,582.0,49903.259706,84534.148922,84534.149007,145.24767870618555,41.734986,49903.259706,2066.220219317677,121.24735279999999,59.605661301204826,23.576932311452033,6.884791618793178,4,14,100-300:300-600,False,True,,3073,99.94996664442962
382,2026-10-07T04:38:42.757+00:00,2026-10-07T04:39:31.956+00:00,2026-10-07T04:40:52.767+00:00,True,1325,1325.0,,1325.0,49199.500380000005,130010.155612,130010.155626,98.12087217056605,0.011371000000000001,49199.500380000005,1352.8840067181611,127.1427356,61.035238090634444,89.27496280677138,10.191511530486176,4,14,1-100:1000-1500,False,True,,2797,99.94996664442962
383,2026-10-07T04:38:47.174+00:00,2026-10-07T04:39:35.281+00:00,2026-10-07T04:40:39.348+00:00,True,1059,1059.0,,1059.0,48106.600402000004,112173.78273800001,112173.782718,105.92425185835694,0.011271000000000002,48106.600402000004,1479.7112941554667,125.11972449999999,60.55499275614367,98.69770696720701,9.440708641104361,4,14,1-100:1000-1500,False,True,,1589,99.94996664442962
384,2026-10-07T04:38:51.092+00:00,2026-10-07T04:39:39.813+00:00,2026-10-07T04:40:13.530+00:00,True,564,564.0,,564.0,48720.915165,82438.386909,82438.38686,146.16735258865248,39.243847,48720.915165,2049.1416677606517,124.71896775,59.888937378330375,24.215422454500835,6.841473021816573,4,14,100-300:300-600,False,True,,3232,99.94996664442962
385,2026-10-07T04:38:54.972+00:00,2026-10-07T04:39:43.831+00:00,2026-10-07T04:40:44.824+00:00,True,1001,1001.0,,1001.0,48858.610025,109851.48349700001,109851.4834,109.74174165834167,0.011712,48858.610025,1545.6939658415579,126.21129300000001,60.992873472,101.74269669224584,9.112302976111714,4,14,1-100:1000-1500,False,True,,3289,99.94996664442962
386,2026-10-07T04:38:57.990+00:00,2026-10-07T04:39:46.453+00:00,2026-10-07T04:41:16.990+00:00,True,1480,1480.0,,1480.0,48462.727270999996,138999.739495,138999.739582,93.9187429608108,0.011391,48462.727270999996,1261.07410871024,128.4844038,61.21501840703178,86.04179996619065,10.647501969262594,4,14,1-100:1000-1500,False,True,,3849,99.94996664442962
387,2026-10-07T04:39:01.179+00:00,2026-10-07T04:39:50.003+00:00,2026-10-07T04:41:00.842+00:00,True,1159,1159.0,,1159.0,48824.47966,119663.53117999999,119663.531153,103.24722273770492,0.011151,48824.47966,1435.6120486987215,129.810397,61.17361962003454,96.65420245270899,9.685490546460741,4,14,1-100:1000-1500,False,True,,4909,99.94996664442962
388,2026-10-07T04:39:03.783+00:00,2026-10-07T04:39:52.685+00:00,2026-10-07T04:41:08.621+00:00,True,1241,1241.0,,1241.0,48902.064501,124837.841525,124837.841522,100.59455400644642,0.011432000000000001,48902.064501,1389.5094778447447,129.886749,61.23852985806452,92.53522252399458,9.940896004289513,4,14,1-100:1000-1500,False,True,,4434,99.94996664442962
389,2026-10-07T04:39:08.133+00:00,2026-10-07T04:39:59.374+00:00,2026-10-07T04:40:30.746+00:00,True,514,514.0,,514.0,51240.866623,82612.95878300001,82612.958615,160.72560041828794,0.011221,51240.866623,2261.734595258738,128.63355389999998,61.154175750487326,139.44311618624627,6.2217841797692675,4,14,100-300:300-600,False,True,,2089,99.94996664442962
390,2026-10-07T04:39:10.928+00:00,2026-10-07T04:40:02.101+00:00,2026-10-07T04:40:30.696+00:00,True,467,467.0,,467.0,51172.822693999995,79767.12234199999,79767.12238799999,170.80754258672377,0.011430999999999998,51172.822693999995,2369.7702142181815,128.56663029999999,61.36115804291846,147.96344883739891,5.8545424015391525,4,14,100-300:300-600,False,True,,1887,99.94996664442962
391,2026-10-07T04:39:14.093+00:00,2026-10-07T04:40:06.312+00:00,2026-10-07T04:40:38.661+00:00,True,527,527.0,,527.0,52219.668681999996,84567.90881,84567.90868899999,160.47041496963945,0.011562,52219.668681999996,2276.4232752387356,128.29161679999999,61.498555376425855,141.24358856421443,6.231678273894875,4,14,100-300:300-600,False,True,,2009,99.94996664442962
392,2026-10-07T04:39:16.894+00:00,2026-10-07T04:40:08.922+00:00,2026-10-07T04:40:27.987+00:00,True,317,317.0,,317.0,52027.83678,71093.086316,71093.086449,224.268411511041,0.011542,52027.83678,2924.1193291735635,124.3359092,60.333068151898736,176.81131657088034,4.458942724626894,4,14,100-300:300-600,False,True,,1465,99.94996664442962
393,2026-10-07T04:39:20.380+00:00,2026-10-07T04:40:11.214+00:00,2026-10-07T04:41:28.469+00:00,True,1247,1247.0,,1247.0,50833.422343000006,128088.438535,128088.438527,102.71727227506015,0.011512,50833.422343000006,1440.7582457251663,129.6979832,62.00242069983949,92.95391505584344,9.735461016329424,4,14,1-100:1000-1500,False,True,,4096,99.94996664442962
394,2026-10-07T04:39:24.036+00:00,2026-10-07T04:40:16.520+00:00,2026-10-07T04:41:30.540+00:00,True,1190,1190.0,,1190.0,52483.982289,126504.12923299999,126504.129342,106.30599104369747,0.011340999999999999,52483.982289,1522.5014322510808,130.24421755,62.25411853994954,93.50231335119486,9.406807566006117,4,14,1-100:1000-1500,False,True,,7265,99.94996664442962
395,2026-10-07T04:39:28.552+00:00,2026-10-07T04:40:20.695+00:00,2026-10-07T04:40:48.167+00:00,True,443,443.0,,443.0,52143.553984,79615.143616,79615.14374099999,179.7181574288939,0.011521,52143.553984,2479.115027773238,130.5289529,62.152917719457015,151.9907937082046,5.5642680510215365,4,14,100-300:300-600,False,True,,2499,99.94996664442962
396,2026-10-07T04:39:32.137+00:00,2026-10-07T04:40:26.504+00:00,2026-10-07T04:41:50.573+00:00,True,1368,1368.0,,1368.0,54367.37135,138436.169046,138436.1691,101.19603004385965,25.6308,54367.37135,1468.4936094022898,128.80901609999998,61.49875471543526,26.053851975859676,9.881810580480861,4,14,1-100:1000-1500,False,True,,2850,99.94996664442962
397,2026-10-07T04:39:36.430+00:00,2026-10-07T04:40:30.593+00:00,2026-10-07T04:40:50.225+00:00,True,316,316.0,,316.0,54162.83089899999,73794.53214699999,73794.53210699999,233.52700033860756,30.429392,54162.83089899999,3043.513057284791,132.40734725000002,62.322861104761905,27.26117507958495,4.282160084307094,4,14,100-300:300-600,False,True,,1312,99.94996664442962
398,2026-10-07T04:39:40.806+00:00,2026-10-07T04:40:36.117+00:00,2026-10-07T04:41:00.504+00:00,True,395,395.0,,395.0,55311.253841,79698.042193,79698.042447,201.76719606835442,27.01358,55311.253841,2780.0259267050214,132.1212628,61.89540190862944,26.81647055208555,4.956207067715064,4,14,100-300:300-600,False,True,,2116,99.94996664442962
399,2026-10-07T04:39:44.841+00:00,2026-10-07T04:40:42.448+00:00,2026-10-07T04:41:56.770+00:00,True,1211,1211.0,,1211.0,57607.765118,131929.788798,131929.788789,108.94284788521882,34.982645,57607.765118,1653.8632041426015,128.35371,61.4231600661157,26.07401832445984,9.179124828693414,4,14,1-100:1000-1500,False,True,,4084,99.94996664442962
400,2026-10-07T04:39:47.642+00:00,2026-10-07T04:40:43.541+00:00,2026-10-07T04:41:03.971+00:00,True,326,326.0,,326.0,55899.184301,76329.639853,76329.63993800001,234.13999980981595,26.774924,55899.184301,3092.6118740873394,133.38972825000002,62.862940159999994,27.74242589304358,4.27094901309412,4,14,100-300:300-600,False,True,,1382,99.94996664442962
401,2026-10-07T04:39:51.374+00:00,2026-10-07T04:40:47.668+00:00,2026-10-07T04:41:07.578+00:00,True,323,323.0,,323.0,56294.248604,76203.705756,76203.705809,235.9247857863777,42.453385000000004,56294.248604,3128.9686997880917,131.38115430000002,61.830612273291926,26.66470971425806,4.238639010998074,4,14,100-300:300-600,False,True,,1018,99.94996664442962
402,2026-10-07T04:39:54.598+00:00,2026-10-07T04:40:51.202+00:00,2026-10-07T04:41:11.738+00:00,True,336,336.0,,336.0,56604.147865,77139.562649,77139.562717,229.58203189583332,43.190286,56604.147865,3084.7717926050464,129.66442425000002,61.2997456238806,25.675635739453693,4.3557415736055605,4,14,100-300:300-600,False,True,,1691,99.94996664442962
403,2026-10-07T04:39:58.652+00:00,2026-10-07T04:40:54.169+00:00,2026-10-07T04:41:28.906+00:00,True,560,560.0,,560.0,55516.667566,90253.783982,90253.784049,161.16747151607143,42.883451,55516.667566,2343.534693081989,130.1780154,62.141532050089445,26.82561526106619,6.2047259992078025,4,14,100-300:300-600,False,True,,2496,99.94996664442962
404,2026-10-07T04:40:02.388+00:00,2026-10-07T04:40:59.358+00:00,2026-10-07T04:41:18.490+00:00,True,311,311.0,,311.0,56969.325784,76101.602776,76101.60286300001,244.69968766237943,44.127513,56969.325784,3227.0344940295236,129.08218150000002,61.71702255483871,25.452226341774704,4.086641918901601,4,14,100-300:300-600,False,True,,1392,99.94996664442962
405,2026-10-07T04:40:06.142+00:00,2026-10-07T04:41:03.054+00:00,2026-10-07T04:41:26.594+00:00,True,377,377.0,,377.0,56911.264026,80452.002586,80452.002538,213.40053723607426,43.470843,56911.264026,2927.9723453672154,129.81141060000002,62.608347234042554,26.27921122466653,4.68602381397532,4,14,100-300:300-600,False,True,,1728,99.94996664442962
406,2026-10-07T04:40:09.696+00:00,2026-10-07T04:41:07.093+00:00,2026-10-07T04:41:43.124+00:00,True,588,588.0,,588.0,57397.332776,93428.690728,93428.690694,158.8923311122449,41.179716,57397.332776,2364.6332252114553,126.99428390000001,61.38221116183986,25.612242531680057,6.293569945359193,4,14,100-300:300-600,False,True,,2756,99.94996664442962
407,2026-10-07T04:40:13.172+00:00,2026-10-07T04:41:11.918+00:00,2026-10-07T04:41:32.825+00:00,True,332,332.0,,332.0,58745.953834,79653.466666,79653.466566,239.9200800180723,44.111894,58745.953834,3220.7457589375967,126.5937089,63.16469133534743,26.573582459023445,4.168054623311377,4,14,100-300:300-600,False,True,,1311,99.94996664442962
408,2026-10-07T04:40:16.075+00:00,2026-10-07T04:41:15.259+00:00,2026-10-07T04:42:17.844+00:00,True,1037,1037.0,,1037.0,59183.800902,121768.70355800001,121768.703489,117.42401493635488,40.222763,59183.800902,1836.1565878194704,124.33623659999999,60.4101376988417,24.856885951994393,8.516145525899136,4,14,1-100:1000-1500,False,True,,3628,99.94996664442962
409,2026-10-07T04:40:18.772+00:00,2026-10-07T04:41:18.235+00:00,2026-10-07T04:42:34.577+00:00,True,1266,1266.0,,1266.0,59463.032297,135804.537833,135804.537812,107.27056699210111,39.889892,59463.032297,1669.6968250960372,124.95871375,60.349016233992096,24.93911726576193,9.32222162971322,4,14,1-100:1000-1500,False,True,,3782,99.94996664442962
410,2026-10-07T04:40:24.592+00:00,2026-10-07T04:41:22.603+00:00,2026-10-07T04:41:43.414+00:00,True,344,344.0,,344.0,58011.218735,78822.175023,78822.175078,229.134229877907,42.794426,58011.218735,3124.5829614620957,123.08301505000001,60.67334194752186,24.90315876891791,4.36425409346573,4,14,100-300:300-600,False,True,,1604,99.94996664442962
411,2026-10-07T04:40:25.772+00:00,2026-10-07T04:41:24.899+00:00,2026-10-07T04:41:56.403+00:00,True,531,531.0,,531.0,59127.573908,90631.247764,90631.24778199999,170.68031597363466,41.954448,59127.573908,2563.452086667401,123.0458975,59.44089406792453,24.13985644282097,5.858906426872792,4,14,100-300:300-600,False,True,,2172,99.94996664442962
412,2026-10-07T04:40:29.225+00:00,2026-10-07T04:41:28.223+00:00,2026-10-07T04:42:00.373+00:00,True,544,544.0,,544.0,58998.12085,91148.546194,91148.546279,167.55247477757354,42.371573,58998.12085,2527.0989791088714,123.43375975000001,59.20888645303868,24.023076911733977,5.968279503242474,4,14,100-300:300-600,False,True,,1627,99.94996664442962
413,2026-10-07T04:40:32.296+00:00,2026-10-07T04:41:30.099+00:00,2026-10-07T04:42:40.274+00:00,True,1173,1173.0,,1173.0,57803.026542,127977.147502,127977.147503,109.10242753878943,39.776991,57803.026542,1686.158138456751,126.6992312,59.875529829351535,24.771018047110733,9.165698899341919,4,14,1-100:1000-1500,False,True,,1847,99.94996664442962
414,2026-10-07T04:40:36.013+00:00,2026-10-07T04:41:33.070+00:00,2026-10-07T04:42:56.982+00:00,True,1397,1397.0,,1397.0,57057.353702,140969.605094,140969.605128,100.90880825196851,18.426921999999998,57057.353702,1525.1520555923432,126.2802434,60.1090626017192,24.822395498874602,9.909937671092047,4,14,1-100:1000-1500,False,True,,3261,99.94996664442962
415,2026-10-07T04:40:38.597+00:00,2026-10-07T04:41:35.732+00:00,2026-10-07T04:42:09.303+00:00,True,574,574.0,,574.0,57135.372663999995,90705.706104,90705.705999,158.02387804703832,41.677738,57135.372663999995,2382.4528493973494,115.07615305000002,58.58696935427574,23.31072683019072,6.3281575620156865,4,14,100-300:300-600,False,True,,2481,99.94996664442962
416,2026-10-07T04:40:41.353+00:00,2026-10-07T04:41:38.135+00:00,2026-10-07T04:42:50.587+00:00,True,1211,1211.0,,1211.0,56782.102756,129233.541604,129233.541608,106.71638448224608,41.421311,56782.102756,1630.1612161159944,126.36206,59.87722218842975,24.587860702638952,9.370632306207085,4,14,1-100:1000-1500,False,True,,4115,99.94996664442962
417,2026-10-07T04:40:45.153+00:00,2026-10-07T04:41:41.510+00:00,2026-10-07T04:42:00.773+00:00,True,331,331.0,,331.0,56356.321861000004,75620.221509,75620.221624,228.45988406042298,41.692366,56356.321861000004,3094.5087770988375,126.4039255,58.375453478787875,24.12877627543573,4.377136080732133,4,14,100-300:300-600,False,True,,1517,99.94996664442962
418,2026-10-07T04:40:48.837+00:00,2026-10-07T04:41:47.128+00:00,2026-10-07T04:43:02.077+00:00,True,1234,1234.0,,1234.0,58291.011666,133240.684882,133240.685005,107.97462318071312,25.004177,58291.011666,1657.8356086530068,127.352762,60.78643407623682,25.309104455794944,9.261435432374498,4,14,1-100:1000-1500,False,True,,6349,99.94996664442962
419,2026-10-07T04:40:51.501+00:00,2026-10-07T04:41:50.053+00:00,2026-10-07T04:42:23.132+00:00,True,551,551.0,,551.0,58551.562554,91630.81964199999,91630.81956199999,166.29912806170597,42.885812,58551.562554,2491.9416877148456,126.491669,60.14410379636364,24.830273796613167,6.013260627294914,4,14,100-300:300-600,False,True,,2834,99.94996664442962
420,2026-10-07T04:40:54.480+00:00,2026-10-07T04:41:53.210+00:00,2026-10-07T04:42:17.030+00:00,True,397,397.0,,397.0,58729.589956,82549.817028,82549.816919,207.93404765491184,40.564685,58729.589956,2944.641062809128,125.9598208,60.15208856565656,25.06176910002797,4.809217201115563,4,14,100-300:300-600,False,True,,1693,99.94996664442962
421,2026-10-07T04:40:58.382+00:00,2026-10-07T04:41:56.943+00:00,2026-10-07T04:42:31.139+00:00,True,570,570.0,,570.0,58561.178712,92756.888664,92756.888633,162.73138356666666,41.826149,58561.178712,2450.4637840850783,127.75869364999998,60.097908527240776,24.58861401836619,6.145096156305461,4,14,100-300:300-600,False,True,,2753,99.94996664442962
422,2026-10-07T04:41:02.224+00:00,2026-10-07T04:42:00.529+00:00,2026-10-07T04:42:32.255+00:00,True,527,527.0,,527.0,58304.583077,90030.193573,90030.193664,170.83528209487667,39.038905,58304.583077,2537.282626829599,127.3281849,60.31484885171103,24.951224364559174,5.853591768329231,4,14,100-300:300-600,False,True,,2377,99.94996664442962
423,2026-10-07T04:41:06.733+00:00,2026-10-07T04:42:06.926+00:00,2026-10-07T04:43:23.546+00:00,True,1253,1253.0,,1253.0,60192.452007,136812.931495,136812.931456,109.18829326097367,18.724459,60192.452007,1698.9255459610226,129.15714499999999,61.198466044728434,25.69179799298498,9.158490986985338,4,14,1-100:1000-1500,False,True,,6434,99.94996664442962
424,2026-10-07T04:41:10.730+00:00,2026-10-07T04:42:10.735+00:00,2026-10-07T04:43:35.302+00:00,True,1369,1369.0,,1369.0,60004.576037,144571.320613,144571.320735,105.60359440102265,23.581882,60004.576037,1620.2889425556987,129.322207,61.81779574269006,26.36716276671995,9.46937466016962,4,14,1-100:1000-1500,False,True,,5135,99.94996664442962
425,2026-10-07T04:41:14.523+00:00,2026-10-07T04:42:13.701+00:00,2026-10-07T04:42:35.988+00:00,True,375,375.0,,375.0,59177.729523,81464.474867,81464.474651,217.23859906933333,39.83584,59177.729523,3052.9471198716615,129.63350830000002,59.59022819251337,24.685275003519756,4.603233502851766,4,14,100-300:300-600,False,True,,1483,99.94996664442962
426,2026-10-07T04:41:18.396+00:00,2026-10-07T04:42:19.234+00:00,2026-10-07T04:42:48.781+00:00,True,486,486.0,,486.0,60838.656071000005,90385.483591,90385.483532,185.97836117695473,41.386706,60838.656071000005,2757.0505833825973,130.96293550000001,60.9212938556701,25.37656401687201,5.376969627104952,4,14,100-300:300-600,False,True,,2995,99.94996664442962
427,2026-10-07T04:41:21.164+00:00,2026-10-07T04:42:22.043+00:00,2026-10-07T04:42:53.491+00:00,True,518,518.0,,518.0,60878.366071000004,92327.238007,92327.23817,178.23791152509654,20.838621,60878.366071000004,2672.2887585997537,129.88288724999998,60.829539528046425,25.30837667804838,5.610478675434075,4,14,100-300:300-600,False,True,,2340,99.94996664442962
428,2026-10-07T04:41:24.930+00:00,2026-10-07T04:42:26.466+00:00,2026-10-07T04:42:53.208+00:00,True,440,440.0,,440.0,61535.607969,88277.488289,88277.488223,200.63065505227272,23.943509,61535.607969,2930.799833459536,128.7335156,60.91544492027335,25.288883381702682,4.984283179416503,4,14,100-300:300-600,False,True,,1611,99.94996664442962
429,2026-10-07T04:41:28.776+00:00,2026-10-07T04:42:30.089+00:00,2026-10-07T04:44:00.986+00:00,True,1472,1472.0,,1472.0,61313.468681,152210.350089,152210.35011,103.40377045516304,18.219062,61313.468681,1596.7001816034665,128.53787835,61.792577435757984,26.39369515589676,9.67082724098129,4,14,1-100:1000-1500,False,True,,6732,99.94996664442962
430,2026-10-07T04:41:32.405+00:00,2026-10-07T04:42:34.277+00:00,2026-10-07T04:42:54.338+00:00,True,331,331.0,,331.0,61872.00853499999,81932.91323899999,81932.91322399999,247.53145989123865,24.647349,61872.00853499999,3397.5449959951384,127.95768,60.790620315151514,25.203039466262613,4.039890526466039,4,14,100-300:300-600,False,True,,1800,99.94996664442962
431,2026-10-07T04:41:36.857+00:00,2026-10-07T04:42:38.858+00:00,2026-10-07T04:43:02.551+00:00,True,384,384.0,,384.0,62001.641303000004,85694.09186300001,85694.091854,223.16169753645835,20.750827,62001.641303000004,3160.960133831575,129.3809697,61.86018422976501,26.27433192584464,4.481055714014738,4,14,100-300:300-600,False,True,,1702,99.94996664442962
432,2026-10-07T04:41:40.479+00:00,2026-10-07T04:42:42.013+00:00,2026-10-07T04:43:12.675+00:00,True,503,503.0,,503.0,61533.18711,92195.62243799999,92195.622466,183.29149595626242,19.864185000000003,61533.18711,2741.024907188137,128.0444235,61.08054846215139,25.582442989232543,5.455790488732359,4,14,100-300:300-600,False,True,,1989,99.94996664442962
433,2026-10-07T04:41:44.048+00:00,2026-10-07T04:42:47.118+00:00,2026-10-07T04:43:07.454+00:00,True,332,332.0,,332.0,63070.292917000006,83406.43294900001,83406.432753,251.22419503915665,19.707391,63070.292917000006,3458.1607649146495,129.39148895,61.43848952265861,26.420754941868534,3.980508316462903,4,14,100-300:300-600,False,True,,1588,99.94996664442962
434,2026-10-07T04:41:47.566+00:00,2026-10-07T04:42:50.751+00:00,2026-10-07T04:43:55.415+00:00,True,1041,1041.0,,1041.0,63185.256659,127849.581267,127849.581435,122.81419926512969,23.08954,63185.256659,1956.6050023542373,127.91970299999998,62.177235200000005,26.682041475949386,8.142380989312622,4,14,1-100:1000-1500,False,True,,2082,99.94996664442962
435,2026-10-07T04:41:50.256+00:00,2026-10-07T04:42:53.861+00:00,2026-10-07T04:43:13.092+00:00,True,316,316.0,,316.0,63605.179161,82836.370201,82836.37006,262.1404115822785,42.142196000000006,63605.179161,3574.7279480884204,127.98275824999999,61.05140012698413,25.614880518342382,3.814749478197021,4,14,100-300:300-600,False,True,,1395,99.94996664442962
436,2026-10-07T04:41:54.204+00:00,2026-10-07T04:42:56.985+00:00,2026-10-07T04:43:31.037+00:00,True,549,549.0,,549.0,62781.272025,96833.161177,96833.161293,176.38098596174862,43.817886,62781.272025,2676.917595417661,130.0613364,62.138483854014595,26.426399891576608,5.6695453636641115,4,14,100-300:300-600,False,True,,2954,99.94996664442962
437,2026-10-07T04:41:56.751+00:00,2026-10-07T04:42:59.440+00:00,2026-10-07T04:44:28.450+00:00,True,1454,1454.0,,1454.0,62689.360767,151699.339135,151699.339125,104.33242030605227,38.609997,62689.360767,1642.6356635859788,126.8438616,61.25944829181005,25.96018603687284,9.584748412819776,4,14,1-100:1000-1500,False,True,,2316,99.94996664442962
438,2026-10-07T04:42:00.369+00:00,2026-10-07T04:43:02.499+00:00,2026-10-07T04:43:29.585+00:00,True,440,440.0,,440.0,62130.010432999996,89215.822145,89215.82227199999,202.76323243636364,44.155939,62130.010432999996,2959.104167991677,131.47167374999998,61.698887726651485,25.948667722855017,4.931860620920807,4,14,100-300:300-600,False,True,,1383,99.94996664442962
439,2026-10-07T04:42:04.147+00:00,2026-10-07T04:43:07.744+00:00,2026-10-07T04:43:37.089+00:00,True,463,463.0,,463.0,63596.425062,92941.67075800001,92941.670748,200.73794977969763,41.31748,63596.425062,2952.750335541951,131.98109670000002,63.51784782683983,27.27907741672897,4.9816190759638035,4,14,100-300:300-600,False,True,,2397,99.94996664442962
440,2026-10-07T04:42:07.070+00:00,2026-10-07T04:43:11.877+00:00,2026-10-07T04:43:45.805+00:00,True,533,533.0,,533.0,64806.924907,98735.238251,98735.238217,185.24434937523452,42.028002,64806.924907,2804.477000333461,130.5415058,63.77502508270676,28.036587134578937,5.3982753213704,4,14,100-300:300-600,False,True,,2967,99.94996664442962
441,2026-10-07T04:42:10.998+00:00,2026-10-07T04:43:15.378+00:00,2026-10-07T04:43:43.099+00:00,True,437,437.0,,437.0,64380.233149,92100.831677,92100.831696,210.75705193592677,41.193256999999996,64380.233149,3076.8084676958115,130.5847096,63.57935442201835,27.84080074684795,4.744799716169452,4,14,100-300:300-600,False,True,,2129,99.94996664442962
442,2026-10-07T04:42:14.492+00:00,2026-10-07T04:43:18.908+00:00,2026-10-07T04:44:45.117+00:00,True,1408,1408.0,,1408.0,64416.462788000004,150625.821636,150625.821453,106.97856637286932,40.533667,64416.462788000004,1715.2696518324315,127.02798220000001,61.27175468941009,26.074045906445807,9.347666852251605,4,14,1-100:1000-1500,False,True,,7732,99.94996664442962
443,2026-10-07T04:42:17.326+00:00,2026-10-07T04:43:21.566+00:00,2026-10-07T04:43:55.367+00:00,True,541,541.0,,541.0,64240.008187,98040.366075,98040.366031,181.22063961367837,39.613677,64240.008187,2759.338368885013,128.919218,62.59325534814815,27.399941777636563,5.518135250394107,4,14,100-300:300-600,False,True,,2873,99.94996664442962
444,2026-10-07T04:42:20.501+00:00,2026-10-07T04:43:26.260+00:00,2026-10-07T04:43:57.176+00:00,True,499,499.0,,499.0,65758.762565,96674.81760499999,96674.817619,193.73710945691383,42.268663000000004,65758.762565,2941.108146638079,127.31296880000002,62.08043180722891,26.676942684717442,5.161633736293616,4,14,100-300:300-600,False,True,,2421,99.94996664442962
445,2026-10-07T04:42:24.601+00:00,2026-10-07T04:43:29.431+00:00,2026-10-07T04:44:46.097+00:00,True,1256,1256.0,,1256.0,64830.219336999995,141495.942217,141495.942163,112.65600490684713,40.309551,64830.219336999995,1827.7487255814274,125.427195,61.088225402390435,25.800376260503384,8.876579641229444,4,14,1-100:1000-1500,False,True,,1256,99.94996664442962
446,2026-10-07T04:42:27.753+00:00,2026-10-07T04:43:32.190+00:00,2026-10-07T04:44:00.094+00:00,True,458,458.0,,458.0,64437.723547,92341.906075,92341.906173,201.61988247379912,41.984379999999994,64437.723547,3008.2350121477284,125.90561939999999,61.05948036761488,25.87623635109671,4.959828310539884,4,14,100-300:300-600,False,True,,2099,99.94996664442962
447,2026-10-07T04:42:31.665+00:00,2026-10-07T04:43:34.654+00:00,2026-10-07T04:44:49.263+00:00,True,1238,1238.0,,1238.0,62988.875256,137598.1166,137598.116555,111.14548994749596,41.008131,62988.875256,1788.6701937491264,125.20507735000001,60.31466559741309,25.11891583110629,8.997216172652177,4,14,1-100:1000-1500,False,True,,1238,99.94996664442962
448,2026-10-07T04:42:34.505+00:00,2026-10-07T04:43:37.675+00:00,2026-10-07T04:44:03.926+00:00,True,441,441.0,,441.0,63169.915696000004,89420.459824,89420.4598,202.76748253968256,38.322257,63169.915696000004,3005.3535361154372,126.207938,59.660327563636365,24.943775321608374,4.931757238421601,4,14,100-300:300-600,False,True,,1946,99.94996664442962
449,2026-10-07T04:42:37.621+00:00,2026-10-07T04:43:40.120+00:00,2026-10-07T04:44:43.367+00:00,True,1046,1046.0,,1046.0,62499.398563,125746.259619,125746.259449,120.2163092246654,35.005421000000005,62499.398563,1930.7594566280882,125.52496975,60.523312015311,25.867031289515907,8.318338876792733,4,14,1-100:1000-1500,False,True,,1051,99.94996664442962
450,2026-10-07T04:42:40.612+00:00,2026-10-07T04:43:44.523+00:00,2026-10-07T04:44:18.465+00:00,True,566,566.0,,566.0,63910.436018,97852.904626,97852.904721,172.88499067314487,33.389309999999995,63910.436018,2683.948812623236,125.57531499999999,60.07516567787611,25.18588190126367,5.784192121463209,4,14,100-300:300-600,False,True,,1807,99.94996664442962
451,2026-10-07T04:42:43.572+00:00,2026-10-07T04:43:45.615+00:00,2026-10-07T04:44:16.157+00:00,True,511,511.0,,511.0,62043.045608,92584.81508,92584.815071,181.1835911369863,36.053476,62043.045608,2742.090469679522,124.86590749999999,59.88582249411765,25.346142729600956,5.519263602335426,4,14,100-300:300-600,False,True,,2728,99.94996664442962
452,2026-10-07T04:42:46.873+00:00,2026-10-07T04:43:51.268+00:00,2026-10-07T04:44:19.943+00:00,True,476,476.0,,476.0,64394.334947999996,93069.73027599999,93069.73026899999,195.5246434222689,39.294706,64394.334947999996,2948.850590070592,125.02346925,60.369253322105266,25.276798360038978,5.114444820978994,4,14,100-300:300-600,False,True,,1909,99.94996664442962
453,2026-10-07T04:42:49.413+00:00,2026-10-07T04:43:54.285+00:00,2026-10-07T04:44:58.972+00:00,True,1066,1066.0,,1066.0,64872.026784999995,129558.951329,129558.95114399999,121.53747762101312,34.765328000000004,64872.026784999995,1985.2161575422397,126.43564875,60.73889628544601,25.483971434718008,8.227914698792336,4,14,1-100:1000-1500,False,True,,4078,99.94996664442962
454,2026-10-07T04:42:52.804+00:00,2026-10-07T04:43:57.353+00:00,2026-10-07T04:44:21.131+00:00,True,394,394.0,,394.0,64548.823436,88326.977164,88326.97708699999,224.18014489086295,41.59169,64548.823436,3248.972748414036,124.55496584999999,60.504207959287534,25.287625995106925,4.460698335327898,4,14,100-300:300-600,False,True,,1677,99.94996664442962
455,2026-10-07T04:42:55.877+00:00,2026-10-07T04:44:00.241+00:00,2026-10-07T04:44:29.456+00:00,True,489,489.0,,489.0,64364.276421999995,93578.909126,93578.909156,191.36791238445807,38.113231,64364.276421999995,2908.0485307618173,123.672281,59.86605062295082,24.450006346817805,5.225536443704237,4,14,100-300:300-600,False,True,,2405,99.94996664442962
456,2026-10-07T04:43:00.440+00:00,2026-10-07T04:44:04.736+00:00,2026-10-07T04:44:37.860+00:00,True,551,551.0,,551.0,64295.968218,97419.338458,97419.338338,176.80460678402903,38.972822,64295.968218,2736.646070521507,124.160233,60.22430952727272,24.712178992335595,5.655961215929939,4,14,100-300:300-600,False,True,,2313,99.94996664442962
457,2026-10-07T04:43:03.031+00:00,2026-10-07T04:44:06.697+00:00,2026-10-07T04:44:34.889+00:00,True,471,471.0,,471.0,63665.937384000004,91858.466536,91858.466553,195.02859140764332,40.264081,63665.937384000004,2930.910215603419,123.91112550000001,59.984104578723404,24.54906243884876,5.1274533285988575,4,14,100-300:300-600,False,True,,2191,99.94996664442962
458,2026-10-07T04:43:07.299+00:00,2026-10-07T04:44:09.807+00:00,2026-10-07T04:45:29.894+00:00,True,1321,1321.0,,1321.0,62508.359231,142594.658623,142594.65863700002,107.94448042165027,23.460113,62508.359231,1718.3501464480391,125.329038,60.67143893333333,25.210558358767845,9.264021617335164,4,14,1-100:1000-1500,False,True,,7110,99.94996664442962
459,2026-10-07T04:43:11.465+00:00,2026-10-07T04:44:14.552+00:00,2026-10-07T04:45:29.098+00:00,True,1228,1228.0,,1228.0,63087.032529,137633.669073,137633.669076,112.0795350781759,23.176482,63087.032529,1798.729095899252,126.99746655000001,60.755205007334965,25.405232279039566,8.92223544043338,4,14,1-100:1000-1500,False,True,,1228,99.94996664442962
460,2026-10-07T04:43:15.587+00:00,2026-10-07T04:44:18.589+00:00,2026-10-07T04:45:44.294+00:00,True,1413,1413.0,,1413.0,63002.041777000006,148706.63723300002,148706.637318,105.24178154140128,0.011372,63002.041777000006,1677.8193282944305,127.02356360000002,60.69730556373938,106.75470288857005,9.501929613175573,4,14,1-100:1000-1500,False,True,,4142,99.94996664442962
461,2026-10-07T04:43:20.142+00:00,2026-10-07T04:44:23.321+00:00,2026-10-07T04:45:41.742+00:00,True,1291,1291.0,,1291.0,63179.304609,141600.196257,141600.196221,109.68256872269558,0.011451000000000001,63179.304609,1760.182215168826,126.9383225,60.7913888744186,110.96121457168206,9.117219001991176,4,14,1-100:1000-1500,False,True,,5042,99.94996664442962
462,2026-10-07T04:43:23.746+00:00,2026-10-07T04:44:27.502+00:00,2026-10-07T04:45:40.162+00:00,True,1178,1178.0,,1178.0,63755.925792,136415.701024,136415.700892,115.80280211544992,0.011612,63755.925792,1859.5673816780886,127.58197625000001,61.733029084112154,118.62651104958138,8.635369617700759,4,14,1-100:1000-1500,False,True,,6031,99.94996664442962
463,2026-10-07T04:43:28.080+00:00,2026-10-07T04:44:32.000+00:00,2026-10-07T04:44:57.956+00:00,True,424,424.0,,424.0,63920.142784,89876.11411200001,89876.11421,211.9719674764151,42.934366000000004,63920.142784,3101.367660099845,130.29149754999997,61.36163434515367,26.281339850518712,4.717604940859239,4,14,100-300:300-600,False,True,,2037,99.94996664442962
464,2026-10-07T04:43:32.055+00:00,2026-10-07T04:44:36.929+00:00,2026-10-07T04:45:04.479+00:00,True,450,450.0,,450.0,64873.9619,92423.92746800001,92423.927551,205.3865056688889,21.728519,64873.9619,3055.4049430929654,126.78980325,61.358497924276165,25.898412410913327,4.868869050774799,4,14,100-300:300-600,False,True,,1645,99.94996664442962
465,2026-10-07T04:43:35.973+00:00,2026-10-07T04:44:38.692+00:00,2026-10-07T04:44:59.446+00:00,True,341,341.0,,341.0,62718.324684,83472.55598,83472.555948,244.78755409970674,41.844974,62718.324684,3393.1795267550265,129.72419299999999,61.04185675294118,25.751086767800228,4.085175013470337,4,14,100-300:300-600,False,True,,1475,99.94996664442962
466,2026-10-07T04:43:40.198+00:00,2026-10-07T04:44:42.610+00:00,2026-10-07T04:45:04.782+00:00,True,364,364.0,,364.0,62411.832914,84584.094802,84584.094913,232.37388712362636,24.332959,62411.832914,3268.1671169828323,127.2861815,61.08061126170799,25.563826212386875,4.303409534050995,4,14,100-300:300-600,False,True,,1330,99.94996664442962
467,2026-10-07T04:43:44.626+00:00,2026-10-07T04:44:47.058+00:00,2026-10-07T04:45:51.664+00:00,True,1066,1066.0,,1066.0,62431.860203000004,127037.830891,127037.83094500001,119.17244929174484,0.011420999999999999,62431.860203000004,1914.1773515538005,126.35080174999999,60.662883275117366,121.56119969308583,8.391201207730326,4,14,1-100:1000-1500,False,True,,1421,99.94996664442962
468,2026-10-07T04:43:49.057+00:00,2026-10-07T04:44:52.146+00:00,2026-10-07T04:45:14.749+00:00,True,368,368.0,,368.0,63089.078030000004,85692.15131,85692.151373,232.85910699184782,19.254843,63089.078030000004,3285.6411060545547,126.02234359999999,61.58875553133515,26.441521880660396,4.294442307425832,4,14,100-300:300-600,False,True,,1532,99.94996664442962
469,2026-10-07T04:43:52.898+00:00,2026-10-07T04:44:55.939+00:00,2026-10-07T04:45:19.400+00:00,True,388,388.0,,388.0,63041.756083,86502.202803,86502.202746,222.94382151030928,21.751662,63041.756083,3197.4812703692305,126.46005704999999,60.62130935400516,25.141264927166603,4.48543490717376,4,14,100-300:300-600,False,True,,1723,99.94996664442962
470,2026-10-07T04:43:57.228+00:00,2026-10-07T04:44:59.595+00:00,2026-10-07T04:45:21.085+00:00,True,360,360.0,,360.0,62367.742473,83857.088009,83857.088023,232.93635561944444,39.701288,62367.742473,3284.0034004663617,124.4212711,59.858901214484675,24.29201991352067,4.293018140116705,4,14,100-300:300-600,False,True,,1544,99.94996664442962
471,2026-10-07T04:44:01.673+00:00,2026-10-07T04:45:03.500+00:00,2026-10-07T04:45:21.711+00:00,True,305,305.0,,305.0,61827.161749,80038.079893,80038.07987,262.419934,42.632761,61827.161749,3536.867040937129,124.0039668,59.904336,24.44082186068188,3.8106861185043845,4,14,100-300:300-600,False,True,,1089,99.94996664442962
472,2026-10-07T04:44:05.379+00:00,2026-10-07T04:45:06.199+00:00,2026-10-07T04:45:32.260+00:00,True,430,430.0,,430.0,60819.791122,86880.450834,86880.450928,202.04756029767444,41.83079,60819.791122,2930.1685263377913,124.90052524999999,60.74745853613053,25.100236410863843,4.94932974992946,4,14,100-300:300-600,False,True,,1897,99.94996664442962
473,2026-10-07T04:44:09.834+00:00,2026-10-07T04:45:12.286+00:00,2026-10-07T04:45:34.142+00:00,True,360,360.0,,360.0,62451.66979,84307.525406,84307.525277,234.18757021388888,42.66993,62451.66979,3288.3793093113773,127.6142279,60.879820657381615,25.15590531695511,4.270081446067204,4,14,100-300:300-600,False,True,,1454,99.94996664442962
474,2026-10-07T04:44:14.003+00:00,2026-10-07T04:45:15.836+00:00,2026-10-07T04:45:43.707+00:00,True,466,466.0,,466.0,61833.781658,89704.579482,89704.579502,192.49909764377682,0.011361000000000001,61833.781658,2867.4449158634393,125.30454150000001,59.93719962150538,182.90496110328462,5.194829547063502,4,14,100-300:300-600,False,True,,2920,99.94996664442962
475,2026-10-07T04:44:17.472+00:00,2026-10-07T04:45:19.004+00:00,2026-10-07T04:45:48.249+00:00,True,484,484.0,,484.0,61532.718354000004,90777.41749,90777.417478,187.5566476818182,0.011311,61532.718354000004,2800.140352582744,126.13764190000002,60.54803133747412,182.64655862935885,5.331722507454205,4,14,100-300:300-600,False,True,,2229,99.94996664442962
476,2026-10-07T04:44:20.331+00:00,2026-10-07T04:45:23.225+00:00,2026-10-07T04:45:55.389+00:00,True,532,532.0,,532.0,62894.286480999996,95058.843281,95058.843364,178.68203639849622,0.011442,62894.286480999996,2729.483377817239,126.82320114999999,60.57355329566855,170.11612684337223,5.596533490601964,4,14,100-300:300-600,False,True,,2917,99.94996664442962
477,2026-10-07T04:44:23.346+00:00,2026-10-07T04:45:25.446+00:00,2026-10-07T04:45:46.617+00:00,True,354,354.0,,354.0,62100.048313,83271.242425,83271.242463,235.22949848305083,0.011512,62100.048313,3304.2114296949753,126.66347875,59.975054141643064,212.4676449588283,4.251167506223263,4,14,100-300:300-600,False,True,,1640,99.94996664442962
478,2026-10-07T04:44:27.177+00:00,2026-10-07T04:45:28.527+00:00,2026-10-07T04:46:41.902+00:00,True,1206,1206.0,,1206.0,61349.641148,134724.646332,134724.646366,111.71197874461028,0.011422,61349.641148,1768.5956344999777,126.64816549999999,60.8921204846473,115.13462606975828,8.951591507823087,4,14,1-100:1000-1500,False,True,,5945,99.94996664442962
479,2026-10-07T04:44:29.680+00:00,2026-10-07T04:45:30.231+00:00,2026-10-07T04:45:48.588+00:00,True,308,308.0,,308.0,60551.232053,78908.167733,78908.167723,256.19534975,0.011151,60551.232053,3454.4890275944626,124.3509479,59.79457876221498,230.43970888469198,3.9032714717464163,4,14,100-300:300-600,False,True,,1513,99.94996664442962
480,2026-10-07T04:44:32.615+00:00,2026-10-07T04:45:33.746+00:00,2026-10-07T04:46:08.356+00:00,True,570,570.0,,570.0,61131.735347999995,95741.667636,95741.66765199999,167.9678379859649,0.011241,61131.735347999995,2563.403425689242,128.30677264999997,60.82589154305799,166.8230352382653,5.9535206987106335,4,14,100-300:300-600,False,True,,2284,99.94996664442962
481,2026-10-07T04:44:35.580+00:00,2026-10-07T04:45:40.061+00:00,2026-10-07T04:45:58.131+00:00,True,343,343.0,,343.0,64480.571884000005,82550.272236,82550.27232100001,240.6713478746356,0.013706,64480.571884000005,3478.909268651782,126.9475152,52.835381146198834,31.08650938495246,4.155043838249372,4,14,100-300:300-600,False,True,,1406,99.94996664442962
482,2026-10-07T04:44:39.249+00:00,2026-10-07T04:45:41.203+00:00,2026-10-07T04:46:59.888+00:00,True,1296,1296.0,,1296.0,61953.935832,140639.04303200002,140639.043052,108.51778013271606,41.043794,61953.935832,1719.4425518220933,127.619562,60.76070054054054,25.41451651246284,9.215079767750675,4,14,1-100:1000-1500,False,True,,1305,99.94996664442962
483,2026-10-07T04:44:42.816+00:00,2026-10-07T04:45:44.780+00:00,2026-10-07T04:46:12.153+00:00,True,448,448.0,,448.0,61964.160342,89337.331798,89337.33180100001,199.41368705580356,40.553625,61964.160342,2924.7525316570773,127.88988649999999,61.237520035794184,25.88953576796032,5.014700920472637,4,14,100-300:300-600,False,True,,1897,99.94996664442962
484,2026-10-07T04:44:45.948+00:00,2026-10-07T04:45:47.896+00:00,2026-10-07T04:46:06.171+00:00,True,300,300.0,,300.0,61947.864706,80222.21965,80222.219666,267.40739888666667,42.726176,61947.864706,3573.125133804972,128.1877636,61.11824395986622,25.70614909182045,3.7396123082715027,4,14,100-300:300-600,False,True,,1223,99.94996664442962
485,2026-10-07T04:44:49.887+00:00,2026-10-07T04:45:51.839+00:00,2026-10-07T04:46:22.714+00:00,True,509,509.0,,509.0,61952.072593000004,92826.492305,92826.49232,182.37031889980355,41.664447,61952.072593000004,2743.4019118638075,127.99967059999999,60.77641675590551,25.51711137006211,5.48334842091823,4,14,100-300:300-600,False,True,,2666,99.94996664442962
486,2026-10-07T04:44:53.607+00:00,2026-10-07T04:45:56.232+00:00,2026-10-07T04:46:19.577+00:00,True,386,386.0,,386.0,62625.137825000005,85970.680481,85970.680458,222.7219700984456,41.56453,62625.137825000005,3184.5502106064264,126.92615275,60.63777313246753,25.396180185542928,4.48990281152082,4,14,100-300:300-600,False,True,,1827,99.94996664442962
487,2026-10-07T04:44:56.727+00:00,2026-10-07T04:45:58.856+00:00,2026-10-07T04:47:18.360+00:00,True,1418,1418.0,,1418.0,62128.920504,141632.260024,141632.259945,99.88170659026798,36.752843,62128.920504,1648.5574274592116,117.15296415,56.10680276640791,22.59421439743396,10.01184334529235,4,14,1-100:1000-1500,False,True,,1418,99.94996664442962
488,2026-10-07T04:45:01.294+00:00,2026-10-07T04:46:02.832+00:00,2026-10-07T04:46:25.740+00:00,True,380,380.0,,380.0,61537.220811,84445.126347,84445.126264,222.22401648421052,35.213159,61537.220811,3153.790464557133,125.35008964999999,60.44302252242744,24.934013928404173,4.499963662065145,4,14,100-300:300-600,True,True,,1550,99.94996664442962
489,2026-10-07T04:45:04.423+00:00,2026-10-07T04:46:06.606+00:00,2026-10-07T04:46:29.215+00:00,True,374,374.0,,374.0,62183.635779,84792.157763,84792.157639,226.71699903475934,43.161783,62183.635779,3212.4034740820243,126.19740884999999,60.61265947453083,25.18001166126633,4.410785264426885,4,14,100-300:300-600,True,True,,1876,99.94996664442962
490,2026-10-07T04:45:07.023+00:00,2026-10-07T04:46:09.153+00:00,2026-10-07T04:46:36.614+00:00,True,457,457.0,,457.0,62129.881808,89591.543248,89591.543286,196.04276430196936,42.354639000000006,62129.881808,2903.600896510444,126.69182420000001,60.222941754385964,24.68714333823195,5.100927871450655,4,14,100-300:300-600,True,True,,1880,99.94996664442962
491,2026-10-07T04:45:11.011+00:00,2026-10-07T04:46:12.721+00:00,2026-10-07T04:46:47.649+00:00,True,574,574.0,,574.0,61709.855197,96637.138653,96637.138687,168.35738447212543,42.850589,61709.855197,2573.297509850919,128.66499955,60.95511946945899,25.093295831359136,5.939745402242212,4,14,100-300:300-600,True,True,,2910,99.94996664442962
492,2026-10-07T04:45:14.278+00:00,2026-10-07T04:46:16.934+00:00,2026-10-07T04:47:30.047+00:00,True,1440,1440.0,,1440.0,62655.792661,135768.469781,135768.469966,94.28365969861112,0.013015,62655.792661,1649.9373125727877,108.45859965,50.807975760945105,22.337485439919927,10.606291743014987,4,14,1-100:1000-1500,True,True,,1440,99.94996664442962
493,2026-10-07T04:45:17.370+00:00,2026-10-07T04:46:21.443+00:00,2026-10-07T04:47:18.896+00:00,True,1060,1060.0,,1060.0,64073.203396,121525.791684,121525.791564,114.6469731735849,36.204125,64073.203396,1966.4425385786078,113.15366565000001,54.251735871576955,21.37531926620626,8.72242826244068,4,14,1-100:1000-1500,True,True,,4963,99.94996664442962
494,2026-10-07T04:45:21.521+00:00,2026-10-07T04:46:23.893+00:00,2026-10-07T04:46:45.105+00:00,True,342,342.0,,342.0,62372.059853,83583.44647699999,83583.446495,244.39604238304094,42.713595,62372.059853,3369.4309773713835,127.478397,62.203479835777124,25.974772327698123,4.091719286714381,4,14,100-300:300-600,True,True,,1810,99.94996664442962
495,2026-10-07T04:45:25.386+00:00,2026-10-07T04:46:28.317+00:00,2026-10-07T04:47:31.668+00:00,True,1296,1296.0,,1296.0,62931.413274,126281.779994,126281.77984,97.4396449382716,0.013685000000000001,62931.413274,1746.869459192957,103.32963474999998,48.9192021003861,21.60558341020974,10.262763163946348,4,14,1-100:1000-1500,True,True,,1296,99.94996664442962
496,2026-10-07T04:45:28.052+00:00,2026-10-07T04:46:30.450+00:00,2026-10-07T04:47:03.993+00:00,True,575,575.0,,575.0,62397.922417,95940.82084900001,95940.820858,166.8536014921739,41.572034,62397.922417,2599.8445862634717,121.32302170000001,58.437105282229965,23.754653309222075,5.993277886427352,4,14,100-300:300-600,True,True,,2377,99.94996664442962
497,2026-10-07T04:45:30.844+00:00,2026-10-07T04:46:35.515+00:00,2026-10-07T04:47:37.585+00:00,True,1345,1345.0,,1345.0,64670.701223,126740.315559,126740.315541,94.23071787434944,0.012183,64670.701223,1762.2916048325694,97.46183880000001,46.18274876190476,24.39825800423691,10.61225068020189,4,14,1-100:1000-1500,True,True,,1345,99.94996664442962
498,2026-10-07T04:45:34.859+00:00,2026-10-07T04:46:38.380+00:00,2026-10-07T04:47:08.807+00:00,True,550,550.0,,550.0,63521.241934,93947.594318,93947.59445799999,170.81380810545454,42.163582000000005,63521.241934,2706.2733514288416,112.1780536,55.42140689253188,21.043998360576598,5.854327659932662,4,14,100-300:300-600,True,True,,3036,99.94996664442962
499,2026-10-07T04:45:40.076+00:00,2026-10-07T04:46:40.547+00:00,2026-10-07T04:47:11.828+00:00,True,581,581.0,,581.0,60470.902853,91752.708165,91752.708085,157.92204489672977,38.367949,60470.902853,2506.5944404898164,108.43908000000002,53.93414708965518,19.564583816825312,6.332238160809169,4,14,100-300:300-600,True,True,,2754,99.94996664442962
500,2026-10-07T04:45:41.741+00:00,2026-10-07T04:46:44.738+00:00,2026-10-07T04:47:06.964+00:00,True,414,414.0,,414.0,62996.344415,85222.525279,85222.525255,205.85151027777778,40.164345000000004,62996.344415,3093.5148504399062,107.83396225,53.81641855690072,19.025918994253267,4.8578705998754925,4,14,100-300:300-600,True,True,,1987,99.94996664442962
501,2026-10-07T04:45:45.629+00:00,2026-10-07T04:46:49.295+00:00,2026-10-07T04:47:16.900+00:00,True,558,558.0,,558.0,63666.756476999995,91271.04447699999,91271.044472,163.56818005734766,34.853072999999995,63666.756476999995,2693.1705938812347,54.8278647,49.55886535008977,14.66731708003264,6.1136585342859115,4,14,100-300:300-600,True,True,,2705,99.94996664442962
502,2026-10-07T04:45:49.651+00:00,2026-10-07T04:46:52.831+00:00,2026-10-07T04:47:44.214+00:00,True,1274,1274.0,,1274.0,63179.917755,114563.364027,114563.363879,89.92414747174254,0.012443,63179.917755,1769.2485529187588,75.0282058,40.36405834406913,32.238834143774895,11.120483505527535,4,14,1-100:1000-1500,True,True,,3640,99.94996664442962
503,2026-10-07T04:45:53.840+00:00,2026-10-07T04:46:57.351+00:00,2026-10-07T04:47:12.686+00:00,True,328,328.0,,328.0,63510.740553999996,78845.99047399999,78845.99032,240.3841168292683,41.90821699999999,63510.740553999996,3504.206566673991,50.46456425,46.89678874617737,3.7570144221307866,4.160008619692086,4,14,100-300:300-600,True,True,,1504,99.94996664442962
0,2026-10-07T04:15:54.183+00:00,2026-10-07T04:15:54.474+00:00,2026-10-07T04:16:07.200+00:00,True,373,373.0,,373.0,290.459837,13016.808125,13016.807982,34.8976085308311,0.020488,290.459837,16.36942643480417,47.847093199999996,34.21061367741936,9.600195088875196,28.655258371952073,5,14,100-300:300-600,False,True,,1789,99.94996664442962
1,2026-10-07T04:15:58.876+00:00,2026-10-07T04:15:58.992+00:00,2026-10-07T04:16:14.269+00:00,True,412,412.0,,412.0,115.444431,15393.069775,15393.069817,37.361819944174755,0.019497,169.669471,11.980817670018906,57.2973834,37.17183781995134,11.35708992812617,26.765291525484557,5,14,100-300:300-600,False,True,,1879,99.94996664442962
2,2026-10-07T04:16:03.654+00:00,2026-10-07T04:16:03.760+00:00,2026-10-07T04:16:18.539+00:00,True,380,380.0,,380.0,105.887396,14885.484964,14885.485061,39.17232910789474,0.020869,170.024336,12.565367327035819,60.61842625,38.99629965171504,12.103726383745553,25.528224368840927,5,14,100-300:300-600,False,True,,1815,99.94996664442962
3,2026-10-07T04:16:09.285+00:00,2026-10-07T04:16:09.401+00:00,2026-10-07T04:17:17.869+00:00,True,1431,1431.0,,1431.0,115.65305000000001,68584.14201,68584.141873,47.92742269252271,33.226234,128.280387,16.466450439578093,89.4798175,47.88006220979021,16.3744230624965,20.864881560978795,5,14,1-100:1000-1500,False,True,,4587,99.94996664442962
4,2026-10-07T04:16:12.907+00:00,2026-10-07T04:16:13.030+00:00,2026-10-07T04:17:13.122+00:00,True,1254,1254.0,,1254.0,122.354804,60214.939764,60214.939811,48.01829331020733,33.378088000000005,133.01842800000003,16.711664933202957,90.42080849999998,47.95896644852354,16.585700377674943,20.825396569602056,5,14,1-100:1000-1500,False,True,,4410,99.94996664442962
5,2026-10-07T04:16:18.707+00:00,2026-10-07T04:16:18.845+00:00,2026-10-07T04:16:41.811+00:00,True,510,510.0,,510.0,138.206661,23104.011461000002,23104.011474,45.30198328235294,33.692357,138.206661,13.477398531100395,77.7392283,45.119459332023574,12.84421235739216,22.07408877289078,5,14,100-300:300-600,False,True,,2149,99.94996664442962
6,2026-10-07T04:16:22.054+00:00,2026-10-07T04:16:22.172+00:00,2026-10-07T04:17:37.741+00:00,True,1464,1464.0,,1464.0,118.627686,75687.45635800001,75687.45649,51.69908230191257,0.018734999999999998,298.895859,20.685111909530182,101.55218235000001,51.65333470403281,20.61796282925234,19.342703143243607,5,14,1-100:1000-1500,False,True,,5660,99.94996664442962
7,2026-10-07T04:16:25.770+00:00,2026-10-07T04:16:25.918+00:00,2026-10-07T04:17:17.639+00:00,True,1027,1027.0,,1027.0,148.081277,51868.955772999994,51868.955664,50.50531223369036,36.475787,148.081277,17.93439743562952,95.0089941,50.41020906042885,17.682151528673028,19.79989735082728,5,14,1-100:1000-1500,False,True,,4751,99.94996664442962
8,2026-10-07T04:16:31.800+00:00,2026-10-07T04:16:31.953+00:00,2026-10-07T04:17:51.106+00:00,True,1467,1467.0,,1467.0,152.200418,79305.02524999999,79305.025429,54.05932203749148,0.019327,337.205247,22.59596237115757,107.09200129999999,53.99237710231923,22.457672397146098,18.49819725011689,5,14,1-100:1000-1500,False,True,,6361,99.94996664442962
9,2026-10-07T04:16:35.689+00:00,2026-10-07T04:16:35.835+00:00,2026-10-07T04:16:55.875+00:00,True,409,409.0,,409.0,146.027743,20186.036702999998,20186.036896,49.35461343765281,34.065485,146.027743,17.205531874801377,91.41703839999998,49.117669019607845,16.545074830872167,20.261530582633657,5,14,100-300:300-600,False,True,,1861,99.94996664442962
10,2026-10-07T04:16:40.634+00:00,2026-10-07T04:16:40.800+00:00,2026-10-07T04:17:57.227+00:00,True,1380,1380.0,,1380.0,166.146658,76593.130594,76593.13063099999,55.5022685731884,0.018255,341.77346500000004,23.449269079309765,110.22512945,55.422033311095,23.2675128846368,18.017281566868135,5,14,1-100:1000-1500,False,True,,5725,99.94996664442962
11,2026-10-07T04:16:45.756+00:00,2026-10-07T04:16:45.918+00:00,2026-10-07T04:17:17.201+00:00,True,589,589.0,,589.0,162.22910399999998,31444.6204,31444.62042,53.38645232597623,38.990716,162.22910399999998,20.12937392010092,103.64230739999999,53.2013457414966,19.63837925460853,18.731343947150975,5,14,100-300:300-600,False,True,,2427,99.94996664442962
12,2026-10-07T04:16:51.534+00:00,2026-10-07T04:16:51.711+00:00,2026-10-07T04:17:08.363+00:00,True,314,314.0,,314.0,176.686168,16828.6982,16828.698166,53.59458014649682,39.812895,176.686168,21.10595282996607,107.46957619999999,53.20131639616613,19.954229281333667,18.65860307602403,5,14,100-300:300-600,False,True,,1318,99.94996664442962
13,2026-10-07T04:16:56.171+00:00,2026-10-07T04:16:56.354+00:00,2026-10-07T04:17:22.150+00:00,True,473,473.0,,473.0,183.158897,25979.151985,25979.152158,54.92421175052854,0.020328,296.499149,24.677632791275258,110.95618979999999,54.65252772881356,23.985240383769128,18.206906841035597,5,14,100-300:300-600,False,True,,1512,99.94996664442962
14,2026-10-07T04:17:01.204+00:00,2026-10-07T04:17:01.371+00:00,2026-10-07T04:18:13.088+00:00,True,1232,1232.0,,1232.0,166.617469,71883.11026900001,71883.110281,58.34668042288961,0.018024000000000002,344.508759,25.353346527026932,118.4013218,58.25872688870837,25.174915620739853,17.138935632996766,5,14,1-100:1000-1500,False,True,,4480,99.94996664442962
15,2026-10-07T04:17:07.162+00:00,2026-10-07T04:17:07.353+00:00,2026-10-07T04:17:33.765+00:00,True,475,475.0,,475.0,190.21241899999998,26602.737219,26602.737408,56.005762964210525,0.018225,345.35439299999996,26.724895302236916,116.489648,55.722626160337555,26.030180134163736,17.855305493178694,5,14,100-300:300-600,False,True,,2376,99.94996664442962
16,2026-10-07T04:17:13.206+00:00,2026-10-07T04:17:13.442+00:00,2026-10-07T04:17:42.965+00:00,True,514,514.0,,514.0,236.329343,29758.555263000002,29758.555095,57.896021585603116,0.019166,298.504375,27.726665151955572,119.98034755,57.54819867446393,26.607586172196328,17.272343884216607,5,14,100-300:300-600,False,True,,2270,99.94996664442962
17,2026-10-07T04:17:18.119+00:00,2026-10-07T04:17:18.287+00:00,2026-10-07T04:17:37.949+00:00,True,344,344.0,,344.0,168.387435,19829.738091,19829.738132,57.64458759302325,0.018295000000000002,348.09613,30.293474824763685,122.37023655000002,57.321722029154515,29.7391027003457,17.34768247676096,5,14,100-300:300-600,False,True,,1546,99.94996664442962
18,2026-10-07T04:17:24.054+00:00,2026-10-07T04:17:24.242+00:00,2026-10-07T04:17:54.579+00:00,True,510,510.0,,510.0,187.459546,30524.89033,30524.890314,59.852726105882354,41.690383000000004,187.459546,24.96819865718258,123.3994117,59.602025115913555,24.34175550177465,16.707676734837268,5,14,100-300:300-600,False,True,,2228,99.94996664442962
19,2026-10-07T04:17:27.463+00:00,2026-10-07T04:17:27.726+00:00,2026-10-07T04:17:57.829+00:00,True,507,507.0,,507.0,263.20676899999995,30366.470513,30366.470301,59.89441873964497,42.181078,263.20676899999995,25.451299421103577,114.9328476,59.49261609486166,23.812517746054407,16.696046377301286,5,14,100-300:300-600,False,True,,2327,99.94996664442962
20,2026-10-07T04:17:31.306+00:00,2026-10-07T04:17:31.552+00:00,2026-10-07T04:17:53.926+00:00,True,372,372.0,,372.0,246.45675,22620.857518,22620.857448,60.80875658064516,43.230845,246.45675,26.331447541798894,123.2163977,60.308357865229105,24.532010191746718,16.444999916735693,5,14,100-300:300-600,False,True,,1725,99.94996664442962
21,2026-10-07T04:17:35.114+00:00,2026-10-07T04:17:35.329+00:00,2026-10-07T04:18:08.004+00:00,True,539,539.0,,539.0,214.512065,32889.844161,32889.844136,61.02011899072356,40.229874,214.512065,26.169114005957642,123.38083329999999,60.734818022304836,25.34054578822986,16.388037515821782,5,14,100-300:300-600,False,True,,2422,99.94996664442962
22,2026-10-07T04:17:39.065+00:00,2026-10-07T04:17:39.224+00:00,2026-10-07T04:18:13.186+00:00,True,560,560.0,,560.0,159.424867,34121.801827,34121.802043,60.9317893625,40.74988,159.424867,24.99872230733943,121.75207129999998,60.75559384615385,24.67062993567693,16.411794513057675,5,14,100-300:300-600,False,True,,2362,99.94996664442962
23,2026-10-07T04:17:43.372+00:00,2026-10-07T04:17:43.543+00:00,2026-10-07T04:18:11.372+00:00,True,460,460.0,,460.0,170.917206,27999.754837999997,27999.754821,60.86903221956522,42.537108999999994,170.917206,25.082301720116213,116.92706715,60.62927588671024,24.576329599264483,16.428715274881938,5,14,100-300:300-600,False,True,,1894,99.94996664442962
24,2026-10-07T04:17:47.737+00:00,2026-10-07T04:17:48.010+00:00,2026-10-07T04:18:52.810+00:00,True,1070,1070.0,,1070.0,272.59930599999996,65072.49793,65072.497948,60.81541864299066,0.018865,374.63457900000003,27.910081048828143,126.60940045,60.617304606173995,27.16001011554674,16.44319849456254,5,14,1-100:1000-1500,False,True,,1072,99.94996664442962
25,2026-10-07T04:17:51.957+00:00,2026-10-07T04:17:52.162+00:00,2026-10-07T04:19:15.986+00:00,True,1378,1378.0,,1378.0,204.852601,84028.88562500001,84028.885644,60.9788720203193,0.018004000000000003,428.02122399999996,27.665939180438627,126.54304740000002,60.874388543209875,27.402665375162744,16.399122632063346,5,14,1-100:1000-1500,False,True,,5488,99.94996664442962
26,2026-10-07T04:17:57.243+00:00,2026-10-07T04:17:57.992+00:00,2026-10-07T04:18:23.588+00:00,True,421,421.0,,421.0,748.7775039999999,26344.998432,26344.998232,62.577192950118764,0.020539,748.7775039999999,45.60696730789492,126.15162000000001,60.94338316190476,30.95944073033182,15.980262860392946,5,14,100-300:300-600,False,True,,1474,99.94996664442962
27,2026-10-07T04:18:02.820+00:00,2026-10-07T04:18:03.238+00:00,2026-10-07T04:19:16.317+00:00,True,1202,1202.0,,1202.0,417.56343300000003,73496.62186500001,73496.621959,61.14527617221298,0.02164,417.56343300000003,29.42423775855342,127.31266435000002,60.84850826977519,27.578207229083336,16.354493165792796,5,14,1-100:1000-1500,False,True,,3597,99.94996664442962
28,2026-10-07T04:18:07.295+00:00,2026-10-07T04:18:07.469+00:00,2026-10-07T04:18:27.371+00:00,True,335,335.0,,335.0,174.705582,20076.23723,20076.237267,59.929066468656714,0.018405,383.668794,31.411771572844167,125.5688293,59.585424095808385,30.821802298031,16.686393777983863,5,14,100-300:300-600,False,True,,1583,99.94996664442962
29,2026-10-07T04:18:11.143+00:00,2026-10-07T04:18:11.373+00:00,2026-10-07T04:18:40.876+00:00,True,493,493.0,,493.0,230.31294599999998,29733.652978,29733.653047,60.31166946653144,0.018425,377.14209600000004,30.252575903369316,127.87744119999999,59.96613827642276,29.29338409599261,16.580539241672454,5,14,100-300:300-600,False,True,,1400,99.94996664442962
30,2026-10-07T04:18:17.063+00:00,2026-10-07T04:18:17.384+00:00,2026-10-07T04:18:36.302+00:00,True,319,319.0,,319.0,321.271947,19239.385227000002,19239.385095999998,60.31155202507837,0.019296,382.72306199999997,34.22116337430337,125.8705687,59.49092226415094,30.972237187035955,16.580571376694746,5,14,100-300:300-600,False,True,,1172,99.94996664442962
31,2026-10-07T04:18:21.307+00:00,2026-10-07T04:18:22.445+00:00,2026-10-07T04:19:46.499+00:00,True,1385,1385.0,,1385.0,1137.429525,85191.427349,85191.427381,61.51005587075812,0.017422999999999998,1137.429525,42.378457530302704,128.46624119999998,60.73265738728323,30.977483321311357,16.25750434167667,5,14,1-100:1000-1500,False,True,,3799,99.94996664442962
32,2026-10-07T04:18:26.489+00:00,2026-10-07T04:18:28.422+00:00,2026-10-07T04:18:58.783+00:00,True,496,496.0,,496.0,1933.181495,32294.619447,32294.619461,65.11011988104839,38.695053,1933.181495,87.90278943817272,127.78761700000001,61.336238286868685,25.770527210608538,15.358595595591567,5,14,100-300:300-600,False,True,,2700,99.94996664442962
33,2026-10-07T04:18:31.513+00:00,2026-10-07T04:18:33.050+00:00,2026-10-07T04:18:56.513+00:00,True,387,387.0,,387.0,1537.386585,24999.724633,24999.724478,64.5987712609819,38.731029,1537.386585,79.1570283539336,127.52690720000001,60.783259191709845,25.16898239611044,15.480170509124502,5,14,100-300:300-600,False,True,,1690,99.94996664442962
34,2026-10-07T04:18:36.996+00:00,2026-10-07T04:18:39.031+00:00,2026-10-07T04:18:59.022+00:00,True,330,330.0,,330.0,2035.1736569999998,22025.509657,22025.50965,66.74396863636363,35.039744,2035.1736569999998,111.53540031649949,125.96910235,60.76089969604863,25.080063533200246,14.982627196330126,5,14,100-300:300-600,False,True,,1362,99.94996664442962
35,2026-10-07T04:18:40.540+00:00,2026-10-07T04:18:41.748+00:00,2026-10-07T04:19:58.102+00:00,True,1257,1257.0,,1257.0,1208.408388,77562.417476,77562.417485,61.70438940731901,0.018876,1208.408388,43.691734811396444,127.42556640000001,60.79140850955414,29.35816114281264,16.206302496811052,5,14,1-100:1000-1500,False,True,,4085,99.94996664442962
36,2026-10-07T04:18:44.878+00:00,2026-10-07T04:18:47.452+00:00,2026-10-07T04:19:24.016+00:00,True,596,596.0,,596.0,2573.474111,39137.968191,39137.968209,65.6677318942953,39.869883,2573.474111,106.19463914680956,130.46126650000002,61.452931226890755,26.282967411038946,15.228179375368127,5,14,100-300:300-600,False,True,,2837,99.94996664442962
37,2026-10-07T04:18:48.935+00:00,2026-10-07T04:18:52.959+00:00,2026-10-07T04:20:16.712+00:00,True,1372,1372.0,,1372.0,4023.793211,87776.582715,87776.582636,63.97710104664723,0.018003,4023.793211,110.99107090804414,129.21390165,61.08883260685631,29.568583561893742,15.63059255171415,5,14,1-100:1000-1500,False,True,,2058,99.94996664442962
38,2026-10-07T04:18:52.484+00:00,2026-10-07T04:18:56.006+00:00,2026-10-07T04:19:27.629+00:00,True,517,517.0,,517.0,3521.4353539999997,35144.609242,35144.609215,67.97796753384912,0.017933,3521.4353539999997,156.20123848732118,130.6751096,61.28522071317829,35.260848479995815,14.71064869266359,5,14,100-300:300-600,False,True,,2143,99.94996664442962
39,2026-10-07T04:18:56.346+00:00,2026-10-07T04:19:00.101+00:00,2026-10-07T04:19:29.847+00:00,True,492,492.0,,492.0,3754.888579,33500.701827,33500.701772,68.09085726016261,0.020068000000000003,3754.888579,170.17131276573343,130.92921379999999,60.58210437474542,34.94463499422582,14.686259486166078,5,14,100-300:300-600,False,True,,2354,99.94996664442962
40,2026-10-07T04:19:02.146+00:00,2026-10-07T04:19:05.331+00:00,2026-10-07T04:19:40.719+00:00,True,587,587.0,,587.0,3184.94913,38572.028298,38572.028235,65.71043992333901,0.018244,3184.94913,133.25430406531504,128.6764325,60.387507112627986,33.567845292435855,15.21828189756971,5,14,100-300:300-600,False,True,,2531,99.94996664442962
41,2026-10-07T04:19:07.112+00:00,2026-10-07T04:19:13.164+00:00,2026-10-07T04:19:48.203+00:00,True,584,584.0,,584.0,6052.334683,41090.988891,41090.98875,70.36128210616438,0.018605,6052.334683,250.15735024099894,128.1306219,60.100607560891945,33.109143680439146,14.21236177958986,5,14,100-300:300-600,False,True,,2155,99.94996664442962
42,2026-10-07T04:19:10.502+00:00,2026-10-07T04:19:15.686+00:00,2026-10-07T04:20:32.542+00:00,True,1259,1259.0,,1259.0,5183.618781,82039.97282899999,82039.973017,65.16280620889594,0.017664000000000003,5183.618781,148.72808291926538,128.579116,61.09408111923689,35.7619257961292,15.346177681265162,5,14,1-100:1000-1500,False,True,,2099,99.94996664442962
43,2026-10-07T04:19:16.589+00:00,2026-10-07T04:19:21.538+00:00,2026-10-07T04:19:49.341+00:00,True,466,466.0,,466.0,4948.737521,32751.547121,32751.547149,70.28229001931331,0.017613,4948.737521,229.12746541565568,126.492447,59.790988387096775,34.79348425707933,14.228335482240622,5,14,100-300:300-600,False,True,,1468,99.94996664442962
44,2026-10-07T04:19:20.583+00:00,2026-10-07T04:19:25.096+00:00,2026-10-07T04:20:49.272+00:00,True,1375,1375.0,,1375.0,4513.129293,88688.869453,88688.86935,64.5009958909091,0.017743,4513.129293,125.08197223568776,129.3612673,61.26327522561863,35.10694522504356,15.50363657221576,5,14,1-100:1000-1500,False,True,,1893,99.94996664442962
45,2026-10-07T04:19:25.524+00:00,2026-10-07T04:19:31.396+00:00,2026-10-07T04:20:04.784+00:00,True,551,551.0,,551.0,5872.138110000001,39260.429438,39260.429459,71.2530480199637,43.980326,5872.138110000001,248.88928048895968,128.38023700000002,60.705984232727275,25.563976954771015,14.034487342277755,5,14,100-300:300-600,False,True,,2534,99.94996664442962
46,2026-10-07T04:19:30.883+00:00,2026-10-07T04:19:35.775+00:00,2026-10-07T04:20:52.836+00:00,True,1263,1263.0,,1263.0,4891.967051,81953.048907,81953.049102,64.8876081567696,0.017332999999999998,4891.967051,139.7143859529834,129.2180506,61.06266391125198,32.29546623667967,15.411263117657127,5,14,1-100:1000-1500,False,True,,5052,99.94996664442962
47,2026-10-07T04:19:36.870+00:00,2026-10-07T04:19:42.861+00:00,2026-10-07T04:20:07.420+00:00,True,402,402.0,,402.0,5991.900084,30550.000308000002,30550.000241,75.99502547512438,43.952614999999994,5991.900084,296.94521371337146,130.91288615,61.24214519700748,26.151051919579498,13.15875600481516,5,14,100-300:300-600,False,True,,1135,99.94996664442962
48,2026-10-07T04:19:40.648+00:00,2026-10-07T04:19:47.949+00:00,2026-10-07T04:20:13.539+00:00,True,412,412.0,,412.0,7300.646059000001,32890.548907000004,32890.548726,79.83142894660195,42.548705,7300.646059000001,357.6361137529803,132.42453535,62.262537343065695,27.1108775693284,12.52639477574408,5,14,100-300:300-600,False,True,,1596,99.94996664442962
49,2026-10-07T04:19:46.180+00:00,2026-10-07T04:19:54.657+00:00,2026-10-07T04:20:27.833+00:00,True,540,540.0,,540.0,8476.806451999999,41653.135156,41653.135144,77.13543545185185,39.387794,8476.806451999999,363.0874717386039,129.9979303,61.55163024860854,26.30786507968264,12.964210208369268,5,14,100-300:300-600,False,True,,2575,99.94996664442962
50,2026-10-07T04:19:51.656+00:00,2026-10-07T04:19:59.253+00:00,2026-10-07T04:20:21.254+00:00,True,361,361.0,,361.0,7596.716367,29597.274959000002,29597.275023000002,81.98691142105264,41.158680999999994,7596.716367,397.410852463989,126.38983999999999,61.112662755555554,25.240658859815483,12.197068834886988,5,14,100-300:300-600,False,True,,1796,99.94996664442962
51,2026-10-07T04:19:55.345+00:00,2026-10-07T04:20:04.148+00:00,2026-10-07T04:20:31.170+00:00,True,437,437.0,,437.0,8802.78861,35824.642818,35824.642791,81.97858762242562,0.019246,8802.78861,420.2022899122164,130.09137939999997,61.97672983486239,41.73106366510143,12.198307243985429,5,14,100-300:300-600,False,True,,1599,99.94996664442962
52,2026-10-07T04:19:59.554+00:00,2026-10-07T04:20:08.594+00:00,2026-10-07T04:20:44.258+00:00,True,578,578.0,,578.0,9040.612076,44703.934444,44703.93454,77.34244730103806,0.017963,9040.612076,375.514374002064,129.39426234999996,61.80818434662045,39.17404004768761,12.929510728503162,5,14,100-300:300-600,False,True,,2676,99.94996664442962
53,2026-10-07T04:20:04.069+00:00,2026-10-07T04:20:13.343+00:00,2026-10-07T04:20:32.587+00:00,True,315,315.0,,315.0,9274.483757,28518.374445,28518.37461,90.53452257142857,0.018655,9274.483757,521.3035666962093,130.6732772,61.286276076433126,47.90460274926308,11.04551034658385,5,14,100-300:300-600,False,True,,1618,99.94996664442962
54,2026-10-07T04:20:09.437+00:00,2026-10-07T04:20:19.103+00:00,2026-10-07T04:20:40.357+00:00,True,346,346.0,,346.0,9665.411532,30919.240652,30919.240528,89.36196684393063,0.020058,9665.411532,518.0789130665017,132.440796,61.605301797101454,42.91225615310055,11.190442996135454,5,14,100-300:300-600,False,True,,1565,99.94996664442962
55,2026-10-07T04:20:14.461+00:00,2026-10-07T04:20:25.638+00:00,2026-10-07T04:20:57.181+00:00,True,513,513.0,,513.0,11177.283962,42720.751738,42720.751786,83.27631927095517,0.018875,11177.283962,492.39929590093345,131.984978,61.6083355,40.07399402547465,12.008215659362751,5,14,100-300:300-600,False,True,,2469,99.94996664442962
56,2026-10-07T04:20:19.483+00:00,2026-10-07T04:20:30.520+00:00,2026-10-07T04:20:58.417+00:00,True,458,458.0,,458.0,11036.863134,38933.822366,38933.822401,85.00834585371179,39.099334999999996,11036.863134,513.4819615926508,127.3585082,61.043674468271334,25.163556461282916,11.763550870873669,5,14,100-300:300-600,False,True,,1880,99.94996664442962
57,2026-10-07T04:20:22.993+00:00,2026-10-07T04:20:32.794+00:00,2026-10-07T04:20:55.872+00:00,True,381,381.0,,381.0,9801.580368,32879.215184,32879.215009,86.29715225459317,43.696487999999995,9801.580368,499.67346328172243,129.790737,60.73061793684211,25.208492866196462,11.58786783284918,5,14,100-300:300-600,False,True,,1491,99.94996664442962
58,2026-10-07T04:20:26.472+00:00,2026-10-07T04:20:38.670+00:00,2026-10-07T04:21:00.494+00:00,True,358,358.0,,358.0,12198.417902000001,34022.61451,34022.614474,95.03523596089386,43.867881000000004,12198.417902000001,641.961539007289,125.98201399999999,61.1322033837535,25.011534484452984,10.52241296431748,5,14,100-300:300-600,False,True,,2200,99.94996664442962
59,2026-10-07T04:20:31.456+00:00,2026-10-07T04:20:42.146+00:00,2026-10-07T04:21:01.446+00:00,True,324,324.0,,324.0,10690.326038000001,29990.333718,29990.333782,92.56275858641976,42.597423,10690.326038000001,591.0667360977774,125.51360310000001,59.75234575851393,23.83559673969456,10.803480983125484,5,14,100-300:300-600,False,True,,1435,99.94996664442962
60,2026-10-07T04:20:35.216+00:00,2026-10-07T04:20:46.503+00:00,2026-10-07T04:21:19.568+00:00,True,549,549.0,,549.0,11287.182902,44351.978294,44351.978492,80.78684606921676,42.699582,11287.182902,479.8137044163028,128.3730286,60.33721786861314,25.24951806513148,12.378252811200296,5,14,100-300:300-600,False,True,,2882,99.94996664442962
61,2026-10-07T04:20:41.065+00:00,2026-10-07T04:20:53.565+00:00,2026-10-07T04:21:28.019+00:00,True,568,568.0,,568.0,12500.26172,46953.900888000004,46953.900802000004,82.66531831338028,43.625276,12500.26172,522.5676302601696,129.0334809,60.76479571075838,25.427999219908138,12.096971481770188,5,14,100-300:300-600,False,True,,2282,99.94996664442962
62,2026-10-07T04:20:45.399+00:00,2026-10-07T04:20:58.361+00:00,2026-10-07T04:22:22.861+00:00,True,1376,1376.0,,1376.0,12961.721744999999,97462.162065,97462.162109,70.83005967223838,0.018344000000000003,12961.721744999999,349.52635751145255,129.57155500000002,61.45486568727273,35.029454763198586,14.118299562062973,5,14,1-100:1000-1500,False,True,,1378,99.94996664442962
63,2026-10-07T04:20:50.302+00:00,2026-10-07T04:21:02.390+00:00,2026-10-07T04:21:38.773+00:00,True,598,598.0,,598.0,12087.951164999999,48470.358077,48470.358133,81.05411059030101,0.017783,12087.951164999999,493.664914022277,131.39170025,60.942055128978225,42.664071623765565,12.337437224004356,5,14,100-300:300-600,False,True,,2349,99.94996664442962
64,2026-10-07T04:20:55.626+00:00,2026-10-07T04:21:07.876+00:00,2026-10-07T04:21:26.637+00:00,True,310,310.0,,310.0,12250.266230000001,31011.80223,31011.802272,100.0380718451613,38.714186999999995,12250.266230000001,692.7871336509847,130.49847450000001,60.71694498381877,25.481408205046044,9.996194277935713,5,14,100-300:300-600,False,True,,1591,99.94996664442962
65,2026-10-07T04:21:01.705+00:00,2026-10-07T04:21:16.530+00:00,2026-10-07T04:21:38.258+00:00,True,355,355.0,,355.0,14824.68971,36553.157166,36553.157361,102.96664045352112,0.018685,14824.68971,785.1802071837974,132.997132,61.37985157062147,50.562214460039336,9.711883391845673,5,14,100-300:300-600,False,True,,1604,99.94996664442962
66,2026-10-07T04:21:05.075+00:00,2026-10-07T04:21:19.729+00:00,2026-10-07T04:21:55.220+00:00,True,569,569.0,,569.0,14654.397431,50144.942071,50144.941983,88.12819329173989,0.017703,14654.397431,613.273266295822,134.7121454,62.48335323943662,43.59058847872667,11.347106537571735,5,14,100-300:300-600,False,True,,2169,99.94996664442962
67,2026-10-07T04:21:09.145+00:00,2026-10-07T04:21:25.281+00:00,2026-10-07T04:21:58.179+00:00,True,529,529.0,,529.0,16135.561957,49033.429733,49033.429572,92.69079314177694,0.017984000000000003,16135.561957,700.3681712321702,134.402491,62.306567757575756,46.32732231189938,10.78855798749027,5,14,100-300:300-600,False,True,,2318,99.94996664442962
68,2026-10-07T04:21:14.637+00:00,2026-10-07T04:21:32.775+00:00,2026-10-07T04:21:51.417+00:00,True,300,300.0,,300.0,18138.198658,36780.347522,36780.347448,122.60115816,0.018295000000000002,18138.198658,1045.1111549998345,132.92386325,62.34832395986622,56.09486303247709,8.156529783209807,5,14,100-300:300-600,False,True,,1500,99.94996664442962
69,2026-10-07T04:21:19.566+00:00,2026-10-07T04:21:38.962+00:00,2026-10-07T04:22:09.229+00:00,True,491,491.0,,491.0,19395.953397999998,49663.761654,49663.761781,101.148191,42.873259,19395.953397999998,872.9415690636727,129.8400315,61.77103725714286,26.520775390412744,9.886484302593178,5,14,100-300:300-600,False,True,,1999,99.94996664442962
70,2026-10-07T04:21:23.724+00:00,2026-10-07T04:21:41.816+00:00,2026-10-07T04:22:10.831+00:00,True,473,473.0,,473.0,18091.701238,47107.06431,47107.064306,99.5921021268499,41.542816,18091.701238,829.4372200737814,128.3015126,61.473226847457624,25.990776978007993,10.04095684858015,5,14,100-300:300-600,False,True,,2110,99.94996664442962
71,2026-10-07T04:21:27.700+00:00,2026-10-07T04:21:44.987+00:00,2026-10-07T04:22:07.598+00:00,True,376,376.0,,376.0,17286.732532,39897.176052,39897.176128,106.1095109787234,39.249209,17286.732532,888.7330010789572,127.37814625000001,60.29451605333333,24.87629947967631,9.424225902854383,5,14,100-300:300-600,False,True,,1444,99.94996664442962
72,2026-10-07T04:21:33.355+00:00,2026-10-07T04:21:49.433+00:00,2026-10-07T04:22:14.363+00:00,True,409,409.0,,409.0,16078.193033,41007.906953,41007.906924,100.26383111002446,40.363216,16078.193033,792.4188086341222,128.48104360000002,61.10224,25.97035627929032,9.973686305637674,5,14,100-300:300-600,False,True,,2054,99.94996664442962
73,2026-10-07T04:21:38.294+00:00,2026-10-07T04:21:55.404+00:00,2026-10-07T04:22:26.918+00:00,True,531,531.0,,531.0,17109.699309,48623.274221,48623.274248,91.56925470433146,40.311339,17109.699309,740.3126606149912,122.5811015,59.45957530566037,24.2117968630912,10.92069607625612,5,14,100-300:300-600,False,True,,2271,99.94996664442962
74,2026-10-07T04:21:42.354+00:00,2026-10-07T04:21:59.974+00:00,2026-10-07T04:23:10.432+00:00,True,1164,1164.0,,1164.0,17620.576723000002,88077.896659,88077.896738,75.66829616666666,0.017813,17620.576723000002,516.2007355356183,127.982057,60.58239031470335,39.44765188524543,13.215574442093127,5,14,1-100:1000-1500,False,True,,5553,99.94996664442962
75,2026-10-07T04:21:47.668+00:00,2026-10-07T04:22:06.286+00:00,2026-10-07T04:22:35.289+00:00,True,488,488.0,,488.0,18618.060642,47621.58909,47621.588887,97.58522312909837,33.306464,18618.060642,840.4644062403072,123.44163914999999,59.555499893223825,24.63416787422445,10.247453084308658,5,14,100-300:300-600,False,True,,2291,99.94996664442962
76,2026-10-07T04:21:53.510+00:00,2026-10-07T04:22:10.409+00:00,2026-10-07T04:22:40.197+00:00,True,501,501.0,,501.0,16898.495507,46687.388691,46687.388754,93.18840070658682,40.197244,16898.495507,752.7324527636017,125.83185300000001,59.577786368,25.319168704826627,10.730949278741274,5,14,100-300:300-600,False,True,,1953,99.94996664442962
77,2026-10-07T04:21:57.352+00:00,2026-10-07T04:22:12.166+00:00,2026-10-07T04:22:43.756+00:00,True,538,538.0,,538.0,14814.007688,46403.909256,46403.909427,86.2526197527881,34.111764,14814.007688,636.5784971316477,121.92078835000001,58.82663234264432,23.61813884177807,11.593850790285236,5,14,100-300:300-600,False,True,,2663,99.94996664442962
78,2026-10-07T04:22:01.526+00:00,2026-10-07T04:22:16.946+00:00,2026-10-07T04:22:42.805+00:00,True,439,439.0,,439.0,15419.877955,41279.216451,41279.216305,94.03010547835991,32.996734,15419.877955,733.5292121781578,122.50653040000002,59.03958560730594,24.13938596112704,10.634891786793231,5,14,100-300:300-600,False,True,,1763,99.94996664442962
79,2026-10-07T04:22:06.731+00:00,2026-10-07T04:22:21.709+00:00,2026-10-07T04:22:54.495+00:00,True,549,549.0,,549.0,14978.501841,47764.518609,47764.518568,87.00276606193079,33.021812,14978.501841,637.1974152445598,127.23873479999999,59.82849775182482,24.85235489778562,11.493887429162848,5,14,100-300:300-600,False,True,,2442,99.94996664442962
80,2026-10-07T04:22:10.976+00:00,2026-10-07T04:22:28.296+00:00,2026-10-07T04:23:51.173+00:00,True,1364,1364.0,,1364.0,17319.560821,100197.088885,100197.088754,73.45827621260997,0.017613,17319.560821,468.83947947345763,127.70166244999999,60.805229687454144,37.89025601145252,13.613169955122295,5,14,1-100:1000-1500,False,True,,5362,99.94996664442962
81,2026-10-07T04:22:16.590+00:00,2026-10-07T04:22:34.877+00:00,2026-10-07T04:23:07.945+00:00,True,537,537.0,,537.0,18286.93004,51355.480696,51355.480827,95.63404250837989,0.017433,18286.93004,788.1668370675244,130.5550276,61.69505719402985,51.63292375957798,10.456527574511169,5,14,100-300:300-600,False,True,,2123,99.94996664442962
82,2026-10-07T04:22:22.226+00:00,2026-10-07T04:22:39.823+00:00,2026-10-07T04:23:14.285+00:00,True,557,557.0,,557.0,17596.409010000003,52058.949042,52058.949086,93.46310428366249,0.017112,17596.409010000003,744.7006053870447,132.16094539999997,61.982985669064746,50.96915054560162,10.699409232226813,5,14,100-300:300-600,False,True,,2227,99.94996664442962
83,2026-10-07T04:22:26.993+00:00,2026-10-07T04:22:45.815+00:00,2026-10-07T04:23:22.745+00:00,True,597,597.0,,597.0,18822.30082,55752.04418,55752.044038,93.38700843886097,0.017353,18822.30082,769.4130305272834,130.76736459999998,61.96265664429531,49.68987120969495,10.708127545467876,5,14,100-300:300-600,False,True,,1973,99.94996664442962
84,2026-10-07T04:22:31.530+00:00,2026-10-07T04:22:50.617+00:00,2026-10-07T04:23:11.525+00:00,True,343,343.0,,343.0,19087.293035,39995.601771,39995.60161,116.60525250728863,0.017573000000000002,19087.293035,1029.1110335807036,131.5846396,61.13540566081871,60.846414344673335,8.575942974027267,5,14,100-300:300-600,False,True,,1587,99.94996664442962
85,2026-10-07T04:22:36.065+00:00,2026-10-07T04:22:56.315+00:00,2026-10-07T04:23:21.339+00:00,True,402,402.0,,402.0,20250.274567,45274.281735,45274.281634,112.62259112935324,0.017993,20250.274567,1008.5105439576664,129.83141500000002,62.404007900249375,57.40620435397875,8.879213199957352,5,14,100-300:300-600,False,True,,1867,99.94996664442962
86,2026-10-07T04:22:39.652+00:00,2026-10-07T04:23:00.730+00:00,2026-10-07T04:23:25.456+00:00,True,402,402.0,,402.0,21077.649425,45804.531984999994,45804.532177,113.94162233084577,0.017832999999999998,21077.649425,1049.7102686621286,129.9460354,61.663048778054865,56.691114015588845,8.776424134879194,5,14,100-300:300-600,False,True,,1548,99.94996664442962
87,2026-10-07T04:22:45.200+00:00,2026-10-07T04:23:06.585+00:00,2026-10-07T04:24:19.416+00:00,True,1195,1195.0,,1195.0,21384.571874,94215.407586,94215.40747800001,78.84134516987447,39.338097999999995,21384.571874,617.3809823324384,128.41580910000002,60.99734984254606,25.730639616886737,12.683700369381746,5,14,1-100:1000-1500,False,True,,2658,99.94996664442962
88,2026-10-07T04:22:50.644+00:00,2026-10-07T04:23:10.823+00:00,2026-10-07T04:23:42.743+00:00,True,534,534.0,,534.0,20179.092153999998,52099.285945999996,52099.286098,97.56420617602996,38.488597999999996,20179.092153999998,871.0077690298623,124.269193,59.88779323076923,25.224630352389816,10.249660629772963,5,14,100-300:300-600,False,True,,2774,99.94996664442962
89,2026-10-07T04:22:54.248+00:00,2026-10-07T04:23:13.578+00:00,2026-10-07T04:23:41.974+00:00,True,483,483.0,,483.0,19330.202198,47726.098006,47726.098107,98.81179732298136,37.556892999999995,19330.202198,877.2097816201872,118.1691273,58.91264690456431,24.292981564769008,10.120249091792052,5,14,100-300:300-600,False,True,,2095,99.94996664442962
90,2026-10-07T04:23:00.308+00:00,2026-10-07T04:23:18.145+00:00,2026-10-07T04:23:40.489+00:00,True,391,391.0,,391.0,17836.834693999997,40181.373574,40181.373606999994,102.76566139897697,41.384626,17836.834693999997,899.4126168432907,112.92127199999999,57.293689435897434,21.75961317279321,9.730876901953467,5,14,100-300:300-600,False,True,,1610,99.94996664442962
91,2026-10-07T04:23:06.276+00:00,2026-10-07T04:23:22.417+00:00,2026-10-07T04:23:55.001+00:00,True,556,556.0,,556.0,16140.997171,48725.306163,48725.306032,87.63544250359712,37.833769999999994,16140.997171,682.4550491541646,122.188305,58.71046665225225,23.794030224359588,11.410908289421968,5,14,100-300:300-600,False,True,,3108,99.94996664442962
92,2026-10-07T04:23:11.651+00:00,2026-10-07T04:23:29.792+00:00,2026-10-07T04:24:00.523+00:00,True,514,514.0,,514.0,18141.641721,48871.924217,48871.924250000004,95.08156468871596,38.168106,18141.641721,797.9383145008238,126.87721979999998,59.903084787524364,24.873316823277715,10.517285910776685,5,14,100-300:300-600,False,True,,2550,99.94996664442962
93,2026-10-07T04:23:16.717+00:00,2026-10-07T04:23:34.767+00:00,2026-10-07T04:23:53.691+00:00,True,316,316.0,,316.0,18050.106875,36974.425595,36974.425476000004,117.00767555696203,39.791539,18050.106875,1012.3427527873918,129.48638125,60.077202285714286,25.671602489755745,8.546447846446931,5,14,100-300:300-600,False,True,,1589,99.94996664442962
94,2026-10-07T04:23:22.327+00:00,2026-10-07T04:23:42.159+00:00,2026-10-07T04:24:01.003+00:00,True,316,316.0,,316.0,19832.338203000003,38676.552219000005,38676.552094000006,122.39415219620254,43.734244,19832.338203000003,1112.5501971093672,128.0228785,59.82290163809524,24.057460682742313,8.170324960991838,5,14,100-300:300-600,False,True,,1455,99.94996664442962
95,2026-10-07T04:23:27.071+00:00,2026-10-07T04:23:47.233+00:00,2026-10-07T04:24:16.919+00:00,True,482,482.0,,482.0,20161.856485,49847.782373,49847.782283,103.41863544190872,43.153157,20161.856485,915.9040589133917,130.9825554,61.71710163825364,25.980817520185973,9.669437175625987,5,14,100-300:300-600,False,True,,2205,99.94996664442962
96,2026-10-07T04:23:32.502+00:00,2026-10-07T04:23:52.444+00:00,2026-10-07T04:24:21.382+00:00,True,470,470.0,,470.0,19942.252482,48879.993026,48879.993042,103.99998519574469,40.536563,19942.252482,917.3946205901174,132.65148150000002,61.70093932622601,26.191437437271034,9.61538598726886,5,14,100-300:300-600,False,True,,2300,99.94996664442962
97,2026-10-07T04:23:37.674+00:00,2026-10-07T04:24:00.178+00:00,2026-10-07T04:24:21.945+00:00,True,343,343.0,,343.0,22503.701264,44271.50568,44271.505691,129.0714451632653,43.216525000000004,22503.701264,1211.968717929892,132.1122917,63.64855092397661,27.879223229967934,7.747647041400557,5,14,100-300:300-600,False,True,,1372,99.94996664442962
98,2026-10-07T04:23:41.426+00:00,2026-10-07T04:24:03.958+00:00,2026-10-07T04:24:28.422+00:00,True,393,393.0,,393.0,22531.144026,46995.791706,46995.791587,119.58216688804072,37.192417,22531.144026,1133.718914984119,131.3717566,62.40981551020408,27.01974303394205,8.36245088621042,5,14,100-300:300-600,False,True,,1846,99.94996664442962
99,2026-10-07T04:23:46.231+00:00,2026-10-07T04:24:08.101+00:00,2026-10-07T04:24:27.349+00:00,True,315,315.0,,315.0,21870.120725,41118.615061000004,41118.614903,130.5352854063492,37.261517,21870.120725,1229.0596341991113,130.6399227,61.300937375796174,25.889942617894054,7.660763854344154,5,14,100-300:300-600,False,True,,1507,99.94996664442962
100,2026-10-07T04:23:50.204+00:00,2026-10-07T04:24:13.311+00:00,2026-10-07T04:24:32.065+00:00,True,306,306.0,,306.0,23106.860282999998,41860.515579,41860.515637,136.79907070915033,36.195800000000006,23106.860282999998,1317.6840742212248,131.34331699999996,61.48739441311476,26.60792593998689,7.309991187817806,5,14,100-300:300-600,False,True,,1563,99.94996664442962
101,2026-10-07T04:23:55.873+00:00,2026-10-07T04:24:17.095+00:00,2026-10-07T04:24:49.190+00:00,True,523,523.0,,523.0,21222.767341,53317.103340999995,53317.103229,101.94474804780114,0.017854,21222.767341,927.255965251461,130.0824061,61.48340229885057,59.970697164043585,9.8092350714376,5,14,100-300:300-600,False,True,,2384,99.94996664442962
102,2026-10-07T04:24:00.989+00:00,2026-10-07T04:24:23.326+00:00,2026-10-07T04:24:56.479+00:00,True,542,542.0,,542.0,22336.639048999998,55490.030921,55490.031018999995,102.38013103136531,0.017492999999999998,22336.639048999998,958.6347659775939,129.130349,61.281685530499075,59.199121064838025,9.767520237493363,5,14,100-300:300-600,False,True,,2583,99.94996664442962
103,2026-10-07T04:24:05.771+00:00,2026-10-07T04:24:28.124+00:00,2026-10-07T04:24:54.610+00:00,True,435,435.0,,435.0,22353.47435,48839.737902,48839.738081,112.27525995632185,0.017312,22353.47435,1071.1770584429428,128.9593391,61.02825703225806,70.78697922139219,8.906681704002073,5,14,100-300:300-600,False,True,,2120,99.94996664442962
104,2026-10-07T04:24:10.541+00:00,2026-10-07T04:24:33.948+00:00,2026-10-07T04:24:59.208+00:00,True,415,415.0,,415.0,23407.010355000002,48667.607091,48667.606960000005,117.27134207228916,0.017403,23407.010355000002,1147.8467882481891,126.79606100000001,61.01593414492754,64.99234372427192,8.52723248184407,5,14,100-300:300-600,False,True,,829,99.94996664442962
105,2026-10-07T04:24:16.390+00:00,2026-10-07T04:24:38.958+00:00,2026-10-07T04:25:08.713+00:00,True,487,487.0,,487.0,22568.218815,52322.845631000004,52322.845646,107.43910810266941,0.017883,22568.218815,1022.0514035544022,128.2138458,61.22351196707819,66.51292530609952,9.30759774486471,5,14,100-300:300-600,False,True,,2387,99.94996664442962
106,2026-10-07T04:24:21.360+00:00,2026-10-07T04:24:43.153+00:00,2026-10-07T04:25:09.858+00:00,True,435,435.0,,435.0,21793.008147999997,48497.09186,48497.091797999994,111.48756735172414,0.017613,21793.008147999997,1044.4474724389127,128.9259362,61.530146801843316,72.3463526571427,8.969609997559141,5,14,100-300:300-600,False,True,,2370,99.94996664442962
107,2026-10-07T04:24:25.513+00:00,2026-10-07T04:24:48.010+00:00,2026-10-07T04:25:18.933+00:00,True,509,509.0,,509.0,22497.519079,53419.978983,53419.978997,104.95084282318271,0.025277,22497.519079,994.8290553333509,128.3970926,60.87098406299213,26.11346226093888,9.528270315530836,5,14,100-300:300-600,False,True,,2577,99.94996664442962
108,2026-10-07T04:24:30.072+00:00,2026-10-07T04:24:53.221+00:00,2026-10-07T04:25:27.083+00:00,True,552,552.0,,552.0,23149.241215,57010.785663,57010.785595,103.2804086865942,42.543841,23149.241215,983.0264148747646,128.02276229999998,61.45470861705989,26.063933400100485,9.682378405780295,5,14,100-300:300-600,False,True,,2153,99.94996664442962
109,2026-10-07T04:24:34.459+00:00,2026-10-07T04:24:58.595+00:00,2026-10-07T04:25:24.063+00:00,True,415,415.0,,415.0,24135.720254,49604.420414,49604.42031,119.52872363855421,40.312489,24135.720254,1182.0378396329018,129.0362343,61.51859942028985,25.83859426689154,8.366189878571252,5,14,100-300:300-600,False,True,,973,99.94996664442962
110,2026-10-07T04:24:38.592+00:00,2026-10-07T04:25:01.529+00:00,2026-10-07T04:26:14.344+00:00,True,1215,1215.0,,1215.0,22936.432517999998,95752.379782,95752.37974399999,78.80854299917695,41.223166,22936.432517999998,656.7715395109299,125.75508239999999,59.98018720263591,24.967661685935457,12.688979665739875,5,14,1-100:1000-1500,False,True,,3315,99.94996664442962
111,2026-10-07T04:24:44.609+00:00,2026-10-07T04:25:08.281+00:00,2026-10-07T04:25:37.709+00:00,True,491,491.0,,491.0,23672.021171,53100.228531,53100.228540000004,108.1471049694501,40.26550099999999,23672.021171,1065.876101150369,125.36029,60.057566040816326,24.589718680252886,9.246664535791092,5,14,100-300:300-600,False,True,,2271,99.94996664442962
112,2026-10-07T04:24:49.305+00:00,2026-10-07T04:25:12.716+00:00,2026-10-07T04:25:45.604+00:00,True,557,557.0,,557.0,23411.125804000003,56298.714412,56298.71421300001,101.07489086714543,41.125792999999994,23411.125804000003,989.7459117983259,123.9358064,59.15033922302158,24.01870071277034,9.893653981577884,5,14,100-300:300-600,False,True,,2410,99.94996664442962
113,2026-10-07T04:24:54.462+00:00,2026-10-07T04:25:16.775+00:00,2026-10-07T04:26:36.949+00:00,True,1338,1338.0,,1338.0,22312.896333,102487.201613,102487.201602,76.59731061434978,34.331924,22312.896333,608.8601993357097,125.19843470000002,59.96582294689604,24.735811342481238,13.055288650112594,5,14,1-100:1000-1500,False,True,,1341,99.94996664442962
114,2026-10-07T04:24:59.900+00:00,2026-10-07T04:25:21.158+00:00,2026-10-07T04:25:52.885+00:00,True,541,541.0,,541.0,21258.267039000002,52985.475743,52985.475817,97.93988136229206,38.409914,21258.267039000002,911.7614943002262,124.394594,58.75409019259259,24.298802523547838,10.210345239213453,5,14,100-300:300-600,False,True,,2408,99.94996664442962
115,2026-10-07T04:25:04.177+00:00,2026-10-07T04:25:26.785+00:00,2026-10-07T04:25:48.698+00:00,True,375,375.0,,375.0,22607.730525,44521.046365,44521.046439,118.722790504,42.091442,22607.730525,1164.6689823591378,122.38708649999998,58.591753582887705,23.499436326551994,8.42298262546687,5,14,100-300:300-600,False,True,,1713,99.94996664442962
116,2026-10-07T04:25:10.155+00:00,2026-10-07T04:25:31.840+00:00,2026-10-07T04:25:55.757+00:00,True,411,411.0,,411.0,21684.903491,45602.210371,45602.210221,110.95428277615572,40.228702,21684.903491,1067.0186953802263,122.07008,58.33489482926829,23.525209834874342,9.012721020675983,5,14,100-300:300-600,False,True,,2169,99.94996664442962
117,2026-10-07T04:25:15.780+00:00,2026-10-07T04:25:37.794+00:00,2026-10-07T04:26:39.491+00:00,True,1025,1025.0,,1025.0,22013.894960999998,83711.311409,83711.311426,81.66957212292682,35.478152,22013.894960999998,686.1662443105265,125.2010574,60.25138325,24.848211730830553,12.244462340244736,5,14,1-100:1000-1500,False,True,,4466,99.94996664442962
118,2026-10-07T04:25:20.291+00:00,2026-10-07T04:25:42.217+00:00,2026-10-07T04:26:08.546+00:00,True,442,442.0,,442.0,21925.623558,48254.936069999996,48254.936152,109.1740636923077,40.237238,21925.623558,1040.346363765599,125.34861865,59.70365648979592,24.616525901991718,9.159684707877803,5,14,100-300:300-600,False,True,,1612,99.94996664442962
119,2026-10-07T04:25:24.139+00:00,2026-10-07T04:25:46.403+00:00,2026-10-07T04:26:05.147+00:00,True,316,316.0,,316.0,22263.856618,41008.528362,41008.52858,129.77382462025318,42.246002999999995,22263.856618,1249.3342830688887,125.46361424999999,59.50689442539682,24.62924314739328,7.705714216577865,5,14,100-300:300-600,False,True,,1269,99.94996664442962
120,2026-10-07T04:25:28.285+00:00,2026-10-07T04:25:49.767+00:00,2026-10-07T04:26:11.848+00:00,True,370,370.0,,370.0,21482.465834,43562.876714,43562.87684,117.73750497297297,42.742175,21482.465834,1113.9771326808561,125.56512715000001,59.8385118699187,24.45667711372883,8.493470310262854,5,14,100-300:300-600,False,True,,1771,99.94996664442962
121,2026-10-07T04:25:34.063+00:00,2026-10-07T04:25:56.106+00:00,2026-10-07T04:26:57.949+00:00,True,1021,1021.0,,1021.0,22042.97819,83885.860494,83885.860385,82.16049009304604,0.017703,22042.97819,690.355892887512,127.367707,60.630276768627446,57.53139151794072,12.17130031196411,5,14,1-100:1000-1500,False,True,,4587,99.94996664442962
122,2026-10-07T04:25:38.069+00:00,2026-10-07T04:26:00.656+00:00,2026-10-07T04:26:35.449+00:00,True,571,571.0,,571.0,22586.219524,57379.659012000004,57379.658927,100.48977045008756,41.389709,22586.219524,942.9865918897109,126.5524235,61.041121908771935,25.238475090207096,9.951261646232245,5,14,100-300:300-600,False,True,,2789,99.94996664442962
123,2026-10-07T04:25:42.332+00:00,2026-10-07T04:26:04.502+00:00,2026-10-07T04:26:28.646+00:00,True,399,399.0,,399.0,22169.805013999998,46313.96527,46313.965302,116.0751010075188,41.267574,22169.805013999998,1107.1191148440525,126.6906309,60.6637192361809,24.82369541849947,8.61511204393577,5,14,100-300:300-600,False,True,,2237,99.94996664442962
124,2026-10-07T04:25:46.844+00:00,2026-10-07T04:26:08.500+00:00,2026-10-07T04:27:20.479+00:00,True,1188,1188.0,,1188.0,21656.838539,93635.739275,93635.739097,78.81796220286195,0.018114,21656.838539,628.627007081985,127.11709364999999,60.639343501263696,50.84307333836925,12.687463239980918,5,14,1-100:1000-1500,False,True,,4356,99.94996664442962
125,2026-10-07T04:25:51.135+00:00,2026-10-07T04:26:11.998+00:00,2026-10-07T04:27:41.972+00:00,True,1477,1477.0,,1477.0,20863.290175000002,110837.085503,110837.08552200001,75.04203488287068,0.017272,20863.290175000002,543.2861539390584,127.52113819999998,60.95785591327913,46.66421536178333,13.325864653487505,5,14,1-100:1000-1500,False,True,,4136,99.94996664442962
126,2026-10-07T04:25:56.822+00:00,2026-10-07T04:26:17.999+00:00,2026-10-07T04:26:53.876+00:00,True,596,596.0,,596.0,21177.403205,57054.355781000006,57054.355798,95.72878489597315,0.017783,21177.403205,867.6160926411869,126.159642,60.29739928739495,67.50573618805024,10.446178768326,5,14,100-300:300-600,False,True,,2341,99.94996664442962
127,2026-10-07T04:26:00.169+00:00,2026-10-07T04:26:23.469+00:00,2026-10-07T04:26:54.138+00:00,True,506,506.0,,506.0,23299.424827,53968.016955,53968.01683,106.65615974308301,0.017814,23299.424827,1035.6150834758778,127.750123,60.7298854019802,72.4037021701979,9.37592352933621,5,14,100-300:300-600,False,True,,2601,99.94996664442962
128,2026-10-07T04:26:05.959+00:00,2026-10-07T04:26:29.110+00:00,2026-10-07T04:26:56.591+00:00,True,456,456.0,,456.0,23150.839645,50631.790173,50631.790077,111.03462736184211,0.018334,23150.839645,1084.2266839238168,127.8969485,60.39769346813187,79.57532285047817,9.006199434030034,5,14,100-300:300-600,False,True,,1325,99.94996664442962
129,2026-10-07T04:26:09.641+00:00,2026-10-07T04:26:32.163+00:00,2026-10-07T04:27:43.225+00:00,True,1170,1170.0,,1170.0,22521.671483,93584.298299,93584.298386,79.98657981709401,0.017382,22521.671483,658.7235107994205,128.2108838,60.78924449615055,52.24856464953451,12.502097267020938,5,14,1-100:1000-1500,False,True,,4733,99.94996664442962
130,2026-10-07T04:26:14.811+00:00,2026-10-07T04:26:37.193+00:00,2026-10-07T04:26:58.001+00:00,True,348,348.0,,348.0,22381.658159000002,43189.396527000004,43189.396642,124.10746161494254,0.017433,22381.658159000002,1199.5579601326765,125.2681365,59.96466388472623,84.75930341113063,8.057533283254989,5,14,100-300:300-600,False,True,,1685,99.94996664442962
131,2026-10-07T04:26:18.691+00:00,2026-10-07T04:26:41.087+00:00,2026-10-07T04:28:10.238+00:00,True,1457,1457.0,,1457.0,22395.924945,111546.716369,111546.716286,76.55917384076871,0.017082,22395.924945,587.153511376524,130.9013212,61.229939164835166,48.755470287859886,13.061791932809557,5,14,1-100:1000-1500,False,True,,1457,99.94996664442962
132,2026-10-07T04:26:23.201+00:00,2026-10-07T04:26:46.613+00:00,2026-10-07T04:27:15.096+00:00,True,480,480.0,,480.0,23412.87663,51895.53263,51895.532535,108.11569278125,0.017413,23412.87663,1068.5967471643487,115.3108155,59.462747390396665,75.48860825892183,9.249351064999368,5,14,100-300:300-600,False,True,,1676,99.94996664442962
133,2026-10-07T04:26:28.641+00:00,2026-10-07T04:26:54.296+00:00,2026-10-07T04:27:21.620+00:00,True,449,449.0,,449.0,25655.703295000003,52979.666431000005,52979.666387000005,117.99480264365256,39.215426,25655.703295000003,1208.1456588515841,123.187793,60.99098914285714,24.922080344914225,8.474949546629771,5,14,100-300:300-600,False,True,,1491,99.94996664442962
134,2026-10-07T04:26:32.959+00:00,2026-10-07T04:26:58.215+00:00,2026-10-07T04:28:22.966+00:00,True,1380,1380.0,,1380.0,25255.969355999998,110007.06209200001,110007.062131,79.71526241376812,41.516256999999996,25255.969355999998,678.7057429023494,129.2909433,61.45837036693256,25.855436235441047,12.544649168486039,5,14,1-100:1000-1500,False,True,,3864,99.94996664442962
135,2026-10-07T04:26:37.387+00:00,2026-10-07T04:27:03.096+00:00,2026-10-07T04:27:37.622+00:00,True,564,564.0,,564.0,25708.814195,60234.654323,60234.654344999995,106.79903252659574,42.005593999999995,25708.814195,1080.2521552461633,127.4061246,61.324760440497336,25.395917721226365,9.363380703998532,5,14,100-300:300-600,False,True,,2807,99.94996664442962
136,2026-10-07T04:26:41.826+00:00,2026-10-07T04:27:07.407+00:00,2026-10-07T04:28:39.388+00:00,True,1490,1490.0,,1490.0,25580.907092999998,117561.985365,117561.985284,78.90066126442953,35.995993000000006,25580.907092999998,661.6356042480204,131.58772385,61.77372617327065,26.412104094892424,12.674164997927942,5,14,1-100:1000-1500,False,True,,7164,99.94996664442962
137,2026-10-07T04:26:45.153+00:00,2026-10-07T04:27:09.906+00:00,2026-10-07T04:28:12.992+00:00,True,1016,1016.0,,1016.0,24752.51982,87838.810252,87838.810422,86.45552206889764,38.860651,24752.51982,775.0634922684759,132.2322275,62.153980721182265,26.64909833600593,11.566641181559795,5,14,1-100:1000-1500,False,True,,3770,99.94996664442962
138,2026-10-07T04:26:49.921+00:00,2026-10-07T04:27:16.430+00:00,2026-10-07T04:27:40.982+00:00,True,395,395.0,,395.0,26508.348899999997,51060.134884,51060.134824999994,129.26616411392405,42.238271,26508.348899999997,1330.912024238844,131.87471390000002,62.31417762436548,26.722003286858893,7.735976430484825,5,14,100-300:300-600,False,True,,1853,99.94996664442962
139,2026-10-07T04:26:55.291+00:00,2026-10-07T04:27:21.832+00:00,2026-10-07T04:27:43.467+00:00,True,352,352.0,,352.0,26540.261693999997,48176.019518,48176.019477999995,136.86369169886362,42.870525,26540.261693999997,1411.5605033294087,130.62158680000002,61.64033568091168,26.348973481247295,7.30653971668378,5,14,100-300:300-600,False,True,,878,99.94996664442962
140,2026-10-07T04:26:59.321+00:00,2026-10-07T04:27:26.634+00:00,2026-10-07T04:27:54.724+00:00,True,458,458.0,,458.0,27313.334603,55403.422539,55403.422633,120.96817168777292,40.352968000000004,27313.334603,1273.6773399736512,133.38511685,61.46627557111597,26.789998299729685,8.26663731248013,5,14,100-300:300-600,False,True,,1006,99.94996664442962
141,2026-10-07T04:27:03.219+00:00,2026-10-07T04:27:31.357+00:00,2026-10-07T04:27:52.261+00:00,True,342,342.0,,342.0,28138.175587,49041.786979,49041.787085,143.39703826023393,43.559476000000004,28138.175587,1518.4472120952707,131.89752835,61.300913173020525,26.10224944291275,6.973644743949616,5,14,100-300:300-600,False,True,,1480,99.94996664442962
142,2026-10-07T04:27:08.458+00:00,2026-10-07T04:27:36.578+00:00,2026-10-07T04:28:46.504+00:00,True,1135,1135.0,,1135.0,28119.893210000002,98046.19209,98046.192178,86.38431028898678,38.988661,28119.893210000002,833.2561426644671,131.724807,61.66340289241622,26.296591502064977,11.576176247193203,5,14,1-100:1000-1500,False,True,,5256,99.94996664442962
143,2026-10-07T04:27:14.469+00:00,2026-10-07T04:27:43.647+00:00,2026-10-07T04:28:14.712+00:00,True,500,500.0,,500.0,29178.205499000003,60243.343419000004,60243.3433,120.48668660000001,40.913307,29178.205499000003,1302.3802694822825,134.9005471,62.25478541082165,26.80736015193244,8.299672156680238,5,14,100-300:300-600,False,True,,2178,99.94996664442962
144,2026-10-07T04:27:19.759+00:00,2026-10-07T04:27:49.409+00:00,2026-10-07T04:28:25.412+00:00,True,588,588.0,,588.0,29650.143162999997,65653.016507,65653.016558,111.65479006462584,35.688326,29650.143162999997,1220.4950391849254,132.36827039999997,61.333685424190804,25.839942485876374,8.956176445256052,5,14,100-300:300-600,False,True,,2629,99.94996664442962
145,2026-10-07T04:27:24.012+00:00,2026-10-07T04:27:56.360+00:00,2026-10-07T04:28:31.734+00:00,True,572,572.0,,572.0,32347.60908,67722.20978399999,67722.209775,118.39547163461538,35.877471,32347.60908,1350.1821660885614,133.0014384,61.95201524343258,26.05750485660398,8.446268983608098,5,14,100-300:300-600,False,True,,2650,99.94996664442962
146,2026-10-07T04:27:27.776+00:00,2026-10-07T04:27:59.644+00:00,2026-10-07T04:28:29.791+00:00,True,490,490.0,,490.0,31868.621436,62015.31558,62015.315403,126.56186816938776,40.046072,31868.621436,1437.120620047895,130.9163238,61.64968127607362,25.630324697159953,7.901273990420933,5,14,100-300:300-600,False,True,,2208,99.94996664442962
147,2026-10-07T04:27:33.717+00:00,2026-10-07T04:28:09.126+00:00,2026-10-07T04:29:13.687+00:00,True,1058,1058.0,,1058.0,35409.060649,99970.058281,99970.058125,94.489657963138,39.559129999999996,35409.060649,1087.02454410905,125.96119215,61.07946795837275,25.302028428856858,10.583168782658198,5,14,1-100:1000-1500,False,True,,1058,99.94996664442962
148,2026-10-07T04:27:37.602+00:00,2026-10-07T04:28:12.335+00:00,2026-10-07T04:28:31.681+00:00,True,318,318.0,,318.0,34732.343378,54078.415186,54078.415282999995,170.05790969496854,33.107699999999994,34732.343378,1944.4425802386318,132.3417786,61.02861769085173,25.887667805087236,5.88034983840142,5,14,100-300:300-600,False,True,,1614,99.94996664442962
149,2026-10-07T04:27:41.361+00:00,2026-10-07T04:28:16.987+00:00,2026-10-07T04:28:46.934+00:00,True,491,491.0,,491.0,35625.474822,65573.12103,65573.121205,133.55014502036659,39.369084,35625.474822,1605.2086583832345,132.0876185,61.11764532244898,26.094995601749602,7.4878241616006855,5,14,100-300:300-600,False,True,,2246,99.94996664442962
150,2026-10-07T04:27:44.956+00:00,2026-10-07T04:28:22.041+00:00,2026-10-07T04:28:48.761+00:00,True,434,434.0,,434.0,37084.205575,63804.991494999995,63804.991529,147.0161095138249,39.578617,37084.205575,1777.329806349033,131.07916755000002,61.71082198614319,26.23496478316751,6.801975673549144,5,14,100-300:300-600,False,True,,2111,99.94996664442962
151,2026-10-07T04:27:50.616+00:00,2026-10-07T04:28:28.855+00:00,2026-10-07T04:28:56.360+00:00,True,451,451.0,,451.0,38239.438104999994,65743.822617,65743.82269999999,145.77344279379156,43.686354,38239.438104999994,1797.9311389208049,126.83874200000002,61.12085447111111,25.77772425593278,6.859960100393991,5,14,100-300:300-600,False,True,,1806,99.94996664442962
152,2026-10-07T04:27:55.471+00:00,2026-10-07T04:28:31.981+00:00,2026-10-07T04:30:02.011+00:00,True,1484,1484.0,,1484.0,36509.609374,126539.84451,126539.844439,85.26943695350404,0.017050999999999997,36509.609374,947.6945817377542,126.94274435,60.70818282939987,53.8167870156786,11.727531401247491,5,14,1-100:1000-1500,False,True,,1484,99.94996664442962
153,2026-10-07T04:28:00.519+00:00,2026-10-07T04:28:37.850+00:00,2026-10-07T04:29:05.304+00:00,True,455,455.0,,455.0,37330.553369999994,64784.72194599999,64784.721962999996,142.3840043142857,39.31359,37330.553369999994,1747.4256291701506,124.33115299999997,60.47173695154185,24.916001577614846,7.023260829602019,5,14,100-300:300-600,False,True,,2360,99.94996664442962
154,2026-10-07T04:28:06.251+00:00,2026-10-07T04:28:43.440+00:00,2026-10-07T04:29:09.488+00:00,True,435,435.0,,435.0,37189.359154,63236.796466,63236.796549,145.37194608965515,41.942586000000006,37189.359154,1780.3816037936122,121.13693119999999,60.01713666359447,24.333397651374597,6.878906337924358,5,14,100-300:300-600,False,True,,1479,99.94996664442962
155,2026-10-07T04:28:10.853+00:00,2026-10-07T04:28:48.032+00:00,2026-10-07T04:30:06.604+00:00,True,1296,1296.0,,1296.0,37178.962002,115750.360914,115750.361066,89.31355020524691,0.017643,37178.962002,1032.592691382888,125.585945,60.67289491274131,56.19595583760438,11.196509365209668,5,14,1-100:1000-1500,False,True,,1296,99.94996664442962
156,2026-10-07T04:28:16.025+00:00,2026-10-07T04:28:53.017+00:00,2026-10-07T04:29:16.472+00:00,True,393,393.0,,393.0,36992.640343,60447.906135,60447.905953,153.81146552926208,42.513516,36992.640343,1863.1637850161935,117.66177139999999,59.834861714285715,23.687028411610356,6.501465892338803,5,14,100-300:300-600,False,True,,2105,99.94996664442962
157,2026-10-07T04:28:19.591+00:00,2026-10-07T04:28:56.502+00:00,2026-10-07T04:29:16.920+00:00,True,342,342.0,,342.0,36910.983065,57328.431769,57328.431619,167.6269930380117,41.857677,36910.983065,1992.823080907055,123.65330804999999,59.87521614076246,23.94044301689411,5.965626294786148,5,14,100-300:300-600,False,True,,1713,99.94996664442962
158,2026-10-07T04:28:23.833+00:00,2026-10-07T04:29:00.279+00:00,2026-10-07T04:30:14.897+00:00,True,1227,1227.0,,1227.0,36446.375456,111064.027168,111064.027111,90.51672951181745,0.016831,36446.375456,1040.3241869930912,127.1887386,60.862684920065256,57.441148447282444,11.047681515671943,5,14,1-100:1000-1500,False,True,,1227,99.94996664442962
159,2026-10-07T04:28:27.407+00:00,2026-10-07T04:29:03.395+00:00,2026-10-07T04:29:24.123+00:00,True,353,353.0,,353.0,35988.768741,56716.423909000005,56716.42379,160.66975577903682,0.017393000000000002,35988.768741,1914.874416568411,123.480582,58.885384,98.3406649968812,6.223946710151879,5,14,100-300:300-600,False,True,,1267,99.94996664442962
160,2026-10-07T04:28:32.913+00:00,2026-10-07T04:29:08.798+00:00,2026-10-07T04:29:28.853+00:00,True,343,343.0,,343.0,35884.298604,55939.420012,55939.420131000006,163.08868842857143,0.017563,35884.298604,1937.0163186775474,121.36177470000001,58.64070587134503,100.71842850692883,6.131633111791656,5,14,100-300:300-600,False,True,,1624,99.94996664442962
161,2026-10-07T04:28:37.443+00:00,2026-10-07T04:29:13.352+00:00,2026-10-07T04:30:15.429+00:00,True,1016,1016.0,,1016.0,35909.595299,97986.601123,97986.601193,96.44350511122047,0.016641,35909.595299,1126.3409242179291,127.65940649999999,61.15961164926109,61.4427747042066,10.368764589810008,5,14,1-100:1000-1500,False,True,,1016,99.94996664442962
162,2026-10-07T04:28:42.585+00:00,2026-10-07T04:29:18.196+00:00,2026-10-07T04:30:22.055+00:00,True,1041,1041.0,,1041.0,35611.48439,99470.152166,99470.152117,95.55249963208453,0.016711,35611.48439,1103.6970106045073,131.69152400000002,61.40256516923077,64.17230348235726,10.46545096525775,5,14,1-100:1000-1500,False,True,,1390,99.94996664442962
163,2026-10-07T04:28:48.675+00:00,2026-10-07T04:29:24.384+00:00,2026-10-07T04:29:48.050+00:00,True,393,393.0,,393.0,35708.863631,59375.005583000006,59375.005505,151.08143894402036,40.511302,35708.863631,1798.4060236691857,129.848752,60.37281110204082,25.301485170111505,6.618946746044974,5,14,100-300:300-600,False,True,,1802,99.94996664442962
164,2026-10-07T04:28:53.427+00:00,2026-10-07T04:29:30.695+00:00,2026-10-07T04:30:01.232+00:00,True,495,495.0,,495.0,37267.629375,67805.054271,67805.054313,136.9799077030303,42.783318,37267.629375,1672.4850839505007,132.54218389999997,61.81664958704454,26.413379630794942,7.300340738930871,5,14,100-300:300-600,False,True,,2291,99.94996664442962
165,2026-10-07T04:28:59.039+00:00,2026-10-07T04:29:38.701+00:00,2026-10-07T04:30:09.460+00:00,True,490,490.0,,490.0,39662.235205,70420.708677,70420.708585,143.71573180612245,42.78954,39662.235205,1789.1139001586837,131.52975039999998,62.90076374642127,26.665447147012564,6.958180472842048,5,14,100-300:300-600,False,True,,2197,99.94996664442962
166,2026-10-07T04:29:04.122+00:00,2026-10-07T04:29:44.041+00:00,2026-10-07T04:30:09.250+00:00,True,404,404.0,,404.0,39919.475215000006,65128.758799,65128.758873000006,161.20979919059408,40.005593,39919.475215000006,1983.1341483417286,132.81830655,62.55405355831265,26.61841473472232,6.203096872256118,5,14,100-300:300-600,False,True,,1776,99.94996664442962
167,2026-10-07T04:29:09.085+00:00,2026-10-07T04:29:50.926+00:00,2026-10-07T04:31:20.288+00:00,True,1438,1438.0,,1438.0,41840.76287300001,131202.227193,131202.22704,91.2393790264256,39.237944000000006,41840.76287300001,1102.0491126542915,129.30065255,62.18612687543494,26.631015637581815,10.960179798508186,5,14,1-100:1000-1500,False,True,,2170,99.94996664442962
168,2026-10-07T04:29:13.278+00:00,2026-10-07T04:29:55.747+00:00,2026-10-07T04:30:30.059+00:00,True,543,543.0,,543.0,42468.741219999996,76781.52662799999,76781.526569,141.4024430368324,40.728818,42468.741219999996,1819.994662017432,130.1502771,63.30772215498155,27.229393891071318,7.072013592941295,5,14,100-300:300-600,False,True,,1174,99.94996664442962
169,2026-10-07T04:29:17.605+00:00,2026-10-07T04:29:59.504+00:00,2026-10-07T04:30:33.309+00:00,True,540,540.0,,540.0,41899.061908,75703.18145999999,75703.181579,140.19107699814816,38.224233999999996,41899.061908,1800.5499932496245,128.6738899,62.716362805194805,26.88334143845684,7.133121615045002,5,14,100-300:300-600,False,True,,2151,99.94996664442962
170,2026-10-07T04:29:22.714+00:00,2026-10-07T04:30:05.298+00:00,2026-10-07T04:31:28.222+00:00,True,1346,1346.0,,1346.0,42583.822341,125507.798021,125507.798046,93.24502083655275,39.189862999999995,42583.822341,1159.3265350584302,128.15703225000001,61.65351351672862,26.441020364972015,10.72443323222663,5,14,1-100:1000-1500,False,True,,3552,99.94996664442962
171,2026-10-07T04:29:27.204+00:00,2026-10-07T04:30:10.490+00:00,2026-10-07T04:30:29.868+00:00,True,304,304.0,,304.0,43286.705134,62664.12619,62664.126282000005,206.13199434868423,43.458754,43286.705134,2479.158309603661,132.25588065000002,63.95188467326733,28.510034808186912,4.851260497565393,5,14,100-300:300-600,False,True,,1120,99.94996664442962
172,2026-10-07T04:29:31.322+00:00,2026-10-07T04:30:14.493+00:00,2026-10-07T04:30:36.459+00:00,True,348,348.0,,348.0,43171.573447999996,65137.059528,65137.059615,187.17545866379308,40.704682999999996,43171.573447999996,2311.008691691294,129.20983884999998,63.301112622478385,27.46476935086337,5.342580744689707,5,14,100-300:300-600,False,True,,1665,99.94996664442962
173,2026-10-07T04:29:37.010+00:00,2026-10-07T04:30:19.778+00:00,2026-10-07T04:30:45.669+00:00,True,426,426.0,,426.0,42767.758807,68658.846679,68658.84669399999,161.171001629108,41.959393,42767.758807,2069.3104485490544,126.0801055,60.92020675764706,25.54905101579215,6.2045900944371155,5,14,100-300:300-600,False,True,,1720,99.94996664442962
174,2026-10-07T04:29:40.702+00:00,2026-10-07T04:30:23.612+00:00,2026-10-07T04:31:26.009+00:00,True,1018,1018.0,,1018.0,42910.087731,105307.024691,105307.024497,103.44501424066797,40.240293,42910.087731,1343.2151481751564,126.94908495,61.35392031465093,26.029074975271435,9.66697143886739,5,14,1-100:1000-1500,False,True,,4676,99.94996664442962
175,2026-10-07T04:29:44.311+00:00,2026-10-07T04:30:27.479+00:00,2026-10-07T04:31:03.279+00:00,True,587,587.0,,587.0,43167.524832999996,78968.03913699999,78968.039052,134.52817555706983,38.813421000000005,43167.524832999996,1779.3814731803363,126.2144195,61.0930278225256,25.93030451938835,7.433387056523286,5,14,100-300:300-600,False,True,,2608,99.94996664442962
176,2026-10-07T04:29:50.240+00:00,2026-10-07T04:30:32.294+00:00,2026-10-07T04:31:01.949+00:00,True,493,493.0,,493.0,42054.898546,71709.502066,71709.502085,145.45537948275862,39.110786,42054.898546,1891.5139262575797,128.1026272,60.273584390243904,25.469885137555043,6.874960581182848,5,14,100-300:300-600,False,True,,1937,99.94996664442962
177,2026-10-07T04:29:54.151+00:00,2026-10-07T04:30:35.849+00:00,2026-10-07T04:31:38.096+00:00,True,1031,1031.0,,1031.0,41698.616458,103945.35514599999,103945.35525,100.81993719689622,41.496216,41698.616458,1297.014602373289,125.7056045,60.4337268815534,25.28039824150531,9.918673119658632,5,14,1-100:1000-1500,False,True,,4154,99.94996664442962
178,2026-10-07T04:30:00.220+00:00,2026-10-07T04:30:43.837+00:00,2026-10-07T04:31:18.968+00:00,True,570,570.0,,570.0,43616.956373,78747.49691700001,78747.49703,138.1535035614035,39.5832,43616.956373,1824.5367953200382,132.60035825,61.740844541300525,27.677418809038905,7.238325309574995,5,14,100-300:300-600,False,True,,2049,99.94996664442962
179,2026-10-07T04:30:05.551+00:00,2026-10-07T04:30:50.789+00:00,2026-10-07T04:31:25.145+00:00,True,551,551.0,,551.0,45237.878328,79593.273912,79593.27387599999,144.45240267876588,39.225091,45237.878328,1924.7243221365568,129.39591950000002,62.46435560727273,26.852508426034888,6.922695510794005,5,14,100-300:300-600,False,True,,2712,99.94996664442962
180,2026-10-07T04:30:09.425+00:00,2026-10-07T04:30:54.731+00:00,2026-10-07T04:32:03.463+00:00,True,1135,1135.0,,1135.0,45305.425821000004,114037.47318100001,114037.473136,100.47354461321586,36.470879000000004,45305.425821000004,1343.23015126256,126.30266889999999,60.61027104056437,25.716930317669423,9.952868722358751,5,14,1-100:1000-1500,False,True,,2272,99.94996664442962
181,2026-10-07T04:30:13.517+00:00,2026-10-07T04:30:59.644+00:00,2026-10-07T04:32:24.345+00:00,True,1394,1394.0,,1394.0,46126.395037,130827.40879700001,130827.40893,93.85036508608322,0.012664,46126.395037,1235.550547860266,125.87240605,60.80474785355348,65.74495548678749,10.655259573038075,5,14,1-100:1000-1500,False,True,,4742,99.94996664442962
182,2026-10-07T04:30:18.052+00:00,2026-10-07T04:31:02.965+00:00,2026-10-07T04:31:38.512+00:00,True,587,587.0,,587.0,44913.128409000004,80459.837401,80459.837494,137.06956983645657,39.792242,44913.128409000004,1851.4307666230657,125.186999,60.6599129556314,25.204100955836683,7.295565327512139,5,14,100-300:300-600,False,True,,2231,99.94996664442962
183,2026-10-07T04:30:23.940+00:00,2026-10-07T04:31:08.413+00:00,2026-10-07T04:31:38.512+00:00,True,500,500.0,,500.0,44472.848037,74572.07875700001,74572.078853,149.14415770600002,40.354636,44472.848037,1986.3437098036522,124.8616446,60.319099639278555,24.84184097851515,6.704922382937668,5,14,100-300:300-600,False,True,,2417,99.94996664442962
184,2026-10-07T04:30:28.985+00:00,2026-10-07T04:31:13.943+00:00,2026-10-07T04:31:36.611+00:00,True,382,382.0,,382.0,44957.58691,67626.012382,67626.012234,177.03144563874346,40.66614,44957.58691,2297.309384043379,121.4246602,59.497179716535435,23.829833181788164,5.648713957022799,5,14,100-300:300-600,False,True,,1510,99.94996664442962
185,2026-10-07T04:30:32.935+00:00,2026-10-07T04:31:16.212+00:00,2026-10-07T04:31:39.452+00:00,True,390,390.0,,390.0,43276.91206,66517.60018800001,66517.600238,170.55794932820513,41.12498,43276.91206,2188.5270473788814,124.0909612,59.74469955784062,24.84891768406672,5.863109897196159,5,14,100-300:300-600,False,True,,1748,99.94996664442962
186,2026-10-07T04:30:38.594+00:00,2026-10-07T04:31:21.362+00:00,2026-10-07T04:31:50.126+00:00,True,498,498.0,,498.0,42767.514173,71531.89842900001,71531.89834,143.6383500803213,40.569248,42767.514173,1913.9920742407032,111.1467525,57.876024659959754,22.107714332885394,6.9619290265908,5,14,100-300:300-600,False,True,,2671,99.94996664442962
187,2026-10-07T04:30:42.785+00:00,2026-10-07T04:31:25.244+00:00,2026-10-07T04:32:53.245+00:00,True,1449,1449.0,,1449.0,42458.798371,130459.56739499999,130459.56720199999,90.03420786887509,0.012784,42458.798371,1115.6548925775721,127.3027102,60.77401175690608,64.14177846057716,11.106889505564423,5,14,1-100:1000-1500,False,True,,3322,99.94996664442962
188,2026-10-07T04:30:46.431+00:00,2026-10-07T04:31:28.415+00:00,2026-10-07T04:31:55.118+00:00,True,457,457.0,,457.0,41984.089762,68686.844322,68686.844264,150.29944040262583,41.933405,41984.089762,1961.3292222574144,121.14979280000001,58.55867228070176,23.08799731949534,6.6533847130552415,5,14,100-300:300-600,False,True,,2067,99.94996664442962
189,2026-10-07T04:30:49.839+00:00,2026-10-07T04:31:32.255+00:00,2026-10-07T04:32:07.630+00:00,True,598,598.0,,598.0,42415.652627999996,77790.841108,77790.841026,130.0850184381271,40.646884,42415.652627999996,1732.260345657162,126.3275498,59.25492207705192,24.883838149840265,7.687280295244189,5,14,100-300:300-600,False,True,,2698,99.94996664442962
190,2026-10-07T04:30:54.650+00:00,2026-10-07T04:31:38.274+00:00,2026-10-07T04:32:12.871+00:00,True,580,580.0,,580.0,43623.996598,78221.304246,78221.304355,134.86431785344828,40.65032,43623.996598,1809.0707453659888,124.98781344999999,59.75355379620034,24.380645154569084,7.414859744296061,5,14,100-300:300-600,False,True,,2558,99.94996664442962
191,2026-10-07T04:30:59.040+00:00,2026-10-07T04:31:40.974+00:00,2026-10-07T04:32:03.110+00:00,True,376,376.0,,376.0,41934.157688,64070.613624,64070.613488,170.40056778723405,41.666325,41934.157688,2159.680144978321,125.76144275,59.03054916266667,24.211299667951494,5.8685250340595365,5,14,100-300:300-600,False,True,,1691,99.94996664442962
192,2026-10-07T04:31:02.939+00:00,2026-10-07T04:31:44.461+00:00,2026-10-07T04:32:13.055+00:00,True,478,478.0,,478.0,41521.40621,70115.415298,70115.415403,146.6849694623431,40.325863,41521.40621,1896.5673896077647,129.21287329999998,59.945511714884695,24.99126800469891,6.817331081452421,5,14,100-300:300-600,False,True,,2188,99.94996664442962
193,2026-10-07T04:31:07.385+00:00,2026-10-07T04:31:50.301+00:00,2026-10-07T04:32:24.317+00:00,True,529,529.0,,529.0,42915.508538,76932.180794,76932.180634,145.42945299432893,0.012994,42915.508538,1865.7547421156016,130.3009354,64.42551563636363,99.76547701821835,6.876186201148962,5,14,100-300:300-600,False,True,,2500,99.94996664442962
194,2026-10-07T04:31:11.741+00:00,2026-10-07T04:31:54.288+00:00,2026-10-07T04:32:17.701+00:00,True,386,386.0,,386.0,42547.249483,65960.06151500001,65960.061617,170.8809886450777,42.444282,42547.249483,2162.6540383661377,130.64645274999998,60.81249878441559,25.6173267622061,5.852026076601211,5,14,100-300:300-600,False,True,,1685,99.94996664442962
195,2026-10-07T04:31:17.594+00:00,2026-10-07T04:32:02.019+00:00,2026-10-07T04:32:31.068+00:00,True,474,474.0,,474.0,44425.784422,73473.93059799999,73473.930723,155.00829266455696,0.012754,44425.784422,2040.3930282590147,130.17899325,61.412571196617336,104.45764181606597,6.4512677645273895,5,14,100-300:300-600,False,True,,2242,99.94996664442962
196,2026-10-07T04:31:22.143+00:00,2026-10-07T04:32:06.923+00:00,2026-10-07T04:32:35.596+00:00,True,472,472.0,,472.0,44780.044045999995,73452.60033399999,73452.60045299999,155.61991621398303,0.013205,44780.044045999995,2060.930328694019,123.69640159999999,60.87591568577494,102.87571328565042,6.425912736291775,5,14,100-300:300-600,False,True,,2043,99.94996664442962
197,2026-10-07T04:31:27.559+00:00,2026-10-07T04:32:13.642+00:00,2026-10-07T04:32:41.975+00:00,True,458,458.0,,458.0,46083.210886,74416.633222,74416.633085,162.48173162663755,0.013285,46083.210886,2153.138100229694,131.48417805,61.99873596498906,108.0738770958927,6.154538040355743,5,14,100-300:300-600,False,True,,1875,99.94996664442962
198,2026-10-07T04:31:31.826+00:00,2026-10-07T04:32:17.845+00:00,2026-10-07T04:33:37.470+00:00,True,1298,1298.0,,1298.0,46018.484183,125644.43439099999,125644.434452,96.79848571032358,0.012853999999999999,46018.484183,1277.3905223726397,127.06769185000002,61.39240571164225,67.5988416671032,10.330740126225415,5,14,1-100:1000-1500,False,True,,1298,99.94996664442962
199,2026-10-07T04:31:37.778+00:00,2026-10-07T04:32:24.848+00:00,2026-10-07T04:32:51.926+00:00,True,432,432.0,,432.0,47069.633141000006,74147.746421,74147.746579,171.6383022662037,34.224384,47069.633141000006,2261.779337565128,133.72285755000001,62.826248909512756,27.208949879254074,5.82620539196387,5,14,100-300:300-600,False,True,,1992,99.94996664442962
200,2026-10-07T04:31:41.348+00:00,2026-10-07T04:32:29.134+00:00,2026-10-07T04:33:44.681+00:00,True,1225,1225.0,,1225.0,47785.794656000005,123332.647264,123332.647244,100.67971203591837,38.462262,47785.794656000005,1363.7991741842459,128.2758318,61.72128481045751,26.34225216522817,9.932487684123274,5,14,1-100:1000-1500,False,True,,4914,99.94996664442962
201,2026-10-07T04:31:46.261+00:00,2026-10-07T04:32:36.309+00:00,2026-10-07T04:33:11.721+00:00,True,562,562.0,,562.0,50048.03163799999,85460.36571799999,85460.36576199999,152.0647077615658,42.367763,50048.03163799999,2108.6720533119633,132.74706944999997,63.12359016042781,28.029408263992423,6.576147846762951,5,14,100-300:300-600,False,True,,2727,99.94996664442962
202,2026-10-07T04:31:51.740+00:00,2026-10-07T04:32:41.000+00:00,2026-10-07T04:33:00.609+00:00,True,313,313.0,,313.0,49259.454718,68868.724222,68868.724243,220.02787298083067,42.261413999999995,49259.454718,2780.8966236533615,133.955272,62.85022276923077,27.961538723344415,4.544878731759818,5,14,100-300:300-600,False,True,,1413,99.94996664442962
203,2026-10-07T04:31:57.371+00:00,2026-10-07T04:32:47.166+00:00,2026-10-07T04:34:05.767+00:00,True,1289,1289.0,,1289.0,49794.871037,128396.71090899999,128396.710843,99.6095506927851,40.002199,49794.871037,1385.48249279672,127.23168020000001,61.02627319254658,25.836401760484048,10.039197973798311,5,14,1-100:1000-1500,False,True,,3543,99.94996664442962
204,2026-10-07T04:32:00.833+00:00,2026-10-07T04:32:50.274+00:00,2026-10-07T04:33:24.234+00:00,True,548,548.0,,548.0,49440.948445,83401.586653,83401.586637,152.19267634489051,43.110814,49440.948445,2109.5286810571974,128.70766375,62.085261806215726,26.66196402274196,6.570618401781785,5,14,100-300:300-600,False,True,,2711,99.94996664442962
205,2026-10-07T04:32:05.852+00:00,2026-10-07T04:32:53.992+00:00,2026-10-07T04:33:13.791+00:00,True,320,320.0,,320.0,48140.750501,67939.65251700001,67939.65261,212.31141440625,43.468993000000005,48140.750501,2687.811713481149,129.25435845,62.06552356112853,26.630610589523847,4.710062358943165,5,14,100-300:300-600,False,True,,1520,99.94996664442962
206,2026-10-07T04:32:10.150+00:00,2026-10-07T04:33:00.509+00:00,2026-10-07T04:34:28.769+00:00,True,1454,1454.0,,1454.0,50358.725938,138618.67397,138618.67384,95.33608929848694,38.068445,50358.725938,1319.3276679446076,127.0542901,60.743253979353064,26.002389741406173,10.489207250061245,5,14,1-100:1000-1500,False,True,,3997,99.94996664442962
207,2026-10-07T04:32:15.128+00:00,2026-10-07T04:33:07.139+00:00,2026-10-07T04:33:30.241+00:00,True,382,382.0,,382.0,52010.740159,75112.732095,75112.732031,196.63018856282721,43.539637,52010.740159,2658.1216442144046,125.5378374,60.63514943832021,25.609074375911497,5.085689061567612,5,14,100-300:300-600,False,True,,1752,99.94996664442962
208,2026-10-07T04:32:20.231+00:00,2026-10-07T04:33:10.523+00:00,2026-10-07T04:33:42.625+00:00,True,528,528.0,,528.0,50292.492545,82394.398977,82394.398874,156.04999786742425,39.650258,50292.492545,2186.1967788693405,125.21868839999999,60.914433457305506,25.4566362716447,6.408202578762527,5,14,100-300:300-600,False,True,,2916,99.94996664442962
209,2026-10-07T04:32:24.272+00:00,2026-10-07T04:33:13.314+00:00,2026-10-07T04:33:34.689+00:00,True,364,364.0,,364.0,49042.204788,70417.219956,70417.22013100001,193.45390145879122,40.075936,49042.204788,2567.5281471045123,124.17194474999998,58.884339305785126,23.201447856233273,5.1691901530257,5,14,100-300:300-600,False,True,,1725,99.94996664442962
210,2026-10-07T04:32:28.834+00:00,2026-10-07T04:33:17.743+00:00,2026-10-07T04:34:35.115+00:00,True,1289,1289.0,,1289.0,48909.352759,126281.066551,126281.06654300001,97.96824402094647,31.605674,48909.352759,1360.832680842025,124.6942572,60.071206360248446,24.960091107023157,10.207389240566979,5,14,1-100:1000-1500,False,True,,3049,99.94996664442962
211,2026-10-07T04:32:33.631+00:00,2026-10-07T04:33:21.910+00:00,2026-10-07T04:33:54.695+00:00,True,550,550.0,,550.0,48278.836384999995,81064.740513,81064.74044699999,147.39043717636363,39.079159,48278.836384999995,2056.2166926395757,125.7295909,59.71931535154827,24.57833293127094,6.784700678981373,5,14,100-300:300-600,False,True,,2888,99.94996664442962
212,2026-10-07T04:32:39.519+00:00,2026-10-07T04:33:28.550+00:00,2026-10-07T04:34:40.747+00:00,True,1193,1193.0,,1193.0,49031.589142,121227.997462,121227.99754499999,101.61609182313495,25.056583,49031.589142,1418.0407046790049,126.6109288,60.567456644295305,25.42405014537648,9.840961040158701,5,14,1-100:1000-1500,False,True,,4227,99.94996664442962
213,2026-10-07T04:32:43.378+00:00,2026-10-07T04:33:32.530+00:00,2026-10-07T04:33:57.335+00:00,True,413,413.0,,413.0,49151.853209,73957.40994499999,73957.410179,179.07363239467313,41.344663999999995,49151.853209,2415.7749679769654,126.24584899999999,60.20766198058253,25.38110640463256,5.5842950734366745,5,14,100-300:300-600,False,True,,1961,99.94996664442962
214,2026-10-07T04:32:47.567+00:00,2026-10-07T04:33:37.466+00:00,2026-10-07T04:34:07.567+00:00,True,493,493.0,,493.0,49899.427125,80000.438581,80000.438571,162.27269487018256,38.669332000000004,49899.427125,2244.755606932511,126.6317856,61.180917593495934,26.31073832491892,6.162466215742558,5,14,100-300:300-600,False,True,,1782,99.94996664442962
215,2026-10-07T04:32:52.427+00:00,2026-10-07T04:33:40.379+00:00,2026-10-07T04:35:00.206+00:00,True,1327,1327.0,,1327.0,47952.015726000005,127778.832238,127778.832093,96.29150873624718,27.326045999999998,47952.015726000005,1314.9418523627553,125.4332794,60.20121908898945,25.359360782765375,10.385131690109192,5,14,1-100:1000-1500,False,True,,3342,99.94996664442962
216,2026-10-07T04:32:56.055+00:00,2026-10-07T04:33:43.419+00:00,2026-10-07T04:34:17.290+00:00,True,563,563.0,,563.0,47364.543776,81235.37104,81235.371011,144.29017941563055,39.350286999999994,47364.543776,1993.8029188611397,126.72366539999999,60.26837591459075,25.70446653865114,6.930478593158401,5,14,100-300:300-600,False,True,,2657,99.94996664442962
217,2026-10-07T04:33:01.564+00:00,2026-10-07T04:33:46.820+00:00,2026-10-07T04:34:18.126+00:00,True,523,523.0,,523.0,45256.083577,76561.773433,76561.773513,146.38962430783937,40.069425,45256.083577,1976.4517649146467,126.62764250000001,59.97258593103448,25.47097402050649,6.831085234169539,5,14,100-300:300-600,False,True,,1839,99.94996664442962
218,2026-10-07T04:33:05.335+00:00,2026-10-07T04:33:52.956+00:00,2026-10-07T04:34:57.291+00:00,True,1068,1068.0,,1068.0,47621.601011,111956.516083,111956.516037,104.82819853651685,25.779738000000002,47621.601011,1455.5744628051891,125.4958814,60.29514064854733,25.440790491750505,9.53941795766696,5,14,1-100:1000-1500,False,True,,1068,99.94996664442962
219,2026-10-07T04:33:10.140+00:00,2026-10-07T04:33:57.783+00:00,2026-10-07T04:35:18.802+00:00,True,1338,1338.0,,1338.0,47643.522495,128662.33747099999,128662.337495,96.1601924476831,28.285332999999998,47643.522495,1301.086624652094,125.0253494,60.59746819446522,25.46465907777426,10.399313632099837,5,14,1-100:1000-1500,False,True,,6306,99.94996664442962
220,2026-10-07T04:33:14.192+00:00,2026-10-07T04:34:02.166+00:00,2026-10-07T04:34:23.651+00:00,True,354,354.0,,354.0,47974.584054,69459.799798,69459.799742,196.21412356497174,39.384791,47974.584054,2546.7188318433873,126.8879738,60.86463383569405,26.100886614847056,5.096473082696575,5,14,100-300:300-600,False,True,,1677,99.94996664442962
221,2026-10-07T04:33:18.626+00:00,2026-10-07T04:34:06.235+00:00,2026-10-07T04:34:24.712+00:00,True,308,308.0,,308.0,47608.086409999996,66085.93575399999,66085.935608,214.56472599999998,42.757561,47608.086409999996,2709.410151801383,126.36585165000001,60.18843434527687,25.243974133231504,4.660598302587516,5,14,100-300:300-600,False,True,,1432,99.94996664442962
222,2026-10-07T04:33:22.321+00:00,2026-10-07T04:34:09.090+00:00,2026-10-07T04:34:34.887+00:00,True,436,436.0,,436.0,46768.84702,72566.605996,72566.605997,166.4371697178899,27.317739000000003,46768.84702,2237.1108673155854,124.37636825,59.30519304827587,24.10027652963751,6.008273282397045,5,14,100-300:300-600,False,True,,1909,99.94996664442962
223,2026-10-07T04:33:26.601+00:00,2026-10-07T04:34:13.383+00:00,2026-10-07T04:34:43.770+00:00,True,506,506.0,,506.0,46781.85254,77169.207932,77169.207918,152.50831604347826,26.897883,46781.85254,2077.1764529262537,123.27931075000001,60.17298097425743,24.520779847165073,6.557019484324334,5,14,100-300:300-600,False,True,,2245,99.94996664442962
224,2026-10-07T04:33:29.912+00:00,2026-10-07T04:34:16.720+00:00,2026-10-07T04:34:39.641+00:00,True,381,381.0,,381.0,46807.60196,69728.432168,69728.431991,183.01425719422573,31.293721,46807.60196,2395.0699917667594,122.71689599999999,60.317974231578944,25.376262684908,5.464055165933442,5,14,100-300:300-600,False,True,,2145,99.94996664442962
225,2026-10-07T04:33:35.808+00:00,2026-10-07T04:34:21.921+00:00,2026-10-07T04:34:47.332+00:00,True,422,422.0,,422.0,46113.195612999996,71524.254045,71524.254208,169.48875404739334,29.466746,46113.195612999996,2241.9567697213347,121.8996272,60.35880862707838,25.06192553220567,5.900096486633691,5,14,100-300:300-600,False,True,,1880,99.94996664442962
226,2026-10-07T04:33:41.024+00:00,2026-10-07T04:34:26.530+00:00,2026-10-07T04:35:50.005+00:00,True,1375,1375.0,,1375.0,45506.507762,128980.72369799999,128980.723562,93.80416259054546,30.591775000000002,45506.507762,1225.8517988044666,126.6104705,60.75270446579331,25.780639012120112,10.660507714466492,5,14,1-100:1000-1500,False,True,,2062,99.94996664442962
227,2026-10-07T04:33:46.828+00:00,2026-10-07T04:34:33.074+00:00,2026-10-07T04:34:52.923+00:00,True,328,328.0,,328.0,46245.607068000005,66095.29846,66095.298507,201.5100564237805,39.919544,46245.607068000005,2550.2666691048216,123.76977525000001,60.70242015902141,25.978824493374702,4.962531490776174,5,14,100-300:300-600,False,True,,1629,99.94996664442962
228,2026-10-07T04:33:50.356+00:00,2026-10-07T04:34:35.954+00:00,2026-10-07T04:35:09.076+00:00,True,549,549.0,,549.0,45597.928614,78720.028582,78720.02847599999,143.38803001092896,37.440669,45597.928614,1943.6607031566193,125.018842,60.44178826277372,25.587574318352534,6.974082833673329,5,14,100-300:300-600,False,True,,2763,99.94996664442962
229,2026-10-07T04:33:54.747+00:00,2026-10-07T04:34:39.203+00:00,2026-10-07T04:35:10.991+00:00,True,531,531.0,,531.0,44455.934699,76244.754923,76244.75487599999,143.58710899435027,40.156448,44455.934699,1926.7869564185412,124.886646,59.97890608301887,25.35951162474921,6.964413493574211,5,14,100-300:300-600,False,True,,1505,99.94996664442962
230,2026-10-07T04:33:59.593+00:00,2026-10-07T04:34:43.236+00:00,2026-10-07T04:35:57.406+00:00,True,1219,1219.0,,1219.0,43643.084745,117813.269961,117813.270136,96.64747345036916,40.74439,43643.084745,1248.5388371025551,128.65601049999998,60.89506175369458,26.103734319208993,10.34688198030263,5,14,1-100:1000-1500,False,True,,3815,99.94996664442962
231,2026-10-07T04:34:03.624+00:00,2026-10-07T04:34:47.190+00:00,2026-10-07T04:35:50.057+00:00,True,1035,1035.0,,1035.0,43565.128285,106432.996701,106432.996768,102.83381330241546,39.867578,43565.128285,1352.5195605901292,128.4445811,60.80064643713733,26.17564187633689,9.72442787557325,5,14,1-100:1000-1500,False,True,,1156,99.94996664442962
232,2026-10-07T04:34:07.941+00:00,2026-10-07T04:34:51.454+00:00,2026-10-07T04:35:14.151+00:00,True,380,380.0,,380.0,43513.265664,66210.392064,66210.392166,174.23787412105264,42.113305,43513.265664,2229.250822419683,126.61644025000001,59.88687704485488,24.973899603391107,5.739280317698255,5,14,100-300:300-600,False,True,,1598,99.94996664442962
233,2026-10-07T04:34:11.665+00:00,2026-10-07T04:34:56.466+00:00,2026-10-07T04:36:05.820+00:00,True,1129,1129.0,,1129.0,44801.832338,114155.945362,114155.945344,101.11244051727192,0.011371000000000001,44801.832338,1334.3002486599987,128.052694,61.48414275177305,85.90608382611588,9.88997985536213,5,14,1-100:1000-1500,False,True,,5786,99.94996664442962
234,2026-10-07T04:34:17.180+00:00,2026-10-07T04:35:01.927+00:00,2026-10-07T04:35:26.422+00:00,True,400,400.0,,400.0,44746.704742,69242.35991,69242.36002000001,173.10590005,43.697403,44746.704742,2234.4187736477497,129.94159084999998,61.39261946867168,26.194985173564593,5.776810618816472,5,14,100-300:300-600,False,True,,1811,99.94996664442962
235,2026-10-07T04:34:22.210+00:00,2026-10-07T04:35:07.653+00:00,2026-10-07T04:35:34.742+00:00,True,435,435.0,,435.0,45443.366148999994,72532.45619699999,72532.45643199999,166.74127915402298,39.951534,45443.366148999994,2176.0210757666237,131.69470330000001,62.41725817511521,27.320371172477625,5.997315171824996,5,14,100-300:300-600,False,True,,1921,99.94996664442962
236,2026-10-07T04:34:28.196+00:00,2026-10-07T04:35:13.900+00:00,2026-10-07T04:35:45.240+00:00,True,505,505.0,,505.0,45703.805846,77043.12309400001,77043.123182,152.56063996435645,38.449069,45703.805846,2031.2180050425447,132.1309664,62.18118501587301,27.98188027811684,6.554770623509791,5,14,100-300:300-600,False,True,,2076,99.94996664442962
237,2026-10-07T04:34:34.229+00:00,2026-10-07T04:35:20.372+00:00,2026-10-07T04:36:51.273+00:00,True,1497,1497.0,,1497.0,46142.968872000005,137044.92548,137044.925472,91.5463764008016,0.011342000000000001,46142.968872000005,1193.5597602023963,125.11878440000001,60.76333997860963,77.7092444613814,10.923425254578056,5,14,1-100:1000-1500,False,True,,5424,99.94996664442962
238,2026-10-07T04:34:38.768+00:00,2026-10-07T04:35:26.427+00:00,2026-10-07T04:36:02.745+00:00,True,588,588.0,,588.0,47658.749365,83977.17624500001,83977.176141,142.81832677040816,0.011121,47658.749365,1966.4881617912424,128.82594415,61.87125533219761,119.46590582745317,7.001902496513265,5,14,100-300:300-600,False,True,,3095,99.94996664442962
239,2026-10-07T04:34:44.231+00:00,2026-10-07T04:35:30.643+00:00,2026-10-07T04:36:02.817+00:00,True,507,507.0,,507.0,46411.79661,78586.21837,78586.218488,155.00240332938856,0.011281000000000001,46411.79661,2062.220553893272,125.98429880000002,63.58581375494071,125.65613188102756,6.451512879942133,5,14,100-300:300-600,False,True,,2852,99.94996664442962
240,2026-10-07T04:34:49.491+00:00,2026-10-07T04:35:34.969+00:00,2026-10-07T04:36:53.247+00:00,True,1298,1298.0,,1298.0,45477.948286,123756.027518,123756.027493,95.34362672804315,0.011342000000000001,45477.948286,1263.3584979502787,123.8058697,60.35318367925983,83.05563017382596,10.488378029193036,5,14,1-100:1000-1500,False,True,,1298,99.94996664442962
241,2026-10-07T04:34:53.371+00:00,2026-10-07T04:35:37.979+00:00,2026-10-07T04:35:59.838+00:00,True,367,367.0,,367.0,44608.231207000004,66467.645223,66467.64505800001,181.11074947683926,43.778495,44608.231207000004,2325.541460621738,125.02097610000001,59.72517490710382,24.468349823913996,5.521483403973605,5,14,100-300:300-600,False,True,,1657,99.94996664442962
242,2026-10-07T04:34:58.841+00:00,2026-10-07T04:35:41.660+00:00,2026-10-07T04:37:07.635+00:00,True,1435,1435.0,,1435.0,42819.960827,128794.80601100001,128794.805956,89.75247801811847,0.011330999999999999,42819.960827,1131.5959296761996,123.80541659999999,59.95456428451883,79.7169997959498,11.141753650201084,5,14,1-100:1000-1500,False,True,,1435,99.94996664442962
243,2026-10-07T04:35:02.400+00:00,2026-10-07T04:35:46.986+00:00,2026-10-07T04:36:21.207+00:00,True,576,576.0,,576.0,44586.69002,78807.678436,78807.67866800001,136.8188865763889,0.011312,44586.69002,1859.155542912312,123.71390149999999,59.514762462608694,119.79159162837294,7.308932472459161,5,14,100-300:300-600,False,True,,1825,99.94996664442962
244,2026-10-07T04:35:07.802+00:00,2026-10-07T04:35:54.785+00:00,2026-10-07T04:37:01.119+00:00,True,1101,1101.0,,1101.0,46982.958158,113316.69204600001,113316.691919,102.92160937238874,0.011201000000000001,46982.958158,1416.7233226250644,123.566928,60.303394443636364,85.7430191158368,9.716132549589938,5,14,1-100:1000-1500,False,True,,3901,99.94996664442962
245,2026-10-07T04:35:13.092+00:00,2026-10-07T04:35:58.764+00:00,2026-10-07T04:36:28.590+00:00,True,496,496.0,,496.0,45671.727534000005,75497.458862,75497.458923,152.21261879637098,0.011080999999999999,45671.727534000005,2052.244213172711,121.10375275,60.254002682828286,131.80831236360794,6.569757545172832,5,14,100-300:300-600,False,True,,2183,99.94996664442962
246,2026-10-07T04:35:17.173+00:00,2026-10-07T04:36:02.783+00:00,2026-10-07T04:36:26.398+00:00,True,420,420.0,,420.0,45610.02710100001,69225.68124500001,69225.681072,164.82305017142858,0.011562,45610.02710100001,2222.94604655474,121.9678188,56.36194306443914,26.264001050888883,6.067112557745114,5,14,100-300:300-600,False,True,,2352,99.94996664442962
247,2026-10-07T04:35:22.098+00:00,2026-10-07T04:36:04.953+00:00,2026-10-07T04:36:23.520+00:00,True,319,319.0,,319.0,42855.754054,61422.385733999996,61422.385676,192.54666356112853,41.590735,42855.754054,2396.306278118,121.0025764,58.385634213836475,23.377091357217893,5.193546232174754,5,14,100-300:300-600,False,True,,1514,99.94996664442962
248,2026-10-07T04:35:27.362+00:00,2026-10-07T04:36:11.710+00:00,2026-10-07T04:36:46.714+00:00,True,581,581.0,,581.0,44347.413612000004,79351.30814000001,79351.308057,136.57712230120484,29.263876,44347.413612000004,1837.5030500269752,123.869425,60.35154228965517,24.728800277589283,7.3218704721910575,5,14,100-300:300-600,False,True,,3160,99.94996664442962
249,2026-10-07T04:35:30.804+00:00,2026-10-07T04:36:15.570+00:00,2026-10-07T04:36:34.355+00:00,True,308,308.0,,308.0,44765.846574,63551.23665400001,63551.236646000005,206.33518391558442,40.484443,44765.846574,2547.4092715313714,123.9830541,61.19019570032574,25.283473247300368,4.846483187681825,5,14,100-300:300-600,False,True,,1440,99.94996664442962
250,2026-10-07T04:35:35.467+00:00,2026-10-07T04:36:20.860+00:00,2026-10-07T04:36:43.076+00:00,True,367,367.0,,367.0,45393.091708,67608.433788,67608.433991,184.2191661880109,31.815638,45393.091708,2366.4640384341155,124.68657649999999,60.69765595628415,25.06014055220957,5.42831684506704,5,14,100-300:300-600,False,True,,846,99.94996664442962
251,2026-10-07T04:35:40.506+00:00,2026-10-07T04:36:24.954+00:00,2026-10-07T04:36:50.503+00:00,True,422,422.0,,422.0,44448.107670000005,69997.707414,69997.707355,165.87134444312798,28.748791,44448.107670000005,2160.888581927277,124.3782189,60.68788537767221,24.87115745225154,6.028768878158961,5,14,100-300:300-600,False,True,,1931,99.94996664442962
252,2026-10-07T04:35:46.074+00:00,2026-10-07T04:36:29.336+00:00,2026-10-07T04:37:58.895+00:00,True,1483,1483.0,,1483.0,43261.815075000006,132821.244451,132821.24427700002,89.56253828523263,26.267191,43261.815075000006,1122.1109054276585,126.7146164,60.43146381646424,25.1113778436715,11.165382511885014,5,14,1-100:1000-1500,False,True,,1487,99.94996664442962
253,2026-10-07T04:35:49.447+00:00,2026-10-07T04:36:33.646+00:00,2026-10-07T04:36:54.682+00:00,True,349,349.0,,349.0,44198.533283,65234.62134699999,65234.62119799999,186.9186853810888,29.475372,44198.533283,2362.7894098374145,123.17963920000003,60.44852891954022,25.001745995533895,5.349919916658639,5,14,100-300:300-600,False,True,,548,99.94996664442962
254,2026-10-07T04:35:53.104+00:00,2026-10-07T04:36:37.859+00:00,2026-10-07T04:37:00.783+00:00,True,381,381.0,,381.0,44754.732653,67678.707821,67678.707796,177.634403664042,32.053834,44754.732653,2289.896916067235,125.253217,60.32625044210526,24.722811641654673,5.629540105991499,5,14,100-300:300-600,False,True,,1921,99.94996664442962
255,2026-10-07T04:35:57.601+00:00,2026-10-07T04:36:42.493+00:00,2026-10-07T04:37:03.653+00:00,True,348,348.0,,348.0,44891.635560999996,66052.105321,66052.105293,189.80490026724138,40.063633,44891.635560999996,2403.307347529752,125.71120600000002,60.981180864553316,25.226899560453106,5.26856787242117,5,14,100-300:300-600,False,True,,1529,99.94996664442962
256,2026-10-07T04:36:03.724+00:00,2026-10-07T04:36:47.471+00:00,2026-10-07T04:37:11.443+00:00,True,401,401.0,,401.0,43747.613277000004,67719.44124500001,67719.441089,168.87641169326685,42.109483999999995,43747.613277000004,2181.7959379390245,123.68819400000001,59.92956992,24.491481691226014,5.921490086565169,5,14,100-300:300-600,False,True,,1529,99.94996664442962
257,2026-10-07T04:36:07.044+00:00,2026-10-07T04:36:51.447+00:00,2026-10-07T04:37:25.368+00:00,True,571,571.0,,571.0,44402.794603,78323.96042700001,78323.960412,137.1698080770578,42.125778,44402.794603,1855.8685671561964,123.2319235,59.51081723508772,24.38260229026927,7.29023400868738,5,14,100-300:300-600,False,True,,2593,99.94996664442962
258,2026-10-07T04:36:12.341+00:00,2026-10-07T04:36:56.868+00:00,2026-10-07T04:37:30.746+00:00,True,570,570.0,,570.0,44527.010785,78404.969697,78404.969729,137.55257847192982,37.956053999999995,44527.010785,1862.707623164282,126.96913845,59.539470847100176,25.202828956072924,7.269947328629729,5,14,100-300:300-600,False,True,,2384,99.94996664442962
259,2026-10-07T04:36:18.117+00:00,2026-10-07T04:37:01.349+00:00,2026-10-07T04:38:31.862+00:00,True,1484,1484.0,,1484.0,43231.790248000005,133744.722344,133744.722163,90.12447585107817,25.203136999999998,43231.790248000005,1120.9644478682897,129.61392560000002,61.033669653405255,26.260997247131822,11.095764931815829,5,14,1-100:1000-1500,False,True,,1484,99.94996664442962
260,2026-10-07T04:36:22.214+00:00,2026-10-07T04:37:04.783+00:00,2026-10-07T04:37:30.358+00:00,True,434,434.0,,434.0,42569.399373,68144.47111700001,68144.471231,157.0149106705069,41.054591,42569.399373,2040.7099968424575,127.20104905,59.064830817551965,24.658535669691695,6.3688218997965045,5,14,100-300:300-600,False,True,,2097,99.94996664442962
261,2026-10-07T04:36:26.488+00:00,2026-10-07T04:37:07.930+00:00,2026-10-07T04:37:39.747+00:00,True,527,527.0,,527.0,41442.748257,73259.578209,73259.578155,139.01248226755217,43.122955999999995,41442.748257,1802.8121793777138,127.26138939999998,60.48826987072243,24.971228977874436,7.193598610362428,5,14,100-300:300-600,False,True,,2673,99.94996664442962
262,2026-10-07T04:36:30.775+00:00,2026-10-07T04:37:13.615+00:00,2026-10-07T04:37:40.255+00:00,True,436,436.0,,436.0,42840.125074,69479.391378,69479.391308,159.35640208256882,41.813192,42840.125074,2048.89780478547,129.79797675,61.23969265287356,25.69549478021434,6.275242073263977,5,14,100-300:300-600,False,True,,1683,99.94996664442962
263,2026-10-07T04:36:36.047+00:00,2026-10-07T04:37:20.068+00:00,2026-10-07T04:38:48.161+00:00,True,1429,1429.0,,1429.0,44020.455634000005,132113.843666,132113.843643,92.45195496361092,22.572688,44020.455634000005,1163.160791076977,129.70863079999998,61.69004764145658,26.23040199071726,10.816428924834609,5,14,1-100:1000-1500,False,True,,4111,99.94996664442962
264,2026-10-07T04:36:40.614+00:00,2026-10-07T04:37:23.775+00:00,2026-10-07T04:37:58.046+00:00,True,562,562.0,,562.0,43160.692745,77432.001545,77432.001537,137.77936216548042,23.975386999999998,43160.692745,1818.223199989848,129.7024919,61.089677005347596,25.332947340671222,7.257981051586156,5,14,100-300:300-600,False,True,,2730,99.94996664442962
265,2026-10-07T04:36:43.934+00:00,2026-10-07T04:37:29.540+00:00,2026-10-07T04:38:57.676+00:00,True,1423,1423.0,,1423.0,45605.39583,133741.791606,133741.791707,93.98579881026002,23.363911,45605.39583,1207.6121359248716,130.351284,61.98058774683544,26.475452276070367,10.639905319887761,5,14,1-100:1000-1500,False,True,,6487,99.94996664442962
266,2026-10-07T04:36:48.658+00:00,2026-10-07T04:37:33.464+00:00,2026-10-07T04:37:56.617+00:00,True,381,381.0,,381.0,44805.624438,67959.366006,67959.365949,178.37103923622047,22.289776999999997,44805.624438,2292.4812471739933,130.711354,60.9308988631579,25.473112586599,5.606291264788466,5,14,100-300:300-600,False,True,,2071,99.94996664442962
267,2026-10-07T04:36:52.773+00:00,2026-10-07T04:37:38.164+00:00,2026-10-07T04:37:56.956+00:00,True,309,309.0,,309.0,45390.393999,64182.819726999995,64182.819777,207.71139086407766,28.072093000000002,45390.393999,2578.8281870095448,131.0733806,61.01436924675325,25.92342235764395,4.814372464692634,5,14,100-300:300-600,False,True,,1180,99.94996664442962
268,2026-10-07T04:36:56.276+00:00,2026-10-07T04:37:41.529+00:00,2026-10-07T04:38:08.058+00:00,True,438,438.0,,438.0,45253.673034,71782.34017,71782.340248,163.88662157077624,17.93651,45253.673034,2159.554302169775,130.11003225000002,60.70633211899313,25.55192406658593,6.1017793368493916,5,14,100-300:300-600,False,True,,2109,99.94996664442962
269,2026-10-07T04:36:59.905+00:00,2026-10-07T04:37:44.818+00:00,2026-10-07T04:38:04.897+00:00,True,339,339.0,,339.0,44913.225087,64992.224639,64992.224697,191.7174769823009,21.264796999999998,44913.225087,2436.2396085381683,119.331983,59.405324118343195,23.656638555184212,5.216008559223493,5,14,100-300:300-600,False,True,,1773,99.94996664442962
270,2026-10-07T04:37:04.031+00:00,2026-10-07T04:37:50.703+00:00,2026-10-07T04:38:10.723+00:00,True,321,321.0,,321.0,46671.759544,66691.481528,66691.481656,207.7616250965732,43.377522,46671.759544,2601.6111575007935,134.088162,62.5616312,26.975085502207616,4.813208413509755,5,14,100-300:300-600,False,True,,1534,99.94996664442962
271,2026-10-07T04:37:07.905+00:00,2026-10-07T04:37:57.395+00:00,2026-10-07T04:38:26.929+00:00,True,481,481.0,,481.0,49489.644441,79023.472025,79023.47203599999,164.28996265280665,43.474425000000004,49489.644441,2253.8756003090166,126.839288,61.52880746666667,25.81375287628395,6.086799120238985,5,14,100-300:300-600,False,True,,1660,99.94996664442962
272,2026-10-07T04:37:12.857+00:00,2026-10-07T04:38:01.133+00:00,2026-10-07T04:38:37.818+00:00,True,596,596.0,,596.0,48275.414467,84960.254403,84960.254318,142.5507622785235,39.458769999999994,48275.414467,1975.0833724167262,128.27102675,61.655193169747896,25.9992745835583,7.015044907621592,5,14,100-300:300-600,False,True,,2657,99.94996664442962
273,2026-10-07T04:37:17.242+00:00,2026-10-07T04:38:08.216+00:00,2026-10-07T04:38:30.028+00:00,True,353,353.0,,353.0,50974.917064,72786.821576,72786.821595,206.19496202549576,43.216741999999996,50974.917064,2709.9515560967143,128.0594154,61.96563781818182,26.435716623304312,4.84977901709057,5,14,100-300:300-600,False,True,,1382,99.94996664442962
274,2026-10-07T04:37:21.794+00:00,2026-10-07T04:38:12.195+00:00,2026-10-07T04:39:18.036+00:00,True,1075,1075.0,,1075.0,50401.436275,116242.663539,116242.663542,108.1327102716279,28.679983,50401.436275,1535.5800500810244,127.75210349999999,61.304680878957164,26.029971184781008,9.24789545655354,5,14,1-100:1000-1500,False,True,,1083,99.94996664442962
275,2026-10-07T04:37:26.999+00:00,2026-10-07T04:38:15.956+00:00,2026-10-07T04:39:20.734+00:00,True,1060,1060.0,,1060.0,48957.795783,113735.12826299999,113735.128294,107.29729084339623,22.239092,48957.795783,1502.0743152616321,127.74394889999999,61.168397053824364,26.08757183852718,9.319899807462004,5,14,1-100:1000-1500,False,True,,1060,99.94996664442962
276,2026-10-07T04:37:30.762+00:00,2026-10-07T04:38:18.311+00:00,2026-10-07T04:38:36.624+00:00,True,306,306.0,,306.0,47549.011843,65862.096259,65862.096165,215.23560838235295,42.992191,47549.011843,2714.882237627131,130.63873425,60.042899724590164,25.415457981219678,4.646071373080315,5,14,100-300:300-600,False,True,,1482,99.94996664442962
277,2026-10-07T04:37:36.191+00:00,2026-10-07T04:38:26.519+00:00,2026-10-07T04:38:53.352+00:00,True,427,427.0,,427.0,50328.491166,77161.052318,77161.052423,180.70504080327868,24.439906999999998,50328.491166,2432.677592995147,130.6192108,62.987232751173714,27.87766534363031,5.533879945548516,5,14,100-300:300-600,False,True,,1837,99.94996664442962
278,2026-10-07T04:37:39.858+00:00,2026-10-07T04:38:30.245+00:00,2026-10-07T04:38:50.832+00:00,True,332,332.0,,332.0,50386.951387999994,70974.4271,70974.427017,213.77839462951806,27.024501,50386.951387999994,2762.06230225141,131.14005129999998,62.19781181873111,27.10890256504994,4.677741174750532,5,14,100-300:300-600,False,True,,932,99.94996664442962
279,2026-10-07T04:37:44.552+00:00,2026-10-07T04:38:36.181+00:00,2026-10-07T04:39:08.119+00:00,True,520,520.0,,520.0,51628.617936999995,83567.08372899999,83567.083936,160.70593064615383,26.196178,51628.617936999995,2261.52123950482,128.69913465,61.53846973410405,26.520835201243294,6.222545729683591,5,14,100-300:300-600,False,True,,2718,99.94996664442962
280,2026-10-07T04:37:49.566+00:00,2026-10-07T04:38:39.637+00:00,2026-10-07T04:39:15.687+00:00,True,591,591.0,,591.0,50070.537174000005,86120.546262,86120.54644600001,145.72004474788494,39.175599000000005,50070.537174000005,2057.274742763268,127.67804050000001,61.101710318644066,25.794884533220102,6.862473888658716,5,14,100-300:300-600,False,True,,1411,99.94996664442962
281,2026-10-07T04:37:53.497+00:00,2026-10-07T04:38:45.108+00:00,2026-10-07T04:39:11.608+00:00,True,435,435.0,,435.0,51611.277374,78111.334206,78111.334252,179.5662856367816,41.357067,51611.277374,2471.7791948521176,126.6385816,61.06003878341014,25.90673177638451,5.56897413700285,5,14,100-300:300-600,False,True,,1630,99.94996664442962
282,2026-10-07T04:37:58.692+00:00,2026-10-07T04:38:50.125+00:00,2026-10-07T04:39:25.136+00:00,True,577,577.0,,577.0,51432.780308,86444.27137999999,86444.27128,149.81676131715773,41.221883999999996,51432.780308,2138.7947875559116,125.5398112,60.78383866666666,25.40210486859299,6.674820561140116,5,14,100-300:300-600,False,True,,2300,99.94996664442962
283,2026-10-07T04:38:04.653+00:00,2026-10-07T04:38:57.004+00:00,2026-10-07T04:39:18.598+00:00,True,355,355.0,,355.0,52351.48347,73945.627726,73945.627912,208.29754341408452,42.460043,52351.48347,2775.406428735747,124.7799021,61.00040750282486,25.383097471587877,4.800824753498961,5,14,100-300:300-600,False,True,,1498,99.94996664442962
284,2026-10-07T04:38:10.716+00:00,2026-10-07T04:39:01.815+00:00,2026-10-07T04:40:03.029+00:00,True,1024,1024.0,,1024.0,51099.199011,112312.90576299999,112312.905927,109.68057219433594,39.612631,51099.199011,1595.1698649638029,124.0364764,59.837445505376344,24.61978722744737,9.117384979432554,5,14,1-100:1000-1500,False,True,,3008,99.94996664442962
285,2026-10-07T04:38:15.203+00:00,2026-10-07T04:39:05.815+00:00,2026-10-07T04:39:25.138+00:00,True,323,323.0,,323.0,50612.602718,69934.998878,69934.998852,216.51702430959753,42.432573,50612.602718,2812.924472505049,123.100988,60.00744149068323,24.089178842398937,4.618574464603425,5,14,100-300:300-600,False,True,,1258,99.94996664442962
286,2026-10-07T04:38:21.153+00:00,2026-10-07T04:39:12.589+00:00,2026-10-07T04:39:46.314+00:00,True,560,560.0,,560.0,51436.783814,85161.19981399999,85161.199718,152.073570925,42.042010999999995,51436.783814,2171.188709009621,121.55488115,60.32990339892665,24.436923513383988,6.575764564415395,5,14,100-300:300-600,False,True,,2520,99.94996664442962
287,2026-10-07T04:38:25.988+00:00,2026-10-07T04:39:16.846+00:00,2026-10-07T04:39:43.320+00:00,True,445,445.0,,445.0,50857.270345,77331.684681,77331.68454799999,173.7790664,40.442614999999996,50857.270345,2408.159249361122,122.0409388,59.627059315315314,24.06914383552745,5.754433022320206,5,14,100-300:300-600,False,True,,2069,99.94996664442962
288,2026-10-07T04:38:31.763+00:00,2026-10-07T04:39:20.685+00:00,2026-10-07T04:40:24.657+00:00,True,1057,1057.0,,1057.0,48921.901073,112893.554705,112893.554529,106.80563342384106,0.011351000000000002,48921.901073,1506.1709015242457,123.77141999999999,60.57921745454545,99.37977699409821,9.362802001956858,5,14,1-100:1000-1500,False,True,,4622,99.94996664442962
289,2026-10-07T04:38:37.725+00:00,2026-10-07T04:39:26.803+00:00,2026-10-07T04:39:55.116+00:00,True,473,473.0,,473.0,49077.857335,77391.13631100001,77391.136169,163.6176240359408,39.156854,49077.857335,2253.97563358915,124.88653599999999,59.98576054237288,24.372626740006304,6.111811023154211,5,14,100-300:300-600,False,True,,2025,99.94996664442962
290,2026-10-07T04:38:41.971+00:00,2026-10-07T04:39:30.907+00:00,2026-10-07T04:39:51.087+00:00,True,337,337.0,,337.0,48936.432601,69116.607705,69116.607783,205.09379164094955,40.076097000000004,48936.432601,2662.5745306012186,116.996078,60.060044952380956,24.112996341860406,4.875818000767143,5,14,100-300:300-600,False,True,,1872,99.94996664442962
291,2026-10-07T04:38:46.214+00:00,2026-10-07T04:39:34.403+00:00,2026-10-07T04:39:56.956+00:00,True,383,383.0,,383.0,48188.149897,70741.477513,70741.477554,184.7035967467363,40.386631,48188.149897,2459.397401078277,122.28342270000002,59.04012464921466,23.79118418749396,5.41407973744423,5,14,100-300:300-600,False,True,,1814,99.94996664442962
292,2026-10-07T04:38:51.634+00:00,2026-10-07T04:39:41.068+00:00,2026-10-07T04:40:02.656+00:00,True,366,366.0,,366.0,49434.441149,71022.675645,71022.675728,194.05102657923496,42.981722999999995,49434.441149,2580.995911658286,126.29308925000001,59.145847934246575,23.630569333536798,5.1532837460167755,5,14,100-300:300-600,False,True,,2101,99.94996664442962
293,2026-10-07T04:38:55.993+00:00,2026-10-07T04:39:44.964+00:00,2026-10-07T04:40:20.403+00:00,True,590,590.0,,590.0,48971.595402,84410.549386,84410.549376,143.0687277559322,42.364538,48971.595402,2013.8029078220593,125.43705600000001,60.168003368421054,24.706771886356897,6.9896476719040885,5,14,100-300:300-600,False,True,,1965,99.94996664442962
294,2026-10-07T04:38:59.483+00:00,2026-10-07T04:39:47.963+00:00,2026-10-07T04:40:24.584+00:00,True,579,579.0,,579.0,48480.442555,85101.583035,85101.58311200001,146.98028171329878,0.011612,48480.442555,2016.3752594257753,127.07868009999999,63.35837453287197,130.65146377450918,6.80363372044293,5,14,100-300:300-600,False,True,,2603,99.94996664442962
295,2026-10-07T04:39:02.941+00:00,2026-10-07T04:39:51.701+00:00,2026-10-07T04:40:11.037+00:00,True,323,323.0,,323.0,48759.92186,68096.167876,68096.16798,210.82404947368423,43.639396999999995,48759.92186,2709.8407621428896,125.6304449,60.05045346583851,24.167105159390342,4.743291877865553,5,14,100-300:300-600,False,True,,1398,99.94996664442962
296,2026-10-07T04:39:06.523+00:00,2026-10-07T04:39:54.817+00:00,2026-10-07T04:40:15.165+00:00,True,340,340.0,,340.0,48294.109258000004,68642.09697,68642.09704600001,201.8885207235294,39.543652,48294.109258000004,2615.981710031605,127.1056854,60.02356257227139,25.211990905530328,4.953228630946355,5,14,100-300:300-600,False,True,,1870,99.94996664442962
297,2026-10-07T04:39:12.594+00:00,2026-10-07T04:40:04.204+00:00,2026-10-07T04:40:39.144+00:00,True,570,570.0,,570.0,51609.358733999994,86549.235854,86549.23588699999,151.8407647140351,0.011160999999999999,51609.358733999994,2163.1177864756705,127.51637885,61.405759437609845,131.79411559462685,6.585846707665144,5,14,100-300:300-600,False,True,,2766,99.94996664442962
298,2026-10-07T04:39:16.322+00:00,2026-10-07T04:40:08.508+00:00,2026-10-07T04:40:39.495+00:00,True,503,503.0,,503.0,52185.97713,83173.31101800001,83173.311151,165.3544953300199,0.011412,52185.97713,2328.4046765848248,129.22763139999998,61.72775674900399,141.57087159112433,6.047613036484059,5,14,100-300:300-600,False,True,,2304,99.94996664442962
299,2026-10-07T04:39:21.293+00:00,2026-10-07T04:40:12.633+00:00,2026-10-07T04:40:48.646+00:00,True,584,584.0,,584.0,51339.701667999994,87352.877476,87352.877379,149.57684482705477,0.011532,51339.701667999994,2125.932432259442,130.56459485000002,61.772171197255574,131.0583687563249,6.685526760815094,5,14,100-300:300-600,False,True,,2957,99.94996664442962
300,2026-10-07T04:39:25.773+00:00,2026-10-07T04:40:17.713+00:00,2026-10-07T04:41:22.013+00:00,True,1038,1038.0,,1038.0,51939.277206,116239.502998,116239.503009,111.98410694508671,0.011201000000000001,51939.277206,1613.3568188372396,131.21947705,62.00600365670203,101.00715351702806,8.92983859383724,5,14,1-100:1000-1500,False,True,,2738,99.94996664442962
301,2026-10-07T04:39:29.960+00:00,2026-10-07T04:40:24.555+00:00,2026-10-07T04:40:58.219+00:00,True,571,571.0,,571.0,54595.407373,88258.655757,88258.65571800001,154.56857393695273,0.011241,54595.407373,2282.4753966234766,130.609676,59.05833049824561,30.258305158702928,6.469620402695887,5,14,100-300:300-600,False,True,,2331,99.94996664442962
302,2026-10-07T04:39:34.922+00:00,2026-10-07T04:40:29.275+00:00,2026-10-07T04:40:50.433+00:00,True,338,338.0,,338.0,54352.951786,75510.524138,75510.524206,223.40391776923076,29.631548,54352.951786,2953.125455547255,132.01203495000001,62.7821138041543,27.699342248374727,4.476197243476748,5,14,100-300:300-600,False,True,,1497,99.94996664442962
303,2026-10-07T04:39:38.684+00:00,2026-10-07T04:40:32.775+00:00,2026-10-07T04:41:01.344+00:00,True,462,462.0,,462.0,54090.604791,82659.782903,82659.782922,178.91727905194804,28.902361,54090.604791,2513.7806610950715,131.94381405000001,61.97218679392625,26.670821556460503,5.589175095489303,5,14,100-300:300-600,False,True,,2176,99.94996664442962
304,2026-10-07T04:39:42.540+00:00,2026-10-07T04:40:37.086+00:00,2026-10-07T04:41:44.644+00:00,True,1097,1097.0,,1097.0,54545.57315,122103.637022,122103.636864,111.3068704320875,30.487211,54545.57315,1645.2036021711356,129.2295622,61.64056922627737,26.078702646345896,8.984171370770456,5,14,1-100:1000-1500,False,True,,4810,99.94996664442962
305,2026-10-07T04:39:46.035+00:00,2026-10-07T04:40:42.586+00:00,2026-10-07T04:41:17.624+00:00,True,561,561.0,,561.0,56551.151228,91589.52742,91589.527363,163.26118959536544,30.267499,56551.151228,2385.1044514355112,131.782247,62.568528914285714,27.18212612943565,6.125154434168387,5,14,100-300:300-600,False,True,,2987,99.94996664442962
306,2026-10-07T04:39:49.829+00:00,2026-10-07T04:40:45.906+00:00,2026-10-07T04:42:06.770+00:00,True,1333,1333.0,,1333.0,56077.26869,136941.72360199998,136941.723758,102.73197581245311,25.820055,56077.26869,1534.476616167931,127.609712,60.70905023423423,25.283497552341366,9.734067637954952,5,14,1-100:1000-1500,False,True,,1333,99.94996664442962
307,2026-10-07T04:39:55.129+00:00,2026-10-07T04:40:51.455+00:00,2026-10-07T04:41:23.688+00:00,True,523,523.0,,523.0,56326.765449,88559.015305,88559.015167,169.32890089292542,42.187098,56326.765449,2460.4436902755656,132.28119130000002,61.747605088122604,26.85127838523281,5.905666387535722,5,14,100-300:300-600,False,True,,1953,99.94996664442962
308,2026-10-07T04:39:59.897+00:00,2026-10-07T04:40:55.765+00:00,2026-10-07T04:41:30.826+00:00,True,565,565.0,,565.0,55868.07711599999,90929.180476,90929.18053499999,160.93660271681415,44.289207000000005,55868.07711599999,2347.915485948459,129.0220492,62.165076879432625,25.946975359370697,6.213626880197464,5,14,100-300:300-600,False,True,,2465,99.94996664442962
309,2026-10-07T04:40:03.473+00:00,2026-10-07T04:40:59.639+00:00,2026-10-07T04:41:28.050+00:00,True,455,455.0,,455.0,56165.415354000004,84576.859578,84576.85956900001,185.88320784395606,43.865642,56165.415354000004,2630.2737231013352,129.37902949999997,62.58027362114537,26.4047243365801,5.379722092665094,5,14,100-300:300-600,False,True,,2144,99.94996664442962
310,2026-10-07T04:40:08.649+00:00,2026-10-07T04:41:05.473+00:00,2026-10-07T04:41:31.973+00:00,True,424,424.0,,424.0,56823.723073,83324.282689,83324.2827,196.51953466981132,41.70875,56823.723073,2756.6967239609753,128.8101447,62.64907710638298,27.343167864029695,5.088552656163149,5,14,100-300:300-600,False,True,,2194,99.94996664442962
311,2026-10-07T04:40:12.081+00:00,2026-10-07T04:41:09.840+00:00,2026-10-07T04:41:32.587+00:00,True,362,362.0,,362.0,57758.41398,80505.809052,80505.80897499999,222.3917375,43.674295,57758.41398,3032.5188641636228,126.5555735,63.012174714681436,26.545936411217568,4.496569927844317,5,14,100-300:300-600,False,True,,1692,99.94996664442962
312,2026-10-07T04:40:17.666+00:00,2026-10-07T04:41:17.102+00:00,2026-10-07T04:41:36.800+00:00,True,318,318.0,,318.0,59435.894303,79133.626399,79133.626372,248.84788167295596,41.792868000000006,59435.894303,3329.618114675816,126.1240719,62.137956138801265,26.25515221152594,4.0185192372786105,5,14,100-300:300-600,False,True,,1516,99.94996664442962
313,2026-10-07T04:40:24.640+00:00,2026-10-07T04:41:23.838+00:00,2026-10-07T04:42:28.326+00:00,True,1078,1078.0,,1078.0,59197.843955,123685.363955,123685.36400799999,114.73595919109462,38.677016,59197.843955,1801.3451320543252,123.889771,59.87699164345404,24.43423156137965,8.715663402116073,5,14,1-100:1000-1500,False,True,,3588,99.94996664442962
314,2026-10-07T04:40:26.135+00:00,2026-10-07T04:41:25.517+00:00,2026-10-07T04:41:56.612+00:00,True,524,524.0,,524.0,59381.269485,90476.966637,90476.966588,172.66596677099236,40.229205,59381.269485,2591.5988594104897,124.0504341,59.4563999082218,24.269393960182324,5.791529264042694,5,14,100-300:300-600,False,True,,2575,99.94996664442962
315,2026-10-07T04:40:30.458+00:00,2026-10-07T04:41:28.659+00:00,2026-10-07T04:42:39.779+00:00,True,1190,1190.0,,1190.0,58201.642351999995,129321.30366399999,129321.30373099999,108.67336447983193,39.665498,58201.642351999995,1685.6258312728203,125.75156605000001,59.814685712363335,24.53715759854132,9.201886822080251,5,14,1-100:1000-1500,False,True,,3400,99.94996664442962
316,2026-10-07T04:40:34.174+00:00,2026-10-07T04:41:31.128+00:00,2026-10-07T04:41:59.232+00:00,True,480,480.0,,480.0,56953.694308,85057.630052,85057.630148,177.20339614166667,41.647943,56953.694308,2596.9960645008105,123.2757195,58.6720996743215,23.430142502172494,5.643232708300854,5,14,100-300:300-600,False,True,,2077,99.94996664442962
317,2026-10-07T04:40:37.664+00:00,2026-10-07T04:41:35.486+00:00,2026-10-07T04:42:09.205+00:00,True,576,576.0,,576.0,57821.826496,91540.49888,91540.498905,158.924477265625,42.600208,57821.826496,2406.908944426587,115.17403649999999,58.641169363478255,22.98452732893154,6.2922969291993445,5,14,100-300:300-600,False,True,,2575,99.94996664442962
318,2026-10-07T04:40:42.413+00:00,2026-10-07T04:41:39.969+00:00,2026-10-07T04:42:05.764+00:00,True,440,440.0,,440.0,57556.465986,83351.398978,83351.39912100001,189.43499800227272,39.280249000000005,57556.465986,2741.1983894471005,122.34281050000001,58.75838950341686,23.758987488624538,5.278855608843888,5,14,100-300:300-600,False,True,,2326,99.94996664442962
319,2026-10-07T04:40:46.376+00:00,2026-10-07T04:41:44.798+00:00,2026-10-07T04:42:17.661+00:00,True,552,552.0,,552.0,58422.863155,91285.226291,91285.226264,165.37178671014493,39.155394,58422.863155,2484.2246164745193,126.03641999999999,59.64131240653358,24.53379171213716,6.046980682726563,5,14,100-300:300-600,False,True,,2922,99.94996664442962
320,2026-10-07T04:40:51.257+00:00,2026-10-07T04:41:49.905+00:00,2026-10-07T04:42:23.433+00:00,True,558,558.0,,558.0,58648.33504599999,92176.01991,92176.020119,165.19000021326164,40.760822999999995,58648.33504599999,2480.3593045165553,126.45654770000002,60.19333009694794,24.972642639997556,6.053635213853094,5,14,100-300:300-600,False,True,,2528,99.94996664442962
321,2026-10-07T04:40:56.685+00:00,2026-10-07T04:41:55.417+00:00,2026-10-07T04:42:18.005+00:00,True,376,376.0,,376.0,58731.613045,81319.323765,81319.323788,216.27479730851064,40.782503,58731.613045,3025.846037998713,126.86566525,60.23389525333333,24.717422442465004,4.623747254546541,5,14,100-300:300-600,False,True,,1532,99.94996664442962
322,2026-10-07T04:41:00.166+00:00,2026-10-07T04:41:59.229+00:00,2026-10-07T04:42:33.917+00:00,True,576,576.0,,576.0,59063.133334,93751.75234199999,93751.752446,162.76345910763888,38.188182,59063.133334,2458.57749476275,127.4810685,60.3280330573913,25.03796168797994,6.143885160661225,5,14,100-300:300-600,False,True,,2081,99.94996664442962
323,2026-10-07T04:41:05.921+00:00,2026-10-07T04:42:05.510+00:00,2026-10-07T04:42:31.423+00:00,True,428,428.0,,428.0,59589.377436999996,85501.881757,85501.88165099999,199.77075152102802,42.299035,59589.377436999996,2877.5384159600876,129.58503915,60.68502182669789,25.24263661587379,5.005737782665349,5,14,100-300:300-600,False,True,,1024,99.94996664442962
324,2026-10-07T04:41:09.443+00:00,2026-10-07T04:42:09.403+00:00,2026-10-07T04:43:31.858+00:00,True,1337,1337.0,,1337.0,59960.167235,142414.63021099998,142414.630374,106.51804814809275,23.054043,59960.167235,1638.344561247071,129.8116326,61.71741240718563,26.168476352038883,9.388080410131426,5,14,1-100:1000-1500,False,True,,5641,99.94996664442962
325,2026-10-07T04:41:14.408+00:00,2026-10-07T04:42:13.700+00:00,2026-10-07T04:43:31.573+00:00,True,1270,1270.0,,1270.0,59292.62526,137165.279596,137165.279692,108.00415723779528,25.846376,59292.62526,1662.2742260174002,129.4985499,61.365369847123716,26.11527317100889,9.258902863323698,5,14,1-100:1000-1500,False,True,,4355,99.94996664442962
326,2026-10-07T04:41:19.332+00:00,2026-10-07T04:42:20.662+00:00,2026-10-07T04:42:40.076+00:00,True,317,317.0,,317.0,61330.297572999996,80744.328933,80744.329124,254.71397199999998,42.363086,61330.297572999996,3441.2998233451513,130.871951,61.436808101265825,25.98081945771614,3.9259723151955375,5,14,100-300:300-600,False,True,,1411,99.94996664442962
327,2026-10-07T04:41:24.056+00:00,2026-10-07T04:42:24.113+00:00,2026-10-07T04:43:30.723+00:00,True,1079,1079.0,,1079.0,60056.902054,126666.676902,126666.676799,117.39265690361445,23.211288,60056.902054,1826.627024348535,130.496423,61.79014364378478,26.22810090007132,8.518420364298379,5,14,1-100:1000-1500,False,True,,4312,99.94996664442962
328,2026-10-07T04:41:28.889+00:00,2026-10-07T04:42:30.436+00:00,2026-10-07T04:43:52.292+00:00,True,1324,1324.0,,1324.0,61546.771946,143403.296746,143403.296611,108.31064698716013,22.322061,61546.771946,1689.9675428109392,130.59662674999998,61.87190083144369,26.63005868617392,9.232702664744915,5,14,1-100:1000-1500,False,True,,6459,99.94996664442962
329,2026-10-07T04:41:34.455+00:00,2026-10-07T04:42:36.170+00:00,2026-10-07T04:42:59.782+00:00,True,385,385.0,,385.0,61715.203822999996,85327.38174299999,85327.38180799999,221.62956313766233,22.781843000000002,61715.203822999996,3142.271666851284,129.60811239999998,61.490046666666665,26.020931880973194,4.512033442671341,5,14,100-300:300-600,False,True,,1337,99.94996664442962
330,2026-10-07T04:41:38.709+00:00,2026-10-07T04:42:40.076+00:00,2026-10-07T04:43:13.145+00:00,True,544,544.0,,544.0,61367.485311,94435.734399,94435.734311,173.59509983639705,21.894199,61367.485311,2628.6240363111547,128.1959918,60.89916959116022,25.744505077244426,5.760531259295852,5,14,100-300:300-600,False,True,,2402,99.94996664442962
331,2026-10-07T04:41:44.183+00:00,2026-10-07T04:42:47.265+00:00,2026-10-07T04:43:21.872+00:00,True,563,563.0,,563.0,63081.098212,97688.244452,97688.24466499999,173.51375606571935,21.715083999999997,63081.098212,2656.0833348933616,129.0735439,61.57855202846975,26.02152047926345,5.763231831611378,5,14,100-300:300-600,False,True,,2759,99.94996664442962
332,2026-10-07T04:41:49.980+00:00,2026-10-07T04:42:53.636+00:00,2026-10-07T04:43:15.276+00:00,True,353,353.0,,353.0,63655.903126000005,85296.18242200001,85296.18239700001,241.63224475070822,43.227987,63655.903126000005,3384.8896177675797,128.7231518,61.47806618181818,26.043009357474695,4.138520505566642,5,14,100-300:300-600,False,True,,1748,99.94996664442962
333,2026-10-07T04:41:55.017+00:00,2026-10-07T04:42:57.971+00:00,2026-10-07T04:43:29.017+00:00,True,503,503.0,,503.0,62953.251216,93999.90772799999,93999.907914,186.8785445606362,40.878848,62953.251216,2804.3153117855686,130.93887189999998,61.84592930677291,26.625623408939116,5.351069082487728,5,14,100-300:300-600,False,True,,1971,99.94996664442962
334,2026-10-07T04:42:00.780+00:00,2026-10-07T04:43:02.930+00:00,2026-10-07T04:43:24.203+00:00,True,350,350.0,,350.0,62150.087286,83423.67679,83423.676869,238.35336248285714,44.92494,62150.087286,3318.8997160688377,128.30134625,60.95584385100287,25.284768574767824,4.195451620779612,5,14,100-300:300-600,False,True,,1238,99.94996664442962
335,2026-10-07T04:42:06.646+00:00,2026-10-07T04:43:10.272+00:00,2026-10-07T04:44:14.377+00:00,True,1036,1036.0,,1036.0,63625.659294,127731.36348599999,127731.363546,123.29282195559846,38.226193,63625.659294,1975.0039784649362,125.22482975000001,61.93787844637681,26.32207087783771,8.110772262393887,5,14,1-100:1000-1500,False,True,,1036,99.94996664442962
336,2026-10-07T04:42:12.707+00:00,2026-10-07T04:43:16.969+00:00,2026-10-07T04:44:19.377+00:00,True,1016,1016.0,,1016.0,64261.56110100001,126669.33684500001,126669.336744,124.67454403937009,41.224777,64261.56110100001,2014.3055063161964,125.54864000000002,61.485493343842364,26.182239309350038,8.02088354850422,5,14,1-100:1000-1500,False,True,,4009,99.94996664442962
337,2026-10-07T04:42:18.587+00:00,2026-10-07T04:43:23.731+00:00,2026-10-07T04:43:47.210+00:00,True,369,369.0,,369.0,65144.266819,88622.94278699999,88622.94269,240.17057639566394,42.819425,65144.266819,3388.072731098171,129.67769340000004,63.800749913043475,28.43418404104026,4.1637073696240225,5,14,100-300:300-600,False,True,,1730,99.94996664442962
338,2026-10-07T04:42:23.365+00:00,2026-10-07T04:43:29.176+00:00,2026-10-07T04:44:00.760+00:00,True,512,512.0,,512.0,65810.47057,97394.78570600001,97394.785577,190.22419058007813,39.402331,65810.47057,2905.8301078353984,127.1126793,61.80883588258317,26.688485593869803,5.256954941566838,5,14,100-300:300-600,False,True,,2812,99.94996664442962
339,2026-10-07T04:42:27.139+00:00,2026-10-07T04:43:32.007+00:00,2026-10-07T04:44:48.008+00:00,True,1253,1253.0,,1253.0,64867.570806,140868.481654,140868.481647,112.42496540063847,41.340222999999995,64867.570806,1830.9970653376001,125.03643480000001,60.70360291373802,25.52063825796575,8.894821505051842,5,14,1-100:1000-1500,False,True,,1253,99.94996664442962
340,2026-10-07T04:42:33.280+00:00,2026-10-07T04:43:36.813+00:00,2026-10-07T04:44:12.272+00:00,True,584,584.0,,584.0,63532.688573,98991.240381,98991.240172,169.50554823972604,40.446898999999995,63532.688573,2626.6104198955263,125.39467850000001,60.82084358147513,25.73349324411561,5.899511893701765,5,14,100-300:300-600,False,True,,2018,99.94996664442962
341,2026-10-07T04:42:38.034+00:00,2026-10-07T04:43:40.917+00:00,2026-10-07T04:44:08.203+00:00,True,453,453.0,,453.0,62882.228468,90169.117172,90169.117389,199.04882425827816,40.377831,62882.228468,2951.735492951297,124.1984858,60.36922279646017,25.168401940820406,5.02389303796654,5,14,100-300:300-600,False,True,,1097,99.94996664442962
342,2026-10-07T04:42:43.583+00:00,2026-10-07T04:43:45.953+00:00,2026-10-07T04:44:16.854+00:00,True,516,516.0,,516.0,62369.656769,93270.321345,93270.321492,180.756437,42.286286,62369.656769,2743.143742868184,125.19349775,60.00129043883495,25.044960346244093,5.532306446027502,5,14,100-300:300-600,False,True,,2754,99.94996664442962
343,2026-10-07T04:42:47.502+00:00,2026-10-07T04:43:51.596+00:00,2026-10-07T04:44:17.001+00:00,True,422,422.0,,422.0,64093.369599,89498.945023,89498.945046,212.08280816587677,39.858445,64093.369599,3117.1788861989808,124.94211820000001,60.34578485510689,25.005390889837905,4.715139378364201,5,14,100-300:300-600,False,True,,1872,99.94996664442962
344,2026-10-07T04:42:51.944+00:00,2026-10-07T04:43:55.506+00:00,2026-10-07T04:45:25.631+00:00,True,1487,1487.0,,1487.0,63562.921559,153687.40309500002,153687.40319,103.35400349024883,23.558398,63562.921559,1646.9664677503686,124.93009830000001,60.649045448183045,25.240746057829753,9.675483937228277,5,14,1-100:1000-1500,False,True,,3675,99.94996664442962
345,2026-10-07T04:42:57.391+00:00,2026-10-07T04:44:01.154+00:00,2026-10-07T04:44:29.214+00:00,True,474,474.0,,474.0,63762.535658,91822.963946,91822.964049,193.71933343670887,39.865395,63762.535658,2926.082751523107,123.82303605000001,59.324372701902746,23.893728280147702,5.162107381752062,5,14,100-300:300-600,False,True,,2184,99.94996664442962
346,2026-10-07T04:43:03.412+00:00,2026-10-07T04:44:07.678+00:00,2026-10-07T04:44:39.568+00:00,True,526,526.0,,526.0,64266.15409,96156.25457,96156.254738,182.80656794296578,39.222499000000006,64266.15409,2799.6039428213785,125.070201,60.74304853333333,25.39781662902924,5.470262983434755,5,14,100-300:300-600,False,True,,1529,99.94996664442962
347,2026-10-07T04:43:08.893+00:00,2026-10-07T04:44:11.985+00:00,2026-10-07T04:44:35.054+00:00,True,389,389.0,,389.0,63092.553533,86160.827965,86160.827883,221.49313080462724,42.611110000000004,63092.553533,3195.9965428045307,125.95533339999999,59.454315546391754,24.221502440376007,4.514812696066691,5,14,100-300:300-600,False,True,,1834,99.94996664442962
348,2026-10-07T04:43:14.859+00:00,2026-10-07T04:44:17.000+00:00,2026-10-07T04:44:35.103+00:00,True,304,304.0,,304.0,62141.182697,80244.249321,80244.249425,263.96134679276315,41.574548,62141.182697,3560.6989111369785,123.9162942,59.74609446864686,24.545988579964817,3.7884334712125334,5,14,100-300:300-600,False,True,,1266,99.94996664442962
349,2026-10-07T04:43:20.637+00:00,2026-10-07T04:44:25.048+00:00,2026-10-07T04:45:33.572+00:00,True,1122,1122.0,,1122.0,64411.313184,132934.94352,132934.943366,118.48034168092691,22.532265,64411.313184,1921.2852021083693,127.13439324999999,61.127234911685996,25.57961901213414,8.44021872872873,5,14,1-100:1000-1500,False,True,,4487,99.94996664442962
350,2026-10-07T04:43:25.546+00:00,2026-10-07T04:44:29.458+00:00,2026-10-07T04:44:51.966+00:00,True,373,373.0,,373.0,63912.054237000004,86419.974365,86419.974373,231.68893933780163,38.775283,63912.054237000004,3306.2027602773455,128.4301994,60.5051616344086,25.0798940298977,4.316131805647291,5,14,100-300:300-600,False,True,,1968,99.94996664442962
351,2026-10-07T04:43:31.272+00:00,2026-10-07T04:44:35.052+00:00,2026-10-07T04:45:10.171+00:00,True,577,577.0,,577.0,63780.618045999996,98899.27071799999,98899.27077599999,171.4025490051993,19.763205999999997,63780.618045999996,2652.8080342582166,128.36116779999998,60.96988311111111,25.710000831349827,5.834218956429415,5,14,100-300:300-600,False,True,,2609,99.94996664442962
352,2026-10-07T04:43:36.543+00:00,2026-10-07T04:44:39.217+00:00,2026-10-07T04:45:04.627+00:00,True,419,419.0,,419.0,62674.182838,88083.83122200001,88083.831161,210.2239407183771,23.106099999999998,62674.182838,3058.9694198974585,126.92222859999998,60.78863249760766,25.36888966292436,4.756832147139277,5,14,100-300:300-600,False,True,,1738,99.94996664442962
353,2026-10-07T04:43:41.946+00:00,2026-10-07T04:44:43.677+00:00,2026-10-07T04:45:03.747+00:00,True,332,332.0,,332.0,61730.197998999996,81800.325359,81800.32532999999,246.38652207831325,20.896078000000003,61730.197998999996,3384.652797413183,128.98448585,60.63482586102719,25.505969761377703,4.058663563291953,5,14,100-300:300-600,False,True,,1528,99.94996664442962
354,2026-10-07T04:43:47.348+00:00,2026-10-07T04:44:51.862+00:00,2026-10-07T04:45:14.001+00:00,True,361,361.0,,361.0,64514.10065,86652.758954,86652.758869,240.03534312742383,20.180718000000002,64514.10065,3392.3436194018227,125.30753799999998,61.49627306666667,26.2503867101648,4.166053156964551,5,14,100-300:300-600,False,True,,1729,99.94996664442962
355,2026-10-07T04:43:52.083+00:00,2026-10-07T04:44:55.273+00:00,2026-10-07T04:45:59.606+00:00,True,1061,1061.0,,1061.0,63189.796844,127522.99825199999,127522.998473,120.19132749575871,0.011471,63189.796844,1941.9989966862192,125.85678999999999,60.691699441509435,123.35394064668407,8.320067866529792,5,14,1-100:1000-1500,False,True,,5054,99.94996664442962
356,2026-10-07T04:43:57.275+00:00,2026-10-07T04:45:00.060+00:00,2026-10-07T04:45:27.871+00:00,True,461,461.0,,461.0,62785.354526,90596.164638,90596.164624,196.52096447722343,42.359398,62785.354526,2921.4936216103138,125.513524,60.45828285217391,24.67214387042487,5.088515632444736,5,14,100-300:300-600,False,True,,2062,99.94996664442962
357,2026-10-07T04:44:03.169+00:00,2026-10-07T04:45:04.918+00:00,2026-10-07T04:45:25.341+00:00,True,340,340.0,,340.0,61748.99957,82172.76917,82172.768966,241.68461460588236,42.145728000000005,61748.99957,3345.633940709337,124.64200869999999,60.24710796460177,24.795295731602355,4.1376237339233874,5,14,100-300:300-600,False,True,,1230,99.94996664442962
358,2026-10-07T04:44:08.457+00:00,2026-10-07T04:45:10.308+00:00,2026-10-07T04:45:42.165+00:00,True,527,527.0,,527.0,61850.095229,93707.187325,93707.18727,177.81249956356737,0.011272,61850.095229,2697.0559919034604,126.2854392,60.56481387072243,171.7196421820533,5.6239015922250655,5,14,100-300:300-600,False,True,,3105,99.94996664442962
359,2026-10-07T04:44:14.029+00:00,2026-10-07T04:45:15.836+00:00,2026-10-07T04:45:45.419+00:00,True,493,493.0,,493.0,61807.374072,91389.498104,91389.49821399999,185.37423572819472,0.011311,61807.374072,2786.687687204617,125.7434548,60.12626835772358,178.81832511161602,5.394492914699813,5,14,100-300:300-600,False,True,,1157,99.94996664442962
360,2026-10-07T04:44:18.040+00:00,2026-10-07T04:45:19.800+00:00,2026-10-07T04:46:28.763+00:00,True,1135,1135.0,,1135.0,61759.835113,130723.272425,130723.272412,115.17468934977974,0.011311,61759.835113,1835.2070144950874,127.7641396,60.814318617283945,118.38707910774882,8.682463183066234,5,14,1-100:1000-1500,False,True,,4357,99.94996664442962
361,2026-10-07T04:44:23.442+00:00,2026-10-07T04:45:25.580+00:00,2026-10-07T04:45:53.435+00:00,True,464,464.0,,464.0,62138.166643,89993.176691,89993.176746,193.9508119525862,0.011381,62138.166643,2887.538647352593,126.65835714999999,60.16200874298056,180.5766550472795,5.1559464512869395,5,14,100-300:300-600,False,True,,2020,99.94996664442962
362,2026-10-07T04:44:28.221+00:00,2026-10-07T04:45:29.247+00:00,2026-10-07T04:46:55.945+00:00,True,1425,1425.0,,1425.0,61025.812468000004,147723.9365,147723.93630200002,103.66592021192983,0.011892,61025.812468000004,1618.581495029409,126.72603079999999,60.88351406741573,107.64680158226051,9.646371696844133,5,14,1-100:1000-1500,False,True,,1425,99.94996664442962
363,2026-10-07T04:44:32.826+00:00,2026-10-07T04:45:34.236+00:00,2026-10-07T04:47:01.039+00:00,True,1437,1437.0,,1437.0,61409.569382,148212.71639000002,148212.716266,103.14037318441197,0.011181,61409.569382,1621.891571899432,127.1222712,60.447873961002784,106.73741794892877,9.69552434501467,5,14,1-100:1000-1500,False,True,,6780,99.94996664442962
364,2026-10-07T04:44:36.170+00:00,2026-10-07T04:45:40.084+00:00,2026-10-07T04:46:15.758+00:00,True,598,598.0,,598.0,63914.028189000004,99587.783069,99587.783052,166.53475426755853,0.014127,63914.028189000004,2611.336716590949,127.6557381,59.75503329983249,27.188486591746226,6.0047526069103485,5,14,100-300:300-600,False,True,,2654,99.94996664442962
365,2026-10-07T04:44:42.104+00:00,2026-10-07T04:45:44.240+00:00,2026-10-07T04:46:08.567+00:00,True,396,396.0,,396.0,62136.188922,86463.15545,86463.155258,218.34130115656566,41.682279,62136.188922,3119.477551263302,128.64954825,61.58725703291139,26.402259205540652,4.5799855202948185,5,14,100-300:300-600,False,True,,1752,99.94996664442962
366,2026-10-07T04:44:47.301+00:00,2026-10-07T04:45:49.588+00:00,2026-10-07T04:46:23.545+00:00,True,556,556.0,,556.0,62286.277051,96243.567547,96243.567747,173.0999419910072,41.746500999999995,62286.277051,2639.0616483580875,128.592813,61.184307200000006,26.208580755296058,5.7770094580968285,5,14,100-300:300-600,False,True,,2339,99.94996664442962
367,2026-10-07T04:44:53.407+00:00,2026-10-07T04:45:55.700+00:00,2026-10-07T04:46:22.241+00:00,True,436,436.0,,436.0,62293.046137000005,88833.717625,88833.71781300001,203.74705920412845,43.303348,62293.046137000005,2980.485056772268,127.30449399999998,61.01303790344828,25.775774866036326,4.908046310079213,5,14,100-300:300-600,False,True,,2144,99.94996664442962
368,2026-10-07T04:44:58.328+00:00,2026-10-07T04:46:00.437+00:00,2026-10-07T04:46:34.217+00:00,True,559,559.0,,559.0,62108.779399,95888.15783099999,95888.157663,171.53516576565295,43.232176,62108.779399,2624.4796801576117,127.0022651,60.5365204874552,24.975771644904516,5.829708408677751,5,14,100-300:300-600,True,True,,2077,99.94996664442962
369,2026-10-07T04:45:01.828+00:00,2026-10-07T04:46:03.121+00:00,2026-10-07T04:46:38.199+00:00,True,580,580.0,,580.0,61293.503109,96371.485317,96371.485208,166.15773311724138,42.32829,61293.503109,2542.6780369297308,125.46610135,60.583734383419696,24.66752192453401,6.01837771922031,5,14,100-300:300-600,True,True,,3297,99.94996664442962
370,2026-10-07T04:45:06.137+00:00,2026-10-07T04:46:08.306+00:00,2026-10-07T04:46:35.200+00:00,True,449,449.0,,449.0,62169.220246,89062.72782999999,89062.72759699999,198.357967922049,43.100749,62169.220246,2931.2145030679385,125.84915420000002,60.03015085714286,24.31180775529237,5.041390612434828,5,14,100-300:300-600,True,True,,1588,99.94996664442962
371,2026-10-07T04:45:10.662+00:00,2026-10-07T04:46:12.402+00:00,2026-10-07T04:46:39.118+00:00,True,443,443.0,,443.0,61739.820440999996,88456.000153,88456.00013999999,199.6749438826185,44.350721,61739.820440999996,2930.5803876104014,128.07226390000002,60.44384550226244,24.808217720946708,5.008139631384582,5,14,100-300:300-600,True,True,,1713,99.94996664442962
372,2026-10-07T04:45:16.582+00:00,2026-10-07T04:46:20.479+00:00,2026-10-07T04:46:54.191+00:00,True,550,550.0,,550.0,63897.169845,97609.457589,97609.457495,177.4717409,42.49839,63897.169845,2722.085327583238,127.65176514999999,61.406717202185796,25.501848392504577,5.634699890617789,5,14,100-300:300-600,True,True,,2205,99.94996664442962
373,2026-10-07T04:45:20.618+00:00,2026-10-07T04:46:23.638+00:00,2026-10-07T04:47:26.561+00:00,True,1233,1233.0,,1233.0,63019.508484,125942.772228,125942.772104,102.1433674809408,0.013595000000000001,63019.508484,1793.3898436427949,107.872562,51.074077714285714,22.23293556899473,9.790160865824387,5,14,1-100:1000-1500,True,True,,1947,99.94996664442962
374,2026-10-07T04:45:24.046+00:00,2026-10-07T04:46:27.253+00:00,2026-10-07T04:46:50.145+00:00,True,375,375.0,,375.0,63207.00197999999,86099.13458799999,86099.13447399999,229.59769193066666,42.132754999999996,63207.00197999999,3260.935336238754,128.6344771,61.208910716577535,25.649035799030496,4.355444474493771,5,14,100-300:300-600,True,True,,1554,99.94996664442962
375,2026-10-07T04:45:29.811+00:00,2026-10-07T04:46:34.368+00:00,2026-10-07T04:47:39.372+00:00,True,1415,1415.0,,1415.0,64556.620502,129561.020118,129561.019996,91.56255830106006,0.012613,64556.620502,1715.145730960196,102.5184276,45.97199407072136,25.465012468885455,10.921494742101164,5,14,1-100:1000-1500,True,True,,4243,99.94996664442962
376,2026-10-07T04:45:35.618+00:00,2026-10-07T04:46:39.423+00:00,2026-10-07T04:47:08.440+00:00,True,524,524.0,,524.0,63804.583363,92821.097155,92821.097115,177.1394983110687,37.669049,63804.583363,2784.9757669940705,113.9558531,55.48090591204589,21.560035871966466,5.645268328653597,5,14,100-300:300-600,True,True,,2714,99.94996664442962
377,2026-10-07T04:45:40.093+00:00,2026-10-07T04:46:42.080+00:00,2026-10-07T04:47:09.585+00:00,True,509,509.0,,509.0,61987.513477,89492.182661,89492.182543,175.81961206876227,41.32518099999999,61987.513477,2745.2180103346427,108.74702420000001,54.14304957480315,19.571581089862292,5.687647623123826,5,14,100-300:300-600,True,True,,2616,99.94996664442962
378,2026-10-07T04:45:44.981+00:00,2026-10-07T04:46:49.108+00:00,2026-10-07T04:47:09.492+00:00,True,391,391.0,,391.0,64126.978528,84510.205152,84510.205263,216.13863238618924,42.356614,64126.978528,3240.443252850904,103.67270199999999,52.26468365128205,17.230286286236694,4.6266601683991615,5,14,100-300:300-600,True,True,,1867,99.94996664442962
379,2026-10-07T04:45:50.145+00:00,2026-10-07T04:46:53.412+00:00,2026-10-07T04:47:14.438+00:00,True,431,431.0,,431.0,63266.912347000005,84292.424027,84292.423861,195.57406928306267,41.599886,63266.912347000005,3045.1299080749495,51.9084645,48.89653879069767,12.41166609832167,5.113152278809125,5,14,100-300:300-600,True,True,,2008,99.94996664442962
380,2026-10-07T04:45:54.100+00:00,2026-10-07T04:46:57.503+00:00,2026-10-07T04:47:20.832+00:00,True,527,527.0,,527.0,63402.774957999995,86732.595118,86732.594954,164.57797903984817,35.614451,63402.774957999995,2759.9389319987877,49.913750500000006,44.3532702661597,3.8886414493621126,6.076147027343235,5,14,100-300:300-600,True,True,,2269,99.94996664442962
0,2026-10-07T04:15:54.185+00:00,2026-10-07T04:15:54.473+00:00,2026-10-07T04:16:15.423+00:00,True,581,581.0,,581.0,288.83103600000004,21238.442812,21238.442929,36.55497922375215,0.020128,288.83103600000004,14.599746254730098,54.018139,36.12002030344827,10.169173061997625,27.356054544249698,6,14,100-300:300-600,False,True,,3027,99.94996664442962
1,2026-10-07T04:15:56.942+00:00,2026-10-07T04:15:57.048+00:00,2026-10-07T04:16:13.883+00:00,True,461,461.0,,461.0,106.160777,16940.367753000002,16940.367789,36.74700171149674,0.018715,166.942413,11.167730971562007,55.39261,36.59610212173913,10.699052556987215,27.21310462214497,6,14,100-300:300-600,False,True,,1696,99.94996664442962
2,2026-10-07T04:16:00.839+00:00,2026-10-07T04:16:00.955+00:00,2026-10-07T04:16:17.263+00:00,True,430,430.0,,430.0,115.81224800000001,16424.416408,16424.416453,38.19631733255814,0.018995,167.00481,11.75011117648873,57.9286305,38.01539431235431,11.148074524879974,26.180534474914776,6,14,100-300:300-600,False,True,,2093,99.94996664442962
3,2026-10-07T04:16:04.508+00:00,2026-10-07T04:16:04.619+00:00,2026-10-07T04:16:21.440+00:00,True,425,425.0,,425.0,111.378552,16932.43276,16932.432684,39.84101808,0.02155,165.989608,12.22181703969403,61.2005506,39.67229766037736,11.730256723542997,25.099760089051728,6,14,100-300:300-600,False,True,,1867,99.94996664442962
4,2026-10-07T04:16:09.041+00:00,2026-10-07T04:16:09.192+00:00,2026-10-07T04:16:27.235+00:00,True,432,432.0,,432.0,150.886384,18193.823472,18193.823565,42.11533232638889,32.752597,150.886384,12.260620615676421,71.44149095,41.862963081206495,11.094777459875903,23.744321838938422,6,14,100-300:300-600,False,True,,2693,99.94996664442962
5,2026-10-07T04:16:13.047+00:00,2026-10-07T04:16:13.181+00:00,2026-10-07T04:17:17.152+00:00,True,1322,1322.0,,1322.0,133.905448,64104.389672,64104.389906,48.49046135098336,34.179438000000005,133.905448,16.79618040679273,90.00900035000001,48.425801834973505,16.63713129691996,20.622612691021896,6,14,1-100:1000-1500,False,True,,5366,99.94996664442962
6,2026-10-07T04:16:16.933+00:00,2026-10-07T04:16:17.077+00:00,2026-10-07T04:16:31.950+00:00,True,343,343.0,,343.0,144.169794,15017.252418,15017.252445,43.78207709912537,34.417684,144.169794,12.3500741920403,72.5409856,43.48854568421052,11.1054923613124,22.84039652878664,6,14,100-300:300-600,False,True,,1859,99.94996664442962
7,2026-10-07T04:16:19.656+00:00,2026-10-07T04:16:19.768+00:00,2026-10-07T04:17:14.734+00:00,True,1119,1119.0,,1119.0,111.685189,55077.786437,55077.786495,49.22054199731903,35.966013,126.860619,16.798366552109265,91.62939700000001,49.16467016815742,16.701541421388743,20.316720630738374,6,14,1-100:1000-1500,False,True,,6678,99.94996664442962
8,2026-10-07T04:16:23.995+00:00,2026-10-07T04:16:24.155+00:00,2026-10-07T04:16:50.678+00:00,True,566,566.0,,566.0,160.374131,26683.118707,26683.118739,47.14331932685512,35.897946000000005,160.374131,15.22666060929113,86.40892149999999,46.9429107539823,14.473746704936444,21.211913278020106,6,14,100-300:300-600,False,True,,2558,99.94996664442962
9,2026-10-07T04:16:27.998+00:00,2026-10-07T04:16:28.176+00:00,2026-10-07T04:16:43.882+00:00,True,341,341.0,,341.0,178.091138,15883.789698,15883.789701,46.58002844868035,36.783454,178.091138,15.163283228373855,82.118737,46.19323105882353,13.39533417616239,21.468428283392395,6,14,100-300:300-600,False,True,,1299,99.94996664442962
10,2026-10-07T04:16:31.304+00:00,2026-10-07T04:16:31.439+00:00,2026-10-07T04:17:49.418+00:00,True,1451,1451.0,,1451.0,134.417837,78113.291437,78113.291511,53.83410855341144,0.018844999999999997,307.376205,22.083454006806807,106.50173899999999,53.77853351724138,21.98933536705647,18.575583915450057,6,14,1-100:1000-1500,False,True,,1451,99.94996664442962
11,2026-10-07T04:16:35.471+00:00,2026-10-07T04:16:35.596+00:00,2026-10-07T04:16:53.619+00:00,True,368,368.0,,368.0,125.347497,18147.894441,18147.894345,49.314930285326085,37.118981,125.347497,16.782112238962583,88.78496030000001,49.107757340599456,16.326985956473187,20.277834500106454,6,14,100-300:300-600,False,True,,1922,99.94996664442962
12,2026-10-07T04:16:38.993+00:00,2026-10-07T04:16:39.165+00:00,2026-10-07T04:17:07.435+00:00,True,551,551.0,,551.0,172.449388,28442.615916000002,28442.615912,51.61999258076225,37.838148000000004,172.449388,19.205793126600796,100.02490949999999,51.40030277818182,18.51736032415291,19.37233908538077,6,14,100-300:300-600,False,True,,2847,99.94996664442962
13,2026-10-07T04:16:43.015+00:00,2026-10-07T04:16:43.167+00:00,2026-10-07T04:17:43.455+00:00,True,1101,1101.0,,1101.0,151.435617,60439.995233,60439.995365,54.89554529064487,0.018815000000000002,297.921133,23.440110172307435,109.979297,54.80778146909091,23.269087623375107,18.216414408299922,6,14,1-100:1000-1500,False,True,,1187,99.94996664442962
14,2026-10-07T04:16:46.626+00:00,2026-10-07T04:16:46.835+00:00,2026-10-07T04:17:10.649+00:00,True,453,453.0,,453.0,209.409431,24023.434135,24023.434154,53.03186347461369,37.356036,209.409431,20.73673322552741,103.70205519999999,52.68589536283186,19.406806705545826,18.85658800712507,6,14,100-300:300-600,False,True,,1903,99.94996664442962
15,2026-10-07T04:16:50.765+00:00,2026-10-07T04:16:50.925+00:00,2026-10-07T04:18:16.816+00:00,True,1497,1497.0,,1497.0,159.486209,86050.567169,86050.567191,57.482008811623245,0.019687,355.43688199999997,24.701915867661505,114.2785328,57.413824171123,24.56885391733752,17.39674762468386,6,14,1-100:1000-1500,False,True,,4500,99.94996664442962
16,2026-10-07T04:16:55.145+00:00,2026-10-07T04:16:55.366+00:00,2026-10-07T04:17:24.240+00:00,True,533,533.0,,533.0,221.583192,29094.884184,29094.884276,54.58702490806754,0.018916,310.683502,25.011576068707136,109.6302018,54.27312216541354,23.96119342599881,18.319371770969617,6,14,100-300:300-600,False,True,,2051,99.94996664442962
17,2026-10-07T04:16:59.147+00:00,2026-10-07T04:16:59.348+00:00,2026-10-07T04:17:22.286+00:00,True,421,421.0,,421.0,201.217475,23139.530691,23139.530628,54.963255648456055,0.018965,350.14589,27.303202689267135,108.510591,54.61503146666667,26.383177772743203,18.193973145866167,6,14,100-300:300-600,False,True,,1633,99.94996664442962
18,2026-10-07T04:17:03.302+00:00,2026-10-07T04:17:03.509+00:00,2026-10-07T04:17:36.017+00:00,True,584,584.0,,584.0,206.508812,32715.04974,32715.049854,56.018920982876715,0.018014,357.98707,26.50672615110379,115.87617274999998,55.76079061406518,25.784379211136457,17.85111148053538,6,14,100-300:300-600,False,True,,2846,99.94996664442962
19,2026-10-07T04:17:07.373+00:00,2026-10-07T04:17:07.570+00:00,2026-10-07T04:18:33.683+00:00,True,1462,1462.0,,1462.0,196.847568,86309.551824,86309.551984,59.0352612749658,0.017453,419.13762099999997,27.950120608322994,121.850465,58.94093378234086,27.72592954488499,16.939028984662894,6,14,1-100:1000-1500,False,True,,1463,99.94996664442962
20,2026-10-07T04:17:11.929+00:00,2026-10-07T04:17:12.185+00:00,2026-10-07T04:17:28.998+00:00,True,307,307.0,,307.0,255.818082,17068.590178000002,17068.590379,55.598014263843645,0.018896,343.436791,30.356746333790856,119.0870624,54.94369966013072,28.15470966683032,17.98625409588295,6,14,100-300:300-600,False,True,,1673,99.94996664442962
21,2026-10-07T04:17:15.956+00:00,2026-10-07T04:17:16.172+00:00,2026-10-07T04:18:19.753+00:00,True,1077,1077.0,,1077.0,216.049776,63797.02616,63797.026295,59.23586471216342,0.018806,303.408232,26.014892588989092,121.15014000000001,59.09012675092937,25.583351901279283,16.881664629616647,6,14,1-100:1000-1500,False,True,,1077,99.94996664442962
22,2026-10-07T04:17:20.581+00:00,2026-10-07T04:17:20.787+00:00,2026-10-07T04:18:38.510+00:00,True,1301,1301.0,,1301.0,205.747826,77929.02616200001,77929.026295,59.8993284358186,0.018664999999999998,374.51676799999996,26.55312687097768,123.306892,59.78713718153846,26.253057594690333,16.694678017603632,6,14,1-100:1000-1500,False,True,,5935,99.94996664442962
23,2026-10-07T04:17:23.865+00:00,2026-10-07T04:17:24.046+00:00,2026-10-07T04:17:55.989+00:00,True,538,538.0,,538.0,181.586663,32124.295399,32124.295313,59.71058608364312,42.215433,181.586663,24.867847273986758,118.59185810000001,59.4836289310987,24.326933672272386,16.747449035621415,6,14,100-300:300-600,False,True,,2586,99.94996664442962
24,2026-10-07T04:17:27.393+00:00,2026-10-07T04:17:27.543+00:00,2026-10-07T04:18:40.830+00:00,True,1219,1219.0,,1219.0,150.362279,73437.70717499999,73437.707016,60.24422232649713,0.018064,385.704207,26.72034936450783,126.2905395,60.1702339047619,26.6061143480798,16.599102108337306,6,14,1-100:1000-1500,False,True,,4601,99.94996664442962
25,2026-10-07T04:17:32.092+00:00,2026-10-07T04:17:32.334+00:00,2026-10-07T04:19:02.548+00:00,True,1485,1485.0,,1485.0,241.777864,90456.372168,90456.372132,60.91338190707071,0.018605,369.71461200000005,27.87610134564856,127.35645819999999,60.79150559568733,27.48687526710493,16.416753893711164,6,14,1-100:1000-1500,False,True,,1485,99.94996664442962
26,2026-10-07T04:17:35.332+00:00,2026-10-07T04:17:35.571+00:00,2026-10-07T04:18:11.600+00:00,True,595,595.0,,595.0,238.843865,36267.902681,36267.902775,60.95445844537815,41.740697,238.843865,25.93986764846906,124.60582460000002,60.654981171717175,24.91100028094598,16.40569087309557,6,14,100-300:300-600,False,True,,2813,99.94996664442962
27,2026-10-07T04:17:38.137+00:00,2026-10-07T04:17:38.322+00:00,2026-10-07T04:18:03.798+00:00,True,420,420.0,,420.0,185.309046,25661.22943,25661.22938,61.09816519047619,42.539021,185.309046,25.234920684081747,123.584447,60.80171929355609,24.521957388676995,16.36710357723496,6,14,100-300:300-600,False,True,,2209,99.94996664442962
28,2026-10-07T04:17:41.106+00:00,2026-10-07T04:17:41.348+00:00,2026-10-07T04:19:07.145+00:00,True,1415,1415.0,,1415.0,242.025479,86039.094023,86039.093993,60.80501342261484,0.023704,424.68719799999997,27.7387189370198,126.2052771,60.676851869872706,27.326225283903298,16.446012316467925,6,14,1-100:1000-1500,False,True,,2251,99.94996664442962
29,2026-10-07T04:17:45.421+00:00,2026-10-07T04:17:45.599+00:00,2026-10-07T04:18:04.841+00:00,True,320,320.0,,320.0,178.18784599999998,19419.418694,19419.418665,60.685683328125,43.658229,178.18784599999998,25.105355445855825,115.52567375000001,60.3173380815047,24.263292427435402,16.47835113101867,6,14,100-300:300-600,False,True,,1012,99.94996664442962
30,2026-10-07T04:17:49.191+00:00,2026-10-07T04:17:49.419+00:00,2026-10-07T04:18:13.851+00:00,True,402,402.0,,402.0,227.86130300000002,24659.566135,24659.566304,61.34220473631841,43.230768,227.86130300000002,26.488140139039846,124.53247669999999,60.92694471820449,25.17699036041103,16.301989978219055,6,14,100-300:300-600,False,True,,1294,99.94996664442962
31,2026-10-07T04:17:52.350+00:00,2026-10-07T04:17:52.571+00:00,2026-10-07T04:18:20.421+00:00,True,460,460.0,,460.0,221.721851,28071.348986999998,28071.34911,61.02467197826087,42.808167000000005,221.721851,25.988570569634355,124.39200989999999,60.67456892374728,24.90732448711172,16.386814905583222,6,14,100-300:300-600,False,True,,2153,99.94996664442962
32,2026-10-07T04:17:55.136+00:00,2026-10-07T04:17:55.786+00:00,2026-10-07T04:19:14.286+00:00,True,1293,1293.0,,1293.0,649.5843140000001,79150.105274,79150.105182,61.214311819025525,0.018314,649.5843140000001,31.431914364631012,126.21677339999998,60.75891715170278,26.839803160077878,16.336049023863236,6,14,1-100:1000-1500,False,True,,1293,99.94996664442962
33,2026-10-07T04:17:58.734+00:00,2026-10-07T04:17:59.737+00:00,2026-10-07T04:18:34.779+00:00,True,581,581.0,,581.0,1002.41341,36044.794722,36044.794874,62.03923386230637,0.019466999999999998,1002.41341,48.321231399597096,125.238773,60.4178988137931,28.443741587753184,16.118832260830875,6,14,100-300:300-600,False,True,,2571,99.94996664442962
34,2026-10-07T04:18:03.335+00:00,2026-10-07T04:18:03.570+00:00,2026-10-07T04:18:25.637+00:00,True,368,368.0,,368.0,235.486465,22302.517249,22302.51729,60.604666548913045,0.029916,387.063493,32.09814630738278,125.91385964999998,60.12814927520436,30.81097500943622,16.500379571122195,6,14,100-300:300-600,False,True,,1614,99.94996664442962
35,2026-10-07T04:18:07.667+00:00,2026-10-07T04:18:07.859+00:00,2026-10-07T04:18:28.316+00:00,True,347,347.0,,347.0,191.734,20648.99096,20648.990765,59.507177997118156,0.03207,431.101144,32.97128471313608,126.56282789999999,59.12502011560694,32.24022340780034,16.804695235335608,6,14,100-300:300-600,False,True,,1586,99.94996664442962
36,2026-10-07T04:18:10.763+00:00,2026-10-07T04:18:10.964+00:00,2026-10-07T04:18:44.646+00:00,True,558,558.0,,558.0,200.238185,33882.506857,33882.506948,60.72133861648746,0.018795000000000003,440.697051,30.84000021417771,126.39671030000001,60.47085937522442,30.294297830228768,16.468675188498317,6,14,100-300:300-600,False,True,,2073,99.94996664442962
37,2026-10-07T04:18:14.077+00:00,2026-10-07T04:18:14.300+00:00,2026-10-07T04:19:31.216+00:00,True,1267,1267.0,,1267.0,222.87824600000002,77139.274534,77139.27462,60.883405382794,0.017492999999999998,549.6543810000001,31.289854694316475,128.5320846,60.75544730489732,30.968819224300567,16.424836863633654,6,14,1-100:1000-1500,False,True,,5724,99.94996664442962
38,2026-10-07T04:18:17.896+00:00,2026-10-07T04:18:18.860+00:00,2026-10-07T04:18:46.050+00:00,True,449,449.0,,449.0,963.483017,28153.602185,28153.602338,62.70290053006681,0.018745,963.483017,53.137398657307806,127.6433584,60.69223028571428,31.790320900407107,15.94822563200184,6,14,100-300:300-600,False,True,,1381,99.94996664442962
39,2026-10-07T04:18:21.972+00:00,2026-10-07T04:18:23.359+00:00,2026-10-07T04:19:35.774+00:00,True,1186,1186.0,,1186.0,1386.914365,73801.757245,73801.757455,62.227451479763914,0.018334,1386.914365,48.8507169868107,128.040045,61.109572050632906,30.084325210730682,16.070078061459036,6,14,1-100:1000-1500,False,True,,5420,99.94996664442962
40,2026-10-07T04:18:25.057+00:00,2026-10-07T04:18:25.783+00:00,2026-10-07T04:19:32.766+00:00,True,1099,1099.0,,1099.0,726.5050990000001,67709.237131,67709.237131,61.609860901728844,0.018355,726.5050990000001,36.420387514087814,127.32011329999999,61.00430968306011,30.402166798141145,16.231167955322213,6,14,1-100:1000-1500,False,True,,2560,99.94996664442962
41,2026-10-07T04:18:28.033+00:00,2026-10-07T04:18:29.599+00:00,2026-10-07T04:18:59.616+00:00,True,491,491.0,,491.0,1566.22046,31582.627756,31582.627541,64.32307034826884,34.176096,1566.22046,72.61369414075554,127.60487249999998,61.257974073469384,25.71463459232254,15.546521454558855,6,14,100-300:300-600,False,True,,2574,99.94996664442962
42,2026-10-07T04:18:32.493+00:00,2026-10-07T04:18:34.186+00:00,2026-10-07T04:19:47.787+00:00,True,1214,1214.0,,1214.0,1692.640679,75294.530727,75294.530561,62.02185383937397,0.018535,1692.640679,55.54148830465299,128.05179984999998,60.67756805276175,29.86246677839598,16.123349043792757,6,14,1-100:1000-1500,False,True,,3644,99.94996664442962
43,2026-10-07T04:18:35.739+00:00,2026-10-07T04:18:38.007+00:00,2026-10-07T04:18:59.849+00:00,True,358,358.0,,358.0,2267.815214,24109.711662,24109.71161,67.34556315642457,39.425641000000006,2267.815214,119.38617515044083,128.76561424999997,61.181782767507,25.567290042998636,14.84878811571413,6,14,100-300:300-600,False,True,,1388,99.94996664442962
44,2026-10-07T04:18:40.001+00:00,2026-10-07T04:18:41.640+00:00,2026-10-07T04:20:06.546+00:00,True,1397,1397.0,,1397.0,1639.322912,86545.79843200001,86545.798431,61.95117997924123,0.017633,1639.322912,51.479008747610486,129.0714772,60.82125753581662,29.44699071978796,16.14174258381403,6,14,1-100:1000-1500,False,True,,6613,99.94996664442962
45,2026-10-07T04:18:44.531+00:00,2026-10-07T04:18:45.504+00:00,2026-10-07T04:19:57.488+00:00,True,1186,1186.0,,1186.0,972.2697,72956.623492,72956.623631,61.51485972259697,0.017763,972.2697,39.66172837795221,128.943777,60.74629011983123,29.55030628559205,16.256234776682746,6,14,1-100:1000-1500,False,True,,1186,99.94996664442962
46,2026-10-07T04:18:47.201+00:00,2026-10-07T04:18:49.354+00:00,2026-10-07T04:19:18.349+00:00,True,480,480.0,,480.0,2152.892322,31147.572642,31147.572629,64.89077631041667,39.251864999999995,2152.892322,98.78032627075925,129.8149407,60.531691691022964,25.260805620808785,15.410510652530224,6,14,100-300:300-600,False,True,,2222,99.94996664442962
47,2026-10-07T04:18:50.329+00:00,2026-10-07T04:18:54.433+00:00,2026-10-07T04:19:28.910+00:00,True,564,564.0,,564.0,4103.919601,38581.371889,38581.371797,68.40668758333334,0.018725000000000002,4103.919601,173.54576417930346,129.6860214,61.238814010657194,33.8043821353163,14.61845373520279,6,14,100-300:300-600,False,True,,2649,99.94996664442962
48,2026-10-07T04:18:54.709+00:00,2026-10-07T04:18:59.198+00:00,2026-10-07T04:19:20.516+00:00,True,352,352.0,,352.0,4488.751312,25807.001808,25807.001729,73.31534582102273,43.047436000000005,4488.751312,237.3378332886497,127.87486379999999,60.7357563988604,25.068282859847624,13.639709200581459,6,14,100-300:300-600,False,True,,1550,99.94996664442962
49,2026-10-07T04:18:59.244+00:00,2026-10-07T04:19:03.715+00:00,2026-10-07T04:20:13.717+00:00,True,1150,1150.0,,1150.0,4471.755123,74473.443443,74473.443545,64.75951612608695,0.017873999999999998,4471.755123,133.5577304857196,129.63745989999998,60.92401072236728,30.343077550106866,15.441746035016893,6,14,1-100:1000-1500,False,True,,4652,99.94996664442962
50,2026-10-07T04:19:03.244+00:00,2026-10-07T04:19:08.859+00:00,2026-10-07T04:19:37.182+00:00,True,468,468.0,,468.0,5614.791200000001,33937.702176,33937.70223,72.51645775641026,0.017763,5614.791200000001,259.12987001666625,128.06662035,60.64863164025696,35.14736734039161,13.789973097558718,6,14,100-300:300-600,False,True,,2379,99.94996664442962
51,2026-10-07T04:19:06.268+00:00,2026-10-07T04:19:11.339+00:00,2026-10-07T04:20:18.944+00:00,True,1110,1110.0,,1110.0,5070.716279,72675.686263,72675.686282,65.47359124504504,0.019015999999999998,5070.716279,153.4673994364126,128.3039282,60.960297550946805,30.701670492612955,15.273333587564805,6,14,1-100:1000-1500,False,True,,1666,99.94996664442962
52,2026-10-07T04:19:10.664+00:00,2026-10-07T04:19:16.166+00:00,2026-10-07T04:19:34.514+00:00,True,301,301.0,,301.0,5502.070658,23849.918082,23849.917923,79.23560771760798,0.018625,5502.070658,316.2347233513979,129.453813,61.159491413333335,40.73555704674191,12.620588421524626,6,14,100-300:300-600,False,True,,1463,99.94996664442962
53,2026-10-07T04:19:13.339+00:00,2026-10-07T04:19:18.582+00:00,2026-10-07T04:20:27.069+00:00,True,1126,1126.0,,1126.0,5242.526501,73729.926693,73729.926537,65.47950846980461,0.017954,5242.526501,157.31496651601046,128.7987355,60.87768905955555,30.06308708948049,15.271953337055248,6,14,1-100:1000-1500,False,True,,3993,99.94996664442962
54,2026-10-07T04:19:17.593+00:00,2026-10-07T04:19:22.857+00:00,2026-10-07T04:19:50.570+00:00,True,467,467.0,,467.0,5263.64749,32976.203266000004,32976.203157,70.61285472591007,0.018675,5263.64749,243.22247107223205,124.84585499999999,59.4690038111588,34.13327395817969,14.161727359362157,6,14,100-300:300-600,False,True,,2023,99.94996664442962
55,2026-10-07T04:19:21.543+00:00,2026-10-07T04:19:26.854+00:00,2026-10-07T04:20:40.842+00:00,True,1209,1209.0,,1209.0,5310.879399,79299.363751,79299.363668,65.59087152026468,0.017994,5310.879399,154.4896805764317,128.8689016,61.24874532450331,32.762646064985034,15.246023963020182,6,14,1-100:1000-1500,False,True,,1209,99.94996664442962
56,2026-10-07T04:19:24.704+00:00,2026-10-07T04:19:30.487+00:00,2026-10-07T04:19:54.346+00:00,True,400,400.0,,400.0,5783.251871,29642.492575,29642.492653,74.1062316325,43.380603,5783.251871,287.2182903457396,127.86484719999999,59.797595749373436,24.515927349258927,13.49414186367558,6,14,100-300:300-600,False,True,,2254,99.94996664442962
57,2026-10-07T04:19:28.252+00:00,2026-10-07T04:19:34.049+00:00,2026-10-07T04:20:04.953+00:00,True,510,510.0,,510.0,5797.860982,36701.302902,36701.302921,71.9633390607843,43.214211999999996,5797.860982,255.31051618766566,128.43904505,60.714031277013746,25.412535038409665,13.895964439240876,6,14,100-300:300-600,False,True,,2244,99.94996664442962
58,2026-10-07T04:19:30.938+00:00,2026-10-07T04:19:35.925+00:00,2026-10-07T04:19:58.886+00:00,True,384,384.0,,384.0,4986.726494,27947.397213999997,27947.397261,72.7796803671875,42.285372,4986.726494,252.67381599713303,126.75347135000001,59.94953190600522,25.18798495190848,13.740098838529358,6,14,100-300:300-600,False,True,,1778,99.94996664442962
59,2026-10-07T04:19:33.955+00:00,2026-10-07T04:19:39.921+00:00,2026-10-07T04:21:06.296+00:00,True,1411,1411.0,,1411.0,5965.098511,92340.661007,92340.661049,65.44341676045357,0.017513,5965.098511,160.38708797482744,129.1471735,61.25926418156028,31.97153220154321,15.280375780427185,6,14,1-100:1000-1500,False,True,,6249,99.94996664442962
60,2026-10-07T04:19:37.702+00:00,2026-10-07T04:19:43.770+00:00,2026-10-07T04:20:47.415+00:00,True,1035,1035.0,,1035.0,6068.172733,69713.196221,69713.196223,67.35574514299518,0.017593,6068.172733,189.76819473503014,129.6383319,61.55224708704062,33.96576324008213,14.846543496856949,6,14,1-100:1000-1500,False,True,,3984,99.94996664442962
61,2026-10-07T04:19:42.042+00:00,2026-10-07T04:19:49.735+00:00,2026-10-07T04:20:11.686+00:00,True,354,354.0,,354.0,7693.268681,29643.807433,29643.807496,83.73956919774011,42.021216,7693.268681,406.4948671726173,131.8516199,62.18282932577904,27.181575777570284,11.941785845158373,6,14,100-300:300-600,False,True,,1492,99.94996664442962
62,2026-10-07T04:19:46.103+00:00,2026-10-07T04:19:54.526+00:00,2026-10-07T04:20:14.909+00:00,True,326,326.0,,326.0,8422.435838,28805.547518,28805.547388,88.36057480981594,43.115969,8422.435838,463.82151611951224,130.670549,62.71726670769231,27.602556155547152,11.317264488595095,6,14,100-300:300-600,False,True,,1086,99.94996664442962
63,2026-10-07T04:19:49.639+00:00,2026-10-07T04:19:56.834+00:00,2026-10-07T04:20:26.833+00:00,True,492,492.0,,492.0,7194.993393,37193.878257,37193.878107,75.59731322560975,40.052178,7194.993393,322.6498829995954,129.00556505,61.09752518126273,25.774409455650044,13.227983288013377,6,14,100-300:300-600,False,True,,2276,99.94996664442962
64,2026-10-07T04:19:53.656+00:00,2026-10-07T04:20:01.213+00:00,2026-10-07T04:20:29.910+00:00,True,471,471.0,,471.0,7557.208979,36254.193555,36254.193566,76.97281011889596,0.018405,7557.208979,347.8062680055108,128.9278075,61.057413991489355,40.8476242949362,12.99160052437691,6,14,100-300:300-600,False,True,,2447,99.94996664442962
65,2026-10-07T04:19:57.337+00:00,2026-10-07T04:20:06.787+00:00,2026-10-07T04:20:36.130+00:00,True,476,476.0,,476.0,9450.175434,38793.12097,38793.121187000004,81.49815375420168,0.019226,9450.175434,432.23116282462814,130.62311825,61.774622181052635,40.67980227548829,12.27021668011982,6,14,100-300:300-600,False,True,,1691,99.94996664442962
66,2026-10-07T04:20:01.125+00:00,2026-10-07T04:20:11.586+00:00,2026-10-07T04:21:35.599+00:00,True,1373,1373.0,,1373.0,10460.676103,94473.894919,94473.894948,68.80837213983976,0.017863,10460.676103,282.4731978217486,129.8143786,61.23412450145773,31.998518877916887,14.533115218518112,6,14,1-100:1000-1500,False,True,,4963,99.94996664442962
67,2026-10-07T04:20:04.565+00:00,2026-10-07T04:20:13.716+00:00,2026-10-07T04:20:45.206+00:00,True,514,514.0,,514.0,9150.891904999999,40640.876161,40640.876115,79.06785236381323,0.017954,9150.891904999999,402.979243969625,129.5606055,61.38398490448343,40.716690211388105,12.647365129722454,6,14,100-300:300-600,False,True,,2574,99.94996664442962
68,2026-10-07T04:20:09.062+00:00,2026-10-07T04:20:18.475+00:00,2026-10-07T04:21:42.842+00:00,True,1371,1371.0,,1371.0,9412.739959,93779.440503,93779.440523,68.40221774106492,0.017473,9412.739959,255.5269941748708,131.45598600000002,61.58153324379562,38.90821229025477,14.619409037273385,6,14,1-100:1000-1500,False,True,,4357,99.94996664442962
69,2026-10-07T04:20:13.274+00:00,2026-10-07T04:20:25.056+00:00,2026-10-07T04:20:47.590+00:00,True,357,357.0,,357.0,11781.463515000001,34315.615195,34315.615251,96.12217157142858,0.017613,11781.463515000001,621.8374465672468,130.77122079999998,63.29817887640449,45.28354074836659,10.403427068736251,6,14,100-300:300-600,False,True,,1798,99.94996664442962
70,2026-10-07T04:20:17.042+00:00,2026-10-07T04:20:28.007+00:00,2026-10-07T04:20:59.556+00:00,True,515,515.0,,515.0,10965.01214,42514.408364,42514.408385,82.55224929126214,0.017984000000000003,10965.01214,481.94189572880936,130.1364702,61.38014829571985,37.655705681760935,12.113540322393087,6,14,100-300:300-600,False,True,,2384,99.94996664442962
71,2026-10-07T04:20:20.964+00:00,2026-10-07T04:20:31.327+00:00,2026-10-07T04:20:58.182+00:00,True,445,445.0,,445.0,10362.633922,37217.661378000004,37217.66139,83.63519413483147,39.760283,10362.633922,488.9833579777397,128.8269918,60.48429607207208,24.53700990684335,11.956688935405467,6,14,100-300:300-600,False,True,,1639,99.94996664442962
72,2026-10-07T04:20:23.698+00:00,2026-10-07T04:20:35.163+00:00,2026-10-07T04:21:04.864+00:00,True,484,484.0,,484.0,11464.07409,41165.576298,41165.576175,85.05284333677686,41.924347000000004,11464.07409,518.9446608425247,128.6643846,61.49379339130435,25.90345259998011,11.757396434737021,6,14,100-300:300-600,False,True,,2298,99.94996664442962
73,2026-10-07T04:20:28.121+00:00,2026-10-07T04:20:40.104+00:00,2026-10-07T04:21:02.648+00:00,True,370,370.0,,370.0,11983.365604,34527.181028,34527.180995,93.31670539189189,42.318839,11983.365604,620.3150907220939,127.72416725,61.09435074254742,25.077124409313196,10.716194863981121,6,14,100-300:300-600,False,True,,1572,99.94996664442962
74,2026-10-07T04:20:31.966+00:00,2026-10-07T04:20:43.509+00:00,2026-10-07T04:21:53.023+00:00,True,1136,1136.0,,1136.0,11543.112514,81057.84173000001,81057.841689,71.35373388116197,0.019986999999999998,11543.112514,342.44552324353947,132.22121225,61.246457459030836,34.92301170723215,14.014683536528942,6,14,1-100:1000-1500,False,True,,4208,99.94996664442962
75,2026-10-07T04:20:36.678+00:00,2026-10-07T04:20:47.721+00:00,2026-10-07T04:22:18.965+00:00,True,1490,1490.0,,1490.0,11043.937267000001,102287.005427,102287.005499,68.64899697919464,0.017743,11043.937267000001,286.52286573735483,129.029517,61.278084728005375,33.821653022757005,14.566855230338916,6,14,1-100:1000-1500,False,True,,6571,99.94996664442962
76,2026-10-07T04:20:39.939+00:00,2026-10-07T04:20:52.733+00:00,2026-10-07T04:21:23.818+00:00,True,513,513.0,,513.0,12794.204794,43878.765434,43878.765327,85.53365560818713,43.392852,12794.204794,562.7753204581763,130.312129,60.7120325,25.522009516380308,11.691304322853524,6,14,100-300:300-600,False,True,,2690,99.94996664442962
77,2026-10-07T04:20:43.173+00:00,2026-10-07T04:20:54.731+00:00,2026-10-07T04:21:25.055+00:00,True,500,500.0,,500.0,11557.870955,41882.028139,41882.028063,83.764056126,41.58764,11557.870955,514.7949763939167,128.36587125,60.7698540761523,25.465660474276767,11.938294829958497,6,14,100-300:300-600,False,True,,2129,99.94996664442962
78,2026-10-07T04:20:46.321+00:00,2026-10-07T04:20:58.857+00:00,2026-10-07T04:21:29.617+00:00,True,505,505.0,,505.0,12536.397486,43296.014766,43296.014794,85.73468276039604,41.804055999999996,12536.397486,555.7357786606831,129.2811724,61.030986666666664,25.610444907369835,11.663891070098495,6,14,100-300:300-600,False,True,,2593,99.94996664442962
79,2026-10-07T04:20:49.434+00:00,2026-10-07T04:21:02.018+00:00,2026-10-07T04:21:21.241+00:00,True,320,320.0,,320.0,12584.353668,31807.432836,31807.433009,99.398228153125,42.48935899999999,12584.353668,700.5601145991114,128.33592180000002,60.26043626332288,24.921333655532884,10.06054156114795,6,14,100-300:300-600,False,True,,1267,99.94996664442962
80,2026-10-07T04:20:54.073+00:00,2026-10-07T04:21:06.292+00:00,2026-10-07T04:21:33.187+00:00,True,442,442.0,,442.0,12219.784849,39114.425233,39114.425344,88.49417498642534,40.038287,12219.784849,578.9115747846661,130.48561770000003,60.98557910204082,25.857978171543063,11.30017883088038,6,14,100-300:300-600,False,True,,2139,99.94996664442962
81,2026-10-07T04:20:56.863+00:00,2026-10-07T04:21:09.903+00:00,2026-10-07T04:21:43.143+00:00,True,535,535.0,,535.0,13040.191409,46280.686001,46280.685919999996,86.5059549906542,0.017353,13040.191409,562.8773793439003,133.6801382,62.24811721348315,44.92079193237823,11.559897793832185,6,14,100-300:300-600,False,True,,2404,99.94996664442962
82,2026-10-07T04:21:00.802+00:00,2026-10-07T04:21:14.175+00:00,2026-10-07T04:21:41.617+00:00,True,439,439.0,,439.0,13372.486978,40814.782274,40814.782471,92.97216963781321,0.017002,13372.486978,637.1298986750747,135.77284599999996,62.6536422283105,49.045469185078105,10.755906942070192,6,14,100-300:300-600,False,True,,2293,99.94996664442962
83,2026-10-07T04:21:03.722+00:00,2026-10-07T04:21:17.621+00:00,2026-10-07T04:21:41.338+00:00,True,382,382.0,,382.0,13898.403338,37615.761161999995,37615.761115,98.47057883507854,0.017403,13898.403338,709.7171073738781,135.26971590000002,62.25028300262468,50.55217027014343,10.15531756368929,6,14,100-300:300-600,False,True,,1948,99.94996664442962
84,2026-10-07T04:21:07.201+00:00,2026-10-07T04:21:22.614+00:00,2026-10-07T04:21:47.095+00:00,True,392,392.0,,392.0,15413.689654,39894.785334,39894.785388,101.77241170408163,0.017603,15413.689654,776.9808494885972,134.1709356,62.6114979028133,50.43311990320443,9.82584557651251,6,14,100-300:300-600,False,True,,2127,99.94996664442962
85,2026-10-07T04:21:10.303+00:00,2026-10-07T04:21:27.706+00:00,2026-10-07T04:22:55.028+00:00,True,1431,1431.0,,1431.0,17403.362331999997,104725.35861999998,104725.35866499999,73.18333938853948,0.018244,17403.362331999997,459.7176887740752,129.05528550000002,61.06433306853147,34.20164767487114,13.664312243536342,6,14,1-100:1000-1500,False,True,,2223,99.94996664442962
86,2026-10-07T04:21:13.229+00:00,2026-10-07T04:21:29.887+00:00,2026-10-07T04:21:54.257+00:00,True,390,390.0,,390.0,16658.066032,41028.050032,41028.050063999995,105.20012836923077,0.018324,16658.066032,841.9240179257913,135.88628695,62.64777377892031,51.66035094179793,9.505691830243403,6,14,100-300:300-600,False,True,,1486,99.94996664442962
87,2026-10-07T04:21:17.783+00:00,2026-10-07T04:21:35.906+00:00,2026-10-07T04:21:57.284+00:00,True,344,344.0,,344.0,18122.675296999998,39500.834145,39500.834314,114.82800672674418,0.017672999999999998,18122.675296999998,975.187631946113,129.69362245,62.326993725947524,53.03344099712346,8.708676853183452,6,14,100-300:300-600,False,True,,1837,99.94996664442962
88,2026-10-07T04:21:21.210+00:00,2026-10-07T04:21:39.933+00:00,2026-10-07T04:22:10.660+00:00,True,497,497.0,,497.0,18722.802410999997,49450.524139,49450.524041,99.49803629979878,43.289544,18722.802410999997,837.4750138107877,129.68399440000002,61.95105187096774,26.591826060187554,10.050449588825135,6,14,100-300:300-600,False,True,,2022,99.94996664442962
89,2026-10-07T04:21:25.794+00:00,2026-10-07T04:21:43.674+00:00,2026-10-07T04:23:12.989+00:00,True,1469,1469.0,,1469.0,17880.276392,107195.2058,107195.205829,72.97154923689585,0.017301999999999998,17880.276392,466.3571823919537,128.67328179999998,60.84123256675749,36.53135606554531,13.703971078154318,6,14,1-100:1000-1500,False,True,,1469,99.94996664442962
90,2026-10-07T04:21:28.722+00:00,2026-10-07T04:21:46.023+00:00,2026-10-07T04:22:11.134+00:00,True,410,410.0,,410.0,17301.075311999997,42412.722799999996,42412.722927999996,103.44566567804877,42.704032,17301.075311999997,851.7979484926769,128.10163400000002,61.39767111980441,25.836225173389618,9.66691060919107,6,14,100-300:300-600,False,True,,1797,99.94996664442962
91,2026-10-07T04:21:33.404+00:00,2026-10-07T04:21:50.319+00:00,2026-10-07T04:22:19.648+00:00,True,480,480.0,,480.0,16915.440016,46243.994,46243.994149,96.34165447708334,41.836416,16915.440016,769.7136661078359,126.34058195,61.228713954070976,25.682510734609576,10.379726284022958,6,14,100-300:300-600,False,True,,1884,99.94996664442962
92,2026-10-07T04:21:36.409+00:00,2026-10-07T04:21:53.253+00:00,2026-10-07T04:23:22.981+00:00,True,1474,1474.0,,1474.0,16843.509357,106572.08868500001,106572.088714,72.30128135278154,0.017503,16843.509357,438.6697453619196,127.54644615000001,60.91553246978954,36.73775933855347,13.831013525096324,6,14,1-100:1000-1500,False,True,,1474,99.94996664442962
93,2026-10-07T04:21:40.098+00:00,2026-10-07T04:21:57.470+00:00,2026-10-07T04:22:20.301+00:00,True,376,376.0,,376.0,17371.479743,40202.855359,40202.855274,106.92248743085106,42.19097,17371.479743,893.0718606191452,123.0729035,60.88366830933333,24.89167129856997,9.352569528766738,6,14,100-300:300-600,False,True,,1726,99.94996664442962
94,2026-10-07T04:21:44.386+00:00,2026-10-07T04:22:02.985+00:00,2026-10-07T04:23:20.383+00:00,True,1267,1267.0,,1267.0,18598.626614,95997.430326,95997.430438,75.76750626519338,0.017883,18598.626614,522.2414753474798,127.4834083,61.13649582306478,38.924868373826115,13.198269950532676,6,14,1-100:1000-1500,False,True,,2752,99.94996664442962
95,2026-10-07T04:21:47.496+00:00,2026-10-07T04:22:05.854+00:00,2026-10-07T04:23:21.593+00:00,True,1238,1238.0,,1238.0,18357.640144,94097.30324800001,94097.303135,76.00751464862682,0.017943,18357.640144,521.4141619130149,127.8744542,61.22850695553759,38.355022903002265,13.156593837096102,6,14,1-100:1000-1500,False,True,,4677,99.94996664442962
96,2026-10-07T04:21:50.596+00:00,2026-10-07T04:22:09.357+00:00,2026-10-07T04:22:41.329+00:00,True,535,535.0,,535.0,18761.095313,50733.285777,50733.285781,94.82857155327103,38.496549,18761.095313,808.9000900648604,122.68485429999998,59.873015850187265,24.675463407572856,10.545344970393046,6,14,100-300:300-600,False,True,,544,99.94996664442962
97,2026-10-07T04:21:54.747+00:00,2026-10-07T04:22:11.037+00:00,2026-10-07T04:22:46.012+00:00,True,589,589.0,,589.0,16289.852116,51264.828628,51264.828708,87.03706062478777,32.570896,16289.852116,669.2047741187286,122.0834206,59.48125257142858,24.393842694505942,11.48935860634669,6,14,100-300:300-600,False,True,,2915,99.94996664442962
98,2026-10-07T04:21:58.778+00:00,2026-10-07T04:22:13.880+00:00,2026-10-07T04:23:19.726+00:00,True,1083,1083.0,,1083.0,15101.121673,80947.586953,80947.586916,74.74384756786704,0.017382,15101.121673,458.7670778552285,128.6947755,60.856252569316084,39.94485040698307,13.379027600029808,6,14,1-100:1000-1500,False,True,,1083,99.94996664442962
99,2026-10-07T04:22:02.589+00:00,2026-10-07T04:22:18.213+00:00,2026-10-07T04:22:35.773+00:00,True,306,306.0,,306.0,15623.314359,33183.965111,33183.965162,108.44433059477124,37.094131000000004,15623.314359,890.1197967879764,119.159716,57.57590410491803,22.58994544412944,9.221321170524178,6,14,100-300:300-600,False,True,,1386,99.94996664442962
100,2026-10-07T04:22:07.081+00:00,2026-10-07T04:22:22.173+00:00,2026-10-07T04:22:45.966+00:00,True,400,400.0,,400.0,15091.622586,38885.244858,38885.244898,97.213112245,38.203230000000005,15091.622586,752.0126081437309,128.4569041,59.63313852631578,24.95509661250015,10.286678185021293,6,14,100-300:300-600,False,True,,1597,99.94996664442962
101,2026-10-07T04:22:11.552+00:00,2026-10-07T04:22:29.649+00:00,2026-10-07T04:23:04.645+00:00,True,574,574.0,,574.0,18097.439044,53093.70938,53093.70931,92.49775141114982,0.017483000000000002,18097.439044,754.5001178530703,130.45567695000003,61.07551542059337,50.31871397770495,10.811073603688001,6,14,100-300:300-600,False,True,,2714,99.94996664442962
102,2026-10-07T04:22:14.665+00:00,2026-10-07T04:22:32.610+00:00,2026-10-07T04:23:04.803+00:00,True,526,526.0,,526.0,17945.355236000003,50137.963748,50137.963847000006,95.31932290304184,0.017582999999999998,17945.355236000003,781.4332605478314,131.25801625,61.31925430857143,50.837154185880806,10.491052302078822,6,14,100-300:300-600,False,True,,2556,99.94996664442962
103,2026-10-07T04:22:17.708+00:00,2026-10-07T04:22:36.187+00:00,2026-10-07T04:23:04.102+00:00,True,459,459.0,,459.0,18478.834328,46393.916824,46393.916721,101.0760712875817,0.017924,18478.834328,861.3206884647796,130.1286877,60.94996178165939,53.3055714449643,9.8935384511996,6,14,100-300:300-600,False,True,,1200,99.94996664442962
104,2026-10-07T04:22:21.769+00:00,2026-10-07T04:22:39.576+00:00,2026-10-07T04:23:13.395+00:00,True,547,547.0,,547.0,17806.900176,51626.720464,51626.720488,94.38157310420475,0.017773,17806.900176,760.3696851661463,131.53469800000002,61.941062798534794,50.11116920836534,10.595288546004591,6,14,100-300:300-600,False,True,,2802,99.94996664442962
105,2026-10-07T04:22:24.629+00:00,2026-10-07T04:22:42.302+00:00,2026-10-07T04:23:16.482+00:00,True,554,554.0,,554.0,17672.913188000002,51853.307684,51853.307688,93.59802831768954,0.017943,17672.913188000002,749.8981302274985,130.60374185,61.80903163833634,50.124016217698006,10.683985742551652,6,14,100-300:300-600,False,True,,2187,99.94996664442962
106,2026-10-07T04:22:27.301+00:00,2026-10-07T04:22:46.364+00:00,2026-10-07T04:24:12.807+00:00,True,1422,1422.0,,1422.0,19062.630674,105505.881618,105505.88181,74.1954161814346,0.018154,19062.630674,505.2724936020312,128.64697485,60.83268891203378,37.2213154097747,13.477921592547474,6,14,1-100:1000-1500,False,True,,6258,99.94996664442962
107,2026-10-07T04:22:31.524+00:00,2026-10-07T04:22:50.390+00:00,2026-10-07T04:23:17.416+00:00,True,439,439.0,,439.0,18865.75857,45891.91921,45891.919342,104.53740169020502,0.017533,18865.75857,899.1628247046724,131.96278830000003,61.70356310502283,55.23495461934811,9.56595425855148,6,14,100-300:300-600,False,True,,1786,99.94996664442962
108,2026-10-07T04:22:36.155+00:00,2026-10-07T04:22:57.316+00:00,2026-10-07T04:23:27.136+00:00,True,491,491.0,,491.0,21160.768743999997,50980.92388,50980.923877999994,103.83080219551934,0.018033999999999998,21160.768743999997,953.6939512818658,125.285601,60.85745946122449,52.954292763369914,9.631053394711449,6,14,100-300:300-600,False,True,,2437,99.94996664442962
109,2026-10-07T04:22:40.154+00:00,2026-10-07T04:23:01.455+00:00,2026-10-07T04:24:17.749+00:00,True,1249,1249.0,,1249.0,21300.486918000002,97594.65293400001,97594.652895,78.13823290232186,0.017342,21300.486918000002,602.2028935100741,127.22342560000001,61.133145846153845,38.372443009241756,12.797832283338892,6,14,1-100:1000-1500,False,True,,1249,99.94996664442962
110,2026-10-07T04:22:43.730+00:00,2026-10-07T04:23:05.810+00:00,2026-10-07T04:24:32.451+00:00,True,1416,1416.0,,1416.0,22079.627667,108720.293779,108720.293829,76.77986852330508,38.42122,22079.627667,585.7159181153919,129.7057185,61.23015272932862,26.149519639281284,13.024247367086394,6,14,1-100:1000-1500,False,True,,6381,99.94996664442962
111,2026-10-07T04:22:47.664+00:00,2026-10-07T04:23:08.689+00:00,2026-10-07T04:23:33.202+00:00,True,411,411.0,,411.0,21024.777072999997,45538.350961,45538.351052,110.79890766909975,42.969154,21024.777072999997,1034.4104635176564,121.46851350000001,59.789204604878044,24.261927645090452,9.025359753408486,6,14,100-300:300-600,False,True,,2307,99.94996664442962
112,2026-10-07T04:22:50.904+00:00,2026-10-07T04:23:11.191+00:00,2026-10-07T04:23:32.899+00:00,True,367,367.0,,367.0,20286.889872,41994.660496,41994.660482,114.42686779836512,41.532733,20286.889872,1056.1451019896415,119.4349597,59.31084869945356,24.092116838091467,8.739206262542755,6,14,100-300:300-600,False,True,,1196,99.94996664442962
113,2026-10-07T04:22:53.624+00:00,2026-10-07T04:23:13.147+00:00,2026-10-07T04:23:47.696+00:00,True,578,578.0,,578.0,19522.89047,54072.745446,54072.745484,93.5514627750865,39.750542,19522.89047,809.9340042188892,123.02747715,59.878431500866554,24.810207370584546,10.689303737632898,6,14,100-300:300-600,False,True,,1953,99.94996664442962
114,2026-10-07T04:22:57.427+00:00,2026-10-07T04:23:16.233+00:00,2026-10-07T04:24:29.942+00:00,True,1213,1213.0,,1213.0,18805.841666,92514.901506,92514.901496,76.26949834789778,41.038273999999994,18805.841666,538.8212426010278,127.26259,60.816055973597365,25.5675047105271,13.111401301349616,6,14,1-100:1000-1500,False,True,,1213,99.94996664442962
115,2026-10-07T04:23:00.889+00:00,2026-10-07T04:23:18.772+00:00,2026-10-07T04:24:26.487+00:00,True,1119,1119.0,,1119.0,17882.874344,85598.030824,85598.030819,76.49511243878463,38.854281,17882.874344,533.3872258624393,128.24119710000002,60.56811849731664,25.43123305747555,13.072730636768975,6,14,1-100:1000-1500,False,True,,1119,99.94996664442962
116,2026-10-07T04:23:03.633+00:00,2026-10-07T04:23:20.680+00:00,2026-10-07T04:23:42.254+00:00,True,373,373.0,,373.0,17047.489855,38621.178431,38621.178363,103.54203314477212,39.134669,17047.489855,879.9809626678093,118.00312840000001,57.993786494623656,22.93792156185683,9.657913485638353,6,14,100-300:300-600,False,True,,1392,99.94996664442962
117,2026-10-07T04:23:06.513+00:00,2026-10-07T04:23:23.127+00:00,2026-10-07T04:23:43.274+00:00,True,348,348.0,,348.0,16614.083194,36760.992121999996,36760.992257,105.63503522126436,41.63786,16614.083194,887.8084342702774,124.78916314999998,58.06025627665706,23.58588858387369,9.466556257379565,6,14,100-300:300-600,False,True,,1492,99.94996664442962
118,2026-10-07T04:23:10.306+00:00,2026-10-07T04:23:27.968+00:00,2026-10-07T04:24:03.604+00:00,True,593,593.0,,593.0,17662.000465999998,53297.599058,53297.598945,89.87790715851601,42.34359,17662.000465999998,723.2588593447454,126.62462899999998,60.19526789189189,25.22727393048781,11.12620475370157,6,14,100-300:300-600,False,True,,2998,99.94996664442962
119,2026-10-07T04:23:14.228+00:00,2026-10-07T04:23:33.365+00:00,2026-10-07T04:24:04.384+00:00,True,509,509.0,,509.0,19136.586125,50155.874957,50155.874805,98.53806444990177,38.989886,19136.586125,845.9119886866629,130.095459,61.06159218897638,26.173838564462567,10.148362488669166,6,14,100-300:300-600,False,True,,2297,99.94996664442962
120,2026-10-07T04:23:17.403+00:00,2026-10-07T04:23:37.552+00:00,2026-10-07T04:24:09.341+00:00,True,511,511.0,,511.0,20148.29637,51937.131954,51937.131873,101.63822284344423,42.699076999999996,20148.29637,888.963654392868,132.057009,62.33105016470588,27.116603322405133,9.83881821685082,6,14,100-300:300-600,False,True,,2788,99.94996664442962
121,2026-10-07T04:23:20.083+00:00,2026-10-07T04:23:40.643+00:00,2026-10-07T04:24:56.276+00:00,True,1224,1224.0,,1224.0,20560.661224,96193.749736,96193.749614,78.58966471732026,0.017442,20560.661224,587.8335134575723,131.64721995000002,61.84226370564186,47.41449670991341,12.724319442367308,6,14,1-100:1000-1500,False,True,,2448,99.94996664442962
122,2026-10-07T04:23:24.345+00:00,2026-10-07T04:23:44.229+00:00,2026-10-07T04:25:15.677+00:00,True,1482,1482.0,,1482.0,19884.327677,111332.210685,111332.21082000001,75.12294927125507,0.017914000000000003,19884.327677,516.7361150517902,129.85103669999998,61.74738893180284,43.3516424037376,13.311511474366805,6,14,1-100:1000-1500,False,True,,6937,99.94996664442962
123,2026-10-07T04:23:27.046+00:00,2026-10-07T04:23:47.105+00:00,2026-10-07T04:24:18.530+00:00,True,512,512.0,,512.0,20059.173249000003,51484.075905000005,51484.075707,100.55483536523438,41.781044,20059.173249000003,884.1626177734764,131.82320330000002,61.49687408219178,26.00732349425039,9.944822568919331,6,14,100-300:300-600,False,True,,608,99.94996664442962
124,2026-10-07T04:23:29.853+00:00,2026-10-07T04:23:50.002+00:00,2026-10-07T04:24:09.768+00:00,True,318,318.0,,318.0,20149.138654,39915.109341999996,39915.109437,125.51921206603772,44.033775999999996,20149.138654,1126.7391234261638,133.32583755,62.35321983596214,27.233532014134205,7.966907901349274,6,14,100-300:300-600,False,True,,1642,99.94996664442962
125,2026-10-07T04:23:34.450+00:00,2026-10-07T04:23:55.153+00:00,2026-10-07T04:24:14.396+00:00,True,308,308.0,,308.0,20703.247021000003,39945.522349000006,39945.522288,129.6932541818182,33.460775,20703.247021000003,1176.420018509644,133.1856412,62.678421263843646,27.243671179563194,7.710501249903181,6,14,100-300:300-600,False,True,,1374,99.94996664442962
126,2026-10-07T04:23:38.552+00:00,2026-10-07T04:24:02.699+00:00,2026-10-07T04:24:35.157+00:00,True,517,517.0,,517.0,24146.11852,56604.92812,56604.928216,109.48728861895552,40.553584,24146.11852,1059.5554476215389,132.69675900000001,62.90466976744186,28.286574128680915,9.133480373015974,6,14,100-300:300-600,False,True,,2365,99.94996664442962
127,2026-10-07T04:23:41.846+00:00,2026-10-07T04:24:04.073+00:00,2026-10-07T04:24:24.949+00:00,True,336,336.0,,336.0,22226.73316,43103.230824,43103.230671,128.28342461607141,39.660771000000004,22226.73316,1209.4680143264682,131.69228650000002,62.31790347462687,26.978447711791016,7.795239326071916,6,14,100-300:300-600,False,True,,1464,99.94996664442962
128,2026-10-07T04:23:44.643+00:00,2026-10-07T04:24:06.699+00:00,2026-10-07T04:25:37.938+00:00,True,1492,1492.0,,1492.0,22055.375235,113294.532483,113294.532411,75.93467319772118,0.017152,22055.375235,570.8592578173591,128.0751743,61.19326441851106,40.696126571084854,13.169214500478006,6,14,1-100:1000-1500,False,True,,1989,99.94996664442962
129,2026-10-07T04:23:49.318+00:00,2026-10-07T04:24:10.968+00:00,2026-10-07T04:24:38.226+00:00,True,443,443.0,,443.0,21649.956609,48907.933953,48907.934093,110.40165709480813,34.246818,21649.956609,1026.0300623887367,131.6064817,61.669632,26.425989432534394,9.057835083070945,6,14,100-300:300-600,False,True,,2345,99.94996664442962
130,2026-10-07T04:23:53.093+00:00,2026-10-07T04:24:14.983+00:00,2026-10-07T04:24:43.253+00:00,True,454,454.0,,454.0,21890.496793000002,50160.468761000004,50160.468666,110.48561380176211,36.866847,21890.496793000002,1024.8065333895445,131.47225995,62.406119134657835,27.32224350831414,9.050952098617289,6,14,100-300:300-600,False,True,,2011,99.94996664442962
131,2026-10-07T04:23:57.796+00:00,2026-10-07T04:24:20.533+00:00,2026-10-07T04:24:56.044+00:00,True,580,580.0,,580.0,22737.295622999998,58247.719175,58247.719056999995,100.42710182241379,0.017362,22737.295622999998,943.7229976507562,128.63338050000002,61.33061062521589,63.79226190640268,9.95747143776467,6,14,100-300:300-600,False,True,,3035,99.94996664442962
132,2026-10-07T04:24:00.429+00:00,2026-10-07T04:24:22.799+00:00,2026-10-07T04:24:52.364+00:00,True,483,483.0,,483.0,22369.401664999998,51935.148608999996,51935.148633,107.52618764596272,0.017623,22369.401664999998,1017.3261948150738,130.17327630000003,61.33972395020747,68.05662492564895,9.300060035185872,6,14,100-300:300-600,False,True,,1742,99.94996664442962
133,2026-10-07T04:24:04.221+00:00,2026-10-07T04:24:27.147+00:00,2026-10-07T04:25:02.677+00:00,True,577,577.0,,577.0,22926.613165,58456.528045,58456.528112,101.31114057538994,0.017753,22926.613165,953.9101929109892,129.713784,61.68388,62.26458761106491,9.870582795403514,6,14,100-300:300-600,False,True,,2136,99.94996664442962
134,2026-10-07T04:24:07.341+00:00,2026-10-07T04:24:30.574+00:00,2026-10-07T04:24:50.160+00:00,True,318,318.0,,318.0,23232.970608,42819.46456,42819.46471,134.65240474842767,0.017773,23232.970608,1301.49471064128,129.1041014,61.787047167192426,74.35966974650762,7.426529109312151,6,14,100-300:300-600,False,True,,1492,99.94996664442962
135,2026-10-07T04:24:11.831+00:00,2026-10-07T04:24:35.315+00:00,2026-10-07T04:24:59.966+00:00,True,403,403.0,,403.0,23483.952688999998,48135.076145,48135.076038,119.4418760248139,0.017703,23483.952688999998,1168.6027549977985,128.0141189,61.32120262686567,65.60475745646697,8.372273034034897,6,14,100-300:300-600,False,True,,2206,99.94996664442962
136,2026-10-07T04:24:15.572+00:00,2026-10-07T04:24:38.332+00:00,2026-10-07T04:25:09.117+00:00,True,500,500.0,,500.0,22759.584855,53545.365847,53545.365792000004,107.090731584,0.017403,22759.584855,1017.0486518705193,130.34985220000002,61.694951887775545,63.305442828611184,9.337876249248069,6,14,100-300:300-600,False,True,,2193,99.94996664442962
137,2026-10-07T04:24:18.638+00:00,2026-10-07T04:24:40.859+00:00,2026-10-07T04:25:17.074+00:00,True,593,593.0,,593.0,22221.048132,58436.474692,58436.474876,98.54380248903878,0.017032,22221.048132,911.8242560197887,129.1932616,61.174707027027026,57.74676625204208,10.147771629372128,6,14,100-300:300-600,False,True,,2974,99.94996664442962
138,2026-10-07T04:24:21.723+00:00,2026-10-07T04:24:44.091+00:00,2026-10-07T04:25:46.494+00:00,True,1038,1038.0,,1038.0,22368.829081,84771.124377,84771.124246,81.66774975529866,0.017343,22368.829081,693.981028432726,126.8840091,60.17579102796528,46.42291581142184,12.244735546785185,6,14,1-100:1000-1500,False,True,,1038,99.94996664442962
139,2026-10-07T04:24:25.043+00:00,2026-10-07T04:24:45.505+00:00,2026-10-07T04:25:12.356+00:00,True,441,441.0,,441.0,20461.510862,47312.603342,47312.603375,107.28481490929705,0.017672999999999998,20461.510862,973.8871452741906,129.917695,61.02521018181818,68.90981442917487,9.320983603718096,6,14,100-300:300-600,False,True,,1516,99.94996664442962
140,2026-10-07T04:24:27.962+00:00,2026-10-07T04:24:50.337+00:00,2026-10-07T04:25:11.756+00:00,True,348,348.0,,348.0,22374.917931,43794.064171,43794.064286,125.84501231609195,40.090333,22374.917931,1196.4121192758867,130.8616027,61.72664622478386,26.808029567636584,7.946282369254101,6,14,100-300:300-600,False,True,,1640,99.94996664442962
141,2026-10-07T04:24:30.717+00:00,2026-10-07T04:24:55.054+00:00,2026-10-07T04:25:15.281+00:00,True,325,325.0,,325.0,24336.847504999998,44564.570513,44564.570373999995,137.12175499692307,41.907708,24336.847504999998,1346.773984231263,131.1954156,62.43124385185185,27.08987129190811,7.29278878397793,6,14,100-300:300-600,False,True,,1381,99.94996664442962
142,2026-10-07T04:24:34.467+00:00,2026-10-07T04:24:58.690+00:00,2026-10-07T04:26:16.946+00:00,True,1301,1301.0,,1301.0,24222.759733,102478.407221,102478.407159,78.76895246656419,41.697514000000005,24222.759733,670.3596316656663,126.312861,60.19665191384616,25.062606048389767,12.695357346785514,6,14,1-100:1000-1500,False,True,,1304,99.94996664442962
143,2026-10-07T04:24:37.980+00:00,2026-10-07T04:25:01.182+00:00,2026-10-07T04:25:35.683+00:00,True,575,575.0,,575.0,23202.069482,57703.001577999996,57703.001471999996,100.35304603826087,41.554756999999995,23202.069482,965.4142105116811,127.17582689999999,60.10615347735192,25.171124353986503,9.964819580879931,6,14,100-300:300-600,False,True,,2355,99.94996664442962
144,2026-10-07T04:24:41.386+00:00,2026-10-07T04:25:05.628+00:00,2026-10-07T04:25:25.919+00:00,True,332,332.0,,332.0,24242.197664,44533.368224,44533.368216,134.13665125301205,43.212472999999996,24242.197664,1327.346925616064,128.7332207,61.302630090634445,25.691129661342472,7.455083979501869,6,14,100-300:300-600,False,True,,1352,99.94996664442962
145,2026-10-07T04:24:45.477+00:00,2026-10-07T04:25:08.968+00:00,2026-10-07T04:25:43.298+00:00,True,577,577.0,,577.0,23490.960092999998,57820.211165,57820.211184,100.20833827383015,41.926013,23490.960092999998,975.7608521580864,123.2561172,59.59939422222222,24.237280854982604,9.979209490491662,6,14,100-300:300-600,False,True,,2729,99.94996664442962
146,2026-10-07T04:24:49.668+00:00,2026-10-07T04:25:13.442+00:00,2026-10-07T04:25:32.032+00:00,True,310,310.0,,310.0,23774.548452,42364.424164,42364.424208,136.65943292903225,42.452479,23774.548452,1347.113897695788,125.22893215,60.161410071197416,24.781497486387817,7.31746048996055,6,14,100-300:300-600,False,True,,1381,99.94996664442962
147,2026-10-07T04:24:52.568+00:00,2026-10-07T04:25:15.226+00:00,2026-10-07T04:25:50.565+00:00,True,595,595.0,,595.0,22658.441648,57997.222832,57997.222823,97.47432407226891,41.147283,22658.441648,926.7871335815943,122.68373700000001,59.49289761616161,24.394318503866252,10.259111918574632,6,14,100-300:300-600,False,True,,3243,99.94996664442962
148,2026-10-07T04:24:56.584+00:00,2026-10-07T04:25:19.406+00:00,2026-10-07T04:26:38.265+00:00,True,1316,1316.0,,1316.0,22822.146162999998,101681.117811,101681.117749,77.26528704331307,35.943104,22822.146162999998,627.9474074705416,124.07016674999998,59.96879973231939,24.752767225127247,12.942422628025371,6,14,1-100:1000-1500,False,True,,1316,99.94996664442962
149,2026-10-07T04:25:00.124+00:00,2026-10-07T04:25:23.527+00:00,2026-10-07T04:25:52.653+00:00,True,495,495.0,,495.0,23402.526546,52528.511826,52528.511794,106.11820564444444,41.683589,23402.526546,1049.4960141581416,123.2863546,58.95948437246963,24.296182758384845,9.423453716710668,6,14,100-300:300-600,False,True,,1854,99.94996664442962
150,2026-10-07T04:25:02.815+00:00,2026-10-07T04:25:24.958+00:00,2026-10-07T04:25:58.265+00:00,True,570,570.0,,570.0,22143.437347,55449.933347,55449.933278,97.28058469824562,40.508105,22143.437347,925.3476539960632,124.00970635,58.53514235500879,24.083033246547014,10.279543465507857,6,14,100-300:300-600,False,True,,2822,99.94996664442962
151,2026-10-07T04:25:06.635+00:00,2026-10-07T04:25:28.905+00:00,2026-10-07T04:26:58.593+00:00,True,1495,1495.0,,1495.0,22270.338314,111958.76736999999,111958.767177,74.88880747625419,0.017763,22270.338314,576.3600045693237,125.33434869999999,60.03241570013387,47.19467503159618,13.35313022033676,6,14,1-100:1000-1500,False,True,,1495,99.94996664442962
152,2026-10-07T04:25:10.098+00:00,2026-10-07T04:25:31.205+00:00,2026-10-07T04:25:53.937+00:00,True,391,391.0,,391.0,21107.33407,43839.184821999996,43839.184752,112.12067711508952,41.655913999999996,21107.33407,1064.759255381122,122.85061249999998,58.2867968,23.702670374290104,8.918961463074078,6,14,100-300:300-600,False,True,,1757,99.94996664442962
153,2026-10-07T04:25:12.740+00:00,2026-10-07T04:25:35.631+00:00,2026-10-07T04:26:04.994+00:00,True,495,495.0,,495.0,22891.036809999998,52253.844874,52253.844742,105.56332271111111,41.757177000000006,22891.036809999998,1026.4872218831572,123.3840294,59.438882720647776,24.135468517242145,9.472987130298188,6,14,100-300:300-600,False,True,,2278,99.94996664442962
154,2026-10-07T04:25:17.194+00:00,2026-10-07T04:25:39.055+00:00,2026-10-07T04:26:03.062+00:00,True,410,410.0,,410.0,21861.485528999998,45868.207320999994,45868.20733,111.87367641463415,41.305129,21861.485528999998,1077.0232936766874,123.84402955,58.6961413007335,23.70550410714678,8.938653240373934,6,14,100-300:300-600,False,True,,2213,99.94996664442962
155,2026-10-07T04:25:21.175+00:00,2026-10-07T04:25:43.577+00:00,2026-10-07T04:26:17.792+00:00,True,574,574.0,,574.0,22401.822526,56617.425726,56617.425573,98.63662991811847,43.081038,22401.822526,932.8627268750712,125.04641905,59.713094589877834,24.495357311248323,10.138221451075376,6,14,100-300:300-600,False,True,,2756,99.94996664442962
156,2026-10-07T04:25:25.265+00:00,2026-10-07T04:25:46.722+00:00,2026-10-07T04:26:16.644+00:00,True,502,502.0,,502.0,21457.495863,51379.139895,51379.139788,102.34888403984064,41.893048,21457.495863,955.3529564385587,126.08322870000002,59.72384038323353,24.89050198329134,9.770502212102086,6,14,100-300:300-600,False,True,,2155,99.94996664442962
157,2026-10-07T04:25:29.882+00:00,2026-10-07T04:25:52.762+00:00,2026-10-07T04:27:08.499+00:00,True,1253,1253.0,,1253.0,22880.159337,98617.29879300001,98617.29883,78.70494719074222,0.017422999999999998,22880.159337,646.5852237144018,126.24277820000002,60.49292288817892,49.82083882009665,12.705681613020815,6,14,1-100:1000-1500,False,True,,2503,99.94996664442962
158,2026-10-07T04:25:33.094+00:00,2026-10-07T04:25:54.362+00:00,2026-10-07T04:26:12.791+00:00,True,308,308.0,,308.0,21267.100697,39696.746777,39696.746694,128.88554121428572,41.865773000000004,21267.100697,1208.634295064398,126.21851725,60.031420456026055,24.590929969684737,7.758822195940069,6,14,100-300:300-600,False,True,,1313,99.94996664442962
159,2026-10-07T04:25:36.717+00:00,2026-10-07T04:25:59.311+00:00,2026-10-07T04:26:30.472+00:00,True,513,513.0,,513.0,22593.414263,53754.745463,53754.745373,104.78507869980507,43.421910000000004,22593.414263,995.150457435692,128.4451564,60.861975,25.02039659873243,9.543343486820223,6,14,100-300:300-600,False,True,,1649,99.94996664442962
160,2026-10-07T04:25:41.225+00:00,2026-10-07T04:26:03.483+00:00,2026-10-07T04:26:37.988+00:00,True,566,566.0,,566.0,22258.273394,56763.145074,56763.145123,100.28824226678445,33.050372,22258.273394,933.3617051663978,127.19929075,61.070569345132746,25.34899564064509,9.971258626739706,6,14,100-300:300-600,False,True,,2996,99.94996664442962
161,2026-10-07T04:25:44.599+00:00,2026-10-07T04:26:07.049+00:00,2026-10-07T04:26:40.947+00:00,True,555,555.0,,555.0,22450.090465999998,56347.90627399999,56347.906129999996,101.5277587927928,38.475419,22450.090465999998,950.6934792059072,127.34193440000001,61.18739315523466,25.351711945986892,9.849523020451386,6,14,100-300:300-600,False,True,,2617,99.94996664442962
162,2026-10-07T04:25:48.240+00:00,2026-10-07T04:26:09.799+00:00,2026-10-07T04:27:23.656+00:00,True,1220,1220.0,,1220.0,21559.011467,95415.814027,95415.813941,78.20968355819672,0.017222,21559.011467,617.7095545071091,126.3752602,60.588025069729284,52.24418849681529,12.786140457333145,6,14,1-100:1000-1500,False,True,,3446,99.94996664442962
163,2026-10-07T04:25:52.700+00:00,2026-10-07T04:26:13.842+00:00,2026-10-07T04:26:38.036+00:00,True,400,400.0,,400.0,21142.859645,45336.839804999996,45336.839766,113.342099415,36.434434,21142.859645,1054.4064803840918,127.93920435,60.636541754385966,24.985253977911167,8.822846976552738,6,14,100-300:300-600,False,True,,1981,99.94996664442962
164,2026-10-07T04:25:56.704+00:00,2026-10-07T04:26:17.995+00:00,2026-10-07T04:27:27.781+00:00,True,1151,1151.0,,1151.0,21291.608256,91077.515712,91077.515859,79.12903202345787,0.017793,21291.608256,628.0556421465334,125.32410650000001,60.68339778782608,53.27744696190681,12.637586686483907,6,14,1-100:1000-1500,False,True,,3709,99.94996664442962
165,2026-10-07T04:25:59.778+00:00,2026-10-07T04:26:23.240+00:00,2026-10-07T04:26:49.138+00:00,True,423,423.0,,423.0,23461.965326,49359.688974000004,49359.689066,116.68957226004729,39.186941,23461.965326,1138.0651537025367,128.2537756,61.369013383886255,25.68650991127817,8.569746057816802,6,14,100-300:300-600,False,True,,1842,99.94996664442962
166,2026-10-07T04:26:03.313+00:00,2026-10-07T04:26:26.858+00:00,2026-10-07T04:26:47.991+00:00,True,346,346.0,,346.0,23545.345409,44678.208385000005,44678.208284,129.12776960693643,40.570004,23545.345409,1262.7807780452595,129.426635,61.254675292753625,26.064347822844013,7.744267563695861,6,14,100-300:300-600,False,True,,1362,99.94996664442962
167,2026-10-07T04:26:07.744+00:00,2026-10-07T04:26:30.747+00:00,2026-10-07T04:27:57.801+00:00,True,1428,1428.0,,1428.0,23003.076078000002,110057.45329399999,110057.453181,77.07104564495799,0.016932,23003.076078000002,609.1382077327559,129.20832615,61.0051697379117,49.665064691157156,12.975041283077283,6,14,1-100:1000-1500,False,True,,1428,99.94996664442962
168,2026-10-07T04:26:12.019+00:00,2026-10-07T04:26:34.475+00:00,2026-10-07T04:28:01.816+00:00,True,1429,1429.0,,1429.0,22455.484594999998,109796.935091,109796.935054,76.83480409657103,0.018143999999999997,22455.484594999998,594.4497756850973,129.3595514,61.163480739495796,49.229921196362106,13.014935242187232,6,14,1-100:1000-1500,False,True,,1429,99.94996664442962
169,2026-10-07T04:26:15.455+00:00,2026-10-07T04:26:39.047+00:00,2026-10-07T04:27:10.120+00:00,True,518,518.0,,518.0,23592.058732,54664.926316,54664.926388,105.53074592277993,0.018184000000000002,23592.058732,1036.2788410431774,117.35532764999999,60.102258382978725,69.728421954522,9.475911428209232,6,14,100-300:300-600,False,True,,1973,99.94996664442962
170,2026-10-07T04:26:19.655+00:00,2026-10-07T04:26:43.007+00:00,2026-10-07T04:27:08.206+00:00,True,419,419.0,,419.0,23352.32168,48551.459216,48551.459244,115.87460440095465,0.017092,23352.32168,1140.9104525318198,124.97524379999999,60.28501802870814,83.05710123793483,8.630018680507952,6,14,100-300:300-600,False,True,,1199,99.94996664442962
171,2026-10-07T04:26:22.497+00:00,2026-10-07T04:26:46.137+00:00,2026-10-07T04:27:11.310+00:00,True,419,419.0,,419.0,23639.765840999997,48812.892240999994,48812.892110999994,116.49854919093077,0.017152,23639.765840999997,1154.5867905208977,117.37142520000002,60.22279043062201,78.2856067412496,8.583797860845959,6,14,100-300:300-600,False,True,,1953,99.94996664442962
172,2026-10-07T04:26:25.418+00:00,2026-10-07T04:26:49.284+00:00,2026-10-07T04:28:12.154+00:00,True,1348,1348.0,,1348.0,23865.976975,106736.750991,106736.75082,79.18156589020772,0.018373999999999998,23865.976975,650.3153388196409,129.5157109,61.52247514179658,50.46687492558577,12.629202102223093,6,14,1-100:1000-1500,False,True,,5101,99.94996664442962
173,2026-10-07T04:26:28.924+00:00,2026-10-07T04:26:55.449+00:00,2026-10-07T04:27:20.243+00:00,True,408,408.0,,408.0,26524.86736,51319.050784,51319.05068,125.78198696078431,42.053293,26524.86736,1310.3968034522206,126.11184075,60.91936959213759,24.907176990738336,7.950263961764551,6,14,100-300:300-600,False,True,,1129,99.94996664442962
174,2026-10-07T04:26:32.601+00:00,2026-10-07T04:26:57.900+00:00,2026-10-07T04:27:30.707+00:00,True,540,540.0,,540.0,25299.200133000002,58105.698949,58105.698865000006,107.6031460462963,36.849682,25299.200133000002,1086.3699758442092,120.31336960000003,60.865489454545454,24.90488845004848,9.293408560044409,6,14,100-300:300-600,False,True,,2705,99.94996664442962
175,2026-10-07T04:26:35.581+00:00,2026-10-07T04:27:00.013+00:00,2026-10-07T04:27:18.093+00:00,True,306,306.0,,306.0,24431.433033,42512.074825,42512.074698000004,138.92834868627452,42.031262000000005,24431.433033,1393.4568427093295,118.1901735,59.280792760655736,23.267559590828295,7.197954963610741,6,14,100-300:300-600,False,True,,1433,99.94996664442962
176,2026-10-07T04:26:39.136+00:00,2026-10-07T04:27:04.575+00:00,2026-10-07T04:27:26.586+00:00,True,363,363.0,,363.0,25439.277914000002,47450.553434,47450.553468000006,130.71777814876035,40.804023,25439.277914000002,1332.2537709282901,126.3201679,60.804628508287294,24.754903759698703,7.650068834389983,6,14,100-300:300-600,False,True,,1682,99.94996664442962
177,2026-10-07T04:26:42.618+00:00,2026-10-07T04:27:08.145+00:00,2026-10-07T04:27:44.307+00:00,True,589,589.0,,589.0,25527.53974,61689.16534,61689.165293,104.73542494567063,42.508917000000004,25527.53974,1049.629023776406,128.61528959999998,61.49936326530612,25.90239443093053,9.54786787523749,6,14,100-300:300-600,False,True,,2663,99.94996664442962
178,2026-10-07T04:26:45.932+00:00,2026-10-07T04:27:12.128+00:00,2026-10-07T04:27:39.211+00:00,True,438,438.0,,438.0,26196.096404,53278.868372,53278.868519,121.64125232648402,43.185385000000004,26196.096404,1249.0064001925641,130.49290625,61.974306562929065,25.986469593988488,8.22089532648905,6,14,100-300:300-600,False,True,,2074,99.94996664442962
179,2026-10-07T04:26:49.869+00:00,2026-10-07T04:27:16.130+00:00,2026-10-07T04:27:41.360+00:00,True,406,406.0,,406.0,26260.269545000003,51490.615017000004,51490.615112,126.82417515270937,40.292894999999994,26260.269545000003,1300.4502494719932,129.05250425000003,62.29714931358024,26.369158542579115,7.884932037924894,6,14,100-300:300-600,False,True,,2089,99.94996664442962
180,2026-10-07T04:26:52.984+00:00,2026-10-07T04:27:19.800+00:00,2026-10-07T04:27:38.863+00:00,True,306,306.0,,306.0,26816.35993,45879.462138,45879.462187,149.93288296405228,42.126431,26816.35993,1529.6433303755255,129.80982325,62.50197445245902,26.398866367175046,6.669650988487794,6,14,100-300:300-600,False,True,,1504,99.94996664442962
181,2026-10-07T04:26:56.818+00:00,2026-10-07T04:27:24.535+00:00,2026-10-07T04:27:48.470+00:00,True,387,387.0,,387.0,27717.520765999998,51652.125054,51652.125041,133.4680233617571,43.491769999999995,27717.520765999998,1406.056840953623,130.0986811,62.00674686010363,26.444602471810533,7.4924313296966725,6,14,100-300:300-600,False,True,,2033,99.94996664442962
182,2026-10-07T04:26:59.395+00:00,2026-10-07T04:27:26.736+00:00,2026-10-07T04:28:28.961+00:00,True,1008,1008.0,,1008.0,27340.847298999997,89565.505475,89565.50545699999,88.85466811210317,37.191673,27340.847298999997,859.6139088905817,132.32558365,61.792113382323734,26.378758826966695,11.254332732832713,6,14,1-100:1000-1500,False,True,,4486,99.94996664442962
183,2026-10-07T04:27:02.354+00:00,2026-10-07T04:27:30.456+00:00,2026-10-07T04:28:38.139+00:00,True,1092,1092.0,,1092.0,28101.32279,95784.92701399999,95784.926866,87.715134492674,35.900644,28101.32279,848.922138268174,131.78829660000002,62.03813402749771,26.54645079399535,11.4005411294033,6,14,1-100:1000-1500,False,True,,5558,99.94996664442962
184,2026-10-07T04:27:05.945+00:00,2026-10-07T04:27:33.117+00:00,2026-10-07T04:28:03.373+00:00,True,493,493.0,,493.0,27171.498508,57427.641356,57427.641243,116.48608771399594,42.133773999999995,27171.498508,1221.256910556491,132.572719,61.49622530081301,26.354346898260705,8.584716146425743,6,14,100-300:300-600,False,True,,2214,99.94996664442962
185,2026-10-07T04:27:10.014+00:00,2026-10-07T04:27:38.413+00:00,2026-10-07T04:27:56.721+00:00,True,301,301.0,,301.0,28398.521333999997,46706.173941999994,46706.174030999995,155.17001339202656,42.301288,28398.521333999997,1633.56510267831,132.377031,61.025508693333336,26.7924690681342,6.444544148998023,6,14,100-300:300-600,False,True,,1445,99.94996664442962
186,2026-10-07T04:27:14.337+00:00,2026-10-07T04:27:43.417+00:00,2026-10-07T04:28:08.633+00:00,True,412,412.0,,412.0,29079.282341,54295.84349299999,54295.84343,131.78602774271843,44.622819,29079.282341,1429.84806958969,133.99989265,61.354163386861316,26.083939503832582,7.58805782348913,6,14,100-300:300-600,False,True,,1591,99.94996664442962
187,2026-10-07T04:27:18.530+00:00,2026-10-07T04:27:48.114+00:00,2026-10-07T04:28:18.482+00:00,True,492,492.0,,492.0,29584.158825,59952.664936999994,59952.664923,121.85501000609756,40.816936999999996,29584.158825,1331.2196717983225,132.8453787,61.85031794704685,25.887221052079965,8.206474232913715,6,14,100-300:300-600,False,True,,2118,99.94996664442962
188,2026-10-07T04:27:21.940+00:00,2026-10-07T04:27:54.895+00:00,2026-10-07T04:28:24.140+00:00,True,473,473.0,,473.0,32954.957219,62199.656867000005,62199.656867000005,131.50033164270613,36.178775,32954.957219,1512.649891800923,132.5965596,61.95910942372882,26.30342578530079,7.6045435590007235,6,14,100-300:300-600,False,True,,2682,99.94996664442962
189,2026-10-07T04:27:24.732+00:00,2026-10-07T04:27:57.940+00:00,2026-10-07T04:28:19.528+00:00,True,348,348.0,,348.0,33208.571054,54796.315054,54796.314973,157.4606752097701,44.005472000000005,33208.571054,1777.0268988686087,132.64312205,62.212518731988474,26.401810699166024,6.350792013241351,6,14,100-300:300-600,False,True,,1333,99.94996664442962
190,2026-10-07T04:27:28.115+00:00,2026-10-07T04:28:01.145+00:00,2026-10-07T04:28:33.844+00:00,True,535,535.0,,535.0,33030.137748,65729.66005199999,65729.659989,122.85917754953272,37.833366000000005,33030.137748,1425.5969635256104,129.5106199,61.235060494382026,25.463590043195662,8.139400075654603,6,14,100-300:300-600,False,True,,2254,99.94996664442962
191,2026-10-07T04:27:31.523+00:00,2026-10-07T04:28:07.227+00:00,2026-10-07T04:28:43.280+00:00,True,581,581.0,,581.0,35703.871561,71756.687945,71756.687749,123.50548665920826,35.94126,35703.871561,1478.9058083234636,130.620699,62.160028248275864,26.57937023493907,8.096806257910403,6,14,100-300:300-600,False,True,,3245,99.94996664442962
192,2026-10-07T04:27:34.791+00:00,2026-10-07T04:28:10.132+00:00,2026-10-07T04:29:15.658+00:00,True,1078,1078.0,,1078.0,35340.870090000004,100867.39348200001,100867.39344700001,93.5690106187384,31.867566999999998,35340.870090000004,1074.8229910746275,125.3199051,60.841711598885794,25.000059021994627,10.687299064512569,6,14,1-100:1000-1500,False,True,,3003,99.94996664442962
193,2026-10-07T04:27:38.168+00:00,2026-10-07T04:28:13.090+00:00,2026-10-07T04:28:35.495+00:00,True,370,370.0,,370.0,34922.425592,57327.258104,57327.257961,154.93853502972974,36.190186999999995,34922.425592,1812.5465909300574,131.02342185,60.71770328455284,25.054310312883445,6.454172277501326,6,14,100-300:300-600,False,True,,1877,99.94996664442962
194,2026-10-07T04:27:41.561+00:00,2026-10-07T04:28:17.247+00:00,2026-10-07T04:28:40.961+00:00,True,386,386.0,,386.0,35685.355511,59400.124150999996,59400.124129,153.88633194041452,40.17267,35685.355511,1813.396009076875,131.66305599999998,61.59680166233766,26.588754422883017,6.498302916316409,6,14,100-300:300-600,False,True,,1849,99.94996664442962
195,2026-10-07T04:27:44.722+00:00,2026-10-07T04:28:21.402+00:00,2026-10-07T04:28:50.508+00:00,True,473,473.0,,473.0,36679.728968,65785.388104,65785.388041,139.08115864904863,33.948816,36679.728968,1683.9039060938699,129.791607,61.66453206779661,26.206762792815457,7.19004650777822,6,14,100-300:300-600,False,True,,1266,99.94996664442962
196,2026-10-07T04:27:49.347+00:00,2026-10-07T04:28:27.130+00:00,2026-10-07T04:29:01.965+00:00,True,570,570.0,,570.0,37782.904695,72617.40479100001,72617.404951,127.39895605438596,39.651383,37782.904695,1580.1978641299513,127.76709780000002,61.220562558875216,25.807272984951354,7.849357900361706,6,14,100-300:300-600,False,True,,2202,99.94996664442962
197,2026-10-07T04:27:54.014+00:00,2026-10-07T04:28:30.086+00:00,2026-10-07T04:29:03.395+00:00,True,551,551.0,,551.0,36071.525295,69381.187503,69381.18739199999,125.91867040290381,41.695763,36071.525295,1534.3230827026343,125.8158505,60.56302219636363,25.073407392967756,7.941634034098582,6,14,100-300:300-600,False,True,,2343,99.94996664442962
198,2026-10-07T04:27:57.904+00:00,2026-10-07T04:28:34.746+00:00,2026-10-07T04:29:00.136+00:00,True,417,417.0,,417.0,36842.112174,62232.12459000001,62232.12446,149.23770853717028,40.888201,36842.112174,1801.3612863349447,127.7127466,61.0336836923077,25.785838026309307,6.700719326992207,6,14,100-300:300-600,False,True,,1637,99.94996664442962
199,2026-10-07T04:28:00.712+00:00,2026-10-07T04:28:38.085+00:00,2026-10-07T04:29:55.417+00:00,True,1285,1285.0,,1285.0,37373.112028999996,114705.248989,114705.249031,89.26478523813229,0.017543,37373.112028999996,1042.4880902097304,125.6642666,60.227520996884735,57.61872997717757,11.202625959368511,6,14,1-100:1000-1500,False,True,,6642,99.94996664442962
200,2026-10-07T04:28:04.766+00:00,2026-10-07T04:28:41.706+00:00,2026-10-07T04:29:09.288+00:00,True,463,463.0,,463.0,36940.125056000004,64521.37484800001,64521.37491400001,139.355021412527,40.904871,36940.125056000004,1714.1546636404282,118.5929637,59.69967487445887,24.58578023252518,7.175916525194004,6,14,100-300:300-600,False,True,,1310,99.94996664442962
201,2026-10-07T04:28:08.561+00:00,2026-10-07T04:28:44.850+00:00,2026-10-07T04:29:13.548+00:00,True,481,481.0,,481.0,36289.493227,64987.646187,64987.646214,135.1094515883576,42.493108,36289.493227,1652.1020378176202,113.76269,59.787818666666666,23.70114073299516,7.40140670145118,6,14,100-300:300-600,False,True,,2470,99.94996664442962
202,2026-10-07T04:28:11.215+00:00,2026-10-07T04:28:48.244+00:00,2026-10-07T04:29:14.327+00:00,True,436,436.0,,436.0,37028.848214000005,63112.368214,63112.368063,144.75313775917434,36.972223,37028.848214000005,1770.65140370713,117.0520105,59.962114942528736,24.04256245896433,6.908313098339473,6,14,100-300:300-600,False,True,,1470,99.94996664442962
203,2026-10-07T04:28:14.403+00:00,2026-10-07T04:28:51.113+00:00,2026-10-07T04:30:03.252+00:00,True,1193,1193.0,,1193.0,36710.017737,108848.783817,108848.783795,91.23955054065381,0.016751000000000002,36710.017737,1062.742206167703,126.8272762,60.51909906040268,59.45432550504468,10.960159205873252,6,14,1-100:1000-1500,False,True,,1193,99.94996664442962
204,2026-10-07T04:28:18.105+00:00,2026-10-07T04:28:55.541+00:00,2026-10-07T04:29:25.292+00:00,True,501,501.0,,501.0,37435.924592,67186.981232,67186.981129,134.10575075648703,0.016801,37435.924592,1672.1933093963307,126.22157700000001,59.50211328,88.48186312280076,7.456801761490398,6,14,100-300:300-600,False,True,,2608,99.94996664442962
205,2026-10-07T04:28:21.607+00:00,2026-10-07T04:28:58.385+00:00,2026-10-07T04:29:17.977+00:00,True,326,326.0,,326.0,36778.002853,56369.31882099999,56369.318816,172.91202090797546,43.124238,36778.002853,2033.7521827628561,121.220961,60.28097220923077,24.377199415452527,5.78328790942478,6,14,100-300:300-600,False,True,,1370,99.94996664442962
206,2026-10-07T04:28:25.442+00:00,2026-10-07T04:29:01.920+00:00,2026-10-07T04:29:27.086+00:00,True,426,426.0,,426.0,36477.741846000004,61644.623638000005,61644.623694,144.70568942253522,0.017263,36477.741846000004,1766.9046135149902,124.908796,59.216192451764705,92.5777801832691,6.910578325558921,6,14,100-300:300-600,False,True,,1924,99.94996664442962
207,2026-10-07T04:28:29.622+00:00,2026-10-07T04:29:05.881+00:00,2026-10-07T04:30:19.211+00:00,True,1202,1202.0,,1202.0,36258.480934,109589.246246,109589.246291,91.17241787936771,0.017162,36258.480934,1045.7357981736739,127.44971874999999,61.058089352206494,59.204693753909986,10.96822946753202,6,14,1-100:1000-1500,False,True,,4500,99.94996664442962
208,2026-10-07T04:28:32.336+00:00,2026-10-07T04:29:08.329+00:00,2026-10-07T04:30:37.237+00:00,True,1447,1447.0,,1447.0,35992.062815,124900.261983,124900.262039,86.31669802280581,0.017402,35992.062815,946.201958172105,128.5779195,61.48561491562932,55.72383646143195,11.585243914035576,6,14,1-100:1000-1500,False,True,,3223,99.94996664442962
209,2026-10-07T04:28:36.040+00:00,2026-10-07T04:29:11.427+00:00,2026-10-07T04:29:40.983+00:00,True,504,504.0,,504.0,35386.64149,64943.094866,64943.095053000005,128.85534732738097,0.017102,35386.64149,1575.9933948795579,126.05565279999999,58.760344683896626,86.38347868079124,7.760640311951961,6,14,100-300:300-600,False,True,,2665,99.94996664442962
210,2026-10-07T04:28:40.257+00:00,2026-10-07T04:29:15.807+00:00,2026-10-07T04:29:36.739+00:00,True,361,361.0,,361.0,35549.087019,56481.672747,56481.672658999996,156.458927033241,0.016922,35549.087019,1870.6780444834412,126.117542,58.14607146666667,101.23761763154664,6.391453766198424,6,14,100-300:300-600,False,True,,1155,99.94996664442962
211,2026-10-07T04:28:44.743+00:00,2026-10-07T04:29:21.295+00:00,2026-10-07T04:29:53.276+00:00,True,548,548.0,,548.0,36551.978796999996,68533.255469,68533.255532,125.06068527737226,0.017492999999999998,36551.978796999996,1559.1630478700795,128.58746570000002,58.46668495795247,27.236245467622247,7.996118034227627,6,14,100-300:300-600,False,True,,2117,99.94996664442962
212,2026-10-07T04:28:49.324+00:00,2026-10-07T04:29:26.220+00:00,2026-10-07T04:29:52.767+00:00,True,439,439.0,,439.0,36896.203825000004,63443.766833,63443.766788,144.51883095216402,43.565263,36896.203825000004,1758.2469436071412,128.8424904,60.610874447488584,25.187851154418436,6.919513482791127,6,14,100-300:300-600,False,True,,2262,99.94996664442962
213,2026-10-07T04:28:52.754+00:00,2026-10-07T04:29:30.338+00:00,2026-10-07T04:29:53.637+00:00,True,380,380.0,,380.0,37583.89111,60883.773094,60883.773094,160.2204555105263,45.259568,37583.89111,1925.0311349770361,131.51182225,61.47726117150396,25.760808811609596,6.241400305682573,6,14,100-300:300-600,False,True,,1656,99.94996664442962
214,2026-10-07T04:28:55.617+00:00,2026-10-07T04:29:32.016+00:00,2026-10-07T04:30:56.111+00:00,True,1370,1370.0,,1370.0,36398.706527999995,120494.66735999999,120494.66738,87.95231195620438,38.783222,36398.706527999995,982.0816087015564,130.45335865,61.42875152081812,26.283228742358858,11.369797767953273,6,14,1-100:1000-1500,False,True,,2176,99.94996664442962
215,2026-10-07T04:28:58.422+00:00,2026-10-07T04:29:37.366+00:00,2026-10-07T04:31:04.035+00:00,True,1398,1398.0,,1398.0,38944.014707,125613.06584299999,125613.065827,89.85197841702433,38.201051,38944.014707,1040.2398744369852,129.091952,62.039406682891915,26.30140688960511,11.12941548411308,6,14,1-100:1000-1500,False,True,,1398,99.94996664442962
216,2026-10-07T04:29:01.580+00:00,2026-10-07T04:29:42.025+00:00,2026-10-07T04:30:04.377+00:00,True,352,352.0,,352.0,40445.313560999995,62797.030936999996,62797.030957999996,178.4006561306818,42.197531000000005,40445.313560999995,2152.5296433891713,134.22989470000002,63.68010648433048,27.980582982271173,5.605360552048038,6,14,100-300:300-600,False,True,,1547,99.94996664442962
217,2026-10-07T04:29:06.072+00:00,2026-10-07T04:29:46.432+00:00,2026-10-07T04:30:05.737+00:00,True,305,305.0,,305.0,40359.863363,59664.774210999996,59664.774214,195.62221053770492,42.127078000000004,40359.863363,2307.521699147773,132.8873878,63.50299621052632,27.11714021724015,5.1118939782021195,6,14,100-300:300-600,False,True,,1154,99.94996664442962
218,2026-10-07T04:29:09.948+00:00,2026-10-07T04:29:51.696+00:00,2026-10-07T04:31:08.123+00:00,True,1234,1234.0,,1234.0,41748.201027,118174.889283,118174.889244,95.76571251539708,37.954631,41748.201027,1186.9765610597262,129.03669165,61.98433759610706,26.385695331265573,10.442150675892501,6,14,1-100:1000-1500,False,True,,2359,99.94996664442962
219,2026-10-07T04:29:14.148+00:00,2026-10-07T04:29:56.057+00:00,2026-10-07T04:31:19.306+00:00,True,1342,1342.0,,1342.0,41908.898299,125157.60613900001,125157.606007,93.26200149552906,40.494929,41908.898299,1142.6263193903424,129.59485110000003,62.079573333333336,26.64606296291307,10.72248056989501,6,14,1-100:1000-1500,False,True,,5907,99.94996664442962
220,2026-10-07T04:29:18.719+00:00,2026-10-07T04:30:01.743+00:00,2026-10-07T04:30:32.115+00:00,True,485,485.0,,485.0,43024.320296,73396.46852,73396.468567,151.33292488041238,41.070157,43024.320296,1950.9759218828087,131.1511628,62.75237236363637,27.371079524826886,6.6079473546856144,6,14,100-300:300-600,False,True,,2245,99.94996664442962
221,2026-10-07T04:29:21.462+00:00,2026-10-07T04:30:03.412+00:00,2026-10-07T04:30:28.454+00:00,True,400,400.0,,400.0,41950.105041,66991.363793,66991.363777,167.4784094425,36.971928,41950.105041,2094.5469163549747,131.68627455,62.76004699749374,27.46814813490349,5.970918896889161,6,14,100-300:300-600,False,True,,1938,99.94996664442962
222,2026-10-07T04:29:24.725+00:00,2026-10-07T04:30:06.708+00:00,2026-10-07T04:30:27.381+00:00,True,332,332.0,,332.0,41982.228898,62655.616930000004,62655.617004,188.72173796385542,42.724587,41982.228898,2300.8032619735736,131.57324979999999,62.45736565558913,26.911110749020075,5.2988066556094475,6,14,100-300:300-600,False,True,,1538,99.94996664442962
223,2026-10-07T04:29:28.494+00:00,2026-10-07T04:30:11.743+00:00,2026-10-07T04:31:29.000+00:00,True,1252,1252.0,,1252.0,43249.497221,120506.673797,120506.673706,96.2513368258786,38.92522,43249.497221,1220.8466116015159,129.0936527,61.75633619184652,26.568045031337284,10.389466081430989,6,14,1-100:1000-1500,False,True,,1669,99.94996664442962
224,2026-10-07T04:29:32.386+00:00,2026-10-07T04:30:15.118+00:00,2026-10-07T04:30:42.259+00:00,True,441,441.0,,441.0,42731.735821999995,69873.350926,69873.35107599999,158.44297296145123,42.34675,42731.735821999995,2032.0822694831545,129.099168,61.68548887272728,26.70710450963538,6.311419076881614,6,14,100-300:300-600,False,True,,2201,99.94996664442962
225,2026-10-07T04:29:34.962+00:00,2026-10-07T04:30:17.780+00:00,2026-10-07T04:30:51.654+00:00,True,560,560.0,,560.0,42818.686141000006,76691.994045,76691.994007,136.9499892982143,42.589203999999995,42818.686141000006,1807.0405087760112,127.1410438,60.596257431127015,25.628933720964557,7.301935579760944,6,14,100-300:300-600,False,True,,2752,99.94996664442962
226,2026-10-07T04:29:37.626+00:00,2026-10-07T04:30:20.268+00:00,2026-10-07T04:30:56.159+00:00,True,598,598.0,,598.0,42642.238013999995,78533.43750199999,78533.43761699999,131.32681875752507,40.950142,42642.238013999995,1741.492597853341,127.18097360000002,60.1192621239531,25.077830524643808,7.614590918483238,6,14,100-300:300-600,False,True,,2967,99.94996664442962
227,2026-10-07T04:29:41.852+00:00,2026-10-07T04:30:25.372+00:00,2026-10-07T04:30:56.474+00:00,True,520,520.0,,520.0,43520.087718999996,74622.343847,74622.343922,143.5045075423077,42.540613,43520.087718999996,1906.0178482781062,127.46505799999998,59.92727577649326,25.00694273656737,6.968422233777173,6,14,100-300:300-600,False,True,,2541,99.94996664442962
228,2026-10-07T04:29:45.362+00:00,2026-10-07T04:30:27.965+00:00,2026-10-07T04:31:51.473+00:00,True,1384,1384.0,,1384.0,42602.797295000004,126110.750447,126110.75031,91.12048432803468,39.740177,42602.797295000004,1143.8234141054272,124.86105015000001,60.381744867678954,25.14414409184245,10.974480725032617,6,14,1-100:1000-1500,False,True,,5639,99.94996664442962
229,2026-10-07T04:29:48.978+00:00,2026-10-07T04:30:30.464+00:00,2026-10-07T04:30:58.673+00:00,True,474,474.0,,474.0,41485.919457,69695.343329,69695.343403,147.03658945780592,42.67161,41485.919457,1902.9376832064318,127.73568795,59.639373936575055,25.132435636312525,6.801028266156345,6,14,100-300:300-600,False,True,,2378,99.94996664442962
230,2026-10-07T04:29:52.345+00:00,2026-10-07T04:30:35.266+00:00,2026-10-07T04:31:06.549+00:00,True,518,518.0,,518.0,42920.94977000001,74203.834122,74203.83402800001,143.25064484169886,42.228339,42920.94977000001,1883.3537977345004,128.8336655,60.50848037137331,25.634122182579915,6.980771359446816,6,14,100-300:300-600,False,True,,2464,99.94996664442962
231,2026-10-07T04:29:55.936+00:00,2026-10-07T04:30:39.141+00:00,2026-10-07T04:31:12.030+00:00,True,539,539.0,,539.0,43205.175883,76094.195275,76094.19515300001,141.17661438404454,41.279311,43205.175883,1858.5295637158251,130.2679913,61.132006304832714,26.17861893635945,7.0833261072291425,6,14,100-300:300-600,False,True,,2658,99.94996664442962
232,2026-10-07T04:30:00.495+00:00,2026-10-07T04:30:44.313+00:00,2026-10-07T04:31:21.198+00:00,True,594,594.0,,594.0,43818.38,80702.97136,80702.97145299999,135.8635883047138,44.258832999999996,43818.38,1795.536487296898,129.50377584999998,62.19998543001686,26.732404272605407,7.3603237896939815,6,14,100-300:300-600,False,True,,3032,99.94996664442962
233,2026-10-07T04:30:03.186+00:00,2026-10-07T04:30:45.883+00:00,2026-10-07T04:31:04.393+00:00,True,303,303.0,,303.0,42697.235124,61206.968244,61206.968306999996,202.00319573267328,42.505567,42697.235124,2449.51207982949,127.91942519999999,61.29050701986755,26.331193019703353,4.950416736736548,6,14,100-300:300-600,False,True,,1433,99.94996664442962
234,2026-10-07T04:30:05.911+00:00,2026-10-07T04:30:51.804+00:00,2026-10-07T04:32:16.346+00:00,True,1393,1393.0,,1393.0,45893.263639,130434.898199,130434.89833,93.6359643431443,40.311174,45893.263639,1228.2660062171167,126.1203518,60.73393287356321,25.583624406619958,10.679657202436331,6,14,1-100:1000-1500,False,True,,6457,99.94996664442962
235,2026-10-07T04:30:10.463+00:00,2026-10-07T04:30:56.675+00:00,2026-10-07T04:31:16.977+00:00,True,320,320.0,,320.0,46212.070428000006,66514.785052,66514.785092,207.8587034125,41.013281,46212.070428000006,2579.915621618988,129.5777041,63.64487342946708,26.938800086994412,4.81096044661093,6,14,100-300:300-600,False,True,,1336,99.94996664442962
236,2026-10-07T04:30:14.594+00:00,2026-10-07T04:31:00.310+00:00,2026-10-07T04:32:13.689+00:00,True,1215,1215.0,,1215.0,45716.514077,119095.622941,119095.622919,98.02108882222223,38.491384,45716.514077,1310.054101913575,125.76171210000001,60.44407649423393,24.971132506422826,10.201886265811057,6,14,1-100:1000-1500,False,True,,1215,99.94996664442962
237,2026-10-07T04:30:19.168+00:00,2026-10-07T04:31:03.281+00:00,2026-10-07T04:31:30.158+00:00,True,438,438.0,,438.0,44113.579669,70990.458005,70990.45784999999,162.07867089041096,41.920059,44113.579669,2105.049923705608,126.1729891,61.50315408695652,26.006764828241664,6.169843276249194,6,14,100-300:300-600,False,True,,1776,99.94996664442962
238,2026-10-07T04:30:23.433+00:00,2026-10-07T04:31:07.819+00:00,2026-10-07T04:32:32.289+00:00,True,1401,1401.0,,1401.0,44385.073081,128855.59596100001,128855.59598700001,91.97401569379015,0.013986,44385.073081,1185.874775697041,124.77964200000001,60.33608777142857,62.92041335045088,10.872636066376447,6,14,1-100:1000-1500,False,True,,1403,99.94996664442962
239,2026-10-07T04:30:28.005+00:00,2026-10-07T04:31:12.136+00:00,2026-10-07T04:31:45.867+00:00,True,566,566.0,,566.0,44130.466164,77861.796212,77861.79633,137.56501118374558,40.893887,44130.466164,1852.589581334206,120.95780925,59.70146911150443,24.152795349243537,7.269290300713208,6,14,100-300:300-600,False,True,,2884,99.94996664442962
240,2026-10-07T04:30:30.718+00:00,2026-10-07T04:31:14.859+00:00,2026-10-07T04:31:37.076+00:00,True,376,376.0,,376.0,44140.450518,66357.70415,66357.704077,176.48325552393615,40.766427,44140.450518,2273.4402296594817,122.9281705,59.246009685333334,23.937151150228384,5.6662599289158795,6,14,100-300:300-600,False,True,,1964,99.94996664442962
241,2026-10-07T04:30:33.733+00:00,2026-10-07T04:31:17.721+00:00,2026-10-07T04:31:46.853+00:00,True,493,493.0,,493.0,43988.198701,73120.094509,73120.094541,148.31662178701825,42.591457999999996,43988.198701,1978.6058021815018,121.41219539999999,59.211170341463415,23.87082141411892,6.742332642079928,6,14,100-300:300-600,False,True,,2595,99.94996664442962
242,2026-10-07T04:30:36.884+00:00,2026-10-07T04:31:19.445+00:00,2026-10-07T04:32:48.212+00:00,True,1468,1468.0,,1468.0,42561.535663,131328.165295,131328.165398,89.46060313215258,0.013916,42561.535663,1110.998185222707,124.6845397,60.50894998773006,62.00489912751051,11.178104839144435,6,14,1-100:1000-1500,False,True,,1468,99.94996664442962
243,2026-10-07T04:30:39.780+00:00,2026-10-07T04:31:22.902+00:00,2026-10-07T04:31:57.826+00:00,True,599,599.0,,599.0,43121.654386,78045.892722,78045.892835,130.29364413188648,42.404136,43121.654386,1759.663919962346,120.71447339999999,58.40173634782609,22.772749923241456,7.67497147010211,6,14,100-300:300-600,False,True,,2975,99.94996664442962
244,2026-10-07T04:30:42.378+00:00,2026-10-07T04:31:24.851+00:00,2026-10-07T04:31:42.620+00:00,True,306,306.0,,306.0,42473.604513,60242.019745,60242.019599,196.86934509477123,42.083356,42473.604513,2424.8285739230787,115.6285765,58.25709912131148,22.55419162538434,5.079510967515287,6,14,100-300:300-600,False,True,,1347,99.94996664442962
245,2026-10-07T04:30:46.461+00:00,2026-10-07T04:31:28.669+00:00,2026-10-07T04:32:02.667+00:00,True,582,582.0,,582.0,42207.094246,76205.86570200001,76205.865487,130.9379132079038,41.787962,42207.094246,1747.2669833716106,122.81987410000002,58.51767892598967,23.08729240244243,7.637207380805668,6,14,100-300:300-600,False,True,,2973,99.94996664442962
246,2026-10-07T04:30:49.984+00:00,2026-10-07T04:31:32.645+00:00,2026-10-07T04:33:01.050+00:00,True,1450,1450.0,,1450.0,42661.224187,131065.818619,131065.818738,90.39021981931035,0.013595000000000001,42661.224187,1120.6009778849514,129.41641429999999,61.01076220289855,64.63956678647291,11.063143810325236,6,14,1-100:1000-1500,False,True,,3373,99.94996664442962
247,2026-10-07T04:30:54.389+00:00,2026-10-07T04:31:37.329+00:00,2026-10-07T04:32:11.377+00:00,True,573,573.0,,573.0,42939.545783,76987.735735,76987.735964,134.35905054799304,40.525696,42939.545783,1791.5071153195402,126.10055179999999,59.524807608391605,24.594962567103483,7.4427438932913565,6,14,100-300:300-600,False,True,,2166,99.94996664442962
248,2026-10-07T04:30:57.069+00:00,2026-10-07T04:31:39.002+00:00,2026-10-07T04:32:02.870+00:00,True,406,406.0,,406.0,41932.731282,65800.14069,65800.140931,162.06931263793103,40.184457,41932.731282,2078.2946482166367,122.9222785,58.93187508148148,23.530089471331703,6.170199573170548,6,14,100-300:300-600,False,True,,2332,99.94996664442962
249,2026-10-07T04:31:00.880+00:00,2026-10-07T04:31:42.423+00:00,2026-10-07T04:32:01.031+00:00,True,320,320.0,,320.0,41543.037141,60150.923989,60150.923918,187.97163724375,41.516623,41543.037141,2319.1794740837595,122.27605310000001,58.331933692789974,23.026090118151036,5.319951528234536,6,14,100-300:300-600,False,True,,1732,99.94996664442962
250,2026-10-07T04:31:04.369+00:00,2026-10-07T04:31:46.209+00:00,2026-10-07T04:33:08.822+00:00,True,1351,1351.0,,1351.0,41839.374982,124452.79962199999,124452.799595,92.11902264618801,0.012975,41839.374982,1138.5795605740288,129.9001065,61.19512936296296,66.5035027955764,10.855521162267037,6,14,1-100:1000-1500,False,True,,5390,99.94996664442962
251,2026-10-07T04:31:07.288+00:00,2026-10-07T04:31:48.588+00:00,2026-10-07T04:32:15.594+00:00,True,449,449.0,,449.0,41299.799461,68305.897637,68305.89765500001,152.12894800668153,42.46449,41299.799461,1946.379061354184,129.0221462,60.28146914285714,25.43894063725129,6.573370902555642,6,14,100-300:300-600,False,True,,1939,99.94996664442962
252,2026-10-07T04:31:11.655+00:00,2026-10-07T04:31:54.072+00:00,2026-10-07T04:32:28.427+00:00,True,565,565.0,,565.0,42416.597729999994,76771.80310599999,76771.803112,135.8792975433628,0.012954,42416.597729999994,1784.5414456890348,129.7495048,60.91348470921986,96.83231557327139,7.35947284213054,6,14,100-300:300-600,False,True,,2796,99.94996664442962
253,2026-10-07T04:31:14.687+00:00,2026-10-07T04:31:58.502+00:00,2026-10-07T04:32:25.209+00:00,True,434,434.0,,434.0,43814.804983999995,70521.327096,70521.327028,162.49153693087555,0.013474999999999999,43814.804983999995,2102.983408575278,130.15075525,61.67788016628175,107.95084995557546,6.154166659529819,6,14,100-300:300-600,False,True,,1816,99.94996664442962
254,2026-10-07T04:31:18.186+00:00,2026-10-07T04:32:03.057+00:00,2026-10-07T04:32:33.966+00:00,True,505,505.0,,505.0,44870.962407,75779.146471,75779.146505,150.05771585148514,0.012553000000000002,44870.962407,1996.684168770665,131.47800999999998,61.32576203174603,103.54871224499081,6.66410250732052,6,14,100-300:300-600,False,True,,1917,99.94996664442962
255,2026-10-07T04:31:21.751+00:00,2026-10-07T04:32:06.610+00:00,2026-10-07T04:32:26.164+00:00,True,316,316.0,,316.0,44858.989303,64412.996855000005,64412.996747000005,203.83859730063293,0.012905,44858.989303,2523.222292472185,130.717694,62.07621445079366,127.2201209373277,4.90584222794892,6,14,100-300:300-600,False,True,,1646,99.94996664442962
256,2026-10-07T04:31:26.218+00:00,2026-10-07T04:32:12.752+00:00,2026-10-07T04:32:46.024+00:00,True,532,532.0,,532.0,46533.84827,79806.373326,79806.37337,150.011980018797,0.013185,46533.84827,2017.200001398417,134.37034925,62.66012251600753,98.8415071605457,6.66613426758337,6,14,100-300:300-600,False,True,,2981,99.94996664442962
257,2026-10-07T04:31:29.866+00:00,2026-10-07T04:32:15.775+00:00,2026-10-07T04:32:47.390+00:00,True,508,508.0,,508.0,45909.212891999996,77523.69890799999,77523.698905,152.60570650590552,0.012532999999999999,45909.212891999996,2036.6958348456533,131.9099697,62.35598819723866,102.39474495728646,6.552834902819342,6,14,100-300:300-600,False,True,,2990,99.94996664442962
258,2026-10-07T04:31:34.447+00:00,2026-10-07T04:32:19.675+00:00,2026-10-07T04:32:39.660+00:00,True,333,333.0,,333.0,45228.288927,65213.343135,65213.34334,195.83586588588588,0.013786,45228.288927,2478.1934778753807,115.69462459999998,60.19594640963855,122.0299181932446,5.106316958948834,6,14,100-300:300-600,False,True,,1669,99.94996664442962
259,2026-10-07T04:31:38.757+00:00,2026-10-07T04:32:26.317+00:00,2026-10-07T04:33:39.437+00:00,True,1189,1189.0,,1189.0,47560.269847,120680.773655,120680.773823,101.49770716820858,33.941064,47560.269847,1377.7458753868623,127.911621,61.549245629629624,26.14318501124517,9.852439323923226,6,14,1-100:1000-1500,False,True,,1189,99.94996664442962
260,2026-10-07T04:31:43.142+00:00,2026-10-07T04:32:31.674+00:00,2026-10-07T04:33:08.000+00:00,True,587,587.0,,587.0,48531.897215000005,84857.73990300001,84857.73991,144.56173749574106,42.448094,48531.897215000005,2000.7418100243176,133.0685352,61.98949264163823,26.455561425202664,6.9174597469953065,6,14,100-300:300-600,False,True,,2643,99.94996664442962
261,2026-10-07T04:31:46.821+00:00,2026-10-07T04:32:36.415+00:00,2026-10-07T04:33:43.248+00:00,True,1080,1080.0,,1080.0,49593.996987000006,116426.667707,116426.667531,107.80246993611112,39.985065000000006,49593.996987000006,1507.4454493933417,128.36011605000002,61.939453864689526,26.51180036197116,9.276225295032354,6,14,1-100:1000-1500,False,True,,1331,99.94996664442962
262,2026-10-07T04:31:49.604+00:00,2026-10-07T04:32:38.871+00:00,2026-10-07T04:33:04.477+00:00,True,409,409.0,,409.0,49267.800874,74873.53169,74873.531644,183.06486954523228,43.995168,49267.800874,2433.188681038912,133.330936,62.759144156862746,27.582220810555917,5.462544516978159,6,14,100-300:300-600,False,True,,1616,99.94996664442962
263,2026-10-07T04:31:52.295+00:00,2026-10-07T04:32:41.875+00:00,2026-10-07T04:33:10.343+00:00,True,458,458.0,,458.0,49580.003678,78047.915614,78047.915564,170.41029599126637,41.914989999999996,49580.003678,2313.9663345888316,132.34544430000003,62.29302392997812,26.86963074178872,5.868190026561649,6,14,100-300:300-600,False,True,,1963,99.94996664442962
264,2026-10-07T04:31:55.467+00:00,2026-10-07T04:32:44.691+00:00,2026-10-07T04:34:00.682+00:00,True,1246,1246.0,,1246.0,49223.79999,125214.858166,125214.858117,100.4934655834671,41.791699,49223.79999,1393.0025649367838,125.4594485,61.0369945188755,25.836885984320258,9.950895750312245,6,14,1-100:1000-1500,False,True,,1246,99.94996664442962
265,2026-10-07T04:32:00.125+00:00,2026-10-07T04:32:48.503+00:00,2026-10-07T04:33:23.243+00:00,True,561,561.0,,561.0,48378.028151,83118.40421499999,83118.404073,148.1611480802139,43.593616000000004,48378.028151,2040.078828840777,128.86848799999999,62.03638582857143,26.82530562717517,6.749407731034843,6,14,100-300:300-600,False,True,,2589,99.94996664442962
266,2026-10-07T04:32:04.597+00:00,2026-10-07T04:32:52.659+00:00,2026-10-07T04:33:17.567+00:00,True,405,405.0,,405.0,48062.287096,72969.61228,72969.612493,180.17188269876544,42.315442000000004,48062.287096,2385.314614307089,130.099383,61.65179500990099,26.23037183963467,5.550255611143011,6,14,100-300:300-600,False,True,,1819,99.94996664442962
267,2026-10-07T04:32:09.121+00:00,2026-10-07T04:32:58.248+00:00,2026-10-07T04:34:21.005+00:00,True,1362,1362.0,,1362.0,49126.931461,131884.03302899998,131884.033107,96.83115499779736,40.088037,49126.931461,1329.7643371527704,126.55383024999998,60.80609960911095,25.764294123179134,10.327254700351101,6,14,1-100:1000-1500,False,True,,6058,99.94996664442962
268,2026-10-07T04:32:13.633+00:00,2026-10-07T04:33:04.634+00:00,2026-10-07T04:33:27.801+00:00,True,378,378.0,,378.0,51001.469262,74167.914318,74167.914179,196.21141317195767,42.000421,51001.469262,2620.2082603617055,127.6708195,61.44945638196287,26.766792100588518,5.096543478077315,6,14,100-300:300-600,False,True,,1761,99.94996664442962
269,2026-10-07T04:32:16.856+00:00,2026-10-07T04:33:09.032+00:00,2026-10-07T04:33:39.291+00:00,True,496,496.0,,496.0,52175.324554,82434.86913,82434.869133,166.19933292943549,40.571236,52175.324554,2340.1400884625,126.36619875000001,61.130393082828284,25.958878480779386,6.016871321986412,6,14,100-300:300-600,False,True,,2378,99.94996664442962
270,2026-10-07T04:32:21.052+00:00,2026-10-07T04:33:11.474+00:00,2026-10-07T04:33:31.409+00:00,True,336,336.0,,336.0,50422.396014,70357.72990199999,70357.72983899999,209.39800547321428,43.242551,50422.396014,2747.6273142830896,125.21797575,59.50845936716418,24.233158848768277,4.7755946712324056,6,14,100-300:300-600,False,True,,1634,99.94996664442962
271,2026-10-07T04:32:24.299+00:00,2026-10-07T04:33:12.277+00:00,2026-10-07T04:33:36.256+00:00,True,409,409.0,,409.0,47978.452343000004,71956.852599,71956.852526,175.93362475794623,42.612511,47978.452343000004,2369.587954781825,123.85417560000002,58.7705888627451,23.086359942397703,5.683961780252795,6,14,100-300:300-600,False,True,,2098,99.94996664442962
272,2026-10-07T04:32:28.433+00:00,2026-10-07T04:33:17.519+00:00,2026-10-07T04:33:37.467+00:00,True,338,338.0,,338.0,49085.428415,69034.304191,69034.304041,204.24350307988166,38.246257,49085.428415,2666.7793309454883,124.3011627,59.19547708011869,23.565147331465884,4.8961165606137165,6,14,100-300:300-600,False,True,,1670,99.94996664442962
273,2026-10-07T04:32:31.304+00:00,2026-10-07T04:33:19.625+00:00,2026-10-07T04:33:49.135+00:00,True,492,492.0,,492.0,48321.344803,77831.306275,77831.306282,158.19371195528456,39.493714,48321.344803,2175.929128202652,126.59883815,60.10175452545825,25.08094238478845,6.321363774386942,6,14,100-300:300-600,False,True,,1954,99.94996664442962
274,2026-10-07T04:32:34.139+00:00,2026-10-07T04:33:23.464+00:00,2026-10-07T04:33:42.170+00:00,True,314,314.0,,314.0,49324.747436,68031.134636,68031.134597,216.65966432165604,40.219276,49324.747436,2780.287098241197,121.32564275,59.764815335463254,24.003635590177932,4.615533779938469,6,14,100-300:300-600,False,True,,1468,99.94996664442962
275,2026-10-07T04:32:37.262+00:00,2026-10-07T04:33:24.370+00:00,2026-10-07T04:34:41.314+00:00,True,1277,1277.0,,1277.0,47107.708273000004,124052.031857,124052.031735,97.14332947141739,25.829189999999997,47107.708273000004,1316.7993969113224,125.17167580000002,60.30119403134796,25.18334006350869,10.294067585060208,6,14,1-100:1000-1500,False,True,,6176,99.94996664442962
276,2026-10-07T04:32:40.435+00:00,2026-10-07T04:33:29.747+00:00,2026-10-07T04:34:39.812+00:00,True,1156,1156.0,,1156.0,49311.769353,119376.41396100001,119376.413852,103.26679398961939,31.792415000000002,49311.769353,1448.784592202546,125.97102975,60.662029963636364,25.40755161894694,9.68365493352533,6,14,1-100:1000-1500,False,True,,2312,99.94996664442962
277,2026-10-07T04:32:44.869+00:00,2026-10-07T04:33:34.849+00:00,2026-10-07T04:33:53.245+00:00,True,302,302.0,,302.0,49979.443336000004,68375.85652,68375.856476,226.41012078145695,38.865558,49979.443336000004,2872.5971156623013,128.00660715,61.117651774086376,26.328378039592145,4.416763684878518,6,14,100-300:300-600,False,True,,1183,99.94996664442962
278,2026-10-07T04:32:48.303+00:00,2026-10-07T04:33:37.683+00:00,2026-10-07T04:34:00.234+00:00,True,377,377.0,,377.0,49379.443384000006,71930.87429600001,71930.87428,190.7980750132626,41.24675,49379.443384000006,2540.2043364103156,125.5485074,59.977209872340424,24.98993335633954,5.2411430236287915,6,14,100-300:300-600,False,True,,1797,99.94996664442962
279,2026-10-07T04:32:52.024+00:00,2026-10-07T04:33:39.953+00:00,2026-10-07T04:35:01.749+00:00,True,1358,1358.0,,1358.0,47929.939796,129725.80462800001,129725.804715,95.52710214653902,28.931714,47929.939796,1299.2575426378037,125.3655307,60.27698219012528,25.676723820799015,10.468233393457705,6,14,1-100:1000-1500,False,True,,1358,99.94996664442962
280,2026-10-07T04:32:56.328+00:00,2026-10-07T04:33:43.792+00:00,2026-10-07T04:34:05.813+00:00,True,369,369.0,,369.0,47463.888954999995,69484.97797899999,69484.977955,188.30617331978317,42.47443,47463.888954999995,2467.883611045274,126.9958722,59.83991582608695,25.108916875666292,5.310500351766976,6,14,100-300:300-600,False,True,,1541,99.94996664442962
281,2026-10-07T04:33:00.758+00:00,2026-10-07T04:33:46.139+00:00,2026-10-07T04:34:21.543+00:00,True,590,590.0,,590.0,45380.988711000005,80784.576551,80784.576476,136.9230109762712,39.743263,45380.988711000005,1866.0054683269477,127.15245075000001,60.10795898132428,25.528360890332014,7.303374297289631,6,14,100-300:300-600,False,True,,2515,99.94996664442962
282,2026-10-07T04:33:04.515+00:00,2026-10-07T04:33:51.888+00:00,2026-10-07T04:34:27.963+00:00,True,595,595.0,,595.0,47372.630967,83447.831991,83447.83197099999,140.24845709411764,39.955601,47372.630967,1939.7722626021355,126.3212495,60.73266165656566,25.967992201152036,7.130203215635031,6,14,100-300:300-600,False,True,,2733,99.94996664442962
283,2026-10-07T04:33:07.173+00:00,2026-10-07T04:33:54.998+00:00,2026-10-07T04:34:26.371+00:00,True,518,518.0,,518.0,47824.628624,79197.80648,79197.80658,152.8915184942085,40.766921,47824.628624,2098.7845538960246,127.39372505,60.68312931528047,25.71803672668012,6.540585188187147,6,14,100-300:300-600,False,True,,2480,99.94996664442962
284,2026-10-07T04:33:10.712+00:00,2026-10-07T04:33:58.515+00:00,2026-10-07T04:34:33.496+00:00,True,579,579.0,,579.0,47802.903765,82783.42702900001,82783.426798,142.97655750949914,27.764015999999998,47802.903765,1984.2704271431178,125.5460726,60.51993644290658,25.58493431488851,6.994153549564571,6,14,100-300:300-600,False,True,,2512,99.94996664442962
285,2026-10-07T04:33:14.230+00:00,2026-10-07T04:34:02.343+00:00,2026-10-07T04:34:29.717+00:00,True,450,450.0,,450.0,48112.542589000004,75486.607485,75486.60753600001,167.74801674666668,40.10456,48112.542589000004,2265.321803376331,126.38193530000001,60.966736962138086,25.99265440325486,5.961322345681249,6,14,100-300:300-600,False,True,,2232,99.94996664442962
286,2026-10-07T04:33:17.477+00:00,2026-10-07T04:34:04.387+00:00,2026-10-07T04:34:40.409+00:00,True,595,595.0,,595.0,46909.744373999994,82931.84613399999,82931.84619499999,139.38125410924368,25.136472,46909.744373999994,1920.7934205830609,124.92921199999999,60.64326895622896,25.38951936950768,7.174565956708696,6,14,100-300:300-600,False,True,,2333,99.94996664442962
287,2026-10-07T04:33:21.638+00:00,2026-10-07T04:34:08.591+00:00,2026-10-07T04:34:42.812+00:00,True,568,568.0,,568.0,46953.51389,81173.75248200001,81173.752471,142.91153604049296,29.4313,46953.51389,1967.7532488469158,125.58339655,60.35315448324515,25.109825989444495,6.997335747487489,6,14,100-300:300-600,False,True,,2570,99.94996664442962
288,2026-10-07T04:33:25.012+00:00,2026-10-07T04:34:12.613+00:00,2026-10-07T04:34:44.589+00:00,True,527,527.0,,527.0,47601.375849,79576.73559299999,79576.73547,150.9994980455408,27.309695,47601.375849,2071.0555407000224,124.4177691,60.78965730798479,25.36841185662701,6.622538560709166,6,14,100-300:300-600,False,True,,2083,99.94996664442962
289,2026-10-07T04:33:27.951+00:00,2026-10-07T04:34:15.203+00:00,2026-10-07T04:34:41.987+00:00,True,443,443.0,,443.0,47251.376674,74035.80675399999,74035.806753,167.12371727539502,27.983517,47251.376674,2242.2395173275004,124.06172190000001,60.598258099547515,24.902127908050794,5.983591175982771,6,14,100-300:300-600,False,True,,1723,99.94996664442962
290,2026-10-07T04:33:31.876+00:00,2026-10-07T04:34:18.299+00:00,2026-10-07T04:34:37.606+00:00,True,325,325.0,,325.0,46423.121501,65730.43286100001,65730.432991,202.24748612615386,28.832749,46423.121501,2571.897834263804,122.18699079999999,59.59046716049383,24.023809476509438,4.944437239402892,6,14,100-300:300-600,False,True,,1544,99.94996664442962
291,2026-10-07T04:33:35.295+00:00,2026-10-07T04:34:21.201+00:00,2026-10-07T04:34:45.668+00:00,True,408,408.0,,408.0,45906.393969,70373.749361,70373.749358,172.4846797990196,29.525267,45906.393969,2269.8583795939094,120.90792080000001,60.11635231449632,24.268760909710572,5.797616351333798,6,14,100-300:300-600,False,True,,1163,99.94996664442962
292,2026-10-07T04:33:39.529+00:00,2026-10-07T04:34:24.902+00:00,2026-10-07T04:35:25.356+00:00,True,1000,1000.0,,1000.0,45373.00733,105826.88048200001,105826.880482,105.826880482,29.096473000000003,45373.00733,1433.1326384001693,125.67088845,60.51438753953954,25.451741413889785,9.449395044485781,6,14,1-100:1000-1500,False,True,,4777,99.94996664442962
293,2026-10-07T04:33:42.864+00:00,2026-10-07T04:34:28.135+00:00,2026-10-07T04:34:52.038+00:00,True,401,401.0,,401.0,45270.946871,69173.648183,69173.648126,172.50286315710724,28.433841,45270.946871,2257.8793510170253,123.800958,59.75675328,25.197933564353633,5.797005225734923,6,14,100-300:300-600,False,True,,1918,99.94996664442962
294,2026-10-07T04:33:46.522+00:00,2026-10-07T04:34:32.638+00:00,2026-10-07T04:34:52.556+00:00,True,330,330.0,,330.0,46116.160627,66034.191731,66034.191805,200.10361153030303,41.713676,46116.160627,2535.403313031982,123.1204176,60.54112797568389,25.20440278142928,4.9974110585665015,6,14,100-300:300-600,False,True,,1757,99.94996664442962
295,2026-10-07T04:33:49.586+00:00,2026-10-07T04:34:35.643+00:00,2026-10-07T04:35:46.422+00:00,True,1158,1158.0,,1158.0,46057.846917999996,116836.23002199999,116836.22991699999,100.89484448791019,39.991116999999996,46057.846917999996,1351.929777937534,127.69028114999999,61.17405626966293,26.27956716006878,9.911309187072805,6,14,1-100:1000-1500,False,True,,2313,99.94996664442962
296,2026-10-07T04:33:53.307+00:00,2026-10-07T04:34:38.080+00:00,2026-10-07T04:35:01.226+00:00,True,387,387.0,,387.0,44773.031612000006,67919.339196,67919.33901400001,175.50216799483206,41.69982,44773.031612000006,2273.0308646053036,123.9715826,59.96452741968912,25.07279993953397,5.69793529473549,6,14,100-300:300-600,False,True,,1820,99.94996664442962
297,2026-10-07T04:33:57.397+00:00,2026-10-07T04:34:41.124+00:00,2026-10-07T04:35:09.383+00:00,True,474,474.0,,474.0,43726.709658,71985.626778,71985.626813,151.8684109978903,40.624355,43726.709658,2005.8464799862716,124.50617629999999,59.74401082452432,25.0682165784605,6.584647813955858,6,14,100-300:300-600,False,True,,2095,99.94996664442962
298,2026-10-07T04:34:00.582+00:00,2026-10-07T04:34:44.225+00:00,2026-10-07T04:35:17.952+00:00,True,562,562.0,,562.0,43643.453982,77369.584414,77369.584582,137.66829996797154,37.733619,43643.453982,1838.6272249480708,126.76846385,60.11787955793226,25.400751771001566,7.263836354513315,6,14,100-300:300-600,False,True,,2158,99.94996664442962
299,2026-10-07T04:34:04.930+00:00,2026-10-07T04:34:47.812+00:00,2026-10-07T04:35:17.766+00:00,True,502,502.0,,502.0,42882.013687,72835.955959,72835.955821,145.09154546015935,40.690819000000005,42882.013687,1911.4158184941364,126.84630870000001,59.78830792814371,25.24338323256889,6.8922003341671,6,14,100-300:300-600,False,True,,2520,99.94996664442962
300,2026-10-07T04:34:07.808+00:00,2026-10-07T04:34:51.454+00:00,2026-10-07T04:35:52.501+00:00,True,1002,1002.0,,1002.0,43645.41984,104693.39910400001,104693.39922400001,104.48443036327346,37.832954,43645.41984,1377.13195485598,128.66712295000002,60.98699227172827,26.113945575278358,9.570803972126612,6,14,1-100:1000-1500,False,True,,2670,99.94996664442962
301,2026-10-07T04:34:10.875+00:00,2026-10-07T04:34:56.008+00:00,2026-10-07T04:35:21.855+00:00,True,424,424.0,,424.0,45133.075731,70980.062995,70980.062845,167.4058085966981,43.185252999999996,45133.075731,2189.0394515258804,128.67508089999998,61.10398880378251,25.742045217676285,5.973508364311646,6,14,100-300:300-600,False,True,,1027,99.94996664442962
302,2026-10-07T04:34:14.508+00:00,2026-10-07T04:35:00.205+00:00,2026-10-07T04:35:31.709+00:00,True,504,504.0,,504.0,45696.853016,77201.091864,77201.091876,153.17676959523808,40.756733999999994,45696.853016,2032.894528162845,131.0750325,62.63268160636183,27.437180493432543,6.528405076030052,6,14,100-300:300-600,False,True,,1465,99.94996664442962
303,2026-10-07T04:34:17.578+00:00,2026-10-07T04:35:02.200+00:00,2026-10-07T04:35:34.872+00:00,True,528,528.0,,528.0,44622.439827,77294.101651,77294.101631,146.39034399810606,42.603322999999996,44622.439827,1939.4334368509394,132.04526835000001,61.99556323339658,27.102087107940097,6.831051642000278,6,14,100-300:300-600,False,True,,2724,99.94996664442962
304,2026-10-07T04:34:20.580+00:00,2026-10-07T04:35:04.222+00:00,2026-10-07T04:35:30.804+00:00,True,430,430.0,,430.0,43642.127876,70223.424004,70223.423779,163.31028785813953,43.294238,43642.127876,2101.799159242706,132.3589023,61.96106323543124,27.300270719688292,6.123312927257816,6,14,100-300:300-600,False,True,,2066,99.94996664442962
305,2026-10-07T04:34:24.395+00:00,2026-10-07T04:35:08.725+00:00,2026-10-07T04:35:35.388+00:00,True,426,426.0,,426.0,44329.848166,70992.394086,70992.394197,166.6488126690141,43.150989,44329.848166,2144.933893561144,133.82256975,62.73540216470588,28.224692639611508,6.000642822158451,6,14,100-300:300-600,False,True,,2016,99.94996664442962
306,2026-10-07T04:34:27.290+00:00,2026-10-07T04:35:13.073+00:00,2026-10-07T04:35:37.546+00:00,True,386,386.0,,386.0,45783.55003,70256.483662,70256.48369,182.01161577720208,41.607076,45783.55003,2327.2617070804363,133.8759255,63.56606138181818,28.641553851401927,5.494154843516285,6,14,100-300:300-600,False,True,,1454,99.94996664442962
307,2026-10-07T04:34:31.493+00:00,2026-10-07T04:35:18.535+00:00,2026-10-07T04:35:52.742+00:00,True,557,557.0,,557.0,47041.78506,81249.747684,81249.74759,145.87028292639138,40.441432,47041.78506,1990.7973641008082,129.7077496,61.52511263309353,26.784357255786993,6.855405904351953,6,14,100-300:300-600,False,True,,1948,99.94996664442962
308,2026-10-07T04:34:34.058+00:00,2026-10-07T04:35:20.271+00:00,2026-10-07T04:35:56.481+00:00,True,590,590.0,,590.0,46212.459908,82422.68531599999,82422.685144,139.69946634576272,40.958962,46212.459908,1900.1927923121705,128.53079165,61.477462492359926,26.674254626384236,7.158223464062127,6,14,100-300:300-600,False,True,,2855,99.94996664442962
309,2026-10-07T04:34:37.742+00:00,2026-10-07T04:35:25.253+00:00,2026-10-07T04:35:51.284+00:00,True,428,428.0,,428.0,47510.576151,73541.720087,73541.720168,171.8264489906542,42.742244,47510.576151,2293.71329512341,129.0217583,60.96286636065574,26.23314284810564,5.81982580083353,6,14,100-300:300-600,False,True,,1879,99.94996664442962
310,2026-10-07T04:34:40.774+00:00,2026-10-07T04:35:27.607+00:00,2026-10-07T04:36:46.663+00:00,True,1306,1306.0,,1306.0,46833.064926,125889.64246199999,125889.642436,96.39329436140888,0.011411,46833.064926,1296.669161856258,126.3107325,60.57975290114942,79.1667837733258,10.374165614095046,6,14,1-100:1000-1500,False,True,,1306,99.94996664442962
311,2026-10-07T04:34:44.043+00:00,2026-10-07T04:35:30.508+00:00,2026-10-07T04:35:55.281+00:00,True,411,411.0,,411.0,46465.250564999995,71237.607941,71237.607765,173.32751281021896,41.527577,46465.250564999995,2289.1206392758645,126.0761255,60.42038384390244,25.272380356684234,5.769424491911577,6,14,100-300:300-600,False,True,,2305,99.94996664442962
312,2026-10-07T04:34:47.781+00:00,2026-10-07T04:35:34.184+00:00,2026-10-07T04:36:02.794+00:00,True,449,449.0,,449.0,46402.569009000006,75012.809777,75012.809651,167.0663912048998,0.011411,46402.569009000006,2190.8619884159575,124.93669460000001,63.86214457142857,132.52966459594845,5.985644336411323,6,14,100-300:300-600,False,True,,2094,99.94996664442962
313,2026-10-07T04:34:52.044+00:00,2026-10-07T04:35:36.189+00:00,2026-10-07T04:35:58.665+00:00,True,376,376.0,,376.0,44144.679926,66620.290806,66620.29082,177.18162452127658,38.725687,44144.679926,2273.6337038686806,125.53152925,59.934962346666666,24.953595637842078,5.643926128976555,6,14,100-300:300-600,False,True,,1697,99.94996664442962
314,2026-10-07T04:34:56.319+00:00,2026-10-07T04:35:39.966+00:00,2026-10-07T04:36:12.933+00:00,True,556,556.0,,556.0,43647.748641000006,76614.529825,76614.529985,137.79591723920865,0.011812,43647.748641000006,1852.5699356872371,123.3854485,59.399605736936934,121.96882821647256,7.25710907930903,6,14,100-300:300-600,False,True,,2660,99.94996664442962
315,2026-10-07T04:34:59.638+00:00,2026-10-07T04:35:44.219+00:00,2026-10-07T04:36:11.534+00:00,True,462,462.0,,462.0,44580.782886,71895.53514200001,71895.535023,155.6180411753247,0.011340999999999999,44580.782886,2075.3263610275208,121.94770209999999,59.25108949240781,128.88453078384427,6.425990140938645,6,14,100-300:300-600,False,True,,1873,99.94996664442962
316,2026-10-07T04:35:02.411+00:00,2026-10-07T04:35:47.257+00:00,2026-10-07T04:36:12.791+00:00,True,428,428.0,,428.0,44846.095520999996,70380.110753,70380.11091799999,164.43951149065418,0.011181,44846.095520999996,2169.2412101483146,123.47223425,59.79863051990632,138.47306173972993,6.081263519207466,6,14,100-300:300-600,False,True,,1945,99.94996664442962
317,2026-10-07T04:35:06.901+00:00,2026-10-07T04:35:52.643+00:00,2026-10-07T04:36:22.001+00:00,True,492,492.0,,492.0,45742.636185999996,75100.686234,75100.686139,152.64367101422764,0.011141,45742.636185999996,2063.693126901972,122.35565875,59.792362623217926,130.96727399026594,6.551205117713812,6,14,100-300:300-600,False,True,,2044,99.94996664442962
318,2026-10-07T04:35:10.220+00:00,2026-10-07T04:35:55.754+00:00,2026-10-07T04:36:30.287+00:00,True,570,570.0,,570.0,45534.062913,80067.216449,80067.21649,140.46880085964912,0.011321,45534.062913,1908.3604477939089,123.6258261,60.69095524780317,118.72965562464663,7.119018560649851,6,14,100-300:300-600,False,True,,2704,99.94996664442962
319,2026-10-07T04:35:13.450+00:00,2026-10-07T04:35:59.021+00:00,2026-10-07T04:36:31.408+00:00,True,538,538.0,,538.0,45570.757656999995,77957.282073,77957.281961,144.90201107992564,0.011351000000000002,45570.757656999995,1966.114431160741,123.38379195000002,60.310101333333336,125.77652073152521,6.901215456642155,6,14,100-300:300-600,False,True,,2194,99.94996664442962
320,2026-10-07T04:35:16.569+00:00,2026-10-07T04:36:02.742+00:00,2026-10-07T04:36:29.484+00:00,True,477,477.0,,477.0,46173.361549,72915.492493,72915.492443,152.86266759538785,0.011392,46173.361549,2111.744604013277,122.0081498,56.180947361344536,27.9025194089762,6.54181962832923,6,14,100-300:300-600,False,True,,2405,99.94996664442962
321,2026-10-07T04:35:19.527+00:00,2026-10-07T04:36:02.887+00:00,2026-10-07T04:36:20.701+00:00,True,310,310.0,,310.0,43360.220482000004,61174.924098,61174.924272000004,197.3384653935484,41.960979,43360.220482000004,2459.5275101558905,121.67997240000001,57.65276251132686,22.97165688187309,5.067435792864921,6,14,100-300:300-600,False,True,,1607,99.94996664442962
322,2026-10-07T04:35:23.951+00:00,2026-10-07T04:36:07.129+00:00,2026-10-07T04:36:39.793+00:00,True,552,552.0,,552.0,43177.866476999996,75841.884909,75841.884913,137.39471904528986,28.013323,43177.866476999996,1835.4045430588137,123.43350035000002,59.28134016696915,23.926940957435438,7.27830011954905,6,14,100-300:300-600,False,True,,2716,99.94996664442962
323,2026-10-07T04:35:27.748+00:00,2026-10-07T04:36:11.990+00:00,2026-10-07T04:36:47.214+00:00,True,585,585.0,,585.0,44242.453711,79466.310095,79466.310168,135.83984644102566,26.14434,44242.453711,1826.877126233507,124.5958426,60.31482257534247,24.98027580362439,7.3616102131915655,6,14,100-300:300-600,False,True,,2444,99.94996664442962
324,2026-10-07T04:35:30.422+00:00,2026-10-07T04:36:14.169+00:00,2026-10-07T04:36:43.349+00:00,True,485,485.0,,485.0,43746.901674,72927.257514,72927.257495,150.36547937113403,29.595869,43746.901674,1983.8617573829329,124.2479564,60.28999140495868,24.816889429741153,6.6504626189582625,6,14,100-300:300-600,False,True,,1900,99.94996664442962
325,2026-10-07T04:35:33.783+00:00,2026-10-07T04:36:19.604+00:00,2026-10-07T04:36:53.543+00:00,True,557,557.0,,557.0,45821.306968000004,79760.29372,79760.29358700001,143.1962182890485,29.074641,45821.306968000004,1939.0871577564724,123.90715820000001,61.041343079136695,25.124048769878694,6.983424634259232,6,14,100-300:300-600,False,True,,2783,99.94996664442962
326,2026-10-07T04:35:36.926+00:00,2026-10-07T04:36:21.954+00:00,2026-10-07T04:36:48.284+00:00,True,431,431.0,,431.0,45027.695471,71358.247535,71358.247542,165.56437944779583,32.944904,45027.695471,2166.103776159476,123.3264545,61.23384200930233,25.138245502364857,6.039946535803053,6,14,100-300:300-600,False,True,,1997,99.94996664442962
327,2026-10-07T04:35:39.592+00:00,2026-10-07T04:36:23.759+00:00,2026-10-07T04:37:34.362+00:00,True,1173,1173.0,,1173.0,44166.497872,114769.610576,114769.610629,97.84280531031543,30.739431,44166.497872,1288.0459318032733,124.158593,60.24156374061433,24.755787375893448,10.2204755606733,6,14,1-100:1000-1500,False,True,,1173,99.94996664442962
328,2026-10-07T04:35:44.302+00:00,2026-10-07T04:36:28.127+00:00,2026-10-07T04:37:00.348+00:00,True,540,540.0,,540.0,43825.216686,76046.345902,76046.345879,140.8265664425926,34.558536999999994,43825.216686,1883.5215323517002,123.8270619,59.779460512059366,24.339945052160914,7.100932906045103,6,14,100-300:300-600,False,True,,2696,99.94996664442962
329,2026-10-07T04:35:47.082+00:00,2026-10-07T04:36:29.999+00:00,2026-10-07T04:36:47.986+00:00,True,303,303.0,,303.0,42917.423949,60904.324173,60904.32423400001,201.00437040924095,32.457029,42917.423949,2462.2392611256037,123.93986550000001,59.55927226490066,24.27475076684472,4.975016209675395,6,14,100-300:300-600,False,True,,1411,99.94996664442962
330,2026-10-07T04:35:49.849+00:00,2026-10-07T04:36:34.683+00:00,2026-10-07T04:36:59.149+00:00,True,410,410.0,,410.0,44833.536554,69299.599146,69299.59919,169.02341265853659,33.233284,44833.536554,2211.3473705835063,123.8674937,59.819223941320296,24.106896264679264,5.916340138363779,6,14,100-300:300-600,False,True,,1786,99.94996664442962
331,2026-10-07T04:35:53.485+00:00,2026-10-07T04:36:39.184+00:00,2026-10-07T04:37:05.790+00:00,True,438,438.0,,438.0,45699.078132,72305.049076,72305.048994,165.0800205342466,41.605924,45699.078132,2180.8215943207774,123.44049619999998,60.8832287048055,25.11507469970042,6.057668248584097,6,14,100-300:300-600,False,True,,2070,99.94996664442962
332,2026-10-07T04:35:57.039+00:00,2026-10-07T04:36:41.704+00:00,2026-10-07T04:37:05.618+00:00,True,397,397.0,,397.0,44664.474821,68578.972357,68578.972294,172.74300325944586,43.141531,44664.474821,2238.750445784407,124.11846979999999,60.39014529292929,24.671800910244873,5.7889464708416165,6,14,100-300:300-600,False,True,,1955,99.94996664442962
333,2026-10-07T04:36:02.729+00:00,2026-10-07T04:36:45.142+00:00,2026-10-07T04:37:15.244+00:00,True,508,508.0,,508.0,42412.761082000005,72514.95961,72514.95953800001,142.7459833425197,40.367944,42412.761082000005,1879.280076730755,123.34321050000003,59.37317263905326,23.952865336168593,7.005451050819388,6,14,100-300:300-600,False,True,,2268,99.94996664442962
334,2026-10-07T04:36:03.983+00:00,2026-10-07T04:36:48.133+00:00,2026-10-07T04:37:16.326+00:00,True,478,478.0,,478.0,44149.625346,72342.479618,72342.479549,151.3440994748954,41.752449,44149.625346,2016.795680777771,122.98301860000001,59.10451629350105,23.974010601848054,6.607459441866653,6,14,100-300:300-600,False,True,,2134,99.94996664442962
335,2026-10-07T04:36:07.608+00:00,2026-10-07T04:36:52.358+00:00,2026-10-07T04:37:19.501+00:00,True,460,460.0,,460.0,44750.237761,71892.75372899999,71892.75363199999,156.2885948521739,40.751661999999996,44750.237761,2083.8779150921264,125.4644437,59.1340217167756,24.56345812386405,6.39841953660548,6,14,100-300:300-600,False,True,,2585,99.94996664442962
336,2026-10-07T04:36:10.731+00:00,2026-10-07T04:36:54.505+00:00,2026-10-07T04:37:28.980+00:00,True,584,584.0,,584.0,43773.754465000005,78249.055585,78249.055494,133.98810872260276,40.127542999999996,43773.754465000005,1809.0838002476457,124.07107605000002,59.134307238421954,24.07664130159496,7.463348862602123,6,14,100-300:300-600,False,True,,2615,99.94996664442962
337,2026-10-07T04:36:13.618+00:00,2026-10-07T04:36:57.327+00:00,2026-10-07T04:37:18.967+00:00,True,370,370.0,,370.0,43709.14378,65348.706532,65348.706475,176.6181256081081,41.316430999999994,43709.14378,2269.406259488189,124.60703559999997,58.64380149593496,23.83425127428816,5.6619330302860424,6,14,100-300:300-600,False,True,,1832,99.94996664442962
338,2026-10-07T04:36:16.779+00:00,2026-10-07T04:37:00.779+00:00,2026-10-07T04:37:34.876+00:00,True,567,567.0,,567.0,44000.771387999994,78097.76389999999,78097.76378499999,137.7385604673721,40.882509,44000.771387999994,1845.5001799001018,125.99128700000001,60.24203624028269,25.173945486839568,7.2601310419849305,6,14,100-300:300-600,False,True,,2890,99.94996664442962
339,2026-10-07T04:36:20.722+00:00,2026-10-07T04:37:03.821+00:00,2026-10-07T04:37:38.999+00:00,True,585,585.0,,585.0,43099.396053000004,78277.07694900001,78277.076939,133.80696912649574,42.368823,43099.396053000004,1779.6275903104042,127.73683079999999,60.23575495890411,25.142833791619037,7.473452290268146,6,14,100-300:300-600,False,True,,2441,99.94996664442962
340,2026-10-07T04:36:23.464+00:00,2026-10-07T04:37:06.050+00:00,2026-10-07T04:37:37.060+00:00,True,521,521.0,,521.0,42586.887908,73596.839652,73596.839571,141.26072854318616,42.298351000000004,42586.887908,1863.311594724146,125.64737600000001,59.63452258461539,24.349308795451165,7.079108321274795,6,14,100-300:300-600,False,True,,2593,99.94996664442962
341,2026-10-07T04:36:27.134+00:00,2026-10-07T04:37:08.400+00:00,2026-10-07T04:37:31.521+00:00,True,396,396.0,,396.0,41266.143175,64387.79027899999,64387.79012,162.5954295959596,42.457198,41266.143175,2070.8902861602196,125.400731,58.53581545316455,23.242351130538356,6.150234357850839,6,14,100-300:300-600,False,True,,1903,99.94996664442962
342,2026-10-07T04:36:31.257+00:00,2026-10-07T04:37:15.417+00:00,2026-10-07T04:37:42.280+00:00,True,432,432.0,,432.0,44160.004921,71023.348793,71023.348788,164.40589997222222,41.301222,44160.004921,2121.8173862693907,129.7897608,62.32794401856148,26.644678457203682,6.08250677195015,6,14,100-300:300-600,False,True,,2245,99.94996664442962
343,2026-10-07T04:36:34.721+00:00,2026-10-07T04:37:19.497+00:00,2026-10-07T04:37:38.382+00:00,True,307,307.0,,307.0,44775.684875,63660.987659,63660.987605,207.3647804723127,42.77257,44775.684875,2552.0983612795417,131.9574011,61.71667576470588,26.52573441944203,4.8224196841626945,6,14,100-300:300-600,False,True,,1591,99.94996664442962
344,2026-10-07T04:36:38.143+00:00,2026-10-07T04:37:21.581+00:00,2026-10-07T04:37:53.442+00:00,True,523,523.0,,523.0,43438.257737,75299.247177,75299.247122,143.9756159120459,22.650333,43438.257737,1896.9271251819162,129.6337598,61.036378237547886,25.692544124153148,6.9456205686973895,6,14,100-300:300-600,False,True,,2871,99.94996664442962
345,2026-10-07T04:36:41.532+00:00,2026-10-07T04:37:26.140+00:00,2026-10-07T04:37:58.569+00:00,True,526,526.0,,526.0,44608.541463,77036.961047,77036.96102,146.45810079847908,24.823185000000002,44608.541463,1942.5089025279715,131.72431874999998,61.768418255238096,26.269391657767045,6.827891350479013,6,14,100-300:300-600,False,True,,2971,99.94996664442962
346,2026-10-07T04:36:45.867+00:00,2026-10-07T04:37:32.453+00:00,2026-10-07T04:38:01.590+00:00,True,468,468.0,,468.0,46586.225414,75722.76454999999,75722.764574,161.8007790042735,25.116244,46586.225414,2150.7459726797797,133.9932786,62.39087609421842,27.92914018855468,6.180439961234881,6,14,100-300:300-600,False,True,,1219,99.94996664442962
347,2026-10-07T04:36:49.204+00:00,2026-10-07T04:37:34.580+00:00,2026-10-07T04:38:01.542+00:00,True,438,438.0,,438.0,45376.733084,72338.688668,72338.68876799999,165.15682367123287,25.950937999999997,45376.733084,2165.395120330111,131.46431975000002,61.697838864988555,26.269252637321376,6.054851256845567,6,14,100-300:300-600,False,True,,1845,99.94996664442962
348,2026-10-07T04:36:53.505+00:00,2026-10-07T04:37:38.790+00:00,2026-10-07T04:38:03.805+00:00,True,410,410.0,,410.0,45285.254514,70299.723122,70299.723187,171.4627394804878,22.688846,45285.254514,2233.6067365509202,132.16271819999997,61.16006994621027,25.735875853600152,5.83217090753651,6,14,100-300:300-600,False,True,,1657,99.94996664442962
349,2026-10-07T04:36:56.408+00:00,2026-10-07T04:37:41.638+00:00,2026-10-07T04:38:09.529+00:00,True,457,457.0,,457.0,45230.110723,73121.464067,73121.464058,160.00320362800875,26.825297,45230.110723,2113.065795047758,131.4715026,61.16524856140351,25.342820087001606,6.249874860017278,6,14,100-300:300-600,False,True,,2023,99.94996664442962
350,2026-10-07T04:36:59.918+00:00,2026-10-07T04:37:44.971+00:00,2026-10-07T04:38:19.217+00:00,True,558,558.0,,558.0,45053.863051,79299.30868300001,79299.308441,142.1134559874552,23.988471,45053.863051,1904.8507547608554,126.95123815000001,61.481949070017954,25.574689897652792,7.036631330931422,6,14,100-300:300-600,False,True,,2460,99.94996664442962
351,2026-10-07T04:37:03.337+00:00,2026-10-07T04:37:48.671+00:00,2026-10-07T04:38:13.933+00:00,True,410,410.0,,410.0,45333.421351000005,70595.857191,70595.857117,172.18501735853658,41.157894,45333.421351000005,2235.9553992887436,131.64774215,61.76634679706602,25.7332318754318,5.807706235377638,6,14,100-300:300-600,False,True,,2086,99.94996664442962
352,2026-10-07T04:37:07.442+00:00,2026-10-07T04:37:56.798+00:00,2026-10-07T04:38:19.830+00:00,True,362,362.0,,362.0,49356.465358,72388.36219,72388.3622,199.96785138121547,41.573031,49356.465358,2590.9117477927043,126.48385334999999,63.80026823268698,27.617518737979324,5.000803845372925,6,14,100-300:300-600,False,True,,1045,99.94996664442962
353,2026-10-07T04:37:10.830+00:00,2026-10-07T04:37:59.680+00:00,2026-10-07T04:38:21.764+00:00,True,356,356.0,,356.0,48849.399669,70933.35998899999,70933.360033,199.25101132865169,43.502767999999996,48849.399669,2585.84650536276,125.73646,62.208338929577465,26.018907990174885,5.018795106494416,6,14,100-300:300-600,False,True,,1822,99.94996664442962
354,2026-10-07T04:37:13.979+00:00,2026-10-07T04:38:04.123+00:00,2026-10-07T04:38:24.628+00:00,True,333,333.0,,333.0,50144.310535,70649.600519,70649.600526,212.16096254054054,40.218013,50144.310535,2744.634829007794,125.91655739999999,61.76292163855422,26.559862608634933,4.713402447483696,6,14,100-300:300-600,False,True,,1555,99.94996664442962
355,2026-10-07T04:37:18.314+00:00,2026-10-07T04:38:09.691+00:00,2026-10-07T04:38:45.418+00:00,True,578,578.0,,578.0,51376.873645,87103.68887700001,87103.688806,150.6984235397924,23.770542000000003,51376.873645,2134.586903244853,129.6463474,61.91822397227036,26.65500904672268,6.635769477182529,6,14,100-300:300-600,False,True,,2513,99.94996664442962
356,2026-10-07T04:37:22.355+00:00,2026-10-07T04:38:13.072+00:00,2026-10-07T04:38:32.376+00:00,True,319,319.0,,319.0,50716.603081,70020.89748099999,70020.897499,219.50124607836992,42.080433,50716.603081,2836.297264632656,126.294534,60.70532830188679,25.187233411724172,4.555782794508738,6,14,100-300:300-600,False,True,,1697,99.94996664442962
357,2026-10-07T04:37:25.171+00:00,2026-10-07T04:38:14.866+00:00,2026-10-07T04:39:39.817+00:00,True,1394,1394.0,,1394.0,49695.160332,134645.575948,134645.57595,96.58936581779054,22.101905,49695.160332,1329.6312756985224,126.40154009999998,60.9837872333094,25.811515161050632,10.353106592513381,6,14,1-100:1000-1500,False,True,,1394,99.94996664442962
358,2026-10-07T04:37:29.875+00:00,2026-10-07T04:38:17.938+00:00,2026-10-07T04:38:51.262+00:00,True,546,546.0,,546.0,48063.544974,81387.51707,81387.517218,149.06138684615385,28.424774000000003,48063.544974,2054.4872015675487,130.53760125,61.14490292844037,26.772294542687643,6.708645498183644,6,14,100-300:300-600,False,True,,2855,99.94996664442962
359,2026-10-07T04:37:32.820+00:00,2026-10-07T04:38:20.389+00:00,2026-10-07T04:38:52.783+00:00,True,528,528.0,,528.0,47568.920354,79962.870818,79962.870736,151.44483093939394,30.147732,47568.920354,2067.666898661386,130.204207,61.468596705882355,26.573100433070262,6.603064579831779,6,14,100-300:300-600,False,True,,2795,99.94996664442962
360,2026-10-07T04:37:36.287+00:00,2026-10-07T04:38:27.110+00:00,2026-10-07T04:38:46.033+00:00,True,302,302.0,,302.0,50823.706891,69746.53108300001,69746.531108,230.94877850331127,26.105148,50823.706891,2921.0880364715595,131.1868005,62.86652555481727,27.594217878453776,4.329964448563225,6,14,100-300:300-600,False,True,,1217,99.94996664442962
361,2026-10-07T04:37:40.231+00:00,2026-10-07T04:38:30.245+00:00,2026-10-07T04:39:45.417+00:00,True,1231,1231.0,,1231.0,50013.62641,125185.885994,125185.88604299999,101.69446469780667,25.854117,50013.62641,1423.964276690475,125.52583249999999,61.11565819837398,25.720286188511377,9.833376903679063,6,14,1-100:1000-1500,False,True,,6182,99.94996664442962
362,2026-10-07T04:37:42.839+00:00,2026-10-07T04:38:33.650+00:00,2026-10-07T04:39:09.585+00:00,True,584,584.0,,584.0,50811.29535,86746.35199,86746.351939,148.5382738681507,26.113193,50811.29535,2100.205280901599,128.76993295,61.63817605488851,26.707089125771816,6.732271578029272,6,14,100-300:300-600,False,True,,2569,99.94996664442962
363,2026-10-07T04:37:45.883+00:00,2026-10-07T04:38:36.885+00:00,2026-10-07T04:38:55.547+00:00,True,306,306.0,,306.0,51002.001779,69664.153715,69664.15368999999,227.6606329738562,24.924375,51002.001779,2912.2092886915925,129.69326175,61.18738339672131,26.120216418357717,4.3925029399174695,6,14,100-300:300-600,False,True,,1406,99.94996664442962
364,2026-10-07T04:37:49.257+00:00,2026-10-07T04:38:39.475+00:00,2026-10-07T04:39:05.813+00:00,True,429,429.0,,429.0,50218.315402,76556.573066,76556.573183,178.45355054312355,43.350843,50218.315402,2421.732548280259,127.4274278,61.53798519626168,26.11810914975477,5.603699105368207,6,14,100-300:300-600,False,True,,1746,99.94996664442962
365,2026-10-07T04:37:52.658+00:00,2026-10-07T04:38:42.268+00:00,2026-10-07T04:39:54.649+00:00,True,1195,1195.0,,1195.0,49610.618874,121991.440634,121991.440598,102.08488752970712,40.011516,49610.618874,1433.5961567122179,124.62074310000001,60.62045373534338,25.2159253947209,9.79576922601686,6,14,1-100:1000-1500,False,True,,4780,99.94996664442962
366,2026-10-07T04:37:55.946+00:00,2026-10-07T04:38:47.043+00:00,2026-10-07T04:39:23.337+00:00,True,596,596.0,,596.0,51097.662348,87391.523212,87391.52344399999,146.63007289261745,41.895066,51097.662348,2090.70331668332,125.150972,60.998085485714284,25.894285659252425,6.819883417687832,6,14,100-300:300-600,False,True,,3422,99.94996664442962
367,2026-10-07T04:37:59.585+00:00,2026-10-07T04:38:50.683+00:00,2026-10-07T04:39:08.815+00:00,True,300,300.0,,300.0,51098.767497,69230.777993,69230.77783,230.76925943333333,41.941222,51098.767497,2946.7956789120876,127.17606245,60.64217557190636,25.287488773182503,4.333332784882662,6,14,100-300:300-600,False,True,,1457,99.94996664442962
368,2026-10-07T04:38:04.265+00:00,2026-10-07T04:38:55.698+00:00,2026-10-07T04:40:03.815+00:00,True,1131,1131.0,,1131.0,51433.115364,119550.037988,119550.037913,105.70295129354554,39.823564,51433.115364,1527.774308485017,123.31083749999999,60.28046249911504,24.755984380528893,9.460473781811142,6,14,1-100:1000-1500,False,True,,1131,99.94996664442962
369,2026-10-07T04:38:07.954+00:00,2026-10-07T04:38:58.907+00:00,2026-10-07T04:39:26.231+00:00,True,450,450.0,,450.0,50953.665944,78277.470104,78277.470166,173.9499337022222,38.298015,50953.665944,2399.2450306412375,125.0061566,60.85479768374165,25.470970644110665,5.748780580186442,6,14,100-300:300-600,False,True,,1726,99.94996664442962
370,2026-10-07T04:38:11.083+00:00,2026-10-07T04:39:02.088+00:00,2026-10-07T04:39:21.532+00:00,True,322,322.0,,322.0,51004.996398,70449.613358,70449.61343900001,218.78761937577642,43.541691,51004.996398,2839.128568162262,122.49938419999998,60.575130716510905,24.68330770094454,4.5706425436816795,6,14,100-300:300-600,False,True,,1118,99.94996664442962
371,2026-10-07T04:38:13.854+00:00,2026-10-07T04:39:05.610+00:00,2026-10-07T04:39:28.041+00:00,True,373,373.0,,373.0,51755.974537,74186.905993,74186.90614400001,198.892509769437,42.747362,51755.974537,2676.8140260993014,124.4084032,60.29820283870968,24.668892603099046,5.027841436535915,6,14,100-300:300-600,False,True,,1798,99.94996664442962
372,2026-10-07T04:38:18.230+00:00,2026-10-07T04:39:10.085+00:00,2026-10-07T04:39:34.221+00:00,True,398,398.0,,398.0,51855.001552,75990.67464,75990.674676,190.93134340703517,42.996048,51855.001552,2596.332714323128,125.72378820000002,60.79514631738035,25.379871192993402,5.237484755668962,6,14,100-300:300-600,False,True,,1350,99.94996664442962
373,2026-10-07T04:38:20.771+00:00,2026-10-07T04:39:12.462+00:00,2026-10-07T04:39:43.108+00:00,True,514,514.0,,514.0,51690.993605999996,82336.45050199999,82336.450438,160.18764676653697,40.235023999999996,51690.993605999996,2277.487255648089,122.17455735,59.73773274074074,24.374939326432006,6.242678629770598,6,14,100-300:300-600,False,True,,2341,99.94996664442962
374,2026-10-07T04:38:25.300+00:00,2026-10-07T04:39:14.816+00:00,2026-10-07T04:39:45.068+00:00,True,505,505.0,,505.0,49515.513762,79768.031138,79768.031073,157.95649717425744,41.776413,49515.513762,2200.8739115213307,122.5911664,60.02483606349207,24.26839885035784,6.3308570212337525,6,14,100-300:300-600,False,True,,2134,99.94996664442962
375,2026-10-07T04:38:28.382+00:00,2026-10-07T04:39:18.688+00:00,2026-10-07T04:40:28.903+00:00,True,1168,1168.0,,1168.0,50306.117482,120521.57809,120521.578092,103.1862826130137,0.011292,50306.117482,1473.3020943665185,123.72981755,60.16748980976864,95.42930827095876,9.691210640536013,6,14,1-100:1000-1500,False,True,,5727,99.94996664442962
376,2026-10-07T04:38:31.851+00:00,2026-10-07T04:39:21.064+00:00,2026-10-07T04:40:37.814+00:00,True,1271,1271.0,,1271.0,49212.600213,125962.333333,125962.333197,99.10490416758458,0.010961,49212.600213,1381.660635384126,124.987974,60.432860724409444,90.43115644429375,10.090318005144633,6,14,1-100:1000-1500,False,True,,1271,99.94996664442962
377,2026-10-07T04:38:35.962+00:00,2026-10-07T04:39:24.524+00:00,2026-10-07T04:39:49.260+00:00,True,413,413.0,,413.0,48561.140467,73297.20907499999,73297.209172,177.4750827409201,40.758997,48561.140467,2386.706307866524,121.29845440000001,60.039001475728156,24.27237632003462,5.634593802574467,6,14,100-300:300-600,False,True,,2033,99.94996664442962
378,2026-10-07T04:38:38.868+00:00,2026-10-07T04:39:28.039+00:00,2026-10-07T04:40:31.181+00:00,True,1045,1045.0,,1045.0,49171.068284,112312.65906800001,112312.658865,107.47622857894737,0.011260999999999998,49171.068284,1522.5730823203185,124.33533920000002,60.48045094252873,101.23404806090839,9.304383038133768,6,14,1-100:1000-1500,False,True,,2923,99.94996664442962
379,2026-10-07T04:38:41.526+00:00,2026-10-07T04:39:30.782+00:00,2026-10-07T04:40:06.362+00:00,True,597,597.0,,597.0,49255.651611,84835.808795,84835.808806,142.10353233835846,40.955929,49255.651611,2013.5987814751372,122.70130800000001,59.69825030872484,23.970943761091878,7.0371227489869295,6,14,100-300:300-600,False,True,,2713,99.94996664442962
380,2026-10-07T04:38:44.098+00:00,2026-10-07T04:39:33.006+00:00,2026-10-07T04:40:01.916+00:00,True,490,490.0,,490.0,48907.511521,77817.691873,77817.691747,158.81161581020407,40.785907,48907.511521,2206.867985048821,120.68730299999999,59.12102321472393,23.289576650787865,6.296768616572304,6,14,100-300:300-600,False,True,,2774,99.94996664442962
381,2026-10-07T04:38:47.302+00:00,2026-10-07T04:39:35.422+00:00,2026-10-07T04:41:02.919+00:00,True,1437,1437.0,,1437.0,48120.375176,135616.55437600001,135616.554393,94.3747768914405,0.010971,48120.375176,1270.6601879273878,127.69744820000001,60.930486908077995,85.2547445670419,10.596051541140653,6,14,1-100:1000-1500,False,True,,3593,99.94996664442962
382,2026-10-07T04:38:50.093+00:00,2026-10-07T04:39:37.781+00:00,2026-10-07T04:40:55.587+00:00,True,1276,1276.0,,1276.0,47688.120787,125494.180563,125494.180431,98.34967118416928,0.011191000000000001,47688.120787,1336.4095077940283,127.98307125,61.024360608627454,91.10824773166205,10.16780215843896,6,14,1-100:1000-1500,False,True,,1276,99.94996664442962
383,2026-10-07T04:38:52.793+00:00,2026-10-07T04:39:43.273+00:00,2026-10-07T04:40:04.051+00:00,True,346,346.0,,346.0,50480.654181000005,71258.252645,71258.252695,205.94870721098266,41.228729,50480.654181000005,2710.736366962323,127.82723325,60.22492308405797,25.253879007470164,4.855577945809732,6,14,100-300:300-600,False,True,,1592,99.94996664442962
384,2026-10-07T04:38:56.417+00:00,2026-10-07T04:39:45.561+00:00,2026-10-07T04:40:08.764+00:00,True,391,391.0,,391.0,49144.530086000006,72346.918822,72346.91885700001,185.0304830102302,41.708726000000006,49144.530086000006,2482.4562699591565,125.9942395,59.49330445128206,24.36455683512297,5.404514889735713,6,14,100-300:300-600,False,True,,1530,99.94996664442962
385,2026-10-07T04:38:59.565+00:00,2026-10-07T04:39:48.773+00:00,2026-10-07T04:40:16.369+00:00,True,461,461.0,,461.0,49208.178727,76803.825703,76803.825564,166.6026584902386,41.488958,49208.178727,2289.1903512219933,126.426625,59.99053690434783,24.518177110283407,6.00230516879048,6,14,100-300:300-600,False,True,,2272,99.94996664442962
386,2026-10-07T04:39:02.607+00:00,2026-10-07T04:39:50.849+00:00,2026-10-07T04:41:20.633+00:00,True,1464,1464.0,,1464.0,48241.712224,138025.59344,138025.593392,94.27977690710382,0.011252,48241.712224,1262.0615321122282,129.9452782,61.369706914559124,84.76896081569878,10.606728531374898,6,14,1-100:1000-1500,False,True,,2332,99.94996664442962
387,2026-10-07T04:39:05.550+00:00,2026-10-07T04:39:53.743+00:00,2026-10-07T04:40:25.793+00:00,True,538,538.0,,538.0,48193.423943999995,80243.354952,80243.355033,149.15121753345724,0.011321,48193.423943999995,2079.6377024420412,123.75693725000001,59.683297966480445,136.02132296115758,6.7046050146061456,6,14,100-300:300-600,False,True,,2164,99.94996664442962
388,2026-10-07T04:39:09.378+00:00,2026-10-07T04:39:59.991+00:00,2026-10-07T04:40:19.715+00:00,True,327,327.0,,327.0,50613.166194,70337.796466,70337.796529,215.10029519571864,42.523506000000005,50613.166194,2795.6757249023667,127.3727599,60.50500083435583,24.51682023968105,4.648994088947125,6,14,100-300:300-600,False,True,,1305,99.94996664442962
389,2026-10-07T04:39:13.079+00:00,2026-10-07T04:40:04.473+00:00,2026-10-07T04:40:28.296+00:00,True,395,395.0,,395.0,51394.152648999996,75216.856265,75216.85629099999,190.42242098987342,0.011260999999999998,51394.152648999996,2587.895667169661,127.78824130000001,60.46371476142132,161.27678777687996,5.25148244175956,6,14,100-300:300-600,False,True,,1384,99.94996664442962
390,2026-10-07T04:39:17.624+00:00,2026-10-07T04:40:09.391+00:00,2026-10-07T04:40:43.778+00:00,True,561,561.0,,561.0,51767.531104999995,86154.723937,86154.72388199999,153.57348285561497,0.012173,51767.531104999995,2187.156934980878,129.19323,61.40570148571429,134.34590029196548,6.511540799669059,6,14,100-300:300-600,False,True,,2605,99.94996664442962
391,2026-10-07T04:39:20.505+00:00,2026-10-07T04:40:11.638+00:00,2026-10-07T04:40:45.756+00:00,True,555,555.0,,555.0,51132.927135,85251.01993499999,85251.02002699999,153.60544149009007,0.013805999999999999,51132.927135,2172.0731531975252,128.5141892,61.58500505415162,135.37976258831145,6.510186041447506,6,14,100-300:300-600,False,True,,2552,99.94996664442962
392,2026-10-07T04:39:23.766+00:00,2026-10-07T04:40:15.318+00:00,2026-10-07T04:41:23.261+00:00,True,1100,1100.0,,1100.0,51551.758614,119494.420246,119494.420178,108.63129107090909,0.011121,51551.758614,1555.4909239236251,130.79983969999998,61.822258081892635,96.78018195626643,9.20545074603031,6,14,1-100:1000-1500,False,True,,5013,99.94996664442962
393,2026-10-07T04:39:26.894+00:00,2026-10-07T04:40:18.509+00:00,2026-10-07T04:41:28.857+00:00,True,1133,1133.0,,1133.0,51615.25102,121963.36980400002,121963.369722,107.64639869549868,0.011510999999999999,51615.25102,1534.7208546985576,130.8303042,62.144981257950526,98.16931443222875,9.289674447506462,6,14,1-100:1000-1500,False,True,,4819,99.94996664442962
394,2026-10-07T04:39:30.988+00:00,2026-10-07T04:40:24.960+00:00,2026-10-07T04:40:46.624+00:00,True,346,346.0,,346.0,53972.401161,75636.53146500001,75636.531568,218.6026923930636,29.583547,53972.401161,2898.324880655398,131.75426625000003,62.794580591304346,27.11553749529517,4.574509080444915,6,14,100-300:300-600,False,True,,2127,99.94996664442962
395,2026-10-07T04:39:34.874+00:00,2026-10-07T04:40:29.092+00:00,2026-10-07T04:40:52.769+00:00,True,376,376.0,,376.0,54218.059194,77894.878138,77894.877994,207.1672287074468,32.214508,54218.059194,2792.965470527753,132.05274624999998,63.138183850666664,27.86793994276134,4.82701827113551,6,14,100-300:300-600,False,True,,1450,99.94996664442962
396,2026-10-07T04:39:37.575+00:00,2026-10-07T04:40:30.980+00:00,2026-10-07T04:41:02.814+00:00,True,516,516.0,,516.0,53405.115649,85239.093761,85239.093716,165.1920420852713,31.490771000000002,53405.115649,2348.4589102165005,131.84420375,61.81354973203884,26.65482203909205,6.053560370395314,6,14,100-300:300-600,False,True,,2659,99.94996664442962
397,2026-10-07T04:39:41.123+00:00,2026-10-07T04:40:36.566+00:00,2026-10-07T04:41:50.349+00:00,True,1205,1205.0,,1205.0,55443.113229999995,129225.645326,129225.645229,107.24119936016596,27.957309000000002,55443.113229999995,1595.6222665071098,127.03285799999999,61.2811728372093,25.70002278335452,9.324774482341516,6,14,1-100:1000-1500,False,True,,5224,99.94996664442962
398,2026-10-07T04:39:44.302+00:00,2026-10-07T04:40:39.500+00:00,2026-10-07T04:41:56.945+00:00,True,1267,1267.0,,1267.0,55198.654801,132642.828625,132642.828745,104.69047256906077,28.892602,55198.654801,1549.2421278014942,128.6602458,61.1723331943128,25.904804841803298,9.55196758945776,6,14,1-100:1000-1500,False,True,,5985,99.94996664442962
399,2026-10-07T04:39:46.869+00:00,2026-10-07T04:40:43.002+00:00,2026-10-07T04:41:16.786+00:00,True,543,543.0,,543.0,56132.563036,89916.66594800001,89916.66594,165.59238662983427,29.270751,56132.563036,2406.3532778628332,131.1942291,62.33229319557196,26.835796911352546,6.038924978757821,6,14,100-300:300-600,False,True,,2504,99.94996664442962
400,2026-10-07T04:39:51.188+00:00,2026-10-07T04:40:47.043+00:00,2026-10-07T04:41:23.739+00:00,True,594,594.0,,594.0,55854.620818999996,92551.060883,92551.060877,155.8098667962963,39.642997,55854.620818999996,2289.3537836257733,131.35373669999998,61.882698252951094,26.229556753217775,6.418078780867949,6,14,100-300:300-600,False,True,,2721,99.94996664442962
401,2026-10-07T04:39:53.887+00:00,2026-10-07T04:40:49.321+00:00,2026-10-07T04:41:26.111+00:00,True,596,596.0,,596.0,55433.689515,92224.02474699999,92224.024986,154.73829695637585,43.36258,55433.689515,2268.267121884534,130.20086025,61.8324961882353,25.88761479364105,6.462524289468159,6,14,100-300:300-600,False,True,,2818,99.94996664442962
402,2026-10-07T04:39:56.484+00:00,2026-10-07T04:40:52.930+00:00,2026-10-07T04:42:12.804+00:00,True,1317,1317.0,,1317.0,56445.273563,136319.908315,136319.908272,103.50790301594533,40.783385,56445.273563,1553.9098451824218,126.3253536,60.695011209726445,25.484064175047525,9.661098047078744,6,14,1-100:1000-1500,False,True,,1317,99.94996664442962
403,2026-10-07T04:40:00.474+00:00,2026-10-07T04:40:57.089+00:00,2026-10-07T04:41:30.880+00:00,True,542,542.0,,542.0,56614.443228000004,90406.08738800001,90406.087566,166.8008995682657,41.814118,56614.443228000004,2429.2603109188863,130.64834205,62.46144946395564,26.53859830814721,5.99517151620414,6,14,100-300:300-600,False,True,,2725,99.94996664442962
404,2026-10-07T04:40:05.071+00:00,2026-10-07T04:41:02.065+00:00,2026-10-07T04:42:22.345+00:00,True,1328,1328.0,,1328.0,56993.851951,137273.771055,137273.77093,103.36880341114458,38.387333,56993.851951,1562.5123510680846,125.7490812,60.49730151017332,25.037818499914614,9.674098626371418,6,14,1-100:1000-1500,False,True,,1331,99.94996664442962
405,2026-10-07T04:40:09.379+00:00,2026-10-07T04:41:06.439+00:00,2026-10-07T04:41:38.717+00:00,True,522,522.0,,522.0,57059.597587,89337.796627,89337.796605,171.14520422413793,38.767089,57059.597587,2494.8579172359478,127.96376650000002,61.95431677543186,26.345887356897773,5.842991653123435,6,14,100-300:300-600,False,True,,2584,99.94996664442962
406,2026-10-07T04:40:11.937+00:00,2026-10-07T04:41:09.254+00:00,2026-10-07T04:42:10.587+00:00,True,1016,1016.0,,1016.0,57316.935461999994,118649.867558,118649.86778799999,116.78136593307086,40.794253,57316.935461999994,1796.4731910866078,122.25910925,60.42653408472906,25.21175925465897,8.56300997979071,6,14,1-100:1000-1500,False,True,,1586,99.94996664442962
407,2026-10-07T04:40:14.726+00:00,2026-10-07T04:41:12.883+00:00,2026-10-07T04:41:40.486+00:00,True,449,449.0,,449.0,58156.347081,85759.46848899999,85759.468651,191.001043766147,42.930141000000006,58156.347081,2741.7786408050624,125.93744439999999,61.61411028571428,25.539026975100505,5.235573493060902,6,14,100-300:300-600,False,True,,2307,99.94996664442962
408,2026-10-07T04:40:18.769+00:00,2026-10-07T04:41:17.774+00:00,2026-10-07T04:42:32.866+00:00,True,1245,1245.0,,1245.0,59004.576698,134097.086906,134097.086759,107.70850342088353,38.435415,59004.576698,1670.7248469054603,125.8536968,60.36375418649518,24.960513147815607,9.284318017085083,6,14,1-100:1000-1500,False,True,,3237,99.94996664442962
409,2026-10-07T04:40:24.613+00:00,2026-10-07T04:41:23.964+00:00,2026-10-07T04:41:54.012+00:00,True,505,505.0,,505.0,59351.630744999995,89399.107481,89399.107328,177.0279353029703,41.563755,59351.630744999995,2638.5719522936297,122.4809234,59.61800939682539,24.33686059345602,5.648825969625342,6,14,100-300:300-600,False,True,,2551,99.94996664442962
410,2026-10-07T04:40:26.124+00:00,2026-10-07T04:41:25.257+00:00,2026-10-07T04:41:46.979+00:00,True,366,366.0,,366.0,59133.007079,80854.335719,80854.335647,220.91348537431693,40.142146999999994,59133.007079,3087.922451349964,122.50983950000001,59.51048942465753,25.04879798602024,4.526658919961833,6,14,100-300:300-600,False,True,,1638,99.94996664442962
411,2026-10-07T04:40:30.069+00:00,2026-10-07T04:41:28.567+00:00,2026-10-07T04:41:55.961+00:00,True,467,467.0,,467.0,58497.730707,85892.19803500001,85892.198137,183.9233364817987,41.830786,58497.730707,2704.335777616337,122.71559440000001,58.7864105751073,23.73557197878376,5.437047958764581,6,14,100-300:300-600,False,True,,2282,99.94996664442962
412,2026-10-07T04:40:34.549+00:00,2026-10-07T04:41:31.878+00:00,2026-10-07T04:42:01.486+00:00,True,504,504.0,,504.0,57328.577294,86937.361422,86937.361232,172.49476434920635,40.517545,57328.577294,2551.10464291016,123.02705445,58.864381964214715,23.59251137905691,5.7972773932434984,6,14,100-300:300-600,False,True,,2398,99.94996664442962
413,2026-10-07T04:40:37.969+00:00,2026-10-07T04:41:35.483+00:00,2026-10-07T04:41:54.238+00:00,True,322,322.0,,322.0,57513.814111,76268.830815,76268.830884,236.85972324223602,40.476177,57513.814111,3201.9490806739564,122.63100884999999,58.426843314641744,23.439746033708,4.221908170862788,6,14,100-300:300-600,False,True,,1280,99.94996664442962
414,2026-10-07T04:40:41.745+00:00,2026-10-07T04:41:38.993+00:00,2026-10-07T04:41:57.411+00:00,True,317,317.0,,317.0,57248.100035999996,75666.36794,75666.367925,238.69516695583596,41.386734,57248.100035999996,3212.1866320444224,122.115121,58.28565792405064,23.630269259789017,4.189443852404368,6,14,100-300:300-600,False,True,,1523,99.94996664442962
415,2026-10-07T04:40:45.171+00:00,2026-10-07T04:41:42.062+00:00,2026-10-07T04:42:04.438+00:00,True,385,385.0,,385.0,56890.703321999994,79266.872282,79266.87246799999,205.88798043636362,40.755761,56890.703321999994,2896.5446148462474,124.5156398,58.27127333333333,23.573401018238016,4.857010109220951,6,14,100-300:300-600,False,True,,1922,99.94996664442962
416,2026-10-07T04:40:47.834+00:00,2026-10-07T04:41:46.888+00:00,2026-10-07T04:42:21.319+00:00,True,578,578.0,,578.0,59053.37657,93484.596538,93484.596454,161.73805614878893,40.203067000000004,59053.37657,2453.9356346630852,125.60116645,59.67282490121317,24.39480990798827,6.182836760332513,6,14,100-300:300-600,False,True,,2777,99.94996664442962
417,2026-10-07T04:40:50.458+00:00,2026-10-07T04:41:48.683+00:00,2026-10-07T04:42:59.782+00:00,True,1172,1172.0,,1172.0,58225.142134999995,129323.53752700001,129323.537569,110.34431533191126,23.103536,58225.142134999995,1699.1908826481508,128.01981285,60.71596532194705,25.410810598606826,9.062542074023542,6,14,1-100:1000-1500,False,True,,1562,99.94996664442962
418,2026-10-07T04:40:53.414+00:00,2026-10-07T04:41:52.693+00:00,2026-10-07T04:42:19.788+00:00,True,453,453.0,,453.0,59279.286712,86374.21816799999,86374.218306,190.67156358940397,41.745796,59279.286712,2782.4780655691006,126.13013559999999,59.94453861946902,24.842423828804534,5.244620554699595,6,14,100-300:300-600,False,True,,2180,99.94996664442962
419,2026-10-07T04:40:56.209+00:00,2026-10-07T04:41:54.556+00:00,2026-10-07T04:42:30.437+00:00,True,598,598.0,,598.0,58347.187987000005,94227.61371500001,94227.613639,157.5712602658863,41.560802,58347.187987000005,2383.660797512621,125.13927909999998,60.10121562479062,24.38927882177054,6.346334969372198,6,14,100-300:300-600,False,True,,2428,99.94996664442962
420,2026-10-07T04:40:59.614+00:00,2026-10-07T04:41:59.070+00:00,2026-10-07T04:43:28.176+00:00,True,1457,1457.0,,1457.0,59456.58328,148562.352752,148562.352806,101.96455237199726,18.925767,59456.58328,1556.2606840621677,128.75194580000002,61.1990174945055,25.752002225013435,9.807329872004772,6,14,1-100:1000-1500,False,True,,7885,99.94996664442962
421,2026-10-07T04:41:02.653+00:00,2026-10-07T04:42:00.946+00:00,2026-10-07T04:42:22.345+00:00,True,360,360.0,,360.0,58292.952417,79691.89257699999,79691.892567,221.36636824166666,38.775271999999994,58292.952417,3069.2609200564743,124.67357754999999,59.607075654596095,24.071982661163336,4.517398048391941,6,14,100-300:300-600,False,True,,1829,99.94996664442962
422,2026-10-07T04:41:06.584+00:00,2026-10-07T04:42:05.923+00:00,2026-10-07T04:42:41.505+00:00,True,588,588.0,,588.0,59338.692388999996,94920.73910899999,94920.739166,161.42982851360543,40.389197,59338.692388999996,2444.7176824339585,129.33543550000002,60.61677465076661,25.33409803721662,6.194642029965487,6,14,100-300:300-600,False,True,,2090,99.94996664442962
423,2026-10-07T04:41:09.773+00:00,2026-10-07T04:42:09.522+00:00,2026-10-07T04:42:29.100+00:00,True,324,324.0,,324.0,59748.296555,79326.638955,79326.638812,244.83530497530865,42.849216,59748.296555,3316.0814719170426,130.15793515000001,60.61406315789474,25.6778790038132,4.084378265210467,6,14,100-300:300-600,False,True,,1523,99.94996664442962
424,2026-10-07T04:41:13.872+00:00,2026-10-07T04:42:13.563+00:00,2026-10-07T04:42:38.576+00:00,True,418,418.0,,418.0,59690.98826,84703.1393,84703.139222,202.63908904784688,43.793185,59690.98826,2916.7545660195765,131.42364185,59.98117755395683,24.975039145212442,4.934882029809255,6,14,100-300:300-600,False,True,,1826,99.94996664442962
425,2026-10-07T04:41:16.644+00:00,2026-10-07T04:42:16.238+00:00,2026-10-07T04:43:36.413+00:00,True,1298,1298.0,,1298.0,59594.302023000004,139769.008199,139769.008354,107.68028378582434,25.847238,59594.302023000004,1652.6144854462152,130.20882865000002,61.81550206322282,26.2807434286114,9.286751166982143,6,14,1-100:1000-1500,False,True,,1298,99.94996664442962
426,2026-10-07T04:41:20.682+00:00,2026-10-07T04:42:21.579+00:00,2026-10-07T04:43:44.744+00:00,True,1341,1341.0,,1341.0,60896.439729000005,144062.010289,144062.01043700002,107.42879227218494,24.10364,60896.439729000005,1661.460427894215,130.001287,62.06385862686567,26.530374097230247,9.30849151216095,6,14,1-100:1000-1500,False,True,,6342,99.94996664442962
427,2026-10-07T04:41:23.642+00:00,2026-10-07T04:42:23.767+00:00,2026-10-07T04:42:44.753+00:00,True,346,346.0,,346.0,60125.188259,81111.113635,81111.113717,234.4251841531792,41.654888,60125.188259,3229.1791734645867,129.34596625,60.8287692057971,25.348312749509713,4.265753291922485,6,14,100-300:300-600,False,True,,1507,99.94996664442962
428,2026-10-07T04:41:27.923+00:00,2026-10-07T04:42:29.633+00:00,2026-10-07T04:42:54.385+00:00,True,407,407.0,,407.0,61710.200239,86461.640879,86461.640719,212.43646368304667,25.639969,61710.200239,3055.946596689051,129.98146269999998,60.96413950738916,25.653897890317023,4.707289797675504,6,14,100-300:300-600,False,True,,2221,99.94996664442962
429,2026-10-07T04:41:31.446+00:00,2026-10-07T04:42:32.814+00:00,2026-10-07T04:42:56.359+00:00,True,387,387.0,,387.0,61367.30995,84913.018238,84913.018386,219.4134842015504,25.872355,61367.30995,3116.477637158418,129.3232007,60.99924426943005,25.336443560209858,4.557605041376458,6,14,100-300:300-600,False,True,,1984,99.94996664442962
430,2026-10-07T04:41:35.450+00:00,2026-10-07T04:42:37.356+00:00,2026-10-07T04:43:41.276+00:00,True,1030,1030.0,,1030.0,61906.492417999994,125826.06797,125826.067992,122.16123106019417,21.299194,61906.492417999994,1927.180854913962,129.8410079,62.11814922448979,26.45569228543673,8.18590310114099,6,14,1-100:1000-1500,False,True,,1030,99.94996664442962
431,2026-10-07T04:41:39.407+00:00,2026-10-07T04:42:40.450+00:00,2026-10-07T04:43:04.343+00:00,True,389,389.0,,389.0,61042.369417999995,84935.690122,84935.690084,218.34367630848328,24.966026000000003,61042.369417999995,3091.9617769507163,129.67562239999998,61.58072346391752,26.475045496863515,4.579935707136162,6,14,100-300:300-600,False,True,,1944,99.94996664442962
432,2026-10-07T04:41:42.197+00:00,2026-10-07T04:42:44.598+00:00,2026-10-07T04:43:08.480+00:00,True,389,389.0,,389.0,62400.159354999996,86282.866555,86282.86665,221.80685514138816,24.579792,62400.159354999996,3160.8004866108895,128.200076,61.55336907216495,26.12595226848105,4.508426939571328,6,14,100-300:300-600,False,True,,1898,99.94996664442962
433,2026-10-07T04:41:45.903+00:00,2026-10-07T04:42:48.676+00:00,2026-10-07T04:43:16.421+00:00,True,452,452.0,,452.0,62773.071037,90517.29247700001,90517.29238700001,200.25949643141593,20.199503,62773.071037,2949.8195006013966,128.86091145,61.51712070953437,26.203448509855438,4.993520990642213,6,14,100-300:300-600,False,True,,1878,99.94996664442962
434,2026-10-07T04:41:50.361+00:00,2026-10-07T04:42:54.237+00:00,2026-10-07T04:43:14.576+00:00,True,333,333.0,,333.0,63876.529379,84215.177187,84215.177327,252.8984304114114,43.847697999999994,63876.529379,3497.1490616405517,126.39115799999999,61.260987373493975,25.665332906440135,3.9541566155061663,6,14,100-300:300-600,False,True,,1897,99.94996664442962
435,2026-10-07T04:41:53.290+00:00,2026-10-07T04:42:56.357+00:00,2026-10-07T04:43:19.672+00:00,True,379,379.0,,379.0,63067.225557,86382.921941,86382.92199999999,227.92327704485487,41.556137,63067.225557,3236.4824880183264,129.5994531,61.68173646560846,26.115894780192946,4.38744130765638,6,14,100-300:300-600,False,True,,1844,99.94996664442962
436,2026-10-07T04:41:57.047+00:00,2026-10-07T04:42:59.961+00:00,2026-10-07T04:43:33.620+00:00,True,538,538.0,,538.0,62913.123984,96572.159888,96572.160014,179.5021561598513,42.617627,62913.123984,2709.8102113875348,131.97714750000003,62.67976890875233,27.08930302183918,5.570963729339263,6,14,100-300:300-600,False,True,,2186,99.94996664442962
437,2026-10-07T04:42:00.568+00:00,2026-10-07T04:43:02.734+00:00,2026-10-07T04:43:36.657+00:00,True,543,543.0,,543.0,62165.6933,96089.383284,96089.383363,176.9601903554328,41.697923,62165.6933,2665.234234213724,130.5443418,62.58983391881919,26.847404026688544,5.650988500936876,6,14,100-300:300-600,False,True,,2613,99.94996664442962
438,2026-10-07T04:42:04.760+00:00,2026-10-07T04:43:08.277+00:00,2026-10-07T04:43:35.301+00:00,True,427,427.0,,427.0,63517.722931000004,90541.305907,90541.305704,212.04052858079626,43.105421,63517.722931000004,3070.891049701088,132.70067120000002,63.43564078873239,27.50166399045516,4.716079536544297,6,14,100-300:300-600,False,True,,1548,99.94996664442962
439,2026-10-07T04:42:08.017+00:00,2026-10-07T04:43:12.621+00:00,2026-10-07T04:43:38.128+00:00,True,395,395.0,,395.0,64604.499339,90111.154827,90111.154831,228.12950590126582,40.453751,64604.499339,3247.477564502428,132.6835507,64.73770428426396,29.064534214862945,4.383475062086832,6,14,100-300:300-600,False,True,,1871,99.94996664442962
440,2026-10-07T04:42:11.932+00:00,2026-10-07T04:43:16.267+00:00,2026-10-07T04:43:44.339+00:00,True,445,445.0,,445.0,64334.552943,92406.743407,92406.743392,207.6556031280899,42.286516000000006,64334.552943,3046.8755780547044,128.974866,63.2256541981982,27.348718550394924,4.815665865855958,6,14,100-300:300-600,False,True,,2114,99.94996664442962
441,2026-10-07T04:42:16.158+00:00,2026-10-07T04:43:20.162+00:00,2026-10-07T04:43:51.100+00:00,True,496,496.0,,496.0,64004.541356,94941.902252,94941.902112,191.41512522580646,41.635107000000005,64004.541356,2871.2113980646427,128.784734,62.499718981818184,27.241509771258947,5.224247547552708,6,14,100-300:300-600,False,True,,2966,99.94996664442962
442,2026-10-07T04:42:18.885+00:00,2026-10-07T04:43:24.100+00:00,2026-10-07T04:43:47.475+00:00,True,369,369.0,,369.0,65215.832637,88590.779453,88590.779545,240.08341340108402,40.657573,65215.832637,3391.809299639455,129.3286,63.51887721739131,28.00738032526881,4.165219024805683,6,14,100-300:300-600,False,True,,1308,99.94996664442962
443,2026-10-07T04:42:21.645+00:00,2026-10-07T04:43:27.777+00:00,2026-10-07T04:43:50.819+00:00,True,370,370.0,,370.0,66132.453219,89174.271331,89174.27121800001,241.01154383243244,40.867958,66132.453219,3434.921323573208,127.85975465,62.44395152303523,26.906546502067716,4.14917884359965,6,14,100-300:300-600,False,True,,1574,99.94996664442962
444,2026-10-07T04:42:25.479+00:00,2026-10-07T04:43:30.335+00:00,2026-10-07T04:44:05.574+00:00,True,575,575.0,,575.0,64856.153667000006,100094.98579500002,100094.985652,174.07823591652175,40.574957999999995,64856.153667000006,2702.2592229712836,127.50470739999999,61.391693602787456,26.616529324238407,5.7445434996877,6,14,100-300:300-600,False,True,,2400,99.94996664442962
445,2026-10-07T04:42:28.517+00:00,2026-10-07T04:43:32.929+00:00,2026-10-07T04:44:04.562+00:00,True,522,522.0,,522.0,64411.876402999995,96045.470515,96045.47042099999,183.9951540632184,41.201183,64411.876402999995,2816.6914580457983,125.75976320000001,60.71707123224569,25.777574204192568,5.434925740912229,6,14,100-300:300-600,False,True,,1583,99.94996664442962
446,2026-10-07T04:42:32.207+00:00,2026-10-07T04:43:35.477+00:00,2026-10-07T04:44:11.122+00:00,True,590,590.0,,590.0,63269.774269,98915.190717,98915.190572,167.6528653762712,37.445845,63269.774269,2602.4124052189977,125.50795695000001,60.51853386757216,25.88609733848352,5.9647056809303605,6,14,100-300:300-600,False,True,,2863,99.94996664442962
447,2026-10-07T04:42:36.061+00:00,2026-10-07T04:43:38.439+00:00,2026-10-07T04:43:58.879+00:00,True,344,344.0,,344.0,62377.56744300001,82818.150611,82818.150575,240.75043771802328,39.069497000000005,62377.56744300001,3360.051102244902,124.36392195,59.5935369329446,24.782614993843186,4.153678842887727,6,14,100-300:300-600,False,True,,1898,99.94996664442962
448,2026-10-07T04:42:39.742+00:00,2026-10-07T04:43:43.449+00:00,2026-10-07T04:45:01.325+00:00,True,1285,1285.0,,1285.0,63707.520111,141583.553135,141583.55303,110.1817533307393,18.83218,63707.520111,1775.7012694602013,126.18674360000001,60.65111606230529,25.406976971936796,9.075912925950883,6,14,1-100:1000-1500,False,True,,4489,99.94996664442962
449,2026-10-07T04:42:43.279+00:00,2026-10-07T04:43:45.294+00:00,2026-10-07T04:44:14.553+00:00,True,487,487.0,,487.0,62015.290245,91273.932421,91273.932355,187.42080565708417,42.547856,62015.290245,2807.564104670254,124.1696593,60.20296744032922,25.00420099496774,5.335586920411381,6,14,100-300:300-600,False,True,,2458,99.94996664442962
450,2026-10-07T04:42:46.229+00:00,2026-10-07T04:43:50.182+00:00,2026-10-07T04:44:18.258+00:00,True,468,468.0,,468.0,63953.362466,92029.359394,92029.35926499999,196.6439300534188,38.210733999999995,63953.362466,2953.5704261612836,124.46751475,60.11990776873662,24.84139850099434,5.085333670490724,6,14,100-300:300-600,False,True,,1678,99.94996664442962
451,2026-10-07T04:42:50.597+00:00,2026-10-07T04:43:54.588+00:00,2026-10-07T04:44:14.964+00:00,True,336,336.0,,336.0,63990.715919,84367.09684700001,84367.09693300001,251.09255039583334,38.960152,63990.715919,3487.7553860449543,123.9619885,60.82501769552239,25.632063348946154,3.9825952599665366,6,14,100-300:300-600,False,True,,1163,99.94996664442962
452,2026-10-07T04:42:55.313+00:00,2026-10-07T04:43:59.466+00:00,2026-10-07T04:45:25.911+00:00,True,1423,1423.0,,1423.0,64152.869773,150597.876621,150597.876577,105.83125550035138,21.898497,64152.869773,1699.2243470358883,126.138668,60.79114405625879,25.4847448597536,9.449004407818927,6,14,1-100:1000-1500,False,True,,2136,99.94996664442962
453,2026-10-07T04:42:59.089+00:00,2026-10-07T04:44:03.877+00:00,2026-10-07T04:44:29.505+00:00,True,428,428.0,,428.0,64788.029464,90416.881432,90416.881461,211.2543959369159,40.553705,64788.029464,3128.8431275154057,124.70532049999998,60.02073060421546,24.63192404877701,4.7336293092776796,6,14,100-300:300-600,False,True,,1969,99.94996664442962
454,2026-10-07T04:43:01.835+00:00,2026-10-07T04:44:05.233+00:00,2026-10-07T04:44:39.074+00:00,True,558,558.0,,558.0,63398.199709,97239.376285,97239.376335,174.26411529569893,41.035979,63398.199709,2681.4089514494813,126.70206295,60.75615184201077,25.512946191224852,5.738416075032725,6,14,100-300:300-600,False,True,,2559,99.94996664442962
455,2026-10-07T04:43:04.377+00:00,2026-10-07T04:44:08.422+00:00,2026-10-07T04:44:31.842+00:00,True,394,394.0,,394.0,64044.569243,87464.631195,87464.631158,221.9914496395939,41.360086,64044.569243,3223.6095543057654,125.00000355,59.593032956743,24.520500259269717,4.504678000889157,6,14,100-300:300-600,False,True,,1961,99.94996664442962
456,2026-10-07T04:43:07.672+00:00,2026-10-07T04:44:10.037+00:00,2026-10-07T04:44:30.878+00:00,True,353,353.0,,353.0,62365.254027,83206.134155,83206.134131,235.7114281331445,38.511398,62365.254027,3316.3016046364964,124.82024260000001,59.20704581818182,23.824456493192383,4.2424756730365125,6,14,100-300:300-600,False,True,,1856,99.94996664442962
457,2026-10-07T04:43:11.286+00:00,2026-10-07T04:44:14.231+00:00,2026-10-07T04:44:34.885+00:00,True,348,348.0,,348.0,62944.948022,83599.12837399999,83599.128302,240.2273801781609,42.309786,62944.948022,3371.1009307067534,124.5532457,59.52213357925072,24.429472908587005,4.162722827002953,6,14,100-300:300-600,False,True,,1460,99.94996664442962
458,2026-10-07T04:43:15.463+00:00,2026-10-07T04:44:18.412+00:00,2026-10-07T04:44:44.506+00:00,True,428,428.0,,428.0,62949.219465,89043.263369,89043.263399,208.04500794158878,41.532599000000005,62949.219465,3039.9222881167993,130.127915,61.11017307728338,25.98363741908906,4.806652225068902,6,14,100-300:300-600,False,True,,1807,99.94996664442962
459,2026-10-07T04:43:18.219+00:00,2026-10-07T04:44:20.527+00:00,2026-10-07T04:45:28.577+00:00,True,1120,1120.0,,1120.0,62307.61851,130357.659854,130357.659677,116.39076756875,23.230764,62307.61851,1860.1524774382724,127.28624245,60.813263042001786,25.41075008042321,8.591746747021963,6,14,1-100:1000-1500,False,True,,1121,99.94996664442962
460,2026-10-07T04:43:22.752+00:00,2026-10-07T04:44:27.123+00:00,2026-10-07T04:44:51.686+00:00,True,406,406.0,,406.0,64370.59319,88934.08349399999,88934.083387,219.04946647044335,42.969692,64370.59319,3191.7485735167884,128.0311365,60.65059334320988,25.260183534282238,4.565178883609804,6,14,100-300:300-600,False,True,,2172,99.94996664442962
461,2026-10-07T04:43:27.124+00:00,2026-10-07T04:44:31.031+00:00,2026-10-07T04:45:02.013+00:00,True,504,504.0,,504.0,63906.871875,94889.648707,94889.648812,188.2731127222222,23.133452000000002,63906.871875,2844.0188668431315,129.41159054999997,61.5959777972167,26.610278218344085,5.311432878798506,6,14,100-300:300-600,False,True,,2482,99.94996664442962
462,2026-10-07T04:43:30.928+00:00,2026-10-07T04:44:34.833+00:00,2026-10-07T04:45:01.279+00:00,True,430,430.0,,430.0,63905.129818,90350.58492200001,90350.58494,210.11763939534885,20.724848,63905.129818,3078.920093870709,130.554278,61.644417491841494,26.506790570431992,4.759238696365061,6,14,100-300:300-600,False,True,,1890,99.94996664442962
463,2026-10-07T04:43:35.058+00:00,2026-10-07T04:44:38.373+00:00,2026-10-07T04:45:03.343+00:00,True,409,409.0,,409.0,63314.668185,88284.830617,88284.830608,215.8553315599022,21.765337,63314.668185,3127.7926846863566,129.0168928,61.201378509803924,26.26942313143956,4.632732454053591,6,14,100-300:300-600,False,True,,1959,99.94996664442962
464,2026-10-07T04:43:38.557+00:00,2026-10-07T04:44:40.436+00:00,2026-10-07T04:45:02.512+00:00,True,363,363.0,,363.0,61878.948737000006,83954.21171300001,83954.211828,231.27882046280993,22.067725,61878.948737000006,3244.701383243998,126.6873821,60.981389436464084,25.452802447150678,4.323785461066878,6,14,100-300:300-600,False,True,,1799,99.94996664442962
465,2026-10-07T04:43:42.340+00:00,2026-10-07T04:44:44.665+00:00,2026-10-07T04:45:10.118+00:00,True,423,423.0,,423.0,62325.458187,87777.888267,87777.88832,207.51273834515365,21.804602,62325.458187,3027.5409950039475,125.6913407,60.31381535545024,25.373582052867974,4.81898127593742,6,14,100-300:300-600,False,True,,1917,99.94996664442962
466,2026-10-07T04:43:46.176+00:00,2026-10-07T04:44:49.425+00:00,2026-10-07T04:45:16.455+00:00,True,443,443.0,,443.0,63249.349078,90279.425494,90279.425345,203.79102786681716,25.130033,63249.349078,3002.2739459799163,126.5112876,61.15401904072398,25.984930132648923,4.9069873625795495,6,14,100-300:300-600,False,True,,1988,99.94996664442962
467,2026-10-07T04:43:50.764+00:00,2026-10-07T04:44:54.579+00:00,2026-10-07T04:45:17.841+00:00,True,381,381.0,,381.0,63814.741632,87076.653696,87076.653844,228.54764788451442,18.620594,63814.741632,3266.2941487321173,126.275862,61.21555806315789,25.85534010339569,4.375455232009012,6,14,100-300:300-600,False,True,,1511,99.94996664442962
468,2026-10-07T04:43:53.527+00:00,2026-10-07T04:44:57.479+00:00,2026-10-07T04:45:20.853+00:00,True,389,389.0,,389.0,63952.120523000005,87326.445771,87326.44582800001,224.4895779640103,22.609469,63952.120523000005,3239.5442621349507,124.74632020000001,60.24310630927835,25.164150817144158,4.454549782320146,6,14,100-300:300-600,False,True,,2066,99.94996664442962
469,2026-10-07T04:43:56.730+00:00,2026-10-07T04:44:58.724+00:00,2026-10-07T04:45:16.925+00:00,True,301,301.0,,301.0,61994.075115,80195.218155,80195.217947,266.4292955049834,23.488506,61994.075115,3569.8675299551837,123.24850999999998,60.670476799999996,24.73866622769263,3.753340996195461,6,14,100-300:300-600,False,True,,952,99.94996664442962
470,2026-10-07T04:43:59.475+00:00,2026-10-07T04:45:01.448+00:00,2026-10-07T04:45:40.102+00:00,True,596,596.0,,596.0,61972.911398000004,100626.505766,100626.505775,168.83641908557047,0.011652,61972.911398000004,2541.0241417508455,126.42326549999999,64.96402414789915,162.238002331503,5.922892735498109,6,14,100-300:300-600,False,True,,2675,99.94996664442962
471,2026-10-07T04:44:03.091+00:00,2026-10-07T04:45:04.627+00:00,2026-10-07T04:45:28.852+00:00,True,399,399.0,,399.0,61536.301016000005,85761.05058400001,85761.05063900001,214.93997653884713,40.066071,61536.301016000005,3077.7248961673954,127.128552,60.86620494472362,25.299242439095856,4.652461662759054,6,14,100-300:300-600,False,True,,1435,99.94996664442962
472,2026-10-07T04:44:07.189+00:00,2026-10-07T04:45:08.835+00:00,2026-10-07T04:45:28.018+00:00,True,318,318.0,,318.0,61646.228126,80829.02646200001,80829.026456,254.17932847798744,41.967765,61646.228126,3453.6457499740904,128.63461205000002,60.51355941955836,25.023307006212892,3.934230237815628,6,14,100-300:300-600,False,True,,1512,99.94996664442962
473,2026-10-07T04:44:11.632+00:00,2026-10-07T04:45:14.149+00:00,2026-10-07T04:46:19.882+00:00,True,1085,1085.0,,1085.0,62517.014991,128249.523407,128249.523575,118.20232587557604,0.011250999999999999,62517.014991,1899.9681001952017,126.96600000000001,60.638845402214024,121.18560717844424,8.460070425031923,6,14,1-100:1000-1500,False,True,,3996,99.94996664442962
474,2026-10-07T04:44:14.933+00:00,2026-10-07T04:45:16.725+00:00,2026-10-07T04:45:49.423+00:00,True,545,545.0,,545.0,61792.532628,94489.743764,94489.743927,173.37567693027523,0.011301,61792.532628,2649.8713794001605,125.763763,60.105167529411766,171.49023619807895,5.767821758107482,6,14,100-300:300-600,False,True,,2540,99.94996664442962
475,2026-10-07T04:44:17.923+00:00,2026-10-07T04:45:19.557+00:00,2026-10-07T04:45:44.636+00:00,True,415,415.0,,415.0,61634.060361,86712.65440900001,86712.654285,208.94615490361446,0.011130000000000001,61634.060361,3028.8734451433543,126.2892949,60.576314125603865,196.26345376410055,4.78592199522065,6,14,100-300:300-600,False,True,,1963,99.94996664442962
476,2026-10-07T04:44:22.346+00:00,2026-10-07T04:45:24.447+00:00,2026-10-07T04:45:44.061+00:00,True,326,326.0,,326.0,62100.928712,81715.500488,81715.500436,250.6610442822086,0.011382,62100.928712,3443.4071814449862,126.43467299999999,60.35252854153846,224.40585416067037,3.9894511818828473,6,14,100-300:300-600,False,True,,1354,99.94996664442962
477,2026-10-07T04:44:26.286+00:00,2026-10-07T04:45:28.020+00:00,2026-10-07T04:46:01.896+00:00,True,559,559.0,,559.0,61733.685261,95609.378573,95609.37871599999,171.03645566368516,0.011160999999999999,61733.685261,2613.691029469706,126.51501639999998,60.70912779928315,164.96947354167816,5.846706759768241,6,14,100-300:300-600,False,True,,2469,99.94996664442962
478,2026-10-07T04:44:29.983+00:00,2026-10-07T04:45:30.937+00:00,2026-10-07T04:45:57.679+00:00,True,447,447.0,,447.0,60954.257867,87695.582155,87695.582157,196.18698469127517,0.011532,60954.257867,2886.3653561249503,126.1629881,59.958126206278024,188.7429558207016,5.097178090567178,6,14,100-300:300-600,False,True,,1645,99.94996664442962
479,2026-10-07T04:44:33.117+00:00,2026-10-07T04:45:34.239+00:00,2026-10-07T04:46:49.110+00:00,True,1229,1229.0,,1229.0,61122.833747000004,135993.697875,135993.697964,110.65394464117169,0.01108,61122.833747000004,1745.691738049983,126.47943599999999,60.969759061889256,116.79801049894913,9.03718348132314,6,14,1-100:1000-1500,False,True,,5377,99.94996664442962
480,2026-10-07T04:44:37.773+00:00,2026-10-07T04:45:40.095+00:00,2026-10-07T04:46:57.168+00:00,True,1261,1261.0,,1261.0,62322.288337,139395.708113,139395.708096,110.54378120222046,10.295352000000001,62322.288337,1753.5018865341976,127.46213600000002,61.16938077460318,25.76769097573549,9.046189564012835,6,14,1-100:1000-1500,False,True,,1261,99.94996664442962
481,2026-10-07T04:44:40.527+00:00,2026-10-07T04:45:44.005+00:00,2026-10-07T04:46:05.174+00:00,True,348,348.0,,348.0,63477.848810999996,84647.206123,84647.206091,243.23909796264365,41.456538,63477.848810999996,3399.5959298548887,128.5929379,61.00679340634006,25.63407716166901,4.111181171110654,6,14,100-300:300-600,False,True,,2005,99.94996664442962
482,2026-10-07T04:44:44.258+00:00,2026-10-07T04:45:46.077+00:00,2026-10-07T04:46:11.462+00:00,True,413,413.0,,413.0,61818.281494,87203.483926,87203.483934,211.14645020338983,43.123650999999995,61818.281494,3038.961397156998,127.41149999999999,61.61456900970874,26.409952827248215,4.736049311406728,6,14,100-300:300-600,False,True,,1239,99.94996664442962
483,2026-10-07T04:44:48.271+00:00,2026-10-07T04:45:49.907+00:00,2026-10-07T04:46:10.252+00:00,True,331,331.0,,331.0,61636.132873,81980.965385,81980.965318,247.67663238066467,42.657797,61636.132873,3384.5437890736043,128.72141,61.65100761212121,26.595720545391877,4.037522593757633,6,14,100-300:300-600,False,True,,1441,99.94996664442962
484,2026-10-07T04:44:52.633+00:00,2026-10-07T04:45:54.740+00:00,2026-10-07T04:46:21.290+00:00,True,438,438.0,,438.0,62106.380846,88656.142894,88656.14279,202.4112849086758,40.120794000000004,62106.380846,2964.76423998661,127.52722885000001,60.75460422883295,25.514892341795935,4.940436000285803,6,14,100-300:300-600,False,True,,2077,99.94996664442962
485,2026-10-07T04:44:56.457+00:00,2026-10-07T04:45:58.752+00:00,2026-10-07T04:46:24.188+00:00,True,416,416.0,,416.0,62295.217402999995,87730.879483,87730.879584,210.89153746153846,42.539496,62295.217402999995,3051.382025779166,126.64636700000001,61.290752,26.26090618924674,4.7417739620473105,6,14,100-300:300-600,False,True,,1667,99.94996664442962
486,2026-10-07T04:45:00.402+00:00,2026-10-07T04:46:02.001+00:00,2026-10-07T04:46:37.578+00:00,True,585,585.0,,585.0,61598.982837999996,97175.53119,97175.531195,166.11201913675214,41.086845999999994,61598.982837999996,2544.4132301175578,128.28068380000002,60.91874717808219,25.485028938009805,6.020033982178019,6,14,100-300:300-600,True,True,,2101,99.94996664442962
487,2026-10-07T04:45:05.008+00:00,2026-10-07T04:46:06.976+00:00,2026-10-07T04:46:40.384+00:00,True,550,550.0,,550.0,61968.039917,95375.929325,95375.929454,173.41078082545454,40.974864000000004,61968.039917,2639.850943525053,127.40316370000001,60.852257573770494,25.150528865699492,5.766654164132309,6,14,100-300:300-600,True,True,,1992,99.94996664442962
488,2026-10-07T04:45:09.245+00:00,2026-10-07T04:46:11.462+00:00,2026-10-07T04:46:39.630+00:00,True,467,467.0,,467.0,62217.693272,90385.24885599999,90385.248742,193.5444298543897,42.855561,62217.693272,2876.401408772313,127.12946109999999,60.44539824892704,24.836944674661122,5.166772298696829,6,14,100-300:300-600,True,True,,2509,99.94996664442962
489,2026-10-07T04:45:12.939+00:00,2026-10-07T04:46:15.759+00:00,2026-10-07T04:47:16.820+00:00,True,1102,1102.0,,1102.0,62819.621835,123880.60922700001,123880.609233,112.41434594646098,35.262971,62819.621835,1890.8167865694707,113.76117889999999,55.459570746594004,21.674761610795663,8.89566177367343,6,14,1-100:1000-1500,True,True,,5489,99.94996664442962
490,2026-10-07T04:45:16.310+00:00,2026-10-07T04:46:20.069+00:00,2026-10-07T04:46:41.548+00:00,True,347,347.0,,347.0,63758.617459,85237.562995,85237.562961,245.6413918184438,40.505236,63758.617459,3419.5082120079974,129.01622170000002,62.0778772716763,26.032557678644128,4.070975140623799,6,14,100-300:300-600,True,True,,1911,99.94996664442962
491,2026-10-07T04:45:20.051+00:00,2026-10-07T04:46:23.538+00:00,2026-10-07T04:46:48.929+00:00,True,415,415.0,,415.0,63487.078979000005,88878.07801900001,88878.07787600001,214.1640430746988,40.068678,63487.078979000005,3113.550690812882,126.55435010000001,61.33091555555555,25.377080051239993,4.669317893117388,6,14,100-300:300-600,True,True,,1441,99.94996664442962
492,2026-10-07T04:45:22.761+00:00,2026-10-07T04:46:25.892+00:00,2026-10-07T04:46:51.821+00:00,True,426,426.0,,426.0,63131.223463,89060.072359,89060.072233,209.06120242488262,43.819455999999995,63131.223463,3055.86603137935,128.3243085,61.009056225882354,25.260255950934926,4.7832882762861395,6,14,100-300:300-600,True,True,,2140,99.94996664442962
493,2026-10-07T04:45:26.916+00:00,2026-10-07T04:46:29.759+00:00,2026-10-07T04:46:57.796+00:00,True,456,456.0,,456.0,62842.725646,90879.477774,90879.477772,199.29710037719298,43.263443,62842.725646,2940.1091764292396,128.19806400000002,61.61923544615385,25.976211105121596,5.017634466760311,6,14,100-300:300-600,True,True,,2069,99.94996664442962
494,2026-10-07T04:45:30.607+00:00,2026-10-07T04:46:35.369+00:00,2026-10-07T04:47:01.555+00:00,True,439,439.0,,439.0,64762.333523999994,90947.850068,90947.850007,207.1705011548975,39.45207,64762.333523999994,3088.182291252555,127.4273352,59.784284347031964,24.643269817286342,4.826942029655104,6,14,100-300:300-600,True,True,,1985,99.94996664442962
495,2026-10-07T04:45:35.268+00:00,2026-10-07T04:46:38.865+00:00,2026-10-07T04:46:57.503+00:00,True,302,302.0,,302.0,63596.58482900001,82234.583165,82234.583207,272.29994439403976,43.570709,63596.58482900001,3656.101073125021,127.53564725,61.9202602524917,25.973894835874912,3.67242087667728,6,14,100-300:300-600,True,True,,1337,99.94996664442962
496,2026-10-07T04:45:40.056+00:00,2026-10-07T04:46:40.988+00:00,2026-10-07T04:47:11.511+00:00,True,568,568.0,,568.0,60931.670278,91454.618374,91454.618429,161.01165216373238,42.360150999999995,60931.670278,2554.451169767824,109.05134865,53.832359957671954,19.438933007110915,6.210730634479134,6,14,100-300:300-600,True,True,,2638,99.94996664442962
497,2026-10-07T04:45:43.394+00:00,2026-10-07T04:46:44.861+00:00,2026-10-07T04:47:13.048+00:00,True,546,546.0,,546.0,61467.62987,89654.47044599999,89654.470371,164.2023266868132,40.786021,61467.62987,2628.4101746778606,98.397725,51.718973533944954,16.521020370856704,6.090047682885625,6,14,100-300:300-600,True,True,,2489,99.94996664442962
498,2026-10-07T04:45:47.206+00:00,2026-10-07T04:46:50.475+00:00,2026-10-07T04:47:35.423+00:00,True,1043,1043.0,,1043.0,63269.081641000004,108217.670697,108217.670845,103.75615613135187,0.013606,63269.081641000004,1957.8391932915447,56.3154051,43.136841704414586,20.525403810813224,9.637982348745139,6,14,1-100:1000-1500,True,True,,1390,99.94996664442962
499,2026-10-07T04:45:50.409+00:00,2026-10-07T04:46:54.724+00:00,2026-10-07T04:47:10.962+00:00,True,331,331.0,,331.0,64315.348479,80553.572095,80553.572213,243.3642665045317,38.670326,64315.348479,3532.407494955557,52.949565,49.206738230303024,12.163460344975169,4.109066691786662,6,14,100-300:300-600,True,True,,1568,99.94996664442962
0,2026-10-07T04:15:54.185+00:00,2026-10-07T04:15:54.474+00:00,2026-10-07T04:16:12.570+00:00,True,511,511.0,,511.0,288.908661,18385.295221,18385.294993,35.979050866927594,0.020207,288.908661,14.994814623802982,52.771505,35.483110901960785,9.967713473391385,27.793951299532413,7,14,100-300:300-600,False,True,,2061,99.94996664442962
1,2026-10-07T04:15:59.920+00:00,2026-10-07T04:16:00.031+00:00,2026-10-07T04:16:11.833+00:00,True,323,323.0,,323.0,110.31096099999999,11912.198704999999,11912.198707,36.87987215789474,0.019988,203.11069899999998,13.56625730098221,56.853449499999996,36.65182529192547,12.952469449394503,27.115061459176697,7,14,100-300:300-600,False,True,,1621,99.94996664442962
2,2026-10-07T04:16:04.981+00:00,2026-10-07T04:16:05.105+00:00,2026-10-07T04:17:09.617+00:00,True,1392,1392.0,,1392.0,123.79757799999999,64635.882826,64635.882909,46.43382392887931,0.019727,165.793761,16.344790057056493,87.40116445,46.3782065046729,16.21836739325348,21.53602517888196,7,14,1-100:1000-1500,False,True,,5571,99.94996664442962
3,2026-10-07T04:16:10.038+00:00,2026-10-07T04:16:10.189+00:00,2026-10-07T04:16:22.355+00:00,True,300,300.0,,300.0,151.598462,12317.651582,12317.651449,41.058838163333334,32.502468,151.598462,11.112350930680654,62.631418700000005,40.68914086956522,9.097155597700352,24.355291916065823,7,14,100-300:300-600,False,True,,1495,99.94996664442962
4,2026-10-07T04:16:13.778+00:00,2026-10-07T04:16:13.971+00:00,2026-10-07T04:16:28.457+00:00,True,344,344.0,,344.0,193.67815,14679.087942,14679.087918,42.67176720348837,32.459248,193.67815,13.443218871694143,71.6368182,42.23151542857143,10.694811372452778,23.43469848802681,7,14,100-300:300-600,False,True,,1184,99.94996664442962
5,2026-10-07T04:16:18.367+00:00,2026-10-07T04:16:18.500+00:00,2026-10-07T04:16:36.744+00:00,True,412,412.0,,412.0,133.15526300000002,18376.614079,18376.613935,44.60343188106796,32.646097000000005,133.15526300000002,12.335426602263139,75.25839500000001,44.38797765450121,11.548244058553616,22.419799329127546,7,14,100-300:300-600,False,True,,2052,99.94996664442962
6,2026-10-07T04:16:23.729+00:00,2026-10-07T04:16:23.885+00:00,2026-10-07T04:16:47.050+00:00,True,501,501.0,,501.0,155.522488,23320.497592,23320.497585,46.547899371257486,36.166578,155.522488,14.292324543401694,80.427961,46.329950208,13.447448713816506,21.483246574115384,7,14,100-300:300-600,False,True,,2372,99.94996664442962
7,2026-10-07T04:16:28.934+00:00,2026-10-07T04:16:29.087+00:00,2026-10-07T04:16:52.810+00:00,True,495,495.0,,495.0,153.13912599999998,23876.368054,23876.368105,48.23508708080808,36.730815,153.13912599999998,16.159859974355335,89.6810153,48.02273062348178,15.4694434295144,20.731796346935305,7,14,100-300:300-600,False,True,,2262,99.94996664442962
8,2026-10-07T04:16:34.750+00:00,2026-10-07T04:16:34.910+00:00,2026-10-07T04:16:54.042+00:00,True,392,392.0,,392.0,159.283048,19292.062056000002,19292.062272,49.21444457142857,37.183222,159.283048,17.212809117490753,89.10768005000001,48.932938639386194,16.306342364694128,20.31923797788555,7,14,100-300:300-600,False,True,,1682,99.94996664442962
9,2026-10-07T04:16:41.177+00:00,2026-10-07T04:16:41.407+00:00,2026-10-07T04:17:04.448+00:00,True,451,451.0,,451.0,230.44903,23271.00455,23271.004504,51.5986796097561,35.733909,230.44903,20.434552682015084,101.14506750000001,51.201234488888886,18.630653282137757,19.380340845664094,7,14,100-300:300-600,False,True,,1931,99.94996664442962
10,2026-10-07T04:16:45.261+00:00,2026-10-07T04:16:45.413+00:00,2026-10-07T04:18:05.534+00:00,True,1419,1419.0,,1419.0,151.55489,80272.281418,80272.281437,56.56961341578577,0.019025,353.097239,24.341451301537123,113.6440131,56.50262801692524,24.218855143213084,17.67733487741396,7,14,1-100:1000-1500,False,True,,2881,99.94996664442962
11,2026-10-07T04:16:50.462+00:00,2026-10-07T04:16:50.633+00:00,2026-10-07T04:17:07.348+00:00,True,319,319.0,,319.0,170.895117,16886.405645,16886.40565,52.93544090909091,40.129998,170.895117,20.61815457480178,108.0945665,52.56449851572327,19.55547822098436,18.890935507903936,7,14,100-300:300-600,False,True,,1713,99.94996664442962
12,2026-10-07T04:16:56.799+00:00,2026-10-07T04:16:56.977+00:00,2026-10-07T04:17:29.098+00:00,True,586,586.0,,586.0,178.899854,32298.977422,32298.977473,55.117708998293516,0.018354,350.21449800000005,25.427592833597583,112.465961,54.9061155008547,24.927665990483042,18.142989245252522,7,14,100-300:300-600,False,True,,3133,99.94996664442962
13,2026-10-07T04:17:03.329+00:00,2026-10-07T04:17:03.610+00:00,2026-10-07T04:17:27.029+00:00,True,430,430.0,,430.0,281.72447999999997,23700.460096000003,23700.460043,55.1173489372093,0.019206,306.101447,26.791959495715016,106.46348355,54.58912731002331,24.479139754841984,18.14310769741438,7,14,100-300:300-600,False,True,,1189,99.94996664442962
14,2026-10-07T04:17:08.398+00:00,2026-10-07T04:17:08.642+00:00,2026-10-07T04:17:37.051+00:00,True,503,503.0,,503.0,243.97249,28653.47521,28653.475281,56.96515960437376,0.018855,360.232777,28.5167993853214,120.4806458,56.5926349003984,27.292643171878154,17.554589672405744,7,14,100-300:300-600,False,True,,2056,99.94996664442962
15,2026-10-07T04:17:13.196+00:00,2026-10-07T04:17:13.355+00:00,2026-10-07T04:18:18.705+00:00,True,1107,1107.0,,1107.0,158.251804,65509.023772,65509.023877,59.17707667299006,0.020707999999999997,338.676152,26.080857333197482,121.79610429999998,59.087497258589515,25.921712638339564,16.89843530339947,7,14,1-100:1000-1500,False,True,,1660,99.94996664442962
16,2026-10-07T04:17:18.889+00:00,2026-10-07T04:17:19.088+00:00,2026-10-07T04:17:38.236+00:00,True,335,335.0,,335.0,199.39815,19347.528454,19347.528454,57.753816280597015,0.019888000000000003,348.51113799999996,30.42403743282705,122.5177324,57.3297314491018,29.461356757135526,17.314873101051855,7,14,100-300:300-600,False,True,,1380,99.94996664442962
17,2026-10-07T04:17:24.398+00:00,2026-10-07T04:17:24.556+00:00,2026-10-07T04:17:57.178+00:00,True,550,550.0,,550.0,157.73345600000002,32779.544144,32779.54431,59.59917147272727,41.018444,157.73345600000002,24.52368916014681,120.73078095000001,59.42042019672131,24.18478034714966,16.77875682419069,7,14,100-300:300-600,False,True,,2483,99.94996664442962
18,2026-10-07T04:17:28.374+00:00,2026-10-07T04:17:28.573+00:00,2026-10-07T04:17:48.834+00:00,True,339,339.0,,339.0,198.319504,20459.41928,20459.419263,60.35226921238938,41.848139,198.319504,25.472246577534595,124.3264961,59.944082177514794,24.37437392399856,16.569385247966824,7,14,100-300:300-600,False,True,,864,99.94996664442962
19,2026-10-07T04:17:34.467+00:00,2026-10-07T04:17:34.746+00:00,2026-10-07T04:18:52.556+00:00,True,1285,1285.0,,1285.0,278.84729,78088.859194,78088.859063,60.76954012684825,0.019377,389.062798,27.59290446802408,126.3010122,60.59969774454829,26.923316568860432,16.45561240442265,7,14,1-100:1000-1500,False,True,,14109,99.94996664442962
20,2026-10-07T04:17:39.412+00:00,2026-10-07T04:17:39.698+00:00,2026-10-07T04:18:05.879+00:00,True,435,435.0,,435.0,286.10889000000003,26466.52489,26466.52472,60.84258556321839,42.986321000000004,286.10889000000003,26.39831498967611,114.4634662,60.32353917050691,24.104291105842947,16.43585630557635,7,14,100-300:300-600,False,True,,2005,99.94996664442962
21,2026-10-07T04:17:44.475+00:00,2026-10-07T04:17:44.655+00:00,2026-10-07T04:18:13.652+00:00,True,480,480.0,,480.0,180.212448,29176.425951999998,29176.426048,60.78422093333333,41.331283000000006,180.212448,25.662346215597704,125.01069590000002,60.53489249269311,25.10044377596485,16.451638072109265,7,14,100-300:300-600,False,True,,2000,99.94996664442962
22,2026-10-07T04:17:50.902+00:00,2026-10-07T04:17:51.103+00:00,2026-10-07T04:18:22.045+00:00,True,514,514.0,,514.0,201.714177,31143.110657,31143.110566,60.58970927237354,42.556547,201.714177,25.42859920124414,124.1965482,60.3146130214425,24.675942801858316,16.50445280373651,7,14,100-300:300-600,False,True,,2725,99.94996664442962
23,2026-10-07T04:17:55.839+00:00,2026-10-07T04:17:57.334+00:00,2026-10-07T04:19:25.296+00:00,True,1443,1443.0,,1443.0,1494.730754,89456.737282,89456.737222,61.99358088842689,0.020178,1494.730754,46.40235977479077,127.15492169999999,61.000004527045775,27.003031612255743,16.130702324310597,7,14,1-100:1000-1500,False,True,,3494,99.94996664442962
24,2026-10-07T04:18:00.886+00:00,2026-10-07T04:18:01.072+00:00,2026-10-07T04:19:31.455+00:00,True,1486,1486.0,,1486.0,185.821885,90568.528317,90568.528467,60.94786572476447,0.018424,555.468503,30.462649057374264,127.51596475000001,60.863775375084174,30.299892851536043,16.407465458628558,7,14,1-100:1000-1500,False,True,,2121,99.94996664442962
25,2026-10-07T04:18:05.242+00:00,2026-10-07T04:18:05.438+00:00,2026-10-07T04:19:32.817+00:00,True,1438,1438.0,,1438.0,195.936656,87574.270608,87574.270673,60.90004914673157,0.018044,565.831058,31.09207496596682,128.02191464999999,60.806077906750176,30.897949660836744,16.420348008797884,7,14,1-100:1000-1500,False,True,,5399,99.94996664442962
26,2026-10-07T04:18:09.950+00:00,2026-10-07T04:18:10.190+00:00,2026-10-07T04:19:21.538+00:00,True,1175,1175.0,,1175.0,239.901229,71587.21182099999,71587.211983,60.925286794042556,0.019156,383.138491,27.858008732088557,128.2312963,60.77283696081772,27.37515447490015,16.413546080520984,7,14,1-100:1000-1500,False,True,,1709,99.94996664442962
27,2026-10-07T04:18:14.700+00:00,2026-10-07T04:18:14.950+00:00,2026-10-07T04:18:37.165+00:00,True,376,376.0,,376.0,250.686002,22465.28773,22465.287727,59.748105656914895,0.017523,380.26975500000003,31.312605050002315,124.71324125,59.23893794133333,29.755029084906784,16.73693230725427,7,14,100-300:300-600,False,True,,1762,99.94996664442962
28,2026-10-07T04:18:18.450+00:00,2026-10-07T04:18:20.573+00:00,2026-10-07T04:18:43.916+00:00,True,385,385.0,,385.0,2123.426011,25466.548443,25466.548398,66.14687895584416,0.020268,2123.426011,109.99506077297559,127.49523300000001,60.78938133333334,32.42035617156245,15.117871228671552,7,14,100-300:300-600,False,True,,1844,99.94996664442962
29,2026-10-07T04:18:24.853+00:00,2026-10-07T04:18:25.633+00:00,2026-10-07T04:18:54.842+00:00,True,483,483.0,,483.0,780.489466,29989.362938,29989.363092,62.08977865838509,37.670984,780.489466,41.26731142692872,127.5766197,60.599322556016595,25.126404072151274,16.10571058140028,7,14,100-300:300-600,False,True,,2413,99.94996664442962
30,2026-10-07T04:18:30.700+00:00,2026-10-07T04:18:31.707+00:00,2026-10-07T04:19:44.827+00:00,True,1199,1199.0,,1199.0,1006.7153199999999,74126.475192,74126.475347,61.823582441201,0.018195,1006.7153199999999,40.56309335174678,128.0454352,61.03485798998331,30.00391137610821,16.175057520196244,7,14,1-100:1000-1500,False,True,,3080,99.94996664442962
31,2026-10-07T04:18:35.645+00:00,2026-10-07T04:18:37.877+00:00,2026-10-07T04:19:56.938+00:00,True,1299,1299.0,,1299.0,2231.8245699999998,81292.298682,81292.298737,62.58067647190146,0.018595,2231.8245699999998,67.0430848689712,128.3109892,60.90945617257319,29.451082254471896,15.979373459242932,7,14,1-100:1000-1500,False,True,,4394,99.94996664442962
32,2026-10-07T04:18:41.029+00:00,2026-10-07T04:18:42.522+00:00,2026-10-07T04:19:03.016+00:00,True,335,335.0,,335.0,1492.43528,21986.364752,21986.364865,65.63093989552239,35.170229,1492.43528,82.44249028299319,128.4915264,61.359070275449106,26.181024416956824,15.236716200186143,7,14,100-300:300-600,False,True,,1381,99.94996664442962
33,2026-10-07T04:18:47.034+00:00,2026-10-07T04:18:48.672+00:00,2026-10-07T04:19:09.693+00:00,True,345,345.0,,345.0,1637.512588,22658.737036000002,22658.737074,65.6774987652174,38.976059,1637.512588,88.62893012421038,129.8556378,61.10821060465116,25.572295326266648,15.225914818282547,7,14,100-300:300-600,False,True,,1537,99.94996664442962
34,2026-10-07T04:18:51.254+00:00,2026-10-07T04:18:55.329+00:00,2026-10-07T04:19:16.321+00:00,True,342,342.0,,342.0,4074.732208,25066.610864000002,25066.610916999998,73.29418396783626,43.110353,4074.732208,218.5799002879684,132.45129985000003,61.55976145454545,26.209294221975075,13.643647394358018,7,14,100-300:300-600,False,True,,1828,99.94996664442962
35,2026-10-07T04:18:56.869+00:00,2026-10-07T04:19:00.366+00:00,2026-10-07T04:19:32.470+00:00,True,530,530.0,,530.0,3497.628282,35601.257338,35601.25728,67.17218354716981,0.017764,3497.628282,153.28869808495227,128.95911379999998,60.68738951984877,34.81181298245288,14.887114659130019,7,14,100-300:300-600,False,True,,2509,99.94996664442962
36,2026-10-07T04:19:02.079+00:00,2026-10-07T04:19:04.944+00:00,2026-10-07T04:19:23.159+00:00,True,301,301.0,,301.0,2865.1701719999996,21079.562491999997,21079.562474,70.03176901661129,44.433932999999996,2865.1701719999996,163.65261482717779,129.215675,60.71464106666667,25.590828913930462,14.279233741887856,7,14,100-300:300-600,False,True,,1391,99.94996664442962
37,2026-10-07T04:19:06.136+00:00,2026-10-07T04:19:10.589+00:00,2026-10-07T04:19:38.409+00:00,True,461,461.0,,461.0,4453.060609,32273.589761,32273.5898,70.00778698481562,0.017723,4453.060609,207.62073950788653,126.833253,60.4794112,35.42506919370754,14.28412529916585,7,14,100-300:300-600,False,True,,2081,99.94996664442962
38,2026-10-07T04:19:11.012+00:00,2026-10-07T04:19:16.580+00:00,2026-10-07T04:19:50.337+00:00,True,566,566.0,,566.0,5568.5407620000005,39325.34639400001,39325.346588,69.4794109328622,0.017904,5568.5407620000005,233.86835791778233,127.17319524999999,59.74655864070796,32.86399781674191,14.392753068955965,7,14,100-300:300-600,False,True,,2776,99.94996664442962
39,2026-10-07T04:19:16.569+00:00,2026-10-07T04:19:21.156+00:00,2026-10-07T04:19:39.742+00:00,True,308,308.0,,308.0,4586.255259,23172.827035000002,23172.827072,75.23645153246753,0.018555,4586.255259,260.7752129479032,126.92392439999999,60.54257907491857,38.837873900329846,13.29142963587481,7,14,100-300:300-600,False,True,,1620,99.94996664442962
40,2026-10-07T04:19:20.609+00:00,2026-10-07T04:19:25.449+00:00,2026-10-07T04:20:42.297+00:00,True,1254,1254.0,,1254.0,4840.401546,81687.95252199999,81687.952669,65.14190802950559,0.017672999999999998,4840.401546,139.6005387414461,130.1134921,61.33084674860335,35.72111830587975,15.351100881886786,7,14,1-100:1000-1500,False,True,,3343,99.94996664442962
41,2026-10-07T04:19:26.600+00:00,2026-10-07T04:19:32.222+00:00,2026-10-07T04:20:48.232+00:00,True,1241,1241.0,,1241.0,5622.25451,81632.16503799999,81632.165056,65.7793433166801,0.017443,5622.25451,161.2037577424116,128.33425599999998,61.29831494193549,32.69114193337203,15.20234088391887,7,14,1-100:1000-1500,False,True,,4001,99.94996664442962
42,2026-10-07T04:19:31.237+00:00,2026-10-07T04:19:36.931+00:00,2026-10-07T04:20:48.996+00:00,True,1176,1176.0,,1176.0,5693.702456,77758.775864,77758.775869,66.12140805187074,0.017994,5693.702456,167.47830448586217,129.6553555,61.33197736851064,32.77267826145934,15.12369487473443,7,14,1-100:1000-1500,False,True,,5319,99.94996664442962
43,2026-10-07T04:19:34.848+00:00,2026-10-07T04:19:40.667+00:00,2026-10-07T04:20:09.504+00:00,True,476,476.0,,476.0,5819.708,34656.394848,34656.394809,72.8075521197479,41.999014,5819.708,265.2093000982702,129.64662475,60.7088144168421,25.70492712284659,13.734838897343346,7,14,100-300:300-600,False,True,,1348,99.94996664442962
44,2026-10-07T04:19:40.107+00:00,2026-10-07T04:19:45.698+00:00,2026-10-07T04:21:16.634+00:00,True,1489,1489.0,,1489.0,5590.3554890000005,96526.427937,96526.427828,64.82634508260577,0.017623,5590.3554890000005,146.70251452488154,129.6509224,61.11295191397849,31.46492355049428,15.425827224973322,7,14,1-100:1000-1500,False,True,,4217,99.94996664442962
45,2026-10-07T04:19:44.555+00:00,2026-10-07T04:19:52.570+00:00,2026-10-07T04:20:58.183+00:00,True,1069,1069.0,,1069.0,8014.40985,73627.561082,73627.56104,68.87517403180543,0.017422,8014.40985,245.48320332382528,130.0045334,61.43553486142322,33.102415516743015,14.519019566727742,7,14,1-100:1000-1500,False,True,,1069,99.94996664442962
46,2026-10-07T04:19:49.768+00:00,2026-10-07T04:19:57.086+00:00,2026-10-07T04:21:28.261+00:00,True,1490,1490.0,,1490.0,7317.326835,98492.561651,98492.561657,66.1023903738255,0.017873999999999998,7317.326835,190.48086639678507,130.21777495000003,61.232528419073205,30.780175817875257,15.128045966351124,7,14,1-100:1000-1500,False,True,,4467,99.94996664442962
47,2026-10-07T04:19:54.700+00:00,2026-10-07T04:20:02.412+00:00,2026-10-07T04:20:31.779+00:00,True,478,478.0,,478.0,7712.042882000001,37079.160194,37079.160377,77.57146522384937,0.017633,7712.042882000001,352.4141036244025,129.67963350000002,61.566283672955976,41.8582122366039,12.891338355536652,7,14,100-300:300-600,False,True,,2214,99.94996664442962
48,2026-10-07T04:20:00.887+00:00,2026-10-07T04:20:10.291+00:00,2026-10-07T04:21:39.704+00:00,True,1461,1461.0,,1461.0,9403.523491,98816.354979,98816.355021,67.63610884394251,0.019036,9403.523491,247.270931540807,130.666598,61.24166540273973,37.48577781939928,14.785001939309389,7,14,1-100:1000-1500,False,True,,2760,99.94996664442962
49,2026-10-07T04:20:05.269+00:00,2026-10-07T04:20:14.167+00:00,2026-10-07T04:21:39.068+00:00,True,1391,1391.0,,1391.0,8898.485801,93799.640105,93799.640213,67.4332424248742,0.017793,8898.485801,240.09619248282792,130.5466275,61.079967125179856,38.74003856392571,14.829481205289323,7,14,1-100:1000-1500,False,True,,6733,99.94996664442962
50,2026-10-07T04:20:08.901+00:00,2026-10-07T04:20:17.938+00:00,2026-10-07T04:20:40.526+00:00,True,368,368.0,,368.0,9036.776429,31624.563949000003,31624.563911,85.93631497554348,0.019757,9036.776429,470.03563204679284,132.34282085000004,61.54710495912807,45.16969091887355,11.636524082781433,7,14,100-300:300-600,False,True,,1793,99.94996664442962
51,2026-10-07T04:20:12.995+00:00,2026-10-07T04:20:23.874+00:00,2026-10-07T04:20:47.464+00:00,True,378,378.0,,378.0,10879.300277,34469.441461,34469.441555,91.18899882275133,0.018004000000000003,10879.300277,558.1483984002482,131.07654319999997,62.573318790450934,44.79914701200601,10.96623513402975,7,14,100-300:300-600,False,True,,2845,99.94996664442962
52,2026-10-07T04:20:18.508+00:00,2026-10-07T04:20:29.554+00:00,2026-10-07T04:20:55.571+00:00,True,422,422.0,,422.0,11045.732477,37062.672253,37062.67222,87.82623748815166,38.026485,11045.732477,535.3437414123855,129.89544075,61.79795671258907,26.48877825372818,11.386119088211231,7,14,100-300:300-600,False,True,,1904,99.94996664442962
53,2026-10-07T04:20:23.788+00:00,2026-10-07T04:20:35.295+00:00,2026-10-07T04:21:04.639+00:00,True,480,480.0,,480.0,11506.395001,40850.725241,40850.725169,85.10567743541667,43.096297,11506.395001,523.0055599353013,127.26293429999998,61.26164977035491,25.260045621435665,11.750097389170609,7,14,100-300:300-600,False,True,,2628,99.94996664442962
54,2026-10-07T04:20:27.954+00:00,2026-10-07T04:20:39.841+00:00,2026-10-07T04:21:08.908+00:00,True,481,481.0,,481.0,11887.380503,40954.194199000005,40954.194147,85.14385477546777,39.726303,11887.380503,539.8200048675722,125.668554,60.55586186666667,24.678426803463637,11.74482881198392,7,14,100-300:300-600,False,True,,2099,99.94996664442962
55,2026-10-07T04:20:31.818+00:00,2026-10-07T04:20:42.866+00:00,2026-10-07T04:21:17.494+00:00,True,576,576.0,,576.0,11047.348479,45675.523071,45675.523008000004,79.297783,42.046949999999995,11047.348479,458.45560545741466,127.70358725,60.222912333913044,24.58847311728409,12.610693020518688,7,14,100-300:300-600,False,True,,2822,99.94996664442962
56,2026-10-07T04:20:36.727+00:00,2026-10-07T04:20:47.830+00:00,2026-10-07T04:21:06.831+00:00,True,318,318.0,,318.0,11103.342799,30104.007631,30104.007544,94.6666903899371,44.193733,11103.342799,619.7748120085561,130.31873865,59.93900577917981,24.716347776764007,10.563377604001644,7,14,100-300:300-600,False,True,,1580,99.94996664442962
57,2026-10-07T04:20:40.272+00:00,2026-10-07T04:20:53.014+00:00,2026-10-07T04:22:14.522+00:00,True,1326,1326.0,,1326.0,12741.337642,94249.37553,94249.375613,71.07796049245852,0.017263,12741.337642,349.96234628767684,130.1368885,61.51550029283019,34.9896260699724,14.0690587342717,7,14,1-100:1000-1500,False,True,,1988,99.94996664442962
58,2026-10-07T04:20:45.445+00:00,2026-10-07T04:20:58.547+00:00,2026-10-07T04:21:20.781+00:00,True,368,368.0,,368.0,13101.883002,35336.060282,35336.060279,96.02190293206522,38.371624000000004,13101.883002,680.2920634869492,127.64405045000001,60.58358931880109,25.246174915175462,10.414290587665123,7,14,100-300:300-600,False,True,,2042,99.94996664442962
59,2026-10-07T04:20:50.816+00:00,2026-10-07T04:21:02.647+00:00,2026-10-07T04:21:26.242+00:00,True,391,391.0,,391.0,11830.42918,35426.021116,35426.021232,90.60363486445013,43.165616,11830.42918,595.7678892993328,128.779402,60.50151778461538,25.323596720268966,11.037084823037228,7,14,100-300:300-600,False,True,,1798,99.94996664442962
60,2026-10-07T04:20:54.369+00:00,2026-10-07T04:21:06.299+00:00,2026-10-07T04:22:15.963+00:00,True,1133,1133.0,,1133.0,11929.857283,81594.233091,81594.233021,72.01609269285083,0.017373,11929.857283,354.45374341445444,130.8067342,61.54096802826855,36.28395535699407,13.88578527034372,7,14,1-100:1000-1500,False,True,,3400,99.94996664442962
61,2026-10-07T04:20:58.734+00:00,2026-10-07T04:21:13.155+00:00,2026-10-07T04:21:44.813+00:00,True,506,506.0,,506.0,14420.587284,46078.655507999996,46078.655506,91.06453657312252,0.018014,14420.587284,639.9819992871198,134.39433574999998,62.68924400792079,46.601524612184605,10.981223180701317,7,14,100-300:300-600,False,True,,2454,99.94996664442962
62,2026-10-07T04:21:05.274+00:00,2026-10-07T04:21:20.268+00:00,2026-10-07T04:21:54.078+00:00,True,541,541.0,,541.0,14993.676293999999,48803.923974,48803.923909,90.21058023844732,0.017663,14993.676293999999,643.5478919315054,133.412062,62.611569777777774,45.55347087319504,11.085174222634526,7,14,100-300:300-600,False,True,,2202,99.94996664442962
63,2026-10-07T04:21:11.124+00:00,2026-10-07T04:21:28.373+00:00,2026-10-07T04:22:38.944+00:00,True,1160,1160.0,,1160.0,17249.105475,87820.12909100001,87820.128912,75.70700768275861,0.017363,17249.105475,505.91653609977106,127.6905044,60.889580341673856,35.601857597540125,13.208816839679175,7,14,1-100:1000-1500,False,True,,4378,99.94996664442962
64,2026-10-07T04:21:15.411+00:00,2026-10-07T04:21:33.978+00:00,2026-10-07T04:21:54.842+00:00,True,333,333.0,,333.0,18567.155239,39431.430183000004,39431.430143,118.41270313213214,0.017803,18567.155239,1015.3717198916752,133.33104459999998,62.84420163855422,52.26009647723468,8.445039869326516,7,14,100-300:300-600,False,True,,1737,99.94996664442962
65,2026-10-07T04:21:20.135+00:00,2026-10-07T04:21:39.253+00:00,2026-10-07T04:22:00.173+00:00,True,336,336.0,,336.0,19117.728399,40038.385039,40038.385064,119.1618603095238,44.094528,19117.728399,1039.908097441902,130.26841975,62.44972131343283,27.303198590588067,8.391946869802918,7,14,100-300:300-600,False,True,,1516,99.94996664442962
66,2026-10-07T04:21:24.467+00:00,2026-10-07T04:21:42.223+00:00,2026-10-07T04:22:08.091+00:00,True,426,426.0,,426.0,17755.887671999997,43624.112184,43624.112231,102.40401932159624,43.341896999999996,17755.887671999997,857.7009003171088,129.74707925,60.86641061647059,25.366932522752673,9.765241713188237,7,14,100-300:300-600,False,True,,1531,99.94996664442962
67,2026-10-07T04:21:30.390+00:00,2026-10-07T04:21:47.336+00:00,2026-10-07T04:23:01.300+00:00,True,1227,1227.0,,1227.0,16945.788579,90910.213027,90910.212849,74.09145301466992,38.168043,16945.788579,482.7011514460644,127.793971,60.329873122349106,25.106258114591725,13.496833404576726,7,14,1-100:1000-1500,False,True,,1244,99.94996664442962
68,2026-10-07T04:21:35.692+00:00,2026-10-07T04:21:52.198+00:00,2026-10-07T04:22:15.439+00:00,True,381,381.0,,381.0,16506.661225,39747.532137,39747.532218,104.32423154330709,40.105743000000004,16506.661225,842.9094142306908,126.669672,61.16018661052632,25.369903531653257,9.585500772394784,7,14,100-300:300-600,False,True,,2038,99.94996664442962
69,2026-10-07T04:21:40.364+00:00,2026-10-07T04:21:57.831+00:00,2026-10-07T04:22:31.138+00:00,True,568,568.0,,568.0,17466.764469,50773.533877,50773.53398,89.39002461267606,39.432261,17466.764469,730.7928882784497,119.04468510000001,58.742097721340386,23.22505575586337,11.18693060396372,7,14,100-300:300-600,False,True,,2998,99.94996664442962
70,2026-10-07T04:21:44.206+00:00,2026-10-07T04:22:00.961+00:00,2026-10-07T04:22:31.284+00:00,True,518,518.0,,518.0,16755.36178,47078.570995999995,47078.5708,90.88527181467181,42.796174,16755.36178,733.9826712400464,120.74220109999999,58.65224219729207,23.368321119644555,11.002882819956698,7,14,100-300:300-600,False,True,,1953,99.94996664442962
71,2026-10-07T04:21:50.034+00:00,2026-10-07T04:22:08.252+00:00,2026-10-07T04:22:38.614+00:00,True,511,511.0,,511.0,18217.435036,48579.678364,48579.678395999996,95.0678637886497,35.804815000000005,18217.435036,803.6330112050631,123.1380845,59.533810447058826,24.56360027586452,10.51880163082094,7,14,100-300:300-600,False,True,,2483,99.94996664442962
72,2026-10-07T04:21:55.264+00:00,2026-10-07T04:22:11.318+00:00,2026-10-07T04:22:36.691+00:00,True,436,436.0,,436.0,16054.041446000001,41426.887014,41426.887,95.01579587155963,32.830623,16054.041446000001,766.415590768123,122.3535005,58.32838061609195,23.51085730025711,10.524565841808391,7,14,100-300:300-600,False,True,,2342,99.94996664442962
73,2026-10-07T04:22:01.091+00:00,2026-10-07T04:22:16.100+00:00,2026-10-07T04:22:43.284+00:00,True,460,460.0,,460.0,15008.948456,42193.787368,42193.787385,91.72562475,34.36355399999999,15008.948456,697.4593468772028,121.87588645,59.2262285664488,24.369846797468707,10.902078924274681,7,14,100-300:300-600,False,True,,2354,99.94996664442962
74,2026-10-07T04:22:05.659+00:00,2026-10-07T04:22:20.403+00:00,2026-10-07T04:22:49.093+00:00,True,481,481.0,,481.0,14744.426771,43434.548243,43434.5483,90.30051621621622,38.552723,14744.426771,670.0279453801842,126.100425,59.7710864,24.991712337444394,11.074133827960765,7,14,100-300:300-600,False,True,,2445,99.94996664442962
75,2026-10-07T04:22:10.320+00:00,2026-10-07T04:22:27.096+00:00,2026-10-07T04:22:47.974+00:00,True,341,341.0,,341.0,16776.730892,37654.383627999996,37654.383863,110.42341308797654,38.770522,16776.730892,905.5541947641273,130.413928,61.40486098823529,25.870831562926277,9.056050508457416,7,14,100-300:300-600,False,True,,1652,99.94996664442962
76,2026-10-07T04:22:15.752+00:00,2026-10-07T04:22:33.990+00:00,2026-10-07T04:23:00.302+00:00,True,431,431.0,,431.0,18237.799836,44549.58838,44549.588578999996,103.36331456844547,43.29216,18237.799836,875.9205192885894,130.63154849999998,61.19020591627907,25.965360342114167,9.674612396497297,7,14,100-300:300-600,False,True,,1541,99.94996664442962
77,2026-10-07T04:22:20.576+00:00,2026-10-07T04:22:38.847+00:00,2026-10-07T04:23:06.050+00:00,True,447,447.0,,447.0,18270.909625999997,45473.717946,45473.718014,101.73091278299776,0.018354,18270.909625999997,863.07651201652,131.6522299,60.992843766816144,55.41756835623552,9.829853818656574,7,14,100-300:300-600,False,True,,2064,99.94996664442962
78,2026-10-07T04:22:25.020+00:00,2026-10-07T04:22:44.060+00:00,2026-10-07T04:23:06.438+00:00,True,369,369.0,,369.0,19040.061909000004,41417.86158900001,41417.861699,112.24352763956641,0.019757,19040.061909000004,989.8245477627472,130.72021559999996,60.80923826086956,59.81629663133298,8.909199698953099,7,14,100-300:300-600,False,True,,1970,99.94996664442962
79,2026-10-07T04:22:31.098+00:00,2026-10-07T04:22:49.613+00:00,2026-10-07T04:23:12.832+00:00,True,380,380.0,,380.0,18515.297915,41734.214523,41734.214434,109.82688008947368,0.018194,18515.297915,948.4338990848252,133.6850569,61.2636322110818,57.86059652477887,9.10523905489055,7,14,100-300:300-600,False,True,,1568,99.94996664442962
80,2026-10-07T04:22:35.532+00:00,2026-10-07T04:22:55.747+00:00,2026-10-07T04:23:14.702+00:00,True,304,304.0,,304.0,20215.171441,39170.674801,39170.67489,128.85090424342104,0.017313,20215.171441,1157.5610152370932,131.7812797,62.55941702970297,63.35720445573005,7.760907912473314,7,14,100-300:300-600,False,True,,1938,99.94996664442962
81,2026-10-07T04:22:40.661+00:00,2026-10-07T04:23:03.645+00:00,2026-10-07T04:24:19.468+00:00,True,1258,1258.0,,1258.0,22984.149099,98807.25873100001,98807.25861,78.54313085055644,0.017413,22984.149099,646.8612925235986,128.6073459,60.32069183134447,26.495716895152885,12.731858126181496,7,14,1-100:1000-1500,False,True,,4346,99.94996664442962
82,2026-10-07T04:22:44.653+00:00,2026-10-07T04:23:06.233+00:00,2026-10-07T04:24:07.357+00:00,True,1004,1004.0,,1004.0,21579.831335000003,82703.127079,82703.127183,82.37363265239044,40.932638,21579.831335000003,679.6188484624511,126.07367495,60.94047432103689,25.78078585118193,12.139806987478904,7,14,1-100:1000-1500,False,True,,1008,99.94996664442962
83,2026-10-07T04:22:48.336+00:00,2026-10-07T04:23:09.226+00:00,2026-10-07T04:23:34.618+00:00,True,424,424.0,,424.0,20889.82854,46282.239676,46282.239776999995,109.15622588915095,40.590145,20889.82854,1011.8777425448142,122.41801055,60.02934074704492,24.3890229853868,9.161181545409704,7,14,100-300:300-600,False,True,,2040,99.94996664442962
84,2026-10-07T04:22:53.419+00:00,2026-10-07T04:23:12.985+00:00,2026-10-07T04:24:36.266+00:00,True,1368,1368.0,,1368.0,19566.128877,102847.370989,102847.371029,75.18082677558479,38.276409,19566.128877,528.0058316802063,128.6905911,60.922635049012435,26.109141360409332,13.301263676893733,7,14,1-100:1000-1500,False,True,,5685,99.94996664442962
85,2026-10-07T04:22:59.274+00:00,2026-10-07T04:23:17.515+00:00,2026-10-07T04:23:39.741+00:00,True,384,384.0,,384.0,18241.481677,40467.080909,40467.081069,105.3830236171875,38.488627,18241.481677,928.2076321051424,115.57630095,58.030285201044386,23.121302710347766,9.48919446064115,7,14,100-300:300-600,False,True,,1378,99.94996664442962
86,2026-10-07T04:23:03.658+00:00,2026-10-07T04:23:19.630+00:00,2026-10-07T04:24:43.919+00:00,True,1384,1384.0,,1384.0,15972.411461,100260.986437,100260.986522,72.4429093367052,40.773875999999994,15972.411461,428.4818855247749,129.5205525,60.94618581055676,25.835881377016943,13.803973501394287,7,14,1-100:1000-1500,False,True,,1384,99.94996664442962
87,2026-10-07T04:23:09.664+00:00,2026-10-07T04:23:27.627+00:00,2026-10-07T04:24:02.852+00:00,True,591,591.0,,591.0,17963.401071,53188.102255,53188.102468,89.99678928595601,39.803281000000005,17963.401071,736.8622402977496,127.9894485,59.70288336271186,24.37264498956937,11.111507554200102,7,14,100-300:300-600,False,True,,2876,99.94996664442962
88,2026-10-07T04:23:15.049+00:00,2026-10-07T04:23:33.362+00:00,2026-10-07T04:24:04.781+00:00,True,514,514.0,,514.0,18312.360597,49731.552148999996,49731.551992,96.75399220233463,42.811385,18312.360597,805.448449706035,130.98110714999999,61.245987430799225,26.227391299241756,10.335490805917578,7,14,100-300:300-600,False,True,,1628,99.94996664442962
89,2026-10-07T04:23:21.226+00:00,2026-10-07T04:23:41.632+00:00,2026-10-07T04:24:00.286+00:00,True,311,311.0,,311.0,20405.489228,39059.26382,39059.263956999996,125.59248860771703,43.074098,20405.489228,1153.9417000966027,130.335674,60.17346642580645,24.754186237800553,7.962259643018536,7,14,100-300:300-600,False,True,,1210,99.94996664442962
90,2026-10-07T04:23:25.063+00:00,2026-10-07T04:23:45.103+00:00,2026-10-07T04:24:13.865+00:00,True,470,470.0,,470.0,20039.75717,48801.872753999996,48801.872785,103.83377188297872,39.291409,20039.75717,921.8927316267018,130.49960775000002,61.32647246055437,25.660821755129128,9.630777949222798,7,14,100-300:300-600,False,True,,2163,99.94996664442962
91,2026-10-07T04:23:29.324+00:00,2026-10-07T04:23:49.290+00:00,2026-10-07T04:24:16.637+00:00,True,444,444.0,,444.0,19965.960031,47312.427615,47312.427582,106.55952158108107,44.083039,19965.960031,944.9734189040888,131.41778490000002,61.73017513318285,26.128261148111005,9.38442651078918,7,14,100-300:300-600,False,True,,1559,99.94996664442962
92,2026-10-07T04:23:35.217+00:00,2026-10-07T04:23:58.880+00:00,2026-10-07T04:25:12.110+00:00,True,1174,1174.0,,1174.0,23663.134888,96892.19012,96892.190266,82.5316782504259,0.017613,23663.134888,690.5243307321978,130.7968475,62.42886209036658,48.83885361676699,12.11655963753129,7,14,1-100:1000-1500,False,True,,4025,99.94996664442962
93,2026-10-07T04:23:39.884+00:00,2026-10-07T04:24:03.607+00:00,2026-10-07T04:24:24.280+00:00,True,331,331.0,,331.0,23722.905134,44395.82955,44395.82963,134.12637350453173,41.830959,23722.905134,1300.767106154438,131.7952185,62.645225503030304,27.10639677060552,7.455655257600654,7,14,100-300:300-600,False,True,,1897,99.94996664442962
94,2026-10-07T04:23:45.382+00:00,2026-10-07T04:24:07.504+00:00,2026-10-07T04:25:24.787+00:00,True,1255,1255.0,,1255.0,22122.018127,99405.754191,99405.754342,79.20777238406374,0.017823000000000002,22122.018127,624.3056976641,129.92459770000002,61.629773575757575,44.51636374049385,12.625023674068409,7,14,1-100:1000-1500,False,True,,4806,99.94996664442962
95,2026-10-07T04:23:51.193+00:00,2026-10-07T04:24:13.665+00:00,2026-10-07T04:24:40.702+00:00,True,433,433.0,,433.0,22472.373904,49509.459088,49509.459164,114.34055234180138,37.923987999999994,22472.373904,1077.299958367505,132.3702798,62.58584533333334,27.657914644520478,8.745803488387326,7,14,100-300:300-600,False,True,,2085,99.94996664442962
96,2026-10-07T04:23:56.694+00:00,2026-10-07T04:24:19.598+00:00,2026-10-07T04:24:39.783+00:00,True,321,321.0,,321.0,22903.189897999997,43088.998026,43088.998075999996,134.2336388660436,40.804716,22903.189897999997,1275.1149117599364,131.727899,63.080650399999996,27.900619726712392,7.449697479767524,7,14,100-300:300-600,False,True,,1312,99.94996664442962
97,2026-10-07T04:24:00.359+00:00,2026-10-07T04:24:22.671+00:00,2026-10-07T04:24:45.651+00:00,True,368,368.0,,368.0,22311.50819,45291.888606,45291.888812,123.07578481521739,39.131,22311.50819,1160.1228604995977,130.570314,62.61684037057221,27.250711852827575,8.125075180707954,7,14,100-300:300-600,False,True,,1625,99.94996664442962
98,2026-10-07T04:24:06.444+00:00,2026-10-07T04:24:29.380+00:00,2026-10-07T04:25:01.728+00:00,True,526,526.0,,526.0,22936.014471000002,55283.299207000004,55283.299107,105.10132910076047,0.018695,22936.014471000002,999.3873816904654,128.994644,61.61387568761904,63.50894422807662,9.514627519433528,7,14,100-300:300-600,False,True,,1932,99.94996664442962
99,2026-10-07T04:24:11.642+00:00,2026-10-07T04:24:35.059+00:00,2026-10-07T04:25:00.291+00:00,True,412,412.0,,412.0,23416.952504,48649.598648,48649.598451,118.08154963834951,0.017551999999999998,23416.952504,1152.6312809235023,127.44213335,61.39329962043796,67.70697080519116,8.46872351365097,7,14,100-300:300-600,False,True,,1923,99.94996664442962
100,2026-10-07T04:24:17.909+00:00,2026-10-07T04:24:39.926+00:00,2026-10-07T04:25:14.244+00:00,True,562,562.0,,562.0,22016.741916000003,56334.931484,56334.931561000005,100.24009174555161,0.017663,22016.741916000003,928.2643826421605,129.15925419999996,61.17324343672014,62.82460965321845,9.976048345059526,7,14,100-300:300-600,False,True,,2324,99.94996664442962
101,2026-10-07T04:24:21.778+00:00,2026-10-07T04:24:44.245+00:00,2026-10-07T04:25:20.144+00:00,True,587,587.0,,587.0,22467.176874,58366.068906,58366.069043,99.43112273083476,0.017513,22467.176874,926.5374996649268,129.1989441,61.260907904436856,56.90908315566691,10.057213223412013,7,14,100-300:300-600,False,True,,2249,99.94996664442962
102,2026-10-07T04:24:27.768+00:00,2026-10-07T04:24:50.337+00:00,2026-10-07T04:25:15.049+00:00,True,403,403.0,,403.0,22568.931395,47280.240195,47280.240328,117.32069560297766,43.298434,22568.931395,1121.4714396926315,129.65182240000001,61.47091741293532,25.752127017908702,8.523645360892608,7,14,100-300:300-600,False,True,,1680,99.94996664442962
103,2026-10-07T04:24:33.536+00:00,2026-10-07T04:24:56.857+00:00,2026-10-07T04:25:27.999+00:00,True,507,507.0,,507.0,23320.863286,54463.740982,54463.741090999996,107.42355244773175,40.337128,23320.863286,1033.313108802246,128.4338578,61.54718912252964,26.162997854124022,9.308945563757014,7,14,100-300:300-600,False,True,,2481,99.94996664442962
104,2026-10-07T04:24:37.931+00:00,2026-10-07T04:25:01.004+00:00,2026-10-07T04:25:36.654+00:00,True,592,592.0,,592.0,23072.900371,58723.24200300001,58723.242116,99.19466573648648,41.960235999999995,23072.900371,946.1440228142577,127.1953846,60.32206705922165,25.1169819399204,10.081187274533589,7,14,100-300:300-600,False,True,,2665,99.94996664442962
105,2026-10-07T04:24:42.659+00:00,2026-10-07T04:25:06.011+00:00,2026-10-07T04:25:35.978+00:00,True,500,500.0,,500.0,23351.938962,53318.367633999995,53318.367632,106.636735264,41.568492,23351.938962,1041.9352240768903,125.2121889,60.05296327054108,24.623552734553513,9.377631427732618,7,14,100-300:300-600,False,True,,2195,99.94996664442962
106,2026-10-07T04:24:46.212+00:00,2026-10-07T04:25:09.692+00:00,2026-10-07T04:25:44.778+00:00,True,591,591.0,,591.0,23480.021732999998,58566.384613,58566.384556,99.09709738747884,41.25775,23480.021732999998,963.6968352934316,123.8231595,59.46841166101695,24.224692605557927,10.091112912385844,7,14,100-300:300-600,False,True,,3059,99.94996664442962
107,2026-10-07T04:24:51.117+00:00,2026-10-07T04:25:14.400+00:00,2026-10-07T04:25:43.343+00:00,True,489,489.0,,489.0,23283.671747,52226.679491,52226.679575,106.80302571574641,41.033631,23283.671747,1050.527121163125,124.0467274,59.309442098360655,24.500484060320545,9.363030634261694,7,14,100-300:300-600,False,True,,2035,99.94996664442962
108,2026-10-07T04:24:56.591+00:00,2026-10-07T04:25:19.531+00:00,2026-10-07T04:25:41.490+00:00,True,376,376.0,,376.0,22940.496081,44898.817745,44898.817599,119.41174893351064,39.297547,22940.496081,1180.280341763245,123.02000350000002,58.55552443733333,23.550872707710845,8.374385315343229,7,14,100-300:300-600,False,True,,1603,99.94996664442962
109,2026-10-07T04:25:01.560+00:00,2026-10-07T04:25:24.408+00:00,2026-10-07T04:25:47.267+00:00,True,388,388.0,,388.0,22847.931305,45707.026089,45707.026120999995,117.80161371391752,41.332991,22847.931305,1157.1778644669198,123.06134920000001,59.06742838242894,24.01557235618754,8.488848065601392,7,14,100-300:300-600,False,True,,1649,99.94996664442962
110,2026-10-07T04:25:05.396+00:00,2026-10-07T04:25:27.612+00:00,2026-10-07T04:25:45.960+00:00,True,317,317.0,,317.0,22216.013161,40563.696232999995,40563.6962,127.96118675078864,39.49104,22216.013161,1244.7255016765257,120.9809678,58.06228820253164,22.95385409804279,7.814869684930471,7,14,100-300:300-600,False,True,,1533,99.94996664442962
111,2026-10-07T04:25:11.304+00:00,2026-10-07T04:25:32.668+00:00,2026-10-07T04:25:55.960+00:00,True,401,401.0,,401.0,21363.950305,44656.146657,44656.14675,111.36196197007482,41.617014000000005,21363.950305,1064.2220348604549,122.34293,58.230490880000005,23.784928053028064,8.979726868958181,7,14,100-300:300-600,False,True,,1751,99.94996664442962
112,2026-10-07T04:25:15.679+00:00,2026-10-07T04:25:37.701+00:00,2026-10-07T04:26:10.450+00:00,True,548,548.0,,548.0,22021.940848000002,54771.488624000005,54771.488517000005,99.94797174635036,40.591775,22021.940848000002,938.4997902218826,125.05769775,59.8712025155393,24.782602465070326,10.005205514167365,7,14,100-300:300-600,False,True,,2437,99.94996664442962
113,2026-10-07T04:25:20.545+00:00,2026-10-07T04:25:42.370+00:00,2026-10-07T04:26:07.375+00:00,True,420,420.0,,420.0,21825.111335999998,46830.225959999996,46830.225974,111.50053803333333,42.750281,21825.111335999998,1062.3382195673587,125.26768585000002,59.678077861575176,25.01377282702632,8.968566591131607,7,14,100-300:300-600,False,True,,1841,99.94996664442962
114,2026-10-07T04:25:25.554+00:00,2026-10-07T04:25:47.262+00:00,2026-10-07T04:26:13.663+00:00,True,441,441.0,,441.0,21707.402056000003,48108.606792000006,48108.606854000005,109.08981146031746,43.488043,21707.402056000003,1031.1271256308764,125.284542,60.00273803636364,24.84099336825077,9.166758910867776,7,14,100-300:300-600,False,True,,2038,99.94996664442962
115,2026-10-07T04:25:32.072+00:00,2026-10-07T04:25:54.077+00:00,2026-10-07T04:27:05.830+00:00,True,1182,1182.0,,1182.0,22005.307750999997,93758.506855,93758.506986,79.32191792385787,0.017563,22005.307750999997,640.2715740697213,126.41599335000002,60.7563074546994,50.35715908424278,12.60685605657089,7,14,1-100:1000-1500,False,True,,3528,99.94996664442962
116,2026-10-07T04:25:38.214+00:00,2026-10-07T04:26:00.653+00:00,2026-10-07T04:27:24.986+00:00,True,1390,1390.0,,1390.0,22439.698067,106772.247955,106772.247805,76.81456676618706,0.017062,22439.698067,602.2344826818025,127.14298895,60.714578753059754,48.854088976816314,13.018364103243629,7,14,1-100:1000-1500,False,True,,2208,99.94996664442962
117,2026-10-07T04:25:43.482+00:00,2026-10-07T04:26:04.649+00:00,2026-10-07T04:26:29.270+00:00,True,404,404.0,,404.0,21167.414184999998,45787.750057,45787.750054,113.33601498514851,43.359992,21167.414184999998,1050.380191859432,126.5234716,61.09264484367245,25.194327737938448,8.823320637005985,7,14,100-300:300-600,False,True,,1641,99.94996664442962
118,2026-10-07T04:25:47.875+00:00,2026-10-07T04:26:09.557+00:00,2026-10-07T04:27:28.873+00:00,True,1310,1310.0,,1310.0,21681.836858,100998.32351399999,100998.323488,77.0979568610687,0.017132,21681.836858,599.6451716915547,126.093862,60.59319072268908,52.18085192009126,12.970512325567592,7,14,1-100:1000-1500,False,True,,5231,99.94996664442962
119,2026-10-07T04:25:53.107+00:00,2026-10-07T04:26:14.501+00:00,2026-10-07T04:26:44.895+00:00,True,502,502.0,,502.0,21394.569277,51788.438077,51788.43819,103.16421950199202,34.718399,21394.569277,952.5031257970885,127.032353,60.666404790419165,24.883612467841754,9.693283262445899,7,14,100-300:300-600,False,True,,2493,99.94996664442962
120,2026-10-07T04:25:59.424+00:00,2026-10-07T04:26:22.046+00:00,2026-10-07T04:26:56.908+00:00,True,573,573.0,,573.0,22622.281859000002,57484.496771000006,57484.496781,100.32198391099477,0.017283,22622.281859000002,945.3685214665767,127.65992620000002,60.94792816783217,73.4837538503349,9.967904951532415,7,14,100-300:300-600,False,True,,2372,99.94996664442962
121,2026-10-07T04:26:04.064+00:00,2026-10-07T04:26:27.656+00:00,2026-10-07T04:26:48.636+00:00,True,347,347.0,,347.0,23591.891724,44572.30414,44572.304280000004,128.45044461095102,36.073637000000005,23591.891724,1263.4784070284386,127.9791708,60.63703010404624,25.393500496351816,7.785103478386164,7,14,100-300:300-600,False,True,,1655,99.94996664442962
122,2026-10-07T04:26:08.965+00:00,2026-10-07T04:26:31.373+00:00,2026-10-07T04:27:58.628+00:00,True,1429,1429.0,,1429.0,22407.655659000004,109662.91556300002,109662.915551,76.74101858012597,0.017703,22407.655659000004,593.332979512544,128.6286226,61.10312318207283,50.919436869980956,13.030840851382042,7,14,1-100:1000-1500,False,True,,7611,99.94996664442962
123,2026-10-07T04:26:13.640+00:00,2026-10-07T04:26:36.674+00:00,2026-10-07T04:26:59.542+00:00,True,376,376.0,,376.0,23033.88494,45901.801739999995,45901.801661,122.07925973670213,0.017873999999999998,23033.88494,1187.7964625513494,128.61122699999999,60.98111146666667,85.31093702420425,8.191399591017449,7,14,100-300:300-600,False,True,,798,99.94996664442962
124,2026-10-07T04:26:17.935+00:00,2026-10-07T04:26:40.307+00:00,2026-10-07T04:27:14.628+00:00,True,578,578.0,,578.0,22372.223399,56693.489319,56693.4893,98.08562162629758,0.017913000000000002,22372.223399,930.7701007280139,116.10685925,59.48226329289428,70.67456885092203,10.195174206825397,7,14,100-300:300-600,False,True,,2580,99.94996664442962
125,2026-10-07T04:26:23.352+00:00,2026-10-07T04:26:47.940+00:00,2026-10-07T04:28:10.458+00:00,True,1343,1343.0,,1343.0,24588.47689,107105.89308200001,107105.89320800001,79.75122353536858,0.017122,24588.47689,671.2337762485791,130.3498713,61.48838762444113,51.228645865666394,12.538992592796015,7,14,1-100:1000-1500,False,True,,1343,99.94996664442962
126,2026-10-07T04:26:27.005+00:00,2026-10-07T04:26:52.918+00:00,2026-10-07T04:28:00.963+00:00,True,1119,1119.0,,1119.0,25913.626416000003,93958.508592,93958.50846,83.96649549597855,0.017914000000000003,25913.626416000003,773.2992879630016,129.02845660000003,60.863043091234346,26.53917544844027,11.909512153487674,7,14,1-100:1000-1500,False,True,,5622,99.94996664442962
127,2026-10-07T04:26:33.426+00:00,2026-10-07T04:26:58.746+00:00,2026-10-07T04:27:33.119+00:00,True,563,563.0,,563.0,25320.085753,59693.033977,59693.034171,106.02670367850799,40.280472,25320.085753,1064.834630368421,125.1966088,61.16182958007117,25.208887901127696,9.431586275492824,7,14,100-300:300-600,False,True,,2453,99.94996664442962
128,2026-10-07T04:26:39.691+00:00,2026-10-07T04:27:04.956+00:00,2026-10-07T04:28:14.761+00:00,True,1132,1132.0,,1132.0,25265.579619,95070.69961899999,95070.699623,83.98471698144877,43.663059000000004,25265.579619,749.5597427818296,130.89093585,61.71982316534041,26.060438188403833,11.906928260090014,7,14,1-100:1000-1500,False,True,,2830,99.94996664442962
129,2026-10-07T04:26:45.278+00:00,2026-10-07T04:27:10.356+00:00,2026-10-07T04:27:46.008+00:00,True,580,580.0,,580.0,25077.751987,60729.299635,60729.299549,104.70568887758621,40.993788,25077.751987,1039.0680436311393,130.27774784999997,61.57434826943005,26.120787909185868,9.550579431772826,7,14,100-300:300-600,False,True,,3318,99.94996664442962
130,2026-10-07T04:26:49.325+00:00,2026-10-07T04:27:15.525+00:00,2026-10-07T04:27:47.803+00:00,True,518,518.0,,518.0,26200.171337,58477.843017,58477.843075,112.89158894787644,42.424369,26200.171337,1148.743834115512,130.81683230000002,62.43263381044488,27.03384251058467,8.858055859711055,7,14,100-300:300-600,False,True,,2676,99.94996664442962
131,2026-10-07T04:26:55.461+00:00,2026-10-07T04:27:22.254+00:00,2026-10-07T04:27:50.293+00:00,True,455,455.0,,455.0,26793.690771999998,54832.867732,54832.867778,120.51179731428572,43.905426,26793.690771999998,1253.4847902471736,129.7756841,61.76030167400881,26.167419730381912,8.297942799998145,7,14,100-300:300-600,False,True,,2124,99.94996664442962
132,2026-10-07T04:27:01.260+00:00,2026-10-07T04:27:29.805+00:00,2026-10-07T04:27:53.607+00:00,True,385,385.0,,385.0,28545.163191,52347.350967,52347.350881,135.96714514545454,42.929035000000006,28545.163191,1451.8799129095573,130.8413792,61.984864,26.58210053527626,7.354717915768187,7,14,100-300:300-600,False,True,,1806,99.94996664442962
133,2026-10-07T04:27:06.687+00:00,2026-10-07T04:27:33.384+00:00,2026-10-07T04:28:09.967+00:00,True,595,595.0,,595.0,26697.682829999998,63279.987854,63279.987714999996,106.35292052941176,39.407596,26697.682829999998,1092.2881831438197,131.72287120000001,61.58637209427609,26.23977323465285,9.402656672008026,7,14,100-300:300-600,False,True,,2266,99.94996664442962
134,2026-10-07T04:27:12.650+00:00,2026-10-07T04:27:41.159+00:00,2026-10-07T04:28:17.137+00:00,True,580,580.0,,580.0,28508.863201,64487.109089,64487.10915,111.18467094827587,39.375015,28508.863201,1181.4901259956018,135.16696324999998,62.1385939343696,26.83129739557501,8.994045603742757,7,14,100-300:300-600,False,True,,2952,99.94996664442962
135,2026-10-07T04:27:16.688+00:00,2026-10-07T04:27:46.490+00:00,2026-10-07T04:29:03.238+00:00,True,1251,1251.0,,1251.0,29802.633031,106550.773831,106550.773636,85.17248092406075,33.302194,29802.633031,841.2695832436913,129.5441575,61.39851264,25.84327985480066,11.74088141287654,7,14,1-100:1000-1500,False,True,,4094,99.94996664442962
136,2026-10-07T04:27:20.535+00:00,2026-10-07T04:27:51.287+00:00,2026-10-07T04:28:17.090+00:00,True,414,414.0,,414.0,30752.667539000002,56555.412627,56555.412634,136.6072768937198,39.829135,30752.667539000002,1508.5744308786498,133.36372205,62.47638035835351,26.592114901772234,7.320254256307082,7,14,100-300:300-600,False,True,,1709,99.94996664442962
137,2026-10-07T04:27:24.694+00:00,2026-10-07T04:27:57.488+00:00,2026-10-07T04:29:14.640+00:00,True,1261,1261.0,,1261.0,32793.409508000004,109946.05411600001,109946.05407500001,87.189575,29.963999,32793.409508000004,922.1233014533436,127.91162399999999,61.23225762539683,25.930726441383044,11.469261085709958,7,14,1-100:1000-1500,False,True,,4243,99.94996664442962
138,2026-10-07T04:27:29.964+00:00,2026-10-07T04:28:03.563+00:00,2026-10-07T04:28:40.340+00:00,True,596,596.0,,596.0,33599.363876,70376.038692,70376.038743,118.08060191778524,37.416776,33599.363876,1374.0017762085977,130.4132215,61.80953750588235,26.232803440963014,8.468791524461723,7,14,100-300:300-600,False,True,,2999,99.94996664442962
139,2026-10-07T04:27:34.330+00:00,2026-10-07T04:28:09.967+00:00,2026-10-07T04:28:44.343+00:00,True,558,558.0,,558.0,35637.741612000005,70013.402156,70013.402073,125.47204672580646,34.652555,35637.741612000005,1506.283062857142,131.68266755,61.71572808617594,26.3336805615358,7.9699026588751565,7,14,100-300:300-600,False,True,,2771,99.94996664442962
140,2026-10-07T04:27:39.434+00:00,2026-10-07T04:28:13.901+00:00,2026-10-07T04:28:40.706+00:00,True,439,439.0,,439.0,34467.56281,61272.515642,61272.515455,139.57292814350797,40.511013,34467.56281,1642.3394698957893,134.55387780000004,61.198522447488585,26.498472791187893,7.164713173602457,7,14,100-300:300-600,False,True,,1594,99.94996664442962
141,2026-10-07T04:27:44.805+00:00,2026-10-07T04:28:21.401+00:00,2026-10-07T04:28:56.891+00:00,True,583,583.0,,583.0,36595.475364,72085.68566799999,72085.685535,123.64611584048028,32.424881,36595.475364,1513.3191053034109,129.10203680000004,60.979742790378005,25.524371111477716,8.087597344708385,7,14,100-300:300-600,False,True,,2653,99.94996664442962
142,2026-10-07T04:27:48.678+00:00,2026-10-07T04:28:26.344+00:00,2026-10-07T04:28:58.236+00:00,True,521,521.0,,521.0,37665.970511,69558.442575,69558.442625,133.50948680422266,41.439353000000004,37665.970511,1647.6921443922329,129.375867,61.33167704615384,25.88875193556341,7.490104446174772,7,14,100-300:300-600,False,True,,2086,99.94996664442962
143,2026-10-07T04:27:53.691+00:00,2026-10-07T04:28:30.081+00:00,2026-10-07T04:28:55.539+00:00,True,421,421.0,,421.0,36390.71786,61847.789476,61847.789588,146.90686362945368,41.653073,36390.71786,1770.801027886003,127.72873099999998,60.612075276190474,25.278889414968926,6.807033906415828,7,14,100-300:300-600,False,True,,1690,99.94996664442962
144,2026-10-07T04:27:57.986+00:00,2026-10-07T04:28:34.907+00:00,2026-10-07T04:28:59.838+00:00,True,411,411.0,,411.0,36921.251042,61852.329954,61852.330125,150.49228740875913,40.026856,36921.251042,1818.372485296926,127.69479600000001,60.80750954146341,25.67933821266507,6.644858816242873,7,14,100-300:300-600,False,True,,1814,99.94996664442962
145,2026-10-07T04:28:03.418+00:00,2026-10-07T04:28:40.478+00:00,2026-10-07T04:29:05.722+00:00,True,420,420.0,,420.0,37060.423472999995,62303.674416999995,62303.67434,148.34208176190475,40.776822,37060.423472999995,1805.5894323160671,125.12935914999998,60.24642230071599,24.487242766280584,6.741175443183814,7,14,100-300:300-600,False,True,,1577,99.94996664442962
146,2026-10-07T04:28:07.920+00:00,2026-10-07T04:28:44.526+00:00,2026-10-07T04:29:09.839+00:00,True,424,424.0,,424.0,36605.911102,61918.487102,61918.487133999995,146.03416776886792,43.11160700000001,36605.911102,1774.994830624799,118.554212,59.840605200945625,23.916310447714125,6.847712530532816,7,14,100-300:300-600,False,True,,2280,99.94996664442962
147,2026-10-07T04:28:13.233+00:00,2026-10-07T04:28:50.404+00:00,2026-10-07T04:29:22.156+00:00,True,538,538.0,,538.0,37170.509512000004,68923.37709600001,68923.37691600001,128.1103660148699,0.017773,37170.509512000004,1601.988983206234,121.17330629999998,59.13010723277468,80.17547154017512,7.805769575838486,7,14,100-300:300-600,False,True,,2680,99.94996664442962
148,2026-10-07T04:28:17.913+00:00,2026-10-07T04:28:55.055+00:00,2026-10-07T04:30:06.459+00:00,True,1177,1177.0,,1177.0,37141.859857,108546.199313,108546.199473,92.22276930586237,0.017352,37141.859857,1082.4348062706727,126.48077280000001,60.71797572789116,58.60302933903085,10.843309184930964,7,14,1-100:1000-1500,False,True,,4516,99.94996664442962
149,2026-10-07T04:28:22.433+00:00,2026-10-07T04:28:58.527+00:00,2026-10-07T04:30:22.725+00:00,True,1375,1375.0,,1375.0,36093.745446,120292.108326,120292.10819300001,87.4851695949091,0.016731000000000003,36093.745446,973.3227202040102,129.06380710000002,61.27974008733624,55.79552037480836,11.430508776799007,7,14,1-100:1000-1500,False,True,,4112,99.94996664442962
150,2026-10-07T04:28:28.914+00:00,2026-10-07T04:29:05.474+00:00,2026-10-07T04:29:23.047+00:00,True,300,300.0,,300.0,36560.318138999995,54133.361082999996,54133.361098999994,180.44453699666664,0.017192,36560.318138999995,2110.315854239462,121.65318554999998,58.77271887625418,110.74578441796785,5.541869080325991,7,14,100-300:300-600,False,True,,1500,99.94996664442962
151,2026-10-07T04:28:33.764+00:00,2026-10-07T04:29:10.203+00:00,2026-10-07T04:29:44.088+00:00,True,571,571.0,,571.0,36438.717128,70323.729352,70323.729227,123.15889531873904,0.017082,36438.717128,1524.466286923684,125.52499600000002,59.44738986666667,78.93251128478474,8.119592138549757,7,14,100-300:300-600,False,True,,2535,99.94996664442962
152,2026-10-07T04:28:38.933+00:00,2026-10-07T04:29:14.031+00:00,2026-10-07T04:29:36.504+00:00,True,389,389.0,,389.0,35098.318326,57570.576118,57570.576254,147.99633998457583,0.017453,35098.318326,1779.0836156538376,126.24148020000001,57.91819018556701,93.73770417135438,6.7569238703236705,7,14,100-300:300-600,False,True,,1973,99.94996664442962
153,2026-10-07T04:28:43.782+00:00,2026-10-07T04:29:18.611+00:00,2026-10-07T04:29:43.463+00:00,True,422,422.0,,422.0,34829.022798,59681.45851,59681.458638,141.42525743601897,0.017382,34829.022798,1695.360244522189,127.47229035000001,59.031913805225656,97.22661960192164,7.070872772475748,7,14,100-300:300-600,False,True,,1698,99.94996664442962
154,2026-10-07T04:28:48.688+00:00,2026-10-07T04:29:24.383+00:00,2026-10-07T04:29:55.229+00:00,True,509,509.0,,509.0,35695.301768,66541.03591199999,66541.035942,130.72895077013752,43.662918,35695.301768,1579.674160582485,130.4696336,60.71994910236221,25.103750385296234,7.649415026738516,7,14,100-300:300-600,False,True,,2277,99.94996664442962
155,2026-10-07T04:28:52.466+00:00,2026-10-07T04:29:29.037+00:00,2026-10-07T04:29:49.049+00:00,True,330,330.0,,330.0,36571.87405,56583.220994,56583.220996,171.46430604848484,45.118243,36571.87405,2010.0276014203528,130.0717857,60.82476274772037,25.438311283454006,5.832117617252519,7,14,100-300:300-600,False,True,,1452,99.94996664442962
156,2026-10-07T04:28:58.184+00:00,2026-10-07T04:29:37.254+00:00,2026-10-07T04:30:14.848+00:00,True,600,600.0,,600.0,39069.825125,76664.210277,76664.21011300001,127.77368352166667,40.213051,39069.825125,1592.6785654765451,131.9051479,62.761911772954925,26.606275535989337,7.826337711327155,7,14,100-300:300-600,False,True,,2478,99.94996664442962
157,2026-10-07T04:29:02.552+00:00,2026-10-07T04:29:42.530+00:00,2026-10-07T04:30:15.120+00:00,True,518,518.0,,518.0,39978.44575,72567.980982,72567.980875,140.09262717181468,42.305813,39978.44575,1753.9900190072033,133.9996962,63.035851512572535,27.011186284237173,7.138134380898464,7,14,100-300:300-600,False,True,,2743,99.94996664442962
158,2026-10-07T04:29:06.111+00:00,2026-10-07T04:29:46.925+00:00,2026-10-07T04:31:17.513+00:00,True,1459,1459.0,,1459.0,40814.187243,131402.079979,131402.079929,90.06311167169294,39.419112999999996,40814.187243,1067.2265587034594,130.0712122,62.13161367352538,26.5904251966311,11.103325002413735,7,14,1-100:1000-1500,False,True,,1459,99.94996664442962
159,2026-10-07T04:29:11.205+00:00,2026-10-07T04:29:52.921+00:00,2026-10-07T04:31:00.086+00:00,True,1088,1088.0,,1088.0,41715.330727,108880.96042300001,108880.96061,100.07441232536765,40.156475,41715.330727,1263.0850304917403,128.6615697,61.789907724011044,26.44370575599065,9.99256431770206,7,14,1-100:1000-1500,False,True,,4656,99.94996664442962
160,2026-10-07T04:29:15.063+00:00,2026-10-07T04:29:57.484+00:00,2026-10-07T04:30:23.462+00:00,True,412,412.0,,412.0,42420.919352,68398.875448,68398.875644,166.01668845631067,41.751244,42420.919352,2086.9959923100087,131.97758565,63.2067058296837,27.539726289675286,6.023490843986484,7,14,100-300:300-600,False,True,,2072,99.94996664442962
161,2026-10-07T04:29:18.941+00:00,2026-10-07T04:30:02.180+00:00,2026-10-07T04:30:23.908+00:00,True,348,348.0,,348.0,43238.198927,64966.998158999995,64966.998144,186.68677627586206,43.605239000000005,43238.198927,2314.612096460017,130.82234089999997,62.61901795965418,27.089796782826348,5.356565792809236,7,14,100-300:300-600,False,True,,1354,99.94996664442962
162,2026-10-07T04:29:23.645+00:00,2026-10-07T04:30:06.602+00:00,2026-10-07T04:30:26.345+00:00,True,315,315.0,,315.0,42956.9619,62700.503404,62700.503465,199.04921734920634,42.299069,42956.9619,2416.9655699218592,132.1318033,62.8775207133758,27.654371545908976,5.023883109364389,7,14,100-300:300-600,False,True,,1304,99.94996664442962
163,2026-10-07T04:29:28.415+00:00,2026-10-07T04:30:11.542+00:00,2026-10-07T04:31:22.756+00:00,True,1150,1150.0,,1150.0,43127.297119,114340.667231,114340.66723800001,99.42666716347826,39.330307,43127.297119,1270.2093864238902,129.1659637,61.97856406614447,26.795918055010496,10.057663890282184,7,14,1-100:1000-1500,False,True,,1150,99.94996664442962
164,2026-10-07T04:29:34.181+00:00,2026-10-07T04:30:16.602+00:00,2026-10-07T04:30:45.668+00:00,True,477,477.0,,477.0,42420.926071999995,71487.193464,71487.19349399999,149.8683301761006,41.911654000000006,42420.926071999995,1939.6995964067773,128.1944802,61.0635869579832,26.062301166394004,6.672523803025095,7,14,100-300:300-600,False,True,,2475,99.94996664442962
165,2026-10-07T04:29:39.603+00:00,2026-10-07T04:30:22.581+00:00,2026-10-07T04:31:24.370+00:00,True,1007,1007.0,,1007.0,42977.85688,104767.05444800001,104767.054385,104.03878290466733,39.105396,42977.85688,1352.6640745738302,127.7797459,61.42067352683897,26.14198403862724,9.61180024871095,7,14,1-100:1000-1500,False,True,,4031,99.94996664442962
166,2026-10-07T04:29:45.262+00:00,2026-10-07T04:30:27.962+00:00,2026-10-07T04:31:01.139+00:00,True,550,550.0,,550.0,42699.481704000005,75876.95370400001,75876.953701,137.95809763818184,42.401323,42699.481704000005,1818.315331496613,128.62609329999998,60.43255373406193,25.619584455564272,7.248577771658821,7,14,100-300:300-600,False,True,,2492,99.94996664442962
167,2026-10-07T04:29:50.377+00:00,2026-10-07T04:30:32.789+00:00,2026-10-07T04:31:48.684+00:00,True,1258,1258.0,,1258.0,42411.969962999996,118307.214507,118307.21451399999,94.04389071065182,37.431158,42411.969962999996,1194.3339081348356,124.28034315000001,60.37807839618138,25.164351397177736,10.633332931066235,7,14,1-100:1000-1500,False,True,,3444,99.94996664442962
168,2026-10-07T04:29:55.735+00:00,2026-10-07T04:30:38.966+00:00,2026-10-07T04:32:00.978+00:00,True,1365,1365.0,,1365.0,43231.322626999994,125242.856707,125242.85666599999,91.75300854652014,38.087829,43231.322626999994,1168.7656854177,125.1273174,60.12575812316716,25.048589891389966,10.898825177657484,7,14,1-100:1000-1500,False,True,,7378,99.94996664442962
169,2026-10-07T04:29:59.973+00:00,2026-10-07T04:30:43.318+00:00,2026-10-07T04:31:10.732+00:00,True,448,448.0,,448.0,43344.453174999995,70758.31301499999,70758.31306599999,157.94266309374999,42.648565000000005,43344.453174999995,2045.1037522109734,130.53588159999998,61.328545503355706,26.268094294189705,6.331411546019035,7,14,100-300:300-600,False,True,,2672,99.94996664442962
170,2026-10-07T04:30:04.196+00:00,2026-10-07T04:30:46.903+00:00,2026-10-07T04:31:10.679+00:00,True,387,387.0,,387.0,42707.572372,66483.73902800001,66483.739036,171.7926073281654,43.054676,42707.572372,2167.975460573022,131.7856539,61.596286673575136,26.262718230592355,5.820972250628273,7,14,100-300:300-600,False,True,,1839,99.94996664442962
171,2026-10-07T04:30:10.279+00:00,2026-10-07T04:30:56.374+00:00,2026-10-07T04:32:17.018+00:00,True,1327,1327.0,,1327.0,46095.027410999995,126738.98312299998,126738.983081,95.50789983496608,40.551796,46095.027410999995,1263.9612070210776,126.88550490000002,60.817462829562594,25.525719091782317,10.470338070427381,7,14,1-100:1000-1500,False,True,,6625,99.94996664442962
172,2026-10-07T04:30:15.355+00:00,2026-10-07T04:31:00.672+00:00,2026-10-07T04:31:29.156+00:00,True,458,458.0,,458.0,45317.753873,73800.986641,73800.986607,161.13752534279476,38.406165,45317.753873,2114.8142351232236,126.11628590000001,62.32654872647703,26.604952388946952,6.205879092483013,7,14,100-300:300-600,False,True,,1676,99.94996664442962
173,2026-10-07T04:30:21.012+00:00,2026-10-07T04:31:05.896+00:00,2026-10-07T04:31:31.873+00:00,True,429,429.0,,429.0,44883.715796,70860.381396,70860.381379,165.17571417016316,39.812771,44883.715796,2164.222388999617,124.167441,60.69314392523365,25.207521487922573,6.054158777421097,7,14,100-300:300-600,False,True,,1964,99.94996664442962
174,2026-10-07T04:30:26.973+00:00,2026-10-07T04:31:10.965+00:00,2026-10-07T04:31:41.841+00:00,True,518,518.0,,518.0,43991.795623000005,74867.879847,74867.879927,144.53258673166025,41.34361,43991.795623000005,1930.417763750003,122.24855535,59.721632928433266,24.347451418501116,6.918854935635747,7,14,100-300:300-600,False,True,,2702,99.94996664442962
175,2026-10-07T04:30:32.963+00:00,2026-10-07T04:31:16.930+00:00,2026-10-07T04:32:37.012+00:00,True,1333,1333.0,,1333.0,43966.580667,124049.179067,124049.178894,93.06014920780196,0.012914,43966.580667,1204.3211495400783,125.32662640000001,60.12207087087087,64.79355302457203,10.745738182435172,7,14,1-100:1000-1500,False,True,,1333,99.94996664442962
176,2026-10-07T04:30:38.318+00:00,2026-10-07T04:31:20.837+00:00,2026-10-07T04:31:38.863+00:00,True,311,311.0,,311.0,42519.061368,60545.799288,60545.799228,194.68102645659164,43.080063,42519.061368,2407.8438073213974,118.639005,58.150767483870965,22.6788778119967,5.136607389071817,7,14,100-300:300-600,False,True,,1160,99.94996664442962
177,2026-10-07T04:30:42.070+00:00,2026-10-07T04:31:24.552+00:00,2026-10-07T04:31:41.886+00:00,True,301,301.0,,301.0,42481.746100000004,59816.68933200001,59816.689448000005,198.72654301661132,41.926041,42481.746100000004,2445.3746450646418,109.40581399999999,57.78314410666667,21.937211871453297,5.032040444922695,7,14,100-300:300-600,False,True,,1179,99.94996664442962
178,2026-10-07T04:30:47.538+00:00,2026-10-07T04:31:30.063+00:00,2026-10-07T04:32:44.064+00:00,True,1226,1226.0,,1226.0,42524.978099,116525.595059,116525.595199,95.04534681810766,0.012884,42524.978099,1214.6544996086684,125.28639125,60.40866690612245,67.50984846688219,10.521293621193212,7,14,1-100:1000-1500,False,True,,3663,99.94996664442962
179,2026-10-07T04:30:53.773+00:00,2026-10-07T04:31:36.781+00:00,2026-10-07T04:32:01.383+00:00,True,417,417.0,,417.0,43008.543372,67610.438028,67610.437948,162.13534280095922,41.758286,43008.543372,2103.3750813581105,123.20382300000001,59.13916984615385,23.744819761508356,6.167686708778676,7,14,100-300:300-600,False,True,,1914,99.94996664442962
180,2026-10-07T04:30:57.460+00:00,2026-10-07T04:31:38.999+00:00,2026-10-07T04:32:02.868+00:00,True,406,406.0,,406.0,41539.101299999995,65407.98526799999,65407.98547199999,161.10341249261083,39.687927,41539.101299999995,2058.7635805623127,123.89437075,58.93551597037037,23.8247296881586,6.207193178882858,7,14,100-300:300-600,False,True,,1559,99.94996664442962
181,2026-10-07T04:31:01.790+00:00,2026-10-07T04:31:42.771+00:00,2026-10-07T04:32:02.169+00:00,True,331,331.0,,331.0,40980.876587,60378.960683,60378.960591999996,182.41377822356495,42.985807,40980.876587,2249.4047226774205,124.51331699999999,58.78207301818182,23.55741752016486,5.482042026821352,7,14,100-300:300-600,False,True,,1358,99.94996664442962
182,2026-10-07T04:31:05.521+00:00,2026-10-07T04:31:46.490+00:00,2026-10-07T04:33:17.790+00:00,True,1483,1483.0,,1483.0,40968.956119999995,132269.287384,132269.287347,89.19034885165205,0.013415,40968.956119999995,1064.1356054716757,128.7519624,61.60616144669366,63.1765111151429,11.211975427784694,7,14,1-100:1000-1500,False,True,,5401,99.94996664442962
183,2026-10-07T04:31:11.507+00:00,2026-10-07T04:31:53.642+00:00,2026-10-07T04:33:09.574+00:00,True,1234,1234.0,,1234.0,42134.580630000004,118066.36123800001,118066.36124,95.67776437601297,0.012824,42134.580630000004,1199.6641063067816,131.37287615000002,61.58295264233576,68.75220682459334,10.451749228660342,7,14,1-100:1000-1500,False,True,,1234,99.94996664442962
184,2026-10-07T04:31:17.553+00:00,2026-10-07T04:32:01.284+00:00,2026-10-07T04:32:37.308+00:00,True,587,587.0,,587.0,43730.591504,79754.734608,79754.734761,135.8683726763203,0.012694,43730.591504,1804.8992778019117,130.215114,61.47464693515358,94.7017216238381,7.3600646141592145,7,14,100-300:300-600,False,True,,1348,99.94996664442962
185,2026-10-07T04:31:22.456+00:00,2026-10-07T04:32:07.807+00:00,2026-10-07T04:32:31.485+00:00,True,387,387.0,,387.0,45351.841577,69029.554729,69029.554692,178.37094235658915,0.012424,45351.841577,2305.158367085626,120.9571794,61.34122578238342,115.99798070193842,5.606294311462761,7,14,100-300:300-600,False,True,,1816,99.94996664442962
186,2026-10-07T04:31:26.107+00:00,2026-10-07T04:32:12.493+00:00,2026-10-07T04:33:38.183+00:00,True,1389,1389.0,,1389.0,46386.638288,132076.43387200002,132076.43385,95.08742537796977,0.013205,46386.638288,1244.6566792394847,128.9830284,61.736163965417866,64.64780760681934,10.516637671684332,7,14,1-100:1000-1500,False,True,,5019,99.94996664442962
187,2026-10-07T04:31:30.712+00:00,2026-10-07T04:32:17.120+00:00,2026-10-07T04:33:46.684+00:00,True,1451,1451.0,,1451.0,46408.172349,135971.809597,135971.809664,93.70903491660924,0.012954,46408.172349,1218.3762526161381,128.469796,61.768025688275856,63.97334679643427,10.671329625608028,7,14,1-100:1000-1500,False,True,,1927,99.94996664442962
188,2026-10-07T04:31:34.918+00:00,2026-10-07T04:32:20.090+00:00,2026-10-07T04:32:45.289+00:00,True,412,412.0,,412.0,45171.743543,70370.364727,70370.36474799999,170.801856184466,0.012523,45171.743543,2225.3464713686453,129.3763535,61.3105138296837,114.00297023282118,5.854737311627463,7,14,100-300:300-600,False,True,,1811,99.94996664442962
189,2026-10-07T04:31:38.920+00:00,2026-10-07T04:32:26.322+00:00,2026-10-07T04:33:53.915+00:00,True,1429,1429.0,,1429.0,47401.338060999995,134994.59630099998,134994.596226,94.46787699510146,32.839178999999994,47401.338060999995,1252.5809510376514,128.3025042,61.33981669467787,26.02295223509582,10.585608899586855,7,14,1-100:1000-1500,False,True,,5773,99.94996664442962
190,2026-10-07T04:31:43.029+00:00,2026-10-07T04:32:31.226+00:00,2026-10-07T04:32:50.321+00:00,True,303,303.0,,303.0,48196.894042,67292.221274,67292.221304,222.0865389570957,45.347206,48196.894042,2765.344858935357,134.81828399999998,63.22956037086092,27.680734232003587,4.502749266757694,7,14,100-300:300-600,False,True,,1436,99.94996664442962
191,2026-10-07T04:31:46.922+00:00,2026-10-07T04:32:36.962+00:00,2026-10-07T04:33:08.002+00:00,True,499,499.0,,499.0,50039.931513999996,81080.10764199999,81080.107492,162.48518535470942,43.069298,50039.931513999996,2237.4635550350577,131.44406429999998,62.32967093975904,26.686201932355843,6.154407221599629,7,14,100-300:300-600,False,True,,2034,99.94996664442962
192,2026-10-07T04:31:51.857+00:00,2026-10-07T04:32:41.319+00:00,2026-10-07T04:33:12.471+00:00,True,496,496.0,,496.0,49461.615969,80613.903713,80613.903767,162.52803178830644,41.228795,49461.615969,2218.2376014191946,131.67228649999998,62.93391463434344,27.59478843187783,6.152784782211381,7,14,100-300:300-600,False,True,,1842,99.94996664442962
193,2026-10-07T04:31:56.439+00:00,2026-10-07T04:32:45.481+00:00,2026-10-07T04:33:16.647+00:00,True,500,500.0,,500.0,49041.341669,80207.680997,80207.681103,160.415362206,40.635769,49041.341669,2190.5721799954877,130.10688079999997,62.45759384368738,27.30933573114064,6.233816933551557,7,14,100-300:300-600,False,True,,1917,99.94996664442962
194,2026-10-07T04:32:01.892+00:00,2026-10-07T04:32:50.714+00:00,2026-10-07T04:33:15.856+00:00,True,404,404.0,,404.0,48821.737055,73964.201823,73964.202037,183.07970801237624,42.236042999999995,48821.737055,2426.020758489645,128.63503935,62.38825004466501,27.233988923572497,5.46210180117663,7,14,100-300:300-600,False,True,,1367,99.94996664442962
195,2026-10-07T04:32:07.926+00:00,2026-10-07T04:32:56.525+00:00,2026-10-07T04:34:05.020+00:00,True,1130,1130.0,,1130.0,48599.404818999996,117094.13659499999,117094.136651,103.623129779646,39.217157,48599.404818999996,1444.1653618272637,127.2893679,60.668495815766164,25.505279770642158,9.650355114777385,7,14,1-100:1000-1500,False,True,,4295,99.94996664442962
196,2026-10-07T04:32:13.838+00:00,2026-10-07T04:33:04.790+00:00,2026-10-07T04:33:37.782+00:00,True,544,544.0,,544.0,50952.140171,83943.872907,83943.873081,154.30859022242646,36.218417,50952.140171,2182.1047037527437,126.71908694999998,60.75825549907919,26.0074501437419,6.480520628380924,7,14,100-300:300-600,False,True,,2008,99.94996664442962
197,2026-10-07T04:32:18.576+00:00,2026-10-07T04:33:09.793+00:00,2026-10-07T04:33:41.627+00:00,True,523,523.0,,523.0,51217.185656999995,83051.347321,83051.347264,158.79798712045888,42.791936,51217.185656999995,2237.0515440356085,126.1388082,60.98498403065134,25.675931949041274,6.297309036764495,7,14,100-300:300-600,False,True,,2466,99.94996664442962
198,2026-10-07T04:32:24.914+00:00,2026-10-07T04:33:13.739+00:00,2026-10-07T04:33:40.730+00:00,True,453,453.0,,453.0,48824.59179,75816.048814,75816.048717,167.36434595364238,42.746819,48824.59179,2291.3040730055213,124.53996600000002,59.715612884955746,24.4648756690759,5.9749882391173905,7,14,100-300:300-600,False,True,,1982,99.94996664442962
199,2026-10-07T04:32:29.482+00:00,2026-10-07T04:33:18.042+00:00,2026-10-07T04:34:45.530+00:00,True,1452,1452.0,,1452.0,48560.252809,136047.79892099998,136047.798899,93.6968311976584,29.191421,48560.252809,1273.040779583683,125.29582415,60.294656176430045,25.08323343073681,10.67271952590093,7,14,1-100:1000-1500,False,True,,2177,99.94996664442962
200,2026-10-07T04:32:33.490+00:00,2026-10-07T04:33:21.263+00:00,2026-10-07T04:33:51.535+00:00,True,508,508.0,,508.0,47772.654464,78044.653696,78044.653655,153.63120798228346,40.272835,47772.654464,2117.062432150992,126.33584554999999,59.70808527021696,24.60923890733475,6.509094165229621,7,14,100-300:300-600,False,True,,1895,99.94996664442962
201,2026-10-07T04:32:39.500+00:00,2026-10-07T04:33:27.963+00:00,2026-10-07T04:33:46.526+00:00,True,304,304.0,,304.0,48463.219607,67026.449559,67026.449523,220.48174185197368,42.195767999999994,48463.219607,2776.1657974198156,125.48301000000001,61.26478532013201,26.207988694664472,4.53552294654074,7,14,100-300:300-600,False,True,,623,99.94996664442962
202,2026-10-07T04:32:44.202+00:00,2026-10-07T04:33:34.035+00:00,2026-10-07T04:34:54.353+00:00,True,1327,1327.0,,1327.0,49833.069529,130151.443417,130151.443391,98.07945997814619,26.14386,49833.069529,1366.567772233668,126.1835902,60.571926009049776,25.774630259729275,10.195814699867332,7,14,1-100:1000-1500,False,True,,5199,99.94996664442962
203,2026-10-07T04:32:49.653+00:00,2026-10-07T04:33:37.930+00:00,2026-10-07T04:34:57.801+00:00,True,1322,1322.0,,1322.0,48276.535683,128147.81581100001,128147.815799,96.93480771482602,28.402292000000003,48276.535683,1326.3513149546595,126.7199597,60.46274044511733,25.85460326406735,10.316211724979876,7,14,1-100:1000-1500,False,True,,3086,99.94996664442962
204,2026-10-07T04:32:54.820+00:00,2026-10-07T04:33:42.327+00:00,2026-10-07T04:34:16.483+00:00,True,569,569.0,,569.0,47507.047921,81662.865137,81662.865156,143.51997391212655,42.11089,47507.047921,1989.2425458083217,126.7509498,60.13348101408451,25.598189953065557,6.967671279294806,7,14,100-300:300-600,False,True,,2498,99.94996664442962
205,2026-10-07T04:32:58.777+00:00,2026-10-07T04:33:45.396+00:00,2026-10-07T04:34:12.388+00:00,True,456,456.0,,456.0,46618.515644,73610.932156,73610.932076,161.42748262280702,41.353131000000005,46618.515644,2180.4721369566814,125.98876200000001,59.323992334065935,24.57817890001127,6.194732041072674,7,14,100-300:300-600,False,True,,1982,99.94996664442962
206,2026-10-07T04:33:03.045+00:00,2026-10-07T04:33:51.292+00:00,2026-10-07T04:34:15.788+00:00,True,403,403.0,,403.0,48246.863274999996,72742.501035,72742.501066,180.50248403473944,39.963376,48246.863274999996,2400.455684584687,127.2487248,60.934422288557215,26.28879306344162,5.540089964821211,7,14,100-300:300-600,False,True,,2132,99.94996664442962
207,2026-10-07T04:33:08.582+00:00,2026-10-07T04:33:56.324+00:00,2026-10-07T04:35:02.302+00:00,True,1094,1094.0,,1094.0,47741.678284999995,113720.23495700001,113720.234881,103.94902639945155,24.004541,47741.678284999995,1441.8046984176292,125.24871644999999,60.3646447136322,25.31399128085978,9.620099715883143,7,14,1-100:1000-1500,False,True,,3799,99.94996664442962
208,2026-10-07T04:33:13.792+00:00,2026-10-07T04:34:01.230+00:00,2026-10-07T04:34:24.022+00:00,True,374,374.0,,374.0,47437.274549999995,70229.71691799999,70229.71693499999,187.77999180481282,39.823254,47437.274549999995,2449.9030969273863,126.84322780000001,61.10574361394102,26.200398504393075,5.3253809984266525,7,14,100-300:300-600,False,True,,1524,99.94996664442962
209,2026-10-07T04:33:18.579+00:00,2026-10-07T04:34:06.016+00:00,2026-10-07T04:34:25.900+00:00,True,331,331.0,,331.0,47437.135631,67321.865487,67321.865589,203.38932202114802,39.597660000000005,47437.135631,2604.1918770871216,124.770777,60.25675713939394,25.359549115230106,4.916678966121592,7,14,100-300:300-600,False,True,,1569,99.94996664442962
210,2026-10-07T04:33:24.501+00:00,2026-10-07T04:34:12.480+00:00,2026-10-07T04:35:37.060+00:00,True,1382,1382.0,,1382.0,47978.629699,132558.556227,132558.556268,95.91791336324168,29.547678,47978.629699,1289.2278900323233,127.48381315,61.24542109196234,26.342365994951614,10.42558126261871,7,14,1-100:1000-1500,False,True,,6079,99.94996664442962
211,2026-10-07T04:33:29.614+00:00,2026-10-07T04:34:16.582+00:00,2026-10-07T04:34:45.335+00:00,True,476,476.0,,476.0,46968.146631999996,75721.06925599999,75721.06928099999,159.0778766407563,28.462735000000002,46968.146631999996,2150.1530642259563,123.21558775000001,60.53246868210527,25.090903160997296,6.286229244739339,7,14,100-300:300-600,False,True,,2406,99.94996664442962
212,2026-10-07T04:33:35.278+00:00,2026-10-07T04:34:21.107+00:00,2026-10-07T04:34:53.905+00:00,True,548,548.0,,548.0,45829.289684,78626.981332,78626.98151900001,143.47989328284672,28.199602,45829.289684,1955.3422843747321,124.72606135,59.95921690676416,26.062772275553694,6.9696176899643,7,14,100-300:300-600,False,True,,2330,99.94996664442962
213,2026-10-07T04:33:39.597+00:00,2026-10-07T04:34:25.073+00:00,2026-10-07T04:34:57.130+00:00,True,538,538.0,,538.0,45476.604269,77533.302125,77533.302011,144.1139442583643,25.564364,45476.604269,1958.222660153658,123.29381375000001,59.69589917318436,25.110417042120584,6.9389537818553215,7,14,100-300:300-600,False,True,,1909,99.94996664442962
214,2026-10-07T04:33:44.294+00:00,2026-10-07T04:34:29.851+00:00,2026-10-07T04:34:49.380+00:00,True,326,326.0,,326.0,45557.831661,65086.307564999996,65086.307593,199.65125028527606,26.25074,45557.831661,2520.007171944074,121.48019975000001,60.087618166153845,24.649716572724806,5.0087339748753195,7,14,100-300:300-600,False,True,,1481,99.94996664442962
215,2026-10-07T04:33:48.839+00:00,2026-10-07T04:34:35.300+00:00,2026-10-07T04:35:58.294+00:00,True,1359,1359.0,,1359.0,46461.359718,129455.627366,129455.627458,95.25800401618838,37.30957299999999,46461.359718,1258.9360226772365,127.4356913,61.11507190574374,26.077006232110918,10.497805523415396,7,14,1-100:1000-1500,False,True,,1359,99.94996664442962
216,2026-10-07T04:33:54.435+00:00,2026-10-07T04:34:38.615+00:00,2026-10-07T04:35:12.891+00:00,True,574,574.0,,574.0,44179.702739,78456.233427,78456.233488,136.68333360278746,40.090965,44179.702739,1841.7043078528372,125.92548265,59.81942528446771,25.479976136771818,7.3161809448076704,7,14,100-300:300-600,False,True,,2991,99.94996664442962
217,2026-10-07T04:33:59.723+00:00,2026-10-07T04:34:43.954+00:00,2026-10-07T04:35:08.299+00:00,True,406,406.0,,406.0,44231.196484,68576.48186,68576.481948,168.9075910049261,37.504940000000005,44231.196484,2192.324484744356,124.54768424999999,60.111815743209874,25.707730302872257,5.920397036827517,7,14,100-300:300-600,False,True,,1731,99.94996664442962
218,2026-10-07T04:34:04.354+00:00,2026-10-07T04:34:47.478+00:00,2026-10-07T04:35:17.293+00:00,True,501,501.0,,501.0,43124.365323,72938.897675,72938.897471,145.58662169860278,39.145684,43124.365323,1924.1519621251036,126.869247,59.629064704,24.949532908733143,6.868762977915404,7,14,100-300:300-600,False,True,,2171,99.94996664442962
219,2026-10-07T04:34:10.543+00:00,2026-10-07T04:34:54.946+00:00,2026-10-07T04:35:13.459+00:00,True,311,311.0,,311.0,44402.743104999994,62915.26585699999,62915.266063999996,202.29989088102892,40.928766,44402.743104999994,2514.581699562198,125.811705,59.717815329032256,24.546180477613596,4.943156414643012,7,14,100-300:300-600,False,True,,1272,99.94996664442962
220,2026-10-07T04:34:15.235+00:00,2026-10-07T04:35:00.559+00:00,2026-10-07T04:35:28.147+00:00,True,449,449.0,,449.0,45324.081163,72912.129291,72912.129311,162.3878158374165,42.948569000000006,45324.081163,2136.2340715202204,130.6641162,61.58046457142857,26.54762248893361,6.158097484823048,7,14,100-300:300-600,False,True,,1509,99.94996664442962
221,2026-10-07T04:34:21.461+00:00,2026-10-07T04:35:06.845+00:00,2026-10-07T04:35:38.440+00:00,True,502,502.0,,502.0,45384.102376,76979.412456,76979.41244,153.34544310756974,42.936296,45384.102376,2022.9701658070774,132.70335250000002,63.064491177644705,27.98948284949229,6.521224103742463,7,14,100-300:300-600,False,True,,1883,99.94996664442962
222,2026-10-07T04:34:25.422+00:00,2026-10-07T04:35:10.494+00:00,2026-10-07T04:35:34.871+00:00,True,391,391.0,,391.0,45072.342175,69448.777887,69448.777646,177.61835715089512,41.808093,45072.342175,2276.4117105187056,133.317455,62.50368131282052,27.554077119481935,5.63004867610767,7,14,100-300:300-600,False,True,,1829,99.94996664442962
223,2026-10-07T04:34:30.851+00:00,2026-10-07T04:35:17.480+00:00,2026-10-07T04:35:41.519+00:00,True,377,377.0,,377.0,46628.509064000005,70667.12538400001,70667.12535100001,187.4459558381963,42.840396999999996,46628.509064000005,2398.370887598198,132.36745919999998,63.932490212765956,28.85995425358056,5.334871030219631,7,14,100-300:300-600,False,True,,1748,99.94996664442962
224,2026-10-07T04:34:36.645+00:00,2026-10-07T04:35:24.181+00:00,2026-10-07T04:35:52.204+00:00,True,458,458.0,,458.0,47535.716105,75558.53722500001,75558.537174,164.97497199563318,41.540541,47535.716105,2218.493166241904,128.14067335,61.31908341356674,26.695961188139783,6.061525498252523,7,14,100-300:300-600,False,True,,1622,99.94996664442962
225,2026-10-07T04:34:41.918+00:00,2026-10-07T04:35:28.322+00:00,2026-10-07T04:35:58.618+00:00,True,495,495.0,,495.0,46404.156924,76699.65798,76699.658127,154.9488042969697,42.699624,46404.156924,2083.122301009256,127.75160120000001,61.3269252145749,26.403024139640767,6.453744554233539,7,14,100-300:300-600,False,True,,2768,99.94996664442962
226,2026-10-07T04:34:47.768+00:00,2026-10-07T04:35:33.757+00:00,2026-10-07T04:36:47.265+00:00,True,1221,1221.0,,1221.0,45988.498365,119496.477373,119496.477332,97.8677128026208,0.011401,45988.498365,1317.125631236628,124.50298200000002,60.252441809836064,84.98488469228784,10.217874424772647,7,14,1-100:1000-1500,False,True,,1467,99.94996664442962
227,2026-10-07T04:34:53.189+00:00,2026-10-07T04:35:37.794+00:00,2026-10-07T04:35:57.877+00:00,True,339,339.0,,339.0,44605.183796,64688.410932,64688.410803,190.82127080530972,42.644871,44605.183796,2419.5165831864624,125.19746800000001,59.41783176331361,24.400781276774236,5.2405059131280005,7,14,100-300:300-600,False,True,,1765,99.94996664442962
228,2026-10-07T04:34:57.697+00:00,2026-10-07T04:35:41.004+00:00,2026-10-07T04:35:59.493+00:00,True,312,312.0,,312.0,43306.102847,61795.470143,61795.470339,198.06240493269232,41.274983999999996,43306.102847,2448.4817388961733,125.98469464999998,59.45134178778135,24.50389919705994,5.048913767918673,7,14,100-300:300-600,False,True,,1490,99.94996664442962
229,2026-10-07T04:35:02.708+00:00,2026-10-07T04:35:48.480+00:00,2026-10-07T04:36:11.586+00:00,True,385,385.0,,385.0,45771.829155,68877.396643,68877.396666,178.9023290025974,0.011422,45771.829155,2334.4666324986943,123.4335548,60.17074866666666,149.58371520935265,5.589642157869326,7,14,100-300:300-600,False,True,,1719,99.94996664442962
230,2026-10-07T04:35:08.781+00:00,2026-10-07T04:35:54.985+00:00,2026-10-07T04:37:11.298+00:00,True,1268,1268.0,,1268.0,46204.000026,122516.62748200001,122516.62739,96.62194589116719,0.011371000000000001,46204.000026,1298.2916017438786,124.22223840000001,60.230960896606156,79.67987972569249,10.349615607777753,7,14,1-100:1000-1500,False,True,,1271,99.94996664442962
231,2026-10-07T04:35:13.242+00:00,2026-10-07T04:35:58.864+00:00,2026-10-07T04:37:22.502+00:00,True,1394,1394.0,,1394.0,45622.04309000001,129260.037842,129260.03799400001,92.72599569153516,0.011451000000000001,45622.04309000001,1222.8397493088435,122.87352849999999,60.04163298779612,78.59077860114108,10.78446226129026,7,14,1-100:1000-1500,False,True,,2090,99.94996664442962
232,2026-10-07T04:35:17.328+00:00,2026-10-07T04:36:02.726+00:00,2026-10-07T04:36:32.401+00:00,True,514,514.0,,514.0,45398.595095,75073.211159,75073.211216,146.05683115953306,0.011371000000000001,45398.595095,2000.067396255111,122.16768945,57.84525548538012,26.305084884426886,6.846649984258469,7,14,100-300:300-600,False,True,,1448,99.94996664442962
233,2026-10-07T04:35:21.813+00:00,2026-10-07T04:36:04.564+00:00,2026-10-07T04:36:27.763+00:00,True,396,396.0,,396.0,42750.85539,65950.29986999999,65950.30000999999,166.54116164141413,41.007161999999994,42750.85539,2145.4904312223357,120.19537575,58.732770835443034,23.697838051919554,6.004521598545994,7,14,100-300:300-600,False,True,,1584,99.94996664442962
234,2026-10-07T04:35:26.475+00:00,2026-10-07T04:36:10.042+00:00,2026-10-07T04:36:39.001+00:00,True,484,484.0,,484.0,43566.681615,72525.530895,72525.530996,149.8461384214876,30.069705000000003,43566.681615,1977.7352113786098,123.41683979999999,59.956209689440996,24.928221391138308,6.673511989877313,7,14,100-300:300-600,False,True,,2021,99.94996664442962
235,2026-10-07T04:35:33.030+00:00,2026-10-07T04:36:17.905+00:00,2026-10-07T04:36:39.584+00:00,True,359,359.0,,359.0,44875.773692,66554.54258800001,66554.542437,185.3886975961003,33.358819000000004,44875.773692,2365.3882258801027,125.17845379999999,60.55522037988827,24.972537502286364,5.394072080434203,7,14,100-300:300-600,False,True,,2156,99.94996664442962
236,2026-10-07T04:35:37.962+00:00,2026-10-07T04:36:22.947+00:00,2026-10-07T04:36:50.017+00:00,True,448,448.0,,448.0,44985.634666,72055.403882,72055.404051,160.83795547098214,33.35605399999999,44985.634666,2122.6507470471543,123.20425664999999,60.55876782102908,24.442407028509855,6.217437913937138,7,14,100-300:300-600,False,True,,1172,99.94996664442962
237,2026-10-07T04:35:43.815+00:00,2026-10-07T04:36:27.906+00:00,2026-10-07T04:37:02.406+00:00,True,571,571.0,,571.0,44091.187992,78590.813976,78590.814122,137.63715257793345,32.386848,44091.187992,1842.7939967750867,125.37930850000001,60.52565962105263,24.91397956365513,7.265480163806059,7,14,100-300:300-600,False,True,,2790,99.94996664442962
238,2026-10-07T04:35:48.644+00:00,2026-10-07T04:36:31.581+00:00,2026-10-07T04:36:56.492+00:00,True,421,421.0,,421.0,42936.505396,67847.981876,67847.981849,161.1591017790974,29.060275,42936.505396,2089.841882219889,123.44995,59.313039238095236,23.8165123939036,6.205048232229308,7,14,100-300:300-600,False,True,,1970,99.94996664442962
239,2026-10-07T04:35:54.260+00:00,2026-10-07T04:36:39.743+00:00,2026-10-07T04:37:05.442+00:00,True,425,425.0,,425.0,45482.331119999995,71181.917936,71181.917959,167.48686578588234,40.679928,45482.331119999995,2203.413934068635,123.28238900000001,60.61223305660378,24.594105501918214,5.970617430990262,7,14,100-300:300-600,False,True,,1488,99.94996664442962
240,2026-10-07T04:35:58.957+00:00,2026-10-07T04:36:43.349+00:00,2026-10-07T04:37:56.232+00:00,True,1209,1209.0,,1209.0,44391.57670400001,117274.39424000001,117274.39425400001,97.00115322911498,23.865761,44391.57670400001,1275.2070694397817,126.1171112,60.33345822516556,25.081561371517342,10.30915578660592,7,14,1-100:1000-1500,False,True,,1777,99.94996664442962
241,2026-10-07T04:36:05.098+00:00,2026-10-07T04:36:48.914+00:00,2026-10-07T04:37:09.696+00:00,True,347,347.0,,347.0,43816.370144,64597.678816,64597.678834,186.1604577348703,41.606925000000004,43816.370144,2349.090397218112,122.87352650000001,60.06158575722543,24.62311377660964,5.371710042219855,7,14,100-300:300-600,False,True,,1390,99.94996664442962
242,2026-10-07T04:36:11.145+00:00,2026-10-07T04:36:54.823+00:00,2026-10-07T04:37:15.901+00:00,True,361,361.0,,361.0,43678.161711,64755.685423,64755.685416,179.37862996121885,40.060567999999996,43678.161711,2295.8908999464675,122.732532,58.54867697777778,23.680987800913094,5.574800075728634,7,14,100-300:300-600,False,True,,567,99.94996664442962
243,2026-10-07T04:36:15.384+00:00,2026-10-07T04:36:59.291+00:00,2026-10-07T04:38:20.927+00:00,True,1332,1332.0,,1332.0,43906.731585,125542.744385,125542.744565,94.25130973348348,22.592886,43906.731585,1201.6348407639023,127.85825615,61.334344703230656,25.872606333129873,10.609932151197652,7,14,1-100:1000-1500,False,True,,1332,99.94996664442962
244,2026-10-07T04:36:19.410+00:00,2026-10-07T04:37:01.993+00:00,2026-10-07T04:38:13.122+00:00,True,1165,1165.0,,1165.0,42582.219006,113711.87507,113711.874974,97.60675963433476,22.400044,42582.219006,1246.0449401437938,128.0978692,61.107951945017184,25.665157022409137,10.245192063562724,7,14,1-100:1000-1500,False,True,,1174,99.94996664442962
245,2026-10-07T04:36:24.343+00:00,2026-10-07T04:37:07.806+00:00,2026-10-07T04:37:28.308+00:00,True,352,352.0,,352.0,43462.123406000006,63964.466318000006,63964.466205000004,181.71723353693184,41.006099,43462.123406000006,2313.54429335125,125.41064770000001,58.41123336752137,23.46510416497831,5.503055372181617,7,14,100-300:300-600,False,True,,1575,99.94996664442962
246,2026-10-07T04:36:29.563+00:00,2026-10-07T04:37:11.618+00:00,2026-10-07T04:37:32.095+00:00,True,348,348.0,,348.0,42055.505568,62531.63792,62531.637942,179.68861477586208,41.025947,42055.505568,2251.375874374542,127.55139559999999,59.00902695100865,23.981135505112395,5.565182867034678,7,14,100-300:300-600,False,True,,1681,99.94996664442962
247,2026-10-07T04:36:34.422+00:00,2026-10-07T04:37:19.062+00:00,2026-10-07T04:37:42.850+00:00,True,379,379.0,,379.0,44640.519839,68428.706207,68428.706206,180.55067600527704,41.94565,44640.519839,2289.961204262735,131.3536878,62.93170996825397,27.467960550797137,5.5386112204651,7,14,100-300:300-600,False,True,,1488,99.94996664442962
248,2026-10-07T04:36:39.154+00:00,2026-10-07T04:37:22.676+00:00,2026-10-07T04:37:50.540+00:00,True,457,457.0,,457.0,43522.755926,71386.14280599999,71386.14298399999,156.20600215317288,29.198605,43522.755926,2033.2134609238483,130.47832419999997,61.103918596491226,25.783553832957722,6.4018026753728625,7,14,100-300:300-600,False,True,,1841,99.94996664442962
249,2026-10-07T04:36:44.549+00:00,2026-10-07T04:37:30.643+00:00,2026-10-07T04:37:57.177+00:00,True,431,431.0,,431.0,46094.157019,72627.611611,72627.61171499999,168.50953994199534,23.292106,46094.157019,2217.4561764986943,130.89492499999997,61.70570835348837,25.909251374315247,5.934382123268415,7,14,100-300:300-600,False,True,,1821,99.94996664442962
250,2026-10-07T04:36:50.864+00:00,2026-10-07T04:37:37.064+00:00,2026-10-07T04:38:10.722+00:00,True,540,540.0,,540.0,46200.019872000004,79858.030496,79858.03049800001,147.88524166296298,24.32914,46200.019872000004,1985.6263644221888,130.66592734999998,62.445288727272725,26.855095413013508,6.7619999722764,7,14,100-300:300-600,False,True,,2389,99.94996664442962
251,2026-10-07T04:36:55.470+00:00,2026-10-07T04:37:40.867+00:00,2026-10-07T04:38:18.139+00:00,True,600,600.0,,600.0,45396.630777000006,82669.33016900001,82669.33022,137.78221703333335,24.547218,45396.630777000006,1850.95538648787,129.9397361,62.22487377629382,26.26270353875509,7.257830670375901,7,14,100-300:300-600,False,True,,2432,99.94996664442962
252,2026-10-07T04:36:59.598+00:00,2026-10-07T04:37:44.311+00:00,2026-10-07T04:39:01.676+00:00,True,1258,1258.0,,1258.0,44712.935878,122077.70950999999,122077.70958499999,97.04110459856915,21.155011,44712.935878,1259.180799840569,128.39757055,61.547154838504376,26.128233146697823,10.304911560426607,7,14,1-100:1000-1500,False,True,,3635,99.94996664442962
253,2026-10-07T04:37:04.311+00:00,2026-10-07T04:37:51.225+00:00,2026-10-07T04:38:25.287+00:00,True,553,553.0,,553.0,46913.284648,80975.16036000001,80975.16013,146.42886099457505,41.176348,46913.284648,1992.4978810447549,128.7685164,61.70629657971015,25.751173312518187,6.82925476827052,7,14,100-300:300-600,False,True,,2787,99.94996664442962
254,2026-10-07T04:37:08.296+00:00,2026-10-07T04:37:57.789+00:00,2026-10-07T04:38:28.545+00:00,True,502,502.0,,502.0,49493.338643,80249.762067,80249.762049,159.86008376294822,41.466161,49493.338643,2206.406684274986,128.8939681,61.39006671457086,25.82570408161279,6.255470260221874,7,14,100-300:300-600,False,True,,2416,99.94996664442962
255,2026-10-07T04:37:13.205+00:00,2026-10-07T04:38:01.828+00:00,2026-10-07T04:39:11.217+00:00,True,1130,1130.0,,1130.0,48623.285369000005,118011.862137,118011.862085,104.43527618141593,25.525521,48623.285369000005,1444.8674692295479,128.78884754999999,61.46020971479185,26.361964820506177,9.57530861336789,7,14,1-100:1000-1500,False,True,,4884,99.94996664442962
256,2026-10-07T04:37:17.164+00:00,2026-10-07T04:38:06.928+00:00,2026-10-07T04:38:36.181+00:00,True,475,475.0,,475.0,49763.727645000006,79016.85071700001,79016.850734,166.3512647031579,41.787544000000004,49763.727645000006,2280.6336628334184,128.91003270000002,61.71544951898734,26.091766201288976,6.011376000053701,7,14,100-300:300-600,False,True,,2121,99.94996664442962
257,2026-10-07T04:37:21.673+00:00,2026-10-07T04:38:11.230+00:00,2026-10-07T04:38:34.511+00:00,True,385,385.0,,385.0,49556.382553,72837.87784900001,72837.877909,189.18929327012987,41.226593,49556.382553,2522.6655204787985,127.47750599999999,60.628894,25.478884238290362,5.285711382175938,7,14,100-300:300-600,False,True,,1560,99.94996664442962
258,2026-10-07T04:37:27.455+00:00,2026-10-07T04:38:16.200+00:00,2026-10-07T04:39:35.274+00:00,True,1297,1297.0,,1297.0,48744.718827,127819.20330699999,127819.203117,98.54988675173477,30.367705,48744.718827,1352.0502562816846,126.3421712,61.01426271604938,25.82967414166306,10.147145080264869,7,14,1-100:1000-1500,False,True,,6399,99.94996664442962
259,2026-10-07T04:37:33.468+00:00,2026-10-07T04:38:21.074+00:00,2026-10-07T04:38:57.007+00:00,True,588,588.0,,588.0,47606.148755999995,83538.702484,83538.702343,142.07262303231292,24.060897,47606.148755999995,1960.8983522922604,130.38767415,61.21389050766609,26.46428632614782,7.038653731934829,7,14,100-300:300-600,False,True,,2420,99.94996664442962
260,2026-10-07T04:37:37.531+00:00,2026-10-07T04:38:28.710+00:00,2026-10-07T04:39:03.567+00:00,True,560,560.0,,560.0,51179.471618,86035.82157,86035.82155200001,153.63539562857144,30.619898000000003,51179.471618,2160.2644367022895,130.49615725,62.35482996779964,27.284264438056884,6.508916748640284,7,14,100-300:300-600,False,True,,1719,99.94996664442962
261,2026-10-07T04:37:43.783+00:00,2026-10-07T04:38:34.414+00:00,2026-10-07T04:38:56.233+00:00,True,355,355.0,,355.0,50630.5763,72449.46705199999,72449.466988,204.0830056,24.342925,50630.5763,2684.0553335601003,130.380525,61.63528461016949,26.919714216567964,4.899967031437261,7,14,100-300:300-600,False,True,,1701,99.94996664442962
262,2026-10-07T04:37:47.976+00:00,2026-10-07T04:38:38.722+00:00,2026-10-07T04:39:00.836+00:00,True,361,361.0,,361.0,50746.437409,72860.052001,72860.052071,201.82839908864264,23.412151,50746.437409,2667.7627945781637,130.012555,61.4267072,26.439064518458316,4.954704122295237,7,14,100-300:300-600,False,True,,1851,99.94996664442962
263,2026-10-07T04:37:54.521+00:00,2026-10-07T04:38:45.363+00:00,2026-10-07T04:39:12.741+00:00,True,448,448.0,,448.0,50842.379479,78220.285655,78220.285848,174.5988523392857,41.548205,50842.379479,2399.322300074392,127.00107785,61.24811225055929,25.888182049063058,5.727414522314046,7,14,100-300:300-600,False,True,,2062,99.94996664442962
264,2026-10-07T04:37:58.880+00:00,2026-10-07T04:38:50.123+00:00,2026-10-07T04:39:10.331+00:00,True,332,332.0,,332.0,51242.600490000004,71450.16145,71450.161475,215.2113297439759,41.96726,51242.600490000004,2809.0711273720117,127.76291505,61.050033111782476,25.85420428055493,4.646595518644556,7,14,100-300:300-600,False,True,,1541,99.94996664442962
265,2026-10-07T04:38:03.661+00:00,2026-10-07T04:38:53.496+00:00,2026-10-07T04:40:19.921+00:00,True,1436,1436.0,,1436.0,49834.745773,136259.85604500002,136259.856026,94.88847912674095,38.549085,49834.745773,1313.7310335808747,124.26933275000002,60.22655768083624,24.68152089824227,10.538687194310251,7,14,1-100:1000-1500,False,True,,1436,99.94996664442962
266,2026-10-07T04:38:08.419+00:00,2026-10-07T04:39:00.094+00:00,2026-10-07T04:39:23.587+00:00,True,385,385.0,,385.0,51675.062193000005,75167.55652900001,75167.556588,195.24040672207792,43.859857000000005,51675.062193000005,2630.608498548022,123.32701579999998,61.178370666666666,25.30600619697746,5.121890583891271,7,14,100-300:300-600,False,True,,1582,99.94996664442962
267,2026-10-07T04:38:13.251+00:00,2026-10-07T04:39:03.082+00:00,2026-10-07T04:39:24.357+00:00,True,355,355.0,,355.0,49831.122543,71106.417263,71106.417308,200.29976706478874,42.550393,49831.122543,2641.6821543143383,121.47969519999998,60.09970259887005,24.200304120048436,4.992517042265932,7,14,100-300:300-600,False,True,,1549,99.94996664442962
268,2026-10-07T04:38:17.515+00:00,2026-10-07T04:39:09.730+00:00,2026-10-07T04:40:31.861+00:00,True,1358,1358.0,,1358.0,52214.782551,134345.765463,134345.76542,98.92913506627393,0.011222,52214.782551,1418.0215163843027,124.8045598,60.52393729697863,88.29579711169444,10.108245654932869,7,14,1-100:1000-1500,False,True,,4766,99.94996664442962
269,2026-10-07T04:38:23.846+00:00,2026-10-07T04:39:13.311+00:00,2026-10-07T04:40:30.115+00:00,True,1275,1275.0,,1275.0,49465.241973,126269.748597,126269.74862299999,99.03509695921568,0.012303000000000001,49465.241973,1386.60629836496,123.86975469999997,60.28611194976452,91.05845073614557,10.097430415176198,7,14,1-100:1000-1500,False,True,,5136,99.94996664442962
270,2026-10-07T04:38:28.187+00:00,2026-10-07T04:39:17.551+00:00,2026-10-07T04:39:43.572+00:00,True,439,439.0,,439.0,49363.285245,75385.054205,75385.054217,171.7199412687927,37.698241,49363.285245,2353.2668632037457,122.78864720000001,59.41043141552512,23.921181874164017,5.823435489032027,7,14,100-300:300-600,False,True,,1148,99.94996664442962
271,2026-10-07T04:38:32.261+00:00,2026-10-07T04:39:21.287+00:00,2026-10-07T04:39:50.155+00:00,True,484,484.0,,484.0,49025.791376999994,77893.35361699999,77893.35368999999,160.93668117768593,40.725405,49025.791376999994,2225.8669854677196,122.06290779999999,59.76720960662526,24.86634187189534,6.213623852682194,7,14,100-300:300-600,False,True,,2438,99.94996664442962
272,2026-10-07T04:38:37.481+00:00,2026-10-07T04:39:26.400+00:00,2026-10-07T04:39:49.858+00:00,True,393,393.0,,393.0,48918.930771,72376.620883,72376.620998,184.16443002035624,40.639592,48918.930771,2464.730027521146,116.92021919999999,59.841046204081636,23.837106536288083,5.429930206817777,7,14,100-300:300-600,False,True,,786,99.94996664442962
273,2026-10-07T04:38:43.025+00:00,2026-10-07T04:39:32.051+00:00,2026-10-07T04:41:02.922+00:00,True,1491,1491.0,,1491.0,49026.480424,139897.370408,139897.37029,93.82788081153588,0.011301,49026.480424,1270.9246637541153,127.105632,60.987174485906046,84.81120948361507,10.657812907073323,7,14,1-100:1000-1500,False,True,,5554,99.94996664442962
274,2026-10-07T04:38:49.280+00:00,2026-10-07T04:39:37.569+00:00,2026-10-07T04:40:45.143+00:00,True,1112,1112.0,,1112.0,48288.75974,115863.104188,115863.10402,104.19343886690648,0.011181,48288.75974,1449.4342116658295,125.48671445,60.822992302430244,95.92003991127639,9.597533294081813,7,14,1-100:1000-1500,False,True,,1112,99.94996664442962
275,2026-10-07T04:38:55.393+00:00,2026-10-07T04:39:44.665+00:00,2026-10-07T04:40:17.206+00:00,True,542,542.0,,542.0,49271.929546,81812.801994,81812.801933,150.94612902767528,38.272089,49271.929546,2113.9823393914858,128.79600525,60.149486964879856,25.654686756405145,6.624880052876679,7,14,100-300:300-600,False,True,,2017,99.94996664442962
276,2026-10-07T04:39:01.247+00:00,2026-10-07T04:39:50.604+00:00,2026-10-07T04:40:13.781+00:00,True,389,389.0,,389.0,49357.221997,72534.316909,72534.316942,186.4635396966581,43.545361,49357.221997,2499.5997842274714,126.43260620000001,59.73478070103093,24.315275193489594,5.362978746846559,7,14,100-300:300-600,False,True,,1452,99.94996664442962
277,2026-10-07T04:39:07.223+00:00,2026-10-07T04:39:55.870+00:00,2026-10-07T04:41:27.270+00:00,True,1482,1482.0,,1482.0,48646.393751,140047.168151,140047.168161,94.49876394129555,0.011291,48646.393751,1264.940999492882,130.1120404,61.71558028359217,85.55844542775152,10.582148997129993,7,14,1-100:1000-1500,False,True,,7019,99.94996664442962
278,2026-10-07T04:39:13.373+00:00,2026-10-07T04:40:05.259+00:00,2026-10-07T04:40:24.961+00:00,True,326,326.0,,326.0,51886.325251999995,71587.98054799999,71587.98045199999,219.59503206134968,0.011330999999999999,51886.325251999995,2875.867781889488,130.36767325,60.62047783384615,178.17083734496603,4.553837075784194,7,14,100-300:300-600,False,True,,1823,99.94996664442962
279,2026-10-07T04:39:17.589+00:00,2026-10-07T04:40:09.224+00:00,2026-10-07T04:41:40.889+00:00,True,1483,1483.0,,1483.0,51634.874762,143300.244618,143300.244588,96.62862076062036,0.011221,51634.874762,1341.8879407163547,129.1103089,61.852476286099865,84.60023437409575,10.34890068717803,7,14,1-100:1000-1500,False,True,,4816,99.94996664442962
280,2026-10-07T04:39:23.372+00:00,2026-10-07T04:40:14.867+00:00,2026-10-07T04:40:35.683+00:00,True,346,346.0,,346.0,51495.076944,72311.280464,72311.280502,208.99214017919076,0.011340999999999999,51495.076944,2770.4132041283515,122.1241635,60.33682179710145,170.95721584600838,4.784868941330051,7,14,100-300:300-600,False,True,,1562,99.94996664442962
281,2026-10-07T04:39:27.769+00:00,2026-10-07T04:40:20.050+00:00,2026-10-07T04:40:44.183+00:00,True,391,391.0,,391.0,52280.368483000006,76413.41117100001,76413.41115700001,195.43071907161126,0.011250999999999999,52280.368483000006,2645.557382695977,131.006878,61.879596635897435,158.74721514235648,5.116902831690232,7,14,100-300:300-600,False,True,,783,99.94996664442962
282,2026-10-07T04:39:31.618+00:00,2026-10-07T04:40:25.695+00:00,2026-10-07T04:40:53.295+00:00,True,437,437.0,,437.0,54076.713286,81676.82566999999,81676.825857,186.90349166361557,31.123624,54076.713286,2583.963394024465,132.71435160000001,63.303010055045874,28.020037525012725,5.35035484564027,7,14,100-300:300-600,False,True,,2033,99.94996664442962
283,2026-10-07T04:39:35.172+00:00,2026-10-07T04:40:29.928+00:00,2026-10-07T04:40:53.033+00:00,True,368,368.0,,368.0,54756.083257,77861.173049,77861.173085,211.5792746875,29.524276,54756.083257,2851.208116112677,132.56127975,62.9566479346049,27.452461249494178,4.726360849565011,7,14,100-300:300-600,False,True,,1751,99.94996664442962
284,2026-10-07T04:39:39.676+00:00,2026-10-07T04:40:34.714+00:00,2026-10-07T04:41:52.515+00:00,True,1271,1271.0,,1271.0,55038.007616999996,132839.277121,132839.276939,104.51556014083398,32.376742,55038.007616999996,1542.2947105310266,128.69526400000004,61.260842129133856,25.88077980677258,9.567953300756656,7,14,1-100:1000-1500,False,True,,3686,99.94996664442962
285,2026-10-07T04:39:43.576+00:00,2026-10-07T04:40:38.824+00:00,2026-10-07T04:40:58.624+00:00,True,319,319.0,,319.0,55247.513393,75048.117297,75048.117147,235.26055531974922,28.845574,55247.513393,3089.8981876140765,132.204057,62.26605001257862,26.99092583109799,4.250606297524692,7,14,100-300:300-600,False,True,,1209,99.94996664442962
286,2026-10-07T04:39:48.925+00:00,2026-10-07T04:40:45.094+00:00,2026-10-07T04:41:09.106+00:00,True,388,388.0,,388.0,56168.285899999995,80180.968652,80180.96875,206.651981314433,28.33637,56168.285899999995,2848.4912049090262,130.33078215,62.04827584496124,27.09604357603212,4.839053537554412,7,14,100-300:300-600,False,True,,1518,99.94996664442962
287,2026-10-07T04:39:54.063+00:00,2026-10-07T04:40:50.384+00:00,2026-10-07T04:41:26.434+00:00,True,580,580.0,,580.0,56320.64518,92371.291708,92371.29156,159.2608475172414,40.435504,56320.64518,2336.152436054882,131.15923010000003,62.26363821761658,26.521609330738794,6.279007138207724,7,14,100-300:300-600,False,True,,2243,99.94996664442962
288,2026-10-07T04:39:58.814+00:00,2026-10-07T04:40:54.470+00:00,2026-10-07T04:42:11.770+00:00,True,1276,1276.0,,1276.0,55655.62326,132955.85238,132955.852333,104.19737643652037,42.918909,55655.62326,1556.563678351911,126.74403525000001,60.62763068235294,25.12275694687045,9.597170618357401,7,14,1-100:1000-1500,False,True,,1531,99.94996664442962
300,2026-10-07T04:40:58.837+00:00,2026-10-07T04:40:58.841+00:00,2026-10-07T04:40:58.841+00:00,False,1,0.0,,0.0,3.7228670000000004,3.7228670000000004,3.7228670000000004,3.7228670000000004,3.7228670000000004,3.7228670000000004,nan,3.7228670000000004,nan,nan,0.0,7,14,1-100:1000-1500,False,False,'choices',0,99.94996664442962
289,2026-10-07T04:40:05.252+00:00,2026-10-07T04:41:02.657+00:00,2026-10-07T04:41:27.092+00:00,True,390,390.0,,390.0,57404.785183,81840.690463,81840.69046,209.84792425641027,43.370555,57404.785183,2903.744003857732,128.96869300000003,62.81723722365039,26.497198988255967,4.765355690349633,7,14,100-300:300-600,False,True,,1656,99.94996664442962
290,2026-10-07T04:40:09.289+00:00,2026-10-07T04:41:05.676+00:00,2026-10-07T04:41:37.369+00:00,True,514,514.0,,514.0,56387.24011599999,88079.83198799999,88079.83187099999,171.36154060505837,42.538616999999995,56387.24011599999,2484.5450481691764,127.42186299999999,61.77893152436647,25.96929804388998,5.8356151277630435,7,14,100-300:300-600,False,True,,2004,99.94996664442962
291,2026-10-07T04:40:13.022+00:00,2026-10-07T04:41:11.633+00:00,2026-10-07T04:42:20.473+00:00,True,1142,1142.0,,1142.0,58610.868247,127450.64296699999,127450.64307,111.6030149474606,39.785445,58610.868247,1732.7774906692548,125.4155833,60.33284375109553,24.948131479986017,8.960331414692753,7,14,1-100:1000-1500,False,True,,5089,99.94996664442962
292,2026-10-07T04:40:17.987+00:00,2026-10-07T04:41:17.472+00:00,2026-10-07T04:42:38.624+00:00,True,1346,1346.0,,1346.0,59485.467123,140637.666035,140637.665897,104.48563588187221,41.160023,59485.467123,1619.9405410366733,125.53104574999999,60.33620736951673,24.94482003438405,9.570693527187984,7,14,1-100:1000-1500,False,True,,1346,99.94996664442962
293,2026-10-07T04:40:24.584+00:00,2026-10-07T04:41:23.838+00:00,2026-10-07T04:42:25.015+00:00,True,1023,1023.0,,1023.0,59253.752183,120431.286647,120431.286599,117.72364281427174,39.123613,59253.752183,1850.8744028913843,125.6601882,59.86060123679061,24.454606007217247,8.494470402849286,7,14,1-100:1000-1500,False,True,,1023,99.94996664442962
294,2026-10-07T04:40:28.063+00:00,2026-10-07T04:41:26.850+00:00,2026-10-07T04:42:48.528+00:00,True,1362,1362.0,,1362.0,58786.985467,140465.258491,140465.258615,103.13161425477239,38.648301,58786.985467,1591.482432975173,126.36760050000001,60.01342617487141,24.822702395756423,9.696347798963167,7,14,1-100:1000-1500,False,True,,3103,99.94996664442962
295,2026-10-07T04:40:33.678+00:00,2026-10-07T04:41:31.008+00:00,2026-10-07T04:41:53.349+00:00,True,384,384.0,,384.0,57329.565302,79670.84299800001,79670.843098,207.47615390104167,41.220662,57329.565302,2922.7084250867183,120.6500353,58.332317744125326,23.972171640992865,4.819831014084282,7,14,100-300:300-600,False,True,,1670,99.94996664442962
296,2026-10-07T04:40:37.656+00:00,2026-10-07T04:41:35.296+00:00,2026-10-07T04:41:55.912+00:00,True,354,354.0,,354.0,57639.497653,78256.229301,78256.229383,221.06279486723164,42.564911,57639.497653,3060.487851911033,122.25108399999999,58.404338946175635,23.145055157094237,4.523601547915066,7,14,100-300:300-600,False,True,,1941,99.94996664442962
297,2026-10-07T04:40:41.679+00:00,2026-10-07T04:41:38.863+00:00,2026-10-07T04:42:40.274+00:00,True,1026,1026.0,,1026.0,57184.082033,118594.32792099999,118594.327803,115.58901345321637,39.750958,57184.082033,1783.5665999027585,126.600717,59.91243501268293,25.141940223559022,8.651341240227408,7,14,1-100:1000-1500,False,True,,3513,99.94996664442962
298,2026-10-07T04:40:46.649+00:00,2026-10-07T04:41:45.047+00:00,2026-10-07T04:42:03.710+00:00,True,317,317.0,,317.0,58397.97442,77060.441748,77060.441615,243.0928757570978,41.51269,58397.97442,3276.7270952823196,125.52147939999999,59.0584409113924,23.93352503647049,4.113654072171567,7,14,100-300:300-600,False,True,,1441,99.94996664442962
299,2026-10-07T04:40:52.516+00:00,2026-10-07T04:41:51.409+00:00,2026-10-07T04:42:12.855+00:00,True,355,355.0,,355.0,58892.637303999996,80339.227768,80339.22787599999,226.30768415774648,39.823657,58892.637303999996,3122.5825563168496,126.99462380000001,60.58358888135594,25.19437747940104,4.418762911502622,7,14,100-300:300-600,False,True,,1740,99.94996664442962
301,2026-10-07T04:41:03.498+00:00,2026-10-07T04:42:02.344+00:00,2026-10-07T04:42:28.578+00:00,True,439,439.0,,439.0,58846.775287000004,85080.57880700001,85080.578785,193.80541864464692,43.598442000000006,58846.775287000004,2805.8521700011916,128.1317392,59.894528584474884,24.581508284903446,5.159814450673216,7,14,100-300:300-600,False,True,,2206,99.94996664442962
302,2026-10-07T04:41:10.021+00:00,2026-10-07T04:42:09.969+00:00,2026-10-07T04:42:29.739+00:00,True,327,327.0,,327.0,59947.647228,79718.169852,79718.16972800001,243.7864517675841,43.11294,59947.647228,3311.860123775703,129.8090647,60.6457749202454,25.952692611915456,4.101950667044774,7,14,100-300:300-600,False,True,,1634,99.94996664442962
303,2026-10-07T04:41:14.867+00:00,2026-10-07T04:42:14.377+00:00,2026-10-07T04:42:36.041+00:00,True,365,365.0,,365.0,59510.703240999996,81174.237065,81174.23729199999,222.3951706630137,43.56067,59510.703240999996,3111.911569554365,130.66807419999998,59.51520281318682,24.241947213172793,4.496500530183332,7,14,100-300:300-600,False,True,,998,99.94996664442962
304,2026-10-07T04:41:18.477+00:00,2026-10-07T04:42:19.965+00:00,2026-10-07T04:42:56.178+00:00,True,594,594.0,,594.0,61487.752484,97700.74576399999,97700.745795,164.4793700252525,20.001202000000003,61487.752484,2520.4942330445456,129.7410628,61.06744229342327,25.305090349451216,6.079789825093356,7,14,100-300:300-600,False,True,,3092,99.94996664442962
305,2026-10-07T04:41:24.942+00:00,2026-10-07T04:42:26.615+00:00,2026-10-07T04:43:38.926+00:00,True,1161,1161.0,,1161.0,61672.24899099999,133983.913887,133983.913914,115.40388795348836,22.627213,61672.24899099999,1808.3602192191147,131.981277,62.33764215172414,27.579711913361173,8.665219326098876,7,14,1-100:1000-1500,False,True,,1161,99.94996664442962
306,2026-10-07T04:41:30.687+00:00,2026-10-07T04:42:31.614+00:00,2026-10-07T04:42:58.669+00:00,True,442,442.0,,442.0,60926.859688000004,87982.318248,87982.31813700001,199.05501840950228,23.926228,60926.859688000004,2895.193036943797,129.38266975,61.35024616780046,25.944498377985934,5.023736687116078,7,14,100-300:300-600,False,True,,2255,99.94996664442962
307,2026-10-07T04:41:36.541+00:00,2026-10-07T04:42:38.757+00:00,2026-10-07T04:43:11.715+00:00,True,543,543.0,,543.0,62216.600728,95174.636184,95174.63632399999,175.27557334069982,21.405172999999998,62216.600728,2667.4818800984945,127.8217672,60.80818349815498,25.484481270593772,5.705301556921368,7,14,100-300:300-600,False,True,,2802,99.94996664442962
308,2026-10-07T04:41:41.979+00:00,2026-10-07T04:42:43.957+00:00,2026-10-07T04:43:19.417+00:00,True,576,576.0,,576.0,61978.34483,97437.960318,97437.960343,169.16312559548612,20.866514,61978.34483,2579.996741649881,130.074994,61.668896500869565,26.439698130646317,5.911453791932402,7,14,100-300:300-600,False,True,,2892,99.94996664442962
309,2026-10-07T04:41:47.257+00:00,2026-10-07T04:42:49.990+00:00,2026-10-07T04:43:15.483+00:00,True,418,418.0,,418.0,62732.535299999996,88226.00602,88226.00603799999,211.0670000909091,22.728382,62732.535299999996,3065.4681395620873,129.21150085,61.13542139088729,25.973283595946413,4.73783206173068,7,14,100-300:300-600,False,True,,1691,99.94996664442962
310,2026-10-07T04:41:52.908+00:00,2026-10-07T04:42:55.371+00:00,2026-10-07T04:44:00.487+00:00,True,1053,1053.0,,1053.0,62462.736672,127578.957344,127578.957332,121.15760430389363,35.737623,62462.736672,1923.1716558607054,127.95575920000002,61.89754816730038,26.69578629084143,8.253712225917658,7,14,1-100:1000-1500,False,True,,2106,99.94996664442962
311,2026-10-07T04:41:58.735+00:00,2026-10-07T04:43:01.185+00:00,2026-10-07T04:43:27.893+00:00,True,436,436.0,,436.0,62450.64754599999,89158.15500199998,89158.15476399999,204.49118065137614,43.488232,62450.64754599999,2988.016511927262,131.95490575000002,61.396568864367815,26.04904780000294,4.890186433200863,7,14,100-300:300-600,False,True,,1821,99.94996664442962
312,2026-10-07T04:42:04.049+00:00,2026-10-07T04:43:07.607+00:00,2026-10-07T04:43:32.057+00:00,True,388,388.0,,388.0,63557.99878,88007.93286,88007.9329,226.82456932989692,44.919521,63557.99878,3223.57398228485,133.24946964999998,63.1781242377261,27.00793410832418,4.408693482407059,7,14,100-300:300-600,False,True,,1617,99.94996664442962
313,2026-10-07T04:42:08.594+00:00,2026-10-07T04:43:13.371+00:00,2026-10-07T04:43:34.255+00:00,True,324,324.0,,324.0,64776.524629,85661.178197,85661.178242,264.3863525987654,44.259514,64776.524629,3595.2161847868183,134.17405035,64.65837017956656,28.4859563342322,3.7823434935120592,7,14,100-300:300-600,False,True,,1423,99.94996664442962
314,2026-10-07T04:42:13.860+00:00,2026-10-07T04:43:17.602+00:00,2026-10-07T04:44:38.373+00:00,True,1320,1320.0,,1320.0,63741.472581,144512.767301,144512.767126,109.47936903484849,41.328156,63741.472581,1752.9319405882022,126.49577705,61.23676627748294,25.895333399065795,9.13414104963213,7,14,1-100:1000-1500,False,True,,1320,99.94996664442962
315,2026-10-07T04:42:19.536+00:00,2026-10-07T04:43:24.502+00:00,2026-10-07T04:44:00.438+00:00,True,582,582.0,,582.0,64965.636784,100902.2412,100902.241217,173.37154848281787,41.470599,64965.636784,2690.4792199738336,127.23829099999999,61.853019648881244,26.5549912217824,5.767959096631047,7,14,100-300:300-600,False,True,,2514,99.94996664442962
316,2026-10-07T04:42:25.814+00:00,2026-10-07T04:43:30.619+00:00,2026-10-07T04:44:05.136+00:00,True,565,565.0,,565.0,64804.837771,99322.47565899999,99322.47560199999,175.7919922159292,38.028726999999996,64804.837771,2723.9121953556783,126.4014724,61.20148561702128,26.32087932800256,5.688541251627604,7,14,100-300:300-600,False,True,,2233,99.94996664442962
317,2026-10-07T04:42:29.502+00:00,2026-10-07T04:43:33.876+00:00,2026-10-07T04:44:08.914+00:00,True,577,577.0,,577.0,64373.292653,99412.004717,99412.004625,172.29116919410745,39.371393,64373.292653,2677.4870837322896,126.07303660000001,60.83109733333334,25.81944929365576,5.804127998852535,7,14,100-300:300-600,False,True,,2586,99.94996664442962
318,2026-10-07T04:42:33.065+00:00,2026-10-07T04:43:36.163+00:00,2026-10-07T04:45:06.308+00:00,True,1486,1486.0,,1486.0,63098.173487,153243.165743,153243.165623,103.1246067449529,17.606274000000003,63098.173487,1635.4676699894608,125.82323925,60.70369848888889,25.45993606775085,9.697006667769646,7,14,1-100:1000-1500,False,True,,4454,99.94996664442962
319,2026-10-07T04:42:37.361+00:00,2026-10-07T04:43:39.291+00:00,2026-10-07T04:44:53.617+00:00,True,1236,1236.0,,1236.0,61929.405951,136256.119295,136256.119236,110.23957866990291,40.491874,61929.405951,1759.9944914086025,126.26253999999999,60.18357355789474,25.59347549351141,9.071152227108493,7,14,1-100:1000-1500,False,True,,1236,99.94996664442962
320,2026-10-07T04:42:41.293+00:00,2026-10-07T04:43:44.696+00:00,2026-10-07T04:44:14.017+00:00,True,488,488.0,,488.0,63402.765845,92723.801365,92723.801537,190.00779003483606,37.610754,63402.765845,2867.4932253614425,125.63734815,60.20746513347022,25.18062359265339,5.2629421229078615,7,14,100-300:300-600,False,True,,1595,99.94996664442962
321,2026-10-07T04:42:46.055+00:00,2026-10-07T04:43:49.663+00:00,2026-10-07T04:45:01.724+00:00,True,1187,1187.0,,1187.0,63608.048038,135669.242022,135669.241846,114.29590719966302,24.654532,63608.048038,1844.6484492934974,126.0796476,60.75986002023609,25.648170186785556,8.749219663271335,7,14,1-100:1000-1500,False,True,,3955,99.94996664442962
322,2026-10-07T04:42:51.986+00:00,2026-10-07T04:43:55.631+00:00,2026-10-07T04:44:21.780+00:00,True,436,436.0,,436.0,63644.49621,89794.07752199999,89794.077496,205.94971902752292,40.564364000000005,63644.49621,3045.241265492902,125.098969,60.11398002758621,24.908154751979133,4.855554085882533,7,14,100-300:300-600,False,True,,2142,99.94996664442962
323,2026-10-07T04:42:57.499+00:00,2026-10-07T04:44:01.154+00:00,2026-10-07T04:44:31.632+00:00,True,513,513.0,,513.0,63655.342756,94133.083812,94133.083716,183.49528989473683,40.637852,63655.342756,2807.9265313824876,123.42471540000003,59.526838,24.03488195422559,5.449731159605368,7,14,100-300:300-600,False,True,,2042,99.94996664442962
324,2026-10-07T04:43:02.850+00:00,2026-10-07T04:44:06.143+00:00,2026-10-07T04:44:26.249+00:00,True,341,341.0,,341.0,63292.724905,83398.963369,83398.963367,244.57174007917888,41.989135000000005,63292.724905,3424.3718655114603,122.31163400000001,59.13599548235294,23.593806115620602,4.088779838800157,7,14,100-300:300-600,False,True,,1483,99.94996664442962
325,2026-10-07T04:43:08.090+00:00,2026-10-07T04:44:11.309+00:00,2026-10-07T04:44:46.843+00:00,True,590,590.0,,590.0,63218.835727,98752.78721499999,98752.787403,167.3776057677966,41.370264999999996,63218.835727,2600.3157195066838,125.97464,60.3292894533107,25.122851557519045,5.974514913847235,7,14,100-300:300-600,False,True,,2777,99.94996664442962
326,2026-10-07T04:43:12.505+00:00,2026-10-07T04:44:15.378+00:00,2026-10-07T04:44:34.718+00:00,True,328,328.0,,328.0,62873.006654,82212.67923,82212.679066,250.64841178658537,42.474745000000006,62873.006654,3468.3974585451133,123.97927355,59.14272959021407,23.891045030710416,3.9896522418686784,7,14,100-300:300-600,False,True,,1253,99.94996664442962
327,2026-10-07T04:43:16.545+00:00,2026-10-07T04:44:20.101+00:00,2026-10-07T04:44:42.247+00:00,True,366,366.0,,366.0,63556.151053,85702.462733,85702.462783,234.1597343797814,43.953635999999996,63556.151053,3319.0596882052455,128.977419,60.674826520547946,25.537543217054342,4.270589062769962,7,14,100-300:300-600,False,True,,1077,99.94996664442962
328,2026-10-07T04:43:21.454+00:00,2026-10-07T04:44:26.417+00:00,2026-10-07T04:45:02.259+00:00,True,581,581.0,,581.0,64962.866,100804.46881600001,100804.468787,173.5016674475043,23.316584,64962.866,2692.6811570567393,129.417951,61.795866924137925,26.59013815912622,5.76363336689476,7,14,100-300:300-600,False,True,,2478,99.94996664442962
329,2026-10-07T04:43:27.585+00:00,2026-10-07T04:44:31.840+00:00,2026-10-07T04:45:07.066+00:00,True,572,572.0,,572.0,64254.49189500001,99480.840439,99480.840479,173.91755328496504,21.07307,64254.49189500001,2684.1624739742447,126.88151870000002,61.69237923642732,26.101457064658156,5.749850900694199,7,14,100-300:300-600,False,True,,2677,99.94996664442962
330,2026-10-07T04:43:32.014+00:00,2026-10-07T04:44:36.442+00:00,2026-10-07T04:44:59.888+00:00,True,382,382.0,,382.0,64427.920862000006,87873.86083,87873.860877,230.03628501832463,20.476883,64427.920862000006,3293.380394292123,128.98771515,61.53790017847769,26.921457109035963,4.347140280304901,7,14,100-300:300-600,False,True,,763,99.94996664442962
331,2026-10-07T04:43:37.052+00:00,2026-10-07T04:44:39.753+00:00,2026-10-07T04:45:12.928+00:00,True,549,549.0,,549.0,62700.130841,95875.534873,95875.534876,174.63667554826958,25.863798,62700.130841,2673.51165565941,125.948137,60.53905845255475,25.25031952338535,5.726174051881162,7,14,100-300:300-600,False,True,,2819,99.94996664442962
332,2026-10-07T04:43:43.416+00:00,2026-10-07T04:44:45.944+00:00,2026-10-07T04:46:02.634+00:00,True,1263,1263.0,,1263.0,62528.504902999994,139218.21677499998,139218.216897,110.22820023515439,0.011521,62528.504902999994,1761.4421944626504,126.4484013,60.76839292551506,114.22231800693625,9.072088619273297,7,14,1-100:1000-1500,False,True,,3542,99.94996664442962
333,2026-10-07T04:43:49.822+00:00,2026-10-07T04:44:53.506+00:00,2026-10-07T04:45:25.293+00:00,True,519,519.0,,519.0,63684.608387,95470.703235,95470.703162,183.9512585009634,20.076062,63684.608387,2792.8690061636835,126.26035949999999,61.36311746718147,25.752527330133,5.4362226569389325,7,14,100-300:300-600,False,True,,2226,99.94996664442962
334,2026-10-07T04:43:55.848+00:00,2026-10-07T04:44:58.237+00:00,2026-10-07T04:45:26.308+00:00,True,463,463.0,,463.0,62389.162185999994,90460.310474,90460.310604,195.37864061339093,20.138959,62389.162185999994,2896.7538539245334,125.2172096,60.760061229437234,24.966127437270327,5.118266757807281,7,14,100-300:300-600,False,True,,2593,99.94996664442962
335,2026-10-07T04:44:02.323+00:00,2026-10-07T04:45:04.138+00:00,2026-10-07T04:45:27.869+00:00,True,393,393.0,,393.0,61814.720382,85545.815166,85545.815141,217.67382987531806,41.047160000000005,61814.720382,3115.186633219552,127.3739298,60.53850710204082,25.021010935983632,4.594029517836625,7,14,100-300:300-600,False,True,,1959,99.94996664442962
336,2026-10-07T04:44:06.789+00:00,2026-10-07T04:45:08.049+00:00,2026-10-07T04:45:31.136+00:00,True,381,381.0,,381.0,61259.976737000005,84347.50774500001,84347.507583,221.38453433858268,43.120414,61259.976737000005,3135.430672443244,127.514492,60.75666054736842,25.030503454300945,4.517027357249747,7,14,100-300:300-600,False,True,,1485,99.94996664442962
337,2026-10-07T04:44:13.166+00:00,2026-10-07T04:45:14.926+00:00,2026-10-07T04:45:50.018+00:00,True,581,581.0,,581.0,61760.49304,96852.14308800001,96852.143066,166.69904142168676,0.011191000000000001,61760.49304,2565.0052342253994,125.87424000000001,60.50284491034483,164.29883693364536,5.99883473380762,7,14,100-300:300-600,False,True,,2959,99.94996664442962
338,2026-10-07T04:44:19.445+00:00,2026-10-07T04:45:21.865+00:00,2026-10-07T04:45:52.812+00:00,True,511,511.0,,511.0,62419.708891999995,93367.080924,93367.08104399999,182.71444431311153,0.011451000000000001,62419.708891999995,2764.1851061888465,126.71245449999998,60.68112163137255,175.78551187291296,5.4730210577746305,7,14,100-300:300-600,False,True,,2441,99.94996664442962
339,2026-10-07T04:44:24.971+00:00,2026-10-07T04:45:26.456+00:00,2026-10-07T04:46:01.396+00:00,True,577,577.0,,577.0,61485.236998,96425.10976600001,96425.109613,167.11457471923742,0.011321999999999999,61485.236998,2562.7471880906596,127.5239292,60.65950133333334,169.60297369749802,5.98391851873684,7,14,100-300:300-600,False,True,,2825,99.94996664442962
340,2026-10-07T04:44:28.715+00:00,2026-10-07T04:45:30.074+00:00,2026-10-07T04:46:01.846+00:00,True,526,526.0,,526.0,61359.329583,93131.331631,93131.331613,177.0557635228137,0.011250999999999999,61359.329583,2678.2712229646013,125.82350300000002,60.51809913904762,171.9672886963903,5.64793814056143,7,14,100-300:300-600,False,True,,2504,99.94996664442962
341,2026-10-07T04:44:32.274+00:00,2026-10-07T04:45:32.544+00:00,2026-10-07T04:45:51.488+00:00,True,319,319.0,,319.0,60270.478221,79214.141837,79214.141751,248.3201935768025,0.011340999999999999,60270.478221,3378.2565261979275,125.78745070000001,59.5712692327044,219.14433776334266,4.02705871202153,7,14,100-300:300-600,False,True,,1533,99.94996664442962
342,2026-10-07T04:44:35.868+00:00,2026-10-07T04:45:40.092+00:00,2026-10-07T04:45:59.940+00:00,True,364,364.0,,364.0,64224.168409000005,84072.30434500001,84072.30434500001,230.96786907967035,0.011371000000000001,64224.168409000005,3363.530712062225,126.10346129999999,54.678060429752065,30.23564779615867,4.329606555165726,7,14,100-300:300-600,False,True,,1433,99.94996664442962
343,2026-10-07T04:44:39.653+00:00,2026-10-07T04:45:41.920+00:00,2026-10-07T04:46:06.854+00:00,True,409,409.0,,409.0,62267.053843,87201.583891,87201.583913,213.20680663325183,44.259458,62267.053843,3075.99560496477,129.12505140000002,61.114044235294116,26.026989834993064,4.6902817787259545,7,14,100-300:300-600,False,True,,1529,99.94996664442962
344,2026-10-07T04:44:45.753+00:00,2026-10-07T04:45:47.677+00:00,2026-10-07T04:46:15.604+00:00,True,458,458.0,,458.0,61924.336154,89851.256602,89851.256562,196.18178288646288,42.703374000000004,61924.336154,2890.7977558878038,128.01724845,61.10923511597374,26.25824543308807,5.097313241023781,7,14,100-300:300-600,False,True,,2199,99.94996664442962
345,2026-10-07T04:44:52.305+00:00,2026-10-07T04:45:54.164+00:00,2026-10-07T04:46:19.108+00:00,True,413,413.0,,413.0,61858.510604999996,86802.985229,86802.98511899999,210.1767194164649,41.524845,61858.510604999996,3040.985758130152,129.0912668,60.54484132038835,25.500261512834214,4.757900882215521,7,14,100-300:300-600,False,True,,1801,99.94996664442962
346,2026-10-07T04:44:58.267+00:00,2026-10-07T04:46:00.257+00:00,2026-10-07T04:46:35.720+00:00,True,585,585.0,,585.0,61990.043144,97453.008136,97453.00808300001,166.5863386034188,41.37660700000001,61990.043144,2560.5863265471735,126.63171719999998,60.72425512328767,25.232805029335072,6.002893201445423,7,14,100-300:300-600,True,True,,2526,99.94996664442962
347,2026-10-07T04:45:02.967+00:00,2026-10-07T04:46:05.323+00:00,2026-10-07T04:47:08.394+00:00,True,1081,1081.0,,1081.0,62356.295282,125426.974322,125426.97433699999,116.0286534107308,42.369458,62356.295282,1894.935544487779,124.135604,58.39877688888889,23.68871307477505,8.618560766879567,7,14,1-100:1000-1500,True,True,,5070,99.94996664442962
348,2026-10-07T04:45:07.718+00:00,2026-10-07T04:46:10.400+00:00,2026-10-07T04:47:23.107+00:00,True,1357,1357.0,,1357.0,62682.262082999994,135389.11161899997,135389.111398,99.77090007221813,0.027271,62682.262082999994,1700.269214557924,111.85065499999999,53.61862060176991,21.47268389312082,10.02296258371758,7,14,1-100:1000-1500,True,True,,5150,99.94996664442962
349,2026-10-07T04:45:12.709+00:00,2026-10-07T04:46:14.708+00:00,2026-10-07T04:46:46.719+00:00,True,523,523.0,,523.0,61999.286642,94010.405234,94010.405219,179.75220883173995,42.899582,61999.286642,2708.4766904576354,128.00794630000001,61.32398197701149,25.37956402555002,5.5632139729448875,7,14,100-300:300-600,True,True,,2095,99.94996664442962
350,2026-10-07T04:45:17.305+00:00,2026-10-07T04:46:21.239+00:00,2026-10-07T04:46:47.990+00:00,True,434,434.0,,434.0,63933.54453100001,90684.451411,90684.45147,208.9503490092166,39.256114000000004,63933.54453100001,3066.0539862669575,128.32279200000002,61.780385404157045,26.14247214492153,4.785825940910483,7,14,100-300:300-600,True,True,,2375,99.94996664442962
351,2026-10-07T04:45:23.244+00:00,2026-10-07T04:46:26.136+00:00,2026-10-07T04:47:20.642+00:00,True,1030,1030.0,,1030.0,62892.005576999996,117397.63578499999,117397.635721,113.97828710776699,35.84999,62892.005576999996,1958.0981615662374,111.17527259999999,52.96951429348882,20.40431254842751,8.773600874606403,7,14,1-100:1000-1500,True,True,,3527,99.94996664442962
352,2026-10-07T04:45:28.658+00:00,2026-10-07T04:46:31.733+00:00,2026-10-07T04:46:55.334+00:00,True,384,384.0,,384.0,63074.437464,86675.641688,86675.641613,225.71781670052084,44.757143,63074.437464,3215.7110383240783,127.58262825,61.62194314360313,25.615909091735553,4.4303104369536355,7,14,100-300:300-600,True,True,,935,99.94996664442962
353,2026-10-07T04:45:34.566+00:00,2026-10-07T04:46:37.581+00:00,2026-10-07T04:47:27.483+00:00,True,1030,1030.0,,1030.0,63014.981634,112917.59181000001,112917.591595,109.6287297038835,0.012072,63014.981634,1962.069629957847,99.90271795000001,48.49621980174928,20.453189847323095,9.121696482272862,7,14,1-100:1000-1500,True,True,,1033,99.94996664442962
354,2026-10-07T04:45:40.096+00:00,2026-10-07T04:46:43.272+00:00,2026-10-07T04:47:06.779+00:00,True,429,429.0,,429.0,63176.151396,86682.859108,86682.859,202.05794638694638,42.978713000000006,63176.151396,3047.5900382091113,110.4617648,54.92221428037384,20.43853531916353,4.9490753352459205,7,14,100-300:300-600,True,True,,1979,99.94996664442962
355,2026-10-07T04:45:43.419+00:00,2026-10-07T04:46:45.248+00:00,2026-10-07T04:47:41.851+00:00,True,1327,1327.0,,1327.0,61828.722591,118432.005535,118432.005689,89.24793194348153,0.012253,61828.722591,1696.3333808412613,72.07135969999999,42.68724203921568,27.332712829692195,11.204741437970785,7,14,1-100:1000-1500,True,True,,3737,99.94996664442962
356,2026-10-07T04:45:49.083+00:00,2026-10-07T04:46:52.058+00:00,2026-10-07T04:47:09.443+00:00,True,340,340.0,,340.0,62975.371053,80360.572973,80360.572958,236.35462634705883,40.925582000000006,62975.371053,3412.57451036401,95.70961615,51.28378147492626,15.859815935359421,4.230930510092743,7,14,100-300:300-600,True,True,,1694,99.94996664442962
357,2026-10-07T04:45:53.200+00:00,2026-10-07T04:46:56.319+00:00,2026-10-07T04:47:40.333+00:00,True,1094,1094.0,,1094.0,63119.368742,107132.897574,107132.897535,97.92769427330896,0.012814,63119.368742,1907.2861759817747,59.960821149999994,40.26855336870997,25.58178024131185,10.211615897388945,7,14,1-100:1000-1500,True,True,,4678,99.94996664442962
0,2026-10-07T04:15:54.186+00:00,2026-10-07T04:15:54.474+00:00,2026-10-07T04:16:09.584+00:00,True,436,436.0,,436.0,288.199362,15398.044609999999,15398.044602,35.31661605963303,0.020529,288.199362,15.664726895102621,49.447422749999994,34.73527643218391,9.91265569950375,28.315283598856908,8,14,100-300:300-600,False,True,,1814,99.94996664442962
1,2026-10-07T04:15:58.534+00:00,2026-10-07T04:15:58.611+00:00,2026-10-07T04:16:14.010+00:00,True,415,415.0,,415.0,77.36852999999999,15476.06037,15476.060489,37.29171202168675,0.020007999999999998,164.88815400000001,11.496822870047763,57.62001560000001,37.194907826086954,11.34012973407121,26.81561005050538,8,14,100-300:300-600,False,True,,2034,99.94996664442962
2,2026-10-07T04:16:02.238+00:00,2026-10-07T04:16:02.357+00:00,2026-10-07T04:16:19.517+00:00,True,443,443.0,,443.0,118.776872,17278.922791999998,17278.922854,39.0043405282167,0.023384000000000002,165.59929699999998,12.184051342629353,59.5695045,38.82385954751131,11.589875855507932,25.638172317379965,8,14,100-300:300-600,False,True,,2092,99.94996664442962
3,2026-10-07T04:16:06.334+00:00,2026-10-07T04:16:06.503+00:00,2026-10-07T04:16:22.594+00:00,True,402,402.0,,402.0,168.885663,16260.075422999998,16260.075537,40.44794909701493,0.018835,169.939728,13.396449699993177,62.03182375,40.12765526184539,11.771583554155011,24.723132552716695,8,14,100-300:300-600,False,True,,1286,99.94996664442962
4,2026-10-07T04:16:08.939+00:00,2026-10-07T04:16:09.100+00:00,2026-10-07T04:16:21.630+00:00,True,309,309.0,,309.0,160.972991,12691.901631,12691.901565,41.07411509708738,31.094953,160.972991,11.99132689623013,64.1840048,40.68483324675324,9.863156978694645,24.346233447418687,8,14,100-300:300-600,False,True,,1123,99.94996664442962
5,2026-10-07T04:16:11.777+00:00,2026-10-07T04:16:11.904+00:00,2026-10-07T04:16:27.119+00:00,True,363,363.0,,363.0,127.274765,15342.593805,15342.593646,42.26609819834711,32.271186,127.274765,11.516991616578542,69.70811160000001,42.031268066298345,10.627101144102605,23.659623960174315,8,14,100-300:300-600,False,True,,1442,99.94996664442962
6,2026-10-07T04:16:16.300+00:00,2026-10-07T04:16:16.414+00:00,2026-10-07T04:16:38.463+00:00,True,500,500.0,,500.0,114.529914,22163.302266,22163.302318000002,44.326604636,34.397095,114.529914,12.100105579610375,74.8660499,44.18591653707415,11.69572500019463,22.559815049178557,8,14,100-300:300-600,False,True,,2507,99.94996664442962
7,2026-10-07T04:16:18.922+00:00,2026-10-07T04:16:19.071+00:00,2026-10-07T04:16:32.258+00:00,True,302,302.0,,302.0,149.09298,13336.46834,13336.468363,44.16049126821192,32.768015,149.09298,12.715363916852473,72.69729454999998,43.81187827242525,11.197974457519955,22.64467565931327,8,14,100-300:300-600,False,True,,1558,99.94996664442962
8,2026-10-07T04:16:22.097+00:00,2026-10-07T04:16:22.238+00:00,2026-10-07T04:17:32.385+00:00,True,1376,1376.0,,1376.0,140.761053,70288.441309,70288.441255,51.081716028343024,0.017943,362.3271,20.74042568080179,99.595041,51.016494731636364,20.606329721713582,19.57647622246834,8,14,1-100:1000-1500,False,True,,6073,99.94996664442962
9,2026-10-07T04:16:26.113+00:00,2026-10-07T04:16:26.255+00:00,2026-10-07T04:17:32.773+00:00,True,1293,1293.0,,1293.0,141.59282000000002,66660.04734800001,66660.04734,51.55456097447796,0.02128,301.166072,20.37084896701618,99.96716,51.484871925696595,20.22396309986269,19.396925916506923,8,14,1-100:1000-1500,False,True,,3552,99.94996664442962
10,2026-10-07T04:16:30.094+00:00,2026-10-07T04:16:30.304+00:00,2026-10-07T04:17:49.030+00:00,True,1470,1470.0,,1470.0,210.73092499999998,78936.09258899999,78936.09258899999,53.698022169387755,0.018956,298.04803999999996,22.560031378274736,107.79416270000002,53.591124345813476,22.192168188887337,18.622659822470734,8,14,1-100:1000-1500,False,True,,3066,99.94996664442962
11,2026-10-07T04:16:32.724+00:00,2026-10-07T04:16:32.882+00:00,2026-10-07T04:16:55.105+00:00,True,460,460.0,,460.0,157.755418,22380.873754,22380.873689,48.65407323695652,37.425735,157.755418,16.392446985450047,87.35519559999999,48.41637981699347,15.596573585473708,20.553263695425965,8,14,100-300:300-600,False,True,,2089,99.94996664442962
12,2026-10-07T04:16:36.562+00:00,2026-10-07T04:16:36.709+00:00,2026-10-07T04:17:58.095+00:00,True,1482,1482.0,,1482.0,147.303058,81532.941714,81532.941599,55.015480161268556,0.017613,300.984591,22.76272037313338,108.3207766,54.9531658717083,22.643606641893207,18.17670218742428,8,14,1-100:1000-1500,False,True,,1482,99.94996664442962
13,2026-10-07T04:16:39.533+00:00,2026-10-07T04:16:39.731+00:00,2026-10-07T04:16:55.457+00:00,True,316,316.0,,316.0,198.815618,15923.888770000001,15923.889003,50.392053806962025,38.763591,198.815618,18.790831784172553,94.50659125000001,49.920867149206344,16.847533987850124,19.844398850319273,8,14,100-300:300-600,False,True,,1636,99.94996664442962
14,2026-10-07T04:16:43.945+00:00,2026-10-07T04:16:44.099+00:00,2026-10-07T04:17:14.356+00:00,True,576,576.0,,576.0,154.231802,30411.82105,30411.821112,52.79830054166667,36.176658,154.231802,19.69848188068649,103.92042950000001,52.62189434434783,19.254880807071935,18.940003594424674,8,14,100-300:300-600,False,True,,2847,99.94996664442962
15,2026-10-07T04:16:48.571+00:00,2026-10-07T04:16:48.761+00:00,2026-10-07T04:17:18.330+00:00,True,555,555.0,,555.0,190.484611,29758.688643,29758.688697,53.61925891351351,39.422864999999994,190.484611,20.63698238051589,104.75835090000001,53.37220944404332,19.817166686199492,18.65001535040927,8,14,100-300:300-600,False,True,,2465,99.94996664442962
16,2026-10-07T04:16:52.481+00:00,2026-10-07T04:16:52.720+00:00,2026-10-07T04:17:12.699+00:00,True,375,375.0,,375.0,239.04309899999998,20217.802778999998,20217.802751,53.914140669333335,40.164313,239.04309899999998,21.862614248225526,103.20969250000002,53.41914352941176,19.675510677057954,18.54800959822935,8,14,100-300:300-600,False,True,,1633,99.94996664442962
17,2026-10-07T04:16:55.068+00:00,2026-10-07T04:16:55.234+00:00,2026-10-07T04:18:16.179+00:00,True,1398,1398.0,,1398.0,165.532668,81110.834684,81110.8345,58.01919492131616,0.019286,358.066639,25.21234902891787,116.99915500000002,57.94223480028633,25.056570607728457,17.235675177631613,8,14,1-100:1000-1500,False,True,,3261,99.94996664442962
18,2026-10-07T04:16:58.034+00:00,2026-10-07T04:16:58.245+00:00,2026-10-07T04:17:17.154+00:00,True,343,343.0,,343.0,210.606222,19119.911566,19119.91164,55.743182623906705,40.145156,210.606222,22.468258369888407,104.46197489999999,55.29036650292397,20.875051482214904,17.93941351747359,8,14,100-300:300-600,False,True,,1494,99.94996664442962
19,2026-10-07T04:17:01.478+00:00,2026-10-07T04:17:01.679+00:00,2026-10-07T04:17:25.814+00:00,True,444,444.0,,444.0,200.822576,24336.133168,24336.133016,54.811110396396394,0.021059,301.70279800000003,25.03717670548414,104.69642485,54.481513751693,24.081851423885457,18.244476102054833,8,14,100-300:300-600,False,True,,1901,99.94996664442962
20,2026-10-07T04:17:05.585+00:00,2026-10-07T04:17:05.807+00:00,2026-10-07T04:17:32.728+00:00,True,490,490.0,,490.0,221.497256,27142.237864,27142.237824,55.39232208979592,0.019155000000000002,349.979578,26.4942071302382,104.91165325000001,55.0526392801636,25.430830245154137,18.053043468825745,8,14,100-300:300-600,False,True,,1900,99.94996664442962
21,2026-10-07T04:17:08.846+00:00,2026-10-07T04:17:09.025+00:00,2026-10-07T04:17:37.447+00:00,True,504,504.0,,504.0,179.752503,28601.481271,28601.481244,56.748970722222225,0.018314,356.10557400000005,27.612849564264707,119.80635819999999,56.504430950298214,27.08853846757217,17.621464959264976,8,14,100-300:300-600,False,True,,1198,99.94996664442962
22,2026-10-07T04:17:13.190+00:00,2026-10-07T04:17:13.358+00:00,2026-10-07T04:18:29.222+00:00,True,1285,1285.0,,1285.0,168.39440599999998,76032.627366,76032.627292,59.16935976031128,0.018373999999999998,384.887097,27.38714774860667,121.3764912,59.08429358255452,27.22746079041246,16.900639166582604,8,14,1-100:1000-1500,False,True,,3001,99.94996664442962
23,2026-10-07T04:17:16.905+00:00,2026-10-07T04:17:17.108+00:00,2026-10-07T04:17:50.622+00:00,True,580,580.0,,580.0,203.720397,33717.802444999994,33717.802445,58.134142146551724,0.019094999999999997,315.60000199999996,27.476817021230257,119.69528745,57.88269783765113,26.82438717288205,17.20159553535815,8,14,100-300:300-600,False,True,,2672,99.94996664442962
24,2026-10-07T04:17:20.575+00:00,2026-10-07T04:17:20.785+00:00,2026-10-07T04:17:38.785+00:00,True,314,314.0,,314.0,209.194804,18210.136115999998,18210.136077,57.994063939490445,40.992565,209.194804,25.309267846478566,121.52868070000001,57.51099460702875,23.85588635259261,17.24314403801242,8,14,100-300:300-600,False,True,,1463,99.94996664442962
25,2026-10-07T04:17:25.152+00:00,2026-10-07T04:17:25.345+00:00,2026-10-07T04:17:43.210+00:00,True,302,302.0,,302.0,192.554359,18058.228087000003,18058.228153,59.7954574602649,42.197072,192.554359,25.84973003293216,124.87735625,59.35439776744186,24.72836130063156,16.723678455330163,8,14,100-300:300-600,False,True,,1566,99.94996664442962
26,2026-10-07T04:17:28.624+00:00,2026-10-07T04:17:28.810+00:00,2026-10-07T04:18:41.010+00:00,True,1199,1199.0,,1199.0,185.658019,72386.182307,72386.182394,60.37212876897414,0.018985,423.41094699999996,27.44174693459612,125.3089512,60.26754948914858,27.213124217438967,16.563934742612506,8,14,1-100:1000-1500,False,True,,3491,99.94996664442962
27,2026-10-07T04:17:33.199+00:00,2026-10-07T04:17:33.441+00:00,2026-10-07T04:18:08.156+00:00,True,571,571.0,,571.0,242.07921900000002,34957.530098999996,34957.530068,61.22159381436077,40.760842,242.07921900000002,27.200910951524058,124.08716899999999,60.90429978947368,26.14581023833521,16.334105938918555,8,14,100-300:300-600,False,True,,1258,99.94996664442962
28,2026-10-07T04:17:36.603+00:00,2026-10-07T04:17:36.901+00:00,2026-10-07T04:18:10.090+00:00,True,552,552.0,,552.0,297.306924,33486.934316,33486.93426,60.66473597826087,42.742503,297.306924,26.095057218463772,114.20479230000001,60.23525842468239,24.087097353117482,16.484041052878805,8,14,100-300:300-600,False,True,,2687,99.94996664442962
29,2026-10-07T04:17:40.686+00:00,2026-10-07T04:17:40.927+00:00,2026-10-07T04:18:12.017+00:00,True,514,514.0,,514.0,240.690628,31330.791364,31330.791482,60.95484724124513,42.594255,240.690628,25.808935781496327,122.59525825,60.60448486549708,24.580145312484063,16.405586249908808,8,14,100-300:300-600,False,True,,2295,99.94996664442962
30,2026-10-07T04:17:43.601+00:00,2026-10-07T04:17:43.858+00:00,2026-10-07T04:18:04.787+00:00,True,348,348.0,,348.0,257.140964,21186.756068,21186.756208,60.88148335632184,41.145132,257.140964,27.10938307417056,117.51232069999998,60.31589367146974,25.007962768387248,16.42535548543042,8,14,100-300:300-600,False,True,,1350,99.94996664442962
31,2026-10-07T04:17:47.736+00:00,2026-10-07T04:17:48.015+00:00,2026-10-07T04:18:23.363+00:00,True,585,585.0,,585.0,279.10542399999997,35626.942096,35626.942225,60.90075594017094,0.018775,376.798843,30.109498145931173,125.7135224,60.5271175890411,28.745914468571215,16.42015748709684,8,14,100-300:300-600,False,True,,3071,99.94996664442962
32,2026-10-07T04:17:52.066+00:00,2026-10-07T04:17:52.263+00:00,2026-10-07T04:18:21.170+00:00,True,478,478.0,,478.0,196.475766,29104.12735,29104.127309,60.88729562552301,43.740483,196.475766,25.623060901316602,125.07384775,60.603043153039835,24.88407779872532,16.42378739797536,8,14,100-300:300-600,False,True,,2100,99.94996664442962
33,2026-10-07T04:17:55.571+00:00,2026-10-07T04:17:57.128+00:00,2026-10-07T04:18:31.904+00:00,True,575,575.0,,575.0,1556.07221,36332.13237,36332.132269,63.18631698956522,0.018283999999999998,1556.07221,68.72324873970692,124.8107132,60.58547066202091,28.893043290643707,15.826211193560066,8,14,100-300:300-600,False,True,,3167,99.94996664442962
34,2026-10-07T04:17:58.451+00:00,2026-10-07T04:17:59.581+00:00,2026-10-07T04:18:30.196+00:00,True,509,509.0,,509.0,1129.29556,31744.417223999997,31744.417167,62.366241978389,0.019827,1129.29556,55.437886204251555,125.892618,60.265987527559055,28.805529267341257,16.034315464300807,8,14,100-300:300-600,False,True,,2242,99.94996664442962
35,2026-10-07T04:18:02.017+00:00,2026-10-07T04:18:02.659+00:00,2026-10-07T04:19:05.984+00:00,True,1039,1039.0,,1039.0,641.861538,63966.340513999996,63966.34031,61.56529384985563,0.019006,641.861538,33.67395640960448,127.77505439999999,61.006241788053956,28.460274651633167,16.242917629039592,8,14,1-100:1000-1500,False,True,,3807,99.94996664442962
36,2026-10-07T04:18:05.857+00:00,2026-10-07T04:18:06.030+00:00,2026-10-07T04:18:38.107+00:00,True,532,532.0,,532.0,173.72010500000002,32250.560809,32250.56094,60.62135515037594,0.019156,367.76909600000005,29.3472919017055,127.1983281,60.40836290772128,28.96046060120409,16.495837177861958,8,14,100-300:300-600,False,True,,2341,99.94996664442962
37,2026-10-07T04:18:09.617+00:00,2026-10-07T04:18:09.942+00:00,2026-10-07T04:19:20.518+00:00,True,1164,1164.0,,1164.0,324.99575400000003,70901.07946600001,70901.079356,60.91158020274914,0.017843,375.212902,28.319012043542287,127.60167130000002,60.68450878073946,27.250459572785296,16.417239466123867,8,14,1-100:1000-1500,False,True,,1164,99.94996664442962
38,2026-10-07T04:18:12.548+00:00,2026-10-07T04:18:12.741+00:00,2026-10-07T04:19:22.394+00:00,True,1148,1148.0,,1148.0,192.177083,69845.357755,69845.357826,60.84090402961672,0.019125,375.412346,27.96716399812148,128.43459065000002,60.726399888404536,27.70883946102245,16.43631068548458,8,14,1-100:1000-1500,False,True,,3063,99.94996664442962
39,2026-10-07T04:18:16.963+00:00,2026-10-07T04:18:17.184+00:00,2026-10-07T04:18:42.294+00:00,True,416,416.0,,416.0,220.298174,25330.724798,25330.724849,60.891165502403844,0.019777,367.992856,30.73816352584321,126.9478515,60.50705210602409,29.758879694023104,16.42274365685918,8,14,100-300:300-600,False,True,,1340,99.94996664442962
40,2026-10-07T04:18:20.455+00:00,2026-10-07T04:18:22.173+00:00,2026-10-07T04:18:57.180+00:00,True,575,575.0,,575.0,1717.430061,36724.258861,36724.259023,63.86827656173913,0.019817,1717.430061,74.90132593259158,127.95457200000001,60.98750662020906,28.98002981894128,15.657225437179122,8,14,100-300:300-600,False,True,,2849,99.94996664442962
41,2026-10-07T04:18:24.066+00:00,2026-10-07T04:18:24.264+00:00,2026-10-07T04:18:55.171+00:00,True,512,512.0,,512.0,198.574114,31105.311522,31105.311577,60.752561673828126,36.838836,198.574114,25.786076546754803,126.70841965,60.4828520704501,25.078037871493578,16.460211293427342,8,14,100-300:300-600,False,True,,2455,99.94996664442962
42,2026-10-07T04:18:27.236+00:00,2026-10-07T04:18:29.400+00:00,2026-10-07T04:18:54.435+00:00,True,412,412.0,,412.0,2163.954961,27199.034896999998,27199.034933,66.01707508009709,38.320992,2163.954961,106.63031565377787,127.48624510000002,60.91260325060827,25.23198097694045,15.14759628641981,8,14,100-300:300-600,False,True,,2034,99.94996664442962
43,2026-10-07T04:18:30.960+00:00,2026-10-07T04:18:32.661+00:00,2026-10-07T04:18:58.148+00:00,True,418,418.0,,418.0,1701.1848340000001,27188.741954,27188.741952,65.04483720574163,40.333712,1701.1848340000001,84.21138416812188,126.88669529999999,61.12124009592326,25.655150030456113,15.374010342486772,8,14,100-300:300-600,False,True,,1601,99.94996664442962
44,2026-10-07T04:18:34.354+00:00,2026-10-07T04:18:36.153+00:00,2026-10-07T04:19:08.677+00:00,True,529,529.0,,529.0,1799.121232,34322.937423999996,34322.937426,64.8826794442344,41.493496,1799.121232,80.07732094280178,129.0445616,61.598136727272724,26.584712572294432,15.41243377468333,8,14,100-300:300-600,False,True,,2344,99.94996664442962
45,2026-10-07T04:18:38.770+00:00,2026-10-07T04:18:41.250+00:00,2026-10-07T04:19:03.564+00:00,True,362,362.0,,362.0,2479.3091,24793.575724,24793.575684,68.49054056353592,41.629951,2479.3091,129.76421576105196,128.315966,61.81237291966759,26.386204258508158,14.600556371124261,8,14,100-300:300-600,False,True,,1355,99.94996664442962
46,2026-10-07T04:18:41.999+00:00,2026-10-07T04:18:43.765+00:00,2026-10-07T04:19:18.297+00:00,True,568,568.0,,568.0,1765.858798,36297.56235,36297.56253,63.90415938380281,38.587430999999995,1765.858798,75.9133806603538,126.92320175,60.902475400352735,25.421281393421285,15.648433757701087,8,14,100-300:300-600,False,True,,2053,99.94996664442962
47,2026-10-07T04:18:46.684+00:00,2026-10-07T04:18:48.559+00:00,2026-10-07T04:19:21.403+00:00,True,542,542.0,,542.0,1875.21079,34718.528293999996,34718.528194,64.05632508118082,36.119046000000004,1875.21079,81.98526172728118,130.77167235000002,60.70853512754159,25.459934855016016,15.61126080605403,8,14,100-300:300-600,False,True,,2419,99.94996664442962
48,2026-10-07T04:18:49.983+00:00,2026-10-07T04:18:53.423+00:00,2026-10-07T04:19:59.991+00:00,True,1093,1093.0,,1093.0,3440.349666,70007.813858,70007.813812,64.05106478682525,0.019717,3440.349666,106.68882650505776,129.15863960000001,60.95921629304029,30.57447412705636,15.612542940092105,8,14,1-100:1000-1500,False,True,,1093,99.94996664442962
49,2026-10-07T04:18:54.109+00:00,2026-10-07T04:18:57.593+00:00,2026-10-07T04:20:09.802+00:00,True,1187,1187.0,,1187.0,3484.0235639999996,75692.59239600001,75692.592291,63.76798002611626,0.018204,3484.0235639999996,103.78300396720117,128.6750058,60.88412211804385,29.99704103150615,15.681851584498343,8,14,1-100:1000-1500,False,True,,3551,99.94996664442962
50,2026-10-07T04:18:58.616+00:00,2026-10-07T04:19:02.702+00:00,2026-10-07T04:19:24.561+00:00,True,360,360.0,,360.0,4085.937023,25945.789054999997,25945.788916,72.07163587777778,43.607064,4085.937023,213.63399371031997,129.365415,60.89095273537605,25.268467012207996,13.875083900392099,8,14,100-300:300-600,False,True,,1879,99.94996664442962
51,2026-10-07T04:19:03.089+00:00,2026-10-07T04:19:08.077+00:00,2026-10-07T04:19:29.302+00:00,True,352,352.0,,352.0,4988.240826,26213.18777,26213.187687,74.46928320170454,0.018174,4988.240826,265.4099872129189,128.79573255,60.46993431339031,38.2235295209059,13.428355341155823,8,14,100-300:300-600,False,True,,1610,99.94996664442962
52,2026-10-07T04:19:06.329+00:00,2026-10-07T04:19:11.339+00:00,2026-10-07T04:20:17.558+00:00,True,1088,1088.0,,1088.0,5009.880768,71228.675264,71228.675152,65.46753230882354,0.018074000000000003,5009.880768,153.0878894185934,128.74893225,60.918854182152714,30.42232448106723,15.274747087004872,8,14,1-100:1000-1500,False,True,,2839,99.94996664442962
53,2026-10-07T04:19:09.995+00:00,2026-10-07T04:19:15.222+00:00,2026-10-07T04:19:43.614+00:00,True,471,471.0,,471.0,5226.951982,33618.487342,33618.487514,71.37683123991508,0.018844999999999997,5226.951982,240.61931383931665,126.672541,60.4075220425532,35.02632431813015,14.010148499798019,8,14,100-300:300-600,False,True,,2048,99.94996664442962
54,2026-10-07T04:19:14.479+00:00,2026-10-07T04:19:20.367+00:00,2026-10-07T04:19:44.473+00:00,True,398,398.0,,398.0,5887.543029,29993.481461,29993.481443,75.36050613819096,0.018725000000000002,5887.543029,294.2943899236304,127.02001394999999,60.7202479395466,36.14261153146928,13.269549935959,8,14,100-300:300-600,False,True,,1627,99.94996664442962
55,2026-10-07T04:19:17.437+00:00,2026-10-07T04:19:22.570+00:00,2026-10-07T04:19:45.555+00:00,True,382,382.0,,382.0,5132.511416,28117.936056000002,28117.935858,73.60716193193717,0.017974,5132.511416,262.12381641148454,126.21805134999998,60.329198530183724,36.93539266066039,13.585634423494117,8,14,100-300:300-600,False,True,,1650,99.94996664442962
56,2026-10-07T04:19:21.262+00:00,2026-10-07T04:19:26.659+00:00,2026-10-07T04:20:01.086+00:00,True,569,569.0,,569.0,5397.449685,39824.501973,39824.502201,69.99033778734622,40.21356,5397.449685,225.17469882840973,128.00642340000002,60.61100754929578,25.47188954588521,14.287686519865774,8,14,100-300:300-600,False,True,,2891,99.94996664442962
57,2026-10-07T04:19:23.976+00:00,2026-10-07T04:19:29.452+00:00,2026-10-07T04:20:52.585+00:00,True,1361,1361.0,,1361.0,5476.45252,88609.65188,88609.652031,65.10628363776635,0.017994,5476.45252,150.07619985194884,129.28799899999999,61.127352470588235,31.24705128831454,15.359500586269542,8,14,1-100:1000-1500,False,True,,1816,99.94996664442962
58,2026-10-07T04:19:27.014+00:00,2026-10-07T04:19:33.035+00:00,2026-10-07T04:20:39.304+00:00,True,1085,1085.0,,1085.0,6021.5963600000005,72290.421192,72290.421197,66.62711631059908,0.017914000000000003,6021.5963600000005,183.92567797633131,130.0353682,61.133602243542434,32.95103715741725,15.00890411356562,8,14,1-100:1000-1500,False,True,,4616,99.94996664442962
59,2026-10-07T04:19:30.175+00:00,2026-10-07T04:19:35.116+00:00,2026-10-07T04:19:55.275+00:00,True,340,340.0,,340.0,4941.147599999999,25100.587984,25100.588105,73.82525913235294,40.325309999999995,4941.147599999999,265.8475184664605,126.1303367,59.4673757640118,24.208215803746754,13.545499420839384,8,14,100-300:300-600,False,True,,1512,99.94996664442962
60,2026-10-07T04:19:34.873+00:00,2026-10-07T04:19:40.898+00:00,2026-10-07T04:20:15.020+00:00,True,557,557.0,,557.0,6024.314602,40146.585578,40146.585518,72.07645514901257,43.271730000000005,6024.314602,253.9849956337921,129.7405258,61.37099096402878,25.952055475571058,13.874156219781526,8,14,100-300:300-600,False,True,,2926,99.94996664442962
61,2026-10-07T04:19:37.866+00:00,2026-10-07T04:19:44.616+00:00,2026-10-07T04:20:59.307+00:00,True,1220,1220.0,,1220.0,6749.799764,81441.2061,81441.206076,66.75508694754099,0.017373,6749.799764,194.24975955361793,131.4088604,61.27268772436424,32.629231003444374,14.980131783681921,8,14,1-100:1000-1500,False,True,,4335,99.94996664442962
62,2026-10-07T04:19:41.717+00:00,2026-10-07T04:19:48.541+00:00,2026-10-07T04:20:23.585+00:00,True,575,575.0,,575.0,6824.746239,41868.806143,41868.806228,72.81531517913044,42.549577,6824.746239,283.2478419189343,130.9805449,61.05236917073171,25.875497155776582,13.733374628264475,8,14,100-300:300-600,False,True,,2834,99.94996664442962
63,2026-10-07T04:19:45.263+00:00,2026-10-07T04:19:52.874+00:00,2026-10-07T04:21:00.741+00:00,True,1102,1102.0,,1102.0,7611.088936,75477.354024,75477.35411,68.49124692377495,0.017513,7611.088936,229.78758369923605,129.4941155,61.64056774568574,32.93129778311843,14.600405833643697,8,14,1-100:1000-1500,False,True,,2057,99.94996664442962
64,2026-10-07T04:19:49.980+00:00,2026-10-07T04:19:58.253+00:00,2026-10-07T04:20:29.605+00:00,True,514,514.0,,514.0,8272.662015,39624.603903,39624.604089,77.09066943385214,0.017633,8272.662015,364.4365252015833,130.7656493,61.11489646783626,40.38999976648933,12.971738500106111,8,14,100-300:300-600,False,True,,2589,99.94996664442962
65,2026-10-07T04:19:53.991+00:00,2026-10-07T04:20:01.212+00:00,2026-10-07T04:20:30.344+00:00,True,477,477.0,,477.0,7220.863604,36352.114036,36352.113931,76.20988245492663,0.018164000000000003,7220.863604,330.1794154646274,130.5514372,61.200105949579836,39.45587696964507,13.12165778110237,8,14,100-300:300-600,False,True,,1962,99.94996664442962
66,2026-10-07T04:19:56.560+00:00,2026-10-07T04:20:04.946+00:00,2026-10-07T04:20:27.118+00:00,True,365,365.0,,365.0,8386.575192,30558.103128,30558.103221,83.72083074246575,39.371002,8386.575192,436.55617001508284,129.44594999999998,60.91079103296703,25.96938419675279,11.944458675039785,8,14,100-300:300-600,False,True,,1544,99.94996664442962
67,2026-10-07T04:19:59.221+00:00,2026-10-07T04:20:08.416+00:00,2026-10-07T04:20:41.263+00:00,True,531,531.0,,531.0,9194.699639,42042.294135,42042.294086,79.17569507721281,0.017873999999999998,9194.699639,398.37218631051843,129.956544,61.97659338867924,40.35887419060193,12.630138552737662,8,14,100-300:300-600,False,True,,3148,99.94996664442962
68,2026-10-07T04:20:03.802+00:00,2026-10-07T04:20:13.232+00:00,2026-10-07T04:20:37.142+00:00,True,393,393.0,,393.0,9430.713233999999,33340.777618,33340.777797,84.83658472519083,0.018705,9430.713233999999,474.43046405542793,131.874389,60.995062204081634,41.234209374908275,11.787367544415863,8,14,100-300:300-600,False,True,,1756,99.94996664442962
69,2026-10-07T04:20:06.773+00:00,2026-10-07T04:20:15.145+00:00,2026-10-07T04:20:46.900+00:00,True,520,520.0,,520.0,8372.76606,40127.339116,40127.339097,77.16795980192308,0.017954,8372.76606,366.656397006052,130.443318,61.18414847013488,39.865001026799,12.95874611812125,8,14,100-300:300-600,False,True,,2275,99.94996664442962
70,2026-10-07T04:20:10.976+00:00,2026-10-07T04:20:19.994+00:00,2026-10-07T04:21:50.130+00:00,True,1467,1467.0,,1467.0,9017.798503,99154.350183,99154.350137,67.58987739400136,0.017884,9017.798503,237.0519113448913,130.8582726,61.48468736698499,38.918425022099996,14.795114861753357,8,14,1-100:1000-1500,False,True,,6604,99.94996664442962
71,2026-10-07T04:20:14.701+00:00,2026-10-07T04:20:25.775+00:00,2026-10-07T04:20:45.515+00:00,True,313,313.0,,313.0,11073.642428,30814.095547999998,30814.095558,98.44758964217252,0.018705,11073.642428,624.2445774705475,131.1478674,63.27068307692308,48.76573845480858,10.157689019703042,8,14,100-300:300-600,False,True,,1503,99.94996664442962
72,2026-10-07T04:20:18.734+00:00,2026-10-07T04:20:29.907+00:00,2026-10-07T04:20:49.579+00:00,True,314,314.0,,314.0,11173.444501,30845.765525000003,30845.7654,98.23492165605096,38.830611,11173.444501,627.5858792307474,129.97763544999998,62.8508658913738,26.99062816146467,10.179679273821492,8,14,100-300:300-600,False,True,,1424,99.94996664442962
73,2026-10-07T04:20:21.662+00:00,2026-10-07T04:20:32.486+00:00,2026-10-07T04:20:52.181+00:00,True,323,323.0,,323.0,10823.495289999999,30518.902394,30518.902545999998,94.48576639628483,42.105941,10823.495289999999,599.3567823008858,128.64650899999998,61.165860571428574,25.114005217589664,10.583604738796295,8,14,100-300:300-600,False,True,,1686,99.94996664442962
74,2026-10-07T04:20:25.722+00:00,2026-10-07T04:20:37.742+00:00,2026-10-07T04:21:02.537+00:00,True,405,405.0,,405.0,12019.299603,36814.301458999995,36814.301339,90.89950947901234,43.754527,12019.299603,594.7293870640619,127.8874926,61.373766970297034,25.258273035107788,11.001159439383839,8,14,100-300:300-600,False,True,,1859,99.94996664442962
75,2026-10-07T04:20:29.064+00:00,2026-10-07T04:20:40.789+00:00,2026-10-07T04:21:16.367+00:00,True,590,590.0,,590.0,11724.376618,47302.258986,47302.258946,80.17332024745762,40.153974000000005,11724.376618,480.84010878708847,128.1537926,60.403874988115454,24.859361987003837,12.472977245645323,8,14,100-300:300-600,False,True,,2440,99.94996664442962
76,2026-10-07T04:20:31.950+00:00,2026-10-07T04:20:42.964+00:00,2026-10-07T04:21:53.604+00:00,True,1153,1153.0,,1153.0,11013.942208,81654.122432,81654.122457,70.81883994535993,0.017513,11013.942208,324.5589755405032,130.6145878,61.319600888888885,36.02881419865295,14.120536301889674,8,14,1-100:1000-1500,False,True,,3585,99.94996664442962
77,2026-10-07T04:20:36.554+00:00,2026-10-07T04:20:47.725+00:00,2026-10-07T04:21:09.605+00:00,True,367,367.0,,367.0,11171.895188999999,33051.719060999996,33051.719060999996,90.05918000272479,40.553922,11171.895188999999,580.5509081823988,126.25314350000001,59.78093954098361,24.20102064685016,11.103809738993233,8,14,100-300:300-600,False,True,,733,99.94996664442962
78,2026-10-07T04:20:39.799+00:00,2026-10-07T04:20:51.933+00:00,2026-10-07T04:21:21.981+00:00,True,499,499.0,,499.0,12134.438096999998,42181.924817,42181.924850999996,84.53291553306613,38.63064,12134.438096999998,541.0906713583609,128.7894703,60.33631871485944,25.064002262735407,11.829711473927214,8,14,100-300:300-600,False,True,,2489,99.94996664442962
79,2026-10-07T04:20:43.282+00:00,2026-10-07T04:20:54.874+00:00,2026-10-07T04:21:13.994+00:00,True,321,321.0,,321.0,11591.721818,30712.386906,30712.386917,95.67721780996885,40.013439,11591.721818,644.1118670592155,127.055472,59.7520784,24.378974715144,10.451808938929757,8,14,100-300:300-600,False,True,,1706,99.94996664442962
80,2026-10-07T04:20:47.957+00:00,2026-10-07T04:21:00.067+00:00,2026-10-07T04:22:11.322+00:00,True,1154,1154.0,,1154.0,12109.455335,83364.464359,83364.464265,72.2395704202773,0.017603,12109.455335,356.51989645954393,129.74817794999998,61.79966090546401,36.484996774597455,13.842828702532344,8,14,1-100:1000-1500,False,True,,4912,99.94996664442962
81,2026-10-07T04:20:52.218+00:00,2026-10-07T04:21:04.533+00:00,2026-10-07T04:22:10.465+00:00,True,1072,1072.0,,1072.0,12315.473392000002,78247.559152,78247.559031,72.99212596175373,0.017102,12315.473392000002,376.04164293713603,130.35972744999998,61.56123787114846,36.54400761369567,13.700107857902424,8,14,1-100:1000-1500,False,True,,1072,99.94996664442962
82,2026-10-07T04:20:56.106+00:00,2026-10-07T04:21:08.368+00:00,2026-10-07T04:22:18.047+00:00,True,1132,1132.0,,1132.0,12261.956353,81940.45542500001,81940.455227,72.38556115459365,0.017133,12261.956353,364.3880667059432,129.756229,61.60786832183908,35.891382590230684,13.814909791856333,8,14,1-100:1000-1500,False,True,,1509,99.94996664442962
83,2026-10-07T04:20:59.623+00:00,2026-10-07T04:21:13.992+00:00,2026-10-07T04:22:27.735+00:00,True,1206,1206.0,,1206.0,14368.824078,88111.142414,88111.142309,73.06064868076285,0.017242,14368.824078,413.50256954981944,129.37429075,61.19694467717842,35.269714398528066,13.687258693497299,8,14,1-100:1000-1500,False,True,,5905,99.94996664442962
84,2026-10-07T04:21:04.125+00:00,2026-10-07T04:21:17.723+00:00,2026-10-07T04:21:40.540+00:00,True,370,370.0,,370.0,13598.176029999999,36414.412318,36414.412353,98.41733068378377,0.018033999999999998,13598.176029999999,705.4560616215923,135.2779576,61.83261866666666,49.514381946026596,10.160812064433767,8,14,100-300:300-600,False,True,,1370,99.94996664442962
85,2026-10-07T04:21:07.174+00:00,2026-10-07T04:21:22.395+00:00,2026-10-07T04:21:47.243+00:00,True,397,397.0,,397.0,15221.147875,40069.538275,40069.53826,100.93082685138539,0.018244,15221.147875,762.4232929103914,135.70169479999998,62.74846060606061,50.120482848969196,9.907775759115607,8,14,100-300:300-600,False,True,,1763,99.94996664442962
86,2026-10-07T04:21:11.879+00:00,2026-10-07T04:21:28.702+00:00,2026-10-07T04:21:51.843+00:00,True,373,373.0,,373.0,16823.108877,39963.672076999996,39963.672087,107.14121202949062,0.017743,16823.108877,869.3350722333647,136.4947146,62.205815053763445,50.91762899043707,9.333476645522522,8,14,100-300:300-600,False,True,,1753,99.94996664442962
87,2026-10-07T04:21:15.543+00:00,2026-10-07T04:21:34.590+00:00,2026-10-07T04:22:02.983+00:00,True,461,461.0,,461.0,19047.762557000002,47440.143229,47440.143442,102.90703566594361,0.02121,19047.762557000002,885.5624374282186,130.588233,61.72256667826087,47.91507595656646,9.717508603940981,8,14,100-300:300-600,False,True,,1138,99.94996664442962
88,2026-10-07T04:21:18.183+00:00,2026-10-07T04:21:37.735+00:00,2026-10-07T04:22:06.108+00:00,True,461,461.0,,461.0,19551.597096,47924.67588,47924.675903,103.95808221908894,42.626727,19551.597096,908.1256488551945,129.572751,61.680606052173914,26.63188179910716,9.61926171716448,8,14,100-300:300-600,False,True,,2409,99.94996664442962
89,2026-10-07T04:21:22.538+00:00,2026-10-07T04:21:40.815+00:00,2026-10-07T04:21:59.761+00:00,True,310,310.0,,310.0,18277.689155,37223.584323,37223.584342,120.07607852258064,42.851661,18277.689155,1034.9515249693231,130.32327445,61.31357659546926,26.212184772454027,8.328053454230487,8,14,100-300:300-600,False,True,,1591,99.94996664442962
90,2026-10-07T04:21:25.871+00:00,2026-10-07T04:21:43.674+00:00,2026-10-07T04:22:07.367+00:00,True,396,396.0,,396.0,17802.391976,41495.771559999994,41495.771566999996,104.78730193686869,42.13213,17802.391976,891.9292410457921,128.8104305,59.98323945316456,24.643847920316116,9.543141026487762,8,14,100-300:300-600,False,True,,1890,99.94996664442962
91,2026-10-07T04:21:28.675+00:00,2026-10-07T04:21:46.024+00:00,2026-10-07T04:22:15.822+00:00,True,490,490.0,,490.0,17349.594602,47147.829482,47147.829588,96.22006038367347,41.773528,17349.594602,781.4273873865908,127.84852325,60.93708564417178,25.19517953855595,10.39284322064224,8,14,100-300:300-600,False,True,,2353,99.94996664442962
92,2026-10-07T04:21:32.029+00:00,2026-10-07T04:21:48.604+00:00,2026-10-07T04:22:24.145+00:00,True,591,591.0,,591.0,16574.690292,52116.086515999996,52116.086552,88.18288756683587,42.336714,16574.690292,679.7780015046069,127.190357,60.23965461694915,25.14084423017702,11.340068671859292,8,14,100-300:300-600,False,True,,2338,99.94996664442962
93,2026-10-07T04:21:34.910+00:00,2026-10-07T04:21:51.590+00:00,2026-10-07T04:22:17.735+00:00,True,429,429.0,,429.0,16679.934016,42824.903743999996,42824.903679999996,99.8249503030303,42.52184,16679.934016,802.7750029024123,129.0773192,61.08637786915888,25.667278045634347,10.01753565085608,8,14,100-300:300-600,False,True,,1642,99.94996664442962
94,2026-10-07T04:21:38.081+00:00,2026-10-07T04:21:55.028+00:00,2026-10-07T04:22:22.176+00:00,True,450,450.0,,450.0,16946.858907,44094.855323,44094.855353,97.98856745111111,40.736925,16946.858907,796.4209104332158,124.1887061,60.46324368819599,24.90350309550453,10.205272172993812,8,14,100-300:300-600,False,True,,2164,99.94996664442962
95,2026-10-07T04:21:42.610+00:00,2026-10-07T04:21:59.971+00:00,2026-10-07T04:23:02.367+00:00,True,1038,1038.0,,1038.0,17360.993947,79757.149339,79757.149298,76.83733073025049,32.467031999999996,17360.993947,537.5854721195673,126.27452105,60.16987019479267,25.25771012003554,13.014507271167405,8,14,1-100:1000-1500,False,True,,4605,99.94996664442962
96,2026-10-07T04:21:45.988+00:00,2026-10-07T04:22:04.116+00:00,2026-10-07T04:22:28.152+00:00,True,403,403.0,,403.0,18128.283711,42163.347775,42163.347778,104.62369175682382,42.720742,18128.283711,900.3963766756831,123.76556769999999,59.78871657711443,24.791933898722252,9.558064557647663,8,14,100-300:300-600,False,True,,1824,99.94996664442962
97,2026-10-07T04:21:50.231+00:00,2026-10-07T04:22:08.977+00:00,2026-10-07T04:22:39.728+00:00,True,515,515.0,,515.0,18746.505987,49497.118723,49497.118531,96.11090976893205,37.671483,18746.505987,823.8082430512657,123.34811470000001,59.82609481712062,24.86957613447567,10.40464603368303,8,14,100-300:300-600,False,True,,2162,99.94996664442962
98,2026-10-07T04:21:53.028+00:00,2026-10-07T04:22:10.118+00:00,2026-10-07T04:23:17.936+00:00,True,1113,1113.0,,1113.0,17090.284116,84908.11297999999,84908.11309099999,76.28761284007187,0.017884,17090.284116,511.9626639729294,128.372608,60.98725617266187,39.40623872343297,13.108288017920808,8,14,1-100:1000-1500,False,True,,1113,99.94996664442962
99,2026-10-07T04:21:57.200+00:00,2026-10-07T04:22:12.044+00:00,2026-10-07T04:22:39.195+00:00,True,464,464.0,,464.0,14844.285987,41995.883811,41995.883886999996,90.5083704461207,35.622053,14844.285987,686.8111571478407,120.32440555000001,58.64275987904967,23.605564744264953,11.048701870121478,8,14,100-300:300-600,False,True,,2335,99.94996664442962
100,2026-10-07T04:21:59.921+00:00,2026-10-07T04:22:14.848+00:00,2026-10-07T04:22:39.677+00:00,True,422,422.0,,422.0,14926.779702,39755.599669999996,39755.599747,94.20758233886257,34.59071,14926.779702,724.1527194262623,122.35206389999999,58.97581940142518,24.074853445450287,10.614856863005533,8,14,100-300:300-600,False,True,,1699,99.94996664442962
101,2026-10-07T04:22:04.070+00:00,2026-10-07T04:22:19.219+00:00,2026-10-07T04:22:42.141+00:00,True,390,390.0,,390.0,15148.625306,38070.35049,38070.350393,97.61628305897436,35.786121,15148.625306,764.4727835977332,124.04324360000001,58.924743403598974,24.007646612316652,10.244192527264543,8,14,100-300:300-600,False,True,,1909,99.94996664442962
102,2026-10-07T04:22:08.487+00:00,2026-10-07T04:22:24.907+00:00,2026-10-07T04:22:48.879+00:00,True,396,396.0,,396.0,16420.334137,40391.968313000005,40391.96834,101.99992005050505,32.70657,16420.334137,822.5043650830603,129.17451450000002,60.68768145822785,25.719419230651976,9.803929259682768,8,14,100-300:300-600,False,True,,1769,99.94996664442962
103,2026-10-07T04:22:11.664+00:00,2026-10-07T04:22:30.585+00:00,2026-10-07T04:23:45.750+00:00,True,1232,1232.0,,1232.0,18921.243786,94086.33818600001,94086.338196,76.36878100324675,0.017363,18921.243786,538.6828949395089,127.50280094999998,61.06019041429732,38.17874571393023,13.094355926196743,8,14,1-100:1000-1500,False,True,,5513,99.94996664442962
104,2026-10-07T04:22:14.399+00:00,2026-10-07T04:22:32.310+00:00,2026-10-07T04:22:53.272+00:00,True,338,338.0,,338.0,17910.587715,38873.287234999996,38873.287251,115.00972559467456,42.680993,17910.587715,971.1896642833573,129.72447475,62.20385614243323,26.684267230163606,8.694916844996785,8,14,100-300:300-600,False,True,,1694,99.94996664442962
105,2026-10-07T04:22:16.971+00:00,2026-10-07T04:22:34.990+00:00,2026-10-07T04:23:07.364+00:00,True,527,527.0,,527.0,18018.203879,50392.431335,50392.431261,95.62131169070209,0.018634,18018.203879,783.8467459000874,130.91367630000002,61.54796094296578,50.7659649913285,10.457919692276741,8,14,100-300:300-600,False,True,,2039,99.94996664442962
106,2026-10-07T04:22:21.222+00:00,2026-10-07T04:22:39.373+00:00,2026-10-07T04:24:08.155+00:00,True,1454,1454.0,,1454.0,18150.975546,106933.750586,106933.750471,73.54453264855572,0.017382,18150.975546,475.85668468577194,128.91111614999997,61.10307986235375,37.09765078082699,13.597203801718717,8,14,1-100:1000-1500,False,True,,5035,99.94996664442962
107,2026-10-07T04:22:24.866+00:00,2026-10-07T04:22:43.931+00:00,2026-10-07T04:23:06.434+00:00,True,370,370.0,,370.0,19064.479339,41568.178539,41568.178536,112.34642847567568,0.017613,19064.479339,989.6761860399822,132.30619905,60.985634688346885,58.59810222149382,8.901039521201524,8,14,100-300:300-600,False,True,,1842,99.94996664442962
108,2026-10-07T04:22:28.162+00:00,2026-10-07T04:22:46.845+00:00,2026-10-07T04:23:08.347+00:00,True,355,355.0,,355.0,18683.307714000002,40185.444802,40185.444825,113.19843612676057,0.017553,18683.307714000002,990.1476514773914,130.17995169999998,60.74050024858757,59.16776901140657,8.834044310051581,8,14,100-300:300-600,False,True,,1661,99.94996664442962
109,2026-10-07T04:22:32.731+00:00,2026-10-07T04:22:52.161+00:00,2026-10-07T04:23:17.308+00:00,True,407,407.0,,407.0,19430.511942,44577.017926,44577.01795,109.52584262899263,0.017713,19430.511942,961.6959032704947,132.83637119999997,61.93720685714286,56.05982031285449,9.130265301183664,8,14,100-300:300-600,False,True,,2056,99.94996664442962
110,2026-10-07T04:22:36.440+00:00,2026-10-07T04:22:57.600+00:00,2026-10-07T04:23:30.085+00:00,True,538,538.0,,538.0,21159.982844000002,53645.499132,53645.499127,99.71282365613384,0.017783,21159.982844000002,911.0314036230722,123.05319619999999,60.49444373929237,49.95110212774579,10.028800341221514,8,14,100-300:300-600,False,True,,2270,99.94996664442962
111,2026-10-07T04:22:39.198+00:00,2026-10-07T04:23:00.470+00:00,2026-10-07T04:23:33.205+00:00,True,540,540.0,,540.0,21272.566293,54007.445013000004,54007.445032,100.0137870962963,0.017513,21272.566293,914.2323962773187,123.31647925000001,60.73261358070501,50.98999280655328,9.998621483945739,8,14,100-300:300-600,False,True,,2462,99.94996664442962
112,2026-10-07T04:22:43.288+00:00,2026-10-07T04:23:04.806+00:00,2026-10-07T04:24:36.312+00:00,True,1494,1494.0,,1494.0,21517.980853,113024.471477,113024.471351,75.65225659370817,36.759527,21517.980853,555.736503739814,129.45465465,61.29034870997991,26.16306539238125,13.218376343427739,8,14,1-100:1000-1500,False,True,,5357,99.94996664442962
113,2026-10-07T04:22:46.888+00:00,2026-10-07T04:23:08.096+00:00,2026-10-07T04:23:32.153+00:00,True,404,404.0,,404.0,21208.277758,45264.850686000005,45264.850896,112.04171013861387,41.569923,21208.277758,1052.4631539737993,118.6396147,59.69372934987593,24.382494218295143,8.925247601113892,8,14,100-300:300-600,False,True,,1897,99.94996664442962
114,2026-10-07T04:22:51.437+00:00,2026-10-07T04:23:11.677+00:00,2026-10-07T04:24:15.378+00:00,True,1049,1049.0,,1049.0,20240.066127000002,83940.65031900001,83940.65036,80.01968575786464,37.239807,20240.066127000002,623.5681026628191,127.7525732,60.783000183206106,25.59843895660017,12.496924863144148,8,14,1-100:1000-1500,False,True,,1049,99.94996664442962
115,2026-10-07T04:22:54.694+00:00,2026-10-07T04:23:13.578+00:00,2026-10-07T04:23:44.331+00:00,True,519,519.0,,519.0,18883.363414,49636.481878,49636.481805,95.63869326589595,38.862299,18883.363414,826.6341615195686,121.3566503,59.36895456370656,24.16197811860316,10.456019048159664,8,14,100-300:300-600,False,True,,2452,99.94996664442962
116,2026-10-07T04:22:58.146+00:00,2026-10-07T04:23:17.008+00:00,2026-10-07T04:23:42.434+00:00,True,433,433.0,,433.0,18862.050006,44287.889622,44287.889645,102.28150033487299,38.664069000000005,18862.050006,903.9313840373978,119.6827362,58.85611022222222,23.60524651097115,9.776939106732856,8,14,100-300:300-600,False,True,,2294,99.94996664442962
117,2026-10-07T04:23:02.609+00:00,2026-10-07T04:23:19.490+00:00,2026-10-07T04:23:43.731+00:00,True,416,416.0,,416.0,16881.334171,41121.806746999995,41121.80683,98.8504971875,40.153256999999996,16881.334171,825.1510643346129,122.037824,58.41077729156627,23.692299648911153,10.11628702404592,8,14,100-300:300-600,False,True,,1797,99.94996664442962
118,2026-10-07T04:23:06.086+00:00,2026-10-07T04:23:22.149+00:00,2026-10-07T04:24:37.450+00:00,True,1243,1243.0,,1243.0,16062.727939999999,91364.17946,91364.179527,73.50296019871278,39.297402000000005,16062.727939999999,454.60895026202155,130.1168517,60.62918801932367,25.738259361914352,13.604894252284023,8,14,1-100:1000-1500,False,True,,1243,99.94996664442962
119,2026-10-07T04:23:08.845+00:00,2026-10-07T04:23:27.477+00:00,2026-10-07T04:23:47.485+00:00,True,333,333.0,,333.0,18632.289621,38639.996245,38639.996245,116.03602475975975,39.245464999999996,18632.289621,1018.0579001401924,126.4509848,60.264176578313254,25.449072906955035,8.618013259850926,8,14,100-300:300-600,False,True,,1623,99.94996664442962
120,2026-10-07T04:23:11.411+00:00,2026-10-07T04:23:29.635+00:00,2026-10-07T04:24:03.419+00:00,True,560,560.0,,560.0,18223.932193,52008.243233,52008.243167,92.87186279821428,41.055847,18223.932193,767.9672824096756,128.41792855000003,60.437050161001785,25.40348926407506,10.767523861384184,8,14,100-300:300-600,False,True,,2510,99.94996664442962
121,2026-10-07T04:23:15.449+00:00,2026-10-07T04:23:33.863+00:00,2026-10-07T04:24:04.829+00:00,True,506,506.0,,506.0,18413.629872999998,49379.860657,49379.860663,97.5886574367589,43.256142,18413.629872999998,816.2814545346847,130.71240275,61.319268879207925,26.262039645731,10.247092504265105,8,14,100-300:300-600,False,True,,1950,99.94996664442962
122,2026-10-07T04:23:19.356+00:00,2026-10-07T04:23:39.592+00:00,2026-10-07T04:24:02.851+00:00,True,385,385.0,,385.0,20235.425518,43494.730222,43494.730085,112.97332489610389,44.075776,20235.425518,1028.5140323741266,129.2744094,60.571106,25.211615685359536,8.851647039421428,8,14,100-300:300-600,False,True,,2221,99.94996664442962
123,2026-10-07T04:23:23.897+00:00,2026-10-07T04:23:43.481+00:00,2026-10-07T04:24:59.966+00:00,True,1242,1242.0,,1242.0,19584.219741,96068.674653,96068.674707,77.3499796352657,0.018524000000000002,19584.219741,555.7552563522073,130.66674539999997,61.631309356970185,44.68091211099386,12.928251633387298,8,14,1-100:1000-1500,False,True,,6507,99.94996664442962
124,2026-10-07T04:23:27.923+00:00,2026-10-07T04:23:48.823+00:00,2026-10-07T04:24:07.659+00:00,True,307,307.0,,307.0,20900.20378,39736.732676,39736.732452,129.43561059283388,43.439453,20900.20378,1189.6106029399905,133.29228089999998,61.55728397385621,26.137146210722005,7.725849090391379,8,14,100-300:300-600,False,True,,1245,99.94996664442962
125,2026-10-07T04:23:31.065+00:00,2026-10-07T04:23:50.696+00:00,2026-10-07T04:24:10.819+00:00,True,325,325.0,,325.0,19630.888666000003,39753.819866000005,39753.819844000005,122.31944567384616,42.823667,19630.888666000003,1085.8128509073897,133.24377579999998,62.107812345679015,26.898357523009103,8.175315003576817,8,14,100-300:300-600,False,True,,1580,99.94996664442962
126,2026-10-07T04:23:34.679+00:00,2026-10-07T04:23:57.093+00:00,2026-10-07T04:24:59.668+00:00,True,1006,1006.0,,1006.0,22414.402074,84989.08009,84989.080019,84.48218689761431,0.018074000000000003,22414.402074,706.319970748374,130.74285150000003,62.26336120995025,47.45383375780045,11.836814787672566,8,14,1-100:1000-1500,False,True,,2369,99.94996664442962
127,2026-10-07T04:23:37.794+00:00,2026-10-07T04:24:00.690+00:00,2026-10-07T04:24:33.948+00:00,True,529,529.0,,529.0,22896.288774999997,56154.19776699999,56154.197777999994,106.15160260491493,36.449866,22896.288774999997,993.1467415338545,133.26794280000001,62.988464,28.018416810209743,9.420488957833108,8,14,100-300:300-600,False,True,,2436,99.94996664442962
128,2026-10-07T04:23:41.370+00:00,2026-10-07T04:24:03.841+00:00,2026-10-07T04:24:23.143+00:00,True,308,308.0,,308.0,22470.304796,41773.006364,41773.006355,135.62664400974026,42.046874,22470.304796,1277.07276455733,132.1424643,62.87524940716612,27.30429689895107,7.37318251207877,8,14,100-300:300-600,False,True,,1280,99.94996664442962
129,2026-10-07T04:23:44.316+00:00,2026-10-07T04:24:06.549+00:00,2026-10-07T04:24:42.993+00:00,True,587,587.0,,587.0,22233.889183,58677.466271,58677.466459,99.96161236626916,40.157764,22233.889183,915.5104475040907,130.9431488,62.19040458703071,26.62244852633685,10.00384026960127,8,14,100-300:300-600,False,True,,2771,99.94996664442962
130,2026-10-07T04:23:48.476+00:00,2026-10-07T04:24:09.517+00:00,2026-10-07T04:24:31.326+00:00,True,359,359.0,,359.0,21041.426585,42850.079385000005,42850.079457,119.35955280501393,37.403644,21041.426585,1107.6087277963522,130.18542010000002,60.91802458100559,25.806490844642774,8.378047489117852,8,14,100-300:300-600,False,True,,1683,99.94996664442962
131,2026-10-07T04:23:52.452+00:00,2026-10-07T04:24:14.296+00:00,2026-10-07T04:24:39.008+00:00,True,396,396.0,,396.0,21844.043225,46556.765656999996,46556.765522,117.5675897020202,39.971714999999996,21844.043225,1094.90788957323,131.837088,62.56385425822785,27.61305337852313,8.505745500395596,8,14,100-300:300-600,False,True,,1596,99.94996664442962
132,2026-10-07T04:23:56.264+00:00,2026-10-07T04:24:17.930+00:00,2026-10-07T04:24:42.556+00:00,True,395,395.0,,395.0,21666.185581,46291.839341,46291.839219,117.19452966835443,34.728741,21666.185581,1087.3461594640428,131.001186,62.501659289340104,27.497235141033993,8.532821456721733,8,14,100-300:300-600,False,True,,1557,99.94996664442962
133,2026-10-07T04:23:59.231+00:00,2026-10-07T04:24:21.535+00:00,2026-10-07T04:24:50.980+00:00,True,478,478.0,,478.0,22304.37888,51749.945344,51749.945371,108.26348403974896,0.017553,22304.37888,1019.207177569741,128.93897,61.73074730398323,61.48093695384678,9.236724731254627,8,14,100-300:300-600,False,True,,2209,99.94996664442962
134,2026-10-07T04:24:03.722+00:00,2026-10-07T04:24:26.637+00:00,2026-10-07T04:25:37.327+00:00,True,1162,1162.0,,1162.0,22915.41232,93604.974176,93604.974268,80.5550553080895,0.017543,22915.41232,672.0873339218776,127.79396175,60.88678885099053,46.8441895334873,12.413870205392705,8,14,1-100:1000-1500,False,True,,4548,99.94996664442962
135,2026-10-07T04:24:06.359+00:00,2026-10-07T04:24:29.378+00:00,2026-10-07T04:25:00.828+00:00,True,513,513.0,,513.0,23019.473178,54469.196314,54469.196383,106.17777072709552,0.017492,23019.473178,1015.3999222658326,129.53314020000002,61.4252405,60.110969977116625,9.418167234241817,8,14,100-300:300-600,False,True,,2324,99.94996664442962
136,2026-10-07T04:24:10.184+00:00,2026-10-07T04:24:33.127+00:00,2026-10-07T04:24:59.970+00:00,True,438,438.0,,438.0,22943.641252999998,49786.142116999996,49786.14206,113.6669910045662,0.018275,22943.641252999998,1095.350398272657,128.09046575,61.42448710297483,66.168067401121,8.797628845606825,8,14,100-300:300-600,False,True,,1989,99.94996664442962
137,2026-10-07T04:24:13.898+00:00,2026-10-07T04:24:37.709+00:00,2026-10-07T04:25:08.131+00:00,True,494,494.0,,494.0,23811.051613000003,54232.534365,54232.534253000005,109.7824580020243,0.018114,23811.051613000003,1070.7212952939578,129.11174075,61.70686156592292,68.48128701193703,9.108923375685212,8,14,100-300:300-600,False,True,,1894,99.94996664442962
138,2026-10-07T04:24:18.055+00:00,2026-10-07T04:24:40.297+00:00,2026-10-07T04:25:13.264+00:00,True,540,540.0,,540.0,22241.78588,55209.033752,55209.033673,102.2389512462963,0.017342,22241.78588,956.6514770797776,128.80489054999998,61.163725179962896,64.15302749692222,9.781007985499075,8,14,100-300:300-600,False,True,,1960,99.94996664442962
139,2026-10-07T04:24:20.867+00:00,2026-10-07T04:24:42.359+00:00,2026-10-07T04:25:59.051+00:00,True,1281,1281.0,,1281.0,21491.782675000002,98184.50203500001,98184.502124,76.64676200156129,0.017533,21491.782675000002,600.5826857974075,126.533624,59.916187,46.19287303005961,13.046865579084564,8,14,1-100:1000-1500,False,True,,2817,99.94996664442962
140,2026-10-07T04:24:25.606+00:00,2026-10-07T04:24:48.252+00:00,2026-10-07T04:25:16.629+00:00,True,463,463.0,,463.0,22646.050977000003,51023.355809,51023.355824000006,110.20163244924407,41.18303,22646.050977000003,1049.9104880350208,129.860676,61.42273773160173,25.695510221999918,9.074275744096227,8,14,100-300:300-600,False,True,,2373,99.94996664442962
141,2026-10-07T04:24:28.999+00:00,2026-10-07T04:24:51.586+00:00,2026-10-07T04:25:56.881+00:00,True,1086,1086.0,,1086.0,22587.021776999998,87881.778129,87881.778089,80.92244759576427,40.144574999999996,22587.021776999998,684.0328452280871,126.40793525000001,60.179498941935485,25.067483537201216,12.357510545654653,8,14,1-100:1000-1500,False,True,,5050,99.94996664442962
142,2026-10-07T04:24:32.918+00:00,2026-10-07T04:24:56.427+00:00,2026-10-07T04:25:29.072+00:00,True,530,530.0,,530.0,23509.584852000004,56154.605012,56154.604969,105.95208484716981,41.919131,23509.584852000004,1018.8472903202922,128.2815291,61.71081315689981,26.217034311052036,9.438228616989493,8,14,100-300:300-600,False,True,,2572,99.94996664442962
143,2026-10-07T04:24:36.409+00:00,2026-10-07T04:24:59.864+00:00,2026-10-07T04:26:20.458+00:00,True,1343,1343.0,,1343.0,23455.192508,104049.26175599999,104049.26192,77.47525087118392,40.95841,23455.192508,638.8713018696715,125.2349695,60.05519318032787,24.745864860178767,12.907347705641516,8,14,1-100:1000-1500,False,True,,5309,99.94996664442962
144,2026-10-07T04:24:41.121+00:00,2026-10-07T04:25:05.074+00:00,2026-10-07T04:25:25.546+00:00,True,336,336.0,,336.0,23952.446469000002,44425.156869,44425.156808,132.2177285952381,40.699163999999996,23952.446469000002,1303.626506471771,127.03732475000001,61.112568358208954,25.433642246509784,7.563282240978687,8,14,100-300:300-600,False,True,,1695,99.94996664442962
145,2026-10-07T04:24:45.319+00:00,2026-10-07T04:25:08.857+00:00,2026-10-07T04:25:37.189+00:00,True,476,476.0,,476.0,23538.067245000002,51869.815341,51869.815219000004,108.97020003991597,43.556167,23538.067245000002,1076.4033364901443,124.22928475,59.64578546526316,24.206957112073482,9.176820793957027,8,14,100-300:300-600,False,True,,2169,99.94996664442962
146,2026-10-07T04:24:48.383+00:00,2026-10-07T04:25:10.767+00:00,2026-10-07T04:25:39.966+00:00,True,494,494.0,,494.0,22383.898672,51583.066928,51583.066967,104.41916390080972,42.763411999999995,22383.898672,1004.7160425442949,123.23409824999999,59.22752181744422,23.810279933128253,9.576786131959324,8,14,100-300:300-600,False,True,,2401,99.94996664442962
147,2026-10-07T04:24:51.421+00:00,2026-10-07T04:25:14.403+00:00,2026-10-07T04:26:20.757+00:00,True,1115,1115.0,,1115.0,22982.214878,89336.35017399999,89336.350213,80.12228718654708,40.874252,22982.214878,686.9078676779541,124.8647595,59.56385574147217,24.273417781763253,12.480921795308626,8,14,1-100:1000-1500,False,True,,1672,99.94996664442962
148,2026-10-07T04:24:55.069+00:00,2026-10-07T04:25:17.692+00:00,2026-10-07T04:26:34.954+00:00,True,1288,1288.0,,1288.0,22622.938561,99884.473793,99884.473755,77.55005726319875,34.199055,22622.938561,629.1816837468456,124.888773,60.03227290753691,24.858472651026307,12.894896985383772,8,14,1-100:1000-1500,False,True,,5607,99.94996664442962
149,2026-10-07T04:24:59.073+00:00,2026-10-07T04:25:20.325+00:00,2026-10-07T04:25:40.292+00:00,True,342,342.0,,342.0,21252.356815000003,41219.361743,41219.361691000006,120.5244493888889,40.487186,21252.356815000003,1146.2761675223107,123.94145624999999,58.55426665102639,23.80954659998698,8.297071704611717,8,14,100-300:300-600,False,True,,1584,99.94996664442962
150,2026-10-07T04:25:02.541+00:00,2026-10-07T04:25:24.661+00:00,2026-10-07T04:25:56.555+00:00,True,542,542.0,,542.0,22120.284383000002,54014.367199,54014.367162,99.65750398892989,40.926671,22120.284383000002,947.9255986030704,123.30260344999999,58.95394235859519,24.27561173410786,10.034367300891649,8,14,100-300:300-600,False,True,,2516,99.94996664442962
151,2026-10-07T04:25:06.193+00:00,2026-10-07T04:25:27.903+00:00,2026-10-07T04:26:00.480+00:00,True,557,557.0,,557.0,21709.157955,54286.716483,54286.716521,97.46268675224417,41.284831,21709.157955,917.6724584610715,123.4653236,58.592731165467626,23.81709292720051,10.26033689428289,8,14,100-300:300-600,False,True,,2109,99.94996664442962
152,2026-10-07T04:25:09.494+00:00,2026-10-07T04:25:30.891+00:00,2026-10-07T04:26:04.502+00:00,True,572,572.0,,572.0,21397.142544,55008.585488,55008.585491,96.1688557534965,42.289513,21397.142544,892.5147433780477,123.49356885000002,58.86417328196147,23.787800809282135,10.398376815647815,8,14,100-300:300-600,False,True,,3004,99.94996664442962
153,2026-10-07T04:25:12.730+00:00,2026-10-07T04:25:35.635+00:00,2026-10-07T04:27:03.916+00:00,True,1463,1463.0,,1463.0,22904.821969999997,111186.02901,111186.029188,75.99865289678742,0.017132,22904.821969999997,599.0859409686614,125.5262935,60.38386254445964,46.84395874059927,13.15812798628161,8,14,1-100:1000-1500,False,True,,2561,99.94996664442962
154,2026-10-07T04:25:15.417+00:00,2026-10-07T04:25:37.326+00:00,2026-10-07T04:27:05.107+00:00,True,1454,1454.0,,1454.0,21908.994947,109689.849219,109689.849128,75.44006129848694,0.017823000000000002,21908.994947,574.9674949782449,125.61312939999999,60.41352668410186,47.7569177109353,13.255556556532712,8,14,1-100:1000-1500,False,True,,6396,99.94996664442962
155,2026-10-07T04:25:19.435+00:00,2026-10-07T04:25:41.049+00:00,2026-10-07T04:26:03.336+00:00,True,379,379.0,,379.0,21614.690372,43901.00922,43901.009207,115.83379737994723,41.329989000000005,21614.690372,1107.5055878903322,124.4921093,58.95851547089947,24.121349447520235,8.633058937226865,8,14,100-300:300-600,False,True,,2004,99.94996664442962
156,2026-10-07T04:25:23.750+00:00,2026-10-07T04:25:45.713+00:00,2026-10-07T04:26:16.489+00:00,True,515,515.0,,515.0,21962.513011,52738.497139,52738.497172999996,102.40484887961165,42.826162,21962.513011,965.4594485750034,125.56496709999999,59.875455501945524,24.642267534158513,9.765162602996487,8,14,100-300:300-600,False,True,,2208,99.94996664442962
157,2026-10-07T04:25:26.769+00:00,2026-10-07T04:25:48.966+00:00,2026-10-07T04:26:21.849+00:00,True,552,552.0,,552.0,22196.411477,55079.817301,55079.817157000005,99.78227745833334,40.478754,22196.411477,942.513656916015,125.13079575,59.67950240290381,24.262594248565584,10.021819734503334,8,14,100-300:300-600,False,True,,3297,99.94996664442962
158,2026-10-07T04:25:29.616+00:00,2026-10-07T04:25:50.716+00:00,2026-10-07T04:27:10.006+00:00,True,1318,1318.0,,1318.0,21100.193429000003,100390.679957,100390.680003,76.16895296130501,0.017202000000000002,21100.193429000003,581.5733851643422,126.56876265,60.20538081093394,48.53890016842645,13.128708766237407,8,14,1-100:1000-1500,False,True,,1318,99.94996664442962
159,2026-10-07T04:25:33.628+00:00,2026-10-07T04:25:55.912+00:00,2026-10-07T04:26:23.291+00:00,True,457,457.0,,457.0,22284.363661,49663.364237,49663.364217,108.67256940262583,41.117633000000005,22284.363661,1039.8901886720691,125.9300644,60.04166792982456,24.16757156386229,9.201954137040271,8,14,100-300:300-600,False,True,,2071,99.94996664442962
160,2026-10-07T04:25:36.697+00:00,2026-10-07T04:25:59.183+00:00,2026-10-07T04:26:33.952+00:00,True,569,569.0,,569.0,22486.522506,57255.167626,57255.167586,100.62419610896309,37.258047,22486.522506,940.4632770995369,126.98178759999999,61.212403380281685,25.507767236138424,9.937967586031707,8,14,100-300:300-600,False,True,,2377,99.94996664442962
161,2026-10-07T04:25:40.713+00:00,2026-10-07T04:26:03.234+00:00,2026-10-07T04:26:28.883+00:00,True,421,421.0,,421.0,22521.016431,48169.948271,48169.948377,114.41792963657957,41.198702,22521.016431,1094.9248530922114,128.417003,61.068885333333334,25.40155276616058,8.73988897873608,8,14,100-300:300-600,False,True,,2282,99.94996664442962
162,2026-10-07T04:25:44.095+00:00,2026-10-07T04:26:05.608+00:00,2026-10-07T04:26:25.171+00:00,True,330,330.0,,330.0,21512.689011,41075.367027,41075.366818999995,124.47080854242424,42.579251,21512.689011,1181.1945071550601,120.07968489999999,59.46102740425532,23.50475245416317,8.034012204518627,8,14,100-300:300-600,False,True,,1483,99.94996664442962
163,2026-10-07T04:25:47.917+00:00,2026-10-07T04:26:09.690+00:00,2026-10-07T04:26:40.650+00:00,True,508,508.0,,508.0,21773.071701,52733.382485,52733.3824,103.80587086614173,38.850471,21773.071701,963.6412955247824,126.79100285,61.06570174358974,25.119280979777983,9.633366495018606,8,14,100-300:300-600,False,True,,2410,99.94996664442962
164,2026-10-07T04:25:52.131+00:00,2026-10-07T04:26:13.212+00:00,2026-10-07T04:26:41.482+00:00,True,465,465.0,,465.0,21081.518195,49351.375219,49351.375055,106.1319893655914,37.618152,21081.518195,975.1331819664339,126.7793346,60.926416,25.26235905946333,9.422229835268656,8,14,100-300:300-600,False,True,,1797,99.94996664442962
165,2026-10-07T04:25:55.420+00:00,2026-10-07T04:26:17.890+00:00,2026-10-07T04:27:31.898+00:00,True,1215,1215.0,,1215.0,22469.872246,96477.46008599999,96477.460042,79.40531690699588,0.017282,22469.872246,644.9394566052206,127.45419910000001,60.96176922570016,51.471114575536554,12.593615119188971,8,14,1-100:1000-1500,False,True,,5313,99.94996664442962
166,2026-10-07T04:25:59.682+00:00,2026-10-07T04:26:22.709+00:00,2026-10-07T04:26:56.361+00:00,True,553,553.0,,553.0,23026.39808,56678.594432,56678.594549,102.49293770162748,0.017323,23026.39808,979.2087017763668,129.27636739999997,60.964123826086954,71.63624149655226,9.756769827160417,8,14,100-300:300-600,False,True,,2483,99.94996664442962
167,2026-10-07T04:26:03.277+00:00,2026-10-07T04:26:26.694+00:00,2026-10-07T04:26:55.902+00:00,True,480,480.0,,480.0,23417.455144,52624.85892,52624.858941,109.63512279375,0.017773,23417.455144,1069.1406762350396,128.6052753,60.975790764091855,81.02349513132663,9.1211645950385,8,14,100-300:300-600,False,True,,2204,99.94996664442962
168,2026-10-07T04:26:07.499+00:00,2026-10-07T04:26:30.649+00:00,2026-10-07T04:27:02.933+00:00,True,535,535.0,,535.0,23150.952396,55434.24302,55434.242963,103.61540740747664,0.017132,23150.952396,1001.0653915373908,126.49866180000001,60.45560041947565,74.57174113913955,9.651074333367887,8,14,100-300:300-600,False,True,,2398,99.94996664442962
169,2026-10-07T04:26:11.628+00:00,2026-10-07T04:26:34.131+00:00,2026-10-07T04:28:04.977+00:00,True,1491,1491.0,,1491.0,22503.956457,113349.72362500001,113349.723537,76.0226180663984,0.017062,22503.956457,583.3231716091103,129.66495,60.970313535570476,49.48639430733484,13.15398002144886,8,14,1-100:1000-1500,False,True,,1491,99.94996664442962
170,2026-10-07T04:26:14.969+00:00,2026-10-07T04:26:38.170+00:00,2026-10-07T04:26:57.743+00:00,True,326,326.0,,326.0,23200.516464,42773.644656000004,42773.644592,131.20749874846626,0.017573000000000002,23200.516464,1285.116248350845,126.983094,60.225009821538464,94.84706276643846,7.621515599659588,8,14,100-300:300-600,False,True,,1343,99.94996664442962
171,2026-10-07T04:26:18.877+00:00,2026-10-07T04:26:41.652+00:00,2026-10-07T04:27:09.761+00:00,True,472,472.0,,472.0,22774.501278,50883.238302,50883.238314,107.80347100423728,0.017142,22774.501278,1048.042989123983,115.34328465,59.678847184713376,72.54651717392784,9.276139171776096,8,14,100-300:300-600,False,True,,1989,99.94996664442962
172,2026-10-07T04:26:22.581+00:00,2026-10-07T04:26:46.317+00:00,2026-10-07T04:27:14.366+00:00,True,472,472.0,,472.0,23736.0972,51785.630128000004,51785.629993,109.71531778177966,0.017724,23736.0972,1092.4325379946754,114.28276145,59.55314846709129,75.8567620824853,9.114497570722694,8,14,100-300:300-600,False,True,,1917,99.94996664442962
173,2026-10-07T04:26:25.330+00:00,2026-10-07T04:26:49.135+00:00,2026-10-07T04:27:59.752+00:00,True,1150,1150.0,,1150.0,23804.626301,94421.503101,94421.503106,82.10565487478262,0.017192,23804.626301,702.2551108086822,129.44158045,61.459422802436904,54.38641043110586,12.179429073162261,8,14,1-100:1000-1500,False,True,,1150,99.94996664442962
174,2026-10-07T04:26:29.418+00:00,2026-10-07T04:26:55.583+00:00,2026-10-07T04:27:17.382+00:00,True,360,360.0,,360.0,26165.891048999998,47964.765417,47964.765489,133.23545969166665,39.110949999999995,26165.891048999998,1376.0873676573399,118.11871845000002,60.72109851810585,24.868649498040302,7.50550944782493,8,14,100-300:300-600,False,True,,1616,99.94996664442962
175,2026-10-07T04:26:32.489+00:00,2026-10-07T04:26:57.690+00:00,2026-10-07T04:27:15.662+00:00,True,301,301.0,,301.0,25200.74424,43172.780591999996,43172.78051,143.43116448504983,41.707775999999996,25200.74424,1449.2901952005927,115.045213,59.90678784000001,23.899574577940207,6.971985493465666,8,14,100-300:300-600,False,True,,1351,99.94996664442962
176,2026-10-07T04:26:35.819+00:00,2026-10-07T04:27:00.660+00:00,2026-10-07T04:27:32.245+00:00,True,518,518.0,,518.0,24841.397546,56426.258218,56426.258097,108.93100018725869,41.702315999999996,24841.397546,1089.0660088567545,125.13442839999999,61.092573833655706,24.802445688703664,9.180123161786364,8,14,100-300:300-600,False,True,,2514,99.94996664442962
177,2026-10-07T04:26:39.119+00:00,2026-10-07T04:27:04.075+00:00,2026-10-07T04:27:29.638+00:00,True,425,425.0,,425.0,24956.463602000003,50518.983922,50518.983856000006,118.8681973082353,37.724993000000005,24956.463602000003,1207.8973111105638,122.831375,60.288963018867925,24.870096457339383,8.41267909616292,8,14,100-300:300-600,False,True,,2134,99.94996664442962
178,2026-10-07T04:26:43.338+00:00,2026-10-07T04:27:08.602+00:00,2026-10-07T04:27:32.939+00:00,True,395,395.0,,395.0,25264.345338,49601.094906,49601.094932,125.57239223291138,43.963262,25264.345338,1268.3342957964617,127.6823402,61.768399918781725,25.465825023203738,7.963533884656623,8,14,100-300:300-600,False,True,,1813,99.94996664442962
179,2026-10-07T04:26:47.160+00:00,2026-10-07T04:27:14.531+00:00,2026-10-07T04:27:35.034+00:00,True,325,325.0,,325.0,27370.395142,47873.61383,47873.613838000005,147.30342719384615,43.133898,27370.395142,1514.9692867696328,131.99357759999998,63.28153916049383,27.18418687256911,6.788708309217691,8,14,100-300:300-600,False,True,,1150,99.94996664442962
180,2026-10-07T04:26:50.847+00:00,2026-10-07T04:27:17.531+00:00,2026-10-07T04:28:41.713+00:00,True,1358,1358.0,,1358.0,26684.016149,110865.911573,110865.911696,81.63911023269515,33.632434,26684.016149,722.902602852824,131.98567384999998,62.035295080324246,26.387449537758556,12.249031110936391,8,14,1-100:1000-1500,False,True,,1472,99.94996664442962
181,2026-10-07T04:26:55.290+00:00,2026-10-07T04:27:21.724+00:00,2026-10-07T04:28:36.471+00:00,True,1209,1209.0,,1209.0,26434.129724,101181.603132,101181.603193,83.6903252216708,37.106955,26434.129724,758.9174496576154,131.3270772,61.87704752317881,26.286834429159022,11.948812457762275,8,14,1-100:1000-1500,False,True,,3948,99.94996664442962
182,2026-10-07T04:26:58.478+00:00,2026-10-07T04:27:25.981+00:00,2026-10-07T04:28:51.257+00:00,True,1380,1380.0,,1380.0,27502.55434,112778.39434,112778.394523,81.72347429202898,35.869305999999995,27502.55434,739.162557450929,132.5110434,61.8388977519942,26.73578123950123,12.236386304983458,8,14,1-100:1000-1500,False,True,,2415,99.94996664442962
183,2026-10-07T04:27:01.609+00:00,2026-10-07T04:27:30.139+00:00,2026-10-07T04:28:35.984+00:00,True,1064,1064.0,,1064.0,28530.555018,94375.499402,94375.499431,88.69877766071428,37.308463,28530.555018,873.1626112767566,131.63671945000002,61.94256292003763,26.48203297722151,11.274112526470528,8,14,1-100:1000-1500,False,True,,1064,99.94996664442962
184,2026-10-07T04:27:06.215+00:00,2026-10-07T04:27:33.255+00:00,2026-10-07T04:28:06.577+00:00,True,548,548.0,,548.0,27040.031664000002,60362.02104,60362.020882000004,110.14967314233577,42.906953,27040.031664000002,1152.7784150656107,132.26592209999998,60.917713667276054,25.78054759815829,9.078556194082,8,14,100-300:300-600,False,True,,2196,99.94996664442962
185,2026-10-07T04:27:09.988+00:00,2026-10-07T04:27:38.236+00:00,2026-10-07T04:28:09.345+00:00,True,505,505.0,,505.0,28247.726669,59356.766285,59356.766174,117.53815083960396,42.443725,28247.726669,1254.5515769039473,134.5729408,61.724284952380955,27.043434427193013,8.507875876783034,8,14,100-300:300-600,False,True,,2060,99.94996664442962
186,2026-10-07T04:27:14.002+00:00,2026-10-07T04:27:42.079+00:00,2026-10-07T04:28:02.424+00:00,True,331,331.0,,331.0,28077.229403,48421.415771,48421.41564,146.2882647734139,42.708271,28077.229403,1540.1061675905803,134.84659299999998,61.649049600000005,26.69121805653847,6.835818299188161,8,14,100-300:300-600,False,True,,1421,99.94996664442962
187,2026-10-07T04:27:17.328+00:00,2026-10-07T04:27:46.977+00:00,2026-10-07T04:28:55.351+00:00,True,1114,1114.0,,1114.0,29648.951609,98023.105593,98023.105513,87.99201572082585,34.423496,29648.951609,886.8525681276511,130.94608950000003,61.432303669362085,25.924622640645914,11.364667475701287,8,14,1-100:1000-1500,False,True,,3326,99.94996664442962
188,2026-10-07T04:27:21.376+00:00,2026-10-07T04:27:53.763+00:00,2026-10-07T04:29:04.056+00:00,True,1143,1143.0,,1143.0,32386.545585,102679.813297,102679.813311,89.83360744619422,34.746071,32386.545585,956.4785749494283,128.91019490000002,61.55277382837128,25.963659066579115,11.131691452280768,8,14,1-100:1000-1500,False,True,,2512,99.94996664442962
189,2026-10-07T04:27:24.845+00:00,2026-10-07T04:27:58.084+00:00,2026-10-07T04:29:17.507+00:00,True,1302,1302.0,,1302.0,33239.895673,112662.83608899999,112662.836001,86.53059600691245,41.201719,33239.895673,919.8600025309255,126.42445625,61.04760985088394,25.43213112738301,11.556605933224175,8,14,1-100:1000-1500,False,True,,5447,99.94996664442962
190,2026-10-07T04:27:27.519+00:00,2026-10-07T04:27:59.510+00:00,2026-10-07T04:29:08.142+00:00,True,1124,1124.0,,1124.0,31990.469517,100623.02042900001,100623.020535,89.52226026245552,36.810459,31990.469517,952.7169747341693,127.47076389999998,61.11536145325022,25.61814194709824,11.170406088069068,8,14,1-100:1000-1500,False,True,,1124,99.94996664442962
191,2026-10-07T04:27:31.105+00:00,2026-10-07T04:28:06.763+00:00,2026-10-07T04:29:29.630+00:00,True,1366,1366.0,,1366.0,35658.029147,118524.911195,118524.911214,86.76787058125915,0.017413,35658.029147,964.7191422958986,125.08871625,60.7083384967033,55.09740516121286,11.525003361973623,8,14,1-100:1000-1500,False,True,,6332,99.94996664442962
192,2026-10-07T04:27:34.200+00:00,2026-10-07T04:28:09.506+00:00,2026-10-07T04:29:33.090+00:00,True,1384,1384.0,,1384.0,35305.804847,118889.650735,118889.650531,85.90292668424856,0.016752,35305.804847,949.0827237448083,126.14515195,60.43662030947216,56.48870169229274,11.641046898900203,8,14,1-100:1000-1500,False,True,,4335,99.94996664442962
193,2026-10-07T04:27:37.385+00:00,2026-10-07T04:28:11.748+00:00,2026-10-07T04:28:34.957+00:00,True,382,382.0,,382.0,34363.042114,57572.84128200001,57572.841239,150.71424408115183,36.13857,34363.042114,1755.231550262066,132.10746755,60.91810805249344,25.323521975919174,6.635072917956392,8,14,100-300:300-600,False,True,,1755,99.94996664442962
194,2026-10-07T04:27:39.949+00:00,2026-10-07T04:28:15.528+00:00,2026-10-07T04:29:43.134+00:00,True,1457,1457.0,,1457.0,35578.469880000004,123184.417784,123184.41782300001,84.54661484076871,0.017523,35578.469880000004,932.0766381387,126.93429960000002,60.16892026373626,53.98675419234583,11.827794669247888,8,14,1-100:1000-1500,False,True,,6372,99.94996664442962
195,2026-10-07T04:27:44.500+00:00,2026-10-07T04:28:20.451+00:00,2026-10-07T04:28:51.113+00:00,True,500,500.0,,500.0,35950.656878,66613.263214,66613.263151,133.226526302,39.256173000000004,35950.656878,1605.2256077763125,130.41669439999998,61.44810888977956,26.076861671672894,7.506012704913033,8,14,100-300:300-600,False,True,,2121,99.94996664442962
196,2026-10-07T04:27:48.195+00:00,2026-10-07T04:28:26.145+00:00,2026-10-07T04:28:49.885+00:00,True,384,384.0,,384.0,37949.798353,61690.462161,61690.46211,160.652245078125,41.870351,37949.798353,1933.6381772643554,131.84623614999998,61.98606738381201,26.699010615467557,6.224625113001023,8,14,100-300:300-600,False,True,,1752,99.94996664442962
197,2026-10-07T04:27:51.537+00:00,2026-10-07T04:28:29.267+00:00,2026-10-07T04:28:56.943+00:00,True,456,456.0,,456.0,37729.373116999996,65405.827005,65405.826951999996,143.4338310350877,40.576737,37729.373116999996,1764.1743598666187,128.31294675,60.82737118241758,25.443643206372492,6.971855886252164,8,14,100-300:300-600,False,True,,2189,99.94996664442962
198,2026-10-07T04:27:55.609+00:00,2026-10-07T04:28:32.330+00:00,2026-10-07T04:29:02.654+00:00,True,503,503.0,,503.0,36721.368037,67045.126373,67045.126423,133.29050978727633,39.134012999999996,36721.368037,1634.8258361400033,127.8808482,60.4058930996016,25.231190352405022,7.502409603967352,8,14,100-300:300-600,False,True,,2394,99.94996664442962
199,2026-10-07T04:27:58.266+00:00,2026-10-07T04:28:35.645+00:00,2026-10-07T04:29:56.467+00:00,True,1338,1338.0,,1338.0,37378.859012999994,118201.297157,118201.29698999999,88.34177652466367,0.016692,37378.859012999994,1021.8207378545458,125.71809309999999,60.45058948691099,57.14322841221913,11.319672729334023,8,14,1-100:1000-1500,False,True,,5543,99.94996664442962
200,2026-10-07T04:28:00.832+00:00,2026-10-07T04:28:38.315+00:00,2026-10-07T04:29:06.688+00:00,True,473,473.0,,473.0,37483.684152999995,65856.08325699999,65856.083147,139.23061976109935,40.119178999999995,37483.684152999995,1720.914725151665,124.15263940000001,60.111015050847456,24.707530826583824,7.182328140502096,8,14,100-300:300-600,False,True,,2159,99.94996664442962
201,2026-10-07T04:28:04.207+00:00,2026-10-07T04:28:40.861+00:00,2026-10-07T04:29:02.705+00:00,True,367,367.0,,367.0,36654.546761,58497.874505,58497.874634,159.39475377111717,41.073767999999994,36654.546761,1910.389583723649,123.4570917,59.68122334426229,24.222703073130972,6.273732218571999,8,14,100-300:300-600,False,True,,1526,99.94996664442962
202,2026-10-07T04:28:08.209+00:00,2026-10-07T04:28:44.526+00:00,2026-10-07T04:29:11.286+00:00,True,448,448.0,,448.0,36316.83960100001,63076.88286500001,63076.88286700001,140.79661354241074,42.014331,36316.83960100001,1713.147360767966,115.01017884999999,59.86586859955257,23.901139460466833,7.102443552241315,8,14,100-300:300-600,False,True,,1800,99.94996664442962
203,2026-10-07T04:28:12.516+00:00,2026-10-07T04:28:49.341+00:00,2026-10-07T04:29:21.511+00:00,True,545,545.0,,545.0,36825.825751000004,68995.07733500001,68995.077418,126.59647232660551,0.017634,36825.825751000004,1577.059449436152,121.41035999999998,59.13465364705882,82.3476132098927,7.899114270918151,8,14,100-300:300-600,False,True,,2345,99.94996664442962
204,2026-10-07T04:28:16.769+00:00,2026-10-07T04:28:53.501+00:00,2026-10-07T04:30:20.092+00:00,True,1420,1420.0,,1420.0,36732.346358999996,123322.519287,123322.51920099999,86.84684450774648,0.017223,36732.346358999996,974.7147139999155,127.3090904,61.02196823678647,55.122567399522,11.514523123674856,8,14,1-100:1000-1500,False,True,,6037,99.94996664442962
205,2026-10-07T04:28:20.918+00:00,2026-10-07T04:28:57.076+00:00,2026-10-07T04:29:22.819+00:00,True,435,435.0,,435.0,36158.71381,61901.73717,61901.737195,142.30284412643678,0.017974,36158.71381,1733.1449426227814,121.8472472,59.31572202764977,89.58084043595893,7.027266436891177,8,14,100-300:300-600,False,True,,2000,99.94996664442962
206,2026-10-07T04:28:23.958+00:00,2026-10-07T04:29:00.915+00:00,2026-10-07T04:30:30.251+00:00,True,1454,1454.0,,1454.0,36957.509049,126292.943801,126292.94371200001,86.85897091609354,0.016241,36957.509049,969.2400712525325,128.53253024999998,61.48343754439092,56.32199864404241,11.512915577382298,8,14,1-100:1000-1500,False,True,,1454,99.94996664442962
207,2026-10-07T04:28:27.119+00:00,2026-10-07T04:29:03.139+00:00,2026-10-07T04:29:22.427+00:00,True,329,329.0,,329.0,36019.401149,55307.861437,55307.861613,168.10900186322186,0.016701,36019.401149,1985.3676867172012,117.70944080000001,58.80628136585366,105.48908498715868,5.9485214479818005,8,14,100-300:300-600,False,True,,1202,99.94996664442962
208,2026-10-07T04:28:30.863+00:00,2026-10-07T04:29:06.939+00:00,2026-10-07T04:29:39.209+00:00,True,552,552.0,,552.0,36076.56627,68346.115582,68346.115773,123.815427125,0.016812,36076.56627,1535.249271370668,124.0164701,58.56542524863884,82.63236128970605,8.07653800511492,8,14,100-300:300-600,False,True,,2398,99.94996664442962
209,2026-10-07T04:28:33.812+00:00,2026-10-07T04:29:10.358+00:00,2026-10-07T04:29:28.855+00:00,True,318,318.0,,318.0,36546.784593000004,55043.790417000004,55043.790433,173.09368060691824,0.017403,36546.784593000004,2048.757002718788,124.63584574999999,58.35017610094638,103.09192888460477,5.7772184217493,8,14,100-300:300-600,False,True,,1366,99.94996664442962
210,2026-10-07T04:28:36.712+00:00,2026-10-07T04:29:13.107+00:00,2026-10-07T04:30:34.940+00:00,True,1330,1330.0,,1330.0,36395.019515,118227.914235,118227.914215,88.89316858270676,0.017744,36395.019515,997.831700083816,128.94316175,61.57478910458992,55.67407169534773,11.249458375425428,8,14,1-100:1000-1500,False,True,,3990,99.94996664442962
211,2026-10-07T04:28:41.154+00:00,2026-10-07T04:29:17.358+00:00,2026-10-07T04:29:43.875+00:00,True,448,448.0,,448.0,36203.522941,62720.860029,62720.860133,140.00191993973215,0.017462,36203.522941,1710.0565671257552,127.05780295000001,59.32290176286353,90.73763379617341,7.142759199935396,8,14,100-300:300-600,False,True,,2176,99.94996664442962
212,2026-10-07T04:28:45.800+00:00,2026-10-07T04:29:22.676+00:00,2026-10-07T04:29:46.588+00:00,True,398,398.0,,398.0,36876.215656,60787.601256,60787.601181,152.7326662839196,42.924232,36876.215656,1845.5912620959164,130.5054278,60.230190428211586,25.27650883261678,6.5473878188393835,8,14,100-300:300-600,False,True,,951,99.94996664442962
213,2026-10-07T04:28:49.390+00:00,2026-10-07T04:29:26.990+00:00,2026-10-07T04:29:57.589+00:00,True,499,499.0,,499.0,37599.778181,68198.393477,68198.393576,136.67012740681363,43.804942000000004,37599.778181,1680.6465448311199,131.32990510000002,61.443002602409635,25.94499315219714,7.31688789954104,8,14,100-300:300-600,False,True,,2040,99.94996664442962
214,2026-10-07T04:28:52.336+00:00,2026-10-07T04:29:29.038+00:00,2026-10-07T04:29:58.151+00:00,True,473,473.0,,473.0,36701.142457,65814.230969,65814.230996,139.14213741226217,44.157572,36701.142457,1684.8857271416107,131.98617120000003,61.68027227118644,26.082152842164717,7.186895494118799,8,14,100-300:300-600,False,True,,2278,99.94996664442962
215,2026-10-07T04:28:55.723+00:00,2026-10-07T04:29:32.940+00:00,2026-10-07T04:29:55.900+00:00,True,372,372.0,,372.0,37216.825207999995,60176.752759999996,60176.75264299999,161.765464094086,45.146637000000005,37216.825207999995,1926.5712849907334,133.09983540000002,61.886597175202155,26.183640980503768,6.181789194967522,8,14,100-300:300-600,False,True,,1576,99.94996664442962
216,2026-10-07T04:28:59.531+00:00,2026-10-07T04:29:39.912+00:00,2026-10-07T04:30:14.307+00:00,True,548,548.0,,548.0,40381.48517099999,74776.85233899999,74776.852168,136.4541097956204,43.641296000000004,40381.48517099999,1722.5318757015805,132.04320665,62.88001310420475,26.690787093832977,7.328471082409947,8,14,100-300:300-600,False,True,,2408,99.94996664442962
217,2026-10-07T04:29:02.243+00:00,2026-10-07T04:29:42.355+00:00,2026-10-07T04:30:09.809+00:00,True,438,438.0,,438.0,40111.749622,67566.384374,67566.384151,154.26115102968038,44.188932,40111.749622,1913.7998196551011,132.1956476,62.825251148741415,26.868980815631684,6.482513517010767,8,14,100-300:300-600,False,True,,1935,99.94996664442962
218,2026-10-07T04:29:05.581+00:00,2026-10-07T04:29:45.846+00:00,2026-10-07T04:30:10.646+00:00,True,397,397.0,,397.0,40265.495283,65065.054962999995,65065.054857999996,163.89182583879094,43.671572999999995,40265.495283,2017.896654440918,131.5092564,62.62515070707071,26.41345003599401,6.101585562722704,8,14,100-300:300-600,False,True,,916,99.94996664442962
219,2026-10-07T04:29:08.189+00:00,2026-10-07T04:29:48.847+00:00,2026-10-07T04:30:53.454+00:00,True,1047,1047.0,,1047.0,40657.779844,105265.487748,105265.487611,100.54010278032473,40.342073,40657.779844,1254.889959735155,128.8841874,61.766451151051626,26.33985803387263,9.946279852960568,8,14,1-100:1000-1500,False,True,,5791,99.94996664442962
220,2026-10-07T04:29:11.846+00:00,2026-10-07T04:29:53.392+00:00,2026-10-07T04:30:25.992+00:00,True,516,516.0,,516.0,41546.360178,74145.639026,74145.63888500001,143.6930986143411,40.211309,41546.360178,1826.4090089506926,134.35971625,63.299570578640775,28.316383924085798,6.959276456152179,8,14,100-300:300-600,False,True,,1723,99.94996664442962
221,2026-10-07T04:29:15.678+00:00,2026-10-07T04:29:58.503+00:00,2026-10-07T04:30:28.458+00:00,True,478,478.0,,478.0,42825.171358,72779.65251,72779.652636,152.25868752301255,42.196458,42825.171358,1956.0917505834573,131.26196850000002,62.797654406708595,27.024974756255034,6.567769747654707,8,14,100-300:300-600,False,True,,932,99.94996664442962
222,2026-10-07T04:29:21.357+00:00,2026-10-07T04:30:02.589+00:00,2026-10-07T04:31:07.588+00:00,True,1057,1057.0,,1057.0,41231.381783,106230.349847,106230.349926,100.50175016650898,39.26254,41231.381783,1266.5855755240025,128.6359622,61.55205309090909,26.21596667391056,9.950075487112313,8,14,1-100:1000-1500,False,True,,2289,99.94996664442962
223,2026-10-07T04:29:23.059+00:00,2026-10-07T04:30:05.628+00:00,2026-10-07T04:30:38.819+00:00,True,535,535.0,,535.0,42569.055625,75760.510089,75760.510097,141.60843008785048,41.364581,42569.055625,1837.926044200932,129.1250034,62.15628176779027,26.627064943999674,7.06172647691398,8,14,100-300:300-600,False,True,,2438,99.94996664442962
224,2026-10-07T04:29:25.959+00:00,2026-10-07T04:30:07.215+00:00,2026-10-07T04:30:32.835+00:00,True,410,410.0,,410.0,41256.686731,66876.579467,66876.57939,163.1136082682927,41.781262000000005,41256.686731,2034.6207938214716,133.58560690000002,62.640324537897314,27.97440728252137,6.1306963254948315,8,14,100-300:300-600,False,True,,1886,99.94996664442962
225,2026-10-07T04:29:30.015+00:00,2026-10-07T04:30:12.485+00:00,2026-10-07T04:30:37.056+00:00,True,391,391.0,,391.0,42470.399439,67041.24334300001,67041.243341,171.4609804117647,40.283413,42470.399439,2144.8138337393357,130.934264,63.002163856410256,27.78919913839713,5.832230735929894,8,14,100-300:300-600,False,True,,1263,99.94996664442962
226,2026-10-07T04:29:32.861+00:00,2026-10-07T04:30:15.627+00:00,2026-10-07T04:30:35.271+00:00,True,314,314.0,,314.0,42766.192783,62410.100879,62410.100927,198.75828320700637,39.538908000000006,42766.192783,2410.0472789112655,129.32908665,62.76008976357827,27.213226506319568,5.031236860340599,8,14,100-300:300-600,False,True,,1468,99.94996664442962
227,2026-10-07T04:29:35.960+00:00,2026-10-07T04:30:18.296+00:00,2026-10-07T04:31:36.607+00:00,True,1286,1286.0,,1286.0,42335.49901299999,120646.61990899999,120646.619943,93.81541208631414,40.704131000000004,42335.49901299999,1179.1308669497182,127.37647874999999,60.94250653385214,25.74130102756737,10.659229417036217,8,14,1-100:1000-1500,False,True,,1288,99.94996664442962
228,2026-10-07T04:29:38.776+00:00,2026-10-07T04:30:21.651+00:00,2026-10-07T04:30:46.898+00:00,True,416,416.0,,416.0,42874.508721,68121.744817,68121.744847,163.75419434375,37.936135,42874.508721,2099.280724864985,129.01344725,60.83671348433735,26.570591572537737,6.106713812418174,8,14,100-300:300-600,False,True,,2206,99.94996664442962
229,2026-10-07T04:29:43.392+00:00,2026-10-07T04:30:26.137+00:00,2026-10-07T04:31:50.449+00:00,True,1397,1397.0,,1397.0,42744.803942,127057.113958,127057.114098,90.94997430064424,38.044577,42744.803942,1142.2906680721014,125.49518,60.395637547277936,25.19213667978423,10.995055345439313,8,14,1-100:1000-1500,False,True,,5966,99.94996664442962
230,2026-10-07T04:29:46.336+00:00,2026-10-07T04:30:29.352+00:00,2026-10-07T04:30:52.338+00:00,True,386,386.0,,386.0,43016.236781,66001.875437,66001.87551,170.98931479274611,39.207637999999996,43016.236781,2186.5723101193016,126.32213475,59.70295754805195,24.978533994079957,5.84831866434529,8,14,100-300:300-600,False,True,,1880,99.94996664442962
231,2026-10-07T04:29:49.916+00:00,2026-10-07T04:30:31.760+00:00,2026-10-07T04:30:51.907+00:00,True,343,343.0,,343.0,41844.489441,61991.415777,61991.415861999994,180.73299085131194,42.452858,41844.489441,2256.3402277009122,126.49091639999999,58.90914133333334,24.345840245186917,5.533024140533657,8,14,100-300:300-600,False,True,,1631,99.94996664442962
232,2026-10-07T04:29:54.524+00:00,2026-10-07T04:30:36.607+00:00,2026-10-07T04:31:11.847+00:00,True,580,580.0,,580.0,42083.180609999996,77323.06131399999,77323.061116,133.3156226137931,42.587522,42083.180609999996,1745.0753459254083,129.29083255,60.86335182037997,26.015540701035157,7.500996341113387,8,14,100-300:300-600,False,True,,2356,99.94996664442962
233,2026-10-07T04:29:58.367+00:00,2026-10-07T04:30:39.626+00:00,2026-10-07T04:30:58.017+00:00,True,310,310.0,,310.0,41259.51293,59649.885281999996,59649.88531,192.41898487096773,40.790335,41259.51293,2340.137846250468,128.2837672,59.51576812944984,25.200120913992816,5.196992392096786,8,14,100-300:300-600,False,True,,1483,99.94996664442962
234,2026-10-07T04:30:02.323+00:00,2026-10-07T04:30:45.880+00:00,2026-10-07T04:31:15.351+00:00,True,477,477.0,,477.0,43557.686342,73028.552774,73028.552786,153.09969137526207,38.876377999999995,43557.686342,1991.70909768741,129.22443520000002,61.913584941176474,26.389955682940293,6.5316918093141245,8,14,100-300:300-600,False,True,,2175,99.94996664442962
235,2026-10-07T04:30:06.591+00:00,2026-10-07T04:30:52.053+00:00,2026-10-07T04:31:14.603+00:00,True,359,359.0,,359.0,45461.553541,68012.062853,68012.062787,189.44864286072425,43.178709000000005,45461.553541,2396.1990372264268,132.7605936,62.990249474860335,27.24913695476095,5.2784753901074275,8,14,100-300:300-600,False,True,,1505,99.94996664442962
236,2026-10-07T04:30:09.948+00:00,2026-10-07T04:30:56.107+00:00,2026-10-07T04:31:22.903+00:00,True,421,421.0,,421.0,46159.097112999996,72955.382809,72955.382937,173.29069581235154,40.494729,46159.097112999996,2246.719404919667,130.342118,63.80068022857143,27.84277308695817,5.770650276788955,8,14,100-300:300-600,False,True,,1585,99.94996664442962
237,2026-10-07T04:30:13.371+00:00,2026-10-07T04:30:58.826+00:00,2026-10-07T04:32:18.908+00:00,True,1318,1318.0,,1318.0,45455.591865999995,125537.078202,125537.07804899999,95.2481624044006,39.468135000000004,45455.591865999995,1250.6560798358082,126.24867745,60.8059881063022,25.416290643137454,10.498890199429558,8,14,1-100:1000-1500,False,True,,1322,99.94996664442962
238,2026-10-07T04:30:16.300+00:00,2026-10-07T04:31:01.798+00:00,2026-10-07T04:31:22.948+00:00,True,338,338.0,,338.0,45498.198635,66647.671915,66647.672013,197.1824615769231,39.545370000000005,45498.198635,2471.5229101122472,130.21978945,62.758080949554895,28.2297480764153,5.071444962564826,8,14,100-300:300-600,False,True,,1548,99.94996664442962
239,2026-10-07T04:30:19.798+00:00,2026-10-07T04:31:04.584+00:00,2026-10-07T04:31:23.987+00:00,True,311,311.0,,311.0,44785.417401,64188.867513,64188.867592999995,206.39507264630225,41.384116,44785.417401,2536.1409598926657,128.586833,62.59177455483871,26.897738311933217,4.845076912083144,8,14,100-300:300-600,False,True,,1582,99.94996664442962
240,2026-10-07T04:30:24.311+00:00,2026-10-07T04:31:09.615+00:00,2026-10-07T04:32:11.122+00:00,True,1030,1030.0,,1030.0,45303.614836,106810.849652,106810.849643,103.6998540223301,36.292144,45303.614836,1409.9675035419664,125.523047,59.773794767735666,25.00651767545135,9.643215116777357,8,14,1-100:1000-1500,False,True,,1030,99.94996664442962
241,2026-10-07T04:30:28.917+00:00,2026-10-07T04:31:13.391+00:00,2026-10-07T04:31:39.313+00:00,True,434,434.0,,434.0,44473.654401,70396.255617,70396.255561,162.20335382718895,40.218851,44473.654401,2132.070314741643,122.96233355,59.86743929792148,24.488774096330076,6.165100632073863,8,14,100-300:300-600,False,True,,2069,99.94996664442962
242,2026-10-07T04:30:33.444+00:00,2026-10-07T04:31:17.611+00:00,2026-10-07T04:31:47.068+00:00,True,496,496.0,,496.0,44166.520287,73624.324831,73624.325022,148.43613915725805,39.501347,44166.520287,1980.607170295135,121.89996025,59.510716250505055,23.905125095395043,6.736903885210991,8,14,100-300:300-600,False,True,,2430,99.94996664442962
243,2026-10-07T04:30:37.145+00:00,2026-10-07T04:31:20.456+00:00,2026-10-07T04:31:42.821+00:00,True,382,382.0,,382.0,43311.102913999996,65676.170178,65676.170097,171.92714685078533,41.217613,43311.102913999996,2213.107208685346,119.69297315,58.70096394750656,23.24978865003331,5.816417110874123,8,14,100-300:300-600,False,True,,1516,99.94996664442962
244,2026-10-07T04:30:39.883+00:00,2026-10-07T04:31:23.073+00:00,2026-10-07T04:31:48.417+00:00,True,436,436.0,,436.0,43189.574402000006,68534.36390600001,68534.364034,157.1889083348624,40.789882,43189.574402000006,2065.7344744432926,109.89114999999998,58.26388391724138,22.22884209905903,6.36177203888558,8,14,100-300:300-600,False,True,,2190,99.94996664442962
245,2026-10-07T04:30:43.168+00:00,2026-10-07T04:31:25.332+00:00,2026-10-07T04:32:38.923+00:00,True,1228,1228.0,,1228.0,42164.112310000004,115755.419062,115755.419129,94.2633706262215,0.012624,42164.112310000004,1203.4315304629997,123.14166115,59.97661511980441,68.09569548764652,10.608574613187383,8,14,1-100:1000-1500,False,True,,1982,99.94996664442962
246,2026-10-07T04:30:47.342+00:00,2026-10-07T04:31:29.156+00:00,2026-10-07T04:31:58.030+00:00,True,497,497.0,,497.0,41813.574241999995,70687.77020999999,70687.770164,142.22891381086518,40.942097000000004,41813.574241999995,1873.1248898926792,121.7667618,58.21410477419355,23.006697629835994,7.030919189040864,8,14,100-300:300-600,False,True,,1824,99.94996664442962
247,2026-10-07T04:30:51.068+00:00,2026-10-07T04:31:33.650+00:00,2026-10-07T04:32:57.895+00:00,True,1381,1381.0,,1381.0,42582.401569,126827.512609,126827.512629,91.83744578493845,0.012632999999999998,42582.401569,1145.991211286574,127.910784,61.047181913043474,63.67946490984694,10.888804578684143,8,14,1-100:1000-1500,False,True,,1384,99.94996664442962
248,2026-10-07T04:30:55.465+00:00,2026-10-07T04:31:38.466+00:00,2026-10-07T04:32:40.866+00:00,True,1032,1032.0,,1032.0,43000.926322,105400.217458,105400.217484,102.13199368604651,0.012694,43000.926322,1338.7913928693954,126.8016967,60.52307578661494,75.26071647880484,9.791251146243912,8,14,1-100:1000-1500,False,True,,4128,99.94996664442962
249,2026-10-07T04:30:59.142+00:00,2026-10-07T04:31:41.643+00:00,2026-10-07T04:32:44.560+00:00,True,1033,1033.0,,1033.0,42501.358506,105417.65751399999,105417.65763799999,102.05000739399806,0.013235,42501.358506,1322.5336809167459,128.63641940000002,60.96540601550387,73.85116692504268,9.79911738090758,8,14,1-100:1000-1500,False,True,,1033,99.94996664442962
250,2026-10-07T04:31:02.679+00:00,2026-10-07T04:31:43.683+00:00,2026-10-07T04:32:45.284+00:00,True,1010,1010.0,,1010.0,41004.185588,102605.26309200001,102605.262953,101.58936926039604,0.012724000000000001,41004.185588,1290.465414317191,128.38916255,61.05161298711596,74.59026844915869,9.843549634431456,8,14,1-100:1000-1500,False,True,,2748,99.94996664442962
251,2026-10-07T04:31:05.746+00:00,2026-10-07T04:31:47.067+00:00,2026-10-07T04:33:08.822+00:00,True,1339,1339.0,,1339.0,41321.224625,123076.137137,123076.136921,91.91645774533234,0.012884,41321.224625,1129.4362732509205,129.62043359999998,61.102326242152465,65.07394740704163,10.87944447354174,8,14,1-100:1000-1500,False,True,,4410,99.94996664442962
252,2026-10-07T04:31:08.447+00:00,2026-10-07T04:31:50.876+00:00,2026-10-07T04:32:12.339+00:00,True,359,359.0,,359.0,42429.461995,63892.369131,63892.369383,177.9731737688022,41.688796,42429.461995,2236.3257705301244,131.9623769,59.9522545698324,25.813908973293287,5.618824358569863,8,14,100-300:300-600,False,True,,368,99.94996664442962
253,2026-10-07T04:31:11.163+00:00,2026-10-07T04:31:53.251+00:00,2026-10-07T04:32:12.646+00:00,True,325,325.0,,325.0,42087.681396,61482.498932,61482.499122,189.1769203753846,42.738572999999995,42087.681396,2331.4164404491635,130.4889124,59.86054795061728,24.884156366358823,5.286057099914755,8,14,100-300:300-600,False,True,,1700,99.94996664442962
254,2026-10-07T04:31:14.711+00:00,2026-10-07T04:31:59.027+00:00,2026-10-07T04:32:32.285+00:00,True,544,544.0,,544.0,44316.031058,77573.780562,77573.780568,142.59886133823528,0.012293,44316.031058,1899.9853008208197,129.50979039999999,61.248157465930014,99.01747763095952,7.012678717717179,8,14,100-300:300-600,False,True,,2827,99.94996664442962
255,2026-10-07T04:31:17.730+00:00,2026-10-07T04:32:02.313+00:00,2026-10-07T04:32:38.918+00:00,True,597,597.0,,597.0,44583.019371,81187.299435,81187.299343,135.99212620268008,0.013165,44583.019371,1824.608139344326,130.9773616,61.4165772885906,94.79961585948381,7.353366895495383,8,14,100-300:300-600,False,True,,2151,99.94996664442962
256,2026-10-07T04:31:21.330+00:00,2026-10-07T04:32:06.130+00:00,2026-10-07T04:32:30.260+00:00,True,394,394.0,,394.0,44799.728517999996,68930.09165399999,68930.091696,174.94947130964465,0.012934,44799.728517999996,2256.7939099061573,128.9098796,61.400415104325695,114.70529548808794,5.7159361107150986,8,14,100-300:300-600,False,True,,1548,99.94996664442962
257,2026-10-07T04:31:24.871+00:00,2026-10-07T04:32:11.279+00:00,2026-10-07T04:33:38.362+00:00,True,1411,1411.0,,1411.0,46408.612031000004,133491.19814300002,133491.198302,94.60751119914954,0.013004,46408.612031000004,1235.4939928789174,128.0024905,61.76069937021276,64.04698713085753,10.56998528463646,8,14,1-100:1000-1500,False,True,,6671,99.94996664442962
258,2026-10-07T04:31:29.310+00:00,2026-10-07T04:32:14.984+00:00,2026-10-07T04:32:48.263+00:00,True,537,537.0,,537.0,45674.09163,78952.55767800001,78952.557504,147.02524674860337,0.013195,45674.09163,1970.774886116118,131.501774,62.0866903880597,98.76225262738286,6.801552929926602,8,14,100-300:300-600,False,True,,2791,99.94996664442962
259,2026-10-07T04:31:33.850+00:00,2026-10-07T04:32:19.083+00:00,2026-10-07T04:32:52.476+00:00,True,539,539.0,,539.0,45233.179571999994,78625.774772,78625.774802,145.8734226382189,0.013154,45233.179571999994,1948.233198224521,131.5802577,62.068020817843866,100.24031656431326,6.855258362324554,8,14,100-300:300-600,False,True,,2934,99.94996664442962
260,2026-10-07T04:31:37.857+00:00,2026-10-07T04:32:25.374+00:00,2026-10-07T04:32:51.733+00:00,True,421,421.0,,421.0,47516.883795999995,73875.770708,73875.770695,175.47689001187646,30.157745,47516.883795999995,2312.9271338422946,132.79440400000001,62.75925455238095,26.775372877587525,5.6987561140179075,8,14,100-300:300-600,False,True,,2174,99.94996664442962
261,2026-10-07T04:31:41.913+00:00,2026-10-07T04:32:30.473+00:00,2026-10-07T04:32:59.570+00:00,True,465,465.0,,465.0,48559.676073,77656.527273,77656.527165,167.00328422580645,40.940309,48559.676073,2249.1576736857282,133.7892474,62.70873103448276,27.24498828225225,5.987906185468501,8,14,100-300:300-600,False,True,,2274,99.94996664442962
262,2026-10-07T04:31:45.296+00:00,2026-10-07T04:32:34.128+00:00,2026-10-07T04:32:56.627+00:00,True,353,353.0,,353.0,48831.79068,71331.237464,71331.237656,202.07149477620396,42.427295,48831.79068,2595.8067444062613,133.271527,63.918882909090904,28.392018337339202,4.94874353158607,8,14,100-300:300-600,False,True,,1113,99.94996664442962
263,2026-10-07T04:31:49.690+00:00,2026-10-07T04:32:39.116+00:00,2026-10-07T04:33:15.904+00:00,True,584,584.0,,584.0,49426.068756,86214.37416400001,86214.374134,147.62735296917808,37.279434,49426.068756,2042.8417125502765,130.19930165,63.101724542024016,27.70862440141187,6.773812437460773,8,14,100-300:300-600,False,True,,2617,99.94996664442962
264,2026-10-07T04:31:54.408+00:00,2026-10-07T04:32:43.232+00:00,2026-10-07T04:34:06.063+00:00,True,1355,1355.0,,1355.0,48824.554676,131655.36658,131655.366724,97.16263226863468,40.834046,48824.554676,1324.9749170023933,126.6914466,61.17489800886263,25.990026557494282,10.292022537316306,8,14,1-100:1000-1500,False,True,,2937,99.94996664442962
265,2026-10-07T04:31:58.634+00:00,2026-10-07T04:32:47.389+00:00,2026-10-07T04:33:13.416+00:00,True,416,416.0,,416.0,48755.498646,74782.294934,74782.294859,179.76513187259616,40.911500999999994,48755.498646,2387.5174788069844,130.97284475,62.71517177831325,27.443667788511178,5.562814037295134,8,14,100-300:300-600,False,True,,2063,99.94996664442962
266,2026-10-07T04:32:03.164+00:00,2026-10-07T04:32:51.196+00:00,2026-10-07T04:33:13.163+00:00,True,353,353.0,,353.0,48031.398693,69998.601509,69998.601586,198.29632177337112,42.710532,48031.398693,2553.272940662118,129.31960440000003,62.40682618181818,26.882415144288572,5.042957893303245,8,14,100-300:300-600,False,True,,1260,99.94996664442962
267,2026-10-07T04:32:06.073+00:00,2026-10-07T04:32:54.489+00:00,2026-10-07T04:33:21.912+00:00,True,447,447.0,,447.0,48415.24061,75838.12265800001,75838.122546,169.66022940939598,43.031163,48415.24061,2287.203920480963,127.93993299999998,61.48628261883408,26.20789397499779,5.894133245040803,8,14,100-300:300-600,False,True,,2439,99.94996664442962
268,2026-10-07T04:32:09.656+00:00,2026-10-07T04:32:58.960+00:00,2026-10-07T04:33:17.840+00:00,True,305,305.0,,305.0,49304.50797,68184.023362,68184.023452,223.554175252459,40.454404000000004,49304.50797,2819.744002270998,128.659536,62.10366905263158,27.342488397778183,4.473188658590968,8,14,100-300:300-600,False,True,,1407,99.94996664442962
269,2026-10-07T04:32:13.838+00:00,2026-10-07T04:33:05.060+00:00,2026-10-07T04:33:24.864+00:00,True,319,319.0,,319.0,51221.529117,71026.07414099999,71026.074114,222.65226994984326,41.803562,51221.529117,2864.494957658028,126.4194037,62.27844347169811,26.997402618733396,4.491308352010637,8,14,100-300:300-600,False,True,,1651,99.94996664442962
270,2026-10-07T04:32:18.525+00:00,2026-10-07T04:33:09.678+00:00,2026-10-07T04:33:45.970+00:00,True,591,591.0,,591.0,51152.634062,87444.978126,87444.978175,147.96104598138749,41.378927000000004,51152.634062,2101.7699296209707,127.24817599999999,61.51244756610169,26.117854769891437,6.758535626236015,8,14,100-300:300-600,False,True,,3100,99.94996664442962
271,2026-10-07T04:32:24.319+00:00,2026-10-07T04:33:12.644+00:00,2026-10-07T04:34:16.869+00:00,True,1065,1065.0,,1065.0,48324.900236,112549.692044,112549.692232,105.68046218967136,37.798709,48324.900236,1479.1677583264488,126.23191200000001,60.361646436090226,25.419313629496845,9.462487019366081,8,14,1-100:1000-1500,False,True,,1065,99.94996664442962
272,2026-10-07T04:32:27.441+00:00,2026-10-07T04:33:16.109+00:00,2026-10-07T04:34:16.426+00:00,True,1005,1005.0,,1005.0,48667.617766,108984.178662,108984.178723,108.44196887860697,39.241584,48667.617766,1533.4823027721698,126.163739,60.07625587250996,25.103806092333944,9.221521989140042,8,14,1-100:1000-1500,False,True,,1005,99.94996664442962
273,2026-10-07T04:32:32.048+00:00,2026-10-07T04:33:20.059+00:00,2026-10-07T04:33:45.257+00:00,True,418,418.0,,418.0,48010.92231,73208.470342,73208.470264,175.13988101435407,40.760961,48010.92231,2345.469043432543,126.05106424999998,60.42577465707434,25.063351234818846,5.709721812889617,8,14,100-300:300-600,False,True,,1876,99.94996664442962
274,2026-10-07T04:32:35.377+00:00,2026-10-07T04:33:23.660+00:00,2026-10-07T04:34:31.032+00:00,True,1123,1123.0,,1123.0,48282.598550999995,115654.519191,115654.51917,102.98710522707034,26.208972000000003,48282.598550999995,1439.2121792661783,125.42748110000001,60.0462750802139,24.815689538152533,9.709953470520238,8,14,1-100:1000-1500,False,True,,4671,99.94996664442962
275,2026-10-07T04:32:38.258+00:00,2026-10-07T04:33:26.848+00:00,2026-10-07T04:34:29.162+00:00,True,1033,1033.0,,1033.0,48589.979203,110903.12147499999,110903.12141600001,107.3602337037754,41.378559,48589.979203,1510.1438690045313,126.87019120000001,60.38095181395349,25.484409960741278,9.314435754929233,8,14,1-100:1000-1500,False,True,,1033,99.94996664442962
276,2026-10-07T04:32:42.552+00:00,2026-10-07T04:33:32.432+00:00,2026-10-07T04:33:51.116+00:00,True,311,311.0,,311.0,49879.556082,68563.303922,68563.30398,220.46078450160772,41.440163,49879.556082,2825.1044973811086,127.2190855,60.270154322580645,25.1926632629405,4.535954106788734,8,14,100-300:300-600,False,True,,1252,99.94996664442962
277,2026-10-07T04:32:46.925+00:00,2026-10-07T04:33:36.795+00:00,2026-10-07T04:34:38.424+00:00,True,1016,1016.0,,1016.0,49869.656146,111499.01064200001,111499.010779,109.74312084547245,28.183533,49869.656146,1562.8578574658716,126.19323049999998,60.71857585812808,25.784563246974415,9.112188477278632,8,14,1-100:1000-1500,False,True,,2175,99.94996664442962
278,2026-10-07T04:32:51.173+00:00,2026-10-07T04:33:39.856+00:00,2026-10-07T04:34:03.160+00:00,True,390,390.0,,390.0,48683.093257,71987.296265,71987.29609,184.5828104871795,39.013446,48683.093257,2462.2651352170237,127.29778634999998,59.90797688431877,25.763274715535818,5.417622556128932,8,14,100-300:300-600,False,True,,2065,99.94996664442962
279,2026-10-07T04:32:54.380+00:00,2026-10-07T04:33:41.765+00:00,2026-10-07T04:34:02.169+00:00,True,342,342.0,,342.0,47385.037469999996,67789.097886,67789.097914,198.21373659064326,38.977537,47385.037469999996,2559.178058254169,126.65275120000003,59.83595429912023,25.254215050912016,5.045059023725861,8,14,100-300:300-600,False,True,,1789,99.94996664442962
280,2026-10-07T04:32:58.378+00:00,2026-10-07T04:33:45.351+00:00,2026-10-07T04:34:18.127+00:00,True,547,547.0,,547.0,46972.843152999994,79748.797073,79748.79708199999,145.79304768190127,39.592912,46972.843152999994,2006.0134276299857,127.8659244,60.02921963369963,25.857104900216275,6.859037629110447,8,14,100-300:300-600,False,True,,2094,99.94996664442962
281,2026-10-07T04:33:01.940+00:00,2026-10-07T04:33:47.332+00:00,2026-10-07T04:34:10.408+00:00,True,388,388.0,,388.0,45392.612689,68468.83976100001,68468.839705,176.46608171391753,40.425812,45392.612689,2301.568996978701,126.79425629999997,59.62849372609819,24.99852871239644,5.666811375136016,8,14,100-300:300-600,False,True,,1887,99.94996664442962
282,2026-10-07T04:33:06.458+00:00,2026-10-07T04:33:54.106+00:00,2026-10-07T04:34:56.759+00:00,True,1041,1041.0,,1041.0,47648.080353,110301.01756899999,110301.017656,105.95678929490875,27.232339,47648.080353,1475.1470512894482,125.515591,60.24320886153846,25.476064566704306,9.437809577312295,8,14,1-100:1000-1500,False,True,,4371,99.94996664442962
283,2026-10-07T04:33:11.043+00:00,2026-10-07T04:33:59.260+00:00,2026-10-07T04:34:19.012+00:00,True,321,321.0,,321.0,48217.217561,67969.443097,67969.443078,211.7428133271028,41.252311,48217.217561,2687.91405506269,127.689451,61.725704799999995,27.140712819587627,4.72271046184529,8,14,100-300:300-600,False,True,,1216,99.94996664442962
284,2026-10-07T04:33:15.448+00:00,2026-10-07T04:34:03.418+00:00,2026-10-07T04:35:25.358+00:00,True,1352,1352.0,,1352.0,47970.274248,129909.980872,129909.98074500001,96.08726386464497,25.468034,47970.274248,1303.2299173714523,126.30883065000002,60.651152201332344,26.037688153628952,10.407206520429884,8,14,1-100:1000-1500,False,True,,6198,99.94996664442962
285,2026-10-07T04:33:20.020+00:00,2026-10-07T04:34:07.264+00:00,2026-10-07T04:34:39.031+00:00,True,528,528.0,,528.0,47244.65506800001,79011.659228,79011.659234,149.6432940037879,23.879216,47244.65506800001,2053.5885217342015,124.2869628,60.27894527514231,25.01924808802312,6.6825580573669106,8,14,100-300:300-600,False,True,,2654,99.94996664442962
286,2026-10-07T04:33:24.000+00:00,2026-10-07T04:34:11.464+00:00,2026-10-07T04:35:32.099+00:00,True,1319,1319.0,,1319.0,47463.142781,128098.274941,128098.275093,97.11772182941623,29.062058,47463.142781,1305.4548573498614,127.6612754,61.17991817905918,26.276982969477917,10.296781909104633,8,14,1-100:1000-1500,False,True,,6329,99.94996664442962
287,2026-10-07T04:33:27.103+00:00,2026-10-07T04:34:14.208+00:00,2026-10-07T04:34:34.736+00:00,True,347,347.0,,347.0,47105.245554,67633.143154,67633.142967,194.90819298847262,28.275354,47105.245554,2525.6741045468516,124.3806845,59.3291838150289,24.344249542719034,5.130620636836061,8,14,100-300:300-600,False,True,,1511,99.94996664442962
288,2026-10-07T04:33:30.106+00:00,2026-10-07T04:34:16.821+00:00,2026-10-07T04:34:38.379+00:00,True,361,361.0,,361.0,46714.229095,68272.775783,68272.77583,189.12126268698063,27.802999,46714.229095,2455.61541149206,123.175183,59.884851911111106,24.672846194418497,5.287612754275759,8,14,100-300:300-600,False,True,,1205,99.94996664442962
289,2026-10-07T04:33:34.570+00:00,2026-10-07T04:34:21.007+00:00,2026-10-07T04:34:56.207+00:00,True,590,590.0,,590.0,46436.735661,81636.489133,81636.489342,138.3669310881356,26.746389999999998,46436.735661,1909.4684816964157,123.50264075,59.76189044482173,24.637804379506775,7.227160382152002,8,14,100-300:300-600,False,True,,2831,99.94996664442962
290,2026-10-07T04:33:38.884+00:00,2026-10-07T04:34:24.807+00:00,2026-10-07T04:35:38.808+00:00,True,1208,1208.0,,1208.0,45923.460293,119923.826629,119923.826563,99.2746908634106,24.775235000000002,45923.460293,1319.7994446153275,127.62633945000002,61.309334164043086,26.424033567103628,10.073060824994398,8,14,1-100:1000-1500,False,True,,7487,99.94996664442962
291,2026-10-07T04:33:42.416+00:00,2026-10-07T04:34:27.869+00:00,2026-10-07T04:35:00.755+00:00,True,552,552.0,,552.0,45453.265914999996,78338.298619,78338.298646,141.91720769202897,29.684385,45453.265914999996,1932.2381402630185,123.0115779,59.68245499818512,24.804026671510716,7.0463618655373645,8,14,100-300:300-600,False,True,,3203,99.94996664442962
292,2026-10-07T04:33:46.735+00:00,2026-10-07T04:34:32.876+00:00,2026-10-07T04:35:43.340+00:00,True,1148,1148.0,,1148.0,46141.837748000005,116605.792436,116605.792487,101.57298997125436,37.751491,46141.837748000005,1360.2746849365114,127.25932395,61.43326476721883,26.32587402957146,9.84513698691331,8,14,1-100:1000-1500,False,True,,1148,99.94996664442962
293,2026-10-07T04:33:51.233+00:00,2026-10-07T04:34:36.966+00:00,2026-10-07T04:35:04.368+00:00,True,454,454.0,,454.0,45732.477666,73135.07120199999,73135.071187,161.09046516960353,37.203584,45732.477666,2143.6469599155103,126.02795479999999,60.491376459161145,25.75950303301623,6.207692048949351,8,14,100-300:300-600,False,True,,2402,99.94996664442962
294,2026-10-07T04:33:54.503+00:00,2026-10-07T04:34:38.741+00:00,2026-10-07T04:35:13.505+00:00,True,582,582.0,,582.0,44237.877974,79001.991894,79001.992063,135.74225440378007,40.225588,44237.877974,1831.4089484702379,124.6986385,59.83496371772806,24.985420741086443,7.366902859625258,8,14,100-300:300-600,False,True,,2813,99.94996664442962
295,2026-10-07T04:33:57.437+00:00,2026-10-07T04:34:41.461+00:00,2026-10-07T04:35:10.315+00:00,True,484,484.0,,484.0,44023.921928,72877.328392,72877.32838,150.57299252066116,39.527871,44023.921928,1998.529705661041,124.52535265000002,59.73790158178054,25.13238627131579,6.641297241257411,8,14,100-300:300-600,False,True,,1573,99.94996664442962
296,2026-10-07T04:34:01.240+00:00,2026-10-07T04:34:45.143+00:00,2026-10-07T04:35:09.336+00:00,True,405,405.0,,405.0,43903.045465999996,68096.03464999999,68096.034435,168.1383566296296,41.264174,43903.045465999996,2178.730286595641,125.37488520000001,59.88363659405941,25.258827777434732,5.947482875935714,8,14,100-300:300-600,False,True,,1897,99.94996664442962
297,2026-10-07T04:34:05.528+00:00,2026-10-07T04:34:49.013+00:00,2026-10-07T04:35:23.760+00:00,True,575,575.0,,575.0,43485.874045000004,78232.47551700001,78232.475395,136.0564789478261,41.314468,43485.874045000004,1811.1412764934873,127.70434499999999,60.534148905923345,25.514636181151033,7.349888856259596,8,14,100-300:300-600,False,True,,1045,99.94996664442962
298,2026-10-07T04:34:08.337+00:00,2026-10-07T04:34:52.870+00:00,2026-10-07T04:35:20.734+00:00,True,459,459.0,,459.0,44533.073379,72396.741347,72396.741415,157.72710547930282,42.826822,44533.073379,2075.9421838475605,127.21201409999999,60.837702986899565,25.47611329784976,6.3400643656044915,8,14,100-300:300-600,False,True,,2282,99.94996664442962
299,2026-10-07T04:34:11.871+00:00,2026-10-07T04:34:56.935+00:00,2026-10-07T04:35:23.997+00:00,True,444,444.0,,444.0,45064.577561,72125.850393,72125.850353,162.44560890315316,42.513285,45064.577561,2135.9295907656506,129.23676665,61.08639465462754,26.043052265468503,6.15590662128389,8,14,100-300:300-600,False,True,,2443,99.94996664442962
300,2026-10-07T04:34:16.348+00:00,2026-10-07T04:35:01.124+00:00,2026-10-07T04:35:27.862+00:00,True,436,436.0,,436.0,44775.495119,71513.591247,71513.591124,164.0219979908257,43.152171,44775.495119,2141.574273675334,131.06697724999998,61.46688765057471,26.264883318326426,6.096743184020844,8,14,100-300:300-600,False,True,,1994,99.94996664442962
301,2026-10-07T04:34:19.880+00:00,2026-10-07T04:35:03.622+00:00,2026-10-07T04:36:11.818+00:00,True,1121,1121.0,,1121.0,43741.180174999994,111937.92129500001,111937.92129099999,99.85541595985727,0.011762,43741.180174999994,1307.365659099852,127.19035000000002,60.889947428571425,84.78449175796344,10.014479338469476,8,14,1-100:1000-1500,False,True,,4686,99.94996664442962
302,2026-10-07T04:34:22.736+00:00,2026-10-07T04:35:07.937+00:00,2026-10-07T04:35:26.421+00:00,True,301,301.0,,301.0,45201.116853,63685.071285,63685.071345,211.57831011627906,44.129583,45201.116853,2601.928886655531,131.56134899999998,61.61318144,26.167662084042764,4.726382398992396,8,14,100-300:300-600,False,True,,1347,99.94996664442962
303,2026-10-07T04:34:25.389+00:00,2026-10-07T04:35:10.492+00:00,2026-10-07T04:35:37.497+00:00,True,431,431.0,,431.0,45102.83900199999,72108.01660199999,72108.016735,167.3039831438515,44.813705,45102.83900199999,2169.678413873879,132.6877365,62.80273860465116,27.68342889044471,5.977144016856037,8,14,100-300:300-600,False,True,,2134,99.94996664442962
304,2026-10-07T04:34:28.278+00:00,2026-10-07T04:35:14.310+00:00,2026-10-07T04:35:39.780+00:00,True,403,403.0,,403.0,46032.689162,71502.87309800001,71502.872902,177.42648362779155,43.268089,46032.689162,2290.0709713765277,132.5597151,63.35866650746269,28.38752641280736,5.636137158400034,8,14,100-300:300-600,False,True,,1581,99.94996664442962
305,2026-10-07T04:34:31.457+00:00,2026-10-07T04:35:18.113+00:00,2026-10-07T04:35:53.698+00:00,True,580,580.0,,580.0,46655.766269,82241.110781,82241.110846,141.79501869999999,39.914946,46655.766269,1934.9059008510148,129.9016367,61.46000779274611,26.607732757179885,7.052433928628264,8,14,100-300:300-600,False,True,,2746,99.94996664442962
306,2026-10-07T04:34:35.540+00:00,2026-10-07T04:35:23.505+00:00,2026-10-07T04:36:29.435+00:00,True,1080,1080.0,,1080.0,47964.785224,113895.090248,113895.09005299999,105.45841671574074,0.011451000000000001,47964.785224,1460.4310146860691,126.1086588,61.10315572196478,89.92170239337447,9.482410502931797,8,14,1-100:1000-1500,False,True,,3434,99.94996664442962
307,2026-10-07T04:34:39.668+00:00,2026-10-07T04:35:27.453+00:00,2026-10-07T04:35:58.299+00:00,True,503,503.0,,503.0,47785.649117,78631.620061,78631.620029,156.3252883280318,41.493273,47785.649117,2128.081559072239,128.7412262,61.44615725896414,26.487896713618163,6.396917672684196,8,14,100-300:300-600,False,True,,2641,99.94996664442962
308,2026-10-07T04:34:43.641+00:00,2026-10-07T04:35:30.328+00:00,2026-10-07T04:36:02.761+00:00,True,503,503.0,,503.0,46687.588788,79120.046004,79120.045772,157.29631366202784,0.011682,46687.588788,2082.778095864847,125.9460042,64.60648847808766,128.5356230095982,6.357428052741151,8,14,100-300:300-600,False,True,,2133,99.94996664442962
309,2026-10-07T04:34:47.412+00:00,2026-10-07T04:35:31.867+00:00,2026-10-07T04:35:56.331+00:00,True,409,409.0,,409.0,44455.16983,68919.090214,68919.090226,168.50633307090465,42.381237,44455.16983,2195.344482748841,126.8631366,59.960589176470585,25.05845002160367,5.934495053983128,8,14,100-300:300-600,False,True,,1993,99.94996664442962
310,2026-10-07T04:34:50.493+00:00,2026-10-07T04:35:35.549+00:00,2026-10-07T04:35:58.912+00:00,True,390,390.0,,390.0,45055.931398999994,68418.51546299999,68418.51554499999,175.43209114102564,40.345222,45055.931398999994,2278.596219244131,125.2610784,60.05805671979435,25.435472438664085,5.700211373497396,8,14,100-300:300-600,False,True,,1623,99.94996664442962
311,2026-10-07T04:34:54.206+00:00,2026-10-07T04:35:37.979+00:00,2026-10-07T04:35:57.748+00:00,True,336,336.0,,336.0,43773.298167,63542.776567,63542.77652,189.11540630952382,43.195332,43773.298167,2384.9285950956505,124.04060599999998,59.01336835820896,23.84438991777952,5.287776489365695,8,14,100-300:300-600,False,True,,1374,99.94996664442962
312,2026-10-07T04:34:58.062+00:00,2026-10-07T04:35:41.521+00:00,2026-10-07T04:36:07.940+00:00,True,444,444.0,,444.0,43459.182185000005,69877.36100100001,69877.361053,157.38144381306307,0.011492,43459.182185000005,2064.1849280551196,123.53398905,59.63471516027088,136.88655795987347,6.353989241145583,8,14,100-300:300-600,False,True,,2302,99.94996664442962
313,2026-10-07T04:35:01.821+00:00,2026-10-07T04:35:46.593+00:00,2026-10-07T04:36:09.340+00:00,True,380,380.0,,380.0,44772.274152000005,67519.32464800001,67519.32462500001,177.68243322368423,0.011311,44772.274152000005,2298.4428015351573,123.30822260000001,60.01860289182058,147.9249595796802,5.628018378161547,8,14,100-300:300-600,False,True,,1600,99.94996664442962
314,2026-10-07T04:35:05.678+00:00,2026-10-07T04:35:51.684+00:00,2026-10-07T04:36:15.418+00:00,True,397,397.0,,397.0,46006.084668999996,69739.25970899999,69739.25962499999,175.66564137279596,0.011191000000000001,46006.084668999996,2310.301998522406,124.031028,59.9322602020202,141.57102484851106,5.692632839186366,8,14,100-300:300-600,False,True,,1585,99.94996664442962
315,2026-10-07T04:35:09.921+00:00,2026-10-07T04:35:55.531+00:00,2026-10-07T04:36:14.898+00:00,True,326,326.0,,326.0,45609.831877,64976.968389,64976.968295,199.31585366564417,0.011661,45609.831877,2527.429322323144,120.25344675000001,59.59118926769231,153.2289578372475,5.017162358950387,8,14,100-300:300-600,False,True,,1555,99.94996664442962
316,2026-10-07T04:35:13.704+00:00,2026-10-07T04:35:59.145+00:00,2026-10-07T04:36:17.193+00:00,True,310,310.0,,310.0,45440.983727,63488.685230999996,63488.685166999996,204.80221021612903,0.011412,45440.983727,2582.623419275175,120.81998524999999,58.40680098381877,161.94960676310887,4.882759799987706,8,14,100-300:300-600,False,True,,1182,99.94996664442962
317,2026-10-07T04:35:18.129+00:00,2026-10-07T04:36:02.804+00:00,2026-10-07T04:36:31.625+00:00,True,493,493.0,,493.0,44675.141294,73496.197806,73496.197844,149.07950881135903,0.011401999999999999,44675.141294,2009.595223604514,122.1495642,58.57938315447154,25.881807822414746,6.707829992802063,8,14,100-300:300-600,False,True,,2067,99.94996664442962
318,2026-10-07T04:35:22.110+00:00,2026-10-07T04:36:05.381+00:00,2026-10-07T04:36:27.715+00:00,True,380,380.0,,380.0,43271.077828,65604.870084,65604.869907,172.64439449210528,41.745656000000004,43271.077828,2216.8627110433395,120.60147249999999,58.92821175725594,23.686227375433404,5.792252915270631,8,14,100-300:300-600,False,True,,1277,99.94996664442962
319,2026-10-07T04:35:25.650+00:00,2026-10-07T04:36:08.999+00:00,2026-10-07T04:36:35.713+00:00,True,443,443.0,,443.0,43348.995987999995,70063.247252,70063.24714899999,158.1563141060948,39.423303999999995,43348.995987999995,2056.8515034748084,125.22556560000001,60.43948249773756,24.87792529404861,6.322858522480976,8,14,100-300:300-600,False,True,,2240,99.94996664442962
320,2026-10-07T04:35:29.087+00:00,2026-10-07T04:36:12.932+00:00,2026-10-07T04:37:20.214+00:00,True,1121,1121.0,,1121.0,43845.472104,111127.724904,111127.724905,99.1326716369313,28.655386,43845.472104,1307.987240866405,124.002523,60.07344,24.64012074773633,10.08749167652266,8,14,1-100:1000-1500,False,True,,3920,99.94996664442962
321,2026-10-07T04:35:33.658+00:00,2026-10-07T04:36:19.479+00:00,2026-10-07T04:37:21.829+00:00,True,1032,1032.0,,1032.0,45820.885928,108170.78391200001,108170.783909,104.81665107461241,25.748027999999998,45820.885928,1424.6785139831782,124.15316539999999,60.475167782735205,24.99970288337189,9.54046890183916,8,14,1-100:1000-1500,False,True,,4055,99.94996664442962
322,2026-10-07T04:35:37.499+00:00,2026-10-07T04:36:22.854+00:00,2026-10-07T04:36:57.013+00:00,True,566,566.0,,566.0,45354.950574,79514.162094,79514.162014,140.4843851837456,33.206815,45354.950574,1904.029532124819,124.4031825,60.45878145132743,24.707930003137122,7.118228817287749,8,14,100-300:300-600,False,True,,2347,99.94996664442962
323,2026-10-07T04:35:41.779+00:00,2026-10-07T04:36:26.149+00:00,2026-10-07T04:36:57.158+00:00,True,515,515.0,,515.0,44369.935229999995,75378.876286,75378.876181,146.3667498660194,30.345523,44369.935229999995,1952.6704828039753,123.43573449999998,60.328679097276265,24.700772735606172,6.832152791002142,8,14,100-300:300-600,False,True,,2503,99.94996664442962
324,2026-10-07T04:35:44.809+00:00,2026-10-07T04:36:28.299+00:00,2026-10-07T04:36:58.483+00:00,True,504,504.0,,504.0,43490.648248000005,73674.432184,73674.43204900001,146.17942866865081,30.929347,43490.648248000005,1934.7085721283406,123.6794133,60.00752273558648,24.440700861979792,6.8409078300226716,8,14,100-300:300-600,False,True,,2575,99.94996664442962
325,2026-10-07T04:35:47.727+00:00,2026-10-07T04:36:30.001+00:00,2026-10-07T04:36:48.771+00:00,True,316,316.0,,316.0,42274.249384999996,61044.48938499999,61044.48927499999,193.178763528481,26.873396,42274.249384999996,2374.882159627569,122.9453315,59.58806349206349,24.102783072650777,5.176552432227377,8,14,100-300:300-600,False,True,,1586,99.94996664442962
326,2026-10-07T04:35:52.111+00:00,2026-10-07T04:36:35.273+00:00,2026-10-07T04:37:01.769+00:00,True,441,441.0,,441.0,43162.48441,69658.541498,69658.541581,157.95587660090703,27.565784,43162.48441,2052.634628798696,125.255393,60.21831156363636,24.48988555230381,6.330881906458833,8,14,100-300:300-600,False,True,,1695,99.94996664442962
327,2026-10-07T04:35:55.000+00:00,2026-10-07T04:36:40.163+00:00,2026-10-07T04:37:05.224+00:00,True,416,416.0,,416.0,45162.445928999994,70223.95095299999,70223.950998,168.80757451442307,38.714966999999994,45162.445928999994,2211.4458642505483,123.91768175000001,60.389168732530116,24.518821498610883,5.923904798213697,8,14,100-300:300-600,False,True,,1646,99.94996664442962
328,2026-10-07T04:35:58.703+00:00,2026-10-07T04:36:42.735+00:00,2026-10-07T04:37:04.644+00:00,True,363,363.0,,363.0,44031.791141,65940.82256500001,65940.822459,181.6551582892562,40.594327,44031.791141,2308.025323792599,124.03468059999999,60.52218625414365,24.74025951816913,5.504935878562618,8,14,100-300:300-600,False,True,,1516,99.94996664442962
329,2026-10-07T04:36:02.772+00:00,2026-10-07T04:36:46.840+00:00,2026-10-07T04:37:10.033+00:00,True,385,385.0,,385.0,44067.748808,67260.788168,67260.788353,174.70334637142855,40.185571,44067.748808,2242.960100519883,123.6977012,60.39854,24.899747015841818,5.7239888274631845,8,14,100-300:300-600,False,True,,1769,99.94996664442962
330,2026-10-07T04:36:05.679+00:00,2026-10-07T04:36:49.616+00:00,2026-10-07T04:37:07.683+00:00,True,303,303.0,,303.0,43937.234641,62004.194769,62004.194855,204.6343064521452,39.617798,43937.234641,2520.8130885910537,125.91827239999999,59.82437128476821,24.814162154819563,4.8867661474976485,8,14,100-300:300-600,False,True,,1550,99.94996664442962
331,2026-10-07T04:36:08.444+00:00,2026-10-07T04:36:52.871+00:00,2026-10-07T04:37:20.889+00:00,True,471,471.0,,471.0,44427.184024999995,72444.73205699999,72444.732118,153.8104715881104,39.826629999999994,44427.184024999995,2044.510136345534,125.527761,59.61180432340425,25.63060507147969,6.501507930616876,8,14,100-300:300-600,False,True,,1930,99.94996664442962
332,2026-10-07T04:36:12.124+00:00,2026-10-07T04:36:56.739+00:00,2026-10-07T04:37:21.238+00:00,True,410,410.0,,410.0,44615.099644,69114.607356,69114.607462,168.5722133219512,41.541402999999995,44615.099644,2200.565546020778,124.20230975,59.90099685085575,24.952339398252086,5.932175782872432,8,14,100-300:300-600,False,True,,2116,99.94996664442962
333,2026-10-07T04:36:15.446+00:00,2026-10-07T04:36:59.668+00:00,2026-10-07T04:37:17.439+00:00,True,303,303.0,,303.0,44222.111711000005,61992.78972700001,61992.78984800001,204.59666616501653,41.092421,44222.111711000005,2537.2280892675003,123.0762355,58.84330468874172,24.155797981821518,4.88766518387594,8,14,100-300:300-600,False,True,,1283,99.94996664442962
334,2026-10-07T04:36:20.116+00:00,2026-10-07T04:37:03.098+00:00,2026-10-07T04:38:13.288+00:00,True,1148,1148.0,,1148.0,42981.220159000004,113171.220543,113171.220486,98.58120251393728,26.484397,42981.220159000004,1267.0066410798383,128.6612211,61.19442056146469,25.782981552933357,10.143921701045995,8,14,1-100:1000-1500,False,True,,2759,99.94996664442962
335,2026-10-07T04:36:23.360+00:00,2026-10-07T04:37:05.922+00:00,2026-10-07T04:37:28.105+00:00,True,382,382.0,,382.0,42561.801277000006,64744.361789,64744.36166000001,169.4878577486911,38.305499000000005,42561.801277000006,2174.80194730941,124.4086638,58.22194360104987,23.77752314723256,5.90012766277513,8,14,100-300:300-600,False,True,,1789,99.94996664442962
336,2026-10-07T04:36:26.650+00:00,2026-10-07T04:37:08.124+00:00,2026-10-07T04:37:29.028+00:00,True,359,359.0,,359.0,41473.522179,62378.253314999994,62378.253176,173.75557987743733,42.2288,41473.522179,2185.9301752641413,125.2685398,58.393103731843574,23.24616370181956,5.755210845470594,8,14,100-300:300-600,False,True,,1608,99.94996664442962
337,2026-10-07T04:36:30.942+00:00,2026-10-07T04:37:14.550+00:00,2026-10-07T04:37:38.217+00:00,True,388,388.0,,388.0,43608.460270999996,67275.788271,67275.788304,173.39120696907216,42.444314,43608.460270999996,2210.925859103098,128.76393155,61.15588630490956,25.478695990104956,5.767305147537779,8,14,100-300:300-600,False,True,,1733,99.94996664442962
338,2026-10-07T04:36:35.190+00:00,2026-10-07T04:37:19.683+00:00,2026-10-07T04:37:43.226+00:00,True,376,376.0,,376.0,44492.884493,68035.67361299999,68035.673601,180.94594042819148,44.073718,44492.884493,2291.4685877389234,130.87529825000001,62.78077098666667,27.194206875676045,5.526512490179202,8,14,100-300:300-600,False,True,,1504,99.94996664442962
339,2026-10-07T04:36:37.767+00:00,2026-10-07T04:37:21.400+00:00,2026-10-07T04:37:41.349+00:00,True,325,325.0,,325.0,43633.110715999996,63582.124476,63582.124626,195.63730654153844,43.238381999999994,43633.110715999996,2417.056574638366,130.1670372,61.571030123456794,26.278394545870636,5.111499539822328,8,14,100-300:300-600,False,True,,1467,99.94996664442962
340,2026-10-07T04:36:41.305+00:00,2026-10-07T04:37:25.514+00:00,2026-10-07T04:38:28.761+00:00,True,1029,1029.0,,1029.0,44209.290754,107456.542722,107456.542914,104.4281272244898,22.757394,44209.290754,1376.503294617454,129.6659588,61.52456417120623,25.797391873667976,9.575964142659215,8,14,1-100:1000-1500,False,True,,2902,99.94996664442962
341,2026-10-07T04:36:44.462+00:00,2026-10-07T04:37:30.507+00:00,2026-10-07T04:38:55.802+00:00,True,1378,1378.0,,1378.0,46045.818100000004,131340.31205200002,131340.311993,95.31227285413644,27.639332999999997,46045.818100000004,1239.0306415165705,130.61978169999998,61.94226140305011,26.739199004413926,10.491828277782869,8,14,1-100:1000-1500,False,True,,7355,99.94996664442962
342,2026-10-07T04:36:48.398+00:00,2026-10-07T04:37:33.313+00:00,2026-10-07T04:38:52.780+00:00,True,1282,1282.0,,1282.0,44914.503371,124381.904331,124381.904197,97.02176614430577,24.713289,44914.503371,1252.966818684251,130.05791929999998,62.03544181108509,26.521753427285038,10.306965526017308,8,14,1-100:1000-1500,False,True,,5026,99.94996664442962
343,2026-10-07T04:36:52.791+00:00,2026-10-07T04:37:38.376+00:00,2026-10-07T04:38:09.745+00:00,True,508,508.0,,508.0,45584.689581,76954.056877,76954.056759,151.4843636988189,24.115419000000003,45584.689581,2019.9176620511573,132.2238474,61.87251932149901,26.174487648245044,6.601341379726932,8,14,100-300:300-600,False,True,,2500,99.94996664442962
344,2026-10-07T04:36:56.065+00:00,2026-10-07T04:37:41.527+00:00,2026-10-07T04:38:17.521+00:00,True,581,581.0,,581.0,45462.191319,81456.07547899999,81456.075445,140.19978561962134,30.451691999999998,45462.191319,1883.702521245655,130.793348,62.058420965517236,26.609526825186837,7.132678521318969,8,14,100-300:300-600,False,True,,2348,99.94996664442962
345,2026-10-07T04:36:58.817+00:00,2026-10-07T04:37:43.173+00:00,2026-10-07T04:39:14.672+00:00,True,1489,1489.0,,1489.0,44355.738913,135854.890785,135854.890735,91.23901325386166,26.248445,44355.738913,1148.1830043627676,127.74482199999998,61.49136550537634,25.980577029382395,10.960223746058933,8,14,1-100:1000-1500,False,True,,5372,99.94996664442962
346,2026-10-07T04:37:02.736+00:00,2026-10-07T04:37:46.355+00:00,2026-10-07T04:38:19.455+00:00,True,541,541.0,,541.0,43619.385935000006,76719.467855,76719.467714,141.81047636598893,21.839813999999997,43619.385935000006,1872.8787183189697,127.013906,61.296448,25.270779274879484,7.051665178680482,8,14,100-300:300-600,False,True,,2238,99.94996664442962
347,2026-10-07T04:37:06.256+00:00,2026-10-07T04:37:53.189+00:00,2026-10-07T04:38:13.521+00:00,True,324,324.0,,324.0,46933.308535,67265.67615099999,67265.67602,207.6101111728395,45.008900000000004,46933.308535,2604.041577075704,131.08856525000002,62.9485065510836,26.328141069164023,4.8167210758823735,8,14,100-300:300-600,False,True,,1269,99.94996664442962
348,2026-10-07T04:37:09.791+00:00,2026-10-07T04:37:58.417+00:00,2026-10-07T04:38:33.952+00:00,True,578,578.0,,578.0,48625.474364,84161.19225200001,84161.192442,145.60759938062284,41.645638,48625.474364,2020.1581284197791,126.39784985,61.587032734835354,25.975311079688822,6.867773430173387,8,14,100-300:300-600,False,True,,2667,99.94996664442962
349,2026-10-07T04:37:14.372+00:00,2026-10-07T04:38:05.051+00:00,2026-10-07T04:38:39.324+00:00,True,549,549.0,,549.0,50679.039012,84951.68234,84951.682382,154.73894787249546,39.279404,50679.039012,2160.4277472260733,129.5562968,62.541319941605835,26.988190518267416,6.462497091025825,8,14,100-300:300-600,False,True,,2611,99.94996664442962
350,2026-10-07T04:37:17.326+00:00,2026-10-07T04:38:08.390+00:00,2026-10-07T04:38:29.978+00:00,True,350,350.0,,350.0,51064.689507,72651.81705900001,72651.817087,207.57662024857143,43.394444,51064.689507,2726.3420157154583,127.63608599999999,61.85423367335243,26.22754601392052,4.817498228788518,8,14,100-300:300-600,False,True,,2011,99.94996664442962
351,2026-10-07T04:37:19.948+00:00,2026-10-07T04:38:09.909+00:00,2026-10-07T04:39:11.858+00:00,True,1007,1007.0,,1007.0,49961.176897,111910.076225,111910.076182,111.13215112413108,21.927769,49961.176897,1572.6922743153095,129.297998,61.57942279125248,26.466702365108727,8.998296078142092,8,14,1-100:1000-1500,False,True,,1086,99.94996664442962
352,2026-10-07T04:37:22.939+00:00,2026-10-07T04:38:13.475+00:00,2026-10-07T04:38:44.977+00:00,True,517,517.0,,517.0,50536.115598,82038.33434999999,82038.33448599999,158.6814980386847,27.663337,50536.115598,2220.0444231348374,129.3142646,61.05081153488372,26.141004208048333,6.301931945550283,8,14,100-300:300-600,False,True,,2395,99.94996664442962
353,2026-10-07T04:37:27.474+00:00,2026-10-07T04:38:16.552+00:00,2026-10-07T04:38:49.005+00:00,True,532,532.0,,532.0,49077.906384,81530.87124800001,81530.871123,153.25351714849626,24.437832999999998,49077.906384,2125.3105852780272,130.24204755,61.11669465913371,26.365340277273397,6.525135716773666,8,14,100-300:300-600,False,True,,1776,99.94996664442962
354,2026-10-07T04:37:31.951+00:00,2026-10-07T04:38:19.781+00:00,2026-10-07T04:38:53.059+00:00,True,542,542.0,,542.0,47830.409385,81108.126633,81108.12666,149.64599014760148,22.773323,47830.409385,2052.0255108948095,131.04965245,61.51149214048059,26.8737525059062,6.682437660685403,8,14,100-300:300-600,False,True,,2836,99.94996664442962
355,2026-10-07T04:37:36.542+00:00,2026-10-07T04:38:27.707+00:00,2026-10-07T04:38:57.475+00:00,True,478,478.0,,478.0,51165.440952,80933.240504,80933.24045499999,169.316402625523,26.579807000000002,51165.440952,2337.555203386172,129.97122979999997,62.406288368972746,27.103296171474266,5.906102326106362,8,14,100-300:300-600,False,True,,1589,99.94996664442962
356,2026-10-07T04:37:40.551+00:00,2026-10-07T04:38:30.796+00:00,2026-10-07T04:39:07.070+00:00,True,587,587.0,,587.0,50245.442450999995,86518.988947,86518.98905599999,147.39180418398635,27.025512,50245.442450999995,2071.4716632788827,129.1251231,61.900249993174064,26.9645024030762,6.784637767318175,8,14,100-300:300-600,False,True,,2552,99.94996664442962
357,2026-10-07T04:37:43.620+00:00,2026-10-07T04:38:34.136+00:00,2026-10-07T04:39:10.914+00:00,True,599,599.0,,599.0,50516.255055,87293.88295900001,87293.883026,145.73269286477463,28.461282999999998,50516.255055,2061.7036435364626,130.62269150000003,61.50105000668896,27.135416508926998,6.86187828626362,8,14,100-300:300-600,False,True,,2838,99.94996664442962
358,2026-10-07T04:37:46.223+00:00,2026-10-07T04:38:37.466+00:00,2026-10-07T04:39:03.324+00:00,True,420,420.0,,420.0,51242.685437,77100.255997,77100.256066,183.57203825238096,23.882672,51242.685437,2497.518555864013,128.85642255,61.71257890214797,26.738933173271242,5.4474527298112,8,14,100-300:300-600,False,True,,2307,99.94996664442962
359,2026-10-07T04:37:49.133+00:00,2026-10-07T04:38:39.250+00:00,2026-10-07T04:40:04.360+00:00,True,1409,1409.0,,1409.0,50116.980564000005,135227.19778000002,135227.197603,95.97388048474096,27.042985,50116.980564000005,1333.7711815739126,124.47017179999999,60.44759745454545,24.9688503404295,10.419501573139822,8,14,1-100:1000-1500,False,True,,4481,99.94996664442962
360,2026-10-07T04:37:53.320+00:00,2026-10-07T04:38:44.927+00:00,2026-10-07T04:39:09.939+00:00,True,407,407.0,,407.0,51606.807356,76619.349052,76619.348937,188.25392859213758,43.345743,51606.807356,2555.136871529891,127.31647530000001,61.60724555665024,26.410523546142706,5.311974129717251,8,14,100-300:300-600,False,True,,2061,99.94996664442962
361,2026-10-07T04:37:57.237+00:00,2026-10-07T04:38:48.802+00:00,2026-10-07T04:39:14.404+00:00,True,419,419.0,,419.0,51565.169734999996,77166.85882299999,77166.858723,184.1691138973747,38.191786,51565.169734999996,2516.267488040971,127.06788520000002,61.248060019138755,26.21778334350315,5.429792094570978,8,14,100-300:300-600,False,True,,2091,99.94996664442962
362,2026-10-07T04:38:00.018+00:00,2026-10-07T04:38:51.439+00:00,2026-10-07T04:39:19.054+00:00,True,454,454.0,,454.0,51420.92756800001,79036.60628800001,79036.60634000001,174.08944127753304,42.974398,51420.92756800001,2410.575941046719,125.4430515,60.96176317880794,25.379457606403385,5.744173761025086,8,14,100-300:300-600,False,True,,1678,99.94996664442962
363,2026-10-07T04:38:03.553+00:00,2026-10-07T04:38:52.957+00:00,2026-10-07T04:39:20.496+00:00,True,457,457.0,,457.0,49404.34868,76943.46727200001,76943.46711,168.36644881838075,42.967985,49404.34868,2308.345996158856,124.3679458,60.39280392982456,24.815358586657684,5.939425609512451,8,14,100-300:300-600,False,True,,2000,99.94996664442962
364,2026-10-07T04:38:06.166+00:00,2026-10-07T04:38:57.835+00:00,2026-10-07T04:40:06.157+00:00,True,1138,1138.0,,1138.0,51668.939417999994,119990.622106,119990.622104,105.43991397539543,40.138334,51668.939417999994,1530.0625521593468,123.86300994999999,60.08943068425681,24.61010040168474,9.48407450537833,8,14,1-100:1000-1500,False,True,,4343,99.94996664442962
365,2026-10-07T04:38:09.562+00:00,2026-10-07T04:39:00.991+00:00,2026-10-07T04:39:29.477+00:00,True,472,472.0,,472.0,51428.771257,79914.461881,79914.461845,169.3103005190678,41.953244,51428.771257,2364.5524782101306,123.72632959999999,60.479173299363055,25.31101767748286,5.906315188643221,8,14,100-300:300-600,False,True,,2205,99.94996664442962
366,2026-10-07T04:38:13.332+00:00,2026-10-07T04:39:03.464+00:00,2026-10-07T04:39:25.966+00:00,True,374,374.0,,374.0,50132.065604999996,72633.823557,72633.823624,194.20808455614971,39.942006,50132.065604999996,2589.264251011185,123.9694305,60.32642882573727,24.569139526915603,5.149116233795683,8,14,100-300:300-600,False,True,,1436,99.94996664442962
367,2026-10-07T04:38:16.997+00:00,2026-10-07T04:39:08.944+00:00,2026-10-07T04:39:38.633+00:00,True,491,491.0,,491.0,51946.930336000005,81635.098784,81635.098779,166.26293030346233,39.061517,51946.930336000005,2341.730002308079,121.9431235,60.58809887346939,24.90380582616088,6.01456980286319,8,14,100-300:300-600,False,True,,2232,99.94996664442962
368,2026-10-07T04:38:20.026+00:00,2026-10-07T04:39:11.362+00:00,2026-10-07T04:39:33.051+00:00,True,356,356.0,,356.0,51335.49182,73024.721644,73024.721671,205.1256226713483,40.921611,51335.49182,2717.6564145222364,124.70462875000001,61.09642203943662,25.45653581234289,4.875061376276404,8,14,100-300:300-600,False,True,,1755,99.94996664442962
369,2026-10-07T04:38:24.671+00:00,2026-10-07T04:39:14.568+00:00,2026-10-07T04:39:38.461+00:00,True,400,400.0,,400.0,49896.165798,73789.148582,73789.148504,184.47287126,40.131792000000004,49896.165798,2491.932559988376,122.20551775,59.88216236591479,24.3197357393323,5.420851272670401,8,14,100-300:300-600,False,True,,2128,99.94996664442962
370,2026-10-07T04:38:27.559+00:00,2026-10-07T04:39:17.257+00:00,2026-10-07T04:39:37.572+00:00,True,339,339.0,,339.0,49697.687599,70013.304623,70013.304693,206.5289223982301,42.097014,49697.687599,2696.0539970548143,121.62937689999998,60.105375810650884,24.45611604007563,4.841936855079333,8,14,100-300:300-600,False,True,,1417,99.94996664442962
371,2026-10-07T04:38:30.223+00:00,2026-10-07T04:39:20.245+00:00,2026-10-07T04:39:39.279+00:00,True,318,318.0,,318.0,50021.921125,69055.850597,69055.850569,217.15676279559747,42.005472000000005,50021.921125,2801.8325724184265,122.01005894999999,60.04394155205047,24.82387712818693,4.604968257589095,8,14,100-300:300-600,False,True,,1310,99.94996664442962
372,2026-10-07T04:38:33.609+00:00,2026-10-07T04:39:22.760+00:00,2026-10-07T04:40:29.794+00:00,True,1116,1116.0,,1116.0,49150.869513,116184.558345,116184.558253,104.10802710842293,0.011130000000000001,49150.869513,1472.7358419328789,123.32816199999999,60.11990029775785,97.72052418302323,9.605407258046586,8,14,1-100:1000-1500,False,True,,3162,99.94996664442962
373,2026-10-07T04:38:36.768+00:00,2026-10-07T04:39:25.670+00:00,2026-10-07T04:39:53.264+00:00,True,459,459.0,,459.0,48901.440628,76495.462004,76495.461943,166.656779832244,43.17295,48901.440628,2279.8439311139264,123.5771977,60.24895496943232,24.590540299046626,6.0003559423694774,8,14,100-300:300-600,False,True,,1955,99.94996664442962
374,2026-10-07T04:38:40.787+00:00,2026-10-07T04:39:30.114+00:00,2026-10-07T04:40:47.502+00:00,True,1272,1272.0,,1272.0,49327.267125,126715.012405,126715.01239999999,99.61872044025156,0.011131,49327.267125,1384.3186960529877,126.5463689,60.887289756097566,90.48379726395558,10.03827388608462,8,14,1-100:1000-1500,False,True,,7917,99.94996664442962
375,2026-10-07T04:38:43.661+00:00,2026-10-07T04:39:32.469+00:00,2026-10-07T04:39:58.127+00:00,True,433,433.0,,433.0,48807.858226000004,74465.27749000001,74465.277501,171.97523672286374,40.823267,48807.858226000004,2342.8284632888053,121.80708859999999,59.39217422222222,24.392357447961672,5.814790659420398,8,14,100-300:300-600,False,True,,2128,99.94996664442962
376,2026-10-07T04:38:48.148+00:00,2026-10-07T04:39:36.511+00:00,2026-10-07T04:40:07.468+00:00,True,523,523.0,,523.0,48362.308636,79319.02134,79319.021383,151.66160876290633,41.286208,48362.308636,2112.2776985819796,123.9610636,59.304047325670496,23.884275373831382,6.593626486617465,8,14,100-300:300-600,False,True,,2804,99.94996664442962
377,2026-10-07T04:38:51.327+00:00,2026-10-07T04:39:40.720+00:00,2026-10-07T04:40:42.784+00:00,True,1027,1027.0,,1027.0,49392.438039,111456.71835899999,111456.718417,108.5265028403116,0.011051,49392.438039,1542.5800994870829,126.85805640000001,60.49150128654971,99.51326508120898,9.214339118545123,8,14,1-100:1000-1500,False,True,,1603,99.94996664442962
378,2026-10-07T04:38:56.070+00:00,2026-10-07T04:39:45.220+00:00,2026-10-07T04:40:18.295+00:00,True,552,552.0,,552.0,49150.931825,82225.14417700001,82225.144119,148.95859441847827,42.942932,49150.931825,2089.5908233391146,125.8704932,60.02579374228675,24.47713577500173,6.713274941929567,8,14,100-300:300-600,False,True,,2422,99.94996664442962
379,2026-10-07T04:39:00.395+00:00,2026-10-07T04:39:49.437+00:00,2026-10-07T04:40:07.859+00:00,True,312,312.0,,312.0,49041.869226999996,67463.44874699999,67463.44892499999,216.2290029647436,42.853974,49041.869226999996,2773.19936521464,126.65733660000002,59.23337466237942,24.018960035476212,4.6247265118339245,8,14,100-300:300-600,False,True,,1141,99.94996664442962
380,2026-10-07T04:39:04.565+00:00,2026-10-07T04:39:53.409+00:00,2026-10-07T04:40:24.619+00:00,True,512,512.0,,512.0,48843.252093,80053.811837,80053.81194500001,156.35510145507814,0.011502,48843.252093,2160.4461539901936,126.96832005,61.07741632876712,140.4047558379541,6.3956979468073145,8,14,100-300:300-600,False,True,,2525,99.94996664442962
381,2026-10-07T04:39:07.359+00:00,2026-10-07T04:39:57.115+00:00,2026-10-07T04:40:18.248+00:00,True,349,349.0,,349.0,49756.399871,70889.601791,70889.601888,203.12206844699142,43.309449,49756.399871,2660.264321992892,127.4733066,60.72759172413793,24.875792753510034,4.9231479819697395,8,14,100-300:300-600,False,True,,1160,99.94996664442962
382,2026-10-07T04:39:09.999+00:00,2026-10-07T04:40:00.137+00:00,2026-10-07T04:41:20.395+00:00,True,1303,1303.0,,1303.0,50137.325738,130395.42289,130395.423016,100.0732333200307,0.01102,50137.325738,1390.116650844614,130.4923948,61.64216371121351,89.2656024948623,9.992682036847222,8,14,1-100:1000-1500,False,True,,1738,99.94996664442962
383,2026-10-07T04:39:14.729+00:00,2026-10-07T04:40:06.541+00:00,2026-10-07T04:40:37.597+00:00,True,507,507.0,,507.0,51811.732435000005,82868.186067,82868.186182,163.44809897830376,0.011191000000000001,51811.732435000005,2302.7579625652124,127.38315060000001,61.3763905770751,143.13448722673107,6.118150089469606,8,14,100-300:300-600,False,True,,2023,99.94996664442962
384,2026-10-07T04:39:19.228+00:00,2026-10-07T04:40:10.048+00:00,2026-10-07T04:40:31.912+00:00,True,360,360.0,,360.0,50819.370179,72683.740099,72683.740091,201.89927803055554,0.011321999999999999,50819.370179,2680.4911159061753,127.15989295,60.9035373816156,168.47577493391796,4.952964714111526,8,14,100-300:300-600,False,True,,1748,99.94996664442962
385,2026-10-07T04:39:23.324+00:00,2026-10-07T04:40:14.689+00:00,2026-10-07T04:40:41.605+00:00,True,445,445.0,,445.0,51365.147934,78280.996126,78280.995979,175.91235051460674,0.011381,51365.147934,2436.5582780416225,126.49092340000001,60.621279711711715,148.02621329593148,5.684649174414364,8,14,100-300:300-600,False,True,,1884,99.94996664442962
386,2026-10-07T04:39:26.751+00:00,2026-10-07T04:40:18.409+00:00,2026-10-07T04:40:44.878+00:00,True,431,431.0,,431.0,51657.169590000005,78126.64184600001,78126.64170600001,181.26831022273782,0.011250999999999999,51657.169590000005,2489.9581784353772,130.721072,61.556912223255814,152.84999514916097,5.516684063415515,8,14,100-300:300-600,False,True,,1986,99.94996664442962
387,2026-10-07T04:39:30.447+00:00,2026-10-07T04:40:24.602+00:00,2026-10-07T04:40:45.372+00:00,True,340,340.0,,340.0,54154.181725,74924.929117,74924.929281,220.3674390617647,0.011542,54154.181725,2933.7557104211533,133.40135915,61.270641274336285,30.271461900490724,4.537875497607326,8,14,100-300:300-600,False,True,,1688,99.94996664442962
388,2026-10-07T04:39:34.138+00:00,2026-10-07T04:40:28.145+00:00,2026-10-07T04:41:41.357+00:00,True,1177,1177.0,,1177.0,54007.453555,127219.253107,127219.253097,108.08772565590485,28.266579,54007.453555,1572.628637145624,129.0797796,62.25493159183674,26.49995754018173,9.251744301706152,8,14,1-100:1000-1500,False,True,,1177,99.94996664442962
389,2026-10-07T04:39:38.554+00:00,2026-10-07T04:40:31.658+00:00,2026-10-07T04:41:37.996+00:00,True,1069,1069.0,,1069.0,53104.745372000005,119442.38658800001,119442.386746,111.73282202619271,24.877618,53104.745372000005,1622.5455377275687,130.69018599999998,62.11389626966292,27.135330030580416,8.949921636172322,8,14,1-100:1000-1500,False,True,,3406,99.94996664442962
390,2026-10-07T04:39:42.330+00:00,2026-10-07T04:40:36.679+00:00,2026-10-07T04:41:06.641+00:00,True,483,483.0,,483.0,54348.783744,84310.96384,84310.963982,174.55686124637683,27.942522,54348.783744,2470.2763042591537,131.6473175,62.162199369294605,27.20474640901775,5.728792294636873,8,14,100-300:300-600,False,True,,2109,99.94996664442962
391,2026-10-07T04:39:46.515+00:00,2026-10-07T04:40:42.888+00:00,2026-10-07T04:41:52.842+00:00,True,1141,1141.0,,1141.0,56372.970645,126327.132821,126327.132901,110.71615504031551,30.744082,56372.970645,1667.2771748684363,128.30810499999998,61.36330015438596,25.984387859262796,9.03210557004208,8,14,1-100:1000-1500,False,True,,6393,99.94996664442962
392,2026-10-07T04:39:49.324+00:00,2026-10-07T04:40:45.555+00:00,2026-10-07T04:41:20.095+00:00,True,560,560.0,,560.0,56230.63514,90770.541444,90770.541342,162.09025239642858,31.598303,56230.63514,2373.7115974643143,129.7295647,61.78874115205725,26.22574172741864,6.169402441490189,8,14,100-300:300-600,False,True,,2359,99.94996664442962
393,2026-10-07T04:39:52.366+00:00,2026-10-07T04:40:48.163+00:00,2026-10-07T04:41:24.116+00:00,True,581,581.0,,581.0,55797.283192,91749.997176,91749.997068,157.9173787745267,44.116392999999995,55797.283192,2312.4359730857464,130.570206,61.987437903448274,26.031931615679714,6.332425263027454,8,14,100-300:300-600,False,True,,2433,99.94996664442962
394,2026-10-07T04:39:55.388+00:00,2026-10-07T04:40:52.123+00:00,2026-10-07T04:42:13.753+00:00,True,1341,1341.0,,1341.0,56735.157718999995,138365.85775099997,138365.85773699998,103.18110196644295,39.704493,56735.157718999995,1547.851971837365,125.705508,60.91843285970149,25.329492179019635,9.691697227890083,8,14,1-100:1000-1500,False,True,,2685,99.94996664442962
395,2026-10-07T04:39:58.625+00:00,2026-10-07T04:40:53.471+00:00,2026-10-07T04:41:25.522+00:00,True,521,521.0,,521.0,54845.991092,86896.75461199999,86896.754535,166.7883964203455,43.325112000000004,54845.991092,2400.2856112556456,129.956064,61.63608369230769,25.89723865421977,5.9956209219354735,8,14,100-300:300-600,False,True,,2460,99.94996664442962
396,2026-10-07T04:40:01.954+00:00,2026-10-07T04:40:57.917+00:00,2026-10-07T04:42:08.575+00:00,True,1170,1170.0,,1170.0,55963.267548,126621.631964,126621.632042,108.22361712991453,39.611923000000004,55963.267548,1634.5263619679695,125.87616385,60.443425505560306,25.086275750368156,9.240127313575018,8,14,1-100:1000-1500,False,True,,4550,99.94996664442962
397,2026-10-07T04:40:05.403+00:00,2026-10-07T04:41:02.918+00:00,2026-10-07T04:42:29.485+00:00,True,1430,1430.0,,1430.0,57515.419566,144081.98955,144081.98952899998,100.75663603426574,40.728871,57515.419566,1519.5600341503289,126.94535365,60.57842546116165,25.108406066569987,9.924904594017663,8,14,1-100:1000-1500,False,True,,1431,99.94996664442962
398,2026-10-07T04:40:08.022+00:00,2026-10-07T04:41:04.549+00:00,2026-10-07T04:42:13.441+00:00,True,1138,1138.0,,1138.0,56527.296538999995,125419.438619,125419.438708,110.21040308260105,39.465773999999996,56527.296538999995,1674.0538352667968,125.09046505,60.59115398416886,24.925361539076288,9.073553609636415,8,14,1-100:1000-1500,False,True,,1265,99.94996664442962
399,2026-10-07T04:40:10.762+00:00,2026-10-07T04:41:07.967+00:00,2026-10-07T04:41:31.181+00:00,True,371,371.0,,371.0,57204.759709,80418.974621,80418.974713,216.76273507547168,43.834706,57204.759709,2966.783970636739,129.25374250000002,62.741121383783785,26.51661860088448,4.613339099987975,8,14,100-300:300-600,False,True,,2154,99.94996664442962
400,2026-10-07T04:40:13.943+00:00,2026-10-07T04:41:12.424+00:00,2026-10-07T04:41:45.951+00:00,True,554,554.0,,554.0,58481.514670000004,92008.859566,92008.859685,166.08097416064982,41.694891000000005,58481.514670000004,2482.188345861922,123.54155354999999,60.628110119349,24.704108890313908,6.021159295019883,8,14,100-300:300-600,False,True,,2422,99.94996664442962
401,2026-10-07T04:40:17.264+00:00,2026-10-07T04:41:16.938+00:00,2026-10-07T04:41:49.465+00:00,True,541,541.0,,541.0,59674.114059,92201.71290700001,92201.712716,170.42830446580408,39.889447999999994,59674.114059,2563.1287954888994,120.11043,60.23629416296296,25.6395408139362,5.867569950090666,8,14,100-300:300-600,False,True,,2338,99.94996664442962
402,2026-10-07T04:40:24.660+00:00,2026-10-07T04:41:22.222+00:00,2026-10-07T04:41:51.236+00:00,True,488,488.0,,488.0,57562.208696999995,86576.49426499999,86576.49431699999,177.4108490102459,41.966309,57562.208696999995,2603.132709725944,121.522199,59.577588435318276,24.053760145817428,5.636633870924505,8,14,100-300:300-600,False,True,,976,99.94996664442962
403,2026-10-07T04:40:24.674+00:00,2026-10-07T04:41:24.067+00:00,2026-10-07T04:41:47.322+00:00,True,390,390.0,,390.0,59393.361183,82647.953695,82647.953738,211.9178300974359,40.648787,59393.361183,3004.5755183144893,124.56265864999999,59.7804434755784,24.894428756870834,4.718810116451729,8,14,100-300:300-600,False,True,,1720,99.94996664442962
404,2026-10-07T04:40:27.910+00:00,2026-10-07T04:41:26.752+00:00,2026-10-07T04:41:46.686+00:00,True,340,340.0,,340.0,58841.667649999996,78776.06893,78776.069053,231.69432074411765,41.636305,58841.667649999996,3188.035531440017,121.5563017,58.80354359882006,23.60416340281067,4.3160315641305,8,14,100-300:300-600,False,True,,1530,99.94996664442962
405,2026-10-07T04:40:32.506+00:00,2026-10-07T04:41:30.676+00:00,2026-10-07T04:42:43.545+00:00,True,1221,1221.0,,1221.0,58170.509585,131039.407121,131039.407207,107.32138182391482,40.781093,58170.509585,1663.203573726088,125.56938099999999,59.72860453770492,24.35489794183053,9.317807725370317,8,14,1-100:1000-1500,False,True,,4623,99.94996664442962
406,2026-10-07T04:40:35.850+00:00,2026-10-07T04:41:32.973+00:00,2026-10-07T04:41:58.922+00:00,True,446,446.0,,446.0,57123.192132,83072.091972,83072.092058,186.2602960941704,41.572722,57123.192132,2702.2010823574788,122.89528225,58.31213447191011,23.354607242653106,5.368830727777113,8,14,100-300:300-600,False,True,,2113,99.94996664442962
407,2026-10-07T04:40:39.653+00:00,2026-10-07T04:41:36.927+00:00,2026-10-07T04:42:09.816+00:00,True,559,559.0,,559.0,57273.543358,90162.515134,90162.515077,161.2925135545617,40.378645,57273.543358,2420.0318554388487,113.8867361,58.9408096344086,23.30426591989501,6.199915776187158,8,14,100-300:300-600,False,True,,3081,99.94996664442962
408,2026-10-07T04:40:42.382+00:00,2026-10-07T04:41:39.718+00:00,2026-10-07T04:42:52.051+00:00,True,1206,1206.0,,1206.0,57336.128520000006,129669.25389600001,129669.25394600001,107.52011106633499,39.992603,57336.128520000006,1649.487204963105,126.41714075,60.02748993858921,24.827153257489634,9.300585634334418,8,14,1-100:1000-1500,False,True,,1206,99.94996664442962
409,2026-10-07T04:40:45.546+00:00,2026-10-07T04:41:43.267+00:00,2026-10-07T04:42:14.223+00:00,True,517,517.0,,517.0,57720.946872,88677.161144,88677.161138,171.5225553926499,41.857898999999996,57720.946872,2536.0520203384267,125.4369932,59.99266331782946,25.31979717208965,5.830137019840546,8,14,100-300:300-600,False,True,,1441,99.94996664442962
410,2026-10-07T04:40:49.386+00:00,2026-10-07T04:41:48.059+00:00,2026-10-07T04:43:18.759+00:00,True,1491,1491.0,,1491.0,58673.27325,149372.761506,149372.761455,100.18293860160966,21.169871999999998,58673.27325,1518.138829036371,128.0968715,60.87213976912752,25.409180473796447,9.98173954185154,8,14,1-100:1000-1500,False,True,,1491,99.94996664442962
411,2026-10-07T04:40:52.741+00:00,2026-10-07T04:41:51.850+00:00,2026-10-07T04:43:11.077+00:00,True,1307,1307.0,,1307.0,59109.131469,138335.94337300002,138335.943454,105.84234388217291,26.401987000000002,59109.131469,1633.5226163393588,128.66908210000003,60.66371508728943,25.842749435079277,9.44801450824599,8,14,1-100:1000-1500,False,True,,1307,99.94996664442962
412,2026-10-07T04:40:56.131+00:00,2026-10-07T04:41:54.409+00:00,2026-10-07T04:42:25.644+00:00,True,525,525.0,,525.0,58278.014090000004,89513.34337,89513.343236,170.50160616380953,40.323003,58278.014090000004,2540.972892003615,126.0247982,59.60940702290076,24.02913350070396,5.865047379918908,8,14,100-300:300-600,False,True,,3070,99.94996664442962
413,2026-10-07T04:40:59.020+00:00,2026-10-07T04:41:57.586+00:00,2026-10-07T04:42:31.424+00:00,True,564,564.0,,564.0,58566.508428,92404.46452400001,92404.464502,163.8377030177305,43.012903,58566.508428,2463.6857895941102,125.55473264999999,60.10294155595027,24.5095365141365,6.103601194004144,8,14,100-300:300-600,False,True,,2573,99.94996664442962
414,2026-10-07T04:41:02.998+00:00,2026-10-07T04:42:01.285+00:00,2026-10-07T04:42:19.048+00:00,True,300,300.0,,300.0,58286.860567,76049.487383,76049.487294,253.49829098,40.250036,58286.860567,3361.8496534859473,124.30530995,59.40677864882943,24.092565931963513,3.9447997655676716,8,14,100-300:300-600,False,True,,1456,99.94996664442962
415,2026-10-07T04:41:07.709+00:00,2026-10-07T04:42:08.176+00:00,2026-10-07T04:42:28.937+00:00,True,343,343.0,,343.0,60466.984955,81228.344315,81228.34452,236.81733096209913,41.386485,60466.984955,3261.73149767955,129.7621269,60.70572912280702,25.449901631078838,4.222663934523408,8,14,100-300:300-600,False,True,,1733,99.94996664442962
416,2026-10-07T04:41:11.059+00:00,2026-10-07T04:42:11.066+00:00,2026-10-07T04:42:41.851+00:00,True,510,510.0,,510.0,60007.148901,90792.33622900001,90792.33633600001,178.02418889411766,39.816683,60007.148901,2654.602607993523,129.1625363,60.48170398428291,25.219921154303695,5.617214196511673,8,14,100-300:300-600,False,True,,2723,99.94996664442962
417,2026-10-07T04:41:14.995+00:00,2026-10-07T04:42:15.365+00:00,2026-10-07T04:42:48.726+00:00,True,553,553.0,,553.0,60370.335532,93731.18058799999,93731.180704,169.49580597468355,41.322676,60370.335532,2564.762548415274,130.634267,60.436313507246375,25.320040097220488,5.899851005085903,8,14,100-300:300-600,False,True,,2371,99.94996664442962
418,2026-10-07T04:41:17.649+00:00,2026-10-07T04:42:18.147+00:00,2026-10-07T04:43:49.525+00:00,True,1482,1482.0,,1482.0,60497.488114,151875.47621,151875.476167,102.48007838529014,25.879348,60497.488114,1570.1130891564985,128.60918775,61.700194528021605,26.29002797203672,9.757994094786056,8,14,1-100:1000-1500,False,True,,6518,99.94996664442962
419,2026-10-07T04:41:20.371+00:00,2026-10-07T04:42:21.478+00:00,2026-10-07T04:43:30.341+00:00,True,1115,1115.0,,1115.0,61106.305791,129969.506559,129969.506581,116.56457989327355,20.292157,61106.305791,1828.3259527105802,130.10586060000003,61.816158678635546,26.210227038492548,8.578935394309918,8,14,1-100:1000-1500,False,True,,3035,99.94996664442962
420,2026-10-07T04:41:24.228+00:00,2026-10-07T04:42:25.197+00:00,2026-10-07T04:42:56.804+00:00,True,514,514.0,,514.0,60968.832858,92575.924058,92575.923989,180.10880153501947,24.332508999999998,60968.832858,2686.6289294222556,130.09672885,61.61226354775828,26.10644203321182,5.552199507919277,8,14,100-300:300-600,False,True,,2556,99.94996664442962
421,2026-10-07T04:41:27.542+00:00,2026-10-07T04:42:29.103+00:00,2026-10-07T04:42:55.221+00:00,True,427,427.0,,427.0,61560.456071,87678.87117500001,87678.87101,205.3369344496487,15.999381999999999,61560.456071,2976.2650417110603,128.0226994,61.31083357746479,25.94337109640701,4.870044450592232,8,14,100-300:300-600,False,True,,2399,99.94996664442962
422,2026-10-07T04:41:31.222+00:00,2026-10-07T04:42:32.057+00:00,2026-10-07T04:42:52.346+00:00,True,336,336.0,,336.0,60835.512064999995,81124.59443299999,81124.594434,241.4422453392857,43.499685,60835.512064999995,3315.639788944577,130.01552525,60.56442497910447,25.08040195893394,4.141777254461335,8,14,100-300:300-600,False,True,,1619,99.94996664442962
423,2026-10-07T04:41:35.542+00:00,2026-10-07T04:42:37.359+00:00,2026-10-07T04:43:08.120+00:00,True,504,504.0,,504.0,61817.076062,92577.825886,92577.82580400001,183.6861623095238,21.591091,61817.076062,2750.9503285261817,129.77501180000002,61.154572214711735,26.034393967894143,5.444068222347582,8,14,100-300:300-600,False,True,,2473,99.94996664442962
424,2026-10-07T04:41:38.624+00:00,2026-10-07T04:42:39.943+00:00,2026-10-07T04:43:02.788+00:00,True,368,368.0,,368.0,61319.517145000005,84164.832217,84164.832129,228.70878295923916,20.87525,61319.517145000005,3193.3678739747943,129.71232699999996,62.24881491008174,26.78412292794632,4.372372525512737,8,14,100-300:300-600,False,True,,1549,99.94996664442962
425,2026-10-07T04:41:42.056+00:00,2026-10-07T04:42:44.220+00:00,2026-10-07T04:43:13.660+00:00,True,480,480.0,,480.0,62164.070682,91603.245082,91603.245075,190.84009390625,20.291887,62164.070682,2834.70107595304,127.88341874999998,61.45965427974947,25.85474595710882,5.239989037182262,8,14,100-300:300-600,False,True,,2326,99.94996664442962
426,2026-10-07T04:41:46.421+00:00,2026-10-07T04:42:48.916+00:00,2026-10-07T04:43:11.762+00:00,True,378,378.0,,378.0,62495.723056999996,85341.25752099999,85341.257568,225.77052266666666,22.440062,62495.723056999996,3211.41608288828,127.8702493,60.5982346525199,25.34857498407544,4.429276190440307,8,14,100-300:300-600,False,True,,1487,99.94996664442962
427,2026-10-07T04:41:49.898+00:00,2026-10-07T04:42:53.386+00:00,2026-10-07T04:43:28.335+00:00,True,562,562.0,,562.0,63487.898232,98437.485176,98437.485233,175.1556676743772,43.298538,63487.898232,2675.5800574395316,130.2479345,62.29872895543672,26.66311002801754,5.709207208973082,8,14,100-300:300-600,False,True,,2546,99.94996664442962
428,2026-10-07T04:41:54.110+00:00,2026-10-07T04:42:56.755+00:00,2026-10-07T04:43:33.368+00:00,True,586,586.0,,586.0,62645.577025,99258.06777699999,99258.067664,169.38236802730376,43.026863,62645.577025,2585.418979121843,130.813,62.58545427692307,26.873164774910645,5.903802210985488,8,14,100-300:300-600,False,True,,2681,99.94996664442962
429,2026-10-07T04:41:57.074+00:00,2026-10-07T04:42:59.957+00:00,2026-10-07T04:43:34.436+00:00,True,548,548.0,,548.0,62883.107225,97361.99823299999,97361.998102,177.66787974817518,38.972642,62883.107225,2683.67881894203,132.29338875000002,63.03270751005484,27.263247619065208,5.628479385648642,8,14,100-300:300-600,False,True,,2639,99.94996664442962
430,2026-10-07T04:42:00.252+00:00,2026-10-07T04:43:02.224+00:00,2026-10-07T04:43:30.389+00:00,True,456,456.0,,456.0,61971.732711000004,90137.012199,90137.012111,197.66888620833333,41.027327,61971.732711000004,2899.31212462459,131.83978625,61.901713160439556,26.25949253350336,5.058965111837366,8,14,100-300:300-600,False,True,,2134,99.94996664442962
431,2026-10-07T04:42:03.197+00:00,2026-10-07T04:43:05.756+00:00,2026-10-07T04:43:41.223+00:00,True,565,565.0,,565.0,62558.297441,98025.714785,98025.714672,173.49684012743364,37.613699000000004,62558.297441,2629.3409019781147,129.8958116,62.88549174468085,27.07550213418489,5.763793727382816,8,14,100-300:300-600,False,True,,3116,99.94996664442962
432,2026-10-07T04:42:06.693+00:00,2026-10-07T04:43:11.239+00:00,2026-10-07T04:44:40.437+00:00,True,1446,1446.0,,1446.0,64546.004886,153744.442006,153744.442225,106.32395727869987,41.465658000000005,64546.004886,1695.9846662586376,127.380838,61.7290222283737,26.313171067821525,9.405218043222458,8,14,1-100:1000-1500,False,True,,5672,99.94996664442962
433,2026-10-07T04:42:10.270+00:00,2026-10-07T04:43:14.769+00:00,2026-10-07T04:43:43.354+00:00,True,452,452.0,,452.0,64499.704372,93084.190772,93084.190841,205.93847531194692,38.124707,64499.704372,3030.9548513108566,130.58292600000001,63.380235920177384,27.56963296560775,4.855819191758639,8,14,100-300:300-600,False,True,,3410,99.94996664442962
434,2026-10-07T04:42:14.069+00:00,2026-10-07T04:43:18.138+00:00,2026-10-07T04:43:39.978+00:00,True,344,344.0,,344.0,64069.795550999996,85909.30019099999,85909.30026999999,249.73633799418604,42.056185,64069.795550999996,3451.089305900176,129.41972735000002,63.67202518950437,27.64509395264199,4.004223049602237,8,14,100-300:300-600,False,True,,1486,99.94996664442962
435,2026-10-07T04:42:16.934+00:00,2026-10-07T04:43:21.326+00:00,2026-10-07T04:43:44.748+00:00,True,367,367.0,,367.0,64391.914264,87814.677016,87814.677051,239.2770491852861,40.846368000000005,64391.914264,3358.0108912202295,131.04548880000002,63.99661954098361,28.536528760442856,4.1792558199938705,8,14,100-300:300-600,False,True,,1465,99.94996664442962
436,2026-10-07T04:42:20.182+00:00,2026-10-07T04:43:25.771+00:00,2026-10-07T04:43:48.456+00:00,True,361,361.0,,361.0,65588.351907,88273.863843,88273.863881,244.52593872853186,39.924870999999996,65588.351907,3448.811230717446,128.524008,63.01531093333333,27.495997755163593,4.089545696584197,8,14,100-300:300-600,False,True,,1565,99.94996664442962
437,2026-10-07T04:42:22.894+00:00,2026-10-07T04:43:28.491+00:00,2026-10-07T04:44:57.754+00:00,True,1463,1463.0,,1463.0,65596.875648,154859.669632,154859.66942700002,105.85076515857827,39.858988,65596.875648,1713.5877718365755,126.45214270000001,61.05526264295486,25.951806989559813,9.447262824960125,8,14,1-100:1000-1500,False,True,,2331,99.94996664442962
438,2026-10-07T04:42:25.648+00:00,2026-10-07T04:43:30.518+00:00,2026-10-07T04:43:50.004+00:00,True,316,316.0,,316.0,64869.350593999996,84355.397058,84355.397004,266.9474588734177,39.103790999999994,64869.350593999996,3645.8081694212597,127.56129999999999,61.860464965079366,27.31725694382324,3.7460555106240414,8,14,100-300:300-600,False,True,,1509,99.94996664442962
439,2026-10-07T04:42:29.256+00:00,2026-10-07T04:43:33.167+00:00,2026-10-07T04:44:04.265+00:00,True,514,514.0,,514.0,63911.611681999995,95009.392162,95009.39223,184.84317554474708,40.571182,63911.611681999995,2816.46779033423,126.68358735000001,60.61945512670565,26.16008831229878,5.40999145772432,8,14,100-300:300-600,False,True,,2011,99.94996664442962
440,2026-10-07T04:42:32.831+00:00,2026-10-07T04:43:35.918+00:00,2026-10-07T04:44:55.688+00:00,True,1321,1321.0,,1321.0,63086.268676,142856.480772,142856.480877,108.14268045193036,40.727627,63086.268676,1734.2563542265452,125.032387,60.43197886060606,25.272594598765956,9.247042856307834,8,14,1-100:1000-1500,False,True,,1322,99.94996664442962
441,2026-10-07T04:42:35.571+00:00,2026-10-07T04:43:38.296+00:00,2026-10-07T04:44:10.821+00:00,True,542,542.0,,542.0,62724.929654,95250.285686,95250.285679,175.73853446309963,39.765893,62724.929654,2691.8000229368968,125.0899166,60.12080597412199,25.013277079211235,5.690271646919205,8,14,100-300:300-600,False,True,,2748,99.94996664442962
442,2026-10-07T04:42:38.533+00:00,2026-10-07T04:43:41.473+00:00,2026-10-07T04:44:55.690+00:00,True,1230,1230.0,,1230.0,62939.614522,137156.55762600002,137156.557473,111.50939631951219,41.051117,62939.614522,1793.0706079935158,124.68827894999998,60.38807412855981,25.169796018749924,8.967854117146752,8,14,1-100:1000-1500,False,True,,2460,99.94996664442962
443,2026-10-07T04:42:41.342+00:00,2026-10-07T04:43:44.884+00:00,2026-10-07T04:44:18.413+00:00,True,560,560.0,,560.0,63541.516203,97071.339435,97071.339389,173.34167748035713,40.590894999999996,63541.516203,2682.7056380317254,126.51226580000001,59.98179469051878,25.52256426057746,5.768953053078885,8,14,100-300:300-600,False,True,,2285,99.94996664442962
444,2026-10-07T04:42:44.000+00:00,2026-10-07T04:43:46.414+00:00,2026-10-07T04:44:09.810+00:00,True,390,390.0,,390.0,62414.224102,85810.554086,85810.554221,220.0270621051282,39.932997,62414.224102,3157.52235677728,125.88899239999999,60.14480715681234,25.264457541187667,4.544895486971672,8,14,100-300:300-600,False,True,,2131,99.94996664442962
445,2026-10-07T04:42:48.722+00:00,2026-10-07T04:43:51.900+00:00,2026-10-07T04:44:14.384+00:00,True,373,373.0,,373.0,63177.699251000005,85661.916595,85661.91647000001,229.65661252010725,39.591705999999995,63177.699251000005,3268.1837157349833,125.0673764,60.44144447311828,25.08152421747261,4.35432704317722,8,14,100-300:300-600,False,True,,1591,99.94996664442962
446,2026-10-07T04:42:52.693+00:00,2026-10-07T04:43:56.927+00:00,2026-10-07T04:44:19.028+00:00,True,368,368.0,,368.0,64234.476108999996,86335.525709,86335.525862,234.60740723369565,40.768508000000004,64234.476108999996,3345.410420410962,124.5262669,60.22084359673025,25.39320067379971,4.262440020813333,8,14,100-300:300-600,False,True,,1548,99.94996664442962
447,2026-10-07T04:42:55.497+00:00,2026-10-07T04:43:59.771+00:00,2026-10-07T04:44:21.453+00:00,True,359,359.0,,359.0,64273.663673,85955.987385,85955.98745500001,239.43171993036214,41.420049,64273.663673,3389.133752461744,124.7023785,60.56515003351955,25.549020388210327,4.176556059928972,8,14,100-300:300-600,False,True,,2150,99.94996664442962
448,2026-10-07T04:42:59.050+00:00,2026-10-07T04:44:03.673+00:00,2026-10-07T04:44:28.065+00:00,True,408,408.0,,408.0,64623.37429,89015.562962,89015.563064,218.17539966666666,42.155857000000005,64623.37429,3196.4602954365087,123.7054195,59.931667498771496,24.49057020493167,4.5834681759432545,8,14,100-300:300-600,False,True,,1464,99.94996664442962
449,2026-10-07T04:43:03.325+00:00,2026-10-07T04:44:07.379+00:00,2026-10-07T04:45:15.839+00:00,True,1127,1127.0,,1127.0,64053.670016000004,132513.775488,132513.775593,117.58098987843833,18.65041,64053.670016000004,1906.3800518743165,125.78025659999999,60.799383190053284,25.835823444532455,8.504776170248482,8,14,1-100:1000-1500,False,True,,2528,99.94996664442962
450,2026-10-07T04:43:07.744+00:00,2026-10-07T04:44:11.211+00:00,2026-10-07T04:44:34.132+00:00,True,386,386.0,,386.0,63467.330898,86388.450642,86388.45065,223.8042762953368,39.696398,63467.330898,3227.4627654977685,123.768138,59.535375958441556,24.260858930192903,4.468189869495542,8,14,100-300:300-600,False,True,,1823,99.94996664442962
451,2026-10-07T04:43:11.003+00:00,2026-10-07T04:44:13.096+00:00,2026-10-07T04:44:40.440+00:00,True,453,453.0,,453.0,62093.413151,89437.143327,89437.143322,197.43298746578367,41.11675,62093.413151,2914.669978664976,127.5340582,60.49497826548672,25.262158034144175,5.065009716866088,8,14,100-300:300-600,False,True,,1724,99.94996664442962
452,2026-10-07T04:43:15.604+00:00,2026-10-07T04:44:18.589+00:00,2026-10-07T04:44:54.404+00:00,True,594,594.0,,594.0,62985.238806999994,98800.161559,98800.161629,166.3302384326599,43.8919,62985.238806999994,2581.9564473454366,126.34127895000002,60.396159784148395,24.797383987845798,6.012135917867745,8,14,100-300:300-600,False,True,,2698,99.94996664442962
453,2026-10-07T04:43:20.249+00:00,2026-10-07T04:44:24.381+00:00,2026-10-07T04:44:56.042+00:00,True,517,517.0,,517.0,64131.348563,95792.99131499999,95792.991318,185.28625013152805,43.557142999999996,64131.348563,2817.9144953691816,129.0465794,61.3597727751938,25.988409002878168,5.397054553813105,8,14,100-300:300-600,False,True,,2728,99.94996664442962
454,2026-10-07T04:43:23.791+00:00,2026-10-07T04:44:27.615+00:00,2026-10-07T04:44:48.337+00:00,True,340,340.0,,340.0,63823.605597999995,84545.755742,84545.755723,248.66398742058823,40.43932,63823.605597999995,3458.1044904833525,130.18006775,61.12728656047197,26.15071673156516,4.021491049622227,8,14,100-300:300-600,False,True,,1334,99.94996664442962
455,2026-10-07T04:43:27.052+00:00,2026-10-07T04:44:30.226+00:00,2026-10-07T04:45:04.828+00:00,True,566,566.0,,566.0,63174.009318000004,97776.383974,97776.38403700001,172.74979511837458,20.186488,63174.009318000004,2652.9537519867376,128.220641,61.24314098407079,25.91169248593314,5.788718880732046,8,14,100-300:300-600,False,True,,2469,99.94996664442962
456,2026-10-07T04:43:31.549+00:00,2026-10-07T04:44:35.233+00:00,2026-10-07T04:44:53.325+00:00,True,302,302.0,,302.0,63683.928049,81775.948529,81775.948578,270.78128668211923,43.061113,63683.928049,3661.224542189196,131.16864065,60.10638033222591,24.9912246805758,3.69301738998359,8,14,100-300:300-600,False,True,,1513,99.94996664442962
457,2026-10-07T04:43:35.643+00:00,2026-10-07T04:44:38.556+00:00,2026-10-07T04:44:57.016+00:00,True,307,307.0,,307.0,62913.01265,81373.239978,81373.240037,265.0594138013029,42.391589,62913.01265,3587.2852784662045,129.8717978,60.3275402875817,25.882281352413422,3.772739048893718,8,14,100-300:300-600,False,True,,1327,99.94996664442962
458,2026-10-07T04:43:39.049+00:00,2026-10-07T04:44:40.625+00:00,2026-10-07T04:45:10.119+00:00,True,492,492.0,,492.0,61575.870943999995,91069.73001599999,91069.72990199999,185.10107703658537,20.742862000000002,61575.870943999995,2773.4556546415683,124.8058282,60.06895941344196,24.627220162033193,5.402453701285387,8,14,100-300:300-600,False,True,,2476,99.94996664442962
459,2026-10-07T04:43:42.285+00:00,2026-10-07T04:44:44.406+00:00,2026-10-07T04:45:08.148+00:00,True,391,391.0,,391.0,62120.11646500001,85862.64625700001,85862.64620900001,219.59756063682866,20.79564,62120.11646500001,3138.5727621502524,126.02449700000001,60.878281517948714,25.35896961680702,4.5537846437865115,8,14,100-300:300-600,False,True,,2067,99.94996664442962
460,2026-10-07T04:43:45.477+00:00,2026-10-07T04:44:48.187+00:00,2026-10-07T04:45:23.270+00:00,True,579,579.0,,579.0,62710.049437,97793.13423699999,97793.13443800001,168.90005947841107,19.821104,62710.049437,2603.741253385633,126.44132139999999,60.6973785467128,25.33368132719145,5.920661041467424,8,14,100-300:300-600,False,True,,2745,99.94996664442962
461,2026-10-07T04:43:49.269+00:00,2026-10-07T04:44:53.321+00:00,2026-10-07T04:45:22.266+00:00,True,474,474.0,,474.0,64052.499697,92997.702897,92997.70288,196.19768540084388,22.040844,64052.499697,2939.335509003136,127.57752520000003,61.194932769556026,26.313654817498527,5.096900087144956,8,14,100-300:300-600,False,True,,2256,99.94996664442962
462,2026-10-07T04:43:53.303+00:00,2026-10-07T04:44:57.193+00:00,2026-10-07T04:45:18.823+00:00,True,356,356.0,,356.0,63889.876722,85519.629042,85519.62903,240.2236770505618,22.717521,63889.876722,3383.023404330278,126.05029725,60.92887977464788,25.513169045903723,4.1627869997560785,8,14,100-300:300-600,False,True,,1676,99.94996664442962
463,2026-10-07T04:43:56.032+00:00,2026-10-07T04:44:58.236+00:00,2026-10-07T04:45:20.852+00:00,True,379,379.0,,379.0,62203.178328,84819.83932,84819.839303,223.799048292876,18.758783,62203.178328,3192.1809505840806,125.64534610000001,59.83243648677249,24.226002336762107,4.468294246233429,8,14,100-300:300-600,False,True,,1690,99.94996664442962
464,2026-10-07T04:43:59.616+00:00,2026-10-07T04:45:01.585+00:00,2026-10-07T04:45:21.482+00:00,True,335,335.0,,335.0,61968.659575000005,81865.730167,81865.73032100001,244.37531439104478,38.509574,61968.659575000005,3382.538216858259,123.0267841,59.572067640718565,23.793644848190056,4.092066354463888,8,14,100-300:300-600,False,True,,1677,99.94996664442962
465,2026-10-07T04:44:04.346+00:00,2026-10-07T04:45:06.038+00:00,2026-10-07T04:46:30.326+00:00,True,1390,1390.0,,1390.0,61692.160126999996,145979.506815,145979.506834,105.0212279381295,0.011231,61692.160126999996,1656.6328561486723,127.0495936,60.68203505255579,108.40150907107773,9.521884477672257,8,14,1-100:1000-1500,False,True,,1390,99.94996664442962
466,2026-10-07T04:44:08.494+00:00,2026-10-07T04:45:10.413+00:00,2026-10-07T04:45:40.131+00:00,True,485,485.0,,485.0,61918.293228,91636.691436,91636.69142,188.94163179381445,0.011221,61918.293228,2814.4954411938966,126.4015168,61.401649190082644,179.5112495240889,5.292639797441061,8,14,100-300:300-600,False,True,,2344,99.94996664442962
467,2026-10-07T04:44:12.590+00:00,2026-10-07T04:45:14.699+00:00,2026-10-07T04:45:35.669+00:00,True,345,345.0,,345.0,62108.920509,83079.141309,83079.141397,240.80910549855074,43.24615,62108.920509,3340.6440138126063,126.3148504,60.95994418604651,25.111907663404825,4.152666897661183,8,14,100-300:300-600,False,True,,1434,99.94996664442962
468,2026-10-07T04:44:15.639+00:00,2026-10-07T04:45:17.992+00:00,2026-10-07T04:46:41.141+00:00,True,1365,1365.0,,1365.0,62353.04946,145501.337716,145501.337585,106.59438650915752,0.011632,62353.04946,1689.6064667169378,128.0002804,60.959155612903224,109.8404659979326,9.38135704748162,8,14,1-100:1000-1500,False,True,,4265,99.94996664442962
469,2026-10-07T04:44:19.949+00:00,2026-10-07T04:45:22.756+00:00,2026-10-07T04:46:50.679+00:00,True,1442,1442.0,,1442.0,62806.835925,150729.502421,150729.502405,104.5280876595007,0.011351000000000002,62806.835925,1655.7859666486402,127.4704891,61.01503573629424,106.64378893909756,9.566806609447793,8,14,1-100:1000-1500,False,True,,2296,99.94996664442962
470,2026-10-07T04:44:23.155+00:00,2026-10-07T04:45:25.246+00:00,2026-10-07T04:45:50.941+00:00,True,425,425.0,,425.0,62090.572296,87786.053128,87786.052994,206.55541880941175,0.011302,62090.572296,3015.170679071057,124.8102298,60.602549132075474,194.65734093965204,4.841315731330483,8,14,100-300:300-600,False,True,,1810,99.94996664442962
471,2026-10-07T04:44:26.623+00:00,2026-10-07T04:45:28.165+00:00,2026-10-07T04:46:50.318+00:00,True,1350,1350.0,,1350.0,61541.807014,143694.472358,143694.472366,106.44034990074074,0.013345000000000001,61541.807014,1676.7540110130271,125.8051987,60.89893650407709,107.6343392700637,9.394933415647428,8,14,1-100:1000-1500,False,True,,5940,99.94996664442962
472,2026-10-07T04:44:30.530+00:00,2026-10-07T04:45:31.443+00:00,2026-10-07T04:45:55.540+00:00,True,404,404.0,,404.0,60913.275089,85010.588881,85010.58889300001,210.4222497351485,0.011191000000000001,60913.275089,3034.0942537823894,125.89329835000001,59.79482330521092,199.05562899134395,4.752349152239488,8,14,100-300:300-600,False,True,,1402,99.94996664442962
473,2026-10-07T04:44:33.868+00:00,2026-10-07T04:45:35.621+00:00,2026-10-07T04:46:02.636+00:00,True,446,446.0,,446.0,61752.583566,88767.834254,88767.834175,199.0310183295964,0.011241,61752.583566,2927.3867366609143,127.92942575,60.70842851235955,190.51171706021088,5.024342474367652,8,14,100-300:300-600,False,True,,1871,99.94996664442962
474,2026-10-07T04:44:38.323+00:00,2026-10-07T04:45:40.389+00:00,2026-10-07T04:45:58.624+00:00,True,302,302.0,,302.0,62066.218981,80301.222373,80301.222318,265.89808714569534,42.53617,62066.218981,3568.1131059895806,128.09715079999998,60.5814066179402,25.329342652682143,3.7608393879386655,8,14,100-300:300-600,False,True,,1385,99.94996664442962
475,2026-10-07T04:44:42.323+00:00,2026-10-07T04:45:44.435+00:00,2026-10-07T04:46:06.495+00:00,True,362,362.0,,362.0,62112.177453000004,84172.607277,84172.607285,232.5210145994475,41.604274,62112.177453000004,3261.437478235153,128.1792947,61.10922388919668,26.298697963172565,4.300686550063845,8,14,100-300:300-600,False,True,,1578,99.94996664442962
476,2026-10-07T04:44:46.556+00:00,2026-10-07T04:45:48.732+00:00,2026-10-07T04:46:57.652+00:00,True,1126,1126.0,,1126.0,62176.625299,131096.401299,131096.401327,116.42664416252221,41.685807000000004,62176.625299,1851.280482625357,128.7024325,61.26202311111111,25.875582397003335,8.589099234172412,8,14,1-100:1000-1500,False,True,,5259,99.94996664442962
477,2026-10-07T04:44:50.676+00:00,2026-10-07T04:45:52.315+00:00,2026-10-07T04:46:23.409+00:00,True,513,513.0,,513.0,61639.035305,92732.738985,92732.738838,180.76557278362571,43.247644,61639.035305,2718.8668851211346,127.4056738,60.72989,25.385908723055557,5.532026829089783,8,14,100-300:300-600,False,True,,2196,99.94996664442962
478,2026-10-07T04:44:55.346+00:00,2026-10-07T04:45:57.575+00:00,2026-10-07T04:47:10.275+00:00,True,1248,1248.0,,1248.0,62228.711787,134929.215083,134929.214958,108.11635813942307,39.313781999999996,62228.711787,1760.0143140600449,126.6151972,58.30032341299118,23.821378292569346,9.249294151991537,8,14,1-100:1000-1500,False,True,,1872,99.94996664442962
479,2026-10-07T04:44:59.405+00:00,2026-10-07T04:46:01.392+00:00,2026-10-07T04:46:34.470+00:00,True,549,549.0,,549.0,61986.555855,95064.67835100001,95064.678184,173.1597052531876,41.078598,61986.555855,2643.062189969985,127.21488740000001,60.36153740145985,24.85130556003221,5.775015594887614,8,14,100-300:300-600,True,True,,1984,99.94996664442962
480,2026-10-07T04:45:02.767+00:00,2026-10-07T04:46:03.881+00:00,2026-10-07T04:46:39.785+00:00,True,593,593.0,,593.0,61113.934871,97017.792279,97017.792393,163.60504619392918,43.163555,61113.934871,2507.281428887968,127.16181960000002,60.64840778378379,24.90150769447304,6.11228091332643,8,14,100-300:300-600,True,True,,2330,99.94996664442962
481,2026-10-07T04:45:07.392+00:00,2026-10-07T04:46:09.357+00:00,2026-10-07T04:46:29.580+00:00,True,339,339.0,,339.0,61964.533246,82187.255038,82187.254874,242.44027986430677,40.907741,61964.533246,3362.2925195290118,125.6049073,59.830537846153845,24.717874448830276,4.124727122754743,8,14,100-300:300-600,True,True,,1497,99.94996664442962
482,2026-10-07T04:45:11.854+00:00,2026-10-07T04:46:13.835+00:00,2026-10-07T04:46:43.679+00:00,True,486,486.0,,486.0,61981.732317,91824.894685,91824.894845,188.94011284979425,43.501639000000004,61981.732317,2808.8763888253916,128.73397549999999,61.532293542268036,25.89042858661755,5.292682356644077,8,14,100-300:300-600,True,True,,2323,99.94996664442962
483,2026-10-07T04:45:14.930+00:00,2026-10-07T04:46:17.609+00:00,2026-10-07T04:46:37.364+00:00,True,327,327.0,,327.0,62678.925734,82433.948582,82433.948641,252.09158605810396,42.773134,62678.925734,3462.888951994113,127.6850308,60.59822959509202,24.65888441039265,3.96681228577473,8,14,100-300:300-600,True,True,,1222,99.94996664442962
484,2026-10-07T04:45:19.382+00:00,2026-10-07T04:46:22.915+00:00,2026-10-07T04:46:42.335+00:00,True,317,317.0,,317.0,63532.173099,82952.486699,82952.486748,261.67976892113563,42.890785,63532.173099,3564.963249616834,126.977838,61.456688607594934,25.74352402780836,3.821464703647292,8,14,100-300:300-600,True,True,,1167,99.94996664442962
485,2026-10-07T04:45:23.834+00:00,2026-10-07T04:46:26.364+00:00,2026-10-07T04:46:55.384+00:00,True,475,475.0,,475.0,62530.023352,91549.44812,91549.448248,192.73568052210527,42.710688000000005,62530.023352,2866.37800350333,129.7754087,61.22241512236287,25.460688107215073,5.18845290446083,8,14,100-300:300-600,True,True,,1546,99.94996664442962
486,2026-10-07T04:45:26.769+00:00,2026-10-07T04:46:29.764+00:00,2026-10-07T04:46:52.980+00:00,True,380,380.0,,380.0,62994.76283299999,86211.248977,86211.24885999999,226.87170752631576,41.777099,62994.76283299999,3228.519672293375,128.51303105,61.2572193773087,25.310582454279604,4.407777459544507,8,14,100-300:300-600,True,True,,1813,99.94996664442962
487,2026-10-07T04:45:30.289+00:00,2026-10-07T04:46:34.744+00:00,2026-10-07T04:47:07.567+00:00,True,579,579.0,,579.0,64454.937902000005,97278.075694,97278.07562500001,168.0104933074266,40.035053,64454.937902000005,2676.3911899654463,116.545394,56.78743562629758,22.615813936833444,5.952009184693526,8,14,100-300:300-600,True,True,,1950,99.94996664442962
488,2026-10-07T04:45:34.734+00:00,2026-10-07T04:46:37.745+00:00,2026-10-07T04:47:00.850+00:00,True,390,390.0,,390.0,63011.533583,86116.384527,86116.384592,220.81124254358974,43.214642999999995,63011.533583,3187.7992844491823,128.3622547,59.39550371208226,24.493913721249687,4.5287549186150935,8,14,100-300:300-600,True,True,,1599,99.94996664442962
489,2026-10-07T04:45:40.064+00:00,2026-10-07T04:46:40.704+00:00,2026-10-07T04:47:35.581+00:00,True,1207,1207.0,,1207.0,60640.065586000004,115516.859442,115516.85946800001,95.70576592212096,0.012964,60640.065586000004,1744.275579148142,69.86061219999999,45.50314581757877,22.178964027023223,10.448691263165998,8,14,1-100:1000-1500,True,True,,2413,99.94996664442962
490,2026-10-07T04:45:41.024+00:00,2026-10-07T04:46:44.217+00:00,2026-10-07T04:47:12.372+00:00,True,539,539.0,,539.0,63192.547288999995,91348.029145,91348.029054,169.47686280890537,38.895576999999996,63192.547288999995,2719.6996805511585,103.915191,52.33360939776952,17.801102088264923,5.900510443902692,8,14,100-300:300-600,True,True,,2548,99.94996664442962
491,2026-10-07T04:45:45.099+00:00,2026-10-07T04:46:49.295+00:00,2026-10-07T04:47:05.669+00:00,True,306,306.0,,306.0,64196.355519000004,80569.640383,80569.64026100001,263.2994779771242,41.860455,64196.355519000004,3666.840891514513,107.976833,53.68290119344262,18.862793854761172,3.797956631621819,8,14,100-300:300-600,True,True,,1472,99.94996664442962
492,2026-10-07T04:45:49.449+00:00,2026-10-07T04:46:52.536+00:00,2026-10-07T04:47:12.823+00:00,True,407,407.0,,407.0,63087.110956,83373.26878,83373.26881899999,204.84832633660932,41.785063,63087.110956,3124.6661319352293,54.0251937,49.96590597044335,13.90395445095018,4.881660584449019,8,14,100-300:300-600,True,True,,1493,99.94996664442962
493,2026-10-07T04:45:53.811+00:00,2026-10-07T04:46:57.349+00:00,2026-10-07T04:47:13.487+00:00,True,346,346.0,,346.0,63537.430608999995,79675.79272099999,79675.79280899999,230.27685782947975,41.585277999999995,63537.430608999995,3413.2806705791263,50.75621725,46.7778611942029,3.7306463593298584,4.34259877666464,8,14,100-300:300-600,True,True,,691,99.94996664442962
0,2026-10-07T04:15:54.279+00:00,2026-10-07T04:15:54.474+00:00,2026-10-07T04:16:14.234+00:00,True,551,551.0,,551.0,194.662685,19954.588189,19954.588123,36.21522345372051,0.019316,200.832091,13.004941649731016,53.04049650000001,35.927137280000004,11.118615348127461,27.61269712916149,9,14,100-300:300-600,False,True,,1445,99.94996664442962
1,2026-10-07T04:15:58.922+00:00,2026-10-07T04:15:59.026+00:00,2026-10-07T04:16:42.970+00:00,True,1059,1059.0,,1059.0,103.84083199999999,44047.844672,44047.84477,41.59380998111426,0.020899,168.67656200000002,12.554698153049186,70.35738309999999,41.534975274102074,12.413716605503271,24.0420390120286,9,14,1-100:1000-1500,False,True,,5025,99.94996664442962
2,2026-10-07T04:16:03.009+00:00,2026-10-07T04:16:03.100+00:00,2026-10-07T04:17:04.033+00:00,True,1347,1347.0,,1347.0,90.139464,61023.67572,61023.675545,45.30339684112843,0.019757,165.699134,15.486315494650883,83.31091400000001,45.270086371471024,15.44371608170585,22.073399940386285,9,14,1-100:1000-1500,False,True,,2023,99.94996664442962
3,2026-10-07T04:16:08.216+00:00,2026-10-07T04:16:08.321+00:00,2026-10-07T04:16:28.619+00:00,True,487,487.0,,487.0,105.07012399999999,20403.324716000003,20403.324679,41.89594389938399,33.494125,105.07012399999999,11.153285869968101,70.9490336,41.76595595061728,10.789182118985384,23.868658994487372,9,14,100-300:300-600,False,True,,2260,99.94996664442962
4,2026-10-07T04:16:11.993+00:00,2026-10-07T04:16:12.107+00:00,2026-10-07T04:16:29.771+00:00,True,420,420.0,,420.0,113.752159,17777.658463,17777.658276,42.3277578,32.593409,113.752159,10.94571022208406,69.3140344,42.15729428162291,10.385642789015241,23.62515855921807,9,14,100-300:300-600,False,True,,1957,99.94996664442962
5,2026-10-07T04:16:17.739+00:00,2026-10-07T04:16:17.874+00:00,2026-10-07T04:16:41.483+00:00,True,527,527.0,,527.0,135.228415,23743.766527,23743.766637,45.054585648956355,33.981378,135.228415,13.400857938763986,78.47512669999999,44.88315230418251,12.822144982649194,22.195299107272092,9,14,100-300:300-600,False,True,,2361,99.94996664442962
6,2026-10-07T04:16:23.368+00:00,2026-10-07T04:16:23.554+00:00,2026-10-07T04:16:47.051+00:00,True,508,508.0,,508.0,185.892755,23683.611027,23683.61113,46.6212817519685,34.376847000000005,185.892755,15.034123082976961,81.03261280000001,46.34658436291913,13.713602084055886,21.449431821054034,9,14,100-300:300-600,False,True,,2355,99.94996664442962
7,2026-10-07T04:16:29.972+00:00,2026-10-07T04:16:30.165+00:00,2026-10-07T04:16:47.047+00:00,True,358,358.0,,358.0,193.337001,17075.854505,17075.854669,47.697918069832404,32.624618,193.337001,16.56367536453876,84.79026314999999,47.28996499719888,14.67577194479853,20.96527584579581,9,14,100-300:300-600,False,True,,1802,99.94996664442962
8,2026-10-07T04:16:33.876+00:00,2026-10-07T04:16:34.001+00:00,2026-10-07T04:17:36.723+00:00,True,1182,1182.0,,1182.0,125.75861599999999,62847.097496,62847.097521,53.17013326649746,0.0213,311.438706,22.510192183540642,106.3724901,53.10866966977138,22.420284734714848,18.80755113750846,9,14,1-100:1000-1500,False,True,,3155,99.94996664442962
9,2026-10-07T04:16:38.188+00:00,2026-10-07T04:16:38.335+00:00,2026-10-07T04:16:55.743+00:00,True,352,352.0,,352.0,147.088167,17555.072807,17555.072977,49.87236641193182,36.722699999999996,147.088167,17.76535942345759,92.7418132,49.59539783475783,17.01264278893693,20.05118428558392,9,14,100-300:300-600,False,True,,1612,99.94996664442962
10,2026-10-07T04:16:43.667+00:00,2026-10-07T04:16:43.800+00:00,2026-10-07T04:17:12.063+00:00,True,539,539.0,,539.0,132.329989,28395.335941,28395.335989,52.68151389424861,38.820716999999995,132.329989,19.48652921747753,102.27301800000001,52.53346831226766,19.19885857382972,18.981990602961606,9,14,100-300:300-600,False,True,,2207,99.94996664442962
11,2026-10-07T04:16:48.411+00:00,2026-10-07T04:16:48.626+00:00,2026-10-07T04:17:04.314+00:00,True,301,301.0,,301.0,215.594981,15903.753701,15903.753805,52.83639137873754,39.915878,215.594981,22.044657080008534,109.86676399999999,52.2938624,19.96747586071103,18.926349442966643,9,14,100-300:300-600,False,True,,1314,99.94996664442962
12,2026-10-07T04:16:54.883+00:00,2026-10-07T04:16:55.065+00:00,2026-10-07T04:17:22.476+00:00,True,505,505.0,,505.0,181.131381,27593.007733,27593.007724,54.639619255445545,0.019366,302.31298,24.683792134231012,109.50825160000001,54.388643555555554,24.054690830784136,18.301738066635,9,14,100-300:300-600,False,True,,1979,99.94996664442962
13,2026-10-07T04:16:59.770+00:00,2026-10-07T04:16:59.950+00:00,2026-10-07T04:17:18.745+00:00,True,346,346.0,,346.0,179.481412,18974.701380000002,18974.701446,54.84017758959538,39.994966,179.481412,20.808959410029388,102.41080474999998,54.47889845797101,19.72255985607757,18.234806075245857,9,14,100-300:300-600,False,True,,1520,99.94996664442962
14,2026-10-07T04:17:05.454+00:00,2026-10-07T04:17:05.645+00:00,2026-10-07T04:17:25.343+00:00,True,361,361.0,,361.0,190.89171100000002,19888.826815,19888.826645,55.09370261772853,0.019306,302.4305,26.064328587811158,106.984071,54.7164864,25.094439799302766,18.15089463837739,9,14,100-300:300-600,False,True,,1776,99.94996664442962
15,2026-10-07T04:17:09.277+00:00,2026-10-07T04:17:09.477+00:00,2026-10-07T04:18:37.777+00:00,True,1497,1497.0,,1497.0,200.589577,88499.87303300001,88499.872961,59.11815161055444,0.018534,374.764412,27.12858622911137,120.83459780000001,59.02358519786096,26.889704574562984,16.91527850488323,9,14,1-100:1000-1500,False,True,,5984,99.94996664442962
16,2026-10-07T04:17:15.423+00:00,2026-10-07T04:17:15.580+00:00,2026-10-07T04:18:23.345+00:00,True,1144,1144.0,,1144.0,157.16432999999998,67922.680874,67922.680909,59.37297282255245,0.018104,377.836788,28.299243045135167,123.19315025,59.287416048993876,28.16321492825261,16.842680313549135,9,14,1-100:1000-1500,False,True,,5506,99.94996664442962
17,2026-10-07T04:17:20.185+00:00,2026-10-07T04:17:20.362+00:00,2026-10-07T04:17:49.808+00:00,True,503,503.0,,503.0,176.863395,29622.800547,29622.800433,58.892247381709744,40.236771,176.863395,24.941753322328783,122.88941990000001,58.657245322709166,24.4028441092507,16.980163614238037,9,14,100-300:300-600,False,True,,2360,99.94996664442962
18,2026-10-07T04:17:26.351+00:00,2026-10-07T04:17:26.550+00:00,2026-10-07T04:17:48.201+00:00,True,364,364.0,,364.0,198.43411600000002,21849.935172,21849.935282,60.02729473076923,40.342546999999996,198.43411600000002,25.501300390911975,123.14076875,59.646008418732784,24.475468876176762,16.659088328392592,9,14,100-300:300-600,False,True,,1795,99.94996664442962
19,2026-10-07T04:17:31.183+00:00,2026-10-07T04:17:31.379+00:00,2026-10-07T04:18:41.749+00:00,True,1161,1161.0,,1161.0,196.03047099999998,70566.46093500001,70566.461058,60.78075887855297,0.018033999999999998,393.092738,27.380523405628235,126.496449,60.664164193103446,27.102459982543355,16.452575127289112,9,14,1-100:1000-1500,False,True,,1161,99.94996664442962
20,2026-10-07T04:17:36.231+00:00,2026-10-07T04:17:36.546+00:00,2026-10-07T04:18:03.234+00:00,True,444,444.0,,444.0,315.675663,27003.578639,27003.578628,60.81887078378379,39.489297,315.675663,28.094565547769264,119.0301295,60.243573309255076,25.37337615627896,16.442265150691977,9,14,100-300:300-600,False,True,,1858,99.94996664442962
21,2026-10-07T04:17:41.607+00:00,2026-10-07T04:17:41.795+00:00,2026-10-07T04:18:56.750+00:00,True,1240,1240.0,,1240.0,188.50127600000002,75143.491868,75143.491912,60.5995902516129,0.019216,428.250734,27.475851764758996,126.15792915000002,60.49636044552058,27.24532667936406,16.501761751746013,9,14,1-100:1000-1500,False,True,,3838,99.94996664442962
22,2026-10-07T04:17:46.886+00:00,2026-10-07T04:17:47.089+00:00,2026-10-07T04:18:06.606+00:00,True,322,322.0,,322.0,203.44135699999998,19720.584909,19720.585089,61.244053071428574,43.664750999999995,203.44135699999998,26.136193038124816,121.70742974999999,60.80107025545172,24.93692583920264,16.32811610232955,9,14,100-300:300-600,False,True,,1339,99.94996664442962
23,2026-10-07T04:17:50.567+00:00,2026-10-07T04:17:50.781+00:00,2026-10-07T04:18:25.458+00:00,True,574,574.0,,574.0,214.076078,34890.40939,34890.409407,60.78468537804878,0.018405,379.500795,29.443371967524797,126.45576365000001,60.51716110296684,28.76239383057837,16.451512322022655,9,14,100-300:300-600,False,True,,2570,99.94996664442962
24,2026-10-07T04:17:54.394+00:00,2026-10-07T04:17:55.634+00:00,2026-10-07T04:18:13.999+00:00,True,301,301.0,,301.0,1240.621658,19605.366362,19605.366227,65.13410706644518,43.991031,1240.621658,72.48188344549587,124.061046,61.21581568,25.1889274773158,15.352939314789428,9,14,100-300:300-600,False,True,,1792,99.94996664442962
25,2026-10-07T04:17:59.830+00:00,2026-10-07T04:18:00.651+00:00,2026-10-07T04:18:36.519+00:00,True,596,596.0,,596.0,821.005493,36688.113076999995,36688.113057,61.55723667281879,0.020749,821.005493,42.8159043907938,126.82130550000002,60.28085308235294,29.388380090891385,16.245043694374026,9,14,100-300:300-600,False,True,,2766,99.94996664442962
26,2026-10-07T04:18:03.611+00:00,2026-10-07T04:18:03.954+00:00,2026-10-07T04:18:28.263+00:00,True,411,411.0,,411.0,343.01076400000005,24651.952075999998,24651.952153,59.98041886374696,0.019427,422.38894300000004,33.64845882099069,123.947939,59.290100760975605,30.637411526562623,16.67210769893272,9,14,100-300:300-600,False,True,,2081,99.94996664442962
27,2026-10-07T04:18:09.249+00:00,2026-10-07T04:18:09.443+00:00,2026-10-07T04:19:15.535+00:00,True,1087,1087.0,,1087.0,194.371022,66286.638542,66286.638672,60.9812683275069,0.026949999999999998,438.95486700000004,28.753249529848038,128.8972182,60.85844154696132,28.479768972599945,16.39847824401691,9,14,1-100:1000-1500,False,True,,4043,99.94996664442962
28,2026-10-07T04:18:13.165+00:00,2026-10-07T04:18:13.331+00:00,2026-10-07T04:18:42.522+00:00,True,484,484.0,,484.0,165.18883,29356.86627,29356.866317,60.6546824731405,0.022501999999999998,370.99202399999996,29.455743063864105,125.3876668,60.438255569358176,29.09851103317196,16.486773334339272,9,14,100-300:300-600,False,True,,1866,99.94996664442962
29,2026-10-07T04:18:17.643+00:00,2026-10-07T04:18:18.112+00:00,2026-10-07T04:19:27.109+00:00,True,1136,1136.0,,1136.0,468.825474,69465.87148999999,69465.871434,61.14953471302817,0.018074000000000003,545.0528499999999,33.65798438228563,128.70388899999998,60.79034891277533,31.419250193878767,16.353354181463537,9,14,1-100:1000-1500,False,True,,4380,99.94996664442962
30,2026-10-07T04:18:22.922+00:00,2026-10-07T04:18:23.533+00:00,2026-10-07T04:19:25.649+00:00,True,1019,1019.0,,1019.0,610.7705030000001,62726.393927,62726.393831,61.55681435819431,37.39241199999999,610.7705030000001,31.586955173975163,130.0064878,61.01731181139489,26.492111134052077,16.245155128571497,9,14,1-100:1000-1500,False,True,,1022,99.94996664442962
31,2026-10-07T04:18:29.214+00:00,2026-10-07T04:18:30.578+00:00,2026-10-07T04:19:04.328+00:00,True,548,548.0,,548.0,1363.895972,35113.92426,35113.924237,64.07650408211678,35.406912,1363.895972,61.492653874416,128.23246344999998,61.70023453016453,26.234260417449928,15.606344535642057,9,14,100-300:300-600,False,True,,2691,99.94996664442962
32,2026-10-07T04:18:35.404+00:00,2026-10-07T04:18:37.524+00:00,2026-10-07T04:19:11.997+00:00,True,566,566.0,,566.0,2119.5708820000004,36592.111554,36592.111516,64.65037370318021,38.329538,2119.5708820000004,90.19867879861613,128.28420725,61.013346322123894,25.49355904907468,15.467814672699003,9,14,100-300:300-600,False,True,,2680,99.94996664442962
33,2026-10-07T04:18:41.890+00:00,2026-10-07T04:18:43.175+00:00,2026-10-07T04:20:07.932+00:00,True,1394,1394.0,,1394.0,1285.0720919999999,86041.91689200001,86041.917004,61.72303945767575,0.017672999999999998,1285.0720919999999,44.02572411505375,128.8789938,60.844827566403445,29.389687801794597,16.201405667771812,9,14,1-100:1000-1500,False,True,,6743,99.94996664442962
34,2026-10-07T04:18:47.131+00:00,2026-10-07T04:18:49.147+00:00,2026-10-07T04:19:20.962+00:00,True,526,526.0,,526.0,2016.16196,33831.118248,33831.11838,64.31771555133079,36.280508000000005,2016.16196,88.89789946131427,129.4029715,60.599916739047615,25.172562483899142,15.54781595287929,9,14,100-300:300-600,False,True,,1226,99.94996664442962
35,2026-10-07T04:18:53.160+00:00,2026-10-07T04:18:56.360+00:00,2026-10-07T04:19:21.947+00:00,True,417,417.0,,417.0,3200.065223,28786.955975,28786.956013,69.03346765707434,41.635771,3200.065223,156.06666674236655,132.94129399999997,61.50694892307692,27.132209483199194,14.48572750665764,9,14,100-300:300-600,False,True,,1742,99.94996664442962
36,2026-10-07T04:18:58.620+00:00,2026-10-07T04:19:03.210+00:00,2026-10-07T04:19:34.318+00:00,True,513,513.0,,513.0,4590.032176,35698.174,35698.173824,69.58708347758285,0.018123999999999998,4590.032176,203.00565996319142,128.25365539999999,60.7580895,34.9964947886553,14.37048292722199,9,14,100-300:300-600,False,True,,2306,99.94996664442962
37,2026-10-07T04:19:05.259+00:00,2026-10-07T04:19:09.689+00:00,2026-10-07T04:19:35.291+00:00,True,421,421.0,,421.0,4429.637428999999,30031.905588999998,30031.905716999998,71.33469291448931,0.018454,4429.637428999999,215.9905955797885,130.37609,60.95778133333334,36.35496117896911,14.018424463687802,9,14,100-300:300-600,False,True,,2179,99.94996664442962
38,2026-10-07T04:19:09.737+00:00,2026-10-07T04:19:14.625+00:00,2026-10-07T04:19:41.981+00:00,True,453,453.0,,453.0,4888.398829,32244.371181000002,32244.371074,71.17962709492274,0.018134,4888.398829,229.65064053164105,126.94002919999998,60.522062725663716,35.900694335247216,14.048963692209641,9,14,100-300:300-600,False,True,,1933,99.94996664442962
39,2026-10-07T04:19:14.280+00:00,2026-10-07T04:19:19.736+00:00,2026-10-07T04:19:49.787+00:00,True,501,501.0,,501.0,5455.893446,35506.857414,35506.857414,70.87197088622754,0.017803999999999997,5455.893446,243.49640804184588,127.59996700000002,60.101927935999996,34.35046290015501,14.109950485295856,9,14,100-300:300-600,False,True,,2166,99.94996664442962
40,2026-10-07T04:19:18.775+00:00,2026-10-07T04:19:23.551+00:00,2026-10-07T04:20:35.299+00:00,True,1177,1177.0,,1177.0,4775.8501909999995,76524.10286300001,76524.102944,65.01623019881053,0.017422,4775.8501909999995,141.907391852769,129.2255626,61.01041893877551,35.3838162018882,15.380774892678794,9,14,1-100:1000-1500,False,True,,1853,99.94996664442962
41,2026-10-07T04:19:24.582+00:00,2026-10-07T04:19:30.026+00:00,2026-10-07T04:19:55.869+00:00,True,430,430.0,,430.0,5444.4905690000005,31287.131721,31287.131746,72.76077150232558,43.182473,5444.4905690000005,260.86228379003217,127.84027775,60.23925676456876,25.132073995526348,13.74366956467866,9,14,100-300:300-600,False,True,,1621,99.94996664442962
42,2026-10-07T04:19:28.798+00:00,2026-10-07T04:19:34.219+00:00,2026-10-07T04:20:08.252+00:00,True,563,563.0,,563.0,5421.8392029999995,39454.771299,39454.771291,70.07952271936057,42.088703,5421.8392029999995,227.38546689374047,129.2613314,60.55681867615658,25.522608560153238,14.269503572417602,9,14,100-300:300-600,False,True,,2814,99.94996664442962
43,2026-10-07T04:19:34.595+00:00,2026-10-07T04:19:40.247+00:00,2026-10-07T04:20:13.105+00:00,True,539,539.0,,539.0,5651.734308,38510.034212,38510.034348,71.4471880296846,43.338286999999994,5651.734308,242.18214824213013,129.6106593,61.07490688475836,25.79807773327057,13.99635214637238,9,14,100-300:300-600,False,True,,2438,99.94996664442962
44,2026-10-07T04:19:39.842+00:00,2026-10-07T04:19:45.502+00:00,2026-10-07T04:20:19.850+00:00,True,562,562.0,,562.0,5660.173031,40008.190951,40008.190924,71.18895182206406,41.612010999999995,5660.173031,237.55928583939905,129.44136054999998,61.22641340463458,25.60980517625864,14.047123517489434,9,14,100-300:300-600,False,True,,2842,99.94996664442962
45,2026-10-07T04:19:43.506+00:00,2026-10-07T04:19:51.915+00:00,2026-10-07T04:20:22.860+00:00,True,506,506.0,,506.0,8408.807334000001,39354.05559,39354.055545,77.77481333003952,43.495421,8408.807334000001,371.99802872613367,130.92466025,61.277719318811876,25.959320223846372,12.85763290247972,9,14,100-300:300-600,False,True,,2276,99.94996664442962
46,2026-10-07T04:19:48.781+00:00,2026-10-07T04:19:56.089+00:00,2026-10-07T04:20:19.645+00:00,True,384,384.0,,384.0,7308.601019999999,30864.594107999998,30864.594103,80.37654714322916,40.788197,7308.601019999999,370.7234130568127,128.29462125,61.50389840208878,25.800560688004037,12.441440138701468,9,14,100-300:300-600,False,True,,1672,99.94996664442962
47,2026-10-07T04:19:55.433+00:00,2026-10-07T04:20:04.466+00:00,2026-10-07T04:20:40.359+00:00,True,582,582.0,,582.0,9033.149963,44925.84551499999,44925.84556,77.19217450171821,0.017633,9033.149963,373.87131225691604,130.29721045,61.77744501204819,38.614043265556504,12.954681060052167,9,14,100-300:300-600,False,True,,2547,99.94996664442962
48,2026-10-07T04:19:59.756+00:00,2026-10-07T04:20:09.687+00:00,2026-10-07T04:20:29.656+00:00,True,329,329.0,,329.0,9930.96709,29899.656241999997,29899.656183,90.88041393009118,0.018344000000000003,9930.96709,546.0116602382624,128.6467194,60.88014985365854,45.05225575608176,11.003470987664876,9,14,100-300:300-600,False,True,,1454,99.94996664442962
49,2026-10-07T04:20:06.405+00:00,2026-10-07T04:20:15.023+00:00,2026-10-07T04:20:41.704+00:00,True,433,433.0,,433.0,8618.510856,35299.697415999995,35299.697481,81.52355076443418,0.018164000000000003,8618.510856,413.4121904334826,131.0530028,61.762005925925926,42.652978487412895,12.266394096730636,9,14,100-300:300-600,False,True,,2004,99.94996664442962
50,2026-10-07T04:20:12.964+00:00,2026-10-07T04:20:23.742+00:00,2026-10-07T04:20:54.625+00:00,True,499,499.0,,499.0,10777.694657,41660.557505000004,41660.557333,83.48809084769539,0.017854,10777.694657,481.43426822349323,131.146569,62.01378081927711,40.87116568962969,11.977756177173365,9,14,100-300:300-600,False,True,,2267,99.94996664442962
51,2026-10-07T04:20:19.389+00:00,2026-10-07T04:20:30.339+00:00,2026-10-07T04:20:59.918+00:00,True,483,483.0,,483.0,10950.505024,40529.337408,40529.337286,83.91167139958593,38.483792,10950.505024,496.1402229010366,129.59994279999998,61.3668721659751,25.7499563246185,11.917293271729177,9,14,100-300:300-600,False,True,,3088,99.94996664442962
52,2026-10-07T04:20:24.899+00:00,2026-10-07T04:20:36.285+00:00,2026-10-07T04:21:51.415+00:00,True,1224,1224.0,,1224.0,11385.632509,86515.73964500001,86515.739616,70.68279380392157,0.017503,11385.632509,325.6043896857369,130.04584024999997,61.43099520523303,35.35545827097138,14.147714682003976,9,14,1-100:1000-1500,False,True,,4337,99.94996664442962
53,2026-10-07T04:20:29.185+00:00,2026-10-07T04:20:41.001+00:00,2026-10-07T04:21:08.221+00:00,True,451,451.0,,451.0,11815.941285,39036.257188999996,39036.257272,86.554894172949,41.770221,11815.941285,554.1030381269318,127.9750245,60.48959089777778,24.942898353976137,11.55336173282225,9,14,100-300:300-600,False,True,,1857,99.94996664442962
54,2026-10-07T04:20:34.231+00:00,2026-10-07T04:20:45.512+00:00,2026-10-07T04:22:05.172+00:00,True,1305,1305.0,,1305.0,11281.325999,90941.16804700001,90941.168149,69.68671888812261,0.018194,11281.325999,312.5164673265279,130.16315459999998,61.08883592638037,34.600221345763934,14.349936646135363,9,14,1-100:1000-1500,False,True,,1308,99.94996664442962
55,2026-10-07T04:20:38.824+00:00,2026-10-07T04:20:49.221+00:00,2026-10-07T04:21:24.767+00:00,True,591,591.0,,591.0,10397.307274,45943.649418,45943.649421,77.73883150761421,40.341355,10397.307274,425.9406311300921,129.201303,60.24803753220339,24.962046876693787,12.86358414028067,9,14,100-300:300-600,False,True,,2364,99.94996664442962
56,2026-10-07T04:20:43.015+00:00,2026-10-07T04:20:54.471+00:00,2026-10-07T04:21:22.030+00:00,True,457,457.0,,457.0,11455.960627,39014.614067,39014.614095,85.37114681619256,42.874139,11455.960627,533.6512386448622,128.72692320000002,60.435643508771925,25.137232377022116,11.713559416868547,9,14,100-300:300-600,False,True,,2394,99.94996664442962
57,2026-10-07T04:20:47.638+00:00,2026-10-07T04:20:59.715+00:00,2026-10-07T04:21:22.716+00:00,True,379,379.0,,379.0,12076.343607,35077.947447,35077.947469,92.5539511055409,40.252188000000004,12076.343607,617.7201529456644,128.9398273,60.8508038095238,25.514153137706025,10.804509031568594,9,14,100-300:300-600,False,True,,1444,99.94996664442962
58,2026-10-07T04:20:53.027+00:00,2026-10-07T04:21:04.809+00:00,2026-10-07T04:21:37.739+00:00,True,532,532.0,,532.0,11782.487558,44711.629062,44711.629091,84.04441558458647,0.018885000000000002,11782.487558,509.9623090841992,131.58797355,62.01344916007533,43.03107104511392,11.898470513393615,9,14,100-300:300-600,False,True,,2385,99.94996664442962
59,2026-10-07T04:20:56.684+00:00,2026-10-07T04:21:09.207+00:00,2026-10-07T04:22:27.388+00:00,True,1282,1282.0,,1282.0,12522.473219000001,90703.766787,90703.766825,70.75176819422776,0.017924,12522.473219000001,349.7795827554738,129.37115219999998,61.03145477595628,34.89394757480722,14.133922387264526,9,14,1-100:1000-1500,False,True,,4165,99.94996664442962
60,2026-10-07T04:21:01.187+00:00,2026-10-07T04:21:15.829+00:00,2026-10-07T04:21:48.458+00:00,True,522,522.0,,522.0,14642.465035,47271.187979,47271.188195,90.55783179118774,0.017492999999999998,14642.465035,639.7482676392858,133.17723845,62.627107378119,45.34714623843684,11.042667263448001,9,14,100-300:300-600,False,True,,2795,99.94996664442962
61,2026-10-07T04:21:07.731+00:00,2026-10-07T04:21:22.878+00:00,2026-10-07T04:21:42.429+00:00,True,312,312.0,,312.0,15146.657471,34697.792959,34697.792845,111.21087450320513,0.018815000000000002,15146.657471,855.5328924337015,137.90343554999998,62.86538742122187,52.076576308187676,8.991926384731991,9,14,100-300:300-600,False,True,,1502,99.94996664442962
62,2026-10-07T04:21:12.410+00:00,2026-10-07T04:21:28.871+00:00,2026-10-07T04:22:02.210+00:00,True,542,542.0,,542.0,16461.077253,49799.547653,49799.547773,91.88108445202951,0.017873999999999998,16461.077253,705.8274293418356,132.75491325,61.623790018484286,44.64253476709387,10.883632995556919,9,14,100-300:300-600,False,True,,2692,99.94996664442962
63,2026-10-07T04:21:16.713+00:00,2026-10-07T04:21:35.601+00:00,2026-10-07T04:22:09.789+00:00,True,553,553.0,,553.0,18887.355937,53076.168225,53076.168153,95.97860425497288,0.017553,18887.355937,801.7467761878569,130.7169008,61.93625414492754,44.04404032554285,10.418988756982747,9,14,100-300:300-600,False,True,,2206,99.94996664442962
64,2026-10-07T04:21:22.806+00:00,2026-10-07T04:21:41.333+00:00,2026-10-07T04:22:55.033+00:00,True,1216,1216.0,,1216.0,18527.316565,92227.315797,92227.315851,75.84483211430921,37.33375,18527.316565,530.1821686819239,128.00066475000003,60.658435581893,25.527947736022828,13.184813951178166,9,14,1-100:1000-1500,False,True,,3107,99.94996664442962
65,2026-10-07T04:21:26.846+00:00,2026-10-07T04:21:44.464+00:00,2026-10-07T04:22:09.945+00:00,True,418,418.0,,418.0,17618.011358,43098.972638,43098.97259,103.10758992822966,43.359910000000006,17618.011358,859.1234386730692,129.43005300000002,61.10542273381295,25.818226562284135,9.6986070529081,9,14,100-300:300-600,False,True,,1479,99.94996664442962
66,2026-10-07T04:21:30.861+00:00,2026-10-07T04:21:47.434+00:00,2026-10-07T04:22:11.085+00:00,True,386,386.0,,386.0,16572.938864,40223.093104,40223.093237,104.20490475906736,42.593535,16572.938864,840.8171183721106,129.02090525,61.42897205194806,26.07608368355107,9.596477302279224,9,14,100-300:300-600,False,True,,1751,99.94996664442962
67,2026-10-07T04:21:36.558+00:00,2026-10-07T04:21:53.346+00:00,2026-10-07T04:23:06.049+00:00,True,1207,1207.0,,1207.0,16787.379102000003,89490.51791800001,89490.51814100001,74.14293135128418,0.017633,16787.379102000003,482.9729043891752,126.1512263,60.2845263814262,38.120643715546386,13.487462449440418,9,14,1-100:1000-1500,False,True,,2416,99.94996664442962
68,2026-10-07T04:21:43.262+00:00,2026-10-07T04:22:00.750+00:00,2026-10-07T04:23:17.517+00:00,True,1262,1262.0,,1262.0,17487.758479,94254.577295,94254.577285,74.68666979793977,0.017623,17487.758479,492.028064668175,127.15977774999999,60.87773101982553,38.0267547766317,13.389270168282284,9,14,1-100:1000-1500,False,True,,3440,99.94996664442962
69,2026-10-07T04:21:49.350+00:00,2026-10-07T04:22:07.594+00:00,2026-10-07T04:22:31.837+00:00,True,410,410.0,,410.0,18244.209703,42487.382311,42487.382289,103.62776168048781,33.574647,18244.209703,898.4201952586968,122.19142135,59.274260655256725,24.387442165448494,9.64992375851432,9,14,100-300:300-600,False,True,,1905,99.94996664442962
70,2026-10-07T04:21:53.911+00:00,2026-10-07T04:22:10.657+00:00,2026-10-07T04:22:32.461+00:00,True,376,376.0,,376.0,16746.243982,38550.496142,38550.496131,102.52791524202128,37.887688000000004,16746.243982,860.9311703816345,120.79713600000001,58.144672426666666,23.06370332259499,9.753441268693699,9,14,100-300:300-600,False,True,,1526,99.94996664442962
71,2026-10-07T04:22:00.455+00:00,2026-10-07T04:22:15.958+00:00,2026-10-07T04:23:17.254+00:00,True,1009,1009.0,,1009.0,15502.945653,76798.917749,76798.917744,76.11389270961348,0.017192,15502.945653,487.85935229528485,129.32160080000003,60.80949612698413,40.936953029486276,13.138205974434298,9,14,1-100:1000-1500,False,True,,1009,99.94996664442962
72,2026-10-07T04:22:05.033+00:00,2026-10-07T04:22:19.821+00:00,2026-10-07T04:22:44.842+00:00,True,425,425.0,,425.0,14788.673021999999,39809.62611,39809.626256999996,93.66970884,35.212356,14788.673021999999,714.9180748495597,127.79448819999999,59.01168181132075,24.663597415156627,10.675809886424478,9,14,100-300:300-600,False,True,,1522,99.94996664442962
73,2026-10-07T04:22:09.244+00:00,2026-10-07T04:22:25.670+00:00,2026-10-07T04:23:38.539+00:00,True,1209,1209.0,,1209.0,16425.870879000002,89295.01494299999,89295.01508,73.85857326716295,0.017483000000000002,16425.870879000002,472.22256260341504,127.23379639999999,60.32213912582781,38.26473201359643,13.53938963750379,9,14,1-100:1000-1500,False,True,,4513,99.94996664442962
74,2026-10-07T04:22:13.285+00:00,2026-10-07T04:22:31.572+00:00,2026-10-07T04:23:04.356+00:00,True,536,536.0,,536.0,18286.893963,51071.352715,51071.352597,95.28237424813433,0.017213000000000003,18286.893963,788.895424852174,130.93159300000002,61.27936215327103,51.333411203436455,10.495120483514688,9,14,100-300:300-600,False,True,,2806,99.94996664442962
75,2026-10-07T04:22:18.055+00:00,2026-10-07T04:22:36.852+00:00,2026-10-07T04:23:00.110+00:00,True,384,384.0,,384.0,18796.214491,42054.357722999994,42054.357704,109.51655652083333,44.02925,18796.214491,956.4237269286671,130.35314904999998,60.72622253785901,25.244380677801654,9.13103946395515,9,14,100-300:300-600,False,True,,1807,99.94996664442962
76,2026-10-07T04:22:24.797+00:00,2026-10-07T04:22:43.446+00:00,2026-10-07T04:23:18.874+00:00,True,569,569.0,,569.0,18649.712734,54077.772894,54077.772941,95.0400227434095,0.017683,18649.712734,780.8223539202211,131.30148960000002,62.37334535211267,50.01334519718776,10.52188301310632,9,14,100-300:300-600,False,True,,2445,99.94996664442962
77,2026-10-07T04:22:30.706+00:00,2026-10-07T04:22:48.279+00:00,2026-10-07T04:23:18.630+00:00,True,491,491.0,,491.0,17573.607696,47923.930384,47923.930222,97.60474586965377,0.017533,17573.607696,792.0113375483005,131.5923225,61.939434057142854,52.23420662951813,10.245403414656625,9,14,100-300:300-600,False,True,,2174,99.94996664442962
78,2026-10-07T04:22:36.502+00:00,2026-10-07T04:22:57.605+00:00,2026-10-07T04:24:03.605+00:00,True,1092,1092.0,,1092.0,21103.024316,87103.32613999999,87103.326124,79.76495066300366,0.017943999999999998,21103.024316,638.0310821288718,125.47813819999999,60.49523540238313,40.01981263615168,12.536834681201993,9,14,1-100:1000-1500,False,True,,5529,99.94996664442962
79,2026-10-07T04:22:41.710+00:00,2026-10-07T04:23:04.252+00:00,2026-10-07T04:24:28.669+00:00,True,1377,1377.0,,1377.0,22541.910247,106958.70999100001,106958.709865,77.67517056281773,38.558911,22541.910247,606.3788591726649,129.7194928,61.34941841860465,26.148639163759956,12.87412684872384,9,14,1-100:1000-1500,False,True,,2064,99.94996664442962
80,2026-10-07T04:22:45.632+00:00,2026-10-07T04:23:07.206+00:00,2026-10-07T04:23:27.308+00:00,True,331,331.0,,331.0,21573.908640999998,41675.336609,41675.33661,125.90736135951661,40.850533999999996,21573.908640999998,1182.734093632823,124.63926299999999,60.91341808484849,25.44616429174762,7.942347367352011,9,14,100-300:300-600,False,True,,1757,99.94996664442962
81,2026-10-07T04:22:51.169+00:00,2026-10-07T04:23:11.524+00:00,2026-10-07T04:23:41.194+00:00,True,505,505.0,,505.0,20355.147621,50025.056869,50025.056916,99.05951864554456,42.032547,20355.147621,903.478298610723,115.60559140000001,58.86886755555555,23.52611658062872,10.094941047692107,9,14,100-300:300-600,False,True,,2281,99.94996664442962
82,2026-10-07T04:22:55.304+00:00,2026-10-07T04:23:14.075+00:00,2026-10-07T04:23:49.027+00:00,True,587,587.0,,587.0,18770.962473,53723.090729,53723.090635,91.52144912265759,41.820752999999996,18770.962473,772.6847074282111,122.58616179999999,59.64527006143345,24.44127639533543,10.926400399430749,9,14,100-300:300-600,False,True,,3132,99.94996664442962
83,2026-10-07T04:23:01.547+00:00,2026-10-07T04:23:19.010+00:00,2026-10-07T04:23:50.515+00:00,True,535,535.0,,535.0,17463.635945,48968.207337,48968.207266000005,91.52935937570093,37.886449,17463.635945,752.8623214803258,122.80168590000001,58.997324704119855,24.381933751188352,10.925456109065241,9,14,100-300:300-600,False,True,,2453,99.94996664442962
84,2026-10-07T04:23:08.249+00:00,2026-10-07T04:23:26.742+00:00,2026-10-07T04:24:37.498+00:00,True,1157,1157.0,,1157.0,18492.395933,89248.82729300001,89248.82725,77.13813936905791,39.299254999999995,18492.395933,542.4906451829479,130.3722772,61.20798560553634,26.173154484122684,12.963755772404935,9,14,1-100:1000-1500,False,True,,5508,99.94996664442962
85,2026-10-07T04:23:13.074+00:00,2026-10-07T04:23:32.477+00:00,2026-10-07T04:23:57.764+00:00,True,426,426.0,,426.0,19403.080409000002,44689.860057,44689.859992000005,104.90577462910798,43.735791,19403.080409000002,937.5060900961761,126.9018765,59.49830505411765,23.99802984688315,9.532363705248915,9,14,100-300:300-600,False,True,,2124,99.94996664442962
86,2026-10-07T04:23:18.449+00:00,2026-10-07T04:23:38.106+00:00,2026-10-07T04:24:09.108+00:00,True,498,498.0,,498.0,19657.027937,50658.104928999994,50658.104752,101.72310191164658,42.846432,19657.027937,878.4822640562743,132.78911655,62.37641245875251,27.34808268990217,9.830608561018483,9,14,100-300:300-600,False,True,,2758,99.94996664442962
87,2026-10-07T04:23:22.194+00:00,2026-10-07T04:23:41.980+00:00,2026-10-07T04:24:13.861+00:00,True,517,517.0,,517.0,19785.905863,51667.425223,51667.425211,99.93699267117988,40.368668,19785.905863,867.8618947686391,129.84384139999997,61.78589023255814,26.24273272550194,10.006304702984407,9,14,100-300:300-600,False,True,,1663,99.94996664442962
88,2026-10-07T04:23:26.760+00:00,2026-10-07T04:23:46.326+00:00,2026-10-07T04:25:16.779+00:00,True,1467,1467.0,,1467.0,19565.950501,110018.703653,110018.703692,74.99570803817315,0.017342,19565.950501,510.898204240888,129.9560712,61.70037732060027,41.26356193809975,13.334096397162899,9,14,1-100:1000-1500,False,True,,6488,99.94996664442962
89,2026-10-07T04:23:32.377+00:00,2026-10-07T04:23:51.511+00:00,2026-10-07T04:24:20.534+00:00,True,471,471.0,,471.0,19134.540967,48157.024935,48157.024828,102.24421407218684,42.168271,19134.540967,879.22234716528,130.99259949999998,61.749965889361704,26.364329281675406,9.780504519033988,9,14,100-300:300-600,False,True,,2072,99.94996664442962
90,2026-10-07T04:23:38.548+00:00,2026-10-07T04:24:02.473+00:00,2026-10-07T04:24:28.422+00:00,True,411,411.0,,411.0,23924.880858,49873.368537999995,49873.368712,121.34639589294405,36.979428999999996,23924.880858,1177.3391894536717,132.77264,63.288994341463415,28.062043331279558,8.240871071037581,9,14,100-300:300-600,False,True,,1468,99.94996664442962
91,2026-10-07T04:23:42.901+00:00,2026-10-07T04:24:04.938+00:00,2026-10-07T04:24:29.196+00:00,True,392,392.0,,392.0,22037.210118,46295.755269999994,46295.755408,118.10141685714285,37.842805999999996,22037.210118,1110.2343114491318,132.62906285,62.04231496675192,26.71870249697302,8.46729895027804,9,14,100-300:300-600,False,True,,1852,99.94996664442962
92,2026-10-07T04:23:47.072+00:00,2026-10-07T04:24:08.359+00:00,2026-10-07T04:25:24.509+00:00,True,1242,1242.0,,1242.0,21286.563567,97436.42263900001,97436.422648,78.45122596457327,0.017162,21286.563567,603.8552705377152,129.0476451,61.36169143593876,43.748251219231804,12.74677339706513,9,14,1-100:1000-1500,False,True,,4035,99.94996664442962
93,2026-10-07T04:23:51.235+00:00,2026-10-07T04:24:14.014+00:00,2026-10-07T04:24:32.496+00:00,True,301,301.0,,301.0,22778.519307,41260.728843,41260.728882999996,137.07883349833887,36.657595,22778.519307,1309.6601506943275,132.33057699999998,61.60736512,27.08240781807746,7.295072298536615,9,14,100-300:300-600,False,True,,1573,99.94996664442962
94,2026-10-07T04:23:56.689+00:00,2026-10-07T04:24:18.762+00:00,2026-10-07T04:25:31.211+00:00,True,1179,1179.0,,1179.0,22072.634302000002,94521.68851,94521.688376,80.17106732485158,0.017954,22072.634302000002,642.624883360382,129.06478429999999,61.5017438098472,45.116648686142454,12.47332774715791,9,14,1-100:1000-1500,False,True,,4503,99.94996664442962
95,2026-10-07T04:24:01.907+00:00,2026-10-07T04:24:24.947+00:00,2026-10-07T04:24:49.953+00:00,True,405,405.0,,405.0,23039.494974,48045.450302,48045.45036,118.63074162962963,0.017643,23039.494974,1143.7696208427462,129.38818,61.89592902970297,67.7534996919163,8.429518246874272,9,14,100-300:300-600,False,True,,2009,99.94996664442962
96,2026-10-07T04:24:07.798+00:00,2026-10-07T04:24:32.213+00:00,2026-10-07T04:24:55.689+00:00,True,382,382.0,,382.0,24415.318465999997,47891.563713999996,47891.563686999994,125.37058556806282,0.017582999999999998,24415.318465999997,1247.959615267345,128.6818323,61.61744159580053,69.21535778335652,7.976352626137599,9,14,100-300:300-600,False,True,,1793,99.94996664442962
97,2026-10-07T04:24:12.041+00:00,2026-10-07T04:24:35.762+00:00,2026-10-07T04:24:55.453+00:00,True,326,326.0,,326.0,23720.966002,43412.078194,43412.078269,133.1658842607362,0.017843,23720.966002,1312.7280048909845,127.40944375,60.58803751384615,77.80850481783979,7.509430867215579,9,14,100-300:300-600,False,True,,1421,99.94996664442962
98,2026-10-07T04:24:16.084+00:00,2026-10-07T04:24:38.555+00:00,2026-10-07T04:25:00.245+00:00,True,357,357.0,,357.0,22471.721697,44161.182177,44161.182179,123.70079041736695,0.017814,22471.721697,1188.5529833458859,128.6298478,60.925450786516855,76.34935003287013,8.084022718620348,9,14,100-300:300-600,False,True,,1465,99.94996664442962
99,2026-10-07T04:24:19.934+00:00,2026-10-07T04:24:41.819+00:00,2026-10-07T04:25:45.559+00:00,True,1061,1061.0,,1061.0,21885.318558,85625.37667,85625.376802,80.70252290480678,0.017934000000000002,21885.318558,671.5336775724063,125.78134299999999,60.13213029433962,44.79646080417593,12.391186366269565,9,14,1-100:1000-1500,False,True,,5208,99.94996664442962
100,2026-10-07T04:24:25.403+00:00,2026-10-07T04:24:46.407+00:00,2026-10-07T04:25:14.805+00:00,True,466,466.0,,466.0,21004.276325,49402.426981,49402.427028,106.0137919055794,0.017332,21004.276325,972.4716914290194,129.37503299999997,61.07129173333333,66.86412868110108,9.432734958127098,9,14,100-300:300-600,False,True,,2597,99.94996664442962
101,2026-10-07T04:24:31.382+00:00,2026-10-07T04:24:55.052+00:00,2026-10-07T04:25:27.758+00:00,True,531,531.0,,531.0,23669.797397,56375.672853,56375.672861,106.16887544444444,41.827809,23669.797397,1024.8570736198183,130.243961,61.709198973584904,26.933753805819133,9.418956317995292,9,14,100-300:300-600,False,True,,2876,99.94996664442962
102,2026-10-07T04:24:35.183+00:00,2026-10-07T04:24:59.515+00:00,2026-10-07T04:25:29.362+00:00,True,485,485.0,,485.0,24331.999121,54179.161489000006,54179.161514,111.70961136907216,39.984014,24331.999121,1102.373859817461,128.5763514,61.667690842975205,26.373628988827857,8.951781213861523,9,14,100-300:300-600,False,True,,2361,99.94996664442962
103,2026-10-07T04:24:38.898+00:00,2026-10-07T04:25:01.980+00:00,2026-10-07T04:25:27.439+00:00,True,419,419.0,,419.0,23081.999979,48541.315946999996,48541.316034,115.85039626252983,40.021193,23081.999979,1124.9427225518014,127.52589110000001,60.907454468899516,25.51754118280095,8.63182202265564,9,14,100-300:300-600,False,True,,1743,99.94996664442962
104,2026-10-07T04:24:43.450+00:00,2026-10-07T04:25:07.187+00:00,2026-10-07T04:25:27.030+00:00,True,326,326.0,,326.0,23737.077831,43580.229191,43580.22922,133.68168472392637,43.929897,23737.077831,1311.5310619837253,124.96755950000001,61.05585033846154,24.99599362350078,7.480456299833414,9,14,100-300:300-600,False,True,,1774,99.94996664442962
105,2026-10-07T04:24:48.029+00:00,2026-10-07T04:25:10.017+00:00,2026-10-07T04:25:34.338+00:00,True,410,410.0,,410.0,21987.987960000002,46309.067,46309.067016,112.94894394146343,40.967767,21987.987960000002,1083.241786483312,125.288453,59.464740929095356,24.17871335372339,8.853557770878863,9,14,100-300:300-600,False,True,,1848,99.94996664442962
106,2026-10-07T04:24:53.127+00:00,2026-10-07T04:25:15.770+00:00,2026-10-07T04:26:30.521+00:00,True,1250,1250.0,,1250.0,22643.288371,97394.532659,97394.532517,77.9156260136,39.889289,22643.288371,639.2203441024727,124.71351654999998,59.84887453002402,24.3666187538628,12.834395996092809,9,14,1-100:1000-1500,False,True,,1250,99.94996664442962
107,2026-10-07T04:24:59.555+00:00,2026-10-07T04:25:20.480+00:00,2026-10-07T04:25:50.280+00:00,True,507,507.0,,507.0,20924.951541000002,50724.616437000004,50724.616325,100.04855290927023,40.534595,20924.951541000002,927.0138599153277,123.31006979999998,58.8926183715415,24.3661662287591,9.995147043244659,9,14,100-300:300-600,False,True,,1749,99.94996664442962
108,2026-10-07T04:25:03.572+00:00,2026-10-07T04:25:26.166+00:00,2026-10-07T04:26:55.272+00:00,True,1490,1490.0,,1490.0,22593.394854,111699.85859799999,111699.858731,74.96634814161074,0.017222,22593.394854,585.6919795880966,124.9614688,59.84315899529886,47.51261234551637,13.33931858734402,9,14,1-100:1000-1500,False,True,,2981,99.94996664442962
109,2026-10-07T04:25:10.266+00:00,2026-10-07T04:25:32.169+00:00,2026-10-07T04:26:52.968+00:00,True,1339,1339.0,,1339.0,21902.462759,102701.902887,102701.902947,76.70045029648992,0.018174,21902.462759,598.8588661332423,125.63811890000001,60.388221321375184,48.38150869343633,13.037733112630482,9,14,1-100:1000-1500,False,True,,4687,99.94996664442962
110,2026-10-07T04:25:16.623+00:00,2026-10-07T04:25:38.365+00:00,2026-10-07T04:27:00.563+00:00,True,1365,1365.0,,1365.0,21741.500888,103939.39989599999,103939.400055,76.14608062637363,0.017462,21741.500888,588.8685206724684,124.9777738,60.26238930205279,48.885475679046465,13.13265230861248,9,14,1-100:1000-1500,False,True,,3752,99.94996664442962
111,2026-10-07T04:25:22.962+00:00,2026-10-07T04:25:44.147+00:00,2026-10-07T04:26:05.198+00:00,True,358,358.0,,358.0,21184.615725000003,42236.49054100001,42236.490452000005,117.97902360893856,42.405711000000004,21184.615725000003,1116.779429452127,123.86106125,58.96883701960784,23.864602441914226,8.476083012921741,9,14,100-300:300-600,False,True,,1814,99.94996664442962
112,2026-10-07T04:25:28.413+00:00,2026-10-07T04:25:49.989+00:00,2026-10-07T04:26:17.236+00:00,True,457,457.0,,457.0,21576.582852000003,48822.931652,48822.931568,106.83354828884026,39.886885,21576.582852000003,1006.8110647738459,126.6566918,59.7507649122807,24.443460006345354,9.36035556523733,9,14,100-300:300-600,False,True,,2127,99.94996664442962
113,2026-10-07T04:25:34.515+00:00,2026-10-07T04:25:56.732+00:00,2026-10-07T04:26:31.225+00:00,True,568,568.0,,568.0,22217.123600000003,56709.931536000004,56709.931605000005,99.84142888204225,43.030986,22217.123600000003,929.9998743969635,127.24171985000001,60.833876430335096,25.263838814318223,10.015882308717446,9,14,100-300:300-600,False,True,,2163,99.94996664442962
114,2026-10-07T04:25:38.283+00:00,2026-10-07T04:26:01.196+00:00,2026-10-07T04:26:25.670+00:00,True,407,407.0,,407.0,22912.962111,47386.195263,47386.195316,116.42799831941032,43.543987,22912.962111,1133.028716269029,126.1962793,60.27889938916256,24.453576874378733,8.58899934339723,9,14,100-300:300-600,False,True,,1714,99.94996664442962
115,2026-10-07T04:25:44.041+00:00,2026-10-07T04:26:05.432+00:00,2026-10-07T04:26:27.271+00:00,True,364,364.0,,364.0,21390.33116,43229.63484,43229.634966000005,118.76273342307692,42.952339,21390.33116,1118.2681079278009,125.00468795,60.16337101928375,24.30974829150788,8.420149773349324,9,14,100-300:300-600,False,True,,1417,99.94996664442962
116,2026-10-07T04:25:50.813+00:00,2026-10-07T04:26:11.652+00:00,2026-10-07T04:26:42.739+00:00,True,515,515.0,,515.0,20839.26177,51926.334794,51926.33477,100.82783450485437,37.521451,20839.26177,915.9670053366601,127.67104859999999,60.48068681712062,25.1442737268732,9.917896228245006,9,14,100-300:300-600,False,True,,2538,99.94996664442962
117,2026-10-07T04:25:57.441+00:00,2026-10-07T04:26:19.186+00:00,2026-10-07T04:27:36.914+00:00,True,1274,1274.0,,1274.0,21745.097059,99473.90832300001,99473.908202,78.07999073940346,0.017603,21745.097059,609.5088653780763,127.9506172,61.059553231736054,49.30678630594677,12.807378552607148,9,14,1-100:1000-1500,False,True,,2050,99.94996664442962
118,2026-10-07T04:26:01.110+00:00,2026-10-07T04:26:24.208+00:00,2026-10-07T04:26:50.022+00:00,True,423,423.0,,423.0,23098.071605999998,48912.94392599999,48912.944013,115.63343738297871,36.546803999999995,23098.071605999998,1120.3838978213937,128.3066591,61.172683222748816,25.588009152951187,8.64801760122951,9,14,100-300:300-600,False,True,,1666,99.94996664442962
119,2026-10-07T04:26:04.820+00:00,2026-10-07T04:26:27.889+00:00,2026-10-07T04:26:57.104+00:00,True,484,484.0,,484.0,23069.118057,52283.935593,52283.93569,108.02466051652893,0.017683,23069.118057,1048.679856707532,127.6980271,60.486164670807455,77.11034397387021,9.257145517270509,9,14,100-300:300-600,False,True,,1922,99.94996664442962
120,2026-10-07T04:26:10.375+00:00,2026-10-07T04:26:33.751+00:00,2026-10-07T04:27:58.136+00:00,True,1383,1383.0,,1383.0,23376.284328,107761.0042,107761.004285,77.91829666305134,0.017924,23376.284328,628.9571287457209,128.4491392,61.05985518958032,50.304627115994414,12.833956126032463,9,14,1-100:1000-1500,False,True,,4910,99.94996664442962
121,2026-10-07T04:26:17.028+00:00,2026-10-07T04:26:39.710+00:00,2026-10-07T04:27:04.431+00:00,True,412,412.0,,412.0,22682.091920000003,47403.09441600001,47403.094278000004,115.05605407281554,0.018024000000000002,22682.091920000003,1117.6310086491121,124.51379625000001,60.14842456447688,83.65883856297677,8.691415720340343,9,14,100-300:300-600,False,True,,1459,99.94996664442962
122,2026-10-07T04:26:22.411+00:00,2026-10-07T04:26:45.507+00:00,2026-10-07T04:27:11.953+00:00,True,442,442.0,,442.0,23095.870263999997,49541.44876,49541.448811999995,112.08472581900452,0.017353,23095.870263999997,1098.3729856617122,116.24875520000002,59.96729817687075,76.58009944812423,8.921822253144782,9,14,100-300:300-600,False,True,,1776,99.94996664442962
123,2026-10-07T04:26:28.244+00:00,2026-10-07T04:26:53.827+00:00,2026-10-07T04:27:19.619+00:00,True,426,426.0,,426.0,25583.132444,51375.423004,51375.4231,120.59958474178404,41.679724,25583.132444,1236.8153265323613,119.85937975,60.68774249411765,24.838040540377435,8.291902530259117,9,14,100-300:300-600,False,True,,1979,99.94996664442962
124,2026-10-07T04:26:34.750+00:00,2026-10-07T04:26:59.085+00:00,2026-10-07T04:27:22.833+00:00,True,394,394.0,,394.0,24335.3874,48082.901767999996,48082.901746,122.03782169035533,41.964878,24335.3874,1223.2021205845867,118.7093378,60.42624521119593,24.624045073312054,8.19418099808223,9,14,100-300:300-600,False,True,,1414,99.94996664442962
125,2026-10-07T04:26:38.427+00:00,2026-10-07T04:27:03.815+00:00,2026-10-07T04:27:39.869+00:00,True,588,588.0,,588.0,25388.55983,61442.325206,61442.325141,104.49375023979592,40.762574,25388.55983,1044.787851754111,127.50062874999999,61.42038394548552,25.644064170964466,9.569950323796995,9,14,100-300:300-600,False,True,,2986,99.94996664442962
126,2026-10-07T04:26:44.942+00:00,2026-10-07T04:27:09.656+00:00,2026-10-07T04:27:41.920+00:00,True,521,521.0,,521.0,24714.297690000003,56978.053466000005,56978.053490000006,109.36286658349329,43.746767999999996,24714.297690000003,1080.3550517264623,129.122902,62.04568418461538,26.329971900789747,9.143871513808234,9,14,100-300:300-600,False,True,,2494,99.94996664442962
127,2026-10-07T04:26:51.226+00:00,2026-10-07T04:27:18.762+00:00,2026-10-07T04:27:46.820+00:00,True,451,451.0,,451.0,27535.929982,55593.864062,55593.863987000004,123.26799110199556,38.487832000000004,27535.929982,1293.9688778190416,132.009883,62.35096462222222,27.35643347757591,8.11240606511954,9,14,100-300:300-600,False,True,,2143,99.94996664442962
128,2026-10-07T04:26:57.509+00:00,2026-10-07T04:27:25.542+00:00,2026-10-07T04:28:43.642+00:00,True,1262,1262.0,,1262.0,28033.092223,106133.312639,106133.312745,84.09929694532488,30.296222,28033.092223,787.8411495544727,132.32254635,61.93514703885805,27.154108793443402,11.890705836088852,9,14,1-100:1000-1500,False,True,,1262,99.94996664442962
129,2026-10-07T04:27:02.462+00:00,2026-10-07T04:27:31.125+00:00,2026-10-07T04:28:55.984+00:00,True,1378,1378.0,,1378.0,28663.290361000003,113522.042105,113522.042072,82.3817431582003,33.119602,28663.290361000003,770.9381224183848,131.63144334999998,61.62581825998548,26.307594015259134,12.1386118012698,9,14,1-100:1000-1500,False,True,,1803,99.94996664442962
130,2026-10-07T04:27:06.976+00:00,2026-10-07T04:27:34.836+00:00,2026-10-07T04:27:54.125+00:00,True,320,320.0,,320.0,27859.575683,47148.974467,47148.974453,147.340545165625,42.554263,27859.575683,1554.2213466687763,130.51707810000002,60.4683347460815,25.220713554766878,6.78699809735991,9,14,100-300:300-600,False,True,,1364,99.94996664442962
131,2026-10-07T04:27:12.660+00:00,2026-10-07T04:27:41.539+00:00,2026-10-07T04:28:17.090+00:00,True,573,573.0,,573.0,28879.064039,64429.78915900001,64429.789168,112.44291303315882,39.687249,28879.064039,1204.1372486806245,133.7774536,62.151617342657346,26.60616683369898,8.89340175529597,9,14,100-300:300-600,False,True,,2718,99.94996664442962
132,2026-10-07T04:27:17.424+00:00,2026-10-07T04:27:47.304+00:00,2026-10-07T04:28:16.134+00:00,True,466,466.0,,466.0,29879.504019,58710.094227,58710.094141,125.98732648283261,44.684132,29879.504019,1381.5198256627293,134.70027225,62.00126926451613,26.345372508270472,7.937306286687797,9,14,100-300:300-600,False,True,,1800,99.94996664442962
133,2026-10-07T04:27:21.299+00:00,2026-10-07T04:27:52.732+00:00,2026-10-07T04:28:23.154+00:00,True,492,492.0,,492.0,31433.024466,61854.484178,61854.484017999996,125.72049597154471,44.291778,31433.024466,1414.558322400716,131.85835534999998,61.95816641955193,26.160330248880115,7.954152500636185,9,14,100-300:300-600,False,True,,984,99.94996664442962
134,2026-10-07T04:27:27.373+00:00,2026-10-07T04:27:58.814+00:00,2026-10-07T04:28:26.247+00:00,True,449,449.0,,449.0,31440.60627,58873.693502,58873.693542,131.12181189755012,34.958419,31440.60627,1481.0990469930111,130.13428299999998,61.23456971428572,25.2599416917213,7.62649620385626,9,14,100-300:300-600,False,True,,1725,99.94996664442962
135,2026-10-07T04:27:31.360+00:00,2026-10-07T04:28:06.902+00:00,2026-10-07T04:28:31.731+00:00,True,400,400.0,,400.0,35542.537697,60371.166689000005,60371.166594,150.927916485,34.989187,35542.537697,1774.2068220108836,128.85154500000002,62.22714033082706,26.08561773672141,6.625679474782826,9,14,100-300:300-600,False,True,,1922,99.94996664442962
136,2026-10-07T04:27:36.084+00:00,2026-10-07T04:28:11.078+00:00,2026-10-07T04:28:34.752+00:00,True,389,389.0,,389.0,34993.978721,58668.481889,58668.481874,150.818719470437,35.966658,34993.978721,1771.3567595829854,131.55681140000002,61.01676074226804,25.652606596528543,6.630476662682066,9,14,100-300:300-600,False,True,,1954,99.94996664442962
137,2026-10-07T04:27:40.562+00:00,2026-10-07T04:28:16.655+00:00,2026-10-07T04:29:37.626+00:00,True,1349,1349.0,,1349.0,36093.217472000004,117063.83712000001,117063.83726,86.77823369903632,0.017092,36093.217472000004,982.6352386677285,126.1893404,60.06722525816024,55.61051266055249,11.523627049890433,9,14,1-100:1000-1500,False,True,,3469,99.94996664442962
138,2026-10-07T04:27:46.496+00:00,2026-10-07T04:28:23.148+00:00,2026-10-07T04:28:42.973+00:00,True,321,321.0,,321.0,36652.478203,56477.907451,56477.907371,175.94363666978194,33.651559999999996,36652.478203,2042.4600928828902,131.74581799999999,61.9544664,26.870752208036652,5.683638337317973,9,14,100-300:300-600,False,True,,1524,99.94996664442962
139,2026-10-07T04:27:51.913+00:00,2026-10-07T04:28:29.631+00:00,2026-10-07T04:29:30.519+00:00,True,1015,1015.0,,1015.0,37717.881193,98605.216617,98605.216765,97.14799681280789,0.017383,37717.881193,1183.6569877813515,125.64442,60.04668187771203,62.39014803734928,10.293573046367705,9,14,1-100:1000-1500,False,True,,2364,99.94996664442962
140,2026-10-07T04:27:58.020+00:00,2026-10-07T04:28:35.137+00:00,2026-10-07T04:28:54.546+00:00,True,320,320.0,,320.0,37117.175795,56525.699571000005,56525.699451,176.642810784375,40.673639,37117.175795,2071.6682437947234,127.76988025,60.84176732288402,25.47912997151923,5.661141789108845,9,14,100-300:300-600,False,True,,1507,99.94996664442962
141,2026-10-07T04:28:03.864+00:00,2026-10-07T04:28:40.615+00:00,2026-10-07T04:29:13.891+00:00,True,554,554.0,,554.0,36750.816060000005,70027.202108,70027.20221100001,126.40289207761734,41.951142999999995,36750.816060000005,1559.022467486028,116.65345085000001,60.17429665099458,24.13388831969793,7.911211405327736,9,14,100-300:300-600,False,True,,2498,99.94996664442962
142,2026-10-07T04:28:10.075+00:00,2026-10-07T04:28:47.637+00:00,2026-10-07T04:29:50.764+00:00,True,1053,1053.0,,1053.0,37562.470118,100688.89239,100688.892443,95.6209804776828,0.016440999999999997,37562.470118,1157.4749612710505,125.1304236,60.00610482129277,64.08274465322091,10.457955937397715,9,14,1-100:1000-1500,False,True,,5219,99.94996664442962
143,2026-10-07T04:28:14.783+00:00,2026-10-07T04:28:51.792+00:00,2026-10-07T04:29:10.991+00:00,True,323,323.0,,323.0,37009.116666,56207.858682000006,56207.858736,174.01813850154798,42.488466,37009.116666,2056.060453824992,112.4789876,59.62342240993789,23.654695725699757,5.746527399796453,9,14,100-300:300-600,False,True,,1730,99.94996664442962
144,2026-10-07T04:28:21.077+00:00,2026-10-07T04:28:57.180+00:00,2026-10-07T04:30:03.254+00:00,True,1090,1090.0,,1090.0,36103.025074,102177.609906,102177.609854,93.74092647155963,0.01607,36103.025074,1093.5144572147797,125.0586296,60.67454989164371,63.14739066971955,10.667699127066719,9,14,1-100:1000-1500,False,True,,1100,99.94996664442962
145,2026-10-07T04:28:25.593+00:00,2026-10-07T04:29:02.816+00:00,2026-10-07T04:29:31.171+00:00,True,478,478.0,,478.0,37223.230605,65577.740685,65577.740523,137.1919257803347,0.017643,37223.230605,1702.084937800065,124.1466053,59.443417358490564,87.63676741182914,7.289058680689436,9,14,100-300:300-600,False,True,,2607,99.94996664442962
146,2026-10-07T04:28:31.283+00:00,2026-10-07T04:29:07.670+00:00,2026-10-07T04:30:11.587+00:00,True,1051,1051.0,,1051.0,36386.72475,100303.69422199999,100303.694223,95.43643598763083,0.017543,36386.72475,1122.186383315425,127.41958749999999,60.87330425904762,61.40586704577391,10.478178377696084,9,14,1-100:1000-1500,False,True,,1051,99.94996664442962
147,2026-10-07T04:28:37.920+00:00,2026-10-07T04:29:13.687+00:00,2026-10-07T04:30:16.419+00:00,True,1025,1025.0,,1025.0,35767.058694,98498.725126,98498.725142,96.09631721170732,0.016850999999999998,35767.058694,1117.0889353832808,130.14638979999998,61.261393,63.89784440417328,10.406226057127292,9,14,1-100:1000-1500,False,True,,5672,99.94996664442962
148,2026-10-07T04:28:44.497+00:00,2026-10-07T04:29:21.297+00:00,2026-10-07T04:30:22.394+00:00,True,1007,1007.0,,1007.0,36800.399471000004,97897.169775,97897.16990000001,97.21665332671301,0.017672999999999998,36800.399471000004,1158.0956849809627,131.5393941,60.73237604771372,27.679963707646372,10.286303499012465,9,14,1-100:1000-1500,False,True,,3218,99.94996664442962
149,2026-10-07T04:28:50.781+00:00,2026-10-07T04:29:27.265+00:00,2026-10-07T04:29:53.790+00:00,True,436,436.0,,436.0,36484.339531000005,63009.881419000005,63009.881261,144.51807628669727,42.489157,36484.339531000005,1744.551415489503,130.95679,60.97825721379311,25.69308312926449,6.919549603667855,9,14,100-300:300-600,False,True,,2082,99.94996664442962
150,2026-10-07T04:28:55.189+00:00,2026-10-07T04:29:31.572+00:00,2026-10-07T04:30:00.556+00:00,True,470,470.0,,470.0,36383.485741,65367.757100999996,65367.75730899999,139.08033469999998,43.935868,36383.485741,1675.598182676045,131.31597814999998,61.80015215351813,26.158217145383652,7.190089133298562,9,14,100-300:300-600,False,True,,2153,99.94996664442962
151,2026-10-07T04:28:59.952+00:00,2026-10-07T04:29:40.114+00:00,2026-10-07T04:31:05.069+00:00,True,1366,1366.0,,1366.0,40162.103805,125117.153789,125117.153622,91.59381670717423,40.393491999999995,40162.103805,1085.2958285028762,129.8656595,62.238131856410256,26.618232142324345,10.91776753732465,9,14,1-100:1000-1500,False,True,,4161,99.94996664442962
152,2026-10-07T04:29:06.098+00:00,2026-10-07T04:29:46.773+00:00,2026-10-07T04:30:07.218+00:00,True,323,323.0,,323.0,40675.561494,61119.87663,61119.876663,189.22562434365327,44.431175,40675.561494,2259.8755833593887,131.0920004,63.49166191304348,26.896856499441117,5.284696530972039,9,14,100-300:300-600,False,True,,1296,99.94996664442962
153,2026-10-07T04:29:12.136+00:00,2026-10-07T04:29:53.790+00:00,2026-10-07T04:31:14.048+00:00,True,1294,1294.0,,1294.0,41653.301365,121912.12786099999,121912.12791,94.21339096599691,39.3521,41653.301365,1156.51263211895,130.1449243,62.07179156689869,26.709211324469287,10.614202398922725,9,14,1-100:1000-1500,False,True,,5407,99.94996664442962
154,2026-10-07T04:29:17.744+00:00,2026-10-07T04:30:00.508+00:00,2026-10-07T04:30:25.576+00:00,True,400,400.0,,400.0,42764.41876,67832.47636,67832.476409,169.5811910225,42.698458,42764.41876,2135.248377201953,129.56705945,62.82721203007519,26.882004845930847,5.8968803951240565,9,14,100-300:300-600,False,True,,1940,99.94996664442962
155,2026-10-07T04:29:22.061+00:00,2026-10-07T04:30:04.529+00:00,2026-10-07T04:30:35.657+00:00,True,498,498.0,,498.0,42467.922659,73596.235491,73596.23571600001,147.78360585542168,40.496843,42467.922659,1900.4175052169371,130.264259,62.63242018511067,26.970992177892917,6.766650449952699,9,14,100-300:300-600,False,True,,2010,99.94996664442962
156,2026-10-07T04:29:26.249+00:00,2026-10-07T04:30:09.404+00:00,2026-10-07T04:31:13.795+00:00,True,1041,1041.0,,1041.0,43154.86495,107546.572086,107546.572063,103.31082811047071,42.543207,43154.86495,1335.8816250955883,130.264682,61.91510301538462,26.7674940843056,9.679527481057795,9,14,1-100:1000-1500,False,True,,2604,99.94996664442962
157,2026-10-07T04:29:31.783+00:00,2026-10-07T04:30:15.003+00:00,2026-10-07T04:31:38.272+00:00,True,1363,1363.0,,1363.0,43220.301632,126489.035584,126489.03566000001,92.80193371973589,38.237088,43220.301632,1169.31784241452,127.66915519999999,61.13710275477239,26.02050605016768,10.775637538123583,9,14,1-100:1000-1500,False,True,,2163,99.94996664442962
158,2026-10-07T04:29:37.092+00:00,2026-10-07T04:30:19.989+00:00,2026-10-07T04:30:44.139+00:00,True,396,396.0,,396.0,42896.549947,67046.960187,67046.960392,169.31050604040405,41.329575,42896.549947,2152.7206588280837,127.48923274999999,61.14027908860759,26.306334350376215,5.906308039850283,9,14,100-300:300-600,False,True,,1744,99.94996664442962
159,2026-10-07T04:29:40.884+00:00,2026-10-07T04:30:24.066+00:00,2026-10-07T04:31:37.382+00:00,True,1207,1207.0,,1207.0,43181.350768,116497.488496,116497.48854199999,96.51821751615576,40.614707,43181.350768,1241.4284769880264,125.73187549999999,60.79281735323383,25.41678090252682,10.36073837799038,9,14,1-100:1000-1500,False,True,,2868,99.94996664442962
160,2026-10-07T04:29:45.747+00:00,2026-10-07T04:30:28.632+00:00,2026-10-07T04:31:02.772+00:00,True,564,564.0,,564.0,42884.632902000005,77024.94727,77024.94728000001,136.56905546099293,39.959556,42884.632902000005,1803.4013587370184,128.09648795000004,60.6399899964476,25.920908978674188,7.32230296793295,9,14,100-300:300-600,False,True,,2513,99.94996664442962
161,2026-10-07T04:29:50.417+00:00,2026-10-07T04:30:33.459+00:00,2026-10-07T04:30:56.528+00:00,True,392,392.0,,392.0,43041.652182,66110.731222,66110.731193,168.64982447193876,43.075906,43041.652182,2171.0876679535468,124.95023819999999,59.00020214833759,24.32315818612686,5.9294458366170995,9,14,100-300:300-600,False,True,,2045,99.94996664442962
162,2026-10-07T04:29:54.443+00:00,2026-10-07T04:30:36.204+00:00,2026-10-07T04:30:56.477+00:00,True,347,347.0,,347.0,41761.429689000004,62034.63621700001,62034.636137,178.77416754178677,42.238989000000004,41761.429689000004,2238.8514471989965,124.79954199999999,58.59308245086705,23.77544707108936,5.59364930885027,9,14,100-300:300-600,False,True,,1474,99.94996664442962
163,2026-10-07T04:29:58.631+00:00,2026-10-07T04:30:40.302+00:00,2026-10-07T04:31:04.443+00:00,True,401,401.0,,401.0,41671.051876000005,65811.420004,65811.419997,164.1182543566085,44.093402999999995,41671.051876000005,2078.0921938432643,127.01647499999999,60.35092032,25.243869781657175,6.09316741647008,9,14,100-300:300-600,False,True,,2024,99.94996664442962
164,2026-10-07T04:30:05.401+00:00,2026-10-07T04:30:49.533+00:00,2026-10-07T04:31:17.463+00:00,True,449,449.0,,449.0,44132.270939999995,72062.278492,72062.27842399999,160.49505216926502,43.188849999999995,44132.270939999995,2079.9594714720197,130.9441964,62.34376685714286,26.701918104303,6.230721667367841,9,14,100-300:300-600,False,True,,1629,99.94996664442962
165,2026-10-07T04:30:09.540+00:00,2026-10-07T04:30:56.106+00:00,2026-10-07T04:31:19.673+00:00,True,368,368.0,,368.0,46565.684195,70132.985315,70132.985247,190.57876425815218,40.615145,46565.684195,2424.220372048214,131.30133045,64.21607934604904,28.217189443296473,5.247174326704333,9,14,100-300:300-600,False,True,,1573,99.94996664442962
166,2026-10-07T04:30:13.225+00:00,2026-10-07T04:30:58.268+00:00,2026-10-07T04:31:20.557+00:00,True,354,354.0,,354.0,45043.098108000006,67331.43782,67331.43788000001,190.20180192090396,41.057393,45043.098108000006,2390.8100583383753,128.43208055000002,63.139772555240796,27.01895308314767,5.257573749521929,9,14,100-300:300-600,False,True,,1414,99.94996664442962
167,2026-10-07T04:30:17.147+00:00,2026-10-07T04:31:02.726+00:00,2026-10-07T04:31:31.869+00:00,True,478,478.0,,478.0,45579.056857,74721.827801,74721.827871,156.32181562970712,39.740055,45579.056857,2082.111109609066,127.59956340000001,61.09595585744235,26.479942573753416,6.397059789182552,9,14,100-300:300-600,False,True,,2205,99.94996664442962
168,2026-10-07T04:30:22.005+00:00,2026-10-07T04:31:07.488+00:00,2026-10-07T04:31:43.545+00:00,True,598,598.0,,598.0,45482.800637,81540.015613,81540.015495,136.35454096153848,40.487345,45482.800637,1857.6245432983783,123.3993984,60.397345018425455,24.729993221086094,7.333822485860064,9,14,100-300:300-600,False,True,,3341,99.94996664442962
169,2026-10-07T04:30:27.825+00:00,2026-10-07T04:31:12.023+00:00,2026-10-07T04:31:34.044+00:00,True,367,367.0,,367.0,44198.678152,66219.419016,66219.418884,180.43438388010898,41.662036,44198.678152,2304.144914409888,122.45141890000001,60.16595864480875,24.821369456288803,5.542180910879407,9,14,100-300:300-600,False,True,,1753,99.94996664442962
170,2026-10-07T04:30:32.496+00:00,2026-10-07T04:31:16.014+00:00,2026-10-07T04:31:38.861+00:00,True,385,385.0,,385.0,43517.665061,66364.802853,66364.802926,172.3761114961039,40.966091,43517.665061,2214.9653346748137,122.7999626,59.497754666666665,24.216789585986543,5.801267892753127,9,14,100-300:300-600,False,True,,1858,99.94996664442962
171,2026-10-07T04:30:38.316+00:00,2026-10-07T04:31:20.725+00:00,2026-10-07T04:31:52.258+00:00,True,540,540.0,,540.0,42409.238781,73942.052861,73942.052867,136.9297275314815,40.645291,42409.238781,1822.6346847739937,118.95434340000001,58.50243799628942,23.339751129593893,7.303016066041867,9,14,100-300:300-600,False,True,,2476,99.94996664442962
172,2026-10-07T04:30:44.111+00:00,2026-10-07T04:31:27.036+00:00,2026-10-07T04:31:54.076+00:00,True,463,463.0,,463.0,42924.303085,69964.448237,69964.44828899999,151.1111194146868,41.643692,42924.303085,1992.2737805180761,120.23667209999999,58.52845270995671,22.983448016814407,6.6176467001014245,9,14,100-300:300-600,False,True,,1828,99.94996664442962
173,2026-10-07T04:30:48.051+00:00,2026-10-07T04:31:30.206+00:00,2026-10-07T04:32:50.711+00:00,True,1325,1325.0,,1325.0,42155.300577,122659.892705,122659.892634,92.57350387471698,0.012804,42155.300577,1158.3174079734915,127.3121668,60.80407260422961,66.21414185440851,10.802226960907726,9,14,1-100:1000-1500,False,True,,9847,99.94996664442962
174,2026-10-07T04:30:51.878+00:00,2026-10-07T04:31:34.188+00:00,2026-10-07T04:32:51.014+00:00,True,1259,1259.0,,1259.0,42310.036276,119135.75506,119135.75511299999,94.62728761953932,0.012644,42310.036276,1192.545240284062,127.9298557,61.06972876311605,66.29829722303359,10.567776226087068,9,14,1-100:1000-1500,False,True,,1269,99.94996664442962
175,2026-10-07T04:30:58.325+00:00,2026-10-07T04:31:39.551+00:00,2026-10-07T04:32:08.990+00:00,True,498,498.0,,498.0,41225.871646,70664.937246,70664.93724,141.8974643373494,40.290305000000004,41225.871646,1844.8800080899114,125.34006604999999,59.2335323943662,24.23333074129247,7.047342280462993,9,14,100-300:300-600,False,True,,2091,99.94996664442962
176,2026-10-07T04:31:03.232+00:00,2026-10-07T04:31:45.668+00:00,2026-10-07T04:32:19.285+00:00,True,553,553.0,,553.0,42436.118740000005,76052.459732,76052.45994300001,137.52705233815553,40.516991000000004,42436.118740000005,1802.1675074916627,130.0605718,60.89916846376812,26.183561686005806,7.271296706887687,9,14,100-300:300-600,False,True,,2102,99.94996664442962
177,2026-10-07T04:31:08.477+00:00,2026-10-07T04:31:51.229+00:00,2026-10-07T04:32:16.969+00:00,True,424,424.0,,424.0,42751.337346,68491.417218,68491.417228,161.53636138679246,40.712617,42751.337346,2073.3942224472385,130.7396227,60.85125265248227,25.864074030780714,6.190556674429128,9,14,100-300:300-600,False,True,,2017,99.94996664442962
178,2026-10-07T04:31:13.579+00:00,2026-10-07T04:31:57.278+00:00,2026-10-07T04:33:29.599+00:00,True,1500,1500.0,,1500.0,43699.08224,136020.435968,136020.435869,90.68029057933333,0.013515000000000001,43699.08224,1128.4105725164782,128.54557229999998,61.58862823749166,61.852563970945084,11.027754684986364,9,14,1-100:1000-1500,False,True,,1501,99.94996664442962
179,2026-10-07T04:31:19.449+00:00,2026-10-07T04:32:03.607+00:00,2026-10-07T04:33:22.474+00:00,True,1270,1270.0,,1270.0,44157.769948,123024.624348,123024.624157,96.8697828007874,0.012794,44157.769948,1239.232227917132,129.67266225,62.14882143420016,68.24823118983548,10.323136581238797,9,14,1-100:1000-1500,False,True,,1270,99.94996664442962
180,2026-10-07T04:31:23.371+00:00,2026-10-07T04:32:08.081+00:00,2026-10-07T04:32:37.261+00:00,True,477,477.0,,477.0,44709.853832999994,73889.712009,73889.71203,154.90505666666667,0.012494,44709.853832999994,2047.1070442016928,130.2602416,61.30222305882353,106.95951914926171,6.4555671829103884,9,14,100-300:300-600,False,True,,2764,99.94996664442962
181,2026-10-07T04:31:29.556+00:00,2026-10-07T04:32:15.487+00:00,2026-10-07T04:32:36.964+00:00,True,352,352.0,,352.0,45931.444126,67408.093598,67408.09351600001,191.50026567045455,0.012664,45931.444126,2447.909457380101,124.4995269,61.18703553276353,121.66141464395787,5.221924864085517,9,14,100-300:300-600,False,True,,1640,99.94996664442962
182,2026-10-07T04:31:35.067+00:00,2026-10-07T04:32:21.633+00:00,2026-10-07T04:32:43.072+00:00,True,349,349.0,,349.0,46565.691722999996,68004.372299,68004.372474,194.8549354555874,0.013014,46565.691722999996,2492.2021342914813,130.6130086,61.60540395402299,120.2720014312114,5.1320229597227245,9,14,100-300:300-600,False,True,,1707,99.94996664442962
183,2026-10-07T04:31:40.737+00:00,2026-10-07T04:32:28.612+00:00,2026-10-07T04:32:48.871+00:00,True,324,324.0,,324.0,47875.260681,68134.711817,68134.711906,210.29232069753087,45.18347,47875.260681,2656.391236699065,135.85512915,62.72275893498452,27.22945289728183,4.7552853950599685,9,14,100-300:300-600,False,True,,1377,99.94996664442962
184,2026-10-07T04:31:45.403+00:00,2026-10-07T04:32:35.752+00:00,2026-10-07T04:33:55.664+00:00,True,1299,1299.0,,1299.0,50349.068287,130260.781311,130260.781227,100.27773766512702,38.83556,50349.068287,1395.505728168611,127.37423070000001,61.56526427118644,26.136896038331155,9.972303151618704,9,14,1-100:1000-1500,False,True,,5881,99.94996664442962
185,2026-10-07T04:31:49.195+00:00,2026-10-07T04:32:38.097+00:00,2026-10-07T04:33:52.038+00:00,True,1205,1205.0,,1205.0,48901.419807,122842.971935,122842.971891,101.944375013278,39.850483,48901.419807,1407.2069346760209,127.51424560000001,61.41324927574751,26.29605799774385,9.809270982450691,9,14,1-100:1000-1500,False,True,,1205,99.94996664442962
186,2026-10-07T04:31:54.939+00:00,2026-10-07T04:32:44.691+00:00,2026-10-07T04:33:10.669+00:00,True,418,418.0,,418.0,49751.855353,75730.363641,75730.363687,181.17311886842106,41.101256,49751.855353,2430.5444831807076,131.29494665,62.2985810263789,26.928275263585462,5.519582633744243,9,14,100-300:300-600,False,True,,1839,99.94996664442962
187,2026-10-07T04:32:00.525+00:00,2026-10-07T04:32:49.846+00:00,2026-10-07T04:33:15.903+00:00,True,416,416.0,,416.0,49321.810426,75378.74098599999,75378.74092899999,181.1988964639423,39.163535,49321.810426,2415.281090535196,131.57202875,62.78778448192771,27.729884771002055,5.518797403067042,9,14,100-300:300-600,False,True,,1364,99.94996664442962
188,2026-10-07T04:32:05.236+00:00,2026-10-07T04:32:53.534+00:00,2026-10-07T04:33:23.247+00:00,True,485,485.0,,485.0,48298.014917,78011.49075699999,78011.490749,160.8484345340206,41.789495,48298.014917,2190.465744305494,126.60653119999999,61.39147900826446,25.95874884578491,6.217032840850831,9,14,100-300:300-600,False,True,,2326,99.94996664442962
189,2026-10-07T04:32:10.799+00:00,2026-10-07T04:33:01.535+00:00,2026-10-07T04:33:23.195+00:00,True,350,350.0,,350.0,50735.817361,72395.319185,72395.31935800001,206.84376959428573,42.721324,50735.817361,2708.7611914909494,127.74481530000001,62.06160981088825,27.08352025778135,4.834566708734375,9,14,100-300:300-600,False,True,,1224,99.94996664442962
190,2026-10-07T04:32:14.491+00:00,2026-10-07T04:33:05.778+00:00,2026-10-07T04:34:27.479+00:00,True,1347,1347.0,,1347.0,51286.18727,132987.102726,132987.10283,98.72836141796586,39.588083,51286.18727,1395.970778189746,126.81775400000001,60.69904565824666,25.7807020363426,10.128801758884029,9,14,1-100:1000-1500,False,True,,1347,99.94996664442962
191,2026-10-07T04:32:20.317+00:00,2026-10-07T04:33:10.775+00:00,2026-10-07T04:33:45.688+00:00,True,573,573.0,,573.0,50458.27225,85371.91449,85371.914506,148.99112479232113,40.779375,50458.27225,2105.5316083928747,126.0901754,61.03783608391608,25.72944380655386,6.7118091871667955,9,14,100-300:300-600,False,True,,2764,99.94996664442962
192,2026-10-07T04:32:26.094+00:00,2026-10-07T04:33:14.086+00:00,2026-10-07T04:33:42.216+00:00,True,472,472.0,,472.0,47991.65202,76122.172852,76122.172892,161.27579002542373,38.376621,47991.65202,2206.378191474095,123.14463830000001,59.72509730785563,24.198944516174386,6.200558685019182,9,14,100-300:300-600,False,True,,2127,99.94996664442962
193,2026-10-07T04:32:32.464+00:00,2026-10-07T04:33:20.439+00:00,2026-10-07T04:34:31.825+00:00,True,1189,1189.0,,1189.0,47975.565057,119361.317633,119361.317749,100.38798801429773,25.395788,47975.565057,1389.811572597053,125.8158108,60.08901731986531,25.14715825596072,9.961351161151018,9,14,1-100:1000-1500,False,True,,1189,99.94996664442962
194,2026-10-07T04:32:36.614+00:00,2026-10-07T04:33:24.180+00:00,2026-10-07T04:33:45.063+00:00,True,347,347.0,,347.0,47566.21302,68448.77942,68448.779197,197.2587296743516,42.062569,47566.21302,2550.3741275476796,127.55720969999999,60.354238150289014,25.388619211979588,5.069484115572268,9,14,100-300:300-600,False,True,,1282,99.94996664442962
195,2026-10-07T04:32:41.672+00:00,2026-10-07T04:33:30.960+00:00,2026-10-07T04:34:38.523+00:00,True,1116,1116.0,,1116.0,49287.915506,116851.53764999998,116851.53752499999,104.7056787858423,25.778766,49287.915506,1473.8031534659735,126.51686875,60.59517681076233,25.583314087656174,9.550580355585078,9,14,1-100:1000-1500,False,True,,3999,99.94996664442962
196,2026-10-07T04:32:48.002+00:00,2026-10-07T04:33:37.683+00:00,2026-10-07T04:34:04.858+00:00,True,449,449.0,,449.0,49680.851666,76855.968722,76855.968895,171.17142292873052,40.895773,49680.851666,2341.863686860847,126.28082479999999,60.65874342857143,25.817781075282603,5.842096683786563,9,14,100-300:300-600,False,True,,2225,99.94996664442962
197,2026-10-07T04:32:52.993+00:00,2026-10-07T04:33:40.889+00:00,2026-10-07T04:34:10.263+00:00,True,488,488.0,,488.0,47896.045137999994,77270.354002,77270.35418299999,158.3408897192623,40.196723,47896.045137999994,2165.5744431980656,126.79992740000002,60.31685598357289,25.748880519704663,6.3154880846976456,9,14,100-300:300-600,False,True,,2063,99.94996664442962
198,2026-10-07T04:32:59.070+00:00,2026-10-07T04:33:45.875+00:00,2026-10-07T04:34:21.781+00:00,True,598,598.0,,598.0,46805.302766999994,82711.005423,82711.00528299999,138.3127178645485,38.286474000000005,46805.302766999994,1911.722336399748,126.6726635,60.14355553768844,25.56241140365963,7.229993118106992,9,14,100-300:300-600,False,True,,2055,99.94996664442962
199,2026-10-07T04:33:03.530+00:00,2026-10-07T04:33:51.710+00:00,2026-10-07T04:34:25.853+00:00,True,563,563.0,,563.0,48180.18647,82322.52759,82322.52762,146.2211858259325,42.266482,48180.18647,2028.1547664982738,125.8765053,60.751496654804264,25.686242445319923,6.838954250821492,9,14,100-300:300-600,False,True,,2458,99.94996664442962
200,2026-10-07T04:33:08.167+00:00,2026-10-07T04:33:55.835+00:00,2026-10-07T04:34:15.465+00:00,True,324,324.0,,324.0,47668.307442000005,67298.053106,67298.053192,207.7100407160494,37.957027000000004,47668.307442000005,2644.991720036381,126.44964435000001,60.77320639009288,26.133419993430007,4.814403761274835,9,14,100-300:300-600,False,True,,1632,99.94996664442962
201,2026-10-07T04:33:13.730+00:00,2026-10-07T04:34:00.824+00:00,2026-10-07T04:34:32.489+00:00,True,526,526.0,,526.0,47093.525152,78758.698144,78758.698083,149.7313651768061,30.319654999999997,47093.525152,2050.903632752018,126.47058475,60.31461522285714,25.497393882445678,6.678627407455082,9,14,100-300:300-600,False,True,,2002,99.94996664442962
202,2026-10-07T04:33:18.352+00:00,2026-10-07T04:34:05.714+00:00,2026-10-07T04:34:36.809+00:00,True,518,518.0,,518.0,47361.95747,78456.601182,78456.601411,151.460620484556,27.274559,47361.95747,2078.47604250197,125.5436077,60.14437855319149,25.30039459919154,6.602376246179305,9,14,100-300:300-600,False,True,,1960,99.94996664442962
203,2026-10-07T04:33:24.972+00:00,2026-10-07T04:34:12.610+00:00,2026-10-07T04:35:29.326+00:00,True,1262,1262.0,,1262.0,47637.45147,124353.321166,124353.321012,98.53670444690967,28.35331,47637.45147,1339.5092055888842,127.20592615,60.837327276764476,26.01386787230246,10.148502574493756,9,14,1-100:1000-1500,False,True,,5442,99.94996664442962
204,2026-10-07T04:33:30.509+00:00,2026-10-07T04:34:17.460+00:00,2026-10-07T04:34:36.610+00:00,True,323,323.0,,323.0,46950.573231,66100.750767,66100.750977,204.64628785448917,32.016114,46950.573231,2609.2013660998823,122.709733,59.47260104347826,24.07577045478024,4.886480051316661,9,14,100-300:300-600,False,True,,1686,99.94996664442962
205,2026-10-07T04:33:35.934+00:00,2026-10-07T04:34:23.001+00:00,2026-10-07T04:34:46.019+00:00,True,379,379.0,,379.0,47066.870444,70085.344172,70085.344154,184.92175238522427,26.208600999999998,47066.870444,2414.665860219558,121.6950661,60.895433142857144,25.19585251750011,5.407692642128958,9,14,100-300:300-600,False,True,,1768,99.94996664442962
206,2026-10-07T04:33:40.895+00:00,2026-10-07T04:34:26.527+00:00,2026-10-07T04:34:47.053+00:00,True,340,340.0,,340.0,45631.593995999996,66157.960972,66157.96093799999,194.58223805294116,28.003414,45631.593995999996,2471.565338964567,124.40632165000001,60.549755091445434,25.2366465255167,5.139215220733572,9,14,100-300:300-600,False,True,,1203,99.94996664442962
207,2026-10-07T04:33:45.776+00:00,2026-10-07T04:34:31.384+00:00,2026-10-07T04:35:04.066+00:00,True,542,542.0,,542.0,45608.287362,78290.453634,78290.453676,144.44733150553506,40.345071000000004,45608.287362,1956.6114018029718,124.66554310000001,60.410658543438075,25.245610703498077,6.922938555622573,9,14,100-300:300-600,False,True,,2392,99.94996664442962
208,2026-10-07T04:33:50.952+00:00,2026-10-07T04:34:36.074+00:00,2026-10-07T04:35:05.486+00:00,True,490,490.0,,490.0,45122.154413000004,74533.633709,74533.63364300001,152.10945641428572,40.579852,45122.154413000004,2035.8502955079928,124.9597027,60.14617442944785,25.249807113717704,6.574213219136693,9,14,100-300:300-600,False,True,,2200,99.94996664442962
209,2026-10-07T04:33:57.154+00:00,2026-10-07T04:34:40.900+00:00,2026-10-07T04:35:01.747+00:00,True,352,352.0,,352.0,43746.068909999995,64593.24970999999,64593.249812999995,183.50355060511362,40.816786,43746.068909999995,2328.641407527075,124.1981657,59.393677492877494,24.9975606110432,5.449485845353051,9,14,100-300:300-600,False,True,,1644,99.94996664442962
210,2026-10-07T04:34:03.365+00:00,2026-10-07T04:34:46.641+00:00,2026-10-07T04:35:22.396+00:00,True,594,594.0,,594.0,43276.773459,79031.451987,79031.45193899999,133.0495823888889,37.586303,43276.773459,1773.37882392256,127.29206945,60.294567500843165,25.651393701158124,7.5159950255969985,9,14,100-300:300-600,False,True,,3262,99.94996664442962
211,2026-10-07T04:34:08.904+00:00,2026-10-07T04:34:53.048+00:00,2026-10-07T04:35:17.347+00:00,True,407,407.0,,407.0,44144.239875,68442.941187,68442.941045,168.16447431203932,42.22828,44144.239875,2185.3200716556594,126.12710750000001,59.849018009852216,24.58408413594893,5.946559176760003,9,14,100-300:300-600,False,True,,1495,99.94996664442962
212,2026-10-07T04:34:14.261+00:00,2026-10-07T04:34:59.058+00:00,2026-10-07T04:35:34.973+00:00,True,580,580.0,,580.0,44796.360312,80711.32811999999,80711.32807,139.15746218965518,40.818659,44796.360312,1857.6877290725624,130.81323369999998,62.02930536787565,26.98991480301442,7.186104026657418,9,14,100-300:300-600,False,True,,2505,99.94996664442962
213,2026-10-07T04:34:20.986+00:00,2026-10-07T04:35:06.259+00:00,2026-10-07T04:35:36.656+00:00,True,484,484.0,,484.0,45273.134133,75670.002485,75670.002457,156.34298028305784,43.634665999999996,45273.134133,2055.196431910831,132.3960388,62.93347484886129,27.775602607404988,6.396193790213538,9,14,100-300:300-600,False,True,,2557,99.94996664442962
214,2026-10-07T04:34:26.475+00:00,2026-10-07T04:35:11.144+00:00,2026-10-07T04:35:30.329+00:00,True,308,308.0,,308.0,44669.125395999996,63853.33787599999,63853.337809,207.31603184740257,43.465028,44669.125395999996,2541.8517590168885,133.97168375,62.48929146579804,27.91390481339793,4.8235536347077215,9,14,100-300:300-600,False,True,,1329,99.94996664442962
215,2026-10-07T04:34:30.976+00:00,2026-10-07T04:35:17.611+00:00,2026-10-07T04:35:53.845+00:00,True,589,589.0,,589.0,46634.720534,82869.382678,82869.382677,140.69504698981325,39.844203,46634.720534,1919.1982999866811,129.1412014,61.62357507482993,26.833020341937193,7.107570745261103,9,14,100-300:300-600,False,True,,2584,99.94996664442962
216,2026-10-07T04:34:34.640+00:00,2026-10-07T04:35:21.346+00:00,2026-10-07T04:35:49.684+00:00,True,465,465.0,,465.0,46706.349466,75044.570266,75044.570074,161.38617220215053,41.010398,46706.349466,2163.2842235724434,130.9865494,61.073751724137935,26.45013519522674,6.196317712950844,9,14,100-300:300-600,False,True,,2480,99.94996664442962
217,2026-10-07T04:34:41.032+00:00,2026-10-07T04:35:28.323+00:00,2026-10-07T04:36:34.511+00:00,True,1091,1091.0,,1091.0,47291.676875,113479.527371,113479.527201,104.01423208157654,0.011291,47291.676875,1432.5016869689982,125.72117450000002,60.72279862018348,85.86112483986182,9.614068945080996,9,14,1-100:1000-1500,False,True,,4679,99.94996664442962
218,2026-10-07T04:34:47.602+00:00,2026-10-07T04:35:32.249+00:00,2026-10-07T04:36:33.788+00:00,True,1024,1024.0,,1024.0,44646.910072,106185.792632,106185.792638,103.69706312304687,0.011321,44646.910072,1396.4000412371984,124.5876601,60.155310420332356,92.49859250849177,9.643474655303452,9,14,1-100:1000-1500,False,True,,1537,99.94996664442962
219,2026-10-07T04:34:52.644+00:00,2026-10-07T04:35:36.812+00:00,2026-10-07T04:36:02.756+00:00,True,396,396.0,,396.0,44167.539770999996,70111.930427,70111.93027699999,177.05032898232324,0.011602,44167.539770999996,2220.8363579461447,126.5383315,65.6820016607595,143.58332898006594,5.648111492413008,9,14,100-300:300-600,False,True,,623,99.94996664442962
220,2026-10-07T04:34:58.482+00:00,2026-10-07T04:35:41.523+00:00,2026-10-07T04:36:59.489+00:00,True,1303,1303.0,,1303.0,43041.649712,121007.740976,121007.74088,92.8685655257099,0.011401,43041.649712,1193.4062645534664,123.86139929999999,59.88179052534562,79.95943678313982,10.767906164436452,9,14,1-100:1000-1500,False,True,,2063,99.94996664442962
221,2026-10-07T04:35:02.205+00:00,2026-10-07T04:35:46.690+00:00,2026-10-07T04:36:19.377+00:00,True,551,551.0,,551.0,44484.96497,77171.736426,77171.736436,140.05759788747733,0.011481,44484.96497,1896.6246167724262,125.0170055,59.430493556363636,123.73588792027844,7.139919684564232,9,14,100-300:300-600,False,True,,2585,99.94996664442962
222,2026-10-07T04:35:05.966+00:00,2026-10-07T04:35:51.776+00:00,2026-10-07T04:36:22.489+00:00,True,513,513.0,,513.0,45809.82289,76522.99383400001,76522.993703,149.16762905068228,0.011430999999999998,45809.82289,2023.6401334284772,124.61056140000001,59.986662,123.02153962747911,6.703867351463561,9,14,100-300:300-600,False,True,,2716,99.94996664442962
223,2026-10-07T04:35:10.282+00:00,2026-10-07T04:35:55.885+00:00,2026-10-07T04:36:30.237+00:00,True,568,568.0,,568.0,45602.953536,79955.3744,79955.374364,140.76650416197182,0.011301,45602.953536,1914.4483469432464,123.59597190000001,60.586280183421515,116.35782259594423,7.103962732491438,9,14,100-300:300-600,False,True,,1315,99.94996664442962
224,2026-10-07T04:35:15.064+00:00,2026-10-07T04:35:59.992+00:00,2026-10-07T04:36:30.776+00:00,True,510,510.0,,510.0,44928.330866,75712.10405,75712.104173,148.45510622156863,0.011131,44928.330866,1990.7517395636862,122.41848094999999,60.47892570530452,125.78291153634001,6.736043151874341,9,14,100-300:300-600,False,True,,1579,99.94996664442962
225,2026-10-07T04:35:20.444+00:00,2026-10-07T04:36:03.460+00:00,2026-10-07T04:36:35.711+00:00,True,543,543.0,,543.0,43015.672489,75266.99178499999,75266.991685,138.61324435543278,39.943518,43015.672489,1843.5858106276091,121.80716659999999,59.50427914391144,24.325062456180994,7.214317818773446,9,14,100-300:300-600,False,True,,3246,99.94996664442962
226,2026-10-07T04:35:24.662+00:00,2026-10-07T04:36:07.702+00:00,2026-10-07T04:36:40.311+00:00,True,548,548.0,,548.0,43039.145469999996,75648.310782,75648.31088199999,138.04436292335765,35.385236,43039.145469999996,1836.1567818610736,123.71278550000001,59.61456181352834,24.428782485946932,7.24404807371314,9,14,100-300:300-600,False,True,,2445,99.94996664442962
227,2026-10-07T04:35:30.735+00:00,2026-10-07T04:36:15.076+00:00,2026-10-07T04:36:40.609+00:00,True,424,424.0,,424.0,44341.08605699999,69873.54916099999,69873.54915199999,164.79610649056602,30.273528,44341.08605699999,2150.6018929940624,123.05926115,60.36043286997636,24.54621685197455,6.068104527265894,9,14,100-300:300-600,False,True,,2043,99.94996664442962
228,2026-10-07T04:35:37.292+00:00,2026-10-07T04:36:22.489+00:00,2026-10-07T04:36:45.196+00:00,True,375,375.0,,375.0,45196.881365,67903.333333,67903.33323,181.07555528,29.970029,45196.881365,2330.957596938506,125.04239020000001,60.712438417112295,25.19978757195916,5.522556575551139,9,14,100-300:300-600,False,True,,2246,99.94996664442962
229,2026-10-07T04:35:43.628+00:00,2026-10-07T04:36:27.208+00:00,2026-10-07T04:36:56.634+00:00,True,490,490.0,,490.0,43580.401796,73006.123908,73006.124047,148.99208989183674,30.489352999999998,43580.401796,1966.1990220902817,123.37274115,60.17530084253578,24.760549750580573,6.711765722797207,9,14,100-300:300-600,False,True,,1587,99.94996664442962
230,2026-10-07T04:35:48.468+00:00,2026-10-07T04:36:30.632+00:00,2026-10-07T04:36:53.813+00:00,True,389,389.0,,389.0,42163.535058,65344.666834,65344.667033,167.98114918508998,30.534205999999998,42163.535058,2134.8845097585754,124.5726224,59.74518498969072,24.271725314034207,5.953048945650088,9,14,100-300:300-600,False,True,,1742,99.94996664442962
231,2026-10-07T04:35:53.418+00:00,2026-10-07T04:36:38.116+00:00,2026-10-07T04:37:02.262+00:00,True,398,398.0,,398.0,44698.369091,68843.942723,68843.942804,172.9747306633166,29.191791000000002,44698.369091,2237.61768209966,124.19965625,60.82008471536524,25.019434999805465,5.781191260375513,9,14,100-300:300-600,False,True,,1727,99.94996664442962
232,2026-10-07T04:35:59.794+00:00,2026-10-07T04:36:44.138+00:00,2026-10-07T04:37:04.640+00:00,True,341,341.0,,341.0,44343.656925999996,64846.197982,64846.198114,190.16480385337243,39.85498200000001,44343.656925999996,2398.2027194067086,121.628585,60.301591341176476,24.48015910033815,5.258596658121032,9,14,100-300:300-600,False,True,,1536,99.94996664442962
233,2026-10-07T04:36:04.671+00:00,2026-10-07T04:36:48.574+00:00,2026-10-07T04:37:11.858+00:00,True,391,391.0,,391.0,43902.778858000005,67187.52637800001,67187.526341,171.83510573145782,41.241472,43902.778858000005,2217.375704109518,124.41096850000002,59.70448082051282,24.60147763682314,5.81953259895619,9,14,100-300:300-600,False,True,,2142,99.94996664442962
234,2026-10-07T04:36:09.197+00:00,2026-10-07T04:36:53.392+00:00,2026-10-07T04:37:19.321+00:00,True,442,442.0,,442.0,44195.217662,70123.419902,70123.419863,158.65027118325793,40.980511,44195.217662,2099.491540718861,124.11834955,58.79410938775511,23.920116127234223,6.303172329839459,9,14,100-300:300-600,False,True,,1812,99.94996664442962
235,2026-10-07T04:36:14.585+00:00,2026-10-07T04:36:57.671+00:00,2026-10-07T04:38:28.952+00:00,True,1498,1498.0,,1498.0,43085.141375,134366.54476699998,134366.544753,89.69729289252336,18.872062999999997,43085.141375,1111.9184721161184,128.4658765,60.976221370741484,25.74891708992212,11.14860847689152,9,14,1-100:1000-1500,False,True,,3002,99.94996664442962
236,2026-10-07T04:36:20.764+00:00,2026-10-07T04:37:03.913+00:00,2026-10-07T04:38:15.960+00:00,True,1177,1177.0,,1177.0,43149.049654,115196.017206,115196.01717,97.8725719371283,25.384888,43149.049654,1256.1970641419662,129.11158200000003,61.264428190476195,25.84173072933985,10.21736713253916,9,14,1-100:1000-1500,False,True,,4713,99.94996664442962
237,2026-10-07T04:36:27.305+00:00,2026-10-07T04:37:09.841+00:00,2026-10-07T04:38:17.797+00:00,True,1106,1106.0,,1106.0,42536.121168,110491.787088,110491.787102,99.90215832007233,24.368633000000003,42536.121168,1277.4431243275585,130.00981175,61.498340199095026,25.958745565968982,10.009793751630953,9,14,1-100:1000-1500,False,True,,1106,99.94996664442962
238,2026-10-07T04:36:32.484+00:00,2026-10-07T04:37:16.433+00:00,2026-10-07T04:38:27.757+00:00,True,1162,1162.0,,1162.0,43949.005762,115273.813442,115273.813476,99.2029375869191,26.930224,43949.005762,1287.730551303525,128.6058229,61.433942876830315,25.711392056665066,10.080346657262798,9,14,1-100:1000-1500,False,True,,2905,99.94996664442962
239,2026-10-07T04:36:38.733+00:00,2026-10-07T04:37:22.301+00:00,2026-10-07T04:37:44.062+00:00,True,351,351.0,,351.0,43567.946615999994,65328.22667999999,65328.22663599999,186.1203038062678,43.561096,43567.946615999994,2322.3173909392367,130.503084,62.17222875428572,26.515623361863316,5.372868939475706,9,14,100-300:300-600,False,True,,1616,99.94996664442962
240,2026-10-07T04:36:44.939+00:00,2026-10-07T04:37:31.631+00:00,2026-10-07T04:38:08.581+00:00,True,596,596.0,,596.0,46692.298571,83642.452555,83642.452502,140.33968540604027,19.658177,46692.298571,1910.2269018957145,130.13634475000003,62.10109913277311,26.215265358765713,7.125568198853253,9,14,100-300:300-600,False,True,,2190,99.94996664442962
241,2026-10-07T04:36:49.143+00:00,2026-10-07T04:37:34.464+00:00,2026-10-07T04:38:37.308+00:00,True,1017,1017.0,,1017.0,45320.815321,108164.488153,108164.487928,106.35642864110127,29.973456,45320.815321,1419.4466028803622,130.92125800000002,61.85400869291338,26.382395782801918,9.402346531344381,9,14,1-100:1000-1500,False,True,,1017,99.94996664442962
242,2026-10-07T04:36:54.308+00:00,2026-10-07T04:37:39.494+00:00,2026-10-07T04:37:59.561+00:00,True,329,329.0,,329.0,45186.153926,65253.72487,65253.724866,198.33958925835867,22.145748,45186.153926,2487.9574305460796,132.1585694,61.18161873170732,26.16564785966554,5.041857773720068,9,14,100-300:300-600,False,True,,1598,99.94996664442962
243,2026-10-07T04:37:00.355+00:00,2026-10-07T04:37:45.198+00:00,2026-10-07T04:38:18.506+00:00,True,543,543.0,,543.0,44842.657734,78150.118854,78150.118923,143.9228709447514,26.545482,44842.657734,1921.9126537010522,122.60863,61.45288029520295,25.375119006696245,6.948166016413005,9,14,100-300:300-600,False,True,,2504,99.94996664442962
244,2026-10-07T04:37:06.397+00:00,2026-10-07T04:37:53.596+00:00,2026-10-07T04:38:14.314+00:00,True,330,330.0,,330.0,47199.125318000006,67917.09959,67917.099667,205.80939293030303,43.784186,47199.125318000006,2594.8949144801245,131.27697265,62.97256617629179,26.519449843960267,4.858864733507977,9,14,100-300:300-600,False,True,,1166,99.94996664442962
245,2026-10-07T04:37:10.758+00:00,2026-10-07T04:37:59.205+00:00,2026-10-07T04:38:18.135+00:00,True,301,301.0,,301.0,48446.879954,67377.250258,67377.250379,223.84468564451828,39.110478,48446.879954,2788.9211662755456,126.722149,63.101234346666665,26.60964991535701,4.467383261374056,9,14,100-300:300-600,False,True,,1258,99.94996664442962
246,2026-10-07T04:37:14.829+00:00,2026-10-07T04:38:05.994+00:00,2026-10-07T04:38:30.642+00:00,True,400,400.0,,400.0,51165.089319,75813.085735,75813.085635,189.53271408749998,41.644915999999995,51165.089319,2555.3022929716485,128.65135285000002,61.77442710776942,26.449562139330737,5.27613400934735,9,14,100-300:300-600,False,True,,1830,99.94996664442962
247,2026-10-07T04:37:20.665+00:00,2026-10-07T04:38:10.432+00:00,2026-10-07T04:38:35.604+00:00,True,413,413.0,,413.0,49766.100633,74938.121881,74938.121988,181.44823725907992,41.14527,49766.100633,2445.9583548497662,128.1271228,61.09713895145631,25.731921352864724,5.511213647118544,9,14,100-300:300-600,False,True,,1770,99.94996664442962
248,2026-10-07T04:37:27.059+00:00,2026-10-07T04:38:16.102+00:00,2026-10-07T04:38:50.525+00:00,True,564,564.0,,564.0,49042.421128,83465.78164,83465.781624,147.98897451063831,26.998281,49042.421128,2062.652756587696,130.07894284999998,61.14273625577265,26.417021353178463,6.75726014802825,9,14,100-300:300-600,False,True,,1457,99.94996664442962
249,2026-10-07T04:37:33.830+00:00,2026-10-07T04:38:23.570+00:00,2026-10-07T04:39:31.952+00:00,True,1115,1115.0,,1115.0,49740.157065,118122.14644099999,118122.146431,105.93914478116592,25.801368,49740.157065,1487.9901271347358,127.10893219999998,61.38419154039498,26.07346726027786,9.439381467360345,9,14,1-100:1000-1500,False,True,,1115,99.94996664442962
250,2026-10-07T04:37:39.440+00:00,2026-10-07T04:38:29.673+00:00,2026-10-07T04:38:59.929+00:00,True,491,491.0,,491.0,50233.473579000005,80489.67607500001,80489.67625100001,163.93009419755603,28.057125,50233.473579000005,2264.3766678102547,130.6151095,61.74735203265306,26.80696174197668,6.100161212507401,9,14,100-300:300-600,False,True,,2445,99.94996664442962
251,2026-10-07T04:37:44.317+00:00,2026-10-07T04:38:35.751+00:00,2026-10-07T04:39:06.761+00:00,True,503,503.0,,503.0,51434.360186,82444.285562,82444.285496,163.90514015109343,23.555169000000003,51434.360186,2290.7482955627775,130.1883999,61.77275971314741,26.917400103564468,6.101089924804217,9,14,100-300:300-600,False,True,,2157,99.94996664442962
252,2026-10-07T04:37:50.299+00:00,2026-10-07T04:38:41.073+00:00,2026-10-07T04:39:02.529+00:00,True,350,350.0,,350.0,50774.362434,72229.82509,72229.825047,206.3709287057143,41.294761,50774.362434,2710.8443178617026,127.13639254999998,61.47697036103152,26.23293055755939,4.84564374292603,9,14,100-300:300-600,False,True,,1450,99.94996664442962
253,2026-10-07T04:37:55.609+00:00,2026-10-07T04:38:46.259+00:00,2026-10-07T04:39:04.649+00:00,True,303,303.0,,303.0,50650.125,69040.401864,69040.401886,227.8561118349835,41.473055,50650.125,2906.3905439447894,128.4590046,60.89495650331126,25.921568382413607,4.388734593359811,9,14,100-300:300-600,False,True,,1363,99.94996664442962
254,2026-10-07T04:37:59.734+00:00,2026-10-07T04:38:51.014+00:00,2026-10-07T04:39:17.153+00:00,True,429,429.0,,429.0,51280.249477,77419.595141,77419.595076,180.46525658741257,42.403878,51280.249477,2473.017106196396,126.32884039999999,61.07323753271029,25.578559766348306,5.5412328005421125,9,14,100-300:300-600,False,True,,2161,99.94996664442962
255,2026-10-07T04:38:04.470+00:00,2026-10-07T04:38:56.395+00:00,2026-10-07T04:39:32.847+00:00,True,598,598.0,,598.0,51924.746767,88376.846863,88376.846903,147.78736940301002,38.384668,51924.746767,2121.0177900959457,124.00387700000002,61.05879413065327,25.56947472761526,6.766478113062887,9,14,100-300:300-600,False,True,,3184,99.94996664442962
256,2026-10-07T04:38:09.469+00:00,2026-10-07T04:39:00.639+00:00,2026-10-07T04:39:34.991+00:00,True,567,567.0,,567.0,51170.472762000005,85522.16505000001,85522.165028,150.8327425537919,42.382611,51170.472762000005,2146.559255923187,123.59028210000001,60.69203584452297,25.417008469835768,6.6298602200787,9,14,100-300:300-600,False,True,,2161,99.94996664442962
257,2026-10-07T04:38:13.480+00:00,2026-10-07T04:39:04.351+00:00,2026-10-07T04:39:24.720+00:00,True,338,338.0,,338.0,50871.574447,71239.973551,71239.973622,210.76915272781065,42.214504,50871.574447,2763.8717223000704,123.69214900000001,60.44035342433234,24.7375217389321,4.744527308927608,9,14,100-300:300-600,False,True,,1518,99.94996664442962
258,2026-10-07T04:38:18.469+00:00,2026-10-07T04:39:10.470+00:00,2026-10-07T04:39:30.678+00:00,True,336,336.0,,336.0,52000.872953,72208.341241,72208.341287,214.90577763988094,40.127523000000004,52000.872953,2833.6975207146593,123.59944325000001,60.32080085970149,24.78774130793593,4.653202029369132,9,14,100-300:300-600,False,True,,1517,99.94996664442962
259,2026-10-07T04:38:24.157+00:00,2026-10-07T04:39:13.747+00:00,2026-10-07T04:39:37.042+00:00,True,388,388.0,,388.0,49590.0695,72884.962812,72884.96288199999,187.84784247938143,42.005222,49590.0695,2514.6175434326456,121.13438040000001,60.193522770025844,24.501559128348106,5.323457473674097,9,14,100-300:300-600,False,True,,1783,99.94996664442962
260,2026-10-07T04:38:27.906+00:00,2026-10-07T04:39:17.360+00:00,2026-10-07T04:39:43.831+00:00,True,445,445.0,,445.0,49454.644389,75925.182629,75925.182629,170.6183879303371,41.927396,49454.644389,2341.6732357758947,121.36716440000002,59.61832936936937,24.167607116776843,5.861032987888132,9,14,100-300:300-600,False,True,,1923,99.94996664442962
261,2026-10-07T04:38:34.079+00:00,2026-10-07T04:39:23.491+00:00,2026-10-07T04:39:43.368+00:00,True,338,338.0,,338.0,49411.74426299999,69289.207815,69289.208007,204.99765682544376,42.512493,49411.74426299999,2684.540541473518,121.85780144999998,58.98357137091988,23.69378625008212,4.878104551324203,9,14,100-300:300-600,False,True,,1656,99.94996664442962
262,2026-10-07T04:38:40.821+00:00,2026-10-07T04:39:30.627+00:00,2026-10-07T04:40:00.039+00:00,True,492,492.0,,492.0,49806.100256,79218.710304,79218.710486,161.013639199187,40.543633,49806.100256,2242.8721982624807,124.71573875,59.90348278615072,25.125002033005305,6.210653999692259,9,14,100-300:300-600,False,True,,2279,99.94996664442962
263,2026-10-07T04:38:47.561+00:00,2026-10-07T04:39:35.950+00:00,2026-10-07T04:41:05.243+00:00,True,1464,1464.0,,1464.0,48388.784971,137682.157131,137682.157084,94.04518926502732,0.011371000000000001,48388.784971,1265.9227945247694,127.5067223,61.03443073137389,85.02799136718163,10.633186104188159,9,14,1-100:1000-1500,False,True,,8565,99.94996664442962
264,2026-10-07T04:38:52.821+00:00,2026-10-07T04:39:43.474+00:00,2026-10-07T04:40:14.410+00:00,True,511,511.0,,511.0,50652.570577,81589.04852899999,81589.048403,159.66545675733855,41.160272,50652.570577,2238.1960545374923,126.115242,60.65976069019608,25.208458326838517,6.263095467014427,9,14,100-300:300-600,False,True,,2519,99.94996664442962
265,2026-10-07T04:38:58.366+00:00,2026-10-07T04:39:46.794+00:00,2026-10-07T04:40:57.291+00:00,True,1155,1155.0,,1155.0,48427.963087,118925.305295,118925.30520799999,102.96563221471861,0.011181,48427.963087,1426.4414352751432,128.3955276,61.0895513067591,96.58228681552104,9.711978431629554,9,14,1-100:1000-1500,False,True,,2309,99.94996664442962
266,2026-10-07T04:39:03.671+00:00,2026-10-07T04:39:52.359+00:00,2026-10-07T04:40:20.697+00:00,True,470,470.0,,470.0,48687.720498,77025.661234,77025.66126400001,163.88438566808512,43.504405,48687.720498,2243.1456001803485,125.58736055000001,60.42204847761194,24.688807639410577,6.101862580214199,9,14,100-300:300-600,False,True,,1883,99.94996664442962
267,2026-10-07T04:39:08.131+00:00,2026-10-07T04:39:58.392+00:00,2026-10-07T04:40:17.026+00:00,True,310,310.0,,310.0,50260.479762999996,68894.848275,68894.848201,222.2414458096774,41.552296000000005,50260.479762999996,2851.2856057210593,128.47783385,60.305399715210356,24.775598628539473,4.499610751192993,9,14,100-300:300-600,False,True,,1218,99.94996664442962
268,2026-10-07T04:39:13.127+00:00,2026-10-07T04:40:04.519+00:00,2026-10-07T04:40:38.975+00:00,True,563,563.0,,563.0,51391.753357,85847.966605,85847.966556,152.4830667069272,0.011170999999999999,51391.753357,2167.735932924653,129.2858001,61.30998798576512,138.41461889353556,6.558105244244766,9,14,100-300:300-600,False,True,,2945,99.94996664442962
269,2026-10-07T04:39:19.006+00:00,2026-10-07T04:40:09.826+00:00,2026-10-07T04:40:34.558+00:00,True,408,408.0,,408.0,50819.458929,75551.50782500001,75551.507901,185.1752644632353,0.011371000000000001,50819.458929,2517.6510338199764,129.10477115,60.766704904176905,154.30312271364625,5.4002893091829565,9,14,100-300:300-600,False,True,,1773,99.94996664442962
270,2026-10-07T04:39:24.076+00:00,2026-10-07T04:40:16.771+00:00,2026-10-07T04:41:35.343+00:00,True,1267,1267.0,,1267.0,52695.138225,131267.01867299998,131267.01855,103.60459238358327,0.011330999999999999,52695.138225,1481.5749352588603,129.76442810000003,62.06309672037914,92.81393097086936,9.65208178572434,9,14,1-100:1000-1500,False,True,,1272,99.94996664442962
271,2026-10-07T04:39:29.082+00:00,2026-10-07T04:40:20.851+00:00,2026-10-07T04:41:40.732+00:00,True,1292,1292.0,,1292.0,51768.852428000006,131649.689036,131649.689121,101.8960442113003,0.01114,51768.852428000006,1441.3449262359275,129.23724794999998,61.87516391014717,90.12626750775625,9.81392367472056,9,14,1-100:1000-1500,False,True,,3867,99.94996664442962
272,2026-10-07T04:39:35.270+00:00,2026-10-07T04:40:30.060+00:00,2026-10-07T04:40:51.300+00:00,True,340,340.0,,340.0,54790.272744999995,76029.862889,76029.862988,223.61724408235293,32.01296,54790.272744999995,2968.157596877599,132.65386840000002,62.653658241887904,28.427229014858867,4.471927043935143,9,14,100-300:300-600,False,True,,1521,99.94996664442962
273,2026-10-07T04:39:38.966+00:00,2026-10-07T04:40:32.924+00:00,2026-10-07T04:41:47.130+00:00,True,1210,1210.0,,1210.0,53957.808579000004,128163.89856300001,128163.898483,105.9205772586777,29.239112000000002,53957.808579000004,1549.6299727133564,128.51357035,61.37807277419355,25.915370873089312,9.441036154227273,9,14,1-100:1000-1500,False,True,,4147,99.94996664442962
274,2026-10-07T04:39:43.255+00:00,2026-10-07T04:40:37.766+00:00,2026-10-07T04:41:05.093+00:00,True,439,439.0,,439.0,54510.341036,81837.980844,81837.980661,186.41909034396355,28.120635,54510.341036,2598.8032952583385,131.5672717,62.391871707762554,27.432956873097552,5.364257469118455,9,14,100-300:300-600,False,True,,2206,99.94996664442962
275,2026-10-07T04:39:48.854+00:00,2026-10-07T04:40:44.989+00:00,2026-10-07T04:41:12.727+00:00,True,447,447.0,,447.0,56135.888255000005,83873.629567,83873.629562,187.6367551722595,30.565566999999998,56135.888255000005,2652.336277834754,131.47770250000002,62.19224509417041,27.424297727167758,5.329446243207195,9,14,100-300:300-600,False,True,,2099,99.94996664442962
276,2026-10-07T04:39:55.221+00:00,2026-10-07T04:40:51.920+00:00,2026-10-07T04:41:25.962+00:00,True,550,550.0,,550.0,56699.342032,90741.606352,90741.6063,164.98473872727274,43.672841,56699.342032,2415.1660999965097,130.7130121,62.007767431693985,26.218167812206772,6.06116666996691,9,14,100-300:300-600,False,True,,3102,99.94996664442962
277,2026-10-07T04:40:00.746+00:00,2026-10-07T04:40:57.657+00:00,2026-10-07T04:42:03.706+00:00,True,1090,1090.0,,1090.0,56911.203056,122960.257776,122960.257732,112.80757590091743,41.377169,56911.203056,1722.1442896413046,126.9667843,60.65110626262626,25.641157750435006,8.86465285381625,9,14,1-100:1000-1500,False,True,,4293,99.94996664442962
278,2026-10-07T04:40:06.566+00:00,2026-10-07T04:41:03.278+00:00,2026-10-07T04:41:32.534+00:00,True,469,469.0,,469.0,56712.030817,85968.041057,85968.040831,183.3007267185501,42.271364999999996,56712.030817,2615.9652319813,128.2194648,62.512842393162394,26.46014039943183,5.455515726932008,9,14,100-300:300-600,False,True,,2149,99.94996664442962
279,2026-10-07T04:40:11.711+00:00,2026-10-07T04:41:09.054+00:00,2026-10-07T04:42:21.372+00:00,True,1201,1201.0,,1201.0,57342.072581,129660.652805,129660.652681,107.96057675353872,39.298522,57342.072581,1653.0822864470604,125.88634600000002,60.265483520000004,24.90836698546348,9.262640392580892,9,14,1-100:1000-1500,False,True,,2295,99.94996664442962
280,2026-10-07T04:40:17.751+00:00,2026-10-07T04:41:17.217+00:00,2026-10-07T04:41:51.708+00:00,True,575,575.0,,575.0,59465.725329,93956.23720100001,93956.237252,163.4021517426087,41.992858999999996,59465.725329,2477.5082480604347,123.6860312,60.08799977700348,24.59951436185811,6.119870453835928,9,14,100-300:300-600,False,True,,3094,99.94996664442962
281,2026-10-07T04:40:24.555+00:00,2026-10-07T04:41:21.694+00:00,2026-10-07T04:42:51.208+00:00,True,1484,1484.0,,1484.0,57139.350453,146653.307061,146653.306827,98.82298303706199,40.353309,57139.350453,1481.9068062191723,125.62449275,60.360051657451116,24.958012120580158,10.119103549316721,9,14,1-100:1000-1500,False,True,,1484,99.94996664442962
282,2026-10-07T04:40:29.081+00:00,2026-10-07T04:41:27.897+00:00,2026-10-07T04:41:53.032+00:00,True,429,429.0,,429.0,58816.705834,83951.140138,83951.140129,195.69030333100233,41.189457000000004,58816.705834,2836.9600826734736,122.41340620000001,58.72531379439253,23.614088866196195,5.1101152324412045,9,14,100-300:300-600,False,True,,857,99.94996664442962
283,2026-10-07T04:40:34.821+00:00,2026-10-07T04:41:32.147+00:00,2026-10-07T04:42:04.949+00:00,True,562,562.0,,562.0,57325.902515,90127.53246700001,90127.532494,160.36927490035586,40.713932,57325.902515,2415.7905012787714,119.43675094999999,58.46992861319073,23.038025230659375,6.235608416393459,9,14,100-300:300-600,False,True,,2591,99.94996664442962
284,2026-10-07T04:40:41.164+00:00,2026-10-07T04:41:37.993+00:00,2026-10-07T04:42:00.149+00:00,True,380,380.0,,380.0,56829.64260499999,78985.576045,78985.576173,207.85677940263156,41.959427000000005,56829.64260499999,2912.394769382528,123.11380905,58.4589272823219,23.491787740009023,4.8110049837897595,9,14,100-300:300-600,False,True,,1709,99.94996664442962
285,2026-10-07T04:40:47.269+00:00,2026-10-07T04:41:46.106+00:00,2026-10-07T04:42:07.575+00:00,True,366,366.0,,366.0,58836.703556,80306.074948,80306.075,219.41550546448087,41.75457299999999,58836.703556,3072.4615055842773,124.43551425,58.82019559452055,23.851170893253467,4.557563051574782,9,14,100-300:300-600,False,True,,1140,99.94996664442962
286,2026-10-07T04:40:53.091+00:00,2026-10-07T04:41:52.466+00:00,2026-10-07T04:42:23.967+00:00,True,523,523.0,,523.0,59374.136988,90875.62178799999,90875.62190099999,173.7583592753346,40.890485999999996,59374.136988,2593.729509911976,126.25571409999999,60.34767203065134,24.826497793036005,5.755118806450483,9,14,100-300:300-600,False,True,,2737,99.94996664442962
287,2026-10-07T04:40:59.374+00:00,2026-10-07T04:41:58.430+00:00,2026-10-07T04:43:01.086+00:00,True,1029,1029.0,,1029.0,59056.754009000004,121712.74965700001,121712.749806,118.2825556909621,22.672007,59056.754009000004,1839.3126099794827,128.6969444,60.94941210894942,25.62399186313952,8.454332047380705,9,14,1-100:1000-1500,False,True,,3685,99.94996664442962
288,2026-10-07T04:41:03.522+00:00,2026-10-07T04:42:03.310+00:00,2026-10-07T04:42:22.688+00:00,True,323,323.0,,323.0,59788.141561,79165.731321,79165.731151,245.09514288235292,42.166106,59788.141561,3323.447095641305,129.1852341,60.17885018633541,25.081576548912366,4.080048205331478,9,14,100-300:300-600,False,True,,1565,99.94996664442962
289,2026-10-07T04:41:08.050+00:00,2026-10-07T04:42:08.734+00:00,2026-10-07T04:42:36.277+00:00,True,451,451.0,,451.0,60684.055306999995,88226.610955,88226.610982,195.62441459423502,40.457144,60684.055306999995,2854.734494452204,129.1004215,61.20567921777778,25.76295820451865,5.1118363849432304,9,14,100-300:300-600,False,True,,2253,99.94996664442962
290,2026-10-07T04:41:13.353+00:00,2026-10-07T04:42:12.954+00:00,2026-10-07T04:42:34.096+00:00,True,352,352.0,,352.0,59600.970443000006,80743.40986700001,80743.40977700001,229.3846868664773,39.66008,59600.970443000006,3173.6305747745414,130.5845694,60.23487015384615,25.065732703302096,4.359488911600488,9,14,100-300:300-600,False,True,,1531,99.94996664442962
291,2026-10-07T04:41:19.429+00:00,2026-10-07T04:42:21.120+00:00,2026-10-07T04:43:30.100+00:00,True,1119,1119.0,,1119.0,61691.256612000005,130670.907172,130670.90702700001,116.77471584182307,22.479687000000002,61691.256612000005,1842.5418011507031,129.9603895,61.69915076923077,26.041989639536517,8.563497600327198,9,14,1-100:1000-1500,False,True,,3919,99.94996664442962
292,2026-10-07T04:41:24.126+00:00,2026-10-07T04:42:24.462+00:00,2026-10-07T04:43:43.303+00:00,True,1272,1272.0,,1272.0,60335.844025,139177.00370499998,139177.003648,109.41588337106919,21.18994,60335.844025,1690.2020212913528,128.817999,62.03081013375295,26.539982483145987,9.13944089999333,9,14,1-100:1000-1500,False,True,,2680,99.94996664442962
293,2026-10-07T04:41:28.479+00:00,2026-10-07T04:42:29.886+00:00,2026-10-07T04:43:41.722+00:00,True,1157,1157.0,,1157.0,61407.081744999996,133243.197713,133243.19778699998,115.1626601443388,24.072641,61407.081744999996,1803.6787400901314,129.239468,62.14196883044983,26.580015132920003,8.683370107133928,9,14,1-100:1000-1500,False,True,,1735,99.94996664442962
294,2026-10-07T04:41:33.274+00:00,2026-10-07T04:42:35.338+00:00,2026-10-07T04:42:57.534+00:00,True,363,363.0,,363.0,62063.490485,84259.745717,84259.745672,232.12051149311296,19.833067,62063.490485,3254.3722292768875,129.9333175,61.31562218784531,25.803564336755343,4.308106995945541,9,14,100-300:300-600,False,True,,1583,99.94996664442962
295,2026-10-07T04:41:38.291+00:00,2026-10-07T04:42:39.939+00:00,2026-10-07T04:43:07.939+00:00,True,457,457.0,,457.0,61647.704615,89647.392551,89647.39258,196.1649728227571,23.915718000000002,61647.704615,2881.005532822163,130.03857240000002,61.402824421052635,26.307041411856424,5.097750051570265,9,14,100-300:300-600,False,True,,2090,99.94996664442962
296,2026-10-07T04:41:42.340+00:00,2026-10-07T04:42:44.934+00:00,2026-10-07T04:43:04.149+00:00,True,312,312.0,,312.0,62594.240340000004,81809.382484,81809.382516,262.20955934615387,21.466687999999998,62594.240340000004,3540.301789475823,128.8686172,61.785022971061096,26.46988730437211,3.8137434915979216,9,14,100-300:300-600,False,True,,1184,99.94996664442962
297,2026-10-07T04:41:48.287+00:00,2026-10-07T04:42:51.383+00:00,2026-10-07T04:43:21.174+00:00,True,486,486.0,,486.0,63096.103324,92887.28822,92887.28815800001,191.12610732098767,22.921615000000003,63096.103324,2859.43100125388,128.69000025000003,61.42512349690722,26.2160635234109,5.232147577060572,9,14,100-300:300-600,False,True,,2132,99.94996664442962
298,2026-10-07T04:41:52.569+00:00,2026-10-07T04:42:55.218+00:00,2026-10-07T04:43:25.219+00:00,True,487,487.0,,487.0,62649.735293,92650.354045,92650.354092,190.24713365913757,42.827259,62649.735293,2836.2537683905134,129.29642139999999,61.72966821399177,26.17258803323937,5.256320982469917,9,14,100-300:300-600,False,True,,2555,99.94996664442962
299,2026-10-07T04:41:57.869+00:00,2026-10-07T04:43:00.483+00:00,2026-10-07T04:43:38.298+00:00,True,600,600.0,,600.0,62614.258969999995,100429.230618,100429.23082499999,167.382051375,41.82957,62614.258969999995,2553.788113603845,131.31095580000002,63.130169696160266,27.60696034041597,5.97435623381607,9,14,100-300:300-600,False,True,,2840,99.94996664442962
300,2026-10-07T04:42:02.869+00:00,2026-10-07T04:43:04.496+00:00,2026-10-07T04:43:23.833+00:00,True,319,319.0,,319.0,61627.146403,80963.363491,80963.363377,253.80364694984326,42.035516,61627.146403,3447.143122886834,119.9224095,60.80571411320755,24.922996984655075,3.940053701393724,9,14,100-300:300-600,False,True,,1548,99.94996664442962
301,2026-10-07T04:42:07.348+00:00,2026-10-07T04:43:11.986+00:00,2026-10-07T04:43:46.238+00:00,True,539,539.0,,539.0,64637.827549999995,98889.69571,98889.695641,183.46882308163265,41.667705999999995,64637.827549999995,2781.5437971126307,130.1073478,63.6651824535316,27.705089383627367,5.450517327716834,9,14,100-300:300-600,False,True,,2365,99.94996664442962
302,2026-10-07T04:42:12.203+00:00,2026-10-07T04:43:16.604+00:00,2026-10-07T04:43:41.989+00:00,True,400,400.0,,400.0,64401.314564,89786.163972,89786.163886,224.465409715,42.36323,64401.314564,3217.0085385538387,132.3006114,63.62117646115288,28.26594076743488,4.45502939767803,9,14,100-300:300-600,False,True,,1823,99.94996664442962
303,2026-10-07T04:42:18.800+00:00,2026-10-07T04:43:23.966+00:00,2026-10-07T04:43:55.111+00:00,True,498,498.0,,498.0,65165.697584,96310.62020800001,96310.620334,193.39481994779118,39.730598,65165.697584,2917.4640703038067,126.77434075000001,62.66584028973843,27.29844598079729,5.1707693183210734,9,14,100-300:300-600,False,True,,2234,99.94996664442962
304,2026-10-07T04:42:22.639+00:00,2026-10-07T04:43:28.079+00:00,2026-10-07T04:43:51.748+00:00,True,379,379.0,,379.0,65439.842119,89108.652359,89108.652394,235.11517782058047,41.076851000000005,65439.842119,3358.3145585366356,127.7922791,62.6159001058201,27.465875555039865,4.253234562151033,9,14,100-300:300-600,False,True,,2087,99.94996664442962
305,2026-10-07T04:42:28.216+00:00,2026-10-07T04:43:32.765+00:00,2026-10-07T04:43:51.445+00:00,True,305,305.0,,305.0,64549.676717,83229.419949,83229.419947,272.8833440885246,36.280269999999994,64549.676717,3692.6800225219013,126.80967940000001,61.44652378947368,26.48996228889401,3.66456957391861,9,14,100-300:300-600,False,True,,1580,99.94996664442962
306,2026-10-07T04:42:32.182+00:00,2026-10-07T04:43:35.477+00:00,2026-10-07T04:43:54.140+00:00,True,312,312.0,,312.0,63295.022561,81958.697953,81958.69804,262.6881347435897,38.678354,63295.022561,3580.0658414928666,124.34345569999999,60.01181798070739,25.18768414436971,3.8067954688460204,9,14,100-300:300-600,False,True,,1382,99.94996664442962
307,2026-10-07T04:42:38.863+00:00,2026-10-07T04:43:43.252+00:00,2026-10-07T04:44:11.601+00:00,True,468,468.0,,468.0,64389.311055,92737.953871,92737.95388,198.1580211111111,41.409755,64389.311055,2973.700038787783,124.53646694999999,60.70373194004282,25.50140398877927,5.0464775258142485,9,14,100-300:300-600,False,True,,1672,99.94996664442962
308,2026-10-07T04:42:44.259+00:00,2026-10-07T04:43:46.581+00:00,2026-10-07T04:44:04.982+00:00,True,312,312.0,,312.0,62321.763384000005,80722.72389600001,80722.723874,258.72667908333335,42.914313,62321.763384000005,3525.0108311690237,126.1433986,59.16707560128617,24.581836175174292,3.8650826550646205,9,14,100-300:300-600,False,True,,1454,99.94996664442962
309,2026-10-07T04:42:48.905+00:00,2026-10-07T04:43:52.451+00:00,2026-10-07T04:44:16.631+00:00,True,402,402.0,,402.0,63546.270734,87726.536718,87726.536809,218.22521594278606,40.159265,63546.270734,3166.4916209540124,125.54217125,60.299915172069824,25.094500477949474,4.582421865030907,9,14,100-300:300-600,False,True,,1811,99.94996664442962
310,2026-10-07T04:42:55.170+00:00,2026-10-07T04:43:58.777+00:00,2026-10-07T04:44:18.415+00:00,True,328,328.0,,328.0,63607.428683,83244.784459,83244.784304,253.79507409756096,38.508772,63607.428683,3508.9058514703634,124.78448475,60.0530757675841,25.03240080658444,3.9401867892582225,9,14,100-300:300-600,False,True,,1478,99.94996664442962
311,2026-10-07T04:42:59.785+00:00,2026-10-07T04:44:04.414+00:00,2026-10-07T04:44:26.013+00:00,True,365,365.0,,365.0,64628.82589,86228.244514,86228.244546,236.24176587945206,42.082029000000006,64628.82589,3379.8037120429494,124.04409940000001,59.33906215384615,23.619323214781733,4.23295176722215,9,14,100-300:300-600,False,True,,1474,99.94996664442962
312,2026-10-07T04:43:04.639+00:00,2026-10-07T04:44:08.769+00:00,2026-10-07T04:44:29.214+00:00,True,349,349.0,,349.0,64129.575501,84574.853709,84574.853795,242.33482462750717,38.210964999999995,64129.575501,3429.711678896393,124.01102999999999,58.75079944827586,23.321323437760075,4.126522065303452,9,14,100-300:300-600,False,True,,1525,99.94996664442962
313,2026-10-07T04:43:10.294+00:00,2026-10-07T04:44:12.271+00:00,2026-10-07T04:44:37.085+00:00,True,418,418.0,,418.0,61976.466692,86790.824452,86790.824563,207.6335515861244,42.852152000000004,61976.466692,3028.5566771509643,125.41325865,59.50685314148681,24.53913320736689,4.816177316430224,9,14,100-300:300-600,False,True,,779,99.94996664442962
314,2026-10-07T04:43:16.394+00:00,2026-10-07T04:44:19.652+00:00,2026-10-07T04:44:44.225+00:00,True,405,405.0,,405.0,63258.103117,87831.042893,87831.04302499999,216.86677290123455,39.941899,63258.103117,3140.401651362187,129.5777316,60.824108356435644,25.541309550652535,4.611125937481927,9,14,100-300:300-600,False,True,,2166,99.94996664442962
315,2026-10-07T04:43:20.225+00:00,2026-10-07T04:44:24.130+00:00,2026-10-07T04:45:44.057+00:00,True,1315,1315.0,,1315.0,63904.631664,143831.83780799998,143831.837616,109.37782328212928,0.011571999999999999,63904.631664,1764.0699269914899,127.1436528,60.82740193607306,110.94352958679146,9.142621133405688,9,14,1-100:1000-1500,False,True,,2642,99.94996664442962
316,2026-10-07T04:43:25.655+00:00,2026-10-07T04:44:29.455+00:00,2026-10-07T04:44:58.922+00:00,True,480,480.0,,480.0,63799.442639,93266.783951,93266.784081,194.30580016875,43.050824,63799.442639,2909.3440343104003,129.5095622,61.51845785386221,26.35565238244687,5.146526766186982,9,14,100-300:300-600,False,True,,2519,99.94996664442962
317,2026-10-07T04:43:30.783+00:00,2026-10-07T04:44:34.312+00:00,2026-10-07T04:44:53.120+00:00,True,314,314.0,,314.0,63528.563123,82336.884147,82336.884031,262.21937589490443,44.529805,63528.563123,3581.8172093032426,127.86714065,60.090482504792334,24.58226676219677,3.8136007119166746,9,14,100-300:300-600,False,True,,1258,99.94996664442962
318,2026-10-07T04:43:34.467+00:00,2026-10-07T04:44:37.240+00:00,2026-10-07T04:46:06.804+00:00,True,1471,1471.0,,1471.0,62772.965118,152336.957694,152336.957683,103.5601343868117,0.011682,62772.965118,1638.4233549736064,126.85771749999999,60.92788610612245,104.32330728762811,9.656225398401384,9,14,1-100:1000-1500,False,True,,6416,99.94996664442962
319,2026-10-07T04:43:40.336+00:00,2026-10-07T04:44:42.959+00:00,2026-10-07T04:45:15.573+00:00,True,538,538.0,,538.0,62622.916902000004,95236.97437400001,95236.974272,177.02039827509296,19.414863,62622.916902000004,2697.365374692888,126.38291939999999,60.73381279702049,25.268360509472767,5.649066484275835,9,14,100-300:300-600,False,True,,1884,99.94996664442962
320,2026-10-07T04:43:46.568+00:00,2026-10-07T04:44:50.467+00:00,2026-10-07T04:46:10.496+00:00,True,1311,1311.0,,1311.0,63898.960393,143927.352841,143927.353062,109.78440355606408,0.011111000000000001,63898.960393,1766.7141967338125,126.7256155,61.090375914503824,112.98584644415422,9.108761983889838,9,14,1-100:1000-1500,False,True,,1311,99.94996664442962
321,2026-10-07T04:43:51.809+00:00,2026-10-07T04:44:55.117+00:00,2026-10-07T04:45:16.504+00:00,True,350,350.0,,350.0,63308.109229999995,84694.624686,84694.62472899999,241.98464208285714,18.614092,63308.109229999995,3380.7832510822914,125.36070695000001,61.27941391404011,25.77769588039374,4.1324936653017,9,14,100-300:300-600,False,True,,1675,99.94996664442962
322,2026-10-07T04:43:56.610+00:00,2026-10-07T04:44:58.332+00:00,2026-10-07T04:46:23.640+00:00,True,1406,1406.0,,1406.0,61721.474382,147029.93851,147029.938513,104.57321373613087,0.011241,61721.474382,1647.941414975508,126.72084675000002,60.71776806263345,107.51358726454878,9.562678283405344,9,14,1-100:1000-1500,False,True,,5628,99.94996664442962
323,2026-10-07T04:44:01.612+00:00,2026-10-07T04:45:02.657+00:00,2026-10-07T04:45:24.795+00:00,True,371,371.0,,371.0,61045.314218,83183.28285799999,83183.28279699999,224.21370026145553,42.844237,61045.314218,3166.30056067521,125.397091,59.83234767567568,24.18291486951933,4.460030756820747,9,14,100-300:300-600,False,True,,1459,99.94996664442962
324,2026-10-07T04:44:05.995+00:00,2026-10-07T04:45:06.307+00:00,2026-10-07T04:45:30.076+00:00,True,393,393.0,,393.0,60312.662277,84081.224709,84081.224807,213.94713691348602,39.790836000000006,60312.662277,3039.416488376226,128.5433612,60.6340878367347,25.14085359772279,4.67405180360002,9,14,100-300:300-600,False,True,,1838,99.94996664442962
325,2026-10-07T04:44:10.928+00:00,2026-10-07T04:45:13.068+00:00,2026-10-07T04:46:20.352+00:00,True,1110,1110.0,,1110.0,62139.986815,129424.16140699999,129424.16142599999,116.59834362702702,0.011080999999999999,62139.986815,1867.1826691301733,127.11688914999999,60.67103209377818,120.22861683498223,8.576451165940991,9,14,1-100:1000-1500,False,True,,1117,99.94996664442962
326,2026-10-07T04:44:16.212+00:00,2026-10-07T04:45:18.950+00:00,2026-10-07T04:45:54.573+00:00,True,590,590.0,,590.0,62738.019495,98360.79530299999,98360.795146,166.7132121118644,0.011411,62738.019495,2585.706806003683,126.0855912,60.48009475042444,165.81903373014015,5.998324822227267,9,14,100-300:300-600,False,True,,2592,99.94996664442962
327,2026-10-07T04:44:21.375+00:00,2026-10-07T04:45:24.047+00:00,2026-10-07T04:45:53.738+00:00,True,490,490.0,,490.0,62672.484380999995,92363.690781,92363.69085999999,188.49732828571427,0.011332,62672.484380999995,2834.3495353922904,126.99732970000001,60.71821349693251,182.0137098298646,5.3051149846514924,9,14,100-300:300-600,False,True,,2521,99.94996664442962
328,2026-10-07T04:44:27.970+00:00,2026-10-07T04:45:29.002+00:00,2026-10-07T04:46:36.229+00:00,True,1111,1111.0,,1111.0,61032.600215000006,128258.88271100001,128258.88256700001,115.44453876417643,0.011080999999999999,61032.600215000006,1833.1018299277252,126.59685399999998,60.564218464864865,118.7861827255322,8.662168081592965,9,14,1-100:1000-1500,False,True,,1743,99.94996664442962
329,2026-10-07T04:44:33.329+00:00,2026-10-07T04:45:34.477+00:00,2026-10-07T04:46:42.865+00:00,True,1123,1123.0,,1123.0,61148.136363,129535.750315,129535.750461,115.34795232502226,0.013144,61148.136363,1826.8593502129966,127.99849979999999,60.95152758645276,120.43075301403124,8.669421354870236,9,14,1-100:1000-1500,False,True,,4492,99.94996664442962
330,2026-10-07T04:44:39.004+00:00,2026-10-07T04:45:41.046+00:00,2026-10-07T04:46:15.983+00:00,True,573,573.0,,573.0,62042.052455,96979.227751,96979.227898,169.24821622687608,41.101932,62042.052455,2589.425906848399,128.20368679999999,61.07897779020979,26.32595596209646,5.9084817778835275,9,14,100-300:300-600,False,True,,2516,99.94996664442962
331,2026-10-07T04:44:43.068+00:00,2026-10-07T04:45:45.573+00:00,2026-10-07T04:46:11.283+00:00,True,418,418.0,,418.0,62504.832656000006,88215.39240000001,88215.392372,211.04160854545455,39.919906000000005,62504.832656000006,3054.309733348534,128.26686115,61.656018570743406,26.435521429948086,4.7384020931929784,9,14,100-300:300-600,False,True,,1687,99.94996664442962
332,2026-10-07T04:44:49.602+00:00,2026-10-07T04:45:50.842+00:00,2026-10-07T04:46:27.091+00:00,True,597,597.0,,597.0,61240.462926,97489.355854,97489.355833,163.29875348911222,42.930218999999994,61240.462926,2504.0456749579594,127.44247139999999,60.82029014765101,25.496381786082075,6.1237454568277885,9,14,100-300:300-600,False,True,,3204,99.94996664442962
333,2026-10-07T04:44:53.831+00:00,2026-10-07T04:45:56.534+00:00,2026-10-07T04:47:14.008+00:00,True,1348,1348.0,,1348.0,62703.380204,140177.057516,140177.057517,103.98891507195846,40.348852,62703.380204,1706.42607142133,123.3198524,57.51572183518931,23.172617350727148,9.616409588610017,9,14,1-100:1000-1500,False,True,,8242,99.94996664442962
334,2026-10-07T04:44:58.533+00:00,2026-10-07T04:46:00.611+00:00,2026-10-07T04:46:27.093+00:00,True,437,437.0,,437.0,62078.589886,88559.916734,88559.916687,202.65427159496568,43.764932,62078.589886,2966.823678909222,126.31991339999999,60.73698818348624,25.278340217595012,4.934512317943797,9,14,100-300:300-600,True,True,,2050,99.94996664442962
335,2026-10-07T04:45:05.054+00:00,2026-10-07T04:46:07.103+00:00,2026-10-07T04:46:27.484+00:00,True,338,338.0,,338.0,62048.923266000005,82429.61549,82429.61550300001,243.87460207988167,41.424067,62048.923266000005,3371.8209453698028,126.81706754999999,60.47683152522256,25.209111277761362,4.100467993096543,9,14,100-300:300-600,True,True,,1042,99.94996664442962
336,2026-10-07T04:45:10.581+00:00,2026-10-07T04:46:12.278+00:00,2026-10-07T04:47:13.094+00:00,True,1074,1074.0,,1074.0,61696.750009,122512.486841,122512.486877,114.07121683147113,39.92633,61696.750009,1881.0130094986143,118.45687619999998,56.678226311276795,22.413313984976444,8.766453344415954,9,14,1-100:1000-1500,True,True,,1074,99.94996664442962
337,2026-10-07T04:45:16.958+00:00,2026-10-07T04:46:20.584+00:00,2026-10-07T04:46:56.840+00:00,True,591,591.0,,591.0,63626.418758,99882.06087,99882.060878,169.00517915059223,42.466439,63626.418758,2614.8389995208445,127.810245,61.45024086779661,25.648467682331656,5.916978432886033,9,14,100-300:300-600,True,True,,3297,99.94996664442962
338,2026-10-07T04:45:22.491+00:00,2026-10-07T04:46:25.494+00:00,2026-10-07T04:47:25.435+00:00,True,1171,1171.0,,1171.0,63003.508245,122944.710933,122944.71103399999,104.99121352177626,0.050495,63003.508245,1839.753265692476,107.3415925,51.23179716923077,20.366606950568475,9.52460655780588,9,14,1-100:1000-1500,True,True,,4083,99.94996664442962
339,2026-10-07T04:45:28.357+00:00,2026-10-07T04:46:30.579+00:00,2026-10-07T04:47:04.551+00:00,True,586,586.0,,586.0,62221.68329,96193.714778,96193.714824,164.15309696928327,40.474417,62221.68329,2568.062670441242,119.87731224999999,58.071848697435904,23.522992842763255,6.0918741037540345,9,14,100-300:300-600,True,True,,2889,99.94996664442962
340,2026-10-07T04:45:33.127+00:00,2026-10-07T04:46:36.775+00:00,2026-10-07T04:47:01.886+00:00,True,426,426.0,,426.0,63648.247054,88759.114766,88759.114789,208.3547295516432,39.442322999999995,63648.247054,3080.999238225982,126.74561250000001,59.08439461647059,24.126142781054806,4.799507082997444,9,14,100-300:300-600,True,True,,1436,99.94996664442962
341,2026-10-07T04:45:40.150+00:00,2026-10-07T04:46:42.761+00:00,2026-10-07T04:47:39.079+00:00,True,1277,1277.0,,1277.0,62611.434324,118928.71790799999,118928.718069,93.13133756382146,0.012554000000000001,62611.434324,1751.0349809623103,79.392374,44.13580218181818,24.610948079816026,10.737524312570596,9,14,1-100:1000-1500,True,True,,3538,99.94996664442962
342,2026-10-07T04:45:44.246+00:00,2026-10-07T04:46:47.795+00:00,2026-10-07T04:47:08.807+00:00,True,399,399.0,,399.0,63549.731652999995,84561.48128499999,84561.481345,211.93353720551377,40.779728999999996,63549.731652999995,3178.8736915284676,105.3425559,52.7933407839196,17.987066057720792,4.718460390437566,9,14,100-300:300-600,True,True,,1741,99.94996664442962
343,2026-10-07T04:45:49.295+00:00,2026-10-07T04:46:52.384+00:00,2026-10-07T04:47:18.087+00:00,True,535,535.0,,535.0,63089.064204,88792.36634800001,88792.366376,165.9670399551402,35.396822,63089.064204,2725.528654970312,54.09197840000001,48.133524614232215,13.126416395489976,6.0252927363507585,9,14,100-300:300-600,True,True,,2802,99.94996664442962
0,2026-10-07T04:15:54.276+00:00,2026-10-07T04:15:54.474+00:00,2026-10-07T04:16:51.360+00:00,True,1369,1369.0,,1369.0,198.042796,57084.560812,57084.560694,41.69799904601899,0.018685,200.728136,14.054255614115654,72.07348800000001,41.583712,13.407920151607163,23.981966060991684,10,14,1-100:1000-1500,False,True,,1370,99.94996664442962
1,2026-10-07T04:15:58.629+00:00,2026-10-07T04:15:58.747+00:00,2026-10-07T04:16:09.778+00:00,True,308,308.0,,308.0,117.364987,11148.862971,11148.862849,36.1976066525974,0.018494,166.89494399999998,12.14721104479814,54.1418382,35.93321818892508,11.244429313302161,27.62613558002802,10,14,100-300:300-600,False,True,,1447,99.94996664442962
2,2026-10-07T04:16:01.885+00:00,2026-10-07T04:16:01.979+00:00,2026-10-07T04:16:14.011+00:00,True,316,316.0,,316.0,93.561554,12125.300946,12125.301003,38.371205705696205,0.022431999999999997,168.748477,12.842794308926083,58.354350749999995,38.19599806984127,12.479244487329684,26.061208823377275,10,14,100-300:300-600,False,True,,1346,99.94996664442962
3,2026-10-07T04:16:06.394+00:00,2026-10-07T04:16:06.504+00:00,2026-10-07T04:16:23.555+00:00,True,422,422.0,,422.0,109.93086,17160.686444,17160.686422,40.6651337014218,0.019035,200.61032500000002,13.63048091722222,65.40095465,40.50060708788598,13.220513009045684,24.5910908853851,10,14,100-300:300-600,False,True,,1794,99.94996664442962
4,2026-10-07T04:16:10.439+00:00,2026-10-07T04:16:10.575+00:00,2026-10-07T04:16:26.197+00:00,True,377,377.0,,377.0,136.741698,15758.808642,15758.808533,41.80055313793103,32.146392,136.741698,11.286894392124346,67.77424579999999,41.54805038297872,10.180021689430056,23.923128236688438,10,14,100-300:300-600,False,True,,1464,99.94996664442962
5,2026-10-07T04:16:13.390+00:00,2026-10-07T04:16:13.528+00:00,2026-10-07T04:16:32.340+00:00,True,441,441.0,,441.0,138.77580600000002,18950.188798000003,18950.188872,42.97094982312925,32.371484,138.77580600000002,11.60516363505848,69.639894,42.753211345454545,10.678540073043026,23.271535956757486,10,14,100-300:300-600,False,True,,1946,99.94996664442962
6,2026-10-07T04:16:17.369+00:00,2026-10-07T04:16:17.541+00:00,2026-10-07T04:17:12.985+00:00,True,1140,1140.0,,1140.0,171.610657,55616.048161,55616.048169,48.78600716578947,34.160563,171.610657,16.927747411145877,90.77922674999999,48.678171645302896,16.538808933672374,20.49768075394126,10,14,1-100:1000-1500,False,True,,4614,99.94996664442962
7,2026-10-07T04:16:20.261+00:00,2026-10-07T04:16:20.376+00:00,2026-10-07T04:16:34.495+00:00,True,318,318.0,,318.0,115.426272,14234.643424,14234.643401,44.76302956289308,35.246576,115.426272,12.853838629948642,75.1526511,44.54011719873817,12.243071282754247,22.339864127811115,10,14,100-300:300-600,False,True,,1681,99.94996664442962
8,2026-10-07T04:16:23.041+00:00,2026-10-07T04:16:23.180+00:00,2026-10-07T04:16:48.799+00:00,True,548,548.0,,548.0,138.993944,25757.80252,25757.802509,47.00328925,35.653968,138.993944,15.093031662359115,84.15682720000001,46.83511622669104,14.58388625394489,21.275106817613725,10,14,100-300:300-600,False,True,,2448,99.94996664442962
9,2026-10-07T04:16:27.085+00:00,2026-10-07T04:16:27.237+00:00,2026-10-07T04:16:41.654+00:00,True,315,315.0,,315.0,152.38758900000002,14569.749765,14569.749921,46.25317435238095,36.294388,152.38758900000002,14.409194035901626,79.2375923,45.9151661656051,13.121924712297997,21.620137962609682,10,14,100-300:300-600,False,True,,1730,99.94996664442962
10,2026-10-07T04:16:30.502+00:00,2026-10-07T04:16:30.642+00:00,2026-10-07T04:16:51.871+00:00,True,445,445.0,,445.0,140.31103,21369.310966,21369.310996,48.02092358651685,34.299473,140.31103,15.767535016534588,87.57289,47.813062918918924,15.162659191739166,20.824255901747357,10,14,100-300:300-600,False,True,,2084,99.94996664442962
11,2026-10-07T04:16:33.258+00:00,2026-10-07T04:16:33.401+00:00,2026-10-07T04:17:00.603+00:00,True,550,550.0,,550.0,142.957114,27345.199930000002,27345.199819,49.71854512545455,37.351827,142.957114,17.68806784376329,92.2632949,49.54871186885246,17.24951882737103,20.11321919049505,10,14,100-300:300-600,False,True,,1867,99.94996664442962
12,2026-10-07T04:16:36.226+00:00,2026-10-07T04:16:36.394+00:00,2026-10-07T04:16:54.531+00:00,True,371,371.0,,371.0,167.760098,18305.184738,18305.184712,49.34012051752021,36.556258,167.760098,17.618350702730417,90.9671025,49.020066594594596,16.526988252603438,20.267481880684638,10,14,100-300:300-600,False,True,,1581,99.94996664442962
13,2026-10-07T04:16:39.582+00:00,2026-10-07T04:16:39.836+00:00,2026-10-07T04:17:10.334+00:00,True,590,590.0,,590.0,253.685551,30751.898159,30751.89824,52.12186142372882,38.66188,253.685551,20.411247490689693,99.92367344999998,51.779647891341256,18.65784776138088,19.185807554039645,10,14,100-300:300-600,False,True,,2216,99.94996664442962
14,2026-10-07T04:16:44.469+00:00,2026-10-07T04:16:44.635+00:00,2026-10-07T04:17:13.262+00:00,True,546,546.0,,546.0,165.467576,28793.040824,28793.040796,52.734506952380954,37.458677,165.467576,20.312964643236107,101.73777525000001,52.527657335779814,19.74766434525972,18.962915495361298,10,14,100-300:300-600,False,True,,2752,99.94996664442962
15,2026-10-07T04:16:47.420+00:00,2026-10-07T04:16:47.608+00:00,2026-10-07T04:17:06.573+00:00,True,362,362.0,,362.0,188.456485,19153.046821,19153.046613,52.90896854419889,39.301017,188.456485,21.176562130071368,107.1641479,52.53349123545706,19.96283125376216,18.900387149009205,10,14,100-300:300-600,False,True,,1816,99.94996664442962
16,2026-10-07T04:16:52.317+00:00,2026-10-07T04:16:52.517+00:00,2026-10-07T04:17:21.163+00:00,True,532,532.0,,532.0,200.01456299999998,28846.061795,28846.061811,54.22192069736842,0.018826,296.73556199999996,24.260426131760884,105.94802895000001,53.94735825235405,23.44137885360799,18.442725519371024,10,14,100-300:300-600,False,True,,2317,99.94996664442962
17,2026-10-07T04:16:55.541+00:00,2026-10-07T04:16:55.741+00:00,2026-10-07T04:17:22.891+00:00,True,501,501.0,,501.0,199.928542,27349.841630000003,27349.84172,54.59050243512974,0.018074000000000003,353.98314899999997,25.888950971789185,103.428953,54.299826175999996,25.083173142231367,18.31820479174014,10,14,100-300:300-600,False,True,,1705,99.94996664442962
18,2026-10-07T04:16:58.282+00:00,2026-10-07T04:16:58.542+00:00,2026-10-07T04:17:30.649+00:00,True,585,585.0,,585.0,259.876753,32366.883985,32366.883969,55.32800678461538,0.018444,346.019119,26.244295402069017,114.89712940000001,54.97775210958904,24.860700151007876,18.07402900665725,10,14,100-300:300-600,False,True,,2707,99.94996664442962
19,2026-10-07T04:17:01.629+00:00,2026-10-07T04:17:01.846+00:00,2026-10-07T04:17:20.926+00:00,True,351,351.0,,351.0,217.85691599999998,19297.65442,19297.65463,54.97907301994302,0.018174,354.33794300000005,27.987400175341584,102.64750250000002,54.51370715428571,26.63281124059871,18.18873902292629,10,14,100-300:300-600,False,True,,1528,99.94996664442962
20,2026-10-07T04:17:04.372+00:00,2026-10-07T04:17:04.545+00:00,2026-10-07T04:17:34.118+00:00,True,534,534.0,,534.0,173.658407,29745.942055,29745.942093999998,55.70401141198502,0.019896999999999998,354.051948,26.31838025605164,113.1596859,55.482708532833016,25.841001154677638,17.952028515776654,10,14,100-300:300-600,False,True,,1817,99.94996664442962
21,2026-10-07T04:17:08.349+00:00,2026-10-07T04:17:08.506+00:00,2026-10-07T04:18:09.296+00:00,True,1041,1041.0,,1041.0,156.528504,60946.92108,60946.921108,58.5465140326609,0.017924,342.990365,25.729896699674182,118.21338800000001,58.45230055384615,25.5620027877679,17.080436247691086,10,14,1-100:1000-1500,False,True,,2272,99.94996664442962
22,2026-10-07T04:17:12.192+00:00,2026-10-07T04:17:12.368+00:00,2026-10-07T04:17:37.447+00:00,True,444,444.0,,444.0,175.536866,25255.141346,25255.141175,56.88094859234234,0.019336,356.572249,28.27022482897755,119.18924295000001,56.61310266365688,27.732440983286654,17.580578699486164,10,14,100-300:300-600,False,True,,2311,99.94996664442962
23,2026-10-07T04:17:15.150+00:00,2026-10-07T04:17:15.311+00:00,2026-10-07T04:17:47.239+00:00,True,554,554.0,,554.0,160.49496100000002,32088.473969,32088.473987,57.92143318953069,0.018094000000000002,356.275192,27.724304105200595,120.63505369999999,57.73594757323689,27.40319236243234,17.264766175393937,10,14,100-300:300-600,False,True,,2763,99.94996664442962
24,2026-10-07T04:17:18.491+00:00,2026-10-07T04:17:18.654+00:00,2026-10-07T04:18:23.728+00:00,True,1095,1095.0,,1095.0,162.837247,65236.941823,65236.941794,59.577115793607305,0.018565,368.81682900000004,28.630376957585234,124.0955299,59.482728131627056,28.472512616736083,16.78496829251959,10,14,1-100:1000-1500,False,True,,4422,99.94996664442962
25,2026-10-07T04:17:22.430+00:00,2026-10-07T04:17:22.619+00:00,2026-10-07T04:17:43.011+00:00,True,348,348.0,,348.0,188.83901999999998,20581.133675999998,20581.133611,59.14118853735632,40.655181,188.83901999999998,26.105975110851187,125.48155969999999,58.76741975792507,25.193931008572438,16.908689554152627,10,14,100-300:300-600,False,True,,1610,99.94996664442962
26,2026-10-07T04:17:27.051+00:00,2026-10-07T04:17:27.218+00:00,2026-10-07T04:18:01.171+00:00,True,567,567.0,,567.0,166.702902,34120.335413999994,34120.335467,60.17695849559083,40.784696000000004,166.702902,24.634746246956748,121.9468435,59.98875002120142,24.245097088828953,16.61765610215405,10,14,100-300:300-600,False,True,,1994,99.94996664442962
27,2026-10-07T04:17:30.427+00:00,2026-10-07T04:17:30.554+00:00,2026-10-07T04:17:58.648+00:00,True,468,468.0,,468.0,127.470493,28220.933533,28220.933614,60.301140200854704,40.473022,143.56709400000003,24.40866453745717,115.9168015,60.15730843683083,24.23547788213455,16.583434401726883,10,14,100-300:300-600,False,True,,2060,99.94996664442962
28,2026-10-07T04:17:33.845+00:00,2026-10-07T04:17:34.023+00:00,2026-10-07T04:18:00.245+00:00,True,436,436.0,,436.0,177.97242300000002,26399.315655,26399.315785,60.548889415137616,41.617805999999995,177.97242300000002,25.155306958640082,113.17052125000001,60.27894995862069,24.54393037271607,16.515579634634282,10,14,100-300:300-600,False,True,,1664,99.94996664442962
29,2026-10-07T04:17:37.734+00:00,2026-10-07T04:17:37.945+00:00,2026-10-07T04:18:03.438+00:00,True,423,423.0,,423.0,211.20017,25703.955114,25703.955113,60.76585133096927,41.643753,211.20017,26.443988085962577,118.44525980000002,60.40937190521327,25.437454360136332,16.456611370660518,10,14,100-300:300-600,False,True,,1874,99.94996664442962
30,2026-10-07T04:17:41.667+00:00,2026-10-07T04:17:41.903+00:00,2026-10-07T04:18:00.468+00:00,True,313,313.0,,313.0,236.471464,18801.355944,18801.355893,60.06822969009585,41.799006,236.471464,25.411941560423372,112.875056,59.502834871794875,23.397964564976025,16.647735457605997,10,14,100-300:300-600,False,True,,1510,99.94996664442962
31,2026-10-07T04:17:45.671+00:00,2026-10-07T04:17:45.887+00:00,2026-10-07T04:18:47.919+00:00,True,1028,1028.0,,1028.0,216.506463,62247.999583,62247.999581,60.552528775291826,0.020007999999999998,390.661645,27.53710340239358,126.15946985000001,60.40067489776047,27.116462029521152,16.514586924665576,10,14,1-100:1000-1500,False,True,,3817,99.94996664442962
32,2026-10-07T04:17:50.242+00:00,2026-10-07T04:17:50.435+00:00,2026-10-07T04:19:00.520+00:00,True,1150,1150.0,,1150.0,192.459772,70277.239548,70277.239411,61.11064296608696,0.018754999999999997,377.185056,27.641329821181497,127.80380925,60.996327046127064,27.380047182902544,16.363761687232174,10,14,1-100:1000-1500,False,True,,1150,99.94996664442962
33,2026-10-07T04:17:53.459+00:00,2026-10-07T04:17:53.678+00:00,2026-10-07T04:18:28.832+00:00,True,586,586.0,,586.0,218.951502,35372.965454000005,35372.965431,60.36342223720136,0.018334,387.201281,29.225247259345426,125.3630695,60.09233154188034,28.503309510944987,16.56632381478027,10,14,100-300:300-600,False,True,,1693,99.94996664442962
34,2026-10-07T04:17:57.471+00:00,2026-10-07T04:17:58.596+00:00,2026-10-07T04:19:29.089+00:00,True,1486,1486.0,,1486.0,1125.021303,91618.213751,91618.213652,61.654248756393,0.018454,1125.021303,41.186979764605304,127.37916725,60.93817673265993,30.578372884878927,16.219482340472727,10,14,1-100:1000-1500,False,True,,6415,99.94996664442962
35,2026-10-07T04:18:01.590+00:00,2026-10-07T04:18:02.298+00:00,2026-10-07T04:19:11.189+00:00,True,1133,1133.0,,1133.0,708.061557,69599.588213,69599.588366,61.42946899029126,0.018815000000000002,708.061557,33.41972379326402,127.66269480000001,60.85823909540636,27.34660483619001,16.278831945565667,10,14,1-100:1000-1500,False,True,,5354,99.94996664442962
36,2026-10-07T04:18:05.475+00:00,2026-10-07T04:18:05.682+00:00,2026-10-07T04:19:16.267+00:00,True,1162,1162.0,,1162.0,207.082534,70792.150054,70792.150004,60.922676423407914,0.019256,431.66157400000003,28.293417913664797,128.26973855,60.796785116279075,27.978121714131703,16.414249307495684,10,14,1-100:1000-1500,False,True,,1246,99.94996664442962
37,2026-10-07T04:18:08.912+00:00,2026-10-07T04:18:09.100+00:00,2026-10-07T04:19:15.045+00:00,True,1086,1086.0,,1086.0,187.320255,66132.534975,66132.5349,60.89552016574586,0.018024000000000002,442.81609100000003,28.534885334847665,127.33220525,60.778999741935486,28.288379994194244,16.42156920811427,10,14,1-100:1000-1500,False,True,,1086,99.94996664442962
38,2026-10-07T04:18:11.877+00:00,2026-10-07T04:18:12.147+00:00,2026-10-07T04:18:32.484+00:00,True,344,344.0,,344.0,270.01818,20606.887555999998,20606.887582,59.90374297093023,0.022132000000000002,370.393213,31.897844795862735,125.0771476,59.29116436151604,29.84934968543127,16.693447715729363,10,14,100-300:300-600,False,True,,1511,99.94996664442962
39,2026-10-07T04:18:14.912+00:00,2026-10-07T04:18:15.106+00:00,2026-10-07T04:19:40.494+00:00,True,1411,1411.0,,1411.0,193.86731899999998,85582.217783,85582.217925,60.653591725726436,0.018024000000000002,574.201701,30.777401400724205,127.3356135,60.55911380425532,30.5829546601384,16.48706982071549,10,14,1-100:1000-1500,False,True,,7573,99.94996664442962
40,2026-10-07T04:18:19.411+00:00,2026-10-07T04:18:20.769+00:00,2026-10-07T04:19:30.333+00:00,True,1143,1143.0,,1143.0,1358.232263,70922.047175,70922.047242,62.04903520734908,0.017943,1358.232263,49.681013457158755,129.10860639999999,60.914023565674256,31.569048869475097,16.116286056713083,10,14,1-100:1000-1500,False,True,,1143,99.94996664442962
41,2026-10-07T04:18:23.755+00:00,2026-10-07T04:18:23.924+00:00,2026-10-07T04:19:24.945+00:00,True,1000,1000.0,,1000.0,169.044271,61189.985327,61189.985429,61.189985429000004,38.400169999999996,169.044271,25.831382592575757,128.909027,61.08202307907908,25.617604405864018,16.342543549503866,10,14,1-100:1000-1500,False,True,,1000,99.94996664442962
42,2026-10-07T04:18:26.932+00:00,2026-10-07T04:18:28.940+00:00,2026-10-07T04:18:50.066+00:00,True,342,342.0,,342.0,2008.232937,23133.878761,23133.878703,67.64292018421052,42.690919,2008.232937,108.53105196494272,128.38375855,61.95204053958944,26.551952340159865,14.783513112230754,10,14,100-300:300-600,False,True,,1346,99.94996664442962
43,2026-10-07T04:18:30.067+00:00,2026-10-07T04:18:31.348+00:00,2026-10-07T04:19:07.910+00:00,True,594,594.0,,594.0,1281.9018119999998,37843.781363999995,37843.781329,63.710069577441075,37.328401,1281.9018119999998,56.399220323812166,128.7905384,61.65578339291737,25.986071319261452,15.696105901432459,10,14,100-300:300-600,False,True,,2639,99.94996664442962
44,2026-10-07T04:18:33.169+00:00,2026-10-07T04:18:34.942+00:00,2026-10-07T04:19:06.341+00:00,True,509,509.0,,509.0,1772.651402,33172.148874,33172.148914,65.17121594106091,37.150599,1772.651402,80.23009967597937,129.56124679999996,61.81003439370079,26.22545606352194,15.344197384781095,10,14,100-300:300-600,False,True,,2377,99.94996664442962
45,2026-10-07T04:18:35.891+00:00,2026-10-07T04:18:38.257+00:00,2026-10-07T04:19:09.161+00:00,True,506,506.0,,506.0,2366.226481,33269.606193,33269.605973,65.75020943280633,34.074846,2366.226481,105.66008166805466,128.713886,61.19481131089109,25.788208705505706,15.2090769293946,10,14,100-300:300-600,False,True,,2143,99.94996664442962
46,2026-10-07T04:18:39.810+00:00,2026-10-07T04:18:41.343+00:00,2026-10-07T04:18:59.846+00:00,True,303,303.0,,303.0,1533.235845,20035.914373,20035.914338,66.12512982838284,36.357072,1533.235845,88.30128705367811,127.8835351,61.26714744370861,25.4650012273142,15.122843627656783,10,14,100-300:300-600,False,True,,1452,99.94996664442962
47,2026-10-07T04:18:44.241+00:00,2026-10-07T04:18:45.265+00:00,2026-10-07T04:19:14.117+00:00,True,478,478.0,,478.0,1023.205625,29875.726072999998,29875.726004,62.50151883682008,32.003046,1023.205625,50.50904069460754,128.5980432,60.48746425157233,24.768567977888743,15.999611150270571,10,14,100-300:300-600,False,True,,2120,99.94996664442962
48,2026-10-07T04:18:47.992+00:00,2026-10-07T04:18:50.238+00:00,2026-10-07T04:19:22.700+00:00,True,532,532.0,,532.0,2245.9254929999997,34707.921781,34707.921683,65.24045429135339,32.070382,2245.9254929999997,98.17423290091712,130.8980273,61.13370299058381,25.8271127109134,15.32791284239987,10,14,100-300:300-600,False,True,,2621,99.94996664442962
49,2026-10-07T04:18:51.011+00:00,2026-10-07T04:18:54.587+00:00,2026-10-07T04:20:12.444+00:00,True,1275,1275.0,,1275.0,3576.288142,81432.774542,81432.774625,63.86884284313726,0.017352,3576.288142,102.9062933376315,129.1369569,61.11184175824176,29.984433478213372,15.657086562148294,10,14,1-100:1000-1500,False,True,,6103,99.94996664442962
50,2026-10-07T04:18:54.115+00:00,2026-10-07T04:18:58.333+00:00,2026-10-07T04:19:23.607+00:00,True,412,412.0,,412.0,4217.195165,29491.247517,29491.247635,71.58069814320389,43.590783,4217.195165,206.41002942843335,130.04142105,61.494044652068126,26.261415709141794,13.970246587992108,10,14,100-300:300-600,False,True,,2167,99.94996664442962
51,2026-10-07T04:18:58.327+00:00,2026-10-07T04:19:02.447+00:00,2026-10-07T04:19:38.607+00:00,True,597,597.0,,597.0,4120.271325000001,40280.245213,40280.245083,67.47109729145728,0.017904,4120.271325000001,169.39947137576078,128.54040400000002,60.671097127516774,33.056486552790346,14.821161014365545,10,14,100-300:300-600,False,True,,2666,99.94996664442962
52,2026-10-07T04:19:02.284+00:00,2026-10-07T04:19:06.131+00:00,2026-10-07T04:20:21.990+00:00,True,1251,1251.0,,1251.0,3846.9992310000002,79706.836415,79706.836396,63.714497518784974,0.018094000000000002,3846.9992310000002,110.98900606356459,128.10188449999998,60.6878697472,29.31709287026475,15.695015086115935,10,14,1-100:1000-1500,False,True,,4880,99.94996664442962
53,2026-10-07T04:19:06.646+00:00,2026-10-07T04:19:12.225+00:00,2026-10-07T04:19:36.760+00:00,True,404,404.0,,404.0,5578.910672,30113.716176,30113.716177,74.53890142821783,0.018194,5578.910672,276.9505638747164,128.97326454999998,60.88041067990074,36.56456773520432,13.41581349969618,10,14,100-300:300-600,False,True,,1871,99.94996664442962
54,2026-10-07T04:19:11.210+00:00,2026-10-07T04:19:16.576+00:00,2026-10-07T04:19:51.734+00:00,True,588,588.0,,588.0,5365.16833,40523.335114,40523.335015,68.91723642006802,0.018595,5365.16833,221.3120305735668,127.30500254999998,59.89466232367973,33.37194260450554,14.510158118670194,10,14,100-300:300-600,False,True,,3051,99.94996664442962
55,2026-10-07T04:19:15.218+00:00,2026-10-07T04:19:20.708+00:00,2026-10-07T04:19:40.068+00:00,True,320,320.0,,320.0,5490.5912419999995,24850.499593999997,24850.499426,77.65781070625,0.019306,5490.5912419999995,306.17659353299996,128.0879192,60.68936787460815,40.15192606986353,12.877004697211884,10,14,100-300:300-600,False,True,,1426,99.94996664442962
56,2026-10-07T04:19:19.718+00:00,2026-10-07T04:19:24.161+00:00,2026-10-07T04:19:59.249+00:00,True,581,581.0,,581.0,4442.086647,39530.673655000006,39530.673813,68.03902549569708,0.018465,4442.086647,184.81428105872106,128.379089,60.49756380689655,33.38645420906762,14.697447482697088,10,14,100-300:300-600,False,True,,2756,99.94996664442962
57,2026-10-07T04:19:24.336+00:00,2026-10-07T04:19:29.453+00:00,2026-10-07T04:19:48.202+00:00,True,317,317.0,,317.0,5117.534113,23866.306977,23866.307013999998,75.28803474447949,41.685438999999995,5117.534113,285.0814662002612,124.1972384,59.33155969620253,23.709465042892177,13.282323080210668,10,14,100-300:300-600,False,True,,1369,99.94996664442962
58,2026-10-07T04:19:28.873+00:00,2026-10-07T04:19:34.678+00:00,2026-10-07T04:19:59.073+00:00,True,406,406.0,,406.0,5804.195855999999,30199.399952,30199.400041,74.38275872167488,43.638839999999995,5804.195855999999,286.17124443348195,127.7376265,60.23507184197531,25.135311119075244,13.443975729494984,10,14,100-300:300-600,False,True,,2111,99.94996664442962
59,2026-10-07T04:19:32.990+00:00,2026-10-07T04:19:38.114+00:00,2026-10-07T04:21:03.330+00:00,True,1391,1391.0,,1391.0,5123.644987,90339.59378699999,90339.593754,64.94578990222861,0.018164000000000003,5123.644987,139.34408519767993,129.3229135,61.30643798561152,31.525507230328117,15.397456881194955,10,14,1-100:1000-1500,False,True,,4615,99.94996664442962
60,2026-10-07T04:19:37.838+00:00,2026-10-07T04:19:44.228+00:00,2026-10-07T04:20:02.558+00:00,True,302,302.0,,302.0,6389.573667000001,24720.028195,24720.028262,81.85439821854305,40.383188000000004,6389.573667000001,365.0900247545699,131.33193870000002,60.898520026578076,25.8845099173517,12.216814544778073,10,14,100-300:300-600,False,True,,1285,99.94996664442962
61,2026-10-07T04:19:40.548+00:00,2026-10-07T04:19:47.190+00:00,2026-10-07T04:21:13.662+00:00,True,1416,1416.0,,1416.0,6641.901698,93114.080386,93114.080323,65.75853130155367,0.017733000000000002,6641.901698,177.71928076428537,129.44626325000002,61.11108034487633,31.63776374025685,15.207152281696166,10,14,1-100:1000-1500,False,True,,6368,99.94996664442962
62,2026-10-07T04:19:43.357+00:00,2026-10-07T04:19:51.479+00:00,2026-10-07T04:20:14.173+00:00,True,363,363.0,,363.0,8122.1840329999995,30815.664737,30815.664747,84.8916384214876,43.053871,8122.1840329999995,423.89538264580295,132.16293729999998,62.689173215469616,27.362559217257612,11.779723173199969,10,14,100-300:300-600,False,True,,1953,99.94996664442962
63,2026-10-07T04:19:46.607+00:00,2026-10-07T04:19:55.489+00:00,2026-10-07T04:20:24.875+00:00,True,485,485.0,,485.0,8881.973244,38267.523324,38267.523257,78.90210980824743,37.423663,8881.973244,401.3335689824208,128.0058296,60.71394644628099,25.04842737396253,12.67393230269035,10,14,100-300:300-600,False,True,,2542,99.94996664442962
64,2026-10-07T04:19:49.955+00:00,2026-10-07T04:19:57.645+00:00,2026-10-07T04:21:21.080+00:00,True,1366,1366.0,,1366.0,7690.241567,91125.53065500001,91125.530728,66.70975895168375,0.017222,7690.241567,208.81088385668292,130.42493725,61.12475391062271,31.528684180397676,14.990310511020859,10,14,1-100:1000-1500,False,True,,4098,99.94996664442962
65,2026-10-07T04:19:53.540+00:00,2026-10-07T04:20:01.038+00:00,2026-10-07T04:20:30.161+00:00,True,477,477.0,,477.0,7498.184807,36621.488999,36621.48914,76.77461035639413,0.018354,7498.184807,342.999269452954,130.8352376,61.18341216806722,41.23481411536549,13.025139420546912,10,14,100-300:300-600,False,True,,1736,99.94996664442962
66,2026-10-07T04:19:57.575+00:00,2026-10-07T04:20:07.169+00:00,2026-10-07T04:20:32.693+00:00,True,413,413.0,,413.0,9594.513438999998,35118.189599,35118.189453,85.03193572154963,0.017924,9594.513438999998,470.9692360491429,129.81796279999998,61.950670291262135,42.340972046429286,11.760287324485551,10,14,100-300:300-600,False,True,,2007,99.94996664442962
67,2026-10-07T04:20:01.059+00:00,2026-10-07T04:20:11.183+00:00,2026-10-07T04:20:43.661+00:00,True,525,525.0,,525.0,10124.889977,42602.631033,42602.631135,81.14786882857143,0.017893,10124.889977,440.9150303920952,130.6072726,61.98042186259541,39.098571968266256,12.323182565727809,10,14,100-300:300-600,False,True,,2535,99.94996664442962
68,2026-10-07T04:20:05.738+00:00,2026-10-07T04:20:14.168+00:00,2026-10-07T04:20:38.537+00:00,True,401,401.0,,401.0,8430.028825,32799.141913,32799.141734,81.79337090773068,0.017934000000000002,8430.028825,420.15496785990285,131.22717,60.92278272,43.20526536996129,12.22592960095285,10,14,100-300:300-600,False,True,,1989,99.94996664442962
69,2026-10-07T04:20:08.436+00:00,2026-10-07T04:20:17.679+00:00,2026-10-07T04:20:46.853+00:00,True,474,474.0,,474.0,9242.883372,38416.617004,38416.617085,81.04771536919831,0.018154,9242.883372,423.65454056696893,130.6774644,61.67808378858351,40.62137792230454,12.33841074425284,10,14,100-300:300-600,False,True,,2423,99.94996664442962
70,2026-10-07T04:20:12.733+00:00,2026-10-07T04:20:23.041+00:00,2026-10-07T04:20:59.307+00:00,True,589,589.0,,589.0,10307.878927,46574.643726999995,46574.643506,79.07409763327674,0.017522,10307.878927,423.927562969833,130.562124,61.678171428571424,38.40483893434136,12.64636619557324,10,14,100-300:300-600,False,True,,2330,99.94996664442962
71,2026-10-07T04:20:15.905+00:00,2026-10-07T04:20:27.014+00:00,2026-10-07T04:20:57.866+00:00,True,505,505.0,,505.0,11109.115917,41960.506637,41960.506588,83.09011205544554,0.017754000000000002,11109.115917,493.26056761143656,130.0732166,61.213076825396826,40.17248947001304,12.035126371775032,10,14,100-300:300-600,False,True,,2342,99.94996664442962
72,2026-10-07T04:20:18.673+00:00,2026-10-07T04:20:29.763+00:00,2026-10-07T04:20:51.752+00:00,True,355,355.0,,355.0,11090.302598999999,33078.685063,33078.685121,93.17939470704225,41.497961000000004,11090.302598999999,585.90419077172,129.9408527,62.11407475706214,26.295831157095726,10.731986453629728,10,14,100-300:300-600,False,True,,2126,99.94996664442962
73,2026-10-07T04:20:23.456+00:00,2026-10-07T04:20:33.522+00:00,2026-10-07T04:20:54.575+00:00,True,349,349.0,,349.0,10066.595935000001,31119.115871,31119.115872000002,89.16652112320918,40.184791,10066.595935000001,536.1788884035782,128.0878012,60.49574694252873,24.635438589945426,11.214971577172415,10,14,100-300:300-600,False,True,,1280,99.94996664442962
74,2026-10-07T04:20:28.324+00:00,2026-10-07T04:20:40.522+00:00,2026-10-07T04:21:15.087+00:00,True,575,575.0,,575.0,12198.418004000001,46762.923348,46762.923295,81.32682312173914,44.112731,12198.418004000001,506.7891654925778,127.1853696,60.21690826480837,24.493074806482852,12.29606617449831,10,14,100-300:300-600,False,True,,2998,99.94996664442962
75,2026-10-07T04:20:32.764+00:00,2026-10-07T04:20:43.809+00:00,2026-10-07T04:22:05.381+00:00,True,1338,1338.0,,1338.0,11044.966744000001,92617.32744800001,92617.327554,69.22072313452915,0.017473,11044.966744000001,302.27746988399207,129.8398969,61.01148893343306,34.680085304025496,14.446540802542806,10,14,1-100:1000-1500,False,True,,2343,99.94996664442962
76,2026-10-07T04:20:35.855+00:00,2026-10-07T04:20:47.589+00:00,2026-10-07T04:21:06.119+00:00,True,308,308.0,,308.0,11734.068650000001,30264.139178,30264.139306,98.26019255194805,42.54893,11734.068650000001,665.6401672937372,128.29090575,60.35853592182411,25.018458057366477,10.177061313010856,10,14,100-300:300-600,False,True,,1422,99.94996664442962
77,2026-10-07T04:20:40.312+00:00,2026-10-07T04:20:53.014+00:00,2026-10-07T04:21:11.764+00:00,True,314,314.0,,314.0,12701.178611,31451.064819,31451.064695999998,100.16262642038217,40.632349999999995,12701.178611,713.8139690854124,127.5397524,59.903789801916936,24.684131361007537,9.983763723328963,10,14,100-300:300-600,False,True,,1383,99.94996664442962
78,2026-10-07T04:20:43.694+00:00,2026-10-07T04:20:54.875+00:00,2026-10-07T04:21:16.636+00:00,True,362,362.0,,362.0,11180.816924,32941.69654,32941.696609,90.99916190331491,43.434118999999995,11180.816924,585.019586383963,127.66769124999999,60.27944491966759,25.09779321642982,10.989112220144326,10,14,100-300:300-600,False,True,,1949,99.94996664442962
79,2026-10-07T04:20:47.582+00:00,2026-10-07T04:20:59.452+00:00,2026-10-07T04:21:35.437+00:00,True,590,590.0,,590.0,11870.429798000001,47855.293542,47855.293492000004,81.11066693559322,42.071256,11870.429798000001,486.8734942042979,130.7139466,61.09484506621392,25.949883164384705,12.328834624787934,10,14,100-300:300-600,False,True,,2758,99.94996664442962
80,2026-10-07T04:20:51.186+00:00,2026-10-07T04:21:02.887+00:00,2026-10-07T04:21:25.735+00:00,True,381,381.0,,381.0,11701.116119999999,34548.641751999996,34548.641761,90.6788497664042,38.868255,11701.116119999999,596.9246802191343,128.983665,60.125067452631576,25.38628645956419,11.027929917908978,10,14,100-300:300-600,False,True,,1768,99.94996664442962
81,2026-10-07T04:20:54.760+00:00,2026-10-07T04:21:06.977+00:00,2026-10-07T04:22:10.268+00:00,True,1028,1028.0,,1028.0,12217.467687999999,75508.245032,75508.245167,73.45160035700388,0.017783999999999998,12217.467687999999,380.94832644959513,131.4980597,61.62685233106134,37.191678735515346,13.614407268561717,10,14,1-100:1000-1500,False,True,,3274,99.94996664442962
82,2026-10-07T04:20:59.194+00:00,2026-10-07T04:21:13.842+00:00,2026-10-07T04:21:45.848+00:00,True,510,510.0,,510.0,14647.649657,46653.413753,46653.413775,91.4772819117647,0.017763,14647.649657,647.4511631972607,134.87680024999997,62.87969370530452,45.91192737569804,10.931675926227477,10,14,100-300:300-600,False,True,,2292,99.94996664442962
83,2026-10-07T04:21:03.195+00:00,2026-10-07T04:21:17.236+00:00,2026-10-07T04:22:38.202+00:00,True,1330,1330.0,,1330.0,14040.536079,95007.22459099999,95007.224357,71.43400327593984,0.017713999999999997,14040.536079,384.8782447502602,129.68617335,60.923016186606475,34.53442218616193,13.998935404392293,10,14,1-100:1000-1500,False,True,,5320,99.94996664442962
84,2026-10-07T04:21:06.003+00:00,2026-10-07T04:21:22.165+00:00,2026-10-07T04:21:41.177+00:00,True,303,303.0,,303.0,16161.539578,35173.839609999995,35173.839474,116.08527879207921,0.017974,16161.539578,926.5170566884972,137.78556149999997,62.95463586754966,55.82114198985528,8.614356674153267,10,14,100-300:300-600,False,True,,1633,99.94996664442962
85,2026-10-07T04:21:08.920+00:00,2026-10-07T04:21:24.951+00:00,2026-10-07T04:21:52.972+00:00,True,449,449.0,,449.0,16030.098270999999,44051.962207000004,44051.962029,98.11127400668151,0.017633,16030.098270999999,755.0903780199272,133.9501664,62.548803428571425,48.178277797988585,10.192508517331207,10,14,100-300:300-600,False,True,,1619,99.94996664442962
86,2026-10-07T04:21:13.761+00:00,2026-10-07T04:21:31.658+00:00,2026-10-07T04:21:55.500+00:00,True,383,383.0,,383.0,17897.475094,41739.486998,41739.486812,108.98038332114884,0.017983,17897.475094,912.7837704518738,133.2823919,62.41364372774869,51.580084735641876,9.175963279528373,10,14,100-300:300-600,False,True,,1402,99.94996664442962
87,2026-10-07T04:21:17.996+00:00,2026-10-07T04:21:37.740+00:00,2026-10-07T04:23:07.412+00:00,True,1480,1480.0,,1480.0,19743.813813,109415.756725,109415.756832,73.92956542702703,0.017643,19743.813813,512.9728937244649,128.1310951,60.63011691142664,36.967915170226455,13.526388193976091,10,14,1-100:1000-1500,False,True,,7595,99.94996664442962
88,2026-10-07T04:21:22.451+00:00,2026-10-07T04:21:40.695+00:00,2026-10-07T04:22:50.210+00:00,True,1144,1144.0,,1144.0,18243.995508,87759.091316,87759.091228,76.71249233216783,33.373991000000004,18243.995508,538.2224013040433,127.29797245000002,60.818106568678914,25.951976479575126,13.035686478119093,10,14,1-100:1000-1500,False,True,,1716,99.94996664442962
89,2026-10-07T04:21:27.321+00:00,2026-10-07T04:21:44.467+00:00,2026-10-07T04:22:11.321+00:00,True,436,436.0,,436.0,17146.511427999998,44000.399172,44000.399248999995,100.91834690137614,41.917947,17146.511427999998,818.6461557274446,130.600007,61.73307527356322,26.673710404397077,9.909001013732896,10,14,100-300:300-600,False,True,,1932,99.94996664442962
90,2026-10-07T04:21:31.794+00:00,2026-10-07T04:21:48.361+00:00,2026-10-07T04:23:02.556+00:00,True,1232,1232.0,,1232.0,16567.350139000002,90762.781307,90762.781296,73.67108871428572,36.560741,16567.350139000002,470.9536535706099,126.9943113,60.27248673273761,25.021774217598505,13.573845823794551,10,14,1-100:1000-1500,False,True,,1232,99.94996664442962
91,2026-10-07T04:21:36.037+00:00,2026-10-07T04:21:52.348+00:00,2026-10-07T04:23:14.479+00:00,True,1350,1350.0,,1350.0,16310.855349,98442.40376500001,98442.4037,72.92029903703704,0.017863,16310.855349,443.8707070004206,128.51903464999998,60.883282739807264,37.69720134502146,13.713602557112447,10,14,1-100:1000-1500,False,True,,6274,99.94996664442962
92,2026-10-07T04:21:39.849+00:00,2026-10-07T04:21:56.135+00:00,2026-10-07T04:22:22.613+00:00,True,441,441.0,,441.0,16285.545976,42763.697144,42763.697132,96.9698347664399,41.347951,16285.545976,773.0289473472684,122.56966,60.177616290909086,24.654355954793644,10.312485342766369,10,14,100-300:300-600,False,True,,2354,99.94996664442962
93,2026-10-07T04:21:42.846+00:00,2026-10-07T04:22:00.350+00:00,2026-10-07T04:22:24.907+00:00,True,411,411.0,,411.0,17504.373351,42061.029479,42061.029566,102.33827145012165,41.186277000000004,17504.373351,860.8295613320422,123.114381,59.894283239024396,24.81482534618795,9.771515464337407,10,14,100-300:300-600,False,True,,1740,99.94996664442962
94,2026-10-07T04:21:47.137+00:00,2026-10-07T04:22:05.554+00:00,2026-10-07T04:22:37.104+00:00,True,529,529.0,,529.0,18417.579171,49967.608483,49967.608368,94.45672659357278,34.858382,18417.579171,798.5422328097242,123.49873,59.75384339393939,24.52273471938173,10.586858488133899,10,14,100-300:300-600,False,True,,2145,99.94996664442962
95,2026-10-07T04:21:51.188+00:00,2026-10-07T04:22:09.493+00:00,2026-10-07T04:22:45.131+00:00,True,596,596.0,,596.0,18305.212237,53943.189325,53943.18912,90.50870657718121,35.088974,18305.212237,747.7701300000131,125.00908500000001,59.895759811764705,24.865595723752353,11.048660775490772,10,14,100-300:300-600,False,True,,2297,99.94996664442962
96,2026-10-07T04:21:55.058+00:00,2026-10-07T04:22:11.319+00:00,2026-10-07T04:22:31.837+00:00,True,358,358.0,,358.0,16261.668181,36779.253333,36779.253468,102.73534488268156,34.358225,16261.668181,856.7097474439305,119.51273425000001,57.47222731652661,22.37349422679398,9.733748446676222,10,14,100-300:300-600,False,True,,1565,99.94996664442962
97,2026-10-07T04:21:59.217+00:00,2026-10-07T04:22:14.663+00:00,2026-10-07T04:22:38.567+00:00,True,409,409.0,,409.0,15446.468943,39350.105423,39350.105427,96.21052671638142,35.135781,15446.468943,761.2509149281117,120.93299040000002,58.587344313725495,23.733094988704085,10.393873043118733,10,14,100-300:300-600,False,True,,1821,99.94996664442962
98,2026-10-07T04:22:03.785+00:00,2026-10-07T04:22:19.099+00:00,2026-10-07T04:23:27.474+00:00,True,1133,1133.0,,1133.0,15314.276337,83689.04651300001,83689.046646,73.86500145278023,0.019537,15314.276337,454.8402315978728,126.43154340000001,60.40174043816254,38.91118901614242,13.538211357492322,10,14,1-100:1000-1500,False,True,,1781,99.94996664442962
99,2026-10-07T04:22:06.459+00:00,2026-10-07T04:22:21.332+00:00,2026-10-07T04:23:51.711+00:00,True,1497,1497.0,,1497.0,14872.610859999999,105252.198188,105252.198359,70.30874973881096,0.018164000000000003,14872.610859999999,384.5452390847076,127.49291699999999,60.41416265240642,36.26777605069706,14.222980857141621,10,14,1-100:1000-1500,False,True,,6445,99.94996664442962
100,2026-10-07T04:22:11.174+00:00,2026-10-07T04:22:28.707+00:00,2026-10-07T04:23:03.684+00:00,True,575,575.0,,575.0,17533.043468,52509.64174000001,52509.641821,91.32111621043478,0.018375,17533.043468,730.357341799377,130.63120139999998,60.93484019512195,50.13893810812197,10.950369892963584,10,14,100-300:300-600,False,True,,2992,99.94996664442962
101,2026-10-07T04:22:14.027+00:00,2026-10-07T04:22:32.014+00:00,2026-10-07T04:23:52.288+00:00,True,1317,1317.0,,1317.0,17986.20945,98260.48836199999,98260.488532,74.60933070007593,0.017402,17986.20945,495.41948535540973,129.2702994,60.99869218237082,38.31475447137878,13.403149342674341,10,14,1-100:1000-1500,False,True,,5268,99.94996664442962
102,2026-10-07T04:22:18.343+00:00,2026-10-07T04:22:37.253+00:00,2026-10-07T04:23:58.630+00:00,True,1347,1347.0,,1347.0,18909.542896000003,100286.983664,100286.983786,74.45210377579807,0.017763,18909.542896000003,514.9112523895074,126.8782009,60.4587227102526,37.043239149620234,13.431453921407872,10,14,1-100:1000-1500,False,True,,4169,99.94996664442962
103,2026-10-07T04:22:22.753+00:00,2026-10-07T04:22:40.348+00:00,2026-10-07T04:23:46.922+00:00,True,1098,1098.0,,1098.0,17594.92351,84168.731894,84168.731975,76.65640434881603,0.017232,17594.92351,530.6191884187859,128.1505278,60.68715440656336,39.364122443772246,13.045224459158941,10,14,1-100:1000-1500,False,True,,1098,99.94996664442962
104,2026-10-07T04:22:27.121+00:00,2026-10-07T04:22:46.256+00:00,2026-10-07T04:23:10.976+00:00,True,405,405.0,,405.0,19135.365386999998,43854.806795,43854.806736,108.28347342222222,0.017724,19135.365386999998,949.5166167943505,132.5170434,61.18673615841584,57.081410677372666,9.23501959302156,10,14,100-300:300-600,False,True,,2066,99.94996664442962
105,2026-10-07T04:22:30.857+00:00,2026-10-07T04:22:49.252+00:00,2026-10-07T04:23:12.061+00:00,True,372,372.0,,372.0,18394.831709,41203.957853,41203.957634,110.76332697311828,0.017793,18394.831709,952.3314780340103,132.6036151,61.480124377358486,58.465074881348265,9.028258919377455,10,14,100-300:300-600,False,True,,2206,99.94996664442962
106,2026-10-07T04:22:34.663+00:00,2026-10-07T04:22:53.427+00:00,2026-10-07T04:23:13.244+00:00,True,321,321.0,,321.0,18763.837271,38580.857686999996,38580.857629,120.1895876292835,0.017322,18763.837271,1045.6423462443643,132.02405100000001,61.928188799999994,61.484500327260925,8.320188281043905,10,14,100-300:300-600,False,True,,1088,99.94996664442962
107,2026-10-07T04:22:38.809+00:00,2026-10-07T04:23:00.302+00:00,2026-10-07T04:23:32.351+00:00,True,529,529.0,,529.0,21493.401526999998,53541.857206999994,53541.85729,101.21334081285444,0.018435,21493.401526999998,933.186049316163,121.80724180000001,60.697832727272726,49.840055030622295,9.880120481342571,10,14,100-300:300-600,False,True,,2096,99.94996664442962
108,2026-10-07T04:22:41.541+00:00,2026-10-07T04:23:03.743+00:00,2026-10-07T04:23:39.210+00:00,True,590,590.0,,590.0,22201.393949,57668.473117,57668.473143,97.74317481864406,38.894046,22201.393949,911.8886332099843,125.88035875,60.21575410526316,25.31123594190745,10.230893382645755,10,14,100-300:300-600,False,True,,2860,99.94996664442962
109,2026-10-07T04:22:45.755+00:00,2026-10-07T04:23:07.358+00:00,2026-10-07T04:23:31.096+00:00,True,396,396.0,,396.0,21603.655517,45341.868637,45341.868772,114.49966861616161,40.949961,21603.655517,1082.8861394325845,122.17753925000001,60.096742075949365,24.724479763869763,8.73364975692367,10,14,100-300:300-600,False,True,,1875,99.94996664442962
110,2026-10-07T04:22:50.313+00:00,2026-10-07T04:23:10.609+00:00,2026-10-07T04:23:29.232+00:00,True,315,315.0,,315.0,20295.904606,38919.17731,38919.17734,123.55294393650794,40.630353,20295.904606,1140.4628770311226,118.1167583,59.309785681528666,24.386592984705533,8.09369626420811,10,14,100-300:300-600,False,True,,811,99.94996664442962
111,2026-10-07T04:22:53.310+00:00,2026-10-07T04:23:12.531+00:00,2026-10-07T04:24:16.233+00:00,True,1051,1051.0,,1051.0,19220.96459,82922.868462,82922.868545,78.89901859657469,39.223345,19220.96459,591.5893198865687,127.10054749999999,60.66847987809524,26.000933325755216,12.674428893901908,10,14,1-100:1000-1500,False,True,,3155,99.94996664442962
112,2026-10-07T04:22:56.782+00:00,2026-10-07T04:23:15.325+00:00,2026-10-07T04:23:44.893+00:00,True,500,500.0,,500.0,18543.375446,48111.325782,48111.325668,96.222651336,39.832746,18543.375446,826.9778108668067,119.32704135,59.25440949098196,23.832262681378342,10.392563328343492,10,14,100-300:300-600,False,True,,2564,99.94996664442962
113,2026-10-07T04:22:59.972+00:00,2026-10-07T04:23:17.839+00:00,2026-10-07T04:23:39.403+00:00,True,376,376.0,,376.0,17866.848283,39430.947355,39430.947573,104.8695414175532,40.243787,17866.848283,918.711881995716,112.57077749999999,57.504264192,22.09792614659603,9.535657274851697,10,14,100-300:300-600,False,True,,1899,99.94996664442962
114,2026-10-07T04:23:04.563+00:00,2026-10-07T04:23:21.590+00:00,2026-10-07T04:23:45.899+00:00,True,415,415.0,,415.0,17026.468425,41335.234377,41335.234223,99.6029740313253,41.696178,17026.468425,833.2563522703543,121.16333800000001,58.716825971014494,23.906460997510354,10.039860817407552,10,14,100-300:300-600,False,True,,1957,99.94996664442962
115,2026-10-07T04:23:07.718+00:00,2026-10-07T04:23:26.068+00:00,2026-10-07T04:23:44.080+00:00,True,303,303.0,,303.0,18349.259949,36361.671341,36361.671324,120.00551592079208,41.084323,18349.259949,1051.0021348987993,125.68762790000001,59.643746331125826,24.777404747941045,8.332950296988933,10,14,100-300:300-600,False,True,,1686,99.94996664442962
116,2026-10-07T04:23:10.622+00:00,2026-10-07T04:23:29.381+00:00,2026-10-07T04:23:59.376+00:00,True,501,501.0,,501.0,18758.675528,48754.145608,48754.145415,97.31366350299402,39.937071,18758.675528,835.75932521753,126.409774,59.990940159999994,24.678514697694226,10.276049221090064,10,14,100-300:300-600,False,True,,2267,99.94996664442962
117,2026-10-07T04:23:13.341+00:00,2026-10-07T04:23:33.054+00:00,2026-10-07T04:23:53.997+00:00,True,347,347.0,,347.0,19712.739298999997,40655.33897899999,40655.339076,117.16236044956771,44.267114,19712.739298999997,1055.2957532743008,128.6812952,60.52774473988439,25.60425466034737,8.535164352687811,10,14,100-300:300-600,False,True,,1764,99.94996664442962
118,2026-10-07T04:23:17.215+00:00,2026-10-07T04:23:37.174+00:00,2026-10-07T04:24:59.260+00:00,True,1332,1332.0,,1332.0,19958.34862,102044.452172,102044.452046,76.60994898348348,0.017502,19958.34862,547.1496276652248,129.62883655000002,61.67250454695717,46.570900282025946,13.053134900022402,10,14,1-100:1000-1500,False,True,,9862,99.94996664442962
119,2026-10-07T04:23:20.076+00:00,2026-10-07T04:23:39.891+00:00,2026-10-07T04:25:01.009+00:00,True,1312,1312.0,,1312.0,19814.352544,100932.745632,100932.74563,76.93044636432927,0.017924,19814.352544,547.2361089803348,130.31329805000001,61.875204491228075,45.72340173234687,12.998754683475486,10,14,1-100:1000-1500,False,True,,4585,99.94996664442962
120,2026-10-07T04:23:24.572+00:00,2026-10-07T04:23:44.489+00:00,2026-10-07T04:24:15.147+00:00,True,498,498.0,,498.0,19917.215793000003,50574.577713000006,50574.577614,101.55537673493977,39.091337,19917.215793000003,890.139353312353,130.34278585,61.684832837022135,26.43201515267146,9.846844452682221,10,14,100-300:300-600,False,True,,1747,99.94996664442962
121,2026-10-07T04:23:27.366+00:00,2026-10-07T04:23:47.388+00:00,2026-10-07T04:24:13.517+00:00,True,427,427.0,,427.0,20022.26931,46151.121278,46151.121273,108.08225122482436,43.033480000000004,20022.26931,966.3205239790957,130.7046648,61.33533325821596,25.783174219208593,9.252212907848648,10,14,100-300:300-600,False,True,,1948,99.94996664442962
122,2026-10-07T04:23:32.213+00:00,2026-10-07T04:23:51.512+00:00,2026-10-07T04:24:13.314+00:00,True,356,356.0,,356.0,19299.362914999998,41100.627555,41100.627676,115.45120133707864,44.251733,19299.362914999998,1019.9375456054127,130.67263575,61.41201307042254,25.90836984550924,8.661668231795444,10,14,100-300:300-600,False,True,,1685,99.94996664442962
123,2026-10-07T04:23:36.775+00:00,2026-10-07T04:23:59.017+00:00,2026-10-07T04:24:24.281+00:00,True,402,402.0,,402.0,22241.724521,47505.244009,47505.243892,118.17224848756219,43.201428,22241.724521,1106.5203777760803,132.3100983,63.00129548129676,27.712047589335125,8.462223663641007,10,14,100-300:300-600,False,True,,1707,99.94996664442962
124,2026-10-07T04:23:41.100+00:00,2026-10-07T04:24:03.706+00:00,2026-10-07T04:25:32.264+00:00,True,1435,1435.0,,1435.0,22606.079535,111163.71255899999,111163.712379,77.46600165783973,0.018114,22606.079535,596.8547040810316,129.82166690000003,61.75567156485356,45.36739805517225,12.908888763843468,10,14,1-100:1000-1500,False,True,,5736,99.94996664442962
125,2026-10-07T04:23:45.395+00:00,2026-10-07T04:24:07.789+00:00,2026-10-07T04:24:43.916+00:00,True,582,582.0,,582.0,22394.555335999998,58521.7794,58521.779362,100.55288550171821,39.852211000000004,22394.555335999998,926.0953363914895,130.95963554999997,62.18110854388984,26.850119979329314,9.945015444967828,10,14,100-300:300-600,False,True,,2609,99.94996664442962
126,2026-10-07T04:23:49.896+00:00,2026-10-07T04:24:12.300+00:00,2026-10-07T04:25:36.293+00:00,True,1376,1376.0,,1376.0,22404.15964,106397.895064,106397.894964,77.32405157267442,0.017052,22404.15964,603.9691166089834,128.22592025,61.086353035636364,44.49768409966064,12.932586675444233,10,14,1-100:1000-1500,False,True,,1377,99.94996664442962
127,2026-10-07T04:23:54.308+00:00,2026-10-07T04:24:15.737+00:00,2026-10-07T04:24:38.334+00:00,True,367,367.0,,367.0,21428.711529,44025.859689000004,44025.859547,119.96147015531335,38.694111,21428.711529,1115.6689960659983,132.2284473,61.740841967213115,26.847979440927645,8.336009849495252,10,14,100-300:300-600,False,True,,2148,99.94996664442962
128,2026-10-07T04:23:57.199+00:00,2026-10-07T04:24:20.045+00:00,2026-10-07T04:24:40.303+00:00,True,323,323.0,,323.0,22845.861543000003,43103.683495000005,43103.683553,133.44793669659444,38.94944,22845.861543000003,1267.9964699534924,133.610296,62.91249053416149,28.4973229321705,7.493559107018493,10,14,100-300:300-600,False,True,,1408,99.94996664442962
129,2026-10-07T04:24:00.089+00:00,2026-10-07T04:24:22.335+00:00,2026-10-07T04:24:58.460+00:00,True,592,592.0,,592.0,22245.735171999997,58370.708996,58370.709215999996,98.59917097297297,0.017373,22245.735171999997,913.8755919108552,130.0636934,61.12516721489002,61.87831277606671,10.142073142208504,10,14,100-300:300-600,False,True,,2897,99.94996664442962
130,2026-10-07T04:24:03.112+00:00,2026-10-07T04:24:25.838+00:00,2026-10-07T04:24:57.304+00:00,True,514,514.0,,514.0,22726.622456999998,54192.733689,54192.733678,105.43333400389105,0.017653,22726.622456999998,1001.8924739176996,130.8547084,61.337448795321635,65.96366567324121,9.484666393648478,10,14,100-300:300-600,False,True,,2287,99.94996664442962
131,2026-10-07T04:24:07.590+00:00,2026-10-07T04:24:31.508+00:00,2026-10-07T04:25:05.628+00:00,True,555,555.0,,555.0,23917.721011,58037.948851,58037.949034000005,104.57288114234234,0.017943,23917.721011,1014.6661350090209,130.0166503,61.58885891696751,64.20514085984942,9.562708727437002,10,14,100-300:300-600,False,True,,2378,99.94996664442962
132,2026-10-07T04:24:11.213+00:00,2026-10-07T04:24:34.372+00:00,2026-10-07T04:25:04.111+00:00,True,485,485.0,,485.0,23158.920091,52898.063771,52898.063787,109.06817275670103,0.017823000000000002,23158.920091,1050.6120239903369,128.969085,61.44451173553719,61.702061794655854,9.16857755133731,10,14,100-300:300-600,False,True,,1768,99.94996664442962
133,2026-10-07T04:24:14.227+00:00,2026-10-07T04:24:37.824+00:00,2026-10-07T04:25:05.833+00:00,True,457,457.0,,457.0,23597.423558,51606.293445999996,51606.293466999996,112.92405572647702,0.018044,23597.423558,1103.2107311153254,129.04203959999998,61.42296028070176,70.39156148427287,8.855509076198187,10,14,100-300:300-600,False,True,,2208,99.94996664442962
134,2026-10-07T04:24:18.820+00:00,2026-10-07T04:24:41.235+00:00,2026-10-07T04:25:09.271+00:00,True,460,460.0,,460.0,22415.442598999998,50450.888871,50450.888662,109.6758449173913,0.018104,22415.442598999998,1044.2998738460888,128.7532476,61.07940364270152,65.03023064710139,9.117777908258333,10,14,100-300:300-600,False,True,,2086,99.94996664442962
135,2026-10-07T04:24:23.378+00:00,2026-10-07T04:24:45.247+00:00,2026-10-07T04:25:09.567+00:00,True,400,400.0,,400.0,21869.311409,46189.504433,46189.504566,115.473761415,0.018123999999999998,21869.311409,1092.7353845069129,128.8192992,60.95286472180452,71.21851213067431,8.659976003427756,10,14,100-300:300-600,False,True,,1850,99.94996664442962
136,2026-10-07T04:24:26.567+00:00,2026-10-07T04:24:49.457+00:00,2026-10-07T04:26:03.583+00:00,True,1237,1237.0,,1237.0,22889.697707,97015.760555,97015.760758,78.42826253678254,40.325362999999996,22889.697707,649.5751939654041,125.060234,59.97254275728156,24.686418500436517,12.750505618092044,10,14,1-100:1000-1500,False,True,,1653,99.94996664442962
137,2026-10-07T04:24:30.622+00:00,2026-10-07T04:24:54.770+00:00,2026-10-07T04:25:19.302+00:00,True,396,396.0,,396.0,24147.071543000002,48679.565111,48679.565025,122.92819450757577,39.817080000000004,24147.071543000002,1210.6091744476146,130.31664474999997,62.10757865316456,26.72141888770584,8.134830274203022,10,14,100-300:300-600,False,True,,2195,99.94996664442962
138,2026-10-07T04:24:35.136+00:00,2026-10-07T04:24:59.387+00:00,2026-10-07T04:25:35.459+00:00,True,597,597.0,,597.0,24251.677144999998,60323.323865,60323.324077,101.04409393132327,42.149291,24251.677144999998,990.401873674435,126.81592799999999,60.52289718120805,25.34634503213766,9.896669509393256,10,14,100-300:300-600,False,True,,2702,99.94996664442962
139,2026-10-07T04:24:38.459+00:00,2026-10-07T04:25:01.333+00:00,2026-10-07T04:26:14.090+00:00,True,1214,1214.0,,1214.0,22874.741672,95630.922152,95630.922173,78.77341200411861,41.78618,22874.741672,655.2629441950613,125.19413155000001,59.98036313272877,24.720554978369933,12.694638644918795,10,14,1-100:1000-1500,False,True,,3638,99.94996664442962
140,2026-10-07T04:24:43.224+00:00,2026-10-07T04:25:07.034+00:00,2026-10-07T04:25:42.517+00:00,True,593,593.0,,593.0,23810.376217999998,59293.088282,59293.088176,99.98834431028668,42.799951,23810.376217999998,975.6161501037177,122.84672280000001,59.937013621621624,24.314032431746444,10.001165686962894,10,14,100-300:300-600,False,True,,2828,99.94996664442962
141,2026-10-07T04:24:46.203+00:00,2026-10-07T04:25:09.416+00:00,2026-10-07T04:26:29.522+00:00,True,1335,1335.0,,1335.0,23212.62363,103318.554638,103318.554864,77.39217592808988,38.780358,23212.62363,634.1468470953977,125.4169857,60.049423544227885,24.765410890560652,12.921202824385954,10,14,1-100:1000-1500,False,True,,1335,99.94996664442962
142,2026-10-07T04:24:50.624+00:00,2026-10-07T04:25:13.795+00:00,2026-10-07T04:25:38.891+00:00,True,423,423.0,,423.0,23171.139221,48266.741653000005,48266.741721,114.10577239007092,42.36257,23171.139221,1123.9864040746686,124.42220149999999,59.46825220853081,24.13361835155218,8.763798539396715,10,14,100-300:300-600,False,True,,2297,99.94996664442962
143,2026-10-07T04:24:55.092+00:00,2026-10-07T04:25:17.692+00:00,2026-10-07T04:26:36.822+00:00,True,1322,1322.0,,1322.0,22599.778603,101729.664811,101729.664762,76.95133491830559,40.626949999999994,22599.778603,620.407831557945,125.58141284999999,59.90150356396669,24.601454913598918,12.99522614623864,10,14,1-100:1000-1500,False,True,,4267,99.94996664442962
144,2026-10-07T04:24:59.930+00:00,2026-10-07T04:25:21.422+00:00,2026-10-07T04:25:47.112+00:00,True,440,440.0,,440.0,21491.585934,47181.60475,47181.604638,107.23091963181818,38.780899,21491.585934,1022.0578539022206,123.4853588,58.51940504783599,23.79933558592608,9.3256683898612,10,14,100-300:300-600,False,True,,2298,99.94996664442962
145,2026-10-07T04:25:04.089+00:00,2026-10-07T04:25:26.373+00:00,2026-10-07T04:25:55.092+00:00,True,490,490.0,,490.0,22283.371361999998,51002.208866,51002.208793,104.08614039387754,41.984582,22283.371361999998,1004.2877368129857,122.47346180000001,58.729729047034766,23.770204181243034,9.607427029040942,10,14,100-300:300-600,False,True,,2086,99.94996664442962
146,2026-10-07T04:25:08.813+00:00,2026-10-07T04:25:30.891+00:00,2026-10-07T04:25:50.424+00:00,True,333,333.0,,333.0,22077.742695999998,41611.143528,41611.143607,124.9583892102102,40.374285,22077.742695999998,1206.8710037913672,122.55764439999999,58.835544674698795,24.220198014032324,8.002663992541455,10,14,100-300:300-600,False,True,,1538,99.94996664442962
147,2026-10-07T04:25:11.697+00:00,2026-10-07T04:25:32.814+00:00,2026-10-07T04:25:54.513+00:00,True,373,373.0,,373.0,21116.944833999998,42815.431618,42815.431711,114.78668019034852,43.049801,21116.944833999998,1090.6285867286692,121.3483366,58.3292655483871,23.605648951140545,8.7118122112586,10,14,100-300:300-600,False,True,,1724,99.94996664442962
148,2026-10-07T04:25:16.032+00:00,2026-10-07T04:25:37.884+00:00,2026-10-07T04:26:09.315+00:00,True,531,531.0,,531.0,21851.836158,53282.93606199999,53282.93586,100.34451197740113,41.456885,21851.836158,946.0418925904071,125.37752449999999,59.30396208301887,24.87804812953645,9.96566704548955,10,14,100-300:300-600,False,True,,2638,99.94996664442962
149,2026-10-07T04:25:18.821+00:00,2026-10-07T04:25:40.105+00:00,2026-10-07T04:27:10.408+00:00,True,1499,1499.0,,1499.0,21284.782532,111587.57242,111587.572257,74.44134239959973,0.017522,21284.782532,550.2027324652654,125.00949340000001,60.28223624032043,46.95278348184079,13.433395560914022,10,14,1-100:1000-1500,False,True,,6551,99.94996664442962
150,2026-10-07T04:25:22.678+00:00,2026-10-07T04:25:43.718+00:00,2026-10-07T04:26:19.038+00:00,True,594,594.0,,594.0,21040.049649,56360.153585,56360.15356,94.8824134006734,41.243055,21040.049649,861.1793402432977,124.33118920000001,59.56172670489038,24.199212544586956,10.53936091753466,10,14,100-300:300-600,False,True,,2367,99.94996664442962
151,2026-10-07T04:25:26.050+00:00,2026-10-07T04:25:48.551+00:00,2026-10-07T04:26:18.096+00:00,True,492,492.0,,492.0,22501.446966,52045.76287,52045.762751,105.78407063211382,42.057872,22501.446966,1012.0338882828665,127.01083429999998,60.171722818737265,24.790840393692374,9.453219106979343,10,14,100-300:300-600,False,True,,2599,99.94996664442962
152,2026-10-07T04:25:29.639+00:00,2026-10-07T04:25:52.654+00:00,2026-10-07T04:26:15.347+00:00,True,377,377.0,,377.0,23015.387535,45707.814287,45707.814309,121.24088676127322,40.530403,23015.387535,1182.506569342421,127.5306264,60.352198808510636,24.929033264626806,8.24804261330047,10,14,100-300:300-600,False,True,,1520,99.94996664442962
153,2026-10-07T04:25:32.963+00:00,2026-10-07T04:25:54.361+00:00,2026-10-07T04:26:26.747+00:00,True,540,540.0,,540.0,21397.233495,53784.038999,53784.038953,99.60007213518519,43.471812,21397.233495,918.5255707250216,125.79931025000002,60.086837669758815,24.303070404030365,10.040153362413712,10,14,100-300:300-600,False,True,,1906,99.94996664442962
154,2026-10-07T04:25:37.470+00:00,2026-10-07T04:26:00.120+00:00,2026-10-07T04:26:33.607+00:00,True,548,548.0,,548.0,22649.733111999998,56136.911095999996,56136.910987999996,102.43961859124087,40.692874,22649.733111999998,965.2678038903522,128.0129498,61.21970380987203,25.426619970820347,9.761848119196701,10,14,100-300:300-600,False,True,,2862,99.94996664442962
155,2026-10-07T04:25:41.010+00:00,2026-10-07T04:26:03.234+00:00,2026-10-07T04:26:21.899+00:00,True,309,309.0,,309.0,22224.295906,40888.387042,40888.386949,132.32487685760518,44.283453,22224.295906,1261.0924833388638,125.7954088,60.59769849350649,24.83370285276337,7.557157969635714,10,14,100-300:300-600,False,True,,1454,99.94996664442962
156,2026-10-07T04:25:43.937+00:00,2026-10-07T04:26:05.147+00:00,2026-10-07T04:27:15.375+00:00,True,1163,1163.0,,1163.0,21210.186655,91438.687135,91438.687299,78.62311891573516,0.017262,21210.186655,622.3014223826352,125.93064580000001,60.43760798623063,51.40374067396961,12.71890527346426,10,14,1-100:1000-1500,False,True,,4648,99.94996664442962
157,2026-10-07T04:25:47.383+00:00,2026-10-07T04:26:08.921+00:00,2026-10-07T04:26:27.222+00:00,True,305,305.0,,305.0,21538.074311,39839.265222999995,39839.265203,130.62054164918032,40.037980000000005,21538.074311,1230.0512517900065,115.0537252,60.20128589473684,23.919220842184295,7.655763686723756,10,14,100-300:300-600,False,True,,1232,99.94996664442962
158,2026-10-07T04:25:51.370+00:00,2026-10-07T04:26:13.085+00:00,2026-10-07T04:26:48.988+00:00,True,593,593.0,,593.0,21714.939704999997,57617.931065,57617.930941,97.1634585851602,39.535525,21714.939704999997,889.5916287186419,126.94939500000001,60.646944864864864,25.200311268952426,10.291934976475018,10,14,100-300:300-600,False,True,,2733,99.94996664442962
159,2026-10-07T04:25:54.825+00:00,2026-10-07T04:26:17.184+00:00,2026-10-07T04:26:52.999+00:00,True,577,577.0,,577.0,22359.339046,58173.702694,58173.702734,100.82097527556326,0.017824000000000003,22359.339046,930.8152341524288,127.39823080000001,62.17771466666667,69.21201048283689,9.918570991347805,10,14,100-300:300-600,False,True,,2928,99.94996664442962
160,2026-10-07T04:25:58.994+00:00,2026-10-07T04:26:21.027+00:00,2026-10-07T04:26:45.204+00:00,True,397,397.0,,397.0,22033.330511999997,46210.19809599999,46210.197997999996,116.39848362216624,37.197805,22033.330511999997,1103.056570018913,128.8076732,61.05269591919192,25.737932971769975,8.591177193727823,10,14,100-300:300-600,False,True,,1829,99.94996664442962
161,2026-10-07T04:26:03.588+00:00,2026-10-07T04:26:27.399+00:00,2026-10-07T04:26:58.850+00:00,True,516,516.0,,516.0,23811.67117,55262.51021,55262.510088,107.09788776744186,0.017483000000000002,23811.67117,1048.270794258431,128.34537575,61.06959036893204,75.38524218408644,9.33725228982862,10,14,100-300:300-600,False,True,,2680,99.94996664442962
162,2026-10-07T04:26:06.766+00:00,2026-10-07T04:26:29.469+00:00,2026-10-07T04:27:55.680+00:00,True,1419,1419.0,,1419.0,22703.573033,108913.89264899999,108913.892748,76.7539765665962,0.017422999999999998,22703.573033,603.0573299036869,127.90651570000001,60.797122437235544,48.70672450439619,13.02864093355889,10,14,1-100:1000-1500,False,True,,6351,99.94996664442962
163,2026-10-07T04:26:10.406+00:00,2026-10-07T04:26:34.129+00:00,2026-10-07T04:27:07.557+00:00,True,558,558.0,,558.0,23722.999522,57150.932194,57150.932143,102.42102534587814,0.017363,23722.999522,1004.1645164487705,124.46106155000001,60.01424178096948,69.88595759905793,9.763620269672202,10,14,100-300:300-600,False,True,,2652,99.94996664442962
164,2026-10-07T04:26:13.629+00:00,2026-10-07T04:26:35.597+00:00,2026-10-07T04:27:46.385+00:00,True,1163,1163.0,,1163.0,21968.139452,92756.669884,92756.669981,79.75638003525366,0.017563,21968.139452,644.7974435831491,127.53170549999999,60.91956147332186,55.714361728438696,12.538181905995861,10,14,1-100:1000-1500,False,True,,2907,99.94996664442962
165,2026-10-07T04:26:16.498+00:00,2026-10-07T04:26:39.488+00:00,2026-10-07T04:27:01.419+00:00,True,362,362.0,,362.0,22990.00345,44920.590842000005,44920.590945,124.09003023480663,0.017453,22990.00345,1208.2011623303936,126.82181335,60.74954956232687,86.14317469493103,8.05866515142842,10,14,100-300:300-600,False,True,,1713,99.94996664442962
166,2026-10-07T04:26:20.487+00:00,2026-10-07T04:26:44.112+00:00,2026-10-07T04:27:03.667+00:00,True,323,323.0,,323.0,23624.906004,43180.412436,43180.412457,133.68548748297215,0.017222,23624.906004,1314.0468217614987,124.86181570000001,60.73138643478261,87.40480766932302,7.480243512697698,10,14,100-300:300-600,False,True,,1021,99.94996664442962
167,2026-10-07T04:26:24.747+00:00,2026-10-07T04:26:48.783+00:00,2026-10-07T04:28:15.275+00:00,True,1405,1405.0,,1405.0,24035.758963,110527.613555,110527.613597,78.66734063843417,0.017332999999999998,24035.758963,641.5649074911431,130.2846816,61.60388503703704,50.25335034272884,12.711755504436486,10,14,1-100:1000-1500,False,True,,5859,99.94996664442962
168,2026-10-07T04:26:28.360+00:00,2026-10-07T04:26:54.031+00:00,2026-10-07T04:28:01.812+00:00,True,1100,1100.0,,1100.0,25670.74823,93452.519238,93452.519229,84.95683566272727,40.214999000000006,25670.74823,772.582930881509,130.35444165,61.675860789808915,26.092790132167856,11.770683219342407,10,14,1-100:1000-1500,False,True,,5551,99.94996664442962
169,2026-10-07T04:26:31.920+00:00,2026-10-07T04:26:56.542+00:00,2026-10-07T04:27:18.612+00:00,True,368,368.0,,368.0,24621.839235,46692.110467,46692.110341,126.8807346222826,40.927955000000004,24621.839235,1280.597770069654,118.3835669,60.13697883378747,24.330963225235603,7.881417145624351,10,14,100-300:300-600,False,True,,1956,99.94996664442962
170,2026-10-07T04:26:34.890+00:00,2026-10-07T04:26:59.440+00:00,2026-10-07T04:27:26.539+00:00,True,449,449.0,,449.0,24549.785175,51649.586263000005,51649.586399,115.03248641202673,41.341631,24549.785175,1156.0020874421084,121.5430508,60.49062742857142,25.507566356543137,8.693196451055567,10,14,100-300:300-600,False,True,,945,99.94996664442962
171,2026-10-07T04:26:37.677+00:00,2026-10-07T04:27:03.461+00:00,2026-10-07T04:27:33.974+00:00,True,495,495.0,,495.0,25784.084417,56297.448640999995,56297.448662999996,113.73221952121212,39.073620000000005,25784.084417,1156.4204209771415,129.35512699999998,61.767943773279356,25.845646535217153,8.792583180039603,10,14,100-300:300-600,False,True,,1968,99.94996664442962
172,2026-10-07T04:26:41.782+00:00,2026-10-07T04:27:05.974+00:00,2026-10-07T04:28:27.179+00:00,True,1324,1324.0,,1324.0,24191.964931000002,105396.66969899999,105396.669903,79.60473557628399,35.173712,24191.964931000002,663.6718637295343,130.87259555,61.3792175117158,25.853932094068178,12.562066750127705,10,14,1-100:1000-1500,False,True,,6170,99.94996664442962
173,2026-10-07T04:26:45.516+00:00,2026-10-07T04:27:10.564+00:00,2026-10-07T04:28:37.856+00:00,True,1414,1414.0,,1414.0,25048.703779,112340.40221100001,112340.40243,79.44865801272985,37.806266,25048.703779,665.003932266152,131.50600434999996,61.77756435385704,26.161128667363183,12.58674503714342,10,14,1-100:1000-1500,False,True,,3232,99.94996664442962
174,2026-10-07T04:26:49.807+00:00,2026-10-07T04:27:15.813+00:00,2026-10-07T04:27:49.222+00:00,True,537,537.0,,537.0,26006.768691,59415.661619000006,59415.661669,110.64369025884544,41.905716999999996,26006.768691,1119.9023359147177,130.08764839999998,62.330024119402985,26.676284568580208,9.03802104306245,10,14,100-300:300-600,False,True,,2320,99.94996664442962
175,2026-10-07T04:26:54.125+00:00,2026-10-07T04:27:20.645+00:00,2026-10-07T04:27:46.339+00:00,True,416,416.0,,416.0,26520.082327,52213.228439,52213.228297,125.51256802163462,43.479625999999996,26520.082327,1297.481474778112,130.6117655,61.91119545060241,26.149877330113632,7.9673295913124225,10,14,100-300:300-600,False,True,,2289,99.94996664442962
176,2026-10-07T04:26:58.222+00:00,2026-10-07T04:27:25.778+00:00,2026-10-07T04:27:56.034+00:00,True,493,493.0,,493.0,27556.261974,57811.557206,57811.557035,117.26482157200812,40.494052,27556.261974,1238.572228172883,131.2485124,61.494502504065046,25.895237264732874,8.52770663560043,10,14,100-300:300-600,False,True,,2387,99.94996664442962
177,2026-10-07T04:27:01.822+00:00,2026-10-07T04:27:30.303+00:00,2026-10-07T04:28:05.659+00:00,True,575,575.0,,575.0,28481.690359,63837.191159,63837.191157,111.02120201217392,40.596815,28481.690359,1185.4926336058625,132.8088828,61.594949128919865,26.366116854004822,9.007288534482056,10,14,100-300:300-600,False,True,,2190,99.94996664442962
178,2026-10-07T04:27:06.710+00:00,2026-10-07T04:27:33.667+00:00,2026-10-07T04:28:06.578+00:00,True,543,543.0,,543.0,26957.892654,59868.404526,59868.404506,110.25488859300184,44.22365,26957.892654,1154.5479436391363,132.0992803,60.72050160885609,25.440384626233836,9.069892613626989,10,14,100-300:300-600,False,True,,2584,99.94996664442962
179,2026-10-07T04:27:10.126+00:00,2026-10-07T04:27:38.563+00:00,2026-10-07T04:28:40.294+00:00,True,1001,1001.0,,1001.0,28437.792111000002,90168.34212700001,90168.341985,90.07826372127873,35.729383,28437.792111000002,897.2666356044591,132.43094200000002,61.730550016,26.29892700783897,11.101457300724402,10,14,1-100:1000-1500,False,True,,1001,99.94996664442962
180,2026-10-07T04:27:14.324+00:00,2026-10-07T04:27:42.178+00:00,2026-10-07T04:28:44.340+00:00,True,1008,1008.0,,1008.0,27853.858791000002,90015.536615,90015.53659,89.30112756944445,35.006239,27853.858791000002,875.7684708638067,132.0630988,61.72957082820258,26.435582524320242,11.198066888289027,10,14,1-100:1000-1500,False,True,,1572,99.94996664442962
181,2026-10-07T04:27:17.006+00:00,2026-10-07T04:27:46.620+00:00,2026-10-07T04:28:09.663+00:00,True,375,375.0,,375.0,29613.652813,52656.449869000004,52656.449847,140.417199592,43.06557,29613.652813,1526.2912499096717,136.23037380000002,61.61175683422459,26.555280480600388,7.121634689253341,10,14,100-300:300-600,False,True,,1191,99.94996664442962
182,2026-10-07T04:27:19.940+00:00,2026-10-07T04:27:49.788+00:00,2026-10-07T04:28:13.359+00:00,True,379,379.0,,379.0,29848.280973,53419.144845,53419.144676,140.9476112823219,41.371596,29848.280973,1530.2270867595257,133.8770045,62.356782730158734,26.38758915432358,7.094834653375664,10,14,100-300:300-600,False,True,,388,99.94996664442962
183,2026-10-07T04:27:24.608+00:00,2026-10-07T04:27:57.336+00:00,2026-10-07T04:28:24.450+00:00,True,440,440.0,,440.0,32727.344666,59841.609242000006,59841.609342,136.00365759545454,35.51039299999999,32727.344666,1557.4910794663647,133.86440185,61.7637006287016,26.24335744504429,7.352743443456476,10,14,100-300:300-600,False,True,,2238,99.94996664442962
184,2026-10-07T04:27:28.297+00:00,2026-10-07T04:28:01.610+00:00,2026-10-07T04:29:26.812+00:00,True,1407,1407.0,,1407.0,33312.430528000004,118515.00768000001,118515.007723,84.23241487064676,0.017002,33312.430528000004,888.2049916234455,126.0475232,60.59927251209104,55.362686732210776,11.871914178152124,10,14,1-100:1000-1500,False,True,,4690,99.94996664442962
185,2026-10-07T04:27:31.016+00:00,2026-10-07T04:28:05.143+00:00,2026-10-07T04:28:32.184+00:00,True,435,435.0,,435.0,34127.461247,61167.883135,61167.883179,140.6158234,37.295387999999996,34127.461247,1633.5108633034215,131.697695,62.30511955760369,26.32465972517951,7.111575187912542,10,14,100-300:300-600,False,True,,684,99.94996664442962
186,2026-10-07T04:27:33.691+00:00,2026-10-07T04:28:09.019+00:00,2026-10-07T04:28:37.742+00:00,True,464,464.0,,464.0,35327.588837999996,64050.562789999996,64050.562590999994,138.04000558405173,35.897718999999995,35327.588837999996,1637.3869486903939,132.43992315,62.036660803455725,27.16020682050853,7.2442767055973905,10,14,100-300:300-600,False,True,,2128,99.94996664442962
187,2026-10-07T04:27:36.600+00:00,2026-10-07T04:28:11.346+00:00,2026-10-07T04:29:17.711+00:00,True,1095,1095.0,,1095.0,34745.937039,101111.683983,101111.684197,92.33943762283104,37.902727,34745.937039,1048.4846032773185,126.01720370000001,60.66338843144424,25.06211796106269,10.82960897164074,10,14,1-100:1000-1500,False,True,,1408,99.94996664442962
188,2026-10-07T04:27:39.822+00:00,2026-10-07T04:28:14.967+00:00,2026-10-07T04:29:24.826+00:00,True,1159,1159.0,,1159.0,35145.432781,105004.03374099999,105004.03383,90.59882125107852,0.016651,35145.432781,1032.4071486130788,126.31277449999999,60.32694383419689,61.44721580197125,11.037671208505731,10,14,1-100:1000-1500,False,True,,5148,99.94996664442962
189,2026-10-07T04:27:43.097+00:00,2026-10-07T04:28:17.380+00:00,2026-10-07T04:28:53.115+00:00,True,588,588.0,,588.0,34283.154342,70017.78371799999,70017.783962,119.07786388095238,38.235330000000005,34283.154342,1411.5405654410495,131.28315245,60.87671103236797,25.92133612594822,8.397866495863372,10,14,100-300:300-600,False,True,,3293,99.94996664442962
190,2026-10-07T04:27:47.557+00:00,2026-10-07T04:28:25.565+00:00,2026-10-07T04:29:28.110+00:00,True,1037,1037.0,,1037.0,38007.967103,100553.672831,100553.672703,96.96593317550627,0.017563,38007.967103,1180.040559973524,125.41038280000001,60.37230282625483,62.12235383055248,10.312900273099721,10,14,1-100:1000-1500,False,True,,4242,99.94996664442962
191,2026-10-07T04:27:51.018+00:00,2026-10-07T04:28:29.113+00:00,2026-10-07T04:29:05.003+00:00,True,590,590.0,,590.0,38095.145887,73985.136543,73985.13632599999,125.3985361457627,41.9769,38095.145887,1566.0515004692606,126.57718365,60.9337702139219,25.530640143117587,7.974574726331596,10,14,100-300:300-600,False,True,,2516,99.94996664442962
192,2026-10-07T04:27:55.319+00:00,2026-10-07T04:28:31.981+00:00,2026-10-07T04:28:59.610+00:00,True,458,458.0,,458.0,36662.31265299999,64291.242444999996,64291.242554,140.3738920393013,42.557609,36662.31265299999,1710.4779969439483,127.66048479999999,60.45717678774617,25.2253328870986,7.123831840577833,10,14,100-300:300-600,False,True,,2082,99.94996664442962
193,2026-10-07T04:27:59.961+00:00,2026-10-07T04:28:36.785+00:00,2026-10-07T04:29:12.583+00:00,True,597,597.0,,597.0,36824.196898999995,72622.533923,72622.53389199999,121.64578541373534,39.016122,36824.196898999995,1504.8557742573448,122.72642660000001,60.06432386577182,24.553917497538517,8.220588951536522,10,14,100-300:300-600,False,True,,2686,99.94996664442962
194,2026-10-07T04:28:03.196+00:00,2026-10-07T04:28:39.941+00:00,2026-10-07T04:29:11.771+00:00,True,531,531.0,,531.0,36745.682361,68575.319737,68575.319497,129.14372786629002,40.517055,36745.682361,1592.205770944008,121.6771255,60.055919577358495,24.306140458474587,7.743310596822453,10,14,100-300:300-600,False,True,,2536,99.94996664442962
195,2026-10-07T04:28:07.019+00:00,2026-10-07T04:28:44.190+00:00,2026-10-07T04:29:45.191+00:00,True,1023,1023.0,,1023.0,37171.496911,98172.349647,98172.349753,95.96515127370479,0.017142,37171.496911,1161.9299310038164,123.57525880000001,59.68772283365949,61.350218013612476,10.420449379875482,10,14,1-100:1000-1500,False,True,,1023,99.94996664442962
196,2026-10-07T04:28:09.810+00:00,2026-10-07T04:28:47.243+00:00,2026-10-07T04:29:10.699+00:00,True,391,391.0,,391.0,37432.696465,60888.841617,60888.841607,155.72593761381074,42.114017999999994,37432.696465,1890.164458857515,116.48322750000001,60.14396192820512,24.099069389944443,6.421537832160595,10,14,100-300:300-600,False,True,,970,99.94996664442962
197,2026-10-07T04:28:13.843+00:00,2026-10-07T04:28:50.679+00:00,2026-10-07T04:29:21.334+00:00,True,496,496.0,,496.0,36835.969008,67490.500848,67490.500877,136.06955821975805,0.017813,36835.969008,1653.3809621711198,121.58585825,61.92834715151515,84.91917402354555,7.349182385193373,10,14,100-300:300-600,False,True,,2750,99.94996664442962
198,2026-10-07T04:28:18.087+00:00,2026-10-07T04:28:55.535+00:00,2026-10-07T04:30:17.597+00:00,True,1347,1347.0,,1347.0,37448.668636,119510.457308,119510.457497,88.72342798589459,0.017132,37448.668636,1020.26147518928,127.39877969999999,60.96715354531947,56.502676949437614,11.270980216639437,10,14,1-100:1000-1500,False,True,,1911,99.94996664442962
199,2026-10-07T04:28:22.588+00:00,2026-10-07T04:28:59.368+00:00,2026-10-07T04:29:17.711+00:00,True,306,306.0,,306.0,36779.418475,55122.162539,55122.162682999995,180.13778654575162,38.869947,36779.418475,2099.240515825069,118.27655899999999,60.14014447213115,24.20461137372077,5.551306151740674,10,14,100-300:300-600,False,True,,1577,99.94996664442962
200,2026-10-07T04:28:27.465+00:00,2026-10-07T04:29:03.812+00:00,2026-10-07T04:29:31.869+00:00,True,476,476.0,,476.0,36347.533849,64404.692761,64404.692615,135.30397608193277,0.017293,36347.533849,1665.5916204459534,123.16860199999999,59.06770297263158,87.83085689557161,7.390765790412091,10,14,100-300:300-600,False,True,,2399,99.94996664442962
201,2026-10-07T04:28:30.628+00:00,2026-10-07T04:29:06.538+00:00,2026-10-07T04:29:30.337+00:00,True,406,406.0,,406.0,35909.296527000006,59708.627855000006,59708.627852000005,147.06558584236456,0.016600999999999998,35909.296527000006,1781.8381031533377,122.45489175,58.76378105679012,96.45336464046187,6.799687324685381,10,14,100-300:300-600,False,True,,1241,99.94996664442962
202,2026-10-07T04:28:33.636+00:00,2026-10-07T04:29:09.994+00:00,2026-10-07T04:29:40.008+00:00,True,513,513.0,,513.0,36358.537044,66372.1821,66372.182219,129.38047216179336,0.016300000000000002,36358.537044,1604.9655775459612,125.376419,58.6204005,85.69804105919685,7.72914169413755,10,14,100-300:300-600,False,True,,1093,99.94996664442962
203,2026-10-07T04:28:36.644+00:00,2026-10-07T04:29:12.858+00:00,2026-10-07T04:29:42.353+00:00,True,499,499.0,,499.0,36213.457365,65708.92718900001,65708.926974,131.68121638076153,0.016902,36213.457365,1620.7308062151735,124.61104649999999,59.227851052208834,85.36606479814758,7.59409750466197,10,14,100-300:300-600,False,True,,2827,99.94996664442962
204,2026-10-07T04:28:41.514+00:00,2026-10-07T04:29:17.658+00:00,2026-10-07T04:29:47.713+00:00,True,504,504.0,,504.0,36144.472137000004,66198.81632900001,66198.816386,131.34685790873016,0.017884,36144.472137000004,1609.545284974227,129.73544555,59.75018726043738,84.28640354941732,7.613429181198373,10,14,100-300:300-600,False,True,,2393,99.94996664442962
205,2026-10-07T04:28:44.219+00:00,2026-10-07T04:29:19.279+00:00,2026-10-07T04:30:27.781+00:00,True,1113,1113.0,,1113.0,35060.227546999995,103562.364123,103562.364301,93.04794636208445,0.017422999999999998,35060.227546999995,1050.7547490524012,129.89742719999998,61.6026408057554,59.55067885171515,10.747147474135495,10,14,1-100:1000-1500,False,True,,4640,99.94996664442962
206,2026-10-07T04:28:47.408+00:00,2026-10-07T04:29:23.229+00:00,2026-10-07T04:29:54.777+00:00,True,521,521.0,,521.0,35820.766907,67369.080763,67369.080709,129.30725663915547,43.336043,35820.766907,1566.8823264036578,130.702594,60.66983433846154,25.309453298363323,7.733518018938744,10,14,100-300:300-600,False,True,,2008,99.94996664442962
207,2026-10-07T04:28:50.604+00:00,2026-10-07T04:29:27.267+00:00,2026-10-07T04:30:52.617+00:00,True,1388,1388.0,,1388.0,36663.2715,122012.966476,122012.966481,87.90559544740634,38.941088,36663.2715,982.7909941060449,128.653779,61.535468620043254,26.195646619876193,11.375840126573925,10,14,1-100:1000-1500,False,True,,3415,99.94996664442962
208,2026-10-07T04:28:54.092+00:00,2026-10-07T04:29:30.871+00:00,2026-10-07T04:30:00.723+00:00,True,484,484.0,,484.0,36778.211681999994,66631.062882,66631.062752,137.66748502479336,42.604874,36778.211681999994,1669.1314744651058,131.62647139999999,61.80714534161491,26.12205042907159,7.263879323929408,10,14,100-300:300-600,False,True,,1766,99.94996664442962
209,2026-10-07T04:28:56.921+00:00,2026-10-07T04:29:34.038+00:00,2026-10-07T04:30:01.288+00:00,True,440,440.0,,440.0,37116.818939000004,64367.13445900001,64367.134536000005,146.28894212727275,44.28357,37116.818939000004,1766.7100816237964,133.45648789999998,62.073611662870164,26.238606965943486,6.835786674335599,10,14,100-300:300-600,False,True,,2127,99.94996664442962
210,2026-10-07T04:29:01.260+00:00,2026-10-07T04:29:41.718+00:00,2026-10-07T04:30:03.462+00:00,True,341,341.0,,341.0,40458.371947,62202.492010999995,62202.491925,182.41199978005864,42.160050000000005,40458.371947,2187.6571451644563,132.813338,63.95329430588235,27.848045316272614,5.48209547520535,10,14,100-300:300-600,False,True,,1329,99.94996664442962
211,2026-10-07T04:29:04.996+00:00,2026-10-07T04:29:45.342+00:00,2026-10-07T04:30:19.054+00:00,True,537,537.0,,537.0,40345.842822,74058.34151,74058.341504,137.91125047299815,42.748422,40345.842822,1738.5472097411835,132.55481740000002,62.8964527761194,27.031293403642234,7.251040045603635,10,14,100-300:300-600,False,True,,1956,99.94996664442962
212,2026-10-07T04:29:09.107+00:00,2026-10-07T04:29:51.539+00:00,2026-10-07T04:31:16.781+00:00,True,1373,1373.0,,1373.0,42432.443576,127674.051256,127674.051303,92.98911238383103,41.310027000000005,42432.443576,1143.7986242547856,129.91113980000003,62.12945166180758,27.245489284411697,10.753947152871255,10,14,1-100:1000-1500,False,True,,2026,99.94996664442962
213,2026-10-07T04:29:12.226+00:00,2026-10-07T04:29:53.952+00:00,2026-10-07T04:31:01.408+00:00,True,1092,1092.0,,1092.0,41725.82978,109182.426004,109182.425838,99.98390644505494,39.190326,41725.82978,1261.085661948132,128.99533395,61.83006070027498,26.379155548676263,10.001609599332347,10,14,1-100:1000-1500,False,True,,4477,99.94996664442962
214,2026-10-07T04:29:15.102+00:00,2026-10-07T04:29:57.741+00:00,2026-10-07T04:31:26.872+00:00,True,1441,1441.0,,1441.0,42638.736402,131769.96021,131769.960109,91.44341437126995,40.244400999999996,42638.736402,1121.9211096440495,128.841986,61.896683200000005,26.476839336879884,10.93572463483709,10,14,1-100:1000-1500,False,True,,4775,99.94996664442962
215,2026-10-07T04:29:18.007+00:00,2026-10-07T04:30:00.720+00:00,2026-10-07T04:31:05.505+00:00,True,1050,1050.0,,1050.0,42712.566476,107497.87591599999,107497.875855,102.37892938571429,39.307483999999995,42712.566476,1316.5009067919707,129.26338025,61.75911290753098,26.595894013912634,9.76763485838996,10,14,1-100:1000-1500,False,True,,4191,99.94996664442962
216,2026-10-07T04:29:21.524+00:00,2026-10-07T04:30:03.412+00:00,2026-10-07T04:30:29.081+00:00,True,411,411.0,,411.0,41887.846871,67557.703639,67557.703554,164.37397458394162,38.199699,41887.846871,2063.262895572041,131.061476,62.60940675121951,26.987576168190817,6.0836881341647056,10,14,100-300:300-600,False,True,,2042,99.94996664442962
217,2026-10-07T04:29:26.029+00:00,2026-10-07T04:30:07.365+00:00,2026-10-07T04:31:38.910+00:00,True,1498,1498.0,,1498.0,41335.971406000004,132881.030478,132881.03057,88.70562788384512,40.850255,41335.971406000004,1066.7353127835736,127.80194075,61.15234406947228,25.843226019974626,11.273241896238991,10,14,1-100:1000-1500,False,True,,6537,99.94996664442962
218,2026-10-07T04:29:30.670+00:00,2026-10-07T04:30:13.496+00:00,2026-10-07T04:30:39.460+00:00,True,416,416.0,,416.0,42825.994357,68789.543797,68789.54376300001,165.35948019951923,41.276584,42825.994357,2096.8330408025063,130.33758775,62.562769734939764,27.7589432229705,6.047430714581106,10,14,100-300:300-600,False,True,,2094,99.94996664442962
219,2026-10-07T04:29:35.489+00:00,2026-10-07T04:30:17.932+00:00,2026-10-07T04:31:27.378+00:00,True,1129,1129.0,,1129.0,42443.437301,111888.832757,111888.832672,99.10436906288751,39.03288,42443.437301,1261.6199370622178,129.04220519999998,61.56506689361702,26.4494672791919,10.090372490094346,10,14,1-100:1000-1500,False,True,,2540,99.94996664442962
220,2026-10-07T04:29:39.430+00:00,2026-10-07T04:30:22.334+00:00,2026-10-07T04:31:39.817+00:00,True,1272,1272.0,,1272.0,42904.141854999994,120387.269663,120387.269668,94.64407992767295,39.717302000000004,42904.141854999994,1201.5358695363338,125.69114245,60.962335018095985,25.6108978239372,10.565901224944371,10,14,1-100:1000-1500,False,True,,2867,99.94996664442962
221,2026-10-07T04:29:43.706+00:00,2026-10-07T04:30:26.505+00:00,2026-10-07T04:30:57.146+00:00,True,510,510.0,,510.0,42799.596985,73439.983545,73439.98337,143.99996739215686,41.563572,42799.596985,1892.7056880025893,128.59580715,60.19722310412574,25.634124676670393,6.944446000420194,10,14,100-300:300-600,False,True,,2335,99.94996664442962
222,2026-10-07T04:29:46.415+00:00,2026-10-07T04:30:29.484+00:00,2026-10-07T04:31:02.773+00:00,True,551,551.0,,551.0,43069.723593,76358.126281,76358.126257,138.5809913920145,42.477264000000005,43069.723593,1832.4299689701686,127.250811,60.52436852363636,25.454349453412735,7.21599686682076,10,14,100-300:300-600,False,True,,2506,99.94996664442962
223,2026-10-07T04:29:49.947+00:00,2026-10-07T04:30:32.021+00:00,2026-10-07T04:31:00.087+00:00,True,470,470.0,,470.0,42074.43733,70140.67118599999,70140.671205,149.23547064893617,42.666579,42074.43733,1938.1515315903196,127.032361,59.8427161108742,25.146885439305823,6.700819824686986,10,14,100-300:300-600,False,True,,2041,99.94996664442962
224,2026-10-07T04:29:54.846+00:00,2026-10-07T04:30:36.959+00:00,2026-10-07T04:31:10.727+00:00,True,556,556.0,,556.0,42112.710434,75880.22172999999,75880.221779,136.4752190269784,41.203908000000006,42112.710434,1783.5882370351005,129.57539225,60.842362695495495,26.1790212971772,7.3273375765608755,10,14,100-300:300-600,False,True,,2529,99.94996664442962
225,2026-10-07T04:29:59.749+00:00,2026-10-07T04:30:42.756+00:00,2026-10-07T04:31:00.829+00:00,True,301,301.0,,301.0,43006.525587,61079.203987,61079.203927999995,202.92094328239202,42.983484,43006.525587,2475.5143681942304,131.493842,60.24226133333334,25.58242670645155,4.928027550327348,10,14,100-300:300-600,False,True,,733,99.94996664442962
226,2026-10-07T04:30:04.523+00:00,2026-10-07T04:30:47.585+00:00,2026-10-07T04:31:24.371+00:00,True,595,595.0,,595.0,43061.818292,79848.234932,79848.234944,134.19871419159665,40.203333,43061.818292,1763.0221368484622,129.3720508,61.929994343434345,26.483127256401715,7.451636225981842,10,14,100-300:300-600,False,True,,3146,99.94996664442962
227,2026-10-07T04:30:08.352+00:00,2026-10-07T04:30:52.797+00:00,2026-10-07T04:31:12.565+00:00,True,314,314.0,,314.0,44445.43208,64213.631248,64213.631168,204.50201008917196,42.033502999999996,44445.43208,2504.7878254934376,131.91891435000002,63.157185840255586,27.5612386883219,4.889927479529977,10,14,100-300:300-600,False,True,,986,99.94996664442962
228,2026-10-07T04:30:12.023+00:00,2026-10-07T04:30:57.864+00:00,2026-10-07T04:31:26.694+00:00,True,464,464.0,,464.0,45841.200383,74670.996223,74670.996059,160.92887081681036,39.942975,45841.200383,2125.398438315321,127.42203760000001,62.26737762419006,26.497829058299587,6.213925399016972,10,14,100-300:300-600,False,True,,2324,99.94996664442962
229,2026-10-07T04:30:15.783+00:00,2026-10-07T04:31:01.085+00:00,2026-10-07T04:31:25.525+00:00,True,391,391.0,,391.0,45302.640934,69742.20599,69742.206103,178.36881356265985,39.616223,45302.640934,2288.054924645442,131.0661675,62.66555142564102,28.01128170062165,5.60636123348412,10,14,100-300:300-600,False,True,,1902,99.94996664442962
230,2026-10-07T04:30:20.016+00:00,2026-10-07T04:31:04.720+00:00,2026-10-07T04:31:24.700+00:00,True,322,322.0,,322.0,44703.184633000004,64683.770873,64683.770838000004,200.88127589440995,42.329007,44703.184633000004,2487.883816110733,126.4451173,62.2448169470405,26.575506782332937,4.978064754947794,10,14,100-300:300-600,False,True,,1322,99.94996664442962
231,2026-10-07T04:30:24.290+00:00,2026-10-07T04:31:09.361+00:00,2026-10-07T04:31:33.500+00:00,True,400,400.0,,400.0,45070.176051,69209.698867,69209.699092,173.02424773,42.865561,45070.176051,2250.6235079966154,124.24341125000001,60.5000571829574,25.10820589953456,5.779536778055896,10,14,100-300:300-600,False,True,,1533,99.94996664442962
232,2026-10-07T04:30:28.131+00:00,2026-10-07T04:31:12.274+00:00,2026-10-07T04:31:45.518+00:00,True,559,559.0,,559.0,44143.125737,77386.690025,77386.690017,138.43772811627906,42.47312599999999,44143.125737,1864.6888819127164,120.9978289,59.576280086021505,23.939683203474395,7.223464394450949,10,14,100-300:300-600,False,True,,2328,99.94996664442962
233,2026-10-07T04:30:31.563+00:00,2026-10-07T04:31:15.456+00:00,2026-10-07T04:32:42.917+00:00,True,1447,1447.0,,1447.0,43893.166682999996,131353.827163,131353.827142,90.77666008431237,0.012643000000000001,43893.166682999996,1154.020810739447,124.9749902,60.48455081604426,63.10616351129973,11.016047505067242,10,14,1-100:1000-1500,False,True,,6342,99.94996664442962
234,2026-10-07T04:30:36.470+00:00,2026-10-07T04:31:19.149+00:00,2026-10-07T04:32:47.384+00:00,True,1457,1457.0,,1457.0,42679.473562,130913.93961,130913.939829,89.85170887371311,0.013325,42679.473562,1118.266042420101,125.44113779999999,60.60059481318682,62.22614627156655,11.129448890931593,10,14,1-100:1000-1500,False,True,,6458,99.94996664442962
235,2026-10-07T04:30:41.378+00:00,2026-10-07T04:31:24.126+00:00,2026-10-07T04:32:33.414+00:00,True,1160,1160.0,,1160.0,42747.415105,112036.066625,112036.066482,96.58281593275862,0.013054999999999999,42747.415105,1255.284385855343,122.7410716,59.78313332182916,69.65459126242334,10.353808688077905,10,14,1-100:1000-1500,False,True,,4315,99.94996664442962
236,2026-10-07T04:30:44.838+00:00,2026-10-07T04:31:27.545+00:00,2026-10-07T04:31:55.298+00:00,True,474,474.0,,474.0,42706.538005,70460.148501,70460.14860100001,148.65010253375527,41.421544999999995,42706.538005,1959.0159138751053,120.21486795000001,58.67570929386892,22.99880227718713,6.727206940151038,10,14,100-300:300-600,False,True,,2010,99.94996664442962
237,2026-10-07T04:30:48.318+00:00,2026-10-07T04:31:30.297+00:00,2026-10-07T04:32:45.481+00:00,True,1242,1242.0,,1242.0,41978.221992,117162.79261599999,117162.792733,94.33397160466988,0.013866,41978.221992,1191.3049014072622,127.39783685,60.583860293311844,66.9778598955295,10.60063499912164,10,14,1-100:1000-1500,False,True,,1250,99.94996664442962
238,2026-10-07T04:30:52.637+00:00,2026-10-07T04:31:35.503+00:00,2026-10-07T04:31:53.966+00:00,True,313,313.0,,313.0,42866.120893,61329.024445,61329.024268,195.93937465814696,41.475917,42866.120893,2419.709189884997,123.1627982,59.17597292307692,23.894854735983195,5.103619417274427,10,14,100-300:300-600,False,True,,1348,99.94996664442962
239,2026-10-07T04:30:55.839+00:00,2026-10-07T04:31:38.664+00:00,2026-10-07T04:33:06.791+00:00,True,1444,1444.0,,1444.0,42824.75768,130952.05368000001,130952.053524,90.68701767590028,0.012282999999999999,42824.75768,1127.2059311261273,128.53673790000002,61.0722772002772,64.50305874931516,11.02693664910838,10,14,1-100:1000-1500,False,True,,5769,99.94996664442962
240,2026-10-07T04:31:00.586+00:00,2026-10-07T04:31:42.204+00:00,2026-10-07T04:33:04.636+00:00,True,1347,1347.0,,1347.0,41618.033715000005,124049.67198700001,124049.671986,92.09329768819599,0.013606,41618.033715000005,1134.2282738969172,129.0517914,61.24193036552749,66.28116369774877,10.858553500578067,10,14,1-100:1000-1500,False,True,,1347,99.94996664442962
241,2026-10-07T04:31:05.392+00:00,2026-10-07T04:31:46.396+00:00,2026-10-07T04:32:58.605+00:00,True,1177,1177.0,,1177.0,41003.915768,113212.92491999999,113212.92501199999,96.18770179439252,0.012694,41003.915768,1195.4814656301608,129.6942606,61.40221866666666,70.5340694186677,10.396339471237116,10,14,1-100:1000-1500,False,True,,5056,99.94996664442962
242,2026-10-07T04:31:08.825+00:00,2026-10-07T04:31:51.642+00:00,2026-10-07T04:32:19.496+00:00,True,454,454.0,,454.0,42817.844928000006,70671.53171200001,70671.53168700001,155.66416671145376,38.850638,42817.844928000006,2006.830923583425,131.392508,61.48716729359823,26.578814500025626,6.424086035804865,10,14,100-300:300-600,False,True,,1962,99.94996664442962
243,2026-10-07T04:31:12.404+00:00,2026-10-07T04:31:55.485+00:00,2026-10-07T04:32:26.579+00:00,True,511,511.0,,511.0,43080.771495,74175.149991,74175.150079,145.15684946966732,0.012814,43080.771495,1905.7661076471047,130.036168,60.9693696,101.17217684966418,6.889099652134197,10,14,100-300:300-600,False,True,,2298,99.94996664442962
244,2026-10-07T04:31:15.060+00:00,2026-10-07T04:31:59.729+00:00,2026-10-07T04:33:02.205+00:00,True,1008,1008.0,,1008.0,44669.005700999995,107144.484741,107144.48469099999,106.29413163789683,0.013245,44669.005700999995,1406.9159253829348,132.91384,62.04119070506455,73.67797020414585,9.407857086033266,10,14,1-100:1000-1500,False,True,,3944,99.94996664442962
245,2026-10-07T04:31:19.590+00:00,2026-10-07T04:32:03.786+00:00,2026-10-07T04:32:27.665+00:00,True,388,388.0,,388.0,44196.292873000006,68075.08864900001,68075.088816,175.45125983505156,0.012632999999999998,44196.292873000006,2243.632937152476,130.3956796,61.702314666666666,116.88008946986899,5.699588611636711,10,14,100-300:300-600,False,True,,1695,99.94996664442962
246,2026-10-07T04:31:23.382+00:00,2026-10-07T04:32:08.685+00:00,2026-10-07T04:33:24.819+00:00,True,1226,1226.0,,1226.0,45303.325158,121437.578726,121437.578646,99.05185860195759,0.012613,45303.325158,1293.9507589717675,129.60327325,62.15041107591837,69.62531618197309,10.095721710379516,10,14,1-100:1000-1500,False,True,,5986,99.94996664442962
247,2026-10-07T04:31:26.387+00:00,2026-10-07T04:32:12.752+00:00,2026-10-07T04:32:40.030+00:00,True,442,442.0,,442.0,46364.467505,73643.032113,73643.032229,166.6131950882353,0.012614,46364.467505,2205.1152784222354,130.22525230000002,61.85615557369614,109.70966161346267,6.001925604065059,10,14,100-300:300-600,False,True,,2538,99.94996664442962
248,2026-10-07T04:31:30.952+00:00,2026-10-07T04:32:17.226+00:00,2026-10-07T04:32:52.523+00:00,True,566,566.0,,566.0,46274.281215,81571.09427100001,81571.094491,144.11854150353358,0.012904,46274.281215,1944.8269240583315,131.87575225,62.47223549734513,96.66863495382059,6.93873246470868,10,14,100-300:300-600,False,True,,2581,99.94996664442962
249,2026-10-07T04:31:35.414+00:00,2026-10-07T04:32:21.950+00:00,2026-10-07T04:33:47.431+00:00,True,1388,1388.0,,1388.0,46535.768464,132016.858768,132016.858621,95.11301053386167,0.012483000000000001,46535.768464,1249.1467487500345,127.36502069999999,61.63020209372747,65.46767504617577,10.513808713167489,10,14,1-100:1000-1500,False,True,,1388,99.94996664442962
250,2026-10-07T04:31:40.170+00:00,2026-10-07T04:32:26.682+00:00,2026-10-07T04:33:54.744+00:00,True,1439,1439.0,,1439.0,46511.353607,134573.492487,134573.49247,93.5187577970813,33.124333,46511.353607,1224.768473218174,127.58987440000001,61.23931771905424,25.97307874660882,10.693041946124787,10,14,1-100:1000-1500,False,True,,3933,99.94996664442962
251,2026-10-07T04:31:44.740+00:00,2026-10-07T04:32:33.362+00:00,2026-10-07T04:32:56.369+00:00,True,361,361.0,,361.0,48622.240869,71629.379429,71629.379283,198.41933319390583,44.449664,48622.240869,2555.8587915907606,134.060406,63.90871822222223,28.377104963694016,5.039831461304618,10,14,100-300:300-600,False,True,,1539,99.94996664442962
252,2026-10-07T04:31:47.426+00:00,2026-10-07T04:32:37.149+00:00,2026-10-07T04:33:03.836+00:00,True,427,427.0,,427.0,49723.225286,76409.789382,76409.789469,178.94564278454334,39.916726000000004,49723.225286,2403.40176721827,133.91142090000002,62.644516657276995,27.57502152994871,5.588289189821916,10,14,100-300:300-600,False,True,,1815,99.94996664442962
253,2026-10-07T04:31:52.263+00:00,2026-10-07T04:32:41.455+00:00,2026-10-07T04:33:10.035+00:00,True,461,461.0,,461.0,49192.126655,77772.110783,77772.110744,168.70306018221257,41.576281,49192.126655,2288.3702820361304,131.75802299999998,62.13040027826087,26.939539514346475,5.927574748308988,10,14,100-300:300-600,False,True,,1737,99.94996664442962
254,2026-10-07T04:31:56.578+00:00,2026-10-07T04:32:45.635+00:00,2026-10-07T04:33:14.506+00:00,True,459,459.0,,459.0,49057.444151,77928.397111,77928.397161,169.77864305228758,41.706945,49057.444151,2287.0305938613074,130.775564,63.03701519650655,27.710025988236836,5.890022341229572,10,14,100-300:300-600,False,True,,2305,99.94996664442962
255,2026-10-07T04:32:00.782+00:00,2026-10-07T04:32:50.129+00:00,2026-10-07T04:33:21.080+00:00,True,500,500.0,,500.0,49347.163728,80298.34785600001,80298.347879,160.596695758,42.240411,49347.163728,2204.2603791474057,128.68125560000001,62.026421098196394,26.753215240286863,6.226778176017469,10,14,100-300:300-600,False,True,,2198,99.94996664442962
256,2026-10-07T04:32:04.301+00:00,2026-10-07T04:32:52.073+00:00,2026-10-07T04:33:12.989+00:00,True,339,339.0,,339.0,47772.526313,68688.092649,68688.0925,202.6197418879056,39.023252,47772.526313,2591.422947862376,129.937559,61.88037377514793,26.623466965770564,4.935353231196985,10,14,100-300:300-600,False,True,,1517,99.94996664442962
257,2026-10-07T04:32:07.379+00:00,2026-10-07T04:32:55.618+00:00,2026-10-07T04:33:21.785+00:00,True,429,429.0,,429.0,48238.521337,74405.668345,74405.668353,173.43978637062938,42.310711000000005,48238.521337,2326.1687657908,126.1502662,61.13819394392523,25.803826788597604,5.765689759157018,10,14,100-300:300-600,False,True,,1470,99.94996664442962
258,2026-10-07T04:32:10.187+00:00,2026-10-07T04:33:00.901+00:00,2026-10-07T04:33:24.046+00:00,True,373,373.0,,373.0,50713.409511,73858.69539899999,73858.695197,198.0125876595174,42.850843999999995,50713.409511,2622.7555834154614,125.6435528,62.21851045161291,26.77701964461424,5.050183976104326,10,14,100-300:300-600,False,True,,1826,99.94996664442962
259,2026-10-07T04:32:13.516+00:00,2026-10-07T04:33:04.022+00:00,2026-10-07T04:33:31.791+00:00,True,459,459.0,,459.0,50505.574183,78274.990631,78274.990582,170.5337485446623,40.740469,50505.574183,2354.705069877383,125.69297700000001,60.6319136419214,25.409709779796202,5.863941934708042,10,14,100-300:300-600,False,True,,2468,99.94996664442962
260,2026-10-07T04:32:18.213+00:00,2026-10-07T04:33:09.444+00:00,2026-10-07T04:33:36.389+00:00,True,447,447.0,,447.0,51230.303528,78175.470632,78175.47061399999,174.88919600447426,40.580621,51230.303528,2420.382173745303,125.44532930000001,60.41517287892377,25.065719554110863,5.717906094920611,10,14,100-300:300-600,False,True,,1966,99.94996664442962
261,2026-10-07T04:32:21.271+00:00,2026-10-07T04:33:11.667+00:00,2026-10-07T04:34:23.700+00:00,True,1194,1194.0,,1194.0,50396.137721,122429.13765699998,122429.137804,102.53696633500837,34.99165,50396.137721,1456.9375784794845,125.7699476,60.379714950544844,25.504024741046596,9.752580332184772,10,14,1-100:1000-1500,False,True,,1197,99.94996664442962
262,2026-10-07T04:32:25.934+00:00,2026-10-07T04:33:13.962+00:00,2026-10-07T04:33:45.687+00:00,True,528,528.0,,528.0,48027.771949,79753.014317,79753.014207,151.04737539204547,41.132826,48027.771949,2087.6690946237904,125.79591304999998,60.19970088804554,24.9204086194601,6.6204394219047416,10,14,100-300:300-600,False,True,,2695,99.94996664442962
263,2026-10-07T04:32:30.375+00:00,2026-10-07T04:33:18.523+00:00,2026-10-07T04:33:44.409+00:00,True,432,432.0,,432.0,48147.602744,74033.454392,74033.45431,171.3737368287037,40.423427000000004,48147.602744,2313.7436755918625,125.6039715,60.05998062180974,24.620755730527563,5.835199823482526,10,14,100-300:300-600,False,True,,2022,99.94996664442962
264,2026-10-07T04:32:34.008+00:00,2026-10-07T04:33:22.803+00:00,2026-10-07T04:33:57.677+00:00,True,588,588.0,,588.0,48795.114170999994,83669.68901899998,83669.689025,142.2953894982993,38.873222,48795.114170999994,2009.9728380482982,125.99438720000002,59.41154147870528,24.274351460050255,7.0276345818194095,10,14,100-300:300-600,False,True,,2948,99.94996664442962
265,2026-10-07T04:32:37.674+00:00,2026-10-07T04:33:24.984+00:00,2026-10-07T04:33:57.677+00:00,True,552,552.0,,552.0,47310.24435,80003.348734,80003.348827,144.93360294746378,39.689021999999994,47310.24435,2011.2789897599478,125.5642007,59.33412773865699,24.31331279863384,6.899711183782109,10,14,100-300:300-600,False,True,,2389,99.94996664442962
266,2026-10-07T04:32:41.679+00:00,2026-10-07T04:33:31.586+00:00,2026-10-07T04:34:00.185+00:00,True,475,475.0,,475.0,49907.28204,78506.424952,78506.424962,165.27668413052632,42.042721,49907.28204,2287.274703948301,125.80125979999998,60.33574454008439,25.328759432919476,6.050460204886696,10,14,100-300:300-600,False,True,,2042,99.94996664442962
267,2026-10-07T04:32:44.650+00:00,2026-10-07T04:33:34.853+00:00,2026-10-07T04:34:04.436+00:00,True,487,487.0,,487.0,50203.258784000005,79786.54864000001,79786.548441,163.83274833880904,41.319255,50203.258784000005,2272.3189400934652,126.9581156,60.87096678189301,26.175819929595562,6.103785767164373,10,14,100-300:300-600,False,True,,2094,99.94996664442962
268,2026-10-07T04:32:49.296+00:00,2026-10-07T04:33:37.930+00:00,2026-10-07T04:34:10.409+00:00,True,536,536.0,,536.0,48634.651806,81112.972446,81112.972236,151.33017208208955,41.562422,48634.651806,2098.235488258591,127.3896025,60.70714138317757,25.987095008382056,6.6080675363837225,10,14,100-300:300-600,False,True,,2561,99.94996664442962
269,2026-10-07T04:32:53.447+00:00,2026-10-07T04:33:41.235+00:00,2026-10-07T04:34:07.121+00:00,True,428,428.0,,428.0,47787.856027,73673.667483,73673.667453,172.13473703971962,42.138993,47787.856027,2307.126765858592,126.69989260000003,60.622509264637,25.794057181489688,5.809402662067282,10,14,100-300:300-600,False,True,,2205,99.94996664442962
270,2026-10-07T04:32:56.913+00:00,2026-10-07T04:33:44.159+00:00,2026-10-07T04:34:06.467+00:00,True,371,371.0,,371.0,47246.390729,69554.112969,69554.113009,187.47739355525607,39.369513,47246.390729,2449.91450562885,127.2264245,60.29114118918919,25.684681064968977,5.333976441700196,10,14,100-300:300-600,False,True,,1881,99.94996664442962
271,2026-10-07T04:33:00.823+00:00,2026-10-07T04:33:46.484+00:00,2026-10-07T04:34:15.058+00:00,True,480,480.0,,480.0,45661.146377,74235.068681,74235.06857599999,154.65639286666666,36.047428,45661.146377,2081.5725385681762,129.11527805,59.65328247181629,25.727855764021935,6.46594673553327,10,14,100-300:300-600,False,True,,2249,99.94996664442962
272,2026-10-07T04:33:04.937+00:00,2026-10-07T04:33:52.704+00:00,2026-10-07T04:34:27.696+00:00,True,577,577.0,,577.0,47766.873126,82759.01597400001,82759.01591,143.42983693240902,40.128796,47766.873126,1986.2009499964727,126.65527320000001,60.750248,25.93737161170282,6.972050032364731,10,14,100-300:300-600,False,True,,2125,99.94996664442962
273,2026-10-07T04:33:08.256+00:00,2026-10-07T04:33:55.942+00:00,2026-10-07T04:35:06.313+00:00,True,1169,1169.0,,1169.0,47685.554654,118056.840158,118056.840022,100.98959796578272,28.000078000000002,47685.554654,1393.163567498017,125.16480240000001,60.2493882739726,25.305046109930743,9.902009899938728,10,14,1-100:1000-1500,False,True,,1169,99.94996664442962
274,2026-10-07T04:33:11.136+00:00,2026-10-07T04:33:59.385+00:00,2026-10-07T04:34:21.545+00:00,True,362,362.0,,362.0,48248.794053000005,70409.551813,70409.551733,194.5015241243094,40.729372000000005,48248.794053000005,2532.81521739342,127.45831525,61.38714060941828,26.794381537730942,5.141347880773791,10,14,100-300:300-600,False,True,,1928,99.94996664442962
275,2026-10-07T04:33:15.175+00:00,2026-10-07T04:34:03.419+00:00,2026-10-07T04:34:22.849+00:00,True,322,322.0,,322.0,48244.299281,67674.675985,67674.676137,210.16980166770188,40.297993000000005,48244.299281,2685.30174677248,126.52237805,60.5307685482866,25.982011679840106,4.758057505459958,10,14,100-300:300-600,False,True,,1987,99.94996664442962
276,2026-10-07T04:33:19.649+00:00,2026-10-07T04:34:06.632+00:00,2026-10-07T04:34:30.454+00:00,True,399,399.0,,399.0,46983.58193,70804.954858,70804.955077,177.45602776190475,34.502794,46983.58193,2349.2571990317524,126.12488520000001,59.85269579899497,24.981499457837156,5.63519884731511,10,14,100-300:300-600,False,True,,2105,99.94996664442962
277,2026-10-07T04:33:23.968+00:00,2026-10-07T04:34:10.585+00:00,2026-10-07T04:34:35.798+00:00,True,422,422.0,,422.0,46617.477424000004,71830.09489600001,71830.09480600001,170.21349480094787,27.729792,46617.477424000004,2266.521957450598,124.79329105000001,59.88745242755345,24.669311167453507,5.874974836257663,10,14,100-300:300-600,False,True,,2514,99.94996664442962
278,2026-10-07T04:33:28.049+00:00,2026-10-07T04:34:15.301+00:00,2026-10-07T04:35:36.291+00:00,True,1325,1325.0,,1325.0,47252.80679,128242.24039,128242.240399,96.78659652754718,31.312565,47252.80679,1296.7140278440088,127.2486474,61.1702670694864,25.978952423847748,10.3320091412199,10,14,1-100:1000-1500,False,True,,3474,99.94996664442962
279,2026-10-07T04:33:31.780+00:00,2026-10-07T04:34:18.300+00:00,2026-10-07T04:34:38.087+00:00,True,332,332.0,,332.0,46519.946087,66306.571367,66306.57128,199.71858819277108,28.152554,46519.946087,2549.946325929038,122.9883351,59.77832410876133,24.080243629051488,5.0070452016349085,10,14,100-300:300-600,False,True,,1465,99.94996664442962
280,2026-10-07T04:33:35.526+00:00,2026-10-07T04:34:21.686+00:00,2026-10-07T04:35:37.795+00:00,True,1246,1246.0,,1246.0,46160.026217,122268.683113,122268.683086,98.12895913804174,27.366671,46160.026217,1306.223535135091,126.5554085,61.13145132208835,26.004745497637273,10.190671628060752,10,14,1-100:1000-1500,False,True,,1246,99.94996664442962
281,2026-10-07T04:33:38.346+00:00,2026-10-07T04:34:23.924+00:00,2026-10-07T04:34:54.774+00:00,True,514,514.0,,514.0,45577.465127999996,76428.081448,76428.081478,148.69276552140076,25.080307,45577.465127999996,2007.8410010036632,123.72048565000001,60.13765364522417,25.193214727194395,6.725276760345141,10,14,100-300:300-600,False,True,,1981,99.94996664442962
282,2026-10-07T04:33:41.629+00:00,2026-10-07T04:34:27.383+00:00,2026-10-07T04:34:46.475+00:00,True,316,316.0,,316.0,45753.355547,64845.517083,64845.517116999996,205.20733264873417,23.877643,45753.355547,2570.5414492597088,123.3484345,60.610036622222225,25.25714137793647,4.87312021269768,10,14,100-300:300-600,False,True,,1562,99.94996664442962
283,2026-10-07T04:33:46.226+00:00,2026-10-07T04:34:31.997+00:00,2026-10-07T04:34:51.274+00:00,True,319,319.0,,319.0,45771.047416,65048.442104,65048.442062,203.91361147962382,40.534546999999996,45771.047416,2559.412286454959,121.81226330000001,60.62073801257861,24.79501362704078,4.904037509306988,10,14,100-300:300-600,False,True,,1473,99.94996664442962
284,2026-10-07T04:33:50.543+00:00,2026-10-07T04:34:36.076+00:00,2026-10-07T04:35:02.830+00:00,True,444,444.0,,444.0,45532.609796,72286.69081999999,72286.69078799999,162.80786213513514,41.282578,45532.609796,2158.1670541529734,123.9347005,60.3929594221219,25.570346949179044,6.142209512752462,10,14,100-300:300-600,False,True,,1955,99.94996664442962
285,2026-10-07T04:33:53.403+00:00,2026-10-07T04:34:38.518+00:00,2026-10-07T04:35:01.599+00:00,True,386,386.0,,386.0,45114.915342,68196.024078,68196.02422,176.67363787564767,39.678352,45114.915342,2293.3814494723633,125.86681425,59.950931781818184,25.74571663256249,5.660154022447232,10,14,100-300:300-600,False,True,,1992,99.94996664442962
286,2026-10-07T04:33:56.532+00:00,2026-10-07T04:34:40.700+00:00,2026-10-07T04:35:58.864+00:00,True,1283,1283.0,,1283.0,44167.371078000004,122331.902534,122331.902411,95.34832611925175,39.680937,44167.371078000004,1231.6452955594145,127.85566160000002,60.970773366614665,26.087497319249202,10.487861084670149,10,14,1-100:1000-1500,False,True,,4844,99.94996664442962
287,2026-10-07T04:33:59.401+00:00,2026-10-07T04:34:43.145+00:00,2026-10-07T04:35:10.116+00:00,True,450,450.0,,450.0,43743.433082999996,70715.247483,70715.24763,157.14499473333333,41.40025,43743.433082999996,2059.4110122830757,126.76897205000002,60.0708561247216,25.503332762560202,6.363549814460882,10,14,100-300:300-600,False,True,,2050,99.94996664442962
288,2026-10-07T04:34:03.098+00:00,2026-10-07T04:34:46.189+00:00,2026-10-07T04:35:13.225+00:00,True,457,457.0,,457.0,43091.109524,70126.966676,70126.966798,153.45069321225384,40.320906,43091.109524,2013.094666851995,126.83109280000001,59.289160421052635,24.6844366500542,6.5167512821626445,10,14,100-300:300-600,False,True,,2445,99.94996664442962
289,2026-10-07T04:34:06.585+00:00,2026-10-07T04:34:50.848+00:00,2026-10-07T04:35:26.227+00:00,True,584,584.0,,584.0,44262.516041,79641.216585,79641.216772,136.37194652739726,37.082136,44262.516041,1829.2654478350516,128.4455745,60.683877433962266,25.72744087512121,7.332886475644237,10,14,100-300:300-600,False,True,,2426,99.94996664442962
290,2026-10-07T04:34:09.850+00:00,2026-10-07T04:34:54.525+00:00,2026-10-07T04:35:27.448+00:00,True,541,541.0,,541.0,44675.559247000005,77598.061903,77598.062084,143.43449553419595,38.30537,44675.559247000005,1918.3105741057793,128.715857,60.96759751111111,26.263493604236693,6.9718236091549155,10,14,100-300:300-600,False,True,,2949,99.94996664442962
291,2026-10-07T04:34:14.162+00:00,2026-10-07T04:34:58.608+00:00,2026-10-07T04:35:23.193+00:00,True,405,405.0,,405.0,44446.378441,69031.008201,69031.008178,170.44693377283951,40.0719,44446.378441,2205.6833607461035,128.67302320000002,60.853043960396036,25.658037616835756,5.866928653580538,10,14,100-300:300-600,False,True,,1440,99.94996664442962
292,2026-10-07T04:34:18.690+00:00,2026-10-07T04:35:02.991+00:00,2026-10-07T04:35:25.063+00:00,True,363,363.0,,363.0,44300.523994,66372.143578,66372.143631,182.84337088429754,40.91514,44300.523994,2322.116119578194,130.5932854,60.97132481767956,25.69634386568501,5.469161916902764,10,14,100-300:300-600,False,True,,1532,99.94996664442962
293,2026-10-07T04:34:23.147+00:00,2026-10-07T04:35:07.938+00:00,2026-10-07T04:36:25.848+00:00,True,1281,1281.0,,1281.0,44791.47298,122701.615444,122701.61530399999,95.78580429664325,0.011461,44791.47298,1252.29639882036,127.222258,60.8672988,79.53179819421533,10.439960349052111,10,14,1-100:1000-1500,False,True,,5141,99.94996664442962
294,2026-10-07T04:34:27.803+00:00,2026-10-07T04:35:13.737+00:00,2026-10-07T04:36:18.299+00:00,True,1063,1063.0,,1063.0,45934.047431,110495.668167,110495.66812,103.94700669802445,0.011191000000000001,45934.047431,1409.8651418897732,126.1828268,60.79248656873823,89.93903352015266,9.620286637783956,10,14,1-100:1000-1500,False,True,,4157,99.94996664442962
295,2026-10-07T04:34:32.004+00:00,2026-10-07T04:35:18.699+00:00,2026-10-07T04:35:51.977+00:00,True,543,543.0,,543.0,46694.737526,79973.267318,79973.267291,147.28041858379373,40.012499000000005,46694.737526,2001.4053740899394,129.48862579999997,61.39950146125461,26.66351003422245,6.789768859147063,10,14,100-300:300-600,False,True,,2738,99.94996664442962
296,2026-10-07T04:34:36.288+00:00,2026-10-07T04:35:23.946+00:00,2026-10-07T04:35:54.643+00:00,True,501,501.0,,501.0,47657.429158,78355.334054,78355.33411899999,156.39787249301398,40.633252,47657.429158,2126.6046590650453,128.376399,61.395809792,26.972077104119165,6.393948874683205,10,14,100-300:300-600,False,True,,2633,99.94996664442962
297,2026-10-07T04:34:38.940+00:00,2026-10-07T04:35:26.419+00:00,2026-10-07T04:36:02.760+00:00,True,557,557.0,,557.0,47479.012751999995,83819.518864,83819.519002,150.48387612567325,0.012353,47479.012751999995,2012.438181603853,128.05324520000002,65.36062250359713,118.01763111278767,6.645230222613796,10,14,100-300:300-600,False,True,,2137,99.94996664442962
298,2026-10-07T04:34:43.579+00:00,2026-10-07T04:35:30.098+00:00,2026-10-07T04:35:49.323+00:00,True,320,320.0,,320.0,46519.464265,65743.991625,65743.991488,205.4499734,42.06273,46519.464265,2597.2681216623914,124.67541889999998,60.26497605015674,24.99817809224418,4.8673649422636505,10,14,100-300:300-600,False,True,,1195,99.94996664442962
299,2026-10-07T04:34:47.168+00:00,2026-10-07T04:35:31.705+00:00,2026-10-07T04:36:02.760+00:00,True,498,498.0,,498.0,44536.85184,75592.02444800001,75592.02445900001,151.79121377309238,0.011571999999999999,44536.85184,1996.8385269243277,124.9423336,62.485256756539236,124.77804546388204,6.587996599331397,10,14,100-300:300-600,False,True,,2206,99.94996664442962
300,2026-10-07T04:34:50.891+00:00,2026-10-07T04:35:35.842+00:00,2026-10-07T04:36:07.606+00:00,True,528,528.0,,528.0,44950.995482,76714.839834,76714.839807,145.29325721022727,0.011271000000000002,44950.995482,1957.7607102500044,126.1250258,60.2729494345351,127.41568044009195,6.8826318498808945,10,14,100-300:300-600,False,True,,2352,99.94996664442962
301,2026-10-07T04:34:54.872+00:00,2026-10-07T04:35:38.119+00:00,2026-10-07T04:36:02.781+00:00,True,385,385.0,,385.0,43247.743542000004,67909.19659800001,67909.196412,176.38752314805197,0.011521,43247.743542000004,2205.7430053548815,126.15181899999999,64.222534,147.23953085577446,5.669335219485407,10,14,100-300:300-600,False,True,,1518,99.94996664442962
302,2026-10-07T04:34:59.618+00:00,2026-10-07T04:35:43.946+00:00,2026-10-07T04:36:59.492+00:00,True,1260,1260.0,,1260.0,44327.999003,119873.66530699999,119873.665389,95.13782967380952,0.011571,44327.999003,1249.8660101048545,123.75602350000001,60.00450063860206,82.99699150215483,10.511065935734116,10,14,1-100:1000-1500,False,True,,2586,99.94996664442962
303,2026-10-07T04:35:03.214+00:00,2026-10-07T04:35:49.583+00:00,2026-10-07T04:36:22.541+00:00,True,549,549.0,,549.0,46368.971033,79327.431449,79327.431486,144.49441072131148,0.011432000000000001,46368.971033,1980.2309558854015,123.8153484,60.14317594160583,123.02621617094154,6.920682921051778,10,14,100-300:300-600,False,True,,2233,99.94996664442962
304,2026-10-07T04:35:07.777+00:00,2026-10-07T04:35:54.018+00:00,2026-10-07T04:36:23.570+00:00,True,493,493.0,,493.0,46241.097193,75793.325545,75793.32548500001,153.73899692697768,0.011551,46241.097193,2083.653134250017,122.91859140000001,60.06550478048781,125.31476264927572,6.504530530294467,10,14,100-300:300-600,False,True,,2228,99.94996664442962
305,2026-10-07T04:35:12.685+00:00,2026-10-07T04:35:58.471+00:00,2026-10-07T04:37:09.348+00:00,True,1178,1178.0,,1178.0,45785.866306,116662.469698,116662.469856,99.0343547164686,0.011231,45785.866306,1335.1158160927955,123.04775540000003,60.218014776550554,87.39811337125673,10.097506105000578,10,14,1-100:1000-1500,False,True,,1856,99.94996664442962
306,2026-10-07T04:35:16.147+00:00,2026-10-07T04:36:02.727+00:00,2026-10-07T04:36:22.639+00:00,True,371,371.0,,371.0,46580.013043,66492.55166699999,66492.551718,179.22520678706198,0.011412,46580.013043,2415.678334594139,121.0458395,53.817671956756755,27.720621767989826,5.579572308459414,10,14,100-300:300-600,False,True,,1607,99.94996664442962
307,2026-10-07T04:35:19.948+00:00,2026-10-07T04:36:02.993+00:00,2026-10-07T04:36:24.306+00:00,True,365,365.0,,365.0,43045.060308,64358.524884,64358.524956,176.32472590684932,38.231860999999995,43045.060308,2250.1406786784264,122.93144179999999,58.55347410989011,23.662210458662763,5.671354349060627,10,14,100-300:300-600,False,True,,1952,99.94996664442962
308,2026-10-07T04:35:23.430+00:00,2026-10-07T04:36:06.578+00:00,2026-10-07T04:36:40.560+00:00,True,573,573.0,,573.0,43148.181832999995,77130.101321,77130.10122299999,134.6075064973822,30.694918,43148.181832999995,1800.2224901527984,124.19641360000001,59.40895015384615,24.259433320119328,7.4290061880677305,10,14,100-300:300-600,False,True,,1927,99.94996664442962
309,2026-10-07T04:35:26.692+00:00,2026-10-07T04:36:10.215+00:00,2026-10-07T04:36:28.821+00:00,True,305,305.0,,305.0,43522.975011,62128.699427,62128.699447,203.70065392459017,43.659924,43522.975011,2488.740853322897,123.73960220000001,61.20304084210526,25.186469825465675,4.9091644089277775,10,14,100-300:300-600,False,True,,1265,99.94996664442962
310,2026-10-07T04:35:31.472+00:00,2026-10-07T04:36:16.652+00:00,2026-10-07T04:36:41.452+00:00,True,409,409.0,,409.0,45179.697515,69980.040811,69980.040849,171.10034437408314,30.505312,45179.697515,2231.125119166595,123.9782826,60.785155137254904,24.88904049947895,5.8445235993019065,10,14,100-300:300-600,False,True,,1805,99.94996664442962
311,2026-10-07T04:35:34.216+00:00,2026-10-07T04:36:20.053+00:00,2026-10-07T04:37:44.641+00:00,True,1389,1389.0,,1389.0,45837.186662,130424.260454,130424.26046,93.89795569474443,32.36146,45837.186662,1228.516218106681,125.46631800000002,60.94169581556196,25.27317150590872,10.649859122566337,10,14,1-100:1000-1500,False,True,,5466,99.94996664442962
312,2026-10-07T04:35:37.322+00:00,2026-10-07T04:36:22.729+00:00,2026-10-07T04:36:47.717+00:00,True,412,412.0,,412.0,45407.039093,70394.81662900001,70394.816617,170.86120538106795,34.765806,45407.039093,2234.1895958611294,124.26544235000001,60.79751225304136,25.09709067542456,5.852703646794806,10,14,100-300:300-600,False,True,,1475,99.94996664442962
313,2026-10-07T04:35:42.224+00:00,2026-10-07T04:36:26.555+00:00,2026-10-07T04:36:57.574+00:00,True,515,515.0,,515.0,44330.585761,75349.816737,75349.816907,146.31032409126215,28.380971000000002,44330.585761,1950.9352197202206,123.99785600000001,60.34869839688716,24.65524607293415,6.834787691621722,10,14,100-300:300-600,False,True,,2405,99.94996664442962
314,2026-10-07T04:35:46.431+00:00,2026-10-07T04:36:29.607+00:00,2026-10-07T04:36:50.850+00:00,True,357,357.0,,357.0,43176.510725,64419.781893,64419.782005,180.44756864145657,28.042707999999998,43176.510725,2282.1074039534847,115.44199200000001,59.67211002247191,23.660753141060603,5.541775981063862,10,14,100-300:300-600,False,True,,1335,99.94996664442962
315,2026-10-07T04:35:49.568+00:00,2026-10-07T04:36:33.960+00:00,2026-10-07T04:36:52.874+00:00,True,315,315.0,,315.0,44392.618632,63306.70324,63306.703237,200.97366106984126,31.704449,44392.618632,2497.9670550664614,122.94109110000001,60.23593824203822,24.55075362525267,4.97577640089413,10,14,100-300:300-600,False,True,,1854,99.94996664442962
316,2026-10-07T04:35:54.432+00:00,2026-10-07T04:36:39.952+00:00,2026-10-07T04:37:51.865+00:00,True,1187,1187.0,,1187.0,45520.766636,117433.024684,117433.024646,98.93262396461668,22.086127,45520.766636,1319.7295688414545,126.2721248,60.63428165935919,25.277697495074587,10.107889183592885,10,14,1-100:1000-1500,False,True,,3497,99.94996664442962
317,2026-10-07T04:35:58.802+00:00,2026-10-07T04:36:43.252+00:00,2026-10-07T04:37:03.419+00:00,True,332,332.0,,332.0,44449.373198,64616.361998,64616.36207,194.62759659638556,40.844757,44449.373198,2436.265339872733,126.16787640000003,60.9274586102719,25.484460823102694,5.1380175196226,10,14,100-300:300-600,False,True,,1398,99.94996664442962
318,2026-10-07T04:36:02.729+00:00,2026-10-07T04:36:44.833+00:00,2026-10-07T04:38:12.605+00:00,True,1438,1438.0,,1438.0,42104.278159,129876.78324700001,129876.783332,90.31765183031989,24.749267,42104.278159,1108.9983290287976,125.9662882,61.08037932359081,25.481716465881547,11.07203276866819,10,14,1-100:1000-1500,False,True,,1438,99.94996664442962
319,2026-10-07T04:36:06.465+00:00,2026-10-07T04:36:50.255+00:00,2026-10-07T04:38:00.672+00:00,True,1161,1161.0,,1161.0,43790.08456,114207.832272,114207.83241,98.37022602067184,28.858116000000003,43790.08456,1283.6374855144034,127.236093,60.70495492413793,25.432640674212223,10.165677580106202,10,14,1-100:1000-1500,False,True,,3673,99.94996664442962
320,2026-10-07T04:36:11.109+00:00,2026-10-07T04:36:54.633+00:00,2026-10-07T04:37:15.520+00:00,True,359,359.0,,359.0,43523.119605,64410.716917,64410.716905,179.41703873259053,38.660776,43523.119605,2294.102890073483,123.7170867,58.34524388826816,23.481157915896507,5.573606647828642,10,14,100-300:300-600,False,True,,1668,99.94996664442962
321,2026-10-07T04:36:15.377+00:00,2026-10-07T04:36:58.655+00:00,2026-10-07T04:37:34.175+00:00,True,594,594.0,,594.0,43277.478054,78797.224614,78797.224643,132.65526034175085,42.54304,43277.478054,1773.41209365501,125.00662704999999,59.89839217537943,24.814284029970196,7.538336570987086,10,14,100-300:300-600,False,True,,2624,99.94996664442962
322,2026-10-07T04:36:18.283+00:00,2026-10-07T04:37:01.718+00:00,2026-10-07T04:37:35.231+00:00,True,559,559.0,,559.0,43434.761525,76947.386933,76947.38682300001,137.65185478175314,42.509646000000004,43434.761525,1834.7219671587652,125.40036389999999,60.05846847311828,24.813335659014314,7.26470413461519,10,14,100-300:300-600,False,True,,2700,99.94996664442962
323,2026-10-07T04:36:23.058+00:00,2026-10-07T04:37:05.791+00:00,2026-10-07T04:37:33.313+00:00,True,461,461.0,,461.0,42732.942778,70255.471546,70255.47159,152.39798609544468,42.907533,42732.942778,1987.6376892160245,125.318841,59.83158427826087,24.668872351255505,6.561766505234525,10,14,100-300:300-600,False,True,,2334,99.94996664442962
324,2026-10-07T04:36:27.788+00:00,2026-10-07T04:37:10.185+00:00,2026-10-07T04:37:36.874+00:00,True,448,448.0,,448.0,42396.318137999995,69085.68185,69085.681931,154.209111453125,43.142202,42396.318137999995,2000.3657681300656,126.12593419999999,59.70774879642058,24.43723046919924,6.484701142165828,10,14,100-300:300-600,False,True,,2202,99.94996664442962
325,2026-10-07T04:36:32.356+00:00,2026-10-07T04:37:16.083+00:00,2026-10-07T04:37:40.684+00:00,True,400,400.0,,400.0,43727.621391,68328.072463,68328.072421,170.8201810525,43.866408,43727.621391,2183.4502967407575,130.1170877,61.65526584461153,25.794806213972,5.854109234774653,10,14,100-300:300-600,False,True,,2026,99.94996664442962
326,2026-10-07T04:36:35.413+00:00,2026-10-07T04:37:19.864+00:00,2026-10-07T04:37:56.284+00:00,True,600,600.0,,600.0,44451.676713,80871.103785,80871.103653,134.785172755,22.675551,44451.676713,1812.4270692875104,130.29795159999998,60.800379085141905,25.35979488451714,7.419213685955504,10,14,100-300:300-600,False,True,,2866,99.94996664442962
327,2026-10-07T04:36:39.499+00:00,2026-10-07T04:37:23.317+00:00,2026-10-07T04:38:46.605+00:00,True,1350,1350.0,,1350.0,43818.512501000005,127106.47563700001,127106.475762,94.15294500888889,25.404143,43818.512501000005,1191.1964199069853,130.02945115,61.74052122757598,26.198986148492448,10.621016696705752,10,14,1-100:1000-1500,False,True,,3372,99.94996664442962
328,2026-10-07T04:36:42.345+00:00,2026-10-07T04:37:26.593+00:00,2026-10-07T04:38:39.638+00:00,True,1178,1178.0,,1178.0,44247.537841,117293.319857,117293.31996,99.56988112054329,24.678034,44247.537841,1287.6600310664044,131.07549049999997,62.060987269328805,26.84419173153148,10.043197698182448,10,14,1-100:1000-1500,False,True,,1178,99.94996664442962
329,2026-10-07T04:36:46.770+00:00,2026-10-07T04:37:32.917+00:00,2026-10-07T04:38:00.942+00:00,True,452,452.0,,452.0,46147.076577,74172.366817,74172.367013,164.09815710840707,21.564629,46147.076577,2167.816202920066,132.02566115,62.140333126385805,26.624497179168372,6.09391366888947,10,14,100-300:300-600,False,True,,2288,99.94996664442962
330,2026-10-07T04:36:51.617+00:00,2026-10-07T04:37:37.225+00:00,2026-10-07T04:38:08.221+00:00,True,505,505.0,,505.0,45608.221056999995,76604.18649699999,76604.18662,151.69145865346533,23.750034,45608.221056999995,2026.9663526024715,132.5623992,61.49993142857142,25.798983721978395,6.5923289978384805,10,14,100-300:300-600,False,True,,2238,99.94996664442962
331,2026-10-07T04:36:54.306+00:00,2026-10-07T04:37:39.165+00:00,2026-10-07T04:38:11.065+00:00,True,514,514.0,,514.0,44859.235456,76759.248512,76759.248482,149.33705930350195,23.608549,44859.235456,1976.092816904992,132.33106875,62.1832613177388,26.66396362349474,6.696261492446019,10,14,100-300:300-600,False,True,,2035,99.94996664442962
332,2026-10-07T04:36:57.663+00:00,2026-10-07T04:37:42.463+00:00,2026-10-07T04:38:17.470+00:00,True,567,567.0,,567.0,44800.492744,79807.18023200001,79807.180234,140.75340429276898,24.476474999999997,44800.492744,1879.0228701582887,127.8824718,61.849271180212014,25.7728673039351,7.104623899149515,10,14,100-300:300-600,False,True,,2554,99.94996664442962
333,2026-10-07T04:37:01.878+00:00,2026-10-07T04:37:45.198+00:00,2026-10-07T04:38:59.935+00:00,True,1222,1222.0,,1222.0,43320.292833,118057.022689,118057.022875,96.60967502045827,23.99344,43320.292833,1237.7565921891114,129.08550485,61.209442961506966,25.697048292772415,10.350930187517427,10,14,1-100:1000-1500,False,True,,4136,99.94996664442962
334,2026-10-07T04:37:05.068+00:00,2026-10-07T04:37:52.048+00:00,2026-10-07T04:38:17.475+00:00,True,406,406.0,,406.0,46980.394671999995,72406.501296,72406.50120299999,178.34113596798028,41.035604,46980.394671999995,2328.6297115420284,131.05337050000003,62.78051018271605,26.252083947053645,5.607231294607918,10,14,100-300:300-600,False,True,,1848,99.94996664442962
335,2026-10-07T04:37:07.939+00:00,2026-10-07T04:37:57.617+00:00,2026-10-07T04:38:19.627+00:00,True,348,348.0,,348.0,49677.914431000005,71688.400959,71688.400802,206.00115172988507,42.089349999999996,49677.914431000005,2659.7630017530023,128.5672325,63.43079691066282,28.052368632701043,4.85434178116245,10,14,100-300:300-600,False,True,,1528,99.94996664442962
336,2026-10-07T04:37:12.440+00:00,2026-10-07T04:38:00.839+00:00,2026-10-07T04:38:27.514+00:00,True,439,439.0,,439.0,48399.213889,75073.697345,75073.697361,171.01070013895216,42.693091,48399.213889,2307.197885095076,126.47742220000002,60.90064715981735,25.085601939680323,5.847587311206778,10,14,100-300:300-600,False,True,,1583,99.94996664442962
337,2026-10-07T04:37:16.919+00:00,2026-10-07T04:38:06.807+00:00,2026-10-07T04:38:37.766+00:00,True,500,500.0,,500.0,49888.006817,80847.047329,80847.047194,161.694094388,40.05807299999999,49888.006817,2228.4435985180985,128.22060275,62.04216535470942,26.623018488021813,6.184517759384504,10,14,100-300:300-600,False,True,,2603,99.94996664442962
338,2026-10-07T04:37:20.635+00:00,2026-10-07T04:38:10.198+00:00,2026-10-07T04:38:38.214+00:00,True,456,456.0,,456.0,49563.061435999996,77579.459004,77579.45906899999,170.13039269517543,42.848482000000004,49563.061435999996,2318.2705331897714,130.27824375,61.57450014945055,26.489957380563276,5.877844546150916,10,14,100-300:300-600,False,True,,2435,99.94996664442962
339,2026-10-07T04:37:25.422+00:00,2026-10-07T04:38:15.067+00:00,2026-10-07T04:38:41.374+00:00,True,428,428.0,,428.0,49644.353028,75951.31546,75951.315433,177.45634446962617,23.185115000000003,49644.353028,2396.8213206471023,130.11558515000002,61.60881131615925,26.74904387763644,5.635188770698877,10,14,100-300:300-600,False,True,,1939,99.94996664442962
340,2026-10-07T04:37:29.750+00:00,2026-10-07T04:38:17.742+00:00,2026-10-07T04:38:40.897+00:00,True,381,381.0,,381.0,47992.500033,71147.529281,71147.529453,186.7389224488189,26.048029999999997,47992.500033,2455.7494599523675,131.084905,60.93428749473684,26.346292332177875,5.3550700052453735,10,14,100-300:300-600,False,True,,1258,99.94996664442962
341,2026-10-07T04:37:34.223+00:00,2026-10-07T04:38:23.882+00:00,2026-10-07T04:38:57.319+00:00,True,542,542.0,,542.0,49659.098033,83096.049073,83096.049235,153.31374397601476,29.541697,49659.098033,2130.555291487584,130.7558781,61.80582447319778,26.873354250502963,6.522572445337951,10,14,100-300:300-600,False,True,,2063,99.94996664442962
342,2026-10-07T04:37:37.609+00:00,2026-10-07T04:38:28.945+00:00,2026-10-07T04:39:00.290+00:00,True,506,506.0,,506.0,51336.817533,82681.21561300001,82681.21537800001,163.40161141897232,28.189914,51336.817533,2279.598426432425,129.51204675,62.068115009900986,26.846844940033492,6.119890669827566,10,14,100-300:300-600,False,True,,2692,99.94996664442962
343,2026-10-07T04:37:41.923+00:00,2026-10-07T04:38:32.552+00:00,2026-10-07T04:38:57.673+00:00,True,406,406.0,,406.0,50629.669200000004,75750.296912,75750.297051,186.57708633251232,23.949578000000002,50629.669200000004,2509.775845579004,130.15831025,62.02624126419753,27.09171583505611,5.359714965495843,10,14,100-300:300-600,False,True,,1657,99.94996664442962
344,2026-10-07T04:37:46.487+00:00,2026-10-07T04:38:37.470+00:00,2026-10-07T04:39:09.780+00:00,True,528,528.0,,528.0,50983.035289,83293.273497,83293.273711,157.7524123314394,23.779239,50983.035289,2216.2392333056496,128.42053905,61.3097499203036,26.284690787311693,6.339047294365458,10,14,100-300:300-600,False,True,,2448,99.94996664442962
345,2026-10-07T04:37:50.533+00:00,2026-10-07T04:38:41.370+00:00,2026-10-07T04:40:09.537+00:00,True,1459,1459.0,,1459.0,50837.137205,139004.193333,139004.193276,95.27360745442084,39.830116000000004,50837.137205,1329.5770105429729,124.57022210000001,60.4712319122085,25.03710725196084,10.496086233203076,10,14,1-100:1000-1500,False,True,,4687,99.94996664442962
346,2026-10-07T04:37:54.667+00:00,2026-10-07T04:38:45.574+00:00,2026-10-07T04:39:20.107+00:00,True,567,567.0,,567.0,50907.416358,85440.28215,85440.282173,150.68832834744268,42.931598,50907.416358,2135.5018196305223,125.44349129999999,61.01213037455831,25.631478925815458,6.63621404017098,10,14,100-300:300-600,False,True,,2596,99.94996664442962
347,2026-10-07T04:37:59.549+00:00,2026-10-07T04:38:50.523+00:00,2026-10-07T04:39:14.137+00:00,True,386,386.0,,386.0,50973.999071000006,74588.239071,74588.239216,193.23378035233162,42.21801,50973.999071000006,2591.5150438568508,126.77563875,61.33568831168831,25.861517366028675,5.175078602305779,10,14,100-300:300-600,False,True,,1507,99.94996664442962
348,2026-10-07T04:38:03.583+00:00,2026-10-07T04:38:53.201+00:00,2026-10-07T04:39:25.503+00:00,True,536,536.0,,536.0,49617.629288000004,81919.470952,81919.47073,152.83483345149256,40.718139,49617.629288000004,2140.6912455944234,124.16546025,60.37727413831776,24.851060385689863,6.543011005455156,10,14,100-300:300-600,False,True,,2373,99.94996664442962
349,2026-10-07T04:38:06.571+00:00,2026-10-07T04:38:58.130+00:00,2026-10-07T04:39:16.567+00:00,True,306,306.0,,306.0,51558.867065,69995.938425,69995.93845,228.74489689542483,37.666911999999996,51558.867065,2944.0754582434975,124.0782995,60.449414295081965,25.12619923960471,4.371682227360608,10,14,100-300:300-600,False,True,,1496,99.94996664442962
350,2026-10-07T04:38:10.037+00:00,2026-10-07T04:39:01.231+00:00,2026-10-07T04:40:06.413+00:00,True,1087,1087.0,,1087.0,51193.676992,116375.092928,116375.093104,107.06080322355106,40.384838,51193.676992,1551.1212078519743,123.37907879999999,60.01972001473296,24.391211127136824,9.340486633789544,10,14,1-100:1000-1500,False,True,,4927,99.94996664442962
351,2026-10-07T04:38:13.688+00:00,2026-10-07T04:39:04.905+00:00,2026-10-07T04:40:08.925+00:00,True,1065,1065.0,,1065.0,51216.860200999996,115237.77796099999,115237.777806,108.2044862028169,38.6633,51216.860200999996,1567.7652885810548,124.05962779999999,60.1700354887218,24.597738665463268,9.241760981892837,10,14,1-100:1000-1500,False,True,,1065,99.94996664442962
352,2026-10-07T04:38:16.953+00:00,2026-10-07T04:39:08.373+00:00,2026-10-07T04:40:29.751+00:00,True,1349,1349.0,,1349.0,51419.603142,132797.564102,132797.564203,98.44148569532987,0.011462,51419.603142,1401.1644586083942,123.831873,60.36940724035608,88.96594324714825,10.158318860155081,10,14,1-100:1000-1500,False,True,,5541,99.94996664442962
353,2026-10-07T04:38:21.213+00:00,2026-10-07T04:39:12.842+00:00,2026-10-07T04:39:46.651+00:00,True,562,562.0,,562.0,51628.966015,85437.32134299999,85437.321279,152.02370334341637,42.751219,51628.966015,2175.431283888126,122.36387019999998,60.264448,24.42690742659652,6.577921582346583,10,14,100-300:300-600,False,True,,2744,99.94996664442962
354,2026-10-07T04:38:24.405+00:00,2026-10-07T04:39:14.308+00:00,2026-10-07T04:39:39.653+00:00,True,423,423.0,,423.0,49903.222401,75248.101761,75248.10192,177.8914939007092,40.598425999999996,49903.222401,2423.5798120149802,122.7439099,60.05895582938389,24.37370415684994,5.621404262708388,10,14,100-300:300-600,False,True,,2302,99.94996664442962
355,2026-10-07T04:38:29.241+00:00,2026-10-07T04:39:19.232+00:00,2026-10-07T04:39:48.677+00:00,True,492,492.0,,492.0,49990.314726000004,79435.619046,79435.61913400001,161.45451043495936,42.174448,49990.314726000004,2251.1657687330066,123.11168434999999,59.970069898167004,24.401781890639082,6.193695043971268,10,14,100-300:300-600,False,True,,2465,99.94996664442962
356,2026-10-07T04:38:32.550+00:00,2026-10-07T04:39:21.702+00:00,2026-10-07T04:39:53.511+00:00,True,531,531.0,,531.0,49151.752851000005,80961.132691,80961.13255600001,152.46917618832393,38.408014,49151.752851000005,2130.547813286895,123.964752,60.01769781132075,25.133113316730633,6.55870270524301,10,14,100-300:300-600,False,True,,2759,99.94996664442962
357,2026-10-07T04:38:36.658+00:00,2026-10-07T04:39:25.452+00:00,2026-10-07T04:39:59.988+00:00,True,578,578.0,,578.0,48793.587378,83330.06225799999,83330.062423,144.16965817128028,42.608803,48793.587378,2027.2018202123622,123.7897579,59.85524242634316,24.3332701080201,6.936272268829487,10,14,100-300:300-600,False,True,,2675,99.94996664442962
358,2026-10-07T04:38:39.621+00:00,2026-10-07T04:39:29.570+00:00,2026-10-07T04:40:03.340+00:00,True,567,567.0,,567.0,49949.167288000004,83719.03532,83719.035155,147.65261932098767,39.46382,49949.167288000004,2095.297140636317,122.032899,59.664077795053004,23.80060189718677,6.7726532900522685,10,14,100-300:300-600,False,True,,2820,99.94996664442962
359,2026-10-07T04:38:43.668+00:00,2026-10-07T04:39:32.751+00:00,2026-10-07T04:39:52.539+00:00,True,331,331.0,,331.0,49082.971739,68871.071579,68871.071653,208.06970287915408,43.151399,49082.971739,2694.6535320541147,120.06600600000002,59.963938909090906,23.86151018966873,4.806081746823404,10,14,100-300:300-600,False,True,,1356,99.94996664442962
360,2026-10-07T04:38:48.442+00:00,2026-10-07T04:39:36.994+00:00,2026-10-07T04:40:46.864+00:00,True,1149,1149.0,,1149.0,48551.730108,118421.799612,118421.79958800001,103.06509972845953,0.011051,48551.730108,1433.7898910974704,125.7362316,60.8624298815331,96.52713875549495,9.702605464235562,10,14,1-100:1000-1500,False,True,,2874,99.94996664442962
361,2026-10-07T04:38:51.641+00:00,2026-10-07T04:39:42.052+00:00,2026-10-07T04:40:42.733+00:00,True,1001,1001.0,,1001.0,50410.940788,111092.408948,111092.408962,110.98142753446554,0.011491,50410.940788,1594.654887372911,126.18553299999999,60.681468159999994,101.58016441555326,9.010516645368154,10,14,1-100:1000-1500,False,True,,3005,99.94996664442962
362,2026-10-07T04:38:56.067+00:00,2026-10-07T04:39:45.064+00:00,2026-10-07T04:40:17.967+00:00,True,549,549.0,,549.0,48996.276806999995,81899.866439,81899.866442,149.18008459380692,43.142626,48996.276806999995,2088.6903918436724,125.5088896,60.04304677372263,24.448398558694507,6.703307634926386,10,14,100-300:300-600,False,True,,2234,99.94996664442962
363,2026-10-07T04:38:59.012+00:00,2026-10-07T04:39:47.257+00:00,2026-10-07T04:40:14.078+00:00,True,450,450.0,,450.0,48244.772784999994,75066.005937,75066.00595199999,166.81334655999999,37.1629,48244.772784999994,2271.6003557101453,127.4140165,59.735485861915365,24.876581338084264,5.994724168189628,10,14,100-300:300-600,False,True,,2146,99.94996664442962
364,2026-10-07T04:39:02.706+00:00,2026-10-07T04:39:51.231+00:00,2026-10-07T04:40:14.130+00:00,True,384,384.0,,384.0,48524.70425,71423.220986,71423.221017,185.9979713984375,40.154587,48524.70425,2473.33427040188,126.34137855,59.78724996344648,24.32742067726728,5.376402725876359,10,14,100-300:300-600,False,True,,1424,99.94996664442962
365,2026-10-07T04:39:06.789+00:00,2026-10-07T04:39:55.285+00:00,2026-10-07T04:41:23.843+00:00,True,1442,1442.0,,1442.0,48496.115777,137054.65862499998,137054.65854,95.04483948682386,0.011021000000000001,48496.115777,1278.4596535662906,129.51581165,61.456310095766824,87.26617198204171,10.521349762692171,10,14,1-100:1000-1500,False,True,,4803,99.94996664442962
366,2026-10-07T04:39:11.346+00:00,2026-10-07T04:40:03.505+00:00,2026-10-07T04:40:26.860+00:00,True,386,386.0,,386.0,52158.535725,75513.948205,75513.948315,195.63199045336788,0.011021000000000001,52158.535725,2656.760544985927,126.13024750000001,60.663409038961035,163.92218653710992,5.111638434691749,10,14,100-300:300-600,False,True,,1855,99.94996664442962
367,2026-10-07T04:39:14.970+00:00,2026-10-07T04:40:08.046+00:00,2026-10-07T04:40:43.355+00:00,True,575,575.0,,575.0,53076.173844,88384.850452,88384.850513,153.71278350086956,0.011510999999999999,53076.173844,2214.874736144932,127.57134580000002,61.5133738815331,133.34422464155693,6.505639790749782,10,14,100-300:300-600,False,True,,2411,99.94996664442962
368,2026-10-07T04:39:19.761+00:00,2026-10-07T04:40:10.247+00:00,2026-10-07T04:41:28.905+00:00,True,1271,1271.0,,1271.0,50486.056031,129143.705951,129143.705834,101.60795108890638,0.011551,50486.056031,1417.4320781762287,130.153244,61.935157417322834,93.03098049981132,9.841749473119858,10,14,1-100:1000-1500,False,True,,2433,99.94996664442962
369,2026-10-07T04:39:23.027+00:00,2026-10-07T04:40:14.357+00:00,2026-10-07T04:40:47.673+00:00,True,539,539.0,,539.0,51330.576494,84646.17278200001,84646.172591,157.04299182003712,0.011000999999999999,51330.576494,2212.5019510406223,130.7145757,61.92490016356877,136.46676748346312,6.367683053883073,10,14,100-300:300-600,False,True,,2913,99.94996664442962
370,2026-10-07T04:39:26.087+00:00,2026-10-07T04:40:17.863+00:00,2026-10-07T04:40:45.961+00:00,True,454,454.0,,454.0,51775.981825,79873.845249,79873.845336,175.9335800352423,0.011372,51775.981825,2431.5270223553243,130.64993625,62.02618857395144,147.54640065306603,5.683963237085846,10,14,100-300:300-600,False,True,,1673,99.94996664442962
371,2026-10-07T04:39:30.623+00:00,2026-10-07T04:40:24.826+00:00,2026-10-07T04:40:57.759+00:00,True,526,526.0,,526.0,54203.450474,87136.435818,87136.436043,165.65862365589354,30.740936,54203.450474,2360.8067543269835,132.37678425,62.72949589333333,27.43722804462834,6.03651038813023,10,14,100-300:300-600,False,True,,2209,99.94996664442962
372,2026-10-07T04:39:33.788+00:00,2026-10-07T04:40:27.526+00:00,2026-10-07T04:40:51.968+00:00,True,389,389.0,,389.0,53738.285273,78180.435417,78180.435415,200.97798307197945,30.451704000000003,53738.285273,2721.588672203205,133.0324474,62.99523232989691,27.97769761408687,4.975669397658709,10,14,100-300:300-600,False,True,,1799,99.94996664442962
373,2026-10-07T04:39:38.660+00:00,2026-10-07T04:40:32.140+00:00,2026-10-07T04:40:55.639+00:00,True,379,379.0,,379.0,53480.2578,76978.848264,76978.848449,203.1104180712401,25.575146,53480.2578,2744.036819746626,132.7927503,62.16558323809524,27.12667711284339,4.923430377916468,10,14,100-300:300-600,False,True,,1435,99.94996664442962
374,2026-10-07T04:39:43.381+00:00,2026-10-07T04:40:37.999+00:00,2026-10-07T04:41:11.158+00:00,True,538,538.0,,538.0,54618.572133,87777.675621,87777.675632,163.15553091449814,29.796516,54618.572133,2352.261568586393,130.95099705,61.74879606703911,26.579788412626527,6.129121057191544,10,14,100-300:300-600,False,True,,2219,99.94996664442962
375,2026-10-07T04:39:47.112+00:00,2026-10-07T04:40:43.134+00:00,2026-10-07T04:41:06.966+00:00,True,382,382.0,,382.0,56021.508716,79853.93290799999,79853.93274599999,209.0417087591623,31.31906,56021.508716,2863.2398126713724,132.3127762,62.5522944671916,27.375493315396316,4.783734327025615,10,14,100-300:300-600,False,True,,1955,99.94996664442962
376,2026-10-07T04:39:50.466+00:00,2026-10-07T04:40:46.142+00:00,2026-10-07T04:41:05.522+00:00,True,314,314.0,,314.0,55676.063245,75056.20455699999,75056.204631,239.03249882484076,28.282128,55676.063245,3138.6034714188645,130.82152325,61.91738438338658,26.986699506778756,4.183531552831702,10,14,100-300:300-600,False,True,,1348,99.94996664442962
377,2026-10-07T04:39:53.815+00:00,2026-10-07T04:40:49.039+00:00,2026-10-07T04:41:21.850+00:00,True,534,534.0,,534.0,55223.974381,88035.732973,88035.732863,164.86092296441947,42.502248,55223.974381,2387.2534922217415,131.30840154999999,61.56052268667918,26.097329951108748,6.065718793569588,10,14,100-300:300-600,False,True,,2352,99.94996664442962
378,2026-10-07T04:39:58.330+00:00,2026-10-07T04:40:53.476+00:00,2026-10-07T04:41:11.973+00:00,True,306,306.0,,306.0,55145.781049000005,73642.941497,73642.941494,240.66320749673204,42.751813999999996,55145.781049000005,3149.107895608862,130.0876955,60.64642769836066,25.18068610115163,4.15518437720831,10,14,100-300:300-600,False,True,,1469,99.94996664442962
379,2026-10-07T04:40:02.305+00:00,2026-10-07T04:40:58.802+00:00,2026-10-07T04:41:26.641+00:00,True,446,446.0,,446.0,56497.505423,84336.378511,84336.378373,189.09501877354262,39.56352,56497.505423,2672.4098164828297,129.659834,62.55926536629213,27.155776735118014,5.288346593419685,10,14,100-300:300-600,False,True,,1966,99.94996664442962
380,2026-10-07T04:40:06.348+00:00,2026-10-07T04:41:03.176+00:00,2026-10-07T04:41:37.809+00:00,True,560,560.0,,560.0,56828.371554,91461.27241800001,91461.272593,163.32370105892858,42.723694,56828.371554,2398.958995576369,129.188772,61.955099935599286,25.947211510850888,6.12281007244974,10,14,100-300:300-600,False,True,,2176,99.94996664442962
381,2026-10-07T04:40:09.453+00:00,2026-10-07T04:41:06.817+00:00,2026-10-07T04:41:35.576+00:00,True,462,462.0,,462.0,57363.702751000004,86122.82339100001,86122.82334300001,186.41303753896105,41.365147,57363.702751000004,2666.0327206662955,129.3254557,62.384209631236445,26.77012557021477,5.364431654806615,10,14,100-300:300-600,False,True,,1737,99.94996664442962
382,2026-10-07T04:40:12.986+00:00,2026-10-07T04:41:11.475+00:00,2026-10-07T04:41:35.298+00:00,True,381,381.0,,381.0,58489.19171,82311.405854,82311.405935,216.04043552493437,43.338605,58489.19171,2993.3997315458396,127.01879799999999,62.690037221052634,26.768418106750207,4.628763122765749,10,14,100-300:300-600,False,True,,1627,99.94996664442962
383,2026-10-07T04:40:16.923+00:00,2026-10-07T04:41:15.799+00:00,2026-10-07T04:41:36.755+00:00,True,338,338.0,,338.0,58875.786742,79832.162038,79832.16209099999,236.1898286715976,40.156101,58875.786742,3199.1469111201263,127.55470475,62.1850898991098,26.4130039853283,4.2338825777900455,10,14,100-300:300-600,False,True,,1329,99.94996664442962
384,2026-10-07T04:40:19.574+00:00,2026-10-07T04:41:19.017+00:00,2026-10-07T04:41:44.892+00:00,True,427,427.0,,427.0,59442.565446,85317.44160600001,85317.44175700001,199.80665516861828,40.479576,59442.565446,2873.799337732791,123.71052540000001,60.73914591549296,25.327499091531756,5.004838306942047,10,14,100-300:300-600,False,True,,1967,99.94996664442962
385,2026-10-07T04:40:24.600+00:00,2026-10-07T04:41:22.122+00:00,2026-10-07T04:41:48.547+00:00,True,442,442.0,,442.0,57521.471592,83946.43056800001,83946.430573,189.92405107013576,41.364533,57521.471592,2733.275058505675,119.4084777,59.92054189569161,24.302386426131637,5.265262584833337,10,14,100-300:300-600,False,True,,1642,99.94996664442962
386,2026-10-07T04:40:28.849+00:00,2026-10-07T04:41:27.426+00:00,2026-10-07T04:41:46.687+00:00,True,330,330.0,,330.0,58576.173874,77837.47077,77837.470692,235.8711233090909,42.385915000000004,58576.173874,3221.3714990184344,118.94905045,58.544975367781156,23.026356692033513,4.239603326463533,10,14,100-300:300-600,False,True,,1362,99.94996664442962
387,2026-10-07T04:40:32.606+00:00,2026-10-07T04:41:31.005+00:00,2026-10-07T04:41:54.410+00:00,True,399,399.0,,399.0,58398.618927,81804.569391,81804.56963700001,205.0239840526316,39.110562,58398.618927,2920.7454755874337,122.87782220000001,58.808920763819096,24.426539172763142,4.877478152753375,10,14,100-300:300-600,False,True,,1807,99.94996664442962
388,2026-10-07T04:40:35.314+00:00,2026-10-07T04:41:32.438+00:00,2026-10-07T04:42:51.534+00:00,True,1322,1322.0,,1322.0,57124.726224,136219.786192,136219.786136,103.04068542813918,39.101413,57124.726224,1569.6627791462754,125.96999255,59.87514002119606,24.622674055626227,9.704904382515023,10,14,1-100:1000-1500,False,True,,2643,99.94996664442962
389,2026-10-07T04:40:39.008+00:00,2026-10-07T04:41:35.827+00:00,2026-10-07T04:42:53.540+00:00,True,1300,1300.0,,1300.0,56819.214919,134532.741959,134532.742011,103.48672462384616,20.067766,56819.214919,1574.4117658579767,125.31132310000001,59.82565591993841,24.439238563749033,9.663075182071186,10,14,1-100:1000-1500,False,True,,4435,99.94996664442962
390,2026-10-07T04:40:43.065+00:00,2026-10-07T04:41:40.632+00:00,2026-10-07T04:42:03.133+00:00,True,385,385.0,,385.0,57567.361482,80068.474826,80068.475008,207.97006495584415,37.277402,57567.361482,2931.013710290135,123.2652416,58.59664933333334,23.711393462616858,4.808384333992359,10,14,100-300:300-600,False,True,,1765,99.94996664442962
391,2026-10-07T04:40:47.149+00:00,2026-10-07T04:41:45.752+00:00,2026-10-07T04:42:19.048+00:00,True,559,559.0,,559.0,58603.131789,91899.788941,91899.789026,164.40033815026834,43.062142,58603.131789,2476.2452414092386,125.7853738,59.67142858781362,24.470641564753,6.082712555073222,10,14,100-300:300-600,False,True,,2720,99.94996664442962
392,2026-10-07T04:40:50.205+00:00,2026-10-07T04:41:48.253+00:00,2026-10-07T04:42:13.437+00:00,True,418,418.0,,418.0,58048.359652,83231.886564,83231.886505,199.11934570574164,42.758176,58048.359652,2836.395386732348,126.07296074999998,60.39215086810552,25.144226135032213,5.022113726553401,10,14,100-300:300-600,False,True,,2168,99.94996664442962
393,2026-10-07T04:40:55.062+00:00,2026-10-07T04:41:53.963+00:00,2026-10-07T04:42:16.090+00:00,True,366,366.0,,366.0,58901.358882,81027.624482,81027.624398,221.38695190710382,43.500086,58901.358882,3075.7560718765635,126.02892225,60.61990575342466,25.006293338194936,4.5169780348343505,10,14,100-300:300-600,False,True,,1568,99.94996664442962
394,2026-10-07T04:40:58.465+00:00,2026-10-07T04:41:57.124+00:00,2026-10-07T04:42:15.214+00:00,True,301,301.0,,301.0,58658.643081,76748.802697,76748.80272200001,254.97941103654486,44.556306,58658.643081,3377.6422957424156,124.65998500000002,60.300532053333335,24.69571354269404,3.9218852857982847,10,14,100-300:300-600,False,True,,1247,99.94996664442962
395,2026-10-07T04:41:01.258+00:00,2026-10-07T04:41:59.953+00:00,2026-10-07T04:43:11.878+00:00,True,1187,1187.0,,1187.0,58694.974684,130619.92290800001,130619.923043,110.04205816596462,23.477717000000002,58694.974684,1702.0571879527595,128.65246620000002,60.6449816391231,25.194074083261572,9.087434547301363,10,14,1-100:1000-1500,False,True,,5189,99.94996664442962
396,2026-10-07T04:41:04.361+00:00,2026-10-07T04:42:03.889+00:00,2026-10-07T04:43:29.275+00:00,True,1393,1393.0,,1393.0,59527.890061,144914.236813,144914.236827,104.03032076597272,19.644914,59527.890061,1593.513653304367,129.2549998,61.340766344827585,26.187095346801684,9.612582108116491,10,14,1-100:1000-1500,False,True,,4822,99.94996664442962
397,2026-10-07T04:41:07.637+00:00,2026-10-07T04:42:07.971+00:00,2026-10-07T04:42:26.466+00:00,True,306,306.0,,306.0,60334.327782,78829.553894,78829.55385,257.6129210784314,40.464027,60334.327782,3445.7100130038016,128.622889,60.64008561311475,25.306421862529238,3.881792866815789,10,14,100-300:300-600,False,True,,1538,99.94996664442962
398,2026-10-07T04:41:10.381+00:00,2026-10-07T04:42:10.355+00:00,2026-10-07T04:42:36.794+00:00,True,435,435.0,,435.0,59974.80875900001,86412.925623,86412.92567000001,198.65040383908047,42.873411999999995,59974.80875900001,2872.767895700648,130.4176792,60.91731996313364,25.92108212849392,5.033969129778181,10,14,100-300:300-600,False,True,,1793,99.94996664442962
399,2026-10-07T04:41:13.602+00:00,2026-10-07T04:42:13.080+00:00,2026-10-07T04:42:42.264+00:00,True,486,486.0,,486.0,59478.10193,88662.19025,88662.190309,182.43249034773663,43.705682,59478.10193,2695.367491451944,129.03545624999998,60.17337797938144,24.980075820089997,5.481479744969418,10,14,100-300:300-600,False,True,,2424,99.94996664442962
400,2026-10-07T04:41:17.359+00:00,2026-10-07T04:42:17.841+00:00,2026-10-07T04:42:53.638+00:00,True,591,591.0,,591.0,60481.752355,96279.344419,96279.344299,162.90921201184432,21.033737000000002,60481.752355,2485.518505642172,129.1655675,60.673884854237286,25.1908850928828,6.1383882863599,10,14,100-300:300-600,False,True,,3155,99.94996664442962
401,2026-10-07T04:41:21.954+00:00,2026-10-07T04:42:22.634+00:00,2026-10-07T04:42:46.401+00:00,True,393,393.0,,393.0,60680.345534,84447.254206,84447.254221,214.87850946819339,43.215894,60680.345534,3057.9639629847784,129.369819,60.62986906122449,25.228981370717452,4.653792520492362,10,14,100-300:300-600,False,True,,1536,99.94996664442962
402,2026-10-07T04:41:26.357+00:00,2026-10-07T04:42:27.665+00:00,2026-10-07T04:42:52.051+00:00,True,399,399.0,,399.0,61307.380984999996,85693.609721,85693.609789,214.7709518521303,43.075089999999996,61307.380984999996,3066.2474242779053,130.0661446,61.271931497487444,25.635676687653707,4.656123149661432,10,14,100-300:300-600,False,True,,2006,99.94996664442962
403,2026-10-07T04:41:29.315+00:00,2026-10-07T04:42:30.587+00:00,2026-10-07T04:43:46.409+00:00,True,1220,1220.0,,1220.0,61271.320413999994,137093.784158,137093.784192,112.3719542557377,24.627541,61271.320413999994,1752.6140961857266,128.83013405000003,62.20054449876948,26.625545879400455,8.899017614058673,10,14,1-100:1000-1500,False,True,,1830,99.94996664442962
419,2026-10-07T04:42:31.207+00:00,2026-10-07T04:42:31.210+00:00,2026-10-07T04:42:31.210+00:00,False,1,0.0,,0.0,3.5273600000000003,3.5273600000000003,3.5273600000000003,3.5273600000000003,3.5273600000000003,3.5273600000000003,nan,3.5273600000000003,nan,nan,0.0,10,14,1-100:1000-1500,False,False,'choices',0,99.94996664442962
404,2026-10-07T04:41:32.232+00:00,2026-10-07T04:42:34.094+00:00,2026-10-07T04:43:10.106+00:00,True,591,591.0,,591.0,61862.267496,97874.04324,97874.043176,165.6075180642978,22.297756,61862.267496,2542.2967103128035,130.49846,61.036908040677964,26.102277721927152,6.038373203309793,10,14,100-300:300-600,False,True,,2852,99.94996664442962
405,2026-10-07T04:41:37.014+00:00,2026-10-07T04:42:39.278+00:00,2026-10-07T04:43:00.330+00:00,True,343,343.0,,343.0,62264.070648,83315.577336,83315.577552,242.90255846064142,25.04802,62264.070648,3358.7200513091793,129.1363861,61.55411312280702,25.936852533234273,4.116877191125127,10,14,100-300:300-600,False,True,,1400,99.94996664442962
406,2026-10-07T04:41:40.533+00:00,2026-10-07T04:42:42.378+00:00,2026-10-07T04:43:01.314+00:00,True,304,304.0,,304.0,61845.219603,80781.15688299999,80781.156888,265.7274897631579,21.0296,61845.219603,3543.58464723042,129.41043624999998,62.49484250825083,26.978650997356144,3.7632538543648333,10,14,100-300:300-600,False,True,,1738,99.94996664442962
407,2026-10-07T04:41:43.230+00:00,2026-10-07T04:42:45.392+00:00,2026-10-07T04:44:05.719+00:00,True,1301,1301.0,,1301.0,62162.774326,142489.625142,142489.62516999998,109.52315539584934,22.336779,62162.774326,1721.9186939059002,128.183099,61.789885243076924,26.860332167345824,9.13048931600087,10,14,1-100:1000-1500,False,True,,7416,99.94996664442962
408,2026-10-07T04:41:46.022+00:00,2026-10-07T04:42:48.921+00:00,2026-10-07T04:43:17.350+00:00,True,462,462.0,,462.0,62898.851648,91327.758144,91327.758036,197.67912994805195,22.333032,62898.851648,2923.5699100663,130.0835274,61.66790996963124,26.467029215528722,5.058702955037468,10,14,100-300:300-600,False,True,,1931,99.94996664442962
409,2026-10-07T04:41:50.254+00:00,2026-10-07T04:42:53.746+00:00,2026-10-07T04:43:17.402+00:00,True,382,382.0,,382.0,63491.736505999994,87148.17887399999,87148.179064,228.13659440837694,42.51964,63491.736505999994,3245.4510392961297,130.52066219999998,62.0903999160105,26.513611823202265,4.38333887105433,10,14,100-300:300-600,False,True,,1916,99.94996664442962
410,2026-10-07T04:41:53.587+00:00,2026-10-07T04:42:56.639+00:00,2026-10-07T04:44:25.606+00:00,True,1455,1455.0,,1455.0,63052.180341,152018.994805,152018.994881,104.48040885292096,40.886579,63052.180341,1651.583922496955,126.87061379999999,61.187630305364515,25.97735004161679,9.57117235162868,10,14,1-100:1000-1500,False,True,,3116,99.94996664442962
411,2026-10-07T04:41:57.239+00:00,2026-10-07T04:43:00.279+00:00,2026-10-07T04:43:32.770+00:00,True,520,520.0,,520.0,63039.613008,95530.56673600001,95530.566835,183.71262852884615,42.203711000000006,63039.613008,2761.8565357081516,131.3104222,62.6029936955684,27.023271171447035,5.443283943211882,10,14,100-300:300-600,False,True,,2198,99.94996664442962
412,2026-10-07T04:42:02.094+00:00,2026-10-07T04:43:04.342+00:00,2026-10-07T04:43:24.257+00:00,True,326,326.0,,326.0,62247.490199,82162.40066300001,82162.400544,252.03190350920246,44.069367,62247.490199,3444.268436403246,129.71458425,61.27664758153846,25.29678307364628,3.9677516402804764,10,14,100-300:300-600,False,True,,1408,99.94996664442962
413,2026-10-07T04:42:06.222+00:00,2026-10-07T04:43:09.348+00:00,2026-10-07T04:43:32.978+00:00,True,373,373.0,,373.0,63125.188283,86755.382715,86755.382714,232.58815741018768,42.737932,63125.188283,3265.3245419286536,132.79903919999998,63.52202804301076,27.469386540953295,4.299445041068424,10,14,100-300:300-600,False,True,,1542,99.94996664442962
414,2026-10-07T04:42:10.663+00:00,2026-10-07T04:43:14.765+00:00,2026-10-07T04:43:36.023+00:00,True,330,330.0,,330.0,64102.318917000004,85360.375621,85360.37554200001,258.6678046727273,43.515349,64102.318917000004,3525.273183906135,132.88784855000003,64.61415411550152,28.33838828105962,3.8659623695331393,10,14,100-300:300-600,False,True,,1586,99.94996664442962
415,2026-10-07T04:42:15.218+00:00,2026-10-07T04:43:19.821+00:00,2026-10-07T04:44:26.972+00:00,True,1100,1100.0,,1100.0,64603.299117,131754.149933,131754.150078,119.7765000709091,37.866201999999994,64603.299117,1946.1932125418512,125.75619065,61.10177508280255,25.9415173654788,8.348883132405128,10,14,1-100:1000-1500,False,True,,5731,99.94996664442962
416,2026-10-07T04:42:19.062+00:00,2026-10-07T04:43:24.370+00:00,2026-10-07T04:43:57.750+00:00,True,538,538.0,,538.0,65307.763194,98688.059898,98688.05981,183.43505540892193,38.839807,65307.763194,2813.0651535605184,126.493351,62.1607014972067,26.80668852876355,5.451520686049103,10,14,100-300:300-600,False,True,,1882,99.94996664442962
417,2026-10-07T04:42:23.243+00:00,2026-10-07T04:43:28.969+00:00,2026-10-07T04:43:57.227+00:00,True,459,459.0,,459.0,65725.872517,93984.15219699999,93984.152223,204.7585015751634,41.293616,65725.872517,3065.0563768514403,127.04027249999999,61.69930061135371,26.608094547366168,4.8838021014212165,10,14,100-300:300-600,False,True,,2366,99.94996664442962
418,2026-10-07T04:42:26.544+00:00,2026-10-07T04:43:31.321+00:00,2026-10-07T04:44:07.093+00:00,True,588,588.0,,588.0,64776.908300999996,100548.64154899999,100548.64169199999,171.00109131292515,38.352864000000004,64776.908300999996,2668.969973808756,126.4717125,60.939920354344125,26.203957207026807,5.847915903602259,10,14,100-300:300-600,False,True,,2788,99.94996664442962
420,2026-10-07T04:42:34.774+00:00,2026-10-07T04:43:38.075+00:00,2026-10-07T04:44:03.926+00:00,True,434,434.0,,434.0,63301.347901,89152.108349,89152.108277,205.4196043248848,41.678637,63301.347901,3035.79814169123,124.935941,59.701525284064665,24.910921976505097,4.868084535937596,10,14,100-300:300-600,False,True,,1878,99.94996664442962
421,2026-10-07T04:42:37.836+00:00,2026-10-07T04:43:40.567+00:00,2026-10-07T04:44:03.443+00:00,True,384,384.0,,384.0,62730.996467,85606.47729899999,85606.477218,222.93353442187498,41.433597999999996,62730.996467,3198.276573523488,124.44900095000001,59.727104,24.90952919999477,4.485641882667279,10,14,100-300:300-600,False,True,,2072,99.94996664442962
422,2026-10-07T04:42:41.159+00:00,2026-10-07T04:43:44.523+00:00,2026-10-07T04:44:53.805+00:00,True,1149,1149.0,,1149.0,63364.272353,132646.363873,132646.363728,115.44505111227154,41.946044,63364.272353,1867.7127126022883,125.2908014,60.350253937282226,25.190741278425392,8.662129638925427,10,14,1-100:1000-1500,False,True,,1807,99.94996664442962
423,2026-10-07T04:42:44.776+00:00,2026-10-07T04:43:47.627+00:00,2026-10-07T04:44:12.128+00:00,True,406,406.0,,406.0,62850.714044,87351.518908,87351.518904,215.15152439408868,40.011441,62850.714044,3116.3291925821445,125.45699,60.495814479012346,25.366293967775544,4.6478871240648445,10,14,100-300:300-600,False,True,,1997,99.94996664442962
424,2026-10-07T04:42:49.352+00:00,2026-10-07T04:43:53.331+00:00,2026-10-07T04:44:20.375+00:00,True,448,448.0,,448.0,63979.120853,91022.781141,91022.780906,203.17585023660715,37.656329,63979.120853,3019.9761906249423,124.78109629999999,60.50035858612976,25.238427024592276,4.921844777583975,10,14,100-300:300-600,False,True,,1628,99.94996664442962
425,2026-10-07T04:42:53.473+00:00,2026-10-07T04:43:57.747+00:00,2026-10-07T04:44:29.161+00:00,True,527,527.0,,527.0,64274.031901,95688.462877,95688.462701,181.5720354857685,42.144396,64274.031901,2797.3242122021675,123.51965369999999,59.72325280608365,24.259142563012936,5.50745601042225,10,14,100-300:300-600,False,True,,1183,99.94996664442962
426,2026-10-07T04:42:57.143+00:00,2026-10-07T04:44:00.931+00:00,2026-10-07T04:44:29.832+00:00,True,484,484.0,,484.0,63788.766261,92689.242165,92689.242156,191.50669866942147,37.922083,63788.766261,2896.875768179142,124.52317199999999,59.83535383850931,24.828491928074808,5.2217494575952115,10,14,100-300:300-600,False,True,,1941,99.94996664442962
427,2026-10-07T04:43:00.250+00:00,2026-10-07T04:44:04.415+00:00,2026-10-07T04:44:39.570+00:00,True,580,580.0,,580.0,64165.318127,99319.87633500001,99319.876387,171.24116618448275,40.399757,64165.318127,2661.919896778993,126.16237975,60.71598999654577,25.42072141041422,5.839717299321786,10,14,100-300:300-600,False,True,,2723,99.94996664442962
428,2026-10-07T04:43:03.925+00:00,2026-10-07T04:44:08.298+00:00,2026-10-07T04:45:18.774+00:00,True,1163,1163.0,,1163.0,64373.166824,134849.069288,134849.069232,115.94932866036113,19.424782,64373.166824,1886.016281270512,126.0686739,60.65051847160069,25.540942523250486,8.62445700323045,10,14,1-100:1000-1500,False,True,,2715,99.94996664442962
429,2026-10-07T04:43:08.449+00:00,2026-10-07T04:44:11.598+00:00,2026-10-07T04:45:40.786+00:00,True,1475,1475.0,,1475.0,63148.84869,152336.59422600002,152336.594192,103.27904690983051,0.011581,63148.84869,1646.0623741631946,127.1855506,60.50729005156038,105.49734627180362,9.682506081314601,10,14,1-100:1000-1500,False,True,,4439,99.94996664442962
430,2026-10-07T04:43:11.118+00:00,2026-10-07T04:44:14.123+00:00,2026-10-07T04:44:40.276+00:00,True,431,431.0,,431.0,63005.482015,89157.839391,89157.839334,206.8627362737819,41.866576,63005.482015,3032.0485889669226,128.283951,60.819435758139534,25.960197296607742,4.834123425870133,10,14,100-300:300-600,False,True,,2509,99.94996664442962
431,2026-10-07T04:43:14.785+00:00,2026-10-07T04:44:16.805+00:00,2026-10-07T04:44:42.447+00:00,True,424,424.0,,424.0,62020.349563,87662.432379,87662.432483,206.75102000707548,43.134541,62020.349563,3009.1373644096325,127.37936665,60.619581125295504,25.391393965562326,4.836735514785595,10,14,100-300:300-600,False,True,,2018,99.94996664442962
432,2026-10-07T04:43:18.686+00:00,2026-10-07T04:44:21.305+00:00,2026-10-07T04:44:50.318+00:00,True,485,485.0,,485.0,62618.438107,91631.912411,91631.912353,188.93177804742268,43.743683,62618.438107,2840.741298171164,129.496361,59.945194842975205,24.619438854293634,5.292915832909954,10,14,100-300:300-600,False,True,,2044,99.94996664442962
433,2026-10-07T04:43:23.037+00:00,2026-10-07T04:44:27.408+00:00,2026-10-07T04:44:58.003+00:00,True,499,499.0,,499.0,64371.206129,94965.801969,94965.802022,190.312228501002,43.338493,64371.206129,2879.023471374783,131.55119499999998,61.43493140562249,26.609934865487915,5.254523098355872,10,14,100-300:300-600,False,True,,2336,99.94996664442962
434,2026-10-07T04:43:27.945+00:00,2026-10-07T04:44:31.841+00:00,2026-10-07T04:44:55.638+00:00,True,390,390.0,,390.0,63896.572549000004,87693.401733,87693.401855,224.85487655128208,43.090498,63896.572549000004,3232.5342028084815,129.86454585,61.17436808226221,25.858823844064226,4.4473129368094595,10,14,100-300:300-600,False,True,,1547,99.94996664442962
435,2026-10-07T04:43:31.118+00:00,2026-10-07T04:44:34.888+00:00,2026-10-07T04:45:06.779+00:00,True,517,517.0,,517.0,63770.509931,95660.649323,95660.649324,185.03026948549322,23.621606,63770.509931,2802.0296638313357,127.71388460000001,61.802595720930235,26.377679265811693,5.404521123982127,10,14,100-300:300-600,False,True,,2147,99.94996664442962
436,2026-10-07T04:43:34.778+00:00,2026-10-07T04:44:38.043+00:00,2026-10-07T04:44:57.297+00:00,True,317,317.0,,317.0,63265.184456,82518.854856,82518.85486,260.31184498422715,42.909059,63265.184456,3549.998811701373,128.75292980000003,60.92933670886076,25.899183228876826,3.841546281188495,10,14,100-300:300-600,False,True,,1564,99.94996664442962
437,2026-10-07T04:43:39.443+00:00,2026-10-07T04:44:42.395+00:00,2026-10-07T04:45:05.896+00:00,True,386,386.0,,386.0,62951.835628,86452.796908,86452.79687,223.97097634715027,26.051188999999997,62951.835628,3201.159529807381,126.0798055,61.04145787012987,25.63641496056654,4.464864224239818,10,14,100-300:300-600,False,True,,1816,99.94996664442962
438,2026-10-07T04:43:43.125+00:00,2026-10-07T04:44:45.445+00:00,2026-10-07T04:46:00.091+00:00,True,1233,1233.0,,1233.0,62320.650356,136966.66482,136966.664995,111.0840754217356,0.011362,62320.650356,1776.7929913491168,125.76054180000001,60.58929745454545,114.87425464778715,9.002190435317925,10,14,1-100:1000-1500,False,True,,4315,99.94996664442962
439,2026-10-07T04:43:45.795+00:00,2026-10-07T04:44:48.516+00:00,2026-10-07T04:45:15.625+00:00,True,446,446.0,,446.0,62721.211842,89829.920962,89829.920952,201.4123788161435,21.486645,62721.211842,2967.161360107363,126.26212100000001,60.91844746067416,25.63305416824056,4.964938132236225,10,14,100-300:300-600,False,True,,1972,99.94996664442962
440,2026-10-07T04:43:48.742+00:00,2026-10-07T04:44:51.866+00:00,2026-10-07T04:45:19.655+00:00,True,453,453.0,,453.0,63124.183607,90913.262903,90913.262984,200.6915297660044,22.512017,63124.183607,2963.0607587057198,126.96525519999999,61.48026392920354,26.302896682358377,4.982771330991924,10,14,100-300:300-600,False,True,,2138,99.94996664442962
441,2026-10-07T04:43:52.531+00:00,2026-10-07T04:44:55.810+00:00,2026-10-07T04:45:15.128+00:00,True,318,318.0,,318.0,63278.919758000004,82597.29159800001,82597.291775,259.73991124213836,21.071988,63278.919758000004,3545.180442805549,125.60306220000001,60.941236088328075,25.61447068449429,3.850005173870616,10,14,100-300:300-600,False,True,,1510,99.94996664442962
442,2026-10-07T04:43:55.836+00:00,2026-10-07T04:44:58.235+00:00,2026-10-07T04:45:24.102+00:00,True,431,431.0,,431.0,62399.140487000004,88265.745031,88265.745209,204.79291231786544,21.605718,62399.140487000004,3002.861214991442,123.98693250000001,60.15489428837209,24.28067529712484,4.882981499205922,10,14,100-300:300-600,False,True,,1794,99.94996664442962
443,2026-10-07T04:44:00.580+00:00,2026-10-07T04:45:01.870+00:00,2026-10-07T04:45:40.086+00:00,True,598,598.0,,598.0,61289.886201,99505.765881,99505.765941,166.39760190802676,0.013545,61289.886201,2508.7901546798703,126.10562965,64.01319879396985,159.67558149692417,6.0097019977229715,10,14,100-300:300-600,False,True,,3004,99.94996664442962
444,2026-10-07T04:44:03.850+00:00,2026-10-07T04:45:05.044+00:00,2026-10-07T04:45:29.898+00:00,True,412,412.0,,412.0,61193.89400199999,86047.84216199999,86047.84198099999,208.85398539077667,41.830237000000004,61193.89400199999,3011.931363054726,126.49894675,60.471893333333334,25.03930824731338,4.788034070910675,10,14,100-300:300-600,False,True,,1906,99.94996664442962
445,2026-10-07T04:44:07.833+00:00,2026-10-07T04:45:10.311+00:00,2026-10-07T04:45:32.306+00:00,True,360,360.0,,360.0,62477.419511,84472.720631,84472.720468,234.64644574444443,41.883126,62477.419511,3289.716458928695,127.60200429999999,61.26824824512535,25.225464152345708,4.261730855959745,10,14,100-300:300-600,False,True,,1743,99.94996664442962
446,2026-10-07T04:44:11.085+00:00,2026-10-07T04:45:13.659+00:00,2026-10-07T04:45:40.084+00:00,True,377,377.0,,377.0,62574.651318000004,88999.049142,88999.049136,236.07174837135278,0.012904,62574.651318000004,3225.3060350913274,127.9960126,70.27765378723404,199.62204937024975,4.236000312750398,10,14,100-300:300-600,False,True,,1625,99.94996664442962
447,2026-10-07T04:44:14.382+00:00,2026-10-07T04:45:16.013+00:00,2026-10-07T04:45:46.617+00:00,True,511,511.0,,511.0,61631.158667,92235.348619,92235.34857300001,180.49970366536203,0.011221,61631.158667,2729.316331943015,126.9925945,60.008215592156866,174.43553807139864,5.540175297767961,10,14,100-300:300-600,False,True,,2613,99.94996664442962
448,2026-10-07T04:44:18.849+00:00,2026-10-07T04:45:21.079+00:00,2026-10-07T04:46:23.363+00:00,True,1024,1024.0,,1024.0,62230.097035,124514.697611,124514.697397,121.59638417675781,0.011372,62230.097035,1946.684485607699,127.83269655,60.88426253763441,123.16856520202064,8.223928738108558,10,14,1-100:1000-1500,False,True,,4096,99.94996664442962
449,2026-10-07T04:44:21.521+00:00,2026-10-07T04:45:24.265+00:00,2026-10-07T04:45:49.784+00:00,True,423,423.0,,423.0,62743.704911,88262.79431900001,88262.794235,208.65908802600472,0.011612,62743.704911,3054.150940100439,124.46089819999999,60.47177584834123,197.66308634181124,4.792506324592336,10,14,100-300:300-600,False,True,,2068,99.94996664442962
450,2026-10-07T04:44:24.359+00:00,2026-10-07T04:45:26.057+00:00,2026-10-07T04:46:43.120+00:00,True,1266,1266.0,,1266.0,61698.392497,138760.934833,138760.93479,109.60579367298578,0.011250999999999999,61698.392497,1735.9528761340732,126.937378,60.919005799209486,112.30208598710001,9.123605296574588,10,14,1-100:1000-1500,False,True,,4055,99.94996664442962
451,2026-10-07T04:44:28.794+00:00,2026-10-07T04:45:30.074+00:00,2026-10-07T04:45:52.315+00:00,True,370,370.0,,370.0,61279.495611,83520.78687499999,83520.786874,225.7318564162162,0.01082,61279.495611,3189.1800490081505,126.2267864,60.274502070460706,204.48065528229085,4.430034891239164,10,14,100-300:300-600,False,True,,852,99.94996664442962
452,2026-10-07T04:44:33.252+00:00,2026-10-07T04:45:34.331+00:00,2026-10-07T04:46:40.801+00:00,True,1093,1093.0,,1093.0,61079.070948,127549.74410000001,127549.744154,116.69692969258921,0.011061,61079.070948,1849.5140733096616,127.3069878,60.870579809523804,119.54912937874671,8.569205745666407,10,14,1-100:1000-1500,False,True,,1713,99.94996664442962
453,2026-10-07T04:44:35.909+00:00,2026-10-07T04:45:40.130+00:00,2026-10-07T04:46:05.579+00:00,True,438,438.0,,438.0,64220.819654,89669.732038,89669.732121,204.72541580136985,0.011982,64220.819654,3065.9330024339624,127.7693288,58.23549744622426,27.84325820843911,4.884591378218745,10,14,100-300:300-600,False,True,,1942,99.94996664442962
454,2026-10-07T04:44:40.158+00:00,2026-10-07T04:45:42.336+00:00,2026-10-07T04:46:07.874+00:00,True,418,418.0,,418.0,62178.87304,87716.090832,87716.090885,209.84710738038277,42.600951,62178.87304,3038.3840266868015,127.6580306,61.24033043645084,26.037255193691678,4.765374243598964,10,14,100-300:300-600,False,True,,1416,99.94996664442962
455,2026-10-07T04:44:43.980+00:00,2026-10-07T04:45:45.876+00:00,2026-10-07T04:46:15.349+00:00,True,484,484.0,,484.0,61896.31886,91369.076876,91369.076945,188.77908459710744,43.834914,61896.31886,2810.8148834148715,127.4324661,61.02020293167702,25.944316537195345,5.297197000872105,10,14,100-300:300-600,False,True,,2352,99.94996664442962
456,2026-10-07T04:44:48.376+00:00,2026-10-07T04:45:50.012+00:00,2026-10-07T04:46:21.090+00:00,True,512,512.0,,512.0,61635.980297,92713.392137,92713.392159,181.08084406054687,41.834185,61635.980297,2721.386261100567,128.8462538,60.81685291585127,25.87632350712309,5.522395289382055,10,14,100-300:300-600,False,True,,2324,99.94996664442962
457,2026-10-07T04:44:52.567+00:00,2026-10-07T04:45:54.272+00:00,2026-10-07T04:46:27.868+00:00,True,551,551.0,,551.0,61705.321278999996,95301.216319,95301.21613,172.96046484573503,43.281888,61705.321278999996,2626.2581069667353,127.42778150000002,61.08344552727272,25.675569001625377,5.781668076046877,10,14,100-300:300-600,False,True,,1539,99.94996664442962
458,2026-10-07T04:44:55.665+00:00,2026-10-07T04:45:57.827+00:00,2026-10-07T04:47:18.244+00:00,True,1430,1430.0,,1430.0,62162.718659,142579.861699,142579.861596,99.70619692027972,35.58256,62162.718659,1642.5183551921978,118.38073974999999,56.27511759272218,22.738257653005153,10.02946687533524,10,14,1-100:1000-1500,False,True,,5394,99.94996664442962
459,2026-10-07T04:45:00.450+00:00,2026-10-07T04:46:02.138+00:00,2026-10-07T04:46:25.990+00:00,True,396,396.0,,396.0,61688.107666,85540.112274,85540.112337,216.01038468939396,42.636146999999994,61688.107666,3097.0114606604084,125.90258549999999,60.38482179240506,25.15037548950957,4.6294070638058376,10,14,100-300:300-600,True,True,,1793,99.94996664442962
460,2026-10-07T04:45:03.807+00:00,2026-10-07T04:46:06.347+00:00,2026-10-07T04:46:36.060+00:00,True,492,492.0,,492.0,62540.349818,92253.48057,92253.480538,187.50707426422764,42.898128,62540.349818,2816.9189870849623,125.81864205,60.515541246435845,24.978172439983922,5.333132115559377,10,14,100-300:300-600,True,True,,2148,99.94996664442962
461,2026-10-07T04:45:08.594+00:00,2026-10-07T04:46:11.233+00:00,2026-10-07T04:46:35.366+00:00,True,403,403.0,,403.0,62638.931575,86771.678839,86771.67875,215.3143393300248,41.620093999999995,62638.931575,3117.3723265302115,126.9778413,60.0317096119403,24.403974205227147,4.644372511770159,10,14,100-300:300-600,True,True,,1164,99.94996664442962
462,2026-10-07T04:45:13.028+00:00,2026-10-07T04:46:15.939+00:00,2026-10-07T04:46:43.370+00:00,True,448,448.0,,448.0,62911.085552000004,90341.788144,90341.788338,201.65577754017858,42.607184000000004,62911.085552000004,2969.477203379356,128.3956783,61.36622503803132,25.245106114793153,4.958945458173927,10,14,100-300:300-600,True,True,,2325,99.94996664442962
463,2026-10-07T04:45:16.132+00:00,2026-10-07T04:46:19.729+00:00,2026-10-07T04:47:27.371+00:00,True,1315,1315.0,,1315.0,63596.645078,131239.111894,131239.111691,99.8016058486692,0.013516,63596.645078,1752.4924458397013,109.6611223,51.478285248097414,22.730780719207623,10.019878838117307,10,14,1-100:1000-1500,True,True,,6387,99.94996664442962
464,2026-10-07T04:45:19.353+00:00,2026-10-07T04:46:22.810+00:00,2026-10-07T04:46:53.567+00:00,True,502,502.0,,502.0,63456.298183,94213.458119,94213.458281,187.67621171513943,43.94996,63456.298183,2829.5695861525446,128.4510816,61.391536798403195,25.694429292292508,5.3283258042171555,10,14,100-300:300-600,True,True,,1175,99.94996664442962
465,2026-10-07T04:45:23.045+00:00,2026-10-07T04:46:25.891+00:00,2026-10-07T04:47:27.073+00:00,True,1209,1209.0,,1209.0,62845.636302,124027.827918,124027.828105,102.58712002067824,0.012874,62845.636302,1806.1115939390081,108.8168614,50.647509615894045,22.18679237204468,9.74781240867429,10,14,1-100:1000-1500,True,True,,1614,99.94996664442962
466,2026-10-07T04:45:26.534+00:00,2026-10-07T04:46:29.376+00:00,2026-10-07T04:46:49.107+00:00,True,321,321.0,,321.0,62842.805329,82573.468497,82573.468336,257.2382191152648,42.578691,62842.805329,3504.1946349935342,128.416767,61.658322399999996,25.530337914865882,3.8874472132857343,10,14,100-300:300-600,True,True,,1143,99.94996664442962
467,2026-10-07T04:45:29.491+00:00,2026-10-07T04:46:33.594+00:00,2026-10-07T04:47:29.096+00:00,True,1135,1135.0,,1135.0,64102.824806000004,119605.44215,119605.44197500001,105.37924403083701,0.013004,64102.824806000004,1901.4044360426774,102.11912339999999,48.94410700529101,21.205703560850775,9.48953475358228,10,14,1-100:1000-1500,True,True,,1135,99.94996664442962
468,2026-10-07T04:45:33.259+00:00,2026-10-07T04:46:37.059+00:00,2026-10-07T04:47:04.600+00:00,True,480,480.0,,480.0,63800.289037,91341.508109,91341.508118,190.29480857916667,41.090641000000005,63800.289037,2909.5357787965972,125.19414770000002,57.49732582881002,22.743056519401442,5.255004104237085,10,14,100-300:300-600,True,True,,1107,99.94996664442962
469,2026-10-07T04:45:40.065+00:00,2026-10-07T04:46:41.348+00:00,2026-10-07T04:47:08.304+00:00,True,493,493.0,,493.0,61283.642689,88238.75180900001,88238.751985,178.9832697464503,40.658422,61283.642689,2757.685334888407,112.7616046,54.786807154471546,20.54207496911536,5.587114390139367,10,14,100-300:300-600,True,True,,1984,99.94996664442962
470,2026-10-07T04:45:40.900+00:00,2026-10-07T04:46:44.040+00:00,2026-10-07T04:47:03.994+00:00,True,359,359.0,,359.0,63140.754327,83094.141847,83094.141936,231.46000539275767,41.704472,63140.754327,3329.5657530069025,112.96140589999999,55.73571932960894,20.964029315853576,4.320400837173592,10,14,100-300:300-600,True,True,,1428,99.94996664442962
471,2026-10-07T04:45:43.931+00:00,2026-10-07T04:46:46.874+00:00,2026-10-07T04:47:15.869+00:00,True,574,574.0,,574.0,62943.151075,91937.359331,91937.359368,160.16961562369337,38.130514000000005,62943.151075,2625.132463946974,95.94247095,50.60071248865619,15.91039112661448,6.243381408567988,10,14,100-300:300-600,True,True,,2890,99.94996664442962
472,2026-10-07T04:45:47.112+00:00,2026-10-07T04:46:50.318+00:00,2026-10-07T04:47:19.238+00:00,True,599,599.0,,599.0,63206.062726000004,92125.580422,92125.580486,153.79896575292153,34.391477,63206.062726000004,2580.592315972014,53.5305634,48.360397484949836,14.118520193720938,6.501994313155569,10,14,100-300:300-600,True,True,,2732,99.94996664442962
473,2026-10-07T04:45:50.370+00:00,2026-10-07T04:46:54.365+00:00,2026-10-07T04:47:21.389+00:00,True,591,591.0,,591.0,63995.645941,91019.139061,91019.13907,154.00869554991542,35.369783000000005,63995.645941,2630.565794896177,52.4202435,45.80253071186441,10.454191172632527,6.493139861539654,10,14,100-300:300-600,True,True,,2357,99.94996664442962
474,2026-10-07T04:45:53.441+00:00,2026-10-07T04:46:56.738+00:00,2026-10-07T04:47:16.119+00:00,True,417,417.0,,417.0,63296.346323,82678.105299,82678.105486,198.26883809592326,39.240998,63296.346323,3097.3622888209457,50.817489,46.59076676923077,7.236565443156535,5.043656945111968,10,14,100-300:300-600,True,True,,1999,99.94996664442962
0,2026-10-07T04:15:54.277+00:00,2026-10-07T04:15:54.474+00:00,2026-10-07T04:16:54.879+00:00,True,1439,1439.0,,1439.0,196.40687100000002,60601.757014999996,60601.75701,42.11379917303683,0.018785,196.40687100000002,14.071403007371016,72.7940202,42.00650218636996,13.474566119750623,23.745186127917417,11,14,1-100:1000-1500,False,True,,5368,99.94996664442962
1,2026-10-07T04:15:59.744+00:00,2026-10-07T04:15:59.845+00:00,2026-10-07T04:16:17.802+00:00,True,476,476.0,,476.0,101.30508900000001,18058.464001,18058.463994,37.93794956722689,0.018824999999999998,168.315636,11.462284601790323,58.17080425,37.80454507789474,11.098289788882374,26.358830960021912,11,14,100-300:300-600,False,True,,2034,99.94996664442962
2,2026-10-07T04:16:05.502+00:00,2026-10-07T04:16:05.605+00:00,2026-10-07T04:17:10.088+00:00,True,1388,1388.0,,1388.0,103.622492,64585.824604,64585.824768,46.531574040345824,0.019136,167.48164300000002,16.163592423106184,87.19149115,46.490412481614996,16.096487869489437,21.490783906690833,11,14,1-100:1000-1500,False,True,,3072,99.94996664442962
3,2026-10-07T04:16:10.935+00:00,2026-10-07T04:16:11.073+00:00,2026-10-07T04:16:33.771+00:00,True,531,531.0,,531.0,137.96581899999998,22835.163899,22835.163968,43.0040752693032,33.524141,137.96581899999998,11.909250812593914,71.571887,42.824902037735846,11.18120481595481,23.253610192973202,11,14,100-300:300-600,False,True,,1692,99.94996664442962
4,2026-10-07T04:16:14.783+00:00,2026-10-07T04:16:14.887+00:00,2026-10-07T04:16:34.165+00:00,True,445,445.0,,445.0,103.200484,19381.545956,19381.546137,43.55403626292135,33.649186,103.200484,11.640317431877627,71.7461714,43.41969700900901,11.302822651100312,22.959984771609,11,14,100-300:300-600,False,True,,2045,99.94996664442962
5,2026-10-07T04:16:18.492+00:00,2026-10-07T04:16:18.630+00:00,2026-10-07T04:16:40.600+00:00,True,492,492.0,,492.0,137.683932,22108.16662,22108.166545,44.935297855691054,34.67211,137.683932,12.84476322158284,76.7188111,44.746400586558046,12.154548446267956,22.254219830011397,11,14,100-300:300-600,False,True,,2081,99.94996664442962
6,2026-10-07T04:16:24.056+00:00,2026-10-07T04:16:24.249+00:00,2026-10-07T04:16:44.229+00:00,True,438,438.0,,438.0,193.208771,20172.648899,20172.648941,46.056276121004565,36.409945,193.208771,14.543956375311083,78.80749935,45.71954262700229,12.737087535980852,21.712567456706818,11,14,100-300:300-600,False,True,,1781,99.94996664442962
7,2026-10-07T04:16:29.924+00:00,2026-10-07T04:16:30.069+00:00,2026-10-07T04:17:36.424+00:00,True,1263,1263.0,,1263.0,144.780087,66500.043063,66500.043042,52.65244896437055,0.018685,307.09545,21.468753838313702,104.0645592,52.57944768304279,21.319865826900394,18.992468904170096,11,14,1-100:1000-1500,False,True,,1263,99.94996664442962
8,2026-10-07T04:16:34.691+00:00,2026-10-07T04:16:34.790+00:00,2026-10-07T04:17:04.080+00:00,True,583,583.0,,583.0,99.32065,29389.040202,29389.040091,50.410017308747854,34.852278,133.861697,17.96443634112068,94.48533509999999,50.325978611683844,17.864823721414723,19.83732697607203,11,14,100-300:300-600,False,True,,2785,99.94996664442962
9,2026-10-07T04:16:39.858+00:00,2026-10-07T04:16:40.009+00:00,2026-10-07T04:17:04.860+00:00,True,487,487.0,,487.0,151.30354,25002.170228,25002.170278,51.33915868172485,38.602599000000005,151.30354,18.9486251624862,101.22169079999999,51.133470551440325,18.41588047826034,19.478309105127494,11,14,100-300:300-600,False,True,,2484,99.94996664442962
10,2026-10-07T04:16:44.692+00:00,2026-10-07T04:16:44.869+00:00,2026-10-07T04:17:03.895+00:00,True,368,368.0,,368.0,177.487299,19203.514051000002,19203.514114,52.183462266304346,34.620905,177.487299,20.287046773656183,107.41227045000001,51.842034746594,19.22687937680143,19.163159358369455,11,14,100-300:300-600,False,True,,1511,99.94996664442962
11,2026-10-07T04:16:48.760+00:00,2026-10-07T04:16:48.951+00:00,2026-10-07T04:17:09.522+00:00,True,390,390.0,,390.0,191.64351000000002,20762.006646,20762.006812,53.235914902564105,38.553256999999995,191.64351000000002,20.854577769900956,106.28020405,52.880110889460155,19.66048004631524,18.784311490196792,11,14,100-300:300-600,False,True,,1999,99.94996664442962
12,2026-10-07T04:16:52.330+00:00,2026-10-07T04:16:52.518+00:00,2026-10-07T04:17:11.028+00:00,True,348,348.0,,348.0,188.109816,18698.409208,18698.40901,53.73106037356322,38.089699,188.109816,20.888686096440072,104.50450719999999,53.34380228242075,19.627995360861203,18.611208907071642,11,14,100-300:300-600,False,True,,1530,99.94996664442962
13,2026-10-07T04:16:58.370+00:00,2026-10-07T04:16:58.650+00:00,2026-10-07T04:17:17.247+00:00,True,340,340.0,,340.0,279.761309,18876.954013000002,18876.95394,55.52045276470588,40.247929,279.761309,23.47549371105001,103.4467571,54.8589755280236,20.087845360964707,18.01138042535104,11,14,100-300:300-600,False,True,,1726,99.94996664442962
14,2026-10-07T04:17:03.099+00:00,2026-10-07T04:17:03.300+00:00,2026-10-07T04:17:23.654+00:00,True,375,375.0,,375.0,201.813752,20555.975928,20555.975862,54.815935632,0.018435,353.478463,27.37312640893059,103.63638590000001,54.422893518716585,26.32889135369708,18.242870166490107,11,14,100-300:300-600,False,True,,1836,99.94996664442962
15,2026-10-07T04:17:07.230+00:00,2026-10-07T04:17:07.435+00:00,2026-10-07T04:17:25.857+00:00,True,338,338.0,,338.0,205.218209,18626.329249,18626.329265,55.10748303254438,0.017973,358.286901,28.679297958697525,107.41438989999999,54.66205056379822,27.526128145037184,18.14635591809623,11,14,100-300:300-600,False,True,,1709,99.94996664442962
16,2026-10-07T04:17:11.468+00:00,2026-10-07T04:17:11.651+00:00,2026-10-07T04:17:36.594+00:00,True,441,441.0,,441.0,183.14415599999998,25126.105308,25126.105325,56.97529552154195,0.019787,297.910553,27.530618140263247,121.474568,56.68854807272727,26.894575735139394,17.551466675561066,11,14,100-300:300-600,False,True,,2222,99.94996664442962
17,2026-10-07T04:17:15.914+00:00,2026-10-07T04:17:16.087+00:00,2026-10-07T04:18:22.271+00:00,True,1118,1118.0,,1118.0,173.29726399999998,66357.00491199999,66357.004953,59.353313911449014,0.018886,298.227506,25.978919100710254,121.74672335,59.25130496687556,25.765577146705798,16.848258921309768,11,14,1-100:1000-1500,False,True,,1497,99.94996664442962
18,2026-10-07T04:17:21.165+00:00,2026-10-07T04:17:21.348+00:00,2026-10-07T04:18:47.968+00:00,True,1446,1446.0,,1446.0,182.826886,86802.888326,86802.888234,60.02965991286307,0.017814,431.464815,27.170312407376862,125.16179775,59.944679197231835,26.98679776346305,16.658431855047855,11,14,1-100:1000-1500,False,True,,1449,99.94996664442962
19,2026-10-07T04:17:25.860+00:00,2026-10-07T04:17:25.999+00:00,2026-10-07T04:17:44.366+00:00,True,306,306.0,,306.0,138.701332,18505.994516,18505.994434,60.47710599346405,41.970499000000004,141.905795,25.729091234226782,125.85028700000001,60.22063339016393,25.376548539881032,16.535182680154644,11,14,100-300:300-600,False,True,,1339,99.94996664442962
20,2026-10-07T04:17:32.044+00:00,2026-10-07T04:17:32.238+00:00,2026-10-07T04:18:42.967+00:00,True,1167,1167.0,,1167.0,194.605764,70922.97901200001,70922.978854,60.77376080034276,0.018143999999999997,428.320033,27.734732660626882,125.0328427,60.65898220240137,27.467952753729133,16.454469570469485,11,14,1-100:1000-1500,False,True,,2333,99.94996664442962
21,2026-10-07T04:17:35.734+00:00,2026-10-07T04:17:36.166+00:00,2026-10-07T04:18:42.243+00:00,True,1093,1093.0,,1093.0,431.641213,66509.010557,66509.010599,60.84996395150961,0.018906,431.641213,29.235975581193337,125.783593,60.51041148717949,27.007252419995122,16.433863484756998,11,14,1-100:1000-1500,False,True,,4372,99.94996664442962
22,2026-10-07T04:17:40.230+00:00,2026-10-07T04:17:40.406+00:00,2026-10-07T04:18:02.153+00:00,True,364,364.0,,364.0,176.306321,21923.143825,21923.143748,60.22841689010989,41.869595999999994,176.306321,24.632708807215465,115.74445539999999,59.908643261707994,23.898167218999845,16.603458103710178,11,14,100-300:300-600,False,True,,1385,99.94996664442962
23,2026-10-07T04:17:44.784+00:00,2026-10-07T04:17:44.945+00:00,2026-10-07T04:18:11.419+00:00,True,440,440.0,,440.0,161.148355,26634.934467000003,26634.934401,60.533941820454544,42.161405,161.148355,24.765671547426415,116.5843218,60.304751963553535,24.322280750334805,16.519657690359576,11,14,100-300:300-600,False,True,,1698,99.94996664442962
24,2026-10-07T04:17:49.081+00:00,2026-10-07T04:17:49.279+00:00,2026-10-07T04:19:04.531+00:00,True,1236,1236.0,,1236.0,198.10036,75450.268296,75450.268199,61.04390630987055,0.020017,372.406655,27.962471374979415,127.74485725000001,60.93292950283401,27.70015455567573,16.381651489309903,11,14,1-100:1000-1500,False,True,,4432,99.94996664442962
25,2026-10-07T04:17:53.194+00:00,2026-10-07T04:17:53.416+00:00,2026-10-07T04:18:21.831+00:00,True,472,472.0,,472.0,222.027565,28636.995117,28636.995018,60.67159961440678,38.635019,222.027565,25.66804078467965,125.6376956,60.32901815711252,24.591411043757244,16.48217622245579,11,14,100-300:300-600,False,True,,2043,99.94996664442962
26,2026-10-07T04:17:57.534+00:00,2026-10-07T04:17:58.829+00:00,2026-10-07T04:18:25.878+00:00,True,447,447.0,,447.0,1294.7726559999999,28343.909040000002,28343.909052,63.409192510067115,0.019747,1294.7726559999999,65.49702471530536,125.80470490000002,60.64828785650224,29.741277845415883,15.770584056319704,11,14,100-300:300-600,False,True,,2152,99.94996664442962
27,2026-10-07T04:18:01.506+00:00,2026-10-07T04:18:01.702+00:00,2026-10-07T04:18:20.622+00:00,True,315,315.0,,315.0,196.219777,19116.021632999997,19116.021787,60.68578345079365,42.756099,196.219777,25.863298412976977,125.0329458,60.25414603821656,24.74209628951077,16.478324101507365,11,14,100-300:300-600,False,True,,1459,99.94996664442962
28,2026-10-07T04:18:07.318+00:00,2026-10-07T04:18:07.600+00:00,2026-10-07T04:18:41.495+00:00,True,563,563.0,,563.0,281.739819,34176.533803000006,34176.533625,60.70432260213144,0.019907,394.84387,30.57637518296095,127.0395153,60.31102132384342,29.143401421957986,16.47329138891727,11,14,100-300:300-600,False,True,,1490,99.94996664442962
29,2026-10-07T04:18:11.560+00:00,2026-10-07T04:18:11.745+00:00,2026-10-07T04:19:42.233+00:00,True,1493,1493.0,,1493.0,185.58884,90673.281128,90673.281103,60.73227133489618,0.017813,547.7749399999999,30.252990625650117,127.9457534,60.64858732439678,30.08978579914995,16.465710531555477,11,14,1-100:1000-1500,False,True,,1493,99.94996664442962
30,2026-10-07T04:18:16.980+00:00,2026-10-07T04:18:17.185+00:00,2026-10-07T04:18:37.726+00:00,True,342,342.0,,342.0,205.09595499999998,20746.271251000002,20746.271408,60.661612304093566,0.019156,379.479685,31.880054035465328,128.00177599999998,60.238050721407625,30.948176426136275,16.484890024925082,11,14,100-300:300-600,False,True,,1855,99.94996664442962
31,2026-10-07T04:18:21.129+00:00,2026-10-07T04:18:22.445+00:00,2026-10-07T04:18:47.657+00:00,True,418,418.0,,418.0,1315.8377790000002,26527.548499,26527.548629,63.46303499760766,0.018424,1315.8377790000002,68.39702265881472,127.48124474999999,60.459737937649884,30.167245090844915,15.757204251865081,11,14,100-300:300-600,False,True,,1994,99.94996664442962
32,2026-10-07T04:18:26.886+00:00,2026-10-07T04:18:28.526+00:00,2026-10-07T04:18:59.799+00:00,True,509,509.0,,509.0,1639.709047,32913.067895,32913.067806,64.66221572888016,36.770987999999996,1639.709047,74.59927242631227,127.5418396,61.56173001574803,25.949060154368574,15.464981922190393,11,14,100-300:300-600,False,True,,2281,99.94996664442962
33,2026-10-07T04:18:31.584+00:00,2026-10-07T04:18:33.485+00:00,2026-10-07T04:19:09.325+00:00,True,586,586.0,,586.0,1900.96564,37740.979208000004,37740.979379,64.40440167064847,36.808758999999995,1900.96564,80.26518068806088,128.39085475,61.26498045811966,25.846585633100048,15.526889134762692,11,14,100-300:300-600,False,True,,2411,99.94996664442962
34,2026-10-07T04:18:37.387+00:00,2026-10-07T04:18:39.130+00:00,2026-10-07T04:20:02.249+00:00,True,1367,1367.0,,1367.0,1742.379433,84862.21456899999,84862.214443,62.079161991953185,0.018224,1742.379433,54.26870646538225,128.6390887,60.84907403806735,29.619323113974815,16.108464844368587,11,14,1-100:1000-1500,False,True,,5252,99.94996664442962
35,2026-10-07T04:18:43.094+00:00,2026-10-07T04:18:44.825+00:00,2026-10-07T04:19:20.189+00:00,True,583,583.0,,583.0,1731.3356489999999,37095.573473000004,37095.573328,63.62877071698113,35.467014999999996,1731.3356489999999,73.76427379004828,127.87608350000001,60.763295230240544,25.599013946291848,15.716160862813897,11,14,100-300:300-600,False,True,,2623,99.94996664442962
36,2026-10-07T04:18:47.708+00:00,2026-10-07T04:18:49.714+00:00,2026-10-07T04:19:14.286+00:00,True,408,408.0,,408.0,2006.379361,26578.567264999998,26578.567397,65.14354754166666,42.273947,2006.379361,99.52829388368009,129.52921325,60.37392605405405,25.014198292406437,15.350714578858247,11,14,100-300:300-600,False,True,,1902,99.94996664442962
37,2026-10-07T04:18:53.228+00:00,2026-10-07T04:18:56.695+00:00,2026-10-07T04:19:28.676+00:00,True,526,526.0,,526.0,3466.751164,35447.983292,35447.983351,67.39160332889733,0.017843,3466.751164,152.396325700583,129.88800849999998,60.9166326247619,34.26658196812641,14.838643870572723,11,14,100-300:300-600,False,True,,2306,99.94996664442962
38,2026-10-07T04:18:57.285+00:00,2026-10-07T04:19:00.938+00:00,2026-10-07T04:19:26.707+00:00,True,427,427.0,,427.0,3652.969162,29422.63777,29422.63767,68.90547463700234,0.017563,3652.969162,177.51224355068993,128.8247925,60.49217983098592,35.9034036640424,14.512634908464225,11,14,100-300:300-600,False,True,,855,99.94996664442962
39,2026-10-07T04:19:02.377+00:00,2026-10-07T04:19:06.337+00:00,2026-10-07T04:19:39.225+00:00,True,546,546.0,,546.0,3960.559145,36848.602665,36848.602674,67.48828328571429,0.018553999999999998,3960.559145,170.22009770916543,126.16633575,60.345033981651376,33.41749601617922,14.817386834551762,11,14,100-300:300-600,False,True,,2620,99.94996664442962
40,2026-10-07T04:19:06.620+00:00,2026-10-07T04:19:12.093+00:00,2026-10-07T04:20:16.118+00:00,True,1048,1048.0,,1048.0,5472.858641,69497.339921,69497.339818,66.31425555152671,0.017844000000000002,5472.858641,170.01190995280857,128.94459769999997,61.150411919770775,30.979843980228523,15.07971385942681,11,14,1-100:1000-1500,False,True,,1324,99.94996664442962
41,2026-10-07T04:19:10.791+00:00,2026-10-07T04:19:16.575+00:00,2026-10-07T04:19:44.049+00:00,True,457,457.0,,457.0,5784.631230999999,33258.240959,33258.240888,72.7751441750547,0.017573000000000002,5784.631230999999,270.09945938437363,127.38076099999998,60.24914414035088,35.39568046333728,13.740955228611732,11,14,100-300:300-600,False,True,,2114,99.94996664442962
42,2026-10-07T04:19:16.952+00:00,2026-10-07T04:19:21.792+00:00,2026-10-07T04:19:51.120+00:00,True,493,493.0,,493.0,4839.644985,34168.152377,34168.152377,69.30659711359026,0.017914000000000003,4839.644985,217.9895889599675,126.2527958,59.61078738211382,34.28626689198666,14.42864087470702,11,14,100-300:300-600,False,True,,1996,99.94996664442962
43,2026-10-07T04:19:22.451+00:00,2026-10-07T04:19:27.578+00:00,2026-10-07T04:19:59.733+00:00,True,531,531.0,,531.0,5127.497139,37281.813427,37281.81355,70.21057165725047,39.671595,5127.497139,221.34556390650312,128.32612400000002,60.668521298113205,25.439082557313156,14.242869409765419,11,14,100-300:300-600,False,True,,2099,99.94996664442962
44,2026-10-07T04:19:26.500+00:00,2026-10-07T04:19:31.637+00:00,2026-10-07T04:19:52.872+00:00,True,358,358.0,,358.0,5137.031814,26372.399493999998,26372.399352,73.66591997765363,43.434735,5137.031814,269.39937014856355,124.79184939999999,59.48282263305322,23.71122252783523,13.574798155224702,11,14,100-300:300-600,False,True,,1377,99.94996664442962
45,2026-10-07T04:19:32.312+00:00,2026-10-07T04:19:37.627+00:00,2026-10-07T04:19:58.738+00:00,True,351,351.0,,351.0,5314.69661,26426.13597,26426.13608,75.28813698005698,43.530714999999994,5314.69661,281.5893220927496,129.25712600000003,60.31839817142857,25.25272976123904,13.282305078520338,11,14,100-300:300-600,False,True,,1761,99.94996664442962
46,2026-10-07T04:19:36.309+00:00,2026-10-07T04:19:42.408+00:00,2026-10-07T04:20:10.190+00:00,True,454,454.0,,454.0,6098.952665,33880.446681,33880.446716,74.62653461674009,44.087337,6098.952665,284.5759860127475,130.8620209,61.3278013598234,26.310790736517944,13.400059458324707,11,14,100-300:300-600,False,True,,2272,99.94996664442962
47,2026-10-07T04:19:41.984+00:00,2026-10-07T04:19:49.521+00:00,2026-10-07T04:20:11.005+00:00,True,346,346.0,,346.0,7537.010088999999,29020.882089,29020.882111,83.87538182369941,43.562155,7537.010088999999,402.7455549103816,130.508235,62.272092753623184,26.965989680197936,11.92244946031971,11,14,100-300:300-600,False,True,,1730,99.94996664442962
48,2026-10-07T04:19:45.509+00:00,2026-10-07T04:19:53.041+00:00,2026-10-07T04:20:21.006+00:00,True,454,454.0,,454.0,7532.010440999999,35497.781961,35497.781772,78.18894663436123,41.681649,7532.010440999999,351.5817638985049,128.03166715,61.734594966887414,26.319514360626854,12.789531483933045,11,14,100-300:300-600,False,True,,2070,99.94996664442962
49,2026-10-07T04:19:48.995+00:00,2026-10-07T04:19:56.285+00:00,2026-10-07T04:20:29.075+00:00,True,526,526.0,,526.0,7290.7049210000005,40080.387865,40080.387852,76.19845599239544,0.028082999999999997,7290.7049210000005,317.51396339029674,130.55706175,62.456538940952385,38.57409692565158,13.12362549413667,11,14,100-300:300-600,False,True,,1226,99.94996664442962
50,2026-10-07T04:19:54.424+00:00,2026-10-07T04:20:02.147+00:00,2026-10-07T04:20:27.528+00:00,True,416,416.0,,416.0,7722.736496,33104.120688,33104.120859,79.57721360336538,42.093202,7722.736496,376.5345245213507,130.32783025,61.159961908433736,25.974857302237826,12.566411412063179,11,14,100-300:300-600,False,True,,1647,99.94996664442962
51,2026-10-07T04:19:58.618+00:00,2026-10-07T04:20:08.101+00:00,2026-10-07T04:20:30.721+00:00,True,369,369.0,,369.0,9483.500900000001,32103.418980000002,32103.419063,87.00113567208672,0.018225,9483.500900000001,492.31958641756194,129.30344720000002,61.46716869565217,42.44496261952906,11.494102862685187,11,14,100-300:300-600,False,True,,1692,99.94996664442962
52,2026-10-07T04:20:03.298+00:00,2026-10-07T04:20:12.600+00:00,2026-10-07T04:20:32.309+00:00,True,322,322.0,,322.0,9302.937655,29011.225911,29011.225952,90.09697500621118,0.018154,9302.937655,517.0549747200857,131.441912,61.39653662305296,46.00172772308362,11.099151789994139,11,14,100-300:300-600,False,True,,1543,99.94996664442962
53,2026-10-07T04:20:07.531+00:00,2026-10-07T04:20:16.911+00:00,2026-10-07T04:20:42.142+00:00,True,407,407.0,,407.0,9380.112912,34611.071248,34611.071098,85.03948672727273,0.019076,9380.112912,463.9769265456952,130.8266701,62.14521757635468,44.17386434382221,11.759243078138429,11,14,100-300:300-600,False,True,,1593,99.94996664442962
54,2026-10-07T04:20:13.443+00:00,2026-10-07T04:20:25.305+00:00,2026-10-07T04:20:47.413+00:00,True,351,351.0,,351.0,11862.793397,33970.651573,33970.651562,96.78248308262108,0.018664999999999998,11862.793397,631.418275624622,131.663489,63.165309074285716,44.99636306283907,10.332448267756396,11,14,100-300:300-600,False,True,,1336,99.94996664442962
55,2026-10-07T04:20:18.037+00:00,2026-10-07T04:20:29.079+00:00,2026-10-07T04:21:44.279+00:00,True,1228,1228.0,,1228.0,11041.854775,86241.867831,86241.868012,70.22953421172639,0.017603,11041.854775,315.354111949924,129.96339855000002,61.287704202118995,35.53706030330395,14.239023700256528,11,14,1-100:1000-1500,False,True,,1229,99.94996664442962
56,2026-10-07T04:20:23.394+00:00,2026-10-07T04:20:33.296+00:00,2026-10-07T04:21:06.121+00:00,True,541,541.0,,541.0,9901.512857999998,42727.18863399999,42727.188668999996,78.97816759519408,41.315837,9901.512857999998,423.8231459572608,127.16847299999999,60.78828847407407,25.012544360258868,12.661727047716436,11,14,100-300:300-600,False,True,,2146,99.94996664442962
57,2026-10-07T04:20:27.077+00:00,2026-10-07T04:20:38.786+00:00,2026-10-07T04:21:09.651+00:00,True,511,511.0,,511.0,11709.220546,42573.968322,42573.968186,83.31500623483366,42.849154999999996,11709.220546,515.9014848880511,128.008958,60.51911328627451,24.758633449078516,12.00263964437494,11,14,100-300:300-600,False,True,,1704,99.94996664442962
58,2026-10-07T04:20:32.808+00:00,2026-10-07T04:20:44.410+00:00,2026-10-07T04:22:07.878+00:00,True,1367,1367.0,,1367.0,11601.796082,95069.450738,95069.450898,69.54605040087783,0.018475000000000002,11601.796082,313.99546450705344,129.96918820000002,61.10370033382138,34.109232058815785,14.378961794649346,11,14,1-100:1000-1500,False,True,,3767,99.94996664442962
59,2026-10-07T04:20:37.831+00:00,2026-10-07T04:20:48.448+00:00,2026-10-07T04:22:11.591+00:00,True,1354,1354.0,,1354.0,10617.579775,93760.098815,93760.098996,69.24674962776957,0.017943999999999998,10617.579775,288.9817462722063,130.1239819,61.45049448632668,34.82916345426348,14.44111106017076,11,14,1-100:1000-1500,False,True,,5237,99.94996664442962
60,2026-10-07T04:20:43.992+00:00,2026-10-07T04:20:57.819+00:00,2026-10-07T04:22:04.318+00:00,True,1082,1082.0,,1082.0,13826.437389,80325.528589,80325.528603,74.2380116478743,0.018294,13826.437389,420.03301975213986,130.5184668,61.516273080481035,36.266051145133844,13.47018835738072,11,14,1-100:1000-1500,False,True,,4278,99.94996664442962
61,2026-10-07T04:20:48.541+00:00,2026-10-07T04:21:00.397+00:00,2026-10-07T04:21:22.448+00:00,True,365,365.0,,365.0,11855.810034,33906.698482,33906.698452,92.8950642520548,41.519743000000005,11855.810034,617.9076684291551,128.0800384,60.57936386813187,25.308199405537408,10.764834570778604,11,14,100-300:300-600,False,True,,1627,99.94996664442962
62,2026-10-07T04:20:52.850+00:00,2026-10-07T04:21:04.639+00:00,2026-10-07T04:22:17.681+00:00,True,1190,1190.0,,1190.0,11788.767534,84830.65707,84830.656913,71.28626631344538,0.017764,11788.767534,341.8227166224444,130.6480288,61.43136209924306,35.66599198142691,14.027947455576628,11,14,1-100:1000-1500,False,True,,5334,99.94996664442962
63,2026-10-07T04:20:57.655+00:00,2026-10-07T04:21:10.776+00:00,2026-10-07T04:21:39.703+00:00,True,470,470.0,,470.0,13120.605031,42048.023399,42048.023335,89.46387943617022,0.017202000000000002,13120.605031,604.2352550751372,133.79100025,61.678930422174844,47.575960869625135,11.177695454078771,11,14,100-300:300-600,False,True,,2695,99.94996664442962
64,2026-10-07T04:21:03.542+00:00,2026-10-07T04:21:17.386+00:00,2026-10-07T04:22:41.962+00:00,True,1388,1388.0,,1388.0,13843.835168,98420.38147200001,98420.381391,70.90805575720461,0.017473,13843.835168,371.5803038850147,128.3925844,60.97804347801009,34.768559164849776,14.102769967365727,11,14,1-100:1000-1500,False,True,,5079,99.94996664442962
65,2026-10-07T04:21:07.831+00:00,2026-10-07T04:21:23.817+00:00,2026-10-07T04:21:53.396+00:00,True,472,472.0,,472.0,15985.358043,45564.842715,45564.842608,96.53568349152542,0.017934000000000002,15985.358043,734.3905476324124,135.78352295000002,62.80145365605096,46.89305425662787,10.358863805418494,11,14,100-300:300-600,False,True,,2024,99.94996664442962
66,2026-10-07T04:21:12.456+00:00,2026-10-07T04:21:29.362+00:00,2026-10-07T04:22:01.311+00:00,True,516,516.0,,516.0,16905.310311,48854.730343,48854.730421,94.67971011821706,0.018936,16905.310311,742.8485967240039,132.44083325,62.0377088,45.05392355463494,10.561925045481978,11,14,100-300:300-600,False,True,,2861,99.94996664442962
67,2026-10-07T04:21:18.334+00:00,2026-10-07T04:21:37.784+00:00,2026-10-07T04:22:11.925+00:00,True,546,546.0,,546.0,19450.440597,53591.277205,53591.277201000004,98.15252234615384,42.655860000000004,19450.440597,830.1803855729266,130.8795845,62.64373689541285,27.636109624045222,10.18822518282992,11,14,100-300:300-600,False,True,,2388,99.94996664442962
68,2026-10-07T04:21:22.706+00:00,2026-10-07T04:21:40.926+00:00,2026-10-07T04:22:13.741+00:00,True,533,533.0,,533.0,18220.67674,51035.481988,51035.482004,95.75137336585365,42.30214,18220.67674,786.9882965848293,129.551157,61.6819647518797,26.18502101051292,10.443714436268566,11,14,100-300:300-600,False,True,,2344,99.94996664442962
69,2026-10-07T04:21:28.471+00:00,2026-10-07T04:21:45.545+00:00,2026-10-07T04:22:16.780+00:00,True,513,513.0,,513.0,17074.057227,48308.402699,48308.402688,94.16842629239767,41.698898,17074.057227,751.5778374494604,128.0891214,61.004581,25.539640145078764,10.619270589350686,11,14,100-300:300-600,False,True,,2799,99.94996664442962
70,2026-10-07T04:21:34.518+00:00,2026-10-07T04:21:51.590+00:00,2026-10-07T04:22:11.135+00:00,True,317,317.0,,317.0,17071.773386999997,36616.95508299999,36616.955162,115.51089956466876,43.805733999999994,17071.773386999997,955.7298031951145,129.4851668,61.85184081012658,26.17728071070377,8.657191710273374,11,14,100-300:300-600,False,True,,1463,99.94996664442962
71,2026-10-07T04:21:40.728+00:00,2026-10-07T04:21:58.357+00:00,2026-10-07T04:22:17.048+00:00,True,308,308.0,,308.0,17628.743028,36320.449395999996,36320.449414,117.92353705844157,39.720151,17628.743028,1001.3307425136572,124.75304909999998,60.88503702931596,24.920090496909168,8.480071285514445,11,14,100-300:300-600,False,True,,1737,99.94996664442962
72,2026-10-07T04:21:46.846+00:00,2026-10-07T04:22:05.329+00:00,2026-10-07T04:22:39.427+00:00,True,567,567.0,,567.0,18483.484017000002,52581.423985,52581.423791,92.7361971622575,36.054643,18483.484017000002,774.110945310501,122.28862000000001,60.24371019081272,25.139018597795275,10.78327586110542,11,14,100-300:300-600,False,True,,2854,99.94996664442962
73,2026-10-07T04:21:51.753+00:00,2026-10-07T04:22:09.496+00:00,2026-10-07T04:22:37.507+00:00,True,475,475.0,,475.0,17742.065039999998,45754.00872,45754.008811,96.32422907578948,38.437898999999994,17742.065039999998,811.6997321726634,120.65289050000001,59.09692759493671,23.842672342828003,10.381604001232967,11,14,100-300:300-600,False,True,,2251,99.94996664442962
74,2026-10-07T04:21:55.644+00:00,2026-10-07T04:22:11.488+00:00,2026-10-07T04:23:17.890+00:00,True,1094,1094.0,,1094.0,15844.266908,82245.640348,82245.640527,75.17883046343692,0.018565,15844.266908,478.8061823066443,126.82023695000002,60.75148530649588,39.275299183859794,13.301616904811457,11,14,1-100:1000-1500,False,True,,1094,99.94996664442962
75,2026-10-07T04:21:59.924+00:00,2026-10-07T04:22:15.294+00:00,2026-10-07T04:22:47.058+00:00,True,531,531.0,,531.0,15369.077911,47133.252502999996,47133.252494,88.76318737099811,29.535569,15369.077911,664.8514327666493,126.690617,59.93240489056603,25.573760604251266,11.265931625792264,11,14,100-300:300-600,False,True,,2382,99.94996664442962
76,2026-10-07T04:22:05.026+00:00,2026-10-07T04:22:19.824+00:00,2026-10-07T04:22:54.793+00:00,True,587,587.0,,587.0,14797.379324,49766.848508,49766.84854,84.78168405451449,39.982363,14797.379324,608.7922565189601,125.97035919999999,59.67486208873721,24.741354835946094,11.795000439009916,11,14,100-300:300-600,False,True,,1872,99.94996664442962
77,2026-10-07T04:22:10.401+00:00,2026-10-07T04:22:27.533+00:00,2026-10-07T04:22:52.412+00:00,True,408,408.0,,408.0,17132.2659,42011.292843999996,42011.29279,102.96885487745098,35.283609,17132.2659,845.5565190220408,130.8027682,61.127830329238336,26.336695161264437,9.711674466077996,11,14,100-300:300-600,False,True,,1902,99.94996664442962
78,2026-10-07T04:22:15.397+00:00,2026-10-07T04:22:33.332+00:00,2026-10-07T04:23:00.112+00:00,True,441,441.0,,441.0,17934.434182999998,44714.734215,44714.734254999996,101.39395522675737,42.597508000000005,17934.434182999998,851.5151183987587,129.985623,60.86431825454546,25.888680229894085,9.862520883598636,11,14,100-300:300-600,False,True,,2038,99.94996664442962
79,2026-10-07T04:22:20.352+00:00,2026-10-07T04:22:38.361+00:00,2026-10-07T04:23:10.431+00:00,True,522,522.0,,522.0,18008.848875,50078.831083,50078.830917,95.9364576954023,0.017924,18008.848875,787.2204385811168,131.85054810000003,61.55466834548944,51.58519454567639,10.423565980101333,11,14,100-300:300-600,False,True,,2329,99.94996664442962
80,2026-10-07T04:22:26.109+00:00,2026-10-07T04:22:45.295+00:00,2026-10-07T04:23:19.348+00:00,True,548,548.0,,548.0,19186.069403,53238.868891,53238.868753,97.15122035218978,0.017832999999999998,19186.069403,818.4933316854855,131.1829653,62.25374677879342,50.627698728997004,10.293231456925996,11,14,100-300:300-600,False,True,,2123,99.94996664442962
81,2026-10-07T04:22:30.290+00:00,2026-10-07T04:22:47.971+00:00,2026-10-07T04:24:01.920+00:00,True,1229,1229.0,,1229.0,17681.309827,91630.480003,91630.479986,74.55694059072417,0.017733000000000002,17681.309827,504.0812264652334,126.57200080000001,60.2191939543974,38.10948485874388,13.412567520761238,11,14,1-100:1000-1500,False,True,,4159,99.94996664442962
82,2026-10-07T04:22:34.009+00:00,2026-10-07T04:22:53.002+00:00,2026-10-07T04:23:12.388+00:00,True,313,313.0,,313.0,18992.474872000003,38378.405624000006,38378.405531000004,122.61471415654952,0.017814,18992.474872000003,1071.9113807970389,132.1005174,62.13439343589743,63.984835159918646,8.155628012964272,11,14,100-300:300-600,False,True,,1490,99.94996664442962
83,2026-10-07T04:22:38.141+00:00,2026-10-07T04:22:59.492+00:00,2026-10-07T04:23:27.308+00:00,True,454,454.0,,454.0,21350.758695,49167.573031,49167.572954,108.29861884140969,0.017854,21350.758695,1000.5715924789909,127.2162695,61.4057711611479,53.21066474398172,9.233728085658294,11,14,100-300:300-600,False,True,,1999,99.94996664442962
84,2026-10-07T04:22:42.645+00:00,2026-10-07T04:23:04.545+00:00,2026-10-07T04:23:30.698+00:00,True,432,432.0,,432.0,21900.427891,48053.422963000005,48053.42301,111.2347754861111,38.456048,21900.427891,1051.0738651484078,123.50984245,60.6798029512761,25.493440216987175,8.989994330531454,11,14,100-300:300-600,False,True,,2256,99.94996664442962
85,2026-10-07T04:22:48.846+00:00,2026-10-07T04:23:09.967+00:00,2026-10-07T04:24:20.359+00:00,True,1156,1156.0,,1156.0,21121.772339000003,91512.93445100001,91512.934288,79.16343796539793,40.135504999999995,21121.772339000003,619.968490619185,127.73234425000001,60.944729101298705,25.698473251187856,12.632094107079174,11,14,1-100:1000-1500,False,True,,3967,99.94996664442962
86,2026-10-07T04:22:53.302+00:00,2026-10-07T04:23:12.386+00:00,2026-10-07T04:23:33.913+00:00,True,367,367.0,,367.0,19084.744817000003,40611.691377,40611.691306,110.65855941689374,39.157302,19084.744817000003,993.4162798517242,112.0053588,58.816793879781414,23.230932963218933,9.036806583432439,11,14,100-300:300-600,False,True,,1983,99.94996664442962
87,2026-10-07T04:22:57.978+00:00,2026-10-07T04:23:16.882+00:00,2026-10-07T04:23:44.887+00:00,True,473,473.0,,473.0,18903.360634,46908.320634,46908.320639,99.1719252410148,40.597812,18903.360634,866.7817348233282,118.97483540000002,59.332542372881356,24.02809647941153,10.08349891036519,11,14,100-300:300-600,False,True,,1966,99.94996664442962
88,2026-10-07T04:23:02.644+00:00,2026-10-07T04:23:20.530+00:00,2026-10-07T04:23:46.179+00:00,True,436,436.0,,436.0,17885.911642,43534.977113999994,43534.976947999996,99.85086455963302,40.474459,17885.911642,854.1005672889994,120.9140295,58.96336890114942,24.286993108321443,10.014935780448383,11,14,100-300:300-600,False,True,,1441,99.94996664442962
89,2026-10-07T04:23:08.266+00:00,2026-10-07T04:23:27.131+00:00,2026-10-07T04:24:38.025+00:00,True,1156,1156.0,,1156.0,18865.001056,89759.51395200001,89759.513718,77.64663816435986,37.46082,18865.001056,553.6685723349464,130.24360124999998,61.38053064588745,26.225308259912044,12.878857617457522,11,14,1-100:1000-1500,False,True,,3136,99.94996664442962
90,2026-10-07T04:23:12.654+00:00,2026-10-07T04:23:32.300+00:00,2026-10-07T04:24:54.874+00:00,True,1343,1343.0,,1343.0,19645.94375,102219.16154199999,102219.161538,76.11255512881608,0.017202000000000002,19645.94375,536.3006547684164,130.65051989999998,61.52996854843517,45.03880475767516,13.138436861939882,11,14,1-100:1000-1500,False,True,,1343,99.94996664442962
91,2026-10-07T04:23:18.887+00:00,2026-10-07T04:23:39.057+00:00,2026-10-07T04:24:03.706+00:00,True,403,403.0,,403.0,20170.003543000003,44819.202391,44819.202385000004,111.21390169975187,38.984096,20170.003543000003,1002.0249820862593,129.4240266,61.31641504477612,26.13073402544417,8.991681656542044,11,14,100-300:300-600,False,True,,2037,99.94996664442962
92,2026-10-07T04:23:24.756+00:00,2026-10-07T04:23:44.787+00:00,2026-10-07T04:24:53.473+00:00,True,1116,1116.0,,1116.0,20030.827492,88717.191396,88717.191557,79.495691359319,0.017062,20030.827492,599.7503669346773,130.679493,61.60212009327354,48.804550315118156,12.579298131955035,11,14,1-100:1000-1500,False,True,,1116,99.94996664442962
93,2026-10-07T04:23:28.832+00:00,2026-10-07T04:23:49.290+00:00,2026-10-07T04:24:15.935+00:00,True,432,432.0,,432.0,20458.653243999997,47103.73766,47103.737508,109.03642941666666,41.887514,20458.653243999997,981.7113970476619,133.68622069999998,61.821541568445475,26.92248631851512,9.171246730317325,11,14,100-300:300-600,False,True,,2281,99.94996664442962
94,2026-10-07T04:23:33.923+00:00,2026-10-07T04:23:53.942+00:00,2026-10-07T04:24:25.206+00:00,True,503,503.0,,503.0,20019.449874,51282.986258000004,51282.986209,101.95424693638171,43.962032,20019.449874,890.2542444057503,131.6908148,62.27796092430279,26.97418600911988,9.808321174384291,11,14,100-300:300-600,False,True,,1549,99.94996664442962
95,2026-10-07T04:23:38.506+00:00,2026-10-07T04:24:02.106+00:00,2026-10-07T04:24:24.795+00:00,True,359,359.0,,359.0,23599.978995999998,46289.016308,46289.01648,128.93876456824512,38.831188000000004,23599.978995999998,1242.5452173500164,132.3958953,63.37719919553073,28.71364718378134,7.75561955370296,11,14,100-300:300-600,False,True,,1639,99.94996664442962
96,2026-10-07T04:23:43.929+00:00,2026-10-07T04:24:05.709+00:00,2026-10-07T04:24:34.213+00:00,True,462,462.0,,462.0,21779.671522,50283.537122,50283.537041,108.83882476406927,40.289841,21779.671522,1010.758711443328,131.9527921,61.83051106290673,26.751411125056528,9.187897798022373,11,14,100-300:300-600,False,True,,1545,99.94996664442962
97,2026-10-07T04:23:49.385+00:00,2026-10-07T04:24:11.328+00:00,2026-10-07T04:25:23.367+00:00,True,1174,1174.0,,1174.0,21942.397598,93981.763998,93981.763936,80.0526098262351,0.017683,21942.397598,640.4437359113313,128.49924950000002,61.414634612105715,48.50737846985502,12.491785108704532,11,14,1-100:1000-1500,False,True,,4867,99.94996664442962
98,2026-10-07T04:23:54.488+00:00,2026-10-07T04:24:16.089+00:00,2026-10-07T04:24:37.599+00:00,True,352,352.0,,352.0,21601.726307,43110.784354999996,43110.784318,122.47381908522728,36.071146,21601.726307,1148.4212752058575,132.0370622,61.279367658119654,26.788679971367,8.165010339441318,11,14,100-300:300-600,False,True,,1266,99.94996664442962
99,2026-10-07T04:23:59.648+00:00,2026-10-07T04:24:21.695+00:00,2026-10-07T04:24:49.142+00:00,True,446,446.0,,446.0,22046.41742,49493.365772000005,49493.365793000004,110.97167218161435,0.017503,22046.41742,1043.38837942885,128.80401874999998,61.67853562247191,70.52483598177169,9.011308749026654,11,14,100-300:300-600,False,True,,1895,99.94996664442962
100,2026-10-07T04:24:03.669+00:00,2026-10-07T04:24:26.481+00:00,2026-10-07T04:24:48.306+00:00,True,353,353.0,,353.0,22812.835392,44636.934976000004,44636.935021,126.45024085269122,0.018224,22812.835392,1213.1426575515943,129.20134819999998,62.000282909090906,73.75771129350312,7.908249080941555,11,14,100-300:300-600,False,True,,1621,99.94996664442962
101,2026-10-07T04:24:08.991+00:00,2026-10-07T04:24:32.615+00:00,2026-10-07T04:25:06.468+00:00,True,551,551.0,,551.0,23624.070089,57477.162953,57477.163109,104.31427061524501,0.018344000000000003,23624.070089,1005.9355006372095,129.02481749999998,61.55107793454546,65.61650254188929,9.586416094520212,11,14,100-300:300-600,False,True,,1551,99.94996664442962
102,2026-10-07T04:24:12.868+00:00,2026-10-07T04:24:36.440+00:00,2026-10-07T04:25:05.478+00:00,True,475,475.0,,475.0,23572.429689,52609.809273,52609.809418,110.75749351157894,0.017623,23572.429689,1080.7830393385027,128.26251770000002,61.26029448101266,66.06180479031485,9.028734499590286,11,14,100-300:300-600,False,True,,2047,99.94996664442962
103,2026-10-07T04:24:18.951+00:00,2026-10-07T04:24:41.432+00:00,2026-10-07T04:25:49.817+00:00,True,1136,1136.0,,1136.0,22481.007057,90865.834961,90865.834941,79.98753075792253,0.017503,22481.007057,666.758451311976,126.34743375,60.25094969515418,45.38255549459275,12.501948620045983,11,14,1-100:1000-1500,False,True,,3084,99.94996664442962
104,2026-10-07T04:24:22.659+00:00,2026-10-07T04:24:44.816+00:00,2026-10-07T04:25:11.165+00:00,True,430,430.0,,430.0,22157.409563,48506.271003,48506.271011000004,112.80528142093023,0.018184000000000002,22157.409563,1067.6296854034158,129.81273855,61.419257435897435,66.47071569503804,8.864833167105456,11,14,100-300:300-600,False,True,,1644,99.94996664442962
105,2026-10-07T04:24:27.402+00:00,2026-10-07T04:24:50.109+00:00,2026-10-07T04:25:52.651+00:00,True,1042,1042.0,,1042.0,22706.689167,85249.144719,85249.144604,81.81299866026872,37.037862000000004,22706.689167,702.0092223923821,125.7238969,60.079208023054754,24.91711803913397,12.222996528993482,11,14,1-100:1000-1500,False,True,,1043,99.94996664442962
106,2026-10-07T04:24:31.783+00:00,2026-10-07T04:24:55.843+00:00,2026-10-07T04:26:06.202+00:00,True,1170,1170.0,,1170.0,24060.322153999998,94419.77533799999,94419.775272,80.70066262564103,41.730506999999996,24060.322153999998,702.0914251290309,126.11202975,60.18772727459367,24.89361541268379,12.391471975141675,11,14,1-100:1000-1500,False,True,,5283,99.94996664442962
107,2026-10-07T04:24:36.600+00:00,2026-10-07T04:25:00.148+00:00,2026-10-07T04:25:19.257+00:00,True,310,310.0,,310.0,23547.42499,42656.986334,42656.98639,137.60318190322582,42.175008999999996,23547.42499,1334.1426178288666,128.74255435,61.84324059546926,25.93086437508894,7.267273819409803,11,14,100-300:300-600,False,True,,1401,99.94996664442962
108,2026-10-07T04:24:42.548+00:00,2026-10-07T04:25:06.013+00:00,2026-10-07T04:26:16.898+00:00,True,1184,1184.0,,1184.0,23465.624915,94349.896787,94349.896723,79.68741277280405,38.870988,23465.624915,680.6545521942379,124.43001029999999,59.91908019611158,24.481574527189842,12.549033335700875,11,14,1-100:1000-1500,False,True,,3551,99.94996664442962
109,2026-10-07T04:24:48.707+00:00,2026-10-07T04:25:11.310+00:00,2026-10-07T04:26:31.932+00:00,True,1347,1347.0,,1347.0,22603.263566,103225.13825399999,103225.138191,76.63336168596882,42.283733,22603.263566,614.7231120825853,123.87740880000001,59.897380897474,24.4868464786486,13.049146969273288,11,14,1-100:1000-1500,False,True,,4951,99.94996664442962
110,2026-10-07T04:24:54.896+00:00,2026-10-07T04:25:17.247+00:00,2026-10-07T04:25:46.450+00:00,True,496,496.0,,496.0,22350.556570999997,51553.898395,51553.89829,103.93931106854838,42.097080999999996,22350.556570999997,1001.208140969176,122.59158850000001,58.99665014949495,24.018394474374805,9.62099890486856,11,14,100-300:300-600,False,True,,2661,99.94996664442962
111,2026-10-07T04:25:00.075+00:00,2026-10-07T04:25:22.379+00:00,2026-10-07T04:25:42.042+00:00,True,337,337.0,,337.0,22303.713682999998,41966.494099,41966.494187,124.52965634124628,42.358552,22303.713682999998,1211.996454932617,121.1930216,58.5201798095238,23.312051831025247,8.030215705057673,11,14,100-300:300-600,False,True,,1541,99.94996664442962
112,2026-10-07T04:25:03.553+00:00,2026-10-07T04:25:26.074+00:00,2026-10-07T04:25:47.723+00:00,True,368,368.0,,368.0,22520.242686999998,44169.517823,44169.517772,120.02586351086956,41.902679,22520.242686999998,1171.1170300272802,121.51625530000001,58.98985050681199,23.90254027142701,8.331537633593424,11,14,100-300:300-600,False,True,,1859,99.94996664442962
113,2026-10-07T04:25:07.313+00:00,2026-10-07T04:25:29.023+00:00,2026-10-07T04:25:48.749+00:00,True,340,340.0,,340.0,21710.187051,41436.157739,41436.157796,121.87105234117648,39.216474999999996,21710.187051,1174.4733136299453,121.0840994,58.18870409439528,23.217638691406133,8.205393997715904,11,14,100-300:300-600,False,True,,1624,99.94996664442962
114,2026-10-07T04:25:12.621+00:00,2026-10-07T04:25:34.481+00:00,2026-10-07T04:26:07.725+00:00,True,560,560.0,,560.0,21860.241149,55104.228605000004,55104.228617,98.40040824464286,41.679824,21860.241149,921.5741130891215,123.23055965000002,59.47046056529517,24.43465319624961,10.162559465521438,11,14,100-300:300-600,False,True,,2598,99.94996664442962
115,2026-10-07T04:25:16.113+00:00,2026-10-07T04:25:38.072+00:00,2026-10-07T04:26:08.744+00:00,True,518,518.0,,518.0,21959.10339,52630.916509999995,52630.916415,101.60408574324325,41.145029,21959.10339,962.5331412803152,125.32098549999999,59.32652441005803,24.53669329992283,9.842123876022162,11,14,100-300:300-600,False,True,,1856,99.94996664442962
116,2026-10-07T04:25:21.865+00:00,2026-10-07T04:25:43.720+00:00,2026-10-07T04:26:09.688+00:00,True,437,437.0,,437.0,21854.688496,47822.633455999996,47822.633463,109.43394385125858,42.800665,21854.688496,1042.8902077519365,125.81357839999998,59.559506788990824,24.52705510092894,9.137932573329929,11,14,100-300:300-600,False,True,,1862,99.94996664442962
117,2026-10-07T04:25:25.989+00:00,2026-10-07T04:25:47.891+00:00,2026-10-07T04:26:09.562+00:00,True,364,364.0,,364.0,21901.529901,43572.206380999996,43572.206338,119.70386356593407,42.881957,21901.529901,1145.098058452561,127.13593620000002,59.69883327823692,25.130983018542658,8.353949231240332,11,14,100-300:300-600,False,True,,1606,99.94996664442962
118,2026-10-07T04:25:31.704+00:00,2026-10-07T04:25:53.252+00:00,2026-10-07T04:26:26.027+00:00,True,549,549.0,,549.0,21548.524827,54323.624731,54323.624839000004,98.95013631876138,42.081126,21548.524827,917.4367412332191,125.5761544,59.80857646715328,24.277158875374504,10.106100296483177,11,14,100-300:300-600,False,True,,2232,99.94996664442962
119,2026-10-07T04:25:36.236+00:00,2026-10-07T04:25:58.753+00:00,2026-10-07T04:26:27.508+00:00,True,474,474.0,,474.0,22516.915973000003,51271.852037000004,51271.852126000005,108.16846440084389,39.349097,22516.915973000003,1031.7473892138273,126.50946994999998,60.79267666807611,25.04945625923609,9.244838662312041,11,14,100-300:300-600,False,True,,2024,99.94996664442962
120,2026-10-07T04:25:39.920+00:00,2026-10-07T04:26:01.669+00:00,2026-10-07T04:27:31.363+00:00,True,1474,1474.0,,1474.0,21749.289291999998,111442.926412,111442.926387,75.60578452306649,0.017492999999999998,21749.289291999998,566.885784167707,127.10062040000001,60.891810672097755,47.31277244416084,13.226501200719383,11,14,1-100:1000-1500,False,True,,1474,99.94996664442962
121,2026-10-07T04:25:44.782+00:00,2026-10-07T04:26:07.525+00:00,2026-10-07T04:26:26.697+00:00,True,321,321.0,,321.0,22742.726498,41914.923106,41914.923065,130.57608431464175,43.918601,22742.726498,1266.2579783413785,125.90521499999998,59.9131144,24.002208933971065,7.6583702465160854,11,14,100-300:300-600,False,True,,1512,99.94996664442962
122,2026-10-07T04:25:49.983+00:00,2026-10-07T04:26:11.542+00:00,2026-10-07T04:26:40.454+00:00,True,474,474.0,,474.0,21559.306177000002,50470.971841000006,50470.971924000005,106.478843721519,39.493156000000006,21559.306177000002,987.768502893159,128.57361525,61.12402888794926,25.335849520179305,9.391537010487024,11,14,100-300:300-600,False,True,,2191,99.94996664442962
123,2026-10-07T04:25:54.086+00:00,2026-10-07T04:26:16.792+00:00,2026-10-07T04:26:45.957+00:00,True,480,480.0,,480.0,22706.691906,51871.527234,51871.527205,108.06568167708333,38.328663999999996,22706.691906,1033.9462072639483,128.48798295,60.88692135281837,25.398807707997108,9.253631531507647,11,14,100-300:300-600,False,True,,2507,99.94996664442962
124,2026-10-07T04:25:58.135+00:00,2026-10-07T04:26:20.258+00:00,2026-10-07T04:26:39.296+00:00,True,310,310.0,,310.0,22122.591811000002,41160.328515,41160.328459000004,132.7752530935484,34.62319,22122.591811000002,1253.2558562142874,129.49978675000003,61.61079839482201,26.359099356857914,7.5315239499856546,11,14,100-300:300-600,False,True,,1889,99.94996664442962
125,2026-10-07T04:26:03.641+00:00,2026-10-07T04:26:27.505+00:00,2026-10-07T04:26:50.250+00:00,True,374,374.0,,374.0,23863.793243,46608.769883,46608.7699,124.62237941176471,32.990019999999994,23863.793243,1231.0799957360814,129.01365285,60.978489651474526,25.612447373124667,8.02424095162426,11,14,100-300:300-600,False,True,,1981,99.94996664442962
126,2026-10-07T04:26:09.786+00:00,2026-10-07T04:26:32.888+00:00,2026-10-07T04:26:51.237+00:00,True,307,307.0,,307.0,23102.011532,41451.313292,41451.313356,135.02056467752442,34.389772,23102.011532,1315.3094961767795,127.47995290000003,59.96503843137255,24.660450619757608,7.406279213335569,11,14,100-300:300-600,False,True,,1609,99.94996664442962
127,2026-10-07T04:26:16.026+00:00,2026-10-07T04:26:39.439+00:00,2026-10-07T04:28:01.451+00:00,True,1341,1341.0,,1341.0,23413.227418000002,105424.55029800002,105424.550262,78.6163685771812,0.017293,23413.227418000002,639.728640013986,129.74092100000001,61.20247976119403,51.04028444343967,12.719997346058776,11,14,1-100:1000-1500,False,True,,1341,99.94996664442962
128,2026-10-07T04:26:22.015+00:00,2026-10-07T04:26:45.053+00:00,2026-10-07T04:27:21.012+00:00,True,594,594.0,,594.0,23038.264687,58996.285294999994,58996.285424,99.32034583164983,0.017863,23038.264687,945.3097080983639,124.07123975,60.637471514333896,69.12192263049667,10.068430529647978,11,14,100-300:300-600,False,True,,2763,99.94996664442962
129,2026-10-07T04:26:25.882+00:00,2026-10-07T04:26:50.399+00:00,2026-10-07T04:27:12.608+00:00,True,371,371.0,,371.0,24516.219098,46725.557978,46725.558134,125.94490063072777,0.018164000000000003,24516.219098,1272.379473272209,114.53273300000001,60.02524021621621,82.60739958253725,7.939980089155481,11,14,100-300:300-600,False,True,,1996,99.94996664442962
130,2026-10-07T04:26:32.057+00:00,2026-10-07T04:26:57.284+00:00,2026-10-07T04:27:15.965+00:00,True,313,313.0,,313.0,25227.177872,43907.892624,43907.892521,140.28080677635782,42.808729,25227.177872,1422.7401022396134,115.7183322,59.874085743589745,23.89236800301612,7.128558928581205,11,14,100-300:300-600,False,True,,1504,99.94996664442962
131,2026-10-07T04:26:37.320+00:00,2026-10-07T04:27:01.562+00:00,2026-10-07T04:27:26.280+00:00,True,410,410.0,,410.0,24241.921742,48959.848654,48959.8486,119.41426487804878,41.984786,24241.921742,1194.491184197662,121.79456965,60.435029124694374,24.597957400859112,8.374208893035522,11,14,100-300:300-600,False,True,,1758,99.94996664442962
132,2026-10-07T04:26:41.082+00:00,2026-10-07T04:27:05.339+00:00,2026-10-07T04:28:21.208+00:00,True,1236,1236.0,,1236.0,24257.777132,100126.88126000001,100126.881227,81.00880358171521,42.367252,24257.777132,688.7196246638125,130.35885925,61.432472978137646,25.68292383128436,12.344337349232642,11,14,1-100:1000-1500,False,True,,5484,99.94996664442962
133,2026-10-07T04:26:47.325+00:00,2026-10-07T04:27:14.794+00:00,2026-10-07T04:27:49.609+00:00,True,558,558.0,,558.0,27469.523795,62284.135507,62284.135516,111.62031454480287,43.702605000000005,27469.523795,1160.5402011651986,130.9729191,62.50379122441652,26.782631414825083,8.958942681917572,11,14,100-300:300-600,False,True,,2675,99.94996664442962
134,2026-10-07T04:26:50.785+00:00,2026-10-07T04:27:17.385+00:00,2026-10-07T04:27:36.583+00:00,True,309,309.0,,309.0,26600.342307,45798.000163000004,45798.000264,148.21359308737863,42.966294000000005,26600.342307,1509.9255739936968,132.06545839999998,62.33005797402597,26.442607893204322,6.747019496489711,11,14,100-300:300-600,False,True,,1534,99.94996664442962
135,2026-10-07T04:26:56.563+00:00,2026-10-07T04:27:22.995+00:00,2026-10-07T04:28:36.219+00:00,True,1186,1186.0,,1186.0,26431.60857,99656.200954,99656.200898,84.02715084148399,37.187506,26431.60857,766.1636947677647,131.85963075,61.792904965400844,26.351982654196085,11.900915233036448,11,14,1-100:1000-1500,False,True,,1582,99.94996664442962
136,2026-10-07T04:27:01.526+00:00,2026-10-07T04:27:29.936+00:00,2026-10-07T04:27:49.023+00:00,True,306,306.0,,306.0,28409.570583999997,47496.393751999996,47496.393521,155.21697229084967,42.792829,28409.570583999997,1620.7172925851366,131.28930075,62.579748091803275,27.210353505470835,6.442594391434504,11,14,100-300:300-600,False,True,,1462,99.94996664442962
137,2026-10-07T04:27:05.637+00:00,2026-10-07T04:27:32.434+00:00,2026-10-07T04:28:09.025+00:00,True,596,596.0,,596.0,26797.289780000003,63388.359732,63388.35957,106.35630800335571,40.471801,26797.289780000003,1095.454162542063,132.22732575,61.49759655798319,26.225639330411614,9.402357191759366,11,14,100-300:300-600,False,True,,2813,99.94996664442962
138,2026-10-07T04:27:09.468+00:00,2026-10-07T04:27:37.065+00:00,2026-10-07T04:27:57.141+00:00,True,330,330.0,,330.0,27597.005464,47673.042328,47673.042453,144.4637650090909,43.262921,27597.005464,1516.024200405095,130.39103995000002,61.0213886443769,25.757640466214266,6.922151049843524,11,14,100-300:300-600,False,True,,1378,99.94996664442962
139,2026-10-07T04:27:14.562+00:00,2026-10-07T04:27:44.002+00:00,2026-10-07T04:29:09.243+00:00,True,1392,1392.0,,1392.0,29440.177428,114680.7373,114680.737326,82.38558715948275,37.554814,29440.177428,787.8586432274301,129.0775055,61.280057420560745,25.77843313695347,12.138045436162365,11,14,1-100:1000-1500,False,True,,3315,99.94996664442962
140,2026-10-07T04:27:20.275+00:00,2026-10-07T04:27:50.450+00:00,2026-10-07T04:29:06.385+00:00,True,1240,1240.0,,1240.0,30174.682837,106109.614805,106109.614921,85.57227009758064,33.173553999999996,30174.682837,855.5485703899138,128.98755019999996,61.28727358192091,25.694071266889203,11.686028662706725,11,14,1-100:1000-1500,False,True,,5341,99.94996664442962
141,2026-10-07T04:27:23.982+00:00,2026-10-07T04:27:56.221+00:00,2026-10-07T04:29:16.301+00:00,True,1310,1310.0,,1310.0,32238.618423,112318.288951,112318.288879,85.73915181603053,37.993066,32238.618423,889.4014768657206,127.72967424999999,61.1762188907563,25.751453738701727,11.663283088041885,11,14,1-100:1000-1500,False,True,,6419,99.94996664442962
142,2026-10-07T04:27:29.023+00:00,2026-10-07T04:28:01.966+00:00,2026-10-07T04:28:29.533+00:00,True,449,449.0,,449.0,32942.621857,60509.490336999996,60509.490374,134.7650119688196,36.328556,32942.621857,1551.9692074222135,131.03386460000002,61.533188571428575,25.84252143316402,7.420323613690199,11,14,100-300:300-600,False,True,,1279,99.94996664442962
143,2026-10-07T04:27:33.808+00:00,2026-10-07T04:28:09.244+00:00,2026-10-07T04:28:32.432+00:00,True,375,375.0,,375.0,35435.941810000004,58624.434098000005,58624.434080000006,156.33182421333333,33.554216999999994,35435.941810000004,1826.8907450694437,132.0164764,62.00131627807487,26.265237879336798,6.396650232446223,11,14,100-300:300-600,False,True,,1714,99.94996664442962
144,2026-10-07T04:27:39.533+00:00,2026-10-07T04:28:14.866+00:00,2026-10-07T04:29:41.822+00:00,True,1449,1449.0,,1449.0,35333.059483000005,122288.552091,122288.55212400001,84.39513604140787,0.017704,35333.059483000005,928.15677131594,125.72277980000001,60.052135779005525,53.161240690010665,11.849024092800926,11,14,1-100:1000-1500,False,True,,3727,99.94996664442962
145,2026-10-07T04:27:44.145+00:00,2026-10-07T04:28:20.271+00:00,2026-10-07T04:28:52.871+00:00,True,533,533.0,,533.0,36125.785511,68726.162855,68726.162778,128.94214404878048,34.273826,36125.785511,1562.3473636406052,130.8617538,61.278904781954886,26.253291511653973,7.7554162470053125,11,14,100-300:300-600,False,True,,2310,99.94996664442962
146,2026-10-07T04:27:48.889+00:00,2026-10-07T04:28:26.531+00:00,2026-10-07T04:28:45.947+00:00,True,314,314.0,,314.0,37642.422464,57058.579904,57058.579876,181.71522253503187,42.882247,37642.422464,2120.9525544824005,132.1189284,62.03245188498403,26.77360800211631,5.5031162802912235,11,14,100-300:300-600,False,True,,1408,99.94996664442962
147,2026-10-07T04:27:54.586+00:00,2026-10-07T04:28:31.826+00:00,2026-10-07T04:29:59.222+00:00,True,1443,1443.0,,1443.0,37240.209072,124636.0716,124636.071429,86.37288387318087,0.016901,37240.209072,980.2480755314253,127.02364139999997,60.607394263522885,54.20038523157127,11.577707652974519,11,14,1-100:1000-1500,False,True,,3749,99.94996664442962
148,2026-10-07T04:27:58.336+00:00,2026-10-07T04:28:35.885+00:00,2026-10-07T04:29:01.682+00:00,True,428,428.0,,428.0,37549.446958,63345.979181999995,63345.979272,148.00462446728972,41.143358,37549.446958,1812.2727681538659,125.6935462,60.41342441217799,24.992412071543185,6.756545648624496,11,14,100-300:300-600,False,True,,1951,99.94996664442962
149,2026-10-07T04:28:03.415+00:00,2026-10-07T04:28:40.480+00:00,2026-10-07T04:29:01.455+00:00,True,352,352.0,,352.0,37065.128079,58039.993487,58039.99351,164.88634519886364,39.857879999999994,37065.128079,1972.5438923171457,124.0538763,59.75745130484331,24.442368812467553,6.064783588903094,11,14,100-300:300-600,False,True,,1196,99.94996664442962
150,2026-10-07T04:28:09.221+00:00,2026-10-07T04:28:46.104+00:00,2026-10-07T04:29:12.959+00:00,True,449,449.0,,449.0,36883.338641999995,63738.572433999994,63738.572252,141.95673107349666,39.845065999999996,36883.338641999995,1737.9688873169914,118.6415768,59.94471828571428,24.009825918957844,7.044400005427333,11,14,100-300:300-600,False,True,,2136,99.94996664442962
151,2026-10-07T04:28:13.259+00:00,2026-10-07T04:28:50.507+00:00,2026-10-07T04:29:12.762+00:00,True,374,374.0,,374.0,37247.737912,59503.166776,59503.166830999995,159.09937655347593,42.506252,37247.737912,1923.0975535962232,115.81310399999998,59.666029126005355,23.901172201828366,6.285379758155143,11,14,100-300:300-600,False,True,,1435,99.94996664442962
152,2026-10-07T04:28:17.619+00:00,2026-10-07T04:28:54.700+00:00,2026-10-07T04:29:58.661+00:00,True,1058,1058.0,,1058.0,37080.710929,101042.69492899999,101042.695083,95.50349251701323,0.017062,37080.710929,1139.8793643914128,126.07410390000001,60.51275685903501,62.966293959024576,10.470821277514702,11,14,1-100:1000-1500,False,True,,2645,99.94996664442962
153,2026-10-07T04:28:22.656+00:00,2026-10-07T04:28:59.787+00:00,2026-10-07T04:29:30.190+00:00,True,515,515.0,,515.0,37131.172916,67533.758004,67533.757948,131.1335105786408,0.017523,37131.172916,1635.8383414448733,123.97391390000001,59.148998225680934,85.84783351646522,7.6258158174686015,11,14,100-300:300-600,False,True,,1948,99.94996664442962
154,2026-10-07T04:28:28.586+00:00,2026-10-07T04:29:04.906+00:00,2026-10-07T04:29:31.421+00:00,True,449,449.0,,449.0,36319.130292999995,62834.512053,62834.51218199999,139.94323425835188,0.017032,36319.130292999995,1713.7646761216747,124.9398426,59.18612,93.59740847879456,7.1457545436379775,11,14,100-300:300-600,False,True,,1862,99.94996664442962
155,2026-10-07T04:28:33.104+00:00,2026-10-07T04:29:09.643+00:00,2026-10-07T04:29:29.191+00:00,True,334,334.0,,334.0,36538.960898000005,56086.993154,56086.99299200001,167.9251287185629,0.017382,36538.960898000005,1998.6251111280837,124.78940595,58.70279956756757,100.36838832608689,5.955034870258147,11,14,100-300:300-600,False,True,,1289,99.94996664442962
156,2026-10-07T04:28:37.057+00:00,2026-10-07T04:29:13.203+00:00,2026-10-07T04:30:35.609+00:00,True,1339,1339.0,,1339.0,36145.891779,118552.278979,118552.279046,88.53792311127707,0.017022,36145.891779,987.772896963425,129.5074301,61.589228101644245,57.2090870461452,11.294595190676905,11,14,1-100:1000-1500,False,True,,3747,99.94996664442962
157,2026-10-07T04:28:40.803+00:00,2026-10-07T04:29:17.094+00:00,2026-10-07T04:29:47.483+00:00,True,510,510.0,,510.0,36290.777141000006,66680.070709,66680.07071700001,130.74523670000002,0.017553,36290.777141000006,1606.4930297871197,128.21826275,59.70391663654224,83.2478259909759,7.648462195334232,11,14,100-300:300-600,False,True,,1810,99.94996664442962
158,2026-10-07T04:28:44.755+00:00,2026-10-07T04:29:21.661+00:00,2026-10-07T04:29:42.352+00:00,True,348,348.0,,348.0,36906.772655,57597.725615,57597.72563,165.51070583333333,42.74753,36906.772655,1975.362857952114,127.230174,59.6281065129683,24.26266082020708,6.041905236434743,11,14,100-300:300-600,False,True,,1837,99.94996664442962
159,2026-10-07T04:28:49.248+00:00,2026-10-07T04:29:25.597+00:00,2026-10-07T04:29:51.802+00:00,True,434,434.0,,434.0,36349.377957000004,62554.251173000004,62554.251092000006,144.13421910599078,43.408982,36349.377957000004,1742.1030728167593,130.22049364999998,60.5193376812933,25.218405480074995,6.937977705139972,11,14,100-300:300-600,False,True,,1848,99.94996664442962
160,2026-10-07T04:28:54.182+00:00,2026-10-07T04:29:31.321+00:00,2026-10-07T04:30:02.429+00:00,True,502,502.0,,502.0,37138.950625,68246.225633,68246.22554099999,135.94865645617529,43.652727,37138.950625,1655.02962982874,131.997454,62.090369277445106,26.28793538142517,7.355718141828804,11,14,100-300:300-600,False,True,,2041,99.94996664442962
161,2026-10-07T04:28:58.531+00:00,2026-10-07T04:29:37.785+00:00,2026-10-07T04:30:08.116+00:00,True,484,484.0,,484.0,39253.161122000005,69584.68726600001,69584.687233,143.7700149442149,44.232073,39253.161122000005,1781.5785938902143,131.75415605,62.798190774327125,26.619050815071763,6.9555532835812395,11,14,100-300:300-600,False,True,,1775,99.94996664442962
162,2026-10-07T04:29:03.180+00:00,2026-10-07T04:29:43.260+00:00,2026-10-07T04:30:11.844+00:00,True,457,457.0,,457.0,40079.085071999994,68663.01492799999,68663.01497999999,150.24729754923413,41.390449000000004,40079.085071999994,1872.0740708540377,132.2589348,62.684056701754386,26.402656367367335,6.655693760013451,11,14,100-300:300-600,False,True,,2034,99.94996664442962
163,2026-10-07T04:29:08.002+00:00,2026-10-07T04:29:48.239+00:00,2026-10-07T04:30:24.944+00:00,True,585,585.0,,585.0,40237.785159,76942.208839,76942.208812,131.52514326837607,37.434585,40237.785159,1661.2488371927213,131.40310540000002,62.850040547945206,27.0398437456054,7.603108993453782,11,14,100-300:300-600,False,True,,2843,99.94996664442962
164,2026-10-07T04:29:12.912+00:00,2026-10-07T04:29:55.586+00:00,2026-10-07T04:30:14.494+00:00,True,304,304.0,,304.0,42673.976555,61581.598186999996,61581.598182,202.57104665131578,44.103252999999995,42673.976555,2444.0803116830148,130.1750786,62.401391524752476,26.096399057429608,4.936539631155188,11,14,100-300:300-600,False,True,,1424,99.94996664442962
165,2026-10-07T04:29:17.251+00:00,2026-10-07T04:29:59.374+00:00,2026-10-07T04:31:08.465+00:00,True,1118,1118.0,,1118.0,42123.182417,111214.136145,111214.135968,99.4759713488372,39.947542999999996,42123.182417,1258.226226702466,129.413827,61.85403198567592,26.554025995242196,10.052678901739268,11,14,1-100:1000-1500,False,True,,2610,99.94996664442962
166,2026-10-07T04:29:21.704+00:00,2026-10-07T04:30:03.680+00:00,2026-10-07T04:30:36.050+00:00,True,519,519.0,,519.0,41976.495149999995,74346.17220599999,74346.17223899999,143.24888678034682,42.517858999999994,41976.495149999995,1840.0204085721714,131.1702238,62.48972404633204,27.139336187730205,6.980857044824628,11,14,100-300:300-600,False,True,,1866,99.94996664442962
167,2026-10-07T04:29:26.094+00:00,2026-10-07T04:30:08.278+00:00,2026-10-07T04:30:27.332+00:00,True,304,304.0,,304.0,42183.959534,61238.447598,61238.447694,201.4422621513158,43.547067999999996,42183.959534,2415.9676975429506,132.943081,62.886099221122116,27.715530012482798,4.964201607389022,11,14,100-300:300-600,False,True,,1381,99.94996664442962
168,2026-10-07T04:29:31.377+00:00,2026-10-07T04:30:14.665+00:00,2026-10-07T04:30:45.667+00:00,True,504,504.0,,504.0,43288.441165,74290.11489299999,74290.115014,147.4010218531746,41.203597,43288.441165,1925.6579279652237,128.57793255,61.63354617892644,26.564976268883857,6.784213494970507,11,14,100-300:300-600,False,True,,2365,99.94996664442962
169,2026-10-07T04:29:36.111+00:00,2026-10-07T04:30:18.650+00:00,2026-10-07T04:30:42.858+00:00,True,394,394.0,,394.0,42538.547018,66746.173258,66746.173256,169.40653110659898,42.287769,42538.547018,2140.1241078941607,129.275334,61.59701333333334,26.71171207844864,5.902960136411661,11,14,100-300:300-600,False,True,,1896,99.94996664442962
170,2026-10-07T04:29:39.810+00:00,2026-10-07T04:30:22.574+00:00,2026-10-07T04:30:57.678+00:00,True,582,582.0,,582.0,42764.959051,77868.279627,77868.27952699999,133.79429471993126,39.179957,42764.959051,1770.349868745953,127.11593665000002,60.41879617211704,25.93987839117148,7.474160245839022,11,14,100-300:300-600,False,True,,2576,99.94996664442962
171,2026-10-07T04:29:43.653+00:00,2026-10-07T04:30:26.297+00:00,2026-10-07T04:30:59.748+00:00,True,556,556.0,,556.0,42644.20585,76095.100442,76095.10026199999,136.86169111870504,43.084191,42644.20585,1806.1356194198609,126.82826374999999,60.271882147747746,25.13229490469309,7.3066465090454225,11,14,100-300:300-600,False,True,,2690,99.94996664442962
172,2026-10-07T04:29:48.832+00:00,2026-10-07T04:30:30.356+00:00,2026-10-07T04:30:55.662+00:00,True,433,433.0,,433.0,41524.459959,66830.416823,66830.416658,154.3427636443418,41.361965,41524.459959,1992.865951574946,125.84914659999998,58.57860385185185,23.889702880270026,6.479085730481049,11,14,100-300:300-600,False,True,,2420,99.94996664442962
173,2026-10-07T04:29:53.924+00:00,2026-10-07T04:30:35.756+00:00,2026-10-07T04:31:44.316+00:00,True,1136,1136.0,,1136.0,41831.514165,110391.478581,110391.478468,97.17559724295775,38.161286,41831.514165,1239.5842591343342,124.173614,60.40525499207048,25.133985537035063,10.290649374412151,11,14,1-100:1000-1500,False,True,,5835,99.94996664442962
174,2026-10-07T04:29:59.084+00:00,2026-10-07T04:30:41.810+00:00,2026-10-07T04:31:14.905+00:00,True,538,538.0,,538.0,42725.540745,75821.087369,75821.087284,140.93138900371747,42.088786,42725.540745,1839.5630824301752,131.0232638,61.63044064059591,26.553574084186813,7.095651337492757,11,14,100-300:300-600,False,True,,2467,99.94996664442962
175,2026-10-07T04:30:04.786+00:00,2026-10-07T04:30:47.705+00:00,2026-10-07T04:31:23.984+00:00,True,587,587.0,,587.0,42919.876901,79198.693925,79198.69385,134.92111388415674,41.891085,42919.876901,1769.1314209815473,129.2090529,61.90924406825939,26.206794895251353,7.411738387452202,11,14,100-300:300-600,False,True,,3181,99.94996664442962
176,2026-10-07T04:30:10.611+00:00,2026-10-07T04:30:56.671+00:00,2026-10-07T04:31:29.925+00:00,True,533,533.0,,533.0,46060.1199,79313.857116,79313.856963,148.80648585928705,40.285025000000005,46060.1199,1992.5549841978266,126.42525219999999,62.50702484210526,26.598543115049406,6.720137178809298,11,14,100-300:300-600,False,True,,2385,99.94996664442962
177,2026-10-07T04:30:16.308+00:00,2026-10-07T04:31:02.101+00:00,2026-10-07T04:32:24.303+00:00,True,1346,1346.0,,1346.0,45792.842934,127994.86943,127994.869377,95.09277071099554,0.013505000000000001,45792.842934,1248.213943626526,126.55856825,61.116748324163574,65.26148924239682,10.516046510255812,11,14,1-100:1000-1500,False,True,,3167,99.94996664442962
178,2026-10-07T04:30:20.565+00:00,2026-10-07T04:31:05.666+00:00,2026-10-07T04:31:37.130+00:00,True,523,523.0,,523.0,45100.215615,76564.632127,76564.632197,146.39509024282984,41.250205,45100.215615,1969.6169867436352,124.9602595,60.276659984674325,24.968647645137715,6.830830181910683,11,14,100-300:300-600,False,True,,2807,99.94996664442962
179,2026-10-07T04:30:24.701+00:00,2026-10-07T04:31:10.625+00:00,2026-10-07T04:31:35.553+00:00,True,415,415.0,,415.0,45924.218850000005,70851.757794,70851.75780200001,170.72712723373496,42.141074,45924.218850000005,2251.5109436227253,123.06565420000001,60.21144672463768,24.718751369033473,5.85729998691922,11,14,100-300:300-600,False,True,,1704,99.94996664442962
180,2026-10-07T04:30:29.000+00:00,2026-10-07T04:31:14.201+00:00,2026-10-07T04:32:18.544+00:00,True,1071,1071.0,,1071.0,45201.350885,109543.975909,109543.975876,102.28195693370681,39.101668,45201.350885,1379.5854621438964,123.20788649999999,60.13329441495327,24.792631642885393,9.776895453289896,11,14,1-100:1000-1500,False,True,,4281,99.94996664442962
181,2026-10-07T04:30:34.112+00:00,2026-10-07T04:31:18.627+00:00,2026-10-07T04:31:45.864+00:00,True,463,463.0,,463.0,44515.857278999996,71752.798847,71752.798859,154.9736476436285,38.72336,44515.857278999996,2066.2197875544075,120.8213983,58.95441897835497,23.406754290083043,6.452709963095163,11,14,100-300:300-600,False,True,,2233,99.94996664442962
182,2026-10-07T04:30:39.496+00:00,2026-10-07T04:31:22.175+00:00,2026-10-07T04:31:43.928+00:00,True,375,375.0,,375.0,42678.726545000005,64431.77716900001,64431.777131,171.81807234933333,42.634527999999996,42678.726545000005,2201.028381034887,109.9420134,58.16323696256684,22.22934942200568,5.820109524783112,11,14,100-300:300-600,False,True,,2026,99.94996664442962
183,2026-10-07T04:30:45.122+00:00,2026-10-07T04:31:27.546+00:00,2026-10-07T04:31:59.582+00:00,True,550,550.0,,550.0,42424.04731,74460.12180600001,74460.121784,135.38203960727273,40.996097999999996,42424.04731,1806.6253825089823,118.26963814999999,58.3535054571949,22.998755870337895,7.386504167062495,11,14,100-300:300-600,False,True,,2444,99.94996664442962
184,2026-10-07T04:30:49.319+00:00,2026-10-07T04:31:32.056+00:00,2026-10-07T04:32:01.839+00:00,True,507,507.0,,507.0,42736.816735,72519.630687,72519.630775,143.0367470907298,41.416805999999994,42736.816735,1895.539179648339,122.2272385,58.85931611067194,23.431998509451255,6.991210451529309,11,14,100-300:300-600,False,True,,2479,99.94996664442962
185,2026-10-07T04:30:52.793+00:00,2026-10-07T04:31:35.730+00:00,2026-10-07T04:31:53.501+00:00,True,303,303.0,,303.0,42936.983049999995,60708.74625,60708.74621,200.35889838283828,41.116383,42936.983049999995,2463.3941003410705,120.74582240000001,58.84689801324503,23.269324736786682,4.991043609305307,11,14,100-300:300-600,False,True,,1211,99.94996664442962
186,2026-10-07T04:30:58.427+00:00,2026-10-07T04:31:39.669+00:00,2026-10-07T04:31:58.899+00:00,True,333,333.0,,333.0,41242.404436,60472.314708,60472.314614999996,181.59854238738737,41.228764000000005,41242.404436,2257.0140048488424,123.00851719999999,57.92141648192771,23.13713949753472,5.50665212019653,11,14,100-300:300-600,False,True,,1462,99.94996664442962
187,2026-10-07T04:31:04.088+00:00,2026-10-07T04:31:46.017+00:00,2026-10-07T04:32:21.788+00:00,True,590,590.0,,590.0,41929.0275,77699.782828,77699.782995,131.69454744915254,42.32043,41929.0275,1723.8831086888906,129.2694853,60.73133332427844,25.792400221844016,7.5933288167105,11,14,100-300:300-600,False,True,,2548,99.94996664442962
188,2026-10-07T04:31:09.270+00:00,2026-10-07T04:31:52.254+00:00,2026-10-07T04:32:27.001+00:00,True,568,568.0,,568.0,42983.937424,77730.27624,77730.276175,136.84907777288734,0.012462999999999998,42983.937424,1803.7224947053683,130.40366465,61.28102083950617,99.2495013628771,7.307319972030501,11,14,100-300:300-600,False,True,,2571,99.94996664442962
189,2026-10-07T04:31:12.875+00:00,2026-10-07T04:31:55.482+00:00,2026-10-07T04:32:18.723+00:00,True,381,381.0,,381.0,42606.828243,65848.249043,65848.248928,172.83004967979002,39.015747000000005,42606.828243,2179.835034792386,131.277979,61.16163368421052,25.98740493030748,5.7860308442097015,11,14,100-300:300-600,False,True,,1006,99.94996664442962
190,2026-10-07T04:31:18.023+00:00,2026-10-07T04:32:02.816+00:00,2026-10-07T04:33:23.512+00:00,True,1298,1298.0,,1298.0,44792.86137300001,125489.042109,125489.04213300001,96.67876897765794,0.013074,44792.86137300001,1243.333756294744,131.4890149,62.21756417579029,66.41049051195269,10.343532615959846,11,14,1-100:1000-1500,False,True,,4150,99.94996664442962
191,2026-10-07T04:31:23.667+00:00,2026-10-07T04:32:09.171+00:00,2026-10-07T04:32:42.576+00:00,True,541,541.0,,541.0,45504.404542000004,78909.171518,78909.17155300001,145.8579880831793,0.012644,45504.404542000004,1956.2079547723497,130.87322,61.86067958518519,98.570705242234,6.855983779738357,11,14,100-300:300-600,False,True,,2148,99.94996664442962
192,2026-10-07T04:31:27.417+00:00,2026-10-07T04:32:13.202+00:00,2026-10-07T04:33:32.065+00:00,True,1281,1281.0,,1281.0,45785.859101,124648.522781,124648.522728,97.30563835128805,0.012353,45785.859101,1279.3439534278061,128.483056,61.611456,68.08036993056521,10.27689676074734,11,14,1-100:1000-1500,False,True,,2134,99.94996664442962
193,2026-10-07T04:31:31.148+00:00,2026-10-07T04:32:17.430+00:00,2026-10-07T04:33:25.852+00:00,True,1105,1105.0,,1105.0,46281.472316,114703.829308,114703.829218,103.80437033303167,0.013004,46281.472316,1392.2045077949888,128.8684974,61.97677263768116,70.62180911470817,9.633505757099707,11,14,1-100:1000-1500,False,True,,1105,99.94996664442962
194,2026-10-07T04:31:36.021+00:00,2026-10-07T04:32:24.258+00:00,2026-10-07T04:32:43.489+00:00,True,336,336.0,,336.0,48236.478575,67468.018031,67468.018104,200.79767292857144,0.013004,48236.478575,2628.545272562615,130.22457425000002,57.40758046567164,29.17801951951401,4.980137401481332,11,14,100-300:300-600,False,True,,1536,99.94996664442962
195,2026-10-07T04:31:41.184+00:00,2026-10-07T04:32:28.767+00:00,2026-10-07T04:32:51.060+00:00,True,356,356.0,,356.0,47583.112294,69876.655206,69876.65532199999,196.28273966853934,43.055951,47583.112294,2518.719767812922,134.86993975,62.79871242816901,27.35982749377942,5.094691481017424,11,14,100-300:300-600,False,True,,1601,99.94996664442962
196,2026-10-07T04:31:45.063+00:00,2026-10-07T04:32:33.913+00:00,2026-10-07T04:33:11.527+00:00,True,599,599.0,,599.0,48850.257628,86463.836124,86463.836208,144.34697196661102,43.520724,48850.257628,1993.584593551858,132.4198356,62.89896069565217,27.33953084401939,6.927751842295764,11,14,100-300:300-600,False,True,,2840,99.94996664442962
197,2026-10-07T04:31:50.392+00:00,2026-10-07T04:32:39.822+00:00,2026-10-07T04:33:49.876+00:00,True,1139,1139.0,,1139.0,49430.214472,119483.998792,119483.998638,104.90254489727832,38.061601,49430.214472,1463.0509577243872,126.88128609999998,61.55868569420035,26.280028488818388,9.532657188539469,11,14,1-100:1000-1500,False,True,,1837,99.94996664442962
198,2026-10-07T04:31:55.781+00:00,2026-10-07T04:32:45.183+00:00,2026-10-07T04:34:16.584+00:00,True,1499,1499.0,,1499.0,49401.753305,140803.437529,140803.437562,93.93157942761842,39.398277,49401.753305,1274.6601674156852,126.7702521,61.01581056341789,25.897496274129576,10.646046902734636,11,14,1-100:1000-1500,False,True,,2390,99.94996664442962
199,2026-10-07T04:32:00.290+00:00,2026-10-07T04:32:49.029+00:00,2026-10-07T04:33:17.341+00:00,True,457,457.0,,457.0,48738.936297,77050.835945,77050.836066,168.60139182932167,41.520683,48738.936297,2277.165092804711,129.2755252,62.08749922807018,26.86653862258865,5.931149148416939,11,14,100-300:300-600,False,True,,1938,99.94996664442962
200,2026-10-07T04:32:06.321+00:00,2026-10-07T04:32:54.923+00:00,2026-10-07T04:33:13.566+00:00,True,301,301.0,,301.0,48602.518689000004,67245.533089,67245.53297900001,223.40708630897012,42.829344,48602.518689000004,2797.945180773751,128.465442,62.14338133333334,26.434496810727527,4.476133747079142,11,14,100-300:300-600,False,True,,1496,99.94996664442962
201,2026-10-07T04:32:11.096+00:00,2026-10-07T04:33:02.398+00:00,2026-10-07T04:33:36.651+00:00,True,569,569.0,,569.0,51302.364994999996,85555.033155,85555.03313499999,150.3603394288225,42.223777999999996,51302.364994999996,2148.3224347145815,125.2443468,60.30399323943662,24.851231759547655,6.650689959632685,11,14,100-300:300-600,False,True,,2739,99.94996664442962
202,2026-10-07T04:32:15.051+00:00,2026-10-07T04:33:07.140+00:00,2026-10-07T04:33:33.672+00:00,True,440,440.0,,440.0,52089.455577,78621.041369,78621.041423,178.68418505227274,42.473137,52089.455577,2480.512826271393,126.32080275,60.4364141047836,25.095455677446548,5.59646619198166,11,14,100-300:300-600,False,True,,1965,99.94996664442962
203,2026-10-07T04:32:20.411+00:00,2026-10-07T04:33:10.873+00:00,2026-10-07T04:34:20.880+00:00,True,1157,1157.0,,1157.0,50462.603236,120469.700836,120469.700907,104.1224726940363,38.469247,50462.603236,1481.9931483016048,126.1459064,60.559773010380624,25.596452893087363,9.604074650895566,11,14,1-100:1000-1500,False,True,,5722,99.94996664442962
204,2026-10-07T04:32:24.257+00:00,2026-10-07T04:33:13.164+00:00,2026-10-07T04:33:44.888+00:00,True,526,526.0,,526.0,48906.456603,80630.853915,80630.853822,153.29059661977186,42.460464,48906.456603,2129.9374061977237,125.89421700000001,60.42742345142857,25.244667357315024,6.523557353795389,11,14,100-300:300-600,False,True,,1051,99.94996664442962
205,2026-10-07T04:32:29.252+00:00,2026-10-07T04:33:17.950+00:00,2026-10-07T04:33:46.336+00:00,True,470,470.0,,470.0,48698.376809,77084.00240900001,77084.002477,164.00851590851065,42.072449,48698.376809,2243.636642862561,124.93449785000001,60.523721961620474,25.070452105274086,6.09724437382256,11,14,100-300:300-600,False,True,,2005,99.94996664442962
206,2026-10-07T04:32:33.746+00:00,2026-10-07T04:33:22.033+00:00,2026-10-07T04:33:53.911+00:00,True,535,535.0,,535.0,48286.91656400001,80164.822484,80164.822392,149.84078951775703,40.939904000000006,48286.91656400001,2085.1946629824906,126.73166640000001,59.69645303370786,25.043787414641066,6.673750198932705,11,14,100-300:300-600,False,True,,1582,99.94996664442962
207,2026-10-07T04:32:38.460+00:00,2026-10-07T04:33:27.361+00:00,2026-10-07T04:33:52.759+00:00,True,425,425.0,,425.0,48901.082701,74298.44897299999,74298.449095,174.81988022352942,38.914559000000004,48901.082701,2369.27579359547,125.64545440000002,59.89944875471698,24.887907341649978,5.720173245533628,11,14,100-300:300-600,False,True,,1584,99.94996664442962
208,2026-10-07T04:32:44.501+00:00,2026-10-07T04:33:34.238+00:00,2026-10-07T04:34:08.787+00:00,True,567,567.0,,567.0,49737.090141999994,84285.652062,84285.652017,148.65194359259257,42.11089,49737.090141999994,2086.361393653182,126.9466381,61.03986204946996,26.13234561759804,6.727123610349699,11,14,100-300:300-600,False,True,,2334,99.94996664442962
209,2026-10-07T04:32:49.955+00:00,2026-10-07T04:33:38.363+00:00,2026-10-07T04:34:03.956+00:00,True,426,426.0,,426.0,48407.350495,74000.266975,74000.266939,173.7095468051643,40.831753,48407.350495,2342.566368593891,126.85244974999999,60.2186270117647,25.6567975142798,5.756735987775806,11,14,100-300:300-600,False,True,,2134,99.94996664442962
210,2026-10-07T04:32:55.701+00:00,2026-10-07T04:33:43.248+00:00,2026-10-07T04:34:17.856+00:00,True,575,575.0,,575.0,47546.717660999995,82155.158237,82155.15819599999,142.87853599304347,42.319541,47546.717660999995,1980.4895356578331,126.9894942,60.293450480836235,25.875846582572613,6.998951889804027,11,14,100-300:300-600,False,True,,2208,99.94996664442962
211,2026-10-07T04:33:01.118+00:00,2026-10-07T04:33:46.680+00:00,2026-10-07T04:34:12.810+00:00,True,440,440.0,,440.0,45562.781780000005,71692.15573200001,71692.155564,162.9367171909091,41.017442,45562.781780000005,2169.4264942475547,126.9938266,59.52021401366743,24.990493981995314,6.137352064636056,11,14,100-300:300-600,False,True,,1639,99.94996664442962
212,2026-10-07T04:33:05.443+00:00,2026-10-07T04:33:53.095+00:00,2026-10-07T04:34:12.160+00:00,True,320,320.0,,320.0,47651.969581,66717.733165,66717.733067,208.492915834375,41.42745,47651.969581,2660.6051540006333,125.45061045,59.76728396238244,25.32632688980148,4.796326026374521,11,14,100-300:300-600,False,True,,1335,99.94996664442962
213,2026-10-07T04:33:08.858+00:00,2026-10-07T04:33:56.895+00:00,2026-10-07T04:34:20.015+00:00,True,381,381.0,,381.0,48036.629262999995,71157.039119,71157.03901,186.7638819160105,42.658885999999995,48036.629262999995,2458.0115728951737,127.354865,60.84318383157895,26.042064545443594,5.354354322737233,11,14,100-300:300-600,False,True,,1860,99.94996664442962
214,2026-10-07T04:33:13.105+00:00,2026-10-07T04:34:00.632+00:00,2026-10-07T04:34:26.422+00:00,True,424,424.0,,424.0,47526.53124800001,73316.93304,73316.932964,172.91729472641512,40.115,47526.53124800001,2305.2782341277843,126.27837695,60.970217002364066,26.047695192867824,5.783111518981236,11,14,100-300:300-600,False,True,,1995,99.94996664442962
215,2026-10-07T04:33:18.334+00:00,2026-10-07T04:34:05.515+00:00,2026-10-07T04:35:35.700+00:00,True,1478,1478.0,,1478.0,47181.138601000006,137365.73687300002,137365.73694,92.94028209742896,24.505770000000002,47181.138601000006,1225.9342406622316,126.88712635,61.059308241029115,26.09999664908667,10.759597215763264,11,14,1-100:1000-1500,False,True,,1478,99.94996664442962
216,2026-10-07T04:33:24.447+00:00,2026-10-07T04:34:12.336+00:00,2026-10-07T04:34:35.065+00:00,True,378,378.0,,378.0,47888.921107,70617.711379,70617.711343,186.81934217724867,27.724342,47888.921107,2460.1699311978055,124.869983,60.2885683607427,25.375336018221777,5.352764803879046,11,14,100-300:300-600,False,True,,2329,99.94996664442962
217,2026-10-07T04:33:29.105+00:00,2026-10-07T04:34:15.639+00:00,2026-10-07T04:34:37.063+00:00,True,359,359.0,,359.0,46534.448823,67958.380215,67958.380063,189.29910881058495,33.830534,46534.448823,2452.9628851448247,123.0439531,59.843383776536314,24.997976189154855,5.282645037510185,11,14,100-300:300-600,False,True,,1705,99.94996664442962
218,2026-10-07T04:33:33.855+00:00,2026-10-07T04:34:20.116+00:00,2026-10-07T04:34:47.337+00:00,True,451,451.0,,451.0,46260.889713,73481.71684899999,73481.71695,162.93063625277162,26.074901,46260.889713,2175.6345382123095,122.40101800000001,60.490726968888886,24.947069413647817,6.137581147250204,11,14,100-300:300-600,False,True,,1886,99.94996664442962
219,2026-10-07T04:33:39.966+00:00,2026-10-07T04:34:26.126+00:00,2026-10-07T04:34:45.863+00:00,True,328,328.0,,328.0,46159.173193,65896.787529,65896.787536,200.9048400487805,27.999327,46159.173193,2545.505807476859,123.7317449,60.35967686850153,25.228858875532605,4.977480880318378,11,14,100-300:300-600,False,True,,1695,99.94996664442962
220,2026-10-07T04:33:45.358+00:00,2026-10-07T04:34:31.186+00:00,2026-10-07T04:34:57.182+00:00,True,434,434.0,,434.0,45828.498057,71823.997065,71823.997276,165.493081281106,38.621712,45828.498057,2197.099441268552,123.89299129999999,60.03579447575058,25.09142275538845,6.042548698692365,11,14,100-300:300-600,False,True,,2491,99.94996664442962
221,2026-10-07T04:33:51.169+00:00,2026-10-07T04:34:36.757+00:00,2026-10-07T04:35:46.837+00:00,True,1147,1147.0,,1147.0,45588.631146,115668.567658,115668.567805,100.84443574978204,40.96845,45588.631146,1344.5453247257674,127.98576819999998,61.15177706108203,26.382649396453424,9.91626353834831,11,14,1-100:1000-1500,False,True,,2417,99.94996664442962
222,2026-10-07T04:33:55.835+00:00,2026-10-07T04:34:40.112+00:00,2026-10-07T04:36:03.282+00:00,True,1362,1362.0,,1362.0,44277.679239,127447.10976699999,127447.10971599999,93.57350199412629,0.011502,44277.679239,1200.9408365667932,127.33095349999999,61.10905990301249,82.44758126157838,10.686786091030399,11,14,1-100:1000-1500,False,True,,5261,99.94996664442962
223,2026-10-07T04:34:01.163+00:00,2026-10-07T04:34:44.727+00:00,2026-10-07T04:36:02.800+00:00,True,1268,1268.0,,1268.0,43563.712688,121636.490928,121636.490985,95.92783200709779,0.011652,43563.712688,1224.5898104114679,128.17617615,61.6201880347277,84.68509186048874,10.42450329112638,11,14,1-100:1000-1500,False,True,,4379,99.94996664442962
224,2026-10-07T04:34:05.741+00:00,2026-10-07T04:34:49.552+00:00,2026-10-07T04:35:20.373+00:00,True,510,510.0,,510.0,43811.488527999994,74632.23732799999,74632.237419,146.33772042941175,41.803915,43811.488527999994,1937.4941911352103,126.96579484999998,60.55156935166994,25.701331947835847,6.833508122751424,11,14,100-300:300-600,False,True,,2257,99.94996664442962
225,2026-10-07T04:34:09.293+00:00,2026-10-07T04:34:53.170+00:00,2026-10-07T04:35:18.538+00:00,True,422,422.0,,422.0,43877.035104,69244.265568,69244.265634,164.08593752132703,42.023718,43877.035104,2133.1161024740036,127.6018848,60.25470419002375,25.208595177639168,6.09436747633034,11,14,100-300:300-600,False,True,,852,99.94996664442962
226,2026-10-07T04:34:14.383+00:00,2026-10-07T04:34:59.406+00:00,2026-10-07T04:35:31.061+00:00,True,511,511.0,,511.0,45022.603196000004,76678.249148,76678.249043,150.05528188454014,42.248329,45022.603196000004,1989.1210332269332,131.637102,62.06989402352941,27.091587225254337,6.664210590068336,11,14,100-300:300-600,False,True,,2534,99.94996664442962
227,2026-10-07T04:34:18.749+00:00,2026-10-07T04:35:03.128+00:00,2026-10-07T04:35:28.712+00:00,True,418,418.0,,418.0,44379.211364,69963.458404,69963.458306,167.37669451196172,43.683287,44379.211364,2167.8168532986138,130.37453090000002,61.35311040767386,26.33229729769634,5.974547421402224,11,14,100-300:300-600,False,True,,2059,99.94996664442962
228,2026-10-07T04:34:24.810+00:00,2026-10-07T04:35:09.239+00:00,2026-10-07T04:35:37.800+00:00,True,455,455.0,,455.0,44428.316459,72989.525291,72989.525176,160.41653884835165,42.696968999999996,44428.316459,2080.071290922353,132.7827943,62.9101516123348,28.067990672113,6.233771190947915,11,14,100-300:300-600,False,True,,1653,99.94996664442962
229,2026-10-07T04:34:28.507+00:00,2026-10-07T04:35:14.541+00:00,2026-10-07T04:35:35.207+00:00,True,327,327.0,,327.0,46034.180998,66700.315526,66700.315445,203.9764998318043,41.636480999999996,46034.180998,2542.355897264235,134.3827242,63.3930506993865,29.054386905272914,4.9025255341188645,11,14,100-300:300-600,False,True,,1541,99.94996664442962
230,2026-10-07T04:34:33.406+00:00,2026-10-07T04:35:19.349+00:00,2026-10-07T04:36:39.796+00:00,True,1327,1327.0,,1327.0,45942.809737999996,126389.632394,126389.63258199999,95.24463645968349,0.011231,45942.809737999996,1262.1766420102967,125.81283219999999,60.66879536651584,81.7392583676335,10.499278895465762,11,14,1-100:1000-1500,False,True,,2653,99.94996664442962
231,2026-10-07T04:34:37.380+00:00,2026-10-07T04:35:25.254+00:00,2026-10-07T04:35:59.837+00:00,True,563,563.0,,563.0,47874.009659,82457.163067,82457.163299,146.46032557548847,41.997498,47874.009659,2015.2272085737889,127.27722560000001,61.53586015658363,26.32826682133951,6.827787654330749,11,14,100-300:300-600,False,True,,2719,99.94996664442962
232,2026-10-07T04:34:42.916+00:00,2026-10-07T04:35:29.021+00:00,2026-10-07T04:35:48.332+00:00,True,320,320.0,,320.0,46105.69656800001,65416.70021600001,65416.70030900001,204.42718846562502,42.114186000000004,46105.69656800001,2574.129545051496,127.96231530000001,60.536061592476486,25.591971939911577,4.891717236476145,11,14,100-300:300-600,False,True,,1462,99.94996664442962
233,2026-10-07T04:34:48.307+00:00,2026-10-07T04:35:34.869+00:00,2026-10-07T04:36:10.609+00:00,True,596,596.0,,596.0,46562.343085,82301.619117,82301.618992,138.08996475167785,0.011590999999999999,46562.343085,1908.2479992712863,125.01093650000001,60.06601013781513,114.6339681383701,7.241655831250735,11,14,100-300:300-600,False,True,,2633,99.94996664442962
234,2026-10-07T04:34:51.750+00:00,2026-10-07T04:35:35.845+00:00,2026-10-07T04:36:37.957+00:00,True,1037,1037.0,,1037.0,44094.205375,106206.119359,106206.11942799999,102.4167014734812,0.011201000000000001,44094.205375,1370.4046609625586,124.10577619999998,59.95358492664093,90.47250270152132,9.764032489453008,11,14,1-100:1000-1500,False,True,,1621,99.94996664442962
235,2026-10-07T04:34:55.289+00:00,2026-10-07T04:35:38.614+00:00,2026-10-07T04:36:14.026+00:00,True,598,598.0,,598.0,43324.998739,78736.344403,78736.34440100001,131.66612776086956,0.011401,43324.998739,1772.919057056824,123.43434425,59.31548687437186,113.85862283452192,7.5949677945324465,11,14,100-300:300-600,False,True,,2936,99.94996664442962
236,2026-10-07T04:34:59.612+00:00,2026-10-07T04:35:43.511+00:00,2026-10-07T04:36:09.871+00:00,True,446,446.0,,446.0,43898.507130000005,70259.06137000001,70259.06130500001,157.5315275896861,0.011121,43898.507130000005,2080.276565512918,119.86007300000001,59.23720053932584,135.79574859713054,6.3479356442190955,11,14,100-300:300-600,False,True,,2249,99.94996664442962
237,2026-10-07T04:35:03.147+00:00,2026-10-07T04:35:49.478+00:00,2026-10-07T04:36:17.749+00:00,True,472,472.0,,472.0,46330.789786,74602.38120999999,74602.38119500001,158.05589236228815,0.011531000000000001,46330.789786,2133.7721196412854,125.78876840000001,60.02461024203822,130.52660248376384,6.326875795979704,11,14,100-300:300-600,False,True,,2119,99.94996664442962
238,2026-10-07T04:35:07.003+00:00,2026-10-07T04:35:52.838+00:00,2026-10-07T04:36:22.729+00:00,True,499,499.0,,499.0,45835.172887999994,75726.031896,75726.031947,151.75557504408818,0.013396000000000002,45835.172887999994,2053.2690565756593,122.69671349999999,60.02180523694779,129.6935844303214,6.589543747456787,11,14,100-300:300-600,False,True,,2115,99.94996664442962
239,2026-10-07T04:35:11.734+00:00,2026-10-07T04:35:57.873+00:00,2026-10-07T04:36:33.495+00:00,True,591,591.0,,591.0,46138.995002999996,81760.929595,81760.929506,138.34336633840948,0.011420999999999999,46138.995002999996,1899.1139778823913,122.79163150000001,60.37616032542373,118.47580291093125,7.228391395835377,11,14,100-300:300-600,False,True,,2706,99.94996664442962
240,2026-10-07T04:35:17.543+00:00,2026-10-07T04:36:02.728+00:00,2026-10-07T04:36:28.545+00:00,True,450,450.0,,450.0,45184.44343199999,71001.890856,71001.890999,157.78197999777777,0.011912,45184.44343199999,2127.4724259522113,122.67857335000001,57.499882904231626,26.75813948480407,6.337859380571311,11,14,100-300:300-600,False,True,,1989,99.94996664442962
241,2026-10-07T04:35:21.279+00:00,2026-10-07T04:36:03.932+00:00,2026-10-07T04:36:21.793+00:00,True,311,311.0,,311.0,42653.41386,60514.087652,60514.087643,194.57905994533763,39.675828,42653.41386,2415.490971319339,118.74688699999999,57.6150767483871,22.538892534206607,5.1392991626755755,11,14,100-300:300-600,False,True,,1542,99.94996664442962
242,2026-10-07T04:35:27.377+00:00,2026-10-07T04:36:11.816+00:00,2026-10-07T04:36:43.985+00:00,True,534,534.0,,534.0,44439.059416000004,76607.97410400001,76607.97397800001,143.4606254269663,29.980339,44439.059416000004,1920.61813642513,124.0880229,60.35443656285178,25.10298854232869,6.970553734720387,11,14,100-300:300-600,False,True,,2744,99.94996664442962
243,2026-10-07T04:35:33.321+00:00,2026-10-07T04:36:18.456+00:00,2026-10-07T04:36:42.542+00:00,True,397,397.0,,397.0,45135.004076,69221.766572,69221.766685,174.36213270780857,29.518724,45135.004076,2262.348228101525,124.5239694,60.82515781818182,25.20321968357673,5.735190239432367,11,14,100-300:300-600,False,True,,1116,99.94996664442962
244,2026-10-07T04:35:38.559+00:00,2026-10-07T04:36:23.324+00:00,2026-10-07T04:36:52.405+00:00,True,481,481.0,,481.0,44764.687660999996,73845.13617299999,73845.136109,153.5241914948025,25.475887999999998,44764.687660999996,2038.482316404962,124.029896,60.584267733333334,24.808660568660688,6.513631430960353,11,14,100-300:300-600,False,True,,2345,99.94996664442962
245,2026-10-07T04:35:42.985+00:00,2026-10-07T04:36:27.053+00:00,2026-10-07T04:37:01.165+00:00,True,566,566.0,,566.0,44067.730175,78179.671551,78179.671513,138.126628114841,28.49182,44067.730175,1849.9324977853466,125.00892675000001,60.37511747964602,24.75871004115208,7.239733664406271,11,14,100-300:300-600,False,True,,2999,99.94996664442962
246,2026-10-07T04:35:47.927+00:00,2026-10-07T04:36:30.379+00:00,2026-10-07T04:37:01.721+00:00,True,525,525.0,,525.0,42452.173412000004,73794.052964,73794.052934,140.56010082666668,27.726716,42452.173412000004,1850.3103441906892,123.52725299999999,59.81274723664122,24.052758105518894,7.114394438480269,11,14,100-300:300-600,False,True,,2863,99.94996664442962
247,2026-10-07T04:35:52.715+00:00,2026-10-07T04:36:37.678+00:00,2026-10-07T04:37:10.917+00:00,True,551,551.0,,551.0,44963.302909000005,78202.837245,78202.83731700001,141.92892435027224,31.087914,44963.302909000005,1913.0875022844807,123.7696675,60.43551697454546,24.84462543943838,7.04578017129716,11,14,100-300:300-600,False,True,,2397,99.94996664442962
248,2026-10-07T04:35:56.410+00:00,2026-10-07T04:36:41.596+00:00,2026-10-07T04:37:53.004+00:00,True,1180,1180.0,,1180.0,45185.221045,116593.98418099999,116593.984171,98.8084611618644,21.532087999999998,45185.221045,1313.8742928754261,127.34268920000001,60.56722912298558,25.37411623836321,10.120590768801357,11,14,1-100:1000-1500,False,True,,1573,99.94996664442962
249,2026-10-07T04:36:02.790+00:00,2026-10-07T04:36:45.565+00:00,2026-10-07T04:37:19.913+00:00,True,576,576.0,,576.0,42775.241768,77123.004712,77123.004777,133.894105515625,41.829392999999996,42775.241768,1779.9777427483268,123.30467775000001,59.73523990260869,24.254588308000756,7.468588680523451,11,14,100-300:300-600,False,True,,2026,99.94996664442962
250,2026-10-07T04:36:06.549+00:00,2026-10-07T04:36:50.653+00:00,2026-10-07T04:37:22.157+00:00,True,527,527.0,,527.0,44103.946662,75608.654502,75608.654509,143.46993265464897,39.847049,44103.946662,1918.752847762149,125.4959715,59.894881825095055,25.096269728078326,6.970101550822594,11,14,100-300:300-600,False,True,,1938,99.94996664442962
251,2026-10-07T04:36:11.721+00:00,2026-10-07T04:36:55.899+00:00,2026-10-07T04:37:18.409+00:00,True,383,383.0,,383.0,44177.930657,66688.306081,66688.30615,174.12090378590077,39.202621,44177.930657,2254.505399992019,124.6494624,58.92768435602094,24.210543921639072,5.743135828563496,11,14,100-300:300-600,False,True,,1675,99.94996664442962
252,2026-10-07T04:36:16.068+00:00,2026-10-07T04:37:00.628+00:00,2026-10-07T04:37:20.712+00:00,True,337,337.0,,337.0,44560.663166,64644.44147,64644.441429,191.82326833531158,40.582966,44560.663166,2424.244637974482,124.72956500000001,59.773149714285715,24.82110856880651,5.213131900232968,11,14,100-300:300-600,False,True,,1135,99.94996664442962
253,2026-10-07T04:36:20.356+00:00,2026-10-07T04:37:03.555+00:00,2026-10-07T04:38:31.012+00:00,True,1434,1434.0,,1434.0,43198.632813000004,130655.739757,130655.73969100001,91.11278918479778,22.674158,43198.632813000004,1139.4379128275384,128.2536422,61.030779444521976,25.562602003286116,10.975407606791896,11,14,1-100:1000-1500,False,True,,5301,99.94996664442962
254,2026-10-07T04:36:26.301+00:00,2026-10-07T04:37:07.925+00:00,2026-10-07T04:37:29.381+00:00,True,366,366.0,,366.0,41623.95232,63079.922624,63079.922708,172.34951559562842,40.236807999999996,41623.95232,2172.780601940292,127.23197325,58.78348028493151,24.20178544773958,5.80216310951447,11,14,100-300:300-600,False,True,,1657,99.94996664442962
255,2026-10-07T04:36:30.213+00:00,2026-10-07T04:37:13.618+00:00,2026-10-07T04:37:45.593+00:00,True,515,515.0,,515.0,43404.661801,75379.857193,75379.857076,146.36865451650485,41.406861,43404.661801,1910.0834448043558,129.7445964,62.2085513463035,26.73593195617127,6.832063885202271,11,14,100-300:300-600,False,True,,2474,99.94996664442962
256,2026-10-07T04:36:34.603+00:00,2026-10-07T04:37:19.168+00:00,2026-10-07T04:37:49.470+00:00,True,489,489.0,,489.0,44564.206106,74866.714394,74866.714241,153.10166511451942,26.552816,44564.206106,2012.6298598039514,129.7818058,62.09530386885246,26.555824021679218,6.531607590344444,11,14,100-300:300-600,False,True,,1962,99.94996664442962
257,2026-10-07T04:36:38.847+00:00,2026-10-07T04:37:22.677+00:00,2026-10-07T04:37:44.460+00:00,True,351,351.0,,351.0,43830.078303,65613.095519,65613.095458,186.9318958917379,43.747235999999994,43830.078303,2336.3037765912295,130.7725795,62.23719204571429,26.445070215992494,5.349541844102733,11,14,100-300:300-600,False,True,,1601,99.94996664442962
258,2026-10-07T04:36:43.027+00:00,2026-10-07T04:37:29.165+00:00,2026-10-07T04:37:57.119+00:00,True,453,453.0,,453.0,46137.93933,74091.96173000001,74091.961684,163.5584143134658,24.905399000000003,46137.93933,2165.002561677283,130.5834638,61.84518230088496,26.251810473531354,6.114023565076955,11,14,100-300:300-600,False,True,,2081,99.94996664442962
259,2026-10-07T04:36:47.465+00:00,2026-10-07T04:37:33.154+00:00,2026-10-07T04:38:04.948+00:00,True,519,519.0,,519.0,45689.296311,77483.373239,77483.373309,149.29359019075144,22.697532,45689.296311,2003.0079940522257,130.6421473,61.37852688803088,25.710433666438284,6.698211220091407,11,14,100-300:300-600,False,True,,2551,99.94996664442962
260,2026-10-07T04:36:53.231+00:00,2026-10-07T04:37:38.558+00:00,2026-10-07T04:38:00.941+00:00,True,363,363.0,,363.0,45326.839298,67709.802242,67709.802163,186.52838061432507,25.802701000000003,45326.839298,2375.942485134327,131.6829844,61.8313893480663,26.349661908787624,5.361114461723138,11,14,100-300:300-600,False,True,,1777,99.94996664442962
261,2026-10-07T04:36:57.596+00:00,2026-10-07T04:37:42.130+00:00,2026-10-07T04:38:05.368+00:00,True,386,386.0,,386.0,44533.78322999999,67771.71218999999,67771.712225,175.57438400259065,28.715308,44533.78322999999,2263.7713497527407,130.09244875000002,60.358257038961035,24.62773048354134,5.6955916786909215,11,14,100-300:300-600,False,True,,1995,99.94996664442962
262,2026-10-07T04:37:03.093+00:00,2026-10-07T04:37:48.495+00:00,2026-10-07T04:39:04.214+00:00,True,1231,1231.0,,1231.0,45402.023361,121120.545217,121120.545088,98.3919943850528,26.090349999999997,45402.023361,1292.5479532728075,129.261748,61.55977386666667,26.283361271285035,10.163428490142081,11,14,1-100:1000-1500,False,True,,4927,99.94996664442962
263,2026-10-07T04:37:09.318+00:00,2026-10-07T04:37:58.231+00:00,2026-10-07T04:38:29.196+00:00,True,504,504.0,,504.0,48913.225397,79878.068661,79878.06867400001,158.48823149603174,42.643699,48913.225397,2176.1807384173926,127.94927520000002,61.5603245805169,25.967354570452937,6.309616750236665,11,14,100-300:300-600,False,True,,2207,99.94996664442962
264,2026-10-07T04:37:13.279+00:00,2026-10-07T04:38:02.824+00:00,2026-10-07T04:38:38.823+00:00,True,582,582.0,,582.0,49545.015349,85544.192565,85544.192727,146.9831490154639,41.689721,49545.015349,2051.310890958699,129.34996195000002,61.960718099827886,26.608454720100696,6.803501003972565,11,14,100-300:300-600,False,True,,2786,99.94996664442962
265,2026-10-07T04:37:17.690+00:00,2026-10-07T04:38:08.581+00:00,2026-10-07T04:38:45.627+00:00,True,597,597.0,,597.0,50891.037577,87937.778313,87937.77829,147.29946112227807,25.479986,50891.037577,2080.462302548692,129.5571702,62.15896096644295,26.990094607189427,6.788891093826331,11,14,100-300:300-600,False,True,,2616,99.94996664442962
266,2026-10-07T04:37:22.810+00:00,2026-10-07T04:38:13.287+00:00,2026-10-07T04:38:33.475+00:00,True,334,334.0,,334.0,50476.351876,70664.86771600001,70664.867749,211.5714603263473,41.824233,50476.351876,2758.7419559164555,126.33607505,60.62617369369369,25.35642147090412,4.726535417038295,11,14,100-300:300-600,False,True,,1646,99.94996664442962
267,2026-10-07T04:37:27.389+00:00,2026-10-07T04:38:16.200+00:00,2026-10-07T04:38:42.125+00:00,True,424,424.0,,424.0,48811.052978,74736.023474,74736.023477,176.26420631367924,29.159241,48811.052978,2367.651111381043,130.8160647,61.28834632624113,26.97021818935441,5.673301579224453,11,14,100-300:300-600,False,True,,1859,99.94996664442962
268,2026-10-07T04:37:31.931+00:00,2026-10-07T04:38:19.629+00:00,2026-10-07T04:38:44.932+00:00,True,418,418.0,,418.0,47698.822411,73001.151243,73001.151276,174.6439025741627,26.27745,47698.822411,2330.203391444779,129.67622665000002,60.677047558752996,26.07439308365711,5.725937096643823,11,14,100-300:300-600,False,True,,1850,99.94996664442962
269,2026-10-07T04:37:36.994+00:00,2026-10-07T04:38:27.707+00:00,2026-10-07T04:38:58.733+00:00,True,499,499.0,,499.0,50712.784752,81739.48836799999,81739.488438,163.8065900561122,26.316984,50712.784752,2267.589830674196,130.60751790000003,62.30261770281125,27.202848997962715,6.104760501478162,11,14,100-300:300-600,False,True,,2066,99.94996664442962
270,2026-10-07T04:37:41.404+00:00,2026-10-07T04:38:32.273+00:00,2026-10-07T04:39:04.904+00:00,True,528,528.0,,528.0,50868.843039,83499.613471,83499.613315,158.14320703598486,27.99027,50868.843039,2211.251430245189,129.50007365000002,61.91797045920303,26.941886246125904,6.323382564919035,11,14,100-300:300-600,False,True,,2411,99.94996664442962
271,2026-10-07T04:37:46.140+00:00,2026-10-07T04:38:37.057+00:00,2026-10-07T04:39:07.241+00:00,True,492,492.0,,492.0,50917.055872000004,81101.104768,81101.104703,164.83964370528457,29.834485,50917.055872000004,2292.8985469206664,128.1523145,61.474641336048876,26.417543442262186,6.066501823957003,11,14,100-300:300-600,False,True,,2240,99.94996664442962
272,2026-10-07T04:37:49.855+00:00,2026-10-07T04:38:40.847+00:00,2026-10-07T04:39:05.242+00:00,True,399,399.0,,399.0,50991.441528999996,75386.07423299999,75386.074052,188.93752895238094,38.169003,50991.441528999996,2549.8333971523257,130.1920433,61.29304699497487,26.451243262760315,5.292754717095205,11,14,100-300:300-600,False,True,,1786,99.94996664442962
273,2026-10-07T04:37:55.543+00:00,2026-10-07T04:38:46.253+00:00,2026-10-07T04:39:19.054+00:00,True,538,538.0,,538.0,50709.420491,83510.303435,83510.30331,155.22361210037175,40.692843,50709.420491,2183.755778885819,125.09095395,61.08171870391061,25.690660240351068,6.442318826188325,11,14,100-300:300-600,False,True,,2542,99.94996664442962
274,2026-10-07T04:37:59.799+00:00,2026-10-07T04:38:51.258+00:00,2026-10-07T04:39:13.088+00:00,True,358,358.0,,358.0,51458.419843,73288.181123,73288.181085,204.71558962290504,41.107129,51458.419843,2716.5534923900564,127.0130717,61.14779070028011,25.9139649078163,4.884825827498249,11,14,100-300:300-600,False,True,,1640,99.94996664442962
275,2026-10-07T04:38:04.302+00:00,2026-10-07T04:38:55.992+00:00,2026-10-07T04:39:16.566+00:00,True,339,339.0,,339.0,51690.539079999995,72264.261704,72264.261868,213.16891406489674,42.39439,51690.539079999995,2804.2531734648123,124.77294280000002,60.86900184615385,25.36867287075014,4.691115525244971,11,14,100-300:300-600,False,True,,1519,99.94996664442962
276,2026-10-07T04:38:08.354+00:00,2026-10-07T04:38:59.584+00:00,2026-10-07T04:39:22.618+00:00,True,377,377.0,,377.0,51229.248102,74263.93610199999,74263.936135,196.98656799734746,42.224883,51229.248102,2635.4132866074533,125.083079,61.26246808510638,26.00384002289777,5.07648826318872,11,14,100-300:300-600,False,True,,1625,99.94996664442962
277,2026-10-07T04:38:13.718+00:00,2026-10-07T04:39:05.047+00:00,2026-10-07T04:39:31.812+00:00,True,444,444.0,,444.0,51328.845076,78093.511956,78093.51207699999,175.8862884617117,40.281582,51328.845076,2433.220349060274,123.6729282,60.41685525959368,25.02693267896351,5.685491520091472,11,14,100-300:300-600,False,True,,1961,99.94996664442962
278,2026-10-07T04:38:17.112+00:00,2026-10-07T04:39:09.441+00:00,2026-10-07T04:39:44.861+00:00,True,588,588.0,,588.0,52328.974560999995,87748.969441,87748.969344,149.2329410612245,39.811311,52328.974560999995,2155.661988479154,122.50248110000001,60.3407067802385,24.576058217854484,6.700933398372902,11,14,100-300:300-600,False,True,,2700,99.94996664442962
279,2026-10-07T04:38:20.724+00:00,2026-10-07T04:39:12.015+00:00,2026-10-07T04:39:36.296+00:00,True,403,403.0,,403.0,51291.063838,75571.22255800001,75571.222573,187.52164410173697,41.085871,51291.063838,2552.107179239801,123.9585692,60.398404776119406,25.387338172960476,5.332717751002405,11,14,100-300:300-600,False,True,,1565,99.94996664442962
280,2026-10-07T04:38:25.647+00:00,2026-10-07T04:39:16.738+00:00,2026-10-07T04:39:47.082+00:00,True,503,503.0,,503.0,51090.138397,81434.810397,81434.810401,161.8982314135189,41.543797,51090.138397,2275.434484691909,120.52443380000001,60.44755378486056,24.62899195993961,6.176719728919885,11,14,100-300:300-600,False,True,,2619,99.94996664442962
281,2026-10-07T04:38:31.579+00:00,2026-10-07T04:39:20.596+00:00,2026-10-07T04:39:52.221+00:00,True,527,527.0,,527.0,49016.512986,80641.300954,80641.300819,153.01954614611006,40.907754999999995,49016.512986,2132.7153615811585,123.8119912,60.123171041825096,24.59265557932629,6.535112823894237,11,14,100-300:300-600,False,True,,2358,99.94996664442962
282,2026-10-07T04:38:36.437+00:00,2026-10-07T04:39:25.314+00:00,2026-10-07T04:39:55.116+00:00,True,495,495.0,,495.0,48877.697307999995,78679.23663599999,78679.236697,158.94795292323232,40.595841,48877.697307999995,2194.315667390729,123.83568379999998,60.32700268825911,24.638093647517298,6.291367597909699,11,14,100-300:300-600,False,True,,2029,99.94996664442962
283,2026-10-07T04:38:40.197+00:00,2026-10-07T04:39:29.763+00:00,2026-10-07T04:40:39.145+00:00,True,1145,1145.0,,1145.0,49566.239795,118948.128051,118948.128082,103.88482801921397,0.011662,49566.239795,1466.2317966342985,125.15358140000001,60.64850372027972,96.97475623993816,9.626044720174761,11,14,1-100:1000-1500,False,True,,7010,99.94996664442962
284,2026-10-07T04:38:44.728+00:00,2026-10-07T04:39:33.203+00:00,2026-10-07T04:41:03.276+00:00,True,1477,1477.0,,1477.0,48475.504731,138547.886683,138547.886552,93.80357924983073,0.011401,48475.504731,1262.6053056297594,127.35135220000001,61.024649018970194,84.8655878180005,10.66057401062639,11,14,1-100:1000-1500,False,True,,1971,99.94996664442962
285,2026-10-07T04:38:50.532+00:00,2026-10-07T04:39:38.792+00:00,2026-10-07T04:40:11.461+00:00,True,545,545.0,,545.0,48260.194159,80929.560943,80929.560916,148.4946071853211,42.215255,48260.194159,2064.8114159448182,124.23262419999999,60.053983058823526,24.429446752892062,6.7342512877816345,11,14,100-300:300-600,False,True,,2766,99.94996664442962
286,2026-10-07T04:38:55.048+00:00,2026-10-07T04:39:43.940+00:00,2026-10-07T04:40:12.490+00:00,True,473,473.0,,473.0,48892.149012999995,77442.283029,77442.28311399999,163.72575711205073,41.22464299999999,48892.149012999995,2245.424937133623,127.0811574,60.48757206779661,25.345972708792882,6.10777448054927,11,14,100-300:300-600,False,True,,2161,99.94996664442962
287,2026-10-07T04:38:58.445+00:00,2026-10-07T04:39:46.985+00:00,2026-10-07T04:40:09.076+00:00,True,371,371.0,,371.0,48539.928854000005,70631.005206,70631.005181,190.38006787331537,43.619336000000004,48539.928854000005,2517.086520392316,126.32729800000001,59.705611762162164,24.48189405634181,5.252650715050055,11,14,100-300:300-600,False,True,,1772,99.94996664442962
288,2026-10-07T04:39:04.124+00:00,2026-10-07T04:39:52.823+00:00,2026-10-07T04:40:55.075+00:00,True,1019,1019.0,,1019.0,48698.877399,110950.87048700001,110950.870473,108.88211037585869,0.010931,48698.877399,1526.9392933462223,128.9388988,61.15127022396857,100.16950909789249,9.184245202649358,11,14,1-100:1000-1500,False,True,,1019,99.94996664442962
289,2026-10-07T04:39:07.574+00:00,2026-10-07T04:39:57.762+00:00,2026-10-07T04:41:15.092+00:00,True,1257,1257.0,,1257.0,50188.488694,127518.348022,127518.34817,101.4465777008751,0.011392,50188.488694,1416.8832628360367,130.52661619999998,61.568359337579615,92.69710191365425,9.857404989148204,11,14,1-100:1000-1500,False,True,,3927,99.94996664442962
290,2026-10-07T04:39:11.214+00:00,2026-10-07T04:40:03.185+00:00,2026-10-07T04:40:24.593+00:00,True,326,326.0,,326.0,51971.469257,73379.850441,73379.850299,225.0915653343558,0.011311,51971.469257,2879.984858823055,128.10366975,65.87194210461539,173.2497489170383,4.442636473647702,11,14,100-300:300-600,False,True,,1250,99.94996664442962
291,2026-10-07T04:39:15.548+00:00,2026-10-07T04:40:08.296+00:00,2026-10-07T04:41:39.814+00:00,True,1480,1480.0,,1480.0,52748.570124,144266.73997999998,144266.739837,97.47752691689189,0.011131,52748.570124,1372.1229754237659,130.03106430000003,61.87841099121027,84.41935406214618,10.258774823671594,11,14,1-100:1000-1500,False,True,,1480,99.94996664442962
292,2026-10-07T04:39:20.636+00:00,2026-10-07T04:40:11.914+00:00,2026-10-07T04:40:37.340+00:00,True,419,419.0,,419.0,51277.82713799999,76704.42477,76704.424797,183.06545297613363,0.011430999999999998,51277.82713799999,2506.88310390816,128.58041110000002,60.829180937799045,154.7426622322188,5.462527113088733,11,14,100-300:300-600,False,True,,2017,99.94996664442962
293,2026-10-07T04:39:26.247+00:00,2026-10-07T04:40:18.144+00:00,2026-10-07T04:40:36.931+00:00,True,308,308.0,,308.0,51896.859544,70683.947672,70683.947654,229.49333653896105,0.011121,51896.859544,2959.0458229607166,127.05892990000001,61.19572680130293,179.55186509715068,4.35742499031372,11,14,100-300:300-600,False,True,,1322,99.94996664442962
294,2026-10-07T04:39:29.950+00:00,2026-10-07T04:40:21.100+00:00,2026-10-07T04:41:25.101+00:00,True,1033,1033.0,,1033.0,51150.128631,115151.825399,115151.825366,111.47320945401742,0.011432000000000001,51150.128631,1592.6752629115826,130.89703360000001,62.01714803100775,100.03704004431917,8.970765304159658,11,14,1-100:1000-1500,False,True,,4968,99.94996664442962
295,2026-10-07T04:39:33.671+00:00,2026-10-07T04:40:27.161+00:00,2026-10-07T04:40:53.293+00:00,True,413,413.0,,413.0,53490.54735,79622.446742,79622.446578,192.7904275496368,28.322003000000002,53490.54735,2629.1274911968067,133.5753082,63.426940271844664,28.189728600938672,5.186979512677383,11,14,100-300:300-600,False,True,,1921,99.94996664442962
296,2026-10-07T04:39:39.172+00:00,2026-10-07T04:40:33.185+00:00,2026-10-07T04:40:52.978+00:00,True,318,318.0,,318.0,54012.213857,73805.657441,73805.65748200001,232.0932625220126,30.661478,54012.213857,3025.4742801683005,132.53778795,62.43988512302839,27.12164195253527,4.308612795085636,11,14,100-300:300-600,False,True,,1192,99.94996664442962
297,2026-10-07T04:39:44.610+00:00,2026-10-07T04:40:39.678+00:00,2026-10-07T04:41:09.662+00:00,True,486,486.0,,486.0,55068.637912,85052.475608,85052.475721,175.00509407613168,33.070983,55068.637912,2495.301166317116,130.49113875,61.82234576494845,26.58607306083157,5.7141193895394045,11,14,100-300:300-600,False,True,,2233,99.94996664442962
298,2026-10-07T04:39:48.039+00:00,2026-10-07T04:40:44.367+00:00,2026-10-07T04:41:16.938+00:00,True,528,528.0,,528.0,56328.197123000005,88898.93171500001,88898.93179500001,168.36918900568182,26.272603,56328.197123000005,2448.8229999051064,131.28830925,61.80405045920303,26.447068726395127,5.939328963959979,11,14,100-300:300-600,False,True,,2311,99.94996664442962
299,2026-10-07T04:39:52.492+00:00,2026-10-07T04:40:48.346+00:00,2026-10-07T04:41:20.627+00:00,True,525,525.0,,525.0,55853.638108,88135.222748,88135.222711,167.87661468761905,41.662925,55853.638108,2435.1025805210693,130.88267100000002,61.60607755725191,26.01256234355601,5.956755808073492,11,14,100-300:300-600,False,True,,534,99.94996664442962
300,2026-10-07T04:39:57.945+00:00,2026-10-07T04:40:53.159+00:00,2026-10-07T04:41:12.780+00:00,True,321,321.0,,321.0,55213.340513999996,74834.43235399999,74834.432257,233.12907245171337,43.634059,55213.340513999996,3078.394459263834,129.850907,61.315912,25.901242647260656,4.289469297789658,11,14,100-300:300-600,False,True,,1520,99.94996664442962
301,2026-10-07T04:40:02.947+00:00,2026-10-07T04:40:59.357+00:00,2026-10-07T04:41:30.250+00:00,True,494,494.0,,494.0,56410.108557,87303.796621,87303.796672,176.72833334412957,41.702438,56410.108557,2535.330309451653,129.92519395,62.66468167139959,26.570749259773315,5.6584022587761496,11,14,100-300:300-600,False,True,,2457,99.94996664442962
302,2026-10-07T04:40:06.762+00:00,2026-10-07T04:41:03.459+00:00,2026-10-07T04:41:31.469+00:00,True,450,450.0,,450.0,56696.802788999994,84707.23146099999,84707.23159,188.2382924222222,43.677721,56696.802788999994,2669.9006928948693,127.99050765,62.38402822271715,26.23274827325338,5.31241538931873,11,14,100-300:300-600,False,True,,2326,99.94996664442962
303,2026-10-07T04:40:11.553+00:00,2026-10-07T04:41:08.801+00:00,2026-10-07T04:41:35.113+00:00,True,425,425.0,,425.0,57247.418226999995,83559.32529899999,83559.325392,196.61017739294115,42.455009,57247.418226999995,2774.01628687367,126.4605742,62.05638460377359,25.702192331186694,5.086206697806908,11,14,100-300:300-600,False,True,,1502,99.94996664442962
304,2026-10-07T04:40:17.036+00:00,2026-10-07T04:41:16.266+00:00,2026-10-07T04:41:42.350+00:00,True,423,423.0,,423.0,59229.930799,85314.617647,85314.61767600001,201.6894034893617,43.395923,59229.930799,2876.9662873171665,123.90950079999999,61.812054142180095,25.631297590086945,4.958118686650111,11,14,100-300:300-600,False,True,,2067,99.94996664442962
305,2026-10-07T04:40:20.510+00:00,2026-10-07T04:41:20.576+00:00,2026-10-07T04:41:48.108+00:00,True,458,458.0,,458.0,60066.247094,87598.663862,87598.663881,191.26345825545852,42.134085,60066.247094,2804.00621539617,123.10187075,60.24598855142232,24.855142831845786,5.228390249439396,11,14,100-300:300-600,False,True,,1682,99.94996664442962
306,2026-10-07T04:40:24.558+00:00,2026-10-07T04:41:21.396+00:00,2026-10-07T04:41:53.970+00:00,True,544,544.0,,544.0,56838.729651,89412.671923,89412.671949,164.3615293180147,39.561664,56838.729651,2434.493392537068,124.67845699999998,59.98884396316758,24.689154342279416,6.084148793456026,11,14,100-300:300-600,False,True,,2659,99.94996664442962
307,2026-10-07T04:40:27.573+00:00,2026-10-07T04:41:26.238+00:00,2026-10-07T04:41:58.026+00:00,True,536,536.0,,536.0,58665.164347000005,90452.481083,90452.481069,168.75462886007463,38.927805,58665.164347000005,2531.5003770023195,123.858914,59.41554530093458,24.421433780158797,5.925763379648609,11,14,100-300:300-600,False,True,,2148,99.94996664442962
308,2026-10-07T04:40:31.689+00:00,2026-10-07T04:41:30.005+00:00,2026-10-07T04:42:41.301+00:00,True,1193,1193.0,,1193.0,58315.549079000004,129611.954583,129611.954683,108.64371725314334,41.390443,58315.549079000004,1686.8020053003977,125.60522700000001,59.812420724832215,24.46141082182749,9.204397880104763,11,14,1-100:1000-1500,False,True,,4424,99.94996664442962
309,2026-10-07T04:40:37.120+00:00,2026-10-07T04:41:34.868+00:00,2026-10-07T04:41:55.243+00:00,True,349,349.0,,349.0,57748.368634000006,78123.680506,78123.68051600001,223.85008743839543,41.77742,57748.368634000006,3088.1544254215223,122.79928380000001,58.549746758620685,23.50806124965832,4.467275450152356,11,14,100-300:300-600,False,True,,1003,99.94996664442962
310,2026-10-07T04:40:43.147+00:00,2026-10-07T04:41:40.732+00:00,2026-10-07T04:42:09.160+00:00,True,487,487.0,,487.0,57584.716008,86013.495016,86013.495008,176.6190862587269,41.413747,57584.716008,2606.8674177552252,118.81194500000001,58.49543005761317,23.481171031334632,5.661902238822054,11,14,100-300:300-600,False,True,,1067,99.94996664442962
311,2026-10-07T04:40:47.259+00:00,2026-10-07T04:41:46.100+00:00,2026-10-07T04:42:11.117+00:00,True,419,419.0,,419.0,58841.816558,83858.01214199999,83858.012129,200.13845376849642,40.819483,58841.816558,2871.79295890439,124.7580914,59.847357856459325,24.685535323171965,4.996541049536104,11,14,100-300:300-600,False,True,,1754,99.94996664442962
312,2026-10-07T04:40:51.619+00:00,2026-10-07T04:41:50.522+00:00,2026-10-07T04:42:09.571+00:00,True,319,319.0,,319.0,58903.130579000004,77952.278995,77952.278986,244.3645109278997,39.182325,58903.130579000004,3294.6787138662094,123.3935175,59.90298244025158,24.45409059168007,4.092247258357402,11,14,100-300:300-600,False,True,,1629,99.94996664442962
313,2026-10-07T04:40:55.254+00:00,2026-10-07T04:41:54.138+00:00,2026-10-07T04:42:20.969+00:00,True,450,450.0,,450.0,58884.168127,85714.896063,85714.896112,190.47754691555554,41.077143,58884.168127,2773.1199503099765,128.00761115,59.75663237416481,24.794493460988424,5.249962616407449,11,14,100-300:300-600,False,True,,2310,99.94996664442962
314,2026-10-07T04:41:01.442+00:00,2026-10-07T04:41:59.951+00:00,2026-10-07T04:43:31.087+00:00,True,1487,1487.0,,1487.0,58508.361433,149644.39778499998,149644.39772,100.63510270342972,23.609694,58508.361433,1515.8978073065757,130.06153270000001,61.32976874293405,25.81685155947223,9.93689053523027,11,14,1-100:1000-1500,False,True,,1982,99.94996664442962
315,2026-10-07T04:41:06.040+00:00,2026-10-07T04:42:05.614+00:00,2026-10-07T04:42:27.923+00:00,True,372,372.0,,372.0,59574.402070000004,81883.355158,81883.355114,220.11654600537636,43.416368999999996,59574.402070000004,3085.7705558010894,127.58668525000002,60.13194902425876,24.800279554547917,4.54304784265616,11,14,100-300:300-600,False,True,,1500,99.94996664442962
316,2026-10-07T04:41:12.292+00:00,2026-10-07T04:42:11.899+00:00,2026-10-07T04:42:40.279+00:00,True,469,469.0,,469.0,59606.896322,87986.278594,87986.278716,187.60400579104478,43.967693,59606.896322,2749.706134993436,130.2066246,60.63970570940171,25.22717492656451,5.33037659387929,11,14,100-300:300-600,False,True,,2109,99.94996664442962
317,2026-10-07T04:41:17.201+00:00,2026-10-07T04:42:17.212+00:00,2026-10-07T04:42:47.948+00:00,True,507,507.0,,507.0,60011.095297,90746.875905,90746.875948,178.98792100197238,43.141494,60011.095297,2662.60637546322,128.5297333,60.7426494229249,25.06445819660806,5.586969192534651,11,14,100-300:300-600,False,True,,2706,99.94996664442962
318,2026-10-07T04:41:23.141+00:00,2026-10-07T04:42:23.279+00:00,2026-10-07T04:43:39.150+00:00,True,1220,1220.0,,1220.0,60137.913731,136008.641411,136008.641487,111.48249302213115,19.657358,60137.913731,1720.1697274889666,129.67995144999998,62.24013755537326,26.773293005982865,8.970018282245189,11,14,1-100:1000-1500,False,True,,1926,99.94996664442962
319,2026-10-07T04:41:26.716+00:00,2026-10-07T04:42:28.075+00:00,2026-10-07T04:43:37.091+00:00,True,1107,1107.0,,1107.0,61359.468535,130375.12523899999,130375.125263,117.77337422131887,21.530908,61359.468535,1842.5200241364844,130.4594615,62.40113626039783,26.923850411023658,8.490883502283728,11,14,1-100:1000-1500,False,True,,4005,99.94996664442962
320,2026-10-07T04:41:31.326+00:00,2026-10-07T04:42:32.411+00:00,2026-10-07T04:43:44.340+00:00,True,1161,1161.0,,1161.0,61084.543185,133013.802961,133013.802968,114.56830574332473,17.767947,61084.543185,1791.1059251353577,128.829569,62.00798256551724,26.398191681231193,8.72841745860321,11,14,1-100:1000-1500,False,True,,5377,99.94996664442962
321,2026-10-07T04:41:36.043+00:00,2026-10-07T04:42:38.019+00:00,2026-10-07T04:43:00.689+00:00,True,368,368.0,,368.0,61975.79257,84645.673402,84645.673401,230.01541685054346,24.047745,61975.79257,3227.595465649792,129.17853974999997,61.770792457765666,25.941954256698313,4.347534672590896,11,14,100-300:300-600,False,True,,1855,99.94996664442962
322,2026-10-07T04:41:40.738+00:00,2026-10-07T04:42:42.490+00:00,2026-10-07T04:43:11.544+00:00,True,480,480.0,,480.0,61751.879747,90806.205763,90806.2057,189.17959520833332,21.872868999999998,61751.879747,2815.9224058155864,127.21711150000002,60.656212977035494,25.60574130264151,5.285982339717814,11,14,100-300:300-600,False,True,,1005,99.94996664442962
323,2026-10-07T04:41:44.510+00:00,2026-10-07T04:42:47.749+00:00,2026-10-07T04:43:23.327+00:00,True,581,581.0,,581.0,63238.542724,98817.199748,98817.19972799999,170.08123877452667,18.370134999999998,63238.542724,2621.1591352227556,128.779925,61.34251211034483,25.846796958521445,5.879543252405907,11,14,100-300:300-600,False,True,,2394,99.94996664442962
324,2026-10-07T04:41:49.383+00:00,2026-10-07T04:42:52.195+00:00,2026-10-07T04:43:54.484+00:00,True,1004,1004.0,,1004.0,62811.217593999994,125100.30841,125100.308496,124.60190089243028,17.622134,62811.217593999994,1980.5218294520425,128.14281824999998,62.102782468594214,26.515378353991064,8.025559750896221,11,14,1-100:1000-1500,False,True,,4014,99.94996664442962
325,2026-10-07T04:41:53.179+00:00,2026-10-07T04:42:55.979+00:00,2026-10-07T04:43:32.981+00:00,True,590,590.0,,590.0,62799.616488,99801.954792,99801.954906,169.15585577288135,43.488689,62799.616488,2582.975820698059,131.11153485,62.8223061188455,27.19077281719945,5.911707854116036,11,14,100-300:300-600,False,True,,2574,99.94996664442962
326,2026-10-07T04:41:58.112+00:00,2026-10-07T04:43:00.576+00:00,2026-10-07T04:44:03.716+00:00,True,1026,1026.0,,1026.0,62464.377707,125603.78890700001,125603.788964,122.42084694346978,38.950264000000004,62464.377707,1948.3659530934679,127.277019,61.59942556097561,26.55005190738552,8.16854339290413,11,14,1-100:1000-1500,False,True,,3696,99.94996664442962
327,2026-10-07T04:42:03.777+00:00,2026-10-07T04:43:06.377+00:00,2026-10-07T04:43:41.020+00:00,True,552,552.0,,552.0,62600.451618,97243.05001800001,97243.049908,176.16494548550725,44.036797,62600.451618,2661.912501461043,130.1791243,62.87222940108893,26.967507859432907,5.676498216559672,11,14,100-300:300-600,False,True,,2661,99.94996664442962
328,2026-10-07T04:42:08.202+00:00,2026-10-07T04:43:13.255+00:00,2026-10-07T04:43:33.573+00:00,True,316,316.0,,316.0,65053.376787,85370.967059,85370.966978,270.1612879050633,44.394156,65053.376787,3656.0231937532267,134.383629,64.50028657777779,28.823560987210605,3.7014925669239744,11,14,100-300:300-600,False,True,,1367,99.94996664442962
329,2026-10-07T04:42:13.086+00:00,2026-10-07T04:43:17.347+00:00,2026-10-07T04:43:48.937+00:00,True,505,505.0,,505.0,64261.547624,95850.972776,95850.97261699999,189.80390617227724,38.500150000000005,64261.547624,2856.9478745749147,131.37869999999998,62.67743085714286,27.867401775491732,5.268595459956003,11,14,100-300:300-600,False,True,,2331,99.94996664442962
330,2026-10-07T04:42:18.402+00:00,2026-10-07T04:43:23.023+00:00,2026-10-07T04:43:59.819+00:00,True,592,592.0,,592.0,64620.968984,101417.674008,101417.673994,171.31363850337837,40.924193,64620.968984,2653.4852953542604,128.25421395,62.26176823011845,27.16053996442738,5.837246868364404,11,14,100-300:300-600,False,True,,2599,99.94996664442962
331,2026-10-07T04:42:22.687+00:00,2026-10-07T04:43:28.332+00:00,2026-10-07T04:44:45.301+00:00,True,1259,1259.0,,1259.0,65645.44723399999,142613.81357,142613.813502,113.27546743606035,39.773476,65645.44723399999,1848.5420299849852,125.49253859999999,61.18312109379968,25.88367874521202,8.828036839376976,11,14,1-100:1000-1500,False,True,,1888,99.94996664442962
332,2026-10-07T04:42:27.907+00:00,2026-10-07T04:43:32.286+00:00,2026-10-07T04:44:35.753+00:00,True,1049,1049.0,,1049.0,64379.903033,127846.633273,127846.633132,121.87476942993327,40.024197,64379.903033,1986.0533189290747,126.2525466,60.559857099236645,25.952486124986017,8.205143719037135,11,14,1-100:1000-1500,False,True,,1423,99.94996664442962
333,2026-10-07T04:42:33.990+00:00,2026-10-07T04:43:37.233+00:00,2026-10-07T04:44:53.374+00:00,True,1266,1266.0,,1266.0,63242.717148,139384.2831,139384.283152,110.09816994628753,37.941684,63242.717148,1775.9194664844965,125.28392525000001,60.19096122687748,25.038526517653235,9.082803109814897,11,14,1-100:1000-1500,False,True,,3107,99.94996664442962
334,2026-10-07T04:42:39.835+00:00,2026-10-07T04:43:43.577+00:00,2026-10-07T04:44:09.087+00:00,True,421,421.0,,421.0,63742.446884000005,89252.13366800001,89252.13360700001,212.00031735629454,42.247304,63742.446884000005,3103.764458189781,125.24219599999998,60.73734948571428,25.903996988700094,4.716974067712883,11,14,100-300:300-600,False,True,,1540,99.94996664442962
335,2026-10-07T04:42:45.067+00:00,2026-10-07T04:43:49.083+00:00,2026-10-07T04:44:19.425+00:00,True,506,506.0,,506.0,64016.435413,94357.646549,94357.646462,186.47756217786562,40.657604,64016.435413,2843.316643912669,124.2911405,60.08160620990099,25.02572827369721,5.362575461621267,11,14,100-300:300-600,False,True,,1870,99.94996664442962
336,2026-10-07T04:42:50.594+00:00,2026-10-07T04:43:54.383+00:00,2026-10-07T04:45:01.323+00:00,True,1103,1103.0,,1103.0,63789.479351999995,130729.228728,130729.22865199999,118.52151283046237,25.591057,63789.479351999995,1919.0514947739543,126.42155949999999,60.74387420689655,25.75633699105454,8.437286831202393,11,14,1-100:1000-1500,False,True,,5224,99.94996664442962
337,2026-10-07T04:42:55.982+00:00,2026-10-07T04:44:00.615+00:00,2026-10-07T04:44:31.636+00:00,True,520,520.0,,520.0,64633.186118,95653.846086,95653.846055,183.94970395192308,41.273734,64633.186118,2831.8363819581364,124.41397554999999,59.77005774181118,24.381859514665184,5.436268600558736,11,14,100-300:300-600,False,True,,2219,99.94996664442962
338,2026-10-07T04:43:01.985+00:00,2026-10-07T04:44:05.715+00:00,2026-10-07T04:45:28.375+00:00,True,1361,1361.0,,1361.0,63729.851789,146390.400909,146390.400984,107.56091181778105,23.197231,63729.851789,1726.021072534548,125.80067299999999,60.77981552941176,25.302774519148766,9.297057672832198,11,14,1-100:1000-1500,False,True,,6022,99.94996664442962
339,2026-10-07T04:43:06.665+00:00,2026-10-07T04:44:09.231+00:00,2026-10-07T04:45:30.630+00:00,True,1344,1344.0,,1344.0,62566.061777999996,143964.977874,143964.977807,107.11679896354167,20.224691,62566.061777999996,1705.160618999346,126.30245015,60.609766266567384,25.101835480686756,9.335603838152124,11,14,1-100:1000-1500,False,True,,4881,99.94996664442962
340,2026-10-07T04:43:10.793+00:00,2026-10-07T04:44:12.439+00:00,2026-10-07T04:44:31.891+00:00,True,332,332.0,,332.0,61645.390097,81097.933329,81097.93332,244.2708834939759,42.768866,61645.390097,3380.088618799715,125.04739655000002,58.76901278549849,23.819350903316487,4.093815790016924,11,14,100-300:300-600,False,True,,1504,99.94996664442962
341,2026-10-07T04:43:15.681+00:00,2026-10-07T04:44:18.685+00:00,2026-10-07T04:45:28.218+00:00,True,1144,1144.0,,1144.0,63003.186823,132536.82061499998,132536.820502,115.85386407517483,21.646364000000002,63003.186823,1861.1024322820585,127.76760519999999,60.834325277340334,25.369565615417216,8.631563626557424,11,14,1-100:1000-1500,False,True,,1144,99.94996664442962
342,2026-10-07T04:43:19.356+00:00,2026-10-07T04:44:21.634+00:00,2026-10-07T04:44:51.524+00:00,True,502,502.0,,502.0,62277.271074000004,92168.16720200001,92168.16704100001,183.60192637649402,41.859221,62277.271074000004,2777.011733346018,127.37695509999998,59.66246732135729,24.053010834475746,5.446565937454237,11,14,100-300:300-600,False,True,,2322,99.94996664442962
343,2026-10-07T04:43:25.121+00:00,2026-10-07T04:44:28.610+00:00,2026-10-07T04:44:51.968+00:00,True,387,387.0,,387.0,63488.278212,86846.98362,86846.983563,224.41081024031007,39.050146999999996,63488.278212,3224.3138346309083,128.5060192,60.51478084974093,25.353116336063742,4.456113314117196,11,14,100-300:300-600,False,True,,1573,99.94996664442962
344,2026-10-07T04:43:30.428+00:00,2026-10-07T04:44:33.574+00:00,2026-10-07T04:44:51.679+00:00,True,303,303.0,,303.0,63145.533957,81251.399429,81251.399324,268.1564334125413,41.736059999999995,63145.533957,3624.2612895659204,129.3824118,59.95319692715232,25.493828321774874,3.729166539030147,11,14,100-300:300-600,False,True,,1345,99.94996664442962
345,2026-10-07T04:43:34.497+00:00,2026-10-07T04:44:37.404+00:00,2026-10-07T04:45:06.094+00:00,True,469,469.0,,469.0,62906.232911,91596.173903,91596.173838,195.30101031556504,20.596698,62906.232911,2902.0258699922606,128.7654978,61.30329271794872,26.04726493231833,5.120301209269606,11,14,100-300:300-600,False,True,,2033,99.94996664442962
346,2026-10-07T04:43:39.098+00:00,2026-10-07T04:44:40.629+00:00,2026-10-07T04:45:11.522+00:00,True,515,515.0,,515.0,61531.450118,92424.422406,92424.422249,179.46489757087377,24.205,61531.450118,2708.8627501645647,124.54844099999998,60.10305892607004,24.607918295201102,5.57212029670815,11,14,100-300:300-600,False,True,,2319,99.94996664442962
347,2026-10-07T04:43:44.961+00:00,2026-10-07T04:44:47.063+00:00,2026-10-07T04:46:08.515+00:00,True,1339,1339.0,,1339.0,62101.125104,143553.42744,143553.427424,107.2094304884242,0.013425000000000001,62101.125104,1698.9652369112816,127.4210533,60.87616019133034,109.38095380132832,9.327537655341962,11,14,1-100:1000-1500,False,True,,1339,99.94996664442962
348,2026-10-07T04:43:50.786+00:00,2026-10-07T04:44:54.885+00:00,2026-10-07T04:45:25.077+00:00,True,495,495.0,,495.0,64098.63312300001,94290.154915,94290.15500700001,190.48516163030305,23.23914,64098.63312300001,2878.3832331180406,126.426726,61.116440874493925,25.292901754953007,5.2497527493324085,11,14,100-300:300-600,False,True,,2771,99.94996664442962
349,2026-10-07T04:43:56.954+00:00,2026-10-07T04:44:59.167+00:00,2026-10-07T04:45:34.382+00:00,True,581,581.0,,581.0,62212.93421,97428.78445,97428.784485,167.69153956110154,22.257911,62212.93421,2578.6296179501264,126.27216499999999,60.7169831724138,25.018451919541157,5.963330070059187,11,14,100-300:300-600,False,True,,2998,99.94996664442962
350,2026-10-07T04:44:01.004+00:00,2026-10-07T04:45:02.258+00:00,2026-10-07T04:45:32.256+00:00,True,496,496.0,,496.0,61253.440233,91251.831273,91251.831453,183.9754666391129,41.542007,61253.440233,2747.7515221046924,124.70580225000002,60.60281018181818,24.83518912062676,5.435507354544003,11,14,100-300:300-600,False,True,,2660,99.94996664442962
351,2026-10-07T04:44:06.037+00:00,2026-10-07T04:45:06.457+00:00,2026-10-07T04:45:29.500+00:00,True,382,382.0,,382.0,60420.254693,83462.978021,83462.97804,218.48947130890053,40.353881,60420.254693,3088.375168959637,127.05003704999999,60.479588787401575,24.936834975913417,4.576879582512447,11,14,100-300:300-600,False,True,,1743,99.94996664442962
352,2026-10-07T04:44:09.473+00:00,2026-10-07T04:45:11.130+00:00,2026-10-07T04:45:40.140+00:00,True,460,460.0,,460.0,61656.414746,90666.629146,90666.62931,197.1013680652174,0.011371000000000001,61656.414746,2877.8523169702894,127.78613075,63.20308148148148,186.77385743865537,5.073531511348728,11,14,100-300:300-600,False,True,,2271,99.94996664442962
353,2026-10-07T04:44:13.933+00:00,2026-10-07T04:45:15.710+00:00,2026-10-07T04:46:44.040+00:00,True,1446,1446.0,,1446.0,61776.99133600001,150106.771304,150106.771228,103.80827885753804,0.011321999999999999,61776.99133600001,1626.4178132139862,128.14177375,61.127875410380625,105.75768730311424,9.63314304503642,11,14,1-100:1000-1500,False,True,,4575,99.94996664442962
354,2026-10-07T04:44:18.887+00:00,2026-10-07T04:45:21.079+00:00,2026-10-07T04:45:53.989+00:00,True,543,543.0,,543.0,62191.993772,95101.433772,95101.433685,175.14076185082874,0.011131,62191.993772,2671.5643324219022,126.4864683,60.718523985239855,167.6552230384374,5.709693097811858,11,14,100-300:300-600,False,True,,2427,99.94996664442962
355,2026-10-07T04:44:24.056+00:00,2026-10-07T04:45:26.058+00:00,2026-10-07T04:45:49.909+00:00,True,399,399.0,,399.0,62001.574492,85853.039452,85853.03944,215.1705249122807,0.011231,62001.574492,3107.4536031660537,123.699702,59.928303919597994,201.02413390499828,4.647476694439909,11,14,100-300:300-600,False,True,,1480,99.94996664442962
356,2026-10-07T04:44:29.850+00:00,2026-10-07T04:45:30.779+00:00,2026-10-07T04:46:57.168+00:00,True,1418,1418.0,,1418.0,60928.727244,147317.65831600002,147317.658414,103.89115544005642,0.011802,60928.727244,1619.8991507321628,127.04191815,60.96607697388849,106.43229112594086,9.625458456299619,11,14,1-100:1000-1500,False,True,,6987,99.94996664442962
357,2026-10-07T04:44:34.469+00:00,2026-10-07T04:45:36.138+00:00,2026-10-07T04:46:08.977+00:00,True,539,539.0,,539.0,61669.318224,94507.849808,94507.849709,175.3392387922078,0.011330999999999999,61669.318224,2659.1213671665964,126.363357,61.03816279553904,170.5514601250389,5.703229954919302,11,14,100-300:300-600,False,True,,2439,99.94996664442962
358,2026-10-07T04:44:38.955+00:00,2026-10-07T04:45:40.935+00:00,2026-10-07T04:46:00.712+00:00,True,324,324.0,,324.0,61979.877514,81757.48545000001,81757.485407,252.3379179228395,43.048711000000004,61979.877514,3440.0239887034923,128.3459037,61.230984321981424,26.162620898269104,3.9629398851576347,11,14,100-300:300-600,False,True,,1356,99.94996664442962
359,2026-10-07T04:44:42.527+00:00,2026-10-07T04:45:44.537+00:00,2026-10-07T04:46:11.283+00:00,True,437,437.0,,437.0,62009.072533,88755.846549,88755.846596,203.10262378947368,43.462906000000004,62009.072533,2963.4764739283346,128.9752476,61.34581196330275,26.117872038022984,4.923619310630344,11,14,100-300:300-600,False,True,,2081,99.94996664442962
360,2026-10-07T04:44:46.330+00:00,2026-10-07T04:45:48.143+00:00,2026-10-07T04:46:20.119+00:00,True,528,528.0,,528.0,61812.969313,93788.862305,93788.862232,177.6304208939394,40.200592,61812.969313,2687.5453228561464,128.65962925000002,60.67531877039848,25.597793541770884,5.62966632736147,11,14,100-300:300-600,False,True,,2145,99.94996664442962
361,2026-10-07T04:44:50.737+00:00,2026-10-07T04:45:52.412+00:00,2026-10-07T04:46:25.741+00:00,True,549,549.0,,549.0,61674.590349,95003.99169299999,95003.991774,173.0491653442623,42.481527,61674.590349,2629.735081554486,128.2474824,60.820075445255476,25.503564440434207,5.7787045598469415,11,14,100-300:300-600,False,True,,2280,99.94996664442962
362,2026-10-07T04:44:56.160+00:00,2026-10-07T04:45:58.420+00:00,2026-10-07T04:46:29.428+00:00,True,509,509.0,,509.0,62259.335193000006,93267.98978500001,93267.98962200001,183.23770063261298,42.326779,62259.335193000006,2757.0095302205,126.930742,61.04065864566929,25.597079485372,5.457392200403796,11,14,100-300:300-600,False,True,,2687,99.94996664442962
363,2026-10-07T04:45:01.117+00:00,2026-10-07T04:46:02.832+00:00,2026-10-07T04:46:26.240+00:00,True,388,388.0,,388.0,61714.379464000005,85122.52384800001,85122.52392,219.38794824742268,40.686095,61714.379464000005,3130.1056019224357,126.29660310000001,60.48616119896641,25.474369058838935,4.558135525831407,11,14,100-300:300-600,True,True,,644,99.94996664442962
364,2026-10-07T04:45:05.908+00:00,2026-10-07T04:46:08.031+00:00,2026-10-07T04:46:37.310+00:00,True,484,484.0,,484.0,62123.173918,91401.48739,91401.487432,188.84604841322314,40.67326,62123.173918,2821.138124004808,127.81800825,60.61762623602484,25.258097079358,5.295318641094163,11,14,100-300:300-600,True,True,,2305,99.94996664442962
365,2026-10-07T04:45:10.180+00:00,2026-10-07T04:46:12.281+00:00,2026-10-07T04:46:44.219+00:00,True,520,520.0,,520.0,62101.472741,94039.524837,94039.52495199999,180.8452402923077,41.029337,62101.472741,2720.7527189941575,128.75232515,61.537672631984584,25.74681645013731,5.529589828333599,11,14,100-300:300-600,True,True,,1431,99.94996664442962
366,2026-10-07T04:45:16.338+00:00,2026-10-07T04:46:20.301+00:00,2026-10-07T04:46:55.639+00:00,True,575,575.0,,575.0,63963.044432999995,99301.20507299999,99301.20504999999,172.69774791304346,42.350233,63963.044432999995,2664.999201869336,128.6215078,61.56473979094077,25.655955255000652,5.7904634649428095,11,14,100-300:300-600,True,True,,2755,99.94996664442962
367,2026-10-07T04:45:22.090+00:00,2026-10-07T04:46:24.640+00:00,2026-10-07T04:46:46.878+00:00,True,362,362.0,,362.0,62550.536674,84788.739298,84788.739307,234.2230367596685,42.44517,62550.536674,3284.4458698552958,128.75935604999998,61.60166931855956,25.711756395115767,4.269434868322649,11,14,100-300:300-600,True,True,,1724,99.94996664442962
368,2026-10-07T04:45:26.737+00:00,2026-10-07T04:46:29.528+00:00,2026-10-07T04:46:51.520+00:00,True,361,361.0,,361.0,62791.701306,84782.820922,84782.82092700001,234.85545963157895,43.524422,62791.701306,3301.7100570472394,128.412548,61.086443377777776,25.571162712309345,4.257938059552409,11,14,100-300:300-600,True,True,,1658,99.94996664442962
369,2026-10-07T04:45:30.767+00:00,2026-10-07T04:46:35.516+00:00,2026-10-07T04:46:59.742+00:00,True,399,399.0,,399.0,64749.464909999995,88974.802254,88974.80230499999,222.9944919924812,43.435887,64749.464909999995,3238.582029175486,128.9644411,60.86768176884422,25.676800160321694,4.484415698513816,11,14,100-300:300-600,True,True,,1583,99.94996664442962
370,2026-10-07T04:45:36.160+00:00,2026-10-07T04:46:40.178+00:00,2026-10-07T04:47:09.303+00:00,True,532,532.0,,532.0,64018.337608999995,93143.138377,93143.138303,175.08108703571426,40.704628,64018.337608999995,2773.244460331585,111.0700636,54.84896566478343,20.486288561964002,5.711639196080252,11,14,100-300:300-600,True,True,,2031,99.94996664442962
371,2026-10-07T04:45:41.043+00:00,2026-10-07T04:46:44.312+00:00,2026-10-07T04:47:36.380+00:00,True,1177,1177.0,,1177.0,63269.490136,115337.308632,115337.308666,97.99261568903994,0.012494,63269.490136,1843.0242797127626,58.63185180000001,44.27535586394558,21.297729541914205,10.204850572293003,11,14,1-100:1000-1500,True,True,,1177,99.94996664442962
372,2026-10-07T04:45:44.516+00:00,2026-10-07T04:46:48.139+00:00,2026-10-07T04:47:14.820+00:00,True,527,527.0,,527.0,63622.572287,90303.403519,90303.403661,171.3537071366224,39.503738,63622.572287,2769.278973173064,95.2259002,50.72401374904943,15.936307676614735,5.835881920985606,11,14,100-300:300-600,True,True,,2497,99.94996664442962
373,2026-10-07T04:45:50.259+00:00,2026-10-07T04:46:53.738+00:00,2026-10-07T04:47:16.737+00:00,True,481,481.0,,481.0,63478.30143199999,86477.292792,86477.29281,179.7864715384615,37.552835,63478.30143199999,2892.199732852788,52.767013,47.914565333333336,11.556288821279576,5.562153768584408,11,14,100-300:300-600,True,True,,2263,99.94996664442962
0,2026-10-07T04:15:54.278+00:00,2026-10-07T04:15:54.474+00:00,2026-10-07T04:16:09.351+00:00,True,430,430.0,,430.0,195.765199,15072.701390999999,15072.701448,35.05279406511628,0.018876,195.765199,12.499951282809345,50.1658265,34.67817294172494,9.804400800925505,28.52839639328061,12,14,100-300:300-600,False,True,,1899,99.94996664442962
1,2026-10-07T04:15:59.251+00:00,2026-10-07T04:15:59.365+00:00,2026-10-07T04:16:42.929+00:00,True,1049,1049.0,,1049.0,113.648553,43677.963177,43677.963187,41.63771514489991,0.019998000000000002,167.783508,12.52775083386864,70.097311,41.56900250381679,12.334379416644726,24.01668767724004,12,14,1-100:1000-1500,False,True,,2359,99.94996664442962
2,2026-10-07T04:16:05.298+00:00,2026-10-07T04:16:05.386+00:00,2026-10-07T04:17:13.628+00:00,True,1459,1459.0,,1459.0,88.630035,68330.41845099999,68330.418442,46.833734367374916,0.018754999999999997,165.11516,16.269008410076115,87.1371563,46.80506750068587,16.23768311996852,21.35213032606049,12,14,1-100:1000-1500,False,True,,5820,99.94996664442962
3,2026-10-07T04:16:09.111+00:00,2026-10-07T04:16:09.278+00:00,2026-10-07T04:16:30.457+00:00,True,504,504.0,,504.0,166.60096299999998,21346.507011,21346.507123,42.35418079960318,32.251568999999996,166.60096299999998,12.204961988320044,69.88896104999999,42.10716908151093,10.883253225514371,23.610420184449165,12,14,100-300:300-600,False,True,,2701,99.94996664442962
4,2026-10-07T04:16:15.285+00:00,2026-10-07T04:16:15.423+00:00,2026-10-07T04:16:35.281+00:00,True,458,458.0,,458.0,138.37825099999998,19996.639754999997,19996.639951,43.66078591921397,32.882580000000004,138.37825099999998,12.146335604126449,72.5606313,43.45352626695842,11.319889455017139,22.90384812705749,12,14,100-300:300-600,False,True,,1935,99.94996664442962
5,2026-10-07T04:16:21.350+00:00,2026-10-07T04:16:21.512+00:00,2026-10-07T04:16:44.766+00:00,True,508,508.0,,508.0,162.51514,23415.984324,23415.984298,46.09445727952756,33.075823,162.51514,14.037315749476598,79.19027154999999,45.864830737672584,13.06126861735544,21.694582340462624,12,14,100-300:300-600,False,True,,2337,99.94996664442962
6,2026-10-07T04:16:26.998+00:00,2026-10-07T04:16:27.235+00:00,2026-10-07T04:17:27.122+00:00,True,1173,1173.0,,1173.0,237.5424,60124.401408,60124.401484,51.25694926172208,0.019567,306.201866,20.902777055309105,99.5893564,51.0980025665529,20.190071865843368,19.509549742376706,12,14,1-100:1000-1500,False,True,,1175,99.94996664442962
7,2026-10-07T04:16:30.750+00:00,2026-10-07T04:16:30.867+00:00,2026-10-07T04:16:54.305+00:00,True,487,487.0,,487.0,117.595283,23555.607186999998,23555.60712,48.368803121149895,36.985261,117.595283,15.952201980867882,88.8617642,48.22636194238683,15.655544077340355,20.674482985468035,12,14,100-300:300-600,False,True,,2500,99.94996664442962
8,2026-10-07T04:16:35.540+00:00,2026-10-07T04:16:35.715+00:00,2026-10-07T04:17:03.089+00:00,True,546,546.0,,546.0,175.39209599999998,27548.919392,27548.919426,50.455896384615386,33.659355000000005,175.39209599999998,18.66439575979527,94.24266,50.22665558899082,17.8956532948105,19.81928917903598,12,14,100-300:300-600,False,True,,1981,99.94996664442962
9,2026-10-07T04:16:41.096+00:00,2026-10-07T04:16:41.280+00:00,2026-10-07T04:17:12.559+00:00,True,600,600.0,,600.0,183.941081,31463.433177000003,31463.433357,52.439055595,38.342902,183.941081,19.598945081718515,100.6097145,52.21951935893155,18.8625358478247,19.06975620316617,12,14,100-300:300-600,False,True,,2718,99.94996664442962
10,2026-10-07T04:16:47.368+00:00,2026-10-07T04:16:47.513+00:00,2026-10-07T04:17:08.920+00:00,True,407,407.0,,407.0,144.98489999999998,21551.20442,21551.204324,52.951361975429975,39.009341,144.98489999999998,20.22590942866359,105.67802349999998,52.72467862068965,19.726424884950493,18.885255416272464,12,14,100-300:300-600,False,True,,2102,99.94996664442962
11,2026-10-07T04:16:52.376+00:00,2026-10-07T04:16:52.611+00:00,2026-10-07T04:17:14.404+00:00,True,409,409.0,,409.0,235.078216,22027.822664000003,22027.822718,53.857757256723715,39.960972,235.078216,21.55733977829182,103.8434618,53.413589333333334,19.620733638672547,18.56742748653172,12,14,100-300:300-600,False,True,,1726,99.94996664442962
12,2026-10-07T04:16:58.698+00:00,2026-10-07T04:16:58.881+00:00,2026-10-07T04:17:59.432+00:00,True,1059,1059.0,,1059.0,182.87177,60733.634266,60733.63446,57.34998532577904,0.019206,306.235739,24.489619459651102,114.63621749999999,57.23134451417769,24.194807073312315,17.436796147614224,12,14,1-100:1000-1500,False,True,,2820,99.94996664442962
13,2026-10-07T04:17:03.336+00:00,2026-10-07T04:17:03.613+00:00,2026-10-07T04:17:31.648+00:00,True,512,512.0,,512.0,276.84391600000004,28312.164748000003,28312.164684,55.2971966484375,0.020108,339.588311,27.084380902971606,108.3224195,54.863641549902155,25.269988393895936,18.0840993458887,12,14,100-300:300-600,False,True,,2455,99.94996664442962
14,2026-10-07T04:17:07.841+00:00,2026-10-07T04:17:08.043+00:00,2026-10-07T04:17:30.360+00:00,True,405,405.0,,405.0,201.646949,22518.934117,22518.934201,55.6023066691358,0.017503,354.746539,27.765572873905377,117.22925060000001,55.24080982178218,26.828777345138366,17.9848654423771,12,14,100-300:300-600,False,True,,2072,99.94996664442962
15,2026-10-07T04:17:11.500+00:00,2026-10-07T04:17:11.738+00:00,2026-10-07T04:17:46.182+00:00,True,599,599.0,,599.0,238.41248499999998,34682.813637,34682.813459,57.901191083472455,0.017794,346.854654,27.674347280751455,120.150324,57.59933303010034,26.6923374409409,17.27080179449398,12,14,100-300:300-600,False,True,,1978,99.94996664442962
16,2026-10-07T04:17:14.993+00:00,2026-10-07T04:17:15.180+00:00,2026-10-07T04:17:36.019+00:00,True,370,370.0,,370.0,186.765174,21025.182326000002,21025.182295,56.82481701351352,0.018094000000000002,348.319478,29.255118739247347,120.40702859999999,56.47267520867209,28.4987954110715,17.597944895938113,12,14,100-300:300-600,False,True,,1775,99.94996664442962
17,2026-10-07T04:17:19.870+00:00,2026-10-07T04:17:20.087+00:00,2026-10-07T04:17:43.358+00:00,True,400,400.0,,400.0,217.131255,23488.519159,23488.51906,58.72129765,40.224086,217.131255,25.500963276882867,121.9110574,58.32428046115288,24.263667077795656,17.029596344166876,12,14,100-300:300-600,False,True,,1598,99.94996664442962
18,2026-10-07T04:17:23.424+00:00,2026-10-07T04:17:23.609+00:00,2026-10-07T04:17:54.200+00:00,True,515,515.0,,515.0,185.349831,30776.622023,30776.621854,59.76043078446602,41.74228,185.349831,24.715322482025034,120.4474339,59.51609375875486,24.1087581069825,16.733480354508366,12,14,100-300:300-600,False,True,,1572,99.94996664442962
19,2026-10-07T04:17:28.277+00:00,2026-10-07T04:17:28.437+00:00,2026-10-07T04:17:55.480+00:00,True,453,453.0,,453.0,160.419649,27203.147840999998,27203.147995,60.05109932671082,42.125764000000004,160.419649,24.708877332009298,122.3154566,59.82904467256637,24.279547190205673,16.65248458184858,12,14,100-300:300-600,False,True,,2082,99.94996664442962
20,2026-10-07T04:17:33.460+00:00,2026-10-07T04:17:33.667+00:00,2026-10-07T04:18:03.007+00:00,True,487,487.0,,487.0,206.249406,29546.259901999998,29546.25985,60.66993809034908,40.670402,206.249406,25.315253959824638,119.04853550000001,60.370391967078184,24.46212693149567,16.482627635961286,12,14,100-300:300-600,False,True,,2339,99.94996664442962
21,2026-10-07T04:17:38.276+00:00,2026-10-07T04:17:38.495+00:00,2026-10-07T04:18:11.643+00:00,True,548,548.0,,548.0,218.812762,33366.99401,33366.993894,60.8886749890511,41.803484,218.812762,25.69555733091199,121.26525894999999,60.599965718464354,24.813488323400023,16.42341530183288,12,14,100-300:300-600,False,True,,2677,99.94996664442962
22,2026-10-07T04:17:44.451+00:00,2026-10-07T04:17:44.657+00:00,2026-10-07T04:18:51.968+00:00,True,1115,1115.0,,1115.0,206.303616,67516.95321600001,67516.953391,60.55332142690583,0.02153,386.226014,27.270343070237153,125.4643034,60.422486175942545,26.930210894529445,16.51437078970219,12,14,1-100:1000-1500,False,True,,1116,99.94996664442962
23,2026-10-07T04:17:47.954+00:00,2026-10-07T04:17:48.202+00:00,2026-10-07T04:18:14.949+00:00,True,438,438.0,,438.0,248.446888,26995.154344,26995.154352,61.63277249315068,42.524123,248.446888,26.838756067701606,125.9905918,61.20528021967963,25.33265286760191,16.225134126612275,12,14,100-300:300-600,False,True,,746,99.94996664442962
24,2026-10-07T04:17:53.888+00:00,2026-10-07T04:17:54.151+00:00,2026-10-07T04:18:28.780+00:00,True,578,578.0,,578.0,262.946125,34891.940941,34891.941072,60.366680055363325,0.018335,425.971403,30.46633140497041,124.1998041,60.015588935875215,29.29911436319032,16.565429850330204,12,14,100-300:300-600,False,True,,3177,99.94996664442962
25,2026-10-07T04:17:59.259+00:00,2026-10-07T04:17:59.899+00:00,2026-10-07T04:18:22.870+00:00,True,379,379.0,,379.0,639.828782,23610.498606,23610.498595,62.296830065963064,41.117469,639.828782,38.96582125356866,126.1802129,60.76896778835979,25.205007971695878,16.052181121820396,12,14,100-300:300-600,False,True,,2171,99.94996664442962
26,2026-10-07T04:18:03.620+00:00,2026-10-07T04:18:04.103+00:00,2026-10-07T04:18:36.000+00:00,True,535,535.0,,535.0,483.309327,32379.982095,32379.982301,60.52333140373832,0.018334,483.309327,34.81837354060297,126.1568929,59.73159694382022,29.641244138349315,16.522553917119453,12,14,100-300:300-600,False,True,,2117,99.94996664442962
27,2026-10-07T04:18:08.085+00:00,2026-10-07T04:18:08.300+00:00,2026-10-07T04:18:31.706+00:00,True,393,393.0,,393.0,214.666267,23620.780059,23620.780176,60.10376635114504,0.019276,379.98417099999995,30.850849967502853,125.90387940000001,59.70947395918367,29.882339960462364,16.637892525918463,12,14,100-300:300-600,False,True,,1667,99.94996664442962
28,2026-10-07T04:18:11.764+00:00,2026-10-07T04:18:11.970+00:00,2026-10-07T04:18:39.823+00:00,True,465,465.0,,465.0,206.108341,28058.935733,28058.935806,60.34179743225806,0.018946,384.844967,30.543754248684934,126.38722019999997,60.02764524137931,29.815174190609778,16.572260773708372,12,14,100-300:300-600,False,True,,1746,99.94996664442962
29,2026-10-07T04:18:15.193+00:00,2026-10-07T04:18:15.395+00:00,2026-10-07T04:18:38.905+00:00,True,395,395.0,,395.0,201.24759400000002,23711.951466,23711.951459,60.03025685822785,0.019346,420.61782500000004,32.05089282160559,127.168315,59.671837238578675,31.28898584683364,16.658266215093306,12,14,100-300:300-600,False,True,,1511,99.94996664442962
30,2026-10-07T04:18:20.348+00:00,2026-10-07T04:18:21.996+00:00,2026-10-07T04:18:52.860+00:00,True,508,508.0,,508.0,1648.4384380000001,32512.393894,32512.393872,64.00077533858268,0.021079999999999998,1648.4384380000001,76.37206139479669,127.89305925000001,60.875651786982246,29.54799083132833,15.624810700074253,12,14,100-300:300-600,False,True,,2250,99.94996664442962
31,2026-10-07T04:18:24.673+00:00,2026-10-07T04:18:24.896+00:00,2026-10-07T04:19:35.630+00:00,True,1158,1158.0,,1158.0,223.419308,70957.45246,70957.45257,61.27586577720207,0.017844000000000002,571.260711,30.66810742437523,128.15279625000002,61.13572441832325,30.308150479852536,16.3196388801132,12,14,1-100:1000-1500,False,True,,4893,99.94996664442962
32,2026-10-07T04:18:30.757+00:00,2026-10-07T04:18:31.851+00:00,2026-10-07T04:19:33.819+00:00,True,1015,1015.0,,1015.0,1094.0152420000002,63062.319114,63062.319244,62.13036378719212,0.019136,1094.0152420000002,44.42514431130631,128.6367606,61.112725712031555,30.387217686330835,16.095189873451186,12,14,1-100:1000-1500,False,True,,3973,99.94996664442962
33,2026-10-07T04:18:35.266+00:00,2026-10-07T04:18:37.343+00:00,2026-10-07T04:19:12.577+00:00,True,576,576.0,,576.0,2077.009356,37310.313420000006,37310.31327,64.77484942708334,35.995334,2077.009356,87.99442078915894,130.4809395,61.27531141565217,26.26937132903134,15.438090629687341,12,14,100-300:300-600,False,True,,2223,99.94996664442962
34,2026-10-07T04:18:39.269+00:00,2026-10-07T04:18:41.344+00:00,2026-10-07T04:19:04.486+00:00,True,376,376.0,,376.0,2074.806086,25216.39431,25216.394322,67.06487851595745,33.309002,2074.806086,107.05323367089639,128.64922675,61.71090193066667,26.156352635297083,14.910934346029427,12,14,100-300:300-600,False,True,,1563,99.94996664442962
35,2026-10-07T04:18:44.648+00:00,2026-10-07T04:18:45.904+00:00,2026-10-07T04:19:14.465+00:00,True,471,471.0,,471.0,1256.514431,29817.917311,29817.917232,63.30767989808917,39.529165,1256.514431,60.609011247514296,128.805667,60.76894229787234,25.280979589340014,15.795871827246813,12,14,100-300:300-600,False,True,,1397,99.94996664442962
36,2026-10-07T04:18:48.617+00:00,2026-10-07T04:18:51.269+00:00,2026-10-07T04:19:18.345+00:00,True,447,447.0,,447.0,2652.3161450000002,29727.631345,29727.631211,66.5047678098434,38.719137,2652.3161450000002,125.27416736025586,130.2413717,60.70698475336323,25.875275591359156,15.036515853294937,12,14,100-300:300-600,False,True,,1739,99.94996664442962
37,2026-10-07T04:18:53.492+00:00,2026-10-07T04:18:56.897+00:00,2026-10-07T04:20:17.506+00:00,True,1322,1322.0,,1322.0,3405.559376,84014.298448,84014.298267,63.55090640468986,0.018084,3405.559376,96.59303629920441,129.16923115,61.02099854049962,29.48726529544566,15.735416761448548,12,14,1-100:1000-1500,False,True,,1322,99.94996664442962
38,2026-10-07T04:18:57.752+00:00,2026-10-07T04:19:02.166+00:00,2026-10-07T04:19:30.333+00:00,True,465,465.0,,465.0,4413.335808,32580.248064,32580.247894,70.0650492344086,0.017773,4413.335808,205.08367431034782,130.813045,60.70455227586207,36.323044538972574,14.272451182279616,12,14,100-300:300-600,False,True,,2091,99.94996664442962
39,2026-10-07T04:19:02.204+00:00,2026-10-07T04:19:05.433+00:00,2026-10-07T04:19:34.048+00:00,True,474,474.0,,474.0,3229.483604,31844.223316,31844.223175,67.18190543248946,0.017713999999999997,3229.483604,149.84709898770035,128.19755354999998,60.49627846088794,35.639447544414736,14.884960304930427,12,14,100-300:300-600,False,True,,2195,99.94996664442962
40,2026-10-07T04:19:05.647+00:00,2026-10-07T04:19:10.592+00:00,2026-10-07T04:19:32.081+00:00,True,355,355.0,,355.0,4945.61409,26434.359306,26434.359204,74.46298367323944,0.017883,4945.61409,262.06562066082375,130.23455760000002,60.70267010169491,38.27025566339456,13.429491363515782,12,14,100-300:300-600,False,True,,1817,99.94996664442962
41,2026-10-07T04:19:10.703+00:00,2026-10-07T04:19:16.428+00:00,2026-10-07T04:19:36.756+00:00,True,336,336.0,,336.0,5724.929546,26053.017098,26053.017316,77.53874201190476,0.017803,5724.929546,311.34923784144496,128.99964325000002,60.6808583641791,38.15036745987615,12.896778854292217,12,14,100-300:300-600,False,True,,1532,99.94996664442962
42,2026-10-07T04:19:16.608+00:00,2026-10-07T04:19:21.663+00:00,2026-10-07T04:19:55.277+00:00,True,560,560.0,,560.0,5055.433127,38669.018278999996,38669.01826,69.05181832142857,0.018545000000000002,5055.433127,213.72869146855618,126.39855555,60.13163712343471,33.51071562980034,14.4818778682085,12,14,100-300:300-600,False,True,,2790,99.94996664442962
43,2026-10-07T04:19:21.611+00:00,2026-10-07T04:19:27.269+00:00,2026-10-07T04:19:54.392+00:00,True,455,455.0,,455.0,5658.24137,32780.922714,32780.922719,72.0459839978022,42.555969,5658.24137,263.5788246957136,125.8100179,59.74158886343613,24.268102867170555,13.880024182653031,12,14,100-300:300-600,False,True,,2181,99.94996664442962
44,2026-10-07T04:19:26.909+00:00,2026-10-07T04:19:32.943+00:00,2026-10-07T04:20:03.982+00:00,True,515,515.0,,515.0,6034.189885,37073.077053,37073.077101,71.9865574776699,42.600523,6034.189885,264.45469634547794,128.21781810000002,60.3869400155642,25.371442133247047,13.89148247025062,12,14,100-300:300-600,False,True,,2009,99.94996664442962
45,2026-10-07T04:19:32.992+00:00,2026-10-07T04:19:38.308+00:00,2026-10-07T04:21:02.494+00:00,True,1375,1375.0,,1375.0,5315.697382,89501.468134,89501.468227,65.09197689236363,0.017603,5315.697382,145.20507285437662,130.6594139,61.27057551091703,31.717059054199954,15.362876483113938,12,14,1-100:1000-1500,False,True,,6679,99.94996664442962
46,2026-10-07T04:19:37.412+00:00,2026-10-07T04:19:43.165+00:00,2026-10-07T04:20:08.416+00:00,True,414,414.0,,414.0,5753.610387,31004.287891,31004.287704,74.88958382608696,41.678855000000006,5753.610387,280.99548220438527,130.9867865,61.13965497336562,26.249946900501822,13.352991736351955,12,14,100-300:300-600,False,True,,1596,99.94996664442962
47,2026-10-07T04:19:42.632+00:00,2026-10-07T04:19:50.715+00:00,2026-10-07T04:20:54.625+00:00,True,1038,1038.0,,1038.0,8082.124353,71992.91270500001,71992.912649,69.35733395857419,0.018194,8082.124353,251.16426084797274,130.18753685,61.63046128447445,33.334995453365124,14.418085905946537,12,14,1-100:1000-1500,False,True,,1038,99.94996664442962
48,2026-10-07T04:19:48.319+00:00,2026-10-07T04:19:55.868+00:00,2026-10-07T04:20:25.157+00:00,True,483,483.0,,483.0,7549.428933,36838.075077,36838.074967,76.26930634989648,43.307357,7549.428933,341.68744042045853,128.29165279999998,60.764826024896266,25.37311952965196,13.111434269853122,12,14,100-300:300-600,False,True,,2209,99.94996664442962
49,2026-10-07T04:19:53.263+00:00,2026-10-07T04:20:00.145+00:00,2026-10-07T04:21:29.175+00:00,True,1455,1455.0,,1455.0,6881.9364510000005,95911.937091,95911.93706,65.91885708591066,0.017383,6881.9364510000005,181.58787391093938,129.14924290000002,61.23108709766162,31.637733559212876,15.170165926473937,12,14,1-100:1000-1500,False,True,,1458,99.94996664442962
50,2026-10-07T04:19:57.331+00:00,2026-10-07T04:20:06.652+00:00,2026-10-07T04:20:29.654+00:00,True,377,377.0,,377.0,9320.829364,32322.872499999998,32322.872645,85.73706271883289,0.018053,9320.829364,478.9353881920454,130.63758560000002,61.17564663829787,44.20518145068532,11.663567339196108,12,14,100-300:300-600,False,True,,1868,99.94996664442962
51,2026-10-07T04:20:01.040+00:00,2026-10-07T04:20:10.400+00:00,2026-10-07T04:21:28.536+00:00,True,1279,1279.0,,1279.0,9359.810625,87496.163905,87496.163922,68.40982323846755,0.018254000000000003,9359.810625,261.85916485303653,129.2905017,61.1395565571205,31.09920528710108,14.617783716651733,12,14,1-100:1000-1500,False,True,,5116,99.94996664442962
52,2026-10-07T04:20:07.341+00:00,2026-10-07T04:20:16.805+00:00,2026-10-07T04:21:35.650+00:00,True,1290,1290.0,,1290.0,9463.527301,88309.260933,88309.260721,68.45679125658914,0.017633,9463.527301,263.71491812130404,129.59005295,61.16814090923196,31.87218363563868,14.60775445713128,12,14,1-100:1000-1500,False,True,,1290,99.94996664442962
53,2026-10-07T04:20:11.483+00:00,2026-10-07T04:20:20.613+00:00,2026-10-07T04:21:44.277+00:00,True,1361,1361.0,,1361.0,9129.803635,92794.365299,92794.365362,68.18101790007347,0.017093,9129.803635,248.9241897158617,131.302629,61.51806004705882,39.27826705092256,14.666838828140214,12,14,1-100:1000-1500,False,True,,5438,99.94996664442962
54,2026-10-07T04:20:15.044+00:00,2026-10-07T04:20:26.168+00:00,2026-10-07T04:20:48.183+00:00,True,351,351.0,,351.0,11123.404034,33139.183873999995,33139.184026999996,94.4136297065527,0.018414,11123.404034,592.0341155490086,130.401858,62.90222811428571,44.47624869755482,10.591691133208142,12,14,100-300:300-600,False,True,,1766,99.94996664442962
55,2026-10-07T04:20:19.710+00:00,2026-10-07T04:20:30.904+00:00,2026-10-07T04:20:49.970+00:00,True,308,308.0,,308.0,11193.96425,30259.864538,30259.864699,98.24631395779221,35.898457,11193.96425,634.822210977206,128.6239732,62.10390973289903,25.869459347982954,10.178498968930182,12,14,100-300:300-600,False,True,,1325,99.94996664442962
56,2026-10-07T04:20:25.762+00:00,2026-10-07T04:20:38.032+00:00,2026-10-07T04:21:11.381+00:00,True,552,552.0,,552.0,12269.953150000001,45619.026814000004,45619.026884,82.64316464492754,40.077189,12269.953150000001,520.2553050808834,126.94904615,60.52463459891107,24.740325259669568,12.100214286697518,12,14,100-300:300-600,False,True,,2694,99.94996664442962
57,2026-10-07T04:20:30.245+00:00,2026-10-07T04:20:41.702+00:00,2026-10-07T04:21:15.238+00:00,True,561,561.0,,561.0,11456.394916,44992.675747999994,44992.675832,80.20084818538324,44.072554,11456.394916,481.7738380229927,127.81194799999999,59.88621577142857,24.31466851895788,12.468696086049905,12,14,100-300:300-600,False,True,,2989,99.94996664442962
58,2026-10-07T04:20:35.966+00:00,2026-10-07T04:20:47.590+00:00,2026-10-07T04:21:11.808+00:00,True,406,406.0,,406.0,11624.023438999999,35841.630351,35841.630579,88.279878273399,40.307882,11624.023438999999,574.4463188326934,127.40507300000002,59.79656027654321,24.54619194193567,11.327609710384516,12,14,100-300:300-600,False,True,,1494,99.94996664442962
59,2026-10-07T04:20:39.458+00:00,2026-10-07T04:20:51.399+00:00,2026-10-07T04:21:20.086+00:00,True,476,476.0,,476.0,11941.125081,40628.740825,40628.740939,85.3544977710084,40.797048000000004,11941.125081,545.127217080878,128.1101035,60.39498051368421,25.05433002789173,11.715844260354332,12,14,100-300:300-600,False,True,,2059,99.94996664442962
60,2026-10-07T04:20:43.873+00:00,2026-10-07T04:20:57.359+00:00,2026-10-07T04:21:17.437+00:00,True,328,328.0,,328.0,13486.237551999999,33564.529775999996,33564.529875,102.3308837652439,40.578489999999995,13486.237551999999,741.717473248814,127.8796675,61.40150527217125,26.013226184911716,9.77222091860001,12,14,100-300:300-600,False,True,,1602,99.94996664442962
61,2026-10-07T04:20:48.011+00:00,2026-10-07T04:21:00.219+00:00,2026-10-07T04:22:28.547+00:00,True,1451,1451.0,,1451.0,12207.954103,100535.649975,100535.650127,69.28714688283942,0.017824000000000003,12207.954103,320.6965562164616,128.2776145,60.91565232551724,34.03255051666394,14.432691292698832,12,14,1-100:1000-1500,False,True,,6830,99.94996664442962
62,2026-10-07T04:20:51.873+00:00,2026-10-07T04:21:03.500+00:00,2026-10-07T04:21:31.471+00:00,True,460,460.0,,460.0,11627.047344,39597.947568,39597.94751,86.08249458695653,41.249907,11627.047344,539.8842069887567,130.18755565,60.93878044444445,25.71903892581891,11.61676370246362,12,14,100-300:300-600,False,True,,1840,99.94996664442962
63,2026-10-07T04:20:56.255+00:00,2026-10-07T04:21:08.365+00:00,2026-10-07T04:21:34.393+00:00,True,427,427.0,,427.0,12110.190504,38137.667496,38137.667606,89.31538081030445,41.473496,12110.190504,583.6842150354348,132.7946421,61.09736383098592,26.217640467792652,11.196279899518897,12,14,100-300:300-600,False,True,,2054,99.94996664442962
64,2026-10-07T04:21:01.023+00:00,2026-10-07T04:21:15.235+00:00,2026-10-07T04:21:49.282+00:00,True,543,543.0,,543.0,14211.558837999999,48258.393782,48258.393815999996,88.87365343646408,0.018895,14211.558837999999,608.8739995994953,133.28861559999999,62.81703864206642,45.42069620138723,11.251928575429188,12,14,100-300:300-600,False,True,,2633,99.94996664442962
65,2026-10-07T04:21:04.558+00:00,2026-10-07T04:21:17.953+00:00,2026-10-07T04:21:45.091+00:00,True,437,437.0,,437.0,13395.424873,40533.321065,40533.321174,92.7535953638444,0.017794,13395.424873,639.5839315577398,134.17339559999996,62.242881174311925,47.62253012554633,10.781253263191008,12,14,100-300:300-600,False,True,,1720,99.94996664442962
66,2026-10-07T04:21:08.254+00:00,2026-10-07T04:21:23.999+00:00,2026-10-07T04:21:52.751+00:00,True,462,462.0,,462.0,15745.010737999999,44497.35685,44497.356868,96.31462525541126,0.017403,15745.010737999999,731.2128050810043,133.9153627,62.36951434273319,48.2516444161545,10.382639165678894,12,14,100-300:300-600,False,True,,2317,99.94996664442962
67,2026-10-07T04:21:13.009+00:00,2026-10-07T04:21:29.770+00:00,2026-10-07T04:22:36.004+00:00,True,1093,1093.0,,1093.0,16761.283542,82994.74581400001,82994.745885,75.93297885178409,0.017533,16761.283542,506.4125414344094,127.8291426,60.65335372893773,35.71362560473069,13.169508374054526,12,14,1-100:1000-1500,False,True,,1639,99.94996664442962
68,2026-10-07T04:21:17.480+00:00,2026-10-07T04:21:35.796+00:00,2026-10-07T04:21:57.471+00:00,True,347,347.0,,347.0,18315.394213,39991.295653,39991.295728,115.24869085878963,0.018104,18315.394213,981.3022700136726,132.179313,62.64711398843931,53.28295067111214,8.676888166136957,12,14,100-300:300-600,False,True,,1723,99.94996664442962
69,2026-10-07T04:21:21.437+00:00,2026-10-07T04:21:40.228+00:00,2026-10-07T04:22:00.803+00:00,True,332,332.0,,332.0,18791.395785,39366.089929,39366.089804,118.57255965060241,42.811903,18791.395785,1028.2496562047945,130.94273525,62.15919680966768,26.838494556977047,8.433654462477463,12,14,100-300:300-600,False,True,,1810,99.94996664442962
70,2026-10-07T04:21:25.255+00:00,2026-10-07T04:21:42.993+00:00,2026-10-07T04:22:19.412+00:00,True,597,597.0,,597.0,17737.738577,54157.113681,54157.11376,90.71543343383584,39.212709000000004,17737.738577,723.9109801203709,127.7264936,61.10633406711409,25.672059275483473,11.02348259393015,12,14,100-300:300-600,False,True,,3088,99.94996664442962
71,2026-10-07T04:21:30.599+00:00,2026-10-07T04:21:47.435+00:00,2026-10-07T04:22:12.507+00:00,True,407,407.0,,407.0,16835.988027,41907.826491,41907.826472,102.9676326093366,41.734524,16835.988027,831.8911323547653,129.8233201,61.75329670935961,26.56404909617595,9.711789755725128,12,14,100-300:300-600,False,True,,1621,99.94996664442962
72,2026-10-07T04:21:36.073+00:00,2026-10-07T04:21:52.922+00:00,2026-10-07T04:22:22.002+00:00,True,480,480.0,,480.0,16849.077921999997,45929.193633999996,45929.193523999995,95.68581984166666,39.453101000000004,16849.077921999997,766.6995231930748,125.60239675000001,60.71005367849687,25.366699710904054,10.450869306023925,12,14,100-300:300-600,False,True,,2785,99.94996664442962
73,2026-10-07T04:21:39.807+00:00,2026-10-07T04:21:55.991+00:00,2026-10-07T04:22:21.573+00:00,True,425,425.0,,425.0,16184.661455,41765.967567,41765.96778,98.27286536470588,39.522169999999996,16184.661455,782.5345338815321,123.61174220000001,60.33326913207547,24.72337816030845,10.175748935259906,12,14,100-300:300-600,False,True,,1945,99.94996664442962
74,2026-10-07T04:21:44.364+00:00,2026-10-07T04:22:02.384+00:00,2026-10-07T04:23:13.397+00:00,True,1166,1166.0,,1166.0,18019.976833,89033.093249,89033.093308,76.35771295711835,0.017453,18019.976833,527.4403449706396,128.42244125,60.95546473476395,39.816756774329086,13.096253959626369,12,14,1-100:1000-1500,False,True,,1166,99.94996664442962
75,2026-10-07T04:21:48.275+00:00,2026-10-07T04:22:07.223+00:00,2026-10-07T04:22:37.700+00:00,True,509,509.0,,509.0,18947.959937,49425.146496999994,49425.14652,97.10244895874263,33.62998,18947.959937,837.5755661436314,124.12870300000003,59.99446173228347,25.292437802293097,10.29840144289497,12,14,100-300:300-600,False,True,,2280,99.94996664442962
76,2026-10-07T04:21:52.703+00:00,2026-10-07T04:22:09.944+00:00,2026-10-07T04:22:34.775+00:00,True,424,424.0,,424.0,17240.292937,42071.207752999995,42071.207763,99.22454661084905,36.222267,17240.292937,834.7478685325694,121.212684,58.70192627895981,23.711699180912795,10.078151368729499,12,14,100-300:300-600,False,True,,2044,99.94996664442962
77,2026-10-07T04:21:56.797+00:00,2026-10-07T04:22:11.730+00:00,2026-10-07T04:22:33.185+00:00,True,373,373.0,,373.0,14933.575953,36387.839504999996,36387.839355,97.55452910187667,31.197363000000003,14933.575953,770.5860873148654,118.92379080000002,57.67275148387097,22.953540098045888,10.250677288733964,12,14,100-300:300-600,False,True,,1453,99.94996664442962
78,2026-10-07T04:22:01.979+00:00,2026-10-07T04:22:17.197+00:00,2026-10-07T04:22:44.259+00:00,True,458,458.0,,458.0,15217.888661,42279.532949,42279.532907,92.31339062663756,33.920204,15217.888661,708.7489962701444,125.42104859999999,59.21585183369803,24.732883327449567,10.832664602810677,12,14,100-300:300-600,False,True,,2460,99.94996664442962
79,2026-10-07T04:22:07.437+00:00,2026-10-07T04:22:22.767+00:00,2026-10-07T04:22:46.616+00:00,True,399,399.0,,399.0,15330.824782,39179.348046,39179.347927,98.19385445363409,37.249612,15330.824782,764.9086631470611,128.0773424,59.92091272361809,24.988258673899782,10.183936688572226,12,14,100-300:300-600,False,True,,1765,99.94996664442962
80,2026-10-07T04:22:12.171+00:00,2026-10-07T04:22:31.282+00:00,2026-10-07T04:22:53.055+00:00,True,349,349.0,,349.0,19111.231794,40884.014385999995,40884.014351,117.14617292550143,36.119565,19111.231794,1020.0157948088096,130.35852060000002,62.56546721839081,27.289355952271766,8.536343733395928,12,14,100-300:300-600,False,True,,1934,99.94996664442962
81,2026-10-07T04:22:16.053+00:00,2026-10-07T04:22:34.579+00:00,2026-10-07T04:23:09.814+00:00,True,572,572.0,,572.0,18525.938262,53760.512342,53760.512225,93.98690948426574,0.017794,18525.938262,773.6634720050214,131.96840365,61.70678472854641,50.31800931822484,10.639779553461013,12,14,100-300:300-600,False,True,,2170,99.94996664442962
82,2026-10-07T04:22:20.565+00:00,2026-10-07T04:22:38.713+00:00,2026-10-07T04:24:04.545+00:00,True,1409,1409.0,,1409.0,18148.036989999997,103980.357246,103980.357343,73.79727277714692,0.018134,18148.036989999997,483.2532463706109,129.1551472,60.960454727272726,36.798810900207606,13.550636267449471,12,14,1-100:1000-1500,False,True,,6421,99.94996664442962
83,2026-10-07T04:22:24.396+00:00,2026-10-07T04:22:42.144+00:00,2026-10-07T04:23:19.011+00:00,True,593,593.0,,593.0,17747.601083,54614.405819,54614.405768000004,92.0984920202361,0.018113,17747.601083,727.9310481232708,130.3129776,62.275008,49.4945194448128,10.857941070809913,12,14,100-300:300-600,False,True,,2560,99.94996664442962
84,2026-10-07T04:22:30.236+00:00,2026-10-07T04:22:47.872+00:00,2026-10-07T04:23:14.125+00:00,True,426,426.0,,426.0,17636.303277,43889.216173,43889.216161,103.02632901643193,0.017582999999999998,17636.303277,853.2548665931421,132.312464,61.77155975529411,54.93374739422655,9.706256733335533,12,14,100-300:300-600,False,True,,2148,99.94996664442962
85,2026-10-07T04:22:35.006+00:00,2026-10-07T04:22:54.979+00:00,2026-10-07T04:23:19.488+00:00,True,392,392.0,,392.0,19972.653355000002,44481.345579,44481.345583,113.47282036479592,0.017603,19972.653355000002,1007.2771049896023,131.77972580000002,62.68207729923274,58.08234436589803,8.812683044936175,12,14,100-300:300-600,False,True,,2128,99.94996664442962
86,2026-10-07T04:22:39.764+00:00,2026-10-07T04:23:01.040+00:00,2026-10-07T04:23:26.602+00:00,True,418,418.0,,418.0,21276.724293000003,46838.102085000006,46838.102313,112.05287634688996,0.017391999999999998,21276.724293000003,1039.211041140529,129.3358408,61.298268086330935,56.45001918546792,8.92435819114595,12,14,100-300:300-600,False,True,,2167,99.94996664442962
87,2026-10-07T04:22:44.576+00:00,2026-10-07T04:23:06.229+00:00,2026-10-07T04:23:38.104+00:00,True,533,533.0,,533.0,21652.804429,53528.052557,53528.052562,100.42786596998124,37.850282,21652.804429,935.6236515214115,122.69964080000001,59.915879939849624,24.939667213375802,9.957395693266225,12,14,100-300:300-600,False,True,,2537,99.94996664442962
88,2026-10-07T04:22:49.692+00:00,2026-10-07T04:23:10.077+00:00,2026-10-07T04:24:27.401+00:00,True,1269,1269.0,,1269.0,20384.67434,97709.08598799999,97709.085995,76.99691567769898,37.883182,20384.67434,571.1043932379347,128.8282474,60.98139719873817,25.812281025453462,12.987533218311452,12,14,1-100:1000-1500,False,True,,3805,99.94996664442962
89,2026-10-07T04:22:55.573+00:00,2026-10-07T04:23:14.425+00:00,2026-10-07T04:24:45.092+00:00,True,1483,1483.0,,1483.0,18852.126232000002,109518.966296,109518.96608700001,73.84960626230614,36.812375,18852.126232000002,488.64756336722536,128.71279779999998,61.17870449662618,26.050837849232312,13.541033577616629,12,14,1-100:1000-1500,False,True,,6664,99.94996664442962
90,2026-10-07T04:23:01.617+00:00,2026-10-07T04:23:19.012+00:00,2026-10-07T04:24:46.608+00:00,True,1437,1437.0,,1437.0,17394.356111,104990.389647,104990.389551,73.06220567223382,38.146465,17394.356111,457.97449833095834,128.4632652,61.00002335376044,25.748792329557336,13.686967015090612,12,14,1-100:1000-1500,False,True,,3094,99.94996664442962
91,2026-10-07T04:23:06.428+00:00,2026-10-07T04:23:22.888+00:00,2026-10-07T04:23:44.641+00:00,True,373,373.0,,373.0,16459.887316,38212.677588,38212.677465,102.44685647453083,41.054305,16459.887316,849.558770263996,118.5853142,58.47524266666667,23.55913640365454,9.76115843075948,12,14,100-300:300-600,False,True,,1520,99.94996664442962
92,2026-10-07T04:23:12.415+00:00,2026-10-07T04:23:32.007+00:00,2026-10-07T04:24:05.762+00:00,True,549,549.0,,549.0,19591.891056,53346.486896,53346.486994,97.17028596357012,40.628386,19591.891056,833.9539397539452,130.3380702,61.595977810218976,26.527828549119643,10.291211885616498,12,14,100-300:300-600,False,True,,2590,99.94996664442962
93,2026-10-07T04:23:18.496+00:00,2026-10-07T04:23:38.284+00:00,2026-10-07T04:24:13.156+00:00,True,565,565.0,,565.0,19787.92594,54660.489396000004,54660.489371,96.74422897522125,40.881471,19787.92594,830.3033500032539,129.872026,61.83078626950355,26.438582317027333,10.336533870136664,12,14,100-300:300-600,False,True,,2352,99.94996664442962
94,2026-10-07T04:23:22.423+00:00,2026-10-07T04:23:42.592+00:00,2026-10-07T04:24:14.982+00:00,True,526,526.0,,526.0,20169.56738,52559.548819999996,52559.548678,99.92309634600761,40.784298,20169.56738,877.1329140387525,129.93242675000002,61.69520274285714,26.112146573634767,10.007696257085184,12,14,100-300:300-600,False,True,,2362,99.94996664442962
95,2026-10-07T04:23:26.746+00:00,2026-10-07T04:23:46.077+00:00,2026-10-07T04:24:22.487+00:00,True,592,592.0,,592.0,19330.596331999997,55740.91645999999,55740.916563,94.15695365371622,43.078806,19330.596331999997,792.3794395176878,131.48843470000003,61.60798668020304,26.089566004341734,10.62056452596761,12,14,100-300:300-600,False,True,,2686,99.94996664442962
96,2026-10-07T04:23:30.947+00:00,2026-10-07T04:23:50.217+00:00,2026-10-07T04:24:54.875+00:00,True,1051,1051.0,,1051.0,19270.063329,83927.878625,83927.878616,79.85526033872502,0.017994,19270.063329,594.3999953597842,130.650734,61.57887171047619,47.45283933884421,12.52265656202269,12,14,1-100:1000-1500,False,True,,1644,99.94996664442962
97,2026-10-07T04:23:35.079+00:00,2026-10-07T04:23:58.763+00:00,2026-10-07T04:24:35.594+00:00,True,584,584.0,,584.0,23684.797967,60515.146511,60515.146555,103.62182629280822,39.140167,23684.797967,977.8709337338747,132.3265186,63.17383969811321,28.03170360482585,9.650476511592759,12,14,100-300:300-600,False,True,,2377,99.94996664442962
98,2026-10-07T04:23:38.505+00:00,2026-10-07T04:24:01.607+00:00,2026-10-07T04:25:31.700+00:00,True,1456,1456.0,,1456.0,23102.358809999998,113194.82959400001,113194.829629,77.74370166826922,0.018905,23102.358809999998,605.3239674767493,129.834033,61.91922390652921,42.60786141414203,12.862778319666083,12,14,1-100:1000-1500,False,True,,2913,99.94996664442962
99,2026-10-07T04:23:43.121+00:00,2026-10-07T04:24:05.049+00:00,2026-10-07T04:25:19.854+00:00,True,1211,1211.0,,1211.0,21927.409524,96732.442484,96732.442708,79.8781525251858,0.017122,21927.409524,630.1017762734809,129.5512085,61.8223412892562,47.21419289948078,12.519067738833382,12,14,1-100:1000-1500,False,True,,4322,99.94996664442962
100,2026-10-07T04:23:48.439+00:00,2026-10-07T04:24:09.291+00:00,2026-10-07T04:24:27.940+00:00,True,305,305.0,,305.0,20851.956597,39501.180533,39501.180656,129.51206772459017,39.261584,20851.956597,1190.748361456053,130.1669356,61.346131368421055,25.931669181114692,7.72128822188485,12,14,100-300:300-600,False,True,,1530,99.94996664442962
101,2026-10-07T04:23:52.042+00:00,2026-10-07T04:24:14.015+00:00,2026-10-07T04:24:41.825+00:00,True,444,444.0,,444.0,21973.309412,49783.406052,49783.406098,112.12478850900901,38.162725,21973.309412,1040.1984111349368,131.79232409999997,62.7767418510158,27.793729735019696,8.91863444490381,12,14,100-300:300-600,False,True,,2120,99.94996664442962
102,2026-10-07T04:23:56.593+00:00,2026-10-07T04:24:18.662+00:00,2026-10-07T04:24:41.283+00:00,True,360,360.0,,360.0,22068.965888,44689.907968,44689.907909,124.13863308055555,39.424069,22068.965888,1160.1486280533823,132.1804988,63.01098072423399,27.832216553623986,8.055509988021821,12,14,100-300:300-600,False,True,,1759,99.94996664442962
103,2026-10-07T04:24:01.753+00:00,2026-10-07T04:24:24.691+00:00,2026-10-07T04:24:46.244+00:00,True,345,345.0,,345.0,22937.950309,44491.145829,44491.145732,128.95984270144928,36.010583,22937.950309,1231.8749746868116,129.8318376,62.65463813953488,27.69508034923642,7.754351873201786,12,14,100-300:300-600,False,True,,1629,99.94996664442962
104,2026-10-07T04:24:06.316+00:00,2026-10-07T04:24:28.848+00:00,2026-10-07T04:24:48.090+00:00,True,313,313.0,,313.0,22532.469160999997,41774.631849,41774.63181,133.4652773482428,0.017703,22532.469160999997,1272.6236705262113,128.4578956,61.67359835897436,79.84544872887204,7.492585479421589,12,14,100-300:300-600,False,True,,1381,99.94996664442962
105,2026-10-07T04:24:11.877+00:00,2026-10-07T04:24:35.492+00:00,2026-10-07T04:25:10.268+00:00,True,562,562.0,,562.0,23614.659045,58390.846693,58390.84658,103.89830352313167,0.017413,23614.659045,995.5364313817228,128.79455245,61.98963930124778,63.553663412934874,9.624796210865249,12,14,100-300:300-600,False,True,,2790,99.94996664442962
106,2026-10-07T04:24:17.763+00:00,2026-10-07T04:24:39.153+00:00,2026-10-07T04:25:13.647+00:00,True,564,564.0,,564.0,21389.718397,55883.97042899999,55883.970413,99.08505392375886,0.017292000000000002,21389.718397,899.9822770910689,128.5185964,61.26865369804618,58.38631146559596,10.092339461036616,12,14,100-300:300-600,False,True,,2275,99.94996664442962
107,2026-10-07T04:24:23.137+00:00,2026-10-07T04:24:45.044+00:00,2026-10-07T04:25:05.832+00:00,True,346,346.0,,346.0,21906.419275,42694.217803,42694.217748,123.3936929132948,0.016881,21906.419275,1176.6778324459128,130.55505275,60.254488486956525,72.363185847375,8.104141914404334,12,14,100-300:300-600,False,True,,355,99.94996664442962
108,2026-10-07T04:24:27.182+00:00,2026-10-07T04:24:49.904+00:00,2026-10-07T04:25:24.559+00:00,True,568,568.0,,568.0,22721.784571,57377.200635,57377.20081,101.01619860915493,42.563158,22721.784571,951.1676614857108,128.9641498,61.12066325220458,25.725011263351615,9.899402440584055,12,14,100-300:300-600,False,True,,2131,99.94996664442962
109,2026-10-07T04:24:31.508+00:00,2026-10-07T04:24:55.634+00:00,2026-10-07T04:25:31.035+00:00,True,577,577.0,,577.0,24125.158126,59526.458094,59526.458273,103.16543894800692,38.865307,24125.158126,1002.122429021971,127.74475299999999,61.46059022222222,26.032306285520512,9.693168692967456,12,14,100-300:300-600,False,True,,2637,99.94996664442962
110,2026-10-07T04:24:35.268+00:00,2026-10-07T04:24:59.766+00:00,2026-10-07T04:25:59.959+00:00,True,1005,1005.0,,1005.0,24497.940875,84690.87143500001,84690.871638,84.26952401791044,41.981567000000005,24497.940875,771.2712718825524,125.49083340000001,59.95311808764941,24.818595131659624,11.866686255216237,12,14,1-100:1000-1500,False,True,,4500,99.94996664442962
111,2026-10-07T04:24:40.437+00:00,2026-10-07T04:25:04.292+00:00,2026-10-07T04:25:27.950+00:00,True,387,387.0,,387.0,23854.849309999998,47513.463582,47513.463395,122.77380722222222,42.200727,23854.849309999998,1209.7614940476699,126.34197,61.291746818652854,25.447886613399437,8.145059754107487,12,14,100-300:300-600,False,True,,1725,99.94996664442962
112,2026-10-07T04:24:44.004+00:00,2026-10-07T04:25:07.824+00:00,2026-10-07T04:25:28.760+00:00,True,343,343.0,,343.0,23819.632224,44756.025184,44756.02508,130.4840381341108,42.528612,23819.632224,1283.082115094971,126.09504379999998,61.217523274853804,25.27827455647737,7.663772611394016,12,14,100-300:300-600,False,True,,1669,99.94996664442962
113,2026-10-07T04:24:49.096+00:00,2026-10-07T04:25:11.905+00:00,2026-10-07T04:25:43.454+00:00,True,532,532.0,,532.0,22809.150994,54357.874706,54357.874875,102.17645653195488,42.172494,22809.150994,986.6232361260762,123.1896231,59.41379230131827,24.231175008558072,9.78699043841164,12,14,100-300:300-600,False,True,,2485,99.94996664442962
114,2026-10-07T04:24:54.475+00:00,2026-10-07T04:25:16.924+00:00,2026-10-07T04:25:40.896+00:00,True,407,407.0,,407.0,22448.782634,46420.879914000005,46420.879986,114.05621618181819,41.956219,22448.782634,1110.0773594106404,123.59825970000001,59.04457458128079,24.01922184181707,8.76760631754534,12,14,100-300:300-600,False,True,,1848,99.94996664442962
115,2026-10-07T04:24:59.526+00:00,2026-10-07T04:25:20.326+00:00,2026-10-07T04:25:48.744+00:00,True,485,485.0,,485.0,20799.957793,49218.359073,49218.359149,101.48115288453609,36.291474,20799.957793,942.1253654037379,123.558809,58.71570512396694,24.350101601167328,9.854046521149854,12,14,100-300:300-600,False,True,,1748,99.94996664442962
116,2026-10-07T04:25:04.141+00:00,2026-10-07T04:25:26.465+00:00,2026-10-07T04:25:58.593+00:00,True,550,550.0,,550.0,22323.287596000002,54452.151852,54452.151956,99.00391264727273,40.712762000000005,22323.287596000002,949.6796670739931,123.40564245000002,58.522521413479055,24.163439498701305,10.100610927092292,12,14,100-300:300-600,False,True,,2521,99.94996664442962
117,2026-10-07T04:25:07.920+00:00,2026-10-07T04:25:29.214+00:00,2026-10-07T04:26:32.209+00:00,True,1054,1054.0,,1054.0,21294.035000999997,84289.746489,84289.74653599999,79.97129652371916,39.407776,21294.035000999997,654.5139019460039,124.06873595,59.82498716809117,24.455119763381752,12.50448653487823,12,14,1-100:1000-1500,False,True,,3689,99.94996664442962
118,2026-10-07T04:25:14.077+00:00,2026-10-07T04:25:36.151+00:00,2026-10-07T04:25:54.176+00:00,True,306,306.0,,306.0,22073.880073,40099.097865,40099.097944,131.0428037385621,43.042466,22073.880073,1258.730465782775,122.7104825,59.09907472786885,24.059327701758573,7.631094371005495,12,14,100-300:300-600,False,True,,1172,99.94996664442962
119,2026-10-07T04:25:19.867+00:00,2026-10-07T04:25:41.751+00:00,2026-10-07T04:26:43.935+00:00,True,1033,1033.0,,1033.0,21883.709499,84067.647035,84067.647105,81.38203979186835,35.349421,21883.709499,679.4583548587802,125.82545460000001,60.25575342635659,24.813719058779192,12.287723475476001,12,14,1-100:1000-1500,False,True,,1033,99.94996664442962
120,2026-10-07T04:25:23.769+00:00,2026-10-07T04:25:45.812+00:00,2026-10-07T04:27:12.002+00:00,True,1430,1430.0,,1430.0,22042.59791,108232.618518,108232.618646,75.68714590629371,0.017603,22042.59791,583.2174445051918,125.71840765,60.31491994961512,47.19668476529592,13.21228313220731,12,14,1-100:1000-1500,False,True,,7115,99.94996664442962
121,2026-10-07T04:25:29.800+00:00,2026-10-07T04:25:52.760+00:00,2026-10-07T04:26:19.535+00:00,True,446,446.0,,446.0,22959.936887,49734.781558999995,49734.781467,111.51296293049327,43.586617,22959.936887,1084.6094760248461,127.1529645,60.168190274157304,24.405570546080785,8.967567284294061,12,14,100-300:300-600,False,True,,1510,99.94996664442962
122,2026-10-07T04:25:35.847+00:00,2026-10-07T04:25:58.449+00:00,2026-10-07T04:26:17.791+00:00,True,319,319.0,,319.0,22601.789765,41943.897157,41943.897248,131.48557131034482,42.951678,22601.789765,1262.3017640058526,126.4454169,60.82423708176101,25.16033448791896,7.605397247803479,12,14,100-300:300-600,False,True,,1564,99.94996664442962
123,2026-10-07T04:25:39.995+00:00,2026-10-07T04:26:02.362+00:00,2026-10-07T04:27:07.264+00:00,True,1070,1070.0,,1070.0,22367.37099,87269.03755,87269.037443,81.5598480775701,0.018013,22367.37099,684.1610436073175,126.40831135,60.712503797942006,55.17780582099758,12.26093503537212,12,14,1-100:1000-1500,False,True,,3104,99.94996664442962
124,2026-10-07T04:25:44.662+00:00,2026-10-07T04:26:07.180+00:00,2026-10-07T04:26:39.959+00:00,True,539,539.0,,539.0,22517.277695999997,55296.730879999996,55296.7307,102.59133710575139,37.404882,22517.277695999997,967.5862759634568,126.78191760000001,60.928351643122674,25.016013571460444,9.747411671942947,12,14,100-300:300-600,False,True,,2494,99.94996664442962
125,2026-10-07T04:25:48.910+00:00,2026-10-07T04:26:10.449+00:00,2026-10-07T04:26:46.365+00:00,True,593,593.0,,593.0,21538.374230999998,57454.604374999995,57454.604274,96.88803418887015,37.524848,21538.374230999998,882.3323545748198,126.9691738,60.669307675675675,24.825402416491553,10.32119194711625,12,14,100-300:300-600,False,True,,2363,99.94996664442962
126,2026-10-07T04:25:53.472+00:00,2026-10-07T04:26:15.522+00:00,2026-10-07T04:26:34.778+00:00,True,315,315.0,,315.0,22050.058699,41305.442251,41305.442390000004,131.12838853968253,34.833794999999995,22050.058699,1239.1846208666866,129.0248025,61.32287755414013,25.40965454183051,7.6261137233647185,12,14,100-300:300-600,False,True,,1381,99.94996664442962
127,2026-10-07T04:25:58.452+00:00,2026-10-07T04:26:20.607+00:00,2026-10-07T04:27:38.414+00:00,True,1273,1273.0,,1273.0,22154.812550000002,99961.875334,99961.875381,78.5246468036135,0.017373,22154.812550000002,621.1675778427125,128.2275046,61.169074515723274,49.022679980636575,12.734855120980457,12,14,1-100:1000-1500,False,True,,2013,99.94996664442962
128,2026-10-07T04:26:02.595+00:00,2026-10-07T04:26:26.212+00:00,2026-10-07T04:26:55.632+00:00,True,485,485.0,,485.0,23617.117243,53036.899899,53036.899733,109.35443243917526,0.017823000000000002,23617.117243,1072.0635818034143,127.7233672,60.7846749090909,72.15060782080437,9.144576717787093,12,14,100-300:300-600,False,True,,2743,99.94996664442962
129,2026-10-07T04:26:07.258+00:00,2026-10-07T04:26:29.673+00:00,2026-10-07T04:27:31.130+00:00,True,1015,1015.0,,1015.0,22414.633434,83871.600858,83871.600822,82.6321190364532,0.017482,22414.633434,703.642717336683,126.88596360000001,60.60844913609468,52.89768808652454,12.101831723928342,12,14,1-100:1000-1500,False,True,,3705,99.94996664442962
130,2026-10-07T04:26:12.208+00:00,2026-10-07T04:26:34.957+00:00,2026-10-07T04:27:04.832+00:00,True,497,497.0,,497.0,22749.567914,52624.302762,52624.302802,105.8839090583501,0.018064,22749.567914,1020.2567381918442,125.41885159999998,60.231320258064514,71.4643773814615,9.44430565185338,12,14,100-300:300-600,False,True,,1916,99.94996664442962
131,2026-10-07T04:26:16.913+00:00,2026-10-07T04:26:39.582+00:00,2026-10-07T04:28:10.869+00:00,True,1490,1490.0,,1490.0,22669.36514,113956.136852,113956.13673900001,76.48062868389262,0.017643,22669.36514,587.5865010145752,130.01094405,61.3074356695769,47.148319016775226,13.075206313242528,12,14,1-100:1000-1500,False,True,,5549,99.94996664442962
132,2026-10-07T04:26:20.881+00:00,2026-10-07T04:26:44.760+00:00,2026-10-07T04:28:09.717+00:00,True,1385,1385.0,,1385.0,23878.164534000003,108835.483958,108835.483911,78.58157683104693,0.017503,23878.164534000003,641.852720209051,130.3252334,61.38534640462428,49.17151507391724,12.725629083750631,12,14,1-100:1000-1500,False,True,,5531,99.94996664442962
133,2026-10-07T04:26:25.302+00:00,2026-10-07T04:26:48.984+00:00,2026-10-07T04:27:57.143+00:00,True,1115,1115.0,,1115.0,23682.412601,91840.751673,91840.751798,82.36838726278027,0.018023,23682.412601,709.287531583154,128.49956729999997,61.1834282513465,51.734287582382386,12.14058007680479,12,14,1-100:1000-1500,False,True,,1115,99.94996664442962
134,2026-10-07T04:26:30.458+00:00,2026-10-07T04:26:55.896+00:00,2026-10-07T04:28:16.448+00:00,True,1307,1307.0,,1307.0,25437.837660999998,105990.204509,105990.204534,81.09426513695486,40.961027,25437.837660999998,702.3954568509837,129.507743,61.67868824502297,25.82872761737551,12.331328220892507,12,14,1-100:1000-1500,False,True,,5375,99.94996664442962
135,2026-10-07T04:26:36.526+00:00,2026-10-07T04:27:01.148+00:00,2026-10-07T04:27:21.570+00:00,True,340,340.0,,340.0,24621.86432,45043.72416,45043.724164,132.48154165882355,40.85111,24621.86432,1332.2729520743185,118.72025095,60.24147445427729,24.895033117901146,7.548221341385641,12,14,100-300:300-600,False,True,,1323,99.94996664442962
136,2026-10-07T04:26:42.531+00:00,2026-10-07T04:27:07.717+00:00,2026-10-07T04:27:29.231+00:00,True,355,355.0,,355.0,25185.312626,46699.583858,46699.583806,131.5481233971831,41.766156,25185.312626,1333.7014002061958,128.94026100000002,60.77477749152543,24.769883950998807,7.601780801290498,12,14,100-300:300-600,False,True,,1741,99.94996664442962
137,2026-10-07T04:26:46.911+00:00,2026-10-07T04:27:12.964+00:00,2026-10-07T04:27:35.313+00:00,True,359,359.0,,359.0,26052.424379,48402.105531,48402.105591,134.82480666016713,39.495720999999996,26052.424379,1371.957106431173,130.4285815,62.42927696089385,26.6237476562669,7.417032710902875,12,14,100-300:300-600,False,True,,1969,99.94996664442962
138,2026-10-07T04:26:52.986+00:00,2026-10-07T04:27:20.187+00:00,2026-10-07T04:27:41.689+00:00,True,346,346.0,,346.0,27201.818228999997,48703.01323699999,48703.013348,140.7601541849711,41.494406000000005,27201.818228999997,1459.2633618656087,129.24430300000003,62.32230437101449,26.22703071597881,7.104283226097016,12,14,100-300:300-600,False,True,,1850,99.94996664442962
139,2026-10-07T04:26:56.656+00:00,2026-10-07T04:27:23.838+00:00,2026-10-07T04:27:43.850+00:00,True,325,325.0,,325.0,27181.938199,47194.613014999995,47194.612934,145.21419364307692,41.426779,27181.938199,1504.5849114539117,130.27176199999997,61.76751486419753,26.26226163764887,6.886379169942645,12,14,100-300:300-600,False,True,,1670,99.94996664442962
140,2026-10-07T04:27:01.242+00:00,2026-10-07T04:27:29.381+00:00,2026-10-07T04:28:56.359+00:00,True,1410,1410.0,,1410.0,28139.112173,115117.075437,115117.07525,81.64331578014185,38.079578,28139.112173,748.1947467836334,131.30810000000002,61.73027910858765,26.266517316568518,12.24840011481745,12,14,1-100:1000-1500,False,True,,6101,99.94996664442962
141,2026-10-07T04:27:06.800+00:00,2026-10-07T04:27:34.125+00:00,2026-10-07T04:27:59.411+00:00,True,414,414.0,,414.0,27324.903623,52611.113159,52611.113121999995,127.07998338647343,40.420514000000004,27324.903623,1340.1919433201176,133.49962534999997,61.22568894915254,26.18834010569561,7.8690598837705545,12,14,100-300:300-600,False,True,,2229,99.94996664442962
142,2026-10-07T04:27:10.481+00:00,2026-10-07T04:27:39.009+00:00,2026-10-07T04:28:47.892+00:00,True,1117,1117.0,,1117.0,28528.086263,97410.846967,97410.847031,87.20756224798568,36.121918,28528.086263,852.142078174344,132.1415596,61.72290385663082,26.290614381114764,11.466895471901681,12,14,1-100:1000-1500,False,True,,1753,99.94996664442962
143,2026-10-07T04:27:14.799+00:00,2026-10-07T04:27:44.483+00:00,2026-10-07T04:28:20.107+00:00,True,576,576.0,,576.0,29684.201021,65308.305469,65308.305503,113.38247483159722,43.368798999999996,29684.201021,1234.5385660109764,131.650129,61.9549642573913,26.235428245149436,8.819705179357484,12,14,100-300:300-600,False,True,,3200,99.94996664442962
144,2026-10-07T04:27:19.225+00:00,2026-10-07T04:27:48.818+00:00,2026-10-07T04:28:11.084+00:00,True,359,359.0,,359.0,29593.544001,51859.454017,51859.453913,144.45530337883008,44.108585,29593.544001,1558.831934974099,134.4313467,62.19527937430168,26.63681729426319,6.922556490516012,12,14,100-300:300-600,False,True,,1352,99.94996664442962
145,2026-10-07T04:27:24.470+00:00,2026-10-07T04:27:56.884+00:00,2026-10-07T04:29:23.044+00:00,True,1416,1416.0,,1416.0,32414.227719000002,118573.742599,118573.742515,83.73851872528249,0.016912,32414.227719000002,861.6154074281117,127.06023575,60.89011652296819,56.22519128684133,11.941935617135035,12,14,1-100:1000-1500,False,True,,2127,99.94996664442962
146,2026-10-07T04:27:30.685+00:00,2026-10-07T04:28:04.155+00:00,2026-10-07T04:28:37.853+00:00,True,545,545.0,,545.0,33469.934319,67168.687087,67168.686986,123.24529722201835,41.133921,33469.934319,1431.277659034099,131.16789699999998,61.946236705882356,26.0517821460702,8.113899848810366,12,14,100-300:300-600,False,True,,2769,99.94996664442962
147,2026-10-07T04:27:36.108+00:00,2026-10-07T04:28:11.244+00:00,2026-10-07T04:28:36.521+00:00,True,414,414.0,,414.0,35135.438483000005,60412.456339000004,60412.456345000006,145.92380759661836,36.306163999999995,35135.438483000005,1723.9956385808055,131.29507935,61.20343306537531,25.69496890158597,6.852891358644148,12,14,100-300:300-600,False,True,,2028,99.94996664442962
148,2026-10-07T04:27:40.512+00:00,2026-10-07T04:28:16.557+00:00,2026-10-07T04:28:40.293+00:00,True,388,388.0,,388.0,36045.041045000005,59780.851861,59780.851782000005,154.07436026288661,29.674396,36045.041045000005,1826.9885146084973,132.3743923,61.332844485788115,26.555706588365044,6.490372551099837,12,14,100-300:300-600,False,True,,1836,99.94996664442962
149,2026-10-07T04:27:44.077+00:00,2026-10-07T04:28:19.701+00:00,2026-10-07T04:28:46.556+00:00,True,440,440.0,,440.0,35623.929323,62478.139627,62478.13965,141.99577193181818,36.089098,35623.929323,1695.5883121651236,131.19520935,61.17132187699316,26.094428623527104,7.042463213963137,12,14,100-300:300-600,False,True,,1845,99.94996664442962
150,2026-10-07T04:27:49.495+00:00,2026-10-07T04:28:27.332+00:00,2026-10-07T04:29:57.332+00:00,True,1483,1483.0,,1483.0,37836.639199,127837.213407,127837.21336,86.20176221173297,0.016731000000000003,37836.639199,982.4105935266565,126.6533821,60.72913239406208,53.67255682664658,11.600690913674086,12,14,1-100:1000-1500,False,True,,1483,99.94996664442962
151,2026-10-07T04:27:54.918+00:00,2026-10-07T04:28:31.981+00:00,2026-10-07T04:28:51.934+00:00,True,326,326.0,,326.0,37062.274721,57015.973537,57015.973468000004,174.89562413496932,39.848642,37062.274721,2049.458291658802,130.3872675,61.39599635692307,26.371546937535648,5.717695932850208,12,14,100-300:300-600,False,True,,1147,99.94996664442962
152,2026-10-07T04:28:00.061+00:00,2026-10-07T04:28:37.042+00:00,2026-10-07T04:28:58.920+00:00,True,366,366.0,,366.0,36980.437547,58858.930987,58858.930883,160.8167510464481,43.160309,36980.437547,1930.0169067637512,126.05585599999999,59.94107791780822,24.226518374082076,6.218257686005839,12,14,100-300:300-600,False,True,,1161,99.94996664442962
153,2026-10-07T04:28:05.686+00:00,2026-10-07T04:28:42.673+00:00,2026-10-07T04:29:46.769+00:00,True,1072,1072.0,,1072.0,36986.774343000005,101082.678855,101082.678811,94.29354366697761,0.017332999999999998,36986.774343000005,1129.5044244599487,123.92218125,59.84678292436975,61.40623734970778,10.60517995904868,12,14,1-100:1000-1500,False,True,,3124,99.94996664442962
154,2026-10-07T04:28:11.841+00:00,2026-10-07T04:28:48.908+00:00,2026-10-07T04:29:08.627+00:00,True,331,331.0,,331.0,37067.138537,56786.497768999994,56786.497636,171.56041581873112,42.570904,37067.138537,2034.2511141988125,121.32952949999999,59.75563403636364,24.0199757531546,5.828850395854037,12,14,100-300:300-600,False,True,,1560,99.94996664442962
155,2026-10-07T04:28:15.960+00:00,2026-10-07T04:28:52.087+00:00,2026-10-07T04:29:10.202+00:00,True,305,305.0,,305.0,36126.081899,54241.459051,54241.45916699999,177.84084972786886,41.996676,36126.081899,2065.3027088835233,114.67317759999997,59.59005642105264,24.20637591885783,5.62300508386448,12,14,100-300:300-600,False,True,,1423,99.94996664442962
156,2026-10-07T04:28:20.644+00:00,2026-10-07T04:28:57.078+00:00,2026-10-07T04:29:24.017+00:00,True,456,456.0,,456.0,36433.226569,63372.656201,63372.656142,138.97512311842104,0.017653,36433.226569,1705.6278393350372,123.09383525000001,59.20753765274725,87.83852512746591,7.195532384719649,12,14,100-300:300-600,False,True,,1040,99.94996664442962
157,2026-10-07T04:28:25.347+00:00,2026-10-07T04:29:01.792+00:00,2026-10-07T04:29:22.477+00:00,True,351,351.0,,351.0,36445.705381,57130.024357,57130.024348,162.76360213105414,0.016891,36445.705381,1944.9151317772714,120.91295400000001,59.09805421714286,103.38190953138616,6.1438797541312935,12,14,100-300:300-600,False,True,,1693,99.94996664442962
158,2026-10-07T04:28:29.040+00:00,2026-10-07T04:29:05.879+00:00,2026-10-07T04:29:24.120+00:00,True,312,312.0,,312.0,36838.724072,55080.33943199999,55080.339585999995,176.5395499551282,0.017353,36838.724072,2084.9851318165297,122.9485439,58.654711768488745,106.7103927078895,5.6644531100826425,12,14,100-300:300-600,False,True,,1371,99.94996664442962
159,2026-10-07T04:28:34.081+00:00,2026-10-07T04:29:10.601+00:00,2026-10-07T04:30:29.662+00:00,True,1286,1286.0,,1286.0,36520.155473,115580.82644899999,115580.82637,89.87622579315708,0.018344000000000003,36520.155473,1018.2636631051806,128.86166125000003,61.52581398910506,56.97584632122752,11.12641291388799,12,14,1-100:1000-1500,False,True,,3305,99.94996664442962
160,2026-10-07T04:28:39.933+00:00,2026-10-07T04:29:15.560+00:00,2026-10-07T04:29:42.132+00:00,True,453,453.0,,453.0,35627.128861000005,62198.587677,62198.587642000006,137.3037254790287,0.017393000000000002,35627.128861000005,1673.4653055754834,126.4450058,58.78641330973451,88.1627718302481,7.28312357110822,12,14,100-300:300-600,False,True,,1607,99.94996664442962
161,2026-10-07T04:28:43.863+00:00,2026-10-07T04:29:18.995+00:00,2026-10-07T04:30:49.369+00:00,True,1477,1477.0,,1477.0,35131.237397,125505.69678900001,125505.696759,84.97338981651997,0.016651,35131.237397,914.1745963402589,129.13939979999998,61.22930853116531,54.882692804533775,11.768390103304474,12,14,1-100:1000-1500,False,True,,2353,99.94996664442962
162,2026-10-07T04:28:49.216+00:00,2026-10-07T04:29:25.440+00:00,2026-10-07T04:29:48.695+00:00,True,386,386.0,,386.0,36224.365967,59479.270543,59479.270506,154.09137436787563,42.606686,36224.365967,1840.8735620554148,131.68651075,60.402349548051944,25.508301091738012,6.489655916693612,12,14,100-300:300-600,False,True,,1430,99.94996664442962
163,2026-10-07T04:28:53.943+00:00,2026-10-07T04:29:30.875+00:00,2026-10-07T04:29:58.339+00:00,True,446,446.0,,446.0,36932.464616,64395.996648,64395.996575,144.38564254484305,43.768855,36932.464616,1746.0729616972746,131.98386925000003,61.71580231910112,25.949591246785534,6.925896378899384,12,14,100-300:300-600,False,True,,2385,99.94996664442962
164,2026-10-07T04:28:58.127+00:00,2026-10-07T04:29:36.917+00:00,2026-10-07T04:30:06.130+00:00,True,465,465.0,,465.0,38790.177457000005,68003.06475300001,68003.064704,146.24314990107527,42.81635,38790.177457000005,1796.13155331697,132.5018672,62.9588088275862,26.818210155900346,6.837927109446727,12,14,100-300:300-600,False,True,,2008,99.94996664442962
165,2026-10-07T04:29:02.594+00:00,2026-10-07T04:29:42.533+00:00,2026-10-07T04:30:19.825+00:00,True,592,592.0,,592.0,39939.054404,77231.12890000001,77231.128704,130.45798767567567,41.115833,39939.054404,1639.1165267660017,132.14384205,63.09995684602369,27.174539283694372,7.665302947552795,12,14,100-300:300-600,False,True,,2797,99.94996664442962
166,2026-10-07T04:29:07.746+00:00,2026-10-07T04:29:47.898+00:00,2026-10-07T04:30:21.473+00:00,True,533,533.0,,533.0,40151.442721,73726.33193700001,73726.33192,138.32332442776735,40.990747999999996,40151.442721,1736.633833645901,133.3081616,63.110694015037595,27.378445709021253,7.2294387364266885,12,14,100-300:300-600,False,True,,2320,99.94996664442962
167,2026-10-07T04:29:11.296+00:00,2026-10-07T04:29:52.917+00:00,2026-10-07T04:30:20.322+00:00,True,433,433.0,,433.0,41620.658575999994,69025.73070399999,69025.730485,159.41277248267897,40.812275,41620.658575999994,1997.3001251907667,132.2997378,63.437666962962965,27.40155666941368,6.273023053632202,12,14,100-300:300-600,False,True,,2141,99.94996664442962
168,2026-10-07T04:29:17.024+00:00,2026-10-07T04:29:58.810+00:00,2026-10-07T04:31:19.149+00:00,True,1298,1298.0,,1298.0,41786.31112,122125.312464,122125.312347,94.08729764791988,38.84592,41786.31112,1158.4232075813784,129.4404229,61.9421752845027,26.644440942988503,10.628427258948658,12,14,1-100:1000-1500,False,True,,1298,99.94996664442962
169,2026-10-07T04:29:22.303+00:00,2026-10-07T04:30:04.995+00:00,2026-10-07T04:30:24.319+00:00,True,308,308.0,,308.0,42692.4753,62016.05955599999,62016.059546,201.35084268181816,38.704995000000004,42692.4753,2429.20159712768,133.03748349999998,62.94327119218241,27.801324857631244,4.966455498867653,12,14,100-300:300-600,False,True,,1210,99.94996664442962
170,2026-10-07T04:29:26.940+00:00,2026-10-07T04:30:10.278+00:00,2026-10-07T04:30:31.608+00:00,True,337,337.0,,337.0,43338.319892,64668.321811999995,64668.321667,191.89412957566765,44.306612,43338.319892,2357.498397582204,131.86389180000003,63.482148571428574,28.16725868382717,5.211206825185706,12,14,100-300:300-600,False,True,,1507,99.94996664442962
171,2026-10-07T04:29:32.526+00:00,2026-10-07T04:30:15.275+00:00,2026-10-07T04:31:19.498+00:00,True,1040,1040.0,,1040.0,42748.67591,106972.15802199999,106972.157892,102.85784412692307,39.423564,42748.67591,1323.9313245404476,129.74761275,61.81278355341674,26.644837632025613,9.722155925713984,12,14,1-100:1000-1500,False,True,,4671,99.94996664442962
172,2026-10-07T04:29:36.128+00:00,2026-10-07T04:30:19.207+00:00,2026-10-07T04:31:45.219+00:00,True,1413,1413.0,,1413.0,43078.723801,129091.443929,129091.444032,91.35983300212314,39.790249,43078.723801,1144.6871709918394,126.0235,60.915524169971675,25.724518115884166,10.945729298505226,12,14,1-100:1000-1500,False,True,,4710,99.94996664442962
173,2026-10-07T04:29:39.953+00:00,2026-10-07T04:30:22.884+00:00,2026-10-07T04:30:50.586+00:00,True,463,463.0,,463.0,42930.797511,70632.747975,70632.747944,152.55453119654427,41.943495999999996,42930.797511,1992.5276058049535,125.85039369999998,59.96093174025974,24.54568253976775,6.5550330869737055,12,14,100-300:300-600,False,True,,1593,99.94996664442962
174,2026-10-07T04:29:44.636+00:00,2026-10-07T04:30:27.731+00:00,2026-10-07T04:30:56.677+00:00,True,485,485.0,,485.0,43095.508784000005,72040.765488,72040.76561500001,148.5376610618557,38.249595,43095.508784000005,1954.3114052672086,126.14342659999998,59.80424938842975,25.08970876490102,6.732299368484466,12,14,100-300:300-600,False,True,,2599,99.94996664442962
175,2026-10-07T04:29:50.926+00:00,2026-10-07T04:30:34.499+00:00,2026-10-07T04:31:08.175+00:00,True,555,555.0,,555.0,43573.298568000006,77249.460872,77249.46096200001,139.18821794954957,42.731962,43573.298568000006,1847.1806661379826,128.9155892,60.787296577617326,25.624808741237228,7.184516160179008,12,14,100-300:300-600,False,True,,2200,99.94996664442962
176,2026-10-07T04:29:55.140+00:00,2026-10-07T04:30:37.235+00:00,2026-10-07T04:31:56.364+00:00,True,1316,1316.0,,1316.0,42094.736134000006,121224.25088600001,121224.250945,92.11569220744681,39.521896,42094.736134000006,1158.9888066244862,124.1666525,60.174535933079845,24.960542582603715,10.855913650789017,12,14,1-100:1000-1500,False,True,,1316,99.94996664442962
177,2026-10-07T04:30:01.197+00:00,2026-10-07T04:30:45.017+00:00,2026-10-07T04:31:14.907+00:00,True,484,484.0,,484.0,43820.614136,73710.44428,73710.444389,152.29430658884297,42.628709,43820.614136,1989.2129007453075,131.46384344999998,61.88370630227743,26.765123900651734,6.566233655592343,12,14,100-300:300-600,False,True,,2207,99.94996664442962
178,2026-10-07T04:30:05.219+00:00,2026-10-07T04:30:48.765+00:00,2026-10-07T04:31:15.304+00:00,True,429,429.0,,429.0,43545.663566,70084.54203000001,70084.541922,163.3672305874126,42.713266000000004,43545.663566,2099.577893773232,132.5019688,62.006725383177574,26.5243155443142,6.121178616197058,12,14,100-300:300-600,False,True,,1026,99.94996664442962
179,2026-10-07T04:30:10.626+00:00,2026-10-07T04:30:56.804+00:00,2026-10-07T04:31:18.973+00:00,True,351,351.0,,351.0,46178.084648000004,68346.732072,68346.732087,194.72003443589745,40.124846,46178.084648000004,2461.572973958515,130.13218700000002,63.33899264,27.208402013612123,5.135578386253177,12,14,100-300:300-600,False,True,,1739,99.94996664442962
180,2026-10-07T04:30:15.568+00:00,2026-10-07T04:31:00.978+00:00,2026-10-07T04:32:26.169+00:00,True,1405,1405.0,,1405.0,45409.522021,130600.811365,130600.81142499999,92.95431418149467,0.013064,45409.522021,1211.5296610091982,126.86122619999998,60.67755651282051,63.979474885664374,10.757972981295957,12,14,1-100:1000-1500,False,True,,5620,99.94996664442962
181,2026-10-07T04:30:19.764+00:00,2026-10-07T04:31:04.583+00:00,2026-10-07T04:31:30.112+00:00,True,415,415.0,,415.0,44818.395117,70347.099885,70347.099788,169.51108382650602,42.32035,44818.395117,2197.17646509682,127.35417009999999,61.66353808695652,26.122792118985547,5.899319242419683,12,14,100-300:300-600,False,True,,1913,99.94996664442962
182,2026-10-07T04:30:25.471+00:00,2026-10-07T04:31:10.963+00:00,2026-10-07T04:31:35.728+00:00,True,413,413.0,,413.0,45492.056436,70257.33746,70257.33743099999,170.11461847699758,40.529123,45492.056436,2235.695374453053,122.4821396,60.10990539805825,24.638091217134015,5.878389573688806,12,14,100-300:300-600,False,True,,1925,99.94996664442962
183,2026-10-07T04:30:31.419+00:00,2026-10-07T04:31:15.051+00:00,2026-10-07T04:31:42.257+00:00,True,458,458.0,,458.0,43632.044044,70837.698828,70837.698989,154.66746504148472,39.209671,43632.044044,2036.1524983893485,121.7209151,59.53097326914661,24.129957069183558,6.465483881853126,12,14,100-300:300-600,False,True,,2117,99.94996664442962
184,2026-10-07T04:30:37.048+00:00,2026-10-07T04:31:20.047+00:00,2026-10-07T04:31:42.777+00:00,True,388,388.0,,388.0,42999.14017,65728.689226,65728.68923799999,169.40383824226805,39.55098,42999.14017,2180.0926058705963,119.5278236,58.7326848992248,23.253970221152823,5.903053971849489,12,14,100-300:300-600,False,True,,1467,99.94996664442962
185,2026-10-07T04:30:40.521+00:00,2026-10-07T04:31:23.837+00:00,2026-10-07T04:31:53.791+00:00,True,514,514.0,,514.0,43316.508569,73269.912473,73269.912389,142.54846768287936,39.326089,43316.508569,1908.170633239807,120.84407535,58.38870156725146,22.86760657243858,7.01515782742895,12,14,100-300:300-600,False,True,,2428,99.94996664442962
186,2026-10-07T04:30:46.426+00:00,2026-10-07T04:31:28.328+00:00,2026-10-07T04:32:00.730+00:00,True,556,556.0,,556.0,41901.332924,74303.486908,74303.486876,133.6393648848921,39.998188,41901.332924,1774.682918036533,121.065689,58.38225943063063,22.82642328803778,7.482825142357314,12,14,100-300:300-600,False,True,,2364,99.94996664442962
187,2026-10-07T04:30:51.927+00:00,2026-10-07T04:31:34.820+00:00,2026-10-07T04:32:53.294+00:00,True,1282,1282.0,,1282.0,42893.467465999995,121367.657546,121367.657492,94.67055966614664,0.012784,42893.467465999995,1198.1182145798996,127.90851365,61.260101545667446,66.68623993111505,10.562945894495034,12,14,1-100:1000-1500,False,True,,6517,99.94996664442962
188,2026-10-07T04:30:56.042+00:00,2026-10-07T04:31:39.000+00:00,2026-10-07T04:33:03.436+00:00,True,1382,1382.0,,1382.0,42958.104404,127393.635412,127393.635472,92.18063348191028,0.012293,42958.104404,1155.778355739661,129.95217519999997,61.140862424330194,65.68719051822866,10.848265657311014,12,14,1-100:1000-1500,False,True,,1382,99.94996664442962
189,2026-10-07T04:31:01.855+00:00,2026-10-07T04:31:42.913+00:00,2026-10-07T04:32:12.050+00:00,True,493,493.0,,493.0,41057.324045,70194.914573,70194.914637,142.38319398985803,40.35590800000001,41057.324045,1846.6183446242485,126.6430246,59.22274497560976,24.08282164968188,7.023300804608844,12,14,100-300:300-600,False,True,,1157,99.94996664442962
190,2026-10-07T04:31:05.575+00:00,2026-10-07T04:31:46.708+00:00,2026-10-07T04:32:15.334+00:00,True,479,479.0,,479.0,41132.326003,69758.715251,69758.715175,145.63406090814198,39.485197,41132.326003,1876.8142869803646,128.260046,59.887843615062756,25.039285748651686,6.866525541310532,12,14,100-300:300-600,False,True,,2130,99.94996664442962
191,2026-10-07T04:31:10.835+00:00,2026-10-07T04:31:52.436+00:00,2026-10-07T04:32:13.999+00:00,True,358,358.0,,358.0,41600.941492,63164.75026,63164.750357,176.43785015921787,42.915154,41600.941492,2195.6321357202632,130.76512935,60.402825680672265,25.394335792786272,5.6677181264295875,12,14,100-300:300-600,False,True,,1942,99.94996664442962
192,2026-10-07T04:31:16.660+00:00,2026-10-07T04:32:00.881+00:00,2026-10-07T04:33:22.632+00:00,True,1315,1315.0,,1315.0,44221.481882,125972.236186,125972.236149,95.79637729961978,0.012343,44221.481882,1219.6149791053986,130.7231064,62.2151859238965,67.40450776469824,10.438808104179255,12,14,1-100:1000-1500,False,True,,1320,99.94996664442962
193,2026-10-07T04:31:21.044+00:00,2026-10-07T04:32:05.647+00:00,2026-10-07T04:32:28.973+00:00,True,378,378.0,,378.0,44603.11369300001,67928.58799700001,67928.58803700001,179.70525935714286,0.012313000000000001,44603.11369300001,2294.00612176492,130.89407870000002,61.8712846259947,118.44691944089621,5.564667412440458,12,14,100-300:300-600,False,True,,1867,99.94996664442962
194,2026-10-07T04:31:26.500+00:00,2026-10-07T04:32:12.866+00:00,2026-10-07T04:32:35.958+00:00,True,379,379.0,,379.0,46365.806474,69457.521546,69457.52148899999,183.26522820316623,0.013085000000000001,46365.806474,2381.413203680934,125.80930719999998,61.089193312169314,117.63798237755813,5.456572471406104,12,14,100-300:300-600,False,True,,1908,99.94996664442962
195,2026-10-07T04:31:29.978+00:00,2026-10-07T04:32:15.940+00:00,2026-10-07T04:32:49.993+00:00,True,550,550.0,,550.0,45962.183724,80015.06359599999,80015.063464,145.4819335709091,0.012885,45962.183724,1959.657918932699,130.5406275,62.02710359198543,98.42269674340147,6.873705715925906,12,14,100-300:300-600,False,True,,2460,99.94996664442962
196,2026-10-07T04:31:36.180+00:00,2026-10-07T04:32:24.252+00:00,2026-10-07T04:32:45.843+00:00,True,363,363.0,,363.0,48071.557968,69662.29128,69662.291124,191.90713808264462,0.014437,48071.557968,2520.1302288619436,132.09571219999998,59.64290970165746,28.27826484680605,5.210853581329402,12,14,100-300:300-600,False,True,,1628,99.94996664442962
197,2026-10-07T04:31:40.653+00:00,2026-10-07T04:32:27.816+00:00,2026-10-07T04:33:41.090+00:00,True,1191,1191.0,,1191.0,47162.919853,120437.25124499999,120437.251188,101.1227969672544,39.776554,47162.919853,1365.075466253775,127.92629099999998,61.575068396638656,26.084454528551674,9.88896697399049,12,14,1-100:1000-1500,False,True,,2979,99.94996664442962
198,2026-10-07T04:31:44.444+00:00,2026-10-07T04:32:32.473+00:00,2026-10-07T04:33:04.071+00:00,True,506,506.0,,506.0,48028.740947,79626.52987500001,79626.529804,157.36468340711463,41.988572999999995,48028.740947,2132.5274148194567,132.02155075,62.569879065346534,27.03357316542716,6.35466597369411,12,14,100-300:300-600,False,True,,2454,99.94996664442962
199,2026-10-07T04:31:49.873+00:00,2026-10-07T04:32:39.563+00:00,2026-10-07T04:33:09.281+00:00,True,480,480.0,,480.0,49690.379939000006,79407.56035500001,79407.560372,165.43241744166667,42.388076999999996,49690.379939000006,2265.370696420049,133.32204595,62.040042622129434,26.72010923632084,6.0447644765071304,12,14,100-300:300-600,False,True,,2521,99.94996664442962
200,2026-10-07T04:31:54.710+00:00,2026-10-07T04:32:43.653+00:00,2026-10-07T04:33:08.205+00:00,True,400,400.0,,400.0,48942.555996,73494.92002800001,73494.920008,183.73730002000002,40.536753,48942.555996,2444.188450237393,130.93007775,61.53474694736842,25.947471604264905,5.442553034245203,12,14,100-300:300-600,False,True,,2178,99.94996664442962
201,2026-10-07T04:31:59.608+00:00,2026-10-07T04:32:48.375+00:00,2026-10-07T04:33:24.277+00:00,True,578,578.0,,578.0,48766.462273000005,84669.339457,84669.339561,146.48674664532874,41.900704,48766.462273000005,2026.0050147357151,128.9938574,62.22335733795494,26.708052391030304,6.826556150158015,12,14,100-300:300-600,False,True,,2360,99.94996664442962
202,2026-10-07T04:32:03.643+00:00,2026-10-07T04:32:51.923+00:00,2026-10-07T04:33:18.352+00:00,True,428,428.0,,428.0,48280.20579,74709.688286,74709.688339,174.5553465864486,42.047447999999996,48280.20579,2330.869441645391,128.28883295,61.895743550351284,26.42588207096063,5.728841999200307,12,14,100-300:300-600,False,True,,2002,99.94996664442962
203,2026-10-07T04:32:09.131+00:00,2026-10-07T04:32:58.784+00:00,2026-10-07T04:33:33.026+00:00,True,565,565.0,,565.0,49653.966975,83895.589759,83895.58991000001,148.4877697522124,40.740781999999996,49653.966975,2086.5590908807403,125.3726154,60.71209713475177,25.469565122615702,6.734561394979514,12,14,100-300:300-600,False,True,,2551,99.94996664442962
204,2026-10-07T04:32:13.611+00:00,2026-10-07T04:33:04.221+00:00,2026-10-07T04:34:13.209+00:00,True,1136,1136.0,,1136.0,50610.76973,119598.961986,119598.961978,105.28077638908451,38.538316,50610.76973,1500.0166360244718,126.023164,60.7825482431718,25.799845960863852,9.49841019634416,12,14,1-100:1000-1500,False,True,,5052,99.94996664442962
205,2026-10-07T04:32:19.120+00:00,2026-10-07T04:33:10.031+00:00,2026-10-07T04:33:43.089+00:00,True,542,542.0,,542.0,50910.676451,83968.839395,83968.839479,154.9240580793358,37.979758000000004,50910.676451,2184.3267711617223,126.68850559999998,61.10566163401109,25.680314927013363,6.454775413178735,12,14,100-300:300-600,False,True,,2331,99.94996664442962
206,2026-10-07T04:32:24.306+00:00,2026-10-07T04:33:13.565+00:00,2026-10-07T04:33:39.684+00:00,True,439,439.0,,439.0,49259.152405,75377.51246900001,75377.512464,171.70276187699318,41.159597999999995,49259.152405,2348.2909451171786,125.9485596,59.63095905022831,24.34437473116996,5.824018140430735,12,14,100-300:300-600,False,True,,1789,99.94996664442962
207,2026-10-07T04:32:28.174+00:00,2026-10-07T04:33:16.796+00:00,2026-10-07T04:33:51.711+00:00,True,585,585.0,,585.0,48621.643281000004,83536.801553,83536.80153000001,142.79795133333334,39.418775000000004,48621.643281000004,2007.9364888637426,124.94083199999997,59.78622991780822,24.629885705788222,7.002901584984029,12,14,100-300:300-600,False,True,,1980,99.94996664442962
208,2026-10-07T04:32:34.122+00:00,2026-10-07T04:33:23.338+00:00,2026-10-07T04:33:41.678+00:00,True,309,309.0,,309.0,49215.530108000006,67555.21062,67555.210602,218.62527702912624,42.946435,49215.530108000006,2796.490049133972,118.9392068,59.54441724675325,24.12497918748753,4.574036512714525,12,14,100-300:300-600,False,True,,1631,99.94996664442962
209,2026-10-07T04:32:39.918+00:00,2026-10-07T04:33:29.050+00:00,2026-10-07T04:33:53.864+00:00,True,412,412.0,,412.0,49132.272379,73946.691067,73946.691143,179.48226005582524,36.791601,49132.272379,2417.7375358212794,127.98458005,60.37571456934307,25.929619513365225,5.571581284505402,12,14,100-300:300-600,False,True,,2188,99.94996664442962
210,2026-10-07T04:32:44.520+00:00,2026-10-07T04:33:34.587+00:00,2026-10-07T04:34:43.000+00:00,True,1128,1128.0,,1128.0,50067.367046,118480.060294,118480.060151,105.03551431826241,26.653004,50067.367046,1489.1439055205833,125.33061835000001,60.70336579236912,25.442043763027172,9.52058934812277,12,14,1-100:1000-1500,False,True,,4282,99.94996664442962
211,2026-10-07T04:32:50.450+00:00,2026-10-07T04:33:38.517+00:00,2026-10-07T04:34:14.034+00:00,True,588,588.0,,588.0,48066.707979,83584.044299,83584.044349,142.14973528741496,40.558451,48066.707979,1979.9116466160779,127.0418065,60.50653546848381,25.91099212097018,7.034835475256308,12,14,100-300:300-600,False,True,,3524,99.94996664442962
212,2026-10-07T04:32:55.034+00:00,2026-10-07T04:33:42.788+00:00,2026-10-07T04:34:12.617+00:00,True,499,499.0,,499.0,47754.258444,77582.515212,77582.515274,155.47598251302605,41.589382,47754.258444,2135.243805677463,126.81210770000001,59.89609792771085,25.41188020694607,6.43186159454157,12,14,100-300:300-600,False,True,,2372,99.94996664442962
213,2026-10-07T04:33:00.731+00:00,2026-10-07T04:33:46.139+00:00,2026-10-07T04:34:21.003+00:00,True,581,581.0,,581.0,45407.648997000004,80271.293669,80271.293617,138.16057421170396,40.953027,45407.648997000004,1881.5108990074536,127.34713099999999,60.10973219310345,25.899660820971263,7.237954858380171,12,14,100-300:300-600,False,True,,1631,99.94996664442962
214,2026-10-07T04:33:05.184+00:00,2026-10-07T04:33:52.853+00:00,2026-10-07T04:34:16.474+00:00,True,391,391.0,,391.0,47669.151038,71290.14892600001,71290.148848,182.32774641432226,42.261642,47669.151038,2407.8077833699454,126.6865475,60.56666125128205,25.828788246740437,5.484628744510864,12,14,100-300:300-600,False,True,,1604,99.94996664442962
215,2026-10-07T04:33:10.466+00:00,2026-10-07T04:33:57.915+00:00,2026-10-07T04:34:23.798+00:00,True,427,427.0,,427.0,47448.330554,73331.14681,73331.146745,171.73570666276348,40.505722,47448.330554,2293.3925593011054,126.5890891,60.757784638497654,26.012623098225404,5.822900889663585,12,14,100-300:300-600,False,True,,445,99.94996664442962
216,2026-10-07T04:33:16.700+00:00,2026-10-07T04:34:04.117+00:00,2026-10-07T04:34:39.964+00:00,True,590,590.0,,590.0,47417.045157,83264.723621,83264.723551,141.1266500864407,30.616501,47417.045157,1949.7914895843314,125.1346472,60.86193287606112,25.63803170124746,7.085833884293318,12,14,100-300:300-600,False,True,,2794,99.94996664442962
217,2026-10-07T04:33:22.337+00:00,2026-10-07T04:34:09.623+00:00,2026-10-07T04:34:34.441+00:00,True,419,419.0,,419.0,47286.34653,72104.685858,72104.685818,172.08755565155133,23.412452000000002,47286.34653,2307.318181184182,124.09432069999998,59.374017531100485,24.48372353964717,5.810995429966388,12,14,100-300:300-600,False,True,,1877,99.94996664442962
218,2026-10-07T04:33:27.097+00:00,2026-10-07T04:34:13.837+00:00,2026-10-07T04:34:43.816+00:00,True,499,499.0,,499.0,46739.52635,76718.375118,76718.375143,153.74423876352705,26.284203,46739.52635,2089.798256230366,123.9085541,60.19849150200803,24.604134881925575,6.504308768694482,12,14,100-300:300-600,False,True,,2355,99.94996664442962
219,2026-10-07T04:33:33.369+00:00,2026-10-07T04:34:19.166+00:00,2026-10-07T04:34:43.050+00:00,True,399,399.0,,399.0,45796.702112000006,69680.768416,69680.76823700001,174.6385168847118,26.361548,45796.702112000006,2289.8273868206575,122.4718656,60.010216844221105,24.324596150826054,5.726113661920842,12,14,100-300:300-600,False,True,,2192,99.94996664442962
220,2026-10-07T04:33:37.747+00:00,2026-10-07T04:34:23.502+00:00,2026-10-07T04:34:51.270+00:00,True,461,461.0,,461.0,45755.002,73523.24136,73523.241349,159.4864237505423,23.881781,45755.002,2128.360088445206,124.527178,60.36573773913044,25.186316066891518,6.270126173338231,12,14,100-300:300-600,False,True,,1814,99.94996664442962
221,2026-10-07T04:33:42.254+00:00,2026-10-07T04:34:27.651+00:00,2026-10-07T04:34:49.935+00:00,True,372,372.0,,372.0,45397.053728,67680.71119999999,67680.71131099999,181.93739599731182,26.008216,45397.053728,2350.746626282176,122.22998835,60.063766770889494,25.057978551906533,5.496396143071263,12,14,100-300:300-600,False,True,,1669,99.94996664442962
222,2026-10-07T04:33:47.101+00:00,2026-10-07T04:34:33.296+00:00,2026-10-07T04:34:54.352+00:00,True,349,349.0,,349.0,46195.019519,67251.057151,67251.057086,192.69643864183382,41.181760000000004,46195.019519,2469.6536491253896,123.263045,60.50585526436782,25.351728774441053,5.189509500443749,12,14,100-300:300-600,False,True,,1555,99.94996664442962
223,2026-10-07T04:33:53.379+00:00,2026-10-07T04:34:38.228+00:00,2026-10-07T04:35:00.052+00:00,True,367,367.0,,367.0,44849.476673,66672.92550499999,66672.925586,181.67009696457765,39.305091999999995,44849.476673,2338.1425846158086,123.6700712,59.62690937704918,24.827475465378118,5.504483224940799,12,14,100-300:300-600,False,True,,1801,99.94996664442962
224,2026-10-07T04:33:58.786+00:00,2026-10-07T04:34:42.951+00:00,2026-10-07T04:35:00.948+00:00,True,304,304.0,,304.0,44164.278913,62161.914241000006,62161.914114,204.4799806381579,40.999368000000004,44164.278913,2529.7098547023015,125.29155535,59.398136396039604,24.8298539645493,4.890454287192645,12,14,100-300:300-600,False,True,,1360,99.94996664442962
225,2026-10-07T04:34:03.813+00:00,2026-10-07T04:34:47.476+00:00,2026-10-07T04:36:05.246+00:00,True,1273,1273.0,,1273.0,43663.105462,121433.285046,121433.284878,95.3914256700707,0.011151,43663.105462,1224.8816790625913,127.72091560000001,61.14007828930818,83.15344144892164,10.48312247764504,12,14,1-100:1000-1500,False,True,,4837,99.94996664442962
226,2026-10-07T04:34:07.770+00:00,2026-10-07T04:34:50.979+00:00,2026-10-07T04:35:21.169+00:00,True,499,499.0,,499.0,43208.952696,73398.911096,73398.911116,147.09200624448897,42.909296000000005,43208.952696,1931.756042384041,127.870723,60.62240642570281,25.766050506350503,6.798465979247939,12,14,100-300:300-600,False,True,,2252,99.94996664442962
227,2026-10-07T04:34:12.129+00:00,2026-10-07T04:34:57.287+00:00,2026-10-07T04:35:28.762+00:00,True,513,513.0,,513.0,45157.919737000004,76633.314809,76633.31499900001,149.38268030994152,43.309238,45157.919737000004,1991.2336266943123,130.9328852,61.475381,26.57292471792682,6.694216494204842,12,14,100-300:300-600,False,True,,1393,99.94996664442962
228,2026-10-07T04:34:17.720+00:00,2026-10-07T04:35:02.488+00:00,2026-10-07T04:35:34.688+00:00,True,522,522.0,,522.0,44767.133706,76967.465226,76967.46525,147.4472514367816,42.942479,44767.133706,1956.889209495414,132.9142777,61.80485896353167,27.303706195207216,6.782086411021182,12,14,100-300:300-600,False,True,,2176,99.94996664442962
229,2026-10-07T04:34:21.321+00:00,2026-10-07T04:35:06.490+00:00,2026-10-07T04:35:38.170+00:00,True,504,504.0,,504.0,45169.306222,76849.077358,76849.077227,152.47832783134922,42.268546,45169.306222,2009.3866287217402,131.87062645,62.98165235785288,27.74979481432941,6.558309056231416,12,14,100-300:300-600,False,True,,1945,99.94996664442962
230,2026-10-07T04:34:25.141+00:00,2026-10-07T04:35:10.211+00:00,2026-10-07T04:35:36.140+00:00,True,412,412.0,,412.0,45069.730587,70999.304475,70999.304435,172.32840882281553,39.574307,45069.730587,2217.4952296796814,132.71747605000002,63.08898756204379,28.0628646758887,5.802873747095252,12,14,100-300:300-600,False,True,,1973,99.94996664442962
231,2026-10-07T04:34:29.422+00:00,2026-10-07T04:35:15.157+00:00,2026-10-07T04:35:40.829+00:00,True,405,405.0,,405.0,45735.256152,71407.541848,71407.541873,176.31491820493827,42.774705000000004,45735.256152,2269.62227344689,133.3113662,63.54526162376238,28.356744010429974,5.671669819724278,12,14,100-300:300-600,False,True,,1689,99.94996664442962
232,2026-10-07T04:34:34.436+00:00,2026-10-07T04:35:20.529+00:00,2026-10-07T04:36:24.797+00:00,True,1060,1060.0,,1060.0,46092.732275,110360.957043,110360.957089,104.11411046132076,0.011170999999999999,46092.732275,1416.7495567900435,126.10616404999999,60.68765322757318,90.43458703868649,9.604846028899438,12,14,1-100:1000-1500,False,True,,3800,99.94996664442962
233,2026-10-07T04:34:38.164+00:00,2026-10-07T04:35:25.508+00:00,2026-10-07T04:35:55.586+00:00,True,492,492.0,,492.0,47344.460651,77421.961835,77421.961785,157.36171094512196,42.471586,47344.460651,2131.855635311263,128.72042345,61.25763988594705,26.4872078176166,6.354786010829069,12,14,100-300:300-600,False,True,,1886,99.94996664442962
234,2026-10-07T04:34:44.491+00:00,2026-10-07T04:35:30.956+00:00,2026-10-07T04:35:49.729+00:00,True,315,315.0,,315.0,46464.433082999996,65237.416891,65237.416918999996,207.10291085396824,44.045987000000004,46464.433082999996,2614.7194474320418,123.16567229999998,59.78657263694268,24.435516718450902,4.828517360310394,12,14,100-300:300-600,False,True,,1756,99.94996664442962
235,2026-10-07T04:34:49.510+00:00,2026-10-07T04:35:35.110+00:00,2026-10-07T04:36:02.793+00:00,True,445,445.0,,445.0,45599.154539999996,73282.712684,73282.712781,164.68025344044943,0.011432000000000001,45599.154539999996,2162.7536883697317,123.40083939999998,62.35035618018018,133.29309503615556,6.072373465743142,12,14,100-300:300-600,False,True,,1934,99.94996664442962
236,2026-10-07T04:34:55.636+00:00,2026-10-07T04:35:38.946+00:00,2026-10-07T04:36:12.326+00:00,True,564,564.0,,564.0,43309.869179,76689.975931,76689.975832,135.97513445390072,0.012262,43309.869179,1825.0586649508691,125.02799285,59.289710039076375,119.05989652985009,7.354285787068779,12,14,100-300:300-600,False,True,,2672,99.94996664442962
237,2026-10-07T04:34:59.066+00:00,2026-10-07T04:35:41.836+00:00,2026-10-07T04:36:11.187+00:00,True,499,499.0,,499.0,42770.613977,72121.63093700001,72121.631081,144.53232681563125,0.011542,42770.613977,1916.452835118806,123.33046820000001,58.93778506024096,130.15046831616004,6.918867384403558,12,14,100-300:300-600,False,True,,2396,99.94996664442962
238,2026-10-07T04:35:02.967+00:00,2026-10-07T04:35:48.636+00:00,2026-10-07T04:36:12.937+00:00,True,404,404.0,,404.0,45668.889708999995,69970.13668499999,69970.136848,173.19340803960395,0.011441000000000002,45668.889708999995,2273.76087091008,123.60151495,60.300860982630276,145.50357170620265,5.773891822146583,12,14,100-300:300-600,False,True,,1059,99.94996664442962
239,2026-10-07T04:35:06.477+00:00,2026-10-07T04:35:52.349+00:00,2026-10-07T04:37:21.401+00:00,True,1480,1480.0,,1480.0,45872.539852,134924.51578800002,134924.515758,91.16521335,0.011281000000000001,45872.539852,1193.3201445315508,123.44485939999998,60.21093707640298,77.00318241504579,10.969096248790311,12,14,1-100:1000-1500,False,True,,4153,99.94996664442962
240,2026-10-07T04:35:11.520+00:00,2026-10-07T04:35:57.405+00:00,2026-10-07T04:36:21.206+00:00,True,402,402.0,,402.0,45885.350299000005,69686.352283,69686.352255,173.34913496268658,0.011441000000000002,45885.350299000005,2290.1132678846916,122.75205765000001,59.35411966084788,143.99774517514692,5.768704873049697,12,14,100-300:300-600,False,True,,1055,99.94996664442962
241,2026-10-07T04:35:17.069+00:00,2026-10-07T04:36:02.761+00:00,2026-10-07T04:36:23.146+00:00,True,371,371.0,,371.0,45692.467755000005,66076.96797900001,66076.968104,178.10503532075472,0.014197,45692.467755000005,2369.5297836237146,123.06766350000002,55.09324384864865,27.17000967455098,5.614664403456102,12,14,100-300:300-600,False,True,,1846,99.94996664442962
242,2026-10-07T04:35:22.554+00:00,2026-10-07T04:36:05.673+00:00,2026-10-07T04:37:07.681+00:00,True,1037,1037.0,,1037.0,43118.801361,105126.695633,105126.695738,101.3757914541948,30.115562999999998,43118.801361,1337.3547540378072,123.55808060000001,59.853179799227796,24.46091490780288,9.864287978956304,12,14,1-100:1000-1500,False,True,,4581,99.94996664442962
243,2026-10-07T04:35:27.019+00:00,2026-10-07T04:36:11.341+00:00,2026-10-07T04:36:37.681+00:00,True,438,438.0,,438.0,44321.35812,70661.455656,70661.455541,161.32752406621003,40.549613,44321.35812,2115.0236443486424,126.33681130000001,60.274822736842104,24.98804253086611,6.198570294564949,12,14,100-300:300-600,False,True,,2286,99.94996664442962
244,2026-10-07T04:35:31.963+00:00,2026-10-07T04:36:16.897+00:00,2026-10-07T04:37:38.844+00:00,True,1355,1355.0,,1355.0,44933.840773,126881.55661300001,126881.556654,93.63952520590406,32.86842,44933.840773,1219.3001675719527,125.1610494,60.522685258493354,25.117186805909785,10.679251076126612,12,14,1-100:1000-1500,False,True,,2032,99.94996664442962
245,2026-10-07T04:35:37.321+00:00,2026-10-07T04:36:22.635+00:00,2026-10-07T04:37:48.346+00:00,True,1411,1411.0,,1411.0,45313.626611,131025.000179,131025.000125,92.85967407866761,19.927101,45313.626611,1204.9947629702879,127.0081915,60.78820820425532,26.2297989327264,10.768937211008284,12,14,1-100:1000-1500,False,True,,1414,99.94996664442962
246,2026-10-07T04:35:41.722+00:00,2026-10-07T04:36:26.022+00:00,2026-10-07T04:36:49.410+00:00,True,387,387.0,,387.0,44299.928887,67688.044599,67688.044596,174.904508,32.833686,44299.928887,2248.95155986406,125.43258540000001,60.59097334715026,25.093066522613203,5.717405522536212,12,14,100-300:300-600,False,True,,1693,99.94996664442962
247,2026-10-07T04:35:45.734+00:00,2026-10-07T04:36:28.992+00:00,2026-10-07T04:36:56.631+00:00,True,466,466.0,,466.0,43257.976131999996,70896.913988,70896.913931,152.13930028111588,28.353731,43257.976131999996,2001.275629201637,121.57461724999999,59.4385760344086,23.86725509420619,6.57292361242797,12,14,100-300:300-600,False,True,,940,99.94996664442962
248,2026-10-07T04:35:49.386+00:00,2026-10-07T04:36:32.912+00:00,2026-10-07T04:37:37.879+00:00,True,1085,1085.0,,1085.0,43525.935822,108492.824782,108492.824913,99.99338701658986,33.043769999999995,43525.935822,1319.8054534107912,123.66582319999998,59.93255439114391,24.550237360857043,10.000661354150786,12,14,1-100:1000-1500,False,True,,3666,99.94996664442962
249,2026-10-07T04:35:54.876+00:00,2026-10-07T04:36:39.951+00:00,2026-10-07T04:37:08.246+00:00,True,465,465.0,,465.0,45075.210655,73369.670815,73369.670642,157.78423793978496,41.488544000000005,45075.210655,2087.639124007436,123.61172419999998,60.97944,25.395436914754125,6.337768656104334,12,14,100-300:300-600,False,True,,2275,99.94996664442962
250,2026-10-07T04:36:02.729+00:00,2026-10-07T04:36:45.373+00:00,2026-10-07T04:37:13.417+00:00,True,471,471.0,,471.0,42644.348332999994,70688.200365,70688.200397,150.08110487685775,40.868502,42644.348332999994,1962.346437092848,121.166188,59.667770280851066,24.12068632996663,6.663063956473381,12,14,100-300:300-600,False,True,,1822,99.94996664442962
251,2026-10-07T04:36:06.783+00:00,2026-10-07T04:36:50.795+00:00,2026-10-07T04:38:16.009+00:00,True,1394,1394.0,,1394.0,44012.035901,129225.95078099999,129225.950816,92.70154290961263,24.463682000000002,44012.035901,1177.4412973832896,126.8102242,61.17294679109835,25.680267705698633,10.787306973368068,12,14,1-100:1000-1500,False,True,,1395,99.94996664442962
252,2026-10-07T04:36:11.381+00:00,2026-10-07T04:36:54.821+00:00,2026-10-07T04:37:14.398+00:00,True,336,336.0,,336.0,43440.697885,63017.725213,63017.725288,187.55275383333333,39.841969,43440.697885,2366.814478647389,123.00330875,58.43888754626866,23.691232680837263,5.331833208265127,12,14,100-300:300-600,False,True,,1398,99.94996664442962
253,2026-10-07T04:36:17.343+00:00,2026-10-07T04:37:01.065+00:00,2026-10-07T04:38:23.423+00:00,True,1351,1351.0,,1351.0,43721.592465999995,126079.16481799999,126079.16478199999,93.32284587860843,25.398953000000002,43721.592465999995,1188.1390997754274,127.03862649999999,61.00560914962963,26.182160217442735,10.71548976351659,12,14,1-100:1000-1500,False,True,,2886,99.94996664442962
254,2026-10-07T04:36:23.591+00:00,2026-10-07T04:37:06.345+00:00,2026-10-07T04:37:32.300+00:00,True,442,442.0,,442.0,42753.988048,68709.272272,68709.272195,155.45084207013574,41.212596,42753.988048,2030.9390946670908,125.59135015000001,58.855519782312925,23.765369761158137,6.4329017814400755,12,14,100-300:300-600,False,True,,2169,99.94996664442962
255,2026-10-07T04:36:29.135+00:00,2026-10-07T04:37:11.443+00:00,2026-10-07T04:37:38.615+00:00,True,450,450.0,,450.0,42308.463102,69479.813886,69479.813905,154.39958645555555,41.50283,42308.463102,1991.747865848666,128.96288285,60.51525787082405,25.313488823437382,6.476701286770052,12,14,100-300:300-600,False,True,,2120,99.94996664442962
256,2026-10-07T04:36:32.730+00:00,2026-10-07T04:37:16.693+00:00,2026-10-07T04:38:32.555+00:00,True,1233,1233.0,,1233.0,43963.095339,119824.75882700001,119824.75892,97.18147519870236,23.164868,43963.095339,1250.52565725464,130.3635504,61.57602555844156,26.10825524997574,10.290026969970159,12,14,1-100:1000-1500,False,True,,1343,99.94996664442962
257,2026-10-07T04:36:36.719+00:00,2026-10-07T04:37:20.511+00:00,2026-10-07T04:37:41.395+00:00,True,340,340.0,,340.0,43792.074673,64676.413617,64676.413664,190.22474607058825,42.167555,43792.074673,2371.760513602458,131.3459434,61.60571959882006,26.069156730449095,5.2569396010948894,12,14,100-300:300-600,False,True,,1599,99.94996664442962
258,2026-10-07T04:36:40.226+00:00,2026-10-07T04:37:23.496+00:00,2026-10-07T04:37:55.661+00:00,True,532,532.0,,532.0,43270.255576999996,75435.41346499999,75435.413564,141.79589015789472,22.864685,43270.255576999996,1873.5436113120695,130.163541,60.5746852881356,24.990064481475475,7.052390589027973,12,14,100-300:300-600,False,True,,2655,99.94996664442962
259,2026-10-07T04:36:45.918+00:00,2026-10-07T04:37:32.594+00:00,2026-10-07T04:38:08.393+00:00,True,580,580.0,,580.0,46675.728059,82474.111419,82474.1114,142.19674379310345,21.749564999999997,46675.728059,1935.7103638412832,129.41163695,61.827950535405876,25.939783403918778,7.03250983879509,12,14,100-300:300-600,False,True,,1819,99.94996664442962
260,2026-10-07T04:36:52.240+00:00,2026-10-07T04:37:37.328+00:00,2026-10-07T04:39:09.262+00:00,True,1491,1491.0,,1491.0,45088.185334,137022.486518,137022.48643,91.89972262240107,26.076152999999998,45088.185334,1166.3821054479736,129.783571,61.70087327785235,26.451125939344454,10.881425654205556,12,14,1-100:1000-1500,False,True,,5964,99.94996664442962
261,2026-10-07T04:36:56.018+00:00,2026-10-07T04:37:41.242+00:00,2026-10-07T04:37:59.508+00:00,True,300,300.0,,300.0,45223.872584,63489.669192,63489.669032,211.63223010666667,25.010005,45223.872584,2607.6068970945075,132.27581605,61.089620762541806,26.32166574288611,4.725178187537343,12,14,100-300:300-600,False,True,,1594,99.94996664442962
262,2026-10-07T04:37:02.038+00:00,2026-10-07T04:37:45.592+00:00,2026-10-07T04:38:14.720+00:00,True,476,476.0,,476.0,43554.604490000005,72681.980874,72681.980775,152.6932369222689,28.624439,43554.604490000005,1993.6705141375812,123.798113,61.32079238736842,25.21499372280511,6.549078523674029,12,14,100-300:300-600,False,True,,2036,99.94996664442962
263,2026-10-07T04:37:07.012+00:00,2026-10-07T04:37:55.816+00:00,2026-10-07T04:38:58.574+00:00,True,1011,1011.0,,1011.0,48803.181342,111562.015774,111562.015832,110.3481857883284,24.267975,48803.181342,1533.1517619077417,129.4199485,62.137459833663364,26.719381169608585,9.062224207637684,12,14,1-100:1000-1500,False,True,,2533,99.94996664442962
264,2026-10-07T04:37:12.931+00:00,2026-10-07T04:38:01.724+00:00,2026-10-07T04:38:38.551+00:00,True,597,597.0,,597.0,48792.627571000005,85619.402099,85619.40191900001,143.41608361641542,43.302262,48792.627571000005,1994.5898516684663,128.3934528,61.78989014765101,26.019475040864997,6.972718628771792,12,14,100-300:300-600,False,True,,2133,99.94996664442962
265,2026-10-07T04:37:18.096+00:00,2026-10-07T04:38:09.267+00:00,2026-10-07T04:39:25.314+00:00,True,1238,1238.0,,1238.0,51171.279703,127218.265943,127218.26606,102.76111959612278,27.684336,51171.279703,1452.8287261184676,127.02650745,61.47694926434923,26.192829031764347,9.731306985073074,12,14,1-100:1000-1500,False,True,,4057,99.94996664442962
266,2026-10-07T04:37:21.520+00:00,2026-10-07T04:38:11.067+00:00,2026-10-07T04:39:16.614+00:00,True,1073,1073.0,,1073.0,49547.525987,115094.025059,115094.02496,107.26376976700838,30.135079,49547.525987,1510.948775999369,127.81982199999999,61.144122268656716,25.929498419623656,9.32281236536783,12,14,1-100:1000-1500,False,True,,1073,99.94996664442962
267,2026-10-07T04:37:26.009+00:00,2026-10-07T04:38:15.856+00:00,2026-10-07T04:39:21.065+00:00,True,1066,1066.0,,1066.0,49847.559520999996,115056.005217,115056.005286,107.93246274484052,29.048864000000002,49847.559520999996,1525.0884608844106,128.15811925000003,61.22858750798122,26.093438558662033,9.26505311903958,12,14,1-100:1000-1500,False,True,,1066,99.94996664442962
268,2026-10-07T04:37:30.927+00:00,2026-10-07T04:38:18.652+00:00,2026-10-07T04:38:37.310+00:00,True,309,309.0,,309.0,47724.963823,66383.463919,66383.463974,214.83321674433657,41.394408000000006,47724.963823,2711.658114591805,130.47321060000002,60.579545766233764,26.186168601385535,4.654773670398349,12,14,100-300:300-600,False,True,,1314,99.94996664442962
269,2026-10-07T04:37:35.991+00:00,2026-10-07T04:38:25.440+00:00,2026-10-07T04:39:44.663+00:00,True,1298,1298.0,,1298.0,49448.173985,128671.419809,128671.419755,99.13052369414484,24.129595000000002,49448.173985,1371.0461646154315,125.16410215,61.08191659521974,25.652079842939045,10.087710246197274,12,14,1-100:1000-1500,False,True,,2060,99.94996664442962
270,2026-10-07T04:37:40.950+00:00,2026-10-07T04:38:32.050+00:00,2026-10-07T04:38:52.239+00:00,True,322,322.0,,322.0,51099.532304,71288.773648,71288.773674,221.39370706211182,25.685371,51099.532304,2844.299348650146,132.0365614,62.89483284735203,28.136673010971574,4.516840219330013,12,14,100-300:300-600,False,True,,1493,99.94996664442962
271,2026-10-07T04:37:45.382+00:00,2026-10-07T04:38:36.747+00:00,2026-10-07T04:39:08.172+00:00,True,513,513.0,,513.0,51365.512365999995,82790.494638,82790.494416,161.38497936842106,26.730891,51365.512365999995,2265.2922488132363,129.4829068,61.3769185,26.8935319574592,6.196363510606907,12,14,100-300:300-600,False,True,,1796,99.94996664442962
272,2026-10-07T04:37:50.416+00:00,2026-10-07T04:38:41.270+00:00,2026-10-07T04:39:53.740+00:00,True,1193,1193.0,,1193.0,50853.908123,123324.032923,123324.032719,103.37303664626991,40.085405,50853.908123,1470.7839517920113,125.26356960000001,60.79708456375839,25.316005745503155,9.673702454613004,12,14,1-100:1000-1500,False,True,,2603,99.94996664442962
273,2026-10-07T04:37:55.358+00:00,2026-10-07T04:38:46.147+00:00,2026-10-07T04:39:13.796+00:00,True,452,452.0,,452.0,50789.36704999999,78438.55284199999,78438.552967,173.53662160840707,41.074096,50789.36704999999,2386.191172991944,127.3700741,61.3063986518847,26.235419194868573,5.762472452933581,12,14,100-300:300-600,False,True,,1100,99.94996664442962
274,2026-10-07T04:37:58.811+00:00,2026-10-07T04:38:50.122+00:00,2026-10-07T04:39:12.691+00:00,True,370,370.0,,370.0,51310.572851000004,73879.196467,73879.196414,199.67350382162164,41.662239,51310.572851000004,2664.4550868705687,125.83161544999999,61.161581615176146,25.85046725524898,5.008175747624296,12,14,100-300:300-600,False,True,,1430,99.94996664442962
275,2026-10-07T04:38:04.747+00:00,2026-10-07T04:38:57.165+00:00,2026-10-07T04:39:31.860+00:00,True,573,573.0,,573.0,52418.047735,87112.905975,87112.905931,152.0295042425829,41.002673,52418.047735,2187.4088686509394,123.9029666,60.65534657342658,25.41764791066857,6.577670594118875,12,14,100-300:300-600,False,True,,2993,99.94996664442962
276,2026-10-07T04:38:08.561+00:00,2026-10-07T04:39:00.236+00:00,2026-10-07T04:40:08.350+00:00,True,1132,1132.0,,1132.0,51674.984547,119789.377123,119789.376993,105.82100441077739,37.074733,51674.984547,1534.3014638814814,124.61336575000001,60.22492712290009,25.51436300025977,9.449919744032561,12,14,1-100:1000-1500,False,True,,1132,99.94996664442962
277,2026-10-07T04:38:13.506+00:00,2026-10-07T04:39:04.806+00:00,2026-10-07T04:39:40.575+00:00,True,593,593.0,,593.0,51300.097759000004,87069.447391,87069.44731100001,146.82874757335583,38.073775000000005,51300.097759000004,2104.30865723595,122.54793959999999,60.4211987027027,24.92209114152254,6.810655376472458,12,14,100-300:300-600,False,True,,2589,99.94996664442962
278,2026-10-07T04:38:17.525+00:00,2026-10-07T04:39:09.938+00:00,2026-10-07T04:39:29.621+00:00,True,328,328.0,,328.0,52412.803443000004,72095.802995,72095.803199,219.8042780457317,42.992792,52412.803443000004,2890.7938324233232,124.0402303,60.19265918042813,24.61521012869823,4.549502001146274,12,14,100-300:300-600,False,True,,1525,99.94996664442962
279,2026-10-07T04:38:22.494+00:00,2026-10-07T04:39:13.216+00:00,2026-10-07T04:39:35.134+00:00,True,364,364.0,,364.0,50721.605181,72639.614781,72639.61481099999,199.5593813489011,42.768913999999995,50721.605181,2655.485974801092,123.0180903,60.380191735537196,24.884409377515922,5.011039790029418,12,14,100-300:300-600,False,True,,727,99.94996664442962
280,2026-10-07T04:38:27.030+00:00,2026-10-07T04:39:17.102+00:00,2026-10-07T04:39:47.743+00:00,True,511,511.0,,511.0,50072.473276,80713.27404399999,80713.274041,157.95161260469666,39.141315999999996,50072.473276,2212.5511688845754,121.713554,60.08000150588235,24.296656622239595,6.3310528045415895,12,14,100-300:300-600,False,True,,2503,99.94996664442962
281,2026-10-07T04:38:32.804+00:00,2026-10-07T04:39:22.111+00:00,2026-10-07T04:39:41.905+00:00,True,336,336.0,,336.0,49306.629206,69100.668502,69100.668405,205.65675120535712,38.829391,49306.629206,2686.778977851945,121.01984724999998,59.086684465671645,23.819343568955066,4.862471048167573,12,14,100-300:300-600,False,True,,1487,99.94996664442962
282,2026-10-07T04:38:36.897+00:00,2026-10-07T04:39:26.057+00:00,2026-10-07T04:40:32.785+00:00,True,1103,1103.0,,1103.0,49160.333597000004,115888.266013,115888.265896,105.0664242030825,0.011311,49160.333597000004,1481.555836538316,124.172582,60.55166280943739,96.7010862191388,9.51778845216537,12,14,1-100:1000-1500,False,True,,4078,99.94996664442962
283,2026-10-07T04:38:40.673+00:00,2026-10-07T04:39:29.975+00:00,2026-10-07T04:39:59.724+00:00,True,500,500.0,,500.0,49301.733715999995,79050.52193999999,79050.52187,158.10104374,41.810219,49301.733715999995,2202.304165780164,120.79455680000001,59.616810068136274,23.929723815425685,6.325068927179307,12,14,100-300:300-600,False,True,,2313,99.94996664442962
284,2026-10-07T04:38:45.691+00:00,2026-10-07T04:39:33.378+00:00,2026-10-07T04:39:57.613+00:00,True,412,412.0,,412.0,47686.487303999995,71921.83117599999,71921.831116,174.56755125242717,41.736638,47686.487303999995,2346.554296860622,116.43238339999999,58.966773411192214,23.23693399760589,5.72844146573235,12,14,100-300:300-600,False,True,,1781,99.94996664442962
285,2026-10-07T04:38:50.532+00:00,2026-10-07T04:39:38.639+00:00,2026-10-07T04:40:12.109+00:00,True,557,557.0,,557.0,48107.416117,81577.23550899999,81577.235475,146.45823245062837,40.80317,48107.416117,2035.984394918091,127.098905,60.197516892086334,25.419648969995176,6.827885212395425,12,14,100-300:300-600,False,True,,2755,99.94996664442962
286,2026-10-07T04:38:55.888+00:00,2026-10-07T04:39:44.808+00:00,2026-10-07T04:41:03.807+00:00,True,1290,1290.0,,1290.0,48919.302413000005,127918.79809300002,127918.79815700001,99.16185903643411,0.011432000000000001,48919.302413000005,1363.4171386399635,129.38292385,61.28742876648565,91.88778993099993,10.084522519216755,12,14,1-100:1000-1500,False,True,,5877,99.94996664442962
287,2026-10-07T04:39:01.531+00:00,2026-10-07T04:39:50.844+00:00,2026-10-07T04:41:01.009+00:00,True,1148,1148.0,,1148.0,49313.35151,119478.37039,119478.370516,104.07523564111499,0.011211,49313.35151,1456.8770018109872,129.6231324,61.172640697471664,97.22430259599605,9.608433696013018,12,14,1-100:1000-1500,False,True,,1148,99.94996664442962
288,2026-10-07T04:39:06.794+00:00,2026-10-07T04:39:55.287+00:00,2026-10-07T04:40:17.718+00:00,True,376,376.0,,376.0,48493.190525,70924.330109,70924.32991,188.62853699468084,44.055978,48493.190525,2497.8755977589913,124.89385525000002,59.816372224,24.00500976154413,5.30142476385952,12,14,100-300:300-600,False,True,,2062,99.94996664442962
289,2026-10-07T04:39:10.557+00:00,2026-10-07T04:40:01.514+00:00,2026-10-07T04:40:35.633+00:00,True,560,560.0,,560.0,50956.8255,85075.90978799999,85075.909742,151.92126739642856,0.012374000000000001,50956.8255,2155.1023752854117,127.44149204999998,61.0359289588551,137.18180272908657,6.5823568786447275,12,14,100-300:300-600,False,True,,2742,99.94996664442962
290,2026-10-07T04:39:16.584+00:00,2026-10-07T04:40:08.708+00:00,2026-10-07T04:40:29.089+00:00,True,336,336.0,,336.0,52123.75842,72505.136212,72505.136243,215.78909596130953,0.011291,52123.75842,2845.6218862565547,126.85593249999998,60.839933707462684,174.7842025345108,4.634154455176241,12,14,100-300:300-600,False,True,,1876,99.94996664442962
291,2026-10-07T04:39:22.027+00:00,2026-10-07T04:40:13.928+00:00,2026-10-07T04:41:25.363+00:00,True,1152,1152.0,,1152.0,51900.918969,123335.52837700001,123335.528168,107.06209042361111,0.011351000000000002,51900.918969,1530.2843616673854,130.30449449999998,62.06308376020852,95.29473645108044,9.34037430381519,12,14,1-100:1000-1500,False,True,,1152,99.94996664442962
292,2026-10-07T04:39:27.447+00:00,2026-10-07T04:40:18.959+00:00,2026-10-07T04:40:50.788+00:00,True,515,515.0,,515.0,51512.37968,83340.73475199999,83340.734855,161.82666962135923,0.013304999999999999,51512.37968,2271.387648976548,131.9627812,61.92286978988327,138.35811191755494,6.179451159538058,12,14,100-300:300-600,False,True,,2659,99.94996664442962
293,2026-10-07T04:39:31.135+00:00,2026-10-07T04:40:25.422+00:00,2026-10-07T04:41:45.950+00:00,True,1306,1306.0,,1306.0,54287.114173,134814.590653,134814.590604,103.22709847166922,29.167047,54287.114173,1500.7095767715796,129.12155725,61.70687852873563,26.05599255014313,9.687378744942531,12,14,1-100:1000-1500,False,True,,2068,99.94996664442962
294,2026-10-07T04:39:34.602+00:00,2026-10-07T04:40:28.905+00:00,2026-10-07T04:40:59.159+00:00,True,485,485.0,,485.0,54302.675579,84556.533371,84556.533528,174.34336809896908,29.033347000000003,54302.675579,2463.069628812258,131.8857834,62.5079706446281,27.25521205123974,5.735807520301423,12,14,100-300:300-600,False,True,,2304,99.94996664442962
295,2026-10-07T04:39:40.116+00:00,2026-10-07T04:40:35.934+00:00,2026-10-07T04:41:09.712+00:00,True,544,544.0,,544.0,55818.770318,89596.685454,89596.685507,164.69978953492648,28.40597,55818.770318,2390.6952197869573,131.3894413,62.206105222836094,27.005403288591854,6.07165317827852,12,14,100-300:300-600,False,True,,2703,99.94996664442962
296,2026-10-07T04:39:44.677+00:00,2026-10-07T04:40:41.778+00:00,2026-10-07T04:41:12.272+00:00,True,486,486.0,,486.0,57101.483548000004,87594.920476,87594.920433,180.2364617962963,27.460909,57101.483548000004,2587.4692825298703,131.03083250000003,62.873065830927835,27.455598783043303,5.548266924143831,12,14,100-300:300-600,False,True,,2065,99.94996664442962
297,2026-10-07T04:39:49.408+00:00,2026-10-07T04:40:45.557+00:00,2026-10-07T04:41:19.657+00:00,True,553,553.0,,553.0,56149.560418,90249.632098,90249.631972,163.20005781555153,27.232331,56149.560418,2385.240145355784,129.9757656,61.775492173913044,26.316703493294085,6.1274488011154435,12,14,100-300:300-600,False,True,,2192,99.94996664442962
298,2026-10-07T04:39:54.148+00:00,2026-10-07T04:40:50.588+00:00,2026-10-07T04:42:05.511+00:00,True,1236,1236.0,,1236.0,56439.817933,131362.546381,131362.546449,106.28037738592234,40.137124,56439.817933,1603.8468230236017,126.462215,60.66617688097166,25.203503386219626,9.409074611077823,12,14,1-100:1000-1500,False,True,,1236,99.94996664442962
299,2026-10-07T04:39:59.297+00:00,2026-10-07T04:40:55.204+00:00,2026-10-07T04:41:18.645+00:00,True,382,382.0,,382.0,55906.75772,79348.46882400001,79348.468844,207.71850482722513,42.329515,55906.75772,2857.4076859443035,129.33156275000002,61.52680079790026,25.903237193543376,4.814207579068734,12,14,100-300:300-600,False,True,,1721,99.94996664442962
300,2026-10-07T04:40:04.555+00:00,2026-10-07T04:41:01.495+00:00,2026-10-07T04:41:26.015+00:00,True,395,395.0,,395.0,56939.858809,81459.951993,81459.952052,206.22772671392406,44.626771,56939.858809,2861.9421255959837,128.11417160000002,62.233739045685276,26.04645990587656,4.849008504620075,12,14,100-300:300-600,False,True,,1869,99.94996664442962
301,2026-10-07T04:40:10.264+00:00,2026-10-07T04:41:07.737+00:00,2026-10-07T04:41:35.625+00:00,True,449,449.0,,449.0,57473.336756,85361.736372,85361.736511,190.11522608240534,43.088238,57473.336756,2709.5241297436646,130.0060476,62.250892,26.31178558459987,5.259967979602616,12,14,100-300:300-600,False,True,,2407,99.94996664442962
302,2026-10-07T04:40:15.648+00:00,2026-10-07T04:41:14.087+00:00,2026-10-07T04:41:49.902+00:00,True,594,594.0,,594.0,58438.964622,94253.47009399999,94253.470346,158.675876003367,41.464911,58438.964622,2395.429110322659,122.06590795,60.3954561079258,24.726260037832343,6.302155235320222,12,14,100-300:300-600,False,True,,3064,99.94996664442962
303,2026-10-07T04:40:20.109+00:00,2026-10-07T04:41:19.407+00:00,2026-10-07T04:41:38.772+00:00,True,314,314.0,,314.0,59298.158059,78662.660587,78662.660434,250.5180268598726,43.160552,59298.158059,3342.9982739468514,126.590566,61.867420217252395,26.027493041941074,3.991728701481176,12,14,100-300:300-600,False,True,,1627,99.94996664442962
304,2026-10-07T04:40:24.868+00:00,2026-10-07T04:41:24.440+00:00,2026-10-07T04:41:58.272+00:00,True,569,569.0,,569.0,59572.089766000005,93404.07978200002,93404.07987300001,164.15479766783832,40.241838,59572.089766000005,2495.013583488088,123.3944744,59.563362704225355,24.357777209591955,6.091810992924664,12,14,100-300:300-600,False,True,,2807,99.94996664442962
305,2026-10-07T04:40:30.839+00:00,2026-10-07T04:41:29.152+00:00,2026-10-07T04:41:59.074+00:00,True,510,510.0,,510.0,58313.471095,88235.397751,88235.397909,173.01058413529412,41.840127,58313.471095,2579.66597153445,122.16175080000001,58.78571052259332,23.313847485411475,5.779993211332467,12,14,100-300:300-600,False,True,,2526,99.94996664442962
306,2026-10-07T04:40:34.272+00:00,2026-10-07T04:41:31.328+00:00,2026-10-07T04:42:54.618+00:00,True,1389,1389.0,,1389.0,57055.958268,140345.78098799998,140345.780989,101.04087904175667,20.456305,57055.958268,1529.501098608428,126.6624238,60.007076887608065,24.76828162610855,9.896984364059822,12,14,1-100:1000-1500,False,True,,4428,99.94996664442962
307,2026-10-07T04:40:40.142+00:00,2026-10-07T04:41:37.472+00:00,2026-10-07T04:42:11.724+00:00,True,579,579.0,,579.0,57329.898590000004,91582.073438,91582.073607,158.17283869948187,41.607737,57329.898590000004,2380.205291213223,121.5511259,59.25981807612457,23.79813238817425,6.3221979833419715,12,14,100-300:300-600,False,True,,2695,99.94996664442962
308,2026-10-07T04:40:45.982+00:00,2026-10-07T04:41:43.581+00:00,2026-10-07T04:42:05.348+00:00,True,373,373.0,,373.0,57598.789088,79365.145312,79365.145258,212.7751883592493,40.474534,57598.789088,2979.422474502936,127.67975480000001,58.5117102795699,24.42455844159377,4.6997960947927915,12,14,100-300:300-600,False,True,,1509,99.94996664442962
309,2026-10-07T04:40:52.205+00:00,2026-10-07T04:41:50.746+00:00,2026-10-07T04:42:10.356+00:00,True,328,328.0,,328.0,58541.143647,78150.483807,78150.483761,238.26367000304876,42.62875,58541.143647,3229.173940790816,123.10072530000001,59.96740110091743,24.302506355163707,4.1970309590152635,12,14,100-300:300-600,False,True,,1421,99.94996664442962
310,2026-10-07T04:40:58.007+00:00,2026-10-07T04:41:56.559+00:00,2026-10-07T04:42:15.914+00:00,True,321,321.0,,321.0,58551.825629,77907.411165,77907.411151,242.70221542367602,41.67649900000001,58551.825629,3264.764195920766,125.21782300000001,60.486204799999996,25.073714676322545,4.120275532197502,12,14,100-300:300-600,False,True,,1823,99.94996664442962
311,2026-10-07T04:41:03.387+00:00,2026-10-07T04:42:02.135+00:00,2026-10-07T04:42:26.514+00:00,True,409,409.0,,409.0,58748.041357,83127.559821,83127.559955,203.2458678606357,42.50956,58748.041357,2902.0529120341307,126.72190419999998,59.753721725490195,24.581676943021478,4.920149236675619,12,14,100-300:300-600,False,True,,1314,99.94996664442962
312,2026-10-07T04:41:07.378+00:00,2026-10-07T04:42:07.755+00:00,2026-10-07T04:42:44.223+00:00,True,599,599.0,,599.0,60377.074626,96845.000642,96845.000523,161.67779720033388,40.385189,60377.074626,2464.5831631256056,131.0322293,60.9831538729097,25.767204163311696,6.185141164016102,12,14,100-300:300-600,False,True,,1926,99.94996664442962
313,2026-10-07T04:41:13.283+00:00,2026-10-07T04:42:12.357+00:00,2026-10-07T04:42:32.659+00:00,True,339,339.0,,339.0,59073.210275,79375.209635,79375.209649,234.14516120648966,42.034639999999996,59073.210275,3205.2502533772454,128.1813811,60.06508686390533,24.86597267562918,4.270854862101934,12,14,100-300:300-600,False,True,,2099,99.94996664442962
314,2026-10-07T04:41:17.844+00:00,2026-10-07T04:42:19.234+00:00,2026-10-07T04:42:47.518+00:00,True,466,466.0,,466.0,61390.221698,89674.379138,89674.379227,192.43429018669528,43.86562,61390.221698,2841.1422674133723,130.69433675,60.82614503225806,25.35321950821414,5.196579050554362,12,14,100-300:300-600,False,True,,931,99.94996664442962
315,2026-10-07T04:41:22.708+00:00,2026-10-07T04:42:22.833+00:00,2026-10-07T04:43:27.195+00:00,True,1050,1050.0,,1050.0,60124.850718999995,124487.005471,124487.005502,118.55905285904761,18.400311000000002,60124.850718999995,1853.779470872096,129.55339295,61.355724263107724,25.828733262608257,8.434615291992094,12,14,1-100:1000-1500,False,True,,3390,99.94996664442962
316,2026-10-07T04:41:27.273+00:00,2026-10-07T04:42:28.582+00:00,2026-10-07T04:42:49.806+00:00,True,347,347.0,,347.0,61309.29767099999,82532.922631,82532.92257299999,237.84703911527376,38.095889,61309.29767099999,3288.0644646733344,130.0876821,61.33995653179191,25.91378792335991,4.2043827958379385,12,14,100-300:300-600,False,True,,1535,99.94996664442962
317,2026-10-07T04:41:33.200+00:00,2026-10-07T04:42:34.956+00:00,2026-10-07T04:43:03.720+00:00,True,469,469.0,,469.0,61755.483761,90519.566705,90519.56659,193.00547247334757,19.196293,61755.483761,2848.8864291067002,130.119854,61.4617156923077,26.304337590993015,5.181200231862069,12,14,100-300:300-600,False,True,,1688,99.94996664442962
318,2026-10-07T04:41:38.972+00:00,2026-10-07T04:42:40.451+00:00,2026-10-07T04:43:49.283+00:00,True,1112,1112.0,,1112.0,61479.212037,130311.15469299999,130311.15476599999,117.18629025719424,22.324375,61479.212037,1841.9714470024633,128.2061136,61.95494388478848,26.488629580716257,8.533421429805918,12,14,1-100:1000-1500,False,True,,1112,99.94996664442962
319,2026-10-07T04:41:43.854+00:00,2026-10-07T04:42:46.930+00:00,2026-10-07T04:43:51.269+00:00,True,1035,1035.0,,1035.0,63075.927221,127415.545013,127415.545042,123.10680680386473,20.853038,63075.927221,1958.8689658161586,129.5030978,62.22400173307543,26.782665484835917,8.123027687825694,12,14,1-100:1000-1500,False,True,,4063,99.94996664442962
320,2026-10-07T04:41:49.384+00:00,2026-10-07T04:42:52.198+00:00,2026-10-07T04:44:11.074+00:00,True,1276,1276.0,,1276.0,62814.761034999996,141690.243403,141690.243398,111.04251049999999,23.115889,62814.761034999996,1756.9428761247482,127.82941599999998,61.86312342588236,26.45302391327904,9.005560082007618,12,14,1-100:1000-1500,False,True,,4571,99.94996664442962
321,2026-10-07T04:41:54.359+00:00,2026-10-07T04:42:57.694+00:00,2026-10-07T04:43:17.188+00:00,True,319,319.0,,319.0,63334.546546,82829.254002,82829.25401,259.6528338871473,44.356325,63334.546546,3542.7159827560095,128.11000359999997,61.30411149685535,25.920084187730176,3.8512963064027765,12,14,100-300:300-600,False,True,,1280,99.94996664442962
322,2026-10-07T04:41:58.281+00:00,2026-10-07T04:43:00.684+00:00,2026-10-07T04:43:25.607+00:00,True,408,408.0,,408.0,62403.001340999996,87326.237949,87326.237845,214.03489667892157,42.460241,62403.001340999996,3086.4853319440967,129.1310814,61.23645358230958,25.859558925020554,4.672135312164471,12,14,100-300:300-600,False,True,,834,99.94996664442962
323,2026-10-07T04:42:02.995+00:00,2026-10-07T04:43:04.985+00:00,2026-10-07T04:43:26.078+00:00,True,345,345.0,,345.0,61989.765555,83082.759091,83082.7591,240.8195915942029,44.726258,61989.765555,3334.213037655711,129.67781179999997,61.316841674418605,25.527117292371393,4.15248607261735,12,14,100-300:300-600,False,True,,1391,99.94996664442962
324,2026-10-07T04:42:09.096+00:00,2026-10-07T04:43:13.812+00:00,2026-10-07T04:43:37.234+00:00,True,365,365.0,,365.0,64716.221304,88137.768312,88137.768422,241.47333814246576,43.656894,64716.221304,3384.151352348583,131.71705300000002,64.34490936263737,28.23654567132978,4.141243952398838,12,14,100-300:300-600,False,True,,1734,99.94996664442962
325,2026-10-07T04:42:13.661+00:00,2026-10-07T04:43:17.501+00:00,2026-10-07T04:44:45.796+00:00,True,1442,1442.0,,1442.0,63839.96413,152135.711714,152135.711739,105.50326750277392,40.224292,63839.96413,1679.7496366897894,126.46231169999999,61.27394003053435,25.898545171120393,9.47837942685552,12,14,1-100:1000-1500,False,True,,4205,99.94996664442962
326,2026-10-07T04:42:18.537+00:00,2026-10-07T04:43:23.498+00:00,2026-10-07T04:43:54.864+00:00,True,500,500.0,,500.0,64961.262508,96326.973356,96326.973315,192.65394663,41.288706,64961.262508,2902.475556862064,127.92963735000001,62.857135967935875,27.565216249876727,5.19065410839939,12,14,100-300:300-600,False,True,,1874,99.94996664442962
327,2026-10-07T04:42:23.084+00:00,2026-10-07T04:43:28.593+00:00,2026-10-07T04:44:32.238+00:00,True,1044,1044.0,,1044.0,65508.70318,129153.72078,129153.72082999999,123.7104605651341,37.880355,65508.70318,2025.7178498234532,125.0569327,61.02110987535954,25.70506867398801,8.08339081286203,12,14,1-100:1000-1500,False,True,,1044,99.94996664442962
328,2026-10-07T04:42:28.657+00:00,2026-10-07T04:43:33.167+00:00,2026-10-07T04:43:55.415+00:00,True,365,365.0,,365.0,64510.639092,86758.104564,86758.104473,237.69343691232876,40.714983000000004,64510.639092,3373.5463104528544,127.85606159999999,61.119410637362634,26.560290442207243,4.20709974975013,12,14,100-300:300-600,False,True,,1501,99.94996664442962
329,2026-10-07T04:42:32.702+00:00,2026-10-07T04:43:35.826+00:00,2026-10-07T04:44:09.665+00:00,True,559,559.0,,559.0,63123.997876999994,96962.824885,96962.82502799999,173.4576476350626,40.501912,63123.997876999994,2667.41768649181,124.5043035,60.64305915412186,25.5318723892675,5.765096062980695,12,14,100-300:300-600,False,True,,2661,99.94996664442962
330,2026-10-07T04:42:38.767+00:00,2026-10-07T04:43:41.890+00:00,2026-10-07T04:44:10.041+00:00,True,465,465.0,,465.0,63123.081326,91274.75594999999,91274.755926,196.2897976903226,41.728801,63123.081326,2924.567518958402,126.33344560000002,60.671712551724134,26.33302396031763,5.09450828063266,12,14,100-300:300-600,False,True,,2544,99.94996664442962
331,2026-10-07T04:42:44.914+00:00,2026-10-07T04:43:48.638+00:00,2026-10-07T04:44:09.856+00:00,True,351,351.0,,351.0,63724.478993000004,84942.302225,84942.302312,242.0008612877493,42.185907,63724.478993000004,3398.2204057339404,125.34635299999998,60.62235209142857,25.46344445375303,4.1322167024652945,12,14,100-300:300-600,False,True,,1871,99.94996664442962
332,2026-10-07T04:42:50.992+00:00,2026-10-07T04:43:54.688+00:00,2026-10-07T04:45:12.485+00:00,True,1284,1284.0,,1284.0,63696.529442,141493.475618,141493.475564,110.19741087538941,18.845455,63696.529442,1776.085070299074,125.51189115000001,60.636746824629775,25.329329226202024,9.074623366143795,12,14,1-100:1000-1500,False,True,,6309,99.94996664442962
333,2026-10-07T04:42:54.782+00:00,2026-10-07T04:43:58.557+00:00,2026-10-07T04:45:11.952+00:00,True,1212,1212.0,,1212.0,63774.319073,137169.767905,137169.76809,113.17637631188119,18.633639,63774.319073,1830.303782729256,126.3926251,60.60730704541701,25.336735638099157,8.835766207896466,12,14,1-100:1000-1500,False,True,,1222,99.94996664442962
334,2026-10-07T04:42:59.753+00:00,2026-10-07T04:44:04.108+00:00,2026-10-07T04:44:30.046+00:00,True,432,432.0,,432.0,64354.605428,90292.68107600001,90292.68107600001,209.0108358240741,40.357788,64354.605428,3093.4657938071355,123.91962185,60.18114999535963,24.76033025317604,4.784440940859675,12,14,100-300:300-600,False,True,,2050,99.94996664442962
335,2026-10-07T04:43:03.540+00:00,2026-10-07T04:44:07.949+00:00,2026-10-07T04:44:42.243+00:00,True,567,567.0,,567.0,64409.368138,98703.75431399999,98703.754176,174.0806951957672,37.897276,64409.368138,2702.516253001028,126.30233609999999,60.59078829681979,25.661157935239167,5.744462345335304,12,14,100-300:300-600,False,True,,2719,99.94996664442962
336,2026-10-07T04:43:07.391+00:00,2026-10-07T04:44:09.943+00:00,2026-10-07T04:45:35.442+00:00,True,1412,1412.0,,1412.0,62552.089842,148050.606322,148050.606406,104.85170425354107,22.487841,62552.089842,1663.2344177429045,125.8774272,60.594271070163,25.21890390843796,9.537279414641478,12,14,1-100:1000-1500,False,True,,6747,99.94996664442962
337,2026-10-07T04:43:12.301+00:00,2026-10-07T04:44:15.109+00:00,2026-10-07T04:45:43.707+00:00,True,1467,1467.0,,1467.0,62808.219888,151406.076144,151406.076126,103.20795918609407,0.011291,62808.219888,1641.5671664002389,126.71819190000002,60.435099765347886,104.15365594554812,9.689175212524225,12,14,1-100:1000-1500,False,True,,2931,99.94996664442962
338,2026-10-07T04:43:18.147+00:00,2026-10-07T04:44:20.224+00:00,2026-10-07T04:44:52.349+00:00,True,537,537.0,,537.0,62076.516726,94202.148726,94202.148669,175.4229956592179,41.805361,62076.516726,2676.3251028034088,128.2653878,59.93588059701493,24.518620366817352,5.700506912660122,12,14,100-300:300-600,False,True,,1951,99.94996664442962
339,2026-10-07T04:43:24.124+00:00,2026-10-07T04:44:28.252+00:00,2026-10-07T04:44:55.423+00:00,True,446,446.0,,446.0,64128.885167,91299.222703,91299.222787,204.70677754932734,43.139671,64128.885167,3033.811689877931,130.92729375,61.05693828314607,26.109133376209527,4.885036113076841,12,14,100-300:300-600,False,True,,2332,99.94996664442962
340,2026-10-07T04:43:30.058+00:00,2026-10-07T04:44:33.322+00:00,2026-10-07T04:44:58.109+00:00,True,405,405.0,,405.0,63263.482582000004,88050.841046,88050.841013,217.40948398271607,41.831741,63263.482582000004,3140.656191620617,132.584418,61.354847683168316,27.167604087534844,4.599615349368642,12,14,100-300:300-600,False,True,,1788,99.94996664442962
341,2026-10-07T04:43:36.364+00:00,2026-10-07T04:44:39.075+00:00,2026-10-07T04:45:14.298+00:00,True,584,584.0,,584.0,62711.031798,97934.164214,97934.164179,167.69548660787672,26.695296,62711.031798,2592.6226096250434,125.25369755,60.41703673413379,25.14440983856538,5.96318970695331,12,14,100-300:300-600,False,True,,2395,99.94996664442962
342,2026-10-07T04:43:40.695+00:00,2026-10-07T04:44:43.063+00:00,2026-10-07T04:46:05.625+00:00,True,1363,1363.0,,1363.0,62368.499678,144930.33827,144930.338181,106.33186953851798,0.011041,62368.499678,1691.32436250288,126.1780008,60.618090008810576,110.71735394748372,9.404518172453168,12,14,1-100:1000-1500,False,True,,3266,99.94996664442962
343,2026-10-07T04:43:44.308+00:00,2026-10-07T04:44:46.949+00:00,2026-10-07T04:45:07.891+00:00,True,344,344.0,,344.0,62641.100562,83583.157778,83583.157899,242.97429621802326,20.962692999999998,62641.100562,3374.18736808132,123.66761335,61.05556039650146,25.683965918904757,4.115661685260527,12,14,100-300:300-600,False,True,,1695,99.94996664442962
344,2026-10-07T04:43:48.752+00:00,2026-10-07T04:44:52.147+00:00,2026-10-07T04:45:15.280+00:00,True,376,376.0,,376.0,63394.624643,86527.98733100001,86527.987293,230.12762577925534,21.039096,63394.624643,3266.2524758818076,125.16972474999999,61.688967168,26.312445032600795,4.34541483741749,12,14,100-300:300-600,False,True,,1694,99.94996664442962
345,2026-10-07T04:43:52.332+00:00,2026-10-07T04:44:55.584+00:00,2026-10-07T04:45:31.282+00:00,True,584,584.0,,584.0,63252.656133000004,98950.749701,98950.74989,169.4362155650685,20.325830000000003,63252.656133000004,2615.0043196222127,126.46989649999999,61.231721385934826,25.546361241285815,5.901925975949409,12,14,100-300:300-600,False,True,,2494,99.94996664442962
346,2026-10-07T04:43:58.303+00:00,2026-10-07T04:45:00.607+00:00,2026-10-07T04:45:31.786+00:00,True,515,515.0,,515.0,62303.584284000004,93482.722844,93482.722903,181.51985029708737,38.604553,62303.584284000004,2742.862935550461,124.3047937,60.6598026459144,24.80864031979279,5.509039363983975,12,14,100-300:300-600,False,True,,2461,99.94996664442962
347,2026-10-07T04:44:03.927+00:00,2026-10-07T04:45:05.505+00:00,2026-10-07T04:45:41.049+00:00,True,591,591.0,,591.0,61578.061799999996,97121.497064,97121.49721799999,164.3341746497462,0.011621000000000001,61578.061799999996,2535.600775462207,124.79641,60.24311061694915,160.81024871637825,6.085161553992004,12,14,100-300:300-600,False,True,,2481,99.94996664442962
348,2026-10-07T04:44:09.617+00:00,2026-10-07T04:45:11.699+00:00,2026-10-07T04:45:40.172+00:00,True,456,456.0,,456.0,62082.276853,90555.24760500001,90555.24763900001,198.58606938377193,0.011661,62082.276853,2910.3565461706194,125.95894525,62.5779576967033,187.27032343539196,5.035599946554859,12,14,100-300:300-600,False,True,,1760,99.94996664442962
349,2026-10-07T04:44:15.405+00:00,2026-10-07T04:45:17.097+00:00,2026-10-07T04:45:49.735+00:00,True,544,544.0,,544.0,61692.201323,94330.258027,94330.257982,173.40120952573528,0.011521,61692.201323,2647.9822062655207,126.10875109999999,60.10691842357274,171.17030284999777,5.7669724580239325,12,14,100-300:300-600,False,True,,2786,99.94996664442962
350,2026-10-07T04:44:19.753+00:00,2026-10-07T04:45:22.450+00:00,2026-10-07T04:45:47.997+00:00,True,422,422.0,,422.0,62696.990591,88243.843711,88243.843702,209.10863436492892,0.011432000000000001,62696.990591,3055.364891496848,127.07801495,60.681361330166276,195.98285580924005,4.782203293207136,12,14,100-300:300-600,False,True,,1831,99.94996664442962
351,2026-10-07T04:44:25.345+00:00,2026-10-07T04:45:26.837+00:00,2026-10-07T04:45:47.342+00:00,True,345,345.0,,345.0,61492.017382,81996.460006,81996.459995,237.67089853623187,0.011291,61492.017382,3314.379230289798,123.89564179999999,59.60593786046512,215.13786992618532,4.207498713660993,12,14,100-300:300-600,False,True,,1453,99.94996664442962
352,2026-10-07T04:44:30.645+00:00,2026-10-07T04:45:31.962+00:00,2026-10-07T04:45:50.667+00:00,True,313,313.0,,313.0,61316.473505999995,80021.763746,80021.76358999999,255.66058654952076,0.011211,61316.473505999995,3469.569502969582,125.51412100000002,59.95285333333334,222.9282100474338,3.9114359062805057,12,14,100-300:300-600,False,True,,1365,99.94996664442962
353,2026-10-07T04:44:34.515+00:00,2026-10-07T04:45:40.065+00:00,2026-10-07T04:46:44.636+00:00,True,1115,1115.0,,1115.0,65550.33640100001,130121.026193,130121.026052,116.7004717955157,0.011181,65550.33640100001,1961.5567505052543,128.00516259999998,57.962917228007186,29.047776224901543,8.568945639471007,12,14,1-100:1000-1500,False,True,,5551,99.94996664442962
354,2026-10-07T04:44:39.474+00:00,2026-10-07T04:45:41.495+00:00,2026-10-07T04:46:50.144+00:00,True,1126,1126.0,,1126.0,62021.335773,130669.838045,130669.837981,116.04781348223801,41.672011,62021.335773,1846.657233151442,127.84194074999999,61.02089090844444,25.652844263043736,8.617137794356404,12,14,1-100:1000-1500,False,True,,1126,99.94996664442962
355,2026-10-07T04:44:45.250+00:00,2026-10-07T04:45:46.850+00:00,2026-10-07T04:46:10.756+00:00,True,390,390.0,,390.0,61599.984051,85506.38737899999,85506.38721,219.2471466923077,42.039409,61599.984051,3116.2330545470527,128.11079890000002,61.45604968637532,26.044688598029435,4.561062769163165,12,14,100-300:300-600,False,True,,1566,99.94996664442962
356,2026-10-07T04:44:48.795+00:00,2026-10-07T04:45:50.140+00:00,2026-10-07T04:46:20.303+00:00,True,498,498.0,,498.0,61344.394467,91507.071715,91507.071902,183.74914036546184,40.923337,61344.394467,2746.309197754757,129.4923765,60.68949144466801,25.774992440309582,5.442202342033496,12,14,100-300:300-600,False,True,,2562,99.94996664442962
357,2026-10-07T04:44:52.244+00:00,2026-10-07T04:45:53.886+00:00,2026-10-07T04:46:14.235+00:00,True,332,332.0,,332.0,61642.256751,81991.785583,81991.785726,246.9632100180723,42.260503,61642.256751,3379.7850378324456,126.56584615,61.4789390694864,26.14031517150379,4.049186118332763,12,14,100-300:300-600,False,True,,1147,99.94996664442962
358,2026-10-07T04:44:57.089+00:00,2026-10-07T04:46:00.089+00:00,2026-10-07T04:47:10.505+00:00,True,1212,1212.0,,1212.0,63000.556719,133416.597679,133416.597746,110.07970111056106,40.862093,63000.556719,1808.1274693506268,124.09854965000002,58.1470197853014,23.60729541087521,9.084326995926466,12,14,1-100:1000-1500,True,True,,1216,99.94996664442962
359,2026-10-07T04:45:03.116+00:00,2026-10-07T04:46:05.725+00:00,2026-10-07T04:46:33.491+00:00,True,459,459.0,,459.0,62609.200008,90374.455432,90374.455244,196.8942380043573,42.568400000000004,62609.200008,2919.6281416656743,127.42937799999999,60.622828436681225,25.438039229275056,5.078868777752835,12,14,100-300:300-600,True,True,,1942,99.94996664442962
360,2026-10-07T04:45:07.953+00:00,2026-10-07T04:46:10.656+00:00,2026-10-07T04:46:44.588+00:00,True,551,551.0,,551.0,62703.675259999996,96635.17222,96635.17244899999,175.38143820145189,41.037805,62703.675259999996,2668.76442970839,127.43008099999999,61.69363083636364,25.986445430923975,5.7018576915824335,12,14,100-300:300-600,True,True,,2250,99.94996664442962
361,2026-10-07T04:45:13.239+00:00,2026-10-07T04:46:16.136+00:00,2026-10-07T04:47:15.745+00:00,True,1071,1071.0,,1071.0,62897.01814,122505.519132,122505.519208,114.38423828944912,39.480985000000004,62897.01814,1920.3420936562486,115.37922550000002,55.708879431775706,21.859453532678067,8.742463258704245,12,14,1-100:1000-1500,True,True,,4011,99.94996664442962
362,2026-10-07T04:45:18.803+00:00,2026-10-07T04:46:22.407+00:00,2026-10-07T04:46:54.566+00:00,True,525,525.0,,525.0,63604.1391,95763.343708,95763.34378,182.4063691047619,42.651686999999995,63604.1391,2773.3504048002515,127.7190526,61.372527877862595,25.467512645774516,5.482264712903314,12,14,100-300:300-600,True,True,,1838,99.94996664442962
363,2026-10-07T04:45:23.866+00:00,2026-10-07T04:46:26.500+00:00,2026-10-07T04:46:46.424+00:00,True,324,324.0,,324.0,62633.604902,82558.045478,82558.04551899999,254.8087824660494,42.494834000000004,62633.604902,3476.3126626878475,128.09174315,61.6855745386997,25.729343011402232,3.924511513373209,12,14,100-300:300-600,True,True,,1760,99.94996664442962
364,2026-10-07T04:45:29.891+00:00,2026-10-07T04:46:34.627+00:00,2026-10-07T04:47:00.322+00:00,True,425,425.0,,425.0,64736.469161,90430.799273,90430.799316,212.7783513317647,44.106542999999995,64736.469161,3137.3415834397406,128.3675786,60.59983516981132,25.21690398847327,4.6997262372632,12,14,100-300:300-600,True,True,,1915,99.94996664442962
365,2026-10-07T04:45:34.098+00:00,2026-10-07T04:46:37.476+00:00,2026-10-07T04:47:03.854+00:00,True,457,457.0,,457.0,63378.396515,89755.666531,89755.666394,196.40189582932166,38.463528,63378.396515,2962.1005756662807,124.54738379999999,57.844890385964916,23.12916285711834,5.091600538024643,12,14,100-300:300-600,True,True,,1926,99.94996664442962
366,2026-10-07T04:45:40.279+00:00,2026-10-07T04:46:43.677+00:00,2026-10-07T04:47:13.875+00:00,True,580,580.0,,580.0,63397.845462,93595.91675799999,93595.916801,161.37227034655172,39.072741,63397.845462,2630.3486389910304,102.63220089999999,52.155563550949914,18.08014810843674,6.1968515303892815,12,14,100-300:300-600,True,True,,2481,99.94996664442962
367,2026-10-07T04:45:45.687+00:00,2026-10-07T04:46:50.323+00:00,2026-10-07T04:47:11.737+00:00,True,419,419.0,,419.0,64635.030726000005,86049.10023000001,86049.100288,205.3677811169451,41.695284,64635.030726000005,3155.165061679232,99.7779148,51.22983134928229,15.890933326929247,4.86931297224559,12,14,100-300:300-600,True,True,,2125,99.94996664442962
368,2026-10-07T04:45:51.549+00:00,2026-10-07T04:46:54.834+00:00,2026-10-07T04:47:21.759+00:00,True,594,594.0,,594.0,63284.639020999995,90209.346861,90209.34683099999,151.86758725757574,35.888141000000005,63284.639020999995,2594.7560803967076,51.396910399999996,45.40422907251265,9.898166920297841,6.584683524150452,12,14,100-300:300-600,True,True,,2163,99.94996664442962
0,2026-10-07T04:15:54.280+00:00,2026-10-07T04:15:54.474+00:00,2026-10-07T04:16:50.675+00:00,True,1354,1354.0,,1354.0,193.723264,56395.153792,56395.153791,41.65077827991137,0.019986999999999998,193.723264,13.739333919526105,71.75856775,41.53838176496674,13.106914009335835,24.009155201418626,13,14,1-100:1000-1500,False,True,,5862,99.94996664442962
1,2026-10-07T04:15:59.116+00:00,2026-10-07T04:15:59.215+00:00,2026-10-07T04:16:15.069+00:00,True,426,426.0,,426.0,99.59474,15953.743604000001,15953.743675,37.45010252347418,0.018966,166.764159,11.559002756907821,56.797675749999996,37.30387968,11.171201927825404,26.702196711572523,13,14,100-300:300-600,False,True,,2020,99.94996664442962
2,2026-10-07T04:16:03.521+00:00,2026-10-07T04:16:03.640+00:00,2026-10-07T04:16:26.078+00:00,True,558,558.0,,558.0,119.01646099999999,22557.385996999998,22557.385998,40.42542293548387,0.020419,166.215912,12.111035092647212,64.9132149,40.284325917414726,11.65384397488609,24.736908792278093,13,14,100-300:300-600,False,True,,2747,99.94996664442962
3,2026-10-07T04:16:06.299+00:00,2026-10-07T04:16:06.411+00:00,2026-10-07T04:16:21.361+00:00,True,375,375.0,,375.0,111.417756,15061.415068,15061.415256,40.163774016,0.020058,165.74903700000002,12.467633757777582,61.1192669,39.973254844919786,11.92520568345626,24.898058934497985,13,14,100-300:300-600,False,True,,1712,99.94996664442962
4,2026-10-07T04:16:09.527+00:00,2026-10-07T04:16:09.631+00:00,2026-10-07T04:16:35.036+00:00,True,596,596.0,,596.0,104.316573,25509.584285,25509.584131,42.801315656040266,33.631785,104.316573,11.288247376445913,70.4903295,42.69792892773109,11.011714022972312,23.36376764675293,13,14,100-300:300-600,False,True,,1877,99.94996664442962
5,2026-10-07T04:16:12.985+00:00,2026-10-07T04:16:13.130+00:00,2026-10-07T04:16:31.050+00:00,True,420,420.0,,420.0,144.367865,18064.168441,18064.168449,43.009924878571425,34.108686,144.367865,12.150053771521048,72.52922900000002,42.768020467780424,11.105879146825878,23.25044750173673,13,14,100-300:300-600,False,True,,1406,99.94996664442962
6,2026-10-07T04:16:15.704+00:00,2026-10-07T04:16:15.801+00:00,2026-10-07T04:17:04.309+00:00,True,1024,1024.0,,1024.0,97.3915,48604.734604,48604.734641,47.465561172851565,34.464973,128.358484,15.974330935914146,86.39260155,47.416757677419355,15.905584426172483,21.06790641576157,13,14,1-100:1000-1500,False,True,,3525,99.94996664442962
7,2026-10-07T04:16:20.332+00:00,2026-10-07T04:16:20.471+00:00,2026-10-07T04:17:15.953+00:00,True,1123,1123.0,,1123.0,139.48732800000002,55621.423200000005,55621.423322,49.529317294746214,36.139326999999994,139.48732800000002,17.17482392712398,92.42026119999998,49.44914070588236,16.970925416746542,20.19006230678398,13,14,1-100:1000-1500,False,True,,4074,99.94996664442962
8,2026-10-07T04:16:23.150+00:00,2026-10-07T04:16:23.289+00:00,2026-10-07T04:16:44.767+00:00,True,466,466.0,,466.0,139.914117,21617.473669,21617.473707,46.38942855579399,35.490002,139.914117,14.27019463460522,78.92805525,46.18830011182796,13.60830540114241,21.556635485498738,13,14,100-300:300-600,False,True,,1988,99.94996664442962
9,2026-10-07T04:16:27.963+00:00,2026-10-07T04:16:28.101+00:00,2026-10-07T04:17:39.901+00:00,True,1365,1365.0,,1365.0,137.879208,71937.592488,71937.592497,52.70153296483517,0.018754999999999997,308.783061,21.55307511113803,103.60334639999999,52.639085982404694,21.437095075332252,18.974780122474872,13,14,1-100:1000-1500,False,True,,4095,99.94996664442962
10,2026-10-07T04:16:32.507+00:00,2026-10-07T04:16:32.704+00:00,2026-10-07T04:16:51.183+00:00,True,385,385.0,,385.0,197.469348,18676.778147999998,18676.778222,48.511112264935065,37.217155,197.469348,17.130213187660967,87.38541479999999,48.1232,15.36639212702843,20.61383376453651,13,14,100-300:300-600,False,True,,1600,99.94996664442962
11,2026-10-07T04:16:35.707+00:00,2026-10-07T04:16:35.876+00:00,2026-10-07T04:16:56.885+00:00,True,430,430.0,,430.0,168.403683,21177.813987,21177.813997,49.25073022558139,35.870925,168.403683,17.394864311415283,91.39819514999999,48.97298439160839,16.43287591945964,20.304267487850986,13,14,100-300:300-600,False,True,,1953,99.94996664442962
12,2026-10-07T04:16:39.573+00:00,2026-10-07T04:16:39.732+00:00,2026-10-07T04:17:41.794+00:00,True,1141,1141.0,,1141.0,159.79685999999998,62221.462652,62221.462809,54.53239509991236,0.018564,358.039327,23.600140190030704,108.766235,54.4400577122807,23.403389219987208,18.33772385553724,13,14,1-100:1000-1500,False,True,,3949,99.94996664442962
13,2026-10-07T04:16:42.471+00:00,2026-10-07T04:16:42.629+00:00,2026-10-07T04:17:05.451+00:00,True,444,444.0,,444.0,158.11224600000003,22980.147446,22980.147438,51.75708882432433,38.722774,158.11224600000003,19.492832839315042,103.44830035,51.51700948081264,18.846245478682327,19.321024856056095,13,14,100-300:300-600,False,True,,2272,99.94996664442962
14,2026-10-07T04:16:45.341+00:00,2026-10-07T04:16:45.533+00:00,2026-10-07T04:17:58.824+00:00,True,1309,1309.0,,1309.0,191.93055900000002,73482.987455,73482.987557,56.13673610160428,0.018004000000000003,356.52638299999995,24.32558221130809,111.58577559999999,56.03291811620795,24.043021705823985,17.813647013216688,13,14,1-100:1000-1500,False,True,,3524,99.94996664442962
15,2026-10-07T04:16:50.087+00:00,2026-10-07T04:16:50.283+00:00,2026-10-07T04:17:08.731+00:00,True,350,350.0,,350.0,196.266596,18644.176740000003,18644.176682,53.26907623428571,38.809315999999995,196.266596,21.129436612988048,102.90276234999999,52.85934138681948,19.71822179448458,18.772617578178995,13,14,100-300:300-600,False,True,,677,99.94996664442962
16,2026-10-07T04:16:53.358+00:00,2026-10-07T04:16:53.533+00:00,2026-10-07T04:17:59.582+00:00,True,1164,1164.0,,1164.0,174.394609,66223.321585,66223.321691,56.89288805068728,0.017933,351.25642999999997,24.655014136011147,113.60297759999999,56.791854665520205,24.423362042040015,17.576889412077655,13,14,1-100:1000-1500,False,True,,3415,99.94996664442962
17,2026-10-07T04:16:56.966+00:00,2026-10-07T04:16:57.143+00:00,2026-10-07T04:18:17.967+00:00,True,1390,1390.0,,1390.0,177.27121400000001,81001.236142,81001.236057,58.27427054460431,0.017523,349.74199300000004,25.272469154466773,116.6161499,58.18859966018719,25.078854139602555,17.16023194464893,13,14,1-100:1000-1500,False,True,,4184,99.94996664442962
18,2026-10-07T04:17:00.661+00:00,2026-10-07T04:17:00.834+00:00,2026-10-07T04:17:17.339+00:00,True,303,303.0,,303.0,172.72662599999998,16677.851746,16677.851887,55.042415468646865,41.123839999999994,172.72662599999998,20.744387208834823,103.2900418,54.652732185430466,19.63657373790616,18.167807497909386,13,14,100-300:300-600,False,True,,1390,99.94996664442962
19,2026-10-07T04:17:05.003+00:00,2026-10-07T04:17:05.182+00:00,2026-10-07T04:17:29.143+00:00,True,437,437.0,,437.0,178.915063,24140.044279,24140.044255,55.24037586956522,0.018545000000000002,348.410258,26.56713730843199,108.0437314,54.9567183853211,25.92667766873782,18.102700846334265,13,14,100-300:300-600,False,True,,1844,99.94996664442962
20,2026-10-07T04:17:07.955+00:00,2026-10-07T04:17:08.176+00:00,2026-10-07T04:18:34.034+00:00,True,1457,1457.0,,1457.0,220.88492000000002,86079.465656,86079.465625,59.07993522649279,0.017873999999999998,395.903564,27.443495309298346,121.18438139999998,58.96880545054945,27.123000252619054,16.92622031162019,13,14,1-100:1000-1500,False,True,,3824,99.94996664442962
21,2026-10-07T04:17:11.507+00:00,2026-10-07T04:17:11.735+00:00,2026-10-07T04:18:37.348+00:00,True,1447,1447.0,,1447.0,227.820824,85840.845848,85840.845866,59.323321261921215,0.019727,424.753963,28.33302613867284,123.22828390000001,59.20679462240664,27.993822263428143,16.856777047167384,13,14,1-100:1000-1500,False,True,,2303,99.94996664442962
22,2026-10-07T04:17:16.338+00:00,2026-10-07T04:17:16.512+00:00,2026-10-07T04:17:36.776+00:00,True,356,356.0,,356.0,174.173516,20437.96334,20437.963175,57.410008918539326,0.017783,343.255883,29.831218282092937,122.2827785,57.08109809577465,29.21975304809689,17.418565347128176,13,14,100-300:300-600,False,True,,1859,99.94996664442962
23,2026-10-07T04:17:20.222+00:00,2026-10-07T04:17:20.483+00:00,2026-10-07T04:17:45.697+00:00,True,432,432.0,,432.0,261.771411,25475.886995,25475.887114,58.971960912037034,41.007544,261.771411,26.025609011967962,122.12491129999998,58.501428269141535,24.146227089537536,16.957211345959653,13,14,100-300:300-600,False,True,,1948,99.94996664442962
24,2026-10-07T04:17:23.859+00:00,2026-10-07T04:17:24.045+00:00,2026-10-07T04:17:55.637+00:00,True,532,532.0,,532.0,186.206068,31778.393716,31778.393746,59.733822830827066,42.246002999999995,186.206068,24.87508022615439,121.12329595,59.4956452881356,24.283753927653674,16.740934257232297,13,14,100-300:300-600,False,True,,2362,99.94996664442962
25,2026-10-07T04:17:27.495+00:00,2026-10-07T04:17:27.726+00:00,2026-10-07T04:18:38.505+00:00,True,1176,1176.0,,1176.0,231.176884,71010.59218,71010.592168,60.383156605442174,0.019496,367.89698599999997,28.111883226325208,126.435167,60.2378002519149,27.67820351462625,16.560909631890354,13,14,1-100:1000-1500,False,True,,3406,99.94996664442962
26,2026-10-07T04:17:31.571+00:00,2026-10-07T04:17:31.752+00:00,2026-10-07T04:18:03.959+00:00,True,530,530.0,,530.0,181.353856,32387.602304,32387.602190999998,61.108683379245285,40.231739000000005,181.353856,26.026426127765795,124.67255175000003,60.88137702835539,25.519038289395628,16.364286402718452,13,14,100-300:300-600,False,True,,2293,99.94996664442962
27,2026-10-07T04:17:36.437+00:00,2026-10-07T04:17:36.727+00:00,2026-10-07T04:18:00.747+00:00,True,402,402.0,,402.0,290.50705300000004,24309.789485,24309.789577,60.47211337562189,41.925470999999995,290.50705300000004,26.647720379595786,114.09308245,59.89845993017457,24.067742933878325,16.536547971674054,13,14,100-300:300-600,False,True,,2206,99.94996664442962
28,2026-10-07T04:17:40.967+00:00,2026-10-07T04:17:41.195+00:00,2026-10-07T04:18:05.488+00:00,True,404,404.0,,404.0,228.11059,24521.020926,24521.020807,60.6955960569307,41.445923,228.11059,25.644505696705128,113.64841824999999,60.28017453101737,24.277195544023563,16.475659851977568,13,14,100-300:300-600,False,True,,2037,99.94996664442962
29,2026-10-07T04:17:43.961+00:00,2026-10-07T04:17:44.173+00:00,2026-10-07T04:19:10.393+00:00,True,1422,1422.0,,1422.0,212.39467800000003,86432.32863,86432.328707,60.782228345288324,0.019416,378.549463,27.234142160117482,126.03413770000002,60.675534097114706,26.944788215429856,16.45217735700846,13,14,1-100:1000-1500,False,True,,6768,99.94996664442962
30,2026-10-07T04:17:48.307+00:00,2026-10-07T04:17:48.496+00:00,2026-10-07T04:19:02.000+00:00,True,1211,1211.0,,1211.0,189.626354,73693.40184199999,73693.401722,60.85334576548307,0.018655,377.165189,27.2737040538315,126.500346,60.74692189090909,27.03225858747196,16.43295016555765,13,14,1-100:1000-1500,False,True,,1815,99.94996664442962
31,2026-10-07T04:17:51.463+00:00,2026-10-07T04:17:51.673+00:00,2026-10-07T04:18:11.063+00:00,True,319,319.0,,319.0,210.2706,19600.512648,19600.512684,61.443613429467085,43.538586,210.2706,26.301788881164878,125.4802963,60.9756039245283,24.977485044751003,16.275084520942375,13,14,100-300:300-600,False,True,,1368,99.94996664442962
32,2026-10-07T04:17:55.518+00:00,2026-10-07T04:17:56.140+00:00,2026-10-07T04:19:07.480+00:00,True,1171,1171.0,,1171.0,622.5380359999999,71962.579508,71962.57951,61.45395346712212,0.018104,622.5380359999999,31.907378195380073,126.3572025,60.974394420512816,27.375504239854525,16.272346099959098,13,14,1-100:1000-1500,False,True,,4455,99.94996664442962
33,2026-10-07T04:17:58.568+00:00,2026-10-07T04:17:59.737+00:00,2026-10-07T04:18:24.943+00:00,True,417,417.0,,417.0,1169.08377,26375.197306000002,26375.19735,63.24987374100719,0.019356,1169.08377,62.28733260026606,127.56705539999999,60.59161907692308,30.582776204448766,15.810308266590223,13,14,100-300:300-600,False,True,,1581,99.94996664442962
34,2026-10-07T04:18:03.456+00:00,2026-10-07T04:18:03.744+00:00,2026-10-07T04:18:22.596+00:00,True,315,315.0,,315.0,288.02348,19140.341688,19140.341569,60.762989107936505,41.591637000000006,288.02348,27.840182392282696,125.09867630000001,60.03922996178344,24.739017483521913,16.457386452901655,13,14,100-300:300-600,False,True,,1544,99.94996664442962
35,2026-10-07T04:18:07.800+00:00,2026-10-07T04:18:08.159+00:00,2026-10-07T04:19:32.820+00:00,True,1394,1394.0,,1394.0,358.648798,85019.967454,85019.967527,60.989933663558105,0.018023,574.6231300000001,31.817770735418055,128.3759263,60.776251727207466,30.81236980435569,16.396148360727413,13,14,1-100:1000-1500,False,True,,5866,99.94996664442962
36,2026-10-07T04:18:11.374+00:00,2026-10-07T04:18:11.594+00:00,2026-10-07T04:18:30.576+00:00,True,320,320.0,,320.0,220.34973000000002,19201.692450000002,19201.692544,60.0052892,0.019817,431.001037,33.839649007631905,124.73794509999999,59.50264175548589,32.674439804058316,16.6651976555327,13,14,100-300:300-600,False,True,,1719,99.94996664442962
37,2026-10-07T04:18:14.534+00:00,2026-10-07T04:18:14.856+00:00,2026-10-07T04:18:45.084+00:00,True,503,503.0,,503.0,321.404995,30549.676099,30549.676187,60.73494271769384,0.019116,372.679205,31.19349355147573,125.8554447,60.21567949003984,28.96687155210166,16.46498635108164,13,14,100-300:300-600,False,True,,2426,99.94996664442962
38,2026-10-07T04:18:18.302+00:00,2026-10-07T04:18:20.316+00:00,2026-10-07T04:18:38.855+00:00,True,306,306.0,,306.0,2014.258003,20553.243475,20553.243396,67.16746207843137,0.019276,2014.258003,116.2505353320396,129.30619049999999,60.78355892459016,32.35470350921993,14.888161100811367,13,14,100-300:300-600,False,True,,1443,99.94996664442962
39,2026-10-07T04:18:21.109+00:00,2026-10-07T04:18:22.445+00:00,2026-10-07T04:18:42.921+00:00,True,338,338.0,,338.0,1335.492241,21811.611537,21811.611622,64.53139533136094,0.019566,1335.492241,76.04131847638523,127.21331935,60.75999791097922,31.267584234569714,15.496333199710422,13,14,100-300:300-600,False,True,,1772,99.94996664442962
40,2026-10-07T04:18:25.727+00:00,2026-10-07T04:18:26.022+00:00,2026-10-07T04:18:45.757+00:00,True,324,324.0,,324.0,295.321993,20030.178953000002,20030.178926,61.821539895061726,43.804675,295.321993,28.58860055214187,127.99041355,61.09862835913312,25.495046299259858,16.175591878647353,13,14,100-300:300-600,False,True,,1430,99.94996664442962
41,2026-10-07T04:18:28.887+00:00,2026-10-07T04:18:30.344+00:00,2026-10-07T04:18:56.210+00:00,True,423,423.0,,423.0,1457.589999,27323.449071,27323.448905,64.59444185579196,39.919707,1457.589999,72.58191728104921,127.8578289,61.2935049099526,25.702391984897904,15.481208060550271,13,14,100-300:300-600,False,True,,1919,99.94996664442962
42,2026-10-07T04:18:31.653+00:00,2026-10-07T04:18:33.836+00:00,2026-10-07T04:18:55.583+00:00,True,360,360.0,,360.0,2182.944237,23930.708717,23930.708622000002,66.47419061666666,37.392713,2182.944237,114.63512901182649,128.39465389999998,60.57873114206128,25.11272098270345,15.043432447291526,13,14,100-300:300-600,False,True,,888,99.94996664442962
43,2026-10-07T04:18:36.270+00:00,2026-10-07T04:18:38.706+00:00,2026-10-07T04:18:59.353+00:00,True,340,340.0,,340.0,2435.95975,23082.748613999996,23082.748535,67.89043686764705,33.769485,2435.95975,131.25233727955361,127.68870944999999,60.904981899705014,25.263020918715316,14.729614990208985,13,14,100-300:300-600,False,True,,1654,99.94996664442962
44,2026-10-07T04:18:40.832+00:00,2026-10-07T04:18:42.392+00:00,2026-10-07T04:19:06.183+00:00,True,387,387.0,,387.0,1560.296011,25351.549770999998,25351.549805,65.50788063307493,40.228324,1560.296011,80.54355897276777,129.00877200000002,61.63537243523316,26.181380934067157,15.265338943605524,13,14,100-300:300-600,False,True,,1537,99.94996664442962
45,2026-10-07T04:18:44.128+00:00,2026-10-07T04:18:45.035+00:00,2026-10-07T04:19:11.188+00:00,True,430,430.0,,430.0,906.506258,27059.780882000003,27059.780832,62.92972286511628,33.731503,906.506258,48.188456689901386,128.18397835,60.96334411188811,25.710128748621766,15.890742126667897,13,14,100-300:300-600,False,True,,1912,99.94996664442962
46,2026-10-07T04:18:48.481+00:00,2026-10-07T04:18:50.934+00:00,2026-10-07T04:19:17.137+00:00,True,429,429.0,,429.0,2452.9334169999997,28655.727401,28655.727293,66.79656711655012,37.813771,2452.9334169999997,118.26138617290346,130.26406839999999,61.22148127102803,25.55938335015768,14.970829181779179,13,14,100-300:300-600,False,True,,1775,99.94996664442962
47,2026-10-07T04:18:51.211+00:00,2026-10-07T04:18:55.019+00:00,2026-10-07T04:19:30.591+00:00,True,582,582.0,,582.0,3808.3656060000003,39379.56535,39379.565356,67.66248342955326,0.017984000000000003,3808.3656060000003,158.98520143535598,130.31033589999998,61.224095944922546,33.95186062193906,14.779238796245373,13,14,100-300:300-600,False,True,,2774,99.94996664442962
48,2026-10-07T04:18:55.652+00:00,2026-10-07T04:18:59.957+00:00,2026-10-07T04:19:33.768+00:00,True,557,557.0,,557.0,4304.912394999999,38116.152331,38116.152539,68.43115357091561,0.018334,4304.912394999999,183.1281164238497,129.8655324,60.81158261870503,34.63869326708587,14.613227357342415,13,14,100-300:300-600,False,True,,2353,99.94996664442962
49,2026-10-07T04:18:58.617+00:00,2026-10-07T04:19:02.866+00:00,2026-10-07T04:19:23.406+00:00,True,338,338.0,,338.0,4249.273211,24788.925051,24788.925106,73.34001510650887,42.181975,4249.273211,229.2283742723842,128.5699495,60.94852178041543,25.455320119420897,13.635121301331495,13,14,100-300:300-600,False,True,,1746,99.94996664442962
50,2026-10-07T04:19:02.655+00:00,2026-10-07T04:19:06.492+00:00,2026-10-07T04:19:35.019+00:00,True,472,472.0,,472.0,3837.6683900000003,32364.274982,32364.274934,68.56837909745762,0.018073,3837.6683900000003,177.3212948363133,127.99671860000001,60.566043719745224,34.92550348821613,14.583981883187919,13,14,100-300:300-600,False,True,,2407,99.94996664442962
51,2026-10-07T04:19:05.316+00:00,2026-10-07T04:19:09.846+00:00,2026-10-07T04:20:13.056+00:00,True,1041,1041.0,,1041.0,4530.041097,67739.641609,67739.64172,65.07170194044188,0.017773,4530.041097,141.79102295933535,128.078216,60.77846203076923,30.29786720653644,15.36766323637725,13,14,1-100:1000-1500,False,True,,3783,99.94996664442962
52,2026-10-07T04:19:09.545+00:00,2026-10-07T04:19:14.461+00:00,2026-10-07T04:19:35.019+00:00,True,336,336.0,,336.0,4915.982215,25473.502087,25473.502123,75.81399441369048,0.018966,4915.982215,267.73840867810253,128.82302149999998,61.36573096119403,39.340797195604985,13.190176947498408,13,14,100-300:300-600,False,True,,1725,99.94996664442962
53,2026-10-07T04:19:13.115+00:00,2026-10-07T04:19:18.476+00:00,2026-10-07T04:19:43.610+00:00,True,417,417.0,,417.0,5360.9091610000005,30495.086185,30495.086247,73.12970323021582,0.019086,5360.9091610000005,262.04449944728646,127.71558340000001,60.41869476923077,35.99801234870484,13.674334201590648,13,14,100-300:300-600,False,True,,2099,99.94996664442962
54,2026-10-07T04:19:17.303+00:00,2026-10-07T04:19:22.090+00:00,2026-10-07T04:20:48.945+00:00,True,1420,1420.0,,1420.0,4787.080729,91641.631257,91641.631287,64.5363600612676,0.017623,4787.080729,130.1802517930231,128.96776875,61.20828085130373,34.92390832428439,15.495141024036867,13,14,1-100:1000-1500,False,True,,2258,99.94996664442962
55,2026-10-07T04:19:21.196+00:00,2026-10-07T04:19:25.826+00:00,2026-10-07T04:19:48.386+00:00,True,380,380.0,,380.0,4630.590190000001,27189.927150000003,27189.927329000002,71.55244033947369,0.018605,4630.590190000001,237.23037522534926,126.2534268,59.52331651715039,35.99641195451225,13.975763815167117,13,14,100-300:300-600,False,True,,1778,99.94996664442962
56,2026-10-07T04:19:24.659+00:00,2026-10-07T04:19:30.492+00:00,2026-10-07T04:20:52.840+00:00,True,1347,1347.0,,1347.0,5833.162208,88180.88700799999,88180.886939,65.46465251596139,0.017984000000000003,5833.162208,160.47178841074196,128.380037,61.179587518573555,31.915990318573783,15.275419035848403,13,14,1-100:1000-1500,False,True,,4229,99.94996664442962
57,2026-10-07T04:19:27.801+00:00,2026-10-07T04:19:33.040+00:00,2026-10-07T04:19:53.345+00:00,True,343,343.0,,343.0,5238.2995789999995,25543.353274999998,25543.35324,74.47041760932944,41.571705,5238.2995789999995,280.63692129710194,124.83055110000001,59.37150203508772,23.717676076443865,13.428150811182014,13,14,100-300:300-600,False,True,,975,99.94996664442962
58,2026-10-07T04:19:30.773+00:00,2026-10-07T04:19:35.432+00:00,2026-10-07T04:19:56.189+00:00,True,348,348.0,,348.0,4659.499363,25416.240482999998,25416.240602,73.03517414367816,38.961244,4659.499363,247.8202885947124,128.15507765,59.817697752161386,24.90986170918111,13.692032865079497,13,14,100-300:300-600,False,True,,1433,99.94996664442962
59,2026-10-07T04:19:33.874+00:00,2026-10-07T04:19:39.395+00:00,2026-10-07T04:20:01.037+00:00,True,357,357.0,,357.0,5521.455802,27163.43417,27163.4342,76.08805098039215,42.541683,5521.455802,290.141463969663,129.6106982,60.792074067415726,25.646262852445627,13.142668109111183,13,14,100-300:300-600,False,True,,1647,99.94996664442962
60,2026-10-07T04:19:37.219+00:00,2026-10-07T04:19:43.056+00:00,2026-10-07T04:20:14.319+00:00,True,507,507.0,,507.0,5837.016879,37099.075119,37099.075347,73.17371863313609,41.020432,5837.016879,257.86730857341325,130.1809915,61.782723794466406,26.670115118885274,13.66610888206062,13,14,100-300:300-600,False,True,,1616,99.94996664442962
61,2026-10-07T04:19:41.522+00:00,2026-10-07T04:19:48.386+00:00,2026-10-07T04:20:14.862+00:00,True,426,426.0,,426.0,6864.052398,33339.556782,33339.556805,78.2618704342723,43.454663000000004,6864.052398,330.65592070145476,131.964945,62.29530443294117,27.099111194575638,12.777614375185607,13,14,100-300:300-600,False,True,,1971,99.94996664442962
62,2026-10-07T04:19:45.841+00:00,2026-10-07T04:19:54.037+00:00,2026-10-07T04:20:58.676+00:00,True,1050,1050.0,,1050.0,8196.582400000001,72835.69408,72835.69424,69.36732784761905,0.018063,8196.582400000001,253.27105913588468,130.63071905,61.619744213536706,33.48127442308617,14.416008706482831,13,14,1-100:1000-1500,False,True,,5034,99.94996664442962
63,2026-10-07T04:19:49.161+00:00,2026-10-07T04:19:56.700+00:00,2026-10-07T04:20:25.457+00:00,True,475,475.0,,475.0,7538.594845,36295.609885,36295.609805,76.41181011578948,42.211374000000006,7538.594845,344.01942991862603,127.4089103,60.668808101265824,25.013647159751635,13.086982186137744,13,14,100-300:300-600,False,True,,1950,99.94996664442962
64,2026-10-07T04:19:52.782+00:00,2026-10-07T04:19:59.885+00:00,2026-10-07T04:20:20.342+00:00,True,336,336.0,,336.0,7103.7536660000005,27560.557762,27560.55768,82.02546928571428,39.547512000000005,7103.7536660000005,385.032956670171,125.98930175,61.065086853731344,25.19574099940382,12.191335273456284,13,14,100-300:300-600,False,True,,1583,99.94996664442962
65,2026-10-07T04:19:56.541+00:00,2026-10-07T04:20:04.781+00:00,2026-10-07T04:20:23.631+00:00,True,314,314.0,,314.0,8239.9882,27089.937896,27089.937982,86.27368784076432,41.511421999999996,8239.9882,462.2823947796433,124.91754265,60.223481456869,24.948837551859615,11.591019558829041,13,14,100-300:300-600,False,True,,1317,99.94996664442962
66,2026-10-07T04:19:59.914+00:00,2026-10-07T04:20:09.803+00:00,2026-10-07T04:20:42.688+00:00,True,530,530.0,,530.0,9888.969066,42774.198378,42774.198502,80.70603490943397,0.017943,9888.969066,428.73966287802955,131.33736555,62.164894729678636,40.25681556898856,12.39064716809735,13,14,100-300:300-600,False,True,,2777,99.94996664442962
67,2026-10-07T04:20:03.284+00:00,2026-10-07T04:20:12.192+00:00,2026-10-07T04:20:40.890+00:00,True,466,466.0,,466.0,8907.275448999999,37605.246393,37605.246362,80.69795356652361,0.018605,8907.275448999999,411.86074308888544,130.595246,61.71606654623656,41.56414182375437,12.391887959727427,13,14,100-300:300-600,False,True,,1575,99.94996664442962
68,2026-10-07T04:20:06.105+00:00,2026-10-07T04:20:14.469+00:00,2026-10-07T04:20:37.095+00:00,True,375,375.0,,375.0,8363.380668,30989.851580000002,30989.851577999998,82.639604208,0.017764,8363.380668,431.05423829544236,130.05417939999998,60.49858532620321,44.48345566989855,12.100735591841772,13,14,100-300:300-600,False,True,,1500,99.94996664442962
69,2026-10-07T04:20:08.792+00:00,2026-10-07T04:20:17.776+00:00,2026-10-07T04:21:28.211+00:00,True,1154,1154.0,,1154.0,8984.464472,79419.286872,79419.28689,68.82087252166377,0.017853,8984.464472,264.7004892018842,129.83409165,61.08831084128361,32.66064765543014,14.530475473292789,13,14,1-100:1000-1500,False,True,,3695,99.94996664442962
70,2026-10-07T04:20:12.158+00:00,2026-10-07T04:20:21.393+00:00,2026-10-07T04:21:42.117+00:00,True,1312,1312.0,,1312.0,9235.274143999999,89958.890912,89958.890766,68.5662277179878,0.017553,9235.274143999999,256.40749002364174,130.836333,61.574078389016016,40.026754925929104,14.584439477843615,13,14,1-100:1000-1500,False,True,,5202,99.94996664442962
71,2026-10-07T04:20:16.854+00:00,2026-10-07T04:20:27.683+00:00,2026-10-07T04:21:58.761+00:00,True,1479,1479.0,,1479.0,10828.470312000001,101907.37924000001,101907.37928000001,68.90289336037864,0.018044,10828.470312000001,282.6005156169321,129.8896526,61.62307775913396,38.5148434538148,14.513178643489958,13,14,1-100:1000-1500,False,True,,5133,99.94996664442962
72,2026-10-07T04:20:19.629+00:00,2026-10-07T04:20:30.726+00:00,2026-10-07T04:21:33.794+00:00,True,1032,1032.0,,1032.0,11096.765703,74164.671495,74164.671675,71.86499193313954,41.779359,11096.765703,344.4721715070466,130.35637305,61.171586607177495,25.566224563638706,13.914981071136745,13,14,1-100:1000-1500,False,True,,1616,99.94996664442962
73,2026-10-07T04:20:24.467+00:00,2026-10-07T04:20:35.444+00:00,2026-10-07T04:21:45.846+00:00,True,1145,1145.0,,1145.0,10977.150120999999,81379.18148099999,81379.18142,71.0735208908297,0.017413,10977.150120999999,324.5503750501256,129.9830932,61.54023720279721,35.671449543887796,14.069937533929718,13,14,1-100:1000-1500,False,True,,1145,99.94996664442962
74,2026-10-07T04:20:27.211+00:00,2026-10-07T04:20:38.900+00:00,2026-10-07T04:21:04.440+00:00,True,421,421.0,,421.0,11689.439831,37228.886870999995,37228.886794,88.4296598432304,43.496775,11689.439831,567.2966380415239,129.311669,60.808207238095235,25.045351386318085,11.30842298505423,13,14,100-300:300-600,False,True,,1612,99.94996664442962
75,2026-10-07T04:20:31.199+00:00,2026-10-07T04:20:41.882+00:00,2026-10-07T04:21:15.986+00:00,True,569,569.0,,569.0,10683.293433,44787.549177,44787.549087,78.71274004745167,42.703548000000005,10683.293433,446.01409213040534,127.8551728,60.04270377464788,24.35439431507769,12.704423672554999,13,14,100-300:300-600,False,True,,2507,99.94996664442962
76,2026-10-07T04:20:34.618+00:00,2026-10-07T04:20:45.690+00:00,2026-10-07T04:21:04.390+00:00,True,311,311.0,,311.0,11072.02901,29772.034386,29772.034399,95.73001414469454,44.225361,11072.02901,624.8952628437775,127.14518550000001,60.32259798709677,24.493948947504393,10.446044632618207,13,14,100-300:300-600,False,True,,1340,99.94996664442962
77,2026-10-07T04:20:39.419+00:00,2026-10-07T04:20:49.720+00:00,2026-10-07T04:21:55.995+00:00,True,1079,1079.0,,1079.0,10300.932368000002,76576.544016,76576.544047,70.96992034012975,0.017062,10300.932368000002,313.91703544922166,131.4716136,61.48015922820037,37.08403521328694,14.09047657954572,13,14,1-100:1000-1500,False,True,,2763,99.94996664442962
78,2026-10-07T04:20:43.872+00:00,2026-10-07T04:20:56.022+00:00,2026-10-07T04:22:08.550+00:00,True,1182,1182.0,,1182.0,12150.046586999999,84677.867643,84677.867539,71.63948184348561,0.017993,12150.046586999999,353.39824555305745,130.6970678,61.412210885690094,35.46328333688888,13.958783244085522,13,14,1-100:1000-1500,False,True,,1182,99.94996664442962
79,2026-10-07T04:20:47.217+00:00,2026-10-07T04:20:59.455+00:00,2026-10-07T04:22:24.736+00:00,True,1396,1396.0,,1396.0,12237.72314,97518.43507600001,97518.435175,69.85561258954155,0.017663,12237.72314,327.6759605967373,128.22109875,61.1331268358423,34.0915870583808,14.315242024875005,13,14,1-100:1000-1500,False,True,,2593,99.94996664442962
80,2026-10-07T04:20:50.345+00:00,2026-10-07T04:21:02.488+00:00,2026-10-07T04:21:35.055+00:00,True,536,536.0,,536.0,12142.309551,44709.388463,44709.38841,83.41303807835821,40.875907,12142.309551,522.4833369501983,131.79409199999998,60.8730446953271,25.97302441694918,11.988533469733671,13,14,100-300:300-600,False,True,,2845,99.94996664442962
81,2026-10-07T04:20:54.853+00:00,2026-10-07T04:21:07.255+00:00,2026-10-07T04:21:34.398+00:00,True,446,446.0,,446.0,12401.454558,39544.708318,39544.708354,88.665265367713,42.992591999999995,12401.454558,584.9048415804027,131.72192375,60.99607586516854,25.781466803837187,11.278373743800996,13,14,100-300:300-600,False,True,,2216,99.94996664442962
82,2026-10-07T04:20:58.489+00:00,2026-10-07T04:21:12.041+00:00,2026-10-07T04:22:18.312+00:00,True,1073,1073.0,,1073.0,13551.982880000001,79822.887712,79822.887869,74.39225337278658,0.017854,13551.982880000001,413.436520755607,130.6083868,61.81987391044776,36.435543114527036,13.442259867512822,13,14,1-100:1000-1500,False,True,,1966,99.94996664442962
83,2026-10-07T04:21:01.302+00:00,2026-10-07T04:21:16.162+00:00,2026-10-07T04:21:47.143+00:00,True,497,497.0,,497.0,14860.300381,45840.968028999996,45840.967843,92.23534777263582,0.017743,14860.300381,665.3698521944539,135.0017792,62.46102348387097,46.104792053951634,10.841830383808365,13,14,100-300:300-600,False,True,,2708,99.94996664442962
84,2026-10-07T04:21:05.755+00:00,2026-10-07T04:21:21.240+00:00,2026-10-07T04:22:48.120+00:00,True,1419,1419.0,,1419.0,15485.223929,102364.277753,102364.277787,72.13832120295983,0.017453,15485.223929,410.9300730454081,129.4161783,61.26872625105783,34.81715364791269,13.862257724554826,13,14,1-100:1000-1500,False,True,,1419,99.94996664442962
85,2026-10-07T04:21:09.447+00:00,2026-10-07T04:21:26.431+00:00,2026-10-07T04:21:45.369+00:00,True,301,301.0,,301.0,16984.481524,35921.609972,35921.609911,119.3408967142857,0.019196,16984.481524,976.8958747509512,136.18408499999998,63.12376149333333,55.36702914190009,8.379357167861407,13,14,100-300:300-600,False,True,,1295,99.94996664442962
86,2026-10-07T04:21:13.513+00:00,2026-10-07T04:21:30.227+00:00,2026-10-07T04:22:05.708+00:00,True,580,580.0,,580.0,16714.603011,52195.385859,52195.385794,89.9920444724138,0.017733000000000002,16714.603011,692.9113245339557,130.97124655,61.27941769948187,44.371583901927465,11.112093347998329,13,14,100-300:300-600,False,True,,2634,99.94996664442962
87,2026-10-07T04:21:16.281+00:00,2026-10-07T04:21:35.225+00:00,2026-10-07T04:22:03.840+00:00,True,466,466.0,,466.0,18943.989131000002,47558.574475,47558.574542,102.05702691416309,0.017783999999999998,18943.989131000002,875.9870843323597,130.92884575000002,61.53674267526881,47.28472876697779,9.79844339625783,13,14,100-300:300-600,False,True,,1571,99.94996664442962
88,2026-10-07T04:21:21.071+00:00,2026-10-07T04:21:39.932+00:00,2026-10-07T04:22:08.824+00:00,True,471,471.0,,471.0,18860.263732,47752.740404,47752.740531999996,101.38586100212314,40.586729,18860.263732,866.6008030771388,129.6229985,61.47335462127659,26.29805251739269,9.863308283780649,13,14,100-300:300-600,False,True,,2278,99.94996664442962
89,2026-10-07T04:21:25.662+00:00,2026-10-07T04:21:43.322+00:00,2026-10-07T04:22:13.027+00:00,True,483,483.0,,483.0,17660.292383,47365.314335,47365.314234,98.06483278260869,39.737362999999995,17660.292383,801.1820097314644,127.54300490000001,61.628676248962655,25.813288697118967,10.197335471773556,13,14,100-300:300-600,False,True,,2027,99.94996664442962
90,2026-10-07T04:21:30.381+00:00,2026-10-07T04:21:47.242+00:00,2026-10-07T04:23:12.205+00:00,True,1398,1398.0,,1398.0,16861.317907,101824.246547,101824.246431,72.83565553004291,0.018365,16861.317907,450.8407029538105,128.0363222,60.818130737294204,36.84952215815655,13.729539352444034,13,14,1-100:1000-1500,False,True,,7078,99.94996664442962
91,2026-10-07T04:21:33.760+00:00,2026-10-07T04:21:51.218+00:00,2026-10-07T04:22:19.012+00:00,True,455,455.0,,455.0,17457.616398,45252.04481399999,45252.044663,99.4550432153846,42.158449,17457.616398,815.9535601573397,126.8872243,61.22120796475771,25.509462660002683,10.054794250076252,13,14,100-300:300-600,False,True,,2150,99.94996664442962
92,2026-10-07T04:21:37.852+00:00,2026-10-07T04:21:54.252+00:00,2026-10-07T04:22:19.644+00:00,True,419,419.0,,419.0,16400.037229,41792.397677,41792.397625,99.74319242243438,43.03962,16400.037229,798.6123646408097,124.07041950000001,60.74727379904306,24.850814852224463,10.025746865214966,13,14,100-300:300-600,False,True,,1992,99.94996664442962
93,2026-10-07T04:21:42.719+00:00,2026-10-07T04:22:00.124+00:00,2026-10-07T04:23:01.500+00:00,True,1020,1020.0,,1020.0,17404.636194,78780.903202,78780.903102,77.2361795117647,40.493610999999994,17404.636194,543.6692248102587,125.99379049999999,60.23186163689892,25.438058583087518,12.947300151975224,13,14,1-100:1000-1500,False,True,,4651,99.94996664442962
94,2026-10-07T04:21:46.127+00:00,2026-10-07T04:22:04.473+00:00,2026-10-07T04:22:31.839+00:00,True,462,462.0,,462.0,18346.534625999997,45711.84304199999,45711.843108999994,98.94338335281384,33.115396000000004,18346.534625999997,851.1430997880477,121.87390525,59.36075578308026,24.320142696749183,10.106790040723471,13,14,100-300:300-600,False,True,,2032,99.94996664442962
95,2026-10-07T04:21:50.074+00:00,2026-10-07T04:22:08.722+00:00,2026-10-07T04:22:33.003+00:00,True,413,413.0,,413.0,18648.567215,42929.791918999996,42929.791977,103.9462275472155,36.506358999999996,18648.567215,915.0503111344703,122.51828239999999,58.93501141747573,24.01084843093518,9.620358765755238,13,14,100-300:300-600,False,True,,2037,99.94996664442962
96,2026-10-07T04:21:54.620+00:00,2026-10-07T04:22:10.940+00:00,2026-10-07T04:22:39.197+00:00,True,480,480.0,,480.0,16319.851333,44577.073477,44577.07341,92.8689029375,32.884544,16319.851333,742.5832815339966,120.90636924999998,58.992113035490604,23.778077757929136,10.767867034781029,13,14,100-300:300-600,False,True,,1622,99.94996664442962
97,2026-10-07T04:21:59.061+00:00,2026-10-07T04:22:14.519+00:00,2026-10-07T04:22:34.728+00:00,True,350,350.0,,350.0,15458.474991000001,35667.086319,35667.086122,101.90596034857143,42.244281,15458.474991000001,823.5072321523762,120.62786065,57.904330452722064,22.702853428287373,9.81296865321891,13,14,100-300:300-600,False,True,,1636,99.94996664442962
98,2026-10-07T04:22:02.027+00:00,2026-10-07T04:22:17.856+00:00,2026-10-07T04:22:45.394+00:00,True,464,464.0,,464.0,15829.626128,43367.7028,43367.702609,93.4648763125,37.906313000000004,15829.626128,732.5315811539476,125.96593595,59.477487412527,24.852959560279643,10.699206322729182,13,14,100-300:300-600,False,True,,2115,99.94996664442962
99,2026-10-07T04:22:06.082+00:00,2026-10-07T04:22:20.522+00:00,2026-10-07T04:22:41.098+00:00,True,353,353.0,,353.0,14440.34189,35015.442306,35015.442243,99.19388737393767,38.370031000000004,14440.34189,765.8284778264701,122.0481028,58.45198981818182,23.437800142070703,10.081266342864744,13,14,100-300:300-600,False,True,,1880,99.94996664442962
100,2026-10-07T04:22:09.785+00:00,2026-10-07T04:22:25.667+00:00,2026-10-07T04:22:50.437+00:00,True,407,407.0,,407.0,15881.371119000001,40651.544303,40651.544326,99.88094428992629,38.474517999999996,15881.371119000001,784.6127396344987,128.03909230000002,61.01027877832512,25.900769332475747,10.011919767829442,13,14,100-300:300-600,False,True,,1864,99.94996664442962
101,2026-10-07T04:22:13.103+00:00,2026-10-07T04:22:31.444+00:00,2026-10-07T04:23:07.027+00:00,True,578,578.0,,578.0,18340.764177,53923.450897,53923.450853,93.29316756574394,0.017543,18340.764177,761.9965388853255,131.64997355,61.66843452339688,50.71151414409853,10.718898556845824,13,14,100-300:300-600,False,True,,1185,99.94996664442962
102,2026-10-07T04:22:15.908+00:00,2026-10-07T04:22:34.470+00:00,2026-10-07T04:23:08.510+00:00,True,552,552.0,,552.0,18561.675472,52601.88872,52601.888828999996,95.29327686413043,0.018194,18561.675472,789.0627999251944,131.03536565000002,61.77897141197822,51.1240356835049,10.493919770415422,13,14,100-300:300-600,False,True,,2756,99.94996664442962
103,2026-10-07T04:22:20.190+00:00,2026-10-07T04:22:38.046+00:00,2026-10-07T04:24:03.075+00:00,True,1402,1402.0,,1402.0,17856.075453,102885.513661,102885.513586,73.38481710841654,0.018334,17856.075453,476.67231366340405,127.70135859999999,60.69196160456817,36.64998179483207,13.626796913504112,13,14,1-100:1000-1500,False,True,,5333,99.94996664442962
104,2026-10-07T04:22:24.225+00:00,2026-10-07T04:22:41.505+00:00,2026-10-07T04:23:11.344+00:00,True,486,486.0,,486.0,17280.88477,47119.268641999995,47119.26875,96.95322788065843,0.018033999999999998,17280.88477,782.8612349053196,131.88213075000002,61.52244097319587,52.74367317886458,10.314251770172882,13,14,100-300:300-600,False,True,,2221,99.94996664442962
105,2026-10-07T04:22:28.077+00:00,2026-10-07T04:22:46.790+00:00,2026-10-07T04:23:10.177+00:00,True,384,384.0,,384.0,18713.555067,42099.807866999996,42099.807823,109.63491620572917,0.017843,18713.555067,953.5872894092729,131.5306313,61.06071227154047,57.5090035838138,9.121181769121542,13,14,100-300:300-600,False,True,,2094,99.94996664442962
106,2026-10-07T04:22:32.874+00:00,2026-10-07T04:22:52.567+00:00,2026-10-07T04:24:11.172+00:00,True,1290,1290.0,,1290.0,19692.268404,98297.958516,98297.95860299999,76.19996790930233,0.016780999999999997,19692.268404,547.9799881229097,129.9032428,60.98191630100854,39.15772488123019,13.123365118412162,13,14,1-100:1000-1500,False,True,,1290,99.94996664442962
107,2026-10-07T04:22:36.109+00:00,2026-10-07T04:22:56.965+00:00,2026-10-07T04:23:16.776+00:00,True,319,319.0,,319.0,20855.663474,40666.592114,40666.59216,127.48148012539185,0.017813,20855.663474,1165.814403140578,132.046731,62.29851773584906,61.33458241271345,7.844276675698629,13,14,100-300:300-600,False,True,,1518,99.94996664442962
108,2026-10-07T04:22:39.198+00:00,2026-10-07T04:23:00.302+00:00,2026-10-07T04:24:15.578+00:00,True,1229,1229.0,,1229.0,21103.698404,96379.419364,96379.419309,78.42100838812043,0.017834,21103.698404,601.4810766750848,128.1158354,61.29944703583062,38.755426916221914,12.751685039296477,13,14,1-100:1000-1500,False,True,,5059,99.94996664442962
109,2026-10-07T04:22:43.658+00:00,2026-10-07T04:23:05.814+00:00,2026-10-07T04:23:37.377+00:00,True,526,526.0,,526.0,22155.681213,53718.439869,53718.439865,102.12631153041825,42.146432,22155.681213,963.7332026494709,123.30539825,60.119540297142855,24.892991143988155,9.791795913707197,13,14,100-300:300-600,False,True,,2080,99.94996664442962
110,2026-10-07T04:22:48.447+00:00,2026-10-07T04:23:09.409+00:00,2026-10-07T04:23:38.893+00:00,True,498,498.0,,498.0,20962.579678,50446.327006,50446.326969999995,101.29784532128514,38.443084000000006,20962.579678,936.9966649611238,117.96810409999998,59.32343526760563,23.70718133258348,9.871878282451936,13,14,100-300:300-600,False,True,,2560,99.94996664442962
111,2026-10-07T04:22:51.951+00:00,2026-10-07T04:23:12.204+00:00,2026-10-07T04:23:37.030+00:00,True,424,424.0,,424.0,20252.995718,45079.56007,45079.560089,106.31971719103773,36.980601,20252.995718,981.0128614581905,117.930078,58.691641494089836,23.91117574745292,9.405593118956984,13,14,100-300:300-600,False,True,,1611,99.94996664442962
112,2026-10-07T04:22:56.544+00:00,2026-10-07T04:23:14.885+00:00,2026-10-07T04:23:43.935+00:00,True,493,493.0,,493.0,18341.194569,47391.524936999995,47391.524803,96.12885355578094,41.158971,18341.194569,823.7288173302134,119.98663939999999,59.04538692682927,23.766330485328105,10.402703872799417,13,14,100-300:300-600,False,True,,3029,99.94996664442962
113,2026-10-07T04:22:59.972+00:00,2026-10-07T04:23:17.712+00:00,2026-10-07T04:23:41.248+00:00,True,410,410.0,,410.0,17740.360094,41276.189086,41276.189236,100.67363228292683,41.460184999999996,17740.360094,873.5645408408294,111.98228085,57.54481416136919,21.8461934032809,9.933087551899584,13,14,100-300:300-600,False,True,,1806,99.94996664442962
114,2026-10-07T04:23:04.025+00:00,2026-10-07T04:23:21.594+00:00,2026-10-07T04:24:32.946+00:00,True,1178,1178.0,,1178.0,17569.801124,88921.60810000001,88921.60819700001,75.48523616044143,38.431028,17569.801124,510.78442873175226,129.5170974,60.6217561393373,25.572482777428355,13.247623667300724,13,14,1-100:1000-1500,False,True,,5108,99.94996664442962
115,2026-10-07T04:23:07.419+00:00,2026-10-07T04:23:24.831+00:00,2026-10-07T04:23:58.767+00:00,True,576,576.0,,576.0,17412.568919,51348.596823,51348.596752,89.14686936111111,41.236486,17412.568919,723.456257874939,122.85319575000001,59.01917896347826,23.823683780783863,11.21744381809473,13,14,100-300:300-600,False,True,,2931,99.94996664442962
116,2026-10-07T04:23:12.257+00:00,2026-10-07T04:23:31.253+00:00,2026-10-07T04:23:49.843+00:00,True,307,307.0,,307.0,18996.114772999998,37586.323541,37586.323669,122.43102172312703,41.546746,18996.114772999998,1081.0028435423508,126.09445910000001,60.75231623529412,25.703514029402108,8.167864560233394,13,14,100-300:300-600,False,True,,992,99.94996664442962
117,2026-10-07T04:23:16.780+00:00,2026-10-07T04:23:36.736+00:00,2026-10-07T04:23:59.991+00:00,True,388,388.0,,388.0,19956.748335,43211.664431,43211.664346,111.37026893298969,40.834243,19956.748335,1010.3980062760206,127.90908705,60.09022247028424,24.579166274172852,8.979057046496207,13,14,100-300:300-600,False,True,,2002,99.94996664442962
118,2026-10-07T04:23:20.350+00:00,2026-10-07T04:23:41.373+00:00,2026-10-07T04:24:14.115+00:00,True,527,527.0,,527.0,21022.45086,53764.979628,53764.979526,102.02083401518027,42.645182999999996,21022.45086,913.4291311929856,130.96358229999998,62.248153551330795,26.658582230301572,9.801919458471184,13,14,100-300:300-600,False,True,,2555,99.94996664442962
119,2026-10-07T04:23:23.608+00:00,2026-10-07T04:23:43.380+00:00,2026-10-07T04:24:08.512+00:00,True,405,405.0,,405.0,19771.719486,44903.424574000004,44903.424652,110.8726534617284,43.807653,19771.719486,979.7466680982518,131.8105808,62.20719081188118,27.070592288120043,9.01935662685521,13,14,100-300:300-600,False,True,,2030,99.94996664442962
120,2026-10-07T04:23:27.659+00:00,2026-10-07T04:23:47.647+00:00,2026-10-07T04:24:10.601+00:00,True,374,374.0,,374.0,19988.365914,42942.425434000004,42942.425298,114.81931897860963,44.322887,19988.365914,1030.7281972801034,132.70726725,61.539033565683646,26.37138928979364,8.709335726153057,13,14,100-300:300-600,False,True,,1641,99.94996664442962
121,2026-10-07T04:23:32.379+00:00,2026-10-07T04:23:51.889+00:00,2026-10-07T04:24:21.537+00:00,True,482,482.0,,482.0,19510.175820999997,49157.567053,49157.567107999996,101.98665375103734,40.481799,19510.175820999997,886.2341263168626,131.06672794999997,61.63698800831601,25.889792085412157,9.805204547253613,13,14,100-300:300-600,False,True,,1906,99.94996664442962
122,2026-10-07T04:23:35.081+00:00,2026-10-07T04:23:58.581+00:00,2026-10-07T04:25:16.324+00:00,True,1247,1247.0,,1247.0,23499.616234,101243.028202,101243.028038,81.18927669446673,0.017242999999999998,23499.616234,665.388436947468,131.0743187,62.39439162760834,47.36748424355249,12.31689749058065,13,14,1-100:1000-1500,False,True,,3723,99.94996664442962
123,2026-10-07T04:23:39.286+00:00,2026-10-07T04:24:03.075+00:00,2026-10-07T04:24:26.304+00:00,True,369,369.0,,369.0,23789.113147999997,47017.664315999995,47017.664143999995,127.41914402168021,36.264048,23789.113147999997,1235.4329669655745,132.5195866,63.12106295652174,27.584598420856306,7.848114221922977,13,14,100-300:300-600,False,True,,1700,99.94996664442962
124,2026-10-07T04:23:43.522+00:00,2026-10-07T04:24:05.278+00:00,2026-10-07T04:24:38.783+00:00,True,540,540.0,,540.0,21755.899789,55260.464269000004,55260.464134,102.33419284074074,37.335736,21755.899789,933.9444495581223,132.09145700000002,62.16060200371057,27.169777649626603,9.771904871652138,13,14,100-300:300-600,False,True,,2131,99.94996664442962
125,2026-10-07T04:23:47.761+00:00,2026-10-07T04:24:08.657+00:00,2026-10-07T04:24:44.389+00:00,True,578,578.0,,578.0,20896.555542,56628.487446,56628.487519999995,97.97316179930796,38.424476000000006,20896.555542,867.0126352605776,131.0377178,61.9270916880416,26.56421437938687,10.206876893033234,13,14,100-300:300-600,False,True,,2356,99.94996664442962
126,2026-10-07T04:23:50.898+00:00,2026-10-07T04:24:13.461+00:00,2026-10-07T04:25:30.710+00:00,True,1257,1257.0,,1257.0,22562.663198,99812.29827,99812.298259,79.40516965712013,0.017373,22562.663198,636.187229554579,129.6957632,61.50448652229299,44.15462369622398,12.593638477291822,13,14,1-100:1000-1500,False,True,,1885,99.94996664442962
127,2026-10-07T04:23:53.850+00:00,2026-10-07T04:24:15.331+00:00,2026-10-07T04:24:49.752+00:00,True,559,559.0,,559.0,21481.552908,55902.940428,55902.940316,100.00525995706619,0.017543,21481.552908,907.8263917127327,130.39887709999996,61.68707440860215,58.17581815331401,9.999474011925404,13,14,100-300:300-600,False,True,,2366,99.94996664442962
128,2026-10-07T04:23:57.916+00:00,2026-10-07T04:24:20.534+00:00,2026-10-07T04:24:41.061+00:00,True,328,328.0,,328.0,22617.903899999998,43145.012252,43145.012119,131.5396710945122,38.851195,22617.903899999998,1245.7021595769577,130.80486005,62.77403165749235,27.53637687674837,7.602269251523865,13,14,100-300:300-600,False,True,,1745,99.94996664442962
129,2026-10-07T04:24:02.449+00:00,2026-10-07T04:24:25.106+00:00,2026-10-07T04:25:26.616+00:00,True,1001,1001.0,,1001.0,22657.571106,84167.046178,84167.046111,84.08296314785214,0.017824000000000003,22657.571106,716.0466817282427,129.122606,61.509475071999994,51.51286007091743,11.893015680781325,13,14,1-100:1000-1500,False,True,,2002,99.94996664442962
130,2026-10-07T04:24:06.251+00:00,2026-10-07T04:24:28.620+00:00,2026-10-07T04:24:49.190+00:00,True,336,336.0,,336.0,22368.712971,42939.377930999995,42939.377923,127.79576762797619,0.017382,22368.712971,1219.1994507581321,128.82200675,61.404970029850745,73.91643940002321,7.824985274354091,13,14,100-300:300-600,False,True,,1381,99.94996664442962
131,2026-10-07T04:24:10.185+00:00,2026-10-07T04:24:33.559+00:00,2026-10-07T04:25:09.517+00:00,True,582,582.0,,582.0,23374.361562,59331.981018,59331.981160999996,101.94498481271478,0.017412,23374.361562,968.3879883625083,128.06369315,61.889190113597245,63.10744475900534,9.809212333959222,13,14,100-300:300-600,False,True,,2575,99.94996664442962
132,2026-10-07T04:24:14.449+00:00,2026-10-07T04:24:38.173+00:00,2026-10-07T04:25:42.882+00:00,True,1068,1068.0,,1068.0,23723.432321,88433.344129,88433.344215,82.80275675561798,0.017943999999999998,23723.432321,725.4551110565599,126.18014185,60.646590260543576,44.83730466129173,12.076892607861586,13,14,1-100:1000-1500,False,True,,1602,99.94996664442962
133,2026-10-07T04:24:17.879+00:00,2026-10-07T04:24:39.688+00:00,2026-10-07T04:24:58.593+00:00,True,317,317.0,,317.0,21809.176723,40714.127251,40714.12735,128.43573296529968,0.019045000000000003,21809.176723,1223.6862644647877,126.984969,59.82579281012658,72.13099191201874,7.7859952160024255,13,14,100-300:300-600,False,True,,1575,99.94996664442962
134,2026-10-07T04:24:21.507+00:00,2026-10-07T04:24:43.428+00:00,2026-10-07T04:25:14.097+00:00,True,503,503.0,,503.0,21921.140951,52590.574295,52590.574421000005,104.55382588667992,0.018044,21921.140951,976.5739608388193,128.66455980000003,61.09448873306773,60.67049751862703,9.564451553209645,13,14,100-300:300-600,False,True,,1995,99.94996664442962
135,2026-10-07T04:24:26.305+00:00,2026-10-07T04:24:49.457+00:00,2026-10-07T04:25:12.619+00:00,True,376,376.0,,376.0,23151.811739,46313.932699,46313.932722,123.17535298404256,42.839794999999995,23151.811739,1191.069956027309,130.39190925,61.76565589333333,26.396286174286036,8.11850728470136,13,14,100-300:300-600,False,True,,1676,99.94996664442962
136,2026-10-07T04:24:29.251+00:00,2026-10-07T04:24:51.815+00:00,2026-10-07T04:25:13.070+00:00,True,345,345.0,,345.0,22563.96645,43818.847986,43818.848028,127.01115370434782,43.041494,22563.96645,1211.7631675371958,129.75732119999998,61.78744632558139,26.390588207465555,7.87332428525338,13,14,100-300:300-600,False,True,,1361,99.94996664442962
137,2026-10-07T04:24:33.967+00:00,2026-10-07T04:24:58.012+00:00,2026-10-07T04:25:22.206+00:00,True,391,391.0,,391.0,24045.077747000003,48238.980339,48238.980152000004,123.37335077237853,42.54894,24045.077747000003,1213.1601612642505,128.5571965,62.03564767179487,26.355845607744456,8.105478126864268,13,14,100-300:300-600,False,True,,2061,99.94996664442962
138,2026-10-07T04:24:37.192+00:00,2026-10-07T04:25:00.148+00:00,2026-10-07T04:26:00.476+00:00,True,1008,1008.0,,1008.0,22956.693241,83284.675577,83284.675773,82.62368628273809,38.295739999999995,22956.693241,721.6169672487572,125.11733305,59.908621982125126,25.09466928026038,12.103066896959499,13,14,1-100:1000-1500,False,True,,2352,99.94996664442962
139,2026-10-07T04:24:39.978+00:00,2026-10-07T04:25:03.082+00:00,2026-10-07T04:25:32.076+00:00,True,479,479.0,,479.0,23104.320697,52097.900729,52097.900733,108.76388462004175,40.37176,23104.320697,1053.1922376254033,125.0359003,60.65602517154812,25.176073261305852,9.19422842950306,13,14,100-300:300-600,False,True,,1892,99.94996664442962
140,2026-10-07T04:24:44.434+00:00,2026-10-07T04:25:08.280+00:00,2026-10-07T04:26:27.711+00:00,True,1325,1325.0,,1325.0,23845.942995999998,103276.33634,103276.336153,77.94440464377358,42.819236,23845.942995999998,653.9146743059574,124.18787820000001,59.992744217522656,24.64863209492221,12.829657276357253,13,14,1-100:1000-1500,False,True,,1325,99.94996664442962
141,2026-10-07T04:24:48.019+00:00,2026-10-07T04:25:10.217+00:00,2026-10-07T04:26:39.445+00:00,True,1488,1488.0,,1488.0,22198.043789,111425.843085,111425.84313,74.88295909274194,32.694285,22198.043789,574.4282831238546,124.477099,60.005244987222596,24.593730336946397,13.354173132572983,13,14,1-100:1000-1500,False,True,,5771,99.94996664442962
142,2026-10-07T04:24:50.641+00:00,2026-10-07T04:25:14.245+00:00,2026-10-07T04:26:36.492+00:00,True,1373,1373.0,,1373.0,23603.708246,105851.09947799999,105851.099546,77.0947556780772,36.486430999999996,23603.708246,635.8634819387885,124.1634576,59.947078157434404,24.535353553011124,12.97105090802919,13,14,1-100:1000-1500,False,True,,3842,99.94996664442962
143,2026-10-07T04:24:54.433+00:00,2026-10-07T04:25:16.480+00:00,2026-10-07T04:25:39.668+00:00,True,392,392.0,,392.0,22046.689212,45234.72966,45234.729847,115.39471899744898,39.381805,22046.689212,1110.799413574273,123.81987844999999,59.30445127365729,24.465917595242026,8.665907875351719,13,14,100-300:300-600,False,True,,1838,99.94996664442962
144,2026-10-07T04:24:58.560+00:00,2026-10-07T04:25:19.994+00:00,2026-10-07T04:26:28.186+00:00,True,1145,1145.0,,1145.0,21433.364193999998,89625.658594,89625.658666,78.27568442445414,37.490019999999994,21433.364193999998,632.1404572633492,124.8136696,59.60864895104895,24.84845668503103,12.77535939999946,13,14,1-100:1000-1500,False,True,,4936,99.94996664442962
145,2026-10-07T04:25:03.319+00:00,2026-10-07T04:25:25.721+00:00,2026-10-07T04:25:57.775+00:00,True,547,547.0,,547.0,22401.855441,54456.432849000004,54456.432821,99.55472179341865,42.005862,22401.855441,955.6137635396271,121.9608858,58.70801723076923,23.552880504692403,10.044726974988496,13,14,100-300:300-600,False,True,,2685,99.94996664442962
146,2026-10-07T04:25:07.874+00:00,2026-10-07T04:25:29.215+00:00,2026-10-07T04:26:02.612+00:00,True,573,573.0,,573.0,21341.319062,54738.22095,54738.220835,95.52918121291448,41.882650999999996,21341.319062,889.4155681617336,121.7372782,58.38619211188811,23.436410451408143,10.468005537180323,13,14,100-300:300-600,False,True,,2376,99.94996664442962
147,2026-10-07T04:25:11.038+00:00,2026-10-07T04:25:32.429+00:00,2026-10-07T04:25:59.008+00:00,True,458,458.0,,458.0,21391.491926,47970.309462,47970.309667,104.7386673951965,41.162793,21391.491926,997.1183030235538,122.2863048,58.15933815317287,23.533158344077037,9.547572344989932,13,14,100-300:300-600,False,True,,2061,99.94996664442962
148,2026-10-07T04:25:14.855+00:00,2026-10-07T04:25:36.802+00:00,2026-10-07T04:27:05.060+00:00,True,1463,1463.0,,1463.0,21946.953154,110204.478658,110204.478725,75.32773665413534,0.017172,21946.953154,574.0768687910714,126.2287407,60.367664503419974,46.26898511962287,13.275322544196776,13,14,1-100:1000-1500,False,True,,2817,99.94996664442962
149,2026-10-07T04:25:19.390+00:00,2026-10-07T04:25:40.465+00:00,2026-10-07T04:26:03.058+00:00,True,386,386.0,,386.0,21075.925955,43668.214979,43668.214823,113.1300902150259,42.476534,21075.925955,1070.0109649891247,123.55345874999999,58.68127019220779,23.679952260344663,8.839381233824808,13,14,100-300:300-600,False,True,,1928,99.94996664442962
150,2026-10-07T04:25:23.785+00:00,2026-10-07T04:25:46.099+00:00,2026-10-07T04:27:00.710+00:00,True,1234,1234.0,,1234.0,22313.266454999997,96924.416791,96924.416923,78.54490836547812,0.017824000000000003,22313.266454999997,635.6048626004969,125.5379444,60.511881862124895,52.06947437098152,12.731570030087445,13,14,1-100:1000-1500,False,True,,2403,99.94996664442962
151,2026-10-07T04:25:26.639+00:00,2026-10-07T04:25:48.879+00:00,2026-10-07T04:26:12.969+00:00,True,404,404.0,,404.0,22239.820892,46329.644892,46329.644744,114.67733847524752,43.431958,22239.820892,1103.770133208811,126.6967343,59.77623821339951,24.518061907891468,8.720118639842218,13,14,100-300:300-600,False,True,,1938,99.94996664442962
152,2026-10-07T04:25:30.075+00:00,2026-10-07T04:25:52.886+00:00,2026-10-07T04:26:28.984+00:00,True,598,598.0,,598.0,22811.496837000002,58908.935557000004,58908.935386000005,98.50992539464883,42.481807,22811.496837000002,930.6920009788028,126.43618959999999,60.46472147403685,24.91943088282219,10.151261338296939,13,14,100-300:300-600,False,True,,2274,99.94996664442962
153,2026-10-07T04:25:33.236+00:00,2026-10-07T04:25:55.040+00:00,2026-10-07T04:26:22.543+00:00,True,460,460.0,,460.0,21804.415774999998,49307.315231,49307.315129999995,107.1898155,42.794173,21804.415774999998,1014.1239792140065,123.8952641,59.91917092810457,23.92315069745692,9.329244511589092,13,14,100-300:300-600,False,True,,2300,99.94996664442962
154,2026-10-07T04:25:37.768+00:00,2026-10-07T04:26:00.653+00:00,2026-10-07T04:26:33.350+00:00,True,536,536.0,,536.0,22884.703932999997,55581.23590099999,55581.235963,103.69633575186566,41.90657,22884.703932999997,986.1538285217538,127.04121775,61.11501302429906,25.33714542760786,9.643542309039525,13,14,100-300:300-600,False,True,,1332,99.94996664442962
155,2026-10-07T04:25:41.262+00:00,2026-10-07T04:26:03.760+00:00,2026-10-07T04:26:30.849+00:00,True,443,443.0,,443.0,22497.670789,49586.188165,49586.188199,111.93270473814898,43.231873,22497.670789,1066.2889866155153,128.3094359,61.286238407239814,25.49668102261348,8.93393939711397,13,14,100-300:300-600,False,True,,1985,99.94996664442962
156,2026-10-07T04:25:45.134+00:00,2026-10-07T04:26:07.902+00:00,2026-10-07T04:26:34.332+00:00,True,434,434.0,,434.0,22767.580713,49198.181161,49198.181141,113.35986438018433,36.577943,22767.580713,1090.2385456923034,127.6204017,61.040647685912234,25.16262986412452,8.8214643256779,13,14,100-300:300-600,False,True,,1917,99.94996664442962
157,2026-10-07T04:25:49.887+00:00,2026-10-07T04:26:10.650+00:00,2026-10-07T04:26:33.187+00:00,True,373,373.0,,373.0,20762.677923,43299.574179,43299.574145,116.08464918230563,41.092496,20762.677923,1072.196449369882,125.185834,60.5830544516129,24.649100968591384,8.61440342249145,13,14,100-300:300-600,False,True,,1725,99.94996664442962
158,2026-10-07T04:25:53.083+00:00,2026-10-07T04:26:14.247+00:00,2026-10-07T04:27:25.832+00:00,True,1180,1180.0,,1180.0,21164.294201,92749.551929,92749.55186,78.60131513559323,0.017452000000000002,21164.294201,616.6719247775288,126.6327608,60.71692767430025,53.498939747586455,12.722433429147916,13,14,1-100:1000-1500,False,True,,4649,99.94996664442962
159,2026-10-07T04:25:57.728+00:00,2026-10-07T04:26:19.699+00:00,2026-10-07T04:26:47.711+00:00,True,462,462.0,,462.0,21971.262252,49983.354668,49983.354645,108.18907931818183,35.675653,21971.262252,1019.6897026119506,127.78948104999999,60.76375795227766,25.614044509976885,9.243077081734542,13,14,100-300:300-600,False,True,,2388,99.94996664442962
160,2026-10-07T04:26:02.040+00:00,2026-10-07T04:26:25.335+00:00,2026-10-07T04:26:58.800+00:00,True,546,546.0,,546.0,23295.552727000002,56760.821719,56760.82164,103.9575487912088,0.017922999999999998,23295.552727000002,997.0717203969626,129.06316374999997,61.4041632880734,73.96194236768567,9.619311057599313,13,14,100-300:300-600,False,True,,2559,99.94996664442962
161,2026-10-07T04:26:05.791+00:00,2026-10-07T04:26:28.832+00:00,2026-10-07T04:27:01.420+00:00,True,535,535.0,,535.0,23040.348614,55629.137862,55629.138001,103.97969719813084,0.017703,23040.348614,996.0352118395632,128.2585861,61.02769522097378,71.32909301288377,9.617262114095354,13,14,100-300:300-600,False,True,,2400,99.94996664442962
162,2026-10-07T04:26:09.788+00:00,2026-10-07T04:26:32.363+00:00,2026-10-07T04:27:37.119+00:00,True,1065,1065.0,,1065.0,22575.286824000003,87331.19389600001,87331.193864,82.00112099906103,0.017132,22575.286824000003,692.0784227254587,127.72341959999999,60.86081491729323,54.89551866480442,12.194955232929429,13,14,1-100:1000-1500,False,True,,1069,99.94996664442962
163,2026-10-07T04:26:14.404+00:00,2026-10-07T04:26:37.193+00:00,2026-10-07T04:27:08.445+00:00,True,522,522.0,,522.0,22788.574708,54040.556788,54040.556838,103.525970954023,0.017582999999999998,22788.574708,997.2280702376426,125.84239370000002,59.98461051823416,69.56565137511451,9.659411949580669,13,14,100-300:300-600,False,True,,2321,99.94996664442962
164,2026-10-07T04:26:18.208+00:00,2026-10-07T04:26:40.599+00:00,2026-10-07T04:27:15.424+00:00,True,586,586.0,,586.0,22390.930525,57215.66678099999,57215.666591,97.63765629863481,0.018094000000000002,22390.930525,925.1801523989976,116.9642395,59.529463685470084,70.40914806602395,10.241950028179993,13,14,100-300:300-600,False,True,,3105,99.94996664442962
165,2026-10-07T04:26:22.312+00:00,2026-10-07T04:26:45.353+00:00,2026-10-07T04:28:13.744+00:00,True,1436,1436.0,,1436.0,23040.383389,111431.85423699999,111431.854396,77.59878439832869,0.017242,23040.383389,608.3590736392686,130.458249,61.59684379651568,48.961799239058564,12.886799827864557,13,14,1-100:1000-1500,False,True,,2286,99.94996664442962
166,2026-10-07T04:26:26.248+00:00,2026-10-07T04:26:51.401+00:00,2026-10-07T04:27:25.597+00:00,True,565,565.0,,565.0,25153.305586,59349.512178000004,59349.512269,105.04338454690266,0.017393000000000002,25153.305586,1057.8566108035457,118.0908466,60.6315719716312,68.24760945679117,9.519876057371155,13,14,100-300:300-600,False,True,,2225,99.94996664442962
167,2026-10-07T04:26:29.060+00:00,2026-10-07T04:26:55.449+00:00,2026-10-07T04:28:10.819+00:00,True,1221,1221.0,,1221.0,26388.974936000002,101758.967896,101758.968073,83.34067819246519,40.109391,26388.974936000002,753.886507166434,130.458535,61.77868275409836,26.048798423750203,11.99894245436815,13,14,1-100:1000-1500,False,True,,1221,99.94996664442962
168,2026-10-07T04:26:32.671+00:00,2026-10-07T04:26:58.111+00:00,2026-10-07T04:27:20.797+00:00,True,376,376.0,,376.0,25440.118078000003,48125.443902,48125.443971,127.99320205053192,42.442493,25440.118078000003,1309.0870271853323,123.4945185,60.49420219733334,24.72350366022969,7.812914947146579,13,14,100-300:300-600,False,True,,1604,99.94996664442962
169,2026-10-07T04:26:37.331+00:00,2026-10-07T04:27:01.687+00:00,2026-10-07T04:27:29.987+00:00,True,471,471.0,,471.0,24355.836075,52655.816363,52655.816448,111.79578863694267,39.171955000000004,24355.836075,1119.7433972516214,119.27389199999999,60.21272401702127,24.1622167632142,8.944880784926175,13,14,100-300:300-600,False,True,,1618,99.94996664442962
170,2026-10-07T04:26:41.145+00:00,2026-10-07T04:27:05.681+00:00,2026-10-07T04:27:31.020+00:00,True,420,420.0,,420.0,24535.929949999998,49874.84553399999,49874.845506,118.74963215714286,42.017657,24535.929949999998,1194.5264941089376,117.08360395000001,60.47473886396182,24.29838878524658,8.421078712187356,13,14,100-300:300-600,False,True,,1660,99.94996664442962
171,2026-10-07T04:26:45.609+00:00,2026-10-07T04:27:11.453+00:00,2026-10-07T04:28:30.894+00:00,True,1286,1286.0,,1286.0,25843.680792,105284.636184,105284.636099,81.86985699766718,35.956769,25843.680792,719.4180540156906,131.6216885,61.8217551688716,26.182683458647496,12.214507706067678,13,14,1-100:1000-1500,False,True,,1286,99.94996664442962
172,2026-10-07T04:26:49.537+00:00,2026-10-07T04:27:15.657+00:00,2026-10-07T04:27:38.074+00:00,True,360,360.0,,360.0,26119.840353,48536.803937000004,48536.804045,134.82445568055556,42.726906,26119.840353,1373.602272547889,131.0562023,62.44279549860724,26.598622738409176,7.417052026484361,13,14,100-300:300-600,False,True,,1916,99.94996664442962
173,2026-10-07T04:26:52.915+00:00,2026-10-07T04:27:19.259+00:00,2026-10-07T04:27:40.624+00:00,True,343,343.0,,343.0,26344.444241999998,47708.902994,47708.90298,139.09301160349852,44.023926,26344.444241999998,1419.3398421784018,131.09775530000002,62.469177637426895,26.494245381376615,7.189433805324272,13,14,100-300:300-600,False,True,,1828,99.94996664442962
174,2026-10-07T04:26:55.589+00:00,2026-10-07T04:27:22.430+00:00,2026-10-07T04:27:56.086+00:00,True,551,551.0,,551.0,26841.028143,60497.04939099999,60497.049352,109.7950078983666,44.293712,26841.028143,1141.1462306188932,130.28337249999996,61.19276590545454,25.609979904771077,9.10788221155743,13,14,100-300:300-600,False,True,,2317,99.94996664442962
175,2026-10-07T04:27:00.350+00:00,2026-10-07T04:27:29.131+00:00,2026-10-07T04:28:03.970+00:00,True,562,562.0,,562.0,28780.445497,63619.983161000004,63619.983251,113.20281717259786,43.468415,28780.445497,1211.7093403759177,133.73724235,62.102562680926916,26.947957840243838,8.833702432422434,13,14,100-300:300-600,False,True,,2084,99.94996664442962
176,2026-10-07T04:27:04.787+00:00,2026-10-07T04:27:32.434+00:00,2026-10-07T04:28:06.628+00:00,True,561,561.0,,561.0,27647.482281,61841.263273000004,61841.263458,110.23398120855614,42.122824,27647.482281,1164.988733514439,133.25948499999998,61.060323200000006,25.974689857665187,9.071612873162854,13,14,100-300:300-600,False,True,,2054,99.94996664442962
177,2026-10-07T04:27:08.793+00:00,2026-10-07T04:27:36.765+00:00,2026-10-07T04:28:08.792+00:00,True,524,524.0,,524.0,27972.250575,59999.148495,59999.148562999995,114.50219191412214,43.705269,27972.250575,1219.5727977693343,132.44445259999998,61.236898508604206,25.89908941991003,8.733457276375635,13,14,100-300:300-600,False,True,,2347,99.94996664442962
178,2026-10-07T04:27:12.343+00:00,2026-10-07T04:27:40.028+00:00,2026-10-07T04:28:01.607+00:00,True,351,351.0,,351.0,27684.238821,49263.465700999994,49263.465674,140.35175405698004,41.870411,27684.238821,1474.625297206481,134.5589055,61.65493394285715,26.688660735942108,7.124955481824233,13,14,100-300:300-600,False,True,,1358,99.94996664442962
179,2026-10-07T04:27:15.298+00:00,2026-10-07T04:27:45.824+00:00,2026-10-07T04:28:21.856+00:00,True,583,583.0,,583.0,30526.187005,66558.03442899999,66558.03451,114.16472471698113,43.985415,30526.187005,1261.9753568331366,132.61229210000002,61.9103907628866,26.315613866882334,8.759273091544019,13,14,100-300:300-600,False,True,,2869,99.94996664442962
180,2026-10-07T04:27:19.289+00:00,2026-10-07T04:27:49.170+00:00,2026-10-07T04:29:13.203+00:00,True,1375,1375.0,,1375.0,29881.192403,113914.308563,113914.308605,82.84676989454546,33.263052,29881.192403,804.5936371683848,127.24940289999999,61.159473187772925,25.602675235262268,12.070476635861421,13,14,1-100:1000-1500,False,True,,3821,99.94996664442962
181,2026-10-07T04:27:23.580+00:00,2026-10-07T04:27:56.221+00:00,2026-10-07T04:28:25.040+00:00,True,467,467.0,,467.0,32641.27943,61460.376774000004,61460.376676,131.6068023040685,39.985379,32641.27943,1507.8250926701905,133.0924187,61.84355653218884,26.282956637490955,7.598391427329456,13,14,100-300:300-600,False,True,,2532,99.94996664442962
182,2026-10-07T04:27:27.498+00:00,2026-10-07T04:27:59.309+00:00,2026-10-07T04:28:35.698+00:00,True,592,592.0,,592.0,31810.286664,68199.311432,68199.311301,115.2015393597973,38.28891,31810.286664,1305.1202858874694,131.04191705000002,61.57195392216582,25.878148917171263,8.680439546523425,13,14,100-300:300-600,False,True,,2821,99.94996664442962
183,2026-10-07T04:27:31.053+00:00,2026-10-07T04:28:05.851+00:00,2026-10-07T04:28:28.168+00:00,True,362,362.0,,362.0,34798.305112,57114.74492,57114.744920000005,157.77553845303868,37.381449999999994,34798.305112,1825.8906864591918,129.6602398,61.8183928199446,25.778378371980395,6.338118125311589,13,14,100-300:300-600,False,True,,1628,99.94996664442962
184,2026-10-07T04:27:34.217+00:00,2026-10-07T04:28:09.827+00:00,2026-10-07T04:29:13.596+00:00,True,1047,1047.0,,1047.0,35610.50767,99379.17659799999,99379.176601,94.91802922731614,34.183577,35610.50767,1098.949939566185,126.99863369999998,60.964310638623324,25.542165617343,10.535406267605069,13,14,1-100:1000-1500,False,True,,2791,99.94996664442962
185,2026-10-07T04:27:38.592+00:00,2026-10-07T04:28:13.208+00:00,2026-10-07T04:28:48.293+00:00,True,575,575.0,,575.0,34615.925515,69700.809483,69700.809659,121.21879940695652,35.889093,34615.925515,1441.264382184794,130.3991316,61.12349123344947,25.743111738207663,8.249545511236025,13,14,100-300:300-600,False,True,,2853,99.94996664442962
186,2026-10-07T04:27:41.693+00:00,2026-10-07T04:28:17.247+00:00,2026-10-07T04:29:43.084+00:00,True,1428,1428.0,,1428.0,35553.648365999994,121391.01002999999,121391.01003599999,85.00771010924369,0.01613,35553.648365999994,940.9233502448866,125.55325194999999,60.15232071758935,55.984669851549725,11.76363883657522,13,14,1-100:1000-1500,False,True,,2141,99.94996664442962
187,2026-10-07T04:27:45.466+00:00,2026-10-07T04:28:22.917+00:00,2026-10-07T04:28:44.674+00:00,True,351,351.0,,351.0,37450.596324,59207.996132,59207.996176,168.6837497891738,37.492838000000006,37450.596324,1995.829970165172,132.84447799999998,62.16399945142857,27.071973061607135,5.928253326078973,13,14,100-300:300-600,False,True,,1720,99.94996664442962
188,2026-10-07T04:27:49.783+00:00,2026-10-07T04:28:27.760+00:00,2026-10-07T04:29:46.249+00:00,True,1303,1303.0,,1303.0,37976.592947,116466.002483,116466.00242799999,89.38296425786646,0.017853,37976.592947,1051.9554609085947,126.36008600000001,60.28372468202765,57.245445900070465,11.187814230939994,13,14,1-100:1000-1500,False,True,,5165,99.94996664442962
189,2026-10-07T04:27:54.472+00:00,2026-10-07T04:28:31.425+00:00,2026-10-07T04:29:36.208+00:00,True,1087,1087.0,,1087.0,36953.08706400001,101736.378456,101736.37866300001,93.59372462097517,0.017433,36953.08706400001,1120.7000078231601,125.00240319999999,59.65312282872928,61.535770288459034,10.6844770424978,13,14,1-100:1000-1500,False,True,,4558,99.94996664442962
190,2026-10-07T04:27:58.064+00:00,2026-10-07T04:28:35.136+00:00,2026-10-07T04:28:59.615+00:00,True,405,405.0,,405.0,37071.761292,61550.947468,61550.947525,151.97764820987655,43.613527000000005,37071.761292,1839.2704694068327,127.21299179999998,60.59204499009901,25.087750868722484,6.579914959238561,13,14,100-300:300-600,False,True,,2021,99.94996664442962
191,2026-10-07T04:28:02.282+00:00,2026-10-07T04:28:39.564+00:00,2026-10-07T04:29:06.336+00:00,True,445,445.0,,445.0,37281.406313,64053.574760999996,64053.574898,143.9406177483146,43.141994,37281.406313,1764.6248507913106,125.367565,60.29767668468469,24.88522308685672,6.947309368140763,13,14,100-300:300-600,False,True,,2034,99.94996664442962
192,2026-10-07T04:28:06.586+00:00,2026-10-07T04:28:43.784+00:00,2026-10-07T04:30:02.588+00:00,True,1301,1301.0,,1301.0,37198.644092,116002.18073200001,116002.180535,89.16385898155265,0.017643,37198.644092,1031.165996453088,125.501397,60.61810510769231,56.32759719401797,11.215306400193475,13,14,1-100:1000-1500,False,True,,1302,99.94996664442962
193,2026-10-07T04:28:10.544+00:00,2026-10-07T04:28:47.742+00:00,2026-10-07T04:30:00.557+00:00,True,1206,1206.0,,1206.0,37198.550959,110013.147823,110013.147717,91.22151551990049,0.017012,37198.550959,1071.0152529648149,126.83883450000002,60.42705133941909,58.54816148887862,10.962326084336134,13,14,1-100:1000-1500,False,True,,7146,99.94996664442962
194,2026-10-07T04:28:13.580+00:00,2026-10-07T04:28:50.509+00:00,2026-10-07T04:29:10.457+00:00,True,334,334.0,,334.0,36929.407473,56877.042929,56877.042994999996,170.29054788922156,42.511262,36929.407473,2017.553428680699,117.31828695,59.902809177177176,24.1318569183345,5.8723165410855565,13,14,100-300:300-600,False,True,,1581,99.94996664442962
195,2026-10-07T04:28:16.835+00:00,2026-10-07T04:28:53.694+00:00,2026-10-07T04:30:21.294+00:00,True,1436,1436.0,,1436.0,36858.769112,124458.31164,124458.311749,86.6701335299443,0.017232,36858.769112,972.5740469360667,127.64362325,61.04497737142857,54.35910156409984,11.538000002391804,13,14,1-100:1000-1500,False,True,,6030,99.94996664442962
196,2026-10-07T04:28:21.300+00:00,2026-10-07T04:28:58.058+00:00,2026-10-07T04:30:28.059+00:00,True,1467,1467.0,,1467.0,36758.284923,126759.451515,126759.451468,86.4072607143831,0.017443,36758.284923,959.6006412777031,128.0671147,61.39233737517053,53.529332235638584,11.57310151209043,13,14,1-100:1000-1500,False,True,,5606,99.94996664442962
197,2026-10-07T04:28:23.964+00:00,2026-10-07T04:29:01.636+00:00,2026-10-07T04:30:04.997+00:00,True,1042,1042.0,,1042.0,37671.529991999996,101033.22010399999,101033.220046,96.96086376775432,0.016079999999999997,37671.529991999996,1166.8192224439576,124.81414305,60.86617686071085,62.655663208134,10.313439469982272,13,14,1-100:1000-1500,False,True,,1045,99.94996664442962
198,2026-10-07T04:28:28.171+00:00,2026-10-07T04:29:04.212+00:00,2026-10-07T04:29:33.861+00:00,True,504,504.0,,504.0,36040.683084,65690.36474799999,65690.364607,130.33802501388888,0.017413,36040.683084,1604.976385728956,124.13652465,58.94568919284295,84.5169146222911,7.672358068545277,13,14,100-300:300-600,False,True,,2661,99.94996664442962
199,2026-10-07T04:28:31.531+00:00,2026-10-07T04:29:07.844+00:00,2026-10-07T04:29:36.210+00:00,True,487,487.0,,487.0,36313.633780000004,64678.880244,64678.880434000006,132.8108427802875,0.018004000000000003,36313.633780000004,1645.2321475355882,123.74470539999999,58.36470465843622,87.97721056508023,7.529505739165561,13,14,100-300:300-600,False,True,,2064,99.94996664442962
200,2026-10-07T04:28:35.820+00:00,2026-10-07T04:29:11.427+00:00,2026-10-07T04:30:34.199+00:00,True,1349,1349.0,,1349.0,35606.793972,118378.839796,118378.839883,87.7530317887324,0.017633,35606.793972,969.3847995292357,129.411588,61.40359482492582,55.751005524598284,11.395617682389066,13,14,1-100:1000-1500,False,True,,6963,99.94996664442962
201,2026-10-07T04:28:40.449+00:00,2026-10-07T04:29:16.469+00:00,2026-10-07T04:29:42.682+00:00,True,444,444.0,,444.0,36020.200166,62233.00835800001,62233.008451,140.1644334481982,0.017052,36020.200166,1709.1796255896513,126.06425734999999,59.171124586907446,93.33773239216436,7.134477533945603,13,14,100-300:300-600,False,True,,2093,99.94996664442962
202,2026-10-07T04:28:45.320+00:00,2026-10-07T04:29:22.327+00:00,2026-10-07T04:29:44.954+00:00,True,378,378.0,,378.0,37007.376365000004,59634.104557,59634.10447300001,157.76218114550267,42.539541,37007.376365000004,1900.5273817575478,127.4005255,60.01784666312997,24.717846958524497,6.338654748118112,13,14,100-300:300-600,False,True,,1561,99.94996664442962
203,2026-10-07T04:28:48.137+00:00,2026-10-07T04:29:24.126+00:00,2026-10-07T04:30:30.204+00:00,True,1061,1061.0,,1061.0,35989.50211,102067.152798,102067.15295,96.19901314797362,43.73418,35989.50211,1103.2980733876202,131.525395,62.33740630943396,26.754307243564522,10.395117047105387,13,14,1-100:1000-1500,False,True,,4626,99.94996664442962
204,2026-10-07T04:28:52.474+00:00,2026-10-07T04:29:29.337+00:00,2026-10-07T04:30:39.925+00:00,True,1136,1136.0,,1136.0,36862.169983,107450.145151,107450.145201,94.5863954234155,41.731137000000004,36862.169983,1092.1595226432614,129.491394,62.1920486061674,26.491413067431708,10.572344954988901,13,14,1-100:1000-1500,False,True,,1136,99.94996664442962
205,2026-10-07T04:28:56.952+00:00,2026-10-07T04:29:36.404+00:00,2026-10-07T04:30:00.352+00:00,True,380,380.0,,380.0,39451.807244,63399.892492,63399.892387,166.84182207105263,44.682896,39451.807244,2020.777866837281,133.52203925,63.18756002110818,27.32837025800802,5.993701015312441,13,14,100-300:300-600,False,True,,1719,99.94996664442962
206,2026-10-07T04:29:00.779+00:00,2026-10-07T04:29:41.143+00:00,2026-10-07T04:30:11.389+00:00,True,481,481.0,,481.0,40363.687983,70610.12075100001,70610.120664,146.79858765904368,39.840334000000006,40363.687983,1837.7470568155998,131.65346499999998,63.0134016,26.76212979306002,6.812054630188235,13,14,100-300:300-600,False,True,,2401,99.94996664442962
207,2026-10-07T04:29:04.610+00:00,2026-10-07T04:29:44.243+00:00,2026-10-07T04:30:12.299+00:00,True,450,450.0,,450.0,39633.209027000004,67688.938435,67688.93841,150.41986313333334,43.589387,39633.209027000004,1865.5661639126372,131.38471130000002,62.48492073051224,26.254531781499658,6.648058167319669,13,14,100-300:300-600,False,True,,1930,99.94996664442962
208,2026-10-07T04:29:08.890+00:00,2026-10-07T04:29:50.605+00:00,2026-10-07T04:30:13.313+00:00,True,363,363.0,,363.0,41714.531066,64422.171386,64422.171446,177.4715466831956,40.255762000000004,41714.531066,2186.3102396036534,128.0658482,62.72828817679558,26.283178819526672,5.634706067651825,13,14,100-300:300-600,False,True,,593,99.94996664442962
209,2026-10-07T04:29:12.101+00:00,2026-10-07T04:29:53.530+00:00,2026-10-07T04:30:15.430+00:00,True,348,348.0,,348.0,41428.947015,63329.370439,63329.370599999995,181.98095,40.714903,41428.947015,2217.6025588598186,130.0668209,63.11361217291066,26.771260242087035,5.49508068038036,13,14,100-300:300-600,False,True,,1585,99.94996664442962
210,2026-10-07T04:29:14.780+00:00,2026-10-07T04:29:56.734+00:00,2026-10-07T04:30:27.578+00:00,True,491,491.0,,491.0,41953.845380000006,72798.49792400001,72798.497762,148.26577955600817,38.641998,41953.845380000006,1890.7165988256902,132.85787799999997,62.94827049795918,27.997305318505568,6.744644656165748,13,14,100-300:300-600,False,True,,1890,99.94996664442962
211,2026-10-07T04:29:18.482+00:00,2026-10-07T04:30:01.528+00:00,2026-10-07T04:30:27.783+00:00,True,419,419.0,,419.0,43046.142237,69301.598493,69301.598653,165.397610150358,42.445233,43046.142237,2100.0438500743853,130.1615115,62.8120963062201,26.812301993815904,6.046036586621047,13,14,100-300:300-600,False,True,,1841,99.94996664442962
212,2026-10-07T04:29:22.668+00:00,2026-10-07T04:30:05.143+00:00,2026-10-07T04:31:20.834+00:00,True,1221,1221.0,,1221.0,42475.345077,118166.15365299999,118166.153822,96.77817675839475,37.990406,42475.345077,1214.0885108311024,129.90463,62.04164637377049,26.842228414400786,10.332908047303624,13,14,1-100:1000-1500,False,True,,1221,99.94996664442962
213,2026-10-07T04:29:26.166+00:00,2026-10-07T04:30:08.897+00:00,2026-10-07T04:30:37.056+00:00,True,449,449.0,,449.0,42730.899019000004,70890.304587,70890.304657,157.88486560579065,42.397304,42730.899019000004,2013.8131954317053,130.4896986,62.855816,27.233326152860062,6.333729310599386,13,14,100-300:300-600,False,True,,1999,99.94996664442962
214,2026-10-07T04:29:30.079+00:00,2026-10-07T04:30:12.666+00:00,2026-10-07T04:30:47.479+00:00,True,565,565.0,,565.0,42586.94848,77400.08,77400.080184,136.99129236106194,39.793885,42586.94848,1789.2505038145682,128.7283756,61.725410496453904,26.83729445618955,7.299734057122421,13,14,100-300:300-600,False,True,,3106,99.94996664442962
215,2026-10-07T04:29:34.653+00:00,2026-10-07T04:30:17.340+00:00,2026-10-07T04:30:43.162+00:00,True,420,420.0,,420.0,42686.682833,68508.907473,68508.907511,163.1164464547619,39.916085,42686.682833,2080.0532402608173,126.46145619999999,61.62822109785203,26.11447095094869,6.130589663329925,13,14,100-300:300-600,False,True,,1894,99.94996664442962
216,2026-10-07T04:29:38.560+00:00,2026-10-07T04:30:21.192+00:00,2026-10-07T04:30:56.990+00:00,True,592,592.0,,592.0,42631.407425,78429.750593,78429.750604,132.48268683108108,41.286792999999996,42631.407425,1749.8363268813202,126.97517524999999,60.572492670050764,25.519956352055416,7.548156095409502,13,14,100-300:300-600,False,True,,3135,99.94996664442962
217,2026-10-07T04:29:42.429+00:00,2026-10-07T04:30:25.685+00:00,2026-10-07T04:30:45.667+00:00,True,332,332.0,,332.0,43256.069392,63238.573072,63238.572854,190.47762907831324,40.350038,43256.069392,2370.8035950547674,126.1243115,60.37010175226586,25.018446256535178,5.2499603307304685,13,14,100-300:300-600,False,True,,522,99.94996664442962
218,2026-10-07T04:29:46.254+00:00,2026-10-07T04:30:29.225+00:00,2026-10-07T04:31:02.203+00:00,True,544,544.0,,544.0,42970.80478,75949.36913199999,75949.369202,139.61281103308824,40.298211,42970.80478,1839.9334870368464,127.48987129999999,60.73400433149172,25.71539873384982,7.162666473957514,13,14,100-300:300-600,False,True,,2569,99.94996664442962
219,2026-10-07T04:29:49.501+00:00,2026-10-07T04:30:31.260+00:00,2026-10-07T04:30:59.492+00:00,True,474,474.0,,474.0,41759.362228,69990.93342799999,69990.933537,147.66019733544303,41.572078999999995,41759.362228,1915.4916257899758,127.25015315,59.686197040169134,24.943580168784443,6.772305737108165,13,14,100-300:300-600,False,True,,1603,99.94996664442962
220,2026-10-07T04:29:53.886+00:00,2026-10-07T04:30:35.410+00:00,2026-10-07T04:32:05.042+00:00,True,1493,1493.0,,1493.0,41523.916204,131155.845036,131155.845141,87.84718361754857,39.359080999999996,41523.916204,1073.3871336309935,125.58950899999999,60.075019324396784,24.89472328135447,11.38340422106386,13,14,1-100:1000-1500,False,True,,1991,99.94996664442962
221,2026-10-07T04:29:56.583+00:00,2026-10-07T04:30:39.455+00:00,2026-10-07T04:31:07.203+00:00,True,460,460.0,,460.0,42871.68107,70619.856686,70619.856662,153.52142752608697,40.413047,42871.68107,1996.2492696955694,130.3168559,60.45354164705882,25.732258336866565,6.51374870449422,13,14,100-300:300-600,False,True,,2414,99.94996664442962
222,2026-10-07T04:29:59.800+00:00,2026-10-07T04:30:43.015+00:00,2026-10-07T04:31:02.822+00:00,True,327,327.0,,327.0,43215.67671,63021.874725999995,63021.874527,192.72744503669725,42.855493,43215.67671,2386.6097593048853,130.398438,60.75520863803681,25.624766763431687,5.188674589921307,13,14,100-300:300-600,False,True,,1664,99.94996664442962
223,2026-10-07T04:30:03.943+00:00,2026-10-07T04:30:46.160+00:00,2026-10-07T04:31:16.064+00:00,True,484,484.0,,484.0,42217.583231,72120.603519,72120.60345,149.00951126033058,42.696285,42217.583231,1916.3496061945018,131.49912475000002,61.91101508902691,26.48782329454057,6.710981001046274,13,14,100-300:300-600,False,True,,2962,99.94996664442962
224,2026-10-07T04:30:07.153+00:00,2026-10-07T04:30:52.050+00:00,2026-10-07T04:31:20.604+00:00,True,453,453.0,,453.0,44897.527626,73451.56282600001,73451.562855,162.14473036423843,38.590751,44897.527626,2106.6792418298733,131.0621942,63.17264424778761,27.37602487794181,6.167329632905365,13,14,100-300:300-600,False,True,,1870,99.94996664442962
225,2026-10-07T04:30:10.904+00:00,2026-10-07T04:30:57.141+00:00,2026-10-07T04:31:22.017+00:00,True,393,393.0,,393.0,46237.111902000004,71113.609822,71113.60989200001,180.950661302799,39.054249000000006,46237.111902000004,2329.3166939582775,130.07991040000002,63.46045387755102,27.682806203111763,5.526368313796664,13,14,100-300:300-600,False,True,,1830,99.94996664442962
226,2026-10-07T04:30:13.673+00:00,2026-10-07T04:30:59.930+00:00,2026-10-07T04:31:27.378+00:00,True,440,440.0,,440.0,46257.232382,73704.968446,73704.968349,167.51129170227273,41.173801,46257.232382,2202.4101995883066,126.77455665,62.523316774487476,26.895494997418602,5.969746806449912,13,14,100-300:300-600,False,True,,2580,99.94996664442962
227,2026-10-07T04:30:17.854+00:00,2026-10-07T04:31:02.963+00:00,2026-10-07T04:31:28.514+00:00,True,414,414.0,,414.0,45108.755487999995,70659.40969599999,70659.409678,170.67490260386472,41.926402,45108.755487999995,2214.0926424819913,127.04946995000002,61.86599081840194,26.550118499913367,5.859092253687996,13,14,100-300:300-600,False,True,,2017,99.94996664442962
228,2026-10-07T04:30:21.738+00:00,2026-10-07T04:31:07.360+00:00,2026-10-07T04:32:33.198+00:00,True,1422,1422.0,,1422.0,45622.136531000004,131460.218067,131460.218076,92.44741074261604,0.012734,45622.136531000004,1209.9364813791096,124.78150095000001,60.40681318508093,64.2195072912255,10.816960605338899,13,14,1-100:1000-1500,False,True,,5856,99.94996664442962
229,2026-10-07T04:30:24.739+00:00,2026-10-07T04:31:10.832+00:00,2026-10-07T04:31:29.305+00:00,True,300,300.0,,300.0,46092.912441,64566.473272999996,64566.473458,215.22157819333333,39.563614,46092.912441,2657.7332134251747,123.90425094999999,61.784484387959864,25.79903189872608,4.64637426813665,13,14,100-300:300-600,False,True,,1592,99.94996664442962
230,2026-10-07T04:30:29.553+00:00,2026-10-07T04:31:14.764+00:00,2026-10-07T04:32:16.781+00:00,True,1037,1037.0,,1037.0,45211.086516999996,107227.78872499999,107227.78868299999,103.4019177270974,38.564522,45211.086516999996,1402.3206521328048,124.54468940000001,59.86168166795367,24.674061108876295,9.671000515169862,13,14,1-100:1000-1500,False,True,,3666,99.94996664442962
231,2026-10-07T04:30:32.364+00:00,2026-10-07T04:31:15.553+00:00,2026-10-07T04:31:35.339+00:00,True,335,335.0,,335.0,43188.578461000005,62974.801565,62974.801530000004,187.9844821791045,40.320532,43188.578461000005,2356.536131079221,123.7596759,59.24018893413174,24.66129660345461,5.319588020523205,13,14,100-300:300-600,False,True,,1636,99.94996664442962
232,2026-10-07T04:30:35.940+00:00,2026-10-07T04:31:19.145+00:00,2026-10-07T04:31:52.085+00:00,True,561,561.0,,561.0,43204.903933,76144.577021,76144.576978,135.73008373975046,39.24146,43204.903933,1821.7775939170149,119.09721400000001,58.820844799999996,23.284178970822442,7.367563416174486,13,14,100-300:300-600,False,True,,2609,99.94996664442962
233,2026-10-07T04:30:40.259+00:00,2026-10-07T04:31:23.168+00:00,2026-10-07T04:31:46.542+00:00,True,401,401.0,,401.0,42909.39754,66282.70698,66282.707086,165.29353388029924,40.557266000000006,42909.39754,2139.990687330291,107.688288,58.4332736,22.275533354649443,6.049843439873342,13,14,100-300:300-600,False,True,,1859,99.94996664442962
234,2026-10-07T04:30:44.071+00:00,2026-10-07T04:31:26.871+00:00,2026-10-07T04:31:54.628+00:00,True,474,474.0,,474.0,42799.204185999995,70557.063514,70557.063409,148.85456415400844,42.119253,42799.204185999995,1963.2729625703141,121.1136636,58.684692025369976,23.122908563077438,6.7179666555418445,13,14,100-300:300-600,False,True,,2436,99.94996664442962
235,2026-10-07T04:30:48.627+00:00,2026-10-07T04:31:30.615+00:00,2026-10-07T04:31:50.707+00:00,True,348,348.0,,348.0,41987.602063,62079.213199,62079.213158,178.38854355747125,40.293161,41987.602063,2247.777543035728,114.4568922,57.900896645533145,22.23224660895955,5.6057411501730465,13,14,100-300:300-600,False,True,,1487,99.94996664442962
236,2026-10-07T04:30:52.812+00:00,2026-10-07T04:31:35.869+00:00,2026-10-07T04:32:41.707+00:00,True,1086,1086.0,,1086.0,43057.55703,108895.55741400001,108895.557376,100.27215227992633,0.012263,43057.55703,1306.7511519530424,127.02169450000001,60.68018468571428,72.61181978637413,9.972858634363167,13,14,1-100:1000-1500,False,True,,1086,99.94996664442962
237,2026-10-07T04:30:55.665+00:00,2026-10-07T04:31:38.664+00:00,2026-10-07T04:33:02.644+00:00,True,1374,1374.0,,1374.0,42998.959074,126979.281634,126979.281537,92.41577986681223,0.013175000000000001,42998.959074,1160.1697899180847,129.04336435000002,61.165566321922796,64.66658701728022,10.820662885464753,13,14,1-100:1000-1500,False,True,,5802,99.94996664442962
238,2026-10-07T04:30:59.272+00:00,2026-10-07T04:31:42.008+00:00,2026-10-07T04:32:15.776+00:00,True,562,562.0,,562.0,42735.96631,76503.580262,76503.58032000001,136.12736711743773,36.952281,42735.96631,1800.3467608630958,129.21243125,60.19182522638146,25.328767169018647,7.34606142712971,13,14,100-300:300-600,False,True,,2799,99.94996664442962
239,2026-10-07T04:31:03.004+00:00,2026-10-07T04:31:44.927+00:00,2026-10-07T04:32:04.991+00:00,True,342,342.0,,342.0,41923.410854,61986.913446000006,61986.913570000004,181.24828529239767,37.993913,41923.410854,2263.9033966820166,125.24197134999999,58.83725100293255,23.969454670763568,5.51729358645892,13,14,100-300:300-600,False,True,,1740,99.94996664442962
240,2026-10-07T04:31:07.702+00:00,2026-10-07T04:31:50.544+00:00,2026-10-07T04:32:55.158+00:00,True,1042,1042.0,,1042.0,42842.027935000006,107455.582111,107455.58193500001,103.12435886276393,0.012603,42842.027935000006,1327.248540705947,131.60275380000002,62.068736,72.35911024943586,9.69702996837921,13,14,1-100:1000-1500,False,True,,4366,99.94996664442962
241,2026-10-07T04:31:11.651+00:00,2026-10-07T04:31:53.962+00:00,2026-10-07T04:32:12.868+00:00,True,315,315.0,,315.0,42311.340428,61216.504460000004,61216.504312000005,194.33810892698415,40.733005,42311.340428,2380.714801759708,130.8864345,60.20752876433121,25.21914186573053,5.1456711352381586,13,14,100-300:300-600,False,True,,1229,99.94996664442962
242,2026-10-07T04:31:14.439+00:00,2026-10-07T04:31:58.205+00:00,2026-10-07T04:32:21.103+00:00,True,371,371.0,,371.0,43766.140615000004,66664.770759,66664.770785,179.68940912398924,44.089124000000005,43766.140615000004,2269.167639460223,131.56641299999998,61.88818957837838,26.635717970796243,5.565158265393323,13,14,100-300:300-600,False,True,,1728,99.94996664442962
243,2026-10-07T04:31:17.588+00:00,2026-10-07T04:32:01.537+00:00,2026-10-07T04:32:37.941+00:00,True,593,593.0,,593.0,43948.794982,80352.51850199999,80352.518349,135.50171728330523,0.013075,43948.794982,1804.6455982425234,130.735973,61.492776216216214,93.31489892921506,7.379980255195611,13,14,100-300:300-600,False,True,,2780,99.94996664442962
244,2026-10-07T04:31:22.070+00:00,2026-10-07T04:32:06.793+00:00,2026-10-07T04:32:40.819+00:00,True,554,554.0,,554.0,44723.424321000006,78749.191233,78749.191192,142.14655449819494,0.012443,44723.424321000006,1900.072206869801,126.95973129999999,61.529415754068715,98.88322101692934,7.03499288469956,13,14,100-300:300-600,False,True,,2801,99.94996664442962
245,2026-10-07T04:31:25.570+00:00,2026-10-07T04:32:11.544+00:00,2026-10-07T04:32:33.729+00:00,True,362,362.0,,362.0,45973.630314999995,68158.97175499999,68158.971637,188.28445203591158,0.013124,45973.630314999995,2416.008908591578,129.05309985,61.45523944598338,118.88300347588687,5.311112985994312,13,14,100-300:300-600,False,True,,1350,99.94996664442962
246,2026-10-07T04:31:29.069+00:00,2026-10-07T04:32:14.153+00:00,2026-10-07T04:32:44.509+00:00,True,491,491.0,,491.0,45084.319455,75440.627167,75440.627026,153.64689821995927,0.013605,45084.319455,2034.3760742430925,132.6225215,61.951648391836734,101.83268837222545,6.508429455565,13,14,100-300:300-600,False,True,,2452,99.94996664442962
247,2026-10-07T04:31:31.891+00:00,2026-10-07T04:32:18.110+00:00,2026-10-07T04:32:49.942+00:00,True,516,516.0,,516.0,46218.389744,78050.35672,78050.356639,151.26038108333333,0.013977,46218.389744,2034.4410457597157,131.18751025,61.809644613592226,101.14417104864923,6.611116485362298,13,14,100-300:300-600,False,True,,2359,99.94996664442962
248,2026-10-07T04:31:35.697+00:00,2026-10-07T04:32:24.313+00:00,2026-10-07T04:32:51.195+00:00,True,458,458.0,,458.0,48616.247608000005,75497.389112,75497.38908400001,164.84146088209607,0.012853999999999999,48616.247608000005,2269.134866322872,133.54194084999997,58.82087856455142,29.804774455805173,6.066434950757824,13,14,100-300:300-600,False,True,,2050,99.94996664442962
249,2026-10-07T04:31:40.236+00:00,2026-10-07T04:32:26.797+00:00,2026-10-07T04:32:50.525+00:00,True,382,382.0,,382.0,46561.285575999995,70288.777672,70288.77784099999,184.00203623298427,38.609801,46561.285575999995,2379.2472667386432,133.9115506,62.27688214173228,26.84156283852225,5.434722478495629,13,14,100-300:300-600,False,True,,1432,99.94996664442962
250,2026-10-07T04:31:44.706+00:00,2026-10-07T04:32:33.366+00:00,2026-10-07T04:33:00.358+00:00,True,430,430.0,,430.0,48660.02353499999,75651.760879,75651.76073699999,175.93432729534882,43.703286,48660.02353499999,2343.72111293189,133.12811684999997,62.91780266666667,27.466351616499878,5.6839390782688675,13,14,100-300:300-600,False,True,,2528,99.94996664442962
251,2026-10-07T04:31:48.742+00:00,2026-10-07T04:32:38.096+00:00,2026-10-07T04:33:04.893+00:00,True,429,429.0,,429.0,49354.14933,76151.200466,76151.200486,177.50862584149183,41.474585,49354.14933,2379.973548834473,132.30784459999998,62.60993256074766,27.246347467299344,5.633529049769084,13,14,100-300:300-600,False,True,,1026,99.94996664442962
252,2026-10-07T04:31:53.473+00:00,2026-10-07T04:32:42.758+00:00,2026-10-07T04:33:01.637+00:00,True,303,303.0,,303.0,49284.894817,68164.688481,68164.688515,224.96596869636963,43.585284,49284.894817,2827.880192793821,132.23247219999996,62.51587305960265,26.993251479885036,4.445116771632533,13,14,100-300:300-600,False,True,,1422,99.94996664442962
253,2026-10-07T04:31:56.806+00:00,2026-10-07T04:32:46.020+00:00,2026-10-07T04:33:12.473+00:00,True,424,424.0,,424.0,49214.579376999995,75667.137969,75667.137899,178.4602308938679,42.418218,49214.579376999995,2387.186735898219,130.87558205000002,62.53559950827424,27.01244341309697,5.6034893268159305,13,14,100-300:300-600,False,True,,1973,99.94996664442962
254,2026-10-07T04:32:00.161+00:00,2026-10-07T04:32:48.816+00:00,2026-10-07T04:33:14.652+00:00,True,410,410.0,,410.0,48655.018828,74490.659916,74490.65989,181.68453631707317,42.278822,48655.018828,2399.939630273901,129.7212665,63.1678266210269,27.6730795816257,5.50404574831717,13,14,100-300:300-600,False,True,,1710,99.94996664442962
255,2026-10-07T04:32:04.677+00:00,2026-10-07T04:32:52.791+00:00,2026-10-07T04:33:26.706+00:00,True,556,556.0,,556.0,48113.728431,82028.452783,82028.452886,147.5331886438849,42.980768,48113.728431,2038.046686855583,127.31918750000001,61.107611445045045,25.69057789007482,6.7781358923208685,13,14,100-300:300-600,False,True,,2928,99.94996664442962
256,2026-10-07T04:32:09.022+00:00,2026-10-07T04:32:58.046+00:00,2026-10-07T04:33:58.665+00:00,True,1002,1002.0,,1002.0,49023.775022,109643.413038,109643.412954,109.42456382634731,40.490182,49023.775022,1547.0140993309708,126.43522139999999,60.559078937062935,25.337168684849818,9.138715881206004,13,14,1-100:1000-1500,False,True,,2731,99.94996664442962
257,2026-10-07T04:32:11.843+00:00,2026-10-07T04:33:03.583+00:00,2026-10-07T04:34:18.594+00:00,True,1234,1234.0,,1234.0,51740.551479,126751.05592700001,126751.05579500001,102.7156043719611,39.253624,51740.551479,1471.3959545245805,126.4473611,60.83577003081914,25.858444641604702,9.735619091889065,13,14,1-100:1000-1500,False,True,,5389,99.94996664442962
258,2026-10-07T04:32:16.355+00:00,2026-10-07T04:33:08.365+00:00,2026-10-07T04:33:37.785+00:00,True,483,483.0,,483.0,52009.816803999995,81429.791204,81429.791312,168.5917004389234,39.756458,52009.816803999995,2363.8912766108137,126.83511840000001,61.03729128630705,25.750111690290943,5.9314900954366445,13,14,100-300:300-600,False,True,,1773,99.94996664442962
259,2026-10-07T04:32:20.569+00:00,2026-10-07T04:33:11.343+00:00,2026-10-07T04:33:39.736+00:00,True,471,471.0,,471.0,50773.950525,79166.486845,79166.487,168.08171337579617,38.880416,50773.950525,2336.891276368477,125.937183,60.40965174468085,25.113706167349388,5.9494871980636255,13,14,100-300:300-600,False,True,,2510,99.94996664442962
260,2026-10-07T04:32:24.343+00:00,2026-10-07T04:33:13.561+00:00,2026-10-07T04:33:37.982+00:00,True,412,412.0,,412.0,49218.502569,73639.839913,73639.840041,178.7374758276699,37.945994,49218.502569,2422.0166873123353,125.5587963,59.41931227250608,24.387707620270955,5.594797605300981,13,14,100-300:300-600,False,True,,2150,99.94996664442962
261,2026-10-07T04:32:26.285+00:00,2026-10-07T04:33:14.648+00:00,2026-10-07T04:34:19.963+00:00,True,1088,1088.0,,1088.0,48363.094452,113678.419636,113678.419746,104.48384167830882,41.285733,48363.094452,1464.6179027662668,126.43677414999998,60.087695661453544,25.275531242104535,9.570857894434074,13,14,1-100:1000-1500,False,True,,4254,99.94996664442962
262,2026-10-07T04:32:30.944+00:00,2026-10-07T04:33:19.176+00:00,2026-10-07T04:33:37.230+00:00,True,310,310.0,,310.0,48231.664879,66285.936367,66285.936243,213.82560078387098,42.116150000000005,48231.664879,2736.1489501711812,114.97065355,58.42806306796116,22.590372063928886,4.676708469254292,13,14,100-300:300-600,False,True,,1375,99.94996664442962
263,2026-10-07T04:32:35.229+00:00,2026-10-07T04:33:23.463+00:00,2026-10-07T04:33:56.719+00:00,True,559,559.0,,559.0,48234.068655,81490.515375,81490.515455,145.77909741502683,41.123538999999994,48234.068655,2037.7085253248795,125.38219109999999,59.59936688172043,24.378764478440992,6.8596940076721165,13,14,100-300:300-600,False,True,,2721,99.94996664442962
264,2026-10-07T04:32:38.183+00:00,2026-10-07T04:33:26.170+00:00,2026-10-07T04:33:51.112+00:00,True,421,421.0,,421.0,47987.055677000004,72929.631293,72929.631296,173.22952801900237,36.312363,47987.055677000004,2335.979431059405,125.04180000000001,59.3870848,24.462977587413203,5.772687898401713,13,14,100-300:300-600,False,True,,1823,99.94996664442962
265,2026-10-07T04:32:42.080+00:00,2026-10-07T04:33:32.168+00:00,2026-10-07T04:34:40.951+00:00,True,1133,1133.0,,1133.0,50088.571011,118871.05165099999,118871.05171,104.91708006178288,30.291832,50088.571011,1486.4886435237265,126.0468794,60.76190869257951,25.740843160474036,9.531336555568101,13,14,1-100:1000-1500,False,True,,4933,99.94996664442962
266,2026-10-07T04:32:46.136+00:00,2026-10-07T04:33:36.383+00:00,2026-10-07T04:34:12.336+00:00,True,591,591.0,,591.0,50247.00967,86199.782278,86199.782193,145.8541153857868,39.177121,50247.00967,2064.5461999227778,126.92041549999998,60.93690272542373,26.28233653682798,6.856165809027057,13,14,100-300:300-600,False,True,,1254,99.94996664442962
267,2026-10-07T04:32:50.543+00:00,2026-10-07T04:33:39.292+00:00,2026-10-07T04:34:12.808+00:00,True,555,555.0,,555.0,48748.759702,82265.12808600001,82265.128043,148.22545593333334,40.213404000000004,48748.759702,2066.8662363716144,127.46392459999998,60.49885989891697,26.112753532235203,6.746479497604412,13,14,100-300:300-600,False,True,,2684,99.94996664442962
268,2026-10-07T04:32:54.505+00:00,2026-10-07T04:33:41.893+00:00,2026-10-07T04:34:08.834+00:00,True,447,447.0,,447.0,47387.490447,74328.922767,74328.922714,166.28394343176734,38.694509,47387.490447,2238.644039883324,127.9817022,60.406798923766814,25.92612926814481,6.013809744037562,13,14,100-300:300-600,False,True,,1804,99.94996664442962
269,2026-10-07T04:32:58.290+00:00,2026-10-07T04:33:45.345+00:00,2026-10-07T04:35:02.026+00:00,True,1278,1278.0,,1278.0,47055.415022,123736.432878,123736.43279600001,96.82036994992175,27.753065,47055.415022,1314.8312390756266,125.88417514999999,60.047782189506655,25.30650869940806,10.328405064497579,13,14,1-100:1000-1500,False,True,,5568,99.94996664442962
270,2026-10-07T04:33:02.814+00:00,2026-10-07T04:33:50.031+00:00,2026-10-07T04:34:11.320+00:00,True,356,356.0,,356.0,47216.504609999996,68505.932322,68505.932302,192.43239410674155,41.023000999999994,47216.504609999996,2499.4212310742587,126.88535449999999,59.97021890704225,25.51865319380099,5.196630246949784,13,14,100-300:300-600,False,True,,1581,99.94996664442962
271,2026-10-07T04:33:06.185+00:00,2026-10-07T04:33:54.011+00:00,2026-10-07T04:34:27.968+00:00,True,560,560.0,,560.0,47825.722108999995,81783.364349,81783.364302,146.04172196785714,40.231809,47825.722108999995,2018.6045653564245,127.4095484,60.74712386404293,25.9083609853464,6.847358316176282,13,14,100-300:300-600,False,True,,2919,99.94996664442962
272,2026-10-07T04:33:09.862+00:00,2026-10-07T04:33:57.433+00:00,2026-10-07T04:34:28.815+00:00,True,517,517.0,,517.0,47571.749402999994,78953.05269899999,78953.05286299999,152.71383532495165,41.413282,47571.749402999994,2089.6876308763976,125.46345,60.81647925581396,25.81824382796021,6.5481951910207545,13,14,100-300:300-600,False,True,,2249,99.94996664442962
273,2026-10-07T04:33:14.426+00:00,2026-10-07T04:34:03.109+00:00,2026-10-07T04:34:23.346+00:00,True,333,333.0,,333.0,48683.024637999995,68919.694334,68919.69439199999,206.96604922522522,39.877716,48683.024637999995,2664.5998987797416,125.7723164,60.95382438554217,26.037186218278695,4.831710343725681,13,14,100-300:300-600,False,True,,1343,99.94996664442962
274,2026-10-07T04:33:18.205+00:00,2026-10-07T04:34:05.180+00:00,2026-10-07T04:34:29.351+00:00,True,400,400.0,,400.0,46975.657994999994,71145.94509899999,71145.944997,177.86486249249998,42.610585,46975.657994999994,2345.894292643895,125.99712475,60.57716066165414,25.683874332286617,5.622245926221062,13,14,100-300:300-600,False,True,,1708,99.94996664442962
275,2026-10-07T04:33:22.184+00:00,2026-10-07T04:34:08.960+00:00,2026-10-07T04:34:44.972+00:00,True,598,598.0,,598.0,46775.298023,82787.329255,82787.329342,138.44035007023413,28.576297999999998,46775.298023,1910.4795258152162,124.19794664999999,60.32166035510888,24.906242027218074,7.223327595918108,13,14,100-300:300-600,False,True,,2351,99.94996664442962
276,2026-10-07T04:33:26.259+00:00,2026-10-07T04:34:13.060+00:00,2026-10-07T04:34:37.927+00:00,True,415,415.0,,415.0,46800.699697,71667.677233,71667.67715799999,172.69319797108432,23.244717,46800.699697,2294.5424610673786,123.9061607,60.06516313043478,24.915506225991415,5.790616021373017,13,14,100-300:300-600,False,True,,1363,99.94996664442962
277,2026-10-07T04:33:29.329+00:00,2026-10-07T04:34:15.929+00:00,2026-10-07T04:35:42.076+00:00,True,1409,1409.0,,1409.0,46599.422323,132747.256435,132747.256602,94.21380880198723,27.494922,46599.422323,1240.082944365781,126.45184799999998,61.18454127272727,26.120738718104594,10.614155334275553,13,14,1-100:1000-1500,False,True,,1884,99.94996664442962
278,2026-10-07T04:33:33.936+00:00,2026-10-07T04:34:20.243+00:00,2026-10-07T04:34:52.701+00:00,True,543,543.0,,543.0,46306.883546,78764.62921,78764.62935999999,145.05456604051565,27.392920999999998,46306.883546,1984.8026470296977,123.03148019999999,59.88513960147601,24.745949584768006,6.8939574203068865,13,14,100-300:300-600,False,True,,1946,99.94996664442962
279,2026-10-07T04:33:38.477+00:00,2026-10-07T04:34:24.018+00:00,2026-10-07T04:35:35.695+00:00,True,1173,1173.0,,1173.0,45541.212759999995,117218.34991199999,117218.34997099999,99.93039213213981,29.093618,45541.212759999995,1328.1785842967345,127.83146240000002,61.15796685324232,26.20904363597601,10.006965640453164,13,14,1-100:1000-1500,False,True,,6439,99.94996664442962
280,2026-10-07T04:33:42.845+00:00,2026-10-07T04:34:28.134+00:00,2026-10-07T04:35:29.911+00:00,True,1019,1019.0,,1019.0,45289.860411,107066.864443,107066.864375,105.07052441118744,24.786507,45289.860411,1417.1078338008524,126.021494,60.684679795677795,25.692251185736023,9.517417039353878,13,14,1-100:1000-1500,False,True,,1019,99.94996664442962
281,2026-10-07T04:33:47.702+00:00,2026-10-07T04:34:34.884+00:00,2026-10-07T04:35:41.345+00:00,True,1078,1078.0,,1078.0,47181.83067,113643.24174200001,113643.241636,105.42044678664193,39.535405,47181.83067,1435.3967582004518,127.93563245000001,61.70975958402971,26.67664728955148,9.48582584829235,13,14,1-100:1000-1500,False,True,,1616,99.94996664442962
282,2026-10-07T04:33:51.944+00:00,2026-10-07T04:34:37.214+00:00,2026-10-07T04:34:58.903+00:00,True,362,362.0,,362.0,45270.488158,66959.575902,66959.576068,184.97120460773482,41.085649,45270.488158,2376.34186275231,125.25526605,60.08057546814405,25.420714616666938,5.406246905294206,13,14,100-300:300-600,False,True,,1601,99.94996664442962
283,2026-10-07T04:33:55.405+00:00,2026-10-07T04:34:39.965+00:00,2026-10-07T04:35:00.411+00:00,True,346,346.0,,346.0,44560.128757,65006.425589,65006.425511,187.87984251734105,42.229433,44560.128757,2392.5074510230997,123.38899825,59.26462849855073,24.606597410363673,5.322550761175031,13,14,100-300:300-600,False,True,,866,99.94996664442962
284,2026-10-07T04:33:59.870+00:00,2026-10-07T04:34:43.951+00:00,2026-10-07T04:35:06.081+00:00,True,372,372.0,,372.0,44081.143677,66211.193725,66211.193721,177.9870798951613,39.398989,44081.143677,2282.5454778512562,123.88306135,59.64973058760108,25.072820098161465,5.6183853374560195,13,14,100-300:300-600,False,True,,1935,99.94996664442962
285,2026-10-07T04:34:02.606+00:00,2026-10-07T04:34:45.814+00:00,2026-10-07T04:35:20.138+00:00,True,571,571.0,,571.0,43208.033195,77531.695787,77531.695832,135.78230443432574,39.622758999999995,43208.033195,1805.8629410163717,127.9574815,60.21695191578947,25.732893696445625,7.364729923729354,13,14,100-300:300-600,False,True,,1887,99.94996664442962
286,2026-10-07T04:34:06.187+00:00,2026-10-07T04:34:50.112+00:00,2026-10-07T04:35:10.591+00:00,True,342,342.0,,342.0,43924.330747,64403.247611,64403.247567,188.31358937719298,41.342039,43924.330747,2372.04148780568,126.29917209999999,60.0554746744868,25.167881090220174,5.310291214904305,13,14,100-300:300-600,False,True,,1389,99.94996664442962
287,2026-10-07T04:34:09.643+00:00,2026-10-07T04:34:54.061+00:00,2026-10-07T04:35:25.818+00:00,True,523,523.0,,523.0,44417.592626000005,76174.72645,76174.726601,145.64957285086044,39.503775999999995,44417.592626000005,1939.7564627984755,128.91448839999998,60.837421118773946,25.77921539366811,6.86579426502161,13,14,100-300:300-600,False,True,,2078,99.94996664442962
288,2026-10-07T04:34:12.945+00:00,2026-10-07T04:34:57.496+00:00,2026-10-07T04:35:27.245+00:00,True,489,489.0,,489.0,44550.845121,74299.704513,74299.704513,151.9421360184049,39.261521,44550.845121,2012.0768053553309,131.84711879999998,60.960777442622955,26.540411369110203,6.581452822796099,13,14,100-300:300-600,False,True,,2312,99.94996664442962
289,2026-10-07T04:34:16.714+00:00,2026-10-07T04:35:01.747+00:00,2026-10-07T04:36:27.906+00:00,True,1414,1414.0,,1414.0,45032.792231,131191.931047,131191.93085,92.78071488684583,0.011231,45032.792231,1198.588541046973,126.54168635000002,60.97603596319887,79.40259349571083,10.778101890225468,13,14,1-100:1000-1500,False,True,,4124,99.94996664442962
290,2026-10-07T04:34:19.674+00:00,2026-10-07T04:35:03.429+00:00,2026-10-07T04:35:31.920+00:00,True,459,459.0,,459.0,43754.541459,72245.835923,72245.835926,157.39833535076252,41.687667000000005,43754.541459,2039.5743277316617,132.948235,62.208066515283846,27.93171603234294,6.3533073447887665,13,14,100-300:300-600,False,True,,1639,99.94996664442962
291,2026-10-07T04:34:23.580+00:00,2026-10-07T04:35:08.449+00:00,2026-10-07T04:35:31.293+00:00,True,366,366.0,,366.0,44869.034168,67713.43916,67713.439126,185.0093965191257,41.017081,44869.034168,2342.2378590789103,133.97919675,62.5874109369863,28.038520395291737,5.4051308653099,13,14,100-300:300-600,False,True,,1621,99.94996664442962
292,2026-10-07T04:34:26.949+00:00,2026-10-07T04:35:12.393+00:00,2026-10-07T04:35:48.482+00:00,True,585,585.0,,585.0,45444.89973700001,81533.566361,81533.56641300001,139.3736178,42.001766,45444.89973700001,1876.5515968042162,130.4858864,61.79566202739726,26.80838305105859,7.174959051954624,13,14,100-300:300-600,False,True,,3135,99.94996664442962
293,2026-10-07T04:34:30.020+00:00,2026-10-07T04:35:16.235+00:00,2026-10-07T04:35:47.084+00:00,True,496,496.0,,496.0,46214.719724,77063.701228,77063.70121700001,155.37036535685485,42.833214,46214.719724,2072.4847030689325,131.182294,62.32117475555555,27.404950356855892,6.436233818208896,13,14,100-300:300-600,False,True,,2358,99.94996664442962
294,2026-10-07T04:34:33.627+00:00,2026-10-07T04:35:19.933+00:00,2026-10-07T04:35:50.006+00:00,True,490,490.0,,490.0,46306.23324,76379.050648,76379.050561,155.87561338979592,40.734161,46306.23324,2089.2919306927247,128.20231925,61.49860410633947,26.503768775903364,6.415371699999399,13,14,100-300:300-600,False,True,,1943,99.94996664442962
295,2026-10-07T04:34:36.822+00:00,2026-10-07T04:35:24.545+00:00,2026-10-07T04:35:55.327+00:00,True,504,504.0,,504.0,47723.063036,78505.199868,78505.199906,155.7642855277778,41.558936,47723.063036,2123.194911176742,127.9890105,61.197091117296225,26.628957254433363,6.419956905369764,13,14,100-300:300-600,False,True,,2672,99.94996664442962
296,2026-10-07T04:34:40.905+00:00,2026-10-07T04:35:28.041+00:00,2026-10-07T04:35:57.695+00:00,True,486,486.0,,486.0,47136.1615,76789.25334,76789.25314,158.00257847736626,39.30923000000001,47136.1615,2135.53075052294,128.33244599999998,61.14039554639176,26.52758149127884,6.329010621422979,13,14,100-300:300-600,False,True,,2270,99.94996664442962
297,2026-10-07T04:34:45.104+00:00,2026-10-07T04:35:31.439+00:00,2026-10-07T04:36:02.779+00:00,True,493,493.0,,493.0,46335.065515,77675.17431500001,77675.174368,157.55613462068965,0.011581,46335.065515,2088.0078744801713,125.6216388,63.6994081300813,130.12436888076704,6.3469442373017735,13,14,100-300:300-600,False,True,,2401,99.94996664442962
298,2026-10-07T04:34:49.499+00:00,2026-10-07T04:35:35.108+00:00,2026-10-07T04:36:54.397+00:00,True,1317,1317.0,,1317.0,45608.877721000004,124898.29775299999,124898.29776,94.83545767653759,0.011321999999999999,45608.877721000004,1257.83924259079,124.67990600000002,60.25031917325228,82.82019985989271,10.54457925923467,13,14,1-100:1000-1500,False,True,,4753,99.94996664442962
299,2026-10-07T04:34:52.709+00:00,2026-10-07T04:35:37.200+00:00,2026-10-07T04:36:52.195+00:00,True,1249,1249.0,,1249.0,44491.347796999995,119486.315861,119486.316053,95.66558531064851,0.011500999999999999,44491.347796999995,1260.0892717408115,123.9550784,60.092121846153844,85.18887887070758,10.453079844331112,13,14,1-100:1000-1500,False,True,,4239,99.94996664442962
300,2026-10-07T04:34:57.006+00:00,2026-10-07T04:35:40.779+00:00,2026-10-07T04:36:45.422+00:00,True,1081,1081.0,,1081.0,43772.728244000005,108416.046004,108416.04606600001,100.29236453839039,0.011131,43772.728244000005,1332.568694396815,123.85668,59.85492385185185,90.05617199241291,9.970848779710307,13,14,1-100:1000-1500,False,True,,1621,99.94996664442962
301,2026-10-07T04:35:00.329+00:00,2026-10-07T04:35:45.436+00:00,2026-10-07T04:36:20.300+00:00,True,587,587.0,,587.0,45106.960754,79970.470002,79970.46995299999,136.23589429812606,0.011401,45106.960754,1863.1866066812042,125.08547619999999,59.494043085324236,120.26229272176093,7.340209454631435,13,14,100-300:300-600,False,True,,1211,99.94996664442962
302,2026-10-07T04:35:03.802+00:00,2026-10-07T04:35:49.958+00:00,2026-10-07T04:36:16.702+00:00,True,448,448.0,,448.0,46156.296266000005,72900.174922,72900.17501800001,162.72360495089288,0.011471,46156.296266000005,2182.14914398309,124.2963884,59.8297061655481,137.0099526172459,6.1453899181907365,13,14,100-300:300-600,False,True,,1632,99.94996664442962
303,2026-10-07T04:35:06.463+00:00,2026-10-07T04:35:52.154+00:00,2026-10-07T04:36:22.636+00:00,True,509,509.0,,509.0,45691.517888999995,76173.29504099999,76173.295082,149.65283906090372,0.010921,45691.517888999995,2026.4778847938267,122.7485404,60.00349833070866,125.73209128678732,6.682131838015313,13,14,100-300:300-600,False,True,,2816,99.94996664442962
304,2026-10-07T04:35:11.255+00:00,2026-10-07T04:35:56.629+00:00,2026-10-07T04:37:00.632+00:00,True,1065,1065.0,,1065.0,45373.9654,109377.753176,109377.753165,102.70211564788733,0.011412,45373.9654,1391.5203457863488,124.09214360000001,60.15393587969925,91.1948039338751,9.736897760976182,13,14,1-100:1000-1500,False,True,,6148,99.94996664442962
305,2026-10-07T04:35:14.120+00:00,2026-10-07T04:35:59.994+00:00,2026-10-07T04:36:19.905+00:00,True,340,340.0,,340.0,45874.566272,65784.965248,65784.965348,193.4851922,0.011430999999999998,45874.566272,2489.336662628362,118.9602709,58.732740342182886,151.8854120306734,5.16835417816591,13,14,100-300:300-600,False,True,,1788,99.94996664442962
306,2026-10-07T04:35:17.390+00:00,2026-10-07T04:36:02.802+00:00,2026-10-07T04:36:35.171+00:00,True,562,562.0,,562.0,45412.183547,77780.946171,77780.946307,138.4002603327402,0.011562,45412.183547,1913.3378264164114,122.95410259999998,57.69832909803922,25.85136643320993,7.225419947508136,13,14,100-300:300-600,False,True,,2969,99.94996664442962
307,2026-10-07T04:35:20.612+00:00,2026-10-07T04:36:03.460+00:00,2026-10-07T04:36:35.119+00:00,True,534,534.0,,534.0,42847.94626,74506.444564,74506.444597,139.52517714794007,41.029635999999996,42847.94626,1851.8026855423425,122.89998094999999,59.396807324577864,24.445758372711065,7.167165244897727,13,14,100-300:300-600,False,True,,2254,99.94996664442962
308,2026-10-07T04:35:24.749+00:00,2026-10-07T04:36:08.076+00:00,2026-10-07T04:36:27.055+00:00,True,320,320.0,,320.0,43327.542151,62306.734471,62306.734424,194.70854507500002,41.154478000000005,43327.542151,2418.8804168290435,123.50358995,59.49590068965517,24.441498989774008,5.135881421436723,13,14,100-300:300-600,False,True,,1242,99.94996664442962
309,2026-10-07T04:35:29.183+00:00,2026-10-07T04:36:13.104+00:00,2026-10-07T04:36:37.532+00:00,True,408,408.0,,408.0,43920.741068999996,68348.854477,68348.854483,167.52170216421567,41.918079,43920.741068999996,2171.5687568320614,123.55269649999998,60.019934663390664,24.643716863900917,5.969375831123777,13,14,100-300:300-600,False,True,,1532,99.94996664442962
310,2026-10-07T04:35:32.623+00:00,2026-10-07T04:36:17.358+00:00,2026-10-07T04:36:43.398+00:00,True,430,430.0,,430.0,44734.940507,70774.468699,70774.468822,164.59178795813952,29.414998999999998,44734.940507,2154.527187670469,124.69607529999999,60.69820091375291,24.931558688779557,6.075637272937601,13,14,100-300:300-600,False,True,,1916,99.94996664442962
311,2026-10-07T04:35:37.393+00:00,2026-10-07T04:36:22.855+00:00,2026-10-07T04:36:42.543+00:00,True,328,328.0,,328.0,45461.736047,65149.067375,65149.067233,198.62520497865853,27.064966000000002,45461.736047,2506.9990893098625,123.50781665000001,60.205906201834864,24.45972577432199,5.034607757499,13,14,100-300:300-600,False,True,,1264,99.94996664442962
312,2026-10-07T04:35:41.421+00:00,2026-10-07T04:36:25.699+00:00,2026-10-07T04:36:56.538+00:00,True,513,513.0,,513.0,44277.961382,75117.32675800001,75117.326597,146.42753722612085,29.406714,44277.961382,1952.4146104560332,123.86934560000002,60.2331355,24.563054514309272,6.829316512456501,13,14,100-300:300-600,False,True,,2427,99.94996664442962
313,2026-10-07T04:35:45.579+00:00,2026-10-07T04:36:28.719+00:00,2026-10-07T04:36:58.085+00:00,True,491,491.0,,491.0,43139.720416000004,72505.32272,72505.322788,147.66868184928717,27.945054,43139.720416000004,1944.3152168245645,125.1697925,59.929800620408166,24.294864663023276,6.771916620468495,13,14,100-300:300-600,False,True,,2028,99.94996664442962
314,2026-10-07T04:35:49.179+00:00,2026-10-07T04:36:32.579+00:00,2026-10-07T04:37:05.789+00:00,True,555,555.0,,555.0,43399.523582,76610.19187000001,76610.191711,138.03638146126127,28.796419999999998,43399.523582,1839.8245499629975,124.51881189999999,59.94705467148014,24.435332122907838,7.244466910378982,13,14,100-300:300-600,False,True,,1651,99.94996664442962
315,2026-10-07T04:35:52.133+00:00,2026-10-07T04:36:35.371+00:00,2026-10-07T04:37:58.236+00:00,True,1370,1370.0,,1370.0,43238.321679,126102.622991,126102.62293,92.04571016788321,25.881177,43238.321679,1166.8115996535835,126.356937,60.52907327392257,25.118849270281967,10.86416735437595,13,14,1-100:1000-1500,False,True,,1370,99.94996664442962
316,2026-10-07T04:35:55.566+00:00,2026-10-07T04:36:40.709+00:00,2026-10-07T04:37:46.199+00:00,True,1072,1072.0,,1072.0,45143.463207,110632.856615,110632.85656100001,103.20229156809701,38.038661,45143.463207,1377.1619173415318,126.23529575,61.14789300466853,25.80522654352709,9.689707314803751,13,14,1-100:1000-1500,False,True,,1140,99.94996664442962
317,2026-10-07T04:35:59.728+00:00,2026-10-07T04:36:43.634+00:00,2026-10-07T04:37:08.026+00:00,True,405,405.0,,405.0,43906.674446000005,68298.501902,68298.501764,168.63827596049384,41.193411999999995,43906.674446000005,2178.8833198452976,123.885648,60.37581053465346,25.013300397023805,5.929851881394493,13,14,100-300:300-600,False,True,,1839,99.94996664442962
318,2026-10-07T04:36:03.753+00:00,2026-10-07T04:36:47.985+00:00,2026-10-07T04:37:16.278+00:00,True,479,479.0,,479.0,44232.362687,72525.753535,72525.75374100001,151.41075937578287,42.124976000000004,44232.362687,2018.465742219555,122.20415040000002,59.191194242677824,23.968905032508214,6.604550475560944,13,14,100-300:300-600,False,True,,1936,99.94996664442962
319,2026-10-07T04:36:07.187+00:00,2026-10-07T04:36:52.145+00:00,2026-10-07T04:38:09.899+00:00,True,1278,1278.0,,1278.0,44958.521861,122712.208901,122712.20884400001,96.01894275743349,26.880860000000002,44958.521861,1256.1643129672752,126.64629615,60.88777371965544,25.3556731117294,10.41461164659701,13,14,1-100:1000-1500,False,True,,5105,99.94996664442962
320,2026-10-07T04:36:10.854+00:00,2026-10-07T04:36:54.633+00:00,2026-10-07T04:37:57.453+00:00,True,1041,1041.0,,1041.0,43779.758734999996,106599.254415,106599.254485,102.40082083093179,25.261205999999998,43779.758734999996,1355.2595741955283,126.710529,60.403361230769235,25.04512762708357,9.765546726502402,13,14,1-100:1000-1500,False,True,,4530,99.94996664442962
321,2026-10-07T04:36:14.724+00:00,2026-10-07T04:36:57.794+00:00,2026-10-07T04:37:28.648+00:00,True,524,524.0,,524.0,43069.118188,73923.684332,73923.684304,141.07573340458015,39.94379,43069.118188,1879.0596025884918,124.91878105000002,58.995346355640535,24.053362276472384,7.088391288056667,13,14,100-300:300-600,False,True,,2112,99.94996664442962
322,2026-10-07T04:36:19.417+00:00,2026-10-07T04:37:02.163+00:00,2026-10-07T04:37:23.597+00:00,True,362,362.0,,362.0,42746.142615000004,64180.034455,64180.03451600001,177.2929130276243,38.877482,42746.142615000004,2243.7019837126936,125.41673305,59.3736616066482,24.66665535785802,5.640383385175919,13,14,100-300:300-600,False,True,,1644,99.94996664442962
323,2026-10-07T04:36:23.479+00:00,2026-10-07T04:37:06.048+00:00,2026-10-07T04:37:41.344+00:00,True,586,586.0,,586.0,42568.874092,77864.9427,77864.942716,132.8753288668942,42.441438999999995,42568.874092,1756.1907232494916,128.32070275,60.335160013675214,25.106641954596807,7.525851553731382,13,14,100-300:300-600,False,True,,2295,99.94996664442962
324,2026-10-07T04:36:27.067+00:00,2026-10-07T04:37:08.244+00:00,2026-10-07T04:37:41.692+00:00,True,553,553.0,,553.0,41177.202273999996,74625.25628999999,74625.25619999999,134.9462137432188,41.720387,41177.202273999996,1748.63880625913,128.505326,60.59430075362319,25.30552554578669,7.410359809700293,13,14,100-300:300-600,False,True,,3401,99.94996664442962
325,2026-10-07T04:36:29.987+00:00,2026-10-07T04:37:12.490+00:00,2026-10-07T04:38:43.272+00:00,True,1476,1476.0,,1476.0,42502.780963,133285.274147,133285.27419999999,90.30167628726286,26.589255,42502.780963,1105.026826020809,130.4384625,61.5474530061017,26.834144685732422,11.073991552676128,13,14,1-100:1000-1500,False,True,,5896,99.94996664442962
326,2026-10-07T04:36:34.274+00:00,2026-10-07T04:37:18.562+00:00,2026-10-07T04:37:45.019+00:00,True,420,420.0,,420.0,44287.573952,70744.892864,70744.892884,168.44022115238096,41.778137,44287.573952,2158.1159756211878,133.11330335,63.14395921718377,28.272063986592002,5.93682431334525,13,14,100-300:300-600,False,True,,1336,99.94996664442962
327,2026-10-07T04:36:38.361+00:00,2026-10-07T04:37:22.005+00:00,2026-10-07T04:37:51.532+00:00,True,485,485.0,,485.0,43643.898559,73170.801599,73170.801617,150.8676322,25.839259,43643.898559,1979.160650428623,128.8002004,61.00599801652893,25.46120876121768,6.628327002045968,13,14,100-300:300-600,False,True,,2146,99.94996664442962
328,2026-10-07T04:36:42.465+00:00,2026-10-07T04:37:28.255+00:00,2026-10-07T04:38:49.937+00:00,True,1316,1316.0,,1316.0,45789.202829,127471.802253,127471.802339,96.86307168617022,23.794146,45789.202829,1260.787864832827,130.15744224999997,62.11604518935361,26.576008343756847,10.32385183813488,13,14,1-100:1000-1500,False,True,,2392,99.94996664442962
329,2026-10-07T04:36:45.647+00:00,2026-10-07T04:37:32.248+00:00,2026-10-07T04:38:51.741+00:00,True,1281,1281.0,,1281.0,46601.022613,126093.97467699999,126093.97447,98.43401597970336,24.992702,46601.022613,1300.5750381062026,130.988334,62.103868799999994,27.022675703621204,10.159089704971123,13,14,1-100:1000-1500,False,True,,7489,99.94996664442962
330,2026-10-07T04:36:48.762+00:00,2026-10-07T04:37:34.072+00:00,2026-10-07T04:38:46.867+00:00,True,1176,1176.0,,1176.0,45309.736481,118105.390625,118105.390474,100.42975380442176,21.832521,45309.736481,1319.7181665990884,130.444697,61.95374820765957,26.50829788839319,9.957208504851003,13,14,1-100:1000-1500,False,True,,6033,99.94996664442962
331,2026-10-07T04:36:52.342+00:00,2026-10-07T04:37:38.030+00:00,2026-10-07T04:38:50.382+00:00,True,1169,1169.0,,1169.0,45687.705801,118039.753673,118039.75377699999,100.97498184516681,24.537689999999998,45687.705801,1334.7153870775692,130.2270622,61.94524646575342,26.540738636497604,9.903443235220788,13,14,1-100:1000-1500,False,True,,1169,99.94996664442962
332,2026-10-07T04:36:56.472+00:00,2026-10-07T04:37:41.849+00:00,2026-10-07T04:38:56.647+00:00,True,1218,1218.0,,1218.0,45376.444813,120174.61082900001,120174.610808,98.66552611494254,21.350077000000002,45376.444813,1298.6920480240365,130.2510345,61.461106011503695,26.151594868796536,10.1352522932912,13,14,1-100:1000-1500,False,True,,3648,99.94996664442962
333,2026-10-07T04:36:59.756+00:00,2026-10-07T04:37:44.644+00:00,2026-10-07T04:38:18.992+00:00,True,559,559.0,,559.0,44888.905253,79236.927525,79236.92737599999,141.74763394633274,22.665712,44888.905253,1896.162801160277,126.32312239999999,61.55559546953405,25.257702865228126,7.05479146479563,13,14,100-300:300-600,False,True,,2546,99.94996664442962
334,2026-10-07T04:37:04.577+00:00,2026-10-07T04:37:51.712+00:00,2026-10-07T04:38:26.341+00:00,True,565,565.0,,565.0,47134.801817,81764.226713,81764.226716,144.71544551504425,41.071072,47134.801817,1980.559814433812,127.40963360000002,61.399689531914895,25.7345717291615,6.910112438086185,13,14,100-300:300-600,False,True,,3010,99.94996664442962
335,2026-10-07T04:37:07.228+00:00,2026-10-07T04:37:56.422+00:00,2026-10-07T04:38:15.758+00:00,True,302,302.0,,302.0,49193.853778,68529.57729799999,68529.577154,226.9191296490066,43.257088,49193.853778,2827.228907912635,132.0193405,64.23828411960133,27.90110069941345,4.406856307996135,13,14,100-300:300-600,False,True,,1634,99.94996664442962
336,2026-10-07T04:37:10.016+00:00,2026-10-07T04:37:58.738+00:00,2026-10-07T04:38:23.475+00:00,True,404,404.0,,404.0,48722.438962,73459.50725,73459.507171,181.83046329455445,41.268321,48722.438962,2421.110436895275,124.09004314999999,61.382303444168734,25.34959407336116,5.499628504518726,13,14,100-300:300-600,False,True,,1809,99.94996664442962
337,2026-10-07T04:37:13.945+00:00,2026-10-07T04:38:03.963+00:00,2026-10-07T04:39:28.709+00:00,True,1379,1379.0,,1379.0,50017.845226000005,134764.066538,134764.066323,97.72593641986947,26.52823,50017.845226000005,1345.5197333881388,126.8883277,61.49943491436865,26.0806977123773,10.232698043518576,13,14,1-100:1000-1500,False,True,,2191,99.94996664442962
338,2026-10-07T04:37:18.176+00:00,2026-10-07T04:38:09.531+00:00,2026-10-07T04:38:38.546+00:00,True,469,469.0,,469.0,51355.401931,80370.354123,80370.354302,171.36536098507463,41.942955000000005,51355.401931,2368.6573150661247,130.17666219999998,61.99776109401709,26.504571612416285,5.835485050647349,13,14,100-300:300-600,False,True,,1810,99.94996664442962
339,2026-10-07T04:37:21.147+00:00,2026-10-07T04:38:10.915+00:00,2026-10-07T04:38:34.462+00:00,True,388,388.0,,388.0,49767.300804,73314.52538,73314.525358,188.9549622628866,40.343328,49767.300804,2523.591745344546,128.2113881,60.84554154005168,25.53016117748644,5.292266409540793,13,14,100-300:300-600,False,True,,1732,99.94996664442962
340,2026-10-07T04:37:23.990+00:00,2026-10-07T04:38:13.676+00:00,2026-10-07T04:39:19.812+00:00,True,1082,1082.0,,1082.0,49685.736603,115822.430107,115822.430225,107.04475991219962,26.433824,49685.736603,1508.8595005833474,128.41334709999998,61.18103006845514,26.27595868668574,9.341886532689896,13,14,1-100:1000-1500,False,True,,3581,99.94996664442962
341,2026-10-07T04:37:27.583+00:00,2026-10-07T04:38:16.676+00:00,2026-10-07T04:38:51.921+00:00,True,577,577.0,,577.0,49092.67707,84337.94042999999,84337.94052999999,146.16627474870018,26.446096,49092.67707,2041.3788222460716,130.545782,61.18969333333334,26.467750012689915,6.841523483477839,13,14,100-300:300-600,False,True,,3063,99.94996664442962
342,2026-10-07T04:37:31.808+00:00,2026-10-07T04:38:19.356+00:00,2026-10-07T04:39:22.858+00:00,True,1039,1039.0,,1039.0,47547.899791,111049.812111,111049.812141,106.88143613185755,28.804987,47547.899791,1473.4385273391117,128.07508850000002,61.17717949903661,26.0074950742692,9.356161710219428,13,14,1-100:1000-1500,False,True,,4646,99.94996664442962
343,2026-10-07T04:37:34.524+00:00,2026-10-07T04:38:24.131+00:00,2026-10-07T04:39:36.243+00:00,True,1179,1179.0,,1179.0,49607.465221,121719.16698099999,121719.166964,103.23932736556404,27.756111,49607.465221,1443.1914082957103,126.56938480000001,61.21536651952462,25.92965593983408,9.686231258746936,13,14,1-100:1000-1500,False,True,,4245,99.94996664442962
344,2026-10-07T04:37:39.085+00:00,2026-10-07T04:38:29.513+00:00,2026-10-07T04:38:49.721+00:00,True,326,326.0,,326.0,50427.266107,70635.644987,70635.64496800001,216.67375757055217,25.210240000000002,50427.266107,2789.5949765936907,130.352462,62.17962732307693,27.058323316410448,4.615233570246269,13,14,100-300:300-600,False,True,,1547,99.94996664442962
345,2026-10-07T04:37:42.045+00:00,2026-10-07T04:38:32.715+00:00,2026-10-07T04:39:04.699+00:00,True,520,520.0,,520.0,50670.201032,82653.987272,82653.987423,158.94997581346152,29.158198,50670.201032,2219.492791484749,129.4876606,61.6257923699422,26.67164359098703,6.291287536906959,13,14,100-300:300-600,False,True,,2477,99.94996664442962
346,2026-10-07T04:37:44.928+00:00,2026-10-07T04:38:36.371+00:00,2026-10-07T04:39:01.083+00:00,True,400,400.0,,400.0,51443.00271,76155.146838,76155.14689,190.387867225,24.371609,51443.00271,2569.1943366322676,130.59980305,61.93519831578948,26.94648166173088,5.252435542549665,13,14,100-300:300-600,False,True,,1896,99.94996664442962
347,2026-10-07T04:37:49.006+00:00,2026-10-07T04:38:39.010+00:00,2026-10-07T04:39:11.557+00:00,True,535,535.0,,535.0,50003.626666000004,82550.782122,82550.782099,154.30052728785049,26.352310000000003,50003.626666000004,2159.364375268235,128.1813865,60.949729318352055,25.826485018396003,6.480859251089047,13,14,100-300:300-600,False,True,,2317,99.94996664442962
348,2026-10-07T04:37:53.145+00:00,2026-10-07T04:38:42.770+00:00,2026-10-07T04:39:17.412+00:00,True,567,567.0,,567.0,49625.533972000005,84267.19874,84267.198678,148.61939802116402,38.670082,49625.533972000005,2081.665374814274,126.6910763,61.204354713780916,25.765864796666516,6.728596755060472,13,14,100-300:300-600,False,True,,1637,99.94996664442962
349,2026-10-07T04:37:55.844+00:00,2026-10-07T04:38:46.763+00:00,2026-10-07T04:39:12.310+00:00,True,420,420.0,,420.0,50919.649699,76466.606499,76466.606504,182.06334881904763,39.277260000000005,50919.649699,2481.786640621648,126.88502899999999,60.971257279236276,26.130726105150696,5.492593685395108,13,14,100-300:300-600,False,True,,1969,99.94996664442962
350,2026-10-07T04:38:00.750+00:00,2026-10-07T04:38:52.044+00:00,2026-10-07T04:39:20.926+00:00,True,476,476.0,,476.0,51293.893281000004,80175.748769,80175.748936,168.4364473445378,38.621882,51293.893281000004,2348.399854487671,124.19605975,60.803906290526314,25.211844859514226,5.936957338202568,13,14,100-300:300-600,False,True,,2268,99.94996664442962
351,2026-10-07T04:38:04.037+00:00,2026-10-07T04:38:55.397+00:00,2026-10-07T04:40:09.230+00:00,True,1222,1222.0,,1222.0,51359.777740000005,125192.578508,125192.57871300001,102.44891875040916,40.178699,51359.777740000005,1467.7011161138394,123.42123355,60.4691242981163,24.75167750400046,9.760961988029603,13,14,1-100:1000-1500,False,True,,2442,99.94996664442962
352,2026-10-07T04:38:07.592+00:00,2026-10-07T04:38:58.737+00:00,2026-10-07T04:40:24.675+00:00,True,1428,1428.0,,1428.0,51144.581301,137082.544565,137082.544525,95.99617963935574,0.011462,51144.581301,1354.6190215479148,123.32825115,60.22281938612474,86.82635195109964,10.41708121578448,13,14,1-100:1000-1500,False,True,,2034,99.94996664442962
353,2026-10-07T04:38:10.967+00:00,2026-10-07T04:39:02.088+00:00,2026-10-07T04:39:29.006+00:00,True,449,449.0,,449.0,51120.415877,78038.593413,78038.593506,173.80533074832962,42.549192000000005,51120.415877,2409.814385103449,124.279143,60.08521771428572,24.90363883282459,5.753563466011981,13,14,100-300:300-600,False,True,,1707,99.94996664442962
354,2026-10-07T04:38:15.714+00:00,2026-10-07T04:39:05.982+00:00,2026-10-07T04:39:26.448+00:00,True,340,340.0,,340.0,50267.744812,70733.79102,70733.790975,208.04056169117646,41.148717,50267.744812,2722.9882871201717,124.06714745,60.371817722713864,24.643228607305346,4.806754948336714,13,14,100-300:300-600,False,True,,1289,99.94996664442962
355,2026-10-07T04:38:20.619+00:00,2026-10-07T04:39:11.731+00:00,2026-10-07T04:39:42.102+00:00,True,506,506.0,,506.0,51112.141832999994,81482.91354499999,81482.913535,161.03342595849801,39.938239,51112.141832999994,2269.670855724215,122.87242475,60.14014200396039,24.55367407503895,6.209890859149937,13,14,100-300:300-600,False,True,,2226,99.94996664442962
356,2026-10-07T04:38:24.315+00:00,2026-10-07T04:39:13.936+00:00,2026-10-07T04:39:33.474+00:00,True,323,323.0,,323.0,49620.990542,69159.757902,69159.757778,214.11689714551085,40.724771999999994,49620.990542,2757.7270735013362,123.6078402,60.67940173913044,25.50686167550383,4.670346019106861,13,14,100-300:300-600,False,True,,1553,99.94996664442962
357,2026-10-07T04:38:28.868+00:00,2026-10-07T04:39:18.957+00:00,2026-10-07T04:39:39.232+00:00,True,340,340.0,,340.0,50089.116808,70363.923592,70363.923536,206.95271628235292,43.075307,50089.116808,2713.330567573104,122.93196015,59.807689628318585,24.505278137692557,4.832021619082313,13,14,100-300:300-600,False,True,,1637,99.94996664442962
358,2026-10-07T04:38:31.821+00:00,2026-10-07T04:39:20.880+00:00,2026-10-07T04:40:24.719+00:00,True,1067,1067.0,,1067.0,49059.973372,112898.51878,112898.518908,105.80929607122775,0.011752,49059.973372,1503.3926521383785,123.3800648,59.88606511069418,99.7821882688036,9.450965446935689,13,14,1-100:1000-1500,False,True,,3669,99.94996664442962
359,2026-10-07T04:38:36.018+00:00,2026-10-07T04:39:24.892+00:00,2026-10-07T04:39:46.842+00:00,True,365,365.0,,365.0,48873.90822,70823.399932,70823.399886,194.03671201643834,40.686771,48873.90822,2555.139707716702,120.0381378,60.30080140659341,24.664818666721352,5.153663906991886,13,14,100-300:300-600,False,True,,1689,99.94996664442962
360,2026-10-07T04:38:38.966+00:00,2026-10-07T04:39:28.216+00:00,2026-10-07T04:39:50.425+00:00,True,371,371.0,,371.0,49250.421406999994,71458.75369499999,71458.75364,192.61119579514823,42.359246,49250.421406999994,2553.9514235784764,118.5099405,60.0225196972973,24.07421485616449,5.191806193311192,13,14,100-300:300-600,False,True,,1217,99.94996664442962
361,2026-10-07T04:38:43.127+00:00,2026-10-07T04:39:32.149+00:00,2026-10-07T04:39:55.728+00:00,True,394,394.0,,394.0,49022.328353,72601.377569,72601.377587,184.26745580456853,42.553760000000004,49022.328353,2466.8088890998383,125.429476,59.99758070229007,24.594858235787758,5.4268942710562795,13,14,100-300:300-600,False,True,,1309,99.94996664442962
362,2026-10-07T04:38:46.064+00:00,2026-10-07T04:39:33.781+00:00,2026-10-07T04:39:51.525+00:00,True,301,301.0,,301.0,47716.434501,65460.519493,65460.51944900001,217.47680880066446,43.214377,47716.434501,2747.0193549651453,114.729657,59.146949973333335,23.35675154993482,4.59819143403204,13,14,100-300:300-600,False,True,,1400,99.94996664442962
363,2026-10-07T04:38:48.800+00:00,2026-10-07T04:39:37.184+00:00,2026-10-07T04:40:54.074+00:00,True,1259,1259.0,,1259.0,48383.697577,125273.739945,125273.739845,99.50257334789515,0.012714,48383.697577,1364.895328715947,127.3524594,61.12086038791733,90.7884207126485,10.049991327414267,13,14,1-100:1000-1500,False,True,,1679,99.94996664442962
364,2026-10-07T04:38:52.712+00:00,2026-10-07T04:39:42.262+00:00,2026-10-07T04:40:08.348+00:00,True,436,436.0,,436.0,49550.179386,75635.99289000001,75635.992954,173.47704805963303,39.505631,49550.179386,2370.2736671617627,123.98854175000001,59.96738736551725,24.11285777810988,5.764451332503688,13,14,100-300:300-600,False,True,,2374,99.94996664442962
365,2026-10-07T04:38:56.632+00:00,2026-10-07T04:39:46.071+00:00,2026-10-07T04:40:08.554+00:00,True,380,380.0,,380.0,49438.673161,71922.240009,71922.24006699999,189.26905280789472,39.524964,49438.673161,2533.2225064160953,126.12872429999999,59.32339537730871,24.202302640216978,5.283483939772296,13,14,100-300:300-600,False,True,,1794,99.94996664442962
366,2026-10-07T04:39:00.649+00:00,2026-10-07T04:39:49.805+00:00,2026-10-07T04:40:18.248+00:00,True,473,473.0,,473.0,49156.506882,77599.014914,77599.014702,164.0571135348837,40.394237000000004,49156.506882,2257.5819024028056,126.73973419999999,60.25955091525424,24.62726386812979,6.095438202716977,13,14,100-300:300-600,False,True,,2063,99.94996664442962
367,2026-10-07T04:39:03.482+00:00,2026-10-07T04:39:52.168+00:00,2026-10-07T04:40:25.273+00:00,True,553,553.0,,553.0,48685.453192,81791.071624,81791.071729,147.904288840868,0.011571,48685.453192,2072.045047311278,126.050346,59.97394643478261,133.22086862595503,6.761129167523133,13,14,100-300:300-600,False,True,,3049,99.94996664442962
368,2026-10-07T04:39:08.047+00:00,2026-10-07T04:39:58.284+00:00,2026-10-07T04:40:34.769+00:00,True,599,599.0,,599.0,50237.496669,86722.106973,86722.106789,144.7781415509182,0.011571999999999999,50237.496669,2054.2735769841174,128.60553380000002,61.01105402006689,130.11596104018983,6.907120005588567,13,14,100-300:300-600,False,True,,1821,99.94996664442962
369,2026-10-07T04:39:11.736+00:00,2026-10-07T04:40:03.996+00:00,2026-10-07T04:40:28.735+00:00,True,409,409.0,,409.0,52259.480741,76998.968741,76998.968776,188.26153734963324,0.011191000000000001,52259.480741,2585.8602150477086,126.18612119999997,60.636,157.56999224641044,5.311759451944684,13,14,100-300:300-600,False,True,,1731,99.94996664442962
370,2026-10-07T04:39:16.060+00:00,2026-10-07T04:40:08.507+00:00,2026-10-07T04:41:22.427+00:00,True,1194,1194.0,,1194.0,52447.007152000006,126367.55268800001,126367.55267100001,105.83547124874373,0.01114,52447.007152000006,1519.0426680643293,130.02938815,61.961899024308465,95.80843022375862,9.448628026752814,13,14,1-100:1000-1500,False,True,,1195,99.94996664442962
371,2026-10-07T04:39:18.938+00:00,2026-10-07T04:40:09.717+00:00,2026-10-07T04:40:30.431+00:00,True,341,341.0,,341.0,50779.029941,71493.435317,71493.435387,209.65816829032258,0.011260999999999998,50779.029941,2751.868904251617,129.24044800000001,60.92472169411765,171.43605992831402,4.769668690391153,13,14,100-300:300-600,False,True,,1662,99.94996664442962
372,2026-10-07T04:39:23.246+00:00,2026-10-07T04:40:14.558+00:00,2026-10-07T04:41:40.538+00:00,True,1392,1392.0,,1392.0,51311.776111,137292.609903,137292.609981,98.62974854956896,0.011071,51311.776111,1376.3702336177585,128.58216499999997,61.81224571675054,86.62983617973313,10.138928824963529,13,14,1-100:1000-1500,False,True,,1392,99.94996664442962
373,2026-10-07T04:39:27.591+00:00,2026-10-07T04:40:20.052+00:00,2026-10-07T04:40:56.924+00:00,True,596,596.0,,596.0,52460.504700000005,89332.38822000001,89332.38815700001,149.88655731040268,0.011392,52460.504700000005,2150.363368054756,132.1138365,61.96955213445378,131.7934620148303,6.671712375272261,13,14,100-300:300-600,False,True,,1944,99.94996664442962
374,2026-10-07T04:39:30.499+00:00,2026-10-07T04:40:24.552+00:00,2026-10-07T04:41:30.824+00:00,True,1067,1067.0,,1067.0,54052.950197,120324.740021,120324.740043,112.76920341424555,0.012632999999999998,54052.950197,1653.0918985475453,131.2690928,62.16865837148218,27.3963001116421,8.867669274114192,13,14,1-100:1000-1500,False,True,,1073,99.94996664442962
375,2026-10-07T04:39:35.409+00:00,2026-10-07T04:40:30.278+00:00,2026-10-07T04:41:00.451+00:00,True,489,489.0,,489.0,54869.387843000004,85042.38342700001,85042.38343100001,173.9108045623722,28.359794,54869.387843000004,2478.627045734488,131.4513638,61.82990898360656,26.707977112086656,5.750074025380008,13,14,100-300:300-600,False,True,,2119,99.94996664442962
376,2026-10-07T04:39:39.226+00:00,2026-10-07T04:40:33.901+00:00,2026-10-07T04:41:01.905+00:00,True,453,453.0,,453.0,54674.966357,82679.663445,82679.663301,182.51581302649006,30.864929,54674.966357,2566.082183305243,132.20141660000002,61.957294442477874,26.755746670420645,5.478977309835614,13,14,100-300:300-600,False,True,,1555,99.94996664442962
377,2026-10-07T04:39:44.040+00:00,2026-10-07T04:40:39.348+00:00,2026-10-07T04:40:59.160+00:00,True,321,321.0,,321.0,55308.415595,75120.28068299999,75120.280826,234.01956643613707,28.183173,55308.415595,3083.674227681688,131.99006899999998,61.9120784,26.684248492619908,4.273146972847288,13,14,100-300:300-600,False,True,,1402,99.94996664442962
378,2026-10-07T04:39:47.749+00:00,2026-10-07T04:40:43.775+00:00,2026-10-07T04:41:04.394+00:00,True,330,330.0,,330.0,56026.305674999996,76644.518283,76644.518252,232.2561159151515,32.488189999999996,56026.305674999996,3080.8181322257583,131.53955520000002,62.66933923404255,27.385040938015376,4.305591676909203,13,14,100-300:300-600,False,True,,1592,99.94996664442962
379,2026-10-07T04:39:52.222+00:00,2026-10-07T04:40:47.835+00:00,2026-10-07T04:41:21.545+00:00,True,547,547.0,,547.0,55612.537582000004,89322.81291000001,89322.81283400001,163.29581870932358,44.23182,55612.537582000004,2375.324800472461,131.1038335,61.740431003663005,26.199538028813702,6.123855509914885,13,14,100-300:300-600,False,True,,2087,99.94996664442962
380,2026-10-07T04:39:56.300+00:00,2026-10-07T04:40:52.618+00:00,2026-10-07T04:41:23.004+00:00,True,494,494.0,,494.0,56317.994642,86703.73006599999,86703.730029,175.51362354048584,41.717526,56317.994642,2531.2249093900705,130.68523184999998,61.63435177281947,25.83697966918843,5.697563410754772,13,14,100-300:300-600,False,True,,2140,99.94996664442962
381,2026-10-07T04:39:59.333+00:00,2026-10-07T04:40:55.338+00:00,2026-10-07T04:41:29.911+00:00,True,557,557.0,,557.0,56005.188799999996,90578.538944,90578.53898,162.61856190305207,42.552461,56005.188799999996,2370.5274363563353,130.0796052,62.18228443165468,26.348704008693954,6.149359511576623,13,14,100-300:300-600,False,True,,1987,99.94996664442962
382,2026-10-07T04:40:02.104+00:00,2026-10-07T04:40:58.372+00:00,2026-10-07T04:41:24.741+00:00,True,424,424.0,,424.0,56268.667469,82637.428557,82637.42859,194.89959573113208,43.768821,56268.667469,2729.7514571224515,130.44691335,62.33749666193853,26.751295869658954,5.130846970964757,13,14,100-300:300-600,False,True,,2175,99.94996664442962
383,2026-10-07T04:40:06.148+00:00,2026-10-07T04:41:03.177+00:00,2026-10-07T04:41:27.723+00:00,True,394,394.0,,394.0,57028.616399,81575.351247,81575.35144299999,207.04403919543148,42.424893,57028.616399,2870.033849751429,129.0171715,62.459885109414756,26.3161158919575,4.829890328109248,13,14,100-300:300-600,False,True,,1797,99.94996664442962
384,2026-10-07T04:40:10.157+00:00,2026-10-07T04:41:07.225+00:00,2026-10-07T04:41:37.320+00:00,True,488,488.0,,488.0,57068.177956,87163.346468,87163.346262,178.61341447131147,42.890235000000004,57068.177956,2580.68847830452,126.8424736,61.79706059958932,26.015846948174158,5.598683618453748,13,14,100-300:300-600,False,True,,2619,99.94996664442962
385,2026-10-07T04:40:13.060+00:00,2026-10-07T04:41:11.735+00:00,2026-10-07T04:41:45.583+00:00,True,556,556.0,,556.0,58675.316446000004,92523.319518,92523.319661,166.40884831115108,41.776477,58675.316446000004,2485.9295811623488,123.0909065,60.987392922522524,25.281889621569967,6.00929584991633,13,14,100-300:300-600,False,True,,2345,99.94996664442962
386,2026-10-07T04:40:16.026+00:00,2026-10-07T04:41:14.837+00:00,2026-10-07T04:41:37.760+00:00,True,368,368.0,,368.0,58811.18925,81734.228738,81734.228825,222.10388267663043,41.518354,58811.18925,3062.600357356399,127.0674444,62.460598059945504,26.130707568257762,4.502397657407745,13,14,100-300:300-600,False,True,,1985,99.94996664442962
387,2026-10-07T04:40:18.985+00:00,2026-10-07T04:41:18.802+00:00,2026-10-07T04:42:47.469+00:00,True,1469,1469.0,,1469.0,59816.5398,148483.83349599998,148483.833498,101.07817120353982,38.634947999999994,59816.5398,1559.2913642968103,126.19751720000001,60.40006382561308,24.966265114229934,9.893332933376707,13,14,1-100:1000-1500,False,True,,2342,99.94996664442962
388,2026-10-07T04:40:24.605+00:00,2026-10-07T04:41:23.155+00:00,2026-10-07T04:41:43.871+00:00,True,342,342.0,,342.0,58549.854581,79265.684597,79265.684608,231.771007625731,42.41267,58549.854581,3162.8251574153883,123.85703425,60.75023465102639,24.757621299895987,4.31460349757635,13,14,100-300:300-600,False,True,,1657,99.94996664442962
389,2026-10-07T04:40:26.645+00:00,2026-10-07T04:41:25.664+00:00,2026-10-07T04:42:45.236+00:00,True,1325,1325.0,,1325.0,59018.433644000004,138590.59262,138590.592597,104.5966736581132,41.401143,59018.433644000004,1619.9002399043193,125.0737032,60.09981795770393,24.835041326698878,9.560533474541108,13,14,1-100:1000-1500,False,True,,4851,99.94996664442962
390,2026-10-07T04:40:31.474+00:00,2026-10-07T04:41:29.424+00:00,2026-10-07T04:42:02.183+00:00,True,556,556.0,,556.0,57949.724552,90709.207432,90709.207301,163.1460562967626,41.564671000000004,57949.724552,2455.2266306443216,121.637656,59.026095279279275,23.696821301444928,6.129476992915018,13,14,100-300:300-600,False,True,,1724,99.94996664442962
391,2026-10-07T04:40:35.511+00:00,2026-10-07T04:41:32.630+00:00,2026-10-07T04:41:50.574+00:00,True,312,312.0,,312.0,57119.216523999996,75063.091852,75063.09182999999,240.58683278846152,41.646921,57119.216523999996,3230.5489300407876,107.55062845,57.69734832154341,22.274557864315256,4.156503446662742,13,14,100-300:300-600,False,True,,1513,99.94996664442962
392,2026-10-07T04:40:40.184+00:00,2026-10-07T04:41:37.567+00:00,2026-10-07T04:42:59.345+00:00,True,1360,1360.0,,1360.0,57382.593864,139160.90708,139160.90722300002,102.3241964875,17.702102999999997,57382.593864,1554.5696625725325,125.75127065000001,60.17535924650478,24.77914167355793,9.772859551843617,13,14,1-100:1000-1500,False,True,,6052,99.94996664442962
393,2026-10-07T04:40:44.638+00:00,2026-10-07T04:41:41.027+00:00,2026-10-07T04:42:46.045+00:00,True,1089,1089.0,,1089.0,56388.35529,121407.112154,121407.112273,111.48495158218549,41.272008,56388.35529,1707.1041972690948,125.89958620000002,59.75988682352941,24.597915949104326,8.96982047162647,13,14,1-100:1000-1500,False,True,,4779,99.94996664442962
394,2026-10-07T04:40:47.891+00:00,2026-10-07T04:41:46.888+00:00,2026-10-07T04:42:15.913+00:00,True,484,484.0,,484.0,58996.535182,88022.053774,88022.053674,181.86374726033057,40.479453,58996.535182,2679.047866252525,126.54403875,60.09424139130435,25.248493440321166,5.498621984470944,13,14,100-300:300-600,False,True,,2224,99.94996664442962
395,2026-10-07T04:40:52.086+00:00,2026-10-07T04:41:50.745+00:00,2026-10-07T04:43:12.440+00:00,True,1348,1348.0,,1348.0,58659.964948,140354.051604,140354.0517,104.12021639465875,25.053981,58659.964948,1596.2517774317494,127.43740495000002,60.64891362731997,25.131668460870177,9.604282773420007,13,14,1-100:1000-1500,False,True,,5438,99.94996664442962
396,2026-10-07T04:40:54.961+00:00,2026-10-07T04:41:53.532+00:00,2026-10-07T04:42:23.607+00:00,True,501,501.0,,501.0,58571.021586,88645.774866,88645.774772,176.9376741956088,40.47355399999999,58571.021586,2614.189269179502,124.955899,60.14950656,24.68209527449792,5.65170760543668,13,14,100-300:300-600,False,True,,2672,99.94996664442962
397,2026-10-07T04:40:58.245+00:00,2026-10-07T04:41:56.768+00:00,2026-10-07T04:42:28.328+00:00,True,528,528.0,,528.0,58522.8,90083.554176,90083.554405,170.61279243371212,43.317815,58522.8,2544.386763544905,126.38244965000001,59.887579081593934,24.22169260612602,5.861225223956243,13,14,100-300:300-600,False,True,,1745,99.94996664442962
398,2026-10-07T04:41:01.121+00:00,2026-10-07T04:41:59.761+00:00,2026-10-07T04:42:30.286+00:00,True,508,508.0,,508.0,58639.528229999996,89164.61955799999,89164.61958099999,175.52090468700786,42.756122000000005,58639.528229999996,2599.154091461638,127.174254,60.20728072583827,24.686187203238198,5.697327062216141,13,14,100-300:300-600,False,True,,2331,99.94996664442962
399,2026-10-07T04:41:03.862+00:00,2026-10-07T04:42:03.892+00:00,2026-10-07T04:42:21.831+00:00,True,301,301.0,,301.0,60030.50361,77969.307834,77969.3079,259.03424551495016,40.360303,60030.50361,3456.739105619852,127.71019,59.79601408,24.279684140660727,3.8604934218582763,13,14,100-300:300-600,False,True,,1276,99.94996664442962
400,2026-10-07T04:41:08.424+00:00,2026-10-07T04:42:08.898+00:00,2026-10-07T04:42:44.440+00:00,True,584,584.0,,584.0,60474.104865,96015.286049,96015.285992,164.40973628767122,39.987182999999995,60474.104865,2500.0447956924518,129.91610145,60.9625749296741,25.632451162128202,6.082364840343902,13,14,100-300:300-600,False,True,,3359,99.94996664442962
401,2026-10-07T04:41:11.614+00:00,2026-10-07T04:42:11.225+00:00,2026-10-07T04:42:37.173+00:00,True,429,429.0,,429.0,59611.023459,85558.81635499999,85558.816271,199.43780016550116,38.260938,59611.023459,2875.2342823166323,129.4412284,60.62568433644859,25.631780146733753,5.014094610893125,13,14,100-300:300-600,False,True,,1763,99.94996664442962
402,2026-10-07T04:41:14.802+00:00,2026-10-07T04:42:13.931+00:00,2026-10-07T04:42:33.564+00:00,True,332,332.0,,332.0,59128.076252,78761.865436,78761.865384,237.2345342891566,43.014827,59128.076252,3241.9065902142675,127.0534999,59.31658363746224,23.819668590431856,4.215237896692217,13,14,100-300:300-600,False,True,,1299,99.94996664442962
403,2026-10-07T04:41:19.122+00:00,2026-10-07T04:42:20.663+00:00,2026-10-07T04:42:55.066+00:00,True,563,563.0,,563.0,61540.483594,95943.83770599999,95943.83776899999,170.41534239609237,19.915682,61540.483594,2591.166047400331,129.082564,61.21593258362989,25.355310481741057,5.868016263068367,13,14,100-300:300-600,False,True,,2457,99.94996664442962
404,2026-10-07T04:41:23.208+00:00,2026-10-07T04:42:23.610+00:00,2026-10-07T04:42:46.779+00:00,True,383,383.0,,383.0,60402.511552,83571.270592,83571.270518,218.2017506997389,44.319852,60402.511552,3083.427915260879,131.1539234,60.65120167539267,25.221709937186734,4.582914646228477,13,14,100-300:300-600,False,True,,2459,99.94996664442962
405,2026-10-07T04:41:26.785+00:00,2026-10-07T04:42:28.436+00:00,2026-10-07T04:43:45.955+00:00,True,1245,1245.0,,1245.0,61650.701177,139169.397369,139169.39742,111.78264853012048,20.55009,61650.701177,1745.681261860866,129.1598854,62.31406446302251,26.70838832185688,8.945932249019881,13,14,1-100:1000-1500,False,True,,5662,99.94996664442962
406,2026-10-07T04:41:31.461+00:00,2026-10-07T04:42:33.010+00:00,2026-10-07T04:42:55.817+00:00,True,376,376.0,,376.0,61549.504395,84356.881803,84356.881626,224.35340857978724,23.774643,61549.504395,3171.1371472371266,130.69271125,60.819673088,25.262141289878237,4.457253420984419,13,14,100-300:300-600,False,True,,2189,99.94996664442962
407,2026-10-07T04:41:34.902+00:00,2026-10-07T04:42:36.438+00:00,2026-10-07T04:42:59.343+00:00,True,376,376.0,,376.0,61535.889579999995,84441.05207599999,84441.052285,224.5772667154255,23.440717,61535.889579999995,3170.425735524509,129.24157749999998,61.080433322666664,25.7783187092915,4.452810460741139,13,14,100-300:300-600,False,True,,1748,99.94996664442962
408,2026-10-07T04:41:38.724+00:00,2026-10-07T04:42:40.224+00:00,2026-10-07T04:43:44.526+00:00,True,1035,1035.0,,1035.0,61499.356703000005,125801.522463,125801.522588,121.54736481932368,22.235367999999998,61499.356703000005,1909.8674025478954,129.65850709999998,62.18778119922631,26.63499023124137,8.227245423873214,13,14,1-100:1000-1500,False,True,,5080,99.94996664442962
409,2026-10-07T04:41:42.189+00:00,2026-10-07T04:42:44.385+00:00,2026-10-07T04:43:05.757+00:00,True,347,347.0,,347.0,62196.630046,83567.853086,83567.853085,240.82954779538903,22.883093000000002,62196.630046,3335.678031022505,129.8992051,61.766540578034686,26.35187218687026,4.152314403038462,13,14,100-300:300-600,False,True,,1483,99.94996664442962
410,2026-10-07T04:41:44.961+00:00,2026-10-07T04:42:48.126+00:00,2026-10-07T04:43:21.327+00:00,True,542,542.0,,542.0,63164.870563000004,96365.991843,96365.991853,177.7970329391144,19.848055,63164.870563000004,2710.6492781823963,128.10183435,61.36990994454713,25.723563711026703,5.624390821224872,13,14,100-300:300-600,False,True,,2706,99.94996664442962
411,2026-10-07T04:41:49.641+00:00,2026-10-07T04:42:52.509+00:00,2026-10-07T04:43:13.259+00:00,True,340,340.0,,340.0,62867.964158,83617.826814,83617.826896,245.9347849882353,27.086479999999998,62867.964158,3406.273786848878,127.72157845000001,61.20903438348083,26.04118970898762,4.066118589236935,13,14,100-300:300-600,False,True,,1463,99.94996664442962
412,2026-10-07T04:41:53.407+00:00,2026-10-07T04:42:56.541+00:00,2026-10-07T04:43:19.978+00:00,True,382,382.0,,382.0,63134.490526,86571.223966,86571.224024,226.62624090052356,42.377587,63134.490526,3227.198721368669,128.89046324999998,61.51373606299212,26.003584675155317,4.412551682878213,13,14,100-300:300-600,False,True,,1007,99.94996664442962
413,2026-10-07T04:41:56.839+00:00,2026-10-07T04:42:59.583+00:00,2026-10-07T04:43:27.591+00:00,True,457,457.0,,457.0,62743.607759000006,90751.852495,90751.852471,198.58173407221008,43.562758,62743.607759000006,2932.2654455620736,129.410845,61.42158933333334,26.161295723959675,5.0357098773843605,13,14,100-300:300-600,False,True,,1908,99.94996664442962
414,2026-10-07T04:42:00.066+00:00,2026-10-07T04:43:01.312+00:00,2026-10-07T04:43:20.667+00:00,True,321,321.0,,321.0,61245.82134,80601.632156,80601.632087,251.0954270623053,42.751207,61245.82134,3415.1247104339704,128.077822,60.486908799999995,25.155845488702813,3.9825496260264583,13,14,100-300:300-600,False,True,,1696,99.94996664442962
415,2026-10-07T04:42:04.276+00:00,2026-10-07T04:43:08.121+00:00,2026-10-07T04:43:45.154+00:00,True,588,588.0,,588.0,63845.047732,100877.903028,100877.903024,171.56105956462585,42.783157,63845.047732,2630.4626898296465,127.9062643,63.088339516183986,27.066303907675348,5.828828537769989,13,14,100-300:300-600,False,True,,2674,99.94996664442962
416,2026-10-07T04:42:07.812+00:00,2026-10-07T04:43:12.088+00:00,2026-10-07T04:44:27.271+00:00,True,1227,1227.0,,1227.0,64275.99579,139458.718094,139458.718095,113.65828695599022,39.045112,64275.99579,1833.3939235782718,126.9826335,61.323590786296904,26.047515907854446,8.79830258566524,13,14,1-100:1000-1500,False,True,,5292,99.94996664442962
417,2026-10-07T04:42:11.919+00:00,2026-10-07T04:43:15.930+00:00,2026-10-07T04:43:35.729+00:00,True,308,308.0,,308.0,64010.898092,83809.413036,83809.412987,272.108483724026,45.058832,64010.898092,3643.7973216145424,133.3629171,64.49027669055374,28.68894032367162,3.6750048573625,13,14,100-300:300-600,False,True,,1585,99.94996664442962
418,2026-10-07T04:42:14.590+00:00,2026-10-07T04:43:19.569+00:00,2026-10-07T04:43:45.441+00:00,True,407,407.0,,407.0,64979.386145000004,90850.830113,90850.82996300001,223.22071243980346,42.042729,64979.386145000004,3217.870840477418,130.2534624,63.72276839408867,27.92485414663389,4.479871009365292,13,14,100-300:300-600,False,True,,2027,99.94996664442962
419,2026-10-07T04:42:17.637+00:00,2026-10-07T04:43:22.129+00:00,2026-10-07T04:44:37.245+00:00,True,1228,1228.0,,1228.0,64492.034493,139607.681981,139607.681899,113.68703737703584,39.495525,64492.034493,1838.815752750246,126.31111485,61.21894660798696,26.11600710598144,8.796077569478772,13,14,1-100:1000-1500,False,True,,3926,99.94996664442962
420,2026-10-07T04:42:22.238+00:00,2026-10-07T04:43:28.079+00:00,2026-10-07T04:43:53.041+00:00,True,403,403.0,,403.0,65841.481645,90803.614893,90803.614761,225.31914332754343,40.69294,65841.481645,3276.8154087407243,127.6960085,62.094858825870645,26.975337391737803,4.438149301378386,13,14,100-300:300-600,False,True,,1268,99.94996664442962
421,2026-10-07T04:42:26.399+00:00,2026-10-07T04:43:31.195+00:00,2026-10-07T04:44:59.072+00:00,True,1443,1443.0,,1443.0,64796.131241999996,152673.828266,152673.82819,105.80306873873873,38.900242,64796.131241999996,1704.3422409861764,126.5404075,60.941537464632454,25.752536868317847,9.45152169424805,13,14,1-100:1000-1500,False,True,,6069,99.94996664442962
422,2026-10-07T04:42:30.431+00:00,2026-10-07T04:43:34.561+00:00,2026-10-07T04:44:03.394+00:00,True,483,483.0,,483.0,64129.597374,92962.61753399999,92962.617483,192.46918733540372,41.313462,64129.597374,2915.378933251554,124.13013380000001,59.819543900414935,24.543496049643664,5.1956368356705145,13,14,100-300:300-600,False,True,,1989,99.94996664442962
423,2026-10-07T04:42:34.054+00:00,2026-10-07T04:43:37.375+00:00,2026-10-07T04:44:57.528+00:00,True,1327,1327.0,,1327.0,63321.078365,143474.379613,143474.379566,108.11935159457423,40.786124,63321.078365,1736.7755893094673,125.7728606,60.44743683861237,25.189657535659194,9.249038076201325,13,14,1-100:1000-1500,False,True,,4205,99.94996664442962
424,2026-10-07T04:42:37.010+00:00,2026-10-07T04:43:39.105+00:00,2026-10-07T04:44:09.662+00:00,True,508,508.0,,508.0,62095.058193000004,92651.60398500001,92651.60399,182.38504722440945,41.026576,62095.058193000004,2752.4678162460345,124.73069944999999,60.269321088757394,25.633718576142225,5.48290561793451,13,14,100-300:300-600,False,True,,1929,99.94996664442962
425,2026-10-07T04:42:40.164+00:00,2026-10-07T04:43:44.043+00:00,2026-10-07T04:44:07.524+00:00,True,392,392.0,,392.0,63879.474653,87360.088029,87360.08809199999,222.85736758163264,37.791362,63879.474653,3223.46620700015,125.2005031,60.05271963171356,25.24892244827737,4.487174965641883,13,14,100-300:300-600,False,True,,2029,99.94996664442962
426,2026-10-07T04:42:44.518+00:00,2026-10-07T04:43:47.382+00:00,2026-10-07T04:44:15.202+00:00,True,463,463.0,,463.0,62864.138687,90684.16505499999,90684.165117,195.8621276825054,41.709525,62864.138687,2918.8541776738075,124.029161,60.21650729004329,25.181419153731948,5.105632275703154,13,14,100-300:300-600,False,True,,2409,99.94996664442962
427,2026-10-07T04:42:49.402+00:00,2026-10-07T04:43:53.893+00:00,2026-10-07T04:44:24.831+00:00,True,519,519.0,,519.0,64490.763875,95428.887139,95428.887083,183.8706880211946,40.114065000000004,64490.763875,2828.3126321543577,124.00075280000001,59.72610668725869,24.27482375615098,5.4386047617220346,13,14,100-300:300-600,False,True,,2836,99.94996664442962
428,2026-10-07T04:42:53.228+00:00,2026-10-07T04:43:57.449+00:00,2026-10-07T04:44:19.997+00:00,True,375,375.0,,375.0,64220.601729,86769.419137,86769.419196,231.385117856,40.187338000000004,64220.601729,3313.321858810096,125.67392009999999,60.290955636363634,25.472827566743664,4.321799128422348,13,14,100-300:300-600,False,True,,1843,99.94996664442962
429,2026-10-07T04:42:56.168+00:00,2026-10-07T04:44:00.712+00:00,2026-10-07T04:44:20.425+00:00,True,328,328.0,,328.0,64543.986764,84257.151564,84257.151689,256.88156002743904,38.283935,64543.986764,3560.606111879,124.91649465,60.28490764525994,25.257506305792674,3.8928446299404977,13,14,100-300:300-600,False,True,,1567,99.94996664442962
430,2026-10-07T04:43:00.786+00:00,2026-10-07T04:44:05.137+00:00,2026-10-07T04:44:38.896+00:00,True,557,557.0,,557.0,64350.711722,98110.01873000001,98110.018793,176.14006964631957,41.797536,64350.711722,2724.1717450567407,125.72323259999999,60.71817807194245,25.3020068109918,5.677299904843265,13,14,100-300:300-600,False,True,,2262,99.94996664442962
431,2026-10-07T04:43:03.547+00:00,2026-10-07T04:44:08.056+00:00,2026-10-07T04:44:32.006+00:00,True,401,401.0,,401.0,64508.431356,88459.17746800001,88459.177493,220.5964526009975,41.438012,64508.431356,3218.5024857414796,124.817519,59.876865280000004,24.79334906471878,4.533164466118411,13,14,100-300:300-600,False,True,,1881,99.94996664442962
432,2026-10-07T04:43:06.957+00:00,2026-10-07T04:44:09.804+00:00,2026-10-07T04:44:42.857+00:00,True,549,549.0,,549.0,62846.647997,95900.145853,95900.14575,174.68150409836065,40.997938000000005,62846.647997,2679.7738238533952,125.28869180000001,60.316601927007305,25.223967498960842,5.724704536336489,13,14,100-300:300-600,False,True,,2915,99.94996664442962
433,2026-10-07T04:43:10.031+00:00,2026-10-07T04:44:12.126+00:00,2026-10-07T04:45:33.086+00:00,True,1336,1336.0,,1336.0,62095.196741,143054.607173,143054.607185,107.07680178517964,20.178293,62095.196741,1697.376929942869,126.4842925,60.643753132584266,25.2091645889828,9.339091039440186,13,14,1-100:1000-1500,False,True,,1337,99.94996664442962
434,2026-10-07T04:43:12.904+00:00,2026-10-07T04:44:16.803+00:00,2026-10-07T04:45:24.264+00:00,True,1114,1114.0,,1114.0,63899.623586,131360.340386,131360.340369,117.9177202594255,18.915727,63899.623586,1912.851014782628,126.55911615000001,60.611605390835585,25.175778421378514,8.480489596224638,13,14,1-100:1000-1500,False,True,,5887,99.94996664442962
435,2026-10-07T04:43:17.263+00:00,2026-10-07T04:44:20.104+00:00,2026-10-07T04:44:46.791+00:00,True,441,441.0,,441.0,62841.221398999995,89527.968023,89527.967848,203.01126496145125,43.052558,62841.221398999995,2989.658227987404,129.090667,60.65169687272728,25.356835542421663,4.925835018244866,13,14,100-300:300-600,False,True,,1494,99.94996664442962
436,2026-10-07T04:43:20.616+00:00,2026-10-07T04:44:24.951+00:00,2026-10-07T04:44:59.933+00:00,True,569,569.0,,569.0,64334.319587,99316.709859,99316.709939,174.54606316168716,21.292973000000003,64334.319587,2694.5876710693174,130.7929664,61.588715267605636,26.958949335534772,5.729146694527131,13,14,100-300:300-600,False,True,,2228,99.94996664442962
437,2026-10-07T04:43:25.299+00:00,2026-10-07T04:44:29.324+00:00,2026-10-07T04:44:54.732+00:00,True,417,417.0,,417.0,64025.762504,89433.284808,89433.284909,214.46830913429255,43.451224,64025.762504,3132.472196762346,130.0256638,61.07577476923077,26.04423322651326,4.662693547433007,13,14,100-300:300-600,False,True,,2071,99.94996664442962
438,2026-10-07T04:43:29.005+00:00,2026-10-07T04:44:32.101+00:00,2026-10-07T04:45:55.542+00:00,True,1374,1374.0,,1374.0,63095.876024,146537.242808,146537.24273199998,106.65010388064046,0.011141,63095.876024,1704.1123123398474,126.45257614999998,60.773027519300804,110.18792724127987,9.376455934825248,13,14,1-100:1000-1500,False,True,,4956,99.94996664442962
439,2026-10-07T04:43:31.675+00:00,2026-10-07T04:44:35.348+00:00,2026-10-07T04:45:06.039+00:00,True,502,502.0,,502.0,63673.089946,94363.99554599999,94363.995646,187.9760869442231,20.850883000000003,63673.089946,2839.2529508399252,127.53120214999998,61.25929261477046,25.91157337776224,5.31982560822457,13,14,100-300:300-600,False,True,,2696,99.94996664442962
440,2026-10-07T04:43:35.093+00:00,2026-10-07T04:44:38.373+00:00,2026-10-07T04:44:58.581+00:00,True,331,331.0,,331.0,63280.828449,83488.363041,83488.36316,252.23070441087614,42.768615,63280.828449,3474.9614140307244,129.36428,61.23495330909091,26.176034201557734,3.964624385286491,13,14,100-300:300-600,False,True,,1583,99.94996664442962
441,2026-10-07T04:43:38.091+00:00,2026-10-07T04:44:40.076+00:00,2026-10-07T04:46:11.086+00:00,True,1499,1499.0,,1499.0,61984.922544,152995.100848,152995.100946,102.06477714876584,0.011191000000000001,61984.922544,1602.769499538279,127.2490827,60.75445814686248,103.77921172814182,9.79769934913962,13,14,1-100:1000-1500,False,True,,2391,99.94996664442962
442,2026-10-07T04:43:42.443+00:00,2026-10-07T04:44:45.303+00:00,2026-10-07T04:45:15.623+00:00,True,501,501.0,,501.0,62859.813181000005,93179.94450900001,93179.944419,185.98791301197605,22.625078000000002,62859.813181000005,2805.7729528655937,125.480722,60.640262656000004,25.186322233747394,5.376693478837709,13,14,100-300:300-600,False,True,,1301,99.94996664442962
443,2026-10-07T04:43:46.015+00:00,2026-10-07T04:44:48.511+00:00,2026-10-07T04:46:02.948+00:00,True,1222,1222.0,,1222.0,62495.922133,136932.802517,136932.802563,112.05630324304418,0.011522000000000001,62495.922133,1789.6828387616897,126.91905075000001,60.963865998361996,114.1102206780466,8.924085226754126,13,14,1-100:1000-1500,False,True,,3871,99.94996664442962
444,2026-10-07T04:43:49.198+00:00,2026-10-07T04:44:52.514+00:00,2026-10-07T04:45:23.065+00:00,True,501,501.0,,501.0,63316.451629,93867.430189,93867.430287,187.36014029341317,24.565115000000002,63316.451629,2826.1585797132298,127.260447,61.101957119999994,25.848413004131196,5.337314540211099,13,14,100-300:300-600,False,True,,2411,99.94996664442962
445,2026-10-07T04:43:52.581+00:00,2026-10-07T04:44:55.939+00:00,2026-10-07T04:45:26.657+00:00,True,505,505.0,,505.0,63358.632840000006,94075.923592,94075.923651,186.2889577247525,20.327443,63358.632840000006,2816.823264514005,125.69060540000002,60.94700546031746,25.279685148186857,5.368004700013851,13,14,100-300:300-600,False,True,,2392,99.94996664442962
446,2026-10-07T04:43:55.804+00:00,2026-10-07T04:44:58.239+00:00,2026-10-07T04:46:21.678+00:00,True,1376,1376.0,,1376.0,62435.275174,145874.113958,145874.113819,106.01316411264536,0.011442,62435.275174,1684.9523354958246,126.89571375000001,60.68279184290909,107.74653773032021,9.43279079930643,13,14,1-100:1000-1500,False,True,,5274,99.94996664442962
447,2026-10-07T04:44:00.006+00:00,2026-10-07T04:45:01.576+00:00,2026-10-07T04:45:30.779+00:00,True,483,483.0,,483.0,61570.039149,90773.417837,90773.417959,187.93668314492754,41.701297,61570.039149,2798.8853340355504,124.88867309999999,60.58792258921162,24.657936371971434,5.320940992519565,13,14,100-300:300-600,False,True,,2333,99.94996664442962
448,2026-10-07T04:44:03.126+00:00,2026-10-07T04:45:04.781+00:00,2026-10-07T04:45:25.912+00:00,True,349,349.0,,349.0,61655.618205,82786.460573,82786.460636,237.21048892836677,40.756364999999995,61655.618205,3297.1965891640048,126.945359,60.72081140229885,25.36986647326303,4.215665189505915,13,14,100-300:300-600,False,True,,1571,99.94996664442962
449,2026-10-07T04:44:07.223+00:00,2026-10-07T04:45:09.378+00:00,2026-10-07T04:46:23.365+00:00,True,1220,1220.0,,1220.0,62154.744568999995,136141.654777,136141.654639,111.59152019590164,0.011602,62154.744568999995,1781.4401225751408,126.7808348,60.69475816899098,114.68921718287262,8.961254378745137,13,14,1-100:1000-1500,False,True,,4261,99.94996664442962
450,2026-10-07T04:44:11.551+00:00,2026-10-07T04:45:13.755+00:00,2026-10-07T04:46:36.381+00:00,True,1360,1360.0,,1360.0,62203.989132,144829.88071599999,144829.880773,106.49255939191177,0.013385,62203.989132,1688.687152429362,126.28039975000002,60.79903722148639,110.14533371835853,9.39032741915222,13,14,1-100:1000-1500,False,True,,1360,99.94996664442962
451,2026-10-07T04:44:14.609+00:00,2026-10-07T04:45:16.598+00:00,2026-10-07T04:46:31.584+00:00,True,1237,1237.0,,1237.0,61989.057684,136974.46466,136974.464707,110.73117599595797,0.011291,61989.057684,1764.3816815506573,127.70906760000001,60.66780499676375,112.73440066361366,9.030880340145876,13,14,1-100:1000-1500,False,True,,1855,99.94996664442962
452,2026-10-07T04:44:19.194+00:00,2026-10-07T04:45:21.662+00:00,2026-10-07T04:45:44.338+00:00,True,375,375.0,,375.0,62467.813851000006,85144.684251,85144.684487,227.05249196533336,0.011371000000000001,62467.813851000006,3229.14225255012,125.24210459999999,60.63334331550802,204.25825486246498,4.404267903496227,13,14,100-300:300-600,False,True,,1735,99.94996664442962
453,2026-10-07T04:44:23.861+00:00,2026-10-07T04:45:25.808+00:00,2026-10-07T04:45:47.725+00:00,True,367,367.0,,367.0,61947.261732,83864.50435599999,83864.504376,228.51363590190735,0.011241,61947.261732,3237.1767889042367,124.62135519999998,59.88317656830601,208.1703369416167,4.376106468621172,13,14,100-300:300-600,False,True,,1857,99.94996664442962
454,2026-10-07T04:44:26.803+00:00,2026-10-07T04:45:28.371+00:00,2026-10-07T04:46:43.417+00:00,True,1232,1232.0,,1232.0,61567.854637000004,136613.984045,136613.98399500002,110.88797402191558,0.011502,61567.854637000004,1756.2112737553475,127.1785814,60.963549478472785,116.58874058446517,9.018110470990914,13,14,1-100:1000-1500,False,True,,2709,99.94996664442962
455,2026-10-07T04:44:30.014+00:00,2026-10-07T04:45:31.281+00:00,2026-10-07T04:46:56.176+00:00,True,1394,1394.0,,1394.0,61266.704431,146162.043439,146162.043513,104.85082031061692,0.011191000000000001,61266.704431,1642.982314393221,127.6052348,60.94424910839914,109.8384363612227,9.537359817918658,13,14,1-100:1000-1500,False,True,,5373,99.94996664442962
456,2026-10-07T04:44:33.670+00:00,2026-10-07T04:45:34.605+00:00,2026-10-07T04:46:08.134+00:00,True,554,554.0,,554.0,60934.413122,94463.913026,94463.91297399999,170.51247829241876,0.011371000000000001,60934.413122,2591.9509423939485,127.4856224,60.6320070596745,171.53172468993193,5.864673421346821,13,14,100-300:300-600,False,True,,2325,99.94996664442962
457,2026-10-07T04:44:37.343+00:00,2026-10-07T04:45:40.181+00:00,2026-10-07T04:46:16.360+00:00,True,598,598.0,,598.0,62838.559103,99017.248895,99017.24893,165.58068382943145,0.011952,62838.559103,2567.3213604684875,128.67212245000002,60.60082042211055,26.808400265628638,6.039351796515089,13,14,100-300:300-600,False,True,,2110,99.94996664442962
458,2026-10-07T04:44:40.498+00:00,2026-10-07T04:45:43.881+00:00,2026-10-07T04:46:14.525+00:00,True,500,500.0,,500.0,63382.940379,94026.463707,94026.463737,188.052927474,40.251326999999996,63382.940379,2831.9464917367395,128.3841691,61.40986638877755,26.265219590064508,5.317651864033428,13,14,100-300:300-600,False,True,,902,99.94996664442962
459,2026-10-07T04:44:43.548+00:00,2026-10-07T04:45:45.775+00:00,2026-10-07T04:46:48.340+00:00,True,1022,1022.0,,1022.0,62227.445269,124792.098581,124792.098591,122.10577161545989,40.978772,62227.445269,1944.7644905102989,127.8928931,61.27781911067581,25.863072283261296,8.189621070733422,13,14,1-100:1000-1500,False,True,,3575,99.94996664442962
460,2026-10-07T04:44:46.533+00:00,2026-10-07T04:45:48.392+00:00,2026-10-07T04:47:08.535+00:00,True,1363,1363.0,,1363.0,61858.148475,142001.345403,142001.345299,104.18293859060896,40.258823,61858.148475,1674.0981503895252,126.9002705,58.842288493392076,24.172779277347125,9.598500606679494,13,14,1-100:1000-1500,False,True,,7239,99.94996664442962
461,2026-10-07T04:44:50.773+00:00,2026-10-07T04:45:52.991+00:00,2026-10-07T04:46:24.482+00:00,True,516,516.0,,516.0,62218.638452,93709.161076,93709.160934,181.60690103488372,40.712873,62218.638452,2736.4520616691884,127.14911650000002,61.146645871844655,25.76498593076064,5.506398670899569,13,14,100-300:300-600,False,True,,2893,99.94996664442962
462,2026-10-07T04:44:53.565+00:00,2026-10-07T04:45:55.700+00:00,2026-10-07T04:46:14.076+00:00,True,300,300.0,,300.0,62135.145211999996,80511.608828,80511.608884,268.3720296133333,42.32815,62135.145211999996,3583.923234181439,127.7350989,61.45974453511706,26.45746420572178,3.7261707270177817,13,14,100-300:300-600,False,True,,1317,99.94996664442962
463,2026-10-07T04:44:56.848+00:00,2026-10-07T04:45:59.789+00:00,2026-10-07T04:46:22.405+00:00,True,371,371.0,,371.0,62940.636333999995,85557.06410999999,85557.064229,230.61203296226412,42.479624,62940.636333999995,3264.6474316274907,128.7825495,61.12548047567567,26.329263398033863,4.336287176977092,13,14,100-300:300-600,True,True,,1673,99.94996664442962
464,2026-10-07T04:45:01.463+00:00,2026-10-07T04:46:02.942+00:00,2026-10-07T04:46:32.419+00:00,True,490,490.0,,490.0,61479.017329,90955.110257,90955.110223,185.6226739244898,43.377598,61479.017329,2774.729966468766,127.40368819999999,60.27830864621677,25.19567425836756,5.387272893358833,13,14,100-300:300-600,True,True,,2221,99.94996664442962
465,2026-10-07T04:45:05.216+00:00,2026-10-07T04:46:07.474+00:00,2026-10-07T04:46:28.162+00:00,True,343,343.0,,343.0,62258.618461000005,82946.45359700001,82946.453454,241.826394909621,43.590464999999995,62258.618461000005,3358.477126749184,126.6499296,60.490746011695904,25.151231981312527,4.13519789123818,13,14,100-300:300-600,True,True,,1640,99.94996664442962
466,2026-10-07T04:45:08.283+00:00,2026-10-07T04:46:10.933+00:00,2026-10-07T04:46:41.086+00:00,True,496,496.0,,496.0,62650.176037,92803.079205,92803.079093,187.1029820423387,39.501866,62650.176037,2810.4579289398785,127.6997355,60.91495589494949,25.686093974709365,5.344650244894856,13,14,100-300:300-600,True,True,,1668,99.94996664442962
467,2026-10-07T04:45:12.831+00:00,2026-10-07T04:46:15.503+00:00,2026-10-07T04:47:16.859+00:00,True,1107,1107.0,,1107.0,62672.470003,124028.357619,124028.35748400001,112.04006999457995,38.112252,62672.470003,1882.1187825840905,114.21432069999999,55.47548609041591,21.616808723086415,8.92537820585006,13,14,1-100:1000-1500,True,True,,4801,99.94996664442962
468,2026-10-07T04:45:17.621+00:00,2026-10-07T04:46:21.835+00:00,2026-10-07T04:47:16.899+00:00,True,1004,1004.0,,1004.0,64213.440431,119278.354863,119278.354712,118.8031421434263,34.914498,64213.440431,2024.9342658541113,113.34840135,54.900213790628115,20.9907564429611,8.417285777903025,13,14,1-100:1000-1500,True,True,,3510,99.94996664442962
469,2026-10-07T04:45:21.771+00:00,2026-10-07T04:46:24.331+00:00,2026-10-07T04:47:27.815+00:00,True,1257,1257.0,,1257.0,62559.644092,126043.66329200001,126043.663388,100.27339967223548,0.012173,62559.644092,1763.2298245103455,105.8811822,50.54460127388535,21.84930749215688,9.972734583950972,13,14,1-100:1000-1500,True,True,,1257,99.94996664442962
470,2026-10-07T04:45:26.192+00:00,2026-10-07T04:46:28.912+00:00,2026-10-07T04:47:28.585+00:00,True,1201,1201.0,,1201.0,62719.88734,122393.537004,122393.53697,101.90968940049959,0.012834,62719.88734,1808.5050188962575,105.58632399999999,49.72804138666666,21.414719430389308,9.812609631182973,13,14,1-100:1000-1500,True,True,,3093,99.94996664442962
471,2026-10-07T04:45:29.439+00:00,2026-10-07T04:46:32.682+00:00,2026-10-07T04:47:32.285+00:00,True,1240,1240.0,,1240.0,63243.345935000005,122845.590799,122845.590955,99.06902496370968,0.012574,63243.345935000005,1794.7487959996506,101.83948925,48.10512095560936,21.15238212337561,10.093972375686553,13,14,1-100:1000-1500,True,True,,4609,99.94996664442962
472,2026-10-07T04:45:32.917+00:00,2026-10-07T04:46:36.560+00:00,2026-10-07T04:47:03.287+00:00,True,459,459.0,,459.0,63642.037935,90369.628847,90369.629008,196.88372332897603,39.737796,63642.037935,2967.92682103471,124.45528410000001,58.357185397379915,23.742471967896325,5.079140036937724,13,14,100-300:300-600,True,True,,2248,99.94996664442962
473,2026-10-07T04:45:36.051+00:00,2026-10-07T04:46:39.964+00:00,2026-10-07T04:47:01.179+00:00,True,360,360.0,,360.0,63912.909519,85128.110031,85128.109986,236.46697218333333,42.217844,63912.909519,3365.476248441265,124.33790255,59.09526605013928,23.916254154172975,4.228920386801768,13,14,100-300:300-600,True,True,,1735,99.94996664442962
474,2026-10-07T04:45:40.064+00:00,2026-10-07T04:46:41.699+00:00,2026-10-07T04:47:37.580+00:00,True,1251,1251.0,,1251.0,61635.241777,117516.52305700001,117516.522914,93.93806787689849,0.012985,61635.241777,1741.4988219149725,73.3938025,44.705025023999994,23.000599823107237,10.645311548174524,13,14,1-100:1000-1500,True,True,,3335,99.94996664442962
475,2026-10-07T04:45:43.287+00:00,2026-10-07T04:46:44.862+00:00,2026-10-07T04:47:13.136+00:00,True,548,548.0,,548.0,61575.953121,89849.53494499999,89849.535071,163.9590056040146,42.332178,61575.953121,2628.2377734704837,98.5740028,51.68844940402194,16.458704049498806,6.099085547136664,13,14,100-300:300-600,True,True,,1802,99.94996664442962
476,2026-10-07T04:45:48.160+00:00,2026-10-07T04:46:51.666+00:00,2026-10-07T04:47:39.768+00:00,True,1145,1145.0,,1145.0,63506.192792,111607.87804000001,111607.87803,97.4741292838428,0.012414,63506.192792,1875.686075498162,62.095224599999995,42.04692766433566,23.637539806486306,10.259132420648966,13,14,1-100:1000-1500,True,True,,2100,99.94996664442962
477,2026-10-07T04:45:51.589+00:00,2026-10-07T04:46:55.480+00:00,2026-10-07T04:47:19.617+00:00,True,525,525.0,,525.0,63891.01407,88027.59007,88027.590227,167.67160043238096,35.405952,63891.01407,2786.439183479165,51.01852639999999,46.0621679389313,9.754775201211846,5.964039224321798,13,14,100-300:300-600,True,True,,2626,99.94996664442962
